数据/3_resilience_value/res_2h_150y.asc
ncols         694
nrows         824
xllcorner     581104.93980083
yllcorner     3495917.0924138
cellsize      2
NODATA_value  -9999
[rows 442 to 475 of 824, columns 462 to 538 of 694]
1.000 0.787 0.795 0.804 0.812 0.820 0.828 0.836 0.843 0.851 0.858 0.871 0.885 0.900 0.915 0.929 0.942 0.955 0.968 0.981 0.992 0.999 1.000 1.000 1.000 1.000 1.000 1.000 1.000 1.000 1.000 1.000 1.000 1.000 1.000 1.000 1.000 1.000 1.000 1.000 1.000 1.000 1.000 1.000 1.000 1.000 1.000 0.998 0.996 0.994 0.989 0.978 0.969 0.954 0.000 0.000 0.000 0.000 0.000 0.000 0.000 1.000 1.000 1.000 0.999 0.998 0.998 1.000 1.000 1.000 1.000 1.000 1.000 1.000 1.000 1.000 1.000
1.000 1.000 1.000 1.000 0.799 0.807 0.815 0.823 0.830 0.839 0.854 0.869 0.884 0.898 0.913 0.926 0.940 0.954 0.966 0.979 0.991 0.998 1.000 1.000 1.000 1.000 1.000 1.000 1.000 1.000 1.000 1.000 1.000 1.000 1.000 1.000 1.000 1.000 1.000 1.000 1.000 1.000 1.000 1.000 1.000 1.000 1.000 0.997 0.995 0.992 0.987 0.981 0.971 0.956 0.000 0.000 0.000 0.000 0.000 0.000 0.000 1.000 1.000 1.000 0.999 0.998 0.998 0.974 1.000 1.000 1.000 1.000 1.000 1.000 1.000 1.000 1.000
1.000 1.000 1.000 1.000 1.000 1.000 1.000 0.810 0.822 0.837 0.852 0.867 0.881 0.896 0.910 0.924 0.938 0.951 0.964 0.977 0.989 0.998 1.000 1.000 1.000 1.000 1.000 1.000 1.000 1.000 1.000 1.000 1.000 1.000 1.000 1.000 1.000 1.000 1.000 1.000 1.000 1.000 1.000 1.000 1.000 1.000 1.000 0.996 0.994 0.991 0.987 0.980 0.973 0.963 0.000 0.000 0.000 0.000 0.000 0.000 1.000 1.000 1.000 0.999 0.998 0.998 0.998 1.000 1.000 1.000 1.000 1.000 1.000 1.000 1.000 1.000 1.000
0.740 1.000 1.000 1.000 1.000 1.000 1.000 1.000 1.000 0.835 0.850 0.865 0.880 0.894 0.908 0.923 0.936 0.949 0.962 0.974 0.987 0.997 1.000 1.000 1.000 1.000 1.000 1.000 1.000 1.000 1.000 1.000 1.000 1.000 1.000 1.000 1.000 1.000 1.000 1.000 1.000 1.000 1.000 1.000 1.000 1.000 0.998 0.996 0.994 0.992 0.988 0.981 0.975 0.969 0.000 0.000 0.000 0.000 0.000 0.000 1.000 1.000 1.000 0.999 0.998 0.998 0.998 1.000 1.000 1.000 1.000 1.000 1.000 1.000 1.000 1.000 1.000
0.726 0.734 0.742 0.750 1.000 1.000 1.000 1.000 1.000 0.833 0.848 0.863 0.878 0.892 0.907 0.921 0.935 0.948 0.961 0.973 0.985 0.995 1.000 1.000 1.000 1.000 1.000 1.000 1.000 1.000 1.000 1.000 1.000 1.000 1.000 1.000 1.000 1.000 1.000 1.000 1.000 1.000 1.000 1.000 1.000 1.000 0.996 0.994 0.992 0.989 0.983 0.975 0.968 0.968 0.000 0.000 0.000 0.000 0.000 0.000 1.000 1.000 1.000 0.999 0.998 0.997 1.000 1.000 1.000 1.000 1.000 1.000 1.000 1.000 1.000 1.000 1.000
0.713 0.720 0.728 0.737 0.750 0.765 0.781 1.000 0.816 0.831 0.846 0.862 0.876 0.891 0.905 0.919 0.933 0.947 0.960 0.971 0.983 0.994 1.000 1.000 1.000 1.000 1.000 1.000 1.000 1.000 1.000 1.000 1.000 1.000 1.000 1.000 1.000 1.000 1.000 1.000 1.000 1.000 1.000 1.000 1.000 1.000 0.995 0.993 0.989 0.984 0.977 0.966 0.953 0.000 0.000 0.000 0.000 0.000 0.000 0.000 1.000 1.000 1.000 0.999 0.998 0.997 1.000 1.000 1.000 1.000 1.000 1.000 1.000 1.000 1.000 1.000 1.000
0.699 0.707 0.716 0.731 0.747 0.762 0.780 0.796 0.812 0.828 0.844 0.859 0.875 0.890 0.904 0.917 0.931 0.945 0.958 1.000 1.000 1.000 1.000 1.000 1.000 1.000 1.000 1.000 1.000 1.000 1.000 1.000 1.000 1.000 1.000 1.000 1.000 1.000 1.000 1.000 1.000 1.000 1.000 1.000 1.000 0.997 0.994 0.991 0.987 0.981 0.972 0.960 0.943 0.000 0.000 0.000 0.000 0.000 0.000 1.000 1.000 1.000 0.999 0.998 0.998 0.996 1.000 1.000 1.000 1.000 1.000 1.000 1.000 1.000 1.000 1.000 1.000
0.687 0.697 0.712 0.729 0.744 0.761 0.777 0.794 0.810 0.826 0.842 0.858 0.873 0.888 0.902 0.915 0.929 0.943 0.956 1.000 1.000 1.000 1.000 1.000 1.000 1.000 1.000 1.000 1.000 1.000 1.000 1.000 1.000 1.000 1.000 1.000 1.000 1.000 1.000 1.000 1.000 1.000 1.000 1.000 1.000 0.995 0.993 0.989 0.984 0.978 0.967 0.955 0.940 0.000 0.000 0.000 0.000 0.000 0.000 1.000 1.000 1.000 0.999 0.998 0.998 0.996 1.000 1.000 1.000 1.000 1.000 1.000 1.000 1.000 1.000 1.000 1.000
1.000 1.000 0.710 0.726 0.742 0.758 0.775 0.791 0.807 0.824 0.840 0.855 0.871 0.885 0.899 0.913 0.927 0.940 0.955 0.969 0.984 0.995 1.000 1.000 1.000 1.000 1.000 1.000 1.000 1.000 1.000 1.000 1.000 1.000 1.000 1.000 1.000 1.000 1.000 1.000 1.000 1.000 1.000 1.000 0.998 0.994 0.991 0.988 0.982 0.974 0.963 0.950 0.939 0.000 0.000 0.000 0.000 0.000 0.000 1.000 1.000 0.999 0.998 0.998 0.997 0.996 0.994 0.987 1.000 1.000 1.000 1.000 1.000 1.000 0.882 0.861 0.840
1.000 1.000 1.000 1.000 1.000 1.000 0.773 0.788 0.805 0.822 0.838 0.853 0.868 0.883 0.897 0.911 0.924 0.938 0.953 0.968 0.982 0.994 1.000 1.000 1.000 1.000 1.000 1.000 1.000 1.000 1.000 1.000 1.000 1.000 1.000 1.000 1.000 1.000 1.000 1.000 1.000 1.000 1.000 1.000 0.995 0.993 0.990 0.985 0.980 0.971 0.959 0.941 0.000 0.000 0.000 0.000 0.000 0.000 1.000 1.000 1.000 0.999 0.998 0.997 0.997 0.994 1.000 0.992 0.986 0.978 0.964 1.000 1.000 0.906 0.885 0.865 0.844
1.000 1.000 1.000 1.000 1.000 1.000 1.000 1.000 1.000 0.820 0.835 0.851 0.866 0.881 0.894 0.908 0.922 0.936 0.951 0.966 0.981 0.994 1.000 1.000 1.000 1.000 1.000 1.000 1.000 1.000 1.000 1.000 1.000 1.000 1.000 1.000 1.000 1.000 1.000 1.000 1.000 1.000 1.000 0.998 0.994 0.991 0.988 0.983 0.977 0.968 0.956 0.937 0.000 0.000 0.000 0.000 0.000 0.000 1.000 1.000 0.999 0.998 0.998 0.997 0.996 0.994 1.000 1.000 1.000 0.980 0.968 0.950 0.930 0.910 0.889 0.868 1.000
1.000 1.000 1.000 1.000 1.000 1.000 1.000 1.000 1.000 1.000 1.000 1.000 1.000 0.878 0.892 0.905 0.920 0.934 0.949 0.965 0.982 0.995 1.000 1.000 1.000 1.000 1.000 1.000 1.000 1.000 1.000 1.000 1.000 1.000 1.000 1.000 1.000 1.000 1.000 1.000 1.000 1.000 1.000 0.996 0.993 0.990 0.986 0.981 0.975 0.966 0.953 0.937 0.000 0.000 0.000 0.000 0.000 0.000 1.000 1.000 0.998 0.998 0.997 0.996 0.995 1.000 1.000 1.000 0.989 0.981 1.000 1.000 0.934 0.914 0.892 0.872 0.850
1.000 1.000 1.000 1.000 1.000 1.000 1.000 1.000 1.000 1.000 1.000 1.000 1.000 1.000 1.000 1.000 0.918 0.932 0.940 0.948 0.966 0.979 0.986 0.990 0.995 0.996 0.997 0.998 0.998 0.998 0.998 0.998 0.998 0.998 0.998 0.998 0.998 0.998 0.998 0.998 0.999 0.999 0.999 0.993 0.991 0.988 0.984 0.979 0.972 0.962 0.950 0.938 0.000 0.000 0.000 0.000 0.000 0.000 1.000 1.000 0.998 0.998 0.996 0.994 1.000 1.000 1.000 1.000 1.000 1.000 1.000 1.000 0.938 0.917 0.896 0.875 0.853
1.000 1.000 1.000 1.000 1.000 1.000 1.000 1.000 1.000 1.000 1.000 1.000 1.000 1.000 1.000 1.000 1.000 1.000 1.000 1.000 0.935 0.940 0.946 0.957 0.976 0.984 0.987 0.989 0.990 0.991 0.993 0.994 0.994 0.995 0.995 0.996 0.996 0.996 0.996 0.997 0.997 0.997 0.996 0.992 0.989 0.986 0.981 0.977 0.970 0.959 0.943 0.000 0.000 0.000 0.000 0.000 0.000 1.000 1.000 0.998 0.998 0.997 0.995 0.994 1.000 1.000 1.000 1.000 1.000 1.000 1.000 1.000 0.942 0.921 1.000 1.000 1.000
1.000 1.000 1.000 1.000 1.000 1.000 1.000 1.000 1.000 1.000 1.000 1.000 1.000 1.000 1.000 1.000 1.000 1.000 1.000 1.000 1.000 1.000 1.000 1.000 0.963 0.969 0.968 0.978 0.985 0.987 0.990 0.992 0.993 0.993 0.994 0.994 0.994 0.994 0.995 0.995 0.995 0.995 0.990 0.989 0.987 0.984 0.980 0.975 0.967 0.957 0.941 0.000 0.000 0.000 0.000 0.000 0.000 1.000 1.000 0.998 0.998 0.997 0.994 1.000 1.000 1.000 1.000 1.000 1.000 1.000 1.000 1.000 1.000 1.000 1.000 1.000 0.860
1.000 1.000 1.000 1.000 1.000 1.000 1.000 1.000 1.000 1.000 1.000 1.000 1.000 1.000 1.000 1.000 1.000 1.000 1.000 1.000 1.000 1.000 1.000 1.000 1.000 1.000 1.000 0.983 0.986 0.991 0.992 0.993 0.993 0.993 0.994 0.994 0.994 0.994 0.994 0.994 0.995 0.994 0.990 0.988 0.986 0.982 0.978 0.973 0.965 0.954 0.943 0.000 0.000 0.000 0.000 0.000 0.000 1.000 0.998 0.998 0.998 0.996 0.993 0.972 1.000 1.000 1.000 1.000 1.000 1.000 1.000 1.000 1.000 1.000 1.000 1.000 1.000
1.000 1.000 1.000 1.000 1.000 1.000 1.000 1.000 1.000 1.000 1.000 1.000 1.000 1.000 1.000 1.000 1.000 1.000 1.000 1.000 1.000 1.000 1.000 1.000 1.000 1.000 1.000 0.987 0.988 0.992 0.995 0.994 0.994 0.994 0.994 0.994 0.994 0.994 0.994 0.994 0.994 0.990 0.989 0.987 0.985 0.981 0.976 0.970 0.962 0.947 0.000 0.000 0.000 0.000 0.000 0.000 0.000 0.998 0.998 0.998 0.997 0.995 0.994 1.000 1.000 0.998 0.989 1.000 1.000 1.000 1.000 1.000 1.000 1.000 1.000 1.000 0.869
0.998 0.998 1.000 1.000 1.000 1.000 1.000 1.000 1.000 1.000 1.000 1.000 1.000 1.000 1.000 1.000 1.000 1.000 1.000 1.000 1.000 1.000 1.000 1.000 1.000 1.000 1.000 0.990 0.991 0.992 0.994 0.996 0.996 0.995 0.995 0.995 0.994 0.994 0.994 0.994 0.994 0.989 0.987 0.986 0.983 0.979 0.974 0.968 0.959 0.944 0.000 0.000 0.000 0.000 0.000 0.000 1.000 0.998 0.998 0.998 0.996 0.994 1.000 1.000 1.000 1.000 0.993 0.985 1.000 1.000 1.000 1.000 1.000 1.000 1.000 1.000 0.873
0.995 0.996 0.997 0.998 0.998 0.998 1.000 1.000 1.000 1.000 1.000 1.000 1.000 1.000 1.000 1.000 1.000 1.000 1.000 1.000 1.000 1.000 1.000 1.000 1.000 1.000 1.000 0.993 0.992 0.993 0.994 0.995 0.996 0.996 0.996 0.995 0.995 0.995 0.995 0.995 0.993 0.988 0.987 0.985 0.981 0.977 0.972 0.966 0.957 0.945 0.000 0.000 0.000 0.000 0.000 0.000 0.998 0.998 0.998 0.997 0.996 0.993 0.990 0.981 1.000 1.000 0.993 0.990 0.988 0.986 0.980 0.969 1.000 1.000 1.000 0.898 0.877
0.984 0.988 0.990 0.993 0.995 0.997 0.998 0.998 0.998 1.000 1.000 1.000 1.000 1.000 1.000 1.000 1.000 1.000 1.000 1.000 1.000 1.000 1.000 1.000 1.000 1.000 1.000 0.994 0.993 0.993 0.994 0.995 0.996 0.997 0.997 0.997 0.996 0.996 0.996 0.996 0.988 0.986 0.985 0.983 0.980 0.976 0.970 0.965 0.953 0.000 0.000 0.000 0.000 0.000 0.000 0.000 0.998 0.998 0.997 0.996 0.994 0.992 0.990 0.987 0.987 0.988 0.990 0.990 0.989 0.987 0.982 0.974 0.960 1.000 1.000 0.902 0.881
0.962 0.969 0.975 0.980 0.985 0.989 0.992 0.995 0.997 0.998 0.998 0.998 1.000 1.000 1.000 1.000 1.000 1.000 1.000 1.000 1.000 1.000 1.000 1.000 1.000 1.000 1.000 0.995 0.994 0.994 0.994 0.994 0.995 0.996 0.997 0.997 0.997 0.997 0.997 0.995 0.990 0.988 0.985 0.983 0.981 0.975 0.970 0.963 0.951 0.000 0.000 0.000 0.000 0.000 0.000 1.000 0.998 0.998 0.997 0.995 0.993 0.991 0.988 0.988 0.989 0.989 0.990 0.991 0.990 0.989 0.984 0.977 0.965 0.947 0.926 0.905 0.885
0.926 0.938 0.947 0.956 0.964 0.971 0.979 0.991 0.992 0.993 0.995 0.996 0.997 0.998 0.998 1.000 1.000 1.000 1.000 1.000 1.000 1.000 1.000 1.000 1.000 1.000 1.000 0.996 0.995 0.994 0.994 0.994 0.995 0.995 0.996 0.997 0.998 0.997 0.997 0.991 0.989 0.987 0.984 0.982 0.983 0.975 0.970 0.963 0.951 0.000 0.000 0.000 0.000 0.000 0.000 0.998 0.998 0.997 0.996 0.994 0.992 0.989 0.984 1.000 1.000 1.000 1.000 0.995 0.993 0.991 0.986 0.979 0.968 0.951 0.929 0.908 1.000
0.909 0.907 0.902 0.916 0.930 0.942 0.952 0.961 0.969 0.975 0.981 0.986 0.989 0.992 0.994 0.996 0.997 0.998 0.998 1.000 1.000 1.000 1.000 1.000 1.000 1.000 1.000 0.997 0.995 0.994 0.994 0.994 0.994 0.995 0.996 0.997 0.998 0.998 0.997 0.991 0.989 0.986 0.983 0.980 0.978 0.973 0.968 0.963 0.953 0.000 0.000 0.000 0.000 0.000 0.000 0.998 0.997 0.996 0.995 0.993 0.990 0.987 0.984 1.000 1.000 1.000 1.000 0.996 1.000 0.993 0.988 0.981 0.971 0.954 0.933 0.912 1.000
0.923 0.920 0.916 0.912 0.909 0.907 0.909 0.923 0.936 0.947 0.956 0.964 0.971 0.977 0.982 0.987 0.991 0.994 0.996 0.997 0.998 0.998 1.000 1.000 1.000 1.000 1.000 0.997 0.996 0.995 0.994 0.994 0.994 0.995 0.996 0.997 0.997 0.998 0.996 0.993 0.990 0.988 0.984 0.981 0.977 0.973 0.968 0.961 0.000 0.000 0.000 0.000 0.000 0.000 0.000 0.998 0.997 0.995 0.993 0.991 0.989 0.983 1.000 1.000 1.000 1.000 1.000 1.000 1.000 0.995 1.000 1.000 0.973 0.958 0.937 1.000 1.000
0.933 0.930 0.927 0.925 0.923 0.920 0.916 0.913 0.911 0.908 0.915 0.928 0.939 0.950 0.958 0.966 0.973 0.979 0.985 0.989 0.993 0.995 0.997 0.998 0.998 1.000 1.000 0.997 0.996 0.995 0.995 0.994 0.994 0.995 0.995 0.996 0.995 0.992 0.990 0.990 0.990 0.987 0.984 0.982 0.978 0.974 0.967 0.961 0.000 0.000 0.000 0.000 0.000 0.000 0.998 0.997 0.996 0.994 0.992 0.990 0.988 0.982 1.000 1.000 1.000 1.000 1.000 1.000 1.000 1.000 1.000 1.000 1.000 0.962 0.942 1.000 1.000
0.941 0.939 0.937 0.935 0.933 0.931 0.929 0.927 0.924 0.921 0.916 0.913 0.911 0.906 0.918 0.931 0.943 0.953 0.962 0.970 0.977 0.984 0.989 0.993 0.995 0.997 0.998 0.998 0.996 0.995 0.995 0.995 0.995 0.994 0.992 0.987 0.985 0.982 0.979 0.976 0.979 0.981 0.982 0.979 0.976 0.973 0.966 0.962 0.000 0.000 0.000 0.000 0.000 0.000 0.997 0.996 0.995 0.993 0.991 0.988 0.988 0.983 1.000 1.000 1.000 1.000 1.000 1.000 1.000 1.000 1.000 1.000 1.000 0.965 0.950 0.938 1.000
0.949 0.947 0.945 0.943 0.942 0.940 0.939 0.937 0.935 0.932 0.929 0.926 0.924 0.920 0.915 0.912 0.910 0.909 0.924 0.937 0.949 0.960 0.969 0.977 0.984 0.989 0.993 0.998 0.996 0.995 0.994 0.992 0.987 0.980 0.978 0.976 0.975 0.971 0.967 0.963 0.963 0.966 0.968 0.972 0.973 0.972 0.960 0.000 0.000 0.000 0.000 0.000 0.000 0.000 0.997 0.996 0.994 0.992 0.989 0.985 1.000 1.000 1.000 1.000 1.000 1.000 1.000 1.000 1.000 1.000 1.000 1.000 1.000 0.967 0.956 0.948 0.949
0.956 0.954 0.953 0.951 0.950 0.949 0.948 0.946 0.944 0.942 0.939 0.937 0.934 0.931 0.928 0.926 0.924 0.920 0.917 0.915 0.914 0.919 0.934 0.949 0.961 0.971 0.979 0.987 0.989 0.988 0.984 0.978 0.973 0.971 0.967 0.965 0.960 0.956 0.953 0.948 0.944 0.949 0.951 0.954 0.957 0.959 0.958 0.000 0.000 0.000 0.000 0.000 0.000 1.000 0.996 0.994 0.993 0.991 0.988 0.985 1.000 0.966 1.000 1.000 1.000 1.000 1.000 1.000 1.000 1.000 1.000 1.000 0.974 0.966 0.955 1.000 1.000
0.962 0.960 0.959 0.958 0.958 0.957 0.955 0.954 0.952 0.950 0.948 0.945 0.943 0.941 0.939 0.937 0.935 0.933 0.931 0.930 0.928 0.925 0.924 0.925 0.925 0.937 0.953 0.968 0.975 0.972 0.968 0.965 0.963 0.959 0.956 0.952 0.947 0.943 0.938 0.932 0.926 0.927 0.931 0.934 0.937 0.939 0.940 0.000 0.000 0.000 0.000 0.000 0.000 0.996 0.994 0.993 0.992 0.989 0.985 1.000 1.000 0.971 0.952 0.930 1.000 1.000 1.000 1.000 1.000 1.000 1.000 1.000 0.974 0.964 0.956 1.000 1.000
0.967 0.966 0.966 0.965 0.964 0.963 0.962 0.961 0.959 0.957 0.955 0.953 0.951 0.949 0.948 0.946 0.945 0.943 0.942 0.940 0.939 0.939 0.939 0.940 0.941 0.941 0.948 0.956 0.958 0.959 0.959 0.956 0.952 0.947 0.943 0.942 0.931 0.926 0.920 0.914 0.907 0.902 0.908 0.911 0.915 0.917 0.000 0.000 0.000 0.000 0.000 0.000 0.000 0.995 0.992 0.991 0.990 0.988 0.986 0.975 1.000 0.973 0.956 1.000 1.000 0.965 1.000 1.000 1.000 1.000 1.000 0.983 0.972 0.960 1.000 1.000 1.000
0.972 0.972 0.971 0.970 0.969 0.969 0.968 0.967 0.965 0.964 0.962 0.960 0.959 0.957 0.956 0.955 0.954 0.953 0.952 0.951 0.951 0.951 0.952 0.955 0.959 0.964 0.959 0.951 0.948 0.951 0.948 0.944 0.939 0.933 0.928 0.920 0.914 0.907 0.901 0.894 0.886 0.879 0.882 0.887 0.892 0.896 0.000 0.000 0.000 0.000 0.000 0.000 0.000 0.992 0.990 0.988 0.987 0.986 0.985 0.981 0.979 0.975 0.962 1.000 0.975 0.969 0.961 0.951 0.931 1.000 1.000 1.000 0.969 0.958 1.000 1.000 1.000
0.978 0.977 0.976 0.975 0.975 0.974 0.973 0.972 0.971 0.969 0.968 0.967 0.966 0.964 0.964 0.963 0.962 0.961 0.961 0.961 0.962 0.965 0.968 0.971 0.967 0.962 0.952 0.935 0.936 0.940 0.938 0.932 0.926 0.920 0.912 0.905 0.896 0.889 0.880 0.872 0.864 0.854 0.852 0.857 0.865 0.875 0.891 0.899 0.903 1.000 0.000 0.000 0.000 0.983 0.987 0.985 0.983 0.983 0.982 0.981 0.980 0.977 0.973 0.973 0.974 0.970 0.964 0.954 0.936 1.000 1.000 1.000 0.965 0.957 0.934 1.000 1.000
0.983 0.982 0.981 0.980 0.979 0.978 0.977 0.977 0.975 0.974 0.973 0.972 0.971 0.970 0.970 0.970 0.969 0.969 0.970 0.973 0.976 0.975 0.973 0.970 0.964 0.954 0.939 0.921 0.923 0.924 0.925 0.918 0.911 0.904 0.895 0.886 0.878 0.867 0.859 0.849 0.840 0.830 0.818 0.819 0.000 0.000 0.871 0.875 0.884 0.902 0.912 0.917 1.000 0.961 0.965 0.971 0.979 0.979 0.979 0.980 0.979 0.978 0.976 0.976 0.975 0.972 0.966 0.957 0.942 1.000 1.000 0.966 0.957 1.000 0.938 0.916 1.000
0.989 0.987 0.986 0.985 0.984 0.983 0.982 0.981 0.979 0.978 0.977 0.977 0.976 0.976 0.976 0.976 0.977 0.979 0.982 0.979 0.978 0.976 0.972 0.966 0.955 0.939 0.917 0.904 0.903 0.903 0.903 0.902 0.894 0.885 0.875 0.864 0.855 0.845 0.835 0.824 0.813 0.800 0.782 0.000 0.000 0.000 0.000 0.000 0.000 0.882 0.887 0.896 0.919 0.931 0.940 0.949 0.957 0.965 0.974 0.977 0.978 0.978 0.977 0.976 0.975 0.973 0.968 0.961 0.952 0.943 1.000 0.965 0.955 1.000 1.000 0.920 1.000
