数据/3_resilience_value/res_2h_10y.asc
ncols         694
nrows         824
xllcorner     581104.93980083
yllcorner     3495917.0924138
cellsize      2
NODATA_value  -9999
[rows 306 to 339 of 824, columns 462 to 538 of 694]
0.925 0.927 0.929 0.931 0.932 0.933 0.934 0.934 0.941 0.951 0.959 0.966 0.971 0.976 0.981 0.985 0.989 0.997 0.995 0.996 0.997 0.997 0.997 0.996 0.994 0.993 0.989 0.985 0.983 0.981 0.980 0.982 0.985 0.987 0.990 0.991 0.994 0.995 0.995 1.000 1.000 1.000 1.000 1.000 1.000 1.000 1.000 1.000 1.000 1.000 1.000 1.000 1.000 1.000 0.989 0.989 0.989 0.986 1.000 1.000 1.000 1.000 1.000 1.000 1.000 1.000 1.000 1.000 1.000 1.000 0.998 0.996 0.989 0.974 0.961 0.962 0.995
0.908 0.917 0.924 0.927 0.928 0.929 0.929 0.930 0.930 0.935 0.945 0.953 0.961 0.967 0.973 0.978 0.984 0.987 0.990 0.992 0.994 0.995 0.996 0.996 0.994 0.993 0.990 0.986 0.983 0.981 0.981 0.982 0.984 0.987 0.988 0.991 0.992 0.990 0.976 1.000 1.000 1.000 1.000 1.000 1.000 1.000 1.000 1.000 1.000 1.000 1.000 1.000 1.000 1.000 1.000 1.000 1.000 0.989 0.989 0.991 0.993 0.994 0.994 0.994 0.992 1.000 1.000 1.000 1.000 1.000 0.992 0.978 0.965 0.964 0.969 0.996 0.996
0.921 0.922 0.924 0.924 0.925 0.924 0.924 0.924 0.925 0.926 0.929 0.939 0.947 0.955 0.962 0.969 0.976 0.980 0.984 0.988 0.990 0.992 0.994 0.995 0.994 0.997 0.990 0.986 0.984 0.982 0.982 0.982 0.984 0.986 0.988 0.990 0.991 0.990 1.000 1.000 1.000 1.000 1.000 1.000 1.000 1.000 1.000 1.000 1.000 1.000 1.000 1.000 1.000 1.000 1.000 1.000 1.000 1.000 1.000 0.994 0.993 0.991 0.993 0.993 0.989 1.000 1.000 1.000 1.000 0.984 0.970 0.965 0.969 0.973 0.976 0.997 0.997
0.927 0.925 0.923 0.922 0.921 0.920 0.919 0.918 0.919 0.920 0.921 0.921 0.930 0.940 0.949 0.959 0.966 0.972 0.977 0.982 0.986 0.989 0.991 0.993 0.993 0.994 0.990 0.986 0.984 0.982 0.982 0.983 0.984 0.985 0.988 0.989 0.991 0.990 0.995 0.997 0.997 1.000 1.000 1.000 1.000 1.000 1.000 1.000 1.000 1.000 1.000 1.000 1.000 1.000 1.000 1.000 1.000 1.000 1.000 1.000 1.000 1.000 0.994 0.993 0.990 0.988 1.000 1.000 1.000 0.969 0.971 0.974 0.977 0.979 0.997 0.998 0.998
0.929 0.924 0.921 0.918 0.916 0.913 0.912 0.911 0.911 0.915 0.914 0.911 0.909 0.918 0.931 0.945 0.954 0.962 0.970 0.976 0.981 0.985 0.988 0.990 0.992 0.992 0.990 0.986 0.984 0.983 0.982 0.983 0.984 0.985 0.987 0.988 0.989 0.990 0.993 0.995 0.997 0.998 0.998 1.000 1.000 1.000 1.000 1.000 1.000 1.000 1.000 1.000 1.000 1.000 1.000 1.000 1.000 1.000 1.000 1.000 1.000 1.000 1.000 1.000 0.993 0.988 0.983 0.965 0.962 0.970 0.975 0.978 0.981 0.997 0.998 0.998 0.998
0.927 0.921 0.916 0.912 0.908 0.904 0.901 0.899 0.900 0.919 0.902 0.895 0.892 0.893 0.911 0.928 0.942 0.953 0.962 0.969 0.975 0.980 0.984 0.987 0.989 0.990 0.989 0.986 0.984 0.983 0.983 0.983 0.984 0.985 0.987 0.988 0.989 0.990 0.992 0.995 0.995 0.997 0.998 0.998 0.998 1.000 1.000 1.000 1.000 1.000 1.000 1.000 1.000 1.000 1.000 1.000 1.000 1.000 1.000 1.000 1.000 1.000 1.000 1.000 1.000 1.000 1.000 0.978 0.976 0.977 0.979 0.982 0.998 0.998 0.998 0.998 0.999
0.920 0.914 0.907 0.901 0.895 0.889 0.884 0.879 0.876 0.877 0.874 0.870 0.883 0.905 0.908 0.918 0.933 0.946 0.955 0.963 0.970 0.976 0.980 0.984 0.986 0.988 0.987 0.985 0.984 0.982 0.982 0.983 0.984 0.985 0.986 0.988 0.989 0.990 0.992 0.993 0.995 0.996 0.997 0.998 0.998 0.998 1.000 1.000 1.000 1.000 1.000 1.000 1.000 1.000 1.000 1.000 1.000 1.000 1.000 1.000 1.000 1.000 1.000 1.000 1.000 1.000 0.973 0.976 0.978 0.980 0.982 0.985 0.998 0.998 0.998 0.998 0.000
0.910 0.901 0.891 0.882 0.873 0.867 0.860 0.866 0.879 0.893 0.906 0.919 0.933 0.951 0.932 0.916 0.928 0.940 0.950 0.958 0.965 0.971 0.976 0.980 0.982 0.984 0.984 0.983 0.982 0.981 0.981 0.981 0.983 0.984 0.985 0.987 0.988 0.989 0.991 0.992 0.994 0.995 0.996 0.999 0.998 0.998 1.000 1.000 1.000 1.000 1.000 1.000 0.998 0.997 0.994 0.988 0.975 1.000 1.000 1.000 1.000 1.000 1.000 1.000 1.000 1.000 0.977 0.978 0.979 0.982 0.984 0.998 0.998 0.998 0.999 0.999 0.000
0.889 0.879 0.877 0.885 0.893 0.901 0.909 0.917 0.926 0.934 0.943 0.953 0.966 0.964 0.967 0.926 0.925 0.935 0.944 0.952 0.959 0.965 0.970 0.974 0.976 0.979 0.979 0.978 0.977 0.978 0.977 0.978 0.980 0.981 0.982 0.984 0.986 0.987 0.989 0.990 0.991 0.993 0.994 0.996 0.997 0.998 0.998 0.998 0.998 0.998 0.997 0.997 0.995 0.993 0.988 0.981 0.968 0.947 0.902 1.000 1.000 1.000 1.000 1.000 1.000 0.970 0.973 0.977 0.980 0.983 0.998 0.998 0.998 0.999 0.999 0.000 0.000
0.919 0.923 0.927 0.931 0.935 0.940 0.945 0.950 0.956 0.961 0.968 0.976 0.981 0.975 0.969 0.943 0.921 0.930 0.938 0.945 0.952 0.957 0.961 0.964 0.967 0.969 0.970 0.969 0.969 0.970 0.970 0.972 0.974 0.976 0.977 0.980 0.981 0.983 0.985 0.987 0.988 0.990 0.991 0.992 0.994 0.995 0.996 0.996 0.996 0.995 0.994 0.992 0.989 0.985 0.979 0.969 0.951 0.925 0.902 0.890 0.877 0.861 1.000 1.000 1.000 0.974 0.975 0.978 0.982 0.985 0.998 0.998 0.999 0.999 0.999 0.000 0.000
0.953 0.955 0.957 0.960 0.963 0.966 0.969 0.973 0.976 0.980 0.984 0.991 0.987 0.983 0.976 0.957 0.926 0.923 0.930 0.936 0.942 0.945 0.948 0.951 0.952 0.955 0.955 0.955 0.956 0.958 0.959 0.961 0.964 0.967 0.969 0.972 0.974 0.976 0.978 0.980 0.981 0.983 0.985 0.986 0.987 0.989 0.991 0.992 0.991 0.989 0.987 0.983 0.979 0.972 0.961 0.945 0.937 0.938 0.936 0.930 0.919 0.908 0.900 0.885 1.000 0.970 0.975 0.979 0.984 0.998 0.998 0.999 0.999 0.999 0.000 0.000 0.000
0.976 0.977 0.979 0.980 0.982 0.984 0.986 0.988 0.990 0.993 0.995 0.995 0.992 0.989 0.983 0.968 0.942 0.914 0.920 0.924 0.927 0.930 0.931 0.933 0.934 0.935 0.937 0.937 0.938 0.940 0.942 0.945 0.949 0.953 0.956 0.959 0.962 0.965 0.968 0.970 0.971 0.973 0.974 0.975 0.976 0.977 0.979 0.982 0.983 0.980 0.976 0.971 0.962 0.948 0.940 0.947 0.952 0.956 0.957 0.958 0.958 0.969 0.947 0.935 0.943 0.961 0.973 0.981 0.986 0.998 0.999 0.999 0.999 0.999 0.000 0.000 0.000
0.992 0.992 0.993 0.994 0.995 0.996 0.996 0.997 0.998 0.998 0.998 0.997 0.995 0.993 0.988 0.977 0.953 0.913 0.904 0.906 0.907 0.908 0.908 0.908 0.909 0.910 0.911 0.912 0.914 0.916 0.920 0.924 0.929 0.934 0.938 0.942 0.946 0.949 0.952 0.955 0.956 0.958 0.958 0.959 0.960 0.960 0.961 0.963 0.968 0.965 0.959 0.946 0.937 0.946 0.954 0.960 0.965 0.969 0.972 0.974 0.975 0.978 0.978 0.975 0.977 0.981 0.993 0.992 0.999 0.999 0.999 0.999 0.999 0.000 0.000 0.000 0.000
1.000 1.000 1.000 1.000 1.000 1.000 1.000 1.000 1.000 1.000 1.000 0.998 0.997 0.995 0.992 0.983 0.960 0.922 0.883 0.881 0.879 0.875 0.872 0.871 0.871 0.872 0.873 0.875 0.877 0.881 0.887 0.895 0.903 0.909 0.914 0.919 0.924 0.928 0.931 0.933 0.934 0.934 0.934 0.933 0.931 0.930 0.929 0.929 0.931 0.939 0.930 0.942 0.952 0.960 0.967 0.972 0.977 0.980 0.983 0.985 0.987 0.989 0.990 0.990 0.991 0.992 0.994 0.995 0.999 1.000 1.000 1.000 1.000 0.999 0.000 0.000 0.000
1.000 1.000 1.000 1.000 1.000 1.000 1.000 1.000 1.000 1.000 1.000 0.998 0.998 0.997 0.994 0.987 0.963 0.925 0.867 0.841 0.833 0.824 0.817 0.817 0.817 0.818 0.820 0.822 0.826 0.831 0.841 0.860 0.869 0.874 0.880 0.888 0.894 0.898 0.900 0.900 0.898 0.895 0.890 0.885 0.880 0.876 0.872 0.871 0.884 0.917 0.920 0.930 0.943 0.953 0.962 0.969 0.975 0.980 0.984 0.987 0.990 0.992 0.994 0.995 0.996 0.997 0.997 0.998 1.000 1.000 1.000 1.000 1.000 1.000 1.000 1.000 0.000
1.000 1.000 1.000 1.000 1.000 1.000 1.000 1.000 1.000 1.000 1.000 1.000 0.998 0.998 0.996 0.988 0.955 1.000 0.866 0.786 0.777 0.767 0.757 1.000 1.000 1.000 1.000 1.000 1.000 1.000 1.000 0.829 0.826 0.828 0.835 0.849 0.853 0.854 0.854 0.851 0.846 0.841 0.836 0.830 0.825 0.833 0.852 0.872 0.895 0.927 0.928 0.923 0.915 0.927 0.939 0.948 0.957 0.965 0.971 0.976 0.981 0.985 0.988 0.990 0.993 0.994 0.995 0.996 0.997 0.998 0.998 1.000 1.000 1.000 1.000 1.000 1.000
1.000 1.000 1.000 1.000 1.000 1.000 1.000 1.000 1.000 1.000 1.000 1.000 1.000 0.995 1.000 1.000 0.949 1.000 1.000 0.754 1.000 1.000 1.000 1.000 1.000 1.000 1.000 1.000 1.000 1.000 1.000 1.000 1.000 1.000 1.000 0.811 0.805 0.803 0.804 0.799 0.793 0.787 0.796 0.812 0.829 0.846 0.864 0.883 0.905 0.936 0.936 0.934 0.929 0.920 0.916 0.927 0.938 0.947 0.955 0.963 0.969 0.975 0.979 0.984 0.987 0.990 0.992 0.994 0.995 0.996 0.997 0.997 0.998 0.998 1.000 1.000 1.000
1.000 1.000 1.000 1.000 1.000 1.000 1.000 1.000 1.000 1.000 1.000 1.000 1.000 1.000 1.000 1.000 1.000 1.000 1.000 1.000 1.000 1.000 1.000 1.000 1.000 1.000 1.000 1.000 1.000 1.000 1.000 1.000 1.000 1.000 1.000 1.000 1.000 1.000 0.754 0.760 0.776 0.792 0.810 0.825 0.842 0.859 0.876 0.895 0.918 0.943 0.943 0.943 0.941 0.935 0.926 0.917 0.917 0.928 0.938 0.947 0.955 0.962 0.969 0.974 0.979 0.983 0.987 0.990 0.992 0.994 0.995 0.996 0.997 0.997 0.998 0.998 0.998
1.000 1.000 1.000 1.000 1.000 1.000 1.000 1.000 1.000 1.000 1.000 1.000 1.000 1.000 1.000 1.000 1.000 1.000 1.000 1.000 1.000 1.000 1.000 1.000 1.000 1.000 1.000 1.000 1.000 1.000 1.000 1.000 1.000 1.000 1.000 1.000 1.000 1.000 1.000 1.000 1.000 1.000 0.825 0.839 0.855 0.873 0.890 0.908 0.931 0.950 0.951 0.951 0.951 0.948 0.942 0.935 0.924 0.914 0.919 0.930 0.939 0.948 0.956 0.963 0.969 0.975 0.979 0.983 0.987 0.990 0.992 0.994 0.995 0.996 0.997 0.997 0.998
1.000 1.000 1.000 1.000 1.000 1.000 1.000 1.000 1.000 1.000 1.000 1.000 1.000 1.000 1.000 1.000 1.000 1.000 1.000 1.000 1.000 1.000 1.000 1.000 1.000 1.000 1.000 1.000 1.000 1.000 1.000 1.000 1.000 1.000 1.000 1.000 1.000 1.000 1.000 1.000 1.000 1.000 1.000 1.000 1.000 0.889 0.903 0.921 0.945 0.959 0.960 0.961 0.960 0.959 0.956 0.950 0.943 0.933 0.923 0.912 0.921 0.932 0.941 0.950 0.957 0.964 0.970 0.975 0.980 0.984 0.987 0.989 0.991 0.993 0.994 0.995 0.996
1.000 1.000 1.000 1.000 1.000 1.000 1.000 1.000 1.000 1.000 1.000 1.000 1.000 1.000 1.000 1.000 1.000 1.000 1.000 1.000 1.000 1.000 1.000 1.000 1.000 1.000 1.000 1.000 1.000 1.000 1.000 1.000 1.000 1.000 1.000 1.000 1.000 1.000 1.000 1.000 1.000 1.000 1.000 1.000 1.000 1.000 1.000 1.000 0.965 0.971 0.972 0.971 0.970 0.969 0.967 0.964 0.958 0.951 0.942 0.932 0.921 0.914 0.924 0.935 0.944 0.952 0.959 0.965 0.971 0.975 0.979 0.983 0.985 0.988 0.990 0.992 0.993
1.000 1.000 1.000 1.000 1.000 1.000 1.000 1.000 1.000 1.000 1.000 1.000 1.000 1.000 1.000 1.000 1.000 1.000 1.000 1.000 1.000 1.000 1.000 1.000 1.000 1.000 1.000 1.000 1.000 1.000 1.000 1.000 1.000 1.000 1.000 1.000 1.000 1.000 1.000 1.000 1.000 1.000 1.000 1.000 1.000 1.000 1.000 1.000 1.000 1.000 0.984 0.981 0.979 0.977 0.976 0.974 0.970 0.965 0.959 0.951 0.941 0.930 0.920 0.918 0.928 0.937 0.946 0.953 0.959 0.965 0.969 0.973 0.976 0.979 0.982 0.985 0.987
1.000 1.000 1.000 1.000 1.000 1.000 1.000 1.000 1.000 1.000 1.000 1.000 1.000 1.000 1.000 1.000 1.000 1.000 1.000 1.000 1.000 1.000 1.000 1.000 1.000 1.000 1.000 1.000 1.000 1.000 1.000 1.000 1.000 1.000 1.000 1.000 1.000 1.000 1.000 1.000 1.000 1.000 1.000 1.000 1.000 1.000 1.000 1.000 1.000 1.000 1.000 1.000 1.000 1.000 0.986 0.981 0.978 0.974 0.971 0.966 0.959 0.950 0.940 0.929 0.918 0.921 0.930 0.937 0.944 0.950 0.954 0.958 0.962 0.966 0.970 0.974 0.977
1.000 1.000 1.000 1.000 1.000 1.000 1.000 1.000 1.000 1.000 1.000 1.000 1.000 1.000 1.000 1.000 1.000 1.000 1.000 1.000 1.000 1.000 1.000 1.000 1.000 1.000 1.000 1.000 1.000 1.000 1.000 1.000 1.000 1.000 1.000 1.000 1.000 1.000 1.000 1.000 1.000 1.000 1.000 1.000 1.000 1.000 1.000 1.000 1.000 1.000 1.000 1.000 1.000 1.000 1.000 1.000 1.000 1.000 0.982 0.978 0.973 0.967 0.960 0.950 0.939 0.927 0.914 0.918 0.925 0.929 0.933 0.937 0.942 0.946 0.952 0.958 0.964
1.000 1.000 1.000 1.000 1.000 1.000 1.000 1.000 1.000 1.000 1.000 1.000 1.000 1.000 1.000 1.000 1.000 1.000 1.000 1.000 1.000 1.000 1.000 1.000 1.000 1.000 1.000 1.000 1.000 1.000 1.000 1.000 1.000 1.000 1.000 1.000 1.000 1.000 1.000 1.000 1.000 1.000 1.000 1.000 1.000 1.000 1.000 1.000 1.000 1.000 1.000 1.000 1.000 1.000 1.000 1.000 1.000 1.000 1.000 0.987 0.983 0.979 0.987 0.968 0.958 0.946 0.933 0.917 0.900 0.902 0.905 0.908 0.912 0.918 0.928 0.938 0.947
1.000 1.000 1.000 1.000 1.000 1.000 1.000 1.000 1.000 1.000 1.000 1.000 1.000 1.000 1.000 1.000 1.000 1.000 1.000 1.000 1.000 1.000 1.000 1.000 1.000 1.000 1.000 1.000 1.000 1.000 1.000 1.000 1.000 1.000 1.000 1.000 1.000 1.000 1.000 1.000 1.000 1.000 1.000 1.000 1.000 1.000 1.000 1.000 1.000 1.000 1.000 1.000 1.000 1.000 1.000 1.000 1.000 1.000 1.000 0.993 0.990 0.987 0.986 0.980 0.973 0.963 0.951 0.934 0.912 0.884 0.000 0.868 0.872 0.881 0.903 0.916 0.928
1.000 1.000 1.000 1.000 1.000 1.000 1.000 1.000 1.000 1.000 1.000 1.000 1.000 1.000 1.000 1.000 1.000 1.000 1.000 1.000 1.000 1.000 1.000 1.000 1.000 1.000 1.000 1.000 1.000 1.000 1.000 1.000 1.000 1.000 1.000 1.000 1.000 1.000 1.000 1.000 1.000 1.000 1.000 1.000 1.000 1.000 1.000 1.000 1.000 1.000 1.000 1.000 1.000 1.000 1.000 1.000 1.000 1.000 1.000 0.997 0.995 0.993 0.991 0.987 0.982 0.975 0.964 0.947 0.922 0.000 0.000 0.000 0.000 0.000 0.000 0.892 0.912
1.000 1.000 1.000 1.000 1.000 1.000 1.000 1.000 1.000 1.000 1.000 1.000 1.000 1.000 1.000 1.000 1.000 1.000 1.000 1.000 1.000 1.000 1.000 1.000 1.000 1.000 1.000 1.000 1.000 1.000 1.000 1.000 1.000 1.000 1.000 1.000 1.000 1.000 1.000 1.000 1.000 1.000 1.000 1.000 1.000 1.000 1.000 1.000 1.000 1.000 1.000 1.000 1.000 1.000 1.000 1.000 1.000 1.000 1.000 0.998 0.997 0.996 0.995 0.992 0.988 0.982 0.972 0.954 0.928 0.000 0.000 0.000 0.000 0.000 0.000 0.000 0.908
1.000 1.000 1.000 1.000 1.000 1.000 1.000 1.000 1.000 1.000 1.000 1.000 1.000 1.000 1.000 1.000 1.000 1.000 1.000 1.000 1.000 1.000 1.000 1.000 1.000 1.000 1.000 1.000 1.000 1.000 1.000 1.000 1.000 1.000 1.000 1.000 1.000 1.000 1.000 1.000 1.000 1.000 1.000 1.000 1.000 1.000 1.000 1.000 1.000 1.000 1.000 1.000 1.000 1.000 1.000 1.000 1.000 1.000 1.000 1.000 1.000 0.998 0.998 0.996 0.993 0.987 0.976 0.956 0.000 0.000 0.000 0.000 0.000 0.000 0.000 0.000 0.000
1.000 1.000 1.000 1.000 1.000 1.000 1.000 1.000 1.000 1.000 1.000 1.000 1.000 1.000 1.000 1.000 1.000 1.000 1.000 1.000 1.000 1.000 1.000 1.000 1.000 1.000 1.000 1.000 1.000 1.000 1.000 1.000 1.000 1.000 1.000 1.000 1.000 1.000 1.000 1.000 1.000 1.000 1.000 1.000 1.000 1.000 1.000 1.000 1.000 1.000 1.000 1.000 1.000 1.000 1.000 1.000 1.000 1.000 1.000 1.000 1.000 1.000 1.000 0.998 0.996 0.991 0.979 0.000 0.000 0.000 0.000 0.000 0.000 0.000 0.000 0.000 0.000
1.000 1.000 1.000 1.000 1.000 1.000 1.000 1.000 1.000 1.000 1.000 1.000 1.000 1.000 1.000 1.000 1.000 1.000 1.000 1.000 1.000 1.000 1.000 1.000 1.000 1.000 1.000 1.000 1.000 1.000 1.000 1.000 1.000 1.000 1.000 1.000 1.000 1.000 1.000 1.000 1.000 1.000 1.000 1.000 1.000 1.000 1.000 1.000 1.000 1.000 1.000 1.000 1.000 1.000 1.000 1.000 1.000 1.000 1.000 1.000 1.000 1.000 1.000 1.000 0.998 0.994 0.981 0.000 0.000 0.000 0.000 0.000 0.000 0.000 0.000 0.000 0.000
1.000 1.000 1.000 1.000 1.000 1.000 1.000 1.000 1.000 1.000 1.000 1.000 1.000 1.000 1.000 1.000 1.000 1.000 1.000 1.000 1.000 1.000 1.000 1.000 1.000 1.000 1.000 1.000 1.000 1.000 1.000 1.000 1.000 1.000 1.000 1.000 1.000 1.000 1.000 1.000 1.000 1.000 1.000 1.000 1.000 1.000 1.000 1.000 1.000 1.000 1.000 1.000 1.000 1.000 1.000 1.000 1.000 1.000 1.000 1.000 1.000 1.000 1.000 1.000 0.998 0.993 0.000 0.000 0.000 0.000 0.000 0.000 0.000 0.000 0.000 0.000 0.000
1.000 1.000 1.000 1.000 1.000 1.000 1.000 1.000 1.000 1.000 1.000 1.000 1.000 1.000 1.000 1.000 1.000 1.000 1.000 1.000 1.000 1.000 1.000 1.000 1.000 1.000 1.000 1.000 1.000 1.000 1.000 1.000 1.000 1.000 1.000 1.000 1.000 1.000 1.000 1.000 1.000 1.000 1.000 1.000 1.000 1.000 1.000 1.000 1.000 1.000 1.000 1.000 1.000 1.000 1.000 1.000 1.000 1.000 1.000 1.000 1.000 1.000 1.000 1.000 0.998 0.993 0.000 0.000 0.000 0.000 0.000 0.000 0.000 0.000 0.000 0.000 0.000
1.000 1.000 1.000 1.000 1.000 1.000 1.000 1.000 1.000 1.000 1.000 1.000 1.000 1.000 1.000 1.000 1.000 1.000 1.000 1.000 1.000 1.000 1.000 1.000 1.000 1.000 1.000 1.000 1.000 1.000 1.000 1.000 1.000 1.000 1.000 1.000 1.000 1.000 1.000 1.000 1.000 1.000 1.000 1.000 1.000 1.000 1.000 1.000 1.000 1.000 1.000 1.000 1.000 1.000 1.000 1.000 1.000 1.000 1.000 1.000 1.000 1.000 1.000 1.000 0.998 0.993 0.000 0.000 0.000 0.000 0.000 0.000 0.000 0.000 0.000 0.000 0.000
