数据/LID_analysis/LID_damage/LID_damage_ori/LID_PP_30y.txt
ncols         694
nrows         824
xllcorner     581104.93980083
yllcorner     3495917.0924138
cellsize      2
NODATA_value  -9999
[rows 442 to 475 of 824, columns 385 to 461 of 694]
0.000 0.000 0.000 1.897 1.313 0.730 0.000 0.000 0.000 0.000 0.000 0.000 0.000 0.000 0.000 0.032 0.048 0.080 1.021 1.313 1.897 3.648 5.107 6.567 0.878 1.038 1.214 1.358 1.517 1.677 15.760 16.051 16.051 16.343 0.000 0.000 0.000 0.000 0.000 0.000 0.000 0.000 0.000 0.000 0.000 0.000 0.000 0.000 0.000 0.000 0.000 0.000 0.000 0.000 0.000 0.000 1.167 1.459 1.751 2.335 3.356 4.378 5.399 6.567 7.588 8.609 9.631 10.798 11.820 12.841 0.000 0.000 0.000 0.000 0.000 0.000 0.000
0.000 0.000 0.000 0.000 0.000 2.773 2.189 1.605 1.021 0.438 0.000 0.000 0.000 0.016 0.032 0.064 0.080 0.112 0.144 0.192 0.240 0.351 0.543 0.703 0.862 1.038 1.198 1.358 1.517 1.661 15.322 15.468 15.614 16.051 0.000 0.000 0.000 0.000 0.000 0.000 0.000 0.000 0.000 0.000 0.000 0.000 0.000 0.000 0.000 0.000 0.000 0.000 0.000 0.000 0.000 0.000 1.167 2.189 3.210 4.232 5.253 6.275 7.442 8.464 9.485 10.506 11.674 12.695 13.717 14.738 15.906 16.051 0.000 0.000 0.000 0.000 0.000
0.000 0.000 0.000 0.000 0.000 0.000 0.000 3.502 2.918 2.335 1.605 1.021 0.584 0.438 0.584 0.096 0.128 0.160 0.192 0.240 0.272 0.335 0.479 0.671 0.846 1.006 1.182 1.358 1.517 15.030 14.884 14.884 14.884 0.000 0.000 0.000 0.000 0.000 0.000 0.000 0.000 0.000 0.000 0.000 0.000 0.000 0.000 0.000 0.000 0.000 0.000 0.000 0.000 0.000 0.876 1.897 2.918 4.086 5.107 6.129 7.150 8.172 9.339 10.360 11.382 12.403 13.571 14.446 15.614 16.635 17.657 17.219 16.489 15.906 15.176 0.000 0.000
0.000 0.000 0.000 0.000 0.000 0.000 0.000 0.000 4.086 3.940 3.502 2.918 2.189 1.751 1.313 1.313 1.459 0.192 0.224 0.272 0.319 0.367 0.415 0.607 0.799 0.974 1.150 1.342 1.549 14.446 14.300 14.154 14.009 0.000 0.000 0.000 0.000 0.000 0.000 0.000 0.000 0.000 0.000 0.000 0.000 0.000 0.000 0.000 0.000 0.000 0.000 0.000 0.000 0.000 0.000 0.000 0.000 5.837 0.000 0.000 9.047 10.215 11.236 12.257 13.279 14.300 15.468 16.489 17.657 18.532 18.970 18.240 17.657 17.073 16.343 15.614 15.030
0.000 0.000 0.000 0.000 0.000 0.000 0.000 0.000 0.000 0.000 4.524 4.232 3.940 3.356 2.773 2.335 2.189 2.189 0.272 0.303 0.351 0.399 0.447 0.527 0.735 0.910 1.086 1.262 1.421 13.571 13.279 13.133 12.987 0.000 0.000 0.000 0.000 0.000 0.000 0.000 0.000 0.000 0.000 0.000 0.000 0.000 0.000 0.000 0.000 0.000 0.000 0.000 0.000 0.000 0.000 0.000 0.000 0.000 0.000 0.000 0.000 0.000 0.000 0.000 15.176 16.343 17.365 18.386 19.408 20.575 19.991 19.262 18.678 18.094 17.511 16.781 16.051
0.000 0.000 0.000 0.000 0.000 0.000 0.000 0.000 0.000 0.000 0.000 4.961 4.670 4.524 4.378 3.940 3.356 3.064 3.064 0.351 0.383 0.415 0.463 0.511 0.639 0.831 1.006 1.166 1.326 12.403 12.257 11.820 11.090 9.193 7.734 6.858 0.000 0.000 0.000 0.000 0.000 0.000 0.000 0.000 0.000 0.000 0.000 0.000 0.000 0.000 0.000 0.000 0.000 0.000 0.000 0.000 0.000 0.000 0.000 0.000 0.000 0.000 0.000 0.000 0.000 0.000 0.000 0.000 21.451 21.742 21.159 20.429 19.700 19.262 18.532 17.948 17.219
0.000 0.000 0.000 0.000 0.000 0.000 0.000 0.000 0.000 0.000 0.000 0.000 0.000 5.253 5.107 4.815 4.670 4.378 3.940 3.794 0.431 0.447 0.479 0.527 0.575 0.735 0.910 1.070 1.214 11.236 10.944 10.506 9.631 8.318 7.004 5.837 4.378 3.648 3.064 2.918 0.000 0.000 0.000 0.000 0.000 0.000 0.000 0.000 0.000 0.000 0.000 0.000 0.000 0.000 0.000 0.000 0.000 0.000 0.000 0.000 0.000 0.000 0.000 0.000 0.000 0.000 0.000 0.000 0.000 0.000 0.000 21.597 20.867 20.283 19.554 18.970 18.240
0.000 0.000 0.000 0.000 0.000 0.000 0.000 0.000 0.000 0.000 0.000 0.000 0.000 0.000 0.000 5.545 5.253 4.961 4.815 4.670 4.524 0.495 0.495 0.527 0.559 0.607 0.799 0.974 1.102 1.102 1.070 1.006 8.172 7.004 6.421 5.691 4.961 4.232 3.648 3.210 2.481 2.043 2.043 0.000 0.000 0.000 0.000 0.000 0.000 0.000 0.000 0.000 0.000 0.000 0.000 0.000 0.000 0.000 0.000 0.000 0.000 0.000 0.000 0.000 0.000 0.000 0.000 0.000 0.000 0.000 0.000 0.000 0.000 0.000 0.000 20.137 19.408
0.000 0.000 0.000 0.000 0.000 0.000 0.000 0.000 0.000 0.000 0.000 0.000 0.000 0.000 0.000 0.000 5.837 5.545 5.107 4.961 4.815 4.961 0.559 0.543 0.559 0.591 0.655 0.846 0.958 0.942 0.894 0.831 0.783 0.735 0.687 0.623 5.107 4.670 4.086 3.648 3.064 2.627 2.335 1.751 1.313 1.021 1.021 0.000 0.000 0.000 0.000 0.000 0.000 0.000 0.000 0.000 0.000 0.000 0.000 0.000 0.000 0.000 0.000 0.000 0.000 0.000 0.000 0.000 0.000 0.000 0.000 0.000 0.000 0.000 0.000 0.000 0.000
0.000 0.000 0.000 0.000 0.000 0.000 0.000 0.000 0.000 0.000 0.000 0.000 0.000 0.000 0.000 0.000 0.000 0.000 5.107 4.961 4.815 4.815 0.543 0.543 0.543 0.591 0.607 0.687 0.783 0.767 0.751 0.767 0.735 0.703 0.671 0.623 0.591 0.543 0.495 4.086 3.502 3.064 2.773 2.335 1.897 1.605 1.313 0.876 0.730 0.438 0.292 0.146 0.000 0.000 0.000 0.000 0.000 0.000 0.000 0.000 0.000 0.000 0.000 0.000 0.000 0.000 0.000 0.000 0.000 0.000 0.000 0.000 0.000 0.000 0.000 0.000 0.000
0.000 0.000 0.000 0.000 0.000 0.000 0.000 0.000 0.000 0.000 0.000 0.000 0.000 0.000 0.000 0.000 0.000 0.000 5.107 4.961 4.815 4.815 0.511 0.527 0.511 0.511 0.543 0.559 0.575 0.655 0.703 0.703 0.703 0.687 0.655 0.639 0.607 0.559 0.527 0.479 0.431 0.383 0.351 2.773 2.335 2.043 1.605 1.313 1.021 0.730 0.584 0.438 0.292 0.146 0.000 0.000 0.000 0.000 0.000 0.000 0.000 0.000 0.000 0.000 0.000 0.000 0.000 0.000 0.000 0.000 0.000 0.000 0.000 0.000 0.000 0.000 0.000
0.000 0.000 0.000 0.000 0.000 0.000 0.000 0.000 0.000 0.000 0.000 0.000 0.000 0.000 0.000 0.000 0.000 0.000 4.961 4.815 4.670 4.524 0.495 0.495 0.479 0.463 0.447 0.399 0.447 0.527 0.623 0.671 0.687 0.687 0.671 0.655 0.623 0.591 0.559 0.511 0.479 0.431 0.399 0.351 0.319 0.272 2.043 1.605 1.313 1.167 0.876 0.730 0.584 0.438 0.292 0.146 0.000 0.000 0.000 0.000 0.000 0.000 0.000 0.000 0.000 0.000 0.000 0.000 0.000 0.000 0.000 0.000 0.000 0.000 0.000 0.000 0.000
0.000 0.000 0.000 0.000 0.000 0.000 0.000 0.000 0.000 0.000 0.000 0.000 0.000 0.000 0.000 0.000 0.000 0.000 4.815 4.524 4.524 0.479 0.463 0.463 0.447 0.431 0.399 0.367 0.431 0.495 0.559 0.607 0.639 0.655 0.671 3.949 3.855 0.639 0.607 0.559 0.527 0.495 0.447 0.415 0.367 0.335 0.287 0.240 0.208 0.176 1.459 1.167 1.021 0.730 0.584 0.438 0.292 0.146 0.000 0.000 0.000 0.000 0.000 0.000 0.000 0.000 0.000 0.000 0.000 0.000 0.000 0.000 0.000 0.000 0.000 0.000 0.000
0.000 0.000 0.000 0.000 0.000 0.000 0.000 0.000 0.000 0.000 0.000 0.000 0.000 0.000 0.000 0.000 0.000 4.086 4.378 4.378 4.232 0.447 0.431 0.431 0.415 0.383 0.351 0.351 0.415 0.479 0.527 0.575 3.573 3.667 3.761 3.761 3.761 3.667 3.573 3.479 3.384 0.559 0.527 0.479 0.447 0.399 0.351 0.319 0.287 0.256 0.224 0.192 0.176 0.144 1.167 0.876 0.730 0.584 0.438 0.292 0.146 0.000 0.000 0.000 0.000 0.000 0.000 0.000 0.000 0.000 0.000 0.000 0.000 0.000 0.000 0.000 0.000
0.000 0.000 0.000 0.000 0.000 0.000 0.000 0.000 0.000 0.000 0.000 0.000 0.000 0.000 0.000 0.000 0.000 4.378 4.232 4.232 4.086 0.431 0.415 0.399 0.367 0.351 0.287 0.319 0.383 0.431 2.914 3.102 3.290 3.479 3.573 3.573 3.573 3.573 3.573 3.479 3.384 3.384 3.196 3.102 3.008 0.479 0.447 0.415 0.383 0.351 0.319 0.287 0.256 0.224 0.192 0.176 0.144 1.167 1.021 0.876 0.730 0.730 0.584 0.730 1.167 1.167 0.146 0.000 0.000 0.000 0.000 0.000 0.000 0.000 0.000 0.000 0.000
0.000 0.000 0.000 0.000 0.000 0.000 0.000 0.000 0.000 0.000 0.000 0.000 0.000 0.000 0.000 0.000 0.000 4.378 4.232 4.086 3.940 0.415 0.399 0.367 0.351 0.303 0.240 0.287 0.351 2.350 2.632 2.914 3.102 3.290 3.384 3.479 3.479 3.479 3.573 3.479 3.479 3.384 3.384 3.290 3.196 3.008 2.914 2.820 0.447 0.431 0.415 0.383 0.351 0.335 0.303 0.272 0.256 0.240 0.224 0.224 0.224 2.189 2.335 2.773 3.210 2.335 1.167 0.000 0.000 0.000 0.000 0.000 0.000 0.000 0.000 0.000 0.000
0.000 0.000 0.000 0.000 0.000 0.000 0.000 0.000 0.000 0.000 0.000 0.000 0.000 0.000 0.000 0.000 0.000 4.232 4.086 3.940 0.431 0.399 0.383 0.367 0.319 0.272 0.240 0.272 1.880 2.162 2.444 2.726 2.914 3.102 3.196 3.290 3.384 3.479 3.573 3.573 3.573 3.573 3.573 3.479 3.384 3.290 3.196 3.102 3.008 2.820 2.726 2.632 0.431 0.415 0.415 0.399 0.399 0.399 0.399 0.399 0.415 0.447 0.463 0.511 0.479 3.356 1.459 0.000 0.000 0.000 0.000 0.000 0.000 0.000 0.000 0.000 0.000
0.000 0.000 0.000 0.000 0.000 0.000 0.000 0.000 0.000 0.000 0.000 0.000 0.000 0.000 0.000 0.000 3.502 3.794 3.940 3.794 0.399 0.383 0.367 0.335 0.303 0.240 0.240 0.256 1.786 2.068 2.256 2.538 2.726 2.914 3.102 3.290 3.479 3.573 3.761 3.761 3.761 3.761 3.761 3.667 3.667 3.573 3.479 3.384 3.290 3.196 3.102 3.008 2.914 2.914 2.914 0.495 0.511 0.527 0.559 0.591 0.639 0.655 0.687 0.719 0.543 0.367 0.160 0.096 0.584 0.292 0.000 0.000 0.000 0.000 0.000 0.000 0.000
0.000 0.000 0.000 0.000 0.000 0.000 0.000 0.000 0.000 0.000 0.000 0.000 0.000 0.000 0.000 0.000 3.794 3.794 3.794 3.648 0.383 0.367 0.351 0.319 0.272 0.208 0.224 0.256 1.692 1.880 2.162 2.350 2.632 2.820 3.102 3.384 3.573 3.855 4.043 4.043 4.043 4.043 4.043 4.043 3.949 3.855 3.761 3.667 3.573 3.573 3.479 3.384 3.384 3.384 3.384 3.479 3.667 3.761 4.043 0.719 0.767 0.815 0.846 0.831 0.910 0.799 0.655 0.511 0.399 0.303 0.224 0.144 0.876 0.438 0.000 0.000 0.000
0.000 0.000 0.000 0.000 0.000 0.000 0.000 0.000 0.000 0.000 0.000 0.000 0.000 0.000 0.000 0.000 3.794 3.648 3.648 3.502 0.367 0.351 0.335 0.287 0.240 0.192 0.208 1.410 1.598 1.786 2.068 2.256 2.538 2.820 3.196 3.573 4.043 4.325 4.513 4.419 4.419 4.419 4.419 4.325 4.325 4.231 4.137 4.043 3.949 3.949 3.855 3.855 3.855 3.855 3.949 4.137 4.325 4.513 4.795 5.077 5.359 5.171 4.795 0.751 0.799 0.862 0.894 0.942 0.958 0.815 0.671 0.527 0.415 0.303 0.224 0.144 0.876
11.528 11.236 10.798 0.000 0.000 0.000 0.000 0.000 0.000 0.000 0.000 0.000 0.000 0.000 0.000 3.356 3.502 3.502 3.502 0.367 0.351 0.335 0.303 0.272 0.208 0.192 0.208 1.316 1.504 1.692 1.974 2.256 2.632 3.008 3.573 4.043 4.701 5.077 5.077 4.795 4.795 4.889 4.889 4.701 4.607 4.607 4.513 4.419 4.419 4.325 4.325 4.325 4.325 4.419 4.607 4.795 5.077 5.265 5.641 5.547 5.265 4.889 4.513 4.043 4.231 4.419 0.799 0.831 0.878 0.926 0.958 0.990 0.958 0.799 0.655 0.511 0.399
12.112 11.820 11.382 10.798 10.360 10.069 0.000 0.000 0.000 0.000 0.000 0.000 0.000 0.000 0.000 4.086 3.794 3.648 3.356 0.351 0.335 0.319 0.287 0.256 0.176 0.176 0.192 1.316 1.410 1.692 1.974 2.350 2.820 3.384 4.043 4.701 5.453 6.017 0.000 4.889 5.265 5.453 5.453 5.077 4.983 4.983 4.889 4.795 4.795 4.795 4.795 4.795 4.889 5.077 5.265 5.453 5.829 5.829 5.547 5.265 4.983 4.701 4.325 3.761 3.761 3.949 4.043 4.231 4.513 4.701 0.846 0.878 0.926 0.958 0.990 1.022 0.926
12.841 12.403 11.966 11.382 11.090 10.652 10.069 9.485 9.193 8.755 0.000 0.000 0.000 0.000 0.000 4.815 4.670 4.378 4.086 0.415 0.367 0.319 0.272 0.224 0.160 0.176 1.128 1.222 1.410 1.692 2.068 2.632 3.290 3.949 4.701 5.453 6.205 0.000 0.000 0.000 0.000 0.000 0.000 5.171 5.453 5.547 5.171 5.265 5.265 5.359 5.265 5.359 5.453 5.735 5.923 6.111 5.829 5.547 5.265 5.077 4.795 4.419 4.043 3.479 3.384 3.479 3.573 3.667 3.855 4.043 4.325 4.513 4.701 4.889 0.878 0.910 0.942
0.000 0.000 0.000 11.966 11.674 11.236 10.652 10.215 9.777 9.339 8.609 8.026 7.734 0.000 0.000 5.545 5.399 5.253 5.107 0.511 0.463 0.399 0.335 0.240 0.176 0.160 1.034 1.222 1.410 1.786 2.350 3.102 3.855 4.607 5.453 0.000 0.000 0.000 0.000 0.000 0.000 0.000 0.000 0.000 0.000 0.000 5.359 5.735 5.923 5.923 5.641 5.829 6.111 6.393 6.017 5.735 5.547 5.265 4.983 4.795 4.513 4.137 3.761 3.290 3.008 3.102 3.102 3.196 3.290 3.479 3.667 3.855 4.043 4.231 4.419 4.607 4.795
0.000 0.000 0.000 0.000 0.000 0.000 11.236 10.944 10.506 9.923 9.193 8.755 8.172 7.150 6.129 6.275 6.275 6.275 0.671 0.623 0.559 0.495 0.415 0.303 0.240 0.192 1.034 1.222 1.504 1.974 2.726 3.573 4.419 5.359 0.000 0.000 0.000 0.000 0.000 0.000 0.000 0.000 0.000 0.000 0.000 0.000 0.000 0.000 0.000 0.000 5.923 6.393 6.299 6.017 5.641 5.359 5.171 4.889 4.701 4.419 4.137 3.855 3.479 3.008 2.726 2.726 2.726 2.726 2.820 2.914 3.008 3.196 3.384 3.479 3.667 3.855 4.137
0.000 0.000 0.000 0.000 0.000 0.000 0.000 0.000 0.000 0.000 9.631 9.339 8.755 7.880 7.004 7.004 7.150 7.296 0.815 0.751 0.671 0.575 0.479 0.351 0.303 1.504 1.222 1.222 1.598 2.256 3.102 3.949 4.983 0.000 0.000 0.000 0.000 0.000 0.000 0.000 0.000 0.000 0.000 0.000 0.000 0.000 0.000 0.000 0.000 0.000 0.000 0.000 0.000 0.000 4.983 4.983 4.795 4.419 4.231 4.043 3.855 3.479 3.196 2.726 2.350 2.350 2.256 2.256 2.350 2.350 2.444 2.538 2.726 2.820 3.008 3.196 3.384
0.000 0.000 0.000 0.000 0.000 0.000 0.000 0.000 0.000 0.000 0.000 0.000 0.000 0.000 8.026 7.880 8.026 8.464 1.022 0.878 0.767 0.655 0.511 0.415 0.367 1.880 1.504 1.222 1.786 2.444 3.290 4.137 0.000 0.000 0.000 0.000 0.000 0.000 0.000 0.000 0.000 0.000 0.000 0.000 0.000 0.000 0.000 0.000 0.000 0.000 0.000 0.000 0.000 0.000 0.000 0.000 0.000 3.855 3.855 3.667 3.479 3.102 2.726 2.350 1.974 1.880 1.880 1.880 1.880 1.880 1.880 1.974 2.068 2.162 2.350 2.538 2.632
0.000 0.000 0.000 0.000 0.000 0.000 0.000 0.000 0.000 0.000 0.000 0.000 0.000 0.000 0.000 8.464 8.755 9.923 1.374 1.038 0.846 0.687 0.543 0.447 0.415 2.162 1.786 1.504 1.974 2.820 3.573 4.419 0.000 0.000 0.000 0.000 0.000 0.000 0.000 0.000 0.000 0.000 0.000 0.000 0.000 0.000 0.000 0.000 0.000 0.000 0.000 0.000 0.000 0.000 0.000 0.000 0.000 0.000 0.000 0.000 0.000 2.444 2.350 1.974 1.504 1.410 1.410 1.410 1.316 1.316 1.410 1.410 1.504 1.598 1.692 1.786 1.974
0.000 0.000 0.000 0.000 0.000 0.000 0.000 0.000 0.000 0.000 0.000 0.000 0.000 0.000 8.026 8.318 8.609 1.006 1.086 0.942 0.815 0.687 0.543 0.479 0.431 2.350 1.974 1.786 2.256 3.102 4.043 4.889 0.000 0.000 0.000 0.000 0.000 0.000 0.000 0.000 0.000 0.000 0.000 0.000 0.000 0.000 0.000 0.000 0.000 0.000 0.000 0.000 0.000 0.000 0.000 0.000 0.000 0.000 0.000 0.000 0.000 0.000 0.000 0.000 0.564 0.658 0.752 0.752 0.752 0.752 0.752 0.846 0.846 0.940 1.034 1.128 1.222
0.000 0.000 0.000 0.000 0.000 0.000 0.000 0.000 0.000 0.000 0.000 0.000 0.000 0.000 8.318 8.318 8.464 0.942 0.942 0.878 0.767 0.655 0.527 0.495 2.632 2.444 2.162 1.974 2.632 3.573 4.513 5.453 0.000 0.000 0.000 0.000 0.000 0.000 0.000 0.000 0.000 0.000 0.000 0.000 0.000 0.000 0.000 0.000 0.000 0.000 0.000 0.000 0.000 0.000 0.000 0.000 0.000 0.000 0.000 0.000 0.000 0.000 0.000 0.000 0.000 0.000 0.000 0.000 0.000 0.000 0.000 0.000 0.000 0.094 0.188 0.282 0.470
0.000 0.000 0.000 0.000 0.000 0.000 0.000 0.000 0.000 0.000 0.000 0.000 0.000 0.000 8.318 8.172 8.172 0.878 0.862 0.799 0.719 0.607 0.527 0.495 2.726 2.538 2.350 2.162 3.008 3.855 4.701 0.000 0.000 0.000 0.000 0.000 0.000 0.000 0.000 0.000 0.000 0.000 0.000 0.000 0.000 0.000 0.000 0.000 0.000 0.000 0.000 0.000 0.000 0.000 0.000 0.000 0.000 0.000 0.000 0.000 0.000 0.000 0.000 0.000 0.000 0.000 0.000 0.000 0.000 0.000 0.000 0.000 0.000 0.000 0.000 0.000 0.000
0.000 0.000 0.000 0.000 0.000 0.000 0.000 0.000 0.000 0.000 0.000 0.000 0.000 0.000 7.880 7.880 7.734 0.831 0.799 0.751 0.671 0.559 0.511 0.495 2.726 2.538 2.444 2.538 3.479 4.325 5.171 0.000 0.000 0.000 0.000 0.000 0.000 0.000 0.000 0.000 0.000 0.000 0.000 0.000 0.000 0.000 0.000 0.000 0.000 0.000 0.000 0.000 0.000 0.000 0.000 0.000 0.000 0.000 0.000 0.000 0.000 0.000 0.000 0.000 0.000 0.000 0.000 0.000 0.000 0.000 0.000 0.000 0.000 0.000 0.000 0.000 0.000
0.000 0.000 0.000 0.000 0.000 0.000 0.000 0.000 0.000 0.000 0.000 0.000 0.000 6.858 7.296 7.296 0.799 0.783 0.751 0.687 0.607 0.495 0.495 0.479 2.726 2.538 2.444 3.008 3.855 4.795 5.735 0.000 0.000 0.000 0.000 0.000 0.000 0.000 0.000 0.000 0.000 0.000 0.000 0.000 0.000 0.000 0.000 0.000 0.000 0.000 0.000 0.000 0.000 0.000 0.000 0.000 0.000 0.000 0.000 0.000 0.000 0.000 0.000 0.000 0.000 0.000 0.000 0.000 0.000 0.000 0.000 0.000 0.000 0.000 0.000 0.000 0.000
0.000 0.000 0.000 0.000 0.000 0.000 0.000 0.000 0.000 0.000 0.000 0.000 0.000 7.004 7.004 7.004 0.751 0.735 0.687 0.639 0.559 0.479 0.479 2.726 2.632 2.538 2.632 3.479 4.325 5.077 0.000 0.000 0.000 0.000 0.000 0.000 0.000 0.000 0.000 0.000 0.000 0.000 0.000 0.000 0.000 0.000 0.000 0.000 0.000 0.000 0.000 0.000 0.000 0.000 0.000 0.000 0.000 0.000 0.000 0.000 0.000 0.000 0.000 0.000 0.000 0.000 0.000 0.000 0.000 0.000 0.000 0.000 0.000 0.000 0.000 0.000 0.000
