数据/LID_analysis/LID_damage/LID_damage_ori/LID_GR_30y.txt
ncols         694
nrows         824
xllcorner     581104.93980083
yllcorner     3495917.0924138
cellsize      2
NODATA_value  -9999
[rows 442 to 475 of 824, columns 385 to 461 of 694]
0.000 0.000 0.000 0.000 0.000 0.000 0.000 0.000 0.000 0.000 0.000 0.000 0.000 0.000 0.000 0.000 0.032 0.048 0.730 1.021 1.605 3.356 4.815 6.275 0.831 0.990 1.150 1.310 1.469 1.613 15.322 15.468 15.614 15.760 0.000 0.000 0.000 0.000 0.000 0.000 0.000 0.000 0.000 0.000 0.000 0.000 0.000 0.000 0.000 0.000 0.000 0.000 0.000 0.000 0.000 0.000 1.021 1.459 1.605 1.897 2.043 3.064 4.086 5.107 6.129 7.296 8.318 9.339 10.360 11.528 0.000 0.000 0.000 0.000 0.000 0.000 0.000
0.000 0.000 0.000 0.000 0.000 2.043 1.459 0.876 0.438 0.000 0.000 0.000 0.000 0.000 0.032 0.048 0.064 0.096 0.128 0.160 0.208 0.303 0.495 0.671 0.831 0.990 1.150 1.310 1.453 1.597 14.884 15.030 15.176 15.468 0.000 0.000 0.000 0.000 0.000 0.000 0.000 0.000 0.000 0.000 0.000 0.000 0.000 0.000 0.000 0.000 0.000 0.000 0.000 0.000 0.000 0.000 1.021 1.459 1.897 2.918 3.940 4.961 5.983 7.004 8.172 9.193 10.215 11.236 12.403 13.279 14.446 14.738 0.000 0.000 0.000 0.000 0.000
0.000 0.000 0.000 0.000 0.000 0.000 0.000 2.918 2.335 1.751 1.167 0.584 0.000 0.292 0.438 0.080 0.096 0.128 0.160 0.208 0.240 0.303 0.447 0.639 0.799 0.974 1.134 1.310 1.469 14.592 14.446 14.446 14.446 0.000 0.000 0.000 0.000 0.000 0.000 0.000 0.000 0.000 0.000 0.000 0.000 0.000 0.000 0.000 0.000 0.000 0.000 0.000 0.000 0.000 0.000 0.438 1.605 2.627 3.794 4.815 5.837 6.858 7.880 9.047 10.069 11.090 12.112 13.133 14.300 15.322 16.343 15.906 15.030 14.446 13.863 0.000 0.000
0.000 0.000 0.000 0.000 0.000 0.000 0.000 0.000 3.648 3.356 2.918 2.335 1.751 1.167 1.021 1.021 1.167 0.160 0.208 0.240 0.287 0.335 0.383 0.575 0.767 0.942 1.118 1.294 1.517 14.154 13.863 13.717 13.571 0.000 0.000 0.000 0.000 0.000 0.000 0.000 0.000 0.000 0.000 0.000 0.000 0.000 0.000 0.000 0.000 0.000 0.000 0.000 0.000 0.000 0.000 0.000 0.000 4.670 0.000 0.000 7.734 8.755 9.777 10.944 11.966 12.987 14.154 15.030 16.197 17.073 17.511 16.927 16.197 15.614 15.030 14.300 13.717
0.000 0.000 0.000 0.000 0.000 0.000 0.000 0.000 0.000 0.000 3.940 3.794 3.502 2.918 2.335 1.897 1.751 1.897 0.240 0.272 0.319 0.367 0.415 0.495 0.703 0.878 1.054 1.214 1.390 13.133 12.987 12.695 12.549 0.000 0.000 0.000 0.000 0.000 0.000 0.000 0.000 0.000 0.000 0.000 0.000 0.000 0.000 0.000 0.000 0.000 0.000 0.000 0.000 0.000 0.000 0.000 0.000 0.000 0.000 0.000 0.000 0.000 0.000 0.000 13.717 14.884 15.906 16.927 18.094 19.116 18.532 18.094 17.365 16.635 16.051 15.468 14.738
0.000 0.000 0.000 0.000 0.000 0.000 0.000 0.000 0.000 0.000 0.000 4.524 4.232 4.086 3.940 3.502 2.918 2.627 2.627 0.319 0.351 0.383 0.431 0.479 0.607 0.799 0.974 1.134 1.278 12.112 11.820 11.528 10.798 8.901 7.442 6.712 0.000 0.000 0.000 0.000 0.000 0.000 0.000 0.000 0.000 0.000 0.000 0.000 0.000 0.000 0.000 0.000 0.000 0.000 0.000 0.000 0.000 0.000 0.000 0.000 0.000 0.000 0.000 0.000 0.000 0.000 0.000 0.000 19.845 20.429 19.700 19.116 18.532 17.803 17.073 16.489 15.906
0.000 0.000 0.000 0.000 0.000 0.000 0.000 0.000 0.000 0.000 0.000 0.000 0.000 4.815 4.524 4.378 4.086 3.940 3.502 3.502 0.383 0.415 0.447 0.479 0.543 0.703 0.878 1.038 1.182 10.944 10.652 10.215 9.339 8.026 6.712 5.545 4.232 3.502 2.918 2.773 0.000 0.000 0.000 0.000 0.000 0.000 0.000 0.000 0.000 0.000 0.000 0.000 0.000 0.000 0.000 0.000 0.000 0.000 0.000 0.000 0.000 0.000 0.000 0.000 0.000 0.000 0.000 0.000 0.000 0.000 0.000 20.283 19.554 18.824 18.240 17.511 17.073
0.000 0.000 0.000 0.000 0.000 0.000 0.000 0.000 0.000 0.000 0.000 0.000 0.000 0.000 0.000 5.107 4.815 4.524 4.378 4.232 4.232 0.463 0.463 0.495 0.527 0.575 0.767 0.942 1.086 1.070 1.038 0.974 8.026 6.712 6.129 5.545 4.670 4.086 3.502 3.064 2.335 1.897 1.897 0.000 0.000 0.000 0.000 0.000 0.000 0.000 0.000 0.000 0.000 0.000 0.000 0.000 0.000 0.000 0.000 0.000 0.000 0.000 0.000 0.000 0.000 0.000 0.000 0.000 0.000 0.000 0.000 0.000 0.000 0.000 0.000 18.678 17.948
0.000 0.000 0.000 0.000 0.000 0.000 0.000 0.000 0.000 0.000 0.000 0.000 0.000 0.000 0.000 0.000 5.399 5.107 4.670 4.524 4.524 4.524 0.527 0.511 0.527 0.575 0.639 0.815 0.942 0.926 0.878 0.799 0.767 0.719 0.655 0.607 4.961 4.524 3.940 3.502 2.918 2.481 2.189 1.751 1.313 1.021 1.021 0.000 0.000 0.000 0.000 0.000 0.000 0.000 0.000 0.000 0.000 0.000 0.000 0.000 0.000 0.000 0.000 0.000 0.000 0.000 0.000 0.000 0.000 0.000 0.000 0.000 0.000 0.000 0.000 0.000 0.000
0.000 0.000 0.000 0.000 0.000 0.000 0.000 0.000 0.000 0.000 0.000 0.000 0.000 0.000 0.000 0.000 0.000 0.000 4.815 4.524 4.524 4.524 0.511 0.511 0.527 0.559 0.591 0.671 0.783 0.751 0.735 0.735 0.719 0.687 0.639 0.607 0.559 0.527 0.463 3.794 3.356 2.918 2.627 2.189 1.751 1.459 1.313 0.876 0.584 0.438 0.292 0.146 0.000 0.000 0.000 0.000 0.000 0.000 0.000 0.000 0.000 0.000 0.000 0.000 0.000 0.000 0.000 0.000 0.000 0.000 0.000 0.000 0.000 0.000 0.000 0.000 0.000
0.000 0.000 0.000 0.000 0.000 0.000 0.000 0.000 0.000 0.000 0.000 0.000 0.000 0.000 0.000 0.000 0.000 0.000 4.670 4.524 4.524 4.378 0.479 0.495 0.495 0.495 0.543 0.575 0.623 0.671 0.703 0.703 0.687 0.655 0.639 0.623 0.591 0.543 0.495 0.463 0.415 0.367 0.335 2.627 2.335 1.897 1.605 1.167 0.876 0.730 0.584 0.438 0.292 0.146 0.000 0.000 0.000 0.000 0.000 0.000 0.000 0.000 0.000 0.000 0.000 0.000 0.000 0.000 0.000 0.000 0.000 0.000 0.000 0.000 0.000 0.000 0.000
0.000 0.000 0.000 0.000 0.000 0.000 0.000 0.000 0.000 0.000 0.000 0.000 0.000 0.000 0.000 0.000 0.000 0.000 4.670 4.524 4.378 4.232 0.463 0.463 0.447 0.431 0.447 0.463 0.543 0.607 0.639 0.655 0.671 0.655 0.655 0.639 0.607 0.575 0.543 0.495 0.463 0.415 0.383 0.335 0.303 0.256 1.897 1.605 1.313 1.021 0.876 0.730 0.584 0.438 0.292 0.146 0.000 0.000 0.000 0.000 0.000 0.000 0.000 0.000 0.000 0.000 0.000 0.000 0.000 0.000 0.000 0.000 0.000 0.000 0.000 0.000 0.000
0.000 0.000 0.000 0.000 0.000 0.000 0.000 0.000 0.000 0.000 0.000 0.000 0.000 0.000 0.000 0.000 0.000 0.000 4.524 4.232 4.232 0.447 0.431 0.431 0.415 0.399 0.367 0.367 0.463 0.527 0.559 0.591 0.607 0.639 0.655 3.761 3.761 0.607 0.575 0.543 0.511 0.479 0.431 0.399 0.351 0.319 0.272 0.224 0.192 0.176 1.313 1.167 0.876 0.730 0.584 0.438 0.292 0.146 0.000 0.000 0.000 0.000 0.000 0.000 0.000 0.000 0.000 0.000 0.000 0.000 0.000 0.000 0.000 0.000 0.000 0.000 0.000
0.000 0.000 0.000 0.000 0.000 0.000 0.000 0.000 0.000 0.000 0.000 0.000 0.000 0.000 0.000 0.000 0.000 3.794 4.086 4.086 3.940 0.415 0.415 0.399 0.383 0.351 0.303 0.319 0.383 0.447 0.495 0.527 3.384 3.573 3.667 3.667 3.667 3.573 3.479 3.384 3.290 0.543 0.495 0.463 0.431 0.383 0.335 0.303 0.272 0.240 0.208 0.176 0.160 0.128 1.021 0.876 0.730 0.584 0.438 0.292 0.146 0.000 0.000 0.000 0.000 0.000 0.000 0.000 0.000 0.000 0.000 0.000 0.000 0.000 0.000 0.000 0.000
0.000 0.000 0.000 0.000 0.000 0.000 0.000 0.000 0.000 0.000 0.000 0.000 0.000 0.000 0.000 0.000 0.000 4.086 3.940 3.940 3.794 0.399 0.383 0.367 0.351 0.319 0.256 0.287 0.335 0.383 2.632 3.008 3.196 3.384 3.479 3.479 3.479 3.479 3.384 3.384 3.290 3.196 3.102 3.008 2.820 0.463 0.431 0.399 0.367 0.335 0.287 0.272 0.240 0.208 0.176 0.160 0.144 1.021 0.876 0.730 0.584 0.584 0.438 0.438 1.021 0.876 0.000 0.000 0.000 0.000 0.000 0.000 0.000 0.000 0.000 0.000 0.000
0.000 0.000 0.000 0.000 0.000 0.000 0.000 0.000 0.000 0.000 0.000 0.000 0.000 0.000 0.000 0.000 0.000 4.086 3.940 3.794 3.794 0.399 0.367 0.351 0.319 0.287 0.224 0.272 0.319 2.162 2.538 2.820 3.008 3.196 3.290 3.290 3.384 3.384 3.384 3.384 3.384 3.290 3.196 3.102 3.008 2.914 2.820 2.632 0.431 0.415 0.383 0.367 0.335 0.303 0.272 0.256 0.240 0.224 0.208 0.208 0.208 1.897 2.043 2.481 2.918 2.043 0.876 0.000 0.000 0.000 0.000 0.000 0.000 0.000 0.000 0.000 0.000
0.000 0.000 0.000 0.000 0.000 0.000 0.000 0.000 0.000 0.000 0.000 0.000 0.000 0.000 0.000 0.000 0.000 3.940 3.794 3.794 0.399 0.383 0.367 0.335 0.303 0.256 0.224 0.256 1.786 2.068 2.350 2.632 2.820 3.008 3.102 3.196 3.290 3.384 3.479 3.479 3.479 3.479 3.384 3.290 3.196 3.102 3.008 2.914 2.820 2.726 2.632 2.538 0.415 0.399 0.383 0.383 0.367 0.367 0.367 0.383 0.399 0.415 0.447 0.495 0.447 3.064 1.313 0.000 0.000 0.000 0.000 0.000 0.000 0.000 0.000 0.000 0.000
0.000 0.000 0.000 0.000 0.000 0.000 0.000 0.000 0.000 0.000 0.000 0.000 0.000 0.000 0.000 0.000 3.356 3.648 3.648 3.648 0.383 0.367 0.351 0.319 0.272 0.224 0.208 0.240 1.692 1.880 2.162 2.444 2.632 2.820 3.008 3.102 3.290 3.479 3.573 3.667 3.667 3.667 3.573 3.573 3.479 3.384 3.290 3.196 3.102 3.008 2.914 2.820 2.820 2.726 2.726 0.463 0.479 0.495 0.527 0.559 0.607 0.623 0.655 0.687 0.527 0.335 0.144 0.080 0.438 0.000 0.000 0.000 0.000 0.000 0.000 0.000 0.000
0.000 0.000 0.000 0.000 0.000 0.000 0.000 0.000 0.000 0.000 0.000 0.000 0.000 0.000 0.000 0.000 3.502 3.502 3.502 3.502 0.367 0.351 0.319 0.303 0.256 0.192 0.208 0.224 1.504 1.786 1.974 2.256 2.444 2.726 2.914 3.196 3.479 3.761 3.855 3.949 3.949 3.949 3.855 3.855 3.761 3.667 3.667 3.573 3.479 3.384 3.290 3.196 3.196 3.196 3.196 3.290 3.479 3.667 3.855 0.703 0.735 0.783 0.815 0.799 0.878 0.783 0.623 0.495 0.383 0.287 0.208 0.144 0.876 0.438 0.000 0.000 0.000
0.000 0.000 0.000 0.000 0.000 0.000 0.000 0.000 0.000 0.000 0.000 0.000 0.000 0.000 0.000 0.000 3.648 3.502 3.356 3.356 0.351 0.335 0.303 0.272 0.224 0.176 0.192 1.316 1.410 1.692 1.880 2.162 2.444 2.726 3.008 3.479 3.855 4.231 4.325 4.231 4.231 4.231 4.231 4.231 4.137 4.043 3.949 3.855 3.855 3.761 3.667 3.667 3.667 3.667 3.761 3.949 4.137 4.325 4.607 4.889 5.171 4.983 4.607 0.719 0.783 0.831 0.878 0.910 0.926 0.783 0.639 0.511 0.399 0.287 0.208 0.144 0.730
13.717 13.425 12.987 0.000 0.000 0.000 0.000 0.000 0.000 0.000 0.000 0.000 0.000 0.000 0.000 4.232 3.940 3.648 3.356 0.351 0.335 0.319 0.287 0.256 0.192 0.176 0.192 1.222 1.410 1.598 1.786 2.068 2.444 2.914 3.384 3.949 4.513 4.889 4.889 4.607 4.607 4.701 4.701 4.607 4.513 4.419 4.325 4.231 4.231 4.137 4.137 4.137 4.137 4.231 4.419 4.607 4.889 5.171 5.453 5.359 5.077 4.795 4.419 3.855 4.043 4.325 0.767 0.799 0.846 0.894 0.926 0.974 0.926 0.783 0.639 0.495 0.383
14.446 14.009 13.571 12.987 12.403 12.112 0.000 0.000 0.000 0.000 0.000 0.000 0.000 0.000 0.000 4.961 4.670 4.378 4.086 0.415 0.367 0.303 0.272 0.240 0.160 0.160 0.176 1.128 1.316 1.504 1.786 2.162 2.632 3.290 3.855 4.607 5.265 5.923 0.000 4.701 5.171 5.265 5.265 4.889 4.795 4.795 4.701 4.607 4.607 4.607 4.607 4.607 4.701 4.889 5.077 5.265 5.641 5.641 5.453 5.171 4.889 4.513 4.137 3.573 3.667 3.761 3.949 4.137 4.325 4.607 0.815 0.846 0.894 0.942 0.974 1.006 0.910
15.030 14.738 14.154 13.571 13.133 12.695 11.966 11.382 10.944 10.652 0.000 0.000 0.000 0.000 0.000 5.691 5.399 5.253 4.961 0.495 0.447 0.399 0.335 0.256 0.160 0.160 1.034 1.128 1.316 1.504 1.880 2.444 3.102 3.855 4.513 5.265 6.017 0.000 0.000 0.000 0.000 0.000 0.000 4.983 5.265 5.359 4.983 5.077 5.077 5.171 5.077 5.171 5.265 5.547 5.735 5.923 5.641 5.359 5.171 4.889 4.607 4.325 3.949 3.384 3.290 3.290 3.384 3.573 3.761 3.949 4.137 4.325 4.513 4.795 0.846 0.878 0.926
0.000 0.000 0.000 14.009 13.717 13.279 12.549 12.112 11.674 11.090 10.360 9.777 9.193 0.000 0.000 6.421 6.275 6.129 5.837 0.607 0.543 0.479 0.399 0.303 0.240 0.208 1.034 1.128 1.316 1.598 2.162 2.914 3.667 4.513 5.265 0.000 0.000 0.000 0.000 0.000 0.000 0.000 0.000 0.000 0.000 0.000 5.171 5.547 5.735 5.735 5.453 5.641 5.923 6.205 5.829 5.547 5.359 5.077 4.889 4.607 4.325 4.043 3.667 3.102 2.914 2.914 3.008 3.102 3.196 3.290 3.479 3.667 3.855 4.043 4.231 4.419 4.701
0.000 0.000 0.000 0.000 0.000 0.000 13.133 12.695 12.257 11.674 10.944 10.360 9.631 8.609 7.296 7.150 7.150 7.004 0.767 0.719 0.639 0.575 0.479 0.367 0.303 0.272 1.316 1.128 1.316 1.786 2.538 3.384 4.231 5.171 0.000 0.000 0.000 0.000 0.000 0.000 0.000 0.000 0.000 0.000 0.000 0.000 0.000 0.000 0.000 0.000 5.735 6.205 6.111 5.829 5.453 5.171 4.983 4.701 4.513 4.231 4.043 3.761 3.384 2.914 2.632 2.538 2.538 2.632 2.632 2.726 2.914 3.008 3.196 3.384 3.573 3.761 3.949
0.000 0.000 0.000 0.000 0.000 0.000 0.000 0.000 0.000 0.000 11.236 10.798 10.215 9.193 7.880 7.880 8.026 8.318 0.926 0.846 0.751 0.655 0.559 0.415 0.367 1.880 1.598 1.316 1.410 2.068 2.914 3.855 4.795 0.000 0.000 0.000 0.000 0.000 0.000 0.000 0.000 0.000 0.000 0.000 0.000 0.000 0.000 0.000 0.000 0.000 0.000 0.000 0.000 0.000 4.795 4.795 4.607 4.325 4.137 3.949 3.667 3.384 3.008 2.632 2.256 2.162 2.162 2.162 2.162 2.256 2.350 2.444 2.538 2.726 2.820 3.008 3.196
0.000 0.000 0.000 0.000 0.000 0.000 0.000 0.000 0.000 0.000 0.000 0.000 0.000 0.000 8.755 8.755 9.047 9.631 1.150 1.006 0.862 0.735 0.591 0.479 0.431 2.256 1.880 1.598 1.598 2.256 3.102 3.949 0.000 0.000 0.000 0.000 0.000 0.000 0.000 0.000 0.000 0.000 0.000 0.000 0.000 0.000 0.000 0.000 0.000 0.000 0.000 0.000 0.000 0.000 0.000 0.000 0.000 3.667 3.667 3.573 3.290 2.914 2.632 2.256 1.880 1.786 1.786 1.786 1.692 1.786 1.786 1.880 1.974 2.068 2.162 2.350 2.538
0.000 0.000 0.000 0.000 0.000 0.000 0.000 0.000 0.000 0.000 0.000 0.000 0.000 0.000 0.000 9.485 9.777 11.090 1.549 1.166 0.958 0.783 0.623 0.527 0.479 2.538 2.162 1.880 1.786 2.632 3.479 4.231 0.000 0.000 0.000 0.000 0.000 0.000 0.000 0.000 0.000 0.000 0.000 0.000 0.000 0.000 0.000 0.000 0.000 0.000 0.000 0.000 0.000 0.000 0.000 0.000 0.000 0.000 0.000 0.000 0.000 2.256 2.162 1.880 1.410 1.316 1.316 1.316 1.222 1.222 1.222 1.316 1.316 1.410 1.504 1.692 1.786
0.000 0.000 0.000 0.000 0.000 0.000 0.000 0.000 0.000 0.000 0.000 0.000 0.000 0.000 9.047 9.339 9.631 1.134 1.230 1.070 0.926 0.767 0.607 0.559 0.511 2.726 2.350 2.162 2.162 3.008 3.855 4.701 0.000 0.000 0.000 0.000 0.000 0.000 0.000 0.000 0.000 0.000 0.000 0.000 0.000 0.000 0.000 0.000 0.000 0.000 0.000 0.000 0.000 0.000 0.000 0.000 0.000 0.000 0.000 0.000 0.000 0.000 0.000 0.000 0.470 0.564 0.658 0.658 0.658 0.658 0.658 0.658 0.752 0.752 0.846 0.940 1.034
0.000 0.000 0.000 0.000 0.000 0.000 0.000 0.000 0.000 0.000 0.000 0.000 0.000 0.000 9.193 9.193 9.339 1.054 1.054 0.974 0.862 0.735 0.607 0.559 3.102 2.820 2.538 2.350 2.538 3.384 4.325 5.359 0.000 0.000 0.000 0.000 0.000 0.000 0.000 0.000 0.000 0.000 0.000 0.000 0.000 0.000 0.000 0.000 0.000 0.000 0.000 0.000 0.000 0.000 0.000 0.000 0.000 0.000 0.000 0.000 0.000 0.000 0.000 0.000 0.000 0.000 0.000 0.000 0.000 0.000 0.000 0.000 0.000 0.000 0.000 0.094 0.282
0.000 0.000 0.000 0.000 0.000 0.000 0.000 0.000 0.000 0.000 0.000 0.000 0.000 0.000 9.047 9.047 8.901 0.974 0.958 0.894 0.799 0.687 0.591 0.559 3.102 2.820 2.632 2.538 3.102 3.855 4.607 0.000 0.000 0.000 0.000 0.000 0.000 0.000 0.000 0.000 0.000 0.000 0.000 0.000 0.000 0.000 0.000 0.000 0.000 0.000 0.000 0.000 0.000 0.000 0.000 0.000 0.000 0.000 0.000 0.000 0.000 0.000 0.000 0.000 0.000 0.000 0.000 0.000 0.000 0.000 0.000 0.000 0.000 0.000 0.000 0.000 0.000
0.000 0.000 0.000 0.000 0.000 0.000 0.000 0.000 0.000 0.000 0.000 0.000 0.000 0.000 8.755 8.609 8.464 0.910 0.878 0.831 0.735 0.623 0.575 0.559 3.102 2.914 2.726 3.008 3.667 4.419 5.265 0.000 0.000 0.000 0.000 0.000 0.000 0.000 0.000 0.000 0.000 0.000 0.000 0.000 0.000 0.000 0.000 0.000 0.000 0.000 0.000 0.000 0.000 0.000 0.000 0.000 0.000 0.000 0.000 0.000 0.000 0.000 0.000 0.000 0.000 0.000 0.000 0.000 0.000 0.000 0.000 0.000 0.000 0.000 0.000 0.000 0.000
0.000 0.000 0.000 0.000 0.000 0.000 0.000 0.000 0.000 0.000 0.000 0.000 0.000 7.588 8.026 8.172 0.878 0.862 0.831 0.767 0.687 0.575 0.559 0.543 3.102 2.914 2.914 3.573 4.325 5.077 5.923 0.000 0.000 0.000 0.000 0.000 0.000 0.000 0.000 0.000 0.000 0.000 0.000 0.000 0.000 0.000 0.000 0.000 0.000 0.000 0.000 0.000 0.000 0.000 0.000 0.000 0.000 0.000 0.000 0.000 0.000 0.000 0.000 0.000 0.000 0.000 0.000 0.000 0.000 0.000 0.000 0.000 0.000 0.000 0.000 0.000 0.000
0.000 0.000 0.000 0.000 0.000 0.000 0.000 0.000 0.000 0.000 0.000 0.000 0.000 7.734 7.734 7.734 0.831 0.815 0.767 0.703 0.623 0.543 0.543 3.102 3.008 2.914 3.384 4.043 4.889 5.641 0.000 0.000 0.000 0.000 0.000 0.000 0.000 0.000 0.000 0.000 0.000 0.000 0.000 0.000 0.000 0.000 0.000 0.000 0.000 0.000 0.000 0.000 0.000 0.000 0.000 0.000 0.000 0.000 0.000 0.000 0.000 0.000 0.000 0.000 0.000 0.000 0.000 0.000 0.000 0.000 0.000 0.000 0.000 0.000 0.000 0.000 0.000
