数据/LID_analysis/LID_damage/LID_damage_ori/LID_BC_10y.txt
ncols         694
nrows         824
xllcorner     581104.93980083
yllcorner     3495917.0924138
cellsize      2
NODATA_value  -9999
[rows 442 to 475 of 824, columns 385 to 461 of 694]
0.000 0.000 0.000 0.000 0.000 0.000 0.000 0.000 0.000 0.000 0.000 0.000 0.000 0.000 0.000 0.000 0.000 0.000 0.000 0.000 0.000 0.584 2.189 3.502 0.527 0.687 0.831 0.974 1.118 1.262 11.966 11.966 12.112 12.112 0.000 0.000 0.000 0.000 0.000 0.000 0.000 0.000 0.000 0.000 0.000 0.000 0.000 0.000 0.000 0.000 0.000 0.000 0.000 0.000 0.000 0.000 0.438 0.730 0.876 1.021 1.021 1.167 1.167 1.167 1.021 1.021 1.021 1.167 2.043 3.064 0.000 0.000 0.000 0.000 0.000 0.000 0.000
0.000 0.000 0.000 0.000 0.000 0.000 0.000 0.000 0.000 0.000 0.000 0.000 0.000 0.000 0.000 0.000 0.000 0.000 0.000 0.000 0.000 0.064 0.240 0.383 0.543 0.687 0.846 1.006 1.150 1.278 11.820 11.820 11.966 11.966 0.000 0.000 0.000 0.000 0.000 0.000 0.000 0.000 0.000 0.000 0.000 0.000 0.000 0.000 0.000 0.000 0.000 0.000 0.000 0.000 0.000 0.000 0.438 0.584 0.876 1.021 1.167 1.167 1.167 1.167 1.167 1.167 1.897 2.918 3.940 4.961 5.983 6.275 0.000 0.000 0.000 0.000 0.000
0.000 0.000 0.000 0.000 0.000 0.000 0.000 0.000 0.000 0.000 0.000 0.000 0.000 0.000 0.000 0.000 0.000 0.000 0.000 0.032 0.048 0.080 0.208 0.367 0.527 0.703 0.862 1.022 1.166 11.820 11.528 11.528 11.528 0.000 0.000 0.000 0.000 0.000 0.000 0.000 0.000 0.000 0.000 0.000 0.000 0.000 0.000 0.000 0.000 0.000 0.000 0.000 0.000 0.000 0.000 0.000 0.584 0.876 1.313 1.605 1.459 1.459 1.459 1.605 1.897 2.773 3.794 4.815 5.837 6.858 8.026 7.442 6.712 6.129 5.399 0.000 0.000
0.000 0.000 0.000 0.000 0.000 0.000 0.000 0.000 0.000 0.000 0.000 0.000 0.000 0.000 0.000 0.000 0.000 0.032 0.048 0.064 0.096 0.128 0.160 0.351 0.511 0.687 0.846 1.038 1.278 11.674 11.236 10.944 10.944 0.000 0.000 0.000 0.000 0.000 0.000 0.000 0.000 0.000 0.000 0.000 0.000 0.000 0.000 0.000 0.000 0.000 0.000 0.000 0.000 0.000 0.000 0.000 0.000 2.773 0.000 0.000 1.751 2.189 2.481 2.773 3.648 4.670 5.691 6.712 7.734 8.755 9.193 8.609 7.880 7.150 6.567 5.837 5.253
0.000 0.000 0.000 0.000 0.000 0.000 0.000 0.000 0.000 0.000 1.021 0.730 0.438 0.000 0.000 0.000 0.292 0.438 0.080 0.096 0.128 0.160 0.208 0.272 0.463 0.639 0.815 0.974 1.134 10.798 10.506 10.360 10.215 0.000 0.000 0.000 0.000 0.000 0.000 0.000 0.000 0.000 0.000 0.000 0.000 0.000 0.000 0.000 0.000 0.000 0.000 0.000 0.000 0.000 0.000 0.000 0.000 0.000 0.000 0.000 0.000 0.000 0.000 0.000 5.399 6.567 7.588 8.609 9.631 10.652 10.215 9.631 8.901 8.318 7.588 7.004 6.275
0.000 0.000 0.000 0.000 0.000 0.000 0.000 0.000 0.000 0.000 0.000 1.459 1.313 1.313 1.167 0.730 0.584 0.730 1.021 0.128 0.160 0.192 0.240 0.287 0.383 0.575 0.751 0.910 1.054 9.923 9.631 9.339 8.609 7.004 5.837 5.253 0.000 0.000 0.000 0.000 0.000 0.000 0.000 0.000 0.000 0.000 0.000 0.000 0.000 0.000 0.000 0.000 0.000 0.000 0.000 0.000 0.000 0.000 0.000 0.000 0.000 0.000 0.000 0.000 0.000 0.000 0.000 0.000 11.528 11.966 11.382 10.652 10.069 9.339 8.609 8.026 7.442
0.000 0.000 0.000 0.000 0.000 0.000 0.000 0.000 0.000 0.000 0.000 0.000 0.000 2.043 1.897 1.751 1.605 1.459 1.459 1.605 0.192 0.224 0.256 0.303 0.335 0.495 0.671 0.831 0.958 8.901 8.609 8.172 7.442 6.275 5.253 4.232 3.210 2.481 2.043 1.897 0.000 0.000 0.000 0.000 0.000 0.000 0.000 0.000 0.000 0.000 0.000 0.000 0.000 0.000 0.000 0.000 0.000 0.000 0.000 0.000 0.000 0.000 0.000 0.000 0.000 0.000 0.000 0.000 0.000 0.000 0.000 11.820 11.090 10.506 9.923 9.193 8.464
0.000 0.000 0.000 0.000 0.000 0.000 0.000 0.000 0.000 0.000 0.000 0.000 0.000 0.000 0.000 2.481 2.335 2.043 2.043 2.043 2.189 0.272 0.287 0.319 0.351 0.399 0.575 0.735 0.878 0.862 0.831 0.767 6.275 5.253 4.670 4.232 3.648 3.064 2.627 2.189 1.751 1.313 1.313 0.000 0.000 0.000 0.000 0.000 0.000 0.000 0.000 0.000 0.000 0.000 0.000 0.000 0.000 0.000 0.000 0.000 0.000 0.000 0.000 0.000 0.000 0.000 0.000 0.000 0.000 0.000 0.000 0.000 0.000 0.000 0.000 10.215 9.631
0.000 0.000 0.000 0.000 0.000 0.000 0.000 0.000 0.000 0.000 0.000 0.000 0.000 0.000 0.000 0.000 2.918 2.773 2.481 2.335 2.481 2.773 0.335 0.335 0.351 0.383 0.463 0.639 0.751 0.735 0.687 0.623 0.591 0.543 0.511 0.479 3.794 3.356 2.918 2.627 2.189 1.751 1.605 1.167 0.876 0.584 0.584 0.000 0.000 0.000 0.000 0.000 0.000 0.000 0.000 0.000 0.000 0.000 0.000 0.000 0.000 0.000 0.000 0.000 0.000 0.000 0.000 0.000 0.000 0.000 0.000 0.000 0.000 0.000 0.000 0.000 0.000
0.000 0.000 0.000 0.000 0.000 0.000 0.000 0.000 0.000 0.000 0.000 0.000 0.000 0.000 0.000 0.000 0.000 0.000 2.627 2.481 2.481 2.627 0.319 0.351 0.367 0.399 0.415 0.511 0.607 0.575 0.575 0.575 0.559 0.527 0.511 0.479 0.447 0.399 0.351 2.918 2.481 2.189 1.897 1.605 1.313 1.021 0.876 0.584 0.438 0.292 0.146 0.000 0.000 0.000 0.000 0.000 0.000 0.000 0.000 0.000 0.000 0.000 0.000 0.000 0.000 0.000 0.000 0.000 0.000 0.000 0.000 0.000 0.000 0.000 0.000 0.000 0.000
0.000 0.000 0.000 0.000 0.000 0.000 0.000 0.000 0.000 0.000 0.000 0.000 0.000 0.000 0.000 0.000 0.000 0.000 2.773 2.481 2.481 2.481 0.303 0.319 0.335 0.351 0.383 0.415 0.463 0.511 0.527 0.527 0.527 0.511 0.511 0.495 0.463 0.415 0.383 0.351 0.319 0.272 0.240 1.897 1.605 1.313 1.021 0.730 0.584 0.438 0.292 0.146 0.000 0.000 0.000 0.000 0.000 0.000 0.000 0.000 0.000 0.000 0.000 0.000 0.000 0.000 0.000 0.000 0.000 0.000 0.000 0.000 0.000 0.000 0.000 0.000 0.000
0.000 0.000 0.000 0.000 0.000 0.000 0.000 0.000 0.000 0.000 0.000 0.000 0.000 0.000 0.000 0.000 0.000 0.000 2.773 2.627 2.481 2.481 0.272 0.303 0.319 0.319 0.319 0.319 0.383 0.447 0.479 0.511 0.527 0.527 0.527 0.511 0.479 0.447 0.415 0.383 0.351 0.319 0.287 0.256 0.208 0.176 1.313 1.021 0.876 0.584 0.438 0.292 0.146 0.000 0.000 0.000 0.000 0.000 0.000 0.000 0.000 0.000 0.000 0.000 0.000 0.000 0.000 0.000 0.000 0.000 0.000 0.000 0.000 0.000 0.000 0.000 0.000
0.000 0.000 0.000 0.000 0.000 0.000 0.000 0.000 0.000 0.000 0.000 0.000 0.000 0.000 0.000 0.000 0.000 0.000 2.773 2.627 2.481 0.256 0.256 0.272 0.272 0.272 0.256 0.240 0.319 0.367 0.415 0.463 0.495 0.511 0.511 3.008 3.008 0.479 0.463 0.431 0.399 0.367 0.335 0.303 0.256 0.224 0.176 0.160 0.128 0.112 0.730 0.584 0.438 0.292 0.146 0.000 0.000 0.000 0.000 0.000 0.000 0.000 0.000 0.000 0.000 0.000 0.000 0.000 0.000 0.000 0.000 0.000 0.000 0.000 0.000 0.000 0.000
0.000 0.000 0.000 0.000 0.000 0.000 0.000 0.000 0.000 0.000 0.000 0.000 0.000 0.000 0.000 0.000 0.000 2.189 2.481 2.481 2.335 0.256 0.240 0.240 0.256 0.240 0.208 0.208 0.256 0.319 0.383 0.431 2.726 2.820 2.914 2.914 2.914 2.820 2.726 2.726 2.538 0.415 0.383 0.351 0.319 0.287 0.240 0.208 0.192 0.160 0.128 0.112 0.096 0.064 0.438 0.292 0.146 0.000 0.000 0.000 0.000 0.000 0.000 0.000 0.000 0.000 0.000 0.000 0.000 0.000 0.000 0.000 0.000 0.000 0.000 0.000 0.000
0.000 0.000 0.000 0.000 0.000 0.000 0.000 0.000 0.000 0.000 0.000 0.000 0.000 0.000 0.000 0.000 0.000 2.481 2.481 2.335 2.335 0.256 0.240 0.240 0.224 0.208 0.176 0.192 0.240 0.287 2.068 2.350 2.538 2.632 2.726 2.726 2.726 2.726 2.726 2.632 2.632 2.538 2.444 2.256 2.162 0.351 0.319 0.287 0.256 0.224 0.192 0.176 0.144 0.128 0.096 0.080 0.064 0.438 0.292 0.146 0.000 0.000 0.000 0.000 0.000 0.000 0.000 0.000 0.000 0.000 0.000 0.000 0.000 0.000 0.000 0.000 0.000
0.000 0.000 0.000 0.000 0.000 0.000 0.000 0.000 0.000 0.000 0.000 0.000 0.000 0.000 0.000 0.000 0.000 2.627 2.481 2.335 2.335 0.240 0.240 0.224 0.208 0.192 0.144 0.176 0.224 1.598 1.880 2.162 2.350 2.444 2.538 2.632 2.632 2.726 2.632 2.632 2.632 2.538 2.538 2.444 2.350 2.162 2.068 1.974 0.319 0.287 0.272 0.256 0.224 0.192 0.176 0.144 0.128 0.112 0.096 0.080 0.064 0.584 0.584 0.876 1.605 0.730 0.000 0.000 0.000 0.000 0.000 0.000 0.000 0.000 0.000 0.000 0.000
0.000 0.000 0.000 0.000 0.000 0.000 0.000 0.000 0.000 0.000 0.000 0.000 0.000 0.000 0.000 0.000 0.000 2.481 2.335 2.335 0.240 0.240 0.224 0.208 0.192 0.160 0.128 0.160 1.222 1.410 1.692 1.974 2.162 2.256 2.444 2.538 2.538 2.632 2.632 2.632 2.632 2.632 2.632 2.538 2.444 2.350 2.256 2.162 2.068 1.974 1.880 1.786 0.287 0.272 0.256 0.240 0.224 0.208 0.208 0.208 0.224 0.240 0.272 0.335 0.303 1.751 0.000 0.000 0.000 0.000 0.000 0.000 0.000 0.000 0.000 0.000 0.000
0.000 0.000 0.000 0.000 0.000 0.000 0.000 0.000 0.000 0.000 0.000 0.000 0.000 0.000 0.000 0.000 2.043 2.335 2.335 2.189 0.240 0.224 0.208 0.192 0.176 0.128 0.128 0.144 1.034 1.316 1.598 1.786 1.974 2.162 2.256 2.444 2.538 2.632 2.726 2.820 2.820 2.820 2.726 2.726 2.632 2.632 2.538 2.444 2.350 2.256 2.162 2.068 1.974 1.880 1.880 0.303 0.319 0.335 0.351 0.399 0.431 0.463 0.495 0.543 0.383 0.208 0.000 0.000 0.000 0.000 0.000 0.000 0.000 0.000 0.000 0.000 0.000
0.000 0.000 0.000 0.000 0.000 0.000 0.000 0.000 0.000 0.000 0.000 0.000 0.000 0.000 0.000 0.000 2.189 2.189 2.189 2.189 0.224 0.224 0.208 0.192 0.160 0.096 0.112 0.144 0.940 1.222 1.410 1.692 1.880 2.068 2.162 2.350 2.632 2.820 2.914 3.008 3.008 3.008 3.008 3.008 2.914 2.820 2.726 2.726 2.632 2.538 2.444 2.350 2.350 2.256 2.256 2.350 2.444 2.632 2.820 0.527 0.575 0.623 0.671 0.655 0.719 0.623 0.495 0.383 0.272 0.208 0.144 0.096 0.438 0.000 0.000 0.000 0.000
0.000 0.000 0.000 0.000 0.000 0.000 0.000 0.000 0.000 0.000 0.000 0.000 0.000 0.000 0.000 0.000 2.335 2.189 2.189 2.043 0.224 0.208 0.192 0.176 0.128 0.096 0.112 0.752 0.940 1.128 1.316 1.504 1.692 1.974 2.162 2.538 2.914 3.196 3.384 3.290 3.290 3.290 3.290 3.290 3.196 3.102 3.102 3.008 2.914 2.820 2.820 2.726 2.726 2.726 2.820 2.914 3.102 3.384 3.667 3.949 4.231 4.043 3.761 0.575 0.623 0.687 0.719 0.767 0.783 0.655 0.511 0.399 0.287 0.208 0.144 0.096 0.438
6.567 6.275 5.983 0.000 0.000 0.000 0.000 0.000 0.000 0.000 0.000 0.000 0.000 0.000 0.000 2.918 2.627 2.335 2.043 0.224 0.208 0.208 0.176 0.160 0.112 0.096 0.096 0.658 0.846 1.034 1.222 1.410 1.692 1.974 2.444 2.914 3.479 3.949 3.949 3.667 3.667 3.761 3.761 3.667 3.573 3.479 3.384 3.290 3.290 3.196 3.196 3.196 3.196 3.290 3.384 3.573 3.855 4.137 4.513 4.419 4.137 3.855 3.573 3.008 3.196 3.384 0.623 0.655 0.703 0.751 0.783 0.815 0.783 0.639 0.511 0.383 0.287
7.150 6.858 6.567 6.129 5.691 5.399 0.000 0.000 0.000 0.000 0.000 0.000 0.000 0.000 0.000 3.648 3.356 3.064 2.773 0.272 0.240 0.192 0.176 0.144 0.096 0.096 0.096 0.658 0.752 0.940 1.128 1.410 1.786 2.256 2.914 3.573 4.231 4.889 0.000 3.761 4.137 4.325 4.231 3.949 3.855 3.855 3.761 3.667 3.667 3.667 3.573 3.573 3.667 3.855 4.043 4.325 4.607 4.701 4.513 4.231 3.949 3.667 3.290 2.820 2.820 2.914 3.102 3.290 3.479 3.761 0.671 0.703 0.751 0.783 0.815 0.846 0.767
7.880 7.588 7.150 6.712 6.421 6.129 5.691 5.253 4.961 4.670 0.000 0.000 0.000 0.000 0.000 4.378 4.086 3.940 3.648 0.367 0.319 0.272 0.224 0.144 0.080 0.080 0.564 0.564 0.658 0.846 1.128 1.504 2.068 2.820 3.573 4.325 5.077 0.000 0.000 0.000 0.000 0.000 0.000 4.043 4.325 4.325 4.043 4.043 4.137 4.137 4.043 4.137 4.231 4.513 4.701 4.983 4.701 4.419 4.231 3.949 3.761 3.479 3.102 2.632 2.538 2.538 2.632 2.726 2.914 3.102 3.290 3.479 3.667 3.949 0.703 0.735 0.783
0.000 0.000 0.000 7.442 7.150 6.712 6.275 5.983 5.691 5.253 4.815 4.378 4.086 0.000 0.000 5.107 4.961 4.815 4.524 0.463 0.415 0.351 0.287 0.208 0.144 0.128 0.564 0.564 0.658 0.846 1.222 1.880 2.632 3.479 4.231 0.000 0.000 0.000 0.000 0.000 0.000 0.000 0.000 0.000 0.000 0.000 4.137 4.513 4.701 4.701 4.513 4.607 4.889 5.171 4.889 4.607 4.419 4.137 3.949 3.761 3.479 3.196 2.914 2.444 2.256 2.256 2.256 2.256 2.350 2.538 2.632 2.820 3.008 3.196 3.384 3.573 3.761
0.000 0.000 0.000 0.000 0.000 0.000 7.004 6.712 6.275 5.983 5.399 5.107 5.107 5.399 5.691 5.691 5.691 5.545 0.607 0.559 0.511 0.447 0.367 0.256 0.208 0.176 0.846 0.658 0.658 0.846 1.504 2.350 3.290 4.137 0.000 0.000 0.000 0.000 0.000 0.000 0.000 0.000 0.000 0.000 0.000 0.000 0.000 0.000 0.000 0.000 4.701 5.171 5.171 4.889 4.513 4.231 4.043 3.855 3.573 3.384 3.196 2.914 2.632 2.256 1.974 1.880 1.880 1.880 1.974 1.974 2.068 2.256 2.350 2.538 2.726 2.914 3.102
0.000 0.000 0.000 0.000 0.000 0.000 0.000 0.000 0.000 0.000 5.983 5.837 5.983 6.129 6.567 6.421 6.567 6.712 0.751 0.687 0.607 0.527 0.431 0.303 0.272 1.316 1.034 0.846 0.752 1.034 1.786 2.726 3.855 0.000 0.000 0.000 0.000 0.000 0.000 0.000 0.000 0.000 0.000 0.000 0.000 0.000 0.000 0.000 0.000 0.000 0.000 0.000 0.000 0.000 3.855 3.855 3.667 3.384 3.196 3.102 2.914 2.632 2.350 1.974 1.692 1.598 1.598 1.598 1.504 1.598 1.598 1.692 1.786 1.880 2.068 2.162 2.350
0.000 0.000 0.000 0.000 0.000 0.000 0.000 0.000 0.000 0.000 0.000 0.000 0.000 0.000 7.442 7.296 7.442 8.026 0.958 0.831 0.719 0.591 0.479 0.367 0.319 1.598 1.316 1.128 0.940 1.128 1.974 2.820 0.000 0.000 0.000 0.000 0.000 0.000 0.000 0.000 0.000 0.000 0.000 0.000 0.000 0.000 0.000 0.000 0.000 0.000 0.000 0.000 0.000 0.000 0.000 0.000 0.000 2.820 2.820 2.726 2.538 2.256 1.974 1.692 1.316 1.316 1.222 1.222 1.222 1.128 1.128 1.222 1.222 1.316 1.410 1.504 1.692
0.000 0.000 0.000 0.000 0.000 0.000 0.000 0.000 0.000 0.000 0.000 0.000 0.000 0.000 0.000 7.880 8.172 9.339 1.358 0.990 0.799 0.639 0.495 0.415 0.367 1.880 1.504 1.316 1.222 1.410 2.256 3.102 0.000 0.000 0.000 0.000 0.000 0.000 0.000 0.000 0.000 0.000 0.000 0.000 0.000 0.000 0.000 0.000 0.000 0.000 0.000 0.000 0.000 0.000 0.000 0.000 0.000 0.000 0.000 0.000 0.000 1.598 1.598 1.316 1.034 0.940 0.846 0.846 0.846 0.752 0.752 0.752 0.752 0.752 0.752 0.846 0.940
0.000 0.000 0.000 0.000 0.000 0.000 0.000 0.000 0.000 0.000 0.000 0.000 0.000 0.000 7.442 7.734 8.172 0.942 1.038 0.894 0.767 0.639 0.495 0.431 0.399 2.068 1.786 1.598 1.410 1.786 2.632 3.479 0.000 0.000 0.000 0.000 0.000 0.000 0.000 0.000 0.000 0.000 0.000 0.000 0.000 0.000 0.000 0.000 0.000 0.000 0.000 0.000 0.000 0.000 0.000 0.000 0.000 0.000 0.000 0.000 0.000 0.000 0.000 0.000 0.188 0.188 0.188 0.188 0.188 0.094 0.000 0.000 0.000 0.000 0.000 0.000 0.094
0.000 0.000 0.000 0.000 0.000 0.000 0.000 0.000 0.000 0.000 0.000 0.000 0.000 0.000 7.734 7.734 7.880 0.878 0.894 0.815 0.719 0.607 0.479 0.447 2.444 2.162 1.974 1.786 1.692 2.162 3.102 4.043 0.000 0.000 0.000 0.000 0.000 0.000 0.000 0.000 0.000 0.000 0.000 0.000 0.000 0.000 0.000 0.000 0.000 0.000 0.000 0.000 0.000 0.000 0.000 0.000 0.000 0.000 0.000 0.000 0.000 0.000 0.000 0.000 0.000 0.000 0.000 0.000 0.000 0.000 0.000 0.000 0.000 0.000 0.000 0.000 0.000
0.000 0.000 0.000 0.000 0.000 0.000 0.000 0.000 0.000 0.000 0.000 0.000 0.000 0.000 7.734 7.588 7.588 0.831 0.815 0.751 0.671 0.559 0.479 0.447 2.444 2.256 2.162 1.974 1.880 2.538 3.384 0.000 0.000 0.000 0.000 0.000 0.000 0.000 0.000 0.000 0.000 0.000 0.000 0.000 0.000 0.000 0.000 0.000 0.000 0.000 0.000 0.000 0.000 0.000 0.000 0.000 0.000 0.000 0.000 0.000 0.000 0.000 0.000 0.000 0.000 0.000 0.000 0.000 0.000 0.000 0.000 0.000 0.000 0.000 0.000 0.000 0.000
0.000 0.000 0.000 0.000 0.000 0.000 0.000 0.000 0.000 0.000 0.000 0.000 0.000 0.000 7.442 7.296 7.150 0.767 0.735 0.687 0.607 0.511 0.463 0.447 2.444 2.350 2.162 2.068 2.350 3.102 3.949 0.000 0.000 0.000 0.000 0.000 0.000 0.000 0.000 0.000 0.000 0.000 0.000 0.000 0.000 0.000 0.000 0.000 0.000 0.000 0.000 0.000 0.000 0.000 0.000 0.000 0.000 0.000 0.000 0.000 0.000 0.000 0.000 0.000 0.000 0.000 0.000 0.000 0.000 0.000 0.000 0.000 0.000 0.000 0.000 0.000 0.000
0.000 0.000 0.000 0.000 0.000 0.000 0.000 0.000 0.000 0.000 0.000 0.000 0.000 6.275 6.712 6.858 0.751 0.719 0.687 0.639 0.559 0.463 0.447 0.431 2.444 2.350 2.256 2.256 2.914 3.761 4.607 0.000 0.000 0.000 0.000 0.000 0.000 0.000 0.000 0.000 0.000 0.000 0.000 0.000 0.000 0.000 0.000 0.000 0.000 0.000 0.000 0.000 0.000 0.000 0.000 0.000 0.000 0.000 0.000 0.000 0.000 0.000 0.000 0.000 0.000 0.000 0.000 0.000 0.000 0.000 0.000 0.000 0.000 0.000 0.000 0.000 0.000
0.000 0.000 0.000 0.000 0.000 0.000 0.000 0.000 0.000 0.000 0.000 0.000 0.000 6.421 6.421 6.421 0.703 0.687 0.639 0.591 0.511 0.447 0.431 2.538 2.444 2.350 2.256 2.726 3.479 4.231 0.000 0.000 0.000 0.000 0.000 0.000 0.000 0.000 0.000 0.000 0.000 0.000 0.000 0.000 0.000 0.000 0.000 0.000 0.000 0.000 0.000 0.000 0.000 0.000 0.000 0.000 0.000 0.000 0.000 0.000 0.000 0.000 0.000 0.000 0.000 0.000 0.000 0.000 0.000 0.000 0.000 0.000 0.000 0.000 0.000 0.000 0.000
