数据/50y_3h/50y_3h_res_2/50y_3h_172-0001.wd
ncols         694
nrows         824
xllcorner     581104.939801
yllcorner     3495917.092414
cellsize      2.000000
NODATA_value  -9999.000000
[rows 442 to 475 of 824, columns 385 to 461 of 694]
0.000 0.000 0.000 0.000 0.004 0.010 0.008 0.007 0.005 0.003 0.002 0.003 0.004 0.005 0.005 0.006 0.008 0.009 0.011 0.013 0.017 0.028 0.038 0.048 0.058 0.068 0.078 0.088 0.097 0.107 0.111 0.112 0.112 0.114 0.000 0.000 0.000 0.000 0.000 0.000 0.000 0.000 0.000 0.000 0.000 0.000 0.000 0.000 0.000 0.000 0.000 0.000 0.000 0.000 0.000 0.003 0.011 0.014 0.016 0.018 0.019 0.020 0.020 0.020 0.019 0.019 0.018 0.016 0.015 0.016 0.000 0.000 0.000 0.000 0.000 0.000 0.000
0.000 0.000 0.000 0.000 0.000 0.026 0.024 0.023 0.021 0.018 0.014 0.011 0.009 0.008 0.008 0.009 0.010 0.012 0.014 0.016 0.018 0.025 0.036 0.047 0.057 0.067 0.077 0.087 0.096 0.106 0.107 0.108 0.109 0.112 0.000 0.000 0.000 0.000 0.000 0.000 0.000 0.000 0.000 0.000 0.000 0.000 0.000 0.000 0.000 0.000 0.000 0.000 0.000 0.000 0.000 0.002 0.011 0.015 0.018 0.021 0.021 0.022 0.022 0.022 0.022 0.021 0.019 0.018 0.016 0.015 0.009 0.003 0.000 0.000 0.000 0.000 0.000
0.000 0.000 0.000 0.000 0.000 0.000 0.000 0.037 0.034 0.030 0.027 0.023 0.019 0.016 0.014 0.013 0.014 0.015 0.016 0.018 0.021 0.024 0.033 0.045 0.055 0.066 0.076 0.087 0.096 0.104 0.104 0.104 0.104 0.000 0.000 0.000 0.000 0.000 0.000 0.000 0.000 0.000 0.000 0.000 0.000 0.000 0.000 0.000 0.000 0.000 0.000 0.000 0.000 0.000 0.000 0.007 0.016 0.022 0.026 0.028 0.026 0.027 0.028 0.028 0.026 0.024 0.023 0.021 0.018 0.015 0.011 0.001 0.000 0.000 0.000 0.000 0.000
0.000 0.000 0.000 0.000 0.000 0.000 0.000 0.000 0.043 0.041 0.039 0.035 0.031 0.027 0.023 0.020 0.019 0.019 0.020 0.021 0.023 0.026 0.029 0.041 0.052 0.063 0.074 0.085 0.099 0.101 0.099 0.098 0.097 0.000 0.000 0.000 0.000 0.000 0.000 0.000 0.000 0.000 0.000 0.000 0.000 0.000 0.000 0.000 0.000 0.000 0.000 0.000 0.000 0.000 0.000 0.000 0.000 0.035 0.000 0.000 0.031 0.035 0.037 0.036 0.032 0.030 0.028 0.026 0.022 0.018 0.012 0.000 0.000 0.000 0.000 0.000 0.000
0.000 0.000 0.000 0.000 0.000 0.000 0.000 0.000 0.000 0.000 0.046 0.045 0.042 0.038 0.034 0.030 0.027 0.025 0.024 0.025 0.026 0.028 0.030 0.035 0.048 0.059 0.069 0.079 0.089 0.093 0.092 0.090 0.089 0.000 0.000 0.000 0.000 0.000 0.000 0.000 0.000 0.000 0.000 0.000 0.000 0.000 0.000 0.000 0.000 0.000 0.000 0.000 0.000 0.000 0.000 0.000 0.000 0.000 0.000 0.000 0.000 0.000 0.000 0.000 0.035 0.037 0.037 0.035 0.027 0.022 0.011 0.000 0.000 0.000 0.000 0.000 0.000
0.000 0.000 0.000 0.000 0.000 0.000 0.000 0.000 0.000 0.000 0.000 0.049 0.048 0.046 0.044 0.041 0.037 0.033 0.031 0.029 0.029 0.030 0.032 0.034 0.041 0.053 0.063 0.072 0.081 0.084 0.082 0.080 0.075 0.062 0.053 0.047 0.000 0.000 0.000 0.000 0.000 0.000 0.000 0.000 0.000 0.000 0.000 0.000 0.000 0.000 0.000 0.000 0.000 0.000 0.000 0.000 0.000 0.000 0.000 0.000 0.000 0.000 0.000 0.000 0.000 0.000 0.000 0.000 0.026 0.024 0.008 0.000 0.000 0.000 0.000 0.000 0.000
0.000 0.000 0.000 0.000 0.000 0.000 0.000 0.000 0.000 0.000 0.000 0.000 0.000 0.051 0.049 0.047 0.045 0.044 0.039 0.036 0.034 0.033 0.033 0.035 0.036 0.045 0.055 0.062 0.068 0.072 0.072 0.070 0.065 0.056 0.047 0.040 0.031 0.025 0.021 0.020 0.000 0.000 0.000 0.000 0.000 0.000 0.000 0.000 0.000 0.000 0.000 0.000 0.000 0.000 0.000 0.000 0.000 0.000 0.000 0.000 0.000 0.000 0.000 0.000 0.000 0.000 0.000 0.000 0.000 0.000 0.000 0.000 0.000 0.000 0.000 0.000 0.000
0.000 0.000 0.000 0.000 0.000 0.000 0.000 0.000 0.000 0.000 0.000 0.000 0.000 0.000 0.000 0.051 0.049 0.047 0.045 0.043 0.040 0.037 0.036 0.035 0.036 0.036 0.045 0.048 0.033 0.056 0.060 0.059 0.054 0.047 0.043 0.039 0.034 0.029 0.026 0.023 0.018 0.015 0.014 0.000 0.000 0.000 0.000 0.000 0.000 0.000 0.000 0.000 0.000 0.000 0.000 0.000 0.000 0.000 0.000 0.000 0.000 0.000 0.000 0.000 0.000 0.000 0.000 0.000 0.000 0.000 0.000 0.000 0.000 0.000 0.000 0.000 0.000
0.000 0.000 0.000 0.000 0.000 0.000 0.000 0.000 0.000 0.000 0.000 0.000 0.000 0.000 0.000 0.000 0.054 0.051 0.047 0.044 0.041 0.040 0.039 0.036 0.036 0.035 0.035 0.040 0.040 0.046 0.049 0.047 0.047 0.045 0.042 0.039 0.036 0.032 0.029 0.026 0.022 0.019 0.017 0.013 0.010 0.008 0.008 0.000 0.000 0.000 0.000 0.000 0.000 0.000 0.000 0.000 0.000 0.000 0.000 0.000 0.000 0.000 0.000 0.000 0.000 0.000 0.000 0.000 0.000 0.000 0.000 0.000 0.000 0.000 0.000 0.000 0.000
0.000 0.000 0.000 0.000 0.000 0.000 0.000 0.000 0.000 0.000 0.000 0.000 0.000 0.000 0.000 0.000 0.000 0.000 0.045 0.043 0.041 0.038 0.036 0.032 0.035 0.035 0.033 0.033 0.037 0.038 0.041 0.043 0.044 0.043 0.042 0.039 0.037 0.034 0.031 0.028 0.025 0.023 0.020 0.017 0.014 0.012 0.010 0.008 0.006 0.004 0.003 0.002 0.001 0.000 0.000 0.000 0.000 0.000 0.000 0.000 0.000 0.000 0.000 0.000 0.000 0.000 0.000 0.000 0.000 0.000 0.000 0.000 0.000 0.000 0.000 0.000 0.000
0.000 0.000 0.000 0.000 0.000 0.000 0.000 0.000 0.000 0.000 0.000 0.000 0.000 0.000 0.000 0.000 0.000 0.000 0.044 0.042 0.039 0.036 0.030 0.000 0.027 0.031 0.031 0.030 0.032 0.036 0.039 0.042 0.043 0.042 0.041 0.040 0.038 0.036 0.033 0.031 0.028 0.026 0.023 0.021 0.018 0.014 0.011 0.010 0.008 0.007 0.006 0.004 0.003 0.002 0.001 0.000 0.000 0.000 0.000 0.000 0.000 0.000 0.000 0.000 0.000 0.000 0.000 0.000 0.000 0.000 0.000 0.000 0.000 0.000 0.000 0.000 0.000
0.000 0.000 0.000 0.000 0.000 0.000 0.000 0.000 0.000 0.000 0.000 0.000 0.000 0.000 0.000 0.000 0.000 0.000 0.042 0.040 0.038 0.034 0.029 0.024 0.026 0.028 0.028 0.026 0.030 0.034 0.038 0.041 0.043 0.043 0.042 0.041 0.039 0.038 0.036 0.034 0.031 0.029 0.027 0.024 0.019 0.000 0.012 0.012 0.012 0.010 0.009 0.007 0.006 0.005 0.004 0.003 0.002 0.001 0.000 0.000 0.000 0.000 0.000 0.000 0.000 0.000 0.000 0.000 0.000 0.000 0.000 0.000 0.000 0.000 0.000 0.000 0.000
0.000 0.000 0.000 0.000 0.000 0.000 0.000 0.000 0.000 0.000 0.000 0.000 0.000 0.000 0.000 0.000 0.000 0.000 0.041 0.039 0.036 0.034 0.030 0.028 0.026 0.026 0.025 0.024 0.028 0.032 0.035 0.038 0.040 0.041 0.042 0.042 0.042 0.040 0.039 0.037 0.035 0.033 0.031 0.028 0.025 0.021 0.019 0.018 0.016 0.015 0.013 0.011 0.010 0.008 0.007 0.006 0.005 0.004 0.002 0.000 0.000 0.000 0.000 0.000 0.000 0.000 0.000 0.000 0.000 0.000 0.000 0.000 0.000 0.000 0.000 0.000 0.000
0.000 0.000 0.000 0.000 0.000 0.000 0.000 0.000 0.000 0.000 0.000 0.000 0.000 0.000 0.000 0.000 0.000 0.035 0.037 0.037 0.035 0.033 0.031 0.029 0.027 0.025 0.023 0.022 0.026 0.030 0.033 0.035 0.038 0.039 0.040 0.040 0.041 0.040 0.040 0.039 0.039 0.038 0.036 0.034 0.031 0.028 0.026 0.024 0.022 0.021 0.019 0.017 0.015 0.013 0.012 0.010 0.009 0.008 0.006 0.005 0.003 0.000 0.000 0.000 0.000 0.000 0.000 0.000 0.000 0.000 0.000 0.000 0.000 0.000 0.000 0.000 0.000
0.000 0.000 0.000 0.000 0.000 0.000 0.000 0.000 0.000 0.000 0.000 0.000 0.000 0.000 0.000 0.000 0.000 0.037 0.036 0.036 0.034 0.033 0.031 0.029 0.026 0.024 0.020 0.022 0.025 0.028 0.031 0.033 0.035 0.037 0.038 0.039 0.040 0.040 0.040 0.040 0.040 0.039 0.038 0.037 0.036 0.035 0.033 0.031 0.029 0.027 0.025 0.024 0.022 0.020 0.018 0.017 0.015 0.014 0.013 0.012 0.010 0.009 0.007 0.007 0.010 0.006 0.000 0.000 0.000 0.000 0.000 0.000 0.000 0.000 0.000 0.000 0.000
0.000 0.000 0.000 0.000 0.000 0.000 0.000 0.000 0.000 0.000 0.000 0.000 0.000 0.000 0.000 0.000 0.000 0.037 0.036 0.035 0.034 0.032 0.030 0.028 0.026 0.023 0.018 0.021 0.023 0.026 0.029 0.031 0.034 0.036 0.037 0.039 0.040 0.041 0.041 0.041 0.041 0.041 0.041 0.040 0.039 0.038 0.037 0.036 0.035 0.034 0.033 0.031 0.030 0.028 0.026 0.025 0.024 0.023 0.023 0.022 0.022 0.022 0.023 0.025 0.027 0.019 0.010 0.000 0.000 0.000 0.000 0.000 0.000 0.000 0.000 0.000 0.000
0.000 0.000 0.000 0.000 0.000 0.000 0.000 0.000 0.000 0.000 0.000 0.000 0.000 0.000 0.000 0.000 0.000 0.036 0.035 0.034 0.033 0.031 0.029 0.027 0.024 0.021 0.018 0.020 0.022 0.025 0.027 0.030 0.032 0.035 0.037 0.038 0.040 0.042 0.043 0.044 0.044 0.044 0.043 0.043 0.042 0.041 0.040 0.040 0.039 0.038 0.037 0.036 0.035 0.035 0.035 0.035 0.034 0.034 0.034 0.035 0.035 0.036 0.037 0.039 0.035 0.027 0.014 0.000 0.000 0.000 0.000 0.000 0.000 0.000 0.000 0.000 0.000
0.000 0.000 0.000 0.000 0.000 0.000 0.000 0.000 0.000 0.000 0.000 0.000 0.000 0.000 0.000 0.000 0.031 0.033 0.034 0.033 0.032 0.030 0.028 0.026 0.023 0.019 0.018 0.019 0.021 0.024 0.026 0.029 0.032 0.034 0.037 0.039 0.042 0.044 0.046 0.047 0.047 0.047 0.047 0.046 0.046 0.045 0.044 0.043 0.043 0.042 0.041 0.041 0.040 0.040 0.040 0.041 0.042 0.043 0.045 0.046 0.048 0.049 0.050 0.052 0.040 0.027 0.013 0.006 0.001 0.000 0.000 0.000 0.000 0.000 0.000 0.000 0.000
0.000 0.000 0.000 0.000 0.000 0.000 0.000 0.000 0.000 0.000 0.000 0.000 0.000 0.000 0.000 0.000 0.033 0.033 0.032 0.032 0.031 0.029 0.027 0.025 0.021 0.017 0.017 0.019 0.021 0.023 0.026 0.029 0.032 0.035 0.038 0.042 0.046 0.049 0.050 0.051 0.051 0.051 0.051 0.050 0.049 0.049 0.048 0.047 0.047 0.046 0.046 0.045 0.045 0.046 0.046 0.047 0.049 0.050 0.052 0.055 0.057 0.059 0.061 0.059 0.063 0.056 0.046 0.037 0.028 0.021 0.015 0.009 0.004 0.000 0.000 0.000 0.000
0.000 0.000 0.000 0.000 0.000 0.000 0.000 0.000 0.000 0.000 0.000 0.000 0.000 0.000 0.000 0.000 0.033 0.032 0.031 0.031 0.030 0.028 0.026 0.023 0.020 0.016 0.017 0.019 0.021 0.023 0.026 0.029 0.033 0.037 0.042 0.047 0.052 0.055 0.056 0.055 0.055 0.055 0.055 0.054 0.054 0.053 0.052 0.052 0.051 0.051 0.050 0.050 0.051 0.051 0.052 0.054 0.056 0.058 0.060 0.063 0.066 0.063 0.058 0.054 0.057 0.060 0.062 0.064 0.064 0.054 0.044 0.034 0.026 0.018 0.011 0.005 0.000
0.035 0.033 0.032 0.000 0.000 0.000 0.000 0.000 0.000 0.000 0.000 0.000 0.000 0.000 0.000 0.029 0.031 0.031 0.031 0.030 0.029 0.027 0.025 0.022 0.018 0.016 0.017 0.019 0.021 0.023 0.027 0.031 0.036 0.041 0.047 0.054 0.059 0.064 0.063 0.059 0.060 0.060 0.060 0.059 0.058 0.057 0.056 0.056 0.056 0.056 0.056 0.056 0.056 0.058 0.059 0.061 0.063 0.066 0.069 0.068 0.064 0.060 0.056 0.049 0.051 0.053 0.055 0.057 0.059 0.061 0.062 0.063 0.059 0.048 0.037 0.027 0.018
0.040 0.038 0.036 0.034 0.033 0.031 0.000 0.000 0.000 0.000 0.000 0.000 0.000 0.000 0.000 0.031 0.031 0.030 0.030 0.029 0.028 0.026 0.024 0.020 0.016 0.016 0.017 0.019 0.021 0.024 0.029 0.034 0.040 0.047 0.054 0.061 0.068 0.074 0.000 0.061 0.065 0.066 0.066 0.062 0.062 0.062 0.061 0.060 0.061 0.061 0.061 0.061 0.062 0.064 0.066 0.069 0.071 0.072 0.069 0.065 0.062 0.058 0.053 0.046 0.046 0.048 0.049 0.050 0.052 0.053 0.054 0.055 0.056 0.057 0.056 0.055 0.046
0.045 0.042 0.041 0.039 0.038 0.036 0.034 0.033 0.031 0.030 0.000 0.000 0.000 0.000 0.000 0.032 0.031 0.030 0.029 0.028 0.027 0.025 0.022 0.019 0.015 0.016 0.017 0.019 0.022 0.026 0.032 0.039 0.046 0.054 0.062 0.069 0.077 0.000 0.000 0.000 0.000 0.000 0.000 0.063 0.067 0.068 0.065 0.065 0.066 0.067 0.066 0.067 0.069 0.071 0.073 0.075 0.072 0.069 0.066 0.062 0.059 0.055 0.050 0.044 0.042 0.043 0.043 0.044 0.045 0.046 0.047 0.047 0.048 0.048 0.047 0.046 0.045
0.000 0.000 0.000 0.044 0.042 0.041 0.039 0.038 0.036 0.035 0.033 0.032 0.030 0.000 0.000 0.032 0.031 0.030 0.029 0.027 0.026 0.024 0.021 0.017 0.015 0.015 0.017 0.020 0.024 0.030 0.037 0.045 0.053 0.061 0.069 0.000 0.000 0.000 0.000 0.000 0.000 0.000 0.000 0.000 0.000 0.000 0.066 0.071 0.073 0.073 0.071 0.073 0.075 0.078 0.074 0.071 0.068 0.065 0.062 0.059 0.056 0.052 0.047 0.041 0.038 0.038 0.038 0.038 0.039 0.039 0.039 0.040 0.040 0.039 0.038 0.036 0.034
0.000 0.000 0.000 0.000 0.000 0.000 0.044 0.043 0.041 0.039 0.038 0.036 0.035 0.033 0.032 0.032 0.031 0.029 0.028 0.027 0.025 0.023 0.020 0.015 0.014 0.015 0.018 0.022 0.028 0.035 0.043 0.051 0.060 0.069 0.000 0.000 0.000 0.000 0.000 0.000 0.000 0.000 0.000 0.000 0.000 0.000 0.000 0.000 0.000 0.000 0.074 0.079 0.078 0.074 0.070 0.067 0.064 0.061 0.058 0.055 0.052 0.048 0.044 0.038 0.034 0.034 0.033 0.033 0.033 0.033 0.032 0.032 0.032 0.030 0.029 0.026 0.022
0.000 0.000 0.000 0.000 0.000 0.000 0.000 0.000 0.000 0.000 0.043 0.041 0.040 0.038 0.035 0.033 0.031 0.029 0.027 0.025 0.024 0.021 0.018 0.013 0.013 0.015 0.019 0.025 0.032 0.040 0.048 0.057 0.067 0.000 0.000 0.000 0.000 0.000 0.000 0.000 0.000 0.000 0.000 0.000 0.000 0.000 0.000 0.000 0.000 0.000 0.000 0.000 0.000 0.000 0.063 0.062 0.060 0.056 0.054 0.051 0.048 0.044 0.040 0.035 0.030 0.029 0.028 0.028 0.027 0.026 0.026 0.024 0.023 0.021 0.017 0.012 0.005
0.000 0.000 0.000 0.000 0.000 0.000 0.000 0.000 0.000 0.000 0.000 0.000 0.000 0.000 0.038 0.034 0.030 0.027 0.023 0.023 0.022 0.020 0.016 0.012 0.000 0.015 0.021 0.028 0.036 0.045 0.053 0.062 0.000 0.000 0.000 0.000 0.000 0.000 0.000 0.000 0.000 0.000 0.000 0.000 0.000 0.000 0.000 0.000 0.000 0.000 0.000 0.000 0.000 0.000 0.000 0.000 0.000 0.050 0.049 0.048 0.044 0.039 0.036 0.031 0.026 0.025 0.023 0.022 0.021 0.020 0.018 0.016 0.013 0.008 0.002 0.000 0.000
0.000 0.000 0.000 0.000 0.000 0.000 0.000 0.000 0.000 0.000 0.000 0.000 0.000 0.000 0.000 0.031 0.028 0.023 0.000 0.018 0.019 0.018 0.014 0.012 0.013 0.018 0.025 0.033 0.041 0.050 0.059 0.067 0.000 0.000 0.000 0.000 0.000 0.000 0.000 0.000 0.000 0.000 0.000 0.000 0.000 0.000 0.000 0.000 0.000 0.000 0.000 0.000 0.000 0.000 0.000 0.000 0.000 0.000 0.000 0.000 0.000 0.032 0.030 0.027 0.020 0.019 0.017 0.016 0.015 0.013 0.010 0.005 0.001 0.000 0.000 0.000 0.000
0.000 0.000 0.000 0.000 0.000 0.000 0.000 0.000 0.000 0.000 0.000 0.000 0.000 0.000 0.026 0.027 0.026 0.022 0.018 0.018 0.018 0.016 0.013 0.013 0.016 0.022 0.030 0.038 0.047 0.056 0.065 0.073 0.000 0.000 0.000 0.000 0.000 0.000 0.000 0.000 0.000 0.000 0.000 0.000 0.000 0.000 0.000 0.000 0.000 0.000 0.000 0.000 0.000 0.000 0.000 0.000 0.000 0.000 0.000 0.000 0.000 0.000 0.000 0.000 0.009 0.009 0.009 0.007 0.004 0.001 0.000 0.000 0.000 0.000 0.000 0.000 0.000
0.000 0.000 0.000 0.000 0.000 0.000 0.000 0.000 0.000 0.000 0.000 0.000 0.000 0.000 0.028 0.027 0.025 0.023 0.020 0.019 0.018 0.016 0.013 0.015 0.020 0.027 0.035 0.044 0.052 0.061 0.070 0.080 0.000 0.000 0.000 0.000 0.000 0.000 0.000 0.000 0.000 0.000 0.000 0.000 0.000 0.000 0.000 0.000 0.000 0.000 0.000 0.000 0.000 0.000 0.000 0.000 0.000 0.000 0.000 0.000 0.000 0.000 0.000 0.000 0.000 0.000 0.000 0.000 0.000 0.000 0.000 0.000 0.000 0.000 0.000 0.000 0.000
0.000 0.000 0.000 0.000 0.000 0.000 0.000 0.000 0.000 0.000 0.000 0.000 0.000 0.000 0.028 0.027 0.026 0.024 0.022 0.020 0.018 0.015 0.014 0.018 0.025 0.032 0.040 0.049 0.058 0.067 0.075 0.000 0.000 0.000 0.000 0.000 0.000 0.000 0.000 0.000 0.000 0.000 0.000 0.000 0.000 0.000 0.000 0.000 0.000 0.000 0.000 0.000 0.000 0.000 0.000 0.000 0.000 0.000 0.000 0.000 0.000 0.000 0.000 0.000 0.000 0.000 0.000 0.000 0.000 0.000 0.000 0.000 0.000 0.000 0.000 0.000 0.000
0.000 0.000 0.000 0.000 0.000 0.000 0.000 0.000 0.000 0.000 0.000 0.000 0.000 0.000 0.029 0.027 0.026 0.024 0.022 0.020 0.018 0.015 0.017 0.022 0.029 0.037 0.046 0.055 0.063 0.072 0.081 0.000 0.000 0.000 0.000 0.000 0.000 0.000 0.000 0.000 0.000 0.000 0.000 0.000 0.000 0.000 0.000 0.000 0.000 0.000 0.000 0.000 0.000 0.000 0.000 0.000 0.000 0.000 0.000 0.000 0.000 0.000 0.000 0.000 0.000 0.000 0.000 0.000 0.000 0.000 0.000 0.000 0.000 0.000 0.000 0.000 0.000
0.000 0.000 0.000 0.000 0.000 0.000 0.000 0.000 0.000 0.000 0.000 0.000 0.000 0.026 0.027 0.027 0.026 0.024 0.023 0.021 0.018 0.015 0.020 0.027 0.034 0.043 0.051 0.060 0.069 0.078 0.088 0.000 0.000 0.000 0.000 0.000 0.000 0.000 0.000 0.000 0.000 0.000 0.000 0.000 0.000 0.000 0.000 0.000 0.000 0.000 0.000 0.000 0.000 0.000 0.000 0.000 0.000 0.000 0.000 0.000 0.000 0.000 0.000 0.000 0.000 0.000 0.000 0.000 0.000 0.000 0.000 0.000 0.000 0.000 0.000 0.000 0.000
0.000 0.000 0.000 0.000 0.000 0.000 0.000 0.000 0.000 0.000 0.000 0.000 0.000 0.028 0.028 0.027 0.026 0.025 0.023 0.021 0.018 0.018 0.024 0.032 0.040 0.048 0.057 0.066 0.074 0.083 0.000 0.000 0.000 0.000 0.000 0.000 0.000 0.000 0.000 0.000 0.000 0.000 0.000 0.000 0.000 0.000 0.000 0.000 0.000 0.000 0.000 0.000 0.000 0.000 0.000 0.000 0.000 0.000 0.000 0.000 0.000 0.000 0.000 0.000 0.000 0.000 0.000 0.000 0.000 0.000 0.000 0.000 0.000 0.000 0.000 0.000 0.000
