数据/50y_3h/50y_3h_res_2/50y_3h_246-0001.wd
ncols         694
nrows         824
xllcorner     581104.939801
yllcorner     3495917.092414
cellsize      2.000000
NODATA_value  -9999.000000
[rows 714 to 747 of 824, columns 154 to 230 of 694]
0.000 0.000 0.000 0.000 0.000 0.000 0.002 0.003 0.004 0.005 0.006 0.006 0.007 0.007 0.007 0.007 0.007 0.007 0.006 0.005 0.000 0.000 0.033 0.027 0.022 0.018 0.013 0.009 0.006 0.003 0.002 0.001 0.000 0.000 0.000 0.000 0.000 0.000 0.000 0.000 0.000 0.000 0.001 0.001 0.001 0.001 0.001 0.001 0.002 0.000 0.000 0.000 0.000 0.000 0.000 0.000 0.000 0.000 0.067 0.077 0.087 0.086 0.064 0.046 0.055 0.001 0.001 0.000 0.000 0.000 0.000 0.000 0.000 0.000 0.000 0.000 0.000
0.000 0.000 0.000 0.000 0.000 0.002 0.003 0.004 0.005 0.006 0.006 0.007 0.007 0.007 0.007 0.008 0.008 0.008 0.008 0.007 0.006 0.005 0.001 0.042 0.038 0.031 0.025 0.019 0.014 0.010 0.007 0.004 0.002 0.002 0.000 0.000 0.000 0.000 0.000 0.000 0.000 0.000 0.001 0.001 0.001 0.002 0.008 0.019 0.029 0.000 0.000 0.000 0.000 0.000 0.000 0.000 0.000 0.000 0.128 0.124 0.100 0.077 0.054 0.047 0.057 0.012 0.001 0.001 0.000 0.000 0.000 0.000 0.000 0.000 0.000 0.000 0.000
0.000 0.000 0.000 0.000 0.001 0.003 0.004 0.005 0.006 0.006 0.007 0.007 0.007 0.008 0.008 0.008 0.008 0.008 0.009 0.008 0.008 0.008 0.007 0.000 0.001 0.042 0.038 0.033 0.027 0.022 0.017 0.013 0.009 0.006 0.004 0.000 0.000 0.000 0.000 0.000 0.000 0.001 0.001 0.001 0.037 0.057 0.068 0.079 0.090 0.000 0.000 0.000 0.000 0.000 0.000 0.000 0.000 0.162 0.138 0.115 0.091 0.068 0.045 0.049 0.059 0.055 0.001 0.001 0.000 0.000 0.000 0.000 0.000 0.000 0.000 0.000 0.000
0.000 0.000 0.000 0.000 0.002 0.004 0.005 0.006 0.006 0.007 0.007 0.008 0.008 0.008 0.008 0.009 0.009 0.009 0.009 0.009 0.009 0.010 0.009 0.009 0.009 0.001 0.053 0.048 0.043 0.037 0.031 0.026 0.021 0.017 0.013 0.010 0.008 0.000 0.000 0.000 0.001 0.001 0.001 0.025 0.080 0.120 0.131 0.141 0.000 0.000 0.000 0.000 0.000 0.000 0.000 0.000 0.000 0.153 0.130 0.106 0.083 0.059 0.043 0.052 0.061 0.071 0.014 0.001 0.001 0.000 0.000 0.000 0.000 0.000 0.000 0.000 0.000
0.000 0.000 0.000 0.001 0.003 0.005 0.005 0.006 0.007 0.007 0.007 0.008 0.008 0.008 0.009 0.009 0.009 0.009 0.010 0.010 0.010 0.011 0.011 0.012 0.014 0.019 0.001 0.065 0.061 0.053 0.046 0.041 0.036 0.032 0.029 0.026 0.023 0.021 0.000 0.001 0.001 0.001 0.013 0.066 0.122 0.178 0.194 0.204 0.000 0.000 0.000 0.000 0.000 0.000 0.000 0.000 0.000 0.144 0.121 0.097 0.074 0.051 0.046 0.056 0.065 0.074 0.057 0.001 0.000 0.000 0.000 0.000 0.000 0.000 0.000 0.000 0.000
0.000 0.000 0.000 0.001 0.003 0.005 0.006 0.006 0.007 0.007 0.008 0.008 0.008 0.009 0.009 0.009 0.010 0.010 0.010 0.010 0.011 0.011 0.011 0.012 0.013 0.014 0.010 0.001 0.000 0.067 0.062 0.058 0.054 0.051 0.047 0.044 0.042 0.040 0.036 0.022 0.022 0.021 0.052 0.108 0.165 0.222 0.257 0.269 0.000 0.000 0.000 0.000 0.000 0.000 0.000 0.000 0.000 0.135 0.112 0.088 0.065 0.042 0.049 0.059 0.068 0.077 0.086 0.017 0.000 0.000 0.000 0.000 0.000 0.000 0.000 0.000 0.000
0.000 0.000 0.000 0.001 0.003 0.005 0.006 0.007 0.007 0.007 0.008 0.008 0.009 0.009 0.009 0.009 0.010 0.010 0.010 0.011 0.011 0.011 0.011 0.012 0.012 0.012 0.011 0.008 0.006 0.000 0.080 0.076 0.073 0.071 0.068 0.065 0.062 0.061 0.060 0.000 0.000 0.042 0.094 0.150 0.207 0.262 0.320 0.331 0.342 0.319 0.000 0.000 0.000 0.000 0.000 0.000 0.150 0.126 0.103 0.079 0.055 0.044 0.053 0.062 0.071 0.080 0.090 0.061 0.000 0.000 0.000 0.000 0.000 0.000 0.000 0.000 0.000
0.000 0.000 0.000 0.001 0.003 0.005 0.006 0.007 0.007 0.008 0.008 0.008 0.009 0.009 0.009 0.010 0.010 0.010 0.010 0.011 0.011 0.011 0.011 0.012 0.012 0.011 0.011 0.009 0.008 0.006 0.001 0.096 0.094 0.090 0.088 0.085 0.084 0.082 0.000 0.000 0.000 0.000 0.135 0.193 0.249 0.306 0.360 0.357 0.334 0.311 0.287 0.264 0.000 0.000 0.000 0.000 0.142 0.118 0.094 0.070 0.047 0.047 0.056 0.065 0.074 0.084 0.093 0.000 0.000 0.000 0.000 0.000 0.000 0.000 0.000 0.000 0.000
0.000 0.000 0.000 0.001 0.003 0.005 0.006 0.007 0.007 0.008 0.008 0.008 0.009 0.009 0.009 0.010 0.010 0.010 0.010 0.011 0.011 0.011 0.011 0.011 0.011 0.011 0.011 0.010 0.009 0.007 0.005 0.001 0.000 0.111 0.108 0.105 0.105 0.000 0.000 0.000 0.000 0.000 0.000 0.234 0.292 0.316 0.336 0.000 0.000 0.302 0.278 0.256 0.232 0.209 0.000 0.000 0.133 0.109 0.085 0.061 0.041 0.050 0.059 0.068 0.078 0.087 0.097 0.000 0.000 0.000 0.000 0.000 0.000 0.000 0.000 0.000 0.000
0.000 0.000 0.000 0.001 0.003 0.005 0.006 0.007 0.007 0.008 0.008 0.008 0.009 0.009 0.009 0.010 0.010 0.010 0.010 0.011 0.011 0.011 0.011 0.011 0.011 0.011 0.010 0.010 0.009 0.008 0.007 0.005 0.004 0.001 0.127 0.124 0.000 0.000 0.000 0.000 0.000 0.000 0.000 0.248 0.268 0.291 0.314 0.000 0.000 0.000 0.000 0.247 0.223 0.198 0.174 0.149 0.124 0.100 0.074 0.050 0.044 0.053 0.062 0.072 0.081 0.091 0.100 0.000 0.000 0.000 0.000 0.000 0.000 0.000 0.000 0.000 0.000
0.000 0.000 0.000 0.001 0.003 0.005 0.006 0.007 0.007 0.008 0.008 0.008 0.009 0.009 0.009 0.010 0.010 0.010 0.010 0.011 0.011 0.011 0.011 0.011 0.011 0.011 0.010 0.010 0.009 0.008 0.008 0.007 0.006 0.004 0.001 0.139 0.133 0.000 0.000 0.000 0.000 0.000 0.000 0.223 0.245 0.267 0.289 0.303 0.000 0.000 0.000 0.000 0.000 0.188 0.164 0.140 0.116 0.090 0.048 0.039 0.047 0.056 0.065 0.075 0.084 0.094 0.000 0.000 0.000 0.000 0.000 0.000 0.000 0.000 0.000 0.000 0.000
0.000 0.000 0.000 0.001 0.003 0.005 0.006 0.007 0.007 0.008 0.008 0.008 0.009 0.009 0.009 0.010 0.010 0.010 0.010 0.010 0.011 0.011 0.011 0.011 0.011 0.010 0.010 0.010 0.009 0.009 0.008 0.007 0.006 0.005 0.004 0.001 0.149 0.147 0.000 0.000 0.000 0.000 0.000 0.000 0.219 0.000 0.000 0.284 0.271 0.000 0.000 0.000 0.000 0.000 0.000 0.130 0.107 0.081 0.054 0.040 0.050 0.059 0.069 0.078 0.087 0.097 0.000 0.000 0.000 0.000 0.000 0.000 0.000 0.000 0.000 0.000 0.000
0.000 0.000 0.000 0.001 0.003 0.005 0.006 0.006 0.007 0.007 0.008 0.008 0.009 0.009 0.009 0.009 0.010 0.010 0.010 0.010 0.010 0.010 0.010 0.010 0.010 0.010 0.010 0.010 0.009 0.009 0.008 0.007 0.007 0.006 0.005 0.004 0.000 0.165 0.184 0.000 0.000 0.000 0.000 0.000 0.000 0.000 0.000 0.000 0.251 0.000 0.000 0.000 0.000 0.000 0.144 0.121 0.097 0.072 0.048 0.044 0.053 0.062 0.072 0.081 0.091 0.100 0.000 0.000 0.000 0.000 0.000 0.000 0.000 0.000 0.000 0.000 0.000
0.000 0.000 0.000 0.001 0.003 0.005 0.005 0.006 0.007 0.007 0.008 0.008 0.008 0.009 0.009 0.009 0.010 0.010 0.010 0.010 0.010 0.010 0.010 0.010 0.010 0.010 0.010 0.009 0.009 0.009 0.008 0.008 0.007 0.006 0.005 0.005 0.003 0.001 0.157 0.175 0.000 0.000 0.000 0.000 0.000 0.000 0.000 0.000 0.232 0.000 0.000 0.000 0.000 0.000 0.135 0.111 0.088 0.063 0.039 0.048 0.056 0.066 0.075 0.084 0.094 0.000 0.000 0.000 0.000 0.000 0.000 0.000 0.000 0.000 0.000 0.000 0.000
0.000 0.000 0.000 0.000 0.002 0.004 0.005 0.006 0.006 0.007 0.007 0.008 0.008 0.009 0.009 0.009 0.009 0.010 0.010 0.010 0.010 0.010 0.010 0.010 0.010 0.010 0.009 0.009 0.009 0.008 0.008 0.008 0.007 0.006 0.006 0.005 0.004 0.002 0.000 0.148 0.165 0.000 0.000 0.000 0.000 0.000 0.000 0.219 0.212 0.000 0.000 0.000 0.000 0.145 0.126 0.102 0.079 0.054 0.042 0.051 0.060 0.070 0.078 0.088 0.096 0.104 0.114 0.000 0.000 0.000 0.000 0.000 0.000 0.000 0.000 0.000 0.000
0.000 0.000 0.000 0.000 0.001 0.003 0.004 0.005 0.006 0.007 0.007 0.008 0.008 0.008 0.009 0.009 0.009 0.009 0.009 0.010 0.010 0.010 0.010 0.010 0.010 0.009 0.009 0.009 0.009 0.008 0.008 0.007 0.007 0.006 0.006 0.005 0.004 0.003 0.001 0.000 0.136 0.151 0.000 0.000 0.000 0.000 0.000 0.000 0.000 0.000 0.000 0.000 0.000 0.126 0.114 0.093 0.069 0.045 0.046 0.055 0.064 0.073 0.082 0.091 0.100 0.108 0.116 0.125 0.133 0.000 0.000 0.000 0.000 0.000 0.000 0.000 0.000
0.000 0.000 0.000 0.000 0.000 0.002 0.003 0.004 0.005 0.006 0.007 0.007 0.008 0.008 0.008 0.009 0.009 0.009 0.009 0.009 0.009 0.009 0.009 0.009 0.009 0.009 0.009 0.009 0.008 0.008 0.008 0.007 0.007 0.006 0.006 0.005 0.004 0.003 0.001 0.000 0.000 0.120 0.133 0.152 0.000 0.000 0.000 0.000 0.000 0.000 0.000 0.000 0.120 0.107 0.094 0.082 0.061 0.040 0.049 0.058 0.067 0.077 0.085 0.094 0.103 0.111 0.120 0.128 0.136 0.145 0.154 0.000 0.000 0.000 0.000 0.000 0.000
0.000 0.000 0.000 0.000 0.000 0.000 0.002 0.003 0.004 0.005 0.006 0.007 0.007 0.008 0.008 0.008 0.008 0.009 0.009 0.009 0.009 0.009 0.009 0.009 0.009 0.009 0.009 0.008 0.008 0.008 0.007 0.007 0.007 0.006 0.005 0.005 0.004 0.002 0.000 0.000 0.000 0.000 0.107 0.126 0.144 0.000 0.000 0.000 0.000 0.000 0.000 0.000 0.100 0.088 0.075 0.063 0.050 0.044 0.053 0.062 0.071 0.080 0.089 0.098 0.106 0.115 0.123 0.131 0.139 0.148 0.157 0.165 0.116 0.000 0.000 0.000 0.000
0.000 0.000 0.000 0.000 0.000 0.000 0.000 0.002 0.003 0.004 0.005 0.006 0.007 0.007 0.008 0.008 0.008 0.008 0.009 0.009 0.009 0.009 0.009 0.009 0.009 0.009 0.008 0.008 0.008 0.008 0.007 0.007 0.006 0.006 0.005 0.004 0.003 0.001 0.000 0.000 0.000 0.000 0.000 0.100 0.117 0.135 0.000 0.000 0.000 0.000 0.000 0.095 0.082 0.069 0.056 0.043 0.040 0.044 0.054 0.063 0.073 0.083 0.092 0.101 0.110 0.000 0.000 0.000 0.142 0.151 0.160 0.169 0.161 0.075 0.008 0.000 0.000
0.000 0.000 0.000 0.000 0.000 0.000 0.000 0.000 0.002 0.003 0.004 0.005 0.006 0.007 0.007 0.008 0.008 0.008 0.008 0.008 0.008 0.008 0.008 0.008 0.008 0.008 0.008 0.008 0.008 0.007 0.007 0.006 0.006 0.005 0.004 0.003 0.002 0.000 0.000 0.000 0.000 0.000 0.000 0.000 0.090 0.108 0.126 0.000 0.000 0.000 0.000 0.076 0.063 0.050 0.042 0.041 0.040 0.042 0.051 0.061 0.071 0.081 0.091 0.101 0.110 0.000 0.000 0.000 0.000 0.000 0.163 0.172 0.181 0.119 0.078 0.040 0.000
0.000 0.000 0.000 0.000 0.000 0.000 0.000 0.000 0.000 0.002 0.003 0.004 0.005 0.006 0.007 0.007 0.007 0.008 0.008 0.008 0.008 0.008 0.008 0.008 0.008 0.008 0.008 0.007 0.007 0.007 0.006 0.006 0.005 0.004 0.003 0.002 0.000 0.000 0.000 0.000 0.000 0.000 0.000 0.000 0.067 0.083 0.099 0.116 0.000 0.093 0.079 0.061 0.046 0.044 0.043 0.042 0.041 0.041 0.050 0.059 0.069 0.079 0.089 0.099 0.000 0.000 0.000 0.000 0.000 0.000 0.000 0.173 0.182 0.188 0.149 0.110 0.000
0.000 0.000 0.000 0.000 0.000 0.000 0.000 0.000 0.000 0.000 0.002 0.003 0.004 0.005 0.006 0.006 0.007 0.007 0.007 0.007 0.007 0.008 0.008 0.008 0.007 0.007 0.007 0.007 0.007 0.006 0.006 0.005 0.004 0.003 0.002 0.000 0.000 0.000 0.000 0.000 0.000 0.000 0.000 0.000 0.000 0.058 0.072 0.086 0.096 0.077 0.060 0.051 0.048 0.045 0.044 0.043 0.042 0.041 0.049 0.058 0.068 0.078 0.088 0.000 0.000 0.000 0.000 0.000 0.000 0.000 0.000 0.000 0.000 0.194 0.189 0.181 0.141
0.000 0.000 0.000 0.000 0.000 0.000 0.000 0.000 0.000 0.000 0.000 0.002 0.003 0.004 0.005 0.006 0.006 0.007 0.007 0.007 0.007 0.007 0.007 0.007 0.007 0.007 0.007 0.006 0.006 0.006 0.005 0.004 0.003 0.002 0.000 0.000 0.000 0.000 0.000 0.000 0.000 0.000 0.000 0.000 0.000 0.000 0.046 0.059 0.071 0.059 0.055 0.051 0.048 0.046 0.044 0.043 0.042 0.041 0.047 0.056 0.067 0.076 0.086 0.000 0.000 0.000 0.000 0.000 0.000 0.000 0.000 0.000 0.000 0.000 0.000 0.190 0.185
0.000 0.000 0.000 0.000 0.000 0.000 0.000 0.000 0.000 0.000 0.000 0.000 0.002 0.003 0.004 0.005 0.006 0.006 0.006 0.006 0.006 0.006 0.006 0.006 0.006 0.006 0.006 0.006 0.005 0.005 0.004 0.003 0.002 0.000 0.000 0.000 0.000 0.000 0.000 0.000 0.000 0.000 0.000 0.000 0.000 0.000 0.000 0.033 0.046 0.057 0.054 0.051 0.048 0.046 0.044 0.043 0.042 0.041 0.045 0.055 0.065 0.075 0.000 0.000 0.000 0.000 0.000 0.000 0.000 0.000 0.000 0.000 0.000 0.000 0.000 0.000 0.000
0.000 0.000 0.000 0.000 0.000 0.000 0.000 0.000 0.000 0.000 0.000 0.000 0.000 0.002 0.003 0.004 0.005 0.005 0.005 0.005 0.005 0.005 0.005 0.005 0.005 0.005 0.005 0.005 0.005 0.004 0.003 0.002 0.000 0.000 0.000 0.000 0.000 0.000 0.000 0.000 0.000 0.000 0.000 0.000 0.000 0.000 0.000 0.000 0.022 0.039 0.052 0.049 0.047 0.045 0.044 0.042 0.041 0.041 0.043 0.053 0.063 0.073 0.000 0.000 0.000 0.000 0.000 0.000 0.000 0.000 0.000 0.000 0.000 0.000 0.000 0.000 0.000
0.000 0.000 0.000 0.000 0.000 0.000 0.000 0.000 0.000 0.000 0.000 0.000 0.000 0.000 0.001 0.002 0.003 0.003 0.003 0.003 0.003 0.003 0.003 0.003 0.003 0.003 0.003 0.003 0.003 0.002 0.001 0.000 0.000 0.000 0.000 0.000 0.000 0.000 0.000 0.000 0.000 0.000 0.000 0.000 0.000 0.000 0.000 0.000 0.000 0.017 0.035 0.048 0.046 0.045 0.043 0.042 0.041 0.040 0.041 0.051 0.061 0.000 0.000 0.000 0.000 0.000 0.000 0.000 0.000 0.000 0.000 0.000 0.000 0.000 0.000 0.000 0.000
0.000 0.000 0.000 0.000 0.000 0.000 0.000 0.000 0.000 0.000 0.000 0.000 0.000 0.000 0.000 0.000 0.001 0.001 0.001 0.001 0.001 0.001 0.001 0.001 0.001 0.001 0.001 0.001 0.001 0.000 0.000 0.000 0.000 0.000 0.000 0.000 0.000 0.000 0.000 0.000 0.000 0.000 0.000 0.000 0.000 0.000 0.000 0.000 0.000 0.000 0.013 0.032 0.045 0.044 0.042 0.041 0.040 0.040 0.040 0.049 0.059 0.000 0.000 0.000 0.000 0.000 0.000 0.000 0.000 0.000 0.000 0.000 0.000 0.000 0.000 0.000 0.000
0.000 0.000 0.000 0.000 0.000 0.000 0.000 0.000 0.000 0.000 0.000 0.000 0.000 0.000 0.000 0.000 0.000 0.000 0.000 0.000 0.000 0.000 0.000 0.000 0.000 0.000 0.000 0.000 0.000 0.000 0.000 0.000 0.000 0.000 0.000 0.000 0.000 0.000 0.000 0.000 0.000 0.000 0.000 0.000 0.000 0.000 0.000 0.000 0.000 0.000 0.001 0.010 0.029 0.042 0.041 0.040 0.039 0.039 0.039 0.047 0.000 0.000 0.000 0.000 0.000 0.000 0.000 0.000 0.000 0.000 0.000 0.000 0.000 0.000 0.000 0.000 0.000
0.000 0.000 0.000 0.000 0.000 0.000 0.000 0.000 0.000 0.000 0.000 0.000 0.000 0.000 0.000 0.000 0.000 0.000 0.000 0.000 0.000 0.000 0.000 0.000 0.000 0.000 0.000 0.000 0.000 0.000 0.000 0.000 0.000 0.000 0.000 0.000 0.000 0.000 0.000 0.000 0.000 0.000 0.000 0.000 0.000 0.000 0.000 0.000 0.000 0.000 0.000 0.001 0.008 0.027 0.040 0.039 0.038 0.037 0.036 0.000 0.000 0.000 0.000 0.000 0.000 0.000 0.000 0.000 0.000 0.000 0.000 0.000 0.000 0.000 0.000 0.000 0.000
0.000 0.000 0.000 0.000 0.000 0.000 0.000 0.000 0.000 0.000 0.000 0.000 0.000 0.000 0.000 0.000 0.000 0.000 0.000 0.000 0.000 0.000 0.000 0.000 0.000 0.000 0.000 0.000 0.000 0.000 0.000 0.000 0.000 0.000 0.000 0.000 0.000 0.000 0.000 0.000 0.000 0.000 0.000 0.000 0.000 0.000 0.000 0.000 0.000 0.000 0.000 0.001 0.001 0.005 0.025 0.037 0.035 0.034 0.031 0.031 0.000 0.000 0.000 0.000 0.000 0.000 0.000 0.000 0.000 0.000 0.000 0.000 0.000 0.000 0.000 0.000 0.000
0.000 0.000 0.000 0.000 0.000 0.000 0.000 0.000 0.000 0.000 0.000 0.000 0.000 0.000 0.000 0.000 0.000 0.000 0.000 0.000 0.000 0.000 0.000 0.000 0.000 0.000 0.000 0.000 0.000 0.000 0.000 0.000 0.000 0.000 0.000 0.000 0.000 0.000 0.000 0.000 0.000 0.000 0.000 0.000 0.000 0.000 0.000 0.000 0.000 0.000 0.000 0.001 0.001 0.001 0.003 0.022 0.033 0.030 0.028 0.025 0.029 0.000 0.000 0.000 0.000 0.000 0.000 0.000 0.000 0.000 0.000 0.000 0.000 0.000 0.000 0.000 0.000
0.000 0.000 0.000 0.000 0.000 0.000 0.000 0.000 0.000 0.000 0.000 0.000 0.000 0.000 0.000 0.000 0.000 0.000 0.000 0.000 0.000 0.000 0.000 0.000 0.000 0.000 0.000 0.000 0.000 0.000 0.000 0.000 0.000 0.000 0.000 0.000 0.000 0.000 0.000 0.000 0.000 0.000 0.000 0.000 0.000 0.000 0.000 0.000 0.000 0.000 0.000 0.001 0.001 0.001 0.001 0.002 0.017 0.027 0.024 0.020 0.023 0.022 0.024 0.000 0.000 0.000 0.000 0.000 0.000 0.000 0.000 0.000 0.000 0.000 0.000 0.000 0.000
0.000 0.000 0.000 0.000 0.000 0.000 0.000 0.000 0.000 0.000 0.000 0.000 0.000 0.000 0.000 0.000 0.000 0.000 0.000 0.000 0.000 0.000 0.000 0.000 0.000 0.000 0.000 0.000 0.000 0.000 0.000 0.000 0.000 0.000 0.000 0.000 0.000 0.000 0.000 0.000 0.000 0.000 0.000 0.000 0.000 0.000 0.000 0.000 0.000 0.000 0.000 0.000 0.001 0.001 0.001 0.001 0.001 0.011 0.021 0.017 0.017 0.016 0.019 0.022 0.000 0.000 0.000 0.000 0.000 0.000 0.000 0.000 0.000 0.000 0.000 0.000 0.000
0.000 0.000 0.000 0.000 0.000 0.000 0.000 0.000 0.000 0.000 0.000 0.000 0.000 0.000 0.000 0.000 0.000 0.000 0.000 0.000 0.000 0.000 0.000 0.000 0.000 0.000 0.000 0.000 0.000 0.000 0.000 0.000 0.000 0.000 0.000 0.000 0.000 0.000 0.000 0.000 0.000 0.000 0.000 0.000 0.000 0.000 0.000 0.000 0.000 0.000 0.000 0.000 0.001 0.001 0.001 0.001 0.001 0.001 0.006 0.014 0.012 0.013 0.016 0.019 0.021 0.000 0.000 0.000 0.000 0.000 0.000 0.000 0.000 0.000 0.000 0.000 0.000
