数据/50y_3h/50y_3h_res_2/50y_3h_249-0001.wd
ncols         694
nrows         824
xllcorner     581104.939801
yllcorner     3495917.092414
cellsize      2.000000
NODATA_value  -9999.000000
[rows 306 to 339 of 824, columns 462 to 538 of 694]
0.007 0.008 0.009 0.010 0.010 0.010 0.010 0.009 0.007 0.005 0.003 0.002 0.001 0.001 0.001 0.001 0.001 0.000 0.001 0.001 0.001 0.001 0.001 0.001 0.001 0.001 0.002 0.004 0.006 0.008 0.008 0.007 0.006 0.005 0.004 0.003 0.002 0.002 0.003 0.000 0.000 0.000 0.000 0.000 0.000 0.000 0.000 0.000 0.000 0.000 0.000 0.000 0.000 0.000 0.007 0.007 0.007 0.009 0.000 0.001 0.001 0.001 0.001 0.001 0.002 0.030 0.000 0.000 0.000 0.000 0.001 0.001 0.003 0.012 0.019 0.019 0.015
0.006 0.007 0.008 0.009 0.009 0.010 0.010 0.010 0.009 0.008 0.005 0.003 0.002 0.001 0.001 0.001 0.001 0.001 0.001 0.001 0.001 0.001 0.001 0.001 0.001 0.001 0.002 0.004 0.006 0.007 0.008 0.007 0.006 0.005 0.004 0.003 0.003 0.004 0.013 0.000 0.000 0.000 0.000 0.000 0.000 0.000 0.000 0.000 0.000 0.000 0.000 0.000 0.000 0.000 0.000 0.000 0.000 0.007 0.007 0.005 0.005 0.004 0.004 0.003 0.005 0.000 0.000 0.000 0.000 0.000 0.002 0.010 0.017 0.018 0.015 0.013 0.012
0.005 0.006 0.008 0.008 0.009 0.009 0.010 0.010 0.009 0.009 0.008 0.005 0.003 0.002 0.001 0.001 0.001 0.001 0.001 0.001 0.001 0.001 0.001 0.001 0.001 0.000 0.002 0.004 0.006 0.007 0.007 0.007 0.006 0.005 0.004 0.004 0.003 0.004 0.000 0.000 0.000 0.000 0.000 0.000 0.000 0.000 0.000 0.000 0.000 0.000 0.000 0.000 0.000 0.000 0.000 0.000 0.000 0.000 0.000 0.004 0.005 0.005 0.005 0.004 0.008 0.000 0.000 0.000 0.000 0.006 0.015 0.017 0.015 0.013 0.011 0.009 0.009
0.005 0.006 0.007 0.008 0.009 0.009 0.009 0.010 0.010 0.010 0.009 0.009 0.006 0.004 0.003 0.002 0.002 0.001 0.001 0.001 0.001 0.001 0.001 0.001 0.001 0.001 0.002 0.004 0.006 0.007 0.007 0.007 0.006 0.005 0.005 0.004 0.004 0.004 0.002 0.001 0.001 0.000 0.000 0.000 0.000 0.000 0.000 0.000 0.000 0.000 0.000 0.000 0.000 0.000 0.000 0.000 0.000 0.000 0.000 0.000 0.000 0.000 0.003 0.005 0.006 0.009 0.000 0.000 0.000 0.015 0.014 0.012 0.011 0.009 0.008 0.007 0.007
0.005 0.006 0.007 0.008 0.008 0.009 0.010 0.010 0.011 0.011 0.011 0.012 0.014 0.012 0.008 0.006 0.004 0.003 0.002 0.002 0.001 0.001 0.001 0.001 0.001 0.001 0.002 0.004 0.005 0.006 0.007 0.007 0.006 0.006 0.005 0.004 0.004 0.004 0.003 0.002 0.001 0.001 0.001 0.000 0.000 0.000 0.000 0.000 0.000 0.000 0.000 0.000 0.000 0.000 0.000 0.000 0.000 0.000 0.000 0.000 0.000 0.000 0.000 0.000 0.005 0.009 0.010 0.017 0.018 0.014 0.012 0.010 0.008 0.007 0.006 0.006 0.006
0.005 0.006 0.007 0.008 0.009 0.010 0.012 0.013 0.015 0.016 0.018 0.020 0.023 0.024 0.018 0.012 0.008 0.006 0.004 0.003 0.002 0.001 0.001 0.001 0.001 0.001 0.002 0.004 0.005 0.006 0.007 0.007 0.006 0.006 0.005 0.005 0.004 0.004 0.003 0.002 0.002 0.001 0.001 0.001 0.001 0.002 0.000 0.000 0.000 0.000 0.000 0.000 0.000 0.000 0.000 0.000 0.000 0.000 0.000 0.000 0.000 0.000 0.000 0.000 0.000 0.000 0.000 0.009 0.010 0.010 0.009 0.008 0.007 0.006 0.005 0.005 0.004
0.005 0.006 0.008 0.010 0.012 0.015 0.018 0.022 0.026 0.028 0.030 0.033 0.028 0.020 0.020 0.017 0.012 0.008 0.006 0.004 0.003 0.002 0.001 0.001 0.001 0.001 0.002 0.004 0.005 0.006 0.007 0.007 0.006 0.006 0.005 0.005 0.004 0.004 0.003 0.003 0.002 0.002 0.001 0.001 0.001 0.001 0.001 0.002 0.000 0.000 0.000 0.000 0.000 0.002 0.000 0.000 0.000 0.000 0.000 0.000 0.000 0.000 0.000 0.000 0.000 0.000 0.012 0.010 0.009 0.008 0.007 0.006 0.006 0.005 0.005 0.005 0.000
0.008 0.010 0.014 0.019 0.022 0.026 0.030 0.028 0.024 0.019 0.015 0.011 0.008 0.005 0.011 0.018 0.014 0.010 0.007 0.005 0.004 0.003 0.002 0.001 0.001 0.001 0.003 0.004 0.005 0.006 0.006 0.007 0.006 0.006 0.005 0.005 0.004 0.004 0.003 0.003 0.002 0.002 0.002 0.000 0.001 0.001 0.001 0.001 0.001 0.001 0.001 0.001 0.001 0.001 0.001 0.001 0.002 0.000 0.000 0.000 0.000 0.000 0.000 0.000 0.000 0.000 0.009 0.009 0.008 0.007 0.006 0.006 0.005 0.004 0.004 0.003 0.000
0.017 0.021 0.021 0.018 0.014 0.011 0.009 0.007 0.005 0.004 0.003 0.002 0.001 0.002 0.000 0.015 0.015 0.012 0.009 0.006 0.005 0.003 0.002 0.002 0.001 0.001 0.003 0.004 0.005 0.006 0.006 0.006 0.006 0.006 0.005 0.005 0.004 0.004 0.003 0.003 0.003 0.002 0.002 0.001 0.001 0.001 0.001 0.001 0.001 0.001 0.001 0.001 0.001 0.001 0.001 0.001 0.002 0.009 0.036 0.000 0.000 0.000 0.000 0.000 0.000 0.013 0.011 0.009 0.008 0.007 0.006 0.005 0.004 0.004 0.004 0.000 0.000
0.007 0.005 0.004 0.003 0.003 0.002 0.002 0.002 0.001 0.001 0.001 0.001 0.001 0.001 0.002 0.009 0.016 0.013 0.010 0.008 0.006 0.004 0.003 0.002 0.002 0.002 0.003 0.004 0.005 0.005 0.006 0.006 0.006 0.006 0.005 0.005 0.005 0.004 0.004 0.003 0.003 0.002 0.002 0.002 0.001 0.001 0.001 0.001 0.001 0.001 0.001 0.001 0.001 0.001 0.001 0.002 0.010 0.023 0.036 0.045 0.054 0.064 0.000 0.000 0.000 0.010 0.010 0.009 0.007 0.006 0.005 0.004 0.004 0.003 0.003 0.000 0.000
0.002 0.001 0.001 0.001 0.001 0.001 0.001 0.001 0.001 0.001 0.001 0.001 0.001 0.001 0.002 0.006 0.015 0.015 0.012 0.009 0.007 0.005 0.004 0.003 0.002 0.002 0.003 0.004 0.005 0.005 0.006 0.006 0.006 0.006 0.005 0.005 0.005 0.004 0.004 0.003 0.003 0.003 0.002 0.002 0.002 0.001 0.001 0.001 0.001 0.001 0.001 0.001 0.001 0.002 0.007 0.015 0.018 0.016 0.017 0.022 0.030 0.038 0.045 0.054 0.000 0.012 0.010 0.008 0.006 0.005 0.004 0.003 0.003 0.003 0.000 0.000 0.000
0.001 0.001 0.001 0.001 0.001 0.001 0.001 0.001 0.001 0.001 0.001 0.001 0.001 0.001 0.001 0.003 0.009 0.016 0.013 0.011 0.008 0.006 0.005 0.004 0.003 0.003 0.003 0.004 0.005 0.005 0.006 0.006 0.006 0.006 0.005 0.005 0.005 0.004 0.004 0.003 0.003 0.003 0.002 0.002 0.002 0.002 0.001 0.001 0.001 0.001 0.001 0.002 0.006 0.014 0.018 0.015 0.012 0.010 0.009 0.008 0.008 0.000 0.018 0.026 0.023 0.016 0.010 0.007 0.005 0.004 0.003 0.003 0.003 0.002 0.000 0.000 0.000
0.001 0.001 0.001 0.001 0.001 0.001 0.001 0.001 0.001 0.001 0.001 0.001 0.001 0.001 0.001 0.002 0.006 0.015 0.015 0.013 0.010 0.009 0.008 0.007 0.007 0.006 0.007 0.007 0.008 0.008 0.009 0.009 0.008 0.007 0.007 0.006 0.006 0.005 0.004 0.004 0.003 0.003 0.003 0.003 0.003 0.003 0.003 0.003 0.002 0.002 0.006 0.014 0.019 0.016 0.012 0.010 0.008 0.006 0.005 0.004 0.004 0.003 0.003 0.004 0.004 0.004 0.002 0.002 0.002 0.002 0.002 0.002 0.003 0.000 0.000 0.000 0.000
0.000 0.000 0.000 0.000 0.000 0.000 0.000 0.000 0.000 0.000 0.001 0.001 0.001 0.001 0.001 0.001 0.003 0.009 0.018 0.017 0.017 0.019 0.020 0.021 0.022 0.022 0.022 0.022 0.022 0.021 0.020 0.018 0.015 0.013 0.012 0.010 0.009 0.008 0.007 0.006 0.006 0.006 0.007 0.008 0.010 0.012 0.015 0.017 0.018 0.016 0.022 0.017 0.013 0.010 0.008 0.006 0.005 0.004 0.003 0.002 0.002 0.002 0.002 0.002 0.002 0.002 0.001 0.001 0.001 0.001 0.001 0.001 0.002 0.014 0.000 0.000 0.000
0.000 0.000 0.000 0.000 0.000 0.000 0.000 0.000 0.000 0.000 0.000 0.001 0.001 0.001 0.001 0.001 0.003 0.007 0.022 0.036 0.041 0.045 0.050 0.050 0.050 0.051 0.051 0.050 0.049 0.047 0.043 0.034 0.030 0.028 0.025 0.022 0.020 0.019 0.018 0.020 0.022 0.026 0.030 0.035 0.039 0.043 0.047 0.049 0.044 0.028 0.027 0.023 0.018 0.014 0.010 0.008 0.006 0.004 0.003 0.002 0.002 0.001 0.001 0.001 0.001 0.001 0.001 0.001 0.001 0.001 0.001 0.001 0.001 0.000 0.000 0.000 0.000
0.000 0.000 0.000 0.000 0.000 0.000 0.000 0.000 0.000 0.000 0.000 0.000 0.001 0.001 0.001 0.001 0.008 0.000 0.023 0.065 0.070 0.075 0.081 0.000 0.000 0.000 0.000 0.000 0.000 0.000 0.000 0.049 0.051 0.051 0.049 0.042 0.041 0.041 0.043 0.046 0.051 0.055 0.060 0.065 0.069 0.066 0.058 0.049 0.038 0.023 0.023 0.026 0.030 0.025 0.020 0.016 0.012 0.009 0.007 0.005 0.004 0.003 0.002 0.002 0.001 0.001 0.001 0.001 0.001 0.001 0.001 0.001 0.001 0.001 0.001 0.000 0.000
0.000 0.000 0.000 0.000 0.000 0.000 0.000 0.000 0.000 0.000 0.000 0.000 0.000 0.006 0.000 0.000 0.011 0.000 0.000 0.082 0.000 0.000 0.000 0.000 0.000 0.000 0.000 0.000 0.000 0.000 0.000 0.000 0.000 0.000 0.000 0.063 0.067 0.069 0.071 0.075 0.080 0.085 0.082 0.075 0.067 0.059 0.051 0.042 0.032 0.018 0.018 0.019 0.023 0.028 0.030 0.025 0.020 0.016 0.013 0.010 0.008 0.006 0.004 0.003 0.002 0.002 0.002 0.001 0.001 0.001 0.001 0.001 0.001 0.001 0.001 0.001 0.001
0.000 0.000 0.000 0.000 0.000 0.000 0.000 0.000 0.000 0.000 0.000 0.000 0.000 0.000 0.000 0.000 0.000 0.000 0.000 0.000 0.000 0.000 0.000 0.000 0.000 0.000 0.000 0.000 0.000 0.000 0.000 0.000 0.000 0.000 0.000 0.000 0.000 0.000 0.099 0.096 0.089 0.082 0.075 0.067 0.060 0.052 0.045 0.036 0.026 0.015 0.015 0.015 0.016 0.020 0.025 0.030 0.030 0.025 0.021 0.017 0.013 0.010 0.008 0.006 0.005 0.004 0.003 0.002 0.002 0.001 0.001 0.001 0.001 0.001 0.001 0.001 0.001
0.000 0.000 0.000 0.000 0.000 0.000 0.000 0.000 0.000 0.000 0.000 0.000 0.000 0.000 0.000 0.000 0.000 0.000 0.000 0.000 0.000 0.000 0.000 0.000 0.000 0.000 0.000 0.000 0.000 0.000 0.000 0.000 0.000 0.000 0.000 0.000 0.000 0.000 0.000 0.000 0.000 0.000 0.067 0.060 0.053 0.045 0.038 0.029 0.019 0.012 0.012 0.012 0.012 0.013 0.016 0.021 0.026 0.032 0.030 0.025 0.020 0.016 0.013 0.010 0.008 0.006 0.005 0.004 0.003 0.002 0.002 0.001 0.001 0.001 0.001 0.001 0.001
0.000 0.000 0.000 0.000 0.000 0.000 0.000 0.000 0.000 0.000 0.000 0.000 0.000 0.000 0.000 0.000 0.000 0.000 0.000 0.000 0.000 0.000 0.000 0.000 0.000 0.000 0.000 0.000 0.000 0.000 0.000 0.000 0.000 0.000 0.000 0.000 0.000 0.000 0.000 0.000 0.000 0.000 0.000 0.000 0.000 0.038 0.031 0.023 0.013 0.008 0.008 0.008 0.008 0.008 0.009 0.012 0.016 0.021 0.027 0.033 0.029 0.024 0.020 0.016 0.013 0.010 0.008 0.006 0.005 0.004 0.003 0.002 0.002 0.001 0.001 0.001 0.001
0.000 0.000 0.000 0.000 0.000 0.000 0.000 0.000 0.000 0.000 0.000 0.000 0.000 0.000 0.000 0.000 0.000 0.000 0.000 0.000 0.000 0.000 0.000 0.000 0.000 0.000 0.000 0.000 0.000 0.000 0.000 0.000 0.000 0.000 0.000 0.000 0.000 0.000 0.000 0.000 0.000 0.000 0.000 0.000 0.000 0.000 0.000 0.000 0.003 0.002 0.003 0.003 0.003 0.003 0.003 0.005 0.008 0.012 0.017 0.022 0.029 0.033 0.028 0.023 0.019 0.015 0.012 0.010 0.008 0.006 0.005 0.004 0.003 0.002 0.002 0.001 0.001
0.000 0.000 0.000 0.000 0.000 0.000 0.000 0.000 0.000 0.000 0.000 0.000 0.000 0.000 0.000 0.000 0.000 0.000 0.000 0.000 0.000 0.000 0.000 0.000 0.000 0.000 0.000 0.000 0.000 0.000 0.000 0.000 0.000 0.000 0.000 0.000 0.000 0.000 0.000 0.000 0.000 0.000 0.000 0.000 0.000 0.000 0.000 0.000 0.000 0.000 0.001 0.001 0.001 0.001 0.001 0.001 0.001 0.004 0.008 0.012 0.018 0.024 0.030 0.032 0.027 0.022 0.018 0.015 0.012 0.009 0.007 0.006 0.005 0.004 0.003 0.002 0.002
0.000 0.000 0.000 0.000 0.000 0.000 0.000 0.000 0.000 0.000 0.000 0.000 0.000 0.000 0.000 0.000 0.000 0.000 0.000 0.000 0.000 0.000 0.000 0.000 0.000 0.000 0.000 0.000 0.000 0.000 0.000 0.000 0.000 0.000 0.000 0.000 0.000 0.000 0.000 0.000 0.000 0.000 0.000 0.000 0.000 0.000 0.000 0.000 0.000 0.000 0.000 0.000 0.000 0.000 0.001 0.001 0.001 0.001 0.001 0.004 0.009 0.014 0.020 0.026 0.032 0.031 0.026 0.022 0.018 0.015 0.012 0.010 0.008 0.007 0.006 0.005 0.004
0.000 0.000 0.000 0.000 0.000 0.000 0.000 0.000 0.000 0.000 0.000 0.000 0.000 0.000 0.000 0.000 0.000 0.000 0.000 0.000 0.000 0.000 0.000 0.000 0.000 0.000 0.000 0.000 0.000 0.000 0.000 0.000 0.000 0.000 0.000 0.000 0.000 0.000 0.000 0.000 0.000 0.000 0.000 0.000 0.000 0.000 0.000 0.000 0.000 0.000 0.000 0.000 0.000 0.000 0.000 0.000 0.000 0.000 0.001 0.001 0.002 0.005 0.010 0.015 0.021 0.028 0.034 0.031 0.026 0.023 0.020 0.018 0.016 0.014 0.012 0.010 0.008
0.000 0.000 0.000 0.000 0.000 0.000 0.000 0.000 0.000 0.000 0.000 0.000 0.000 0.000 0.000 0.000 0.000 0.000 0.000 0.000 0.000 0.000 0.000 0.000 0.000 0.000 0.000 0.000 0.000 0.000 0.000 0.000 0.000 0.000 0.000 0.000 0.000 0.000 0.000 0.000 0.000 0.000 0.000 0.000 0.000 0.000 0.000 0.000 0.000 0.000 0.000 0.000 0.000 0.000 0.000 0.000 0.000 0.000 0.000 0.001 0.001 0.001 0.001 0.006 0.011 0.017 0.023 0.030 0.037 0.036 0.034 0.033 0.032 0.029 0.025 0.021 0.017
0.000 0.000 0.000 0.000 0.000 0.000 0.000 0.000 0.000 0.000 0.000 0.000 0.000 0.000 0.000 0.000 0.000 0.000 0.000 0.000 0.000 0.000 0.000 0.000 0.000 0.000 0.000 0.000 0.000 0.000 0.000 0.000 0.000 0.000 0.000 0.000 0.000 0.000 0.000 0.000 0.000 0.000 0.000 0.000 0.000 0.000 0.000 0.000 0.000 0.000 0.000 0.000 0.000 0.000 0.000 0.000 0.000 0.000 0.000 0.001 0.001 0.001 0.001 0.001 0.003 0.008 0.013 0.019 0.029 0.045 0.056 0.056 0.055 0.051 0.039 0.033 0.027
0.000 0.000 0.000 0.000 0.000 0.000 0.000 0.000 0.000 0.000 0.000 0.000 0.000 0.000 0.000 0.000 0.000 0.000 0.000 0.000 0.000 0.000 0.000 0.000 0.000 0.000 0.000 0.000 0.000 0.000 0.000 0.000 0.000 0.000 0.000 0.000 0.000 0.000 0.000 0.000 0.000 0.000 0.000 0.000 0.000 0.000 0.000 0.000 0.000 0.000 0.000 0.000 0.000 0.000 0.000 0.000 0.000 0.000 0.000 0.001 0.001 0.001 0.001 0.001 0.001 0.002 0.005 0.010 0.022 0.043 0.000 0.000 0.000 0.000 0.046 0.046 0.036
0.000 0.000 0.000 0.000 0.000 0.000 0.000 0.000 0.000 0.000 0.000 0.000 0.000 0.000 0.000 0.000 0.000 0.000 0.000 0.000 0.000 0.000 0.000 0.000 0.000 0.000 0.000 0.000 0.000 0.000 0.000 0.000 0.000 0.000 0.000 0.000 0.000 0.000 0.000 0.000 0.000 0.000 0.000 0.000 0.000 0.000 0.000 0.000 0.000 0.000 0.000 0.000 0.000 0.000 0.000 0.000 0.000 0.000 0.000 0.001 0.001 0.001 0.001 0.001 0.001 0.001 0.002 0.005 0.019 0.000 0.000 0.000 0.000 0.000 0.000 0.000 0.039
0.000 0.000 0.000 0.000 0.000 0.000 0.000 0.000 0.000 0.000 0.000 0.000 0.000 0.000 0.000 0.000 0.000 0.000 0.000 0.000 0.000 0.000 0.000 0.000 0.000 0.000 0.000 0.000 0.000 0.000 0.000 0.000 0.000 0.000 0.000 0.000 0.000 0.000 0.000 0.000 0.000 0.000 0.000 0.000 0.000 0.000 0.000 0.000 0.000 0.000 0.000 0.000 0.000 0.000 0.000 0.000 0.000 0.000 0.000 0.000 0.001 0.001 0.001 0.001 0.001 0.001 0.002 0.005 0.000 0.000 0.000 0.000 0.000 0.000 0.000 0.000 0.000
0.000 0.000 0.000 0.000 0.000 0.000 0.000 0.000 0.000 0.000 0.000 0.000 0.000 0.000 0.000 0.000 0.000 0.000 0.000 0.000 0.000 0.000 0.000 0.000 0.000 0.000 0.000 0.000 0.000 0.000 0.000 0.000 0.000 0.000 0.000 0.000 0.000 0.000 0.000 0.000 0.000 0.000 0.000 0.000 0.000 0.000 0.000 0.000 0.000 0.000 0.000 0.000 0.000 0.000 0.000 0.000 0.000 0.000 0.000 0.000 0.000 0.001 0.001 0.001 0.001 0.001 0.002 0.004 0.000 0.000 0.000 0.000 0.000 0.000 0.000 0.000 0.000
0.000 0.000 0.000 0.000 0.000 0.000 0.000 0.000 0.000 0.000 0.000 0.000 0.000 0.000 0.000 0.000 0.000 0.000 0.000 0.000 0.000 0.000 0.000 0.000 0.000 0.000 0.000 0.000 0.000 0.000 0.000 0.000 0.000 0.000 0.000 0.000 0.000 0.000 0.000 0.000 0.000 0.000 0.000 0.000 0.000 0.000 0.000 0.000 0.000 0.000 0.000 0.000 0.000 0.000 0.000 0.000 0.000 0.000 0.000 0.000 0.000 0.000 0.000 0.001 0.001 0.001 0.003 0.000 0.000 0.000 0.000 0.000 0.000 0.000 0.000 0.000 0.000
0.000 0.000 0.000 0.000 0.000 0.000 0.000 0.000 0.000 0.000 0.000 0.000 0.000 0.000 0.000 0.000 0.000 0.000 0.000 0.000 0.000 0.000 0.000 0.000 0.000 0.000 0.000 0.000 0.000 0.000 0.000 0.000 0.000 0.000 0.000 0.000 0.000 0.000 0.000 0.000 0.000 0.000 0.000 0.000 0.000 0.000 0.000 0.000 0.000 0.000 0.000 0.000 0.000 0.000 0.000 0.000 0.000 0.000 0.000 0.000 0.000 0.000 0.000 0.001 0.001 0.001 0.016 0.000 0.000 0.000 0.000 0.000 0.000 0.000 0.000 0.000 0.000
0.000 0.000 0.000 0.000 0.000 0.000 0.000 0.000 0.000 0.000 0.000 0.000 0.000 0.000 0.000 0.000 0.000 0.000 0.000 0.000 0.000 0.000 0.000 0.000 0.000 0.000 0.000 0.000 0.000 0.000 0.000 0.000 0.000 0.000 0.000 0.000 0.000 0.000 0.000 0.000 0.000 0.000 0.000 0.000 0.000 0.000 0.000 0.000 0.000 0.000 0.000 0.000 0.000 0.000 0.000 0.000 0.000 0.000 0.000 0.000 0.000 0.000 0.000 0.001 0.001 0.001 0.000 0.000 0.000 0.000 0.000 0.000 0.000 0.000 0.000 0.000 0.000
0.000 0.000 0.000 0.000 0.000 0.000 0.000 0.000 0.000 0.000 0.000 0.000 0.000 0.000 0.000 0.000 0.000 0.000 0.000 0.000 0.000 0.000 0.000 0.000 0.000 0.000 0.000 0.000 0.000 0.000 0.000 0.000 0.000 0.000 0.000 0.000 0.000 0.000 0.000 0.000 0.000 0.000 0.000 0.000 0.000 0.000 0.000 0.000 0.000 0.000 0.000 0.000 0.000 0.000 0.000 0.000 0.000 0.000 0.000 0.000 0.000 0.000 0.000 0.001 0.001 0.001 0.000 0.000 0.000 0.000 0.000 0.000 0.000 0.000 0.000 0.000 0.000
