数据/50y_3h/50y_3h_res_2/50y_3h_193-0001.wd
ncols         694
nrows         824
xllcorner     581104.939801
yllcorner     3495917.092414
cellsize      2.000000
NODATA_value  -9999.000000
[rows 714 to 747 of 824, columns 154 to 230 of 694]
0.000 0.000 0.000 0.000 0.000 0.000 0.002 0.003 0.004 0.005 0.006 0.007 0.008 0.009 0.009 0.009 0.010 0.010 0.009 0.008 0.001 0.001 0.074 0.070 0.065 0.063 0.060 0.056 0.052 0.047 0.042 0.039 0.000 0.000 0.000 0.000 0.000 0.000 0.000 0.000 0.000 0.000 0.001 0.032 0.055 0.065 0.076 0.087 0.097 0.000 0.000 0.000 0.000 0.000 0.000 0.000 0.000 0.000 0.196 0.207 0.218 0.217 0.195 0.175 0.184 0.099 0.022 0.000 0.000 0.000 0.000 0.000 0.000 0.000 0.000 0.000 0.000
0.000 0.000 0.000 0.000 0.000 0.002 0.003 0.004 0.005 0.006 0.007 0.008 0.009 0.010 0.010 0.011 0.011 0.011 0.012 0.012 0.011 0.010 0.001 0.089 0.087 0.084 0.081 0.076 0.071 0.066 0.061 0.055 0.049 0.046 0.000 0.000 0.000 0.000 0.000 0.000 0.000 0.000 0.020 0.073 0.117 0.129 0.139 0.149 0.160 0.000 0.000 0.000 0.000 0.000 0.000 0.000 0.000 0.000 0.259 0.254 0.232 0.208 0.185 0.177 0.186 0.142 0.056 0.001 0.000 0.000 0.000 0.000 0.000 0.000 0.000 0.000 0.000
0.000 0.000 0.000 0.000 0.001 0.003 0.004 0.005 0.006 0.007 0.008 0.009 0.010 0.010 0.011 0.012 0.012 0.013 0.013 0.014 0.015 0.015 0.014 0.001 0.001 0.105 0.102 0.097 0.091 0.085 0.080 0.074 0.068 0.065 0.061 0.000 0.000 0.000 0.000 0.000 0.000 0.008 0.061 0.116 0.172 0.191 0.201 0.212 0.223 0.000 0.000 0.000 0.000 0.000 0.000 0.000 0.000 0.292 0.269 0.245 0.222 0.199 0.175 0.179 0.188 0.184 0.099 0.014 0.000 0.000 0.000 0.000 0.000 0.000 0.000 0.000 0.000
0.000 0.000 0.000 0.000 0.002 0.004 0.005 0.006 0.007 0.008 0.009 0.010 0.010 0.011 0.012 0.012 0.013 0.014 0.015 0.016 0.017 0.019 0.020 0.023 0.026 0.004 0.122 0.117 0.112 0.104 0.098 0.093 0.088 0.084 0.080 0.076 0.073 0.000 0.000 0.000 0.005 0.049 0.103 0.159 0.214 0.254 0.264 0.275 0.000 0.000 0.000 0.000 0.000 0.000 0.000 0.000 0.000 0.283 0.260 0.236 0.212 0.189 0.172 0.182 0.192 0.201 0.144 0.057 0.003 0.000 0.000 0.000 0.000 0.000 0.000 0.000 0.000
0.000 0.000 0.000 0.001 0.003 0.005 0.006 0.007 0.008 0.008 0.009 0.010 0.011 0.011 0.012 0.013 0.014 0.015 0.016 0.017 0.019 0.022 0.025 0.031 0.041 0.060 0.004 0.137 0.131 0.123 0.117 0.112 0.108 0.104 0.100 0.097 0.094 0.091 0.000 0.041 0.050 0.092 0.145 0.201 0.257 0.313 0.328 0.338 0.000 0.000 0.000 0.000 0.000 0.000 0.000 0.000 0.000 0.274 0.250 0.226 0.203 0.180 0.175 0.185 0.194 0.204 0.187 0.101 0.000 0.000 0.000 0.000 0.000 0.000 0.000 0.000 0.000
0.000 0.000 0.000 0.001 0.003 0.005 0.006 0.007 0.008 0.009 0.010 0.010 0.011 0.012 0.013 0.014 0.014 0.015 0.017 0.018 0.020 0.022 0.026 0.030 0.035 0.041 0.027 0.001 0.000 0.140 0.135 0.131 0.128 0.124 0.121 0.117 0.114 0.111 0.104 0.079 0.096 0.134 0.188 0.244 0.299 0.355 0.392 0.402 0.000 0.000 0.000 0.000 0.000 0.000 0.000 0.000 0.000 0.265 0.241 0.218 0.193 0.170 0.178 0.187 0.197 0.206 0.215 0.146 0.000 0.000 0.000 0.000 0.000 0.000 0.000 0.000 0.000
0.000 0.000 0.000 0.001 0.003 0.005 0.006 0.007 0.008 0.009 0.010 0.011 0.011 0.012 0.013 0.014 0.015 0.016 0.017 0.019 0.020 0.022 0.025 0.027 0.030 0.031 0.025 0.018 0.012 0.000 0.154 0.151 0.148 0.144 0.141 0.138 0.136 0.133 0.130 0.000 0.000 0.174 0.230 0.285 0.341 0.397 0.453 0.464 0.475 0.453 0.000 0.000 0.000 0.000 0.000 0.000 0.279 0.255 0.232 0.208 0.184 0.171 0.182 0.190 0.200 0.210 0.218 0.190 0.000 0.000 0.000 0.000 0.000 0.000 0.000 0.000 0.000
0.000 0.000 0.000 0.001 0.003 0.005 0.006 0.007 0.008 0.009 0.010 0.011 0.012 0.012 0.013 0.014 0.015 0.016 0.017 0.018 0.020 0.021 0.023 0.025 0.026 0.026 0.023 0.019 0.015 0.010 0.000 0.170 0.168 0.165 0.162 0.159 0.157 0.155 0.000 0.000 0.000 0.000 0.272 0.328 0.383 0.439 0.493 0.490 0.467 0.444 0.419 0.394 0.000 0.000 0.000 0.000 0.269 0.246 0.222 0.198 0.175 0.175 0.184 0.193 0.202 0.212 0.221 0.000 0.000 0.000 0.000 0.000 0.000 0.000 0.000 0.000 0.000
0.000 0.000 0.000 0.001 0.003 0.005 0.006 0.007 0.008 0.009 0.010 0.011 0.012 0.012 0.013 0.014 0.015 0.016 0.017 0.018 0.019 0.020 0.021 0.023 0.023 0.023 0.021 0.018 0.016 0.013 0.009 0.001 0.000 0.185 0.182 0.180 0.178 0.000 0.000 0.000 0.000 0.000 0.000 0.370 0.426 0.448 0.470 0.000 0.000 0.433 0.409 0.385 0.360 0.336 0.000 0.000 0.259 0.236 0.212 0.190 0.168 0.177 0.187 0.195 0.205 0.215 0.224 0.000 0.000 0.000 0.000 0.000 0.000 0.000 0.000 0.000 0.000
0.000 0.000 0.000 0.001 0.003 0.005 0.006 0.007 0.008 0.009 0.010 0.011 0.012 0.012 0.013 0.014 0.015 0.015 0.016 0.017 0.018 0.019 0.020 0.021 0.021 0.020 0.019 0.017 0.015 0.013 0.011 0.008 0.006 0.001 0.201 0.198 0.000 0.000 0.000 0.000 0.000 0.000 0.000 0.383 0.404 0.425 0.446 0.000 0.000 0.000 0.000 0.375 0.351 0.326 0.300 0.274 0.250 0.227 0.201 0.179 0.171 0.179 0.188 0.197 0.207 0.217 0.227 0.000 0.000 0.000 0.000 0.000 0.000 0.000 0.000 0.000 0.000
0.000 0.000 0.000 0.001 0.003 0.005 0.006 0.007 0.008 0.009 0.010 0.011 0.011 0.012 0.013 0.014 0.014 0.015 0.016 0.017 0.017 0.018 0.019 0.019 0.019 0.019 0.018 0.016 0.015 0.013 0.012 0.010 0.008 0.006 0.000 0.213 0.206 0.000 0.000 0.000 0.000 0.000 0.000 0.360 0.381 0.401 0.422 0.435 0.000 0.000 0.000 0.000 0.000 0.316 0.290 0.264 0.239 0.216 0.193 0.169 0.172 0.181 0.191 0.199 0.209 0.219 0.000 0.000 0.000 0.000 0.000 0.000 0.000 0.000 0.000 0.000 0.000
0.000 0.000 0.000 0.001 0.003 0.005 0.006 0.007 0.008 0.009 0.010 0.011 0.011 0.012 0.013 0.013 0.014 0.015 0.015 0.016 0.017 0.017 0.018 0.018 0.018 0.017 0.017 0.016 0.014 0.013 0.012 0.010 0.009 0.007 0.005 0.000 0.222 0.219 0.000 0.000 0.000 0.000 0.000 0.000 0.358 0.000 0.000 0.415 0.404 0.000 0.000 0.000 0.000 0.000 0.000 0.253 0.228 0.205 0.182 0.164 0.173 0.183 0.192 0.201 0.211 0.220 0.000 0.000 0.000 0.000 0.000 0.000 0.000 0.000 0.000 0.000 0.000
0.000 0.000 0.000 0.001 0.003 0.005 0.006 0.007 0.008 0.009 0.010 0.010 0.011 0.012 0.012 0.013 0.013 0.014 0.015 0.015 0.016 0.016 0.016 0.017 0.017 0.016 0.016 0.015 0.014 0.013 0.012 0.010 0.009 0.008 0.006 0.004 0.001 0.237 0.254 0.000 0.000 0.000 0.000 0.000 0.000 0.000 0.000 0.000 0.385 0.000 0.000 0.000 0.000 0.000 0.263 0.240 0.217 0.194 0.170 0.166 0.176 0.184 0.193 0.203 0.213 0.223 0.000 0.000 0.000 0.000 0.000 0.000 0.000 0.000 0.000 0.000 0.000
0.000 0.000 0.000 0.001 0.003 0.005 0.006 0.007 0.008 0.008 0.009 0.010 0.011 0.011 0.012 0.012 0.013 0.014 0.014 0.015 0.015 0.015 0.016 0.016 0.015 0.015 0.015 0.014 0.013 0.012 0.011 0.010 0.009 0.008 0.007 0.005 0.003 0.001 0.227 0.243 0.000 0.000 0.000 0.000 0.000 0.000 0.000 0.000 0.365 0.000 0.000 0.000 0.000 0.000 0.254 0.231 0.206 0.183 0.160 0.168 0.176 0.184 0.194 0.203 0.212 0.000 0.000 0.000 0.000 0.000 0.000 0.000 0.000 0.000 0.000 0.000 0.000
0.000 0.000 0.000 0.000 0.002 0.004 0.005 0.006 0.007 0.008 0.009 0.009 0.010 0.011 0.011 0.012 0.012 0.013 0.013 0.014 0.014 0.014 0.015 0.015 0.015 0.014 0.014 0.013 0.013 0.012 0.011 0.010 0.009 0.008 0.007 0.006 0.004 0.002 0.000 0.214 0.229 0.000 0.000 0.000 0.000 0.000 0.000 0.349 0.344 0.000 0.000 0.000 0.000 0.263 0.243 0.220 0.196 0.173 0.161 0.170 0.178 0.186 0.195 0.204 0.211 0.217 0.225 0.000 0.000 0.000 0.000 0.000 0.000 0.000 0.000 0.000 0.000
0.000 0.000 0.000 0.000 0.001 0.003 0.004 0.005 0.006 0.007 0.008 0.009 0.010 0.010 0.011 0.011 0.012 0.012 0.013 0.013 0.013 0.014 0.014 0.014 0.014 0.013 0.013 0.013 0.012 0.011 0.010 0.010 0.009 0.008 0.007 0.006 0.004 0.003 0.001 0.000 0.199 0.214 0.000 0.000 0.000 0.000 0.000 0.000 0.000 0.000 0.000 0.000 0.000 0.242 0.230 0.209 0.186 0.162 0.162 0.171 0.180 0.189 0.197 0.205 0.213 0.220 0.228 0.235 0.242 0.000 0.000 0.000 0.000 0.000 0.000 0.000 0.000
0.000 0.000 0.000 0.000 0.000 0.002 0.003 0.004 0.005 0.006 0.007 0.008 0.009 0.010 0.010 0.011 0.011 0.012 0.012 0.012 0.013 0.013 0.013 0.013 0.013 0.013 0.012 0.012 0.011 0.011 0.010 0.009 0.008 0.007 0.006 0.005 0.004 0.003 0.001 0.000 0.000 0.184 0.197 0.217 0.000 0.000 0.000 0.000 0.000 0.000 0.000 0.000 0.230 0.220 0.208 0.196 0.175 0.155 0.164 0.173 0.182 0.191 0.200 0.207 0.215 0.223 0.231 0.239 0.246 0.253 0.261 0.000 0.000 0.000 0.000 0.000 0.000
0.000 0.000 0.000 0.000 0.000 0.000 0.002 0.003 0.004 0.005 0.006 0.007 0.008 0.009 0.010 0.010 0.011 0.011 0.011 0.012 0.012 0.012 0.012 0.012 0.012 0.012 0.011 0.011 0.011 0.010 0.009 0.009 0.008 0.007 0.006 0.005 0.004 0.002 0.000 0.000 0.000 0.000 0.172 0.190 0.209 0.000 0.000 0.000 0.000 0.000 0.000 0.000 0.209 0.198 0.186 0.175 0.162 0.158 0.166 0.175 0.185 0.194 0.203 0.210 0.219 0.227 0.234 0.242 0.249 0.256 0.264 0.272 0.223 0.000 0.000 0.000 0.000
0.000 0.000 0.000 0.000 0.000 0.000 0.000 0.002 0.003 0.004 0.005 0.006 0.007 0.008 0.009 0.010 0.010 0.010 0.011 0.011 0.011 0.011 0.011 0.011 0.011 0.011 0.011 0.010 0.010 0.009 0.009 0.008 0.007 0.006 0.005 0.004 0.003 0.001 0.000 0.000 0.000 0.000 0.000 0.164 0.182 0.200 0.000 0.000 0.000 0.000 0.000 0.199 0.189 0.176 0.166 0.153 0.151 0.156 0.166 0.175 0.186 0.196 0.205 0.214 0.223 0.000 0.000 0.000 0.250 0.259 0.267 0.275 0.267 0.180 0.112 0.000 0.000
0.000 0.000 0.000 0.000 0.000 0.000 0.000 0.000 0.002 0.003 0.004 0.005 0.006 0.007 0.008 0.009 0.009 0.010 0.010 0.010 0.010 0.010 0.010 0.010 0.010 0.010 0.010 0.010 0.009 0.009 0.008 0.007 0.006 0.005 0.004 0.003 0.002 0.000 0.000 0.000 0.000 0.000 0.000 0.000 0.155 0.174 0.194 0.000 0.000 0.000 0.000 0.179 0.168 0.156 0.150 0.149 0.150 0.152 0.163 0.172 0.182 0.193 0.203 0.213 0.223 0.000 0.000 0.000 0.000 0.000 0.270 0.278 0.286 0.223 0.182 0.143 0.000
0.000 0.000 0.000 0.000 0.000 0.000 0.000 0.000 0.000 0.002 0.003 0.004 0.005 0.006 0.007 0.008 0.008 0.009 0.009 0.009 0.009 0.009 0.009 0.009 0.009 0.009 0.009 0.009 0.008 0.008 0.007 0.006 0.005 0.004 0.003 0.002 0.000 0.000 0.000 0.000 0.000 0.000 0.000 0.000 0.133 0.150 0.168 0.187 0.000 0.184 0.170 0.159 0.147 0.148 0.147 0.148 0.148 0.149 0.160 0.169 0.180 0.190 0.201 0.211 0.000 0.000 0.000 0.000 0.000 0.000 0.000 0.277 0.287 0.291 0.253 0.213 0.000
0.000 0.000 0.000 0.000 0.000 0.000 0.000 0.000 0.000 0.000 0.002 0.003 0.004 0.005 0.006 0.007 0.008 0.008 0.008 0.008 0.008 0.008 0.008 0.008 0.008 0.008 0.008 0.008 0.008 0.007 0.006 0.005 0.004 0.003 0.002 0.000 0.000 0.000 0.000 0.000 0.000 0.000 0.000 0.000 0.000 0.127 0.143 0.160 0.178 0.163 0.150 0.146 0.146 0.146 0.146 0.147 0.147 0.148 0.156 0.166 0.177 0.188 0.198 0.000 0.000 0.000 0.000 0.000 0.000 0.000 0.000 0.000 0.000 0.297 0.292 0.281 0.239
0.000 0.000 0.000 0.000 0.000 0.000 0.000 0.000 0.000 0.000 0.000 0.002 0.003 0.004 0.005 0.006 0.007 0.007 0.007 0.007 0.007 0.007 0.007 0.007 0.007 0.007 0.007 0.007 0.007 0.006 0.005 0.004 0.003 0.002 0.000 0.000 0.000 0.000 0.000 0.000 0.000 0.000 0.000 0.000 0.000 0.000 0.120 0.136 0.153 0.145 0.146 0.145 0.145 0.145 0.144 0.145 0.146 0.147 0.154 0.163 0.174 0.185 0.197 0.000 0.000 0.000 0.000 0.000 0.000 0.000 0.000 0.000 0.000 0.000 0.000 0.288 0.282
0.000 0.000 0.000 0.000 0.000 0.000 0.000 0.000 0.000 0.000 0.000 0.000 0.002 0.003 0.004 0.005 0.006 0.006 0.006 0.006 0.006 0.006 0.006 0.006 0.006 0.006 0.006 0.006 0.006 0.005 0.004 0.003 0.002 0.000 0.000 0.000 0.000 0.000 0.000 0.000 0.000 0.000 0.000 0.000 0.000 0.000 0.000 0.113 0.131 0.145 0.144 0.143 0.143 0.143 0.143 0.143 0.144 0.145 0.151 0.161 0.172 0.183 0.000 0.000 0.000 0.000 0.000 0.000 0.000 0.000 0.000 0.000 0.000 0.000 0.000 0.000 0.000
0.000 0.000 0.000 0.000 0.000 0.000 0.000 0.000 0.000 0.000 0.000 0.000 0.000 0.002 0.003 0.004 0.005 0.005 0.005 0.005 0.005 0.005 0.005 0.005 0.005 0.005 0.005 0.005 0.005 0.004 0.003 0.002 0.000 0.000 0.000 0.000 0.000 0.000 0.000 0.000 0.000 0.000 0.000 0.000 0.000 0.000 0.000 0.000 0.108 0.127 0.142 0.141 0.141 0.141 0.141 0.142 0.142 0.143 0.147 0.157 0.169 0.180 0.000 0.000 0.000 0.000 0.000 0.000 0.000 0.000 0.000 0.000 0.000 0.000 0.000 0.000 0.000
0.000 0.000 0.000 0.000 0.000 0.000 0.000 0.000 0.000 0.000 0.000 0.000 0.000 0.000 0.001 0.002 0.003 0.003 0.003 0.003 0.003 0.003 0.003 0.003 0.003 0.003 0.003 0.003 0.003 0.002 0.001 0.000 0.000 0.000 0.000 0.000 0.000 0.000 0.000 0.000 0.000 0.000 0.000 0.000 0.000 0.000 0.000 0.000 0.000 0.096 0.124 0.139 0.139 0.139 0.139 0.139 0.139 0.140 0.143 0.154 0.165 0.000 0.000 0.000 0.000 0.000 0.000 0.000 0.000 0.000 0.000 0.000 0.000 0.000 0.000 0.000 0.000
0.000 0.000 0.000 0.000 0.000 0.000 0.000 0.000 0.000 0.000 0.000 0.000 0.000 0.000 0.000 0.000 0.001 0.001 0.001 0.001 0.001 0.001 0.001 0.001 0.001 0.001 0.001 0.001 0.001 0.000 0.000 0.000 0.000 0.000 0.000 0.000 0.000 0.000 0.000 0.000 0.000 0.000 0.000 0.000 0.000 0.000 0.000 0.000 0.000 0.000 0.102 0.123 0.138 0.137 0.136 0.136 0.136 0.137 0.139 0.151 0.162 0.000 0.000 0.000 0.000 0.000 0.000 0.000 0.000 0.000 0.000 0.000 0.000 0.000 0.000 0.000 0.000
0.000 0.000 0.000 0.000 0.000 0.000 0.000 0.000 0.000 0.000 0.000 0.000 0.000 0.000 0.000 0.000 0.000 0.000 0.000 0.000 0.000 0.000 0.000 0.000 0.000 0.000 0.000 0.000 0.000 0.000 0.000 0.000 0.000 0.000 0.000 0.000 0.000 0.000 0.000 0.000 0.000 0.000 0.000 0.000 0.000 0.000 0.000 0.000 0.000 0.000 0.082 0.102 0.121 0.134 0.133 0.131 0.130 0.131 0.134 0.146 0.000 0.000 0.000 0.000 0.000 0.000 0.000 0.000 0.000 0.000 0.000 0.000 0.000 0.000 0.000 0.000 0.000
0.000 0.000 0.000 0.000 0.000 0.000 0.000 0.000 0.000 0.000 0.000 0.000 0.000 0.000 0.000 0.000 0.000 0.000 0.000 0.000 0.000 0.000 0.000 0.000 0.000 0.000 0.000 0.000 0.000 0.000 0.000 0.000 0.000 0.000 0.000 0.000 0.000 0.000 0.000 0.000 0.000 0.000 0.000 0.000 0.000 0.000 0.000 0.000 0.000 0.000 0.000 0.078 0.098 0.117 0.128 0.124 0.116 0.121 0.123 0.000 0.000 0.000 0.000 0.000 0.000 0.000 0.000 0.000 0.000 0.000 0.000 0.000 0.000 0.000 0.000 0.000 0.000
0.000 0.000 0.000 0.000 0.000 0.000 0.000 0.000 0.000 0.000 0.000 0.000 0.000 0.000 0.000 0.000 0.000 0.000 0.000 0.000 0.000 0.000 0.000 0.000 0.000 0.000 0.000 0.000 0.000 0.000 0.000 0.000 0.000 0.000 0.000 0.000 0.000 0.000 0.000 0.000 0.000 0.000 0.000 0.000 0.000 0.000 0.000 0.000 0.000 0.000 0.000 0.055 0.075 0.093 0.110 0.120 0.115 0.115 0.113 0.109 0.000 0.000 0.000 0.000 0.000 0.000 0.000 0.000 0.000 0.000 0.000 0.000 0.000 0.000 0.000 0.000 0.000
0.000 0.000 0.000 0.000 0.000 0.000 0.000 0.000 0.000 0.000 0.000 0.000 0.000 0.000 0.000 0.000 0.000 0.000 0.000 0.000 0.000 0.000 0.000 0.000 0.000 0.000 0.000 0.000 0.000 0.000 0.000 0.000 0.000 0.000 0.000 0.000 0.000 0.000 0.000 0.000 0.000 0.000 0.000 0.000 0.000 0.000 0.000 0.000 0.000 0.000 0.000 0.033 0.051 0.069 0.087 0.104 0.113 0.110 0.105 0.101 0.102 0.000 0.000 0.000 0.000 0.000 0.000 0.000 0.000 0.000 0.000 0.000 0.000 0.000 0.000 0.000 0.000
0.000 0.000 0.000 0.000 0.000 0.000 0.000 0.000 0.000 0.000 0.000 0.000 0.000 0.000 0.000 0.000 0.000 0.000 0.000 0.000 0.000 0.000 0.000 0.000 0.000 0.000 0.000 0.000 0.000 0.000 0.000 0.000 0.000 0.000 0.000 0.000 0.000 0.000 0.000 0.000 0.000 0.000 0.000 0.000 0.000 0.000 0.000 0.000 0.000 0.000 0.000 0.010 0.028 0.046 0.063 0.079 0.096 0.105 0.099 0.092 0.090 0.082 0.083 0.000 0.000 0.000 0.000 0.000 0.000 0.000 0.000 0.000 0.000 0.000 0.000 0.000 0.000
0.000 0.000 0.000 0.000 0.000 0.000 0.000 0.000 0.000 0.000 0.000 0.000 0.000 0.000 0.000 0.000 0.000 0.000 0.000 0.000 0.000 0.000 0.000 0.000 0.000 0.000 0.000 0.000 0.000 0.000 0.000 0.000 0.000 0.000 0.000 0.000 0.000 0.000 0.000 0.000 0.000 0.000 0.000 0.000 0.000 0.000 0.000 0.000 0.000 0.000 0.000 0.000 0.006 0.021 0.039 0.055 0.072 0.087 0.093 0.084 0.079 0.074 0.074 0.077 0.000 0.000 0.000 0.000 0.000 0.000 0.000 0.000 0.000 0.000 0.000 0.000 0.000
0.000 0.000 0.000 0.000 0.000 0.000 0.000 0.000 0.000 0.000 0.000 0.000 0.000 0.000 0.000 0.000 0.000 0.000 0.000 0.000 0.000 0.000 0.000 0.000 0.000 0.000 0.000 0.000 0.000 0.000 0.000 0.000 0.000 0.000 0.000 0.000 0.000 0.000 0.000 0.000 0.000 0.000 0.000 0.000 0.000 0.000 0.000 0.000 0.000 0.000 0.000 0.000 0.001 0.003 0.014 0.031 0.047 0.061 0.074 0.075 0.067 0.064 0.066 0.068 0.069 0.000 0.000 0.000 0.000 0.000 0.000 0.000 0.000 0.000 0.000 0.000 0.000
