数据/50y_3h/50y_3h_res_2/50y_3h_220-0001.wd
ncols         694
nrows         824
xllcorner     581104.939801
yllcorner     3495917.092414
cellsize      2.000000
NODATA_value  -9999.000000
[rows 442 to 475 of 824, columns 385 to 461 of 694]
0.000 0.000 0.000 0.022 0.017 0.012 0.008 0.003 0.002 0.001 0.001 0.001 0.001 0.001 0.001 0.001 0.001 0.001 0.001 0.001 0.001 0.002 0.002 0.003 0.003 0.005 0.008 0.014 0.022 0.031 0.034 0.034 0.034 0.034 0.000 0.000 0.000 0.000 0.000 0.000 0.000 0.000 0.000 0.000 0.000 0.000 0.000 0.000 0.000 0.000 0.000 0.000 0.000 0.000 0.000 0.002 0.007 0.012 0.017 0.024 0.031 0.038 0.045 0.052 0.059 0.066 0.073 0.080 0.087 0.095 0.000 0.000 0.000 0.000 0.000 0.000 0.000
0.000 0.000 0.000 0.000 0.000 0.023 0.018 0.013 0.008 0.003 0.002 0.001 0.001 0.001 0.001 0.001 0.001 0.001 0.001 0.001 0.001 0.001 0.002 0.002 0.003 0.005 0.008 0.014 0.022 0.031 0.032 0.033 0.033 0.034 0.000 0.000 0.000 0.000 0.000 0.000 0.000 0.000 0.000 0.000 0.000 0.000 0.000 0.000 0.000 0.000 0.000 0.000 0.000 0.000 0.000 0.007 0.015 0.022 0.029 0.036 0.043 0.050 0.057 0.065 0.072 0.079 0.087 0.093 0.100 0.107 0.115 0.117 0.000 0.000 0.000 0.000 0.000
0.000 0.000 0.000 0.000 0.000 0.000 0.000 0.023 0.018 0.013 0.008 0.004 0.002 0.001 0.001 0.001 0.001 0.001 0.001 0.001 0.001 0.001 0.002 0.002 0.003 0.004 0.008 0.014 0.022 0.031 0.031 0.031 0.031 0.000 0.000 0.000 0.000 0.000 0.000 0.000 0.000 0.000 0.000 0.000 0.000 0.000 0.000 0.000 0.000 0.000 0.000 0.000 0.000 0.004 0.013 0.021 0.028 0.035 0.042 0.049 0.056 0.064 0.070 0.078 0.085 0.092 0.099 0.106 0.113 0.121 0.127 0.124 0.119 0.115 0.110 0.000 0.000
0.000 0.000 0.000 0.000 0.000 0.000 0.000 0.000 0.025 0.023 0.019 0.014 0.009 0.005 0.002 0.001 0.001 0.001 0.001 0.001 0.001 0.001 0.001 0.002 0.003 0.004 0.008 0.014 0.022 0.029 0.029 0.029 0.029 0.000 0.000 0.000 0.000 0.000 0.000 0.000 0.000 0.000 0.000 0.000 0.000 0.000 0.000 0.000 0.000 0.000 0.000 0.000 0.000 0.000 0.000 0.000 0.000 0.048 0.000 0.000 0.069 0.076 0.084 0.091 0.098 0.105 0.112 0.119 0.127 0.133 0.135 0.131 0.126 0.122 0.118 0.113 0.108
0.000 0.000 0.000 0.000 0.000 0.000 0.000 0.000 0.000 0.000 0.025 0.022 0.020 0.015 0.010 0.005 0.002 0.002 0.002 0.002 0.002 0.001 0.001 0.001 0.002 0.004 0.007 0.013 0.021 0.026 0.026 0.026 0.026 0.000 0.000 0.000 0.000 0.000 0.000 0.000 0.000 0.000 0.000 0.000 0.000 0.000 0.000 0.000 0.000 0.000 0.000 0.000 0.000 0.000 0.000 0.000 0.000 0.000 0.000 0.000 0.000 0.000 0.000 0.000 0.111 0.118 0.125 0.132 0.139 0.147 0.143 0.139 0.134 0.130 0.125 0.121 0.116
0.000 0.000 0.000 0.000 0.000 0.000 0.000 0.000 0.000 0.000 0.000 0.027 0.024 0.022 0.019 0.015 0.010 0.005 0.003 0.002 0.002 0.002 0.002 0.001 0.002 0.004 0.007 0.012 0.019 0.023 0.023 0.023 0.022 0.017 0.014 0.012 0.000 0.000 0.000 0.000 0.000 0.000 0.000 0.000 0.000 0.000 0.000 0.000 0.000 0.000 0.000 0.000 0.000 0.000 0.000 0.000 0.000 0.000 0.000 0.000 0.000 0.000 0.000 0.000 0.000 0.000 0.000 0.000 0.153 0.156 0.151 0.146 0.142 0.137 0.133 0.128 0.123
0.000 0.000 0.000 0.000 0.000 0.000 0.000 0.000 0.000 0.000 0.000 0.000 0.000 0.026 0.024 0.020 0.017 0.015 0.009 0.005 0.003 0.003 0.002 0.002 0.002 0.003 0.006 0.010 0.016 0.019 0.020 0.019 0.018 0.015 0.012 0.009 0.007 0.005 0.004 0.004 0.000 0.000 0.000 0.000 0.000 0.000 0.000 0.000 0.000 0.000 0.000 0.000 0.000 0.000 0.000 0.000 0.000 0.000 0.000 0.000 0.000 0.000 0.000 0.000 0.000 0.000 0.000 0.000 0.000 0.000 0.000 0.154 0.150 0.145 0.140 0.135 0.131
0.000 0.000 0.000 0.000 0.000 0.000 0.000 0.000 0.000 0.000 0.000 0.000 0.000 0.000 0.000 0.024 0.021 0.018 0.015 0.011 0.007 0.004 0.003 0.003 0.002 0.002 0.005 0.008 0.000 0.014 0.016 0.016 0.014 0.011 0.011 0.010 0.008 0.007 0.006 0.005 0.004 0.003 0.004 0.000 0.000 0.000 0.000 0.000 0.000 0.000 0.000 0.000 0.000 0.000 0.000 0.000 0.000 0.000 0.000 0.000 0.000 0.000 0.000 0.000 0.000 0.000 0.000 0.000 0.000 0.000 0.000 0.000 0.000 0.000 0.000 0.143 0.138
0.000 0.000 0.000 0.000 0.000 0.000 0.000 0.000 0.000 0.000 0.000 0.000 0.000 0.000 0.000 0.000 0.024 0.022 0.017 0.013 0.010 0.008 0.006 0.004 0.004 0.003 0.003 0.006 0.009 0.011 0.012 0.011 0.011 0.011 0.011 0.010 0.009 0.008 0.007 0.007 0.006 0.005 0.005 0.003 0.003 0.002 0.002 0.000 0.000 0.000 0.000 0.000 0.000 0.000 0.000 0.000 0.000 0.000 0.000 0.000 0.000 0.000 0.000 0.000 0.000 0.000 0.000 0.000 0.000 0.000 0.000 0.000 0.000 0.000 0.000 0.000 0.000
0.000 0.000 0.000 0.000 0.000 0.000 0.000 0.000 0.000 0.000 0.000 0.000 0.000 0.000 0.000 0.000 0.000 0.000 0.016 0.014 0.011 0.009 0.007 0.005 0.006 0.005 0.004 0.006 0.008 0.008 0.010 0.011 0.011 0.012 0.012 0.011 0.010 0.010 0.009 0.008 0.007 0.006 0.006 0.005 0.004 0.003 0.003 0.002 0.002 0.002 0.002 0.002 0.001 0.000 0.000 0.000 0.000 0.000 0.000 0.000 0.000 0.000 0.000 0.000 0.000 0.000 0.000 0.000 0.000 0.000 0.000 0.000 0.000 0.000 0.000 0.000 0.000
0.000 0.000 0.000 0.000 0.000 0.000 0.000 0.000 0.000 0.000 0.000 0.000 0.000 0.000 0.000 0.000 0.000 0.000 0.016 0.014 0.012 0.009 0.007 0.000 0.005 0.006 0.006 0.005 0.007 0.008 0.010 0.011 0.012 0.012 0.012 0.012 0.012 0.011 0.010 0.009 0.009 0.008 0.007 0.006 0.005 0.004 0.004 0.003 0.003 0.002 0.002 0.002 0.002 0.002 0.001 0.000 0.000 0.000 0.000 0.000 0.000 0.000 0.000 0.000 0.000 0.000 0.000 0.000 0.000 0.000 0.000 0.000 0.000 0.000 0.000 0.000 0.000
0.000 0.000 0.000 0.000 0.000 0.000 0.000 0.000 0.000 0.000 0.000 0.000 0.000 0.000 0.000 0.000 0.000 0.000 0.016 0.014 0.012 0.010 0.008 0.006 0.006 0.006 0.006 0.004 0.005 0.008 0.010 0.012 0.013 0.013 0.014 0.013 0.013 0.013 0.012 0.011 0.010 0.009 0.008 0.007 0.006 0.000 0.003 0.004 0.003 0.003 0.003 0.003 0.003 0.002 0.002 0.002 0.002 0.001 0.000 0.000 0.000 0.000 0.000 0.000 0.000 0.000 0.000 0.000 0.000 0.000 0.000 0.000 0.000 0.000 0.000 0.000 0.000
0.000 0.000 0.000 0.000 0.000 0.000 0.000 0.000 0.000 0.000 0.000 0.000 0.000 0.000 0.000 0.000 0.000 0.000 0.015 0.014 0.012 0.010 0.009 0.007 0.007 0.006 0.005 0.004 0.005 0.007 0.009 0.011 0.013 0.014 0.014 0.015 0.015 0.015 0.014 0.013 0.012 0.011 0.010 0.009 0.008 0.006 0.006 0.005 0.005 0.004 0.004 0.004 0.003 0.003 0.003 0.002 0.002 0.002 0.002 0.002 0.001 0.000 0.000 0.000 0.000 0.000 0.000 0.000 0.000 0.000 0.000 0.000 0.000 0.000 0.000 0.000 0.000
0.000 0.000 0.000 0.000 0.000 0.000 0.000 0.000 0.000 0.000 0.000 0.000 0.000 0.000 0.000 0.000 0.000 0.013 0.014 0.013 0.012 0.011 0.009 0.008 0.007 0.006 0.005 0.004 0.005 0.007 0.009 0.011 0.012 0.013 0.014 0.015 0.015 0.015 0.015 0.015 0.015 0.014 0.013 0.012 0.011 0.010 0.009 0.008 0.007 0.006 0.005 0.005 0.004 0.004 0.004 0.003 0.003 0.003 0.003 0.002 0.002 0.002 0.002 0.002 0.002 0.003 0.000 0.000 0.000 0.000 0.000 0.000 0.000 0.000 0.000 0.000 0.000
0.000 0.000 0.000 0.000 0.000 0.000 0.000 0.000 0.000 0.000 0.000 0.000 0.000 0.000 0.000 0.000 0.000 0.015 0.014 0.013 0.012 0.011 0.010 0.009 0.008 0.006 0.004 0.004 0.005 0.007 0.009 0.010 0.012 0.013 0.014 0.015 0.015 0.015 0.016 0.016 0.015 0.015 0.015 0.014 0.014 0.013 0.012 0.011 0.010 0.009 0.008 0.007 0.006 0.006 0.005 0.005 0.004 0.004 0.004 0.004 0.003 0.003 0.003 0.003 0.005 0.004 0.002 0.001 0.000 0.000 0.000 0.000 0.000 0.000 0.000 0.000 0.000
0.000 0.000 0.000 0.000 0.000 0.000 0.000 0.000 0.000 0.000 0.000 0.000 0.000 0.000 0.000 0.000 0.000 0.015 0.014 0.013 0.012 0.011 0.010 0.009 0.008 0.006 0.004 0.004 0.006 0.007 0.008 0.010 0.011 0.013 0.014 0.014 0.015 0.016 0.016 0.016 0.016 0.016 0.016 0.016 0.015 0.015 0.014 0.013 0.013 0.012 0.011 0.011 0.010 0.009 0.008 0.007 0.007 0.006 0.006 0.006 0.006 0.006 0.007 0.009 0.014 0.008 0.004 0.002 0.000 0.000 0.000 0.000 0.000 0.000 0.000 0.000 0.000
0.000 0.000 0.000 0.000 0.000 0.000 0.000 0.000 0.000 0.000 0.000 0.000 0.000 0.000 0.000 0.000 0.000 0.016 0.015 0.014 0.013 0.012 0.010 0.009 0.008 0.005 0.004 0.005 0.006 0.007 0.008 0.010 0.011 0.012 0.013 0.014 0.015 0.016 0.016 0.017 0.017 0.017 0.017 0.017 0.017 0.016 0.016 0.015 0.015 0.014 0.014 0.013 0.013 0.012 0.012 0.012 0.011 0.011 0.012 0.012 0.014 0.015 0.018 0.021 0.020 0.014 0.004 0.002 0.000 0.000 0.000 0.000 0.000 0.000 0.000 0.000 0.000
0.000 0.000 0.000 0.000 0.000 0.000 0.000 0.000 0.000 0.000 0.000 0.000 0.000 0.000 0.000 0.000 0.015 0.015 0.015 0.014 0.013 0.012 0.011 0.009 0.008 0.005 0.004 0.005 0.006 0.007 0.008 0.009 0.011 0.012 0.013 0.014 0.015 0.017 0.018 0.019 0.019 0.019 0.019 0.019 0.019 0.019 0.018 0.018 0.017 0.017 0.016 0.016 0.015 0.015 0.015 0.015 0.016 0.018 0.020 0.023 0.026 0.028 0.031 0.034 0.025 0.014 0.004 0.003 0.003 0.002 0.002 0.000 0.000 0.000 0.000 0.000 0.000
0.000 0.000 0.000 0.000 0.000 0.000 0.000 0.000 0.000 0.000 0.000 0.000 0.000 0.000 0.000 0.000 0.018 0.017 0.016 0.015 0.014 0.012 0.011 0.009 0.007 0.004 0.004 0.005 0.006 0.007 0.008 0.009 0.010 0.012 0.013 0.015 0.017 0.019 0.021 0.021 0.022 0.022 0.022 0.022 0.022 0.021 0.021 0.020 0.020 0.019 0.019 0.019 0.019 0.019 0.019 0.020 0.022 0.024 0.028 0.031 0.035 0.038 0.041 0.040 0.045 0.039 0.031 0.024 0.018 0.013 0.009 0.006 0.004 0.003 0.002 0.000 0.000
0.000 0.000 0.000 0.000 0.000 0.000 0.000 0.000 0.000 0.000 0.000 0.000 0.000 0.000 0.000 0.000 0.020 0.019 0.018 0.016 0.015 0.013 0.011 0.010 0.007 0.005 0.005 0.005 0.006 0.007 0.008 0.009 0.010 0.012 0.014 0.017 0.021 0.025 0.026 0.025 0.025 0.025 0.025 0.025 0.025 0.024 0.024 0.023 0.023 0.023 0.022 0.022 0.022 0.023 0.024 0.026 0.029 0.032 0.036 0.040 0.043 0.042 0.039 0.035 0.039 0.043 0.045 0.048 0.050 0.041 0.033 0.025 0.019 0.014 0.010 0.006 0.004
0.107 0.104 0.102 0.000 0.000 0.000 0.000 0.000 0.000 0.000 0.000 0.000 0.000 0.000 0.000 0.025 0.023 0.022 0.020 0.018 0.016 0.014 0.012 0.010 0.007 0.005 0.005 0.006 0.006 0.007 0.008 0.009 0.011 0.013 0.017 0.023 0.029 0.033 0.032 0.029 0.029 0.030 0.030 0.029 0.028 0.028 0.027 0.027 0.027 0.026 0.026 0.027 0.027 0.029 0.031 0.033 0.037 0.041 0.045 0.045 0.042 0.040 0.036 0.031 0.034 0.036 0.039 0.041 0.044 0.048 0.050 0.053 0.050 0.042 0.033 0.026 0.019
0.111 0.108 0.105 0.101 0.098 0.095 0.000 0.000 0.000 0.000 0.000 0.000 0.000 0.000 0.000 0.030 0.028 0.026 0.023 0.021 0.019 0.016 0.013 0.010 0.006 0.006 0.006 0.006 0.007 0.007 0.008 0.010 0.012 0.017 0.024 0.030 0.037 0.044 0.000 0.030 0.034 0.036 0.036 0.032 0.032 0.032 0.031 0.031 0.031 0.031 0.031 0.032 0.033 0.035 0.038 0.041 0.045 0.047 0.045 0.042 0.040 0.038 0.034 0.029 0.029 0.031 0.033 0.035 0.038 0.040 0.043 0.045 0.048 0.051 0.053 0.056 0.050
0.116 0.113 0.110 0.105 0.102 0.099 0.094 0.091 0.087 0.085 0.000 0.000 0.000 0.000 0.000 0.034 0.032 0.030 0.027 0.024 0.021 0.018 0.014 0.011 0.007 0.007 0.007 0.007 0.007 0.008 0.009 0.011 0.017 0.024 0.031 0.038 0.046 0.000 0.000 0.000 0.000 0.000 0.000 0.033 0.037 0.037 0.034 0.035 0.036 0.036 0.036 0.037 0.039 0.042 0.045 0.048 0.046 0.044 0.042 0.040 0.038 0.035 0.032 0.027 0.026 0.027 0.028 0.029 0.031 0.034 0.036 0.038 0.041 0.043 0.046 0.048 0.051
0.000 0.000 0.000 0.109 0.106 0.103 0.098 0.095 0.092 0.088 0.082 0.078 0.074 0.000 0.000 0.040 0.037 0.033 0.030 0.026 0.022 0.019 0.015 0.011 0.008 0.008 0.008 0.007 0.008 0.008 0.011 0.016 0.023 0.031 0.039 0.000 0.000 0.000 0.000 0.000 0.000 0.000 0.000 0.000 0.000 0.000 0.036 0.040 0.042 0.042 0.040 0.042 0.046 0.049 0.047 0.045 0.043 0.041 0.039 0.037 0.035 0.033 0.029 0.025 0.023 0.023 0.024 0.025 0.026 0.027 0.029 0.031 0.034 0.036 0.038 0.041 0.043
0.000 0.000 0.000 0.000 0.000 0.000 0.102 0.100 0.096 0.092 0.086 0.082 0.077 0.069 0.059 0.048 0.042 0.036 0.032 0.027 0.023 0.020 0.016 0.011 0.009 0.008 0.008 0.008 0.008 0.010 0.015 0.022 0.030 0.039 0.000 0.000 0.000 0.000 0.000 0.000 0.000 0.000 0.000 0.000 0.000 0.000 0.000 0.000 0.000 0.000 0.043 0.049 0.048 0.046 0.043 0.041 0.039 0.037 0.036 0.034 0.032 0.030 0.027 0.022 0.020 0.020 0.020 0.020 0.021 0.022 0.023 0.025 0.027 0.029 0.031 0.033 0.035
0.000 0.000 0.000 0.000 0.000 0.000 0.000 0.000 0.000 0.000 0.089 0.085 0.081 0.073 0.061 0.051 0.044 0.037 0.032 0.027 0.023 0.020 0.016 0.010 0.009 0.008 0.008 0.009 0.010 0.013 0.020 0.029 0.038 0.000 0.000 0.000 0.000 0.000 0.000 0.000 0.000 0.000 0.000 0.000 0.000 0.000 0.000 0.000 0.000 0.000 0.000 0.000 0.000 0.000 0.037 0.037 0.035 0.033 0.032 0.030 0.029 0.026 0.024 0.020 0.017 0.017 0.017 0.017 0.017 0.017 0.018 0.019 0.021 0.022 0.024 0.026 0.028
0.000 0.000 0.000 0.000 0.000 0.000 0.000 0.000 0.000 0.000 0.000 0.000 0.000 0.000 0.059 0.050 0.042 0.036 0.028 0.025 0.022 0.019 0.015 0.010 0.000 0.007 0.008 0.010 0.012 0.018 0.026 0.034 0.000 0.000 0.000 0.000 0.000 0.000 0.000 0.000 0.000 0.000 0.000 0.000 0.000 0.000 0.000 0.000 0.000 0.000 0.000 0.000 0.000 0.000 0.000 0.000 0.000 0.027 0.028 0.027 0.025 0.022 0.020 0.017 0.014 0.014 0.013 0.013 0.013 0.013 0.014 0.014 0.015 0.016 0.017 0.019 0.021
0.000 0.000 0.000 0.000 0.000 0.000 0.000 0.000 0.000 0.000 0.000 0.000 0.000 0.000 0.000 0.043 0.038 0.030 0.000 0.019 0.020 0.018 0.013 0.011 0.009 0.009 0.010 0.012 0.016 0.024 0.032 0.040 0.000 0.000 0.000 0.000 0.000 0.000 0.000 0.000 0.000 0.000 0.000 0.000 0.000 0.000 0.000 0.000 0.000 0.000 0.000 0.000 0.000 0.000 0.000 0.000 0.000 0.000 0.000 0.000 0.000 0.016 0.016 0.014 0.010 0.010 0.010 0.009 0.009 0.009 0.009 0.010 0.010 0.010 0.011 0.012 0.014
0.000 0.000 0.000 0.000 0.000 0.000 0.000 0.000 0.000 0.000 0.000 0.000 0.000 0.000 0.033 0.036 0.034 0.028 0.021 0.020 0.019 0.017 0.012 0.011 0.011 0.011 0.012 0.015 0.022 0.030 0.038 0.047 0.000 0.000 0.000 0.000 0.000 0.000 0.000 0.000 0.000 0.000 0.000 0.000 0.000 0.000 0.000 0.000 0.000 0.000 0.000 0.000 0.000 0.000 0.000 0.000 0.000 0.000 0.000 0.000 0.000 0.000 0.000 0.000 0.002 0.003 0.003 0.004 0.004 0.004 0.004 0.005 0.005 0.005 0.006 0.006 0.007
0.000 0.000 0.000 0.000 0.000 0.000 0.000 0.000 0.000 0.000 0.000 0.000 0.000 0.000 0.034 0.034 0.032 0.028 0.024 0.022 0.019 0.016 0.012 0.012 0.012 0.012 0.015 0.020 0.028 0.036 0.045 0.054 0.000 0.000 0.000 0.000 0.000 0.000 0.000 0.000 0.000 0.000 0.000 0.000 0.000 0.000 0.000 0.000 0.000 0.000 0.000 0.000 0.000 0.000 0.000 0.000 0.000 0.000 0.000 0.000 0.000 0.000 0.000 0.000 0.000 0.000 0.000 0.000 0.001 0.001 0.001 0.001 0.001 0.001 0.001 0.001 0.002
0.000 0.000 0.000 0.000 0.000 0.000 0.000 0.000 0.000 0.000 0.000 0.000 0.000 0.000 0.034 0.033 0.031 0.028 0.025 0.022 0.019 0.015 0.013 0.012 0.013 0.014 0.019 0.026 0.034 0.043 0.051 0.000 0.000 0.000 0.000 0.000 0.000 0.000 0.000 0.000 0.000 0.000 0.000 0.000 0.000 0.000 0.000 0.000 0.000 0.000 0.000 0.000 0.000 0.000 0.000 0.000 0.000 0.000 0.000 0.000 0.000 0.000 0.000 0.000 0.000 0.000 0.000 0.000 0.000 0.000 0.000 0.000 0.000 0.000 0.001 0.001 0.001
0.000 0.000 0.000 0.000 0.000 0.000 0.000 0.000 0.000 0.000 0.000 0.000 0.000 0.000 0.033 0.032 0.030 0.027 0.025 0.022 0.019 0.014 0.013 0.013 0.014 0.018 0.024 0.032 0.041 0.049 0.058 0.000 0.000 0.000 0.000 0.000 0.000 0.000 0.000 0.000 0.000 0.000 0.000 0.000 0.000 0.000 0.000 0.000 0.000 0.000 0.000 0.000 0.000 0.000 0.000 0.000 0.000 0.000 0.000 0.000 0.000 0.000 0.000 0.000 0.000 0.000 0.000 0.000 0.000 0.000 0.000 0.000 0.000 0.000 0.000 0.000 0.000
0.000 0.000 0.000 0.000 0.000 0.000 0.000 0.000 0.000 0.000 0.000 0.000 0.000 0.028 0.030 0.030 0.029 0.027 0.024 0.021 0.018 0.013 0.013 0.014 0.017 0.023 0.030 0.039 0.047 0.056 0.065 0.000 0.000 0.000 0.000 0.000 0.000 0.000 0.000 0.000 0.000 0.000 0.000 0.000 0.000 0.000 0.000 0.000 0.000 0.000 0.000 0.000 0.000 0.000 0.000 0.000 0.000 0.000 0.000 0.000 0.000 0.000 0.000 0.000 0.000 0.000 0.000 0.000 0.000 0.000 0.000 0.000 0.000 0.000 0.000 0.000 0.000
0.000 0.000 0.000 0.000 0.000 0.000 0.000 0.000 0.000 0.000 0.000 0.000 0.000 0.029 0.029 0.029 0.028 0.026 0.023 0.020 0.016 0.013 0.014 0.017 0.022 0.029 0.037 0.045 0.053 0.062 0.000 0.000 0.000 0.000 0.000 0.000 0.000 0.000 0.000 0.000 0.000 0.000 0.000 0.000 0.000 0.000 0.000 0.000 0.000 0.000 0.000 0.000 0.000 0.000 0.000 0.000 0.000 0.000 0.000 0.000 0.000 0.000 0.000 0.000 0.000 0.000 0.000 0.000 0.000 0.000 0.000 0.000 0.000 0.000 0.000 0.000 0.000
