数据/50y_3h/50y_3h_res_2/50y_3h_179-0001.wd
ncols         694
nrows         824
xllcorner     581104.939801
yllcorner     3495917.092414
cellsize      2.000000
NODATA_value  -9999.000000
[rows 408 to 441 of 824, columns 385 to 461 of 694]
0.000 0.000 0.000 0.000 0.000 0.000 0.000 0.000 0.000 0.000 0.000 0.000 0.000 0.000 0.000 0.000 0.000 0.000 0.000 0.000 0.000 0.000 0.000 0.000 0.000 0.000 0.000 0.000 0.000 0.000 0.000 0.000 0.075 0.083 0.092 0.100 0.108 0.107 0.104 0.109 0.109 0.109 0.110 0.000 0.000 0.000 0.000 0.000 0.000 0.000 0.036 0.036 0.036 0.036 0.036 0.033 0.029 0.024 0.019 0.014 0.009 0.002 0.000 0.000 0.000 0.000 0.000 0.000 0.000 0.000 0.000 0.000 0.000 0.000 0.000 0.000 0.000
0.000 0.000 0.000 0.000 0.000 0.000 0.000 0.000 0.000 0.000 0.000 0.000 0.000 0.000 0.000 0.000 0.000 0.000 0.000 0.000 0.000 0.000 0.000 0.000 0.000 0.000 0.000 0.000 0.000 0.000 0.000 0.069 0.078 0.085 0.093 0.102 0.108 0.107 0.107 0.109 0.110 0.109 0.110 0.000 0.000 0.000 0.000 0.000 0.000 0.036 0.036 0.036 0.036 0.036 0.036 0.036 0.036 0.032 0.027 0.022 0.017 0.012 0.006 0.000 0.000 0.000 0.000 0.000 0.000 0.000 0.000 0.000 0.000 0.000 0.000 0.000 0.000
0.000 0.000 0.000 0.000 0.000 0.000 0.000 0.000 0.000 0.000 0.000 0.000 0.000 0.000 0.000 0.000 0.000 0.000 0.000 0.000 0.000 0.000 0.000 0.000 0.000 0.000 0.000 0.000 0.000 0.000 0.000 0.071 0.080 0.088 0.096 0.105 0.109 0.109 0.109 0.110 0.109 0.110 0.111 0.000 0.000 0.000 0.000 0.000 0.000 0.037 0.037 0.037 0.036 0.036 0.036 0.036 0.036 0.036 0.034 0.030 0.025 0.019 0.014 0.009 0.001 0.000 0.000 0.000 0.000 0.000 0.000 0.000 0.000 0.000 0.000 0.000 0.000
0.000 0.000 0.000 0.000 0.000 0.000 0.000 0.000 0.000 0.000 0.000 0.000 0.000 0.000 0.000 0.000 0.000 0.000 0.000 0.000 0.000 0.000 0.000 0.000 0.000 0.000 0.000 0.000 0.000 0.000 0.000 0.073 0.083 0.089 0.099 0.107 0.111 0.110 0.110 0.111 0.110 0.110 0.111 0.000 0.000 0.000 0.000 0.000 0.000 0.037 0.037 0.037 0.037 0.037 0.036 0.036 0.036 0.036 0.035 0.035 0.032 0.027 0.022 0.017 0.011 0.005 0.000 0.000 0.000 0.000 0.000 0.000 0.000 0.000 0.000 0.000 0.000
0.000 0.000 0.000 0.000 0.000 0.000 0.000 0.000 0.000 0.000 0.000 0.000 0.000 0.000 0.000 0.000 0.000 0.000 0.000 0.000 0.000 0.000 0.000 0.000 0.000 0.000 0.000 0.000 0.000 0.000 0.000 0.077 0.085 0.093 0.100 0.110 0.112 0.112 0.111 0.111 0.110 0.111 0.000 0.000 0.000 0.000 0.000 0.000 0.000 0.038 0.038 0.038 0.037 0.037 0.037 0.037 0.036 0.036 0.036 0.035 0.035 0.034 0.029 0.024 0.019 0.013 0.008 0.000 0.000 0.000 0.000 0.000 0.000 0.000 0.000 0.000 0.000
0.000 0.000 0.000 0.000 0.000 0.000 0.000 0.000 0.000 0.000 0.000 0.000 0.000 0.000 0.000 0.000 0.000 0.000 0.000 0.000 0.000 0.000 0.000 0.000 0.000 0.000 0.000 0.000 0.000 0.000 0.072 0.079 0.087 0.094 0.102 0.110 0.112 0.112 0.113 0.112 0.114 0.112 0.000 0.000 0.000 0.000 0.000 0.000 0.039 0.039 0.039 0.038 0.038 0.037 0.037 0.037 0.037 0.036 0.036 0.035 0.035 0.034 0.033 0.031 0.026 0.021 0.015 0.010 0.001 0.000 0.000 0.000 0.000 0.000 0.000 0.000 0.000
0.000 0.000 0.000 0.000 0.000 0.000 0.000 0.000 0.000 0.000 0.000 0.000 0.000 0.000 0.000 0.000 0.000 0.000 0.000 0.000 0.000 0.000 0.000 0.000 0.000 0.000 0.000 0.000 0.000 0.000 0.074 0.080 0.089 0.095 0.104 0.110 0.111 0.112 0.114 0.112 0.112 0.112 0.000 0.000 0.000 0.000 0.000 0.000 0.040 0.040 0.039 0.039 0.038 0.038 0.038 0.037 0.037 0.036 0.036 0.035 0.035 0.034 0.033 0.033 0.032 0.028 0.022 0.017 0.011 0.003 0.000 0.000 0.000 0.000 0.000 0.000 0.000
0.000 0.000 0.000 0.000 0.000 0.000 0.000 0.000 0.000 0.000 0.000 0.000 0.000 0.000 0.000 0.000 0.000 0.000 0.000 0.000 0.000 0.000 0.000 0.000 0.000 0.000 0.000 0.000 0.000 0.000 0.074 0.081 0.090 0.098 0.106 0.111 0.113 0.114 0.114 0.114 0.111 0.000 0.000 0.000 0.000 0.000 0.000 0.000 0.041 0.040 0.040 0.040 0.039 0.039 0.038 0.038 0.037 0.037 0.036 0.035 0.035 0.034 0.033 0.032 0.032 0.031 0.030 0.024 0.018 0.012 0.006 0.000 0.000 0.000 0.000 0.000 0.000
0.000 0.000 0.000 0.000 0.000 0.000 0.000 0.000 0.000 0.000 0.000 0.000 0.000 0.000 0.000 0.000 0.000 0.000 0.000 0.000 0.000 0.000 0.000 0.000 0.000 0.000 0.000 0.000 0.000 0.000 0.076 0.084 0.093 0.101 0.109 0.113 0.114 0.115 0.114 0.112 0.111 0.000 0.000 0.000 0.000 0.000 0.000 0.042 0.042 0.041 0.041 0.041 0.040 0.040 0.039 0.038 0.038 0.037 0.036 0.036 0.035 0.034 0.033 0.032 0.031 0.030 0.029 0.028 0.025 0.019 0.013 0.006 0.000 0.000 0.000 0.000 0.000
0.000 0.000 0.000 0.000 0.000 0.000 0.000 0.000 0.000 0.000 0.000 0.000 0.000 0.000 0.000 0.000 0.000 0.000 0.000 0.000 0.000 0.000 0.000 0.000 0.000 0.000 0.000 0.000 0.060 0.070 0.079 0.088 0.096 0.103 0.112 0.114 0.114 0.114 0.113 0.112 0.114 0.000 0.000 0.000 0.000 0.000 0.000 0.043 0.043 0.042 0.042 0.041 0.041 0.040 0.040 0.039 0.038 0.037 0.037 0.036 0.035 0.034 0.033 0.032 0.031 0.030 0.029 0.028 0.026 0.025 0.020 0.014 0.007 0.000 0.000 0.000 0.000
0.000 0.000 0.000 0.000 0.000 0.000 0.000 0.000 0.000 0.000 0.000 0.000 0.000 0.000 0.000 0.000 0.000 0.000 0.000 0.000 0.000 0.000 0.000 0.000 0.000 0.000 0.000 0.000 0.066 0.073 0.081 0.090 0.098 0.107 0.114 0.115 0.115 0.113 0.113 0.113 0.115 0.000 0.000 0.000 0.000 0.000 0.000 0.044 0.044 0.043 0.043 0.042 0.042 0.041 0.040 0.040 0.039 0.038 0.037 0.036 0.035 0.034 0.033 0.032 0.031 0.030 0.029 0.027 0.026 0.024 0.023 0.021 0.014 0.007 0.000 0.000 0.000
0.000 0.000 0.000 0.000 0.000 0.000 0.000 0.000 0.000 0.000 0.000 0.000 0.000 0.000 0.000 0.000 0.000 0.000 0.000 0.000 0.000 0.000 0.000 0.000 0.000 0.000 0.000 0.000 0.068 0.077 0.083 0.092 0.100 0.109 0.116 0.115 0.115 0.113 0.114 0.116 0.112 0.000 0.000 0.000 0.000 0.000 0.000 0.045 0.045 0.044 0.044 0.043 0.043 0.042 0.041 0.040 0.039 0.038 0.037 0.036 0.035 0.034 0.033 0.032 0.031 0.030 0.028 0.027 0.025 0.024 0.022 0.020 0.018 0.014 0.005 0.000 0.000
0.000 0.000 0.000 0.000 0.000 0.000 0.000 0.000 0.000 0.000 0.000 0.000 0.000 0.000 0.000 0.000 0.000 0.000 0.000 0.000 0.000 0.000 0.000 0.000 0.000 0.000 0.000 0.000 0.067 0.078 0.086 0.094 0.104 0.110 0.116 0.114 0.113 0.114 0.112 0.115 0.113 0.000 0.000 0.000 0.000 0.000 0.046 0.046 0.046 0.045 0.045 0.044 0.044 0.043 0.042 0.041 0.040 0.039 0.038 0.037 0.035 0.034 0.033 0.032 0.031 0.029 0.028 0.027 0.025 0.023 0.022 0.020 0.017 0.015 0.011 0.003 0.000
0.000 0.000 0.000 0.000 0.000 0.000 0.000 0.000 0.000 0.000 0.000 0.000 0.000 0.000 0.000 0.000 0.000 0.000 0.000 0.000 0.000 0.000 0.000 0.000 0.000 0.000 0.000 0.000 0.069 0.076 0.088 0.096 0.105 0.113 0.114 0.115 0.112 0.113 0.113 0.112 0.113 0.000 0.000 0.000 0.000 0.000 0.047 0.047 0.047 0.047 0.046 0.046 0.045 0.044 0.043 0.042 0.040 0.039 0.038 0.037 0.036 0.034 0.033 0.032 0.031 0.029 0.028 0.026 0.025 0.023 0.021 0.019 0.017 0.014 0.010 0.006 0.001
0.000 0.000 0.000 0.000 0.000 0.000 0.000 0.000 0.000 0.000 0.000 0.000 0.000 0.000 0.000 0.000 0.000 0.000 0.000 0.000 0.000 0.000 0.000 0.000 0.000 0.000 0.000 0.061 0.069 0.079 0.089 0.099 0.106 0.114 0.115 0.114 0.114 0.113 0.114 0.113 0.112 0.000 0.000 0.000 0.000 0.000 0.047 0.047 0.048 0.048 0.048 0.047 0.046 0.045 0.043 0.042 0.041 0.040 0.038 0.037 0.036 0.035 0.033 0.032 0.030 0.029 0.027 0.026 0.024 0.022 0.020 0.018 0.016 0.013 0.010 0.005 0.001
0.000 0.000 0.000 0.000 0.000 0.000 0.000 0.000 0.000 0.000 0.000 0.000 0.000 0.000 0.000 0.000 0.000 0.000 0.000 0.000 0.000 0.000 0.000 0.000 0.000 0.000 0.000 0.061 0.074 0.081 0.090 0.098 0.108 0.117 0.116 0.117 0.115 0.114 0.114 0.112 0.112 0.109 0.108 0.000 0.000 0.000 0.000 0.000 0.052 0.051 0.050 0.048 0.047 0.046 0.044 0.043 0.042 0.040 0.039 0.037 0.036 0.035 0.033 0.032 0.030 0.029 0.027 0.025 0.024 0.022 0.020 0.018 0.015 0.012 0.009 0.005 0.001
0.000 0.000 0.000 0.000 0.000 0.000 0.000 0.000 0.000 0.000 0.000 0.000 0.000 0.000 0.000 0.000 0.000 0.000 0.000 0.000 0.000 0.000 0.000 0.000 0.000 0.000 0.000 0.064 0.074 0.083 0.091 0.101 0.110 0.118 0.118 0.117 0.116 0.116 0.115 0.113 0.111 0.108 0.106 0.100 0.096 0.093 0.000 0.063 0.058 0.054 0.052 0.050 0.048 0.047 0.045 0.044 0.042 0.040 0.039 0.037 0.036 0.034 0.033 0.031 0.030 0.028 0.027 0.025 0.023 0.021 0.019 0.017 0.014 0.012 0.009 0.005 0.001
0.000 0.000 0.000 0.000 0.000 0.000 0.000 0.000 0.000 0.000 0.000 0.000 0.000 0.000 0.000 0.000 0.000 0.000 0.000 0.000 0.000 0.000 0.000 0.000 0.000 0.000 0.000 0.067 0.078 0.086 0.094 0.102 0.114 0.121 0.118 0.116 0.116 0.116 0.114 0.115 0.111 0.107 0.104 0.099 0.094 0.089 0.079 0.068 0.061 0.057 0.053 0.051 0.049 0.047 0.046 0.044 0.042 0.041 0.039 0.037 0.036 0.034 0.033 0.031 0.029 0.028 0.026 0.024 0.022 0.020 0.018 0.016 0.013 0.011 0.008 0.004 0.001
0.000 0.000 0.000 0.000 0.000 0.000 0.000 0.000 0.000 0.000 0.000 0.000 0.000 0.000 0.000 0.000 0.000 0.000 0.000 0.000 0.000 0.000 0.000 0.000 0.000 0.000 0.000 0.071 0.080 0.089 0.096 0.106 0.117 0.128 0.118 0.116 0.117 0.116 0.117 0.116 0.000 0.104 0.103 0.099 0.091 0.086 0.077 0.068 0.062 0.058 0.054 0.052 0.050 0.048 0.046 0.044 0.043 0.041 0.039 0.037 0.036 0.034 0.032 0.031 0.029 0.027 0.025 0.023 0.021 0.019 0.017 0.015 0.012 0.009 0.006 0.003 0.001
0.000 0.000 0.000 0.000 0.000 0.000 0.000 0.000 0.000 0.000 0.000 0.000 0.000 0.000 0.000 0.000 0.000 0.000 0.000 0.000 0.000 0.000 0.000 0.000 0.000 0.000 0.000 0.071 0.082 0.090 0.098 0.107 0.117 0.119 0.117 0.117 0.115 0.116 0.115 0.000 0.000 0.000 0.000 0.000 0.087 0.083 0.073 0.066 0.061 0.058 0.055 0.052 0.050 0.048 0.046 0.045 0.043 0.041 0.039 0.037 0.035 0.034 0.032 0.030 0.028 0.026 0.024 0.022 0.020 0.018 0.015 0.013 0.010 0.006 0.005 0.003 0.000
0.000 0.000 0.000 0.000 0.000 0.000 0.000 0.000 0.000 0.000 0.000 0.000 0.000 0.000 0.000 0.000 0.000 0.000 0.000 0.000 0.000 0.000 0.000 0.000 0.000 0.000 0.063 0.073 0.081 0.091 0.098 0.108 0.116 0.117 0.117 0.114 0.116 0.116 0.000 0.000 0.000 0.000 0.000 0.000 0.000 0.000 0.065 0.062 0.060 0.057 0.055 0.053 0.050 0.048 0.047 0.045 0.043 0.041 0.039 0.037 0.035 0.033 0.031 0.029 0.027 0.025 0.023 0.021 0.018 0.016 0.013 0.009 0.008 0.006 0.005 0.002 0.000
0.000 0.000 0.000 0.000 0.000 0.000 0.000 0.000 0.000 0.000 0.000 0.000 0.000 0.000 0.000 0.000 0.000 0.000 0.000 0.000 0.000 0.000 0.000 0.000 0.000 0.000 0.064 0.073 0.084 0.091 0.100 0.109 0.116 0.117 0.116 0.117 0.115 0.115 0.000 0.000 0.000 0.000 0.000 0.000 0.000 0.000 0.061 0.060 0.058 0.056 0.054 0.052 0.050 0.048 0.046 0.044 0.042 0.040 0.038 0.036 0.034 0.032 0.030 0.028 0.026 0.024 0.021 0.019 0.016 0.012 0.010 0.009 0.008 0.006 0.005 0.003 0.000
0.000 0.000 0.000 0.000 0.000 0.000 0.000 0.000 0.000 0.000 0.000 0.000 0.000 0.000 0.000 0.000 0.000 0.000 0.000 0.000 0.000 0.000 0.000 0.000 0.000 0.000 0.066 0.075 0.084 0.094 0.100 0.110 0.115 0.117 0.115 0.113 0.113 0.000 0.000 0.000 0.000 0.000 0.058 0.058 0.058 0.059 0.059 0.058 0.057 0.056 0.054 0.052 0.050 0.048 0.046 0.044 0.042 0.040 0.038 0.035 0.033 0.031 0.029 0.026 0.024 0.021 0.019 0.015 0.012 0.011 0.010 0.009 0.008 0.007 0.005 0.003 0.000
0.000 0.000 0.000 0.000 0.000 0.000 0.000 0.000 0.000 0.000 0.000 0.000 0.000 0.000 0.000 0.000 0.000 0.000 0.000 0.000 0.000 0.000 0.000 0.000 0.000 0.000 0.067 0.076 0.086 0.094 0.102 0.111 0.114 0.116 0.114 0.117 0.116 0.000 0.000 0.000 0.000 0.000 0.000 0.059 0.059 0.059 0.058 0.058 0.056 0.055 0.054 0.052 0.050 0.048 0.046 0.044 0.041 0.039 0.037 0.034 0.032 0.029 0.027 0.024 0.021 0.018 0.014 0.013 0.012 0.012 0.011 0.010 0.009 0.007 0.005 0.003 0.001
0.000 0.000 0.000 0.000 0.000 0.000 0.000 0.000 0.000 0.000 0.000 0.000 0.000 0.000 0.000 0.000 0.000 0.000 0.000 0.000 0.000 0.000 0.000 0.000 0.000 0.000 0.069 0.076 0.088 0.095 0.104 0.111 0.115 0.114 0.114 0.114 0.115 0.000 0.000 0.000 0.000 0.000 0.000 0.000 0.000 0.000 0.058 0.057 0.056 0.055 0.053 0.051 0.049 0.047 0.045 0.043 0.040 0.038 0.035 0.032 0.030 0.027 0.024 0.020 0.016 0.016 0.015 0.014 0.013 0.012 0.011 0.010 0.009 0.008 0.006 0.004 0.001
0.000 0.000 0.000 0.000 0.000 0.000 0.000 0.000 0.000 0.000 0.000 0.000 0.000 0.000 0.000 0.000 0.000 0.000 0.000 0.000 0.000 0.000 0.000 0.000 0.000 0.059 0.069 0.078 0.088 0.096 0.105 0.112 0.114 0.113 0.116 0.114 0.000 0.000 0.000 0.000 0.000 0.000 0.000 0.000 0.000 0.000 0.000 0.000 0.055 0.054 0.053 0.050 0.049 0.047 0.044 0.042 0.039 0.036 0.033 0.030 0.027 0.023 0.019 0.018 0.017 0.016 0.015 0.014 0.013 0.012 0.012 0.010 0.009 0.008 0.006 0.005 0.001
0.000 0.000 0.000 0.000 0.000 0.000 0.000 0.000 0.000 0.000 0.000 0.000 0.000 0.000 0.000 0.000 0.000 0.000 0.000 0.000 0.000 0.000 0.000 0.000 0.000 0.060 0.069 0.079 0.088 0.097 0.104 0.112 0.112 0.112 0.111 0.112 0.000 0.000 0.000 0.000 0.000 0.000 0.000 0.000 0.000 0.000 0.000 0.000 0.000 0.000 0.000 0.049 0.048 0.046 0.043 0.040 0.037 0.033 0.030 0.026 0.022 0.020 0.019 0.018 0.017 0.016 0.016 0.015 0.014 0.013 0.012 0.011 0.010 0.008 0.007 0.007 0.000
0.000 0.000 0.000 0.000 0.000 0.000 0.000 0.000 0.000 0.000 0.000 0.000 0.000 0.000 0.000 0.000 0.000 0.000 0.003 0.000 0.000 0.000 0.000 0.000 0.000 0.061 0.069 0.079 0.088 0.097 0.105 0.111 0.111 0.111 0.111 0.111 0.000 0.000 0.000 0.000 0.000 0.000 0.000 0.000 0.000 0.000 0.000 0.000 0.000 0.000 0.000 0.000 0.000 0.000 0.041 0.039 0.034 0.029 0.025 0.022 0.021 0.020 0.019 0.018 0.018 0.017 0.016 0.015 0.014 0.013 0.012 0.011 0.010 0.009 0.009 0.006 0.000
0.000 0.000 0.000 0.000 0.000 0.000 0.000 0.000 0.000 0.000 0.000 0.000 0.000 0.000 0.000 0.000 0.000 0.000 0.002 0.003 0.010 0.000 0.000 0.000 0.000 0.061 0.069 0.078 0.088 0.097 0.107 0.111 0.110 0.110 0.111 0.111 0.000 0.000 0.000 0.000 0.000 0.000 0.000 0.000 0.000 0.000 0.000 0.000 0.000 0.000 0.000 0.000 0.000 0.000 0.000 0.000 0.025 0.022 0.022 0.021 0.021 0.020 0.019 0.019 0.018 0.017 0.016 0.016 0.015 0.014 0.013 0.012 0.011 0.011 0.012 0.004 0.000
0.000 0.000 0.000 0.000 0.000 0.000 0.000 0.000 0.000 0.000 0.000 0.000 0.000 0.000 0.000 0.000 0.000 0.000 0.002 0.004 0.011 0.019 0.000 0.000 0.000 0.061 0.070 0.079 0.088 0.097 0.107 0.109 0.109 0.109 0.110 0.000 0.000 0.000 0.000 0.000 0.000 0.000 0.000 0.000 0.000 0.000 0.000 0.000 0.000 0.000 0.000 0.000 0.000 0.000 0.000 0.000 0.020 0.021 0.021 0.021 0.020 0.020 0.019 0.019 0.018 0.018 0.017 0.016 0.015 0.014 0.014 0.013 0.013 0.015 0.013 0.004 0.000
0.000 0.000 0.000 0.000 0.000 0.000 0.000 0.000 0.000 0.000 0.000 0.000 0.000 0.000 0.000 0.000 0.000 0.000 0.002 0.005 0.012 0.021 0.030 0.038 0.048 0.059 0.070 0.079 0.088 0.097 0.107 0.108 0.108 0.108 0.109 0.000 0.000 0.000 0.000 0.000 0.000 0.000 0.000 0.000 0.000 0.000 0.000 0.000 0.000 0.000 0.000 0.000 0.000 0.000 0.000 0.000 0.017 0.019 0.020 0.020 0.020 0.020 0.019 0.019 0.018 0.018 0.017 0.016 0.016 0.015 0.015 0.017 0.019 0.022 0.016 0.008 0.000
0.000 0.000 0.000 0.000 0.000 0.000 0.000 0.000 0.000 0.000 0.000 0.000 0.000 0.000 0.000 0.000 0.001 0.001 0.002 0.005 0.013 0.022 0.031 0.040 0.049 0.059 0.069 0.079 0.088 0.098 0.107 0.107 0.107 0.109 0.108 0.000 0.000 0.000 0.000 0.000 0.000 0.000 0.000 0.000 0.000 0.000 0.000 0.000 0.000 0.000 0.000 0.000 0.000 0.000 0.000 0.003 0.015 0.017 0.019 0.019 0.020 0.020 0.019 0.019 0.019 0.018 0.018 0.017 0.017 0.017 0.021 0.025 0.030 0.028 0.021 0.012 0.002
0.000 0.000 0.001 0.000 0.000 0.000 0.000 0.000 0.000 0.000 0.000 0.000 0.000 0.000 0.002 0.002 0.002 0.002 0.002 0.005 0.014 0.023 0.031 0.041 0.050 0.060 0.069 0.079 0.088 0.098 0.105 0.106 0.106 0.108 0.109 0.000 0.000 0.000 0.000 0.000 0.000 0.000 0.000 0.000 0.000 0.000 0.000 0.000 0.000 0.000 0.000 0.000 0.000 0.000 0.000 0.003 0.013 0.016 0.017 0.018 0.019 0.019 0.019 0.019 0.019 0.019 0.018 0.018 0.019 0.024 0.032 0.000 0.000 0.032 0.026 0.016 0.006
0.000 0.000 0.018 0.015 0.011 0.007 0.004 0.000 0.000 0.000 0.000 0.000 0.002 0.002 0.002 0.003 0.003 0.003 0.004 0.004 0.013 0.023 0.031 0.041 0.050 0.060 0.069 0.079 0.088 0.097 0.103 0.104 0.104 0.105 0.000 0.000 0.000 0.000 0.000 0.000 0.000 0.000 0.000 0.000 0.000 0.000 0.000 0.000 0.000 0.000 0.000 0.000 0.000 0.000 0.000 0.003 0.012 0.015 0.017 0.018 0.019 0.019 0.020 0.020 0.020 0.020 0.020 0.020 0.022 0.027 0.000 0.000 0.000 0.000 0.000 0.016 0.005
