数据/LID_GR_100y/LID_GR_res/LID_GR_197-0001.wd
ncols         694
nrows         824
xllcorner     581104.939801
yllcorner     3495917.092414
cellsize      2.000000
NODATA_value  -9999.000000
[rows 408 to 441 of 824, columns 385 to 461 of 694]
0.000 0.000 0.000 0.000 0.000 0.000 0.000 0.000 0.000 0.000 0.000 0.000 0.000 0.000 0.000 0.000 0.000 0.000 0.000 0.000 0.000 0.000 0.000 0.000 0.000 0.000 0.000 0.000 0.000 0.000 0.000 0.000 0.002 0.003 0.006 0.013 0.020 0.018 0.000 0.018 0.021 0.022 0.022 0.000 0.000 0.000 0.000 0.000 0.000 0.000 0.019 0.020 0.020 0.020 0.020 0.017 0.013 0.009 0.004 0.002 0.001 0.001 0.000 0.000 0.000 0.000 0.000 0.000 0.000 0.000 0.000 0.000 0.000 0.000 0.000 0.000 0.000
0.000 0.000 0.000 0.000 0.000 0.000 0.000 0.000 0.000 0.000 0.000 0.000 0.000 0.000 0.000 0.000 0.000 0.000 0.000 0.000 0.000 0.000 0.000 0.000 0.000 0.000 0.000 0.000 0.000 0.000 0.000 0.001 0.002 0.003 0.007 0.014 0.020 0.019 0.018 0.020 0.021 0.021 0.022 0.000 0.000 0.000 0.000 0.000 0.000 0.019 0.019 0.020 0.020 0.020 0.020 0.020 0.020 0.016 0.011 0.007 0.003 0.001 0.001 0.001 0.000 0.000 0.000 0.000 0.000 0.000 0.000 0.000 0.000 0.000 0.000 0.000 0.000
0.000 0.000 0.000 0.000 0.000 0.000 0.000 0.000 0.000 0.000 0.000 0.000 0.000 0.000 0.000 0.000 0.000 0.000 0.000 0.000 0.000 0.000 0.000 0.000 0.000 0.000 0.000 0.000 0.000 0.000 0.000 0.001 0.002 0.003 0.008 0.016 0.020 0.020 0.020 0.021 0.021 0.021 0.021 0.000 0.000 0.000 0.000 0.000 0.000 0.019 0.020 0.019 0.020 0.020 0.020 0.020 0.020 0.020 0.019 0.014 0.010 0.005 0.002 0.001 0.001 0.000 0.000 0.000 0.000 0.000 0.000 0.000 0.000 0.000 0.000 0.000 0.000
0.000 0.000 0.000 0.000 0.000 0.000 0.000 0.000 0.000 0.000 0.000 0.000 0.000 0.000 0.000 0.000 0.000 0.000 0.000 0.000 0.000 0.000 0.000 0.000 0.000 0.000 0.000 0.000 0.000 0.000 0.000 0.001 0.002 0.003 0.010 0.018 0.020 0.021 0.021 0.021 0.021 0.021 0.021 0.000 0.000 0.000 0.000 0.000 0.000 0.019 0.019 0.020 0.019 0.020 0.019 0.020 0.020 0.020 0.020 0.020 0.017 0.012 0.008 0.004 0.002 0.001 0.001 0.000 0.000 0.000 0.000 0.000 0.000 0.000 0.000 0.000 0.000
0.000 0.000 0.000 0.000 0.000 0.000 0.000 0.000 0.000 0.000 0.000 0.000 0.000 0.000 0.000 0.000 0.000 0.000 0.000 0.000 0.000 0.000 0.000 0.000 0.000 0.000 0.000 0.000 0.000 0.000 0.000 0.001 0.002 0.004 0.011 0.020 0.021 0.021 0.021 0.021 0.021 0.021 0.000 0.000 0.000 0.000 0.000 0.000 0.000 0.019 0.019 0.019 0.019 0.019 0.020 0.020 0.019 0.020 0.020 0.020 0.020 0.020 0.015 0.011 0.006 0.002 0.001 0.001 0.000 0.000 0.000 0.000 0.000 0.000 0.000 0.000 0.000
0.000 0.000 0.000 0.000 0.000 0.000 0.000 0.000 0.000 0.000 0.000 0.000 0.000 0.000 0.000 0.000 0.000 0.000 0.000 0.000 0.000 0.000 0.000 0.000 0.000 0.000 0.000 0.000 0.000 0.000 0.001 0.001 0.002 0.005 0.013 0.021 0.021 0.021 0.021 0.021 0.021 0.021 0.000 0.000 0.000 0.000 0.000 0.000 0.019 0.019 0.019 0.019 0.019 0.019 0.019 0.020 0.019 0.020 0.019 0.020 0.019 0.020 0.019 0.018 0.013 0.009 0.004 0.002 0.001 0.000 0.000 0.000 0.000 0.000 0.000 0.000 0.000
0.000 0.000 0.000 0.000 0.000 0.000 0.000 0.000 0.000 0.000 0.000 0.000 0.000 0.000 0.000 0.000 0.000 0.000 0.000 0.000 0.000 0.000 0.000 0.000 0.000 0.000 0.000 0.000 0.000 0.000 0.001 0.001 0.002 0.006 0.015 0.021 0.021 0.021 0.021 0.021 0.021 0.022 0.000 0.000 0.000 0.000 0.000 0.000 0.019 0.019 0.019 0.019 0.019 0.019 0.019 0.019 0.019 0.019 0.019 0.019 0.019 0.019 0.019 0.019 0.019 0.016 0.011 0.007 0.003 0.001 0.001 0.000 0.000 0.000 0.000 0.000 0.000
0.000 0.000 0.000 0.000 0.000 0.000 0.000 0.000 0.000 0.000 0.000 0.000 0.000 0.000 0.000 0.000 0.000 0.000 0.000 0.000 0.000 0.000 0.000 0.000 0.000 0.000 0.000 0.000 0.000 0.000 0.001 0.001 0.002 0.008 0.016 0.021 0.021 0.021 0.021 0.021 0.021 0.000 0.000 0.000 0.000 0.000 0.000 0.000 0.019 0.019 0.019 0.019 0.019 0.019 0.019 0.019 0.019 0.019 0.019 0.019 0.019 0.019 0.019 0.019 0.019 0.019 0.019 0.014 0.009 0.005 0.002 0.001 0.000 0.000 0.000 0.000 0.000
0.000 0.000 0.000 0.000 0.000 0.000 0.000 0.000 0.000 0.000 0.000 0.000 0.000 0.000 0.000 0.000 0.000 0.000 0.000 0.000 0.000 0.000 0.000 0.000 0.000 0.000 0.000 0.000 0.000 0.000 0.001 0.001 0.003 0.009 0.018 0.021 0.021 0.021 0.021 0.021 0.021 0.000 0.000 0.000 0.000 0.000 0.000 0.018 0.019 0.019 0.019 0.019 0.019 0.019 0.019 0.019 0.019 0.019 0.019 0.019 0.019 0.019 0.019 0.019 0.019 0.019 0.018 0.018 0.016 0.012 0.007 0.003 0.001 0.000 0.000 0.000 0.000
0.000 0.000 0.000 0.000 0.000 0.000 0.000 0.000 0.000 0.000 0.000 0.000 0.000 0.000 0.000 0.000 0.000 0.000 0.000 0.000 0.000 0.000 0.000 0.000 0.000 0.000 0.000 0.000 0.001 0.001 0.001 0.002 0.004 0.011 0.019 0.021 0.021 0.021 0.021 0.021 0.021 0.000 0.000 0.000 0.000 0.000 0.000 0.018 0.019 0.019 0.019 0.019 0.019 0.019 0.019 0.019 0.019 0.019 0.019 0.019 0.019 0.019 0.019 0.019 0.019 0.018 0.018 0.018 0.018 0.018 0.014 0.009 0.005 0.002 0.001 0.000 0.000
0.000 0.000 0.000 0.000 0.000 0.000 0.000 0.000 0.000 0.000 0.000 0.000 0.000 0.000 0.000 0.000 0.000 0.000 0.000 0.000 0.000 0.000 0.000 0.000 0.000 0.000 0.000 0.000 0.001 0.001 0.001 0.002 0.004 0.012 0.020 0.020 0.021 0.021 0.021 0.021 0.021 0.000 0.000 0.000 0.000 0.000 0.000 0.019 0.019 0.019 0.019 0.019 0.019 0.019 0.019 0.019 0.019 0.019 0.019 0.019 0.019 0.019 0.019 0.019 0.018 0.018 0.018 0.018 0.018 0.017 0.017 0.016 0.011 0.007 0.003 0.001 0.000
0.000 0.000 0.000 0.000 0.000 0.000 0.000 0.000 0.000 0.000 0.000 0.000 0.000 0.000 0.000 0.000 0.000 0.000 0.000 0.000 0.000 0.000 0.000 0.000 0.000 0.000 0.000 0.000 0.001 0.001 0.001 0.002 0.005 0.014 0.020 0.020 0.020 0.020 0.021 0.021 0.021 0.000 0.000 0.000 0.000 0.000 0.000 0.019 0.019 0.019 0.019 0.019 0.019 0.019 0.019 0.019 0.019 0.019 0.019 0.019 0.019 0.019 0.018 0.018 0.018 0.018 0.018 0.017 0.017 0.017 0.017 0.016 0.016 0.014 0.009 0.004 0.002
0.000 0.000 0.000 0.000 0.000 0.000 0.000 0.000 0.000 0.000 0.000 0.000 0.000 0.000 0.000 0.000 0.000 0.000 0.000 0.000 0.000 0.000 0.000 0.000 0.000 0.000 0.000 0.000 0.001 0.001 0.001 0.002 0.007 0.015 0.020 0.020 0.020 0.020 0.020 0.020 0.021 0.000 0.000 0.000 0.000 0.000 0.019 0.019 0.019 0.019 0.019 0.019 0.019 0.019 0.019 0.019 0.019 0.019 0.019 0.019 0.018 0.018 0.018 0.018 0.018 0.018 0.017 0.017 0.017 0.017 0.016 0.016 0.015 0.015 0.015 0.010 0.006
0.000 0.000 0.000 0.000 0.000 0.000 0.000 0.000 0.000 0.000 0.000 0.000 0.000 0.000 0.000 0.000 0.000 0.000 0.000 0.000 0.000 0.000 0.000 0.000 0.000 0.000 0.000 0.000 0.001 0.001 0.001 0.002 0.008 0.016 0.020 0.020 0.020 0.020 0.020 0.020 0.020 0.000 0.000 0.000 0.000 0.000 0.019 0.019 0.019 0.019 0.019 0.019 0.019 0.019 0.019 0.019 0.019 0.019 0.018 0.018 0.018 0.018 0.018 0.018 0.018 0.017 0.017 0.017 0.016 0.016 0.016 0.015 0.015 0.014 0.014 0.013 0.012
0.000 0.000 0.000 0.000 0.000 0.000 0.000 0.000 0.000 0.000 0.000 0.000 0.000 0.000 0.000 0.000 0.000 0.000 0.000 0.000 0.000 0.000 0.000 0.000 0.000 0.000 0.000 0.001 0.001 0.001 0.001 0.003 0.009 0.018 0.019 0.020 0.020 0.020 0.020 0.020 0.020 0.000 0.000 0.000 0.000 0.000 0.019 0.019 0.018 0.019 0.019 0.019 0.019 0.019 0.019 0.019 0.018 0.018 0.018 0.018 0.018 0.018 0.018 0.017 0.017 0.017 0.017 0.016 0.016 0.016 0.015 0.015 0.014 0.014 0.013 0.013 0.012
0.000 0.000 0.000 0.000 0.000 0.000 0.000 0.000 0.000 0.000 0.000 0.000 0.000 0.000 0.000 0.000 0.000 0.000 0.000 0.000 0.000 0.000 0.000 0.000 0.000 0.000 0.000 0.001 0.001 0.001 0.002 0.004 0.010 0.019 0.019 0.019 0.020 0.020 0.020 0.020 0.020 0.020 0.020 0.000 0.000 0.000 0.000 0.000 0.019 0.019 0.019 0.018 0.019 0.019 0.018 0.018 0.018 0.018 0.018 0.018 0.018 0.018 0.017 0.017 0.017 0.017 0.016 0.016 0.016 0.015 0.015 0.014 0.014 0.013 0.012 0.012 0.011
0.000 0.000 0.000 0.000 0.000 0.000 0.000 0.000 0.000 0.000 0.000 0.000 0.000 0.000 0.000 0.000 0.000 0.000 0.000 0.000 0.000 0.000 0.000 0.000 0.000 0.000 0.000 0.001 0.001 0.001 0.002 0.004 0.012 0.019 0.019 0.019 0.019 0.019 0.020 0.020 0.020 0.020 0.020 0.020 0.020 0.019 0.000 0.018 0.018 0.018 0.018 0.018 0.018 0.018 0.018 0.018 0.018 0.018 0.018 0.018 0.017 0.017 0.017 0.017 0.016 0.016 0.016 0.015 0.015 0.015 0.014 0.014 0.013 0.012 0.011 0.011 0.009
0.000 0.000 0.000 0.000 0.000 0.000 0.000 0.000 0.000 0.000 0.000 0.000 0.000 0.000 0.000 0.000 0.000 0.000 0.000 0.000 0.000 0.000 0.000 0.000 0.000 0.000 0.000 0.001 0.001 0.001 0.002 0.005 0.014 0.019 0.019 0.019 0.019 0.019 0.019 0.020 0.020 0.020 0.020 0.020 0.019 0.019 0.019 0.019 0.018 0.018 0.018 0.018 0.018 0.018 0.018 0.018 0.018 0.018 0.018 0.017 0.017 0.017 0.017 0.016 0.016 0.016 0.015 0.015 0.014 0.014 0.013 0.013 0.012 0.011 0.010 0.009 0.007
0.000 0.000 0.000 0.000 0.000 0.000 0.000 0.000 0.000 0.000 0.000 0.000 0.000 0.000 0.000 0.000 0.000 0.000 0.000 0.000 0.000 0.000 0.000 0.000 0.000 0.000 0.000 0.001 0.001 0.001 0.002 0.006 0.015 0.019 0.019 0.019 0.019 0.019 0.019 0.019 0.000 0.020 0.020 0.020 0.019 0.019 0.019 0.019 0.018 0.018 0.018 0.018 0.018 0.018 0.018 0.018 0.018 0.017 0.017 0.017 0.017 0.016 0.016 0.016 0.015 0.015 0.015 0.014 0.014 0.013 0.012 0.011 0.011 0.009 0.008 0.006 0.006
0.000 0.000 0.000 0.000 0.000 0.000 0.000 0.000 0.000 0.000 0.000 0.000 0.000 0.000 0.000 0.000 0.000 0.000 0.000 0.000 0.000 0.000 0.000 0.000 0.000 0.000 0.000 0.001 0.001 0.001 0.002 0.008 0.017 0.019 0.019 0.019 0.019 0.019 0.019 0.000 0.000 0.000 0.000 0.000 0.019 0.019 0.019 0.019 0.018 0.018 0.018 0.018 0.018 0.018 0.018 0.018 0.017 0.017 0.017 0.017 0.016 0.016 0.016 0.015 0.015 0.014 0.014 0.013 0.013 0.012 0.011 0.010 0.008 0.006 0.006 0.006 0.006
0.000 0.000 0.000 0.000 0.000 0.000 0.000 0.000 0.000 0.000 0.000 0.000 0.000 0.000 0.000 0.000 0.000 0.000 0.000 0.000 0.000 0.000 0.000 0.000 0.000 0.000 0.001 0.001 0.001 0.001 0.003 0.009 0.018 0.019 0.019 0.019 0.019 0.019 0.000 0.000 0.000 0.000 0.000 0.000 0.000 0.000 0.018 0.018 0.018 0.018 0.018 0.018 0.018 0.018 0.018 0.017 0.017 0.017 0.017 0.016 0.016 0.015 0.015 0.015 0.014 0.014 0.013 0.012 0.011 0.010 0.009 0.007 0.006 0.006 0.006 0.006 0.006
0.000 0.000 0.000 0.000 0.000 0.000 0.000 0.000 0.000 0.000 0.000 0.000 0.000 0.000 0.000 0.000 0.000 0.000 0.000 0.000 0.000 0.000 0.000 0.000 0.000 0.000 0.001 0.001 0.001 0.002 0.004 0.011 0.019 0.019 0.019 0.019 0.019 0.019 0.000 0.000 0.000 0.000 0.000 0.000 0.000 0.000 0.018 0.018 0.018 0.018 0.018 0.018 0.018 0.018 0.017 0.017 0.017 0.016 0.016 0.016 0.015 0.015 0.014 0.014 0.013 0.012 0.012 0.011 0.009 0.007 0.006 0.006 0.006 0.006 0.006 0.006 0.007
0.000 0.000 0.000 0.000 0.000 0.000 0.000 0.000 0.000 0.000 0.000 0.000 0.000 0.000 0.000 0.000 0.000 0.000 0.000 0.000 0.000 0.000 0.000 0.000 0.000 0.000 0.001 0.001 0.001 0.002 0.005 0.013 0.018 0.019 0.019 0.019 0.019 0.000 0.000 0.000 0.000 0.000 0.018 0.018 0.018 0.018 0.018 0.018 0.018 0.018 0.018 0.018 0.018 0.017 0.017 0.017 0.016 0.016 0.016 0.015 0.015 0.014 0.013 0.013 0.012 0.011 0.010 0.008 0.006 0.007 0.007 0.007 0.006 0.006 0.006 0.007 0.009
0.000 0.000 0.000 0.000 0.000 0.000 0.000 0.000 0.000 0.000 0.000 0.000 0.000 0.000 0.000 0.000 0.000 0.000 0.000 0.000 0.000 0.000 0.000 0.000 0.000 0.000 0.001 0.001 0.001 0.002 0.006 0.015 0.018 0.019 0.019 0.019 0.019 0.000 0.000 0.000 0.000 0.000 0.000 0.018 0.018 0.018 0.018 0.018 0.018 0.018 0.018 0.018 0.017 0.017 0.017 0.016 0.016 0.016 0.015 0.014 0.014 0.013 0.012 0.011 0.010 0.008 0.006 0.007 0.007 0.007 0.007 0.007 0.007 0.007 0.007 0.008 0.013
0.000 0.000 0.000 0.000 0.000 0.000 0.000 0.000 0.000 0.000 0.000 0.000 0.000 0.000 0.000 0.000 0.000 0.000 0.000 0.000 0.000 0.000 0.000 0.000 0.000 0.000 0.001 0.001 0.001 0.002 0.008 0.016 0.019 0.019 0.019 0.019 0.019 0.000 0.000 0.000 0.000 0.000 0.000 0.000 0.000 0.000 0.018 0.018 0.018 0.018 0.018 0.017 0.017 0.017 0.017 0.016 0.016 0.015 0.014 0.013 0.013 0.012 0.010 0.009 0.007 0.007 0.007 0.007 0.007 0.007 0.007 0.007 0.007 0.007 0.009 0.013 0.018
0.000 0.000 0.000 0.000 0.000 0.000 0.000 0.000 0.000 0.000 0.000 0.000 0.000 0.000 0.000 0.000 0.000 0.000 0.000 0.000 0.000 0.000 0.000 0.000 0.000 0.001 0.001 0.001 0.001 0.003 0.010 0.018 0.019 0.019 0.019 0.019 0.000 0.000 0.000 0.000 0.000 0.000 0.000 0.000 0.000 0.000 0.000 0.000 0.018 0.018 0.018 0.017 0.017 0.017 0.016 0.016 0.015 0.014 0.013 0.012 0.011 0.009 0.007 0.007 0.007 0.007 0.007 0.007 0.007 0.007 0.007 0.007 0.008 0.011 0.016 0.023 0.022
0.000 0.000 0.000 0.000 0.000 0.000 0.000 0.000 0.000 0.000 0.000 0.000 0.000 0.000 0.000 0.000 0.000 0.000 0.000 0.000 0.000 0.000 0.000 0.000 0.000 0.001 0.001 0.001 0.002 0.004 0.011 0.019 0.019 0.019 0.019 0.019 0.000 0.000 0.000 0.000 0.000 0.000 0.000 0.000 0.000 0.000 0.000 0.000 0.000 0.000 0.000 0.017 0.017 0.017 0.016 0.015 0.014 0.013 0.011 0.010 0.008 0.007 0.007 0.007 0.007 0.007 0.007 0.007 0.007 0.007 0.008 0.010 0.014 0.021 0.028 0.032 0.028
0.000 0.000 0.000 0.000 0.000 0.000 0.000 0.000 0.000 0.000 0.000 0.000 0.000 0.000 0.000 0.000 0.000 0.000 0.000 0.000 0.000 0.000 0.000 0.000 0.000 0.001 0.001 0.002 0.002 0.005 0.013 0.019 0.019 0.019 0.019 0.019 0.000 0.000 0.000 0.000 0.000 0.000 0.000 0.000 0.000 0.000 0.000 0.000 0.000 0.000 0.000 0.000 0.000 0.000 0.015 0.015 0.012 0.011 0.008 0.007 0.007 0.007 0.007 0.007 0.007 0.007 0.007 0.007 0.008 0.009 0.013 0.019 0.026 0.033 0.040 0.040 0.035
0.000 0.000 0.000 0.000 0.000 0.000 0.000 0.000 0.000 0.000 0.000 0.000 0.000 0.000 0.000 0.000 0.000 0.000 0.001 0.002 0.004 0.000 0.000 0.000 0.000 0.001 0.002 0.002 0.003 0.006 0.015 0.019 0.019 0.019 0.019 0.019 0.000 0.000 0.000 0.000 0.000 0.000 0.000 0.000 0.000 0.000 0.000 0.000 0.000 0.000 0.000 0.000 0.000 0.000 0.000 0.000 0.008 0.007 0.007 0.007 0.007 0.007 0.007 0.007 0.007 0.007 0.008 0.009 0.012 0.018 0.025 0.031 0.039 0.046 0.052 0.047 0.042
0.000 0.000 0.000 0.000 0.000 0.000 0.000 0.000 0.000 0.000 0.000 0.000 0.000 0.000 0.000 0.000 0.000 0.000 0.001 0.002 0.003 0.005 0.000 0.000 0.000 0.002 0.003 0.003 0.004 0.008 0.016 0.019 0.019 0.019 0.019 0.000 0.000 0.000 0.000 0.000 0.000 0.000 0.000 0.000 0.000 0.000 0.000 0.000 0.000 0.000 0.000 0.000 0.000 0.000 0.000 0.000 0.006 0.007 0.007 0.007 0.007 0.007 0.007 0.007 0.008 0.009 0.011 0.016 0.023 0.030 0.037 0.044 0.051 0.059 0.059 0.054 0.050
0.000 0.000 0.000 0.000 0.000 0.000 0.000 0.000 0.000 0.000 0.000 0.000 0.000 0.000 0.000 0.000 0.000 0.000 0.001 0.002 0.003 0.004 0.004 0.004 0.004 0.004 0.004 0.004 0.005 0.009 0.018 0.019 0.019 0.019 0.019 0.000 0.000 0.000 0.000 0.000 0.000 0.000 0.000 0.000 0.000 0.000 0.000 0.000 0.000 0.000 0.000 0.000 0.000 0.000 0.000 0.000 0.005 0.006 0.007 0.007 0.007 0.007 0.008 0.008 0.011 0.015 0.022 0.029 0.036 0.043 0.050 0.057 0.065 0.071 0.067 0.062 0.058
0.003 0.000 0.000 0.000 0.000 0.000 0.000 0.000 0.000 0.000 0.000 0.000 0.000 0.000 0.000 0.000 0.000 0.001 0.001 0.002 0.002 0.003 0.003 0.003 0.004 0.004 0.004 0.004 0.005 0.011 0.018 0.018 0.018 0.019 0.019 0.000 0.000 0.000 0.000 0.000 0.000 0.000 0.000 0.000 0.000 0.000 0.000 0.000 0.000 0.000 0.000 0.000 0.000 0.000 0.000 0.001 0.004 0.006 0.006 0.007 0.007 0.008 0.010 0.014 0.020 0.027 0.034 0.041 0.048 0.056 0.063 0.071 0.077 0.079 0.074 0.070 0.065
0.011 0.007 0.002 0.000 0.000 0.000 0.000 0.000 0.000 0.000 0.000 0.000 0.000 0.000 0.000 0.001 0.001 0.001 0.001 0.002 0.002 0.003 0.003 0.003 0.003 0.004 0.004 0.004 0.006 0.012 0.018 0.018 0.018 0.018 0.019 0.000 0.000 0.000 0.000 0.000 0.000 0.000 0.000 0.000 0.000 0.000 0.000 0.000 0.000 0.000 0.000 0.000 0.000 0.000 0.000 0.001 0.004 0.005 0.006 0.007 0.009 0.013 0.019 0.025 0.032 0.040 0.047 0.054 0.061 0.069 0.076 0.000 0.000 0.086 0.081 0.077 0.072
0.000 0.000 0.011 0.007 0.003 0.002 0.000 0.000 0.000 0.000 0.000 0.000 0.000 0.001 0.001 0.001 0.001 0.001 0.001 0.001 0.002 0.002 0.003 0.003 0.003 0.003 0.004 0.004 0.006 0.013 0.018 0.018 0.018 0.018 0.000 0.000 0.000 0.000 0.000 0.000 0.000 0.000 0.000 0.000 0.000 0.000 0.000 0.000 0.000 0.000 0.000 0.000 0.000 0.000 0.000 0.001 0.004 0.005 0.007 0.011 0.017 0.024 0.031 0.038 0.045 0.053 0.060 0.067 0.074 0.082 0.000 0.000 0.000 0.000 0.000 0.085 0.081
