数据/LID_GR_100y/LID_GR_res/LID_GR_169-0001.wd
ncols         694
nrows         824
xllcorner     581104.939801
yllcorner     3495917.092414
cellsize      2.000000
NODATA_value  -9999.000000
[rows 714 to 747 of 824, columns 154 to 230 of 694]
0.000 0.000 0.000 0.000 0.000 0.000 0.000 0.002 0.003 0.004 0.005 0.006 0.007 0.008 0.008 0.009 0.009 0.009 0.009 0.007 0.001 0.000 0.060 0.057 0.054 0.050 0.045 0.040 0.035 0.030 0.025 0.021 0.000 0.000 0.000 0.000 0.000 0.000 0.000 0.000 0.000 0.000 0.000 0.001 0.001 0.001 0.002 0.007 0.017 0.000 0.000 0.000 0.000 0.000 0.000 0.000 0.000 0.000 0.107 0.118 0.129 0.128 0.107 0.087 0.095 0.015 0.001 0.000 0.000 0.000 0.000 0.000 0.000 0.000 0.000 0.000 0.000
0.000 0.000 0.000 0.000 0.000 0.000 0.002 0.003 0.004 0.005 0.006 0.007 0.008 0.009 0.009 0.010 0.010 0.010 0.011 0.010 0.010 0.009 0.001 0.075 0.073 0.070 0.065 0.059 0.054 0.048 0.042 0.037 0.032 0.028 0.000 0.000 0.000 0.000 0.000 0.000 0.000 0.000 0.001 0.002 0.031 0.042 0.053 0.064 0.074 0.000 0.000 0.000 0.000 0.000 0.000 0.000 0.000 0.000 0.171 0.166 0.143 0.119 0.097 0.089 0.098 0.051 0.001 0.000 0.000 0.000 0.000 0.000 0.000 0.000 0.000 0.000 0.000
0.000 0.000 0.000 0.000 0.000 0.001 0.003 0.004 0.005 0.006 0.007 0.008 0.009 0.009 0.010 0.011 0.011 0.012 0.012 0.013 0.013 0.013 0.012 0.001 0.001 0.090 0.084 0.079 0.073 0.067 0.060 0.054 0.049 0.045 0.041 0.000 0.000 0.000 0.000 0.000 0.000 0.001 0.001 0.032 0.087 0.106 0.116 0.127 0.137 0.000 0.000 0.000 0.000 0.000 0.000 0.000 0.000 0.203 0.181 0.157 0.134 0.110 0.087 0.091 0.100 0.096 0.012 0.001 0.000 0.000 0.000 0.000 0.000 0.000 0.000 0.000 0.000
0.000 0.000 0.000 0.000 0.000 0.002 0.004 0.005 0.006 0.007 0.008 0.009 0.009 0.010 0.011 0.011 0.012 0.013 0.013 0.014 0.015 0.016 0.018 0.019 0.022 0.001 0.103 0.098 0.093 0.085 0.078 0.073 0.067 0.063 0.059 0.055 0.053 0.000 0.000 0.000 0.001 0.001 0.019 0.073 0.130 0.170 0.179 0.190 0.000 0.000 0.000 0.000 0.000 0.000 0.000 0.000 0.000 0.196 0.172 0.148 0.125 0.101 0.084 0.094 0.102 0.111 0.054 0.001 0.000 0.000 0.000 0.000 0.000 0.000 0.000 0.000 0.000
0.000 0.000 0.000 0.000 0.001 0.003 0.005 0.006 0.007 0.008 0.008 0.009 0.010 0.011 0.011 0.012 0.013 0.014 0.014 0.016 0.017 0.019 0.021 0.026 0.035 0.051 0.002 0.118 0.112 0.103 0.096 0.091 0.086 0.082 0.078 0.075 0.072 0.070 0.000 0.019 0.017 0.023 0.060 0.115 0.172 0.227 0.243 0.253 0.000 0.000 0.000 0.000 0.000 0.000 0.000 0.000 0.000 0.187 0.162 0.139 0.115 0.092 0.087 0.097 0.106 0.114 0.098 0.014 0.000 0.000 0.000 0.000 0.000 0.000 0.000 0.000 0.000
0.000 0.000 0.000 0.000 0.001 0.003 0.005 0.006 0.007 0.008 0.009 0.009 0.010 0.011 0.012 0.012 0.013 0.014 0.015 0.016 0.018 0.020 0.022 0.025 0.030 0.035 0.023 0.001 0.000 0.118 0.114 0.109 0.105 0.102 0.098 0.095 0.092 0.089 0.082 0.058 0.059 0.062 0.102 0.158 0.214 0.271 0.305 0.316 0.000 0.000 0.000 0.000 0.000 0.000 0.000 0.000 0.000 0.177 0.154 0.130 0.107 0.083 0.090 0.100 0.109 0.118 0.127 0.057 0.000 0.000 0.000 0.000 0.000 0.000 0.000 0.000 0.000
0.000 0.000 0.000 0.000 0.001 0.003 0.005 0.006 0.007 0.008 0.009 0.010 0.010 0.011 0.012 0.013 0.014 0.014 0.015 0.017 0.018 0.019 0.021 0.023 0.025 0.027 0.021 0.015 0.010 0.001 0.131 0.128 0.125 0.122 0.119 0.116 0.113 0.112 0.109 0.000 0.000 0.090 0.144 0.201 0.257 0.312 0.368 0.380 0.391 0.368 0.000 0.000 0.000 0.000 0.000 0.000 0.193 0.169 0.145 0.122 0.097 0.084 0.094 0.103 0.112 0.121 0.130 0.102 0.000 0.000 0.000 0.000 0.000 0.000 0.000 0.000 0.000
0.000 0.000 0.000 0.000 0.001 0.003 0.005 0.006 0.007 0.008 0.009 0.010 0.011 0.011 0.012 0.013 0.014 0.015 0.015 0.016 0.018 0.019 0.020 0.021 0.022 0.022 0.020 0.016 0.013 0.009 0.000 0.148 0.146 0.142 0.139 0.136 0.135 0.133 0.000 0.000 0.000 0.000 0.187 0.243 0.299 0.354 0.409 0.405 0.383 0.360 0.337 0.313 0.000 0.000 0.000 0.000 0.184 0.160 0.136 0.113 0.088 0.087 0.096 0.107 0.117 0.125 0.133 0.000 0.000 0.000 0.000 0.000 0.000 0.000 0.000 0.000 0.000
0.000 0.000 0.000 0.000 0.001 0.003 0.005 0.006 0.007 0.008 0.009 0.010 0.011 0.011 0.012 0.013 0.014 0.014 0.015 0.016 0.017 0.018 0.019 0.020 0.020 0.020 0.018 0.016 0.014 0.011 0.008 0.001 0.001 0.162 0.159 0.157 0.155 0.000 0.000 0.000 0.000 0.000 0.000 0.285 0.341 0.364 0.386 0.000 0.000 0.352 0.328 0.303 0.280 0.255 0.000 0.000 0.174 0.151 0.127 0.102 0.081 0.090 0.100 0.110 0.120 0.128 0.137 0.000 0.000 0.000 0.000 0.000 0.000 0.000 0.000 0.000 0.000
0.000 0.000 0.000 0.000 0.001 0.003 0.005 0.006 0.007 0.008 0.009 0.010 0.011 0.011 0.012 0.013 0.013 0.014 0.015 0.016 0.016 0.017 0.018 0.018 0.018 0.018 0.017 0.015 0.014 0.012 0.010 0.007 0.005 0.000 0.179 0.175 0.000 0.000 0.000 0.000 0.000 0.000 0.000 0.298 0.319 0.341 0.362 0.000 0.000 0.000 0.000 0.295 0.271 0.246 0.219 0.192 0.167 0.141 0.116 0.092 0.084 0.092 0.103 0.114 0.123 0.131 0.140 0.000 0.000 0.000 0.000 0.000 0.000 0.000 0.000 0.000 0.000
0.000 0.000 0.000 0.000 0.001 0.003 0.005 0.006 0.007 0.008 0.009 0.010 0.011 0.011 0.012 0.013 0.013 0.014 0.015 0.015 0.016 0.016 0.017 0.017 0.017 0.017 0.016 0.015 0.013 0.012 0.011 0.009 0.007 0.005 0.001 0.190 0.182 0.000 0.000 0.000 0.000 0.000 0.000 0.274 0.296 0.317 0.340 0.353 0.000 0.000 0.000 0.000 0.000 0.235 0.210 0.182 0.157 0.132 0.101 0.082 0.086 0.096 0.106 0.116 0.125 0.134 0.000 0.000 0.000 0.000 0.000 0.000 0.000 0.000 0.000 0.000 0.000
0.000 0.000 0.000 0.000 0.001 0.003 0.005 0.006 0.007 0.008 0.009 0.010 0.010 0.011 0.012 0.012 0.013 0.014 0.014 0.015 0.015 0.016 0.016 0.016 0.016 0.016 0.015 0.014 0.013 0.012 0.011 0.010 0.008 0.007 0.005 0.000 0.198 0.195 0.000 0.000 0.000 0.000 0.000 0.000 0.272 0.000 0.000 0.333 0.319 0.000 0.000 0.000 0.000 0.000 0.000 0.171 0.147 0.123 0.098 0.079 0.090 0.099 0.109 0.118 0.127 0.136 0.000 0.000 0.000 0.000 0.000 0.000 0.000 0.000 0.000 0.000 0.000
0.000 0.000 0.000 0.000 0.001 0.003 0.005 0.006 0.007 0.008 0.009 0.009 0.010 0.011 0.011 0.012 0.013 0.013 0.014 0.014 0.014 0.015 0.015 0.015 0.015 0.015 0.014 0.013 0.013 0.012 0.011 0.010 0.009 0.007 0.006 0.004 0.000 0.212 0.229 0.000 0.000 0.000 0.000 0.000 0.000 0.000 0.000 0.000 0.300 0.000 0.000 0.000 0.000 0.000 0.181 0.159 0.136 0.113 0.088 0.083 0.093 0.103 0.111 0.120 0.129 0.139 0.000 0.000 0.000 0.000 0.000 0.000 0.000 0.000 0.000 0.000 0.000
0.000 0.000 0.000 0.000 0.001 0.003 0.005 0.006 0.007 0.008 0.008 0.009 0.010 0.010 0.011 0.012 0.012 0.013 0.013 0.013 0.014 0.014 0.014 0.014 0.014 0.014 0.013 0.013 0.012 0.011 0.011 0.010 0.009 0.008 0.007 0.005 0.003 0.001 0.201 0.217 0.000 0.000 0.000 0.000 0.000 0.000 0.000 0.000 0.279 0.000 0.000 0.000 0.000 0.000 0.172 0.149 0.126 0.103 0.078 0.086 0.095 0.104 0.113 0.122 0.131 0.000 0.000 0.000 0.000 0.000 0.000 0.000 0.000 0.000 0.000 0.000 0.000
0.000 0.000 0.000 0.000 0.000 0.002 0.004 0.005 0.006 0.007 0.008 0.009 0.009 0.010 0.011 0.011 0.012 0.012 0.013 0.013 0.013 0.013 0.013 0.013 0.013 0.013 0.013 0.012 0.012 0.011 0.010 0.009 0.009 0.008 0.007 0.005 0.004 0.002 0.000 0.188 0.203 0.000 0.000 0.000 0.000 0.000 0.000 0.265 0.260 0.000 0.000 0.000 0.000 0.183 0.164 0.140 0.116 0.092 0.080 0.089 0.098 0.106 0.115 0.124 0.133 0.140 0.148 0.000 0.000 0.000 0.000 0.000 0.000 0.000 0.000 0.000 0.000
0.000 0.000 0.000 0.000 0.000 0.001 0.003 0.004 0.005 0.006 0.007 0.008 0.009 0.010 0.010 0.011 0.011 0.012 0.012 0.012 0.012 0.013 0.013 0.013 0.013 0.012 0.012 0.012 0.011 0.010 0.010 0.009 0.008 0.007 0.006 0.005 0.004 0.002 0.000 0.000 0.173 0.187 0.000 0.000 0.000 0.000 0.000 0.000 0.000 0.000 0.000 0.000 0.000 0.164 0.151 0.131 0.106 0.083 0.082 0.090 0.098 0.108 0.116 0.126 0.135 0.143 0.151 0.159 0.168 0.000 0.000 0.000 0.000 0.000 0.000 0.000 0.000
0.000 0.000 0.000 0.000 0.000 0.000 0.002 0.003 0.004 0.005 0.006 0.007 0.008 0.009 0.010 0.010 0.011 0.011 0.011 0.012 0.012 0.012 0.012 0.012 0.012 0.012 0.011 0.011 0.010 0.010 0.009 0.009 0.008 0.007 0.006 0.005 0.004 0.002 0.000 0.000 0.000 0.154 0.165 0.183 0.000 0.000 0.000 0.000 0.000 0.000 0.000 0.000 0.153 0.142 0.130 0.119 0.096 0.076 0.085 0.094 0.103 0.112 0.120 0.129 0.138 0.147 0.155 0.163 0.170 0.178 0.186 0.000 0.000 0.000 0.000 0.000 0.000
0.000 0.000 0.000 0.000 0.000 0.000 0.000 0.002 0.003 0.004 0.005 0.006 0.007 0.008 0.009 0.010 0.010 0.010 0.011 0.011 0.011 0.011 0.011 0.011 0.011 0.011 0.011 0.010 0.010 0.009 0.009 0.008 0.007 0.006 0.005 0.004 0.003 0.001 0.000 0.000 0.000 0.000 0.138 0.156 0.173 0.000 0.000 0.000 0.000 0.000 0.000 0.000 0.136 0.123 0.110 0.098 0.085 0.080 0.089 0.097 0.106 0.114 0.123 0.132 0.142 0.149 0.157 0.166 0.173 0.181 0.189 0.197 0.148 0.000 0.000 0.000 0.000
0.000 0.000 0.000 0.000 0.000 0.000 0.000 0.000 0.002 0.003 0.004 0.005 0.006 0.007 0.008 0.009 0.009 0.010 0.010 0.010 0.011 0.011 0.011 0.011 0.011 0.010 0.010 0.010 0.009 0.009 0.008 0.007 0.006 0.005 0.004 0.003 0.002 0.000 0.000 0.000 0.000 0.000 0.000 0.129 0.146 0.163 0.000 0.000 0.000 0.000 0.000 0.130 0.117 0.104 0.093 0.079 0.076 0.079 0.089 0.098 0.107 0.117 0.126 0.136 0.146 0.000 0.000 0.000 0.175 0.183 0.192 0.200 0.193 0.106 0.039 0.000 0.000
0.000 0.000 0.000 0.000 0.000 0.000 0.000 0.000 0.000 0.002 0.003 0.004 0.005 0.006 0.007 0.008 0.009 0.009 0.009 0.010 0.010 0.010 0.010 0.010 0.010 0.010 0.009 0.009 0.009 0.008 0.007 0.006 0.005 0.004 0.003 0.002 0.000 0.000 0.000 0.000 0.000 0.000 0.000 0.000 0.117 0.135 0.153 0.000 0.000 0.000 0.000 0.111 0.097 0.085 0.077 0.077 0.076 0.078 0.087 0.096 0.106 0.115 0.126 0.138 0.148 0.000 0.000 0.000 0.000 0.000 0.194 0.204 0.212 0.150 0.109 0.070 0.000
0.000 0.000 0.000 0.000 0.000 0.000 0.000 0.000 0.000 0.000 0.002 0.003 0.004 0.005 0.006 0.007 0.008 0.008 0.009 0.009 0.009 0.009 0.009 0.009 0.009 0.009 0.009 0.008 0.008 0.007 0.006 0.005 0.004 0.003 0.002 0.000 0.000 0.000 0.000 0.000 0.000 0.000 0.000 0.000 0.094 0.109 0.125 0.141 0.000 0.120 0.107 0.092 0.078 0.077 0.076 0.076 0.076 0.076 0.086 0.095 0.105 0.115 0.125 0.137 0.000 0.000 0.000 0.000 0.000 0.000 0.000 0.204 0.214 0.218 0.179 0.140 0.000
0.000 0.000 0.000 0.000 0.000 0.000 0.000 0.000 0.000 0.000 0.000 0.002 0.003 0.004 0.005 0.006 0.007 0.008 0.008 0.008 0.008 0.008 0.008 0.008 0.008 0.008 0.008 0.008 0.007 0.006 0.005 0.004 0.003 0.002 0.000 0.000 0.000 0.000 0.000 0.000 0.000 0.000 0.000 0.000 0.000 0.084 0.098 0.111 0.122 0.103 0.087 0.079 0.077 0.076 0.075 0.075 0.074 0.074 0.083 0.093 0.103 0.113 0.123 0.000 0.000 0.000 0.000 0.000 0.000 0.000 0.000 0.000 0.000 0.224 0.219 0.209 0.168
0.000 0.000 0.000 0.000 0.000 0.000 0.000 0.000 0.000 0.000 0.000 0.000 0.002 0.003 0.004 0.005 0.006 0.007 0.007 0.007 0.007 0.007 0.007 0.007 0.007 0.007 0.007 0.007 0.006 0.005 0.004 0.003 0.002 0.000 0.000 0.000 0.000 0.000 0.000 0.000 0.000 0.000 0.000 0.000 0.000 0.000 0.071 0.084 0.097 0.086 0.082 0.080 0.077 0.076 0.075 0.074 0.074 0.074 0.080 0.090 0.100 0.110 0.120 0.000 0.000 0.000 0.000 0.000 0.000 0.000 0.000 0.000 0.000 0.000 0.000 0.217 0.212
0.000 0.000 0.000 0.000 0.000 0.000 0.000 0.000 0.000 0.000 0.000 0.000 0.000 0.002 0.003 0.004 0.005 0.006 0.006 0.006 0.006 0.006 0.006 0.006 0.006 0.006 0.006 0.006 0.005 0.004 0.003 0.002 0.000 0.000 0.000 0.000 0.000 0.000 0.000 0.000 0.000 0.000 0.000 0.000 0.000 0.000 0.000 0.059 0.073 0.085 0.082 0.079 0.078 0.076 0.075 0.074 0.074 0.073 0.078 0.088 0.098 0.108 0.000 0.000 0.000 0.000 0.000 0.000 0.000 0.000 0.000 0.000 0.000 0.000 0.000 0.000 0.000
0.000 0.000 0.000 0.000 0.000 0.000 0.000 0.000 0.000 0.000 0.000 0.000 0.000 0.000 0.002 0.003 0.004 0.005 0.005 0.005 0.005 0.005 0.005 0.005 0.005 0.005 0.005 0.005 0.004 0.003 0.002 0.000 0.000 0.000 0.000 0.000 0.000 0.000 0.000 0.000 0.000 0.000 0.000 0.000 0.000 0.000 0.000 0.000 0.050 0.067 0.081 0.079 0.077 0.075 0.074 0.073 0.073 0.072 0.076 0.086 0.096 0.106 0.000 0.000 0.000 0.000 0.000 0.000 0.000 0.000 0.000 0.000 0.000 0.000 0.000 0.000 0.000
0.000 0.000 0.000 0.000 0.000 0.000 0.000 0.000 0.000 0.000 0.000 0.000 0.000 0.000 0.000 0.001 0.002 0.003 0.003 0.003 0.003 0.003 0.003 0.003 0.003 0.003 0.003 0.003 0.002 0.001 0.000 0.000 0.000 0.000 0.000 0.000 0.000 0.000 0.000 0.000 0.000 0.000 0.000 0.000 0.000 0.000 0.000 0.000 0.000 0.045 0.064 0.077 0.076 0.074 0.072 0.071 0.071 0.071 0.072 0.083 0.093 0.000 0.000 0.000 0.000 0.000 0.000 0.000 0.000 0.000 0.000 0.000 0.000 0.000 0.000 0.000 0.000
0.000 0.000 0.000 0.000 0.000 0.000 0.000 0.000 0.000 0.000 0.000 0.000 0.000 0.000 0.000 0.000 0.000 0.001 0.001 0.001 0.001 0.001 0.001 0.001 0.001 0.001 0.001 0.001 0.000 0.000 0.000 0.000 0.000 0.000 0.000 0.000 0.000 0.000 0.000 0.000 0.000 0.000 0.000 0.000 0.000 0.000 0.000 0.000 0.000 0.000 0.041 0.061 0.074 0.072 0.070 0.068 0.067 0.067 0.068 0.079 0.091 0.000 0.000 0.000 0.000 0.000 0.000 0.000 0.000 0.000 0.000 0.000 0.000 0.000 0.000 0.000 0.000
0.000 0.000 0.000 0.000 0.000 0.000 0.000 0.000 0.000 0.000 0.000 0.000 0.000 0.000 0.000 0.000 0.000 0.000 0.000 0.000 0.000 0.000 0.000 0.000 0.000 0.000 0.000 0.000 0.000 0.000 0.000 0.000 0.000 0.000 0.000 0.000 0.000 0.000 0.000 0.000 0.000 0.000 0.000 0.000 0.000 0.000 0.000 0.000 0.000 0.000 0.020 0.039 0.057 0.069 0.066 0.063 0.059 0.061 0.063 0.075 0.000 0.000 0.000 0.000 0.000 0.000 0.000 0.000 0.000 0.000 0.000 0.000 0.000 0.000 0.000 0.000 0.000
0.000 0.000 0.000 0.000 0.000 0.000 0.000 0.000 0.000 0.000 0.000 0.000 0.000 0.000 0.000 0.000 0.000 0.000 0.000 0.000 0.000 0.000 0.000 0.000 0.000 0.000 0.000 0.000 0.000 0.000 0.000 0.000 0.000 0.000 0.000 0.000 0.000 0.000 0.000 0.000 0.000 0.000 0.000 0.000 0.000 0.000 0.000 0.000 0.000 0.000 0.000 0.016 0.034 0.052 0.061 0.054 0.030 0.049 0.053 0.000 0.000 0.000 0.000 0.000 0.000 0.000 0.000 0.000 0.000 0.000 0.000 0.000 0.000 0.000 0.000 0.000 0.000
0.000 0.000 0.000 0.000 0.000 0.000 0.000 0.000 0.000 0.000 0.000 0.000 0.000 0.000 0.000 0.000 0.000 0.000 0.000 0.000 0.000 0.000 0.000 0.000 0.000 0.000 0.000 0.000 0.000 0.000 0.000 0.000 0.000 0.000 0.000 0.000 0.000 0.000 0.000 0.000 0.000 0.000 0.000 0.000 0.000 0.000 0.000 0.000 0.000 0.000 0.000 0.002 0.011 0.028 0.043 0.050 0.044 0.045 0.045 0.045 0.000 0.000 0.000 0.000 0.000 0.000 0.000 0.000 0.000 0.000 0.000 0.000 0.000 0.000 0.000 0.000 0.000
0.000 0.000 0.000 0.000 0.000 0.000 0.000 0.000 0.000 0.000 0.000 0.000 0.000 0.000 0.000 0.000 0.000 0.000 0.000 0.000 0.000 0.000 0.000 0.000 0.000 0.000 0.000 0.000 0.000 0.000 0.000 0.000 0.000 0.000 0.000 0.000 0.000 0.000 0.000 0.000 0.000 0.000 0.000 0.000 0.000 0.000 0.000 0.000 0.000 0.000 0.000 0.001 0.001 0.005 0.018 0.034 0.044 0.043 0.041 0.039 0.044 0.000 0.000 0.000 0.000 0.000 0.000 0.000 0.000 0.000 0.000 0.000 0.000 0.000 0.000 0.000 0.000
0.000 0.000 0.000 0.000 0.000 0.000 0.000 0.000 0.000 0.000 0.000 0.000 0.000 0.000 0.000 0.000 0.000 0.000 0.000 0.000 0.000 0.000 0.000 0.000 0.000 0.000 0.000 0.000 0.000 0.000 0.000 0.000 0.000 0.000 0.000 0.000 0.000 0.000 0.000 0.000 0.000 0.000 0.000 0.000 0.000 0.000 0.000 0.000 0.000 0.000 0.000 0.001 0.001 0.001 0.002 0.011 0.029 0.041 0.038 0.034 0.036 0.034 0.036 0.000 0.000 0.000 0.000 0.000 0.000 0.000 0.000 0.000 0.000 0.000 0.000 0.000 0.000
0.000 0.000 0.000 0.000 0.000 0.000 0.000 0.000 0.000 0.000 0.000 0.000 0.000 0.000 0.000 0.000 0.000 0.000 0.000 0.000 0.000 0.000 0.000 0.000 0.000 0.000 0.000 0.000 0.000 0.000 0.000 0.000 0.000 0.000 0.000 0.000 0.000 0.000 0.000 0.000 0.000 0.000 0.000 0.000 0.000 0.000 0.000 0.000 0.000 0.000 0.000 0.000 0.001 0.001 0.001 0.001 0.008 0.026 0.035 0.030 0.030 0.028 0.030 0.034 0.000 0.000 0.000 0.000 0.000 0.000 0.000 0.000 0.000 0.000 0.000 0.000 0.000
0.000 0.000 0.000 0.000 0.000 0.000 0.000 0.000 0.000 0.000 0.000 0.000 0.000 0.000 0.000 0.000 0.000 0.000 0.000 0.000 0.000 0.000 0.000 0.000 0.000 0.000 0.000 0.000 0.000 0.000 0.000 0.000 0.000 0.000 0.000 0.000 0.000 0.000 0.000 0.000 0.000 0.000 0.000 0.000 0.000 0.000 0.000 0.000 0.000 0.000 0.000 0.000 0.000 0.001 0.001 0.001 0.001 0.005 0.019 0.026 0.022 0.022 0.026 0.029 0.032 0.000 0.000 0.000 0.000 0.000 0.000 0.000 0.000 0.000 0.000 0.000 0.000
