数据/LID_GR_100y/LID_GR_res/LID_GR_176-0001.wd
ncols         694
nrows         824
xllcorner     581104.939801
yllcorner     3495917.092414
cellsize      2.000000
NODATA_value  -9999.000000
[rows 306 to 339 of 824, columns 462 to 538 of 694]
0.013 0.015 0.016 0.017 0.017 0.017 0.017 0.016 0.013 0.009 0.005 0.003 0.002 0.001 0.001 0.001 0.001 0.000 0.001 0.001 0.001 0.001 0.001 0.001 0.001 0.001 0.003 0.005 0.007 0.009 0.009 0.008 0.007 0.006 0.005 0.004 0.003 0.002 0.003 0.000 0.000 0.000 0.000 0.000 0.000 0.000 0.000 0.000 0.000 0.000 0.000 0.000 0.000 0.000 0.010 0.010 0.010 0.013 0.000 0.001 0.001 0.001 0.001 0.001 0.001 0.019 0.000 0.000 0.000 0.000 0.001 0.001 0.006 0.016 0.025 0.024 0.020
0.000 0.012 0.014 0.016 0.016 0.016 0.016 0.016 0.016 0.013 0.009 0.006 0.004 0.002 0.001 0.001 0.001 0.001 0.001 0.001 0.001 0.001 0.001 0.001 0.001 0.001 0.003 0.005 0.007 0.008 0.008 0.008 0.007 0.006 0.005 0.004 0.003 0.004 0.013 0.000 0.000 0.000 0.000 0.000 0.000 0.000 0.000 0.000 0.000 0.000 0.000 0.000 0.000 0.000 0.000 0.000 0.000 0.010 0.010 0.008 0.007 0.006 0.005 0.005 0.007 0.000 0.000 0.000 0.000 0.000 0.004 0.013 0.022 0.023 0.020 0.017 0.016
0.007 0.011 0.013 0.015 0.016 0.016 0.016 0.016 0.016 0.016 0.015 0.010 0.007 0.005 0.003 0.002 0.001 0.001 0.001 0.001 0.001 0.001 0.001 0.001 0.001 0.000 0.003 0.005 0.007 0.008 0.008 0.008 0.007 0.006 0.005 0.005 0.004 0.005 0.000 0.000 0.000 0.000 0.000 0.000 0.000 0.000 0.000 0.000 0.000 0.000 0.000 0.000 0.000 0.000 0.000 0.000 0.000 0.000 0.000 0.006 0.007 0.008 0.007 0.006 0.010 0.000 0.000 0.000 0.000 0.009 0.019 0.021 0.019 0.017 0.015 0.013 0.012
0.008 0.011 0.013 0.014 0.015 0.016 0.017 0.017 0.017 0.017 0.017 0.017 0.014 0.010 0.008 0.005 0.003 0.003 0.002 0.002 0.001 0.001 0.001 0.001 0.001 0.001 0.003 0.005 0.006 0.008 0.008 0.008 0.007 0.007 0.006 0.005 0.005 0.005 0.003 0.002 0.002 0.000 0.000 0.000 0.000 0.000 0.000 0.000 0.000 0.000 0.000 0.000 0.000 0.000 0.000 0.000 0.000 0.000 0.000 0.000 0.000 0.000 0.005 0.007 0.009 0.011 0.000 0.000 0.000 0.019 0.018 0.016 0.014 0.012 0.011 0.010 0.009
0.009 0.010 0.012 0.014 0.015 0.016 0.018 0.019 0.019 0.017 0.018 0.021 0.024 0.021 0.016 0.012 0.008 0.006 0.004 0.003 0.002 0.002 0.001 0.001 0.001 0.001 0.003 0.005 0.006 0.007 0.008 0.008 0.007 0.007 0.006 0.005 0.005 0.005 0.003 0.002 0.002 0.001 0.001 0.000 0.000 0.000 0.000 0.000 0.000 0.000 0.000 0.000 0.000 0.000 0.000 0.000 0.000 0.000 0.000 0.000 0.000 0.000 0.000 0.000 0.007 0.011 0.013 0.022 0.023 0.018 0.015 0.013 0.011 0.010 0.009 0.008 0.009
0.008 0.010 0.012 0.014 0.017 0.019 0.022 0.024 0.022 0.000 0.023 0.029 0.033 0.035 0.027 0.020 0.015 0.010 0.007 0.005 0.003 0.003 0.002 0.001 0.001 0.001 0.003 0.005 0.006 0.007 0.008 0.008 0.008 0.007 0.006 0.006 0.005 0.005 0.004 0.003 0.002 0.002 0.001 0.001 0.001 0.002 0.000 0.000 0.000 0.000 0.000 0.000 0.000 0.000 0.000 0.000 0.000 0.000 0.000 0.000 0.000 0.000 0.000 0.000 0.000 0.000 0.000 0.013 0.014 0.013 0.012 0.010 0.009 0.008 0.007 0.007 0.006
0.009 0.011 0.015 0.019 0.023 0.027 0.031 0.034 0.036 0.035 0.038 0.042 0.038 0.029 0.029 0.026 0.019 0.014 0.010 0.007 0.005 0.004 0.003 0.002 0.002 0.002 0.003 0.005 0.006 0.007 0.007 0.008 0.008 0.007 0.007 0.006 0.005 0.005 0.004 0.003 0.003 0.002 0.002 0.001 0.001 0.001 0.001 0.002 0.000 0.000 0.000 0.000 0.000 0.002 0.000 0.000 0.000 0.000 0.000 0.000 0.000 0.000 0.000 0.000 0.000 0.000 0.015 0.014 0.012 0.011 0.010 0.009 0.008 0.007 0.006 0.007 0.000
0.013 0.017 0.023 0.029 0.034 0.038 0.043 0.040 0.035 0.028 0.023 0.018 0.014 0.009 0.019 0.027 0.022 0.016 0.012 0.009 0.006 0.005 0.004 0.003 0.002 0.002 0.003 0.005 0.006 0.007 0.007 0.008 0.008 0.007 0.007 0.006 0.006 0.005 0.004 0.003 0.003 0.002 0.002 0.001 0.001 0.001 0.001 0.001 0.001 0.001 0.001 0.001 0.001 0.001 0.001 0.001 0.002 0.000 0.000 0.000 0.000 0.000 0.000 0.000 0.000 0.000 0.012 0.012 0.011 0.010 0.009 0.007 0.006 0.006 0.005 0.005 0.000
0.023 0.028 0.030 0.027 0.024 0.020 0.017 0.014 0.012 0.009 0.007 0.005 0.002 0.005 0.012 0.024 0.024 0.019 0.014 0.011 0.008 0.006 0.004 0.003 0.003 0.002 0.003 0.005 0.006 0.007 0.007 0.008 0.008 0.007 0.007 0.006 0.006 0.005 0.004 0.004 0.003 0.003 0.002 0.001 0.001 0.001 0.001 0.001 0.001 0.001 0.001 0.001 0.001 0.001 0.001 0.002 0.005 0.022 0.049 0.000 0.000 0.000 0.000 0.000 0.000 0.016 0.014 0.012 0.011 0.009 0.008 0.006 0.005 0.005 0.005 0.000 0.000
0.009 0.008 0.006 0.005 0.005 0.004 0.003 0.003 0.002 0.002 0.002 0.001 0.001 0.002 0.007 0.016 0.025 0.020 0.016 0.013 0.010 0.007 0.006 0.004 0.003 0.003 0.003 0.005 0.006 0.006 0.007 0.007 0.007 0.007 0.007 0.006 0.006 0.005 0.005 0.004 0.003 0.003 0.002 0.002 0.001 0.001 0.001 0.001 0.001 0.001 0.001 0.001 0.001 0.001 0.002 0.007 0.018 0.035 0.050 0.058 0.066 0.076 0.000 0.000 0.000 0.013 0.013 0.011 0.010 0.008 0.007 0.005 0.005 0.004 0.003 0.000 0.000
0.002 0.002 0.001 0.001 0.001 0.001 0.001 0.001 0.001 0.001 0.001 0.001 0.001 0.001 0.003 0.009 0.022 0.022 0.018 0.015 0.012 0.009 0.007 0.005 0.004 0.004 0.004 0.005 0.006 0.006 0.007 0.007 0.007 0.007 0.007 0.006 0.006 0.005 0.005 0.004 0.004 0.003 0.003 0.002 0.002 0.001 0.001 0.001 0.001 0.001 0.001 0.001 0.002 0.006 0.014 0.023 0.027 0.026 0.029 0.035 0.043 0.051 0.057 0.066 0.000 0.016 0.013 0.010 0.008 0.007 0.005 0.004 0.004 0.004 0.000 0.000 0.000
0.001 0.001 0.001 0.001 0.001 0.001 0.001 0.001 0.001 0.001 0.001 0.001 0.001 0.001 0.002 0.006 0.014 0.024 0.020 0.017 0.014 0.012 0.010 0.008 0.007 0.007 0.007 0.007 0.008 0.008 0.009 0.009 0.009 0.008 0.008 0.007 0.006 0.006 0.005 0.004 0.004 0.004 0.003 0.003 0.002 0.002 0.002 0.002 0.002 0.002 0.002 0.006 0.013 0.022 0.026 0.022 0.019 0.016 0.015 0.015 0.019 0.025 0.031 0.037 0.032 0.021 0.014 0.009 0.007 0.005 0.004 0.003 0.003 0.003 0.000 0.000 0.000
0.001 0.001 0.001 0.001 0.001 0.001 0.001 0.001 0.001 0.001 0.001 0.001 0.001 0.001 0.001 0.003 0.009 0.022 0.024 0.021 0.019 0.018 0.018 0.018 0.018 0.017 0.017 0.017 0.017 0.017 0.017 0.016 0.014 0.013 0.012 0.010 0.009 0.008 0.007 0.007 0.006 0.006 0.005 0.005 0.005 0.005 0.006 0.006 0.005 0.008 0.013 0.022 0.027 0.023 0.019 0.016 0.013 0.010 0.009 0.007 0.007 0.006 0.006 0.007 0.008 0.007 0.000 0.003 0.003 0.003 0.002 0.002 0.002 0.000 0.000 0.000 0.000
0.000 0.000 0.000 0.000 0.000 0.000 0.000 0.000 0.000 0.000 0.001 0.001 0.001 0.001 0.001 0.002 0.006 0.015 0.031 0.033 0.035 0.038 0.041 0.042 0.043 0.043 0.042 0.042 0.041 0.039 0.036 0.032 0.028 0.025 0.023 0.020 0.018 0.017 0.015 0.015 0.015 0.016 0.018 0.020 0.023 0.026 0.028 0.029 0.029 0.025 0.031 0.025 0.020 0.016 0.012 0.010 0.008 0.006 0.005 0.004 0.003 0.003 0.002 0.002 0.002 0.002 0.002 0.002 0.002 0.001 0.001 0.001 0.001 0.013 0.000 0.000 0.000
0.000 0.000 0.000 0.000 0.000 0.000 0.000 0.000 0.000 0.000 0.000 0.001 0.001 0.001 0.001 0.001 0.004 0.012 0.041 0.057 0.062 0.067 0.071 0.071 0.072 0.072 0.071 0.071 0.069 0.066 0.062 0.052 0.048 0.045 0.043 0.039 0.037 0.036 0.036 0.037 0.039 0.043 0.046 0.050 0.054 0.057 0.060 0.061 0.055 0.037 0.036 0.031 0.025 0.020 0.015 0.012 0.009 0.006 0.005 0.003 0.003 0.002 0.002 0.001 0.001 0.001 0.001 0.001 0.001 0.001 0.001 0.001 0.000 0.000 0.000 0.000 0.000
0.000 0.000 0.000 0.000 0.000 0.000 0.000 0.000 0.000 0.000 0.000 0.000 0.001 0.001 0.001 0.001 0.009 0.000 0.043 0.087 0.092 0.097 0.102 0.000 0.000 0.000 0.000 0.000 0.000 0.000 0.000 0.070 0.072 0.071 0.069 0.062 0.061 0.061 0.062 0.065 0.068 0.072 0.076 0.080 0.084 0.080 0.071 0.061 0.049 0.032 0.032 0.035 0.040 0.034 0.028 0.023 0.018 0.014 0.011 0.009 0.007 0.005 0.004 0.003 0.002 0.002 0.001 0.001 0.001 0.001 0.001 0.001 0.001 0.001 0.000 0.000 0.000
0.000 0.000 0.000 0.000 0.000 0.000 0.000 0.000 0.000 0.000 0.000 0.000 0.000 0.006 0.000 0.000 0.012 0.000 0.000 0.104 0.000 0.000 0.000 0.000 0.000 0.000 0.000 0.000 0.000 0.000 0.000 0.000 0.000 0.000 0.000 0.084 0.087 0.089 0.090 0.094 0.098 0.102 0.098 0.090 0.082 0.073 0.064 0.055 0.043 0.027 0.027 0.029 0.032 0.038 0.041 0.035 0.029 0.024 0.019 0.016 0.012 0.010 0.007 0.006 0.004 0.003 0.002 0.002 0.002 0.001 0.001 0.001 0.001 0.001 0.001 0.001 0.000
0.000 0.000 0.000 0.000 0.000 0.000 0.000 0.000 0.000 0.000 0.000 0.000 0.000 0.000 0.000 0.000 0.000 0.000 0.000 0.000 0.000 0.000 0.000 0.000 0.000 0.000 0.000 0.000 0.000 0.000 0.000 0.000 0.000 0.000 0.000 0.000 0.000 0.000 0.118 0.115 0.107 0.099 0.091 0.083 0.075 0.066 0.058 0.048 0.037 0.023 0.023 0.024 0.026 0.029 0.035 0.041 0.041 0.035 0.029 0.024 0.020 0.016 0.013 0.010 0.008 0.006 0.004 0.004 0.003 0.002 0.002 0.001 0.001 0.001 0.001 0.001 0.001
0.000 0.000 0.000 0.000 0.000 0.000 0.000 0.000 0.000 0.000 0.000 0.000 0.000 0.000 0.000 0.000 0.000 0.000 0.000 0.000 0.000 0.000 0.000 0.000 0.000 0.000 0.000 0.000 0.000 0.000 0.000 0.000 0.000 0.000 0.000 0.000 0.000 0.000 0.000 0.000 0.000 0.000 0.083 0.076 0.068 0.059 0.051 0.041 0.030 0.020 0.019 0.019 0.020 0.022 0.026 0.031 0.037 0.043 0.040 0.034 0.029 0.024 0.020 0.016 0.013 0.010 0.008 0.006 0.005 0.004 0.003 0.002 0.002 0.001 0.001 0.001 0.001
0.000 0.000 0.000 0.000 0.000 0.000 0.000 0.000 0.000 0.000 0.000 0.000 0.000 0.000 0.000 0.000 0.000 0.000 0.000 0.000 0.000 0.000 0.000 0.000 0.000 0.000 0.000 0.000 0.000 0.000 0.000 0.000 0.000 0.000 0.000 0.000 0.000 0.000 0.000 0.000 0.000 0.000 0.000 0.000 0.000 0.051 0.044 0.034 0.022 0.015 0.015 0.015 0.015 0.016 0.018 0.022 0.026 0.032 0.038 0.044 0.040 0.034 0.028 0.024 0.019 0.016 0.013 0.010 0.008 0.006 0.005 0.004 0.003 0.002 0.002 0.001 0.001
0.000 0.000 0.000 0.000 0.000 0.000 0.000 0.000 0.000 0.000 0.000 0.000 0.000 0.000 0.000 0.000 0.000 0.000 0.000 0.000 0.000 0.000 0.000 0.000 0.000 0.000 0.000 0.000 0.000 0.000 0.000 0.000 0.000 0.000 0.000 0.000 0.000 0.000 0.000 0.000 0.000 0.000 0.000 0.000 0.000 0.000 0.000 0.000 0.010 0.007 0.008 0.008 0.009 0.010 0.011 0.013 0.017 0.022 0.027 0.033 0.040 0.044 0.038 0.033 0.028 0.023 0.019 0.015 0.012 0.010 0.008 0.006 0.005 0.004 0.003 0.003 0.002
0.000 0.000 0.000 0.000 0.000 0.000 0.000 0.000 0.000 0.000 0.000 0.000 0.000 0.000 0.000 0.000 0.000 0.000 0.000 0.000 0.000 0.000 0.000 0.000 0.000 0.000 0.000 0.000 0.000 0.000 0.000 0.000 0.000 0.000 0.000 0.000 0.000 0.000 0.000 0.000 0.000 0.000 0.000 0.000 0.000 0.000 0.000 0.000 0.000 0.000 0.001 0.002 0.002 0.003 0.004 0.005 0.008 0.012 0.017 0.022 0.028 0.035 0.042 0.043 0.037 0.032 0.027 0.023 0.019 0.015 0.013 0.010 0.008 0.007 0.006 0.005 0.004
0.000 0.000 0.000 0.000 0.000 0.000 0.000 0.000 0.000 0.000 0.000 0.000 0.000 0.000 0.000 0.000 0.000 0.000 0.000 0.000 0.000 0.000 0.000 0.000 0.000 0.000 0.000 0.000 0.000 0.000 0.000 0.000 0.000 0.000 0.000 0.000 0.000 0.000 0.000 0.000 0.000 0.000 0.000 0.000 0.000 0.000 0.000 0.000 0.000 0.000 0.000 0.000 0.000 0.000 0.001 0.001 0.002 0.004 0.008 0.012 0.018 0.024 0.030 0.037 0.043 0.042 0.036 0.031 0.027 0.023 0.020 0.018 0.015 0.013 0.012 0.010 0.008
0.000 0.000 0.000 0.000 0.000 0.000 0.000 0.000 0.000 0.000 0.000 0.000 0.000 0.000 0.000 0.000 0.000 0.000 0.000 0.000 0.000 0.000 0.000 0.000 0.000 0.000 0.000 0.000 0.000 0.000 0.000 0.000 0.000 0.000 0.000 0.000 0.000 0.000 0.000 0.000 0.000 0.000 0.000 0.000 0.000 0.000 0.000 0.000 0.000 0.000 0.000 0.000 0.000 0.000 0.000 0.000 0.000 0.000 0.002 0.004 0.009 0.014 0.018 0.025 0.031 0.038 0.045 0.042 0.038 0.035 0.033 0.031 0.029 0.026 0.023 0.020 0.017
0.000 0.000 0.000 0.000 0.000 0.000 0.000 0.000 0.000 0.000 0.000 0.000 0.000 0.000 0.000 0.000 0.000 0.000 0.000 0.000 0.000 0.000 0.000 0.000 0.000 0.000 0.000 0.000 0.000 0.000 0.000 0.000 0.000 0.000 0.000 0.000 0.000 0.000 0.000 0.000 0.000 0.000 0.000 0.000 0.000 0.000 0.000 0.000 0.000 0.000 0.000 0.000 0.000 0.000 0.000 0.000 0.000 0.000 0.000 0.001 0.002 0.005 0.000 0.013 0.020 0.027 0.034 0.043 0.053 0.053 0.052 0.051 0.050 0.046 0.040 0.034 0.029
0.000 0.000 0.000 0.000 0.000 0.000 0.000 0.000 0.000 0.000 0.000 0.000 0.000 0.000 0.000 0.000 0.000 0.000 0.000 0.000 0.000 0.000 0.000 0.000 0.000 0.000 0.000 0.000 0.000 0.000 0.000 0.000 0.000 0.000 0.000 0.000 0.000 0.000 0.000 0.000 0.000 0.000 0.000 0.000 0.000 0.000 0.000 0.000 0.000 0.000 0.000 0.000 0.000 0.000 0.000 0.000 0.000 0.000 0.000 0.001 0.001 0.001 0.001 0.005 0.010 0.016 0.023 0.032 0.047 0.066 0.076 0.076 0.074 0.069 0.056 0.048 0.041
0.000 0.000 0.000 0.000 0.000 0.000 0.000 0.000 0.000 0.000 0.000 0.000 0.000 0.000 0.000 0.000 0.000 0.000 0.000 0.000 0.000 0.000 0.000 0.000 0.000 0.000 0.000 0.000 0.000 0.000 0.000 0.000 0.000 0.000 0.000 0.000 0.000 0.000 0.000 0.000 0.000 0.000 0.000 0.000 0.000 0.000 0.000 0.000 0.000 0.000 0.000 0.000 0.000 0.000 0.000 0.000 0.000 0.000 0.000 0.001 0.001 0.001 0.001 0.001 0.003 0.007 0.013 0.023 0.041 0.064 0.000 0.000 0.000 0.000 0.064 0.063 0.051
0.000 0.000 0.000 0.000 0.000 0.000 0.000 0.000 0.000 0.000 0.000 0.000 0.000 0.000 0.000 0.000 0.000 0.000 0.000 0.000 0.000 0.000 0.000 0.000 0.000 0.000 0.000 0.000 0.000 0.000 0.000 0.000 0.000 0.000 0.000 0.000 0.000 0.000 0.000 0.000 0.000 0.000 0.000 0.000 0.000 0.000 0.000 0.000 0.000 0.000 0.000 0.000 0.000 0.000 0.000 0.000 0.000 0.000 0.000 0.001 0.001 0.001 0.001 0.001 0.001 0.002 0.005 0.017 0.038 0.000 0.000 0.000 0.000 0.000 0.000 0.000 0.054
0.000 0.000 0.000 0.000 0.000 0.000 0.000 0.000 0.000 0.000 0.000 0.000 0.000 0.000 0.000 0.000 0.000 0.000 0.000 0.000 0.000 0.000 0.000 0.000 0.000 0.000 0.000 0.000 0.000 0.000 0.000 0.000 0.000 0.000 0.000 0.000 0.000 0.000 0.000 0.000 0.000 0.000 0.000 0.000 0.000 0.000 0.000 0.000 0.000 0.000 0.000 0.000 0.000 0.000 0.000 0.000 0.000 0.000 0.000 0.000 0.001 0.001 0.001 0.001 0.001 0.001 0.002 0.014 0.000 0.000 0.000 0.000 0.000 0.000 0.000 0.000 0.000
0.000 0.000 0.000 0.000 0.000 0.000 0.000 0.000 0.000 0.000 0.000 0.000 0.000 0.000 0.000 0.000 0.000 0.000 0.000 0.000 0.000 0.000 0.000 0.000 0.000 0.000 0.000 0.000 0.000 0.000 0.000 0.000 0.000 0.000 0.000 0.000 0.000 0.000 0.000 0.000 0.000 0.000 0.000 0.000 0.000 0.000 0.000 0.000 0.000 0.000 0.000 0.000 0.000 0.000 0.000 0.000 0.000 0.000 0.000 0.000 0.000 0.000 0.001 0.001 0.001 0.001 0.002 0.010 0.000 0.000 0.000 0.000 0.000 0.000 0.000 0.000 0.000
0.000 0.000 0.000 0.000 0.000 0.000 0.000 0.000 0.000 0.000 0.000 0.000 0.000 0.000 0.000 0.000 0.000 0.000 0.000 0.000 0.000 0.000 0.000 0.000 0.000 0.000 0.000 0.000 0.000 0.000 0.000 0.000 0.000 0.000 0.000 0.000 0.000 0.000 0.000 0.000 0.000 0.000 0.000 0.000 0.000 0.000 0.000 0.000 0.000 0.000 0.000 0.000 0.000 0.000 0.000 0.000 0.000 0.000 0.000 0.000 0.000 0.000 0.000 0.001 0.001 0.001 0.003 0.000 0.000 0.000 0.000 0.000 0.000 0.000 0.000 0.000 0.000
0.000 0.000 0.000 0.000 0.000 0.000 0.000 0.000 0.000 0.000 0.000 0.000 0.000 0.000 0.000 0.000 0.000 0.000 0.000 0.000 0.000 0.000 0.000 0.000 0.000 0.000 0.000 0.000 0.000 0.000 0.000 0.000 0.000 0.000 0.000 0.000 0.000 0.000 0.000 0.000 0.000 0.000 0.000 0.000 0.000 0.000 0.000 0.000 0.000 0.000 0.000 0.000 0.000 0.000 0.000 0.000 0.000 0.000 0.000 0.000 0.000 0.000 0.000 0.001 0.001 0.001 0.016 0.000 0.000 0.000 0.000 0.000 0.000 0.000 0.000 0.000 0.000
0.000 0.000 0.000 0.000 0.000 0.000 0.000 0.000 0.000 0.000 0.000 0.000 0.000 0.000 0.000 0.000 0.000 0.000 0.000 0.000 0.000 0.000 0.000 0.000 0.000 0.000 0.000 0.000 0.000 0.000 0.000 0.000 0.000 0.000 0.000 0.000 0.000 0.000 0.000 0.000 0.000 0.000 0.000 0.000 0.000 0.000 0.000 0.000 0.000 0.000 0.000 0.000 0.000 0.000 0.000 0.000 0.000 0.000 0.000 0.000 0.000 0.000 0.000 0.001 0.001 0.001 0.000 0.000 0.000 0.000 0.000 0.000 0.000 0.000 0.000 0.000 0.000
0.000 0.000 0.000 0.000 0.000 0.000 0.000 0.000 0.000 0.000 0.000 0.000 0.000 0.000 0.000 0.000 0.000 0.000 0.000 0.000 0.000 0.000 0.000 0.000 0.000 0.000 0.000 0.000 0.000 0.000 0.000 0.000 0.000 0.000 0.000 0.000 0.000 0.000 0.000 0.000 0.000 0.000 0.000 0.000 0.000 0.000 0.000 0.000 0.000 0.000 0.000 0.000 0.000 0.000 0.000 0.000 0.000 0.000 0.000 0.000 0.000 0.000 0.000 0.001 0.001 0.001 0.000 0.000 0.000 0.000 0.000 0.000 0.000 0.000 0.000 0.000 0.000
