数据/LID_GR_100y/LID_GR_res/LID_GR_189-0001.wd
ncols         694
nrows         824
xllcorner     581104.939801
yllcorner     3495917.092414
cellsize      2.000000
NODATA_value  -9999.000000
[rows 306 to 339 of 824, columns 462 to 538 of 694]
0.009 0.010 0.011 0.011 0.012 0.012 0.012 0.011 0.008 0.005 0.003 0.002 0.001 0.001 0.001 0.001 0.001 0.000 0.001 0.001 0.001 0.001 0.001 0.001 0.001 0.001 0.003 0.004 0.006 0.008 0.008 0.007 0.006 0.005 0.004 0.003 0.002 0.002 0.003 0.000 0.000 0.000 0.000 0.000 0.000 0.000 0.000 0.000 0.000 0.000 0.000 0.000 0.000 0.000 0.007 0.008 0.008 0.010 0.000 0.001 0.001 0.001 0.001 0.001 0.001 0.019 0.000 0.000 0.000 0.000 0.001 0.001 0.004 0.013 0.021 0.020 0.016
0.007 0.009 0.010 0.011 0.011 0.011 0.011 0.011 0.011 0.009 0.006 0.003 0.002 0.001 0.001 0.001 0.001 0.001 0.001 0.001 0.001 0.001 0.001 0.001 0.001 0.001 0.003 0.004 0.006 0.007 0.008 0.007 0.006 0.005 0.004 0.003 0.003 0.004 0.013 0.000 0.000 0.000 0.000 0.000 0.000 0.000 0.000 0.000 0.000 0.000 0.000 0.000 0.000 0.000 0.000 0.000 0.000 0.008 0.008 0.006 0.005 0.004 0.004 0.004 0.006 0.000 0.000 0.000 0.000 0.000 0.002 0.010 0.018 0.019 0.016 0.014 0.013
0.006 0.008 0.009 0.010 0.011 0.011 0.011 0.011 0.011 0.011 0.009 0.006 0.004 0.002 0.001 0.001 0.001 0.001 0.001 0.001 0.001 0.001 0.001 0.001 0.001 0.000 0.003 0.004 0.006 0.007 0.007 0.007 0.006 0.005 0.004 0.004 0.003 0.004 0.000 0.000 0.000 0.000 0.000 0.000 0.000 0.000 0.000 0.000 0.000 0.000 0.000 0.000 0.000 0.000 0.000 0.000 0.000 0.000 0.000 0.004 0.005 0.006 0.005 0.005 0.008 0.000 0.000 0.000 0.000 0.007 0.015 0.018 0.016 0.013 0.012 0.010 0.009
0.005 0.007 0.008 0.009 0.010 0.011 0.011 0.011 0.011 0.011 0.011 0.011 0.008 0.006 0.004 0.002 0.002 0.002 0.001 0.001 0.001 0.001 0.001 0.001 0.001 0.001 0.003 0.004 0.006 0.007 0.007 0.007 0.006 0.005 0.005 0.004 0.004 0.004 0.002 0.001 0.001 0.000 0.000 0.000 0.000 0.000 0.000 0.000 0.000 0.000 0.000 0.000 0.000 0.000 0.000 0.000 0.000 0.000 0.000 0.000 0.000 0.000 0.004 0.005 0.007 0.009 0.000 0.000 0.000 0.016 0.015 0.013 0.011 0.010 0.009 0.008 0.007
0.005 0.006 0.008 0.009 0.010 0.011 0.012 0.012 0.013 0.014 0.014 0.015 0.017 0.014 0.010 0.007 0.005 0.004 0.003 0.002 0.001 0.001 0.001 0.001 0.001 0.001 0.003 0.004 0.005 0.006 0.007 0.007 0.006 0.006 0.005 0.004 0.004 0.004 0.003 0.002 0.001 0.001 0.001 0.000 0.000 0.000 0.000 0.000 0.000 0.000 0.000 0.000 0.000 0.000 0.000 0.000 0.000 0.000 0.000 0.000 0.000 0.000 0.000 0.000 0.005 0.009 0.010 0.018 0.019 0.015 0.012 0.010 0.009 0.007 0.007 0.006 0.006
0.005 0.006 0.008 0.009 0.011 0.012 0.014 0.016 0.018 0.020 0.022 0.023 0.026 0.027 0.020 0.014 0.010 0.007 0.005 0.003 0.002 0.002 0.001 0.001 0.001 0.001 0.003 0.004 0.005 0.006 0.007 0.007 0.006 0.006 0.005 0.005 0.004 0.004 0.003 0.002 0.002 0.001 0.001 0.001 0.001 0.002 0.000 0.000 0.000 0.000 0.000 0.000 0.000 0.000 0.000 0.000 0.000 0.000 0.000 0.000 0.000 0.000 0.000 0.000 0.000 0.000 0.000 0.010 0.011 0.011 0.009 0.008 0.007 0.006 0.005 0.005 0.004
0.006 0.007 0.009 0.012 0.015 0.018 0.022 0.026 0.029 0.032 0.034 0.036 0.031 0.022 0.022 0.019 0.013 0.010 0.007 0.005 0.003 0.002 0.002 0.001 0.001 0.001 0.003 0.004 0.005 0.006 0.007 0.007 0.006 0.006 0.005 0.005 0.004 0.004 0.003 0.003 0.002 0.002 0.001 0.001 0.001 0.001 0.001 0.002 0.000 0.000 0.000 0.000 0.000 0.002 0.000 0.000 0.000 0.000 0.000 0.000 0.000 0.000 0.000 0.000 0.000 0.000 0.013 0.011 0.010 0.009 0.008 0.007 0.006 0.005 0.005 0.005 0.000
0.009 0.012 0.016 0.021 0.025 0.029 0.033 0.032 0.027 0.022 0.017 0.013 0.009 0.005 0.013 0.020 0.016 0.012 0.009 0.006 0.004 0.003 0.002 0.002 0.001 0.001 0.003 0.004 0.005 0.006 0.006 0.007 0.006 0.006 0.005 0.005 0.004 0.004 0.003 0.003 0.002 0.002 0.002 0.000 0.001 0.001 0.001 0.001 0.001 0.001 0.001 0.001 0.001 0.001 0.001 0.001 0.002 0.000 0.000 0.000 0.000 0.000 0.000 0.000 0.000 0.000 0.010 0.010 0.009 0.008 0.007 0.006 0.005 0.004 0.004 0.003 0.000
0.018 0.022 0.023 0.020 0.017 0.014 0.011 0.009 0.007 0.005 0.004 0.003 0.001 0.003 0.000 0.017 0.017 0.014 0.010 0.008 0.005 0.004 0.003 0.002 0.002 0.002 0.003 0.004 0.005 0.006 0.006 0.006 0.006 0.006 0.005 0.005 0.005 0.004 0.004 0.003 0.003 0.002 0.002 0.001 0.001 0.001 0.001 0.001 0.001 0.001 0.001 0.001 0.001 0.001 0.001 0.001 0.003 0.013 0.040 0.000 0.000 0.000 0.000 0.000 0.000 0.014 0.012 0.010 0.009 0.007 0.006 0.005 0.004 0.004 0.004 0.000 0.000
0.007 0.006 0.005 0.004 0.003 0.003 0.002 0.002 0.002 0.001 0.001 0.001 0.001 0.001 0.003 0.011 0.018 0.015 0.012 0.009 0.007 0.005 0.004 0.003 0.002 0.002 0.003 0.004 0.005 0.005 0.006 0.006 0.006 0.006 0.006 0.005 0.005 0.004 0.004 0.003 0.003 0.002 0.002 0.002 0.001 0.001 0.001 0.001 0.001 0.001 0.001 0.001 0.001 0.001 0.001 0.004 0.012 0.026 0.040 0.048 0.057 0.067 0.000 0.000 0.000 0.011 0.011 0.009 0.008 0.006 0.005 0.004 0.003 0.003 0.003 0.000 0.000
0.002 0.001 0.001 0.001 0.001 0.001 0.001 0.001 0.001 0.001 0.001 0.001 0.001 0.001 0.002 0.007 0.017 0.017 0.014 0.011 0.008 0.006 0.005 0.004 0.003 0.003 0.003 0.004 0.005 0.005 0.006 0.006 0.006 0.006 0.006 0.005 0.005 0.004 0.004 0.003 0.003 0.003 0.002 0.002 0.002 0.001 0.001 0.001 0.001 0.001 0.001 0.001 0.001 0.003 0.009 0.018 0.021 0.019 0.021 0.025 0.033 0.041 0.047 0.056 0.000 0.013 0.011 0.009 0.007 0.005 0.004 0.003 0.003 0.003 0.000 0.000 0.000
0.001 0.001 0.001 0.001 0.001 0.001 0.001 0.001 0.001 0.001 0.001 0.001 0.001 0.001 0.001 0.004 0.011 0.019 0.015 0.012 0.010 0.008 0.006 0.005 0.004 0.004 0.004 0.005 0.005 0.006 0.006 0.006 0.006 0.006 0.006 0.006 0.005 0.004 0.004 0.004 0.003 0.003 0.003 0.002 0.002 0.002 0.002 0.001 0.001 0.001 0.001 0.003 0.008 0.016 0.021 0.017 0.014 0.012 0.010 0.010 0.009 0.000 0.020 0.028 0.025 0.017 0.011 0.008 0.005 0.004 0.003 0.002 0.002 0.002 0.000 0.000 0.000
0.001 0.001 0.001 0.001 0.001 0.001 0.001 0.001 0.001 0.001 0.001 0.001 0.001 0.001 0.001 0.002 0.007 0.017 0.018 0.015 0.013 0.011 0.010 0.009 0.009 0.009 0.009 0.009 0.010 0.010 0.010 0.010 0.009 0.009 0.008 0.007 0.006 0.006 0.005 0.004 0.004 0.004 0.003 0.003 0.003 0.003 0.004 0.004 0.003 0.004 0.008 0.016 0.022 0.018 0.014 0.012 0.009 0.008 0.006 0.005 0.004 0.003 0.004 0.005 0.005 0.005 0.003 0.002 0.002 0.002 0.002 0.002 0.002 0.000 0.000 0.000 0.000
0.000 0.000 0.000 0.000 0.000 0.000 0.000 0.000 0.000 0.000 0.001 0.001 0.001 0.001 0.001 0.001 0.004 0.011 0.021 0.021 0.022 0.024 0.026 0.027 0.028 0.028 0.028 0.028 0.027 0.026 0.024 0.021 0.019 0.016 0.015 0.013 0.011 0.010 0.009 0.008 0.008 0.009 0.009 0.011 0.013 0.016 0.019 0.021 0.021 0.019 0.024 0.019 0.015 0.012 0.009 0.007 0.006 0.004 0.003 0.003 0.002 0.002 0.002 0.002 0.002 0.002 0.002 0.001 0.001 0.001 0.001 0.001 0.001 0.013 0.000 0.000 0.000
0.000 0.000 0.000 0.000 0.000 0.000 0.000 0.000 0.000 0.000 0.000 0.001 0.001 0.001 0.001 0.001 0.003 0.008 0.027 0.042 0.047 0.052 0.056 0.056 0.057 0.057 0.057 0.056 0.055 0.053 0.049 0.039 0.035 0.033 0.030 0.027 0.025 0.023 0.023 0.025 0.027 0.031 0.035 0.039 0.043 0.047 0.051 0.053 0.047 0.031 0.030 0.025 0.020 0.015 0.012 0.009 0.006 0.005 0.003 0.003 0.002 0.002 0.001 0.001 0.001 0.001 0.001 0.001 0.001 0.001 0.001 0.001 0.000 0.000 0.000 0.000 0.000
0.000 0.000 0.000 0.000 0.000 0.000 0.000 0.000 0.000 0.000 0.000 0.000 0.001 0.001 0.001 0.001 0.008 0.000 0.028 0.071 0.076 0.082 0.087 0.000 0.000 0.000 0.000 0.000 0.000 0.000 0.000 0.055 0.058 0.057 0.055 0.048 0.047 0.047 0.049 0.052 0.056 0.060 0.065 0.069 0.074 0.070 0.062 0.052 0.041 0.026 0.026 0.029 0.033 0.028 0.022 0.018 0.014 0.011 0.008 0.006 0.005 0.004 0.003 0.002 0.002 0.001 0.001 0.001 0.001 0.001 0.001 0.001 0.001 0.001 0.000 0.000 0.000
0.000 0.000 0.000 0.000 0.000 0.000 0.000 0.000 0.000 0.000 0.000 0.000 0.000 0.006 0.000 0.000 0.011 0.000 0.000 0.088 0.000 0.000 0.000 0.000 0.000 0.000 0.000 0.000 0.000 0.000 0.000 0.000 0.000 0.000 0.000 0.069 0.073 0.075 0.077 0.081 0.086 0.090 0.087 0.079 0.072 0.064 0.055 0.046 0.036 0.020 0.021 0.022 0.026 0.031 0.033 0.028 0.023 0.019 0.015 0.012 0.009 0.007 0.005 0.004 0.003 0.002 0.002 0.001 0.001 0.001 0.001 0.001 0.001 0.001 0.001 0.001 0.000
0.000 0.000 0.000 0.000 0.000 0.000 0.000 0.000 0.000 0.000 0.000 0.000 0.000 0.000 0.000 0.000 0.000 0.000 0.000 0.000 0.000 0.000 0.000 0.000 0.000 0.000 0.000 0.000 0.000 0.000 0.000 0.000 0.000 0.000 0.000 0.000 0.000 0.000 0.105 0.102 0.095 0.087 0.080 0.072 0.065 0.057 0.049 0.040 0.029 0.017 0.017 0.018 0.019 0.023 0.028 0.033 0.033 0.028 0.023 0.019 0.015 0.012 0.009 0.007 0.005 0.004 0.003 0.002 0.002 0.001 0.001 0.001 0.001 0.001 0.001 0.001 0.001
0.000 0.000 0.000 0.000 0.000 0.000 0.000 0.000 0.000 0.000 0.000 0.000 0.000 0.000 0.000 0.000 0.000 0.000 0.000 0.000 0.000 0.000 0.000 0.000 0.000 0.000 0.000 0.000 0.000 0.000 0.000 0.000 0.000 0.000 0.000 0.000 0.000 0.000 0.000 0.000 0.000 0.000 0.072 0.065 0.058 0.050 0.042 0.033 0.022 0.014 0.014 0.014 0.014 0.016 0.019 0.024 0.029 0.035 0.033 0.027 0.023 0.019 0.015 0.012 0.009 0.007 0.005 0.004 0.003 0.003 0.002 0.002 0.001 0.001 0.001 0.001 0.001
0.000 0.000 0.000 0.000 0.000 0.000 0.000 0.000 0.000 0.000 0.000 0.000 0.000 0.000 0.000 0.000 0.000 0.000 0.000 0.000 0.000 0.000 0.000 0.000 0.000 0.000 0.000 0.000 0.000 0.000 0.000 0.000 0.000 0.000 0.000 0.000 0.000 0.000 0.000 0.000 0.000 0.000 0.000 0.000 0.000 0.042 0.035 0.026 0.015 0.010 0.010 0.010 0.010 0.010 0.012 0.015 0.019 0.025 0.031 0.037 0.032 0.027 0.022 0.018 0.014 0.011 0.009 0.007 0.005 0.004 0.003 0.003 0.002 0.002 0.001 0.001 0.001
0.000 0.000 0.000 0.000 0.000 0.000 0.000 0.000 0.000 0.000 0.000 0.000 0.000 0.000 0.000 0.000 0.000 0.000 0.000 0.000 0.000 0.000 0.000 0.000 0.000 0.000 0.000 0.000 0.000 0.000 0.000 0.000 0.000 0.000 0.000 0.000 0.000 0.000 0.000 0.000 0.000 0.000 0.000 0.000 0.000 0.000 0.000 0.000 0.005 0.003 0.004 0.004 0.004 0.005 0.005 0.007 0.010 0.015 0.020 0.026 0.032 0.036 0.031 0.026 0.021 0.017 0.014 0.011 0.009 0.007 0.005 0.004 0.003 0.003 0.002 0.002 0.001
0.000 0.000 0.000 0.000 0.000 0.000 0.000 0.000 0.000 0.000 0.000 0.000 0.000 0.000 0.000 0.000 0.000 0.000 0.000 0.000 0.000 0.000 0.000 0.000 0.000 0.000 0.000 0.000 0.000 0.000 0.000 0.000 0.000 0.000 0.000 0.000 0.000 0.000 0.000 0.000 0.000 0.000 0.000 0.000 0.000 0.000 0.000 0.000 0.000 0.000 0.001 0.001 0.001 0.001 0.001 0.001 0.003 0.006 0.010 0.015 0.021 0.027 0.034 0.035 0.030 0.025 0.021 0.017 0.014 0.011 0.009 0.007 0.005 0.004 0.004 0.003 0.002
0.000 0.000 0.000 0.000 0.000 0.000 0.000 0.000 0.000 0.000 0.000 0.000 0.000 0.000 0.000 0.000 0.000 0.000 0.000 0.000 0.000 0.000 0.000 0.000 0.000 0.000 0.000 0.000 0.000 0.000 0.000 0.000 0.000 0.000 0.000 0.000 0.000 0.000 0.000 0.000 0.000 0.000 0.000 0.000 0.000 0.000 0.000 0.000 0.000 0.000 0.000 0.000 0.000 0.000 0.001 0.001 0.001 0.001 0.003 0.006 0.011 0.017 0.023 0.029 0.035 0.034 0.029 0.024 0.020 0.017 0.014 0.012 0.010 0.008 0.007 0.006 0.005
0.000 0.000 0.000 0.000 0.000 0.000 0.000 0.000 0.000 0.000 0.000 0.000 0.000 0.000 0.000 0.000 0.000 0.000 0.000 0.000 0.000 0.000 0.000 0.000 0.000 0.000 0.000 0.000 0.000 0.000 0.000 0.000 0.000 0.000 0.000 0.000 0.000 0.000 0.000 0.000 0.000 0.000 0.000 0.000 0.000 0.000 0.000 0.000 0.000 0.000 0.000 0.000 0.000 0.000 0.000 0.000 0.000 0.000 0.001 0.001 0.003 0.007 0.012 0.018 0.024 0.031 0.037 0.034 0.029 0.026 0.023 0.021 0.019 0.017 0.015 0.013 0.010
0.000 0.000 0.000 0.000 0.000 0.000 0.000 0.000 0.000 0.000 0.000 0.000 0.000 0.000 0.000 0.000 0.000 0.000 0.000 0.000 0.000 0.000 0.000 0.000 0.000 0.000 0.000 0.000 0.000 0.000 0.000 0.000 0.000 0.000 0.000 0.000 0.000 0.000 0.000 0.000 0.000 0.000 0.000 0.000 0.000 0.000 0.000 0.000 0.000 0.000 0.000 0.000 0.000 0.000 0.000 0.000 0.000 0.000 0.000 0.001 0.001 0.002 0.003 0.008 0.014 0.020 0.026 0.033 0.041 0.040 0.039 0.038 0.036 0.034 0.029 0.024 0.020
0.000 0.000 0.000 0.000 0.000 0.000 0.000 0.000 0.000 0.000 0.000 0.000 0.000 0.000 0.000 0.000 0.000 0.000 0.000 0.000 0.000 0.000 0.000 0.000 0.000 0.000 0.000 0.000 0.000 0.000 0.000 0.000 0.000 0.000 0.000 0.000 0.000 0.000 0.000 0.000 0.000 0.000 0.000 0.000 0.000 0.000 0.000 0.000 0.000 0.000 0.000 0.000 0.000 0.000 0.000 0.000 0.000 0.000 0.000 0.001 0.001 0.001 0.001 0.002 0.005 0.010 0.016 0.023 0.034 0.051 0.061 0.062 0.060 0.056 0.044 0.037 0.031
0.000 0.000 0.000 0.000 0.000 0.000 0.000 0.000 0.000 0.000 0.000 0.000 0.000 0.000 0.000 0.000 0.000 0.000 0.000 0.000 0.000 0.000 0.000 0.000 0.000 0.000 0.000 0.000 0.000 0.000 0.000 0.000 0.000 0.000 0.000 0.000 0.000 0.000 0.000 0.000 0.000 0.000 0.000 0.000 0.000 0.000 0.000 0.000 0.000 0.000 0.000 0.000 0.000 0.000 0.000 0.000 0.000 0.000 0.000 0.001 0.001 0.001 0.001 0.001 0.001 0.002 0.007 0.013 0.027 0.048 0.000 0.000 0.000 0.000 0.051 0.051 0.040
0.000 0.000 0.000 0.000 0.000 0.000 0.000 0.000 0.000 0.000 0.000 0.000 0.000 0.000 0.000 0.000 0.000 0.000 0.000 0.000 0.000 0.000 0.000 0.000 0.000 0.000 0.000 0.000 0.000 0.000 0.000 0.000 0.000 0.000 0.000 0.000 0.000 0.000 0.000 0.000 0.000 0.000 0.000 0.000 0.000 0.000 0.000 0.000 0.000 0.000 0.000 0.000 0.000 0.000 0.000 0.000 0.000 0.000 0.000 0.001 0.001 0.001 0.001 0.001 0.001 0.001 0.002 0.007 0.024 0.000 0.000 0.000 0.000 0.000 0.000 0.000 0.043
0.000 0.000 0.000 0.000 0.000 0.000 0.000 0.000 0.000 0.000 0.000 0.000 0.000 0.000 0.000 0.000 0.000 0.000 0.000 0.000 0.000 0.000 0.000 0.000 0.000 0.000 0.000 0.000 0.000 0.000 0.000 0.000 0.000 0.000 0.000 0.000 0.000 0.000 0.000 0.000 0.000 0.000 0.000 0.000 0.000 0.000 0.000 0.000 0.000 0.000 0.000 0.000 0.000 0.000 0.000 0.000 0.000 0.000 0.000 0.000 0.001 0.001 0.001 0.001 0.001 0.001 0.002 0.006 0.000 0.000 0.000 0.000 0.000 0.000 0.000 0.000 0.000
0.000 0.000 0.000 0.000 0.000 0.000 0.000 0.000 0.000 0.000 0.000 0.000 0.000 0.000 0.000 0.000 0.000 0.000 0.000 0.000 0.000 0.000 0.000 0.000 0.000 0.000 0.000 0.000 0.000 0.000 0.000 0.000 0.000 0.000 0.000 0.000 0.000 0.000 0.000 0.000 0.000 0.000 0.000 0.000 0.000 0.000 0.000 0.000 0.000 0.000 0.000 0.000 0.000 0.000 0.000 0.000 0.000 0.000 0.000 0.000 0.000 0.000 0.001 0.001 0.001 0.001 0.002 0.004 0.000 0.000 0.000 0.000 0.000 0.000 0.000 0.000 0.000
0.000 0.000 0.000 0.000 0.000 0.000 0.000 0.000 0.000 0.000 0.000 0.000 0.000 0.000 0.000 0.000 0.000 0.000 0.000 0.000 0.000 0.000 0.000 0.000 0.000 0.000 0.000 0.000 0.000 0.000 0.000 0.000 0.000 0.000 0.000 0.000 0.000 0.000 0.000 0.000 0.000 0.000 0.000 0.000 0.000 0.000 0.000 0.000 0.000 0.000 0.000 0.000 0.000 0.000 0.000 0.000 0.000 0.000 0.000 0.000 0.000 0.000 0.000 0.001 0.001 0.001 0.003 0.000 0.000 0.000 0.000 0.000 0.000 0.000 0.000 0.000 0.000
0.000 0.000 0.000 0.000 0.000 0.000 0.000 0.000 0.000 0.000 0.000 0.000 0.000 0.000 0.000 0.000 0.000 0.000 0.000 0.000 0.000 0.000 0.000 0.000 0.000 0.000 0.000 0.000 0.000 0.000 0.000 0.000 0.000 0.000 0.000 0.000 0.000 0.000 0.000 0.000 0.000 0.000 0.000 0.000 0.000 0.000 0.000 0.000 0.000 0.000 0.000 0.000 0.000 0.000 0.000 0.000 0.000 0.000 0.000 0.000 0.000 0.000 0.000 0.001 0.001 0.001 0.016 0.000 0.000 0.000 0.000 0.000 0.000 0.000 0.000 0.000 0.000
0.000 0.000 0.000 0.000 0.000 0.000 0.000 0.000 0.000 0.000 0.000 0.000 0.000 0.000 0.000 0.000 0.000 0.000 0.000 0.000 0.000 0.000 0.000 0.000 0.000 0.000 0.000 0.000 0.000 0.000 0.000 0.000 0.000 0.000 0.000 0.000 0.000 0.000 0.000 0.000 0.000 0.000 0.000 0.000 0.000 0.000 0.000 0.000 0.000 0.000 0.000 0.000 0.000 0.000 0.000 0.000 0.000 0.000 0.000 0.000 0.000 0.000 0.000 0.001 0.001 0.001 0.000 0.000 0.000 0.000 0.000 0.000 0.000 0.000 0.000 0.000 0.000
0.000 0.000 0.000 0.000 0.000 0.000 0.000 0.000 0.000 0.000 0.000 0.000 0.000 0.000 0.000 0.000 0.000 0.000 0.000 0.000 0.000 0.000 0.000 0.000 0.000 0.000 0.000 0.000 0.000 0.000 0.000 0.000 0.000 0.000 0.000 0.000 0.000 0.000 0.000 0.000 0.000 0.000 0.000 0.000 0.000 0.000 0.000 0.000 0.000 0.000 0.000 0.000 0.000 0.000 0.000 0.000 0.000 0.000 0.000 0.000 0.000 0.000 0.000 0.001 0.001 0.001 0.000 0.000 0.000 0.000 0.000 0.000 0.000 0.000 0.000 0.000 0.000
