数据/LID_GR_100y/LID_GR_res/LID_GR_134-0001.wd
ncols         694
nrows         824
xllcorner     581104.939801
yllcorner     3495917.092414
cellsize      2.000000
NODATA_value  -9999.000000
[rows 306 to 339 of 824, columns 462 to 538 of 694]
0.083 0.081 0.078 0.076 0.075 0.075 0.075 0.076 0.071 0.064 0.056 0.049 0.042 0.035 0.029 0.022 0.016 0.011 0.008 0.005 0.004 0.004 0.004 0.006 0.009 0.014 0.018 0.021 0.023 0.024 0.023 0.022 0.019 0.016 0.014 0.011 0.009 0.007 0.008 0.000 0.000 0.000 0.000 0.000 0.000 0.000 0.000 0.000 0.000 0.000 0.000 0.000 0.000 0.000 0.026 0.026 0.028 0.032 0.000 0.002 0.002 0.002 0.002 0.000 0.003 0.002 0.000 0.000 0.000 0.000 0.006 0.017 0.028 0.040 0.052 0.052 0.047
0.110 0.093 0.085 0.082 0.081 0.081 0.082 0.082 0.083 0.080 0.072 0.065 0.057 0.050 0.042 0.034 0.026 0.020 0.015 0.011 0.008 0.007 0.006 0.007 0.010 0.014 0.018 0.021 0.023 0.023 0.023 0.022 0.020 0.017 0.015 0.012 0.011 0.012 0.021 0.000 0.000 0.000 0.000 0.000 0.000 0.000 0.000 0.000 0.000 0.000 0.000 0.000 0.000 0.000 0.000 0.000 0.000 0.027 0.025 0.020 0.017 0.015 0.014 0.013 0.019 0.000 0.000 0.000 0.000 0.000 0.022 0.035 0.046 0.048 0.045 0.042 0.040
0.093 0.089 0.087 0.087 0.087 0.088 0.089 0.089 0.090 0.090 0.089 0.081 0.074 0.065 0.056 0.047 0.037 0.031 0.024 0.019 0.015 0.011 0.010 0.009 0.010 0.013 0.017 0.020 0.022 0.023 0.023 0.022 0.020 0.018 0.016 0.014 0.012 0.013 0.000 0.000 0.000 0.000 0.000 0.000 0.000 0.000 0.000 0.000 0.000 0.000 0.000 0.000 0.000 0.000 0.000 0.000 0.000 0.000 0.000 0.015 0.018 0.019 0.016 0.016 0.024 0.000 0.000 0.000 0.000 0.029 0.042 0.045 0.042 0.039 0.037 0.035 0.034
0.087 0.089 0.090 0.092 0.094 0.095 0.097 0.098 0.098 0.097 0.098 0.099 0.091 0.082 0.071 0.060 0.050 0.042 0.034 0.028 0.022 0.017 0.014 0.012 0.012 0.013 0.017 0.020 0.022 0.023 0.023 0.022 0.020 0.019 0.017 0.015 0.014 0.013 0.007 0.005 0.004 0.000 0.000 0.000 0.000 0.000 0.000 0.000 0.000 0.000 0.000 0.000 0.000 0.000 0.000 0.000 0.000 0.000 0.000 0.000 0.000 0.000 0.012 0.017 0.021 0.027 0.000 0.000 0.000 0.041 0.041 0.038 0.035 0.033 0.031 0.029 0.028
0.088 0.092 0.096 0.099 0.102 0.104 0.106 0.107 0.106 0.104 0.106 0.107 0.107 0.099 0.086 0.073 0.062 0.053 0.044 0.036 0.029 0.024 0.019 0.016 0.014 0.014 0.017 0.019 0.021 0.022 0.022 0.022 0.021 0.019 0.018 0.016 0.014 0.013 0.009 0.007 0.005 0.003 0.002 0.000 0.000 0.000 0.000 0.000 0.000 0.000 0.000 0.000 0.000 0.000 0.000 0.000 0.000 0.000 0.000 0.000 0.000 0.000 0.000 0.000 0.018 0.028 0.035 0.050 0.051 0.043 0.038 0.034 0.031 0.028 0.026 0.025 0.026
0.093 0.099 0.104 0.108 0.111 0.114 0.116 0.117 0.116 0.107 0.115 0.117 0.116 0.113 0.098 0.084 0.072 0.061 0.052 0.043 0.036 0.030 0.025 0.021 0.018 0.017 0.018 0.020 0.021 0.022 0.022 0.022 0.021 0.020 0.018 0.017 0.015 0.013 0.011 0.008 0.006 0.005 0.003 0.002 0.002 0.003 0.000 0.000 0.000 0.000 0.000 0.000 0.000 0.000 0.000 0.000 0.000 0.000 0.000 0.000 0.000 0.000 0.000 0.000 0.000 0.000 0.000 0.036 0.038 0.036 0.033 0.030 0.027 0.025 0.023 0.022 0.019
0.102 0.108 0.113 0.118 0.122 0.125 0.128 0.129 0.129 0.127 0.128 0.128 0.119 0.103 0.098 0.090 0.077 0.067 0.057 0.049 0.042 0.036 0.030 0.026 0.023 0.021 0.021 0.021 0.022 0.023 0.023 0.023 0.022 0.021 0.020 0.018 0.017 0.015 0.012 0.010 0.008 0.006 0.005 0.003 0.002 0.002 0.002 0.003 0.000 0.000 0.000 0.000 0.000 0.004 0.000 0.000 0.000 0.000 0.000 0.000 0.000 0.000 0.000 0.000 0.000 0.000 0.038 0.036 0.034 0.032 0.029 0.027 0.024 0.022 0.020 0.021 0.000
0.112 0.118 0.124 0.130 0.134 0.137 0.140 0.136 0.127 0.117 0.108 0.098 0.085 0.065 0.079 0.091 0.081 0.071 0.063 0.055 0.048 0.042 0.037 0.033 0.030 0.028 0.027 0.027 0.027 0.027 0.027 0.026 0.025 0.024 0.023 0.021 0.019 0.017 0.015 0.013 0.011 0.009 0.007 0.004 0.003 0.002 0.002 0.003 0.003 0.003 0.003 0.003 0.004 0.010 0.023 0.043 0.069 0.000 0.000 0.000 0.000 0.000 0.000 0.000 0.000 0.000 0.033 0.033 0.031 0.029 0.027 0.024 0.021 0.019 0.018 0.016 0.000
0.123 0.130 0.131 0.127 0.122 0.117 0.111 0.104 0.096 0.088 0.078 0.067 0.051 0.051 0.043 0.081 0.083 0.076 0.069 0.062 0.056 0.051 0.048 0.044 0.042 0.040 0.039 0.038 0.038 0.037 0.036 0.035 0.033 0.032 0.030 0.028 0.026 0.023 0.021 0.019 0.016 0.014 0.012 0.009 0.007 0.005 0.005 0.005 0.005 0.006 0.007 0.011 0.017 0.026 0.039 0.056 0.079 0.102 0.128 0.000 0.000 0.000 0.000 0.000 0.000 0.041 0.037 0.033 0.030 0.027 0.024 0.021 0.019 0.017 0.018 0.000 0.000
0.103 0.100 0.097 0.094 0.089 0.084 0.079 0.073 0.066 0.058 0.049 0.037 0.029 0.036 0.040 0.067 0.087 0.082 0.077 0.072 0.068 0.066 0.064 0.063 0.062 0.061 0.059 0.058 0.056 0.054 0.052 0.050 0.048 0.045 0.043 0.040 0.038 0.035 0.032 0.030 0.027 0.024 0.022 0.019 0.017 0.015 0.011 0.011 0.013 0.017 0.021 0.027 0.034 0.043 0.055 0.071 0.091 0.113 0.127 0.130 0.134 0.141 0.000 0.000 0.000 0.036 0.035 0.032 0.028 0.025 0.022 0.019 0.016 0.015 0.013 0.000 0.000
0.070 0.067 0.064 0.061 0.057 0.053 0.048 0.043 0.037 0.031 0.023 0.013 0.018 0.024 0.032 0.054 0.085 0.091 0.089 0.087 0.086 0.085 0.086 0.086 0.086 0.085 0.084 0.083 0.081 0.078 0.075 0.072 0.068 0.064 0.061 0.057 0.054 0.052 0.049 0.046 0.044 0.042 0.040 0.038 0.036 0.033 0.029 0.024 0.028 0.033 0.038 0.044 0.052 0.061 0.072 0.086 0.097 0.099 0.103 0.106 0.109 0.110 0.110 0.117 0.000 0.041 0.036 0.030 0.026 0.022 0.019 0.016 0.014 0.014 0.000 0.000 0.000
0.037 0.035 0.033 0.030 0.027 0.023 0.020 0.016 0.013 0.010 0.005 0.006 0.011 0.016 0.024 0.043 0.075 0.106 0.106 0.107 0.108 0.110 0.111 0.112 0.112 0.112 0.111 0.110 0.108 0.105 0.101 0.097 0.092 0.088 0.084 0.080 0.076 0.073 0.069 0.067 0.065 0.064 0.062 0.061 0.059 0.057 0.054 0.048 0.046 0.051 0.056 0.062 0.070 0.079 0.084 0.080 0.078 0.079 0.080 0.081 0.081 0.071 0.081 0.085 0.074 0.053 0.038 0.028 0.022 0.018 0.015 0.012 0.011 0.009 0.000 0.000 0.000
0.008 0.008 0.007 0.006 0.005 0.005 0.004 0.003 0.003 0.002 0.001 0.003 0.006 0.010 0.017 0.034 0.067 0.115 0.129 0.131 0.134 0.137 0.139 0.140 0.140 0.140 0.139 0.138 0.135 0.132 0.128 0.123 0.118 0.113 0.109 0.105 0.101 0.097 0.094 0.092 0.090 0.089 0.087 0.086 0.085 0.083 0.081 0.076 0.068 0.069 0.074 0.080 0.084 0.077 0.070 0.065 0.061 0.059 0.058 0.058 0.057 0.054 0.056 0.056 0.051 0.038 0.000 0.013 0.013 0.012 0.010 0.008 0.008 0.000 0.000 0.000 0.000
0.000 0.000 0.000 0.000 0.000 0.000 0.000 0.000 0.000 0.000 0.001 0.002 0.003 0.006 0.011 0.026 0.064 0.114 0.155 0.158 0.162 0.166 0.168 0.169 0.169 0.169 0.168 0.166 0.164 0.160 0.155 0.148 0.143 0.139 0.135 0.130 0.126 0.123 0.121 0.119 0.117 0.116 0.115 0.114 0.113 0.112 0.109 0.104 0.098 0.087 0.091 0.080 0.070 0.062 0.055 0.049 0.043 0.040 0.037 0.035 0.033 0.031 0.030 0.029 0.026 0.022 0.016 0.011 0.008 0.007 0.006 0.004 0.004 0.012 0.000 0.000 0.000
0.000 0.000 0.000 0.000 0.000 0.000 0.000 0.000 0.000 0.000 0.000 0.001 0.002 0.003 0.008 0.021 0.065 0.115 0.170 0.187 0.191 0.195 0.199 0.199 0.199 0.198 0.197 0.196 0.193 0.189 0.183 0.172 0.169 0.166 0.162 0.156 0.152 0.150 0.147 0.146 0.145 0.145 0.144 0.143 0.143 0.141 0.139 0.135 0.123 0.099 0.096 0.087 0.076 0.066 0.057 0.049 0.043 0.037 0.032 0.028 0.024 0.020 0.017 0.015 0.012 0.009 0.007 0.005 0.003 0.003 0.002 0.001 0.000 0.000 0.000 0.000 0.000
0.000 0.000 0.000 0.000 0.000 0.000 0.000 0.000 0.000 0.000 0.000 0.000 0.001 0.002 0.005 0.021 0.069 0.000 0.172 0.216 0.221 0.225 0.230 0.000 0.000 0.000 0.000 0.000 0.000 0.000 0.000 0.194 0.195 0.194 0.189 0.181 0.178 0.177 0.174 0.173 0.173 0.173 0.173 0.173 0.172 0.164 0.150 0.135 0.117 0.094 0.092 0.095 0.099 0.089 0.079 0.070 0.062 0.055 0.049 0.043 0.037 0.032 0.027 0.023 0.019 0.015 0.012 0.009 0.007 0.005 0.004 0.003 0.002 0.001 0.000 0.000 0.000
0.000 0.000 0.000 0.000 0.000 0.000 0.000 0.000 0.000 0.000 0.000 0.000 0.000 0.006 0.000 0.000 0.071 0.000 0.000 0.233 0.000 0.000 0.000 0.000 0.000 0.000 0.000 0.000 0.000 0.000 0.000 0.000 0.000 0.000 0.000 0.203 0.205 0.204 0.201 0.201 0.202 0.202 0.194 0.182 0.170 0.157 0.143 0.128 0.110 0.087 0.087 0.088 0.091 0.096 0.098 0.089 0.080 0.072 0.065 0.058 0.051 0.045 0.039 0.034 0.029 0.024 0.020 0.016 0.013 0.010 0.008 0.006 0.004 0.003 0.002 0.001 0.000
0.000 0.000 0.000 0.000 0.000 0.000 0.000 0.000 0.000 0.000 0.000 0.000 0.000 0.000 0.000 0.000 0.000 0.000 0.000 0.000 0.000 0.000 0.000 0.000 0.000 0.000 0.000 0.000 0.000 0.000 0.000 0.000 0.000 0.000 0.000 0.000 0.000 0.000 0.226 0.221 0.211 0.199 0.186 0.174 0.162 0.149 0.136 0.121 0.103 0.082 0.081 0.082 0.083 0.087 0.092 0.098 0.097 0.089 0.081 0.073 0.066 0.059 0.052 0.046 0.040 0.034 0.029 0.024 0.020 0.016 0.013 0.010 0.008 0.006 0.004 0.003 0.003
0.000 0.000 0.000 0.000 0.000 0.000 0.000 0.000 0.000 0.000 0.000 0.000 0.000 0.000 0.000 0.000 0.000 0.000 0.000 0.000 0.000 0.000 0.000 0.000 0.000 0.000 0.000 0.000 0.000 0.000 0.000 0.000 0.000 0.000 0.000 0.000 0.000 0.000 0.000 0.000 0.000 0.000 0.175 0.166 0.155 0.140 0.127 0.113 0.094 0.076 0.075 0.074 0.075 0.078 0.082 0.087 0.094 0.100 0.097 0.089 0.081 0.073 0.066 0.059 0.052 0.045 0.039 0.034 0.029 0.024 0.020 0.017 0.014 0.011 0.009 0.007 0.006
0.000 0.000 0.000 0.000 0.000 0.000 0.000 0.000 0.000 0.000 0.000 0.000 0.000 0.000 0.000 0.000 0.000 0.000 0.000 0.000 0.000 0.000 0.000 0.000 0.000 0.000 0.000 0.000 0.000 0.000 0.000 0.000 0.000 0.000 0.000 0.000 0.000 0.000 0.000 0.000 0.000 0.000 0.000 0.000 0.000 0.129 0.119 0.105 0.082 0.067 0.066 0.065 0.066 0.069 0.072 0.077 0.083 0.089 0.096 0.103 0.096 0.087 0.079 0.072 0.064 0.057 0.051 0.045 0.039 0.034 0.030 0.026 0.023 0.020 0.016 0.014 0.011
0.000 0.000 0.000 0.000 0.000 0.000 0.000 0.000 0.000 0.000 0.000 0.000 0.000 0.000 0.000 0.000 0.000 0.000 0.000 0.000 0.000 0.000 0.000 0.000 0.000 0.000 0.000 0.000 0.000 0.000 0.000 0.000 0.000 0.000 0.000 0.000 0.000 0.000 0.000 0.000 0.000 0.000 0.000 0.000 0.000 0.000 0.000 0.000 0.064 0.057 0.054 0.055 0.057 0.060 0.062 0.066 0.072 0.078 0.084 0.091 0.097 0.101 0.093 0.084 0.076 0.069 0.062 0.057 0.052 0.047 0.043 0.040 0.036 0.033 0.029 0.025 0.021
0.000 0.000 0.000 0.000 0.000 0.000 0.000 0.000 0.000 0.000 0.000 0.000 0.000 0.000 0.000 0.000 0.000 0.000 0.000 0.000 0.000 0.000 0.000 0.000 0.000 0.000 0.000 0.000 0.000 0.000 0.000 0.000 0.000 0.000 0.000 0.000 0.000 0.000 0.000 0.000 0.000 0.000 0.000 0.000 0.000 0.000 0.000 0.000 0.000 0.000 0.036 0.044 0.048 0.051 0.051 0.056 0.062 0.068 0.073 0.078 0.084 0.090 0.096 0.096 0.088 0.081 0.075 0.070 0.066 0.063 0.060 0.057 0.054 0.050 0.046 0.041 0.036
0.000 0.000 0.000 0.000 0.000 0.000 0.000 0.000 0.000 0.000 0.000 0.000 0.000 0.000 0.000 0.000 0.000 0.000 0.000 0.000 0.000 0.000 0.000 0.000 0.000 0.000 0.000 0.000 0.000 0.000 0.000 0.000 0.000 0.000 0.000 0.000 0.000 0.000 0.000 0.000 0.000 0.000 0.000 0.000 0.000 0.000 0.000 0.000 0.000 0.000 0.000 0.000 0.000 0.000 0.036 0.046 0.053 0.059 0.060 0.065 0.070 0.076 0.080 0.087 0.094 0.094 0.090 0.086 0.084 0.083 0.081 0.079 0.075 0.071 0.066 0.060 0.053
0.000 0.000 0.000 0.000 0.000 0.000 0.000 0.000 0.000 0.000 0.000 0.000 0.000 0.000 0.000 0.000 0.000 0.000 0.000 0.000 0.000 0.000 0.000 0.000 0.000 0.000 0.000 0.000 0.000 0.000 0.000 0.000 0.000 0.000 0.000 0.000 0.000 0.000 0.000 0.000 0.000 0.000 0.000 0.000 0.000 0.000 0.000 0.000 0.000 0.000 0.000 0.000 0.000 0.000 0.000 0.000 0.000 0.000 0.044 0.050 0.055 0.060 0.060 0.069 0.079 0.091 0.104 0.105 0.105 0.106 0.104 0.102 0.098 0.093 0.086 0.078 0.070
0.000 0.000 0.000 0.000 0.000 0.000 0.000 0.000 0.000 0.000 0.000 0.000 0.000 0.000 0.000 0.000 0.000 0.000 0.000 0.000 0.000 0.000 0.000 0.000 0.000 0.000 0.000 0.000 0.000 0.000 0.000 0.000 0.000 0.000 0.000 0.000 0.000 0.000 0.000 0.000 0.000 0.000 0.000 0.000 0.000 0.000 0.000 0.000 0.000 0.000 0.000 0.000 0.000 0.000 0.000 0.000 0.000 0.000 0.000 0.032 0.040 0.041 0.000 0.051 0.065 0.078 0.094 0.111 0.129 0.131 0.130 0.127 0.123 0.116 0.106 0.096 0.086
0.000 0.000 0.000 0.000 0.000 0.000 0.000 0.000 0.000 0.000 0.000 0.000 0.000 0.000 0.000 0.000 0.000 0.000 0.000 0.000 0.000 0.000 0.000 0.000 0.000 0.000 0.000 0.000 0.000 0.000 0.000 0.000 0.000 0.000 0.000 0.000 0.000 0.000 0.000 0.000 0.000 0.000 0.000 0.000 0.000 0.000 0.000 0.000 0.000 0.000 0.000 0.000 0.000 0.000 0.000 0.000 0.000 0.000 0.000 0.019 0.026 0.029 0.025 0.040 0.053 0.067 0.084 0.104 0.126 0.146 0.156 0.154 0.149 0.140 0.122 0.112 0.100
0.000 0.000 0.000 0.000 0.000 0.000 0.000 0.000 0.000 0.000 0.000 0.000 0.000 0.000 0.000 0.000 0.000 0.000 0.000 0.000 0.000 0.000 0.000 0.000 0.000 0.000 0.000 0.000 0.000 0.000 0.000 0.000 0.000 0.000 0.000 0.000 0.000 0.000 0.000 0.000 0.000 0.000 0.000 0.000 0.000 0.000 0.000 0.000 0.000 0.000 0.000 0.000 0.000 0.000 0.000 0.000 0.000 0.000 0.000 0.009 0.015 0.018 0.020 0.030 0.042 0.058 0.077 0.099 0.123 0.146 0.000 0.000 0.000 0.000 0.131 0.128 0.110
0.000 0.000 0.000 0.000 0.000 0.000 0.000 0.000 0.000 0.000 0.000 0.000 0.000 0.000 0.000 0.000 0.000 0.000 0.000 0.000 0.000 0.000 0.000 0.000 0.000 0.000 0.000 0.000 0.000 0.000 0.000 0.000 0.000 0.000 0.000 0.000 0.000 0.000 0.000 0.000 0.000 0.000 0.000 0.000 0.000 0.000 0.000 0.000 0.000 0.000 0.000 0.000 0.000 0.000 0.000 0.000 0.000 0.000 0.000 0.002 0.006 0.010 0.014 0.021 0.033 0.049 0.070 0.095 0.120 0.000 0.000 0.000 0.000 0.000 0.000 0.000 0.111
0.000 0.000 0.000 0.000 0.000 0.000 0.000 0.000 0.000 0.000 0.000 0.000 0.000 0.000 0.000 0.000 0.000 0.000 0.000 0.000 0.000 0.000 0.000 0.000 0.000 0.000 0.000 0.000 0.000 0.000 0.000 0.000 0.000 0.000 0.000 0.000 0.000 0.000 0.000 0.000 0.000 0.000 0.000 0.000 0.000 0.000 0.000 0.000 0.000 0.000 0.000 0.000 0.000 0.000 0.000 0.000 0.000 0.000 0.000 0.000 0.001 0.003 0.007 0.014 0.025 0.042 0.065 0.092 0.000 0.000 0.000 0.000 0.000 0.000 0.000 0.000 0.000
0.000 0.000 0.000 0.000 0.000 0.000 0.000 0.000 0.000 0.000 0.000 0.000 0.000 0.000 0.000 0.000 0.000 0.000 0.000 0.000 0.000 0.000 0.000 0.000 0.000 0.000 0.000 0.000 0.000 0.000 0.000 0.000 0.000 0.000 0.000 0.000 0.000 0.000 0.000 0.000 0.000 0.000 0.000 0.000 0.000 0.000 0.000 0.000 0.000 0.000 0.000 0.000 0.000 0.000 0.000 0.000 0.000 0.000 0.000 0.000 0.000 0.000 0.002 0.007 0.017 0.035 0.060 0.088 0.000 0.000 0.000 0.000 0.000 0.000 0.000 0.000 0.000
0.000 0.000 0.000 0.000 0.000 0.000 0.000 0.000 0.000 0.000 0.000 0.000 0.000 0.000 0.000 0.000 0.000 0.000 0.000 0.000 0.000 0.000 0.000 0.000 0.000 0.000 0.000 0.000 0.000 0.000 0.000 0.000 0.000 0.000 0.000 0.000 0.000 0.000 0.000 0.000 0.000 0.000 0.000 0.000 0.000 0.000 0.000 0.000 0.000 0.000 0.000 0.000 0.000 0.000 0.000 0.000 0.000 0.000 0.000 0.000 0.000 0.000 0.000 0.001 0.008 0.026 0.054 0.000 0.000 0.000 0.000 0.000 0.000 0.000 0.000 0.000 0.000
0.000 0.000 0.000 0.000 0.000 0.000 0.000 0.000 0.000 0.000 0.000 0.000 0.000 0.000 0.000 0.000 0.000 0.000 0.000 0.000 0.000 0.000 0.000 0.000 0.000 0.000 0.000 0.000 0.000 0.000 0.000 0.000 0.000 0.000 0.000 0.000 0.000 0.000 0.000 0.000 0.000 0.000 0.000 0.000 0.000 0.000 0.000 0.000 0.000 0.000 0.000 0.000 0.000 0.000 0.000 0.000 0.000 0.000 0.000 0.000 0.000 0.000 0.000 0.001 0.006 0.029 0.065 0.000 0.000 0.000 0.000 0.000 0.000 0.000 0.000 0.000 0.000
0.000 0.000 0.000 0.000 0.000 0.000 0.000 0.000 0.000 0.000 0.000 0.000 0.000 0.000 0.000 0.000 0.000 0.000 0.000 0.000 0.000 0.000 0.000 0.000 0.000 0.000 0.000 0.000 0.000 0.000 0.000 0.000 0.000 0.000 0.000 0.000 0.000 0.000 0.000 0.000 0.000 0.000 0.000 0.000 0.000 0.000 0.000 0.000 0.000 0.000 0.000 0.000 0.000 0.000 0.000 0.000 0.000 0.000 0.000 0.000 0.000 0.000 0.000 0.001 0.006 0.029 0.000 0.000 0.000 0.000 0.000 0.000 0.000 0.000 0.000 0.000 0.000
0.000 0.000 0.000 0.000 0.000 0.000 0.000 0.000 0.000 0.000 0.000 0.000 0.000 0.000 0.000 0.000 0.000 0.000 0.000 0.000 0.000 0.000 0.000 0.000 0.000 0.000 0.000 0.000 0.000 0.000 0.000 0.000 0.000 0.000 0.000 0.000 0.000 0.000 0.000 0.000 0.000 0.000 0.000 0.000 0.000 0.000 0.000 0.000 0.000 0.000 0.000 0.000 0.000 0.000 0.000 0.000 0.000 0.000 0.000 0.000 0.000 0.000 0.000 0.001 0.005 0.029 0.000 0.000 0.000 0.000 0.000 0.000 0.000 0.000 0.000 0.000 0.000
