数据/LID_GR_100y/LID_GR_res/LID_GR_152-0001.wd
ncols         694
nrows         824
xllcorner     581104.939801
yllcorner     3495917.092414
cellsize      2.000000
NODATA_value  -9999.000000
[rows 442 to 475 of 824, columns 385 to 461 of 694]
0.000 0.000 0.000 0.022 0.017 0.013 0.008 0.004 0.002 0.000 0.000 0.000 0.002 0.002 0.001 0.001 0.001 0.001 0.001 0.001 0.001 0.002 0.003 0.008 0.014 0.022 0.030 0.039 0.048 0.056 0.059 0.059 0.059 0.059 0.000 0.000 0.000 0.000 0.000 0.000 0.000 0.000 0.000 0.000 0.000 0.000 0.000 0.000 0.000 0.000 0.000 0.000 0.000 0.000 0.000 0.000 0.007 0.009 0.011 0.013 0.015 0.016 0.018 0.022 0.026 0.032 0.039 0.045 0.052 0.059 0.000 0.000 0.000 0.000 0.000 0.000 0.000
0.000 0.000 0.000 0.000 0.000 0.024 0.019 0.014 0.010 0.005 0.003 0.002 0.002 0.002 0.002 0.002 0.002 0.001 0.001 0.001 0.001 0.002 0.004 0.008 0.016 0.024 0.033 0.041 0.050 0.058 0.059 0.059 0.058 0.059 0.000 0.000 0.000 0.000 0.000 0.000 0.000 0.000 0.000 0.000 0.000 0.000 0.000 0.000 0.000 0.000 0.000 0.000 0.000 0.000 0.000 0.000 0.007 0.010 0.014 0.016 0.019 0.022 0.026 0.032 0.038 0.044 0.051 0.058 0.064 0.071 0.078 0.080 0.000 0.000 0.000 0.000 0.000
0.000 0.000 0.000 0.000 0.000 0.000 0.000 0.026 0.021 0.016 0.012 0.007 0.004 0.003 0.003 0.002 0.002 0.002 0.002 0.002 0.002 0.002 0.003 0.009 0.016 0.025 0.034 0.044 0.053 0.059 0.058 0.058 0.057 0.000 0.000 0.000 0.000 0.000 0.000 0.000 0.000 0.000 0.000 0.000 0.000 0.000 0.000 0.000 0.000 0.000 0.000 0.000 0.000 0.000 0.000 0.005 0.012 0.018 0.022 0.025 0.027 0.032 0.038 0.044 0.050 0.056 0.063 0.070 0.077 0.084 0.091 0.087 0.083 0.078 0.073 0.000 0.000
0.000 0.000 0.000 0.000 0.000 0.000 0.000 0.000 0.029 0.027 0.023 0.018 0.013 0.009 0.005 0.004 0.003 0.003 0.003 0.003 0.003 0.003 0.003 0.009 0.017 0.026 0.035 0.046 0.060 0.059 0.057 0.056 0.056 0.000 0.000 0.000 0.000 0.000 0.000 0.000 0.000 0.000 0.000 0.000 0.000 0.000 0.000 0.000 0.000 0.000 0.000 0.000 0.000 0.000 0.000 0.000 0.000 0.031 0.000 0.000 0.038 0.044 0.050 0.056 0.062 0.069 0.076 0.083 0.090 0.097 0.099 0.095 0.090 0.085 0.081 0.076 0.071
0.000 0.000 0.000 0.000 0.000 0.000 0.000 0.000 0.000 0.000 0.029 0.027 0.024 0.020 0.015 0.010 0.006 0.004 0.004 0.004 0.004 0.004 0.005 0.006 0.016 0.025 0.034 0.044 0.053 0.056 0.054 0.053 0.052 0.000 0.000 0.000 0.000 0.000 0.000 0.000 0.000 0.000 0.000 0.000 0.000 0.000 0.000 0.000 0.000 0.000 0.000 0.000 0.000 0.000 0.000 0.000 0.000 0.000 0.000 0.000 0.000 0.000 0.000 0.000 0.075 0.082 0.089 0.096 0.103 0.110 0.107 0.102 0.097 0.093 0.088 0.083 0.078
0.000 0.000 0.000 0.000 0.000 0.000 0.000 0.000 0.000 0.000 0.000 0.031 0.029 0.027 0.025 0.021 0.016 0.011 0.007 0.006 0.006 0.006 0.007 0.008 0.013 0.023 0.032 0.041 0.049 0.051 0.050 0.048 0.044 0.036 0.030 0.026 0.000 0.000 0.000 0.000 0.000 0.000 0.000 0.000 0.000 0.000 0.000 0.000 0.000 0.000 0.000 0.000 0.000 0.000 0.000 0.000 0.000 0.000 0.000 0.000 0.000 0.000 0.000 0.000 0.000 0.000 0.000 0.000 0.115 0.118 0.114 0.109 0.105 0.100 0.095 0.090 0.085
0.000 0.000 0.000 0.000 0.000 0.000 0.000 0.000 0.000 0.000 0.000 0.000 0.000 0.031 0.029 0.026 0.023 0.021 0.016 0.011 0.009 0.008 0.009 0.010 0.011 0.019 0.029 0.037 0.046 0.046 0.044 0.042 0.038 0.032 0.026 0.021 0.016 0.012 0.010 0.010 0.000 0.000 0.000 0.000 0.000 0.000 0.000 0.000 0.000 0.000 0.000 0.000 0.000 0.000 0.000 0.000 0.000 0.000 0.000 0.000 0.000 0.000 0.000 0.000 0.000 0.000 0.000 0.000 0.000 0.000 0.000 0.117 0.112 0.107 0.102 0.098 0.093
0.000 0.000 0.000 0.000 0.000 0.000 0.000 0.000 0.000 0.000 0.000 0.000 0.000 0.000 0.000 0.030 0.027 0.024 0.021 0.019 0.015 0.012 0.011 0.012 0.013 0.014 0.024 0.033 0.041 0.041 0.039 0.036 0.032 0.026 0.024 0.021 0.018 0.015 0.013 0.012 0.009 0.007 0.007 0.000 0.000 0.000 0.000 0.000 0.000 0.000 0.000 0.000 0.000 0.000 0.000 0.000 0.000 0.000 0.000 0.000 0.000 0.000 0.000 0.000 0.000 0.000 0.000 0.000 0.000 0.000 0.000 0.000 0.000 0.000 0.000 0.105 0.100
0.000 0.000 0.000 0.000 0.000 0.000 0.000 0.000 0.000 0.000 0.000 0.000 0.000 0.000 0.000 0.000 0.031 0.028 0.024 0.021 0.018 0.016 0.016 0.014 0.014 0.015 0.018 0.029 0.035 0.034 0.032 0.028 0.027 0.025 0.024 0.022 0.019 0.017 0.015 0.014 0.011 0.010 0.008 0.006 0.005 0.004 0.004 0.000 0.000 0.000 0.000 0.000 0.000 0.000 0.000 0.000 0.000 0.000 0.000 0.000 0.000 0.000 0.000 0.000 0.000 0.000 0.000 0.000 0.000 0.000 0.000 0.000 0.000 0.000 0.000 0.000 0.000
0.000 0.000 0.000 0.000 0.000 0.000 0.000 0.000 0.000 0.000 0.000 0.000 0.000 0.000 0.000 0.000 0.000 0.000 0.023 0.021 0.019 0.017 0.015 0.014 0.016 0.016 0.017 0.022 0.028 0.026 0.026 0.026 0.025 0.025 0.024 0.022 0.021 0.019 0.017 0.016 0.014 0.012 0.010 0.009 0.007 0.006 0.005 0.004 0.003 0.002 0.002 0.002 0.001 0.000 0.000 0.000 0.000 0.000 0.000 0.000 0.000 0.000 0.000 0.000 0.000 0.000 0.000 0.000 0.000 0.000 0.000 0.000 0.000 0.000 0.000 0.000 0.000
0.000 0.000 0.000 0.000 0.000 0.000 0.000 0.000 0.000 0.000 0.000 0.000 0.000 0.000 0.000 0.000 0.000 0.000 0.023 0.021 0.019 0.017 0.014 0.000 0.013 0.015 0.016 0.017 0.020 0.023 0.024 0.024 0.025 0.024 0.024 0.023 0.022 0.021 0.019 0.018 0.016 0.014 0.013 0.011 0.009 0.007 0.006 0.005 0.004 0.003 0.003 0.003 0.002 0.002 0.001 0.000 0.000 0.000 0.000 0.000 0.000 0.000 0.000 0.000 0.000 0.000 0.000 0.000 0.000 0.000 0.000 0.000 0.000 0.000 0.000 0.000 0.000
0.000 0.000 0.000 0.000 0.000 0.000 0.000 0.000 0.000 0.000 0.000 0.000 0.000 0.000 0.000 0.000 0.000 0.000 0.023 0.021 0.019 0.017 0.015 0.012 0.013 0.014 0.014 0.013 0.017 0.020 0.022 0.024 0.025 0.025 0.025 0.025 0.024 0.023 0.021 0.020 0.018 0.017 0.015 0.013 0.011 0.000 0.006 0.006 0.005 0.005 0.004 0.004 0.003 0.003 0.002 0.002 0.001 0.000 0.000 0.000 0.000 0.000 0.000 0.000 0.000 0.000 0.000 0.000 0.000 0.000 0.000 0.000 0.000 0.000 0.000 0.000 0.000
0.000 0.000 0.000 0.000 0.000 0.000 0.000 0.000 0.000 0.000 0.000 0.000 0.000 0.000 0.000 0.000 0.000 0.000 0.023 0.021 0.019 0.018 0.016 0.014 0.014 0.013 0.012 0.011 0.013 0.017 0.019 0.022 0.024 0.025 0.026 0.026 0.026 0.025 0.024 0.023 0.021 0.019 0.018 0.016 0.014 0.011 0.010 0.009 0.008 0.007 0.006 0.005 0.004 0.004 0.003 0.003 0.002 0.002 0.002 0.001 0.000 0.000 0.000 0.000 0.000 0.000 0.000 0.000 0.000 0.000 0.000 0.000 0.000 0.000 0.000 0.000 0.000
0.000 0.000 0.000 0.000 0.000 0.000 0.000 0.000 0.000 0.000 0.000 0.000 0.000 0.000 0.000 0.000 0.000 0.019 0.021 0.020 0.019 0.018 0.016 0.015 0.014 0.013 0.010 0.010 0.012 0.015 0.018 0.020 0.022 0.024 0.025 0.025 0.026 0.025 0.025 0.025 0.024 0.023 0.022 0.020 0.018 0.016 0.014 0.013 0.011 0.010 0.009 0.008 0.007 0.006 0.005 0.004 0.004 0.004 0.003 0.003 0.002 0.002 0.001 0.000 0.000 0.003 0.000 0.000 0.000 0.000 0.000 0.000 0.000 0.000 0.000 0.000 0.000
0.000 0.000 0.000 0.000 0.000 0.000 0.000 0.000 0.000 0.000 0.000 0.000 0.000 0.000 0.000 0.000 0.000 0.021 0.021 0.020 0.019 0.018 0.017 0.015 0.014 0.012 0.009 0.009 0.011 0.014 0.017 0.019 0.021 0.023 0.024 0.025 0.025 0.025 0.025 0.025 0.025 0.024 0.023 0.023 0.022 0.021 0.019 0.018 0.016 0.014 0.013 0.011 0.010 0.009 0.008 0.007 0.007 0.006 0.005 0.005 0.004 0.004 0.004 0.005 0.008 0.007 0.002 0.000 0.000 0.000 0.000 0.000 0.000 0.000 0.000 0.000 0.000
0.000 0.000 0.000 0.000 0.000 0.000 0.000 0.000 0.000 0.000 0.000 0.000 0.000 0.000 0.000 0.000 0.000 0.022 0.021 0.020 0.019 0.018 0.017 0.015 0.014 0.011 0.008 0.009 0.011 0.014 0.016 0.018 0.020 0.022 0.023 0.024 0.025 0.025 0.025 0.025 0.025 0.025 0.025 0.024 0.024 0.023 0.022 0.021 0.020 0.019 0.018 0.017 0.015 0.014 0.013 0.012 0.011 0.010 0.010 0.010 0.010 0.011 0.012 0.015 0.019 0.013 0.006 0.002 0.000 0.000 0.000 0.000 0.000 0.000 0.000 0.000 0.000
0.000 0.000 0.000 0.000 0.000 0.000 0.000 0.000 0.000 0.000 0.000 0.000 0.000 0.000 0.000 0.000 0.000 0.022 0.021 0.020 0.019 0.018 0.017 0.015 0.013 0.010 0.008 0.009 0.011 0.013 0.015 0.017 0.019 0.021 0.022 0.023 0.024 0.025 0.026 0.027 0.027 0.027 0.027 0.026 0.026 0.025 0.024 0.023 0.023 0.022 0.021 0.020 0.020 0.019 0.019 0.019 0.018 0.018 0.019 0.020 0.021 0.023 0.025 0.028 0.026 0.020 0.008 0.002 0.000 0.000 0.000 0.000 0.000 0.000 0.000 0.000 0.000
0.000 0.000 0.000 0.000 0.000 0.000 0.000 0.000 0.000 0.000 0.000 0.000 0.000 0.000 0.000 0.000 0.021 0.022 0.021 0.020 0.019 0.018 0.016 0.015 0.012 0.009 0.008 0.009 0.011 0.013 0.015 0.017 0.018 0.020 0.022 0.023 0.025 0.026 0.028 0.029 0.029 0.029 0.029 0.029 0.028 0.028 0.027 0.026 0.026 0.025 0.024 0.024 0.023 0.023 0.023 0.024 0.025 0.026 0.029 0.031 0.034 0.036 0.038 0.041 0.031 0.020 0.008 0.005 0.004 0.003 0.002 0.000 0.000 0.000 0.000 0.000 0.000
0.000 0.000 0.000 0.000 0.000 0.000 0.000 0.000 0.000 0.000 0.000 0.000 0.000 0.000 0.000 0.000 0.024 0.023 0.022 0.021 0.020 0.018 0.016 0.014 0.012 0.008 0.008 0.009 0.011 0.012 0.014 0.016 0.018 0.020 0.022 0.024 0.027 0.030 0.031 0.032 0.032 0.032 0.032 0.032 0.031 0.031 0.030 0.030 0.029 0.028 0.028 0.027 0.027 0.028 0.028 0.029 0.031 0.034 0.036 0.039 0.043 0.046 0.048 0.047 0.052 0.046 0.037 0.029 0.022 0.017 0.012 0.008 0.006 0.004 0.002 0.000 0.000
0.000 0.000 0.000 0.000 0.000 0.000 0.000 0.000 0.000 0.000 0.000 0.000 0.000 0.000 0.000 0.000 0.027 0.025 0.024 0.022 0.021 0.019 0.017 0.014 0.011 0.008 0.009 0.010 0.011 0.012 0.014 0.015 0.018 0.020 0.023 0.027 0.032 0.035 0.036 0.036 0.036 0.036 0.036 0.035 0.035 0.034 0.034 0.033 0.033 0.032 0.032 0.032 0.032 0.033 0.034 0.036 0.038 0.041 0.045 0.048 0.051 0.049 0.046 0.042 0.046 0.050 0.052 0.055 0.056 0.048 0.039 0.031 0.024 0.018 0.013 0.009 0.006
0.127 0.124 0.121 0.000 0.000 0.000 0.000 0.000 0.000 0.000 0.000 0.000 0.000 0.000 0.000 0.031 0.030 0.028 0.026 0.024 0.022 0.020 0.017 0.014 0.011 0.009 0.009 0.010 0.011 0.012 0.013 0.015 0.018 0.022 0.027 0.033 0.039 0.044 0.043 0.040 0.040 0.041 0.041 0.039 0.039 0.038 0.037 0.037 0.037 0.036 0.036 0.037 0.037 0.039 0.041 0.043 0.046 0.050 0.053 0.053 0.050 0.047 0.043 0.038 0.040 0.043 0.046 0.048 0.051 0.054 0.057 0.059 0.057 0.048 0.039 0.030 0.023
0.131 0.128 0.125 0.120 0.116 0.113 0.000 0.000 0.000 0.000 0.000 0.000 0.000 0.000 0.000 0.036 0.034 0.032 0.029 0.027 0.024 0.021 0.018 0.015 0.010 0.010 0.010 0.010 0.011 0.012 0.014 0.017 0.021 0.027 0.033 0.040 0.047 0.054 0.000 0.041 0.045 0.046 0.046 0.043 0.042 0.042 0.041 0.041 0.041 0.041 0.041 0.042 0.043 0.045 0.048 0.051 0.054 0.056 0.053 0.051 0.048 0.045 0.041 0.035 0.036 0.038 0.039 0.042 0.044 0.047 0.049 0.052 0.055 0.058 0.060 0.062 0.056
0.136 0.132 0.129 0.123 0.120 0.116 0.110 0.106 0.102 0.099 0.000 0.000 0.000 0.000 0.000 0.041 0.039 0.036 0.033 0.029 0.026 0.023 0.019 0.015 0.010 0.010 0.010 0.010 0.011 0.012 0.015 0.019 0.026 0.033 0.041 0.048 0.056 0.000 0.000 0.000 0.000 0.000 0.000 0.044 0.047 0.048 0.045 0.045 0.046 0.047 0.046 0.047 0.049 0.052 0.055 0.057 0.055 0.053 0.050 0.048 0.045 0.042 0.038 0.033 0.032 0.033 0.034 0.036 0.038 0.040 0.042 0.045 0.047 0.050 0.052 0.055 0.057
0.000 0.000 0.000 0.127 0.124 0.120 0.114 0.110 0.107 0.103 0.096 0.091 0.087 0.000 0.000 0.047 0.043 0.039 0.035 0.031 0.027 0.024 0.020 0.015 0.012 0.011 0.011 0.011 0.012 0.014 0.018 0.024 0.032 0.040 0.049 0.000 0.000 0.000 0.000 0.000 0.000 0.000 0.000 0.000 0.000 0.000 0.047 0.051 0.053 0.053 0.051 0.053 0.056 0.059 0.057 0.054 0.052 0.049 0.047 0.045 0.042 0.039 0.036 0.031 0.029 0.029 0.029 0.030 0.032 0.034 0.036 0.038 0.040 0.042 0.044 0.047 0.049
0.000 0.000 0.000 0.000 0.000 0.000 0.118 0.115 0.111 0.106 0.099 0.094 0.089 0.079 0.068 0.056 0.048 0.042 0.037 0.032 0.028 0.024 0.020 0.014 0.012 0.012 0.011 0.011 0.013 0.016 0.022 0.031 0.039 0.048 0.000 0.000 0.000 0.000 0.000 0.000 0.000 0.000 0.000 0.000 0.000 0.000 0.000 0.000 0.000 0.000 0.054 0.059 0.059 0.056 0.052 0.050 0.048 0.046 0.044 0.042 0.039 0.036 0.033 0.028 0.025 0.025 0.025 0.026 0.027 0.028 0.029 0.031 0.033 0.035 0.037 0.039 0.042
0.000 0.000 0.000 0.000 0.000 0.000 0.000 0.000 0.000 0.000 0.102 0.098 0.092 0.083 0.070 0.058 0.050 0.043 0.037 0.032 0.028 0.024 0.019 0.014 0.013 0.012 0.011 0.012 0.014 0.020 0.027 0.036 0.046 0.000 0.000 0.000 0.000 0.000 0.000 0.000 0.000 0.000 0.000 0.000 0.000 0.000 0.000 0.000 0.000 0.000 0.000 0.000 0.000 0.000 0.046 0.046 0.044 0.041 0.040 0.038 0.036 0.033 0.030 0.025 0.022 0.022 0.021 0.022 0.022 0.023 0.024 0.025 0.026 0.028 0.030 0.032 0.034
0.000 0.000 0.000 0.000 0.000 0.000 0.000 0.000 0.000 0.000 0.000 0.000 0.000 0.000 0.067 0.057 0.048 0.041 0.032 0.029 0.026 0.022 0.018 0.014 0.013 0.012 0.012 0.013 0.017 0.024 0.032 0.040 0.000 0.000 0.000 0.000 0.000 0.000 0.000 0.000 0.000 0.000 0.000 0.000 0.000 0.000 0.000 0.000 0.000 0.000 0.000 0.000 0.000 0.000 0.000 0.000 0.000 0.035 0.035 0.034 0.032 0.028 0.026 0.022 0.018 0.018 0.017 0.017 0.017 0.018 0.018 0.019 0.020 0.021 0.023 0.025 0.027
0.000 0.000 0.000 0.000 0.000 0.000 0.000 0.000 0.000 0.000 0.000 0.000 0.000 0.000 0.000 0.048 0.043 0.034 0.000 0.022 0.023 0.021 0.016 0.014 0.013 0.012 0.012 0.015 0.021 0.029 0.037 0.045 0.000 0.000 0.000 0.000 0.000 0.000 0.000 0.000 0.000 0.000 0.000 0.000 0.000 0.000 0.000 0.000 0.000 0.000 0.000 0.000 0.000 0.000 0.000 0.000 0.000 0.000 0.000 0.000 0.000 0.022 0.021 0.018 0.014 0.013 0.013 0.013 0.013 0.013 0.013 0.013 0.014 0.015 0.016 0.018 0.019
0.000 0.000 0.000 0.000 0.000 0.000 0.000 0.000 0.000 0.000 0.000 0.000 0.000 0.000 0.037 0.040 0.038 0.032 0.024 0.023 0.022 0.019 0.015 0.014 0.013 0.013 0.014 0.019 0.026 0.034 0.043 0.052 0.000 0.000 0.000 0.000 0.000 0.000 0.000 0.000 0.000 0.000 0.000 0.000 0.000 0.000 0.000 0.000 0.000 0.000 0.000 0.000 0.000 0.000 0.000 0.000 0.000 0.000 0.000 0.000 0.000 0.000 0.000 0.000 0.004 0.006 0.006 0.007 0.007 0.007 0.007 0.008 0.008 0.009 0.010 0.011 0.012
0.000 0.000 0.000 0.000 0.000 0.000 0.000 0.000 0.000 0.000 0.000 0.000 0.000 0.000 0.038 0.037 0.035 0.031 0.027 0.024 0.022 0.018 0.014 0.014 0.014 0.014 0.017 0.024 0.031 0.040 0.049 0.059 0.000 0.000 0.000 0.000 0.000 0.000 0.000 0.000 0.000 0.000 0.000 0.000 0.000 0.000 0.000 0.000 0.000 0.000 0.000 0.000 0.000 0.000 0.000 0.000 0.000 0.000 0.000 0.000 0.000 0.000 0.000 0.000 0.000 0.000 0.000 0.000 0.001 0.002 0.002 0.003 0.003 0.003 0.004 0.005 0.006
0.000 0.000 0.000 0.000 0.000 0.000 0.000 0.000 0.000 0.000 0.000 0.000 0.000 0.000 0.037 0.036 0.034 0.031 0.028 0.025 0.022 0.017 0.015 0.014 0.015 0.017 0.022 0.029 0.037 0.046 0.054 0.000 0.000 0.000 0.000 0.000 0.000 0.000 0.000 0.000 0.000 0.000 0.000 0.000 0.000 0.000 0.000 0.000 0.000 0.000 0.000 0.000 0.000 0.000 0.000 0.000 0.000 0.000 0.000 0.000 0.000 0.000 0.000 0.000 0.000 0.000 0.000 0.000 0.000 0.000 0.000 0.000 0.000 0.000 0.000 0.000 0.001
0.000 0.000 0.000 0.000 0.000 0.000 0.000 0.000 0.000 0.000 0.000 0.000 0.000 0.000 0.036 0.035 0.033 0.030 0.027 0.024 0.021 0.016 0.015 0.015 0.016 0.020 0.027 0.035 0.043 0.052 0.061 0.000 0.000 0.000 0.000 0.000 0.000 0.000 0.000 0.000 0.000 0.000 0.000 0.000 0.000 0.000 0.000 0.000 0.000 0.000 0.000 0.000 0.000 0.000 0.000 0.000 0.000 0.000 0.000 0.000 0.000 0.000 0.000 0.000 0.000 0.000 0.000 0.000 0.000 0.000 0.000 0.000 0.000 0.000 0.000 0.000 0.000
0.000 0.000 0.000 0.000 0.000 0.000 0.000 0.000 0.000 0.000 0.000 0.000 0.000 0.030 0.033 0.033 0.031 0.029 0.027 0.024 0.020 0.015 0.015 0.016 0.019 0.025 0.032 0.041 0.049 0.058 0.068 0.000 0.000 0.000 0.000 0.000 0.000 0.000 0.000 0.000 0.000 0.000 0.000 0.000 0.000 0.000 0.000 0.000 0.000 0.000 0.000 0.000 0.000 0.000 0.000 0.000 0.000 0.000 0.000 0.000 0.000 0.000 0.000 0.000 0.000 0.000 0.000 0.000 0.000 0.000 0.000 0.000 0.000 0.000 0.000 0.000 0.000
0.000 0.000 0.000 0.000 0.000 0.000 0.000 0.000 0.000 0.000 0.000 0.000 0.000 0.032 0.031 0.031 0.030 0.028 0.026 0.022 0.018 0.015 0.015 0.018 0.023 0.030 0.038 0.047 0.055 0.064 0.000 0.000 0.000 0.000 0.000 0.000 0.000 0.000 0.000 0.000 0.000 0.000 0.000 0.000 0.000 0.000 0.000 0.000 0.000 0.000 0.000 0.000 0.000 0.000 0.000 0.000 0.000 0.000 0.000 0.000 0.000 0.000 0.000 0.000 0.000 0.000 0.000 0.000 0.000 0.000 0.000 0.000 0.000 0.000 0.000 0.000 0.000
