数据/LID_GR_100y/LID_GR_res/LID_GR_232-0001.wd
ncols         694
nrows         824
xllcorner     581104.939801
yllcorner     3495917.092414
cellsize      2.000000
NODATA_value  -9999.000000
[rows 714 to 747 of 824, columns 154 to 230 of 694]
0.000 0.000 0.000 0.000 0.000 0.000 0.000 0.002 0.003 0.004 0.004 0.004 0.005 0.005 0.005 0.005 0.004 0.004 0.004 0.003 0.000 0.000 0.021 0.016 0.011 0.008 0.005 0.002 0.001 0.001 0.001 0.001 0.000 0.000 0.000 0.000 0.000 0.000 0.000 0.000 0.000 0.000 0.000 0.001 0.001 0.001 0.001 0.001 0.001 0.000 0.000 0.000 0.000 0.000 0.000 0.000 0.000 0.000 0.034 0.044 0.055 0.055 0.035 0.019 0.026 0.001 0.001 0.000 0.000 0.000 0.000 0.000 0.000 0.000 0.000 0.000 0.000
0.000 0.000 0.000 0.000 0.000 0.000 0.002 0.003 0.004 0.004 0.005 0.005 0.005 0.005 0.005 0.005 0.005 0.005 0.004 0.004 0.003 0.003 0.001 0.026 0.023 0.016 0.010 0.006 0.002 0.001 0.001 0.001 0.001 0.001 0.000 0.000 0.000 0.000 0.000 0.000 0.000 0.000 0.001 0.001 0.001 0.001 0.001 0.001 0.002 0.000 0.000 0.000 0.000 0.000 0.000 0.000 0.000 0.000 0.097 0.092 0.069 0.046 0.025 0.018 0.027 0.002 0.001 0.000 0.000 0.000 0.000 0.000 0.000 0.000 0.000 0.000 0.000
0.000 0.000 0.000 0.000 0.000 0.001 0.003 0.004 0.004 0.005 0.005 0.005 0.005 0.005 0.005 0.005 0.005 0.005 0.005 0.005 0.004 0.004 0.003 0.001 0.000 0.023 0.016 0.011 0.006 0.003 0.001 0.001 0.001 0.001 0.001 0.000 0.000 0.000 0.000 0.000 0.000 0.001 0.001 0.001 0.005 0.024 0.034 0.045 0.055 0.000 0.000 0.000 0.000 0.000 0.000 0.000 0.000 0.130 0.107 0.084 0.060 0.037 0.015 0.019 0.028 0.023 0.001 0.001 0.000 0.000 0.000 0.000 0.000 0.000 0.000 0.000 0.000
0.000 0.000 0.000 0.000 0.000 0.002 0.004 0.004 0.005 0.005 0.005 0.005 0.005 0.005 0.005 0.005 0.005 0.005 0.005 0.005 0.005 0.004 0.004 0.003 0.002 0.000 0.024 0.018 0.014 0.009 0.005 0.002 0.001 0.001 0.001 0.001 0.001 0.000 0.000 0.000 0.001 0.001 0.001 0.001 0.046 0.085 0.096 0.107 0.000 0.000 0.000 0.000 0.000 0.000 0.000 0.000 0.000 0.122 0.098 0.074 0.051 0.028 0.012 0.021 0.030 0.039 0.002 0.001 0.000 0.000 0.000 0.000 0.000 0.000 0.000 0.000 0.000
0.000 0.000 0.000 0.000 0.001 0.003 0.004 0.004 0.005 0.005 0.005 0.005 0.005 0.005 0.006 0.006 0.006 0.006 0.005 0.005 0.005 0.005 0.005 0.004 0.003 0.000 0.001 0.030 0.026 0.018 0.011 0.006 0.003 0.001 0.001 0.001 0.001 0.001 0.000 0.001 0.001 0.001 0.001 0.033 0.088 0.145 0.158 0.169 0.000 0.000 0.000 0.000 0.000 0.000 0.000 0.000 0.000 0.112 0.089 0.065 0.042 0.019 0.015 0.024 0.033 0.042 0.026 0.001 0.000 0.000 0.000 0.000 0.000 0.000 0.000 0.000 0.000
0.000 0.000 0.000 0.000 0.001 0.003 0.004 0.005 0.005 0.005 0.005 0.005 0.006 0.006 0.006 0.006 0.006 0.006 0.006 0.006 0.005 0.005 0.005 0.005 0.004 0.004 0.003 0.000 0.000 0.025 0.018 0.012 0.007 0.003 0.002 0.001 0.001 0.001 0.001 0.001 0.001 0.001 0.018 0.075 0.130 0.186 0.222 0.233 0.000 0.000 0.000 0.000 0.000 0.000 0.000 0.000 0.000 0.103 0.080 0.056 0.033 0.010 0.017 0.026 0.036 0.045 0.054 0.001 0.000 0.000 0.000 0.000 0.000 0.000 0.000 0.000 0.000
0.000 0.000 0.000 0.000 0.001 0.003 0.004 0.005 0.005 0.005 0.005 0.006 0.006 0.006 0.006 0.006 0.006 0.006 0.006 0.006 0.006 0.006 0.005 0.005 0.005 0.004 0.004 0.003 0.003 0.001 0.026 0.020 0.015 0.010 0.006 0.003 0.002 0.002 0.003 0.000 0.000 0.006 0.061 0.116 0.172 0.228 0.284 0.295 0.307 0.284 0.000 0.000 0.000 0.000 0.000 0.000 0.117 0.093 0.070 0.047 0.024 0.011 0.020 0.030 0.039 0.048 0.057 0.029 0.000 0.000 0.000 0.000 0.000 0.000 0.000 0.000 0.000
0.000 0.000 0.000 0.000 0.001 0.003 0.004 0.005 0.005 0.005 0.005 0.006 0.006 0.006 0.006 0.006 0.006 0.006 0.006 0.006 0.006 0.006 0.006 0.005 0.005 0.005 0.005 0.004 0.004 0.003 0.001 0.032 0.028 0.020 0.013 0.008 0.005 0.005 0.000 0.000 0.000 0.000 0.103 0.158 0.215 0.269 0.325 0.321 0.298 0.274 0.250 0.226 0.000 0.000 0.000 0.000 0.109 0.085 0.061 0.038 0.014 0.014 0.023 0.033 0.042 0.051 0.061 0.000 0.000 0.000 0.000 0.000 0.000 0.000 0.000 0.000 0.000
0.000 0.000 0.000 0.000 0.001 0.003 0.004 0.005 0.005 0.005 0.006 0.006 0.006 0.006 0.006 0.006 0.006 0.006 0.006 0.006 0.006 0.006 0.006 0.006 0.006 0.005 0.005 0.005 0.004 0.004 0.003 0.000 0.000 0.028 0.022 0.017 0.016 0.000 0.000 0.000 0.000 0.000 0.000 0.200 0.257 0.279 0.301 0.000 0.000 0.265 0.241 0.217 0.193 0.171 0.000 0.000 0.099 0.075 0.051 0.029 0.008 0.017 0.026 0.036 0.045 0.055 0.064 0.000 0.000 0.000 0.000 0.000 0.000 0.000 0.000 0.000 0.000
0.000 0.000 0.000 0.000 0.001 0.003 0.004 0.005 0.005 0.005 0.006 0.006 0.006 0.006 0.006 0.006 0.006 0.006 0.006 0.006 0.006 0.006 0.006 0.006 0.006 0.006 0.005 0.005 0.005 0.004 0.004 0.003 0.003 0.001 0.034 0.029 0.000 0.000 0.000 0.000 0.000 0.000 0.000 0.214 0.235 0.256 0.278 0.000 0.000 0.000 0.000 0.208 0.185 0.162 0.138 0.115 0.090 0.066 0.040 0.018 0.011 0.020 0.030 0.039 0.049 0.058 0.068 0.000 0.000 0.000 0.000 0.000 0.000 0.000 0.000 0.000 0.000
0.000 0.000 0.000 0.000 0.001 0.003 0.004 0.005 0.005 0.005 0.006 0.006 0.006 0.006 0.006 0.006 0.006 0.006 0.006 0.006 0.006 0.006 0.006 0.006 0.006 0.006 0.006 0.005 0.005 0.005 0.004 0.004 0.004 0.003 0.001 0.041 0.035 0.000 0.000 0.000 0.000 0.000 0.000 0.190 0.212 0.232 0.254 0.268 0.000 0.000 0.000 0.000 0.000 0.152 0.129 0.105 0.082 0.056 0.000 0.008 0.014 0.023 0.033 0.042 0.052 0.061 0.000 0.000 0.000 0.000 0.000 0.000 0.000 0.000 0.000 0.000 0.000
0.000 0.000 0.000 0.000 0.001 0.003 0.004 0.005 0.005 0.005 0.006 0.006 0.006 0.006 0.006 0.006 0.006 0.006 0.006 0.006 0.006 0.006 0.006 0.006 0.006 0.006 0.006 0.006 0.005 0.005 0.005 0.005 0.004 0.004 0.003 0.000 0.050 0.050 0.000 0.000 0.000 0.000 0.000 0.000 0.188 0.000 0.000 0.248 0.236 0.000 0.000 0.000 0.000 0.000 0.000 0.096 0.072 0.048 0.018 0.007 0.017 0.026 0.036 0.045 0.055 0.064 0.000 0.000 0.000 0.000 0.000 0.000 0.000 0.000 0.000 0.000 0.000
0.000 0.000 0.000 0.000 0.001 0.003 0.004 0.005 0.005 0.005 0.006 0.006 0.006 0.006 0.006 0.006 0.006 0.006 0.006 0.006 0.006 0.006 0.006 0.006 0.006 0.006 0.006 0.006 0.005 0.005 0.005 0.005 0.005 0.004 0.004 0.003 0.001 0.070 0.091 0.000 0.000 0.000 0.000 0.000 0.000 0.000 0.000 0.000 0.216 0.000 0.000 0.000 0.000 0.000 0.111 0.087 0.064 0.039 0.014 0.011 0.020 0.030 0.039 0.049 0.058 0.068 0.000 0.000 0.000 0.000 0.000 0.000 0.000 0.000 0.000 0.000 0.000
0.000 0.000 0.000 0.000 0.001 0.003 0.004 0.004 0.005 0.005 0.006 0.006 0.006 0.006 0.006 0.006 0.006 0.006 0.006 0.006 0.006 0.006 0.006 0.006 0.006 0.006 0.006 0.006 0.006 0.005 0.005 0.005 0.005 0.004 0.004 0.004 0.003 0.001 0.066 0.086 0.000 0.000 0.000 0.000 0.000 0.000 0.000 0.000 0.196 0.000 0.000 0.000 0.000 0.000 0.102 0.078 0.055 0.031 0.007 0.014 0.024 0.033 0.042 0.051 0.061 0.000 0.000 0.000 0.000 0.000 0.000 0.000 0.000 0.000 0.000 0.000 0.000
0.000 0.000 0.000 0.000 0.000 0.002 0.004 0.004 0.005 0.005 0.005 0.006 0.006 0.006 0.006 0.006 0.006 0.006 0.006 0.006 0.006 0.006 0.006 0.006 0.006 0.006 0.006 0.006 0.006 0.005 0.005 0.005 0.005 0.005 0.004 0.004 0.003 0.002 0.000 0.062 0.081 0.000 0.000 0.000 0.000 0.000 0.000 0.183 0.177 0.000 0.000 0.000 0.000 0.115 0.094 0.070 0.047 0.022 0.010 0.018 0.027 0.036 0.045 0.055 0.063 0.072 0.081 0.000 0.000 0.000 0.000 0.000 0.000 0.000 0.000 0.000 0.000
0.000 0.000 0.000 0.000 0.000 0.001 0.003 0.004 0.004 0.005 0.005 0.006 0.006 0.006 0.006 0.006 0.006 0.006 0.006 0.006 0.006 0.006 0.006 0.006 0.006 0.006 0.006 0.006 0.006 0.005 0.005 0.005 0.005 0.005 0.004 0.004 0.003 0.002 0.000 0.000 0.056 0.075 0.000 0.000 0.000 0.000 0.000 0.000 0.000 0.000 0.000 0.000 0.000 0.095 0.082 0.061 0.038 0.014 0.013 0.022 0.031 0.040 0.049 0.058 0.067 0.075 0.084 0.092 0.101 0.000 0.000 0.000 0.000 0.000 0.000 0.000 0.000
0.000 0.000 0.000 0.000 0.000 0.000 0.002 0.003 0.004 0.005 0.005 0.005 0.006 0.006 0.006 0.006 0.006 0.006 0.006 0.006 0.006 0.006 0.006 0.006 0.006 0.006 0.006 0.006 0.006 0.005 0.005 0.005 0.005 0.005 0.004 0.004 0.003 0.002 0.000 0.000 0.000 0.049 0.066 0.087 0.000 0.000 0.000 0.000 0.000 0.000 0.000 0.000 0.088 0.075 0.063 0.050 0.029 0.009 0.016 0.025 0.034 0.043 0.052 0.061 0.070 0.079 0.087 0.096 0.104 0.113 0.122 0.000 0.000 0.000 0.000 0.000 0.000
0.000 0.000 0.000 0.000 0.000 0.000 0.000 0.002 0.003 0.004 0.005 0.005 0.005 0.006 0.006 0.006 0.006 0.006 0.006 0.006 0.006 0.006 0.006 0.006 0.006 0.006 0.006 0.006 0.005 0.005 0.005 0.005 0.005 0.004 0.004 0.004 0.003 0.001 0.000 0.000 0.000 0.000 0.043 0.063 0.083 0.000 0.000 0.000 0.000 0.000 0.000 0.000 0.068 0.056 0.043 0.031 0.018 0.012 0.020 0.029 0.038 0.047 0.056 0.065 0.074 0.082 0.091 0.099 0.108 0.116 0.125 0.134 0.085 0.000 0.000 0.000 0.000
0.000 0.000 0.000 0.000 0.000 0.000 0.000 0.000 0.002 0.003 0.004 0.005 0.005 0.005 0.006 0.006 0.006 0.006 0.006 0.006 0.006 0.006 0.006 0.006 0.006 0.006 0.006 0.006 0.005 0.005 0.005 0.005 0.005 0.004 0.004 0.003 0.002 0.000 0.000 0.000 0.000 0.000 0.000 0.039 0.059 0.079 0.000 0.000 0.000 0.000 0.000 0.063 0.050 0.037 0.024 0.012 0.009 0.012 0.021 0.030 0.040 0.050 0.059 0.069 0.078 0.000 0.000 0.000 0.110 0.120 0.128 0.137 0.130 0.044 0.002 0.000 0.000
0.000 0.000 0.000 0.000 0.000 0.000 0.000 0.000 0.000 0.002 0.003 0.004 0.005 0.005 0.005 0.006 0.006 0.006 0.006 0.006 0.006 0.006 0.006 0.006 0.006 0.006 0.006 0.005 0.005 0.005 0.005 0.005 0.004 0.004 0.003 0.002 0.000 0.000 0.000 0.000 0.000 0.000 0.000 0.000 0.035 0.054 0.074 0.000 0.000 0.000 0.000 0.044 0.031 0.019 0.011 0.011 0.010 0.011 0.019 0.028 0.038 0.048 0.058 0.068 0.078 0.000 0.000 0.000 0.000 0.000 0.131 0.141 0.150 0.088 0.048 0.009 0.000
0.000 0.000 0.000 0.000 0.000 0.000 0.000 0.000 0.000 0.000 0.002 0.003 0.004 0.005 0.005 0.005 0.005 0.006 0.006 0.006 0.006 0.006 0.006 0.006 0.006 0.005 0.005 0.005 0.005 0.005 0.005 0.004 0.004 0.003 0.002 0.000 0.000 0.000 0.000 0.000 0.000 0.000 0.000 0.000 0.013 0.030 0.048 0.067 0.000 0.058 0.045 0.029 0.015 0.013 0.012 0.011 0.010 0.009 0.017 0.026 0.036 0.046 0.057 0.067 0.000 0.000 0.000 0.000 0.000 0.000 0.000 0.141 0.152 0.157 0.119 0.081 0.000
0.000 0.000 0.000 0.000 0.000 0.000 0.000 0.000 0.000 0.000 0.000 0.002 0.003 0.004 0.005 0.005 0.005 0.005 0.005 0.005 0.005 0.005 0.005 0.005 0.005 0.005 0.005 0.005 0.005 0.005 0.004 0.004 0.003 0.002 0.000 0.000 0.000 0.000 0.000 0.000 0.000 0.000 0.000 0.000 0.000 0.008 0.024 0.040 0.055 0.040 0.026 0.018 0.016 0.015 0.013 0.012 0.011 0.009 0.015 0.025 0.035 0.045 0.055 0.000 0.000 0.000 0.000 0.000 0.000 0.000 0.000 0.000 0.000 0.163 0.159 0.151 0.113
0.000 0.000 0.000 0.000 0.000 0.000 0.000 0.000 0.000 0.000 0.000 0.000 0.002 0.003 0.004 0.004 0.005 0.005 0.005 0.005 0.005 0.005 0.005 0.005 0.005 0.005 0.005 0.005 0.005 0.004 0.004 0.003 0.002 0.000 0.000 0.000 0.000 0.000 0.000 0.000 0.000 0.000 0.000 0.000 0.000 0.000 0.003 0.014 0.030 0.022 0.020 0.018 0.017 0.015 0.014 0.013 0.011 0.010 0.014 0.023 0.033 0.043 0.053 0.000 0.000 0.000 0.000 0.000 0.000 0.000 0.000 0.000 0.000 0.000 0.000 0.161 0.157
0.000 0.000 0.000 0.000 0.000 0.000 0.000 0.000 0.000 0.000 0.000 0.000 0.000 0.002 0.003 0.004 0.004 0.004 0.005 0.005 0.005 0.005 0.005 0.005 0.005 0.005 0.005 0.004 0.004 0.004 0.003 0.002 0.000 0.000 0.000 0.000 0.000 0.000 0.000 0.000 0.000 0.000 0.000 0.000 0.000 0.000 0.000 0.001 0.007 0.021 0.019 0.018 0.017 0.015 0.014 0.013 0.012 0.010 0.013 0.021 0.031 0.041 0.000 0.000 0.000 0.000 0.000 0.000 0.000 0.000 0.000 0.000 0.000 0.000 0.000 0.000 0.000
0.000 0.000 0.000 0.000 0.000 0.000 0.000 0.000 0.000 0.000 0.000 0.000 0.000 0.000 0.002 0.003 0.004 0.004 0.004 0.004 0.004 0.004 0.004 0.004 0.004 0.004 0.004 0.004 0.004 0.003 0.002 0.000 0.000 0.000 0.000 0.000 0.000 0.000 0.000 0.000 0.000 0.000 0.000 0.000 0.000 0.000 0.000 0.000 0.001 0.005 0.018 0.017 0.016 0.015 0.014 0.013 0.011 0.010 0.011 0.020 0.029 0.039 0.000 0.000 0.000 0.000 0.000 0.000 0.000 0.000 0.000 0.000 0.000 0.000 0.000 0.000 0.000
0.000 0.000 0.000 0.000 0.000 0.000 0.000 0.000 0.000 0.000 0.000 0.000 0.000 0.000 0.000 0.001 0.002 0.003 0.003 0.003 0.003 0.003 0.003 0.003 0.003 0.003 0.003 0.003 0.002 0.001 0.000 0.000 0.000 0.000 0.000 0.000 0.000 0.000 0.000 0.000 0.000 0.000 0.000 0.000 0.000 0.000 0.000 0.000 0.000 0.000 0.004 0.016 0.016 0.015 0.013 0.012 0.011 0.010 0.009 0.018 0.028 0.000 0.000 0.000 0.000 0.000 0.000 0.000 0.000 0.000 0.000 0.000 0.000 0.000 0.000 0.000 0.000
0.000 0.000 0.000 0.000 0.000 0.000 0.000 0.000 0.000 0.000 0.000 0.000 0.000 0.000 0.000 0.000 0.000 0.001 0.001 0.001 0.001 0.001 0.001 0.001 0.001 0.001 0.001 0.001 0.000 0.000 0.000 0.000 0.000 0.000 0.000 0.000 0.000 0.000 0.000 0.000 0.000 0.000 0.000 0.000 0.000 0.000 0.000 0.000 0.000 0.000 0.001 0.003 0.015 0.014 0.013 0.012 0.010 0.009 0.008 0.016 0.026 0.000 0.000 0.000 0.000 0.000 0.000 0.000 0.000 0.000 0.000 0.000 0.000 0.000 0.000 0.000 0.000
0.000 0.000 0.000 0.000 0.000 0.000 0.000 0.000 0.000 0.000 0.000 0.000 0.000 0.000 0.000 0.000 0.000 0.000 0.000 0.000 0.000 0.000 0.000 0.000 0.000 0.000 0.000 0.000 0.000 0.000 0.000 0.000 0.000 0.000 0.000 0.000 0.000 0.000 0.000 0.000 0.000 0.000 0.000 0.000 0.000 0.000 0.000 0.000 0.000 0.000 0.001 0.001 0.002 0.013 0.012 0.011 0.009 0.008 0.008 0.015 0.000 0.000 0.000 0.000 0.000 0.000 0.000 0.000 0.000 0.000 0.000 0.000 0.000 0.000 0.000 0.000 0.000
0.000 0.000 0.000 0.000 0.000 0.000 0.000 0.000 0.000 0.000 0.000 0.000 0.000 0.000 0.000 0.000 0.000 0.000 0.000 0.000 0.000 0.000 0.000 0.000 0.000 0.000 0.000 0.000 0.000 0.000 0.000 0.000 0.000 0.000 0.000 0.000 0.000 0.000 0.000 0.000 0.000 0.000 0.000 0.000 0.000 0.000 0.000 0.000 0.000 0.000 0.000 0.001 0.001 0.002 0.011 0.009 0.000 0.007 0.007 0.000 0.000 0.000 0.000 0.000 0.000 0.000 0.000 0.000 0.000 0.000 0.000 0.000 0.000 0.000 0.000 0.000 0.000
0.000 0.000 0.000 0.000 0.000 0.000 0.000 0.000 0.000 0.000 0.000 0.000 0.000 0.000 0.000 0.000 0.000 0.000 0.000 0.000 0.000 0.000 0.000 0.000 0.000 0.000 0.000 0.000 0.000 0.000 0.000 0.000 0.000 0.000 0.000 0.000 0.000 0.000 0.000 0.000 0.000 0.000 0.000 0.000 0.000 0.000 0.000 0.000 0.000 0.000 0.000 0.001 0.001 0.001 0.002 0.008 0.006 0.007 0.006 0.009 0.000 0.000 0.000 0.000 0.000 0.000 0.000 0.000 0.000 0.000 0.000 0.000 0.000 0.000 0.000 0.000 0.000
0.000 0.000 0.000 0.000 0.000 0.000 0.000 0.000 0.000 0.000 0.000 0.000 0.000 0.000 0.000 0.000 0.000 0.000 0.000 0.000 0.000 0.000 0.000 0.000 0.000 0.000 0.000 0.000 0.000 0.000 0.000 0.000 0.000 0.000 0.000 0.000 0.000 0.000 0.000 0.000 0.000 0.000 0.000 0.000 0.000 0.000 0.000 0.000 0.000 0.000 0.000 0.001 0.001 0.001 0.001 0.001 0.006 0.006 0.006 0.006 0.011 0.000 0.000 0.000 0.000 0.000 0.000 0.000 0.000 0.000 0.000 0.000 0.000 0.000 0.000 0.000 0.000
0.000 0.000 0.000 0.000 0.000 0.000 0.000 0.000 0.000 0.000 0.000 0.000 0.000 0.000 0.000 0.000 0.000 0.000 0.000 0.000 0.000 0.000 0.000 0.000 0.000 0.000 0.000 0.000 0.000 0.000 0.000 0.000 0.000 0.000 0.000 0.000 0.000 0.000 0.000 0.000 0.000 0.000 0.000 0.000 0.000 0.000 0.000 0.000 0.000 0.000 0.000 0.001 0.001 0.001 0.001 0.001 0.001 0.006 0.005 0.004 0.007 0.007 0.009 0.000 0.000 0.000 0.000 0.000 0.000 0.000 0.000 0.000 0.000 0.000 0.000 0.000 0.000
0.000 0.000 0.000 0.000 0.000 0.000 0.000 0.000 0.000 0.000 0.000 0.000 0.000 0.000 0.000 0.000 0.000 0.000 0.000 0.000 0.000 0.000 0.000 0.000 0.000 0.000 0.000 0.000 0.000 0.000 0.000 0.000 0.000 0.000 0.000 0.000 0.000 0.000 0.000 0.000 0.000 0.000 0.000 0.000 0.000 0.000 0.000 0.000 0.000 0.000 0.000 0.000 0.001 0.001 0.001 0.001 0.001 0.001 0.004 0.003 0.004 0.004 0.006 0.008 0.000 0.000 0.000 0.000 0.000 0.000 0.000 0.000 0.000 0.000 0.000 0.000 0.000
0.000 0.000 0.000 0.000 0.000 0.000 0.000 0.000 0.000 0.000 0.000 0.000 0.000 0.000 0.000 0.000 0.000 0.000 0.000 0.000 0.000 0.000 0.000 0.000 0.000 0.000 0.000 0.000 0.000 0.000 0.000 0.000 0.000 0.000 0.000 0.000 0.000 0.000 0.000 0.000 0.000 0.000 0.000 0.000 0.000 0.000 0.000 0.000 0.000 0.000 0.000 0.000 0.000 0.001 0.001 0.001 0.001 0.001 0.001 0.002 0.002 0.003 0.004 0.006 0.008 0.000 0.000 0.000 0.000 0.000 0.000 0.000 0.000 0.000 0.000 0.000 0.000
