数据/LID_GR_100y/LID_GR_res/LID_GR_121-0001.wd
ncols         694
nrows         824
xllcorner     581104.939801
yllcorner     3495917.092414
cellsize      2.000000
NODATA_value  -9999.000000
[rows 544 to 577 of 824, columns 308 to 384 of 694]
0.000 0.000 0.000 0.000 0.000 0.000 0.000 0.000 0.000 0.001 0.001 0.001 0.001 0.001 0.000 0.000 0.000 0.000 0.000 0.000 0.000 0.000 0.000 0.000 0.000 0.000 0.000 0.000 0.020 0.037 0.040 0.038 0.036 0.035 0.034 0.033 0.034 0.044 0.047 0.046 0.044 0.043 0.043 0.045 0.055 0.083 0.122 0.000 0.000 0.000 0.000 0.000 0.000 0.000 0.000 0.000 0.000 0.000 0.000 0.000 0.000 0.000 0.000 0.000 0.000 0.000 0.000 0.000 0.000 0.000 0.000 0.000 0.000 0.000 0.000 0.001 0.003
0.000 0.000 0.000 0.000 0.000 0.000 0.000 0.000 0.001 0.001 0.001 0.001 0.001 0.001 0.001 0.000 0.000 0.000 0.000 0.000 0.000 0.000 0.000 0.000 0.000 0.000 0.000 0.000 0.002 0.010 0.027 0.030 0.031 0.032 0.032 0.033 0.042 0.046 0.044 0.043 0.041 0.040 0.039 0.040 0.049 0.075 0.114 0.000 0.000 0.000 0.000 0.000 0.000 0.000 0.000 0.000 0.000 0.000 0.000 0.000 0.000 0.000 0.000 0.000 0.000 0.000 0.000 0.000 0.000 0.000 0.000 0.000 0.000 0.001 0.002 0.003 0.005
0.000 0.000 0.000 0.000 0.000 0.000 0.000 0.000 0.001 0.001 0.001 0.001 0.001 0.001 0.001 0.000 0.000 0.000 0.000 0.000 0.000 0.000 0.000 0.000 0.000 0.000 0.000 0.000 0.000 0.002 0.017 0.022 0.025 0.027 0.029 0.037 0.042 0.040 0.039 0.038 0.037 0.036 0.035 0.035 0.042 0.066 0.104 0.000 0.000 0.000 0.000 0.000 0.000 0.000 0.000 0.000 0.000 0.000 0.000 0.000 0.000 0.000 0.000 0.000 0.000 0.000 0.000 0.000 0.000 0.000 0.000 0.000 0.000 0.003 0.004 0.005 0.007
0.001 0.001 0.001 0.000 0.000 0.000 0.000 0.000 0.001 0.001 0.001 0.001 0.001 0.001 0.001 0.000 0.000 0.000 0.000 0.000 0.000 0.000 0.000 0.000 0.000 0.000 0.000 0.001 0.001 0.001 0.002 0.015 0.019 0.022 0.029 0.035 0.034 0.033 0.032 0.031 0.030 0.030 0.029 0.029 0.034 0.059 0.000 0.000 0.000 0.000 0.000 0.000 0.000 0.000 0.000 0.000 0.000 0.000 0.000 0.000 0.000 0.000 0.000 0.000 0.000 0.000 0.000 0.000 0.000 0.000 0.000 0.000 0.003 0.005 0.006 0.007 0.009
0.003 0.003 0.002 0.002 0.002 0.001 0.001 0.001 0.001 0.001 0.001 0.001 0.001 0.001 0.001 0.001 0.000 0.000 0.000 0.000 0.000 0.000 0.001 0.001 0.001 0.001 0.001 0.001 0.001 0.001 0.001 0.009 0.014 0.020 0.026 0.025 0.025 0.024 0.024 0.023 0.023 0.022 0.022 0.022 0.025 0.048 0.000 0.000 0.000 0.000 0.000 0.000 0.000 0.000 0.000 0.000 0.000 0.000 0.000 0.000 0.000 0.000 0.000 0.000 0.000 0.000 0.000 0.000 0.000 0.000 0.000 0.000 0.005 0.007 0.008 0.010 0.012
0.011 0.012 0.008 0.005 0.004 0.003 0.000 0.000 0.001 0.001 0.001 0.001 0.001 0.001 0.001 0.001 0.000 0.000 0.000 0.000 0.000 0.001 0.001 0.001 0.001 0.001 0.001 0.001 0.001 0.001 0.001 0.001 0.009 0.015 0.015 0.014 0.014 0.014 0.014 0.014 0.014 0.014 0.013 0.013 0.015 0.027 0.031 0.051 0.000 0.000 0.000 0.000 0.000 0.000 0.000 0.000 0.000 0.000 0.000 0.000 0.000 0.000 0.000 0.000 0.000 0.000 0.000 0.000 0.000 0.000 0.000 0.000 0.008 0.010 0.011 0.012 0.015
0.000 0.000 0.006 0.005 0.004 0.006 0.000 0.000 0.000 0.000 0.001 0.001 0.001 0.001 0.001 0.001 0.001 0.000 0.000 0.000 0.000 0.001 0.001 0.001 0.001 0.001 0.001 0.001 0.001 0.001 0.001 0.001 0.006 0.005 0.004 0.004 0.004 0.004 0.004 0.005 0.005 0.005 0.006 0.006 0.007 0.009 0.014 0.027 0.027 0.027 0.032 0.054 0.000 0.000 0.000 0.000 0.000 0.000 0.000 0.000 0.000 0.000 0.000 0.000 0.000 0.000 0.000 0.000 0.000 0.000 0.011 0.013 0.013 0.013 0.014 0.015 0.017
0.000 0.000 0.004 0.005 0.008 0.106 0.000 0.000 0.000 0.000 0.000 0.000 0.000 0.001 0.001 0.001 0.001 0.001 0.001 0.000 0.000 0.001 0.001 0.001 0.001 0.001 0.001 0.001 0.001 0.001 0.001 0.000 0.004 0.004 0.004 0.003 0.003 0.002 0.002 0.002 0.003 0.003 0.003 0.004 0.004 0.004 0.005 0.008 0.010 0.012 0.017 0.031 0.031 0.037 0.058 0.000 0.000 0.000 0.000 0.000 0.000 0.000 0.000 0.000 0.000 0.000 0.000 0.000 0.012 0.015 0.015 0.016 0.016 0.016 0.017 0.018 0.020
0.000 0.000 0.004 0.005 0.009 0.000 0.000 0.000 0.000 0.000 0.000 0.000 0.000 0.000 0.000 0.000 0.000 0.001 0.001 0.000 0.000 0.001 0.001 0.001 0.001 0.001 0.001 0.001 0.001 0.001 0.001 0.001 0.002 0.003 0.003 0.003 0.003 0.003 0.003 0.002 0.002 0.002 0.002 0.003 0.003 0.003 0.003 0.004 0.005 0.005 0.007 0.012 0.014 0.020 0.035 0.034 0.034 0.035 0.054 0.000 0.000 0.000 0.000 0.000 0.000 0.000 0.015 0.018 0.017 0.018 0.018 0.018 0.018 0.018 0.019 0.020 0.022
0.000 0.000 0.003 0.005 0.013 0.000 0.000 0.000 0.000 0.000 0.000 0.000 0.000 0.000 0.000 0.000 0.000 0.000 0.000 0.000 0.000 0.001 0.001 0.001 0.001 0.001 0.001 0.001 0.001 0.001 0.001 0.001 0.002 0.002 0.003 0.003 0.003 0.003 0.003 0.003 0.003 0.003 0.003 0.002 0.002 0.002 0.003 0.003 0.003 0.004 0.004 0.005 0.006 0.007 0.014 0.016 0.017 0.000 0.029 0.032 0.048 0.076 0.000 0.000 0.021 0.023 0.021 0.021 0.020 0.020 0.020 0.020 0.020 0.020 0.020 0.021 0.024
0.000 0.000 0.003 0.011 0.114 0.000 0.000 0.000 0.000 0.000 0.000 0.000 0.000 0.000 0.000 0.000 0.000 0.000 0.000 0.000 0.000 0.000 0.000 0.000 0.001 0.001 0.001 0.001 0.001 0.001 0.001 0.001 0.001 0.002 0.002 0.003 0.003 0.004 0.004 0.004 0.004 0.004 0.000 0.002 0.002 0.002 0.002 0.002 0.003 0.003 0.003 0.003 0.004 0.004 0.005 0.006 0.007 0.007 0.012 0.017 0.034 0.060 0.050 0.037 0.028 0.026 0.024 0.023 0.022 0.021 0.021 0.021 0.021 0.021 0.021 0.022 0.025
0.000 0.000 0.003 0.011 0.000 0.000 0.000 0.000 0.000 0.000 0.000 0.000 0.000 0.000 0.000 0.000 0.000 0.000 0.000 0.000 0.000 0.000 0.000 0.000 0.000 0.000 0.001 0.001 0.001 0.001 0.001 0.001 0.001 0.002 0.002 0.003 0.004 0.004 0.004 0.004 0.005 0.005 0.004 0.004 0.004 0.004 0.004 0.004 0.003 0.003 0.003 0.003 0.003 0.003 0.004 0.004 0.004 0.005 0.006 0.008 0.021 0.044 0.035 0.027 0.026 0.025 0.023 0.023 0.022 0.022 0.021 0.021 0.021 0.021 0.021 0.022 0.024
0.000 0.000 0.003 0.012 0.000 0.000 0.000 0.000 0.000 0.000 0.000 0.000 0.000 0.000 0.000 0.000 0.000 0.000 0.000 0.000 0.000 0.000 0.000 0.000 0.000 0.000 0.000 0.000 0.000 0.000 0.000 0.001 0.002 0.002 0.002 0.003 0.004 0.004 0.004 0.005 0.005 0.005 0.005 0.005 0.005 0.005 0.005 0.005 0.005 0.005 0.004 0.004 0.003 0.003 0.003 0.004 0.004 0.004 0.004 0.005 0.010 0.029 0.020 0.021 0.021 0.021 0.021 0.021 0.021 0.021 0.020 0.020 0.020 0.019 0.019 0.021 0.022
0.000 0.000 0.003 0.012 0.000 0.000 0.000 0.000 0.000 0.000 0.000 0.000 0.000 0.000 0.000 0.000 0.000 0.000 0.000 0.000 0.000 0.000 0.000 0.000 0.000 0.000 0.000 0.000 0.000 0.000 0.000 0.000 0.002 0.003 0.003 0.003 0.004 0.004 0.005 0.005 0.005 0.006 0.006 0.006 0.006 0.006 0.006 0.006 0.006 0.006 0.006 0.006 0.005 0.005 0.004 0.004 0.003 0.003 0.004 0.004 0.005 0.014 0.012 0.015 0.016 0.017 0.018 0.018 0.018 0.019 0.019 0.019 0.018 0.016 0.016 0.019 0.020
0.000 0.000 0.003 0.009 0.005 0.005 0.000 0.000 0.000 0.000 0.000 0.000 0.000 0.000 0.000 0.000 0.000 0.000 0.000 0.000 0.000 0.000 0.000 0.000 0.000 0.000 0.000 0.000 0.000 0.000 0.000 0.000 0.000 0.000 0.002 0.003 0.004 0.004 0.005 0.006 0.006 0.006 0.006 0.007 0.007 0.007 0.007 0.007 0.007 0.007 0.007 0.007 0.007 0.007 0.006 0.006 0.005 0.005 0.004 0.003 0.004 0.005 0.008 0.010 0.012 0.013 0.014 0.015 0.016 0.016 0.016 0.016 0.015 0.000 0.011 0.017 0.018
0.000 0.000 0.003 0.007 0.005 0.005 0.004 0.003 0.004 0.000 0.000 0.000 0.000 0.000 0.000 0.000 0.000 0.000 0.000 0.000 0.000 0.000 0.000 0.000 0.000 0.000 0.000 0.000 0.000 0.000 0.000 0.000 0.000 0.000 0.000 0.003 0.004 0.006 0.006 0.006 0.006 0.007 0.007 0.007 0.007 0.008 0.008 0.008 0.008 0.008 0.008 0.008 0.008 0.008 0.008 0.008 0.007 0.007 0.006 0.006 0.005 0.005 0.005 0.006 0.008 0.009 0.010 0.011 0.012 0.013 0.013 0.014 0.014 0.011 0.012 0.016 0.016
0.000 0.000 0.002 0.005 0.007 0.009 0.010 0.007 0.006 0.005 0.005 0.000 0.000 0.000 0.000 0.000 0.000 0.000 0.000 0.000 0.000 0.000 0.000 0.000 0.000 0.000 0.000 0.000 0.000 0.000 0.000 0.000 0.000 0.000 0.000 0.000 0.000 0.000 0.005 0.005 0.006 0.007 0.007 0.007 0.008 0.008 0.008 0.009 0.009 0.009 0.009 0.009 0.009 0.009 0.009 0.009 0.009 0.008 0.008 0.007 0.007 0.008 0.006 0.006 0.005 0.005 0.006 0.008 0.009 0.009 0.010 0.011 0.011 0.011 0.012 0.014 0.014
0.000 0.000 0.002 0.005 0.000 0.000 0.000 0.007 0.009 0.010 0.008 0.006 0.005 0.006 0.000 0.000 0.000 0.000 0.000 0.000 0.000 0.000 0.000 0.000 0.000 0.000 0.000 0.000 0.000 0.000 0.000 0.000 0.000 0.000 0.000 0.000 0.000 0.000 0.000 0.005 0.005 0.006 0.007 0.007 0.008 0.008 0.009 0.009 0.009 0.009 0.010 0.010 0.010 0.010 0.010 0.010 0.009 0.009 0.009 0.009 0.009 0.010 0.009 0.008 0.006 0.005 0.005 0.004 0.004 0.005 0.007 0.007 0.008 0.009 0.010 0.011 0.012
0.000 0.000 0.002 0.005 0.000 0.000 0.000 0.000 0.000 0.000 0.008 0.010 0.011 0.012 0.017 0.000 0.000 0.000 0.000 0.000 0.000 0.000 0.000 0.000 0.000 0.000 0.000 0.000 0.000 0.000 0.000 0.000 0.000 0.000 0.000 0.000 0.000 0.000 0.000 0.000 0.004 0.005 0.006 0.007 0.007 0.008 0.009 0.009 0.009 0.010 0.010 0.010 0.010 0.010 0.010 0.010 0.010 0.010 0.010 0.010 0.011 0.012 0.011 0.009 0.008 0.000 0.004 0.004 0.004 0.004 0.003 0.004 0.005 0.006 0.007 0.008 0.008
0.000 0.000 0.002 0.004 0.002 0.003 0.003 0.000 0.000 0.000 0.000 0.000 0.010 0.014 0.018 0.014 0.012 0.010 0.012 0.000 0.000 0.000 0.000 0.000 0.000 0.000 0.000 0.000 0.000 0.000 0.000 0.000 0.000 0.000 0.000 0.000 0.000 0.000 0.000 0.000 0.003 0.004 0.005 0.006 0.007 0.008 0.008 0.009 0.009 0.010 0.010 0.010 0.011 0.011 0.011 0.011 0.011 0.011 0.011 0.011 0.012 0.015 0.013 0.011 0.009 0.007 0.006 0.006 0.005 0.005 0.004 0.004 0.003 0.003 0.004 0.004 0.000
0.000 0.000 0.002 0.003 0.004 0.000 0.003 0.002 0.001 0.002 0.000 0.000 0.000 0.000 0.000 0.011 0.010 0.010 0.010 0.007 0.003 0.001 0.000 0.000 0.000 0.000 0.000 0.000 0.000 0.000 0.000 0.000 0.000 0.000 0.000 0.000 0.000 0.000 0.000 0.000 0.002 0.003 0.004 0.006 0.006 0.007 0.008 0.009 0.009 0.010 0.010 0.010 0.011 0.011 0.011 0.012 0.012 0.012 0.012 0.012 0.014 0.017 0.015 0.013 0.012 0.010 0.009 0.008 0.007 0.006 0.005 0.005 0.004 0.004 0.004 0.003 0.003
0.000 0.000 0.001 0.003 0.049 0.000 0.000 0.002 0.002 0.001 0.000 0.000 0.000 0.000 0.000 0.000 0.007 0.009 0.008 0.005 0.001 0.000 0.000 0.000 0.000 0.000 0.000 0.000 0.000 0.000 0.000 0.000 0.000 0.000 0.000 0.000 0.000 0.000 0.000 0.000 0.002 0.003 0.004 0.005 0.006 0.007 0.008 0.008 0.009 0.010 0.010 0.011 0.011 0.012 0.012 0.013 0.013 0.013 0.013 0.014 0.015 0.019 0.017 0.016 0.014 0.012 0.011 0.009 0.008 0.008 0.007 0.006 0.006 0.006 0.005 0.004 0.003
0.000 0.000 0.001 0.022 0.000 0.000 0.000 0.000 0.000 0.000 0.000 0.000 0.000 0.000 0.000 0.000 0.000 0.000 0.002 0.001 0.000 0.000 0.000 0.000 0.000 0.000 0.000 0.000 0.000 0.000 0.000 0.000 0.000 0.000 0.000 0.000 0.000 0.000 0.000 0.000 0.001 0.002 0.003 0.004 0.005 0.007 0.008 0.008 0.009 0.010 0.010 0.011 0.012 0.013 0.014 0.014 0.015 0.015 0.015 0.015 0.017 0.022 0.020 0.018 0.016 0.015 0.013 0.011 0.010 0.009 0.008 0.008 0.010 0.005 0.005 0.000 0.003
0.000 0.000 0.001 0.000 0.000 0.000 0.000 0.000 0.000 0.000 0.000 0.000 0.000 0.000 0.000 0.000 0.000 0.000 0.000 0.000 0.000 0.000 0.000 0.000 0.000 0.000 0.000 0.000 0.000 0.000 0.000 0.000 0.000 0.000 0.000 0.000 0.000 0.000 0.000 0.000 0.001 0.002 0.003 0.004 0.005 0.007 0.008 0.009 0.009 0.010 0.012 0.015 0.016 0.018 0.018 0.018 0.018 0.018 0.018 0.018 0.020 0.025 0.023 0.021 0.019 0.017 0.015 0.014 0.012 0.011 0.011 0.013 0.009 0.006 0.006 0.004 0.004
0.000 0.000 0.001 0.000 0.000 0.000 0.000 0.000 0.000 0.000 0.000 0.000 0.000 0.000 0.000 0.000 0.000 0.000 0.000 0.000 0.000 0.000 0.000 0.000 0.000 0.000 0.000 0.000 0.000 0.000 0.000 0.000 0.000 0.000 0.000 0.000 0.000 0.000 0.000 0.000 0.001 0.001 0.002 0.003 0.005 0.005 0.007 0.009 0.009 0.012 0.028 0.029 0.030 0.030 0.025 0.023 0.023 0.023 0.023 0.022 0.024 0.030 0.027 0.025 0.023 0.020 0.018 0.016 0.015 0.014 0.016 0.014 0.008 0.007 0.006 0.005 0.005
0.000 0.000 0.000 0.000 0.000 0.000 0.000 0.000 0.000 0.000 0.000 0.000 0.000 0.000 0.000 0.000 0.000 0.000 0.000 0.000 0.000 0.000 0.000 0.000 0.000 0.000 0.000 0.000 0.000 0.000 0.000 0.000 0.000 0.000 0.000 0.000 0.000 0.000 0.000 0.000 0.001 0.001 0.002 0.004 0.003 0.003 0.004 0.006 0.010 0.024 0.057 0.000 0.000 0.000 0.021 0.027 0.030 0.032 0.027 0.026 0.029 0.035 0.032 0.029 0.026 0.023 0.021 0.019 0.018 0.019 0.020 0.013 0.008 0.008 0.007 0.007 0.006
0.000 0.000 0.000 0.000 0.000 0.000 0.000 0.000 0.000 0.000 0.000 0.000 0.000 0.000 0.000 0.000 0.000 0.000 0.000 0.000 0.000 0.000 0.000 0.000 0.000 0.000 0.000 0.000 0.000 0.000 0.000 0.000 0.000 0.000 0.000 0.000 0.000 0.000 0.000 0.000 0.001 0.001 0.002 0.002 0.002 0.002 0.003 0.004 0.008 0.039 0.078 0.000 0.000 0.000 0.000 0.000 0.000 0.000 0.024 0.031 0.037 0.041 0.036 0.032 0.029 0.026 0.024 0.023 0.024 0.026 0.019 0.012 0.009 0.009 0.008 0.008 0.007
0.000 0.000 0.000 0.000 0.000 0.000 0.000 0.000 0.000 0.000 0.000 0.000 0.000 0.000 0.000 0.000 0.000 0.000 0.000 0.000 0.000 0.000 0.000 0.000 0.000 0.000 0.000 0.000 0.000 0.000 0.000 0.000 0.000 0.000 0.000 0.000 0.000 0.000 0.000 0.000 0.000 0.001 0.001 0.001 0.001 0.001 0.002 0.003 0.006 0.042 0.091 0.000 0.000 0.000 0.000 0.000 0.000 0.000 0.000 0.000 0.000 0.044 0.038 0.034 0.031 0.028 0.027 0.028 0.033 0.026 0.019 0.011 0.010 0.010 0.009 0.009 0.008
0.000 0.000 0.000 0.000 0.000 0.000 0.000 0.000 0.000 0.000 0.000 0.000 0.000 0.000 0.000 0.000 0.000 0.000 0.000 0.000 0.000 0.000 0.000 0.000 0.000 0.000 0.000 0.000 0.000 0.000 0.000 0.000 0.000 0.000 0.000 0.000 0.000 0.000 0.000 0.000 0.000 0.000 0.000 0.000 0.000 0.001 0.001 0.002 0.006 0.045 0.000 0.000 0.000 0.000 0.000 0.000 0.000 0.000 0.000 0.000 0.000 0.000 0.032 0.032 0.031 0.030 0.032 0.036 0.033 0.026 0.017 0.012 0.012 0.011 0.011 0.010 0.009
0.000 0.000 0.000 0.000 0.000 0.000 0.000 0.000 0.000 0.000 0.000 0.000 0.000 0.000 0.000 0.000 0.000 0.000 0.000 0.000 0.000 0.000 0.000 0.000 0.000 0.000 0.000 0.000 0.000 0.000 0.000 0.000 0.000 0.000 0.000 0.000 0.000 0.000 0.000 0.000 0.000 0.000 0.000 0.000 0.000 0.000 0.001 0.001 0.008 0.048 0.000 0.000 0.000 0.000 0.000 0.000 0.000 0.000 0.000 0.000 0.000 0.009 0.028 0.031 0.032 0.034 0.039 0.038 0.032 0.025 0.015 0.014 0.013 0.012 0.012 0.011 0.010
0.000 0.000 0.000 0.000 0.000 0.000 0.000 0.000 0.000 0.000 0.000 0.000 0.000 0.000 0.000 0.000 0.000 0.000 0.000 0.000 0.000 0.000 0.000 0.000 0.000 0.000 0.000 0.000 0.000 0.000 0.000 0.000 0.000 0.000 0.000 0.000 0.000 0.000 0.000 0.000 0.000 0.000 0.000 0.000 0.000 0.000 0.000 0.001 0.013 0.000 0.000 0.000 0.000 0.000 0.000 0.000 0.000 0.000 0.000 0.000 0.000 0.011 0.026 0.030 0.034 0.039 0.043 0.037 0.030 0.022 0.015 0.014 0.014 0.013 0.013 0.012 0.011
0.000 0.000 0.000 0.000 0.000 0.000 0.000 0.000 0.000 0.000 0.000 0.000 0.000 0.000 0.000 0.000 0.000 0.000 0.000 0.000 0.000 0.000 0.000 0.000 0.000 0.000 0.000 0.000 0.000 0.000 0.000 0.000 0.000 0.000 0.000 0.000 0.000 0.000 0.000 0.000 0.000 0.000 0.000 0.000 0.000 0.000 0.000 0.001 0.016 0.000 0.000 0.000 0.000 0.000 0.000 0.000 0.000 0.000 0.000 0.000 0.000 0.012 0.025 0.031 0.038 0.045 0.040 0.035 0.028 0.019 0.016 0.015 0.013 0.013 0.013 0.012 0.012
0.000 0.000 0.000 0.000 0.000 0.000 0.000 0.000 0.000 0.000 0.000 0.000 0.000 0.000 0.000 0.000 0.000 0.000 0.000 0.000 0.000 0.000 0.000 0.000 0.000 0.000 0.000 0.000 0.000 0.000 0.000 0.000 0.000 0.000 0.000 0.000 0.000 0.000 0.000 0.000 0.000 0.000 0.000 0.000 0.000 0.000 0.000 0.000 0.000 0.000 0.000 0.000 0.000 0.000 0.000 0.000 0.000 0.000 0.000 0.000 0.000 0.013 0.027 0.035 0.045 0.043 0.038 0.033 0.026 0.016 0.015 0.013 0.000 0.012 0.013 0.013 0.012
0.000 0.000 0.000 0.000 0.000 0.000 0.000 0.000 0.000 0.000 0.000 0.000 0.000 0.000 0.000 0.000 0.000 0.000 0.000 0.000 0.000 0.000 0.000 0.000 0.000 0.000 0.000 0.000 0.000 0.000 0.000 0.000 0.000 0.000 0.000 0.000 0.000 0.000 0.000 0.000 0.000 0.000 0.000 0.000 0.000 0.000 0.000 0.000 0.000 0.000 0.000 0.000 0.000 0.000 0.000 0.000 0.000 0.000 0.000 0.000 0.000 0.016 0.032 0.043 0.044 0.040 0.036 0.030 0.022 0.016 0.015 0.013 0.011 0.013 0.013 0.013 0.013
