数据/LID_GR_100y/LID_GR_res/LID_GR_185-0001.wd
ncols         694
nrows         824
xllcorner     581104.939801
yllcorner     3495917.092414
cellsize      2.000000
NODATA_value  -9999.000000
[rows 714 to 747 of 824, columns 154 to 230 of 694]
0.000 0.000 0.000 0.000 0.000 0.000 0.000 0.002 0.003 0.004 0.005 0.006 0.007 0.007 0.007 0.007 0.007 0.007 0.007 0.006 0.000 0.001 0.039 0.034 0.030 0.026 0.020 0.015 0.011 0.008 0.005 0.003 0.000 0.000 0.000 0.000 0.000 0.000 0.000 0.000 0.000 0.000 0.000 0.001 0.001 0.001 0.001 0.001 0.001 0.000 0.000 0.000 0.000 0.000 0.000 0.000 0.000 0.000 0.076 0.086 0.097 0.096 0.073 0.055 0.064 0.001 0.001 0.000 0.000 0.000 0.000 0.000 0.000 0.000 0.000 0.000 0.000
0.000 0.000 0.000 0.000 0.000 0.000 0.002 0.003 0.004 0.005 0.006 0.007 0.007 0.008 0.008 0.008 0.008 0.008 0.008 0.008 0.007 0.006 0.001 0.050 0.048 0.041 0.035 0.030 0.024 0.019 0.015 0.011 0.007 0.004 0.000 0.000 0.000 0.000 0.000 0.000 0.000 0.000 0.001 0.001 0.002 0.008 0.019 0.029 0.039 0.000 0.000 0.000 0.000 0.000 0.000 0.000 0.000 0.000 0.138 0.133 0.110 0.087 0.064 0.056 0.065 0.020 0.001 0.000 0.000 0.000 0.000 0.000 0.000 0.000 0.000 0.000 0.000
0.000 0.000 0.000 0.000 0.000 0.001 0.003 0.004 0.005 0.006 0.007 0.007 0.008 0.008 0.008 0.009 0.009 0.009 0.009 0.009 0.009 0.009 0.008 0.001 0.000 0.057 0.052 0.046 0.040 0.035 0.029 0.023 0.018 0.014 0.011 0.000 0.000 0.000 0.000 0.000 0.000 0.001 0.001 0.002 0.049 0.068 0.079 0.091 0.102 0.000 0.000 0.000 0.000 0.000 0.000 0.000 0.000 0.171 0.147 0.125 0.101 0.078 0.054 0.058 0.067 0.063 0.001 0.001 0.000 0.000 0.000 0.000 0.000 0.000 0.000 0.000 0.000
0.000 0.000 0.000 0.000 0.000 0.002 0.004 0.005 0.006 0.007 0.007 0.008 0.008 0.008 0.009 0.009 0.010 0.010 0.010 0.011 0.011 0.011 0.012 0.012 0.014 0.001 0.068 0.063 0.058 0.051 0.044 0.038 0.033 0.029 0.025 0.021 0.018 0.000 0.000 0.000 0.001 0.001 0.001 0.035 0.091 0.131 0.142 0.153 0.000 0.000 0.000 0.000 0.000 0.000 0.000 0.000 0.000 0.162 0.139 0.116 0.092 0.068 0.052 0.061 0.070 0.079 0.022 0.001 0.000 0.000 0.000 0.000 0.000 0.000 0.000 0.000 0.000
0.000 0.000 0.000 0.000 0.001 0.003 0.005 0.006 0.006 0.007 0.008 0.008 0.008 0.009 0.009 0.010 0.010 0.010 0.011 0.011 0.012 0.013 0.014 0.016 0.021 0.031 0.000 0.082 0.077 0.068 0.061 0.055 0.050 0.046 0.042 0.039 0.037 0.035 0.000 0.002 0.002 0.003 0.023 0.076 0.133 0.189 0.205 0.216 0.000 0.000 0.000 0.000 0.000 0.000 0.000 0.000 0.000 0.153 0.130 0.107 0.083 0.060 0.055 0.064 0.073 0.082 0.066 0.001 0.000 0.000 0.000 0.000 0.000 0.000 0.000 0.000 0.000
0.000 0.000 0.000 0.000 0.001 0.003 0.005 0.006 0.007 0.007 0.008 0.008 0.009 0.009 0.010 0.010 0.010 0.011 0.011 0.012 0.013 0.013 0.015 0.016 0.018 0.021 0.014 0.000 0.000 0.082 0.077 0.073 0.069 0.065 0.062 0.059 0.056 0.054 0.049 0.033 0.032 0.031 0.063 0.118 0.176 0.232 0.268 0.279 0.000 0.000 0.000 0.000 0.000 0.000 0.000 0.000 0.000 0.145 0.121 0.098 0.074 0.051 0.058 0.067 0.077 0.086 0.095 0.025 0.000 0.000 0.000 0.000 0.000 0.000 0.000 0.000 0.000
0.000 0.000 0.000 0.000 0.001 0.003 0.005 0.006 0.007 0.007 0.008 0.008 0.009 0.009 0.010 0.010 0.011 0.011 0.012 0.012 0.013 0.013 0.014 0.015 0.016 0.017 0.014 0.010 0.007 0.001 0.095 0.091 0.088 0.085 0.082 0.079 0.077 0.075 0.073 0.000 0.000 0.053 0.104 0.161 0.218 0.275 0.331 0.342 0.352 0.330 0.000 0.000 0.000 0.000 0.000 0.000 0.159 0.135 0.112 0.088 0.064 0.053 0.061 0.070 0.080 0.089 0.098 0.070 0.000 0.000 0.000 0.000 0.000 0.000 0.000 0.000 0.000
0.000 0.000 0.000 0.000 0.001 0.003 0.005 0.006 0.007 0.008 0.008 0.009 0.009 0.009 0.010 0.010 0.011 0.011 0.012 0.012 0.013 0.013 0.014 0.014 0.015 0.015 0.013 0.011 0.009 0.007 0.000 0.111 0.109 0.105 0.102 0.100 0.098 0.096 0.000 0.000 0.000 0.000 0.146 0.203 0.260 0.316 0.371 0.368 0.344 0.321 0.298 0.275 0.000 0.000 0.000 0.000 0.151 0.127 0.103 0.078 0.055 0.056 0.064 0.073 0.083 0.092 0.102 0.000 0.000 0.000 0.000 0.000 0.000 0.000 0.000 0.000 0.000
0.000 0.000 0.000 0.000 0.001 0.003 0.005 0.006 0.007 0.008 0.008 0.009 0.009 0.010 0.010 0.010 0.011 0.011 0.012 0.012 0.012 0.013 0.013 0.014 0.014 0.013 0.013 0.011 0.010 0.008 0.006 0.000 0.000 0.125 0.122 0.120 0.119 0.000 0.000 0.000 0.000 0.000 0.000 0.246 0.302 0.325 0.347 0.000 0.000 0.313 0.289 0.267 0.243 0.219 0.000 0.000 0.142 0.118 0.093 0.070 0.049 0.059 0.068 0.076 0.086 0.096 0.105 0.000 0.000 0.000 0.000 0.000 0.000 0.000 0.000 0.000 0.000
0.000 0.000 0.000 0.000 0.001 0.003 0.005 0.006 0.007 0.008 0.008 0.009 0.009 0.010 0.010 0.010 0.011 0.011 0.011 0.012 0.012 0.013 0.013 0.013 0.013 0.013 0.012 0.011 0.010 0.009 0.008 0.006 0.004 0.001 0.142 0.138 0.000 0.000 0.000 0.000 0.000 0.000 0.000 0.258 0.280 0.302 0.324 0.000 0.000 0.000 0.000 0.258 0.234 0.209 0.183 0.158 0.133 0.109 0.083 0.059 0.052 0.061 0.070 0.080 0.089 0.100 0.109 0.000 0.000 0.000 0.000 0.000 0.000 0.000 0.000 0.000 0.000
0.000 0.000 0.000 0.000 0.001 0.003 0.005 0.006 0.007 0.008 0.008 0.009 0.009 0.009 0.010 0.010 0.011 0.011 0.011 0.012 0.012 0.012 0.012 0.012 0.012 0.012 0.012 0.011 0.010 0.009 0.008 0.007 0.006 0.004 0.001 0.153 0.147 0.000 0.000 0.000 0.000 0.000 0.000 0.235 0.255 0.278 0.301 0.314 0.000 0.000 0.000 0.000 0.000 0.198 0.174 0.149 0.125 0.100 0.061 0.048 0.055 0.064 0.073 0.083 0.093 0.103 0.000 0.000 0.000 0.000 0.000 0.000 0.000 0.000 0.000 0.000 0.000
0.000 0.000 0.000 0.000 0.001 0.003 0.005 0.006 0.007 0.007 0.008 0.009 0.009 0.009 0.010 0.010 0.010 0.011 0.011 0.011 0.012 0.012 0.012 0.012 0.012 0.012 0.011 0.011 0.010 0.009 0.009 0.008 0.007 0.006 0.004 0.000 0.162 0.160 0.000 0.000 0.000 0.000 0.000 0.000 0.230 0.000 0.000 0.295 0.283 0.000 0.000 0.000 0.000 0.000 0.000 0.139 0.115 0.090 0.063 0.049 0.058 0.067 0.077 0.086 0.096 0.106 0.000 0.000 0.000 0.000 0.000 0.000 0.000 0.000 0.000 0.000 0.000
0.000 0.000 0.000 0.000 0.001 0.003 0.005 0.006 0.007 0.007 0.008 0.008 0.009 0.009 0.010 0.010 0.010 0.011 0.011 0.011 0.011 0.011 0.011 0.011 0.011 0.011 0.011 0.010 0.010 0.009 0.009 0.008 0.007 0.006 0.005 0.004 0.000 0.178 0.197 0.000 0.000 0.000 0.000 0.000 0.000 0.000 0.000 0.000 0.263 0.000 0.000 0.000 0.000 0.000 0.153 0.129 0.106 0.081 0.056 0.052 0.061 0.070 0.080 0.089 0.099 0.109 0.000 0.000 0.000 0.000 0.000 0.000 0.000 0.000 0.000 0.000 0.000
0.000 0.000 0.000 0.000 0.001 0.003 0.005 0.006 0.006 0.007 0.008 0.008 0.009 0.009 0.009 0.010 0.010 0.010 0.011 0.011 0.011 0.011 0.011 0.011 0.011 0.011 0.011 0.010 0.010 0.009 0.009 0.008 0.007 0.007 0.006 0.005 0.003 0.001 0.169 0.187 0.000 0.000 0.000 0.000 0.000 0.000 0.000 0.000 0.243 0.000 0.000 0.000 0.000 0.000 0.143 0.120 0.096 0.072 0.048 0.055 0.064 0.073 0.083 0.092 0.102 0.000 0.000 0.000 0.000 0.000 0.000 0.000 0.000 0.000 0.000 0.000 0.000
0.000 0.000 0.000 0.000 0.000 0.002 0.004 0.005 0.006 0.007 0.007 0.008 0.008 0.009 0.009 0.009 0.010 0.010 0.010 0.010 0.011 0.011 0.011 0.011 0.011 0.010 0.010 0.010 0.009 0.009 0.008 0.008 0.007 0.007 0.006 0.005 0.004 0.002 0.000 0.159 0.175 0.000 0.000 0.000 0.000 0.000 0.000 0.230 0.224 0.000 0.000 0.000 0.000 0.153 0.134 0.110 0.087 0.063 0.050 0.059 0.068 0.077 0.086 0.095 0.104 0.112 0.120 0.000 0.000 0.000 0.000 0.000 0.000 0.000 0.000 0.000 0.000
0.000 0.000 0.000 0.000 0.000 0.001 0.003 0.004 0.005 0.006 0.007 0.007 0.008 0.008 0.009 0.009 0.009 0.010 0.010 0.010 0.010 0.010 0.010 0.010 0.010 0.010 0.010 0.010 0.009 0.009 0.008 0.008 0.007 0.007 0.006 0.005 0.004 0.002 0.000 0.000 0.146 0.161 0.000 0.000 0.000 0.000 0.000 0.000 0.000 0.000 0.000 0.000 0.000 0.134 0.122 0.100 0.077 0.053 0.053 0.062 0.071 0.080 0.089 0.098 0.107 0.115 0.123 0.131 0.139 0.000 0.000 0.000 0.000 0.000 0.000 0.000 0.000
0.000 0.000 0.000 0.000 0.000 0.000 0.002 0.003 0.004 0.005 0.006 0.007 0.008 0.008 0.009 0.009 0.009 0.009 0.010 0.010 0.010 0.010 0.010 0.010 0.010 0.010 0.010 0.009 0.009 0.008 0.008 0.008 0.007 0.006 0.006 0.005 0.004 0.002 0.000 0.000 0.000 0.129 0.141 0.160 0.000 0.000 0.000 0.000 0.000 0.000 0.000 0.000 0.127 0.115 0.102 0.089 0.069 0.048 0.057 0.065 0.075 0.083 0.092 0.101 0.110 0.118 0.126 0.134 0.142 0.150 0.158 0.000 0.000 0.000 0.000 0.000 0.000
0.000 0.000 0.000 0.000 0.000 0.000 0.000 0.002 0.003 0.004 0.005 0.006 0.007 0.008 0.008 0.008 0.009 0.009 0.009 0.009 0.010 0.010 0.010 0.010 0.009 0.009 0.009 0.009 0.009 0.008 0.008 0.007 0.007 0.006 0.005 0.004 0.003 0.001 0.000 0.000 0.000 0.000 0.115 0.134 0.152 0.000 0.000 0.000 0.000 0.000 0.000 0.000 0.108 0.095 0.083 0.070 0.057 0.051 0.060 0.069 0.078 0.087 0.096 0.105 0.113 0.121 0.129 0.137 0.144 0.153 0.161 0.170 0.121 0.000 0.000 0.000 0.000
0.000 0.000 0.000 0.000 0.000 0.000 0.000 0.000 0.002 0.003 0.004 0.005 0.006 0.007 0.008 0.008 0.008 0.009 0.009 0.009 0.009 0.009 0.009 0.009 0.009 0.009 0.009 0.008 0.008 0.008 0.007 0.007 0.006 0.005 0.004 0.003 0.002 0.000 0.000 0.000 0.000 0.000 0.000 0.108 0.125 0.142 0.000 0.000 0.000 0.000 0.000 0.102 0.089 0.076 0.063 0.051 0.047 0.051 0.061 0.071 0.081 0.091 0.100 0.108 0.117 0.000 0.000 0.000 0.147 0.156 0.165 0.173 0.165 0.079 0.012 0.000 0.000
0.000 0.000 0.000 0.000 0.000 0.000 0.000 0.000 0.000 0.002 0.003 0.004 0.005 0.006 0.007 0.007 0.008 0.008 0.008 0.009 0.009 0.009 0.009 0.009 0.009 0.008 0.008 0.008 0.008 0.007 0.007 0.006 0.005 0.004 0.003 0.002 0.000 0.000 0.000 0.000 0.000 0.000 0.000 0.000 0.097 0.115 0.133 0.000 0.000 0.000 0.000 0.083 0.070 0.057 0.049 0.048 0.047 0.049 0.059 0.069 0.079 0.088 0.098 0.108 0.118 0.000 0.000 0.000 0.000 0.000 0.167 0.176 0.185 0.123 0.082 0.043 0.000
0.000 0.000 0.000 0.000 0.000 0.000 0.000 0.000 0.000 0.000 0.002 0.003 0.004 0.005 0.006 0.007 0.007 0.008 0.008 0.008 0.008 0.008 0.008 0.008 0.008 0.008 0.008 0.008 0.007 0.007 0.006 0.005 0.004 0.003 0.002 0.000 0.000 0.000 0.000 0.000 0.000 0.000 0.000 0.000 0.074 0.089 0.105 0.122 0.000 0.099 0.085 0.067 0.052 0.050 0.049 0.048 0.048 0.047 0.057 0.067 0.077 0.086 0.096 0.105 0.000 0.000 0.000 0.000 0.000 0.000 0.000 0.176 0.186 0.191 0.152 0.113 0.000
0.000 0.000 0.000 0.000 0.000 0.000 0.000 0.000 0.000 0.000 0.000 0.002 0.003 0.004 0.005 0.006 0.007 0.007 0.007 0.007 0.008 0.008 0.008 0.008 0.008 0.007 0.007 0.007 0.007 0.006 0.005 0.004 0.003 0.002 0.000 0.000 0.000 0.000 0.000 0.000 0.000 0.000 0.000 0.000 0.000 0.064 0.078 0.092 0.102 0.082 0.066 0.057 0.054 0.052 0.050 0.049 0.048 0.048 0.055 0.065 0.075 0.085 0.095 0.000 0.000 0.000 0.000 0.000 0.000 0.000 0.000 0.000 0.000 0.197 0.192 0.183 0.143
0.000 0.000 0.000 0.000 0.000 0.000 0.000 0.000 0.000 0.000 0.000 0.000 0.002 0.003 0.004 0.005 0.006 0.006 0.007 0.007 0.007 0.007 0.007 0.007 0.007 0.007 0.007 0.006 0.006 0.005 0.004 0.003 0.002 0.000 0.000 0.000 0.000 0.000 0.000 0.000 0.000 0.000 0.000 0.000 0.000 0.000 0.052 0.064 0.076 0.065 0.061 0.057 0.054 0.052 0.051 0.050 0.049 0.048 0.054 0.064 0.074 0.084 0.094 0.000 0.000 0.000 0.000 0.000 0.000 0.000 0.000 0.000 0.000 0.000 0.000 0.191 0.187
0.000 0.000 0.000 0.000 0.000 0.000 0.000 0.000 0.000 0.000 0.000 0.000 0.000 0.002 0.003 0.004 0.005 0.006 0.006 0.006 0.006 0.006 0.006 0.006 0.006 0.006 0.006 0.006 0.005 0.004 0.003 0.002 0.000 0.000 0.000 0.000 0.000 0.000 0.000 0.000 0.000 0.000 0.000 0.000 0.000 0.000 0.000 0.038 0.052 0.063 0.059 0.057 0.054 0.052 0.051 0.050 0.049 0.048 0.052 0.062 0.073 0.083 0.000 0.000 0.000 0.000 0.000 0.000 0.000 0.000 0.000 0.000 0.000 0.000 0.000 0.000 0.000
0.000 0.000 0.000 0.000 0.000 0.000 0.000 0.000 0.000 0.000 0.000 0.000 0.000 0.000 0.002 0.003 0.004 0.005 0.005 0.005 0.005 0.005 0.005 0.005 0.005 0.005 0.005 0.005 0.004 0.003 0.002 0.000 0.000 0.000 0.000 0.000 0.000 0.000 0.000 0.000 0.000 0.000 0.000 0.000 0.000 0.000 0.000 0.000 0.028 0.045 0.058 0.055 0.053 0.052 0.050 0.049 0.049 0.048 0.050 0.060 0.071 0.081 0.000 0.000 0.000 0.000 0.000 0.000 0.000 0.000 0.000 0.000 0.000 0.000 0.000 0.000 0.000
0.000 0.000 0.000 0.000 0.000 0.000 0.000 0.000 0.000 0.000 0.000 0.000 0.000 0.000 0.000 0.001 0.002 0.003 0.003 0.003 0.003 0.003 0.003 0.003 0.003 0.003 0.003 0.003 0.002 0.001 0.000 0.000 0.000 0.000 0.000 0.000 0.000 0.000 0.000 0.000 0.000 0.000 0.000 0.000 0.000 0.000 0.000 0.000 0.000 0.023 0.041 0.054 0.052 0.051 0.050 0.049 0.048 0.048 0.048 0.058 0.068 0.000 0.000 0.000 0.000 0.000 0.000 0.000 0.000 0.000 0.000 0.000 0.000 0.000 0.000 0.000 0.000
0.000 0.000 0.000 0.000 0.000 0.000 0.000 0.000 0.000 0.000 0.000 0.000 0.000 0.000 0.000 0.000 0.000 0.001 0.001 0.001 0.001 0.001 0.001 0.001 0.001 0.001 0.001 0.001 0.000 0.000 0.000 0.000 0.000 0.000 0.000 0.000 0.000 0.000 0.000 0.000 0.000 0.000 0.000 0.000 0.000 0.000 0.000 0.000 0.000 0.000 0.019 0.038 0.051 0.050 0.049 0.048 0.047 0.047 0.047 0.056 0.066 0.000 0.000 0.000 0.000 0.000 0.000 0.000 0.000 0.000 0.000 0.000 0.000 0.000 0.000 0.000 0.000
0.000 0.000 0.000 0.000 0.000 0.000 0.000 0.000 0.000 0.000 0.000 0.000 0.000 0.000 0.000 0.000 0.000 0.000 0.000 0.000 0.000 0.000 0.000 0.000 0.000 0.000 0.000 0.000 0.000 0.000 0.000 0.000 0.000 0.000 0.000 0.000 0.000 0.000 0.000 0.000 0.000 0.000 0.000 0.000 0.000 0.000 0.000 0.000 0.000 0.000 0.002 0.016 0.036 0.049 0.048 0.047 0.046 0.046 0.046 0.054 0.000 0.000 0.000 0.000 0.000 0.000 0.000 0.000 0.000 0.000 0.000 0.000 0.000 0.000 0.000 0.000 0.000
0.000 0.000 0.000 0.000 0.000 0.000 0.000 0.000 0.000 0.000 0.000 0.000 0.000 0.000 0.000 0.000 0.000 0.000 0.000 0.000 0.000 0.000 0.000 0.000 0.000 0.000 0.000 0.000 0.000 0.000 0.000 0.000 0.000 0.000 0.000 0.000 0.000 0.000 0.000 0.000 0.000 0.000 0.000 0.000 0.000 0.000 0.000 0.000 0.000 0.000 0.000 0.002 0.014 0.033 0.046 0.045 0.044 0.043 0.042 0.000 0.000 0.000 0.000 0.000 0.000 0.000 0.000 0.000 0.000 0.000 0.000 0.000 0.000 0.000 0.000 0.000 0.000
0.000 0.000 0.000 0.000 0.000 0.000 0.000 0.000 0.000 0.000 0.000 0.000 0.000 0.000 0.000 0.000 0.000 0.000 0.000 0.000 0.000 0.000 0.000 0.000 0.000 0.000 0.000 0.000 0.000 0.000 0.000 0.000 0.000 0.000 0.000 0.000 0.000 0.000 0.000 0.000 0.000 0.000 0.000 0.000 0.000 0.000 0.000 0.000 0.000 0.000 0.000 0.001 0.002 0.011 0.031 0.043 0.041 0.040 0.037 0.036 0.000 0.000 0.000 0.000 0.000 0.000 0.000 0.000 0.000 0.000 0.000 0.000 0.000 0.000 0.000 0.000 0.000
0.000 0.000 0.000 0.000 0.000 0.000 0.000 0.000 0.000 0.000 0.000 0.000 0.000 0.000 0.000 0.000 0.000 0.000 0.000 0.000 0.000 0.000 0.000 0.000 0.000 0.000 0.000 0.000 0.000 0.000 0.000 0.000 0.000 0.000 0.000 0.000 0.000 0.000 0.000 0.000 0.000 0.000 0.000 0.000 0.000 0.000 0.000 0.000 0.000 0.000 0.000 0.001 0.001 0.001 0.007 0.028 0.039 0.036 0.033 0.030 0.034 0.000 0.000 0.000 0.000 0.000 0.000 0.000 0.000 0.000 0.000 0.000 0.000 0.000 0.000 0.000 0.000
0.000 0.000 0.000 0.000 0.000 0.000 0.000 0.000 0.000 0.000 0.000 0.000 0.000 0.000 0.000 0.000 0.000 0.000 0.000 0.000 0.000 0.000 0.000 0.000 0.000 0.000 0.000 0.000 0.000 0.000 0.000 0.000 0.000 0.000 0.000 0.000 0.000 0.000 0.000 0.000 0.000 0.000 0.000 0.000 0.000 0.000 0.000 0.000 0.000 0.000 0.000 0.001 0.001 0.001 0.001 0.004 0.023 0.033 0.029 0.025 0.027 0.025 0.027 0.000 0.000 0.000 0.000 0.000 0.000 0.000 0.000 0.000 0.000 0.000 0.000 0.000 0.000
0.000 0.000 0.000 0.000 0.000 0.000 0.000 0.000 0.000 0.000 0.000 0.000 0.000 0.000 0.000 0.000 0.000 0.000 0.000 0.000 0.000 0.000 0.000 0.000 0.000 0.000 0.000 0.000 0.000 0.000 0.000 0.000 0.000 0.000 0.000 0.000 0.000 0.000 0.000 0.000 0.000 0.000 0.000 0.000 0.000 0.000 0.000 0.000 0.000 0.000 0.000 0.000 0.001 0.001 0.001 0.001 0.002 0.016 0.025 0.021 0.020 0.019 0.022 0.025 0.000 0.000 0.000 0.000 0.000 0.000 0.000 0.000 0.000 0.000 0.000 0.000 0.000
0.000 0.000 0.000 0.000 0.000 0.000 0.000 0.000 0.000 0.000 0.000 0.000 0.000 0.000 0.000 0.000 0.000 0.000 0.000 0.000 0.000 0.000 0.000 0.000 0.000 0.000 0.000 0.000 0.000 0.000 0.000 0.000 0.000 0.000 0.000 0.000 0.000 0.000 0.000 0.000 0.000 0.000 0.000 0.000 0.000 0.000 0.000 0.000 0.000 0.000 0.000 0.000 0.000 0.001 0.001 0.001 0.001 0.002 0.010 0.017 0.014 0.015 0.018 0.021 0.024 0.000 0.000 0.000 0.000 0.000 0.000 0.000 0.000 0.000 0.000 0.000 0.000
