数据/30y_3h/1d2dcoupled.start
ncols         694
nrows         824
xllcorner     581104.939801
yllcorner     3495917.092414
cellsize      2.000000
NODATA_value  -9999.000000
[rows 102 to 135 of 824, columns 616 to 692 of 694]
0.000 0.000 0.000 0.000 0.000 0.000 0.000 0.000 0.000 0.000 0.000 0.000 0.000 0.000 0.000 0.000 0.000 0.000 0.700 0.712 0.726 0.737 0.772 0.809 0.845 0.882 0.923 0.963 1.001 1.040 1.078 1.117 1.155 1.193 1.232 1.272 1.267 1.229 1.190 1.151 1.113 1.074 0.000 0.000 0.000 0.000 0.000 0.000 0.000 0.000 0.000 0.000 0.000 0.000 0.583 0.549 0.000 0.000 0.000 0.413 0.382 0.351 0.320 0.290 0.259 0.228 0.196 0.165 0.134 0.102 0.071 0.039 0.000 0.000 0.000 0.000 0.000
0.000 0.000 0.000 0.000 0.000 0.000 0.000 0.000 0.000 0.000 0.000 0.000 0.000 0.000 0.000 0.000 0.000 0.000 0.714 0.726 0.745 0.783 0.821 0.859 0.898 0.936 0.973 1.014 1.054 1.093 1.129 1.168 1.207 1.247 1.286 1.325 1.310 1.271 1.232 1.194 1.158 0.000 0.000 0.000 0.000 0.000 0.000 0.000 0.000 0.000 0.000 0.000 0.000 0.000 0.000 0.588 0.000 0.518 0.484 0.451 0.420 0.389 0.357 0.327 0.296 0.265 0.233 0.202 0.171 0.140 0.104 0.064 0.023 0.000 0.000 0.000 0.000
0.000 0.000 0.000 0.000 0.000 0.000 0.000 0.000 0.000 0.000 0.000 0.000 0.000 0.000 0.000 0.000 0.000 0.000 0.729 0.757 0.794 0.834 0.872 0.908 0.947 0.987 1.024 1.064 1.105 1.144 1.182 1.221 1.259 1.297 1.337 1.376 1.354 0.000 1.276 0.000 0.000 0.000 0.000 0.000 0.000 0.000 0.000 0.000 0.000 0.000 0.000 0.000 0.000 0.000 0.661 0.626 0.591 0.557 0.522 0.488 0.458 0.427 0.395 0.365 0.333 0.302 0.271 0.240 0.207 0.168 0.129 0.088 0.048 0.001 0.000 0.000 0.000
0.000 0.000 0.000 0.000 0.000 0.000 0.000 0.000 0.000 0.000 0.000 0.000 0.000 0.000 0.000 0.000 0.000 0.000 0.771 0.808 0.846 0.886 0.925 0.960 0.998 1.038 1.076 1.114 1.154 1.194 1.234 1.273 1.309 1.349 1.388 1.428 0.000 0.000 0.000 0.000 0.000 0.000 0.000 0.000 0.000 0.000 0.000 0.000 0.000 0.000 0.856 0.818 0.780 0.742 0.704 0.666 0.629 0.594 0.560 0.526 0.495 0.464 0.433 0.401 0.371 0.340 0.308 0.271 0.232 0.192 0.153 0.112 0.071 0.029 0.000 0.000 0.000
0.000 0.000 0.000 0.000 0.000 0.000 0.000 0.000 0.000 0.000 0.000 0.000 0.000 0.000 0.694 0.000 0.000 0.000 0.819 0.859 0.897 0.936 0.975 1.012 1.049 1.089 1.127 1.165 1.205 1.245 1.284 1.323 1.360 1.400 1.439 0.000 0.000 0.000 0.000 0.000 0.000 0.000 0.000 0.000 0.000 0.000 0.000 0.000 0.000 0.936 0.899 0.861 0.823 0.000 0.747 0.000 0.670 0.633 0.599 0.565 0.532 0.502 0.470 0.439 0.408 0.374 0.334 0.295 0.255 0.216 0.177 0.136 0.095 0.051 0.001 0.000 0.000
0.000 0.000 0.000 0.000 0.000 0.000 0.000 0.000 0.003 0.126 0.234 0.342 0.454 0.564 0.683 0.763 0.798 0.833 0.871 0.913 0.951 0.989 1.026 1.063 1.099 1.139 1.177 1.216 1.257 1.295 1.335 1.374 1.412 1.451 1.488 0.000 0.000 0.000 0.000 0.000 0.000 0.000 0.000 0.000 0.000 0.000 0.000 0.000 0.000 0.000 0.942 0.000 0.000 0.000 0.000 0.000 0.713 0.675 0.638 0.603 0.569 0.537 0.507 0.476 0.437 0.397 0.358 0.318 0.279 0.240 0.201 0.160 0.118 0.067 0.013 0.000 0.000
0.000 0.000 0.000 0.000 0.000 0.000 0.000 0.000 0.000 0.000 0.000 0.000 0.000 0.000 0.000 0.000 0.000 0.000 0.000 0.000 0.000 0.000 1.075 1.113 1.150 1.190 1.229 1.268 1.308 1.347 1.386 1.426 1.463 1.502 1.540 1.557 0.000 0.000 0.000 0.000 0.000 0.000 0.000 0.000 1.211 1.173 0.000 0.000 0.000 0.000 0.000 0.000 0.000 0.000 0.000 0.000 0.756 0.718 0.681 0.644 0.607 0.576 0.539 0.500 0.461 0.421 0.382 0.342 0.303 0.265 0.225 0.000 0.000 0.067 0.015 0.000 0.000
0.000 0.000 0.000 0.000 0.000 0.000 0.000 0.000 0.000 0.000 0.000 0.000 0.000 0.000 0.000 0.000 0.000 0.000 0.000 0.000 0.000 0.000 1.124 1.163 1.201 1.241 1.279 1.318 1.358 1.397 1.436 1.475 1.514 1.554 1.592 1.600 0.000 0.000 0.000 0.000 1.404 1.367 1.329 1.291 1.254 1.216 0.000 0.000 0.000 0.000 0.000 0.000 0.000 0.000 0.000 0.000 0.799 0.761 0.724 0.673 0.623 0.600 0.561 0.523 0.485 0.444 0.404 0.365 0.000 0.000 0.000 0.000 0.000 0.070 0.021 0.000 0.000
0.000 0.000 0.000 0.000 0.000 0.000 0.000 0.000 0.000 0.000 0.000 0.000 0.000 0.000 0.000 0.000 0.000 0.000 0.000 0.000 0.000 0.000 1.178 1.216 1.253 1.292 1.329 1.369 1.408 1.447 1.486 1.525 1.565 1.605 1.643 1.642 0.000 0.000 0.000 1.485 1.448 1.410 1.372 1.334 1.296 0.000 0.000 0.000 0.000 0.000 0.000 0.000 0.000 0.954 0.902 0.847 0.794 0.740 0.687 0.648 0.640 0.616 0.577 0.539 0.501 0.462 0.423 0.384 0.000 0.000 0.000 0.000 0.000 0.079 0.034 0.000 0.000
0.000 0.000 0.000 0.000 0.000 0.000 0.000 0.000 0.000 0.000 0.000 0.000 0.000 0.000 0.000 0.000 0.000 0.000 0.000 0.000 0.000 0.000 1.236 1.273 1.311 1.347 1.383 1.420 1.460 1.498 1.538 1.577 1.617 1.655 1.694 1.685 1.646 1.607 1.570 1.530 1.491 1.454 1.415 1.377 1.340 0.000 0.000 0.000 0.000 0.000 1.077 1.023 0.969 0.915 0.861 0.808 0.754 0.701 0.674 0.665 0.656 0.632 0.594 0.556 0.518 0.478 0.000 0.000 0.000 0.000 0.000 0.000 0.000 0.089 0.047 0.000 0.000
0.000 0.000 0.000 0.000 0.000 0.000 0.000 0.000 0.000 0.000 0.000 0.000 0.000 0.000 0.000 0.000 0.000 0.000 0.000 1.185 0.000 1.258 1.294 1.331 1.367 1.403 1.439 1.475 1.513 1.551 1.589 1.628 1.666 1.706 1.745 1.727 1.689 1.650 1.612 1.574 1.535 1.497 1.458 1.415 1.362 0.000 0.000 0.000 1.145 1.092 1.037 0.984 0.930 0.876 0.822 0.769 0.715 0.699 0.691 0.682 0.672 0.648 0.611 0.000 0.000 0.000 0.000 0.000 0.000 0.000 0.000 0.000 0.000 0.103 0.057 0.005 0.000
0.000 0.000 0.000 0.000 0.000 0.000 0.000 0.000 0.000 0.000 0.000 0.000 0.000 0.000 0.000 0.000 0.000 0.000 1.166 1.224 1.278 1.314 1.351 1.387 1.424 1.460 1.494 1.530 1.570 1.607 1.644 1.680 1.717 1.757 1.796 1.768 1.730 1.692 1.647 1.594 1.538 1.484 1.430 1.375 1.322 1.268 1.213 1.160 1.106 1.052 0.999 0.945 0.891 0.837 0.783 0.735 0.725 0.717 0.708 0.000 0.000 0.000 0.000 0.000 0.000 0.000 0.000 0.000 0.000 0.000 0.000 0.000 0.000 0.000 0.055 0.002 0.000
0.000 0.000 0.000 0.000 0.000 0.000 0.000 0.000 0.000 0.000 0.000 0.000 0.000 0.000 0.000 0.000 0.000 0.000 1.205 1.264 1.319 1.371 1.409 1.445 1.481 1.518 1.554 1.591 1.628 1.666 1.702 1.738 1.775 1.812 1.822 1.768 1.714 1.661 1.609 1.555 1.500 1.445 1.390 1.335 1.282 1.228 1.174 1.121 1.067 1.013 0.959 0.905 0.852 0.798 0.761 0.752 0.000 0.000 0.000 0.000 0.000 0.000 0.000 0.000 0.000 0.000 0.000 0.000 0.000 0.000 0.000 0.000 0.000 0.000 0.052 0.001 0.000
0.000 0.000 0.000 0.000 0.000 0.000 0.000 0.000 0.000 0.000 0.000 0.000 0.000 0.000 0.000 0.000 0.000 0.000 0.000 0.000 0.000 1.415 1.466 1.502 1.539 1.575 1.612 1.649 1.686 1.723 1.759 1.796 1.832 1.828 1.779 1.728 1.675 1.623 1.570 1.516 1.461 1.405 1.350 1.296 1.243 1.190 1.136 1.082 1.027 0.974 0.920 0.867 0.812 0.789 0.779 0.000 0.000 0.000 0.000 0.000 0.000 0.000 0.000 0.000 0.000 0.000 0.000 0.000 0.000 0.000 0.000 0.000 0.000 0.000 0.049 0.000 0.000
0.000 0.000 0.000 0.000 0.000 0.000 0.000 0.000 0.000 0.000 0.000 0.000 0.000 0.000 0.000 0.000 0.000 0.000 0.000 0.000 0.000 1.452 1.511 1.560 1.596 1.633 1.669 1.705 1.743 1.780 1.817 1.854 1.836 1.787 1.738 1.689 1.637 1.583 1.529 1.475 1.421 1.366 1.312 1.259 1.205 1.150 1.097 1.043 0.988 0.935 0.881 0.827 0.815 0.000 0.000 0.000 0.000 0.000 0.000 0.000 0.000 0.000 0.000 0.000 0.587 0.000 0.000 0.000 0.000 0.000 0.000 0.000 0.000 0.000 0.046 0.000 0.000
0.000 0.000 0.000 0.000 0.000 0.000 0.000 0.000 0.000 0.000 0.000 0.000 0.000 0.000 0.000 0.000 0.000 0.000 0.000 0.000 0.000 1.491 1.549 1.607 1.653 1.689 1.726 1.763 1.800 1.837 1.875 1.844 1.795 1.745 1.698 1.650 1.597 1.543 1.488 1.436 1.380 1.326 1.272 1.220 1.165 1.110 1.058 1.002 0.948 0.895 0.852 0.000 0.000 0.000 0.000 0.000 0.000 0.000 0.000 0.000 0.000 0.718 0.681 0.643 0.604 0.565 0.000 0.000 0.000 0.000 0.000 0.000 0.000 0.000 0.040 0.000 0.000
0.000 0.000 0.000 0.000 0.000 0.000 0.000 0.000 0.000 0.000 0.000 0.000 0.000 0.000 0.000 0.000 0.000 0.000 0.000 0.000 0.000 1.530 1.588 1.646 1.705 1.747 1.784 1.821 1.859 1.896 1.852 1.803 1.754 1.705 1.657 1.608 1.556 1.504 1.451 1.395 1.340 1.287 1.233 1.179 1.125 1.072 1.019 0.962 0.000 0.000 0.000 0.000 0.000 0.000 0.000 0.000 0.000 0.000 0.779 0.770 0.761 0.734 0.696 0.659 0.619 0.581 0.000 0.504 0.465 0.427 0.000 0.000 0.011 0.018 0.025 0.000 0.000
0.000 0.000 0.000 0.000 0.000 0.000 0.000 0.000 0.000 0.000 0.000 0.000 0.000 0.000 0.000 0.000 0.000 0.000 0.000 0.000 0.000 0.000 0.000 0.000 1.744 1.802 1.842 1.879 1.907 1.859 1.810 1.761 1.712 1.662 1.614 1.567 1.517 1.465 1.410 1.354 1.300 1.247 1.192 1.139 1.086 1.032 0.000 0.000 0.000 0.000 0.000 0.000 0.000 0.000 0.000 0.000 0.815 0.805 0.796 0.787 0.778 0.751 0.713 0.675 0.636 0.598 0.558 0.520 0.482 0.443 0.405 0.000 0.000 0.000 0.017 0.000 0.000
0.000 0.000 0.000 0.000 0.000 0.000 0.000 0.000 0.000 0.000 0.000 0.000 0.000 0.000 0.000 0.000 0.000 0.000 0.000 0.000 0.000 0.000 0.000 0.000 1.782 1.840 1.900 1.913 1.865 1.817 1.769 1.719 1.670 1.622 1.573 1.526 1.477 1.425 1.368 1.314 1.261 1.207 1.152 1.099 1.045 0.993 0.000 0.000 0.000 0.000 0.000 0.000 0.000 0.859 0.850 0.841 0.831 0.822 0.813 0.803 0.794 0.767 0.729 0.691 0.652 0.614 0.575 0.537 0.498 0.000 0.000 0.000 0.000 0.000 0.007 0.000 0.000
0.951 1.009 0.000 0.000 0.000 0.000 0.000 0.000 0.000 0.000 0.000 0.000 0.000 0.000 0.000 0.000 0.000 0.000 0.000 0.000 0.000 0.000 0.000 0.000 1.795 1.838 1.883 1.866 1.823 1.775 1.727 1.678 1.628 1.581 1.534 1.486 1.437 1.384 1.328 1.276 1.222 1.166 1.112 1.059 1.003 0.963 0.000 0.000 0.000 0.000 0.000 0.000 0.000 0.000 0.866 0.857 0.848 0.839 0.830 0.820 0.811 0.784 0.746 0.707 0.669 0.630 0.592 0.553 0.000 0.000 0.000 0.000 0.000 0.000 0.000 0.000 0.000
0.773 0.830 0.888 0.947 1.005 0.893 0.672 0.807 0.914 0.973 1.031 1.091 1.149 1.208 0.000 0.000 1.389 1.436 1.479 1.524 1.567 0.000 0.000 1.697 1.741 1.784 1.827 1.807 1.768 1.728 1.685 1.636 1.588 1.541 1.492 1.445 1.395 1.344 1.290 1.237 1.181 1.127 1.075 1.020 0.990 0.980 0.970 0.000 0.000 0.000 0.000 0.000 0.000 0.000 0.883 0.874 0.865 0.855 0.846 0.837 0.828 0.799 0.761 0.723 0.685 0.647 0.609 0.570 0.000 0.000 0.000 0.000 0.000 0.000 0.000 0.000 0.000
0.593 0.651 0.710 0.768 0.827 0.885 0.944 0.878 0.953 1.012 1.071 1.115 1.159 1.202 1.247 0.000 1.338 1.381 1.425 1.469 1.512 1.555 1.599 1.644 1.687 1.730 1.773 1.748 1.708 1.669 1.630 1.590 1.546 1.497 1.450 1.401 1.353 1.306 1.250 1.195 1.142 1.091 1.035 1.016 1.009 0.996 0.986 0.000 0.000 0.000 0.000 0.000 0.000 0.000 0.900 0.891 0.881 0.872 0.863 0.854 0.845 0.816 0.778 0.740 0.702 0.663 0.625 0.586 0.548 0.000 0.000 0.000 0.000 0.000 0.000 0.000 0.000
0.414 0.472 0.530 0.589 0.648 0.706 0.786 0.901 0.930 0.973 1.017 1.061 1.105 1.149 1.193 1.238 1.282 1.327 1.371 1.415 1.458 1.500 1.545 1.590 1.633 1.675 1.718 1.689 1.649 1.610 1.570 1.530 1.491 1.451 1.408 1.360 1.313 1.264 1.211 1.155 1.103 1.055 1.042 1.035 1.025 1.011 1.004 0.993 0.000 0.000 0.000 0.000 0.936 0.927 0.917 0.907 0.898 0.889 0.880 0.870 0.861 0.833 0.794 0.756 0.717 0.679 0.641 0.603 0.564 0.000 0.000 0.000 0.000 0.000 0.000 0.000 0.000
0.000 0.000 0.350 0.409 0.529 0.000 0.000 0.000 0.000 0.919 0.963 1.007 1.051 1.095 1.139 1.184 1.229 1.273 1.317 0.000 0.000 1.446 1.491 1.535 1.579 1.621 1.663 1.630 1.590 1.551 1.511 1.472 1.433 1.395 1.354 1.314 1.271 1.221 1.170 1.117 1.079 1.070 1.060 1.051 1.038 1.027 1.022 1.010 0.000 0.984 0.974 0.963 0.953 0.943 0.934 0.925 0.915 0.905 0.897 0.887 0.878 0.849 0.811 0.773 0.734 0.696 0.657 0.619 0.581 0.000 0.000 0.000 0.000 0.000 0.000 0.000 0.000
0.000 0.000 0.273 0.399 0.528 0.000 0.000 0.000 0.000 0.000 0.909 0.953 0.000 0.000 0.000 0.000 0.000 0.000 1.263 0.000 0.000 0.000 0.000 0.000 0.000 0.000 1.609 1.572 1.533 1.494 1.454 1.416 1.376 1.336 1.295 1.255 1.213 1.175 1.133 1.107 1.097 1.086 1.076 1.065 1.055 1.046 1.038 1.026 1.016 1.003 0.990 0.979 0.970 0.961 0.951 0.942 0.931 0.922 0.913 0.904 0.894 0.865 0.827 0.789 0.750 0.712 0.673 0.636 0.591 0.000 0.000 0.000 0.000 0.000 0.000 0.000 0.000
0.000 0.000 0.000 0.000 0.000 0.000 0.000 0.000 0.000 0.000 0.860 0.898 0.000 0.000 0.000 0.000 0.000 0.000 0.000 0.000 0.000 0.000 0.000 0.000 0.000 0.000 1.553 1.514 1.475 1.435 1.396 1.356 1.317 1.276 1.235 1.195 1.157 1.118 1.098 1.099 1.101 1.102 1.093 1.083 1.074 1.063 1.052 1.044 1.034 0.000 0.000 0.996 0.986 0.976 0.968 0.958 0.949 0.940 0.930 0.921 0.911 0.882 0.844 0.805 0.768 0.729 0.690 0.645 0.594 0.000 0.000 0.000 0.000 0.000 0.000 0.000 0.000
0.000 0.000 0.000 0.000 0.000 0.000 0.000 0.000 0.000 0.000 0.000 0.000 0.000 0.000 0.000 0.000 0.000 0.000 0.000 0.000 0.000 0.000 0.000 0.000 0.000 0.000 1.493 1.454 1.414 1.375 1.335 1.296 1.256 1.217 1.178 1.139 1.098 1.067 1.065 1.062 1.068 1.073 1.077 1.083 1.088 1.081 1.071 1.061 1.051 0.000 0.000 1.012 1.003 0.000 0.984 0.975 0.966 0.956 0.947 0.938 0.928 0.899 0.860 0.822 0.783 0.745 0.698 0.648 0.597 0.546 0.000 0.000 0.000 0.000 0.000 0.000 0.000
0.000 0.000 0.000 0.000 0.000 0.000 0.000 0.000 0.000 0.000 0.000 0.000 0.000 0.000 0.000 0.000 0.000 0.000 0.000 0.000 0.000 0.000 0.000 0.000 0.000 0.000 1.435 1.394 1.355 1.316 1.277 1.238 1.198 1.158 1.119 1.079 1.036 1.034 1.033 1.033 1.034 1.037 1.042 1.048 1.054 1.059 1.062 1.067 1.067 0.000 1.044 0.000 0.000 0.000 1.001 0.991 0.982 0.973 0.964 0.955 0.945 0.915 0.877 0.838 0.800 0.752 0.702 0.650 0.600 0.000 0.000 0.000 0.000 0.000 0.000 0.000 0.000
0.005 0.141 0.270 0.397 0.000 0.000 0.749 0.000 0.000 0.777 0.786 0.000 0.000 0.000 0.000 0.000 0.000 0.000 0.000 0.000 0.000 0.000 0.000 0.000 0.000 0.000 1.376 1.335 1.297 1.258 1.219 1.178 1.137 1.098 1.058 1.019 1.007 1.005 1.005 1.003 1.001 1.003 1.008 1.014 1.018 1.023 1.026 1.030 1.037 1.043 1.044 0.000 0.000 0.000 0.000 1.008 0.999 0.990 0.980 0.971 0.962 0.931 0.893 0.855 0.805 0.755 0.704 0.653 0.603 0.000 0.000 0.000 0.000 0.000 0.000 0.000 0.000
0.005 0.141 0.269 0.396 0.523 0.651 0.726 0.735 0.744 0.753 0.762 0.771 0.781 0.791 0.808 0.851 0.894 0.938 0.981 1.025 1.069 1.113 1.157 0.000 0.000 1.290 1.316 1.275 1.237 1.198 1.158 1.118 1.078 1.039 1.000 0.980 0.978 0.976 0.974 0.971 0.969 0.972 0.978 0.982 0.984 0.000 0.000 0.999 0.000 0.000 1.009 0.000 0.000 0.000 0.000 1.025 1.016 1.006 0.998 0.988 0.978 0.948 0.909 0.859 0.808 0.758 0.707 0.656 0.606 0.000 0.000 0.000 0.000 0.000 0.000 0.000 0.000
0.000 0.140 0.267 0.395 0.522 0.650 0.703 0.712 0.721 0.730 0.739 0.748 0.757 0.766 0.776 0.797 0.840 0.884 0.927 0.971 1.015 1.059 1.103 1.147 1.192 1.235 1.256 1.217 1.178 1.140 1.100 1.061 1.022 0.983 0.951 0.949 0.945 0.945 0.943 0.000 0.000 0.000 0.000 0.000 0.000 0.000 0.000 0.967 0.000 0.000 0.973 0.980 0.000 0.000 0.000 0.000 1.001 1.006 1.012 1.005 0.995 0.963 0.912 0.861 0.811 0.761 0.709 0.659 0.609 0.000 0.000 0.000 0.000 0.000 0.000 0.000 0.000
0.000 0.139 0.000 0.000 0.522 0.000 0.000 0.689 0.698 0.707 0.716 0.725 0.734 0.743 0.752 0.762 0.785 0.829 0.873 0.917 0.960 1.004 1.049 1.092 1.137 1.180 1.197 1.159 1.121 1.082 1.042 1.003 0.000 0.000 0.000 0.000 0.000 0.000 0.000 0.000 0.000 0.000 0.000 0.000 0.000 0.000 0.000 0.000 0.000 0.000 0.000 0.945 0.000 0.000 0.000 0.000 0.967 0.972 0.977 0.983 0.990 0.958 0.908 0.856 0.806 0.755 0.704 0.653 0.602 0.552 0.000 0.000 0.000 0.000 0.000 0.000 0.000
0.000 0.000 0.000 0.000 0.522 0.000 0.000 0.666 0.674 0.684 0.693 0.701 0.710 0.720 0.730 0.739 0.748 0.776 0.819 0.863 0.906 0.950 0.994 1.038 1.081 1.126 1.139 1.099 1.061 1.022 0.982 0.000 0.000 0.000 0.000 0.000 0.000 0.000 0.000 0.000 0.000 0.000 0.000 0.000 0.000 0.000 0.000 0.000 0.000 0.000 0.905 0.911 0.000 0.000 0.000 0.000 0.000 0.938 0.944 0.951 0.960 0.943 0.892 0.841 0.790 0.740 0.689 0.638 0.587 0.000 0.000 0.000 0.000 0.000 0.000 0.000 0.000
0.000 0.000 0.000 0.000 0.521 0.000 0.000 0.643 0.652 0.660 0.670 0.679 0.687 0.697 0.706 0.716 0.725 0.734 0.765 0.808 0.852 0.896 0.940 0.983 1.027 1.071 1.080 1.040 1.001 0.962 0.922 0.000 0.000 0.000 0.000 0.000 0.000 0.000 0.000 0.000 0.000 0.000 0.000 0.000 0.000 0.000 0.000 0.000 0.000 0.868 0.873 0.000 0.000 0.000 0.000 0.000 0.000 0.904 0.914 0.923 0.932 0.928 0.878 0.827 0.776 0.725 0.674 0.624 0.572 0.000 0.000 0.000 0.000 0.000 0.000 0.000 0.000
