数据/LID_GR_30y/LID_GR_res2/LID_GR_183-0001.wd
ncols         694
nrows         824
xllcorner     581104.939801
yllcorner     3495917.092414
cellsize      2.000000
NODATA_value  -9999.000000
[rows 442 to 475 of 824, columns 385 to 461 of 694]
0.000 0.000 0.000 0.013 0.009 0.004 0.000 0.000 0.000 0.000 0.000 0.000 0.000 0.000 0.000 0.001 0.001 0.001 0.001 0.001 0.001 0.002 0.002 0.003 0.003 0.003 0.003 0.004 0.007 0.014 0.017 0.018 0.018 0.018 0.000 0.000 0.000 0.000 0.000 0.000 0.000 0.000 0.000 0.000 0.000 0.000 0.000 0.000 0.000 0.000 0.000 0.000 0.000 0.000 0.000 0.000 0.003 0.004 0.005 0.007 0.009 0.015 0.021 0.028 0.035 0.042 0.050 0.057 0.064 0.071 0.000 0.000 0.000 0.000 0.000 0.000 0.000
0.000 0.000 0.000 0.000 0.000 0.015 0.010 0.005 0.002 0.001 0.000 0.000 0.000 0.001 0.001 0.001 0.001 0.001 0.001 0.001 0.001 0.001 0.002 0.002 0.003 0.003 0.003 0.004 0.007 0.015 0.017 0.017 0.017 0.018 0.000 0.000 0.000 0.000 0.000 0.000 0.000 0.000 0.000 0.000 0.000 0.000 0.000 0.000 0.000 0.000 0.000 0.000 0.000 0.000 0.000 0.000 0.003 0.005 0.008 0.013 0.020 0.027 0.034 0.041 0.048 0.055 0.063 0.069 0.077 0.084 0.091 0.093 0.000 0.000 0.000 0.000 0.000
0.000 0.000 0.000 0.000 0.000 0.000 0.000 0.014 0.009 0.004 0.002 0.001 0.001 0.001 0.001 0.001 0.001 0.001 0.001 0.001 0.001 0.001 0.002 0.002 0.003 0.003 0.003 0.004 0.007 0.016 0.016 0.016 0.016 0.000 0.000 0.000 0.000 0.000 0.000 0.000 0.000 0.000 0.000 0.000 0.000 0.000 0.000 0.000 0.000 0.000 0.000 0.000 0.000 0.000 0.000 0.002 0.006 0.012 0.019 0.026 0.033 0.040 0.047 0.054 0.061 0.069 0.076 0.083 0.090 0.097 0.104 0.100 0.096 0.091 0.087 0.000 0.000
0.000 0.000 0.000 0.000 0.000 0.000 0.000 0.000 0.016 0.014 0.010 0.005 0.002 0.001 0.001 0.001 0.001 0.001 0.001 0.001 0.001 0.001 0.001 0.002 0.002 0.003 0.003 0.003 0.007 0.014 0.015 0.015 0.015 0.000 0.000 0.000 0.000 0.000 0.000 0.000 0.000 0.000 0.000 0.000 0.000 0.000 0.000 0.000 0.000 0.000 0.000 0.000 0.000 0.000 0.000 0.000 0.000 0.025 0.000 0.000 0.046 0.053 0.060 0.067 0.074 0.081 0.089 0.096 0.103 0.110 0.113 0.108 0.104 0.099 0.095 0.090 0.085
0.000 0.000 0.000 0.000 0.000 0.000 0.000 0.000 0.000 0.000 0.015 0.013 0.010 0.006 0.002 0.001 0.001 0.001 0.001 0.001 0.001 0.001 0.001 0.001 0.002 0.002 0.003 0.004 0.007 0.013 0.013 0.013 0.013 0.000 0.000 0.000 0.000 0.000 0.000 0.000 0.000 0.000 0.000 0.000 0.000 0.000 0.000 0.000 0.000 0.000 0.000 0.000 0.000 0.000 0.000 0.000 0.000 0.000 0.000 0.000 0.000 0.000 0.000 0.000 0.087 0.094 0.102 0.109 0.116 0.123 0.120 0.116 0.111 0.107 0.102 0.097 0.093
0.000 0.000 0.000 0.000 0.000 0.000 0.000 0.000 0.000 0.000 0.000 0.017 0.015 0.013 0.011 0.007 0.003 0.002 0.001 0.001 0.001 0.001 0.001 0.001 0.001 0.002 0.003 0.004 0.008 0.012 0.012 0.012 0.011 0.009 0.007 0.006 0.000 0.000 0.000 0.000 0.000 0.000 0.000 0.000 0.000 0.000 0.000 0.000 0.000 0.000 0.000 0.000 0.000 0.000 0.000 0.000 0.000 0.000 0.000 0.000 0.000 0.000 0.000 0.000 0.000 0.000 0.000 0.000 0.129 0.132 0.128 0.123 0.119 0.115 0.110 0.105 0.100
0.000 0.000 0.000 0.000 0.000 0.000 0.000 0.000 0.000 0.000 0.000 0.000 0.000 0.017 0.015 0.012 0.009 0.007 0.003 0.002 0.001 0.001 0.001 0.001 0.001 0.002 0.002 0.004 0.008 0.010 0.010 0.010 0.009 0.007 0.005 0.004 0.003 0.002 0.002 0.002 0.000 0.000 0.000 0.000 0.000 0.000 0.000 0.000 0.000 0.000 0.000 0.000 0.000 0.000 0.000 0.000 0.000 0.000 0.000 0.000 0.000 0.000 0.000 0.000 0.000 0.000 0.000 0.000 0.000 0.000 0.000 0.131 0.126 0.122 0.117 0.113 0.108
0.000 0.000 0.000 0.000 0.000 0.000 0.000 0.000 0.000 0.000 0.000 0.000 0.000 0.000 0.000 0.015 0.013 0.010 0.007 0.005 0.002 0.002 0.001 0.001 0.001 0.001 0.002 0.003 0.006 0.007 0.008 0.008 0.007 0.005 0.004 0.004 0.003 0.003 0.002 0.002 0.002 0.002 0.002 0.000 0.000 0.000 0.000 0.000 0.000 0.000 0.000 0.000 0.000 0.000 0.000 0.000 0.000 0.000 0.000 0.000 0.000 0.000 0.000 0.000 0.000 0.000 0.000 0.000 0.000 0.000 0.000 0.000 0.000 0.000 0.000 0.120 0.115
0.000 0.000 0.000 0.000 0.000 0.000 0.000 0.000 0.000 0.000 0.000 0.000 0.000 0.000 0.000 0.000 0.016 0.014 0.010 0.007 0.004 0.003 0.002 0.002 0.001 0.001 0.001 0.002 0.004 0.005 0.006 0.005 0.005 0.005 0.005 0.004 0.004 0.003 0.003 0.003 0.002 0.002 0.002 0.002 0.002 0.002 0.002 0.000 0.000 0.000 0.000 0.000 0.000 0.000 0.000 0.000 0.000 0.000 0.000 0.000 0.000 0.000 0.000 0.000 0.000 0.000 0.000 0.000 0.000 0.000 0.000 0.000 0.000 0.000 0.000 0.000 0.000
0.000 0.000 0.000 0.000 0.000 0.000 0.000 0.000 0.000 0.000 0.000 0.000 0.000 0.000 0.000 0.000 0.000 0.000 0.010 0.007 0.005 0.004 0.003 0.002 0.002 0.002 0.001 0.002 0.003 0.003 0.004 0.004 0.005 0.005 0.005 0.004 0.004 0.004 0.003 0.003 0.003 0.003 0.003 0.002 0.002 0.002 0.002 0.002 0.002 0.002 0.002 0.001 0.000 0.000 0.000 0.000 0.000 0.000 0.000 0.000 0.000 0.000 0.000 0.000 0.000 0.000 0.000 0.000 0.000 0.000 0.000 0.000 0.000 0.000 0.000 0.000 0.000
0.000 0.000 0.000 0.000 0.000 0.000 0.000 0.000 0.000 0.000 0.000 0.000 0.000 0.000 0.000 0.000 0.000 0.000 0.010 0.008 0.006 0.004 0.003 0.000 0.002 0.002 0.002 0.002 0.002 0.003 0.004 0.005 0.005 0.005 0.005 0.005 0.004 0.004 0.004 0.003 0.003 0.003 0.003 0.003 0.003 0.002 0.002 0.002 0.002 0.002 0.002 0.002 0.002 0.001 0.000 0.000 0.000 0.000 0.000 0.000 0.000 0.000 0.000 0.000 0.000 0.000 0.000 0.000 0.000 0.000 0.000 0.000 0.000 0.000 0.000 0.000 0.000
0.000 0.000 0.000 0.000 0.000 0.000 0.000 0.000 0.000 0.000 0.000 0.000 0.000 0.000 0.000 0.000 0.000 0.000 0.010 0.008 0.006 0.005 0.004 0.003 0.003 0.003 0.002 0.002 0.001 0.003 0.004 0.005 0.005 0.005 0.006 0.005 0.005 0.005 0.004 0.004 0.004 0.004 0.003 0.003 0.003 0.000 0.002 0.002 0.002 0.002 0.002 0.002 0.002 0.002 0.002 0.001 0.000 0.000 0.000 0.000 0.000 0.000 0.000 0.000 0.000 0.000 0.000 0.000 0.000 0.000 0.000 0.000 0.000 0.000 0.000 0.000 0.000
0.000 0.000 0.000 0.000 0.000 0.000 0.000 0.000 0.000 0.000 0.000 0.000 0.000 0.000 0.000 0.000 0.000 0.000 0.009 0.008 0.006 0.005 0.004 0.003 0.003 0.003 0.002 0.002 0.002 0.003 0.004 0.005 0.005 0.006 0.006 0.006 0.006 0.006 0.005 0.005 0.005 0.004 0.004 0.004 0.003 0.002 0.002 0.002 0.002 0.002 0.002 0.002 0.002 0.002 0.002 0.002 0.002 0.001 0.000 0.000 0.000 0.000 0.000 0.000 0.000 0.000 0.000 0.000 0.000 0.000 0.000 0.000 0.000 0.000 0.000 0.000 0.000
0.000 0.000 0.000 0.000 0.000 0.000 0.000 0.000 0.000 0.000 0.000 0.000 0.000 0.000 0.000 0.000 0.000 0.007 0.008 0.007 0.006 0.005 0.004 0.004 0.003 0.003 0.002 0.002 0.002 0.003 0.004 0.004 0.005 0.005 0.006 0.006 0.006 0.006 0.006 0.006 0.006 0.006 0.005 0.005 0.004 0.003 0.003 0.003 0.003 0.003 0.003 0.003 0.003 0.003 0.003 0.002 0.002 0.002 0.002 0.002 0.001 0.000 0.000 0.000 0.000 0.000 0.000 0.000 0.000 0.000 0.000 0.000 0.000 0.000 0.000 0.000 0.000
0.000 0.000 0.000 0.000 0.000 0.000 0.000 0.000 0.000 0.000 0.000 0.000 0.000 0.000 0.000 0.000 0.000 0.008 0.008 0.007 0.006 0.005 0.004 0.004 0.003 0.003 0.002 0.002 0.002 0.003 0.003 0.004 0.004 0.005 0.005 0.006 0.006 0.006 0.006 0.006 0.006 0.006 0.006 0.005 0.005 0.005 0.004 0.004 0.004 0.004 0.004 0.003 0.003 0.003 0.003 0.003 0.003 0.002 0.002 0.002 0.002 0.002 0.002 0.002 0.002 0.002 0.001 0.000 0.000 0.000 0.000 0.000 0.000 0.000 0.000 0.000 0.000
0.000 0.000 0.000 0.000 0.000 0.000 0.000 0.000 0.000 0.000 0.000 0.000 0.000 0.000 0.000 0.000 0.000 0.009 0.008 0.007 0.006 0.005 0.004 0.004 0.003 0.003 0.002 0.002 0.002 0.003 0.003 0.004 0.004 0.005 0.005 0.005 0.006 0.006 0.006 0.006 0.006 0.006 0.006 0.006 0.005 0.005 0.005 0.005 0.005 0.005 0.005 0.004 0.004 0.004 0.004 0.004 0.003 0.003 0.003 0.003 0.003 0.003 0.003 0.003 0.004 0.002 0.002 0.000 0.000 0.000 0.000 0.000 0.000 0.000 0.000 0.000 0.000
0.000 0.000 0.000 0.000 0.000 0.000 0.000 0.000 0.000 0.000 0.000 0.000 0.000 0.000 0.000 0.000 0.000 0.009 0.008 0.007 0.006 0.005 0.004 0.004 0.003 0.003 0.002 0.002 0.002 0.003 0.003 0.004 0.004 0.004 0.005 0.005 0.005 0.006 0.006 0.006 0.006 0.006 0.006 0.006 0.006 0.005 0.005 0.005 0.005 0.005 0.005 0.005 0.005 0.005 0.005 0.005 0.004 0.004 0.004 0.004 0.004 0.004 0.005 0.007 0.007 0.001 0.002 0.000 0.000 0.000 0.000 0.000 0.000 0.000 0.000 0.000 0.000
0.000 0.000 0.000 0.000 0.000 0.000 0.000 0.000 0.000 0.000 0.000 0.000 0.000 0.000 0.000 0.000 0.007 0.008 0.008 0.007 0.006 0.005 0.004 0.004 0.003 0.002 0.002 0.002 0.002 0.003 0.003 0.004 0.004 0.004 0.005 0.005 0.005 0.006 0.006 0.006 0.006 0.006 0.006 0.006 0.006 0.006 0.006 0.006 0.006 0.005 0.005 0.005 0.005 0.005 0.005 0.005 0.005 0.005 0.005 0.006 0.007 0.009 0.012 0.016 0.009 0.003 0.002 0.002 0.001 0.001 0.000 0.000 0.000 0.000 0.000 0.000 0.000
0.000 0.000 0.000 0.000 0.000 0.000 0.000 0.000 0.000 0.000 0.000 0.000 0.000 0.000 0.000 0.000 0.008 0.008 0.008 0.007 0.006 0.005 0.004 0.004 0.003 0.002 0.002 0.002 0.002 0.003 0.003 0.004 0.004 0.004 0.005 0.005 0.005 0.006 0.006 0.007 0.007 0.007 0.007 0.007 0.007 0.007 0.006 0.006 0.006 0.006 0.006 0.006 0.006 0.006 0.006 0.006 0.006 0.006 0.008 0.010 0.014 0.018 0.022 0.022 0.026 0.021 0.015 0.011 0.007 0.005 0.003 0.002 0.002 0.001 0.000 0.000 0.000
0.000 0.000 0.000 0.000 0.000 0.000 0.000 0.000 0.000 0.000 0.000 0.000 0.000 0.000 0.000 0.000 0.009 0.008 0.008 0.007 0.006 0.005 0.004 0.004 0.003 0.002 0.002 0.002 0.002 0.003 0.003 0.004 0.004 0.004 0.005 0.005 0.006 0.007 0.008 0.008 0.008 0.008 0.008 0.008 0.008 0.008 0.008 0.007 0.007 0.007 0.007 0.007 0.007 0.007 0.007 0.007 0.008 0.010 0.014 0.019 0.023 0.022 0.020 0.017 0.020 0.023 0.026 0.028 0.030 0.023 0.017 0.012 0.008 0.005 0.004 0.002 0.002
0.066 0.064 0.062 0.000 0.000 0.000 0.000 0.000 0.000 0.000 0.000 0.000 0.000 0.000 0.000 0.011 0.010 0.009 0.008 0.007 0.006 0.005 0.004 0.004 0.002 0.002 0.002 0.002 0.002 0.003 0.003 0.004 0.004 0.004 0.005 0.006 0.010 0.014 0.014 0.011 0.011 0.011 0.011 0.010 0.010 0.009 0.009 0.009 0.008 0.008 0.008 0.008 0.008 0.008 0.009 0.011 0.014 0.018 0.023 0.024 0.022 0.021 0.018 0.014 0.015 0.017 0.019 0.021 0.024 0.028 0.030 0.032 0.030 0.023 0.017 0.012 0.008
0.071 0.069 0.066 0.063 0.060 0.058 0.000 0.000 0.000 0.000 0.000 0.000 0.000 0.000 0.000 0.014 0.013 0.011 0.010 0.008 0.007 0.006 0.005 0.004 0.002 0.002 0.002 0.002 0.002 0.003 0.003 0.004 0.004 0.004 0.006 0.011 0.018 0.025 0.000 0.012 0.014 0.015 0.015 0.013 0.012 0.012 0.011 0.011 0.010 0.010 0.010 0.010 0.010 0.011 0.014 0.017 0.022 0.024 0.023 0.022 0.020 0.019 0.017 0.013 0.013 0.013 0.014 0.016 0.018 0.020 0.022 0.025 0.028 0.031 0.033 0.035 0.030
0.075 0.073 0.071 0.067 0.065 0.062 0.059 0.056 0.054 0.052 0.000 0.000 0.000 0.000 0.000 0.019 0.017 0.015 0.013 0.010 0.008 0.006 0.005 0.004 0.002 0.002 0.002 0.002 0.002 0.003 0.003 0.004 0.004 0.006 0.012 0.019 0.026 0.000 0.000 0.000 0.000 0.000 0.000 0.013 0.015 0.016 0.014 0.013 0.013 0.014 0.013 0.013 0.014 0.017 0.021 0.024 0.023 0.022 0.021 0.020 0.018 0.017 0.015 0.012 0.011 0.011 0.011 0.012 0.013 0.014 0.016 0.018 0.021 0.023 0.025 0.028 0.031
0.000 0.000 0.000 0.071 0.069 0.067 0.064 0.061 0.058 0.055 0.051 0.048 0.045 0.000 0.000 0.024 0.021 0.018 0.015 0.013 0.010 0.008 0.006 0.003 0.002 0.003 0.003 0.003 0.003 0.003 0.003 0.004 0.006 0.012 0.021 0.000 0.000 0.000 0.000 0.000 0.000 0.000 0.000 0.000 0.000 0.000 0.014 0.017 0.018 0.019 0.017 0.017 0.020 0.024 0.023 0.022 0.020 0.019 0.018 0.017 0.016 0.015 0.013 0.010 0.009 0.009 0.009 0.009 0.010 0.010 0.011 0.012 0.014 0.016 0.018 0.020 0.023
0.000 0.000 0.000 0.000 0.000 0.000 0.068 0.066 0.063 0.060 0.055 0.052 0.049 0.043 0.036 0.030 0.025 0.021 0.018 0.014 0.011 0.009 0.006 0.003 0.003 0.003 0.003 0.003 0.003 0.003 0.003 0.005 0.012 0.020 0.000 0.000 0.000 0.000 0.000 0.000 0.000 0.000 0.000 0.000 0.000 0.000 0.000 0.000 0.000 0.000 0.018 0.023 0.023 0.021 0.019 0.018 0.017 0.016 0.015 0.014 0.014 0.012 0.011 0.009 0.007 0.007 0.007 0.007 0.008 0.008 0.008 0.008 0.009 0.010 0.012 0.013 0.016
0.000 0.000 0.000 0.000 0.000 0.000 0.000 0.000 0.000 0.000 0.059 0.057 0.053 0.047 0.039 0.033 0.027 0.023 0.019 0.015 0.012 0.009 0.007 0.003 0.003 0.003 0.003 0.003 0.003 0.003 0.004 0.009 0.019 0.000 0.000 0.000 0.000 0.000 0.000 0.000 0.000 0.000 0.000 0.000 0.000 0.000 0.000 0.000 0.000 0.000 0.000 0.000 0.000 0.000 0.014 0.014 0.014 0.013 0.012 0.011 0.011 0.010 0.009 0.007 0.006 0.006 0.006 0.006 0.006 0.006 0.006 0.006 0.006 0.007 0.007 0.008 0.009
0.000 0.000 0.000 0.000 0.000 0.000 0.000 0.000 0.000 0.000 0.000 0.000 0.000 0.000 0.039 0.033 0.027 0.023 0.017 0.014 0.012 0.010 0.006 0.004 0.000 0.003 0.003 0.003 0.003 0.004 0.006 0.013 0.000 0.000 0.000 0.000 0.000 0.000 0.000 0.000 0.000 0.000 0.000 0.000 0.000 0.000 0.000 0.000 0.000 0.000 0.000 0.000 0.000 0.000 0.000 0.000 0.000 0.008 0.008 0.008 0.008 0.007 0.006 0.005 0.004 0.004 0.004 0.004 0.004 0.004 0.005 0.005 0.005 0.005 0.005 0.005 0.005
0.000 0.000 0.000 0.000 0.000 0.000 0.000 0.000 0.000 0.000 0.000 0.000 0.000 0.000 0.000 0.029 0.025 0.019 0.000 0.011 0.011 0.009 0.006 0.004 0.003 0.004 0.004 0.004 0.004 0.005 0.010 0.018 0.000 0.000 0.000 0.000 0.000 0.000 0.000 0.000 0.000 0.000 0.000 0.000 0.000 0.000 0.000 0.000 0.000 0.000 0.000 0.000 0.000 0.000 0.000 0.000 0.000 0.000 0.000 0.000 0.000 0.003 0.003 0.003 0.002 0.003 0.003 0.003 0.003 0.003 0.003 0.003 0.003 0.003 0.003 0.003 0.003
0.000 0.000 0.000 0.000 0.000 0.000 0.000 0.000 0.000 0.000 0.000 0.000 0.000 0.000 0.022 0.024 0.022 0.018 0.014 0.012 0.011 0.009 0.005 0.005 0.004 0.004 0.004 0.004 0.005 0.009 0.017 0.025 0.000 0.000 0.000 0.000 0.000 0.000 0.000 0.000 0.000 0.000 0.000 0.000 0.000 0.000 0.000 0.000 0.000 0.000 0.000 0.000 0.000 0.000 0.000 0.000 0.000 0.000 0.000 0.000 0.000 0.000 0.000 0.000 0.001 0.001 0.001 0.001 0.001 0.001 0.001 0.001 0.001 0.001 0.001 0.001 0.001
0.000 0.000 0.000 0.000 0.000 0.000 0.000 0.000 0.000 0.000 0.000 0.000 0.000 0.000 0.023 0.023 0.021 0.018 0.015 0.013 0.011 0.008 0.005 0.005 0.005 0.005 0.005 0.005 0.008 0.015 0.024 0.033 0.000 0.000 0.000 0.000 0.000 0.000 0.000 0.000 0.000 0.000 0.000 0.000 0.000 0.000 0.000 0.000 0.000 0.000 0.000 0.000 0.000 0.000 0.000 0.000 0.000 0.000 0.000 0.000 0.000 0.000 0.000 0.000 0.000 0.000 0.000 0.000 0.000 0.000 0.000 0.000 0.000 0.001 0.001 0.001 0.001
0.000 0.000 0.000 0.000 0.000 0.000 0.000 0.000 0.000 0.000 0.000 0.000 0.000 0.000 0.023 0.022 0.021 0.018 0.016 0.014 0.011 0.008 0.006 0.005 0.005 0.005 0.005 0.007 0.014 0.022 0.030 0.000 0.000 0.000 0.000 0.000 0.000 0.000 0.000 0.000 0.000 0.000 0.000 0.000 0.000 0.000 0.000 0.000 0.000 0.000 0.000 0.000 0.000 0.000 0.000 0.000 0.000 0.000 0.000 0.000 0.000 0.000 0.000 0.000 0.000 0.000 0.000 0.000 0.000 0.000 0.000 0.000 0.000 0.000 0.000 0.000 0.000
0.000 0.000 0.000 0.000 0.000 0.000 0.000 0.000 0.000 0.000 0.000 0.000 0.000 0.000 0.023 0.021 0.020 0.018 0.016 0.014 0.011 0.007 0.006 0.006 0.006 0.006 0.007 0.013 0.021 0.029 0.038 0.000 0.000 0.000 0.000 0.000 0.000 0.000 0.000 0.000 0.000 0.000 0.000 0.000 0.000 0.000 0.000 0.000 0.000 0.000 0.000 0.000 0.000 0.000 0.000 0.000 0.000 0.000 0.000 0.000 0.000 0.000 0.000 0.000 0.000 0.000 0.000 0.000 0.000 0.000 0.000 0.000 0.000 0.000 0.000 0.000 0.000
0.000 0.000 0.000 0.000 0.000 0.000 0.000 0.000 0.000 0.000 0.000 0.000 0.000 0.019 0.020 0.020 0.019 0.018 0.016 0.013 0.010 0.006 0.006 0.006 0.006 0.007 0.012 0.020 0.028 0.036 0.045 0.000 0.000 0.000 0.000 0.000 0.000 0.000 0.000 0.000 0.000 0.000 0.000 0.000 0.000 0.000 0.000 0.000 0.000 0.000 0.000 0.000 0.000 0.000 0.000 0.000 0.000 0.000 0.000 0.000 0.000 0.000 0.000 0.000 0.000 0.000 0.000 0.000 0.000 0.000 0.000 0.000 0.000 0.000 0.000 0.000 0.000
0.000 0.000 0.000 0.000 0.000 0.000 0.000 0.000 0.000 0.000 0.000 0.000 0.000 0.020 0.020 0.019 0.018 0.017 0.015 0.013 0.009 0.007 0.006 0.007 0.008 0.011 0.019 0.027 0.035 0.043 0.000 0.000 0.000 0.000 0.000 0.000 0.000 0.000 0.000 0.000 0.000 0.000 0.000 0.000 0.000 0.000 0.000 0.000 0.000 0.000 0.000 0.000 0.000 0.000 0.000 0.000 0.000 0.000 0.000 0.000 0.000 0.000 0.000 0.000 0.000 0.000 0.000 0.000 0.000 0.000 0.000 0.000 0.000 0.000 0.000 0.000 0.000
