数据/LID_BC_100y/LID_BC_res/LID_BC_131-0001.wd
ncols         694
nrows         824
xllcorner     581104.939801
yllcorner     3495917.092414
cellsize      2.000000
NODATA_value  -9999.000000
[rows 306 to 339 of 824, columns 462 to 538 of 694]
0.104 0.102 0.100 0.098 0.097 0.098 0.099 0.099 0.095 0.087 0.079 0.071 0.064 0.056 0.048 0.039 0.027 0.000 0.010 0.010 0.009 0.009 0.011 0.016 0.022 0.027 0.031 0.034 0.036 0.036 0.035 0.032 0.029 0.025 0.021 0.018 0.014 0.012 0.013 0.000 0.000 0.000 0.000 0.000 0.000 0.000 0.000 0.000 0.000 0.000 0.000 0.000 0.000 0.000 0.033 0.033 0.035 0.039 0.000 0.004 0.004 0.004 0.003 0.001 0.005 0.003 0.000 0.000 0.000 0.000 0.010 0.021 0.033 0.046 0.058 0.059 0.054
0.134 0.114 0.107 0.104 0.104 0.104 0.105 0.106 0.107 0.104 0.096 0.088 0.080 0.071 0.062 0.052 0.041 0.031 0.025 0.020 0.016 0.014 0.014 0.017 0.021 0.024 0.029 0.033 0.035 0.035 0.034 0.032 0.030 0.026 0.023 0.020 0.017 0.019 0.029 0.000 0.000 0.000 0.000 0.000 0.000 0.000 0.000 0.000 0.000 0.000 0.000 0.000 0.000 0.000 0.000 0.000 0.000 0.032 0.031 0.024 0.020 0.018 0.016 0.015 0.021 0.000 0.000 0.000 0.000 0.000 0.026 0.040 0.052 0.054 0.051 0.049 0.047
0.115 0.111 0.109 0.109 0.110 0.111 0.113 0.114 0.114 0.115 0.113 0.105 0.096 0.087 0.077 0.066 0.054 0.045 0.037 0.031 0.025 0.021 0.019 0.019 0.019 0.000 0.026 0.031 0.034 0.034 0.034 0.032 0.030 0.027 0.024 0.022 0.020 0.021 0.000 0.000 0.000 0.000 0.000 0.000 0.000 0.000 0.000 0.000 0.000 0.000 0.000 0.000 0.000 0.000 0.000 0.000 0.000 0.000 0.000 0.018 0.021 0.022 0.019 0.019 0.027 0.000 0.000 0.000 0.000 0.035 0.047 0.051 0.048 0.045 0.042 0.041 0.040
0.109 0.111 0.113 0.115 0.117 0.119 0.121 0.122 0.122 0.122 0.122 0.123 0.114 0.104 0.092 0.079 0.068 0.058 0.049 0.041 0.034 0.029 0.025 0.023 0.020 0.017 0.025 0.030 0.033 0.034 0.033 0.032 0.030 0.028 0.026 0.023 0.021 0.019 0.012 0.008 0.006 0.000 0.000 0.000 0.000 0.000 0.000 0.000 0.000 0.000 0.000 0.000 0.000 0.000 0.000 0.000 0.000 0.000 0.000 0.000 0.000 0.000 0.015 0.020 0.024 0.030 0.000 0.000 0.000 0.047 0.046 0.044 0.041 0.038 0.036 0.034 0.034
0.111 0.115 0.120 0.123 0.126 0.128 0.130 0.131 0.131 0.129 0.130 0.131 0.130 0.121 0.107 0.092 0.081 0.070 0.060 0.051 0.043 0.037 0.032 0.028 0.025 0.024 0.027 0.030 0.033 0.034 0.034 0.033 0.031 0.029 0.027 0.025 0.022 0.020 0.015 0.011 0.008 0.005 0.004 0.000 0.000 0.000 0.000 0.000 0.000 0.000 0.000 0.000 0.000 0.000 0.000 0.000 0.000 0.000 0.000 0.000 0.000 0.000 0.000 0.000 0.021 0.031 0.041 0.057 0.058 0.049 0.044 0.040 0.036 0.033 0.031 0.030 0.032
0.117 0.122 0.128 0.132 0.135 0.138 0.141 0.142 0.140 0.133 0.139 0.141 0.139 0.134 0.119 0.104 0.091 0.079 0.069 0.060 0.052 0.045 0.039 0.035 0.032 0.030 0.031 0.033 0.034 0.035 0.035 0.034 0.033 0.031 0.029 0.026 0.024 0.021 0.017 0.014 0.011 0.008 0.006 0.003 0.003 0.004 0.000 0.000 0.000 0.000 0.000 0.000 0.000 0.000 0.000 0.000 0.000 0.000 0.000 0.000 0.000 0.000 0.000 0.000 0.000 0.000 0.000 0.042 0.044 0.043 0.039 0.036 0.033 0.030 0.028 0.027 0.024
0.126 0.132 0.138 0.142 0.146 0.150 0.152 0.153 0.153 0.151 0.152 0.152 0.141 0.124 0.119 0.111 0.097 0.086 0.076 0.067 0.060 0.053 0.048 0.044 0.041 0.039 0.039 0.039 0.039 0.039 0.039 0.038 0.036 0.035 0.032 0.030 0.028 0.025 0.021 0.018 0.014 0.011 0.009 0.006 0.003 0.004 0.004 0.006 0.000 0.000 0.000 0.000 0.002 0.018 0.000 0.000 0.000 0.000 0.000 0.000 0.000 0.000 0.000 0.000 0.000 0.000 0.044 0.041 0.039 0.038 0.035 0.032 0.029 0.027 0.025 0.026 0.000
0.136 0.142 0.148 0.153 0.158 0.161 0.164 0.159 0.151 0.141 0.131 0.120 0.105 0.084 0.099 0.113 0.102 0.092 0.083 0.075 0.069 0.063 0.059 0.056 0.054 0.052 0.052 0.051 0.051 0.050 0.049 0.047 0.045 0.043 0.040 0.038 0.035 0.032 0.028 0.025 0.021 0.018 0.013 0.000 0.005 0.004 0.005 0.006 0.006 0.006 0.007 0.010 0.017 0.027 0.043 0.064 0.090 0.000 0.000 0.000 0.000 0.000 0.000 0.000 0.000 0.000 0.038 0.038 0.037 0.034 0.032 0.029 0.026 0.024 0.023 0.020 0.000
0.147 0.154 0.155 0.151 0.146 0.140 0.134 0.128 0.119 0.109 0.100 0.087 0.069 0.069 0.067 0.104 0.106 0.099 0.092 0.086 0.082 0.078 0.075 0.073 0.072 0.070 0.070 0.069 0.068 0.067 0.065 0.062 0.059 0.056 0.053 0.050 0.047 0.044 0.040 0.037 0.033 0.029 0.025 0.021 0.017 0.013 0.012 0.013 0.014 0.017 0.021 0.026 0.033 0.043 0.057 0.076 0.099 0.122 0.148 0.000 0.000 0.000 0.000 0.000 0.000 0.048 0.043 0.039 0.035 0.032 0.029 0.026 0.024 0.022 0.022 0.000 0.000
0.127 0.125 0.121 0.118 0.113 0.107 0.102 0.095 0.088 0.080 0.069 0.055 0.045 0.053 0.062 0.091 0.114 0.109 0.104 0.101 0.098 0.097 0.096 0.095 0.095 0.094 0.093 0.091 0.090 0.087 0.085 0.082 0.078 0.075 0.071 0.067 0.064 0.060 0.057 0.053 0.050 0.046 0.043 0.039 0.036 0.031 0.025 0.026 0.029 0.033 0.038 0.043 0.050 0.060 0.073 0.090 0.111 0.133 0.146 0.148 0.152 0.159 0.000 0.000 0.000 0.043 0.042 0.037 0.033 0.030 0.026 0.023 0.021 0.019 0.016 0.000 0.000
0.093 0.091 0.088 0.084 0.080 0.076 0.070 0.064 0.057 0.049 0.040 0.025 0.032 0.040 0.052 0.078 0.114 0.122 0.120 0.120 0.119 0.120 0.120 0.120 0.120 0.120 0.119 0.117 0.115 0.112 0.109 0.105 0.101 0.096 0.091 0.087 0.083 0.080 0.076 0.073 0.070 0.067 0.064 0.062 0.058 0.055 0.049 0.042 0.046 0.051 0.055 0.061 0.068 0.077 0.089 0.105 0.116 0.118 0.122 0.124 0.126 0.128 0.127 0.133 0.000 0.049 0.043 0.036 0.031 0.026 0.023 0.020 0.018 0.018 0.000 0.000 0.000
0.060 0.057 0.055 0.051 0.048 0.044 0.039 0.034 0.029 0.022 0.014 0.015 0.021 0.028 0.041 0.066 0.106 0.140 0.141 0.142 0.144 0.146 0.147 0.148 0.148 0.147 0.146 0.144 0.142 0.139 0.135 0.130 0.126 0.121 0.116 0.111 0.106 0.102 0.098 0.095 0.092 0.090 0.088 0.086 0.083 0.080 0.075 0.068 0.064 0.068 0.073 0.079 0.086 0.095 0.101 0.097 0.096 0.096 0.098 0.099 0.099 0.091 0.098 0.101 0.088 0.063 0.045 0.034 0.027 0.022 0.018 0.016 0.014 0.012 0.000 0.000 0.000
0.028 0.026 0.023 0.021 0.018 0.015 0.012 0.010 0.007 0.004 0.003 0.008 0.013 0.019 0.031 0.057 0.100 0.151 0.165 0.168 0.171 0.173 0.175 0.176 0.176 0.175 0.174 0.172 0.170 0.166 0.162 0.156 0.151 0.146 0.141 0.136 0.132 0.128 0.124 0.121 0.118 0.115 0.113 0.111 0.108 0.106 0.102 0.096 0.086 0.086 0.091 0.096 0.100 0.092 0.085 0.080 0.077 0.075 0.075 0.074 0.073 0.070 0.072 0.071 0.063 0.048 0.000 0.016 0.016 0.015 0.013 0.011 0.011 0.000 0.000 0.000 0.000
0.003 0.002 0.000 0.000 0.000 0.000 0.000 0.000 0.000 0.000 0.002 0.004 0.007 0.012 0.023 0.050 0.098 0.151 0.192 0.195 0.199 0.202 0.205 0.205 0.205 0.204 0.203 0.201 0.198 0.194 0.189 0.182 0.177 0.172 0.168 0.162 0.157 0.153 0.150 0.147 0.145 0.143 0.141 0.139 0.137 0.134 0.130 0.124 0.116 0.104 0.107 0.096 0.086 0.076 0.069 0.062 0.057 0.053 0.050 0.048 0.046 0.044 0.044 0.042 0.037 0.031 0.021 0.015 0.011 0.009 0.008 0.006 0.005 0.015 0.000 0.000 0.000
0.000 0.000 0.000 0.000 0.000 0.000 0.000 0.000 0.000 0.000 0.000 0.002 0.004 0.008 0.017 0.047 0.099 0.152 0.207 0.224 0.228 0.232 0.235 0.235 0.235 0.234 0.232 0.230 0.227 0.223 0.217 0.206 0.202 0.199 0.194 0.188 0.183 0.180 0.177 0.174 0.173 0.171 0.169 0.168 0.166 0.163 0.160 0.155 0.141 0.116 0.112 0.103 0.091 0.080 0.071 0.062 0.055 0.049 0.044 0.040 0.036 0.032 0.029 0.025 0.021 0.015 0.011 0.008 0.006 0.004 0.003 0.002 0.001 0.000 0.000 0.000 0.000
0.000 0.000 0.000 0.000 0.000 0.000 0.000 0.000 0.000 0.000 0.000 0.000 0.002 0.005 0.014 0.048 0.102 0.000 0.209 0.253 0.257 0.262 0.267 0.000 0.000 0.000 0.000 0.000 0.000 0.000 0.000 0.228 0.229 0.227 0.222 0.213 0.209 0.207 0.203 0.202 0.201 0.199 0.198 0.197 0.195 0.186 0.171 0.154 0.135 0.111 0.109 0.111 0.114 0.104 0.093 0.084 0.075 0.068 0.061 0.055 0.050 0.044 0.039 0.034 0.029 0.024 0.019 0.015 0.012 0.009 0.007 0.005 0.003 0.002 0.001 0.000 0.000
0.000 0.000 0.000 0.000 0.000 0.000 0.000 0.000 0.000 0.000 0.000 0.000 0.000 0.008 0.000 0.000 0.105 0.000 0.000 0.270 0.000 0.000 0.000 0.000 0.000 0.000 0.000 0.000 0.000 0.000 0.000 0.000 0.000 0.000 0.000 0.235 0.236 0.235 0.229 0.229 0.229 0.228 0.219 0.206 0.193 0.179 0.164 0.147 0.128 0.104 0.103 0.104 0.107 0.111 0.113 0.103 0.094 0.086 0.078 0.071 0.064 0.058 0.052 0.045 0.039 0.034 0.028 0.023 0.019 0.015 0.012 0.009 0.007 0.005 0.004 0.002 0.001
0.000 0.000 0.000 0.000 0.000 0.000 0.000 0.000 0.000 0.000 0.000 0.000 0.000 0.000 0.000 0.000 0.000 0.000 0.000 0.000 0.000 0.000 0.000 0.000 0.000 0.000 0.000 0.000 0.000 0.000 0.000 0.000 0.000 0.000 0.000 0.000 0.000 0.000 0.254 0.249 0.238 0.225 0.210 0.198 0.185 0.171 0.156 0.140 0.120 0.099 0.097 0.097 0.099 0.102 0.107 0.112 0.112 0.103 0.095 0.087 0.080 0.072 0.065 0.058 0.051 0.045 0.039 0.033 0.028 0.023 0.019 0.015 0.012 0.009 0.007 0.005 0.004
0.000 0.000 0.000 0.000 0.000 0.000 0.000 0.000 0.000 0.000 0.000 0.000 0.000 0.000 0.000 0.000 0.000 0.000 0.000 0.000 0.000 0.000 0.000 0.000 0.000 0.000 0.000 0.000 0.000 0.000 0.000 0.000 0.000 0.000 0.000 0.000 0.000 0.000 0.000 0.000 0.000 0.000 0.199 0.190 0.177 0.161 0.147 0.131 0.111 0.092 0.090 0.089 0.090 0.093 0.097 0.102 0.108 0.115 0.111 0.103 0.095 0.087 0.079 0.072 0.064 0.057 0.051 0.044 0.038 0.033 0.028 0.023 0.020 0.016 0.013 0.011 0.009
0.000 0.000 0.000 0.000 0.000 0.000 0.000 0.000 0.000 0.000 0.000 0.000 0.000 0.000 0.000 0.000 0.000 0.000 0.000 0.000 0.000 0.000 0.000 0.000 0.000 0.000 0.000 0.000 0.000 0.000 0.000 0.000 0.000 0.000 0.000 0.000 0.000 0.000 0.000 0.000 0.000 0.000 0.000 0.000 0.000 0.149 0.138 0.123 0.099 0.082 0.080 0.080 0.081 0.083 0.087 0.091 0.097 0.103 0.110 0.117 0.110 0.101 0.093 0.085 0.078 0.070 0.063 0.057 0.051 0.045 0.040 0.035 0.031 0.027 0.023 0.020 0.017
0.000 0.000 0.000 0.000 0.000 0.000 0.000 0.000 0.000 0.000 0.000 0.000 0.000 0.000 0.000 0.000 0.000 0.000 0.000 0.000 0.000 0.000 0.000 0.000 0.000 0.000 0.000 0.000 0.000 0.000 0.000 0.000 0.000 0.000 0.000 0.000 0.000 0.000 0.000 0.000 0.000 0.000 0.000 0.000 0.000 0.000 0.000 0.000 0.080 0.072 0.068 0.069 0.071 0.074 0.076 0.080 0.086 0.092 0.098 0.105 0.111 0.116 0.107 0.099 0.091 0.084 0.077 0.071 0.065 0.060 0.055 0.051 0.047 0.042 0.038 0.033 0.029
0.000 0.000 0.000 0.000 0.000 0.000 0.000 0.000 0.000 0.000 0.000 0.000 0.000 0.000 0.000 0.000 0.000 0.000 0.000 0.000 0.000 0.000 0.000 0.000 0.000 0.000 0.000 0.000 0.000 0.000 0.000 0.000 0.000 0.000 0.000 0.000 0.000 0.000 0.000 0.000 0.000 0.000 0.000 0.000 0.000 0.000 0.000 0.000 0.000 0.000 0.049 0.058 0.063 0.066 0.065 0.069 0.076 0.082 0.086 0.092 0.098 0.105 0.112 0.113 0.105 0.098 0.092 0.086 0.081 0.077 0.074 0.070 0.066 0.061 0.056 0.051 0.045
0.000 0.000 0.000 0.000 0.000 0.000 0.000 0.000 0.000 0.000 0.000 0.000 0.000 0.000 0.000 0.000 0.000 0.000 0.000 0.000 0.000 0.000 0.000 0.000 0.000 0.000 0.000 0.000 0.000 0.000 0.000 0.000 0.000 0.000 0.000 0.000 0.000 0.000 0.000 0.000 0.000 0.000 0.000 0.000 0.000 0.000 0.000 0.000 0.000 0.000 0.000 0.000 0.000 0.000 0.048 0.059 0.067 0.073 0.074 0.078 0.084 0.091 0.098 0.106 0.114 0.113 0.108 0.104 0.100 0.098 0.095 0.092 0.088 0.082 0.076 0.069 0.062
0.000 0.000 0.000 0.000 0.000 0.000 0.000 0.000 0.000 0.000 0.000 0.000 0.000 0.000 0.000 0.000 0.000 0.000 0.000 0.000 0.000 0.000 0.000 0.000 0.000 0.000 0.000 0.000 0.000 0.000 0.000 0.000 0.000 0.000 0.000 0.000 0.000 0.000 0.000 0.000 0.000 0.000 0.000 0.000 0.000 0.000 0.000 0.000 0.000 0.000 0.000 0.000 0.000 0.000 0.000 0.000 0.000 0.000 0.056 0.062 0.069 0.076 0.084 0.092 0.101 0.111 0.123 0.123 0.122 0.121 0.119 0.116 0.111 0.105 0.097 0.088 0.080
0.000 0.000 0.000 0.000 0.000 0.000 0.000 0.000 0.000 0.000 0.000 0.000 0.000 0.000 0.000 0.000 0.000 0.000 0.000 0.000 0.000 0.000 0.000 0.000 0.000 0.000 0.000 0.000 0.000 0.000 0.000 0.000 0.000 0.000 0.000 0.000 0.000 0.000 0.000 0.000 0.000 0.000 0.000 0.000 0.000 0.000 0.000 0.000 0.000 0.000 0.000 0.000 0.000 0.000 0.000 0.000 0.000 0.000 0.000 0.042 0.053 0.061 0.070 0.078 0.087 0.099 0.112 0.129 0.146 0.147 0.144 0.141 0.136 0.128 0.117 0.106 0.096
0.000 0.000 0.000 0.000 0.000 0.000 0.000 0.000 0.000 0.000 0.000 0.000 0.000 0.000 0.000 0.000 0.000 0.000 0.000 0.000 0.000 0.000 0.000 0.000 0.000 0.000 0.000 0.000 0.000 0.000 0.000 0.000 0.000 0.000 0.000 0.000 0.000 0.000 0.000 0.000 0.000 0.000 0.000 0.000 0.000 0.000 0.000 0.000 0.000 0.000 0.000 0.000 0.000 0.000 0.000 0.000 0.000 0.000 0.000 0.028 0.038 0.047 0.056 0.065 0.075 0.087 0.102 0.121 0.142 0.162 0.171 0.167 0.162 0.152 0.133 0.122 0.110
0.000 0.000 0.000 0.000 0.000 0.000 0.000 0.000 0.000 0.000 0.000 0.000 0.000 0.000 0.000 0.000 0.000 0.000 0.000 0.000 0.000 0.000 0.000 0.000 0.000 0.000 0.000 0.000 0.000 0.000 0.000 0.000 0.000 0.000 0.000 0.000 0.000 0.000 0.000 0.000 0.000 0.000 0.000 0.000 0.000 0.000 0.000 0.000 0.000 0.000 0.000 0.000 0.000 0.000 0.000 0.000 0.000 0.000 0.000 0.016 0.025 0.034 0.042 0.051 0.062 0.076 0.094 0.116 0.139 0.162 0.000 0.000 0.000 0.000 0.141 0.138 0.120
0.000 0.000 0.000 0.000 0.000 0.000 0.000 0.000 0.000 0.000 0.000 0.000 0.000 0.000 0.000 0.000 0.000 0.000 0.000 0.000 0.000 0.000 0.000 0.000 0.000 0.000 0.000 0.000 0.000 0.000 0.000 0.000 0.000 0.000 0.000 0.000 0.000 0.000 0.000 0.000 0.000 0.000 0.000 0.000 0.000 0.000 0.000 0.000 0.000 0.000 0.000 0.000 0.000 0.000 0.000 0.000 0.000 0.000 0.000 0.007 0.014 0.021 0.029 0.039 0.050 0.066 0.087 0.111 0.136 0.000 0.000 0.000 0.000 0.000 0.000 0.000 0.120
0.000 0.000 0.000 0.000 0.000 0.000 0.000 0.000 0.000 0.000 0.000 0.000 0.000 0.000 0.000 0.000 0.000 0.000 0.000 0.000 0.000 0.000 0.000 0.000 0.000 0.000 0.000 0.000 0.000 0.000 0.000 0.000 0.000 0.000 0.000 0.000 0.000 0.000 0.000 0.000 0.000 0.000 0.000 0.000 0.000 0.000 0.000 0.000 0.000 0.000 0.000 0.000 0.000 0.000 0.000 0.000 0.000 0.000 0.000 0.000 0.004 0.010 0.017 0.026 0.039 0.057 0.080 0.107 0.000 0.000 0.000 0.000 0.000 0.000 0.000 0.000 0.000
0.000 0.000 0.000 0.000 0.000 0.000 0.000 0.000 0.000 0.000 0.000 0.000 0.000 0.000 0.000 0.000 0.000 0.000 0.000 0.000 0.000 0.000 0.000 0.000 0.000 0.000 0.000 0.000 0.000 0.000 0.000 0.000 0.000 0.000 0.000 0.000 0.000 0.000 0.000 0.000 0.000 0.000 0.000 0.000 0.000 0.000 0.000 0.000 0.000 0.000 0.000 0.000 0.000 0.000 0.000 0.000 0.000 0.000 0.000 0.000 0.000 0.002 0.006 0.015 0.028 0.048 0.074 0.102 0.000 0.000 0.000 0.000 0.000 0.000 0.000 0.000 0.000
0.000 0.000 0.000 0.000 0.000 0.000 0.000 0.000 0.000 0.000 0.000 0.000 0.000 0.000 0.000 0.000 0.000 0.000 0.000 0.000 0.000 0.000 0.000 0.000 0.000 0.000 0.000 0.000 0.000 0.000 0.000 0.000 0.000 0.000 0.000 0.000 0.000 0.000 0.000 0.000 0.000 0.000 0.000 0.000 0.000 0.000 0.000 0.000 0.000 0.000 0.000 0.000 0.000 0.000 0.000 0.000 0.000 0.000 0.000 0.000 0.000 0.000 0.000 0.005 0.015 0.037 0.066 0.000 0.000 0.000 0.000 0.000 0.000 0.000 0.000 0.000 0.000
0.000 0.000 0.000 0.000 0.000 0.000 0.000 0.000 0.000 0.000 0.000 0.000 0.000 0.000 0.000 0.000 0.000 0.000 0.000 0.000 0.000 0.000 0.000 0.000 0.000 0.000 0.000 0.000 0.000 0.000 0.000 0.000 0.000 0.000 0.000 0.000 0.000 0.000 0.000 0.000 0.000 0.000 0.000 0.000 0.000 0.000 0.000 0.000 0.000 0.000 0.000 0.000 0.000 0.000 0.000 0.000 0.000 0.000 0.000 0.000 0.000 0.000 0.000 0.003 0.010 0.037 0.075 0.000 0.000 0.000 0.000 0.000 0.000 0.000 0.000 0.000 0.000
0.000 0.000 0.000 0.000 0.000 0.000 0.000 0.000 0.000 0.000 0.000 0.000 0.000 0.000 0.000 0.000 0.000 0.000 0.000 0.000 0.000 0.000 0.000 0.000 0.000 0.000 0.000 0.000 0.000 0.000 0.000 0.000 0.000 0.000 0.000 0.000 0.000 0.000 0.000 0.000 0.000 0.000 0.000 0.000 0.000 0.000 0.000 0.000 0.000 0.000 0.000 0.000 0.000 0.000 0.000 0.000 0.000 0.000 0.000 0.000 0.000 0.000 0.000 0.003 0.010 0.037 0.000 0.000 0.000 0.000 0.000 0.000 0.000 0.000 0.000 0.000 0.000
0.000 0.000 0.000 0.000 0.000 0.000 0.000 0.000 0.000 0.000 0.000 0.000 0.000 0.000 0.000 0.000 0.000 0.000 0.000 0.000 0.000 0.000 0.000 0.000 0.000 0.000 0.000 0.000 0.000 0.000 0.000 0.000 0.000 0.000 0.000 0.000 0.000 0.000 0.000 0.000 0.000 0.000 0.000 0.000 0.000 0.000 0.000 0.000 0.000 0.000 0.000 0.000 0.000 0.000 0.000 0.000 0.000 0.000 0.000 0.000 0.000 0.000 0.000 0.003 0.011 0.037 0.000 0.000 0.000 0.000 0.000 0.000 0.000 0.000 0.000 0.000 0.000
