数据/LID_BC_100y/LID_BC_res/LID_BC_139-0001.wd
ncols         694
nrows         824
xllcorner     581104.939801
yllcorner     3495917.092414
cellsize      2.000000
NODATA_value  -9999.000000
[rows 306 to 339 of 824, columns 462 to 538 of 694]
0.085 0.084 0.081 0.080 0.079 0.079 0.080 0.081 0.076 0.069 0.062 0.055 0.047 0.040 0.033 0.026 0.018 0.000 0.007 0.006 0.005 0.005 0.005 0.006 0.010 0.015 0.019 0.023 0.025 0.025 0.025 0.023 0.020 0.017 0.014 0.011 0.009 0.007 0.008 0.000 0.000 0.000 0.000 0.000 0.000 0.000 0.000 0.000 0.000 0.000 0.000 0.000 0.000 0.000 0.029 0.030 0.031 0.036 0.000 0.003 0.004 0.004 0.004 0.004 0.012 0.042 0.000 0.000 0.000 0.000 0.010 0.022 0.034 0.047 0.059 0.060 0.055
0.111 0.094 0.088 0.086 0.085 0.086 0.086 0.087 0.088 0.085 0.078 0.070 0.063 0.055 0.047 0.038 0.029 0.022 0.017 0.013 0.010 0.008 0.007 0.008 0.010 0.014 0.019 0.022 0.024 0.025 0.024 0.023 0.021 0.018 0.016 0.013 0.011 0.012 0.021 0.000 0.000 0.000 0.000 0.000 0.000 0.000 0.000 0.000 0.000 0.000 0.000 0.000 0.000 0.000 0.000 0.000 0.000 0.030 0.029 0.022 0.019 0.017 0.016 0.015 0.023 0.000 0.000 0.000 0.000 0.000 0.027 0.040 0.052 0.054 0.052 0.049 0.048
0.095 0.092 0.090 0.090 0.091 0.092 0.093 0.094 0.095 0.096 0.094 0.087 0.079 0.070 0.061 0.051 0.041 0.034 0.027 0.022 0.017 0.014 0.011 0.010 0.010 0.000 0.017 0.021 0.023 0.024 0.024 0.023 0.021 0.019 0.017 0.014 0.013 0.014 0.000 0.000 0.000 0.000 0.000 0.000 0.000 0.000 0.000 0.000 0.000 0.000 0.000 0.000 0.000 0.000 0.000 0.000 0.000 0.000 0.000 0.017 0.020 0.021 0.018 0.019 0.029 0.000 0.000 0.000 0.000 0.035 0.047 0.051 0.048 0.045 0.043 0.041 0.041
0.089 0.092 0.094 0.096 0.098 0.100 0.102 0.103 0.103 0.103 0.103 0.104 0.096 0.087 0.076 0.064 0.054 0.046 0.038 0.031 0.025 0.020 0.016 0.014 0.012 0.009 0.017 0.021 0.023 0.024 0.024 0.023 0.021 0.019 0.017 0.015 0.014 0.013 0.008 0.005 0.004 0.000 0.000 0.000 0.000 0.000 0.000 0.000 0.000 0.000 0.000 0.000 0.000 0.000 0.000 0.000 0.000 0.000 0.000 0.000 0.000 0.000 0.014 0.020 0.025 0.033 0.000 0.000 0.000 0.047 0.046 0.043 0.041 0.038 0.036 0.035 0.034
0.091 0.096 0.100 0.103 0.106 0.109 0.111 0.112 0.112 0.109 0.111 0.112 0.112 0.104 0.091 0.077 0.067 0.057 0.048 0.040 0.033 0.027 0.022 0.018 0.015 0.014 0.017 0.020 0.022 0.023 0.023 0.023 0.022 0.020 0.018 0.016 0.015 0.013 0.010 0.007 0.005 0.003 0.002 0.000 0.000 0.000 0.000 0.000 0.000 0.000 0.000 0.000 0.000 0.000 0.000 0.000 0.000 0.000 0.000 0.000 0.000 0.000 0.000 0.000 0.023 0.034 0.043 0.057 0.058 0.048 0.043 0.039 0.036 0.033 0.031 0.030 0.032
0.097 0.103 0.108 0.112 0.116 0.119 0.121 0.122 0.121 0.113 0.120 0.122 0.121 0.117 0.103 0.089 0.076 0.065 0.056 0.047 0.040 0.033 0.028 0.024 0.020 0.019 0.020 0.021 0.023 0.023 0.024 0.023 0.022 0.021 0.019 0.018 0.016 0.014 0.011 0.009 0.006 0.005 0.004 0.002 0.002 0.003 0.000 0.000 0.000 0.000 0.000 0.000 0.000 0.000 0.000 0.000 0.000 0.000 0.000 0.000 0.000 0.000 0.000 0.000 0.000 0.000 0.000 0.041 0.043 0.041 0.038 0.035 0.031 0.029 0.027 0.026 0.024
0.106 0.112 0.117 0.122 0.127 0.130 0.133 0.134 0.134 0.132 0.133 0.134 0.124 0.108 0.103 0.095 0.082 0.071 0.062 0.054 0.046 0.040 0.035 0.030 0.027 0.025 0.024 0.024 0.025 0.025 0.025 0.025 0.024 0.023 0.021 0.019 0.018 0.016 0.013 0.011 0.009 0.007 0.005 0.003 0.002 0.003 0.002 0.004 0.000 0.000 0.000 0.000 0.001 0.009 0.000 0.000 0.000 0.000 0.000 0.000 0.000 0.000 0.000 0.000 0.000 0.000 0.042 0.039 0.038 0.036 0.033 0.031 0.028 0.025 0.024 0.025 0.000
0.116 0.123 0.129 0.134 0.138 0.142 0.145 0.140 0.132 0.122 0.113 0.103 0.089 0.070 0.083 0.096 0.086 0.076 0.068 0.060 0.053 0.047 0.042 0.038 0.036 0.034 0.033 0.032 0.032 0.031 0.031 0.030 0.029 0.027 0.026 0.024 0.022 0.019 0.017 0.015 0.012 0.010 0.008 0.000 0.003 0.003 0.003 0.004 0.004 0.004 0.005 0.005 0.009 0.017 0.032 0.053 0.078 0.000 0.000 0.000 0.000 0.000 0.000 0.000 0.000 0.000 0.036 0.036 0.034 0.032 0.030 0.027 0.025 0.023 0.021 0.019 0.000
0.128 0.134 0.135 0.131 0.127 0.121 0.115 0.108 0.101 0.092 0.083 0.071 0.054 0.055 0.048 0.086 0.088 0.081 0.074 0.068 0.063 0.058 0.055 0.052 0.050 0.048 0.047 0.046 0.045 0.044 0.043 0.041 0.039 0.037 0.035 0.033 0.030 0.028 0.025 0.022 0.020 0.017 0.014 0.012 0.010 0.007 0.006 0.007 0.008 0.009 0.012 0.017 0.024 0.033 0.046 0.065 0.088 0.111 0.137 0.000 0.000 0.000 0.000 0.000 0.000 0.044 0.040 0.036 0.033 0.030 0.027 0.024 0.022 0.020 0.020 0.000 0.000
0.108 0.105 0.102 0.098 0.094 0.089 0.083 0.077 0.070 0.062 0.053 0.041 0.032 0.040 0.045 0.072 0.094 0.088 0.084 0.080 0.076 0.074 0.073 0.072 0.071 0.070 0.069 0.068 0.066 0.064 0.061 0.059 0.056 0.053 0.050 0.047 0.045 0.042 0.039 0.036 0.033 0.031 0.028 0.025 0.023 0.020 0.015 0.016 0.019 0.023 0.028 0.033 0.041 0.050 0.062 0.079 0.100 0.122 0.136 0.138 0.142 0.149 0.000 0.000 0.000 0.040 0.038 0.035 0.031 0.027 0.024 0.021 0.019 0.017 0.015 0.000 0.000
0.074 0.072 0.069 0.066 0.061 0.057 0.052 0.047 0.041 0.034 0.027 0.015 0.021 0.028 0.037 0.059 0.093 0.099 0.097 0.096 0.095 0.095 0.096 0.096 0.096 0.095 0.095 0.093 0.091 0.089 0.085 0.082 0.078 0.074 0.070 0.066 0.063 0.060 0.057 0.055 0.052 0.050 0.048 0.046 0.043 0.040 0.036 0.030 0.035 0.040 0.045 0.051 0.058 0.067 0.079 0.094 0.105 0.108 0.112 0.114 0.117 0.118 0.118 0.124 0.000 0.045 0.039 0.033 0.028 0.024 0.021 0.018 0.016 0.016 0.000 0.000 0.000
0.041 0.039 0.037 0.034 0.031 0.027 0.023 0.019 0.015 0.012 0.007 0.008 0.013 0.018 0.028 0.048 0.083 0.115 0.116 0.117 0.119 0.120 0.122 0.123 0.123 0.123 0.122 0.120 0.118 0.115 0.111 0.107 0.102 0.098 0.094 0.089 0.085 0.082 0.079 0.076 0.074 0.072 0.071 0.069 0.068 0.065 0.061 0.055 0.052 0.057 0.062 0.068 0.076 0.085 0.091 0.087 0.086 0.086 0.088 0.089 0.089 0.080 0.089 0.092 0.081 0.058 0.042 0.031 0.024 0.020 0.017 0.014 0.013 0.011 0.000 0.000 0.000
0.011 0.011 0.009 0.008 0.007 0.006 0.005 0.004 0.003 0.002 0.002 0.004 0.007 0.011 0.020 0.039 0.076 0.125 0.139 0.142 0.145 0.148 0.150 0.151 0.151 0.151 0.150 0.148 0.146 0.142 0.138 0.133 0.128 0.123 0.119 0.115 0.110 0.107 0.104 0.101 0.099 0.098 0.096 0.094 0.093 0.091 0.088 0.083 0.074 0.075 0.080 0.086 0.091 0.083 0.076 0.071 0.067 0.066 0.065 0.065 0.064 0.061 0.063 0.063 0.057 0.043 0.000 0.014 0.015 0.013 0.012 0.010 0.010 0.000 0.000 0.000 0.000
0.002 0.002 0.000 0.000 0.000 0.000 0.000 0.000 0.000 0.000 0.001 0.002 0.004 0.007 0.014 0.032 0.073 0.125 0.165 0.169 0.173 0.176 0.179 0.180 0.180 0.180 0.179 0.177 0.174 0.170 0.165 0.159 0.154 0.149 0.145 0.140 0.136 0.133 0.130 0.128 0.126 0.125 0.124 0.123 0.121 0.119 0.116 0.111 0.104 0.093 0.097 0.086 0.076 0.068 0.060 0.054 0.049 0.045 0.042 0.041 0.039 0.037 0.036 0.035 0.031 0.026 0.018 0.013 0.010 0.008 0.007 0.006 0.005 0.016 0.000 0.000 0.000
0.000 0.000 0.000 0.000 0.000 0.000 0.000 0.000 0.000 0.000 0.000 0.001 0.002 0.004 0.009 0.027 0.074 0.126 0.181 0.198 0.202 0.206 0.209 0.210 0.209 0.209 0.208 0.206 0.203 0.199 0.193 0.183 0.179 0.176 0.172 0.166 0.162 0.159 0.157 0.155 0.154 0.153 0.153 0.152 0.151 0.149 0.146 0.142 0.129 0.105 0.102 0.093 0.081 0.071 0.062 0.054 0.048 0.042 0.037 0.033 0.029 0.026 0.023 0.019 0.016 0.012 0.009 0.006 0.005 0.003 0.002 0.002 0.001 0.000 0.000 0.000 0.000
0.000 0.000 0.000 0.000 0.000 0.000 0.000 0.000 0.000 0.000 0.000 0.000 0.001 0.002 0.007 0.028 0.078 0.000 0.183 0.227 0.232 0.236 0.241 0.000 0.000 0.000 0.000 0.000 0.000 0.000 0.000 0.204 0.206 0.204 0.200 0.191 0.188 0.186 0.184 0.183 0.182 0.182 0.181 0.181 0.180 0.172 0.157 0.142 0.123 0.100 0.098 0.100 0.104 0.094 0.084 0.076 0.068 0.060 0.054 0.048 0.042 0.037 0.032 0.028 0.023 0.019 0.015 0.012 0.009 0.007 0.005 0.004 0.003 0.002 0.001 0.000 0.000
0.000 0.000 0.000 0.000 0.000 0.000 0.000 0.000 0.000 0.000 0.000 0.000 0.000 0.007 0.000 0.000 0.081 0.000 0.000 0.244 0.000 0.000 0.000 0.000 0.000 0.000 0.000 0.000 0.000 0.000 0.000 0.000 0.000 0.000 0.000 0.213 0.215 0.214 0.210 0.211 0.211 0.211 0.203 0.190 0.178 0.164 0.150 0.135 0.117 0.093 0.093 0.094 0.097 0.102 0.103 0.094 0.086 0.078 0.070 0.063 0.057 0.051 0.045 0.039 0.033 0.028 0.024 0.019 0.016 0.012 0.010 0.007 0.006 0.004 0.003 0.002 0.001
0.000 0.000 0.000 0.000 0.000 0.000 0.000 0.000 0.000 0.000 0.000 0.000 0.000 0.000 0.000 0.000 0.000 0.000 0.000 0.000 0.000 0.000 0.000 0.000 0.000 0.000 0.000 0.000 0.000 0.000 0.000 0.000 0.000 0.000 0.000 0.000 0.000 0.000 0.236 0.231 0.220 0.208 0.194 0.182 0.170 0.157 0.143 0.127 0.109 0.088 0.087 0.087 0.089 0.093 0.098 0.104 0.103 0.095 0.087 0.079 0.072 0.065 0.058 0.051 0.045 0.039 0.034 0.028 0.024 0.019 0.016 0.012 0.010 0.008 0.006 0.005 0.003
0.000 0.000 0.000 0.000 0.000 0.000 0.000 0.000 0.000 0.000 0.000 0.000 0.000 0.000 0.000 0.000 0.000 0.000 0.000 0.000 0.000 0.000 0.000 0.000 0.000 0.000 0.000 0.000 0.000 0.000 0.000 0.000 0.000 0.000 0.000 0.000 0.000 0.000 0.000 0.000 0.000 0.000 0.184 0.174 0.163 0.147 0.134 0.119 0.100 0.082 0.080 0.080 0.081 0.084 0.088 0.093 0.099 0.106 0.103 0.095 0.087 0.079 0.072 0.065 0.058 0.051 0.045 0.039 0.033 0.028 0.024 0.020 0.017 0.014 0.011 0.009 0.007
0.000 0.000 0.000 0.000 0.000 0.000 0.000 0.000 0.000 0.000 0.000 0.000 0.000 0.000 0.000 0.000 0.000 0.000 0.000 0.000 0.000 0.000 0.000 0.000 0.000 0.000 0.000 0.000 0.000 0.000 0.000 0.000 0.000 0.000 0.000 0.000 0.000 0.000 0.000 0.000 0.000 0.000 0.000 0.000 0.000 0.136 0.126 0.111 0.088 0.073 0.071 0.071 0.072 0.074 0.078 0.082 0.088 0.095 0.102 0.109 0.102 0.094 0.086 0.078 0.071 0.064 0.057 0.051 0.045 0.040 0.035 0.031 0.027 0.023 0.020 0.017 0.014
0.000 0.000 0.000 0.000 0.000 0.000 0.000 0.000 0.000 0.000 0.000 0.000 0.000 0.000 0.000 0.000 0.000 0.000 0.000 0.000 0.000 0.000 0.000 0.000 0.000 0.000 0.000 0.000 0.000 0.000 0.000 0.000 0.000 0.000 0.000 0.000 0.000 0.000 0.000 0.000 0.000 0.000 0.000 0.000 0.000 0.000 0.000 0.000 0.070 0.062 0.059 0.060 0.062 0.065 0.068 0.072 0.078 0.084 0.090 0.097 0.103 0.108 0.100 0.092 0.084 0.077 0.071 0.064 0.059 0.054 0.049 0.045 0.041 0.037 0.033 0.029 0.025
0.000 0.000 0.000 0.000 0.000 0.000 0.000 0.000 0.000 0.000 0.000 0.000 0.000 0.000 0.000 0.000 0.000 0.000 0.000 0.000 0.000 0.000 0.000 0.000 0.000 0.000 0.000 0.000 0.000 0.000 0.000 0.000 0.000 0.000 0.000 0.000 0.000 0.000 0.000 0.000 0.000 0.000 0.000 0.000 0.000 0.000 0.000 0.000 0.000 0.000 0.041 0.049 0.054 0.057 0.056 0.061 0.067 0.074 0.079 0.084 0.090 0.097 0.104 0.106 0.098 0.091 0.085 0.079 0.075 0.071 0.067 0.064 0.060 0.056 0.051 0.046 0.041
0.000 0.000 0.000 0.000 0.000 0.000 0.000 0.000 0.000 0.000 0.000 0.000 0.000 0.000 0.000 0.000 0.000 0.000 0.000 0.000 0.000 0.000 0.000 0.000 0.000 0.000 0.000 0.000 0.000 0.000 0.000 0.000 0.000 0.000 0.000 0.000 0.000 0.000 0.000 0.000 0.000 0.000 0.000 0.000 0.000 0.000 0.000 0.000 0.000 0.000 0.000 0.000 0.000 0.000 0.041 0.051 0.059 0.065 0.066 0.071 0.077 0.083 0.091 0.099 0.107 0.106 0.101 0.096 0.093 0.091 0.089 0.085 0.081 0.077 0.071 0.064 0.058
0.000 0.000 0.000 0.000 0.000 0.000 0.000 0.000 0.000 0.000 0.000 0.000 0.000 0.000 0.000 0.000 0.000 0.000 0.000 0.000 0.000 0.000 0.000 0.000 0.000 0.000 0.000 0.000 0.000 0.000 0.000 0.000 0.000 0.000 0.000 0.000 0.000 0.000 0.000 0.000 0.000 0.000 0.000 0.000 0.000 0.000 0.000 0.000 0.000 0.000 0.000 0.000 0.000 0.000 0.000 0.000 0.000 0.000 0.049 0.055 0.062 0.069 0.077 0.085 0.094 0.104 0.115 0.116 0.115 0.114 0.112 0.109 0.105 0.099 0.091 0.083 0.075
0.000 0.000 0.000 0.000 0.000 0.000 0.000 0.000 0.000 0.000 0.000 0.000 0.000 0.000 0.000 0.000 0.000 0.000 0.000 0.000 0.000 0.000 0.000 0.000 0.000 0.000 0.000 0.000 0.000 0.000 0.000 0.000 0.000 0.000 0.000 0.000 0.000 0.000 0.000 0.000 0.000 0.000 0.000 0.000 0.000 0.000 0.000 0.000 0.000 0.000 0.000 0.000 0.000 0.000 0.000 0.000 0.000 0.000 0.000 0.037 0.047 0.055 0.063 0.071 0.081 0.092 0.105 0.121 0.139 0.139 0.137 0.134 0.130 0.122 0.111 0.101 0.091
0.000 0.000 0.000 0.000 0.000 0.000 0.000 0.000 0.000 0.000 0.000 0.000 0.000 0.000 0.000 0.000 0.000 0.000 0.000 0.000 0.000 0.000 0.000 0.000 0.000 0.000 0.000 0.000 0.000 0.000 0.000 0.000 0.000 0.000 0.000 0.000 0.000 0.000 0.000 0.000 0.000 0.000 0.000 0.000 0.000 0.000 0.000 0.000 0.000 0.000 0.000 0.000 0.000 0.000 0.000 0.000 0.000 0.000 0.000 0.023 0.033 0.042 0.050 0.058 0.068 0.080 0.095 0.114 0.135 0.155 0.164 0.161 0.155 0.146 0.128 0.117 0.105
0.000 0.000 0.000 0.000 0.000 0.000 0.000 0.000 0.000 0.000 0.000 0.000 0.000 0.000 0.000 0.000 0.000 0.000 0.000 0.000 0.000 0.000 0.000 0.000 0.000 0.000 0.000 0.000 0.000 0.000 0.000 0.000 0.000 0.000 0.000 0.000 0.000 0.000 0.000 0.000 0.000 0.000 0.000 0.000 0.000 0.000 0.000 0.000 0.000 0.000 0.000 0.000 0.000 0.000 0.000 0.000 0.000 0.000 0.000 0.013 0.021 0.029 0.037 0.045 0.056 0.069 0.087 0.108 0.132 0.154 0.000 0.000 0.000 0.000 0.136 0.133 0.115
0.000 0.000 0.000 0.000 0.000 0.000 0.000 0.000 0.000 0.000 0.000 0.000 0.000 0.000 0.000 0.000 0.000 0.000 0.000 0.000 0.000 0.000 0.000 0.000 0.000 0.000 0.000 0.000 0.000 0.000 0.000 0.000 0.000 0.000 0.000 0.000 0.000 0.000 0.000 0.000 0.000 0.000 0.000 0.000 0.000 0.000 0.000 0.000 0.000 0.000 0.000 0.000 0.000 0.000 0.000 0.000 0.000 0.000 0.000 0.004 0.010 0.017 0.024 0.033 0.044 0.059 0.080 0.104 0.129 0.000 0.000 0.000 0.000 0.000 0.000 0.000 0.116
0.000 0.000 0.000 0.000 0.000 0.000 0.000 0.000 0.000 0.000 0.000 0.000 0.000 0.000 0.000 0.000 0.000 0.000 0.000 0.000 0.000 0.000 0.000 0.000 0.000 0.000 0.000 0.000 0.000 0.000 0.000 0.000 0.000 0.000 0.000 0.000 0.000 0.000 0.000 0.000 0.000 0.000 0.000 0.000 0.000 0.000 0.000 0.000 0.000 0.000 0.000 0.000 0.000 0.000 0.000 0.000 0.000 0.000 0.000 0.000 0.002 0.007 0.013 0.021 0.033 0.050 0.073 0.100 0.000 0.000 0.000 0.000 0.000 0.000 0.000 0.000 0.000
0.000 0.000 0.000 0.000 0.000 0.000 0.000 0.000 0.000 0.000 0.000 0.000 0.000 0.000 0.000 0.000 0.000 0.000 0.000 0.000 0.000 0.000 0.000 0.000 0.000 0.000 0.000 0.000 0.000 0.000 0.000 0.000 0.000 0.000 0.000 0.000 0.000 0.000 0.000 0.000 0.000 0.000 0.000 0.000 0.000 0.000 0.000 0.000 0.000 0.000 0.000 0.000 0.000 0.000 0.000 0.000 0.000 0.000 0.000 0.000 0.000 0.001 0.003 0.011 0.022 0.042 0.068 0.096 0.000 0.000 0.000 0.000 0.000 0.000 0.000 0.000 0.000
0.000 0.000 0.000 0.000 0.000 0.000 0.000 0.000 0.000 0.000 0.000 0.000 0.000 0.000 0.000 0.000 0.000 0.000 0.000 0.000 0.000 0.000 0.000 0.000 0.000 0.000 0.000 0.000 0.000 0.000 0.000 0.000 0.000 0.000 0.000 0.000 0.000 0.000 0.000 0.000 0.000 0.000 0.000 0.000 0.000 0.000 0.000 0.000 0.000 0.000 0.000 0.000 0.000 0.000 0.000 0.000 0.000 0.000 0.000 0.000 0.000 0.000 0.000 0.003 0.011 0.031 0.060 0.000 0.000 0.000 0.000 0.000 0.000 0.000 0.000 0.000 0.000
0.000 0.000 0.000 0.000 0.000 0.000 0.000 0.000 0.000 0.000 0.000 0.000 0.000 0.000 0.000 0.000 0.000 0.000 0.000 0.000 0.000 0.000 0.000 0.000 0.000 0.000 0.000 0.000 0.000 0.000 0.000 0.000 0.000 0.000 0.000 0.000 0.000 0.000 0.000 0.000 0.000 0.000 0.000 0.000 0.000 0.000 0.000 0.000 0.000 0.000 0.000 0.000 0.000 0.000 0.000 0.000 0.000 0.000 0.000 0.000 0.000 0.000 0.000 0.002 0.008 0.032 0.069 0.000 0.000 0.000 0.000 0.000 0.000 0.000 0.000 0.000 0.000
0.000 0.000 0.000 0.000 0.000 0.000 0.000 0.000 0.000 0.000 0.000 0.000 0.000 0.000 0.000 0.000 0.000 0.000 0.000 0.000 0.000 0.000 0.000 0.000 0.000 0.000 0.000 0.000 0.000 0.000 0.000 0.000 0.000 0.000 0.000 0.000 0.000 0.000 0.000 0.000 0.000 0.000 0.000 0.000 0.000 0.000 0.000 0.000 0.000 0.000 0.000 0.000 0.000 0.000 0.000 0.000 0.000 0.000 0.000 0.000 0.000 0.000 0.000 0.003 0.008 0.032 0.000 0.000 0.000 0.000 0.000 0.000 0.000 0.000 0.000 0.000 0.000
0.000 0.000 0.000 0.000 0.000 0.000 0.000 0.000 0.000 0.000 0.000 0.000 0.000 0.000 0.000 0.000 0.000 0.000 0.000 0.000 0.000 0.000 0.000 0.000 0.000 0.000 0.000 0.000 0.000 0.000 0.000 0.000 0.000 0.000 0.000 0.000 0.000 0.000 0.000 0.000 0.000 0.000 0.000 0.000 0.000 0.000 0.000 0.000 0.000 0.000 0.000 0.000 0.000 0.000 0.000 0.000 0.000 0.000 0.000 0.000 0.000 0.000 0.000 0.003 0.009 0.033 0.000 0.000 0.000 0.000 0.000 0.000 0.000 0.000 0.000 0.000 0.000
