数据/LID_BC_100y/LID_BC_res/LID_BC_159-0001.wd
ncols         694
nrows         824
xllcorner     581104.939801
yllcorner     3495917.092414
cellsize      2.000000
NODATA_value  -9999.000000
[rows 306 to 339 of 824, columns 462 to 538 of 694]
0.026 0.029 0.031 0.032 0.033 0.034 0.034 0.034 0.030 0.024 0.019 0.014 0.010 0.007 0.005 0.003 0.002 0.000 0.001 0.001 0.001 0.001 0.001 0.001 0.002 0.003 0.007 0.010 0.013 0.014 0.014 0.013 0.012 0.010 0.008 0.006 0.005 0.004 0.004 0.000 0.000 0.000 0.000 0.000 0.000 0.000 0.000 0.000 0.000 0.000 0.000 0.000 0.000 0.000 0.013 0.013 0.013 0.017 0.000 0.001 0.001 0.001 0.001 0.001 0.004 0.034 0.000 0.000 0.000 0.000 0.002 0.006 0.015 0.026 0.036 0.036 0.032
0.000 0.024 0.029 0.031 0.033 0.034 0.035 0.036 0.037 0.034 0.028 0.022 0.017 0.013 0.009 0.007 0.004 0.003 0.002 0.002 0.002 0.001 0.001 0.001 0.002 0.003 0.007 0.010 0.013 0.014 0.014 0.013 0.012 0.010 0.008 0.007 0.006 0.006 0.015 0.000 0.000 0.000 0.000 0.000 0.000 0.000 0.000 0.000 0.000 0.000 0.000 0.000 0.000 0.000 0.000 0.000 0.000 0.013 0.013 0.011 0.009 0.008 0.007 0.007 0.011 0.000 0.000 0.000 0.000 0.000 0.011 0.022 0.032 0.033 0.030 0.028 0.026
0.018 0.024 0.028 0.032 0.034 0.036 0.038 0.039 0.040 0.040 0.039 0.032 0.027 0.022 0.017 0.013 0.009 0.007 0.005 0.004 0.003 0.002 0.002 0.002 0.002 0.000 0.007 0.010 0.012 0.013 0.014 0.013 0.012 0.011 0.009 0.008 0.007 0.007 0.000 0.000 0.000 0.000 0.000 0.000 0.000 0.000 0.000 0.000 0.000 0.000 0.000 0.000 0.000 0.000 0.000 0.000 0.000 0.000 0.000 0.008 0.010 0.010 0.009 0.009 0.015 0.000 0.000 0.000 0.000 0.017 0.028 0.031 0.028 0.026 0.023 0.022 0.021
0.022 0.026 0.030 0.034 0.038 0.041 0.043 0.044 0.045 0.044 0.044 0.045 0.040 0.034 0.028 0.021 0.017 0.013 0.010 0.007 0.006 0.004 0.003 0.003 0.002 0.002 0.006 0.009 0.012 0.013 0.013 0.013 0.012 0.011 0.010 0.008 0.007 0.007 0.004 0.002 0.002 0.000 0.000 0.000 0.000 0.000 0.000 0.000 0.000 0.000 0.000 0.000 0.000 0.000 0.000 0.000 0.000 0.000 0.000 0.000 0.000 0.000 0.007 0.010 0.012 0.017 0.000 0.000 0.000 0.027 0.026 0.024 0.022 0.020 0.018 0.017 0.016
0.025 0.030 0.035 0.040 0.044 0.047 0.050 0.052 0.051 0.046 0.048 0.052 0.054 0.049 0.041 0.032 0.026 0.021 0.016 0.012 0.009 0.007 0.005 0.004 0.003 0.003 0.006 0.009 0.011 0.013 0.013 0.013 0.012 0.011 0.010 0.009 0.008 0.007 0.005 0.003 0.002 0.001 0.002 0.000 0.000 0.000 0.000 0.000 0.000 0.000 0.000 0.000 0.000 0.000 0.000 0.000 0.000 0.000 0.000 0.000 0.000 0.000 0.000 0.000 0.010 0.017 0.021 0.032 0.033 0.027 0.023 0.020 0.018 0.016 0.015 0.014 0.015
0.032 0.038 0.043 0.048 0.053 0.057 0.060 0.061 0.058 0.038 0.054 0.061 0.064 0.064 0.053 0.043 0.035 0.028 0.022 0.017 0.013 0.010 0.008 0.006 0.005 0.004 0.007 0.009 0.011 0.012 0.013 0.013 0.012 0.012 0.010 0.009 0.008 0.007 0.005 0.004 0.003 0.002 0.002 0.001 0.001 0.002 0.000 0.000 0.000 0.000 0.000 0.000 0.000 0.000 0.000 0.000 0.000 0.000 0.000 0.000 0.000 0.000 0.000 0.000 0.000 0.000 0.000 0.020 0.022 0.021 0.019 0.017 0.015 0.014 0.012 0.012 0.010
0.041 0.047 0.053 0.059 0.064 0.068 0.071 0.073 0.073 0.069 0.070 0.074 0.068 0.056 0.055 0.050 0.041 0.033 0.027 0.021 0.017 0.013 0.010 0.008 0.006 0.006 0.007 0.009 0.011 0.012 0.013 0.013 0.012 0.012 0.011 0.010 0.009 0.008 0.006 0.005 0.004 0.003 0.002 0.002 0.001 0.001 0.001 0.002 0.000 0.000 0.000 0.000 0.001 0.002 0.000 0.000 0.000 0.000 0.000 0.000 0.000 0.000 0.000 0.000 0.000 0.000 0.023 0.021 0.019 0.018 0.016 0.014 0.013 0.011 0.011 0.011 0.000
0.052 0.059 0.065 0.071 0.076 0.080 0.084 0.080 0.072 0.062 0.054 0.046 0.038 0.026 0.042 0.053 0.045 0.038 0.031 0.025 0.020 0.016 0.012 0.010 0.008 0.007 0.008 0.009 0.011 0.012 0.013 0.013 0.013 0.012 0.011 0.010 0.009 0.008 0.007 0.005 0.004 0.003 0.002 0.000 0.001 0.001 0.001 0.002 0.002 0.002 0.002 0.002 0.002 0.002 0.002 0.006 0.026 0.000 0.000 0.000 0.000 0.000 0.000 0.000 0.000 0.000 0.019 0.019 0.017 0.016 0.014 0.012 0.011 0.010 0.009 0.008 0.000
0.064 0.071 0.072 0.069 0.065 0.060 0.055 0.050 0.044 0.037 0.030 0.023 0.015 0.018 0.031 0.050 0.049 0.042 0.035 0.029 0.024 0.019 0.016 0.013 0.011 0.009 0.009 0.010 0.011 0.012 0.013 0.013 0.013 0.012 0.012 0.011 0.010 0.009 0.007 0.006 0.005 0.004 0.003 0.002 0.002 0.001 0.001 0.002 0.002 0.002 0.002 0.002 0.002 0.003 0.007 0.018 0.037 0.060 0.086 0.000 0.000 0.000 0.000 0.000 0.000 0.024 0.021 0.019 0.017 0.014 0.012 0.011 0.009 0.008 0.009 0.000 0.000
0.045 0.043 0.040 0.037 0.034 0.031 0.027 0.023 0.019 0.015 0.011 0.007 0.005 0.011 0.021 0.037 0.051 0.045 0.039 0.033 0.028 0.024 0.020 0.018 0.016 0.014 0.014 0.013 0.014 0.014 0.015 0.015 0.014 0.014 0.013 0.012 0.011 0.010 0.009 0.007 0.006 0.005 0.004 0.003 0.003 0.002 0.002 0.002 0.002 0.002 0.003 0.003 0.006 0.013 0.023 0.034 0.051 0.072 0.086 0.090 0.095 0.102 0.000 0.000 0.000 0.020 0.020 0.018 0.015 0.013 0.011 0.009 0.008 0.007 0.006 0.000 0.000
0.016 0.015 0.013 0.012 0.010 0.009 0.008 0.006 0.005 0.004 0.003 0.001 0.003 0.007 0.014 0.027 0.047 0.049 0.043 0.039 0.035 0.032 0.030 0.029 0.028 0.027 0.026 0.026 0.025 0.025 0.024 0.023 0.022 0.020 0.018 0.017 0.016 0.014 0.013 0.011 0.010 0.009 0.007 0.006 0.006 0.005 0.005 0.004 0.004 0.005 0.008 0.014 0.022 0.030 0.040 0.052 0.059 0.060 0.063 0.066 0.070 0.072 0.073 0.080 0.000 0.023 0.020 0.017 0.014 0.011 0.009 0.007 0.006 0.006 0.000 0.000 0.000
0.003 0.003 0.002 0.002 0.002 0.002 0.002 0.001 0.001 0.001 0.001 0.001 0.001 0.003 0.008 0.018 0.036 0.054 0.051 0.049 0.048 0.048 0.049 0.049 0.050 0.049 0.049 0.048 0.047 0.045 0.043 0.040 0.037 0.034 0.032 0.029 0.027 0.025 0.022 0.021 0.019 0.018 0.017 0.017 0.017 0.016 0.016 0.013 0.013 0.019 0.025 0.032 0.040 0.049 0.053 0.049 0.045 0.043 0.043 0.043 0.041 0.020 0.042 0.050 0.044 0.030 0.021 0.015 0.011 0.009 0.007 0.005 0.005 0.004 0.000 0.000 0.000
0.001 0.001 0.001 0.001 0.001 0.001 0.001 0.001 0.001 0.001 0.001 0.001 0.001 0.002 0.004 0.011 0.026 0.055 0.066 0.067 0.069 0.072 0.074 0.076 0.076 0.077 0.076 0.075 0.073 0.071 0.067 0.063 0.059 0.055 0.052 0.049 0.046 0.043 0.041 0.040 0.039 0.039 0.039 0.039 0.040 0.040 0.040 0.038 0.033 0.037 0.043 0.050 0.055 0.048 0.042 0.037 0.033 0.029 0.027 0.025 0.023 0.019 0.020 0.022 0.021 0.016 0.000 0.005 0.006 0.005 0.004 0.003 0.004 0.000 0.000 0.000 0.000
0.001 0.001 0.000 0.000 0.000 0.000 0.000 0.000 0.000 0.000 0.001 0.001 0.001 0.001 0.003 0.007 0.019 0.051 0.088 0.092 0.096 0.100 0.103 0.104 0.105 0.105 0.105 0.103 0.101 0.098 0.094 0.088 0.083 0.080 0.076 0.073 0.070 0.067 0.066 0.065 0.065 0.066 0.067 0.068 0.069 0.069 0.069 0.067 0.063 0.055 0.060 0.051 0.043 0.037 0.031 0.026 0.022 0.018 0.016 0.013 0.011 0.010 0.008 0.008 0.007 0.007 0.005 0.004 0.003 0.002 0.002 0.002 0.002 0.014 0.000 0.000 0.000
0.000 0.000 0.000 0.000 0.000 0.000 0.000 0.000 0.000 0.000 0.000 0.001 0.001 0.001 0.002 0.004 0.017 0.051 0.103 0.120 0.125 0.130 0.133 0.134 0.134 0.134 0.134 0.133 0.130 0.127 0.122 0.112 0.108 0.106 0.102 0.098 0.095 0.093 0.092 0.092 0.093 0.094 0.096 0.097 0.099 0.100 0.100 0.098 0.089 0.067 0.065 0.058 0.049 0.041 0.034 0.028 0.023 0.018 0.014 0.011 0.008 0.006 0.005 0.004 0.003 0.002 0.002 0.001 0.001 0.001 0.001 0.001 0.001 0.000 0.000 0.000 0.000
0.000 0.000 0.000 0.000 0.000 0.000 0.000 0.000 0.000 0.000 0.000 0.000 0.001 0.001 0.001 0.003 0.021 0.000 0.106 0.150 0.155 0.159 0.165 0.000 0.000 0.000 0.000 0.000 0.000 0.000 0.000 0.132 0.134 0.133 0.130 0.122 0.121 0.120 0.120 0.120 0.122 0.123 0.125 0.127 0.129 0.123 0.111 0.098 0.083 0.062 0.061 0.065 0.069 0.061 0.053 0.045 0.039 0.033 0.027 0.022 0.018 0.014 0.011 0.009 0.007 0.005 0.004 0.003 0.002 0.002 0.002 0.001 0.001 0.001 0.001 0.000 0.000
0.000 0.000 0.000 0.000 0.000 0.000 0.000 0.000 0.000 0.000 0.000 0.000 0.000 0.006 0.000 0.000 0.024 0.000 0.000 0.166 0.000 0.000 0.000 0.000 0.000 0.000 0.000 0.000 0.000 0.000 0.000 0.000 0.000 0.000 0.000 0.145 0.148 0.148 0.147 0.149 0.151 0.153 0.147 0.137 0.127 0.116 0.104 0.092 0.077 0.056 0.057 0.058 0.062 0.067 0.069 0.062 0.054 0.047 0.041 0.035 0.029 0.024 0.020 0.016 0.013 0.010 0.008 0.006 0.005 0.004 0.003 0.002 0.002 0.001 0.001 0.001 0.001
0.000 0.000 0.000 0.000 0.000 0.000 0.000 0.000 0.000 0.000 0.000 0.000 0.000 0.000 0.000 0.000 0.000 0.000 0.000 0.000 0.000 0.000 0.000 0.000 0.000 0.000 0.000 0.000 0.000 0.000 0.000 0.000 0.000 0.000 0.000 0.000 0.000 0.000 0.173 0.169 0.160 0.150 0.139 0.129 0.119 0.109 0.097 0.085 0.070 0.052 0.052 0.052 0.054 0.058 0.064 0.070 0.069 0.062 0.055 0.048 0.042 0.036 0.030 0.025 0.021 0.017 0.013 0.010 0.008 0.006 0.005 0.004 0.003 0.002 0.002 0.002 0.001
0.000 0.000 0.000 0.000 0.000 0.000 0.000 0.000 0.000 0.000 0.000 0.000 0.000 0.000 0.000 0.000 0.000 0.000 0.000 0.000 0.000 0.000 0.000 0.000 0.000 0.000 0.000 0.000 0.000 0.000 0.000 0.000 0.000 0.000 0.000 0.000 0.000 0.000 0.000 0.000 0.000 0.000 0.130 0.122 0.112 0.100 0.090 0.078 0.062 0.047 0.046 0.046 0.047 0.050 0.054 0.059 0.066 0.072 0.069 0.062 0.055 0.048 0.042 0.036 0.030 0.025 0.021 0.017 0.014 0.011 0.009 0.007 0.005 0.004 0.003 0.003 0.002
0.000 0.000 0.000 0.000 0.000 0.000 0.000 0.000 0.000 0.000 0.000 0.000 0.000 0.000 0.000 0.000 0.000 0.000 0.000 0.000 0.000 0.000 0.000 0.000 0.000 0.000 0.000 0.000 0.000 0.000 0.000 0.000 0.000 0.000 0.000 0.000 0.000 0.000 0.000 0.000 0.000 0.000 0.000 0.000 0.000 0.091 0.082 0.070 0.052 0.040 0.039 0.038 0.039 0.041 0.045 0.049 0.055 0.061 0.068 0.075 0.068 0.061 0.054 0.048 0.041 0.035 0.030 0.025 0.021 0.017 0.014 0.011 0.009 0.007 0.006 0.005 0.004
0.000 0.000 0.000 0.000 0.000 0.000 0.000 0.000 0.000 0.000 0.000 0.000 0.000 0.000 0.000 0.000 0.000 0.000 0.000 0.000 0.000 0.000 0.000 0.000 0.000 0.000 0.000 0.000 0.000 0.000 0.000 0.000 0.000 0.000 0.000 0.000 0.000 0.000 0.000 0.000 0.000 0.000 0.000 0.000 0.000 0.000 0.000 0.000 0.036 0.030 0.029 0.030 0.031 0.033 0.036 0.039 0.044 0.050 0.056 0.063 0.070 0.074 0.067 0.060 0.053 0.047 0.041 0.035 0.030 0.026 0.022 0.019 0.016 0.014 0.012 0.010 0.008
0.000 0.000 0.000 0.000 0.000 0.000 0.000 0.000 0.000 0.000 0.000 0.000 0.000 0.000 0.000 0.000 0.000 0.000 0.000 0.000 0.000 0.000 0.000 0.000 0.000 0.000 0.000 0.000 0.000 0.000 0.000 0.000 0.000 0.000 0.000 0.000 0.000 0.000 0.000 0.000 0.000 0.000 0.000 0.000 0.000 0.000 0.000 0.000 0.000 0.000 0.015 0.019 0.023 0.025 0.026 0.030 0.034 0.040 0.045 0.051 0.057 0.064 0.071 0.072 0.065 0.059 0.052 0.047 0.042 0.037 0.034 0.031 0.028 0.025 0.022 0.019 0.016
0.000 0.000 0.000 0.000 0.000 0.000 0.000 0.000 0.000 0.000 0.000 0.000 0.000 0.000 0.000 0.000 0.000 0.000 0.000 0.000 0.000 0.000 0.000 0.000 0.000 0.000 0.000 0.000 0.000 0.000 0.000 0.000 0.000 0.000 0.000 0.000 0.000 0.000 0.000 0.000 0.000 0.000 0.000 0.000 0.000 0.000 0.000 0.000 0.000 0.000 0.000 0.000 0.000 0.000 0.014 0.020 0.025 0.031 0.034 0.039 0.045 0.052 0.058 0.066 0.073 0.071 0.065 0.060 0.056 0.053 0.050 0.048 0.045 0.042 0.038 0.033 0.029
0.000 0.000 0.000 0.000 0.000 0.000 0.000 0.000 0.000 0.000 0.000 0.000 0.000 0.000 0.000 0.000 0.000 0.000 0.000 0.000 0.000 0.000 0.000 0.000 0.000 0.000 0.000 0.000 0.000 0.000 0.000 0.000 0.000 0.000 0.000 0.000 0.000 0.000 0.000 0.000 0.000 0.000 0.000 0.000 0.000 0.000 0.000 0.000 0.000 0.000 0.000 0.000 0.000 0.000 0.000 0.000 0.000 0.000 0.020 0.027 0.033 0.039 0.046 0.053 0.060 0.068 0.078 0.076 0.074 0.073 0.072 0.070 0.067 0.062 0.057 0.051 0.044
0.000 0.000 0.000 0.000 0.000 0.000 0.000 0.000 0.000 0.000 0.000 0.000 0.000 0.000 0.000 0.000 0.000 0.000 0.000 0.000 0.000 0.000 0.000 0.000 0.000 0.000 0.000 0.000 0.000 0.000 0.000 0.000 0.000 0.000 0.000 0.000 0.000 0.000 0.000 0.000 0.000 0.000 0.000 0.000 0.000 0.000 0.000 0.000 0.000 0.000 0.000 0.000 0.000 0.000 0.000 0.000 0.000 0.000 0.000 0.014 0.021 0.027 0.034 0.040 0.048 0.056 0.066 0.080 0.096 0.097 0.096 0.094 0.091 0.085 0.076 0.068 0.060
0.000 0.000 0.000 0.000 0.000 0.000 0.000 0.000 0.000 0.000 0.000 0.000 0.000 0.000 0.000 0.000 0.000 0.000 0.000 0.000 0.000 0.000 0.000 0.000 0.000 0.000 0.000 0.000 0.000 0.000 0.000 0.000 0.000 0.000 0.000 0.000 0.000 0.000 0.000 0.000 0.000 0.000 0.000 0.000 0.000 0.000 0.000 0.000 0.000 0.000 0.000 0.000 0.000 0.000 0.000 0.000 0.000 0.000 0.000 0.006 0.011 0.016 0.022 0.028 0.035 0.044 0.056 0.072 0.092 0.112 0.122 0.120 0.116 0.109 0.093 0.084 0.073
0.000 0.000 0.000 0.000 0.000 0.000 0.000 0.000 0.000 0.000 0.000 0.000 0.000 0.000 0.000 0.000 0.000 0.000 0.000 0.000 0.000 0.000 0.000 0.000 0.000 0.000 0.000 0.000 0.000 0.000 0.000 0.000 0.000 0.000 0.000 0.000 0.000 0.000 0.000 0.000 0.000 0.000 0.000 0.000 0.000 0.000 0.000 0.000 0.000 0.000 0.000 0.000 0.000 0.000 0.000 0.000 0.000 0.000 0.000 0.001 0.003 0.006 0.011 0.017 0.024 0.033 0.046 0.066 0.088 0.111 0.000 0.000 0.000 0.000 0.101 0.100 0.084
0.000 0.000 0.000 0.000 0.000 0.000 0.000 0.000 0.000 0.000 0.000 0.000 0.000 0.000 0.000 0.000 0.000 0.000 0.000 0.000 0.000 0.000 0.000 0.000 0.000 0.000 0.000 0.000 0.000 0.000 0.000 0.000 0.000 0.000 0.000 0.000 0.000 0.000 0.000 0.000 0.000 0.000 0.000 0.000 0.000 0.000 0.000 0.000 0.000 0.000 0.000 0.000 0.000 0.000 0.000 0.000 0.000 0.000 0.000 0.001 0.001 0.001 0.002 0.007 0.013 0.023 0.038 0.061 0.085 0.000 0.000 0.000 0.000 0.000 0.000 0.000 0.086
0.000 0.000 0.000 0.000 0.000 0.000 0.000 0.000 0.000 0.000 0.000 0.000 0.000 0.000 0.000 0.000 0.000 0.000 0.000 0.000 0.000 0.000 0.000 0.000 0.000 0.000 0.000 0.000 0.000 0.000 0.000 0.000 0.000 0.000 0.000 0.000 0.000 0.000 0.000 0.000 0.000 0.000 0.000 0.000 0.000 0.000 0.000 0.000 0.000 0.000 0.000 0.000 0.000 0.000 0.000 0.000 0.000 0.000 0.000 0.000 0.001 0.001 0.001 0.001 0.005 0.014 0.032 0.058 0.000 0.000 0.000 0.000 0.000 0.000 0.000 0.000 0.000
0.000 0.000 0.000 0.000 0.000 0.000 0.000 0.000 0.000 0.000 0.000 0.000 0.000 0.000 0.000 0.000 0.000 0.000 0.000 0.000 0.000 0.000 0.000 0.000 0.000 0.000 0.000 0.000 0.000 0.000 0.000 0.000 0.000 0.000 0.000 0.000 0.000 0.000 0.000 0.000 0.000 0.000 0.000 0.000 0.000 0.000 0.000 0.000 0.000 0.000 0.000 0.000 0.000 0.000 0.000 0.000 0.000 0.000 0.000 0.000 0.000 0.001 0.001 0.001 0.002 0.008 0.028 0.054 0.000 0.000 0.000 0.000 0.000 0.000 0.000 0.000 0.000
0.000 0.000 0.000 0.000 0.000 0.000 0.000 0.000 0.000 0.000 0.000 0.000 0.000 0.000 0.000 0.000 0.000 0.000 0.000 0.000 0.000 0.000 0.000 0.000 0.000 0.000 0.000 0.000 0.000 0.000 0.000 0.000 0.000 0.000 0.000 0.000 0.000 0.000 0.000 0.000 0.000 0.000 0.000 0.000 0.000 0.000 0.000 0.000 0.000 0.000 0.000 0.000 0.000 0.000 0.000 0.000 0.000 0.000 0.000 0.000 0.000 0.000 0.000 0.001 0.001 0.003 0.023 0.000 0.000 0.000 0.000 0.000 0.000 0.000 0.000 0.000 0.000
0.000 0.000 0.000 0.000 0.000 0.000 0.000 0.000 0.000 0.000 0.000 0.000 0.000 0.000 0.000 0.000 0.000 0.000 0.000 0.000 0.000 0.000 0.000 0.000 0.000 0.000 0.000 0.000 0.000 0.000 0.000 0.000 0.000 0.000 0.000 0.000 0.000 0.000 0.000 0.000 0.000 0.000 0.000 0.000 0.000 0.000 0.000 0.000 0.000 0.000 0.000 0.000 0.000 0.000 0.000 0.000 0.000 0.000 0.000 0.000 0.000 0.000 0.000 0.001 0.001 0.006 0.036 0.000 0.000 0.000 0.000 0.000 0.000 0.000 0.000 0.000 0.000
0.000 0.000 0.000 0.000 0.000 0.000 0.000 0.000 0.000 0.000 0.000 0.000 0.000 0.000 0.000 0.000 0.000 0.000 0.000 0.000 0.000 0.000 0.000 0.000 0.000 0.000 0.000 0.000 0.000 0.000 0.000 0.000 0.000 0.000 0.000 0.000 0.000 0.000 0.000 0.000 0.000 0.000 0.000 0.000 0.000 0.000 0.000 0.000 0.000 0.000 0.000 0.000 0.000 0.000 0.000 0.000 0.000 0.000 0.000 0.000 0.000 0.000 0.000 0.001 0.001 0.006 0.000 0.000 0.000 0.000 0.000 0.000 0.000 0.000 0.000 0.000 0.000
0.000 0.000 0.000 0.000 0.000 0.000 0.000 0.000 0.000 0.000 0.000 0.000 0.000 0.000 0.000 0.000 0.000 0.000 0.000 0.000 0.000 0.000 0.000 0.000 0.000 0.000 0.000 0.000 0.000 0.000 0.000 0.000 0.000 0.000 0.000 0.000 0.000 0.000 0.000 0.000 0.000 0.000 0.000 0.000 0.000 0.000 0.000 0.000 0.000 0.000 0.000 0.000 0.000 0.000 0.000 0.000 0.000 0.000 0.000 0.000 0.000 0.000 0.000 0.001 0.001 0.007 0.000 0.000 0.000 0.000 0.000 0.000 0.000 0.000 0.000 0.000 0.000
