数据/LID_BC_100y/LID_BC_res/LID_BC_164-0001.wd
ncols         694
nrows         824
xllcorner     581104.939801
yllcorner     3495917.092414
cellsize      2.000000
NODATA_value  -9999.000000
[rows 306 to 339 of 824, columns 462 to 538 of 694]
0.026 0.028 0.029 0.029 0.029 0.029 0.029 0.028 0.024 0.018 0.013 0.009 0.006 0.004 0.002 0.002 0.001 0.000 0.001 0.001 0.001 0.001 0.001 0.001 0.001 0.002 0.005 0.008 0.011 0.012 0.012 0.011 0.010 0.008 0.007 0.005 0.004 0.003 0.004 0.000 0.000 0.000 0.000 0.000 0.000 0.000 0.000 0.000 0.000 0.000 0.000 0.000 0.000 0.000 0.011 0.011 0.012 0.015 0.000 0.001 0.001 0.001 0.001 0.001 0.003 0.033 0.000 0.000 0.000 0.000 0.001 0.003 0.011 0.022 0.032 0.031 0.027
0.024 0.026 0.027 0.028 0.028 0.029 0.029 0.029 0.028 0.025 0.019 0.014 0.010 0.007 0.005 0.003 0.002 0.001 0.001 0.001 0.001 0.001 0.001 0.001 0.001 0.002 0.005 0.008 0.010 0.012 0.012 0.011 0.010 0.009 0.007 0.006 0.005 0.006 0.015 0.000 0.000 0.000 0.000 0.000 0.000 0.000 0.000 0.000 0.000 0.000 0.000 0.000 0.000 0.000 0.000 0.000 0.000 0.012 0.012 0.009 0.008 0.007 0.006 0.006 0.009 0.000 0.000 0.000 0.000 0.000 0.008 0.019 0.028 0.029 0.026 0.023 0.021
0.022 0.024 0.025 0.027 0.028 0.029 0.029 0.030 0.030 0.029 0.027 0.021 0.016 0.012 0.009 0.006 0.004 0.003 0.003 0.002 0.002 0.001 0.001 0.001 0.002 0.002 0.005 0.008 0.010 0.011 0.012 0.011 0.011 0.009 0.008 0.007 0.006 0.007 0.000 0.000 0.000 0.000 0.000 0.000 0.000 0.000 0.000 0.000 0.000 0.000 0.000 0.000 0.000 0.000 0.000 0.000 0.000 0.000 0.000 0.007 0.008 0.009 0.008 0.008 0.013 0.000 0.000 0.000 0.000 0.014 0.024 0.027 0.025 0.022 0.020 0.018 0.017
0.020 0.022 0.024 0.026 0.028 0.030 0.031 0.032 0.032 0.031 0.030 0.031 0.026 0.021 0.016 0.012 0.009 0.007 0.005 0.004 0.003 0.002 0.002 0.002 0.002 0.002 0.005 0.008 0.010 0.011 0.012 0.011 0.011 0.010 0.008 0.007 0.006 0.006 0.003 0.002 0.002 0.000 0.000 0.000 0.000 0.000 0.000 0.000 0.000 0.000 0.000 0.000 0.000 0.000 0.000 0.000 0.000 0.000 0.000 0.000 0.000 0.000 0.006 0.008 0.011 0.014 0.000 0.000 0.000 0.024 0.023 0.021 0.019 0.017 0.015 0.014 0.013
0.019 0.022 0.024 0.027 0.030 0.033 0.035 0.037 0.036 0.031 0.032 0.036 0.039 0.034 0.027 0.021 0.016 0.012 0.009 0.007 0.005 0.004 0.003 0.002 0.002 0.002 0.005 0.007 0.010 0.011 0.011 0.011 0.011 0.010 0.009 0.008 0.007 0.006 0.004 0.003 0.002 0.001 0.001 0.000 0.000 0.000 0.000 0.000 0.000 0.000 0.000 0.000 0.000 0.000 0.000 0.000 0.000 0.000 0.000 0.000 0.000 0.000 0.000 0.000 0.009 0.014 0.017 0.028 0.029 0.024 0.020 0.017 0.015 0.014 0.012 0.011 0.012
0.020 0.024 0.028 0.032 0.037 0.040 0.043 0.044 0.041 0.012 0.037 0.044 0.048 0.048 0.039 0.030 0.023 0.018 0.013 0.010 0.008 0.006 0.004 0.003 0.003 0.003 0.005 0.007 0.009 0.011 0.011 0.011 0.011 0.010 0.009 0.008 0.007 0.006 0.005 0.004 0.003 0.002 0.001 0.001 0.001 0.002 0.000 0.000 0.000 0.000 0.000 0.000 0.000 0.000 0.000 0.000 0.000 0.000 0.000 0.000 0.000 0.000 0.000 0.000 0.000 0.000 0.000 0.017 0.019 0.018 0.016 0.014 0.013 0.011 0.010 0.010 0.008
0.025 0.030 0.036 0.041 0.046 0.050 0.053 0.056 0.056 0.052 0.053 0.057 0.052 0.042 0.041 0.036 0.028 0.022 0.017 0.013 0.010 0.008 0.006 0.005 0.004 0.004 0.005 0.007 0.009 0.010 0.011 0.011 0.011 0.010 0.010 0.009 0.008 0.007 0.006 0.004 0.003 0.002 0.002 0.001 0.001 0.001 0.001 0.002 0.000 0.000 0.000 0.000 0.001 0.002 0.000 0.000 0.000 0.000 0.000 0.000 0.000 0.000 0.000 0.000 0.000 0.000 0.020 0.018 0.016 0.015 0.014 0.012 0.011 0.009 0.009 0.009 0.000
0.034 0.041 0.047 0.053 0.058 0.062 0.066 0.062 0.055 0.046 0.038 0.031 0.024 0.016 0.027 0.037 0.031 0.025 0.020 0.016 0.013 0.010 0.008 0.006 0.005 0.004 0.005 0.007 0.009 0.010 0.011 0.011 0.011 0.011 0.010 0.009 0.008 0.007 0.006 0.005 0.004 0.003 0.002 0.001 0.001 0.001 0.001 0.001 0.001 0.002 0.002 0.002 0.002 0.002 0.002 0.003 0.018 0.000 0.000 0.000 0.000 0.000 0.000 0.000 0.000 0.000 0.016 0.016 0.015 0.013 0.012 0.010 0.009 0.008 0.007 0.006 0.000
0.046 0.052 0.054 0.051 0.047 0.043 0.038 0.033 0.028 0.023 0.017 0.013 0.007 0.010 0.000 0.031 0.032 0.028 0.023 0.019 0.015 0.012 0.010 0.008 0.006 0.005 0.006 0.007 0.009 0.010 0.011 0.011 0.011 0.011 0.010 0.009 0.009 0.008 0.006 0.005 0.004 0.003 0.002 0.002 0.001 0.001 0.001 0.001 0.001 0.002 0.002 0.002 0.002 0.003 0.004 0.011 0.028 0.052 0.079 0.000 0.000 0.000 0.000 0.000 0.000 0.022 0.019 0.016 0.014 0.012 0.011 0.009 0.008 0.007 0.007 0.000 0.000
0.027 0.025 0.023 0.021 0.018 0.016 0.013 0.011 0.009 0.007 0.005 0.003 0.002 0.005 0.007 0.022 0.035 0.030 0.026 0.022 0.018 0.015 0.012 0.010 0.008 0.007 0.007 0.008 0.009 0.010 0.011 0.011 0.011 0.011 0.011 0.010 0.009 0.008 0.007 0.006 0.005 0.004 0.003 0.002 0.002 0.002 0.001 0.001 0.002 0.002 0.002 0.003 0.003 0.008 0.016 0.027 0.043 0.064 0.080 0.086 0.094 0.103 0.000 0.000 0.000 0.020 0.018 0.016 0.013 0.011 0.009 0.007 0.006 0.006 0.005 0.000 0.000
0.006 0.005 0.005 0.004 0.004 0.003 0.003 0.002 0.002 0.002 0.001 0.001 0.001 0.003 0.005 0.015 0.032 0.034 0.030 0.026 0.022 0.020 0.017 0.015 0.014 0.013 0.013 0.013 0.014 0.014 0.015 0.015 0.014 0.014 0.013 0.012 0.011 0.010 0.009 0.007 0.006 0.005 0.005 0.004 0.004 0.003 0.003 0.002 0.002 0.003 0.004 0.008 0.015 0.024 0.034 0.044 0.051 0.052 0.057 0.063 0.070 0.077 0.081 0.089 0.000 0.025 0.020 0.015 0.012 0.009 0.007 0.006 0.005 0.005 0.000 0.000 0.000
0.001 0.001 0.001 0.001 0.001 0.001 0.001 0.001 0.001 0.001 0.001 0.001 0.001 0.001 0.004 0.010 0.023 0.038 0.035 0.032 0.030 0.029 0.029 0.029 0.029 0.029 0.029 0.028 0.028 0.028 0.027 0.025 0.024 0.022 0.020 0.019 0.017 0.015 0.014 0.012 0.011 0.011 0.010 0.010 0.010 0.009 0.009 0.007 0.007 0.011 0.017 0.024 0.033 0.042 0.046 0.042 0.038 0.036 0.037 0.040 0.045 0.051 0.055 0.058 0.050 0.034 0.023 0.015 0.010 0.007 0.005 0.004 0.004 0.003 0.000 0.000 0.000
0.001 0.001 0.001 0.001 0.001 0.001 0.001 0.001 0.001 0.001 0.001 0.001 0.001 0.001 0.002 0.007 0.016 0.038 0.045 0.046 0.047 0.049 0.052 0.053 0.054 0.054 0.054 0.054 0.052 0.051 0.048 0.045 0.042 0.039 0.036 0.034 0.031 0.029 0.028 0.027 0.026 0.026 0.026 0.027 0.028 0.029 0.029 0.028 0.025 0.029 0.035 0.042 0.048 0.042 0.036 0.031 0.027 0.024 0.022 0.021 0.022 0.024 0.027 0.028 0.023 0.017 0.012 0.007 0.005 0.004 0.003 0.003 0.003 0.000 0.000 0.000 0.000
0.001 0.001 0.000 0.000 0.000 0.000 0.000 0.000 0.000 0.000 0.001 0.001 0.001 0.001 0.002 0.004 0.012 0.033 0.065 0.069 0.073 0.077 0.080 0.082 0.082 0.083 0.083 0.082 0.080 0.078 0.074 0.069 0.064 0.061 0.059 0.056 0.053 0.051 0.050 0.050 0.050 0.052 0.053 0.055 0.057 0.058 0.058 0.057 0.054 0.047 0.052 0.044 0.037 0.031 0.026 0.021 0.018 0.015 0.012 0.010 0.009 0.008 0.007 0.006 0.005 0.005 0.004 0.003 0.002 0.002 0.002 0.002 0.002 0.014 0.000 0.000 0.000
0.000 0.000 0.000 0.000 0.000 0.000 0.000 0.000 0.000 0.000 0.000 0.001 0.001 0.001 0.001 0.002 0.009 0.032 0.080 0.097 0.102 0.106 0.110 0.111 0.112 0.112 0.112 0.111 0.109 0.106 0.101 0.092 0.089 0.087 0.084 0.080 0.078 0.077 0.076 0.077 0.078 0.080 0.082 0.085 0.087 0.088 0.089 0.089 0.080 0.059 0.057 0.051 0.042 0.035 0.029 0.023 0.019 0.015 0.011 0.009 0.006 0.005 0.004 0.003 0.002 0.002 0.001 0.001 0.001 0.001 0.001 0.001 0.001 0.000 0.000 0.000 0.000
0.000 0.000 0.000 0.000 0.000 0.000 0.000 0.000 0.000 0.000 0.000 0.000 0.001 0.001 0.001 0.002 0.014 0.000 0.082 0.126 0.131 0.136 0.142 0.000 0.000 0.000 0.000 0.000 0.000 0.000 0.000 0.113 0.115 0.114 0.111 0.105 0.104 0.104 0.104 0.105 0.107 0.109 0.112 0.114 0.117 0.111 0.100 0.088 0.074 0.054 0.054 0.057 0.062 0.054 0.046 0.040 0.033 0.028 0.023 0.019 0.015 0.012 0.009 0.007 0.005 0.004 0.003 0.002 0.002 0.002 0.001 0.001 0.001 0.001 0.001 0.000 0.000
0.000 0.000 0.000 0.000 0.000 0.000 0.000 0.000 0.000 0.000 0.000 0.000 0.000 0.006 0.000 0.000 0.017 0.000 0.000 0.143 0.000 0.000 0.000 0.000 0.000 0.000 0.000 0.000 0.000 0.000 0.000 0.000 0.000 0.000 0.000 0.128 0.131 0.132 0.131 0.133 0.136 0.139 0.134 0.124 0.115 0.105 0.094 0.082 0.068 0.048 0.049 0.051 0.054 0.060 0.062 0.055 0.048 0.042 0.036 0.030 0.025 0.020 0.016 0.013 0.010 0.008 0.006 0.005 0.004 0.003 0.002 0.002 0.001 0.001 0.001 0.001 0.001
0.000 0.000 0.000 0.000 0.000 0.000 0.000 0.000 0.000 0.000 0.000 0.000 0.000 0.000 0.000 0.000 0.000 0.000 0.000 0.000 0.000 0.000 0.000 0.000 0.000 0.000 0.000 0.000 0.000 0.000 0.000 0.000 0.000 0.000 0.000 0.000 0.000 0.000 0.158 0.154 0.146 0.136 0.126 0.117 0.108 0.097 0.087 0.075 0.061 0.045 0.044 0.045 0.047 0.051 0.057 0.063 0.063 0.056 0.049 0.042 0.036 0.031 0.026 0.021 0.017 0.014 0.011 0.009 0.007 0.005 0.004 0.003 0.002 0.002 0.002 0.001 0.001
0.000 0.000 0.000 0.000 0.000 0.000 0.000 0.000 0.000 0.000 0.000 0.000 0.000 0.000 0.000 0.000 0.000 0.000 0.000 0.000 0.000 0.000 0.000 0.000 0.000 0.000 0.000 0.000 0.000 0.000 0.000 0.000 0.000 0.000 0.000 0.000 0.000 0.000 0.000 0.000 0.000 0.000 0.117 0.109 0.100 0.090 0.079 0.068 0.053 0.040 0.039 0.039 0.040 0.043 0.047 0.052 0.059 0.065 0.062 0.055 0.049 0.042 0.036 0.031 0.026 0.021 0.017 0.014 0.011 0.009 0.007 0.005 0.004 0.003 0.003 0.002 0.002
0.000 0.000 0.000 0.000 0.000 0.000 0.000 0.000 0.000 0.000 0.000 0.000 0.000 0.000 0.000 0.000 0.000 0.000 0.000 0.000 0.000 0.000 0.000 0.000 0.000 0.000 0.000 0.000 0.000 0.000 0.000 0.000 0.000 0.000 0.000 0.000 0.000 0.000 0.000 0.000 0.000 0.000 0.000 0.000 0.000 0.080 0.072 0.061 0.044 0.033 0.032 0.032 0.033 0.035 0.038 0.043 0.048 0.054 0.061 0.068 0.062 0.055 0.048 0.042 0.036 0.031 0.026 0.021 0.017 0.014 0.011 0.009 0.007 0.006 0.005 0.004 0.003
0.000 0.000 0.000 0.000 0.000 0.000 0.000 0.000 0.000 0.000 0.000 0.000 0.000 0.000 0.000 0.000 0.000 0.000 0.000 0.000 0.000 0.000 0.000 0.000 0.000 0.000 0.000 0.000 0.000 0.000 0.000 0.000 0.000 0.000 0.000 0.000 0.000 0.000 0.000 0.000 0.000 0.000 0.000 0.000 0.000 0.000 0.000 0.000 0.029 0.024 0.023 0.024 0.025 0.027 0.029 0.033 0.038 0.043 0.049 0.056 0.063 0.067 0.060 0.053 0.047 0.041 0.035 0.030 0.026 0.022 0.018 0.015 0.013 0.011 0.009 0.007 0.006
0.000 0.000 0.000 0.000 0.000 0.000 0.000 0.000 0.000 0.000 0.000 0.000 0.000 0.000 0.000 0.000 0.000 0.000 0.000 0.000 0.000 0.000 0.000 0.000 0.000 0.000 0.000 0.000 0.000 0.000 0.000 0.000 0.000 0.000 0.000 0.000 0.000 0.000 0.000 0.000 0.000 0.000 0.000 0.000 0.000 0.000 0.000 0.000 0.000 0.000 0.011 0.014 0.017 0.019 0.021 0.024 0.028 0.033 0.038 0.044 0.051 0.057 0.064 0.065 0.058 0.051 0.046 0.040 0.036 0.032 0.028 0.025 0.022 0.020 0.017 0.015 0.012
0.000 0.000 0.000 0.000 0.000 0.000 0.000 0.000 0.000 0.000 0.000 0.000 0.000 0.000 0.000 0.000 0.000 0.000 0.000 0.000 0.000 0.000 0.000 0.000 0.000 0.000 0.000 0.000 0.000 0.000 0.000 0.000 0.000 0.000 0.000 0.000 0.000 0.000 0.000 0.000 0.000 0.000 0.000 0.000 0.000 0.000 0.000 0.000 0.000 0.000 0.000 0.000 0.000 0.000 0.009 0.014 0.019 0.024 0.028 0.033 0.039 0.045 0.051 0.057 0.064 0.063 0.057 0.053 0.049 0.046 0.043 0.041 0.038 0.035 0.031 0.027 0.023
0.000 0.000 0.000 0.000 0.000 0.000 0.000 0.000 0.000 0.000 0.000 0.000 0.000 0.000 0.000 0.000 0.000 0.000 0.000 0.000 0.000 0.000 0.000 0.000 0.000 0.000 0.000 0.000 0.000 0.000 0.000 0.000 0.000 0.000 0.000 0.000 0.000 0.000 0.000 0.000 0.000 0.000 0.000 0.000 0.000 0.000 0.000 0.000 0.000 0.000 0.000 0.000 0.000 0.000 0.000 0.000 0.000 0.000 0.015 0.021 0.027 0.033 0.035 0.043 0.051 0.060 0.069 0.068 0.066 0.065 0.063 0.062 0.059 0.055 0.050 0.044 0.038
0.000 0.000 0.000 0.000 0.000 0.000 0.000 0.000 0.000 0.000 0.000 0.000 0.000 0.000 0.000 0.000 0.000 0.000 0.000 0.000 0.000 0.000 0.000 0.000 0.000 0.000 0.000 0.000 0.000 0.000 0.000 0.000 0.000 0.000 0.000 0.000 0.000 0.000 0.000 0.000 0.000 0.000 0.000 0.000 0.000 0.000 0.000 0.000 0.000 0.000 0.000 0.000 0.000 0.000 0.000 0.000 0.000 0.000 0.000 0.010 0.016 0.020 0.000 0.028 0.038 0.047 0.058 0.071 0.087 0.088 0.087 0.086 0.083 0.077 0.069 0.061 0.053
0.000 0.000 0.000 0.000 0.000 0.000 0.000 0.000 0.000 0.000 0.000 0.000 0.000 0.000 0.000 0.000 0.000 0.000 0.000 0.000 0.000 0.000 0.000 0.000 0.000 0.000 0.000 0.000 0.000 0.000 0.000 0.000 0.000 0.000 0.000 0.000 0.000 0.000 0.000 0.000 0.000 0.000 0.000 0.000 0.000 0.000 0.000 0.000 0.000 0.000 0.000 0.000 0.000 0.000 0.000 0.000 0.000 0.000 0.000 0.003 0.007 0.010 0.010 0.018 0.027 0.036 0.047 0.063 0.082 0.103 0.113 0.112 0.108 0.101 0.085 0.076 0.067
0.000 0.000 0.000 0.000 0.000 0.000 0.000 0.000 0.000 0.000 0.000 0.000 0.000 0.000 0.000 0.000 0.000 0.000 0.000 0.000 0.000 0.000 0.000 0.000 0.000 0.000 0.000 0.000 0.000 0.000 0.000 0.000 0.000 0.000 0.000 0.000 0.000 0.000 0.000 0.000 0.000 0.000 0.000 0.000 0.000 0.000 0.000 0.000 0.000 0.000 0.000 0.000 0.000 0.000 0.000 0.000 0.000 0.000 0.000 0.001 0.001 0.003 0.005 0.010 0.017 0.026 0.038 0.057 0.079 0.101 0.000 0.000 0.000 0.000 0.094 0.092 0.077
0.000 0.000 0.000 0.000 0.000 0.000 0.000 0.000 0.000 0.000 0.000 0.000 0.000 0.000 0.000 0.000 0.000 0.000 0.000 0.000 0.000 0.000 0.000 0.000 0.000 0.000 0.000 0.000 0.000 0.000 0.000 0.000 0.000 0.000 0.000 0.000 0.000 0.000 0.000 0.000 0.000 0.000 0.000 0.000 0.000 0.000 0.000 0.000 0.000 0.000 0.000 0.000 0.000 0.000 0.000 0.000 0.000 0.000 0.000 0.001 0.001 0.001 0.001 0.003 0.009 0.017 0.030 0.052 0.076 0.000 0.000 0.000 0.000 0.000 0.000 0.000 0.079
0.000 0.000 0.000 0.000 0.000 0.000 0.000 0.000 0.000 0.000 0.000 0.000 0.000 0.000 0.000 0.000 0.000 0.000 0.000 0.000 0.000 0.000 0.000 0.000 0.000 0.000 0.000 0.000 0.000 0.000 0.000 0.000 0.000 0.000 0.000 0.000 0.000 0.000 0.000 0.000 0.000 0.000 0.000 0.000 0.000 0.000 0.000 0.000 0.000 0.000 0.000 0.000 0.000 0.000 0.000 0.000 0.000 0.000 0.000 0.000 0.001 0.001 0.001 0.001 0.002 0.009 0.024 0.049 0.000 0.000 0.000 0.000 0.000 0.000 0.000 0.000 0.000
0.000 0.000 0.000 0.000 0.000 0.000 0.000 0.000 0.000 0.000 0.000 0.000 0.000 0.000 0.000 0.000 0.000 0.000 0.000 0.000 0.000 0.000 0.000 0.000 0.000 0.000 0.000 0.000 0.000 0.000 0.000 0.000 0.000 0.000 0.000 0.000 0.000 0.000 0.000 0.000 0.000 0.000 0.000 0.000 0.000 0.000 0.000 0.000 0.000 0.000 0.000 0.000 0.000 0.000 0.000 0.000 0.000 0.000 0.000 0.000 0.000 0.001 0.001 0.001 0.001 0.003 0.019 0.045 0.000 0.000 0.000 0.000 0.000 0.000 0.000 0.000 0.000
0.000 0.000 0.000 0.000 0.000 0.000 0.000 0.000 0.000 0.000 0.000 0.000 0.000 0.000 0.000 0.000 0.000 0.000 0.000 0.000 0.000 0.000 0.000 0.000 0.000 0.000 0.000 0.000 0.000 0.000 0.000 0.000 0.000 0.000 0.000 0.000 0.000 0.000 0.000 0.000 0.000 0.000 0.000 0.000 0.000 0.000 0.000 0.000 0.000 0.000 0.000 0.000 0.000 0.000 0.000 0.000 0.000 0.000 0.000 0.000 0.000 0.000 0.000 0.001 0.001 0.001 0.016 0.000 0.000 0.000 0.000 0.000 0.000 0.000 0.000 0.000 0.000
0.000 0.000 0.000 0.000 0.000 0.000 0.000 0.000 0.000 0.000 0.000 0.000 0.000 0.000 0.000 0.000 0.000 0.000 0.000 0.000 0.000 0.000 0.000 0.000 0.000 0.000 0.000 0.000 0.000 0.000 0.000 0.000 0.000 0.000 0.000 0.000 0.000 0.000 0.000 0.000 0.000 0.000 0.000 0.000 0.000 0.000 0.000 0.000 0.000 0.000 0.000 0.000 0.000 0.000 0.000 0.000 0.000 0.000 0.000 0.000 0.000 0.000 0.000 0.001 0.001 0.001 0.028 0.000 0.000 0.000 0.000 0.000 0.000 0.000 0.000 0.000 0.000
0.000 0.000 0.000 0.000 0.000 0.000 0.000 0.000 0.000 0.000 0.000 0.000 0.000 0.000 0.000 0.000 0.000 0.000 0.000 0.000 0.000 0.000 0.000 0.000 0.000 0.000 0.000 0.000 0.000 0.000 0.000 0.000 0.000 0.000 0.000 0.000 0.000 0.000 0.000 0.000 0.000 0.000 0.000 0.000 0.000 0.000 0.000 0.000 0.000 0.000 0.000 0.000 0.000 0.000 0.000 0.000 0.000 0.000 0.000 0.000 0.000 0.000 0.000 0.001 0.001 0.002 0.000 0.000 0.000 0.000 0.000 0.000 0.000 0.000 0.000 0.000 0.000
0.000 0.000 0.000 0.000 0.000 0.000 0.000 0.000 0.000 0.000 0.000 0.000 0.000 0.000 0.000 0.000 0.000 0.000 0.000 0.000 0.000 0.000 0.000 0.000 0.000 0.000 0.000 0.000 0.000 0.000 0.000 0.000 0.000 0.000 0.000 0.000 0.000 0.000 0.000 0.000 0.000 0.000 0.000 0.000 0.000 0.000 0.000 0.000 0.000 0.000 0.000 0.000 0.000 0.000 0.000 0.000 0.000 0.000 0.000 0.000 0.000 0.000 0.000 0.001 0.001 0.003 0.000 0.000 0.000 0.000 0.000 0.000 0.000 0.000 0.000 0.000 0.000
