数据/LID_BC_100y/LID_BC_res/LID_BC_137-0001.wd
ncols         694
nrows         824
xllcorner     581104.939801
yllcorner     3495917.092414
cellsize      2.000000
NODATA_value  -9999.000000
[rows 306 to 339 of 824, columns 462 to 538 of 694]
0.090 0.088 0.086 0.085 0.084 0.084 0.085 0.086 0.081 0.074 0.067 0.059 0.052 0.045 0.037 0.030 0.021 0.000 0.008 0.007 0.006 0.006 0.006 0.008 0.012 0.017 0.021 0.025 0.027 0.027 0.026 0.024 0.022 0.019 0.016 0.013 0.010 0.008 0.009 0.000 0.000 0.000 0.000 0.000 0.000 0.000 0.000 0.000 0.000 0.000 0.000 0.000 0.000 0.000 0.031 0.031 0.033 0.038 0.000 0.004 0.004 0.004 0.004 0.004 0.010 0.036 0.000 0.000 0.000 0.000 0.011 0.023 0.034 0.048 0.060 0.060 0.056
0.116 0.099 0.093 0.090 0.090 0.090 0.091 0.092 0.093 0.090 0.083 0.075 0.067 0.059 0.051 0.042 0.032 0.024 0.019 0.015 0.012 0.010 0.009 0.009 0.012 0.015 0.020 0.024 0.026 0.026 0.026 0.024 0.022 0.020 0.017 0.014 0.012 0.014 0.023 0.000 0.000 0.000 0.000 0.000 0.000 0.000 0.000 0.000 0.000 0.000 0.000 0.000 0.000 0.000 0.000 0.000 0.000 0.031 0.030 0.023 0.020 0.018 0.016 0.015 0.023 0.000 0.000 0.000 0.000 0.000 0.027 0.041 0.053 0.055 0.052 0.050 0.048
0.099 0.097 0.095 0.095 0.096 0.097 0.099 0.100 0.100 0.101 0.100 0.092 0.084 0.075 0.066 0.055 0.045 0.037 0.030 0.024 0.019 0.016 0.013 0.012 0.012 0.000 0.019 0.023 0.025 0.026 0.026 0.024 0.023 0.020 0.018 0.016 0.014 0.015 0.000 0.000 0.000 0.000 0.000 0.000 0.000 0.000 0.000 0.000 0.000 0.000 0.000 0.000 0.000 0.000 0.000 0.000 0.000 0.000 0.000 0.018 0.021 0.022 0.019 0.019 0.028 0.000 0.000 0.000 0.000 0.035 0.048 0.052 0.049 0.046 0.044 0.042 0.041
0.094 0.097 0.099 0.101 0.103 0.105 0.107 0.108 0.108 0.108 0.109 0.109 0.101 0.092 0.081 0.068 0.058 0.049 0.041 0.034 0.028 0.022 0.018 0.016 0.014 0.011 0.018 0.022 0.024 0.025 0.025 0.024 0.023 0.021 0.019 0.017 0.015 0.014 0.009 0.005 0.004 0.000 0.000 0.000 0.000 0.000 0.000 0.000 0.000 0.000 0.000 0.000 0.000 0.000 0.000 0.000 0.000 0.000 0.000 0.000 0.000 0.000 0.015 0.021 0.025 0.033 0.000 0.000 0.000 0.048 0.047 0.044 0.042 0.039 0.037 0.035 0.035
0.096 0.101 0.105 0.108 0.111 0.114 0.116 0.117 0.117 0.115 0.117 0.118 0.118 0.109 0.095 0.082 0.071 0.061 0.051 0.043 0.036 0.030 0.025 0.021 0.018 0.016 0.019 0.022 0.024 0.025 0.025 0.025 0.023 0.022 0.020 0.018 0.016 0.014 0.011 0.008 0.006 0.004 0.003 0.000 0.000 0.000 0.000 0.000 0.000 0.000 0.000 0.000 0.000 0.000 0.000 0.000 0.000 0.000 0.000 0.000 0.000 0.000 0.000 0.000 0.023 0.034 0.043 0.058 0.059 0.049 0.044 0.040 0.037 0.034 0.032 0.031 0.032
0.102 0.108 0.113 0.117 0.121 0.124 0.126 0.127 0.126 0.119 0.126 0.127 0.126 0.122 0.108 0.093 0.080 0.069 0.060 0.051 0.043 0.037 0.031 0.027 0.023 0.022 0.022 0.024 0.025 0.026 0.026 0.025 0.024 0.023 0.021 0.019 0.017 0.015 0.012 0.010 0.007 0.005 0.004 0.002 0.002 0.003 0.000 0.000 0.000 0.000 0.000 0.000 0.000 0.000 0.000 0.000 0.000 0.000 0.000 0.000 0.000 0.000 0.000 0.000 0.000 0.000 0.000 0.042 0.044 0.042 0.039 0.036 0.032 0.030 0.028 0.027 0.024
0.111 0.117 0.123 0.128 0.132 0.135 0.138 0.140 0.140 0.137 0.139 0.139 0.129 0.112 0.108 0.099 0.086 0.075 0.066 0.057 0.050 0.044 0.038 0.034 0.030 0.028 0.028 0.028 0.028 0.028 0.028 0.028 0.027 0.025 0.023 0.022 0.020 0.018 0.015 0.012 0.010 0.008 0.006 0.004 0.002 0.003 0.003 0.005 0.000 0.000 0.000 0.000 0.001 0.012 0.000 0.000 0.000 0.000 0.000 0.000 0.000 0.000 0.000 0.000 0.000 0.000 0.043 0.040 0.039 0.037 0.034 0.032 0.029 0.026 0.025 0.026 0.000
0.122 0.128 0.134 0.139 0.144 0.147 0.150 0.146 0.137 0.127 0.118 0.108 0.094 0.074 0.088 0.101 0.090 0.081 0.072 0.064 0.057 0.051 0.047 0.043 0.041 0.039 0.038 0.037 0.037 0.036 0.035 0.034 0.033 0.031 0.029 0.027 0.025 0.022 0.020 0.017 0.015 0.012 0.009 0.000 0.003 0.003 0.004 0.005 0.005 0.005 0.005 0.006 0.011 0.021 0.036 0.057 0.083 0.000 0.000 0.000 0.000 0.000 0.000 0.000 0.000 0.000 0.037 0.037 0.035 0.033 0.031 0.028 0.026 0.023 0.022 0.019 0.000
0.133 0.140 0.140 0.137 0.132 0.127 0.121 0.113 0.106 0.097 0.088 0.076 0.058 0.059 0.054 0.091 0.093 0.086 0.080 0.073 0.068 0.064 0.061 0.058 0.056 0.055 0.054 0.053 0.052 0.051 0.049 0.047 0.045 0.042 0.040 0.038 0.035 0.032 0.029 0.026 0.024 0.021 0.018 0.014 0.012 0.009 0.008 0.009 0.010 0.012 0.015 0.020 0.027 0.037 0.050 0.069 0.092 0.115 0.141 0.000 0.000 0.000 0.000 0.000 0.000 0.046 0.041 0.037 0.034 0.031 0.028 0.025 0.023 0.021 0.021 0.000 0.000
0.113 0.110 0.107 0.103 0.099 0.094 0.088 0.082 0.075 0.067 0.057 0.045 0.036 0.043 0.050 0.077 0.100 0.094 0.090 0.086 0.083 0.081 0.080 0.079 0.078 0.077 0.076 0.075 0.073 0.071 0.068 0.066 0.063 0.059 0.056 0.053 0.050 0.047 0.044 0.041 0.038 0.036 0.033 0.030 0.027 0.023 0.018 0.019 0.023 0.027 0.031 0.037 0.044 0.054 0.066 0.083 0.104 0.126 0.140 0.142 0.146 0.153 0.000 0.000 0.000 0.041 0.040 0.036 0.032 0.028 0.025 0.022 0.020 0.018 0.016 0.000 0.000
0.080 0.077 0.074 0.071 0.067 0.062 0.057 0.051 0.045 0.039 0.030 0.018 0.024 0.031 0.041 0.065 0.099 0.106 0.104 0.103 0.103 0.103 0.103 0.104 0.103 0.103 0.102 0.101 0.099 0.096 0.093 0.089 0.085 0.080 0.076 0.073 0.069 0.066 0.063 0.060 0.058 0.056 0.053 0.051 0.048 0.045 0.040 0.034 0.039 0.043 0.048 0.054 0.062 0.071 0.083 0.098 0.109 0.112 0.115 0.118 0.120 0.122 0.121 0.128 0.000 0.047 0.041 0.034 0.029 0.025 0.022 0.019 0.017 0.017 0.000 0.000 0.000
0.046 0.044 0.042 0.039 0.035 0.032 0.027 0.023 0.019 0.014 0.008 0.010 0.015 0.021 0.031 0.054 0.090 0.123 0.124 0.125 0.126 0.128 0.130 0.130 0.131 0.130 0.129 0.128 0.125 0.122 0.119 0.114 0.110 0.105 0.101 0.096 0.092 0.088 0.085 0.082 0.080 0.078 0.077 0.075 0.073 0.070 0.066 0.059 0.056 0.061 0.066 0.072 0.079 0.088 0.094 0.091 0.090 0.090 0.092 0.093 0.093 0.085 0.092 0.095 0.083 0.060 0.043 0.032 0.025 0.021 0.017 0.015 0.013 0.011 0.000 0.000 0.000
0.015 0.014 0.013 0.011 0.010 0.008 0.007 0.005 0.004 0.003 0.002 0.005 0.008 0.013 0.023 0.044 0.083 0.133 0.147 0.150 0.153 0.156 0.158 0.159 0.159 0.159 0.157 0.156 0.153 0.150 0.145 0.140 0.135 0.131 0.126 0.121 0.117 0.113 0.110 0.108 0.105 0.103 0.102 0.100 0.098 0.096 0.093 0.087 0.078 0.079 0.084 0.090 0.094 0.086 0.079 0.074 0.071 0.069 0.069 0.069 0.068 0.065 0.067 0.066 0.059 0.045 0.000 0.015 0.015 0.014 0.012 0.010 0.011 0.000 0.000 0.000 0.000
0.002 0.002 0.000 0.000 0.000 0.000 0.000 0.000 0.000 0.000 0.001 0.002 0.005 0.008 0.016 0.037 0.081 0.133 0.174 0.177 0.181 0.185 0.187 0.188 0.188 0.187 0.186 0.184 0.182 0.178 0.173 0.166 0.161 0.157 0.152 0.147 0.143 0.139 0.137 0.134 0.133 0.131 0.130 0.128 0.126 0.124 0.121 0.116 0.108 0.097 0.100 0.090 0.079 0.071 0.063 0.057 0.052 0.048 0.045 0.043 0.042 0.040 0.039 0.037 0.034 0.028 0.019 0.013 0.010 0.009 0.007 0.006 0.005 0.016 0.000 0.000 0.000
0.000 0.000 0.000 0.000 0.000 0.000 0.000 0.000 0.000 0.000 0.000 0.001 0.002 0.005 0.011 0.033 0.082 0.134 0.189 0.206 0.210 0.214 0.218 0.217 0.217 0.217 0.216 0.214 0.211 0.207 0.201 0.190 0.187 0.183 0.179 0.173 0.169 0.166 0.163 0.161 0.160 0.159 0.158 0.157 0.156 0.154 0.151 0.147 0.133 0.109 0.105 0.096 0.085 0.075 0.065 0.057 0.050 0.044 0.040 0.035 0.032 0.028 0.025 0.022 0.017 0.013 0.010 0.007 0.005 0.004 0.003 0.002 0.001 0.000 0.000 0.000 0.000
0.000 0.000 0.000 0.000 0.000 0.000 0.000 0.000 0.000 0.000 0.000 0.000 0.001 0.003 0.008 0.034 0.086 0.000 0.191 0.235 0.240 0.244 0.249 0.000 0.000 0.000 0.000 0.000 0.000 0.000 0.000 0.212 0.213 0.211 0.207 0.198 0.195 0.193 0.190 0.189 0.188 0.188 0.187 0.186 0.185 0.177 0.162 0.146 0.127 0.103 0.102 0.104 0.108 0.098 0.087 0.079 0.070 0.063 0.056 0.051 0.045 0.040 0.035 0.030 0.025 0.021 0.017 0.013 0.010 0.008 0.006 0.004 0.003 0.002 0.001 0.000 0.000
0.000 0.000 0.000 0.000 0.000 0.000 0.000 0.000 0.000 0.000 0.000 0.000 0.000 0.007 0.000 0.000 0.089 0.000 0.000 0.252 0.000 0.000 0.000 0.000 0.000 0.000 0.000 0.000 0.000 0.000 0.000 0.000 0.000 0.000 0.000 0.220 0.222 0.221 0.216 0.217 0.217 0.217 0.208 0.196 0.183 0.169 0.155 0.139 0.121 0.097 0.097 0.098 0.100 0.105 0.107 0.098 0.089 0.081 0.073 0.066 0.060 0.053 0.047 0.041 0.036 0.030 0.025 0.021 0.017 0.013 0.010 0.008 0.006 0.004 0.003 0.002 0.001
0.000 0.000 0.000 0.000 0.000 0.000 0.000 0.000 0.000 0.000 0.000 0.000 0.000 0.000 0.000 0.000 0.000 0.000 0.000 0.000 0.000 0.000 0.000 0.000 0.000 0.000 0.000 0.000 0.000 0.000 0.000 0.000 0.000 0.000 0.000 0.000 0.000 0.000 0.242 0.237 0.226 0.214 0.199 0.188 0.175 0.161 0.147 0.132 0.113 0.092 0.091 0.091 0.093 0.096 0.101 0.107 0.106 0.098 0.090 0.082 0.075 0.068 0.061 0.054 0.048 0.041 0.036 0.030 0.025 0.021 0.017 0.013 0.011 0.008 0.006 0.005 0.004
0.000 0.000 0.000 0.000 0.000 0.000 0.000 0.000 0.000 0.000 0.000 0.000 0.000 0.000 0.000 0.000 0.000 0.000 0.000 0.000 0.000 0.000 0.000 0.000 0.000 0.000 0.000 0.000 0.000 0.000 0.000 0.000 0.000 0.000 0.000 0.000 0.000 0.000 0.000 0.000 0.000 0.000 0.189 0.180 0.167 0.152 0.139 0.123 0.104 0.085 0.083 0.083 0.084 0.087 0.091 0.096 0.103 0.109 0.106 0.098 0.090 0.082 0.075 0.067 0.060 0.054 0.047 0.041 0.035 0.030 0.025 0.021 0.018 0.015 0.012 0.010 0.008
0.000 0.000 0.000 0.000 0.000 0.000 0.000 0.000 0.000 0.000 0.000 0.000 0.000 0.000 0.000 0.000 0.000 0.000 0.000 0.000 0.000 0.000 0.000 0.000 0.000 0.000 0.000 0.000 0.000 0.000 0.000 0.000 0.000 0.000 0.000 0.000 0.000 0.000 0.000 0.000 0.000 0.000 0.000 0.000 0.000 0.141 0.130 0.115 0.092 0.076 0.074 0.074 0.075 0.078 0.081 0.086 0.091 0.098 0.105 0.112 0.105 0.097 0.089 0.081 0.074 0.066 0.060 0.053 0.047 0.042 0.037 0.032 0.028 0.025 0.021 0.018 0.015
0.000 0.000 0.000 0.000 0.000 0.000 0.000 0.000 0.000 0.000 0.000 0.000 0.000 0.000 0.000 0.000 0.000 0.000 0.000 0.000 0.000 0.000 0.000 0.000 0.000 0.000 0.000 0.000 0.000 0.000 0.000 0.000 0.000 0.000 0.000 0.000 0.000 0.000 0.000 0.000 0.000 0.000 0.000 0.000 0.000 0.000 0.000 0.000 0.073 0.065 0.062 0.063 0.065 0.068 0.071 0.075 0.081 0.087 0.093 0.100 0.106 0.111 0.103 0.095 0.087 0.080 0.073 0.067 0.061 0.056 0.052 0.047 0.043 0.039 0.035 0.031 0.027
0.000 0.000 0.000 0.000 0.000 0.000 0.000 0.000 0.000 0.000 0.000 0.000 0.000 0.000 0.000 0.000 0.000 0.000 0.000 0.000 0.000 0.000 0.000 0.000 0.000 0.000 0.000 0.000 0.000 0.000 0.000 0.000 0.000 0.000 0.000 0.000 0.000 0.000 0.000 0.000 0.000 0.000 0.000 0.000 0.000 0.000 0.000 0.000 0.000 0.000 0.044 0.052 0.057 0.060 0.059 0.064 0.070 0.077 0.081 0.087 0.093 0.100 0.107 0.108 0.101 0.094 0.088 0.082 0.077 0.073 0.070 0.066 0.062 0.058 0.053 0.048 0.042
0.000 0.000 0.000 0.000 0.000 0.000 0.000 0.000 0.000 0.000 0.000 0.000 0.000 0.000 0.000 0.000 0.000 0.000 0.000 0.000 0.000 0.000 0.000 0.000 0.000 0.000 0.000 0.000 0.000 0.000 0.000 0.000 0.000 0.000 0.000 0.000 0.000 0.000 0.000 0.000 0.000 0.000 0.000 0.000 0.000 0.000 0.000 0.000 0.000 0.000 0.000 0.000 0.000 0.000 0.043 0.054 0.062 0.068 0.069 0.073 0.079 0.086 0.093 0.101 0.109 0.109 0.103 0.099 0.096 0.094 0.091 0.088 0.084 0.079 0.073 0.066 0.059
0.000 0.000 0.000 0.000 0.000 0.000 0.000 0.000 0.000 0.000 0.000 0.000 0.000 0.000 0.000 0.000 0.000 0.000 0.000 0.000 0.000 0.000 0.000 0.000 0.000 0.000 0.000 0.000 0.000 0.000 0.000 0.000 0.000 0.000 0.000 0.000 0.000 0.000 0.000 0.000 0.000 0.000 0.000 0.000 0.000 0.000 0.000 0.000 0.000 0.000 0.000 0.000 0.000 0.000 0.000 0.000 0.000 0.000 0.052 0.058 0.064 0.072 0.080 0.088 0.096 0.106 0.118 0.119 0.117 0.117 0.115 0.112 0.107 0.101 0.094 0.085 0.077
0.000 0.000 0.000 0.000 0.000 0.000 0.000 0.000 0.000 0.000 0.000 0.000 0.000 0.000 0.000 0.000 0.000 0.000 0.000 0.000 0.000 0.000 0.000 0.000 0.000 0.000 0.000 0.000 0.000 0.000 0.000 0.000 0.000 0.000 0.000 0.000 0.000 0.000 0.000 0.000 0.000 0.000 0.000 0.000 0.000 0.000 0.000 0.000 0.000 0.000 0.000 0.000 0.000 0.000 0.000 0.000 0.000 0.000 0.000 0.039 0.049 0.057 0.066 0.074 0.083 0.094 0.108 0.124 0.141 0.142 0.140 0.137 0.132 0.124 0.113 0.103 0.093
0.000 0.000 0.000 0.000 0.000 0.000 0.000 0.000 0.000 0.000 0.000 0.000 0.000 0.000 0.000 0.000 0.000 0.000 0.000 0.000 0.000 0.000 0.000 0.000 0.000 0.000 0.000 0.000 0.000 0.000 0.000 0.000 0.000 0.000 0.000 0.000 0.000 0.000 0.000 0.000 0.000 0.000 0.000 0.000 0.000 0.000 0.000 0.000 0.000 0.000 0.000 0.000 0.000 0.000 0.000 0.000 0.000 0.000 0.000 0.025 0.035 0.044 0.052 0.061 0.071 0.083 0.098 0.117 0.138 0.158 0.166 0.163 0.158 0.149 0.130 0.119 0.107
0.000 0.000 0.000 0.000 0.000 0.000 0.000 0.000 0.000 0.000 0.000 0.000 0.000 0.000 0.000 0.000 0.000 0.000 0.000 0.000 0.000 0.000 0.000 0.000 0.000 0.000 0.000 0.000 0.000 0.000 0.000 0.000 0.000 0.000 0.000 0.000 0.000 0.000 0.000 0.000 0.000 0.000 0.000 0.000 0.000 0.000 0.000 0.000 0.000 0.000 0.000 0.000 0.000 0.000 0.000 0.000 0.000 0.000 0.000 0.014 0.023 0.031 0.039 0.048 0.058 0.072 0.090 0.111 0.134 0.157 0.000 0.000 0.000 0.000 0.138 0.135 0.117
0.000 0.000 0.000 0.000 0.000 0.000 0.000 0.000 0.000 0.000 0.000 0.000 0.000 0.000 0.000 0.000 0.000 0.000 0.000 0.000 0.000 0.000 0.000 0.000 0.000 0.000 0.000 0.000 0.000 0.000 0.000 0.000 0.000 0.000 0.000 0.000 0.000 0.000 0.000 0.000 0.000 0.000 0.000 0.000 0.000 0.000 0.000 0.000 0.000 0.000 0.000 0.000 0.000 0.000 0.000 0.000 0.000 0.000 0.000 0.005 0.012 0.019 0.026 0.035 0.046 0.062 0.082 0.107 0.132 0.000 0.000 0.000 0.000 0.000 0.000 0.000 0.118
0.000 0.000 0.000 0.000 0.000 0.000 0.000 0.000 0.000 0.000 0.000 0.000 0.000 0.000 0.000 0.000 0.000 0.000 0.000 0.000 0.000 0.000 0.000 0.000 0.000 0.000 0.000 0.000 0.000 0.000 0.000 0.000 0.000 0.000 0.000 0.000 0.000 0.000 0.000 0.000 0.000 0.000 0.000 0.000 0.000 0.000 0.000 0.000 0.000 0.000 0.000 0.000 0.000 0.000 0.000 0.000 0.000 0.000 0.000 0.000 0.003 0.008 0.014 0.023 0.035 0.053 0.076 0.103 0.000 0.000 0.000 0.000 0.000 0.000 0.000 0.000 0.000
0.000 0.000 0.000 0.000 0.000 0.000 0.000 0.000 0.000 0.000 0.000 0.000 0.000 0.000 0.000 0.000 0.000 0.000 0.000 0.000 0.000 0.000 0.000 0.000 0.000 0.000 0.000 0.000 0.000 0.000 0.000 0.000 0.000 0.000 0.000 0.000 0.000 0.000 0.000 0.000 0.000 0.000 0.000 0.000 0.000 0.000 0.000 0.000 0.000 0.000 0.000 0.000 0.000 0.000 0.000 0.000 0.000 0.000 0.000 0.000 0.000 0.001 0.005 0.012 0.025 0.044 0.070 0.098 0.000 0.000 0.000 0.000 0.000 0.000 0.000 0.000 0.000
0.000 0.000 0.000 0.000 0.000 0.000 0.000 0.000 0.000 0.000 0.000 0.000 0.000 0.000 0.000 0.000 0.000 0.000 0.000 0.000 0.000 0.000 0.000 0.000 0.000 0.000 0.000 0.000 0.000 0.000 0.000 0.000 0.000 0.000 0.000 0.000 0.000 0.000 0.000 0.000 0.000 0.000 0.000 0.000 0.000 0.000 0.000 0.000 0.000 0.000 0.000 0.000 0.000 0.000 0.000 0.000 0.000 0.000 0.000 0.000 0.000 0.000 0.000 0.003 0.013 0.033 0.062 0.000 0.000 0.000 0.000 0.000 0.000 0.000 0.000 0.000 0.000
0.000 0.000 0.000 0.000 0.000 0.000 0.000 0.000 0.000 0.000 0.000 0.000 0.000 0.000 0.000 0.000 0.000 0.000 0.000 0.000 0.000 0.000 0.000 0.000 0.000 0.000 0.000 0.000 0.000 0.000 0.000 0.000 0.000 0.000 0.000 0.000 0.000 0.000 0.000 0.000 0.000 0.000 0.000 0.000 0.000 0.000 0.000 0.000 0.000 0.000 0.000 0.000 0.000 0.000 0.000 0.000 0.000 0.000 0.000 0.000 0.000 0.000 0.000 0.003 0.009 0.034 0.071 0.000 0.000 0.000 0.000 0.000 0.000 0.000 0.000 0.000 0.000
0.000 0.000 0.000 0.000 0.000 0.000 0.000 0.000 0.000 0.000 0.000 0.000 0.000 0.000 0.000 0.000 0.000 0.000 0.000 0.000 0.000 0.000 0.000 0.000 0.000 0.000 0.000 0.000 0.000 0.000 0.000 0.000 0.000 0.000 0.000 0.000 0.000 0.000 0.000 0.000 0.000 0.000 0.000 0.000 0.000 0.000 0.000 0.000 0.000 0.000 0.000 0.000 0.000 0.000 0.000 0.000 0.000 0.000 0.000 0.000 0.000 0.000 0.000 0.003 0.009 0.034 0.000 0.000 0.000 0.000 0.000 0.000 0.000 0.000 0.000 0.000 0.000
0.000 0.000 0.000 0.000 0.000 0.000 0.000 0.000 0.000 0.000 0.000 0.000 0.000 0.000 0.000 0.000 0.000 0.000 0.000 0.000 0.000 0.000 0.000 0.000 0.000 0.000 0.000 0.000 0.000 0.000 0.000 0.000 0.000 0.000 0.000 0.000 0.000 0.000 0.000 0.000 0.000 0.000 0.000 0.000 0.000 0.000 0.000 0.000 0.000 0.000 0.000 0.000 0.000 0.000 0.000 0.000 0.000 0.000 0.000 0.000 0.000 0.000 0.000 0.003 0.009 0.035 0.000 0.000 0.000 0.000 0.000 0.000 0.000 0.000 0.000 0.000 0.000
