数据/LID_BC_100y/LID_BC_res/LID_BC_206-0001.wd
ncols         694
nrows         824
xllcorner     581104.939801
yllcorner     3495917.092414
cellsize      2.000000
NODATA_value  -9999.000000
[rows 442 to 475 of 824, columns 385 to 461 of 694]
0.000 0.000 0.000 0.013 0.009 0.004 0.000 0.000 0.000 0.000 0.000 0.000 0.000 0.000 0.001 0.001 0.001 0.001 0.001 0.001 0.001 0.002 0.002 0.003 0.003 0.003 0.003 0.004 0.006 0.012 0.015 0.015 0.015 0.015 0.000 0.000 0.000 0.000 0.000 0.000 0.000 0.000 0.000 0.000 0.000 0.000 0.000 0.000 0.000 0.000 0.000 0.000 0.000 0.000 0.000 0.000 0.003 0.004 0.005 0.006 0.010 0.017 0.023 0.031 0.038 0.045 0.052 0.059 0.067 0.074 0.000 0.000 0.000 0.000 0.000 0.000 0.000
0.000 0.000 0.000 0.000 0.000 0.015 0.010 0.005 0.002 0.001 0.000 0.000 0.000 0.001 0.001 0.001 0.001 0.001 0.001 0.001 0.001 0.001 0.002 0.002 0.003 0.003 0.003 0.004 0.006 0.013 0.014 0.014 0.015 0.015 0.000 0.000 0.000 0.000 0.000 0.000 0.000 0.000 0.000 0.000 0.000 0.000 0.000 0.000 0.000 0.000 0.000 0.000 0.000 0.000 0.000 0.000 0.003 0.005 0.009 0.015 0.022 0.029 0.037 0.043 0.051 0.058 0.065 0.073 0.080 0.087 0.094 0.096 0.000 0.000 0.000 0.000 0.000
0.000 0.000 0.000 0.000 0.000 0.000 0.000 0.014 0.009 0.004 0.002 0.001 0.001 0.001 0.001 0.001 0.001 0.001 0.001 0.001 0.001 0.001 0.002 0.002 0.003 0.003 0.003 0.004 0.006 0.013 0.013 0.014 0.014 0.000 0.000 0.000 0.000 0.000 0.000 0.000 0.000 0.000 0.000 0.000 0.000 0.000 0.000 0.000 0.000 0.000 0.000 0.000 0.000 0.000 0.000 0.002 0.007 0.014 0.021 0.028 0.035 0.042 0.050 0.057 0.064 0.071 0.078 0.086 0.093 0.100 0.107 0.103 0.098 0.095 0.090 0.000 0.000
0.000 0.000 0.000 0.000 0.000 0.000 0.000 0.000 0.016 0.014 0.010 0.005 0.002 0.001 0.001 0.001 0.001 0.001 0.001 0.001 0.001 0.001 0.001 0.002 0.002 0.003 0.003 0.003 0.005 0.012 0.012 0.013 0.013 0.000 0.000 0.000 0.000 0.000 0.000 0.000 0.000 0.000 0.000 0.000 0.000 0.000 0.000 0.000 0.000 0.000 0.000 0.000 0.000 0.000 0.000 0.000 0.000 0.027 0.000 0.000 0.048 0.055 0.063 0.069 0.077 0.084 0.091 0.099 0.106 0.113 0.115 0.111 0.106 0.101 0.097 0.093 0.088
0.000 0.000 0.000 0.000 0.000 0.000 0.000 0.000 0.000 0.000 0.015 0.013 0.010 0.006 0.002 0.001 0.001 0.001 0.001 0.001 0.001 0.001 0.001 0.001 0.002 0.002 0.003 0.003 0.005 0.011 0.011 0.011 0.011 0.000 0.000 0.000 0.000 0.000 0.000 0.000 0.000 0.000 0.000 0.000 0.000 0.000 0.000 0.000 0.000 0.000 0.000 0.000 0.000 0.000 0.000 0.000 0.000 0.000 0.000 0.000 0.000 0.000 0.000 0.000 0.090 0.097 0.104 0.112 0.119 0.126 0.123 0.119 0.114 0.109 0.105 0.100 0.096
0.000 0.000 0.000 0.000 0.000 0.000 0.000 0.000 0.000 0.000 0.000 0.017 0.015 0.013 0.011 0.007 0.003 0.002 0.001 0.001 0.001 0.001 0.001 0.001 0.001 0.002 0.002 0.003 0.006 0.010 0.010 0.010 0.009 0.008 0.006 0.005 0.000 0.000 0.000 0.000 0.000 0.000 0.000 0.000 0.000 0.000 0.000 0.000 0.000 0.000 0.000 0.000 0.000 0.000 0.000 0.000 0.000 0.000 0.000 0.000 0.000 0.000 0.000 0.000 0.000 0.000 0.000 0.000 0.132 0.135 0.131 0.126 0.122 0.117 0.113 0.107 0.104
0.000 0.000 0.000 0.000 0.000 0.000 0.000 0.000 0.000 0.000 0.000 0.000 0.000 0.017 0.015 0.012 0.009 0.007 0.003 0.002 0.001 0.001 0.001 0.001 0.001 0.002 0.002 0.003 0.006 0.008 0.009 0.009 0.008 0.006 0.005 0.003 0.002 0.002 0.002 0.002 0.000 0.000 0.000 0.000 0.000 0.000 0.000 0.000 0.000 0.000 0.000 0.000 0.000 0.000 0.000 0.000 0.000 0.000 0.000 0.000 0.000 0.000 0.000 0.000 0.000 0.000 0.000 0.000 0.000 0.000 0.000 0.133 0.129 0.125 0.120 0.115 0.111
0.000 0.000 0.000 0.000 0.000 0.000 0.000 0.000 0.000 0.000 0.000 0.000 0.000 0.000 0.000 0.015 0.013 0.010 0.007 0.005 0.002 0.002 0.001 0.001 0.001 0.001 0.002 0.002 0.000 0.006 0.007 0.007 0.006 0.004 0.004 0.003 0.003 0.002 0.002 0.002 0.002 0.002 0.002 0.000 0.000 0.000 0.000 0.000 0.000 0.000 0.000 0.000 0.000 0.000 0.000 0.000 0.000 0.000 0.000 0.000 0.000 0.000 0.000 0.000 0.000 0.000 0.000 0.000 0.000 0.000 0.000 0.000 0.000 0.000 0.000 0.123 0.118
0.000 0.000 0.000 0.000 0.000 0.000 0.000 0.000 0.000 0.000 0.000 0.000 0.000 0.000 0.000 0.000 0.016 0.014 0.010 0.007 0.004 0.003 0.002 0.002 0.001 0.001 0.001 0.002 0.004 0.005 0.005 0.004 0.004 0.004 0.004 0.004 0.003 0.003 0.003 0.003 0.002 0.002 0.002 0.002 0.002 0.002 0.002 0.000 0.000 0.000 0.000 0.000 0.000 0.000 0.000 0.000 0.000 0.000 0.000 0.000 0.000 0.000 0.000 0.000 0.000 0.000 0.000 0.000 0.000 0.000 0.000 0.000 0.000 0.000 0.000 0.000 0.000
0.000 0.000 0.000 0.000 0.000 0.000 0.000 0.000 0.000 0.000 0.000 0.000 0.000 0.000 0.000 0.000 0.000 0.000 0.010 0.007 0.005 0.004 0.003 0.002 0.002 0.002 0.001 0.002 0.003 0.003 0.004 0.004 0.004 0.004 0.004 0.004 0.004 0.003 0.003 0.003 0.003 0.003 0.003 0.002 0.002 0.002 0.002 0.002 0.002 0.002 0.002 0.002 0.001 0.000 0.000 0.000 0.000 0.000 0.000 0.000 0.000 0.000 0.000 0.000 0.000 0.000 0.000 0.000 0.000 0.000 0.000 0.000 0.000 0.000 0.000 0.000 0.000
0.000 0.000 0.000 0.000 0.000 0.000 0.000 0.000 0.000 0.000 0.000 0.000 0.000 0.000 0.000 0.000 0.000 0.000 0.010 0.008 0.006 0.004 0.003 0.000 0.002 0.002 0.002 0.002 0.002 0.003 0.004 0.004 0.004 0.004 0.004 0.004 0.004 0.004 0.003 0.003 0.003 0.003 0.003 0.003 0.003 0.002 0.002 0.002 0.002 0.002 0.002 0.002 0.002 0.002 0.001 0.000 0.000 0.000 0.000 0.000 0.000 0.000 0.000 0.000 0.000 0.000 0.000 0.000 0.000 0.000 0.000 0.000 0.000 0.000 0.000 0.000 0.000
0.000 0.000 0.000 0.000 0.000 0.000 0.000 0.000 0.000 0.000 0.000 0.000 0.000 0.000 0.000 0.000 0.000 0.000 0.010 0.008 0.006 0.005 0.004 0.003 0.003 0.003 0.002 0.002 0.001 0.003 0.004 0.004 0.005 0.005 0.005 0.005 0.004 0.004 0.004 0.004 0.003 0.003 0.003 0.003 0.003 0.000 0.002 0.002 0.002 0.002 0.002 0.002 0.002 0.002 0.002 0.002 0.001 0.000 0.000 0.000 0.000 0.000 0.000 0.000 0.000 0.000 0.000 0.000 0.000 0.000 0.000 0.000 0.000 0.000 0.000 0.000 0.000
0.000 0.000 0.000 0.000 0.000 0.000 0.000 0.000 0.000 0.000 0.000 0.000 0.000 0.000 0.000 0.000 0.000 0.000 0.009 0.008 0.006 0.005 0.004 0.003 0.003 0.003 0.002 0.002 0.002 0.003 0.004 0.004 0.004 0.005 0.005 0.005 0.005 0.005 0.005 0.004 0.004 0.004 0.004 0.004 0.003 0.002 0.002 0.002 0.002 0.002 0.002 0.002 0.002 0.002 0.002 0.002 0.002 0.002 0.002 0.001 0.000 0.000 0.000 0.000 0.000 0.000 0.000 0.000 0.000 0.000 0.000 0.000 0.000 0.000 0.000 0.000 0.000
0.000 0.000 0.000 0.000 0.000 0.000 0.000 0.000 0.000 0.000 0.000 0.000 0.000 0.000 0.000 0.000 0.000 0.007 0.008 0.007 0.006 0.005 0.004 0.004 0.003 0.003 0.002 0.002 0.002 0.003 0.003 0.004 0.004 0.005 0.005 0.005 0.005 0.005 0.005 0.005 0.005 0.005 0.005 0.004 0.004 0.003 0.003 0.003 0.003 0.003 0.003 0.003 0.003 0.003 0.003 0.003 0.002 0.002 0.002 0.002 0.002 0.002 0.001 0.000 0.000 0.001 0.000 0.000 0.000 0.000 0.000 0.000 0.000 0.000 0.000 0.000 0.000
0.000 0.000 0.000 0.000 0.000 0.000 0.000 0.000 0.000 0.000 0.000 0.000 0.000 0.000 0.000 0.000 0.000 0.008 0.008 0.007 0.006 0.005 0.004 0.004 0.003 0.003 0.002 0.002 0.002 0.003 0.003 0.004 0.004 0.004 0.005 0.005 0.005 0.005 0.005 0.005 0.005 0.005 0.005 0.005 0.005 0.004 0.004 0.004 0.004 0.004 0.004 0.003 0.003 0.003 0.003 0.003 0.003 0.003 0.003 0.002 0.002 0.002 0.002 0.002 0.002 0.002 0.001 0.000 0.000 0.000 0.000 0.000 0.000 0.000 0.000 0.000 0.000
0.000 0.000 0.000 0.000 0.000 0.000 0.000 0.000 0.000 0.000 0.000 0.000 0.000 0.000 0.000 0.000 0.000 0.009 0.008 0.007 0.006 0.005 0.004 0.004 0.003 0.003 0.002 0.002 0.002 0.003 0.003 0.004 0.004 0.004 0.005 0.005 0.005 0.005 0.005 0.005 0.005 0.005 0.005 0.005 0.005 0.005 0.005 0.005 0.005 0.005 0.005 0.004 0.004 0.004 0.004 0.004 0.003 0.003 0.003 0.003 0.003 0.003 0.003 0.003 0.004 0.002 0.002 0.001 0.000 0.000 0.000 0.000 0.000 0.000 0.000 0.000 0.000
0.000 0.000 0.000 0.000 0.000 0.000 0.000 0.000 0.000 0.000 0.000 0.000 0.000 0.000 0.000 0.000 0.000 0.009 0.008 0.007 0.006 0.005 0.004 0.004 0.003 0.003 0.002 0.002 0.002 0.003 0.003 0.004 0.004 0.004 0.005 0.005 0.005 0.005 0.005 0.005 0.005 0.005 0.005 0.005 0.005 0.005 0.005 0.005 0.005 0.005 0.005 0.005 0.005 0.005 0.005 0.005 0.004 0.004 0.004 0.004 0.004 0.004 0.004 0.006 0.006 0.000 0.002 0.001 0.000 0.000 0.000 0.000 0.000 0.000 0.000 0.000 0.000
0.000 0.000 0.000 0.000 0.000 0.000 0.000 0.000 0.000 0.000 0.000 0.000 0.000 0.000 0.000 0.000 0.007 0.008 0.008 0.007 0.006 0.005 0.004 0.004 0.003 0.002 0.002 0.002 0.002 0.003 0.003 0.004 0.004 0.004 0.005 0.005 0.005 0.005 0.005 0.005 0.005 0.005 0.005 0.005 0.005 0.005 0.005 0.005 0.005 0.005 0.005 0.005 0.005 0.005 0.005 0.005 0.005 0.005 0.005 0.005 0.006 0.008 0.010 0.014 0.007 0.003 0.002 0.002 0.001 0.001 0.000 0.000 0.000 0.000 0.000 0.000 0.000
0.000 0.000 0.000 0.000 0.000 0.000 0.000 0.000 0.000 0.000 0.000 0.000 0.000 0.000 0.000 0.000 0.008 0.008 0.008 0.007 0.006 0.005 0.004 0.004 0.003 0.002 0.002 0.002 0.002 0.003 0.003 0.004 0.004 0.004 0.005 0.005 0.005 0.005 0.006 0.006 0.006 0.006 0.006 0.006 0.006 0.006 0.006 0.006 0.006 0.006 0.006 0.006 0.006 0.006 0.006 0.006 0.006 0.006 0.007 0.008 0.012 0.016 0.019 0.019 0.023 0.018 0.013 0.009 0.006 0.004 0.003 0.002 0.001 0.001 0.001 0.000 0.000
0.000 0.000 0.000 0.000 0.000 0.000 0.000 0.000 0.000 0.000 0.000 0.000 0.000 0.000 0.000 0.000 0.009 0.008 0.008 0.007 0.006 0.005 0.004 0.004 0.003 0.002 0.002 0.002 0.002 0.003 0.003 0.004 0.004 0.004 0.005 0.005 0.006 0.007 0.008 0.008 0.008 0.007 0.007 0.007 0.007 0.007 0.007 0.007 0.007 0.006 0.006 0.006 0.006 0.006 0.006 0.006 0.007 0.009 0.012 0.016 0.020 0.020 0.017 0.015 0.017 0.020 0.022 0.024 0.026 0.019 0.014 0.009 0.006 0.004 0.003 0.002 0.001
0.053 0.050 0.049 0.000 0.000 0.000 0.000 0.000 0.000 0.000 0.000 0.000 0.000 0.000 0.000 0.008 0.009 0.008 0.008 0.007 0.006 0.005 0.004 0.004 0.002 0.002 0.002 0.002 0.002 0.003 0.003 0.004 0.004 0.004 0.005 0.006 0.009 0.014 0.013 0.011 0.010 0.010 0.010 0.009 0.009 0.008 0.008 0.008 0.008 0.007 0.007 0.007 0.007 0.007 0.007 0.009 0.011 0.015 0.020 0.021 0.020 0.018 0.016 0.012 0.013 0.014 0.016 0.018 0.020 0.023 0.025 0.027 0.026 0.019 0.013 0.009 0.006
0.057 0.055 0.053 0.050 0.048 0.046 0.000 0.000 0.000 0.000 0.000 0.000 0.000 0.000 0.000 0.011 0.010 0.009 0.008 0.007 0.006 0.005 0.004 0.004 0.002 0.002 0.002 0.002 0.002 0.003 0.003 0.004 0.004 0.004 0.006 0.010 0.017 0.024 0.000 0.011 0.013 0.014 0.014 0.012 0.011 0.011 0.010 0.010 0.009 0.009 0.009 0.009 0.009 0.009 0.011 0.014 0.019 0.021 0.020 0.019 0.018 0.016 0.014 0.011 0.010 0.011 0.011 0.012 0.014 0.016 0.018 0.020 0.023 0.026 0.027 0.029 0.025
0.062 0.060 0.058 0.055 0.053 0.050 0.047 0.045 0.043 0.040 0.000 0.000 0.000 0.000 0.000 0.015 0.013 0.011 0.009 0.008 0.007 0.006 0.005 0.004 0.002 0.002 0.002 0.002 0.002 0.003 0.003 0.004 0.004 0.006 0.012 0.018 0.026 0.000 0.000 0.000 0.000 0.000 0.000 0.012 0.014 0.015 0.012 0.012 0.012 0.012 0.011 0.011 0.012 0.014 0.018 0.021 0.020 0.019 0.018 0.017 0.016 0.014 0.012 0.009 0.009 0.009 0.009 0.009 0.009 0.010 0.011 0.013 0.016 0.018 0.020 0.022 0.025
0.000 0.000 0.000 0.059 0.057 0.055 0.052 0.050 0.047 0.045 0.041 0.038 0.036 0.000 0.000 0.019 0.017 0.014 0.012 0.009 0.008 0.006 0.005 0.003 0.002 0.002 0.002 0.002 0.002 0.003 0.003 0.004 0.006 0.012 0.020 0.000 0.000 0.000 0.000 0.000 0.000 0.000 0.000 0.000 0.000 0.000 0.013 0.015 0.016 0.017 0.014 0.015 0.018 0.021 0.020 0.019 0.018 0.016 0.015 0.014 0.013 0.012 0.011 0.008 0.007 0.007 0.007 0.007 0.007 0.007 0.007 0.008 0.009 0.011 0.013 0.015 0.017
0.000 0.000 0.000 0.000 0.000 0.000 0.056 0.054 0.052 0.049 0.045 0.043 0.040 0.035 0.029 0.024 0.020 0.017 0.014 0.011 0.009 0.007 0.005 0.003 0.002 0.002 0.002 0.002 0.002 0.003 0.003 0.005 0.011 0.020 0.000 0.000 0.000 0.000 0.000 0.000 0.000 0.000 0.000 0.000 0.000 0.000 0.000 0.000 0.000 0.000 0.016 0.020 0.020 0.019 0.017 0.015 0.015 0.014 0.013 0.012 0.011 0.010 0.009 0.007 0.006 0.006 0.005 0.005 0.005 0.005 0.005 0.005 0.006 0.006 0.007 0.008 0.010
0.000 0.000 0.000 0.000 0.000 0.000 0.000 0.000 0.000 0.000 0.049 0.047 0.044 0.039 0.033 0.027 0.022 0.018 0.015 0.012 0.009 0.007 0.005 0.002 0.002 0.002 0.002 0.002 0.002 0.003 0.004 0.009 0.018 0.000 0.000 0.000 0.000 0.000 0.000 0.000 0.000 0.000 0.000 0.000 0.000 0.000 0.000 0.000 0.000 0.000 0.000 0.000 0.000 0.000 0.011 0.011 0.011 0.010 0.010 0.009 0.008 0.008 0.007 0.005 0.004 0.004 0.004 0.004 0.004 0.004 0.004 0.004 0.004 0.004 0.004 0.005 0.005
0.000 0.000 0.000 0.000 0.000 0.000 0.000 0.000 0.000 0.000 0.000 0.000 0.000 0.000 0.033 0.028 0.023 0.018 0.014 0.011 0.009 0.007 0.004 0.003 0.000 0.002 0.002 0.002 0.002 0.003 0.005 0.011 0.000 0.000 0.000 0.000 0.000 0.000 0.000 0.000 0.000 0.000 0.000 0.000 0.000 0.000 0.000 0.000 0.000 0.000 0.000 0.000 0.000 0.000 0.000 0.000 0.000 0.005 0.006 0.006 0.006 0.005 0.005 0.004 0.003 0.003 0.003 0.003 0.003 0.003 0.003 0.003 0.003 0.003 0.003 0.003 0.003
0.000 0.000 0.000 0.000 0.000 0.000 0.000 0.000 0.000 0.000 0.000 0.000 0.000 0.000 0.000 0.024 0.021 0.016 0.000 0.009 0.009 0.007 0.004 0.003 0.003 0.003 0.003 0.003 0.003 0.004 0.007 0.015 0.000 0.000 0.000 0.000 0.000 0.000 0.000 0.000 0.000 0.000 0.000 0.000 0.000 0.000 0.000 0.000 0.000 0.000 0.000 0.000 0.000 0.000 0.000 0.000 0.000 0.000 0.000 0.000 0.000 0.002 0.003 0.003 0.002 0.002 0.002 0.002 0.002 0.002 0.002 0.002 0.002 0.002 0.002 0.002 0.002
0.000 0.000 0.000 0.000 0.000 0.000 0.000 0.000 0.000 0.000 0.000 0.000 0.000 0.000 0.018 0.021 0.019 0.015 0.011 0.010 0.009 0.007 0.003 0.003 0.003 0.003 0.003 0.003 0.003 0.006 0.013 0.022 0.000 0.000 0.000 0.000 0.000 0.000 0.000 0.000 0.000 0.000 0.000 0.000 0.000 0.000 0.000 0.000 0.000 0.000 0.000 0.000 0.000 0.000 0.000 0.000 0.000 0.000 0.000 0.000 0.000 0.000 0.000 0.000 0.001 0.001 0.001 0.001 0.001 0.001 0.001 0.001 0.001 0.001 0.001 0.001 0.001
0.000 0.000 0.000 0.000 0.000 0.000 0.000 0.000 0.000 0.000 0.000 0.000 0.000 0.000 0.020 0.019 0.018 0.015 0.013 0.011 0.009 0.006 0.004 0.004 0.004 0.004 0.004 0.004 0.005 0.011 0.020 0.029 0.000 0.000 0.000 0.000 0.000 0.000 0.000 0.000 0.000 0.000 0.000 0.000 0.000 0.000 0.000 0.000 0.000 0.000 0.000 0.000 0.000 0.000 0.000 0.000 0.000 0.000 0.000 0.000 0.000 0.000 0.000 0.000 0.000 0.000 0.000 0.000 0.001 0.001 0.001 0.001 0.001 0.001 0.001 0.001 0.001
0.000 0.000 0.000 0.000 0.000 0.000 0.000 0.000 0.000 0.000 0.000 0.000 0.000 0.000 0.020 0.019 0.017 0.015 0.013 0.011 0.009 0.006 0.004 0.004 0.004 0.004 0.004 0.005 0.009 0.017 0.026 0.000 0.000 0.000 0.000 0.000 0.000 0.000 0.000 0.000 0.000 0.000 0.000 0.000 0.000 0.000 0.000 0.000 0.000 0.000 0.000 0.000 0.000 0.000 0.000 0.000 0.000 0.000 0.000 0.000 0.000 0.000 0.000 0.000 0.000 0.000 0.000 0.000 0.000 0.000 0.000 0.000 0.000 0.000 0.000 0.000 0.000
0.000 0.000 0.000 0.000 0.000 0.000 0.000 0.000 0.000 0.000 0.000 0.000 0.000 0.000 0.019 0.018 0.017 0.015 0.013 0.011 0.009 0.005 0.004 0.004 0.004 0.004 0.005 0.009 0.016 0.025 0.033 0.000 0.000 0.000 0.000 0.000 0.000 0.000 0.000 0.000 0.000 0.000 0.000 0.000 0.000 0.000 0.000 0.000 0.000 0.000 0.000 0.000 0.000 0.000 0.000 0.000 0.000 0.000 0.000 0.000 0.000 0.000 0.000 0.000 0.000 0.000 0.000 0.000 0.000 0.000 0.000 0.000 0.000 0.000 0.000 0.000 0.000
0.000 0.000 0.000 0.000 0.000 0.000 0.000 0.000 0.000 0.000 0.000 0.000 0.000 0.016 0.017 0.017 0.016 0.015 0.013 0.011 0.008 0.004 0.004 0.004 0.005 0.005 0.008 0.015 0.023 0.032 0.041 0.000 0.000 0.000 0.000 0.000 0.000 0.000 0.000 0.000 0.000 0.000 0.000 0.000 0.000 0.000 0.000 0.000 0.000 0.000 0.000 0.000 0.000 0.000 0.000 0.000 0.000 0.000 0.000 0.000 0.000 0.000 0.000 0.000 0.000 0.000 0.000 0.000 0.000 0.000 0.000 0.000 0.000 0.000 0.000 0.000 0.000
0.000 0.000 0.000 0.000 0.000 0.000 0.000 0.000 0.000 0.000 0.000 0.000 0.000 0.017 0.017 0.017 0.016 0.014 0.012 0.010 0.007 0.005 0.005 0.005 0.005 0.007 0.014 0.022 0.030 0.039 0.000 0.000 0.000 0.000 0.000 0.000 0.000 0.000 0.000 0.000 0.000 0.000 0.000 0.000 0.000 0.000 0.000 0.000 0.000 0.000 0.000 0.000 0.000 0.000 0.000 0.000 0.000 0.000 0.000 0.000 0.000 0.000 0.000 0.000 0.000 0.000 0.000 0.000 0.000 0.000 0.000 0.000 0.000 0.000 0.000 0.000 0.000
