数据/LID_BC_100y/LID_BC_res/LID_BC_176-0001.wd
ncols         694
nrows         824
xllcorner     581104.939801
yllcorner     3495917.092414
cellsize      2.000000
NODATA_value  -9999.000000
[rows 306 to 339 of 824, columns 462 to 538 of 694]
0.018 0.019 0.020 0.021 0.021 0.021 0.021 0.020 0.016 0.012 0.008 0.005 0.003 0.002 0.001 0.001 0.001 0.000 0.001 0.001 0.001 0.001 0.001 0.001 0.001 0.001 0.003 0.006 0.008 0.009 0.009 0.009 0.008 0.006 0.005 0.004 0.003 0.002 0.003 0.000 0.000 0.000 0.000 0.000 0.000 0.000 0.000 0.000 0.000 0.000 0.000 0.000 0.000 0.000 0.010 0.010 0.010 0.013 0.000 0.001 0.001 0.001 0.001 0.001 0.003 0.033 0.000 0.000 0.000 0.000 0.001 0.002 0.008 0.019 0.028 0.027 0.023
0.016 0.018 0.019 0.020 0.020 0.020 0.020 0.020 0.020 0.017 0.012 0.008 0.005 0.003 0.002 0.001 0.001 0.001 0.001 0.001 0.001 0.001 0.001 0.001 0.001 0.001 0.003 0.005 0.008 0.009 0.009 0.009 0.008 0.007 0.005 0.004 0.004 0.004 0.013 0.000 0.000 0.000 0.000 0.000 0.000 0.000 0.000 0.000 0.000 0.000 0.000 0.000 0.000 0.000 0.000 0.000 0.000 0.010 0.010 0.008 0.007 0.006 0.005 0.005 0.008 0.000 0.000 0.000 0.000 0.000 0.006 0.016 0.025 0.026 0.023 0.020 0.018
0.014 0.016 0.017 0.018 0.019 0.020 0.020 0.021 0.021 0.020 0.019 0.014 0.010 0.007 0.005 0.003 0.002 0.002 0.001 0.001 0.001 0.001 0.001 0.001 0.001 0.000 0.003 0.005 0.007 0.008 0.009 0.009 0.008 0.007 0.006 0.005 0.004 0.005 0.000 0.000 0.000 0.000 0.000 0.000 0.000 0.000 0.000 0.000 0.000 0.000 0.000 0.000 0.000 0.000 0.000 0.000 0.000 0.000 0.000 0.006 0.007 0.008 0.007 0.007 0.011 0.000 0.000 0.000 0.000 0.011 0.021 0.024 0.022 0.019 0.017 0.015 0.014
0.012 0.014 0.016 0.018 0.019 0.020 0.021 0.022 0.022 0.021 0.021 0.022 0.018 0.014 0.011 0.007 0.005 0.004 0.003 0.002 0.002 0.001 0.001 0.001 0.001 0.001 0.003 0.005 0.007 0.008 0.009 0.009 0.008 0.007 0.006 0.005 0.005 0.005 0.003 0.002 0.002 0.000 0.000 0.000 0.000 0.000 0.000 0.000 0.000 0.000 0.000 0.000 0.000 0.000 0.000 0.000 0.000 0.000 0.000 0.000 0.000 0.000 0.005 0.007 0.009 0.012 0.000 0.000 0.000 0.021 0.020 0.018 0.016 0.015 0.013 0.012 0.011
0.011 0.013 0.015 0.017 0.019 0.021 0.023 0.024 0.024 0.021 0.022 0.026 0.029 0.026 0.021 0.015 0.011 0.008 0.006 0.004 0.003 0.002 0.002 0.001 0.001 0.001 0.003 0.005 0.007 0.008 0.009 0.009 0.008 0.007 0.006 0.006 0.005 0.005 0.003 0.002 0.002 0.001 0.001 0.000 0.000 0.000 0.000 0.000 0.000 0.000 0.000 0.000 0.000 0.000 0.000 0.000 0.000 0.000 0.000 0.000 0.000 0.000 0.000 0.000 0.007 0.012 0.014 0.024 0.026 0.021 0.017 0.015 0.013 0.012 0.010 0.009 0.010
0.011 0.013 0.016 0.019 0.022 0.026 0.028 0.030 0.028 0.000 0.027 0.034 0.038 0.040 0.032 0.024 0.018 0.013 0.009 0.006 0.005 0.003 0.002 0.002 0.001 0.001 0.003 0.005 0.006 0.008 0.008 0.009 0.008 0.007 0.007 0.006 0.005 0.005 0.004 0.003 0.002 0.002 0.001 0.001 0.001 0.002 0.000 0.000 0.000 0.000 0.000 0.000 0.000 0.000 0.000 0.000 0.000 0.000 0.000 0.000 0.000 0.000 0.000 0.000 0.000 0.000 0.000 0.015 0.016 0.015 0.014 0.012 0.011 0.009 0.008 0.008 0.007
0.012 0.016 0.020 0.025 0.030 0.034 0.038 0.041 0.042 0.040 0.043 0.047 0.043 0.034 0.033 0.030 0.022 0.017 0.012 0.009 0.006 0.005 0.003 0.003 0.002 0.002 0.003 0.005 0.006 0.008 0.008 0.008 0.008 0.008 0.007 0.006 0.006 0.005 0.004 0.003 0.003 0.002 0.002 0.001 0.001 0.001 0.001 0.002 0.000 0.000 0.000 0.000 0.001 0.002 0.000 0.000 0.000 0.000 0.000 0.000 0.000 0.000 0.000 0.000 0.000 0.000 0.017 0.016 0.014 0.013 0.012 0.010 0.009 0.008 0.007 0.007 0.000
0.018 0.023 0.030 0.036 0.041 0.045 0.050 0.047 0.041 0.033 0.027 0.022 0.017 0.011 0.021 0.030 0.025 0.020 0.015 0.011 0.008 0.006 0.004 0.003 0.003 0.003 0.004 0.005 0.006 0.007 0.008 0.008 0.008 0.008 0.007 0.006 0.006 0.005 0.004 0.004 0.003 0.002 0.002 0.001 0.001 0.001 0.001 0.001 0.001 0.001 0.001 0.001 0.001 0.001 0.001 0.001 0.004 0.000 0.000 0.000 0.000 0.000 0.000 0.000 0.000 0.000 0.014 0.014 0.013 0.012 0.010 0.009 0.008 0.007 0.006 0.005 0.000
0.029 0.035 0.036 0.034 0.030 0.027 0.023 0.019 0.016 0.013 0.009 0.007 0.004 0.006 0.000 0.026 0.026 0.022 0.017 0.014 0.010 0.008 0.006 0.004 0.003 0.003 0.004 0.005 0.006 0.007 0.008 0.008 0.008 0.008 0.007 0.007 0.006 0.005 0.005 0.004 0.003 0.003 0.002 0.001 0.001 0.001 0.001 0.001 0.001 0.001 0.001 0.001 0.001 0.001 0.001 0.002 0.009 0.029 0.057 0.000 0.000 0.000 0.000 0.000 0.000 0.018 0.016 0.014 0.012 0.011 0.009 0.008 0.007 0.006 0.006 0.000 0.000
0.012 0.011 0.009 0.008 0.007 0.006 0.005 0.004 0.003 0.002 0.002 0.001 0.001 0.003 0.005 0.017 0.028 0.024 0.020 0.016 0.012 0.010 0.007 0.005 0.004 0.004 0.004 0.005 0.006 0.007 0.008 0.008 0.008 0.008 0.008 0.007 0.006 0.006 0.005 0.004 0.004 0.003 0.002 0.002 0.001 0.001 0.001 0.001 0.001 0.001 0.001 0.001 0.001 0.002 0.004 0.011 0.024 0.042 0.058 0.065 0.074 0.084 0.000 0.000 0.000 0.015 0.015 0.013 0.011 0.009 0.008 0.006 0.006 0.005 0.004 0.000 0.000
0.002 0.002 0.002 0.002 0.001 0.001 0.001 0.001 0.001 0.001 0.001 0.001 0.001 0.001 0.004 0.011 0.025 0.026 0.022 0.018 0.015 0.012 0.009 0.007 0.006 0.005 0.005 0.005 0.006 0.007 0.008 0.008 0.008 0.008 0.008 0.007 0.006 0.006 0.005 0.005 0.004 0.003 0.003 0.002 0.002 0.001 0.001 0.001 0.001 0.001 0.001 0.001 0.003 0.009 0.018 0.028 0.033 0.032 0.036 0.042 0.050 0.058 0.064 0.072 0.000 0.018 0.015 0.012 0.009 0.008 0.006 0.005 0.005 0.005 0.000 0.000 0.000
0.001 0.001 0.001 0.001 0.001 0.001 0.001 0.001 0.001 0.001 0.001 0.001 0.001 0.001 0.002 0.007 0.017 0.028 0.025 0.021 0.018 0.015 0.013 0.011 0.010 0.010 0.009 0.009 0.010 0.010 0.011 0.011 0.010 0.010 0.009 0.008 0.007 0.007 0.006 0.005 0.005 0.004 0.003 0.003 0.003 0.003 0.002 0.002 0.002 0.002 0.003 0.009 0.017 0.026 0.031 0.027 0.023 0.021 0.020 0.021 0.026 0.032 0.038 0.043 0.037 0.025 0.016 0.011 0.008 0.006 0.004 0.004 0.004 0.003 0.000 0.000 0.000
0.001 0.001 0.001 0.001 0.001 0.001 0.001 0.001 0.001 0.001 0.001 0.001 0.001 0.001 0.002 0.004 0.011 0.026 0.029 0.027 0.025 0.025 0.025 0.025 0.025 0.025 0.024 0.024 0.023 0.023 0.021 0.020 0.018 0.016 0.015 0.013 0.012 0.011 0.009 0.008 0.008 0.007 0.007 0.007 0.007 0.008 0.009 0.009 0.007 0.012 0.018 0.026 0.032 0.027 0.022 0.019 0.016 0.013 0.011 0.010 0.009 0.009 0.010 0.012 0.011 0.009 0.007 0.004 0.003 0.003 0.003 0.003 0.003 0.000 0.000 0.000 0.000
0.001 0.001 0.000 0.000 0.000 0.000 0.000 0.000 0.000 0.000 0.001 0.001 0.001 0.001 0.001 0.002 0.007 0.019 0.039 0.041 0.044 0.047 0.050 0.051 0.052 0.052 0.051 0.050 0.049 0.047 0.043 0.039 0.034 0.031 0.029 0.026 0.024 0.022 0.021 0.021 0.021 0.022 0.025 0.027 0.030 0.032 0.034 0.035 0.034 0.030 0.035 0.029 0.023 0.019 0.015 0.012 0.010 0.008 0.006 0.005 0.004 0.004 0.003 0.003 0.003 0.003 0.003 0.002 0.002 0.002 0.002 0.002 0.002 0.014 0.000 0.000 0.000
0.000 0.000 0.000 0.000 0.000 0.000 0.000 0.000 0.000 0.000 0.000 0.001 0.001 0.001 0.001 0.001 0.005 0.016 0.050 0.067 0.072 0.076 0.080 0.080 0.081 0.081 0.080 0.079 0.077 0.075 0.070 0.060 0.056 0.053 0.051 0.047 0.044 0.043 0.043 0.045 0.047 0.050 0.053 0.057 0.060 0.063 0.066 0.067 0.060 0.042 0.040 0.035 0.028 0.023 0.018 0.014 0.011 0.008 0.006 0.004 0.003 0.002 0.002 0.002 0.001 0.001 0.001 0.001 0.001 0.001 0.001 0.001 0.001 0.000 0.000 0.000 0.000
0.000 0.000 0.000 0.000 0.000 0.000 0.000 0.000 0.000 0.000 0.000 0.000 0.001 0.001 0.001 0.001 0.010 0.000 0.052 0.096 0.101 0.106 0.111 0.000 0.000 0.000 0.000 0.000 0.000 0.000 0.000 0.078 0.080 0.080 0.077 0.070 0.069 0.069 0.070 0.073 0.076 0.079 0.083 0.087 0.090 0.086 0.077 0.066 0.054 0.036 0.036 0.040 0.045 0.038 0.032 0.026 0.021 0.017 0.013 0.010 0.008 0.006 0.005 0.004 0.003 0.002 0.002 0.001 0.001 0.001 0.001 0.001 0.001 0.001 0.001 0.000 0.000
0.000 0.000 0.000 0.000 0.000 0.000 0.000 0.000 0.000 0.000 0.000 0.000 0.000 0.006 0.000 0.000 0.013 0.000 0.000 0.113 0.000 0.000 0.000 0.000 0.000 0.000 0.000 0.000 0.000 0.000 0.000 0.000 0.000 0.000 0.000 0.092 0.096 0.098 0.098 0.102 0.105 0.109 0.105 0.097 0.088 0.080 0.070 0.060 0.048 0.031 0.032 0.033 0.037 0.043 0.045 0.039 0.033 0.028 0.023 0.019 0.015 0.012 0.009 0.007 0.005 0.004 0.003 0.003 0.002 0.002 0.001 0.001 0.001 0.001 0.001 0.001 0.001
0.000 0.000 0.000 0.000 0.000 0.000 0.000 0.000 0.000 0.000 0.000 0.000 0.000 0.000 0.000 0.000 0.000 0.000 0.000 0.000 0.000 0.000 0.000 0.000 0.000 0.000 0.000 0.000 0.000 0.000 0.000 0.000 0.000 0.000 0.000 0.000 0.000 0.000 0.126 0.122 0.115 0.106 0.098 0.090 0.081 0.073 0.064 0.054 0.041 0.028 0.028 0.028 0.030 0.034 0.040 0.046 0.046 0.039 0.034 0.028 0.023 0.019 0.016 0.012 0.010 0.007 0.006 0.005 0.004 0.003 0.002 0.002 0.001 0.001 0.001 0.001 0.001
0.000 0.000 0.000 0.000 0.000 0.000 0.000 0.000 0.000 0.000 0.000 0.000 0.000 0.000 0.000 0.000 0.000 0.000 0.000 0.000 0.000 0.000 0.000 0.000 0.000 0.000 0.000 0.000 0.000 0.000 0.000 0.000 0.000 0.000 0.000 0.000 0.000 0.000 0.000 0.000 0.000 0.000 0.090 0.082 0.074 0.065 0.057 0.047 0.034 0.024 0.023 0.023 0.024 0.027 0.031 0.036 0.042 0.048 0.045 0.039 0.034 0.028 0.024 0.019 0.016 0.013 0.010 0.008 0.006 0.005 0.004 0.003 0.002 0.002 0.002 0.001 0.001
0.000 0.000 0.000 0.000 0.000 0.000 0.000 0.000 0.000 0.000 0.000 0.000 0.000 0.000 0.000 0.000 0.000 0.000 0.000 0.000 0.000 0.000 0.000 0.000 0.000 0.000 0.000 0.000 0.000 0.000 0.000 0.000 0.000 0.000 0.000 0.000 0.000 0.000 0.000 0.000 0.000 0.000 0.000 0.000 0.000 0.057 0.049 0.040 0.026 0.018 0.018 0.018 0.019 0.020 0.022 0.026 0.031 0.037 0.044 0.050 0.045 0.039 0.033 0.028 0.023 0.019 0.016 0.012 0.010 0.008 0.006 0.005 0.004 0.003 0.003 0.002 0.002
0.000 0.000 0.000 0.000 0.000 0.000 0.000 0.000 0.000 0.000 0.000 0.000 0.000 0.000 0.000 0.000 0.000 0.000 0.000 0.000 0.000 0.000 0.000 0.000 0.000 0.000 0.000 0.000 0.000 0.000 0.000 0.000 0.000 0.000 0.000 0.000 0.000 0.000 0.000 0.000 0.000 0.000 0.000 0.000 0.000 0.000 0.000 0.000 0.014 0.010 0.011 0.012 0.012 0.013 0.015 0.018 0.022 0.027 0.032 0.039 0.045 0.050 0.044 0.038 0.032 0.027 0.023 0.019 0.015 0.012 0.010 0.008 0.007 0.005 0.004 0.004 0.003
0.000 0.000 0.000 0.000 0.000 0.000 0.000 0.000 0.000 0.000 0.000 0.000 0.000 0.000 0.000 0.000 0.000 0.000 0.000 0.000 0.000 0.000 0.000 0.000 0.000 0.000 0.000 0.000 0.000 0.000 0.000 0.000 0.000 0.000 0.000 0.000 0.000 0.000 0.000 0.000 0.000 0.000 0.000 0.000 0.000 0.000 0.000 0.000 0.000 0.000 0.003 0.004 0.005 0.006 0.008 0.010 0.013 0.017 0.022 0.028 0.034 0.041 0.047 0.049 0.043 0.037 0.032 0.027 0.023 0.019 0.016 0.014 0.012 0.010 0.008 0.007 0.006
0.000 0.000 0.000 0.000 0.000 0.000 0.000 0.000 0.000 0.000 0.000 0.000 0.000 0.000 0.000 0.000 0.000 0.000 0.000 0.000 0.000 0.000 0.000 0.000 0.000 0.000 0.000 0.000 0.000 0.000 0.000 0.000 0.000 0.000 0.000 0.000 0.000 0.000 0.000 0.000 0.000 0.000 0.000 0.000 0.000 0.000 0.000 0.000 0.000 0.000 0.000 0.000 0.000 0.000 0.001 0.003 0.005 0.008 0.012 0.017 0.023 0.029 0.035 0.042 0.049 0.048 0.042 0.037 0.033 0.029 0.026 0.023 0.021 0.019 0.017 0.014 0.012
0.000 0.000 0.000 0.000 0.000 0.000 0.000 0.000 0.000 0.000 0.000 0.000 0.000 0.000 0.000 0.000 0.000 0.000 0.000 0.000 0.000 0.000 0.000 0.000 0.000 0.000 0.000 0.000 0.000 0.000 0.000 0.000 0.000 0.000 0.000 0.000 0.000 0.000 0.000 0.000 0.000 0.000 0.000 0.000 0.000 0.000 0.000 0.000 0.000 0.000 0.000 0.000 0.000 0.000 0.000 0.000 0.000 0.000 0.004 0.008 0.013 0.018 0.023 0.029 0.036 0.044 0.052 0.049 0.045 0.043 0.041 0.040 0.038 0.035 0.031 0.027 0.023
0.000 0.000 0.000 0.000 0.000 0.000 0.000 0.000 0.000 0.000 0.000 0.000 0.000 0.000 0.000 0.000 0.000 0.000 0.000 0.000 0.000 0.000 0.000 0.000 0.000 0.000 0.000 0.000 0.000 0.000 0.000 0.000 0.000 0.000 0.000 0.000 0.000 0.000 0.000 0.000 0.000 0.000 0.000 0.000 0.000 0.000 0.000 0.000 0.000 0.000 0.000 0.000 0.000 0.000 0.000 0.000 0.000 0.000 0.000 0.002 0.005 0.009 0.000 0.017 0.024 0.032 0.040 0.050 0.063 0.064 0.063 0.062 0.060 0.056 0.049 0.042 0.036
0.000 0.000 0.000 0.000 0.000 0.000 0.000 0.000 0.000 0.000 0.000 0.000 0.000 0.000 0.000 0.000 0.000 0.000 0.000 0.000 0.000 0.000 0.000 0.000 0.000 0.000 0.000 0.000 0.000 0.000 0.000 0.000 0.000 0.000 0.000 0.000 0.000 0.000 0.000 0.000 0.000 0.000 0.000 0.000 0.000 0.000 0.000 0.000 0.000 0.000 0.000 0.000 0.000 0.000 0.000 0.000 0.000 0.000 0.000 0.001 0.001 0.002 0.003 0.008 0.014 0.021 0.029 0.041 0.057 0.077 0.088 0.087 0.085 0.079 0.065 0.057 0.049
0.000 0.000 0.000 0.000 0.000 0.000 0.000 0.000 0.000 0.000 0.000 0.000 0.000 0.000 0.000 0.000 0.000 0.000 0.000 0.000 0.000 0.000 0.000 0.000 0.000 0.000 0.000 0.000 0.000 0.000 0.000 0.000 0.000 0.000 0.000 0.000 0.000 0.000 0.000 0.000 0.000 0.000 0.000 0.000 0.000 0.000 0.000 0.000 0.000 0.000 0.000 0.000 0.000 0.000 0.000 0.000 0.000 0.000 0.000 0.001 0.001 0.001 0.001 0.002 0.006 0.012 0.020 0.033 0.053 0.075 0.000 0.000 0.000 0.000 0.073 0.072 0.059
0.000 0.000 0.000 0.000 0.000 0.000 0.000 0.000 0.000 0.000 0.000 0.000 0.000 0.000 0.000 0.000 0.000 0.000 0.000 0.000 0.000 0.000 0.000 0.000 0.000 0.000 0.000 0.000 0.000 0.000 0.000 0.000 0.000 0.000 0.000 0.000 0.000 0.000 0.000 0.000 0.000 0.000 0.000 0.000 0.000 0.000 0.000 0.000 0.000 0.000 0.000 0.000 0.000 0.000 0.000 0.000 0.000 0.000 0.000 0.001 0.001 0.001 0.001 0.001 0.001 0.004 0.011 0.027 0.049 0.000 0.000 0.000 0.000 0.000 0.000 0.000 0.062
0.000 0.000 0.000 0.000 0.000 0.000 0.000 0.000 0.000 0.000 0.000 0.000 0.000 0.000 0.000 0.000 0.000 0.000 0.000 0.000 0.000 0.000 0.000 0.000 0.000 0.000 0.000 0.000 0.000 0.000 0.000 0.000 0.000 0.000 0.000 0.000 0.000 0.000 0.000 0.000 0.000 0.000 0.000 0.000 0.000 0.000 0.000 0.000 0.000 0.000 0.000 0.000 0.000 0.000 0.000 0.000 0.000 0.000 0.000 0.000 0.001 0.001 0.001 0.001 0.001 0.001 0.005 0.024 0.000 0.000 0.000 0.000 0.000 0.000 0.000 0.000 0.000
0.000 0.000 0.000 0.000 0.000 0.000 0.000 0.000 0.000 0.000 0.000 0.000 0.000 0.000 0.000 0.000 0.000 0.000 0.000 0.000 0.000 0.000 0.000 0.000 0.000 0.000 0.000 0.000 0.000 0.000 0.000 0.000 0.000 0.000 0.000 0.000 0.000 0.000 0.000 0.000 0.000 0.000 0.000 0.000 0.000 0.000 0.000 0.000 0.000 0.000 0.000 0.000 0.000 0.000 0.000 0.000 0.000 0.000 0.000 0.000 0.000 0.001 0.001 0.001 0.001 0.001 0.003 0.019 0.000 0.000 0.000 0.000 0.000 0.000 0.000 0.000 0.000
0.000 0.000 0.000 0.000 0.000 0.000 0.000 0.000 0.000 0.000 0.000 0.000 0.000 0.000 0.000 0.000 0.000 0.000 0.000 0.000 0.000 0.000 0.000 0.000 0.000 0.000 0.000 0.000 0.000 0.000 0.000 0.000 0.000 0.000 0.000 0.000 0.000 0.000 0.000 0.000 0.000 0.000 0.000 0.000 0.000 0.000 0.000 0.000 0.000 0.000 0.000 0.000 0.000 0.000 0.000 0.000 0.000 0.000 0.000 0.000 0.000 0.000 0.000 0.001 0.001 0.001 0.003 0.000 0.000 0.000 0.000 0.000 0.000 0.000 0.000 0.000 0.000
0.000 0.000 0.000 0.000 0.000 0.000 0.000 0.000 0.000 0.000 0.000 0.000 0.000 0.000 0.000 0.000 0.000 0.000 0.000 0.000 0.000 0.000 0.000 0.000 0.000 0.000 0.000 0.000 0.000 0.000 0.000 0.000 0.000 0.000 0.000 0.000 0.000 0.000 0.000 0.000 0.000 0.000 0.000 0.000 0.000 0.000 0.000 0.000 0.000 0.000 0.000 0.000 0.000 0.000 0.000 0.000 0.000 0.000 0.000 0.000 0.000 0.000 0.000 0.001 0.001 0.001 0.016 0.000 0.000 0.000 0.000 0.000 0.000 0.000 0.000 0.000 0.000
0.000 0.000 0.000 0.000 0.000 0.000 0.000 0.000 0.000 0.000 0.000 0.000 0.000 0.000 0.000 0.000 0.000 0.000 0.000 0.000 0.000 0.000 0.000 0.000 0.000 0.000 0.000 0.000 0.000 0.000 0.000 0.000 0.000 0.000 0.000 0.000 0.000 0.000 0.000 0.000 0.000 0.000 0.000 0.000 0.000 0.000 0.000 0.000 0.000 0.000 0.000 0.000 0.000 0.000 0.000 0.000 0.000 0.000 0.000 0.000 0.000 0.000 0.000 0.001 0.001 0.001 0.000 0.000 0.000 0.000 0.000 0.000 0.000 0.000 0.000 0.000 0.000
0.000 0.000 0.000 0.000 0.000 0.000 0.000 0.000 0.000 0.000 0.000 0.000 0.000 0.000 0.000 0.000 0.000 0.000 0.000 0.000 0.000 0.000 0.000 0.000 0.000 0.000 0.000 0.000 0.000 0.000 0.000 0.000 0.000 0.000 0.000 0.000 0.000 0.000 0.000 0.000 0.000 0.000 0.000 0.000 0.000 0.000 0.000 0.000 0.000 0.000 0.000 0.000 0.000 0.000 0.000 0.000 0.000 0.000 0.000 0.000 0.000 0.000 0.000 0.001 0.001 0.001 0.000 0.000 0.000 0.000 0.000 0.000 0.000 0.000 0.000 0.000 0.000
