数据/LID_BC_100y/LID_BC_res/LID_BC_158-0001.wd
ncols         694
nrows         824
xllcorner     581104.939801
yllcorner     3495917.092414
cellsize      2.000000
NODATA_value  -9999.000000
[rows 306 to 339 of 824, columns 462 to 538 of 694]
0.031 0.033 0.035 0.035 0.036 0.036 0.037 0.037 0.033 0.027 0.021 0.016 0.012 0.008 0.006 0.004 0.002 0.001 0.001 0.001 0.001 0.001 0.001 0.001 0.002 0.003 0.007 0.011 0.013 0.015 0.015 0.014 0.012 0.010 0.008 0.006 0.005 0.004 0.004 0.000 0.000 0.000 0.000 0.000 0.000 0.000 0.000 0.000 0.000 0.000 0.000 0.000 0.000 0.000 0.013 0.013 0.014 0.018 0.000 0.001 0.001 0.001 0.001 0.001 0.004 0.034 0.000 0.000 0.000 0.000 0.002 0.007 0.016 0.027 0.037 0.037 0.033
0.033 0.033 0.035 0.036 0.037 0.038 0.039 0.039 0.040 0.037 0.031 0.025 0.019 0.015 0.011 0.008 0.005 0.004 0.003 0.002 0.002 0.001 0.001 0.001 0.002 0.003 0.007 0.010 0.013 0.014 0.014 0.014 0.012 0.010 0.009 0.007 0.006 0.006 0.015 0.000 0.000 0.000 0.000 0.000 0.000 0.000 0.000 0.000 0.000 0.000 0.000 0.000 0.000 0.000 0.000 0.000 0.000 0.014 0.014 0.011 0.009 0.008 0.008 0.007 0.011 0.000 0.000 0.000 0.000 0.000 0.011 0.023 0.033 0.034 0.031 0.029 0.027
0.031 0.033 0.035 0.037 0.039 0.041 0.042 0.043 0.044 0.044 0.042 0.036 0.030 0.024 0.019 0.014 0.010 0.008 0.006 0.005 0.003 0.003 0.002 0.002 0.002 0.002 0.007 0.010 0.012 0.014 0.014 0.014 0.012 0.011 0.009 0.008 0.007 0.007 0.000 0.000 0.000 0.000 0.000 0.000 0.000 0.000 0.000 0.000 0.000 0.000 0.000 0.000 0.000 0.000 0.000 0.000 0.000 0.000 0.000 0.008 0.010 0.011 0.009 0.009 0.015 0.000 0.000 0.000 0.000 0.018 0.029 0.032 0.029 0.027 0.024 0.022 0.021
0.031 0.034 0.037 0.040 0.043 0.045 0.047 0.049 0.049 0.048 0.048 0.049 0.043 0.037 0.031 0.023 0.019 0.015 0.011 0.008 0.006 0.005 0.004 0.003 0.003 0.002 0.007 0.010 0.012 0.013 0.014 0.013 0.013 0.011 0.010 0.008 0.008 0.007 0.004 0.002 0.002 0.000 0.000 0.000 0.000 0.000 0.000 0.000 0.000 0.000 0.000 0.000 0.000 0.000 0.000 0.000 0.000 0.000 0.000 0.000 0.000 0.000 0.007 0.010 0.013 0.017 0.000 0.000 0.000 0.028 0.027 0.025 0.023 0.021 0.019 0.018 0.017
0.033 0.037 0.041 0.045 0.049 0.052 0.055 0.056 0.055 0.051 0.052 0.056 0.058 0.053 0.044 0.035 0.028 0.022 0.017 0.013 0.010 0.008 0.006 0.004 0.004 0.003 0.007 0.010 0.012 0.013 0.014 0.013 0.013 0.012 0.010 0.009 0.008 0.007 0.005 0.003 0.002 0.002 0.002 0.000 0.000 0.000 0.000 0.000 0.000 0.000 0.000 0.000 0.000 0.000 0.000 0.000 0.000 0.000 0.000 0.000 0.000 0.000 0.000 0.000 0.011 0.017 0.021 0.033 0.035 0.028 0.024 0.021 0.019 0.017 0.016 0.015 0.016
0.038 0.043 0.049 0.054 0.058 0.062 0.064 0.065 0.063 0.045 0.059 0.065 0.068 0.067 0.056 0.046 0.037 0.030 0.023 0.018 0.014 0.011 0.008 0.006 0.005 0.005 0.007 0.009 0.011 0.013 0.013 0.013 0.013 0.012 0.011 0.010 0.009 0.007 0.006 0.004 0.003 0.002 0.002 0.001 0.001 0.002 0.000 0.000 0.000 0.000 0.000 0.000 0.000 0.000 0.000 0.000 0.000 0.000 0.000 0.000 0.000 0.000 0.000 0.000 0.000 0.000 0.000 0.021 0.023 0.022 0.020 0.018 0.016 0.014 0.013 0.013 0.011
0.046 0.053 0.059 0.064 0.069 0.073 0.076 0.078 0.077 0.074 0.075 0.078 0.072 0.060 0.057 0.051 0.042 0.034 0.028 0.023 0.018 0.014 0.011 0.009 0.007 0.006 0.007 0.009 0.011 0.012 0.013 0.013 0.013 0.012 0.011 0.010 0.009 0.008 0.006 0.005 0.004 0.003 0.002 0.002 0.001 0.001 0.001 0.003 0.000 0.000 0.000 0.000 0.001 0.002 0.000 0.000 0.000 0.000 0.000 0.000 0.000 0.000 0.000 0.000 0.000 0.000 0.023 0.021 0.020 0.018 0.017 0.015 0.013 0.012 0.011 0.012 0.000
0.057 0.064 0.070 0.076 0.081 0.085 0.088 0.084 0.076 0.067 0.058 0.050 0.041 0.028 0.040 0.052 0.045 0.038 0.032 0.026 0.022 0.017 0.014 0.011 0.009 0.008 0.008 0.010 0.011 0.012 0.013 0.013 0.013 0.012 0.011 0.010 0.009 0.008 0.007 0.005 0.004 0.003 0.003 0.001 0.001 0.001 0.001 0.002 0.002 0.002 0.002 0.002 0.002 0.002 0.002 0.007 0.028 0.000 0.000 0.000 0.000 0.000 0.000 0.000 0.000 0.000 0.019 0.019 0.018 0.016 0.015 0.013 0.011 0.010 0.010 0.008 0.000
0.069 0.076 0.077 0.074 0.070 0.065 0.060 0.054 0.048 0.040 0.033 0.026 0.017 0.019 0.000 0.044 0.046 0.041 0.035 0.030 0.026 0.021 0.018 0.014 0.012 0.010 0.010 0.010 0.012 0.013 0.013 0.013 0.013 0.013 0.012 0.011 0.010 0.009 0.008 0.006 0.005 0.004 0.003 0.002 0.002 0.001 0.001 0.002 0.002 0.002 0.002 0.002 0.002 0.003 0.008 0.020 0.039 0.062 0.088 0.000 0.000 0.000 0.000 0.000 0.000 0.025 0.022 0.019 0.017 0.015 0.013 0.011 0.010 0.009 0.009 0.000 0.000
0.050 0.047 0.045 0.042 0.038 0.035 0.031 0.026 0.022 0.018 0.013 0.008 0.006 0.010 0.013 0.033 0.049 0.044 0.039 0.035 0.030 0.027 0.023 0.020 0.018 0.016 0.015 0.015 0.015 0.015 0.016 0.016 0.015 0.015 0.014 0.013 0.012 0.010 0.009 0.008 0.007 0.006 0.004 0.003 0.003 0.002 0.002 0.002 0.002 0.003 0.003 0.004 0.007 0.014 0.024 0.036 0.053 0.074 0.088 0.092 0.097 0.104 0.000 0.000 0.000 0.021 0.021 0.018 0.016 0.013 0.011 0.009 0.008 0.007 0.006 0.000 0.000
0.019 0.018 0.016 0.015 0.013 0.011 0.009 0.008 0.006 0.005 0.003 0.002 0.003 0.006 0.010 0.024 0.046 0.049 0.045 0.041 0.038 0.036 0.034 0.033 0.031 0.030 0.029 0.028 0.027 0.027 0.026 0.025 0.023 0.022 0.020 0.018 0.017 0.015 0.014 0.012 0.011 0.009 0.008 0.007 0.007 0.006 0.005 0.004 0.004 0.006 0.009 0.015 0.023 0.032 0.042 0.053 0.060 0.062 0.065 0.068 0.071 0.074 0.074 0.082 0.000 0.025 0.021 0.018 0.014 0.011 0.009 0.008 0.006 0.007 0.000 0.000 0.000
0.003 0.003 0.003 0.003 0.002 0.002 0.002 0.002 0.001 0.001 0.001 0.001 0.002 0.004 0.007 0.017 0.035 0.055 0.054 0.052 0.052 0.053 0.053 0.054 0.054 0.053 0.053 0.052 0.050 0.048 0.046 0.043 0.040 0.037 0.034 0.031 0.029 0.027 0.024 0.022 0.021 0.020 0.019 0.019 0.018 0.018 0.017 0.015 0.015 0.020 0.026 0.033 0.041 0.050 0.055 0.050 0.046 0.044 0.045 0.045 0.043 0.024 0.044 0.051 0.045 0.032 0.023 0.016 0.012 0.009 0.007 0.006 0.005 0.004 0.000 0.000 0.000
0.001 0.001 0.001 0.001 0.001 0.001 0.001 0.001 0.001 0.001 0.001 0.001 0.001 0.002 0.005 0.012 0.027 0.059 0.070 0.072 0.074 0.077 0.079 0.081 0.081 0.081 0.080 0.079 0.077 0.074 0.071 0.066 0.062 0.058 0.055 0.052 0.049 0.046 0.044 0.042 0.042 0.041 0.041 0.042 0.042 0.043 0.042 0.040 0.035 0.038 0.044 0.051 0.056 0.050 0.044 0.038 0.034 0.031 0.028 0.027 0.025 0.020 0.021 0.024 0.022 0.019 0.015 0.011 0.007 0.005 0.004 0.003 0.004 0.000 0.000 0.000 0.000
0.001 0.001 0.000 0.000 0.000 0.000 0.000 0.000 0.000 0.000 0.001 0.001 0.001 0.001 0.003 0.008 0.022 0.055 0.093 0.097 0.101 0.105 0.108 0.109 0.110 0.110 0.109 0.107 0.105 0.102 0.097 0.091 0.086 0.083 0.079 0.076 0.073 0.070 0.069 0.068 0.068 0.068 0.069 0.070 0.071 0.071 0.071 0.069 0.065 0.057 0.061 0.053 0.044 0.038 0.032 0.027 0.023 0.019 0.016 0.014 0.012 0.010 0.009 0.008 0.008 0.007 0.006 0.005 0.003 0.002 0.002 0.002 0.002 0.014 0.000 0.000 0.000
0.000 0.000 0.000 0.000 0.000 0.000 0.000 0.000 0.000 0.000 0.000 0.001 0.001 0.001 0.002 0.005 0.019 0.056 0.108 0.126 0.130 0.135 0.139 0.139 0.139 0.139 0.138 0.137 0.134 0.131 0.125 0.115 0.111 0.109 0.105 0.101 0.098 0.096 0.095 0.095 0.096 0.097 0.098 0.100 0.101 0.102 0.102 0.100 0.090 0.069 0.066 0.059 0.050 0.042 0.035 0.029 0.023 0.019 0.015 0.011 0.009 0.007 0.005 0.004 0.003 0.002 0.002 0.001 0.001 0.001 0.001 0.001 0.001 0.000 0.000 0.000 0.000
0.000 0.000 0.000 0.000 0.000 0.000 0.000 0.000 0.000 0.000 0.000 0.000 0.001 0.001 0.002 0.003 0.024 0.000 0.111 0.155 0.160 0.165 0.170 0.000 0.000 0.000 0.000 0.000 0.000 0.000 0.000 0.136 0.138 0.136 0.133 0.125 0.124 0.123 0.122 0.123 0.124 0.126 0.128 0.129 0.131 0.125 0.113 0.100 0.085 0.064 0.063 0.066 0.071 0.062 0.054 0.047 0.040 0.034 0.028 0.023 0.019 0.015 0.012 0.009 0.007 0.005 0.004 0.003 0.003 0.002 0.002 0.001 0.001 0.001 0.001 0.000 0.000
0.000 0.000 0.000 0.000 0.000 0.000 0.000 0.000 0.000 0.000 0.000 0.000 0.000 0.006 0.000 0.000 0.027 0.000 0.000 0.172 0.000 0.000 0.000 0.000 0.000 0.000 0.000 0.000 0.000 0.000 0.000 0.000 0.000 0.000 0.000 0.148 0.151 0.151 0.150 0.151 0.154 0.155 0.149 0.139 0.129 0.118 0.106 0.094 0.078 0.058 0.058 0.060 0.063 0.068 0.071 0.063 0.055 0.049 0.042 0.036 0.030 0.025 0.021 0.017 0.013 0.010 0.008 0.006 0.005 0.004 0.003 0.002 0.002 0.001 0.001 0.001 0.001
0.000 0.000 0.000 0.000 0.000 0.000 0.000 0.000 0.000 0.000 0.000 0.000 0.000 0.000 0.000 0.000 0.000 0.000 0.000 0.000 0.000 0.000 0.000 0.000 0.000 0.000 0.000 0.000 0.000 0.000 0.000 0.000 0.000 0.000 0.000 0.000 0.000 0.000 0.176 0.172 0.163 0.153 0.141 0.132 0.122 0.111 0.099 0.087 0.071 0.054 0.053 0.054 0.056 0.060 0.065 0.071 0.071 0.063 0.056 0.049 0.043 0.037 0.031 0.026 0.021 0.017 0.014 0.011 0.009 0.007 0.005 0.004 0.003 0.003 0.002 0.002 0.001
0.000 0.000 0.000 0.000 0.000 0.000 0.000 0.000 0.000 0.000 0.000 0.000 0.000 0.000 0.000 0.000 0.000 0.000 0.000 0.000 0.000 0.000 0.000 0.000 0.000 0.000 0.000 0.000 0.000 0.000 0.000 0.000 0.000 0.000 0.000 0.000 0.000 0.000 0.000 0.000 0.000 0.000 0.132 0.124 0.114 0.102 0.092 0.079 0.063 0.048 0.047 0.047 0.048 0.051 0.055 0.061 0.067 0.074 0.070 0.063 0.056 0.049 0.043 0.037 0.031 0.026 0.022 0.018 0.014 0.011 0.009 0.007 0.006 0.004 0.004 0.003 0.002
0.000 0.000 0.000 0.000 0.000 0.000 0.000 0.000 0.000 0.000 0.000 0.000 0.000 0.000 0.000 0.000 0.000 0.000 0.000 0.000 0.000 0.000 0.000 0.000 0.000 0.000 0.000 0.000 0.000 0.000 0.000 0.000 0.000 0.000 0.000 0.000 0.000 0.000 0.000 0.000 0.000 0.000 0.000 0.000 0.000 0.093 0.084 0.072 0.053 0.041 0.040 0.040 0.041 0.043 0.046 0.051 0.056 0.062 0.069 0.076 0.070 0.062 0.055 0.048 0.042 0.036 0.031 0.026 0.022 0.018 0.015 0.012 0.010 0.008 0.006 0.005 0.004
0.000 0.000 0.000 0.000 0.000 0.000 0.000 0.000 0.000 0.000 0.000 0.000 0.000 0.000 0.000 0.000 0.000 0.000 0.000 0.000 0.000 0.000 0.000 0.000 0.000 0.000 0.000 0.000 0.000 0.000 0.000 0.000 0.000 0.000 0.000 0.000 0.000 0.000 0.000 0.000 0.000 0.000 0.000 0.000 0.000 0.000 0.000 0.000 0.037 0.031 0.030 0.031 0.032 0.034 0.037 0.041 0.046 0.051 0.057 0.064 0.071 0.075 0.068 0.060 0.053 0.047 0.041 0.036 0.031 0.027 0.023 0.020 0.017 0.015 0.012 0.010 0.009
0.000 0.000 0.000 0.000 0.000 0.000 0.000 0.000 0.000 0.000 0.000 0.000 0.000 0.000 0.000 0.000 0.000 0.000 0.000 0.000 0.000 0.000 0.000 0.000 0.000 0.000 0.000 0.000 0.000 0.000 0.000 0.000 0.000 0.000 0.000 0.000 0.000 0.000 0.000 0.000 0.000 0.000 0.000 0.000 0.000 0.000 0.000 0.000 0.000 0.000 0.016 0.020 0.024 0.027 0.028 0.031 0.036 0.041 0.046 0.052 0.058 0.065 0.071 0.072 0.065 0.058 0.052 0.047 0.042 0.039 0.035 0.032 0.029 0.026 0.023 0.020 0.017
0.000 0.000 0.000 0.000 0.000 0.000 0.000 0.000 0.000 0.000 0.000 0.000 0.000 0.000 0.000 0.000 0.000 0.000 0.000 0.000 0.000 0.000 0.000 0.000 0.000 0.000 0.000 0.000 0.000 0.000 0.000 0.000 0.000 0.000 0.000 0.000 0.000 0.000 0.000 0.000 0.000 0.000 0.000 0.000 0.000 0.000 0.000 0.000 0.000 0.000 0.000 0.000 0.000 0.000 0.015 0.021 0.027 0.032 0.035 0.040 0.046 0.052 0.057 0.064 0.071 0.070 0.065 0.060 0.057 0.055 0.052 0.050 0.047 0.044 0.040 0.035 0.030
0.000 0.000 0.000 0.000 0.000 0.000 0.000 0.000 0.000 0.000 0.000 0.000 0.000 0.000 0.000 0.000 0.000 0.000 0.000 0.000 0.000 0.000 0.000 0.000 0.000 0.000 0.000 0.000 0.000 0.000 0.000 0.000 0.000 0.000 0.000 0.000 0.000 0.000 0.000 0.000 0.000 0.000 0.000 0.000 0.000 0.000 0.000 0.000 0.000 0.000 0.000 0.000 0.000 0.000 0.000 0.000 0.000 0.000 0.022 0.028 0.034 0.039 0.041 0.049 0.057 0.067 0.077 0.077 0.076 0.075 0.074 0.072 0.069 0.065 0.059 0.052 0.046
0.000 0.000 0.000 0.000 0.000 0.000 0.000 0.000 0.000 0.000 0.000 0.000 0.000 0.000 0.000 0.000 0.000 0.000 0.000 0.000 0.000 0.000 0.000 0.000 0.000 0.000 0.000 0.000 0.000 0.000 0.000 0.000 0.000 0.000 0.000 0.000 0.000 0.000 0.000 0.000 0.000 0.000 0.000 0.000 0.000 0.000 0.000 0.000 0.000 0.000 0.000 0.000 0.000 0.000 0.000 0.000 0.000 0.000 0.000 0.015 0.021 0.025 0.000 0.033 0.044 0.054 0.066 0.081 0.098 0.099 0.098 0.097 0.093 0.087 0.079 0.070 0.061
0.000 0.000 0.000 0.000 0.000 0.000 0.000 0.000 0.000 0.000 0.000 0.000 0.000 0.000 0.000 0.000 0.000 0.000 0.000 0.000 0.000 0.000 0.000 0.000 0.000 0.000 0.000 0.000 0.000 0.000 0.000 0.000 0.000 0.000 0.000 0.000 0.000 0.000 0.000 0.000 0.000 0.000 0.000 0.000 0.000 0.000 0.000 0.000 0.000 0.000 0.000 0.000 0.000 0.000 0.000 0.000 0.000 0.000 0.000 0.006 0.011 0.014 0.013 0.023 0.033 0.043 0.056 0.074 0.094 0.114 0.124 0.123 0.119 0.111 0.095 0.086 0.075
0.000 0.000 0.000 0.000 0.000 0.000 0.000 0.000 0.000 0.000 0.000 0.000 0.000 0.000 0.000 0.000 0.000 0.000 0.000 0.000 0.000 0.000 0.000 0.000 0.000 0.000 0.000 0.000 0.000 0.000 0.000 0.000 0.000 0.000 0.000 0.000 0.000 0.000 0.000 0.000 0.000 0.000 0.000 0.000 0.000 0.000 0.000 0.000 0.000 0.000 0.000 0.000 0.000 0.000 0.000 0.000 0.000 0.000 0.000 0.001 0.003 0.006 0.008 0.014 0.023 0.033 0.048 0.068 0.090 0.113 0.000 0.000 0.000 0.000 0.103 0.102 0.086
0.000 0.000 0.000 0.000 0.000 0.000 0.000 0.000 0.000 0.000 0.000 0.000 0.000 0.000 0.000 0.000 0.000 0.000 0.000 0.000 0.000 0.000 0.000 0.000 0.000 0.000 0.000 0.000 0.000 0.000 0.000 0.000 0.000 0.000 0.000 0.000 0.000 0.000 0.000 0.000 0.000 0.000 0.000 0.000 0.000 0.000 0.000 0.000 0.000 0.000 0.000 0.000 0.000 0.000 0.000 0.000 0.000 0.000 0.000 0.001 0.001 0.001 0.003 0.007 0.014 0.024 0.041 0.064 0.088 0.000 0.000 0.000 0.000 0.000 0.000 0.000 0.088
0.000 0.000 0.000 0.000 0.000 0.000 0.000 0.000 0.000 0.000 0.000 0.000 0.000 0.000 0.000 0.000 0.000 0.000 0.000 0.000 0.000 0.000 0.000 0.000 0.000 0.000 0.000 0.000 0.000 0.000 0.000 0.000 0.000 0.000 0.000 0.000 0.000 0.000 0.000 0.000 0.000 0.000 0.000 0.000 0.000 0.000 0.000 0.000 0.000 0.000 0.000 0.000 0.000 0.000 0.000 0.000 0.000 0.000 0.000 0.000 0.001 0.001 0.001 0.002 0.007 0.016 0.035 0.061 0.000 0.000 0.000 0.000 0.000 0.000 0.000 0.000 0.000
0.000 0.000 0.000 0.000 0.000 0.000 0.000 0.000 0.000 0.000 0.000 0.000 0.000 0.000 0.000 0.000 0.000 0.000 0.000 0.000 0.000 0.000 0.000 0.000 0.000 0.000 0.000 0.000 0.000 0.000 0.000 0.000 0.000 0.000 0.000 0.000 0.000 0.000 0.000 0.000 0.000 0.000 0.000 0.000 0.000 0.000 0.000 0.000 0.000 0.000 0.000 0.000 0.000 0.000 0.000 0.000 0.000 0.000 0.000 0.000 0.000 0.001 0.001 0.001 0.002 0.010 0.030 0.057 0.000 0.000 0.000 0.000 0.000 0.000 0.000 0.000 0.000
0.000 0.000 0.000 0.000 0.000 0.000 0.000 0.000 0.000 0.000 0.000 0.000 0.000 0.000 0.000 0.000 0.000 0.000 0.000 0.000 0.000 0.000 0.000 0.000 0.000 0.000 0.000 0.000 0.000 0.000 0.000 0.000 0.000 0.000 0.000 0.000 0.000 0.000 0.000 0.000 0.000 0.000 0.000 0.000 0.000 0.000 0.000 0.000 0.000 0.000 0.000 0.000 0.000 0.000 0.000 0.000 0.000 0.000 0.000 0.000 0.000 0.000 0.000 0.001 0.001 0.004 0.026 0.000 0.000 0.000 0.000 0.000 0.000 0.000 0.000 0.000 0.000
0.000 0.000 0.000 0.000 0.000 0.000 0.000 0.000 0.000 0.000 0.000 0.000 0.000 0.000 0.000 0.000 0.000 0.000 0.000 0.000 0.000 0.000 0.000 0.000 0.000 0.000 0.000 0.000 0.000 0.000 0.000 0.000 0.000 0.000 0.000 0.000 0.000 0.000 0.000 0.000 0.000 0.000 0.000 0.000 0.000 0.000 0.000 0.000 0.000 0.000 0.000 0.000 0.000 0.000 0.000 0.000 0.000 0.000 0.000 0.000 0.000 0.000 0.000 0.001 0.001 0.007 0.039 0.000 0.000 0.000 0.000 0.000 0.000 0.000 0.000 0.000 0.000
0.000 0.000 0.000 0.000 0.000 0.000 0.000 0.000 0.000 0.000 0.000 0.000 0.000 0.000 0.000 0.000 0.000 0.000 0.000 0.000 0.000 0.000 0.000 0.000 0.000 0.000 0.000 0.000 0.000 0.000 0.000 0.000 0.000 0.000 0.000 0.000 0.000 0.000 0.000 0.000 0.000 0.000 0.000 0.000 0.000 0.000 0.000 0.000 0.000 0.000 0.000 0.000 0.000 0.000 0.000 0.000 0.000 0.000 0.000 0.000 0.000 0.000 0.000 0.001 0.001 0.007 0.000 0.000 0.000 0.000 0.000 0.000 0.000 0.000 0.000 0.000 0.000
0.000 0.000 0.000 0.000 0.000 0.000 0.000 0.000 0.000 0.000 0.000 0.000 0.000 0.000 0.000 0.000 0.000 0.000 0.000 0.000 0.000 0.000 0.000 0.000 0.000 0.000 0.000 0.000 0.000 0.000 0.000 0.000 0.000 0.000 0.000 0.000 0.000 0.000 0.000 0.000 0.000 0.000 0.000 0.000 0.000 0.000 0.000 0.000 0.000 0.000 0.000 0.000 0.000 0.000 0.000 0.000 0.000 0.000 0.000 0.000 0.000 0.000 0.000 0.001 0.001 0.007 0.000 0.000 0.000 0.000 0.000 0.000 0.000 0.000 0.000 0.000 0.000
