数据/30y_1h/30y_1h_res_2/30y_1h_116-0001.wd
ncols         694
nrows         824
xllcorner     581104.939801
yllcorner     3495917.092414
cellsize      2.000000
NODATA_value  -9999.000000
[rows 714 to 747 of 824, columns 154 to 230 of 694]
0.000 0.000 0.000 0.000 0.000 0.000 0.000 0.002 0.003 0.004 0.005 0.006 0.007 0.008 0.008 0.009 0.009 0.009 0.009 0.007 0.001 0.001 0.066 0.063 0.061 0.058 0.053 0.048 0.042 0.037 0.032 0.027 0.000 0.000 0.000 0.000 0.000 0.000 0.000 0.000 0.000 0.000 0.000 0.001 0.001 0.004 0.012 0.021 0.029 0.000 0.000 0.000 0.000 0.000 0.000 0.000 0.000 0.000 0.123 0.133 0.143 0.142 0.120 0.100 0.109 0.026 0.001 0.000 0.000 0.000 0.000 0.000 0.000 0.000 0.000 0.000 0.000
0.000 0.000 0.000 0.000 0.000 0.000 0.002 0.003 0.004 0.005 0.006 0.007 0.008 0.009 0.009 0.010 0.010 0.011 0.011 0.011 0.010 0.009 0.001 0.083 0.081 0.078 0.074 0.068 0.062 0.056 0.050 0.044 0.038 0.034 0.000 0.000 0.000 0.000 0.000 0.000 0.000 0.000 0.001 0.009 0.048 0.058 0.069 0.079 0.089 0.000 0.000 0.000 0.000 0.000 0.000 0.000 0.000 0.000 0.184 0.179 0.156 0.133 0.109 0.101 0.111 0.066 0.002 0.000 0.000 0.000 0.000 0.000 0.000 0.000 0.000 0.000 0.000
0.000 0.000 0.000 0.000 0.000 0.001 0.003 0.004 0.005 0.006 0.007 0.008 0.009 0.009 0.010 0.011 0.011 0.012 0.013 0.013 0.014 0.014 0.013 0.001 0.001 0.098 0.094 0.088 0.081 0.074 0.068 0.061 0.056 0.051 0.047 0.000 0.000 0.000 0.000 0.000 0.000 0.001 0.003 0.046 0.103 0.122 0.132 0.142 0.153 0.000 0.000 0.000 0.000 0.000 0.000 0.000 0.000 0.218 0.194 0.171 0.147 0.124 0.100 0.104 0.113 0.109 0.023 0.001 0.000 0.000 0.000 0.000 0.000 0.000 0.000 0.000 0.000
0.000 0.000 0.000 0.000 0.000 0.002 0.004 0.005 0.006 0.007 0.008 0.009 0.009 0.010 0.011 0.012 0.012 0.013 0.014 0.015 0.016 0.018 0.020 0.021 0.025 0.003 0.114 0.107 0.101 0.093 0.086 0.080 0.074 0.069 0.065 0.061 0.058 0.000 0.000 0.000 0.001 0.002 0.034 0.090 0.144 0.183 0.194 0.204 0.000 0.000 0.000 0.000 0.000 0.000 0.000 0.000 0.000 0.209 0.186 0.163 0.138 0.115 0.098 0.107 0.116 0.125 0.068 0.002 0.000 0.000 0.000 0.000 0.000 0.000 0.000 0.000 0.000
0.000 0.000 0.000 0.000 0.001 0.003 0.005 0.006 0.007 0.008 0.008 0.009 0.010 0.011 0.011 0.012 0.013 0.014 0.015 0.016 0.018 0.020 0.024 0.029 0.039 0.058 0.003 0.126 0.120 0.111 0.103 0.098 0.093 0.089 0.085 0.082 0.078 0.076 0.000 0.024 0.021 0.032 0.075 0.131 0.186 0.242 0.257 0.268 0.000 0.000 0.000 0.000 0.000 0.000 0.000 0.000 0.000 0.200 0.177 0.153 0.129 0.105 0.100 0.110 0.120 0.129 0.111 0.026 0.000 0.000 0.000 0.000 0.000 0.000 0.000 0.000 0.000
0.000 0.000 0.000 0.000 0.001 0.003 0.005 0.006 0.007 0.008 0.009 0.010 0.010 0.011 0.012 0.013 0.014 0.015 0.016 0.017 0.019 0.021 0.024 0.028 0.033 0.040 0.026 0.001 0.000 0.126 0.121 0.116 0.112 0.109 0.105 0.102 0.099 0.096 0.088 0.063 0.065 0.072 0.118 0.173 0.229 0.284 0.320 0.331 0.000 0.000 0.000 0.000 0.000 0.000 0.000 0.000 0.000 0.192 0.168 0.144 0.119 0.096 0.104 0.113 0.122 0.132 0.141 0.072 0.000 0.000 0.000 0.000 0.000 0.000 0.000 0.000 0.000
0.000 0.000 0.000 0.000 0.001 0.003 0.005 0.006 0.007 0.008 0.009 0.010 0.011 0.011 0.012 0.013 0.014 0.015 0.016 0.018 0.019 0.021 0.023 0.026 0.029 0.030 0.024 0.017 0.011 0.000 0.139 0.136 0.132 0.129 0.125 0.122 0.120 0.118 0.115 0.000 0.000 0.104 0.160 0.215 0.271 0.327 0.383 0.395 0.407 0.384 0.000 0.000 0.000 0.000 0.000 0.000 0.205 0.181 0.158 0.135 0.111 0.098 0.107 0.117 0.127 0.136 0.144 0.116 0.000 0.000 0.000 0.000 0.000 0.000 0.000 0.000 0.000
0.000 0.000 0.000 0.000 0.001 0.003 0.005 0.006 0.007 0.008 0.009 0.010 0.011 0.011 0.012 0.013 0.014 0.015 0.016 0.017 0.019 0.020 0.022 0.024 0.025 0.025 0.022 0.018 0.014 0.010 0.001 0.154 0.153 0.149 0.145 0.143 0.141 0.139 0.000 0.000 0.000 0.000 0.203 0.258 0.313 0.369 0.424 0.421 0.398 0.374 0.350 0.327 0.000 0.000 0.000 0.000 0.198 0.174 0.150 0.125 0.102 0.102 0.111 0.121 0.130 0.139 0.148 0.000 0.000 0.000 0.000 0.000 0.000 0.000 0.000 0.000 0.000
0.000 0.000 0.000 0.000 0.001 0.003 0.005 0.006 0.007 0.008 0.009 0.010 0.011 0.011 0.012 0.013 0.014 0.015 0.016 0.017 0.018 0.019 0.020 0.021 0.022 0.022 0.020 0.017 0.015 0.012 0.009 0.001 0.000 0.169 0.166 0.163 0.162 0.000 0.000 0.000 0.000 0.000 0.000 0.300 0.356 0.379 0.400 0.000 0.000 0.365 0.342 0.319 0.296 0.271 0.000 0.000 0.189 0.165 0.140 0.116 0.096 0.105 0.114 0.124 0.133 0.142 0.150 0.000 0.000 0.000 0.000 0.000 0.000 0.000 0.000 0.000 0.000
0.000 0.000 0.000 0.000 0.001 0.003 0.005 0.006 0.007 0.008 0.009 0.010 0.011 0.011 0.012 0.013 0.014 0.015 0.015 0.016 0.017 0.018 0.019 0.020 0.020 0.019 0.018 0.017 0.015 0.013 0.011 0.008 0.006 0.001 0.185 0.182 0.000 0.000 0.000 0.000 0.000 0.000 0.000 0.313 0.335 0.356 0.378 0.000 0.000 0.000 0.000 0.309 0.285 0.260 0.234 0.207 0.180 0.156 0.130 0.105 0.098 0.108 0.117 0.126 0.136 0.144 0.154 0.000 0.000 0.000 0.000 0.000 0.000 0.000 0.000 0.000 0.000
0.000 0.000 0.000 0.000 0.001 0.003 0.005 0.006 0.007 0.008 0.009 0.010 0.011 0.011 0.012 0.013 0.013 0.014 0.015 0.016 0.016 0.017 0.018 0.018 0.018 0.018 0.017 0.016 0.014 0.013 0.011 0.009 0.008 0.005 0.001 0.196 0.189 0.000 0.000 0.000 0.000 0.000 0.000 0.290 0.312 0.333 0.355 0.368 0.000 0.000 0.000 0.000 0.000 0.249 0.225 0.196 0.170 0.146 0.115 0.095 0.101 0.110 0.120 0.129 0.138 0.147 0.000 0.000 0.000 0.000 0.000 0.000 0.000 0.000 0.000 0.000 0.000
0.000 0.000 0.000 0.000 0.001 0.003 0.005 0.006 0.007 0.008 0.009 0.010 0.010 0.011 0.012 0.012 0.013 0.014 0.014 0.015 0.016 0.016 0.017 0.017 0.017 0.016 0.016 0.015 0.014 0.013 0.011 0.010 0.009 0.007 0.005 0.000 0.204 0.201 0.000 0.000 0.000 0.000 0.000 0.000 0.290 0.000 0.000 0.348 0.334 0.000 0.000 0.000 0.000 0.000 0.000 0.183 0.159 0.135 0.112 0.094 0.102 0.112 0.122 0.131 0.141 0.150 0.000 0.000 0.000 0.000 0.000 0.000 0.000 0.000 0.000 0.000 0.000
0.000 0.000 0.000 0.000 0.001 0.003 0.005 0.006 0.007 0.008 0.009 0.009 0.010 0.011 0.011 0.012 0.013 0.013 0.014 0.014 0.015 0.015 0.016 0.016 0.016 0.015 0.015 0.014 0.013 0.012 0.011 0.010 0.009 0.008 0.006 0.004 0.000 0.218 0.235 0.000 0.000 0.000 0.000 0.000 0.000 0.000 0.000 0.000 0.314 0.000 0.000 0.000 0.000 0.000 0.195 0.172 0.149 0.125 0.103 0.096 0.106 0.116 0.125 0.134 0.143 0.153 0.000 0.000 0.000 0.000 0.000 0.000 0.000 0.000 0.000 0.000 0.000
0.000 0.000 0.000 0.000 0.001 0.003 0.005 0.006 0.007 0.008 0.008 0.009 0.010 0.010 0.011 0.012 0.012 0.013 0.013 0.014 0.014 0.014 0.015 0.015 0.015 0.014 0.014 0.013 0.013 0.012 0.011 0.010 0.009 0.008 0.006 0.005 0.003 0.001 0.207 0.223 0.000 0.000 0.000 0.000 0.000 0.000 0.000 0.000 0.294 0.000 0.000 0.000 0.000 0.000 0.184 0.162 0.139 0.114 0.091 0.099 0.109 0.118 0.127 0.135 0.143 0.000 0.000 0.000 0.000 0.000 0.000 0.000 0.000 0.000 0.000 0.000 0.000
0.000 0.000 0.000 0.000 0.000 0.002 0.004 0.005 0.006 0.007 0.008 0.009 0.009 0.010 0.011 0.011 0.012 0.012 0.013 0.013 0.013 0.014 0.014 0.014 0.014 0.014 0.013 0.013 0.012 0.011 0.010 0.010 0.009 0.008 0.006 0.005 0.003 0.001 0.000 0.193 0.209 0.000 0.000 0.000 0.000 0.000 0.000 0.280 0.274 0.000 0.000 0.000 0.000 0.196 0.176 0.152 0.129 0.104 0.093 0.101 0.111 0.119 0.128 0.137 0.145 0.152 0.161 0.000 0.000 0.000 0.000 0.000 0.000 0.000 0.000 0.000 0.000
0.000 0.000 0.000 0.000 0.000 0.001 0.003 0.004 0.005 0.006 0.007 0.008 0.009 0.010 0.010 0.011 0.011 0.012 0.012 0.012 0.013 0.013 0.013 0.013 0.013 0.013 0.012 0.012 0.011 0.011 0.010 0.009 0.008 0.007 0.006 0.005 0.003 0.001 0.000 0.000 0.178 0.192 0.000 0.000 0.000 0.000 0.000 0.000 0.000 0.000 0.000 0.000 0.000 0.175 0.164 0.142 0.119 0.094 0.095 0.105 0.113 0.121 0.131 0.139 0.147 0.155 0.164 0.172 0.182 0.000 0.000 0.000 0.000 0.000 0.000 0.000 0.000
0.000 0.000 0.000 0.000 0.000 0.000 0.002 0.003 0.004 0.005 0.006 0.007 0.008 0.009 0.010 0.010 0.011 0.011 0.011 0.012 0.012 0.012 0.012 0.012 0.012 0.012 0.012 0.011 0.011 0.010 0.009 0.009 0.008 0.007 0.006 0.005 0.003 0.001 0.000 0.000 0.000 0.159 0.170 0.188 0.000 0.000 0.000 0.000 0.000 0.000 0.000 0.000 0.165 0.154 0.143 0.130 0.109 0.088 0.097 0.106 0.114 0.123 0.132 0.142 0.150 0.159 0.167 0.175 0.183 0.191 0.199 0.000 0.000 0.000 0.000 0.000 0.000
0.000 0.000 0.000 0.000 0.000 0.000 0.000 0.002 0.003 0.004 0.005 0.006 0.007 0.008 0.009 0.010 0.010 0.010 0.011 0.011 0.011 0.011 0.012 0.012 0.011 0.011 0.011 0.011 0.010 0.010 0.009 0.008 0.007 0.006 0.005 0.004 0.002 0.000 0.000 0.000 0.000 0.000 0.143 0.161 0.178 0.000 0.000 0.000 0.000 0.000 0.000 0.000 0.145 0.134 0.121 0.110 0.097 0.092 0.101 0.109 0.118 0.127 0.136 0.146 0.154 0.162 0.169 0.177 0.185 0.194 0.202 0.210 0.160 0.000 0.000 0.000 0.000
0.000 0.000 0.000 0.000 0.000 0.000 0.000 0.000 0.002 0.003 0.004 0.005 0.006 0.007 0.008 0.009 0.009 0.010 0.010 0.010 0.011 0.011 0.011 0.011 0.011 0.011 0.010 0.010 0.009 0.009 0.008 0.007 0.006 0.005 0.004 0.003 0.001 0.000 0.000 0.000 0.000 0.000 0.000 0.134 0.150 0.168 0.000 0.000 0.000 0.000 0.000 0.141 0.129 0.114 0.101 0.090 0.087 0.092 0.102 0.111 0.120 0.130 0.141 0.150 0.159 0.000 0.000 0.000 0.189 0.197 0.205 0.213 0.205 0.119 0.052 0.000 0.000
0.000 0.000 0.000 0.000 0.000 0.000 0.000 0.000 0.000 0.002 0.003 0.004 0.005 0.006 0.007 0.008 0.009 0.009 0.009 0.010 0.010 0.010 0.010 0.010 0.010 0.010 0.010 0.009 0.009 0.008 0.007 0.006 0.005 0.004 0.003 0.002 0.000 0.000 0.000 0.000 0.000 0.000 0.000 0.000 0.122 0.140 0.158 0.000 0.000 0.000 0.000 0.120 0.109 0.095 0.088 0.087 0.087 0.089 0.098 0.108 0.117 0.128 0.139 0.149 0.158 0.000 0.000 0.000 0.000 0.000 0.207 0.216 0.225 0.163 0.122 0.082 0.000
0.000 0.000 0.000 0.000 0.000 0.000 0.000 0.000 0.000 0.000 0.002 0.003 0.004 0.005 0.006 0.007 0.008 0.008 0.009 0.009 0.009 0.009 0.009 0.009 0.009 0.009 0.009 0.008 0.008 0.007 0.006 0.005 0.004 0.003 0.002 0.000 0.000 0.000 0.000 0.000 0.000 0.000 0.000 0.000 0.099 0.114 0.130 0.146 0.000 0.128 0.115 0.101 0.088 0.088 0.088 0.087 0.087 0.087 0.097 0.107 0.116 0.126 0.138 0.148 0.000 0.000 0.000 0.000 0.000 0.000 0.000 0.216 0.226 0.231 0.192 0.153 0.000
0.000 0.000 0.000 0.000 0.000 0.000 0.000 0.000 0.000 0.000 0.000 0.002 0.003 0.004 0.005 0.006 0.007 0.008 0.008 0.008 0.008 0.008 0.008 0.008 0.008 0.008 0.008 0.008 0.007 0.006 0.005 0.004 0.003 0.002 0.000 0.000 0.000 0.000 0.000 0.000 0.000 0.000 0.000 0.000 0.000 0.089 0.103 0.116 0.128 0.110 0.095 0.088 0.087 0.087 0.087 0.086 0.086 0.086 0.095 0.105 0.115 0.125 0.136 0.000 0.000 0.000 0.000 0.000 0.000 0.000 0.000 0.000 0.000 0.237 0.232 0.222 0.181
0.000 0.000 0.000 0.000 0.000 0.000 0.000 0.000 0.000 0.000 0.000 0.000 0.002 0.003 0.004 0.005 0.006 0.007 0.007 0.007 0.007 0.007 0.007 0.007 0.007 0.007 0.007 0.007 0.006 0.005 0.004 0.003 0.002 0.000 0.000 0.000 0.000 0.000 0.000 0.000 0.000 0.000 0.000 0.000 0.000 0.000 0.077 0.090 0.103 0.092 0.089 0.087 0.086 0.085 0.085 0.084 0.085 0.085 0.093 0.103 0.112 0.123 0.133 0.000 0.000 0.000 0.000 0.000 0.000 0.000 0.000 0.000 0.000 0.000 0.000 0.230 0.224
0.000 0.000 0.000 0.000 0.000 0.000 0.000 0.000 0.000 0.000 0.000 0.000 0.000 0.002 0.003 0.004 0.005 0.006 0.006 0.006 0.006 0.006 0.006 0.006 0.006 0.006 0.006 0.006 0.005 0.004 0.003 0.002 0.000 0.000 0.000 0.000 0.000 0.000 0.000 0.000 0.000 0.000 0.000 0.000 0.000 0.000 0.000 0.065 0.079 0.091 0.088 0.086 0.085 0.085 0.084 0.084 0.084 0.084 0.089 0.100 0.110 0.120 0.000 0.000 0.000 0.000 0.000 0.000 0.000 0.000 0.000 0.000 0.000 0.000 0.000 0.000 0.000
0.000 0.000 0.000 0.000 0.000 0.000 0.000 0.000 0.000 0.000 0.000 0.000 0.000 0.000 0.002 0.003 0.004 0.005 0.005 0.005 0.005 0.005 0.005 0.005 0.005 0.005 0.005 0.005 0.004 0.003 0.002 0.000 0.000 0.000 0.000 0.000 0.000 0.000 0.000 0.000 0.000 0.000 0.000 0.000 0.000 0.000 0.000 0.000 0.056 0.072 0.086 0.085 0.084 0.084 0.083 0.083 0.083 0.083 0.086 0.097 0.107 0.117 0.000 0.000 0.000 0.000 0.000 0.000 0.000 0.000 0.000 0.000 0.000 0.000 0.000 0.000 0.000
0.000 0.000 0.000 0.000 0.000 0.000 0.000 0.000 0.000 0.000 0.000 0.000 0.000 0.000 0.000 0.001 0.002 0.003 0.003 0.003 0.003 0.003 0.003 0.003 0.003 0.003 0.003 0.003 0.002 0.001 0.000 0.000 0.000 0.000 0.000 0.000 0.000 0.000 0.000 0.000 0.000 0.000 0.000 0.000 0.000 0.000 0.000 0.000 0.000 0.030 0.068 0.084 0.083 0.082 0.081 0.081 0.080 0.081 0.083 0.094 0.104 0.000 0.000 0.000 0.000 0.000 0.000 0.000 0.000 0.000 0.000 0.000 0.000 0.000 0.000 0.000 0.000
0.000 0.000 0.000 0.000 0.000 0.000 0.000 0.000 0.000 0.000 0.000 0.000 0.000 0.000 0.000 0.000 0.000 0.001 0.001 0.001 0.001 0.001 0.001 0.001 0.001 0.001 0.001 0.001 0.000 0.000 0.000 0.000 0.000 0.000 0.000 0.000 0.000 0.000 0.000 0.000 0.000 0.000 0.000 0.000 0.000 0.000 0.000 0.000 0.000 0.000 0.047 0.068 0.081 0.080 0.079 0.078 0.077 0.077 0.079 0.091 0.102 0.000 0.000 0.000 0.000 0.000 0.000 0.000 0.000 0.000 0.000 0.000 0.000 0.000 0.000 0.000 0.000
0.000 0.000 0.000 0.000 0.000 0.000 0.000 0.000 0.000 0.000 0.000 0.000 0.000 0.000 0.000 0.000 0.000 0.000 0.000 0.000 0.000 0.000 0.000 0.000 0.000 0.000 0.000 0.000 0.000 0.000 0.000 0.000 0.000 0.000 0.000 0.000 0.000 0.000 0.000 0.000 0.000 0.000 0.000 0.000 0.000 0.000 0.000 0.000 0.000 0.000 0.027 0.046 0.065 0.078 0.075 0.073 0.069 0.071 0.074 0.086 0.000 0.000 0.000 0.000 0.000 0.000 0.000 0.000 0.000 0.000 0.000 0.000 0.000 0.000 0.000 0.000 0.000
0.000 0.000 0.000 0.000 0.000 0.000 0.000 0.000 0.000 0.000 0.000 0.000 0.000 0.000 0.000 0.000 0.000 0.000 0.000 0.000 0.000 0.000 0.000 0.000 0.000 0.000 0.000 0.000 0.000 0.000 0.000 0.000 0.000 0.000 0.000 0.000 0.000 0.000 0.000 0.000 0.000 0.000 0.000 0.000 0.000 0.000 0.000 0.000 0.000 0.000 0.000 0.025 0.043 0.061 0.071 0.064 0.043 0.060 0.063 0.000 0.000 0.000 0.000 0.000 0.000 0.000 0.000 0.000 0.000 0.000 0.000 0.000 0.000 0.000 0.000 0.000 0.000
0.000 0.000 0.000 0.000 0.000 0.000 0.000 0.000 0.000 0.000 0.000 0.000 0.000 0.000 0.000 0.000 0.000 0.000 0.000 0.000 0.000 0.000 0.000 0.000 0.000 0.000 0.000 0.000 0.000 0.000 0.000 0.000 0.000 0.000 0.000 0.000 0.000 0.000 0.000 0.000 0.000 0.000 0.000 0.000 0.000 0.000 0.000 0.000 0.000 0.000 0.000 0.004 0.020 0.037 0.053 0.060 0.054 0.055 0.055 0.054 0.000 0.000 0.000 0.000 0.000 0.000 0.000 0.000 0.000 0.000 0.000 0.000 0.000 0.000 0.000 0.000 0.000
0.000 0.000 0.000 0.000 0.000 0.000 0.000 0.000 0.000 0.000 0.000 0.000 0.000 0.000 0.000 0.000 0.000 0.000 0.000 0.000 0.000 0.000 0.000 0.000 0.000 0.000 0.000 0.000 0.000 0.000 0.000 0.000 0.000 0.000 0.000 0.000 0.000 0.000 0.000 0.000 0.000 0.000 0.000 0.000 0.000 0.000 0.000 0.000 0.000 0.000 0.000 0.001 0.003 0.013 0.029 0.044 0.054 0.053 0.051 0.049 0.053 0.000 0.000 0.000 0.000 0.000 0.000 0.000 0.000 0.000 0.000 0.000 0.000 0.000 0.000 0.000 0.000
0.000 0.000 0.000 0.000 0.000 0.000 0.000 0.000 0.000 0.000 0.000 0.000 0.000 0.000 0.000 0.000 0.000 0.000 0.000 0.000 0.000 0.000 0.000 0.000 0.000 0.000 0.000 0.000 0.000 0.000 0.000 0.000 0.000 0.000 0.000 0.000 0.000 0.000 0.000 0.000 0.000 0.000 0.000 0.000 0.000 0.000 0.000 0.000 0.000 0.000 0.000 0.001 0.001 0.001 0.007 0.022 0.040 0.050 0.047 0.043 0.045 0.042 0.043 0.000 0.000 0.000 0.000 0.000 0.000 0.000 0.000 0.000 0.000 0.000 0.000 0.000 0.000
0.000 0.000 0.000 0.000 0.000 0.000 0.000 0.000 0.000 0.000 0.000 0.000 0.000 0.000 0.000 0.000 0.000 0.000 0.000 0.000 0.000 0.000 0.000 0.000 0.000 0.000 0.000 0.000 0.000 0.000 0.000 0.000 0.000 0.000 0.000 0.000 0.000 0.000 0.000 0.000 0.000 0.000 0.000 0.000 0.000 0.000 0.000 0.000 0.000 0.000 0.000 0.000 0.001 0.001 0.001 0.004 0.018 0.035 0.044 0.039 0.037 0.035 0.037 0.041 0.000 0.000 0.000 0.000 0.000 0.000 0.000 0.000 0.000 0.000 0.000 0.000 0.000
0.000 0.000 0.000 0.000 0.000 0.000 0.000 0.000 0.000 0.000 0.000 0.000 0.000 0.000 0.000 0.000 0.000 0.000 0.000 0.000 0.000 0.000 0.000 0.000 0.000 0.000 0.000 0.000 0.000 0.000 0.000 0.000 0.000 0.000 0.000 0.000 0.000 0.000 0.000 0.000 0.000 0.000 0.000 0.000 0.000 0.000 0.000 0.000 0.000 0.000 0.000 0.000 0.000 0.001 0.001 0.001 0.002 0.012 0.028 0.033 0.029 0.029 0.032 0.035 0.038 0.000 0.000 0.000 0.000 0.000 0.000 0.000 0.000 0.000 0.000 0.000 0.000
