数据/30y_1h/30y_1h_res_2/30y_1h_91-0001.wd
ncols         694
nrows         824
xllcorner     581104.939801
yllcorner     3495917.092414
cellsize      2.000000
NODATA_value  -9999.000000
[rows 408 to 441 of 824, columns 385 to 461 of 694]
0.000 0.000 0.000 0.000 0.000 0.000 0.000 0.000 0.000 0.000 0.000 0.000 0.000 0.000 0.000 0.000 0.000 0.000 0.000 0.000 0.000 0.000 0.000 0.000 0.000 0.000 0.000 0.000 0.000 0.000 0.000 0.000 0.045 0.054 0.062 0.071 0.077 0.076 0.068 0.077 0.079 0.080 0.080 0.000 0.000 0.000 0.000 0.000 0.000 0.000 0.033 0.033 0.033 0.033 0.033 0.031 0.026 0.022 0.017 0.012 0.008 0.002 0.000 0.000 0.000 0.000 0.000 0.000 0.000 0.000 0.000 0.000 0.000 0.000 0.000 0.000 0.000
0.000 0.000 0.000 0.000 0.000 0.000 0.000 0.000 0.000 0.000 0.000 0.000 0.000 0.000 0.000 0.000 0.000 0.000 0.000 0.000 0.000 0.000 0.000 0.000 0.000 0.000 0.000 0.000 0.000 0.000 0.000 0.038 0.047 0.056 0.064 0.072 0.078 0.077 0.077 0.078 0.078 0.079 0.079 0.000 0.000 0.000 0.000 0.000 0.000 0.033 0.033 0.033 0.033 0.033 0.033 0.033 0.033 0.029 0.024 0.020 0.015 0.010 0.006 0.000 0.000 0.000 0.000 0.000 0.000 0.000 0.000 0.000 0.000 0.000 0.000 0.000 0.000
0.000 0.000 0.000 0.000 0.000 0.000 0.000 0.000 0.000 0.000 0.000 0.000 0.000 0.000 0.000 0.000 0.000 0.000 0.000 0.000 0.000 0.000 0.000 0.000 0.000 0.000 0.000 0.000 0.000 0.000 0.000 0.040 0.048 0.057 0.065 0.074 0.078 0.078 0.078 0.078 0.078 0.079 0.079 0.000 0.000 0.000 0.000 0.000 0.000 0.033 0.034 0.033 0.033 0.034 0.033 0.033 0.033 0.033 0.032 0.027 0.022 0.018 0.013 0.008 0.002 0.000 0.000 0.000 0.000 0.000 0.000 0.000 0.000 0.000 0.000 0.000 0.000
0.000 0.000 0.000 0.000 0.000 0.000 0.000 0.000 0.000 0.000 0.000 0.000 0.000 0.000 0.000 0.000 0.000 0.000 0.000 0.000 0.000 0.000 0.000 0.000 0.000 0.000 0.000 0.000 0.000 0.000 0.000 0.042 0.050 0.059 0.068 0.076 0.078 0.079 0.079 0.079 0.079 0.079 0.079 0.000 0.000 0.000 0.000 0.000 0.000 0.034 0.034 0.034 0.034 0.033 0.034 0.033 0.033 0.033 0.033 0.033 0.030 0.025 0.020 0.015 0.010 0.005 0.000 0.000 0.000 0.000 0.000 0.000 0.000 0.000 0.000 0.000 0.000
0.000 0.000 0.000 0.000 0.000 0.000 0.000 0.000 0.000 0.000 0.000 0.000 0.000 0.000 0.000 0.000 0.000 0.000 0.000 0.000 0.000 0.000 0.000 0.000 0.000 0.000 0.000 0.000 0.000 0.000 0.000 0.044 0.052 0.061 0.069 0.078 0.078 0.079 0.079 0.080 0.080 0.080 0.000 0.000 0.000 0.000 0.000 0.000 0.000 0.034 0.034 0.034 0.034 0.034 0.034 0.033 0.033 0.033 0.033 0.033 0.032 0.032 0.027 0.022 0.017 0.012 0.007 0.000 0.000 0.000 0.000 0.000 0.000 0.000 0.000 0.000 0.000
0.000 0.000 0.000 0.000 0.000 0.000 0.000 0.000 0.000 0.000 0.000 0.000 0.000 0.000 0.000 0.000 0.000 0.000 0.000 0.000 0.000 0.000 0.000 0.000 0.000 0.000 0.000 0.000 0.000 0.000 0.037 0.046 0.055 0.063 0.072 0.079 0.079 0.079 0.080 0.080 0.080 0.080 0.000 0.000 0.000 0.000 0.000 0.000 0.034 0.034 0.034 0.034 0.034 0.034 0.034 0.033 0.033 0.033 0.033 0.033 0.032 0.032 0.031 0.030 0.025 0.020 0.015 0.009 0.004 0.000 0.000 0.000 0.000 0.000 0.000 0.000 0.000
0.000 0.000 0.000 0.000 0.000 0.000 0.000 0.000 0.000 0.000 0.000 0.000 0.000 0.000 0.000 0.000 0.000 0.000 0.000 0.000 0.000 0.000 0.000 0.000 0.000 0.000 0.000 0.000 0.000 0.000 0.039 0.048 0.057 0.065 0.074 0.079 0.079 0.079 0.080 0.080 0.081 0.080 0.000 0.000 0.000 0.000 0.000 0.000 0.034 0.034 0.034 0.034 0.034 0.034 0.034 0.034 0.033 0.033 0.033 0.032 0.032 0.032 0.031 0.031 0.030 0.027 0.022 0.017 0.011 0.006 0.000 0.000 0.000 0.000 0.000 0.000 0.000
0.000 0.000 0.000 0.000 0.000 0.000 0.000 0.000 0.000 0.000 0.000 0.000 0.000 0.000 0.000 0.000 0.000 0.000 0.000 0.000 0.000 0.000 0.000 0.000 0.000 0.000 0.000 0.000 0.000 0.000 0.041 0.050 0.059 0.067 0.076 0.079 0.079 0.080 0.080 0.080 0.080 0.000 0.000 0.000 0.000 0.000 0.000 0.000 0.035 0.035 0.035 0.035 0.034 0.034 0.034 0.034 0.033 0.033 0.033 0.032 0.032 0.032 0.031 0.031 0.030 0.029 0.029 0.024 0.018 0.013 0.008 0.001 0.000 0.000 0.000 0.000 0.000
0.000 0.000 0.000 0.000 0.000 0.000 0.000 0.000 0.000 0.000 0.000 0.000 0.000 0.000 0.000 0.000 0.000 0.000 0.000 0.000 0.000 0.000 0.000 0.000 0.000 0.000 0.000 0.000 0.000 0.000 0.043 0.052 0.060 0.069 0.077 0.080 0.079 0.080 0.080 0.081 0.081 0.000 0.000 0.000 0.000 0.000 0.000 0.036 0.035 0.035 0.035 0.035 0.035 0.034 0.034 0.034 0.033 0.033 0.033 0.032 0.032 0.031 0.031 0.030 0.030 0.029 0.028 0.028 0.025 0.020 0.015 0.009 0.003 0.000 0.000 0.000 0.000
0.000 0.000 0.000 0.000 0.000 0.000 0.000 0.000 0.000 0.000 0.000 0.000 0.000 0.000 0.000 0.000 0.000 0.000 0.000 0.000 0.000 0.000 0.000 0.000 0.000 0.000 0.000 0.000 0.030 0.038 0.046 0.053 0.062 0.070 0.079 0.080 0.080 0.080 0.080 0.081 0.081 0.000 0.000 0.000 0.000 0.000 0.000 0.036 0.036 0.036 0.036 0.035 0.035 0.035 0.034 0.034 0.034 0.033 0.033 0.032 0.032 0.031 0.031 0.030 0.030 0.029 0.028 0.027 0.027 0.026 0.021 0.016 0.010 0.004 0.000 0.000 0.000
0.000 0.000 0.000 0.000 0.000 0.000 0.000 0.000 0.000 0.000 0.000 0.000 0.000 0.000 0.000 0.000 0.000 0.000 0.000 0.000 0.000 0.000 0.000 0.000 0.000 0.000 0.000 0.000 0.031 0.039 0.047 0.055 0.063 0.072 0.080 0.080 0.080 0.080 0.081 0.080 0.080 0.000 0.000 0.000 0.000 0.000 0.000 0.036 0.036 0.036 0.036 0.036 0.035 0.035 0.035 0.034 0.034 0.033 0.033 0.032 0.032 0.031 0.031 0.030 0.029 0.028 0.028 0.027 0.026 0.025 0.024 0.023 0.017 0.011 0.006 0.000 0.000
0.000 0.000 0.000 0.000 0.000 0.000 0.000 0.000 0.000 0.000 0.000 0.000 0.000 0.000 0.000 0.000 0.000 0.000 0.000 0.000 0.000 0.000 0.000 0.000 0.000 0.000 0.000 0.000 0.033 0.041 0.049 0.057 0.066 0.074 0.081 0.080 0.081 0.081 0.081 0.081 0.080 0.000 0.000 0.000 0.000 0.000 0.000 0.037 0.037 0.037 0.036 0.036 0.036 0.035 0.035 0.035 0.034 0.033 0.033 0.032 0.032 0.031 0.030 0.030 0.029 0.028 0.027 0.026 0.026 0.025 0.024 0.022 0.021 0.018 0.012 0.006 0.000
0.000 0.000 0.000 0.000 0.000 0.000 0.000 0.000 0.000 0.000 0.000 0.000 0.000 0.000 0.000 0.000 0.000 0.000 0.000 0.000 0.000 0.000 0.000 0.000 0.000 0.000 0.000 0.000 0.034 0.043 0.051 0.059 0.067 0.076 0.081 0.081 0.081 0.081 0.081 0.080 0.081 0.000 0.000 0.000 0.000 0.000 0.038 0.037 0.037 0.037 0.037 0.037 0.036 0.036 0.035 0.035 0.034 0.034 0.033 0.032 0.032 0.031 0.030 0.029 0.029 0.028 0.027 0.026 0.025 0.024 0.023 0.022 0.021 0.019 0.018 0.013 0.006
0.000 0.000 0.000 0.000 0.000 0.000 0.000 0.000 0.000 0.000 0.000 0.000 0.000 0.000 0.000 0.000 0.000 0.000 0.000 0.000 0.000 0.000 0.000 0.000 0.000 0.000 0.000 0.000 0.036 0.045 0.053 0.061 0.070 0.078 0.082 0.082 0.081 0.082 0.081 0.081 0.081 0.000 0.000 0.000 0.000 0.000 0.038 0.038 0.038 0.038 0.038 0.037 0.037 0.036 0.036 0.035 0.034 0.034 0.033 0.032 0.032 0.031 0.030 0.029 0.028 0.027 0.026 0.025 0.024 0.023 0.022 0.021 0.020 0.018 0.017 0.015 0.012
0.000 0.000 0.000 0.000 0.000 0.000 0.000 0.000 0.000 0.000 0.000 0.000 0.000 0.000 0.000 0.000 0.000 0.000 0.000 0.000 0.000 0.000 0.000 0.000 0.000 0.000 0.000 0.029 0.038 0.046 0.055 0.063 0.072 0.081 0.082 0.082 0.082 0.082 0.082 0.081 0.081 0.000 0.000 0.000 0.000 0.000 0.038 0.038 0.039 0.039 0.039 0.038 0.037 0.037 0.036 0.035 0.034 0.034 0.033 0.032 0.031 0.031 0.030 0.029 0.028 0.027 0.026 0.025 0.024 0.023 0.022 0.020 0.019 0.017 0.016 0.014 0.012
0.000 0.000 0.000 0.000 0.000 0.000 0.000 0.000 0.000 0.000 0.000 0.000 0.000 0.000 0.000 0.000 0.000 0.000 0.000 0.000 0.000 0.000 0.000 0.000 0.000 0.000 0.000 0.031 0.040 0.048 0.057 0.065 0.074 0.082 0.082 0.082 0.082 0.082 0.082 0.082 0.081 0.078 0.077 0.000 0.000 0.000 0.000 0.000 0.041 0.040 0.040 0.039 0.038 0.037 0.036 0.035 0.035 0.034 0.033 0.032 0.031 0.030 0.029 0.028 0.027 0.026 0.025 0.024 0.023 0.022 0.021 0.019 0.018 0.016 0.015 0.013 0.011
0.000 0.000 0.000 0.000 0.000 0.000 0.000 0.000 0.000 0.000 0.000 0.000 0.000 0.000 0.000 0.000 0.000 0.000 0.000 0.000 0.000 0.000 0.000 0.000 0.000 0.000 0.000 0.033 0.042 0.050 0.059 0.067 0.076 0.083 0.082 0.082 0.082 0.082 0.082 0.081 0.080 0.078 0.075 0.071 0.068 0.066 0.000 0.047 0.044 0.042 0.041 0.040 0.039 0.038 0.037 0.036 0.035 0.034 0.033 0.032 0.031 0.030 0.029 0.028 0.027 0.026 0.025 0.024 0.022 0.021 0.020 0.018 0.017 0.015 0.013 0.011 0.009
0.000 0.000 0.000 0.000 0.000 0.000 0.000 0.000 0.000 0.000 0.000 0.000 0.000 0.000 0.000 0.000 0.000 0.000 0.000 0.000 0.000 0.000 0.000 0.000 0.000 0.000 0.000 0.034 0.043 0.052 0.060 0.069 0.078 0.083 0.082 0.082 0.083 0.082 0.082 0.082 0.080 0.076 0.074 0.071 0.067 0.063 0.057 0.050 0.046 0.044 0.042 0.040 0.039 0.038 0.037 0.036 0.035 0.034 0.033 0.032 0.031 0.030 0.029 0.028 0.026 0.025 0.024 0.023 0.021 0.020 0.019 0.017 0.015 0.014 0.012 0.009 0.006
0.000 0.000 0.000 0.000 0.000 0.000 0.000 0.000 0.000 0.000 0.000 0.000 0.000 0.000 0.000 0.000 0.000 0.000 0.000 0.000 0.000 0.000 0.000 0.000 0.000 0.000 0.000 0.035 0.044 0.053 0.062 0.071 0.079 0.085 0.082 0.083 0.083 0.083 0.083 0.082 0.000 0.074 0.073 0.070 0.065 0.061 0.056 0.051 0.047 0.044 0.042 0.041 0.039 0.038 0.037 0.036 0.035 0.034 0.033 0.032 0.030 0.029 0.028 0.027 0.026 0.024 0.023 0.022 0.020 0.019 0.017 0.016 0.014 0.012 0.009 0.006 0.005
0.000 0.000 0.000 0.000 0.000 0.000 0.000 0.000 0.000 0.000 0.000 0.000 0.000 0.000 0.000 0.000 0.000 0.000 0.000 0.000 0.000 0.000 0.000 0.000 0.000 0.000 0.000 0.038 0.046 0.056 0.063 0.073 0.080 0.083 0.083 0.083 0.084 0.083 0.083 0.000 0.000 0.000 0.000 0.000 0.062 0.060 0.053 0.049 0.046 0.044 0.043 0.041 0.040 0.038 0.037 0.036 0.035 0.034 0.032 0.031 0.030 0.029 0.027 0.026 0.025 0.024 0.022 0.021 0.019 0.017 0.016 0.014 0.011 0.008 0.007 0.006 0.005
0.000 0.000 0.000 0.000 0.000 0.000 0.000 0.000 0.000 0.000 0.000 0.000 0.000 0.000 0.000 0.000 0.000 0.000 0.000 0.000 0.000 0.000 0.000 0.000 0.000 0.000 0.031 0.039 0.048 0.056 0.066 0.074 0.083 0.083 0.083 0.083 0.083 0.083 0.000 0.000 0.000 0.000 0.000 0.000 0.000 0.000 0.048 0.047 0.045 0.044 0.042 0.041 0.040 0.038 0.037 0.036 0.035 0.033 0.032 0.031 0.029 0.028 0.027 0.025 0.024 0.022 0.021 0.019 0.017 0.015 0.013 0.010 0.009 0.008 0.007 0.006 0.005
0.000 0.000 0.000 0.000 0.000 0.000 0.000 0.000 0.000 0.000 0.000 0.000 0.000 0.000 0.000 0.000 0.000 0.000 0.000 0.000 0.000 0.000 0.000 0.000 0.000 0.000 0.033 0.041 0.049 0.058 0.067 0.075 0.083 0.083 0.083 0.082 0.084 0.083 0.000 0.000 0.000 0.000 0.000 0.000 0.000 0.000 0.046 0.046 0.045 0.043 0.042 0.041 0.040 0.038 0.037 0.036 0.034 0.033 0.031 0.030 0.029 0.027 0.026 0.024 0.022 0.021 0.019 0.017 0.015 0.012 0.010 0.009 0.009 0.008 0.007 0.006 0.005
0.000 0.000 0.000 0.000 0.000 0.000 0.000 0.000 0.000 0.000 0.000 0.000 0.000 0.000 0.000 0.000 0.000 0.000 0.000 0.000 0.000 0.000 0.000 0.000 0.000 0.000 0.034 0.043 0.051 0.060 0.068 0.078 0.082 0.083 0.082 0.082 0.082 0.000 0.000 0.000 0.000 0.000 0.045 0.045 0.045 0.045 0.045 0.045 0.044 0.043 0.042 0.041 0.039 0.038 0.037 0.035 0.034 0.032 0.031 0.029 0.028 0.026 0.024 0.023 0.021 0.019 0.016 0.013 0.011 0.011 0.010 0.009 0.009 0.008 0.007 0.006 0.006
0.000 0.000 0.000 0.000 0.000 0.000 0.000 0.000 0.000 0.000 0.000 0.000 0.000 0.000 0.000 0.000 0.000 0.000 0.000 0.000 0.000 0.000 0.000 0.000 0.000 0.000 0.036 0.044 0.053 0.061 0.070 0.079 0.082 0.082 0.082 0.083 0.083 0.000 0.000 0.000 0.000 0.000 0.000 0.045 0.045 0.045 0.045 0.044 0.043 0.043 0.042 0.040 0.039 0.038 0.036 0.035 0.033 0.031 0.030 0.028 0.026 0.024 0.023 0.020 0.018 0.015 0.012 0.012 0.011 0.011 0.010 0.010 0.009 0.008 0.008 0.007 0.007
0.000 0.000 0.000 0.000 0.000 0.000 0.000 0.000 0.000 0.000 0.000 0.000 0.000 0.000 0.000 0.000 0.000 0.000 0.000 0.000 0.000 0.000 0.000 0.000 0.000 0.000 0.038 0.046 0.055 0.063 0.072 0.080 0.083 0.082 0.082 0.082 0.082 0.000 0.000 0.000 0.000 0.000 0.000 0.000 0.000 0.000 0.044 0.044 0.043 0.042 0.041 0.040 0.039 0.037 0.036 0.034 0.032 0.030 0.029 0.027 0.025 0.022 0.020 0.017 0.014 0.013 0.012 0.012 0.011 0.011 0.010 0.010 0.009 0.008 0.008 0.008 0.008
0.000 0.000 0.000 0.000 0.000 0.000 0.000 0.000 0.000 0.000 0.000 0.000 0.000 0.000 0.000 0.000 0.000 0.000 0.000 0.000 0.000 0.000 0.000 0.000 0.000 0.029 0.039 0.047 0.056 0.065 0.074 0.082 0.083 0.082 0.083 0.083 0.000 0.000 0.000 0.000 0.000 0.000 0.000 0.000 0.000 0.000 0.000 0.000 0.043 0.042 0.041 0.039 0.038 0.037 0.035 0.033 0.031 0.029 0.027 0.024 0.022 0.019 0.015 0.014 0.014 0.013 0.013 0.012 0.012 0.011 0.011 0.010 0.009 0.009 0.008 0.009 0.007
0.000 0.000 0.000 0.000 0.000 0.000 0.000 0.000 0.000 0.000 0.000 0.000 0.000 0.000 0.000 0.000 0.000 0.000 0.000 0.000 0.000 0.000 0.000 0.000 0.000 0.031 0.040 0.049 0.057 0.066 0.075 0.083 0.083 0.083 0.083 0.083 0.000 0.000 0.000 0.000 0.000 0.000 0.000 0.000 0.000 0.000 0.000 0.000 0.000 0.000 0.000 0.039 0.038 0.036 0.034 0.032 0.030 0.027 0.024 0.021 0.017 0.016 0.015 0.015 0.014 0.014 0.013 0.013 0.012 0.011 0.011 0.010 0.010 0.009 0.009 0.011 0.006
0.000 0.000 0.000 0.000 0.000 0.000 0.000 0.000 0.000 0.000 0.000 0.000 0.000 0.000 0.000 0.000 0.000 0.000 0.000 0.000 0.000 0.000 0.000 0.000 0.000 0.033 0.042 0.050 0.058 0.067 0.076 0.082 0.083 0.083 0.083 0.083 0.000 0.000 0.000 0.000 0.000 0.000 0.000 0.000 0.000 0.000 0.000 0.000 0.000 0.000 0.000 0.000 0.000 0.000 0.032 0.031 0.027 0.023 0.019 0.017 0.016 0.016 0.015 0.015 0.014 0.014 0.013 0.013 0.012 0.012 0.011 0.011 0.010 0.010 0.012 0.011 0.005
0.000 0.000 0.000 0.000 0.000 0.000 0.000 0.000 0.000 0.000 0.000 0.000 0.000 0.000 0.000 0.000 0.000 0.000 0.000 0.002 0.004 0.000 0.000 0.000 0.000 0.034 0.042 0.051 0.060 0.068 0.077 0.082 0.082 0.083 0.082 0.083 0.000 0.000 0.000 0.000 0.000 0.000 0.000 0.000 0.000 0.000 0.000 0.000 0.000 0.000 0.000 0.000 0.000 0.000 0.000 0.000 0.019 0.017 0.017 0.017 0.016 0.016 0.016 0.015 0.015 0.014 0.014 0.013 0.013 0.012 0.012 0.011 0.011 0.012 0.016 0.011 0.003
0.000 0.000 0.000 0.000 0.000 0.000 0.000 0.000 0.000 0.000 0.000 0.000 0.000 0.000 0.000 0.000 0.000 0.000 0.000 0.002 0.003 0.006 0.000 0.000 0.000 0.035 0.043 0.052 0.061 0.070 0.080 0.082 0.083 0.082 0.082 0.000 0.000 0.000 0.000 0.000 0.000 0.000 0.000 0.000 0.000 0.000 0.000 0.000 0.000 0.000 0.000 0.000 0.000 0.000 0.000 0.000 0.015 0.016 0.016 0.016 0.016 0.016 0.016 0.015 0.015 0.014 0.014 0.013 0.013 0.012 0.012 0.012 0.014 0.018 0.018 0.012 0.005
0.000 0.000 0.000 0.000 0.000 0.000 0.000 0.000 0.000 0.000 0.000 0.000 0.000 0.000 0.000 0.000 0.000 0.000 0.000 0.002 0.003 0.005 0.011 0.020 0.027 0.036 0.044 0.054 0.063 0.072 0.081 0.082 0.082 0.082 0.082 0.000 0.000 0.000 0.000 0.000 0.000 0.000 0.000 0.000 0.000 0.000 0.000 0.000 0.000 0.000 0.000 0.000 0.000 0.000 0.000 0.000 0.013 0.015 0.015 0.016 0.016 0.016 0.016 0.015 0.015 0.015 0.014 0.014 0.013 0.013 0.014 0.017 0.022 0.027 0.022 0.017 0.010
0.000 0.000 0.000 0.000 0.000 0.000 0.000 0.000 0.000 0.000 0.000 0.000 0.000 0.000 0.000 0.000 0.000 0.000 0.000 0.002 0.003 0.006 0.012 0.021 0.028 0.037 0.046 0.055 0.064 0.073 0.081 0.081 0.081 0.081 0.082 0.000 0.000 0.000 0.000 0.000 0.000 0.000 0.000 0.000 0.000 0.000 0.000 0.000 0.000 0.000 0.000 0.000 0.000 0.000 0.000 0.001 0.011 0.013 0.015 0.015 0.016 0.016 0.016 0.015 0.015 0.015 0.014 0.014 0.014 0.016 0.021 0.028 0.034 0.034 0.028 0.023 0.016
0.000 0.000 0.000 0.000 0.000 0.000 0.000 0.000 0.000 0.000 0.000 0.000 0.000 0.000 0.000 0.000 0.000 0.001 0.001 0.002 0.003 0.006 0.014 0.022 0.030 0.039 0.048 0.056 0.065 0.074 0.080 0.081 0.082 0.081 0.082 0.000 0.000 0.000 0.000 0.000 0.000 0.000 0.000 0.000 0.000 0.000 0.000 0.000 0.000 0.000 0.000 0.000 0.000 0.000 0.000 0.000 0.010 0.012 0.014 0.015 0.015 0.015 0.016 0.016 0.015 0.015 0.015 0.015 0.017 0.022 0.032 0.000 0.000 0.040 0.035 0.029 0.023
0.000 0.000 0.010 0.007 0.003 0.000 0.000 0.000 0.000 0.000 0.000 0.000 0.000 0.000 0.000 0.001 0.001 0.001 0.001 0.001 0.003 0.007 0.014 0.022 0.031 0.039 0.049 0.058 0.067 0.076 0.080 0.080 0.081 0.080 0.000 0.000 0.000 0.000 0.000 0.000 0.000 0.000 0.000 0.000 0.000 0.000 0.000 0.000 0.000 0.000 0.000 0.000 0.000 0.000 0.000 0.000 0.009 0.011 0.013 0.014 0.015 0.015 0.016 0.016 0.016 0.016 0.016 0.017 0.021 0.026 0.000 0.000 0.000 0.000 0.000 0.035 0.029
