数据/100y_1h/100y_1h_res/100y_1h_67-0001.wd
ncols         694
nrows         824
xllcorner     581104.939801
yllcorner     3495917.092414
cellsize      2.000000
NODATA_value  -9999.000000
[rows 544 to 577 of 824, columns 308 to 384 of 694]
0.000 0.000 0.000 0.000 0.000 0.000 0.000 0.000 0.000 0.001 0.001 0.001 0.001 0.001 0.001 0.001 0.001 0.001 0.001 0.001 0.001 0.001 0.001 0.001 0.001 0.001 0.001 0.001 0.031 0.050 0.052 0.049 0.047 0.045 0.044 0.043 0.045 0.058 0.062 0.061 0.060 0.059 0.062 0.070 0.092 0.127 0.169 0.000 0.000 0.000 0.000 0.000 0.000 0.000 0.000 0.000 0.000 0.000 0.000 0.000 0.000 0.000 0.000 0.000 0.000 0.000 0.000 0.000 0.000 0.000 0.000 0.000 0.000 0.001 0.002 0.004 0.006
0.000 0.000 0.000 0.000 0.000 0.000 0.000 0.000 0.001 0.001 0.001 0.001 0.001 0.001 0.001 0.001 0.001 0.001 0.001 0.001 0.001 0.001 0.001 0.001 0.001 0.001 0.001 0.001 0.006 0.018 0.037 0.040 0.041 0.041 0.041 0.043 0.055 0.060 0.058 0.057 0.056 0.056 0.057 0.064 0.083 0.118 0.160 0.000 0.000 0.000 0.000 0.000 0.000 0.000 0.000 0.000 0.000 0.000 0.000 0.000 0.000 0.000 0.000 0.000 0.000 0.000 0.000 0.000 0.000 0.000 0.000 0.000 0.000 0.003 0.005 0.007 0.009
0.001 0.000 0.000 0.000 0.000 0.000 0.000 0.000 0.001 0.001 0.001 0.001 0.001 0.001 0.001 0.001 0.001 0.001 0.001 0.001 0.001 0.001 0.001 0.001 0.001 0.001 0.001 0.001 0.001 0.002 0.024 0.031 0.033 0.035 0.038 0.049 0.055 0.054 0.053 0.052 0.051 0.051 0.052 0.057 0.074 0.107 0.149 0.000 0.000 0.000 0.000 0.000 0.000 0.000 0.000 0.000 0.000 0.000 0.000 0.000 0.000 0.000 0.000 0.000 0.000 0.000 0.000 0.000 0.000 0.000 0.000 0.000 0.000 0.005 0.007 0.010 0.012
0.002 0.001 0.001 0.001 0.001 0.001 0.001 0.000 0.001 0.001 0.001 0.001 0.001 0.001 0.001 0.001 0.001 0.001 0.001 0.001 0.001 0.001 0.001 0.001 0.001 0.001 0.001 0.001 0.001 0.001 0.004 0.021 0.025 0.030 0.040 0.047 0.047 0.047 0.046 0.046 0.046 0.045 0.046 0.049 0.063 0.097 0.000 0.000 0.000 0.000 0.000 0.000 0.000 0.000 0.000 0.000 0.000 0.000 0.000 0.000 0.000 0.000 0.000 0.000 0.000 0.000 0.000 0.000 0.000 0.000 0.000 0.000 0.007 0.009 0.011 0.013 0.016
0.005 0.004 0.004 0.003 0.002 0.002 0.002 0.002 0.001 0.001 0.001 0.001 0.001 0.001 0.001 0.001 0.001 0.001 0.001 0.001 0.001 0.000 0.001 0.001 0.001 0.001 0.001 0.001 0.001 0.001 0.001 0.013 0.019 0.029 0.037 0.038 0.039 0.039 0.040 0.040 0.040 0.040 0.040 0.041 0.049 0.082 0.000 0.000 0.000 0.000 0.000 0.000 0.000 0.000 0.000 0.000 0.000 0.000 0.000 0.000 0.000 0.000 0.000 0.000 0.000 0.000 0.000 0.000 0.000 0.000 0.000 0.000 0.009 0.012 0.015 0.017 0.020
0.018 0.018 0.012 0.008 0.006 0.005 0.000 0.000 0.001 0.001 0.001 0.001 0.001 0.001 0.001 0.001 0.001 0.001 0.001 0.001 0.001 0.001 0.001 0.001 0.001 0.001 0.001 0.001 0.001 0.001 0.001 0.001 0.016 0.028 0.030 0.032 0.033 0.033 0.034 0.034 0.034 0.034 0.034 0.031 0.000 0.053 0.060 0.085 0.000 0.000 0.000 0.000 0.000 0.000 0.000 0.000 0.000 0.000 0.000 0.000 0.000 0.000 0.000 0.000 0.000 0.000 0.000 0.000 0.000 0.000 0.000 0.000 0.014 0.017 0.019 0.021 0.023
0.000 0.000 0.009 0.008 0.006 0.010 0.000 0.000 0.000 0.000 0.001 0.001 0.001 0.001 0.001 0.001 0.001 0.001 0.001 0.001 0.001 0.001 0.001 0.001 0.001 0.001 0.001 0.001 0.001 0.001 0.002 0.029 0.036 0.031 0.028 0.028 0.029 0.029 0.029 0.030 0.030 0.030 0.029 0.029 0.025 0.035 0.044 0.060 0.058 0.060 0.068 0.092 0.000 0.000 0.000 0.000 0.000 0.000 0.000 0.000 0.000 0.000 0.000 0.000 0.000 0.000 0.000 0.000 0.000 0.000 0.019 0.023 0.022 0.022 0.023 0.024 0.027
0.000 0.000 0.007 0.008 0.012 0.113 0.000 0.000 0.000 0.000 0.000 0.000 0.000 0.001 0.001 0.001 0.002 0.001 0.001 0.001 0.001 0.001 0.001 0.001 0.001 0.001 0.001 0.001 0.001 0.001 0.030 0.078 0.062 0.052 0.044 0.037 0.030 0.026 0.025 0.025 0.025 0.025 0.025 0.024 0.024 0.025 0.030 0.038 0.041 0.045 0.052 0.067 0.067 0.074 0.098 0.000 0.000 0.000 0.000 0.000 0.000 0.000 0.000 0.000 0.000 0.000 0.000 0.000 0.022 0.026 0.025 0.026 0.026 0.026 0.026 0.027 0.030
0.000 0.000 0.006 0.007 0.014 0.000 0.000 0.000 0.000 0.000 0.000 0.000 0.000 0.000 0.000 0.000 0.000 0.002 0.002 0.003 0.002 0.002 0.001 0.001 0.001 0.001 0.001 0.001 0.002 0.005 0.028 0.056 0.053 0.050 0.046 0.042 0.038 0.034 0.030 0.025 0.022 0.021 0.020 0.020 0.019 0.019 0.021 0.024 0.026 0.030 0.035 0.044 0.049 0.057 0.071 0.067 0.064 0.059 0.079 0.000 0.000 0.000 0.000 0.000 0.000 0.000 0.027 0.031 0.029 0.029 0.029 0.029 0.029 0.029 0.029 0.030 0.032
0.000 0.000 0.005 0.007 0.021 0.000 0.000 0.000 0.000 0.000 0.000 0.000 0.000 0.000 0.000 0.000 0.000 0.000 0.000 0.000 0.002 0.003 0.004 0.004 0.003 0.003 0.003 0.004 0.005 0.008 0.024 0.042 0.045 0.045 0.044 0.043 0.040 0.038 0.035 0.032 0.029 0.025 0.019 0.014 0.013 0.014 0.015 0.016 0.018 0.019 0.022 0.027 0.031 0.038 0.047 0.049 0.045 0.009 0.049 0.055 0.074 0.102 0.000 0.000 0.035 0.038 0.034 0.034 0.033 0.032 0.032 0.031 0.031 0.031 0.031 0.031 0.034
0.000 0.000 0.004 0.017 0.124 0.000 0.000 0.000 0.000 0.000 0.000 0.000 0.000 0.000 0.000 0.000 0.000 0.000 0.000 0.000 0.000 0.000 0.000 0.000 0.004 0.007 0.006 0.006 0.007 0.010 0.022 0.034 0.038 0.041 0.041 0.042 0.041 0.039 0.038 0.036 0.033 0.028 0.000 0.011 0.013 0.013 0.012 0.012 0.014 0.015 0.015 0.017 0.018 0.022 0.028 0.031 0.031 0.027 0.033 0.040 0.060 0.084 0.071 0.055 0.044 0.040 0.038 0.036 0.035 0.034 0.033 0.033 0.032 0.032 0.031 0.032 0.035
0.000 0.000 0.004 0.018 0.000 0.000 0.000 0.000 0.000 0.000 0.000 0.000 0.000 0.000 0.000 0.000 0.000 0.000 0.000 0.000 0.000 0.000 0.000 0.000 0.000 0.000 0.005 0.007 0.010 0.014 0.024 0.030 0.034 0.037 0.039 0.040 0.040 0.040 0.039 0.038 0.036 0.033 0.029 0.026 0.024 0.022 0.020 0.019 0.016 0.013 0.013 0.013 0.014 0.014 0.016 0.018 0.019 0.020 0.022 0.027 0.045 0.067 0.056 0.045 0.042 0.040 0.038 0.037 0.035 0.034 0.034 0.033 0.032 0.031 0.031 0.032 0.034
0.000 0.000 0.004 0.018 0.000 0.000 0.000 0.000 0.000 0.000 0.000 0.000 0.000 0.000 0.000 0.000 0.000 0.000 0.000 0.000 0.000 0.000 0.000 0.000 0.000 0.000 0.000 0.000 0.000 0.000 0.000 0.026 0.030 0.034 0.036 0.038 0.039 0.040 0.039 0.039 0.038 0.036 0.033 0.031 0.029 0.027 0.026 0.025 0.023 0.021 0.019 0.016 0.013 0.012 0.012 0.013 0.013 0.014 0.015 0.018 0.031 0.051 0.040 0.038 0.038 0.037 0.036 0.035 0.034 0.034 0.033 0.032 0.031 0.030 0.029 0.031 0.033
0.000 0.000 0.004 0.018 0.000 0.000 0.000 0.000 0.000 0.000 0.000 0.000 0.000 0.000 0.000 0.000 0.000 0.000 0.000 0.000 0.000 0.000 0.000 0.000 0.000 0.000 0.000 0.000 0.000 0.000 0.000 0.000 0.026 0.035 0.035 0.036 0.037 0.039 0.040 0.039 0.039 0.038 0.036 0.034 0.033 0.031 0.030 0.029 0.027 0.026 0.024 0.022 0.020 0.017 0.015 0.012 0.011 0.011 0.012 0.013 0.020 0.034 0.030 0.032 0.033 0.033 0.032 0.032 0.032 0.031 0.031 0.030 0.029 0.024 0.025 0.029 0.030
0.000 0.000 0.004 0.013 0.008 0.007 0.000 0.000 0.000 0.000 0.000 0.000 0.000 0.000 0.000 0.000 0.000 0.000 0.000 0.000 0.000 0.000 0.000 0.000 0.000 0.000 0.000 0.000 0.000 0.000 0.000 0.000 0.000 0.000 0.030 0.032 0.035 0.039 0.040 0.040 0.039 0.038 0.037 0.036 0.035 0.034 0.033 0.031 0.030 0.029 0.027 0.026 0.024 0.022 0.020 0.018 0.016 0.014 0.011 0.010 0.013 0.018 0.023 0.025 0.027 0.028 0.028 0.028 0.029 0.029 0.028 0.028 0.025 0.000 0.020 0.027 0.028
0.000 0.000 0.003 0.010 0.008 0.008 0.006 0.005 0.006 0.000 0.000 0.000 0.000 0.000 0.000 0.000 0.000 0.000 0.000 0.000 0.000 0.000 0.000 0.000 0.000 0.000 0.000 0.000 0.000 0.000 0.000 0.000 0.000 0.000 0.000 0.028 0.038 0.043 0.040 0.039 0.039 0.038 0.037 0.036 0.036 0.035 0.034 0.033 0.032 0.031 0.030 0.028 0.027 0.025 0.024 0.022 0.021 0.019 0.017 0.016 0.014 0.015 0.016 0.018 0.021 0.022 0.023 0.024 0.025 0.025 0.025 0.025 0.024 0.019 0.021 0.025 0.026
0.000 0.000 0.003 0.008 0.011 0.013 0.014 0.010 0.009 0.007 0.008 0.000 0.000 0.000 0.000 0.000 0.000 0.000 0.000 0.000 0.000 0.000 0.000 0.000 0.000 0.000 0.000 0.000 0.000 0.000 0.000 0.000 0.000 0.000 0.000 0.000 0.000 0.000 0.034 0.035 0.036 0.036 0.036 0.036 0.035 0.035 0.035 0.034 0.033 0.032 0.031 0.030 0.029 0.028 0.027 0.025 0.024 0.023 0.021 0.020 0.020 0.021 0.019 0.017 0.015 0.016 0.017 0.019 0.020 0.021 0.021 0.022 0.021 0.020 0.021 0.023 0.023
0.000 0.000 0.003 0.008 0.000 0.000 0.000 0.010 0.013 0.015 0.011 0.008 0.007 0.009 0.000 0.000 0.000 0.000 0.000 0.000 0.000 0.000 0.000 0.000 0.000 0.000 0.000 0.000 0.000 0.000 0.000 0.000 0.000 0.000 0.000 0.000 0.000 0.000 0.000 0.030 0.031 0.033 0.033 0.034 0.034 0.034 0.034 0.034 0.034 0.033 0.032 0.032 0.031 0.030 0.029 0.027 0.026 0.025 0.024 0.023 0.024 0.026 0.023 0.021 0.019 0.019 0.017 0.015 0.015 0.016 0.017 0.017 0.018 0.018 0.019 0.020 0.020
0.000 0.000 0.003 0.008 0.000 0.000 0.000 0.000 0.000 0.000 0.012 0.014 0.016 0.018 0.025 0.000 0.000 0.000 0.000 0.000 0.000 0.000 0.000 0.000 0.000 0.000 0.000 0.000 0.000 0.000 0.000 0.000 0.000 0.000 0.000 0.000 0.000 0.000 0.000 0.000 0.022 0.026 0.029 0.031 0.032 0.032 0.033 0.033 0.033 0.033 0.033 0.032 0.031 0.031 0.030 0.029 0.028 0.027 0.027 0.026 0.028 0.031 0.028 0.026 0.026 0.033 0.025 0.021 0.017 0.014 0.012 0.012 0.013 0.014 0.016 0.016 0.015
0.000 0.000 0.002 0.006 0.004 0.004 0.004 0.000 0.000 0.000 0.000 0.000 0.014 0.020 0.026 0.020 0.016 0.014 0.016 0.000 0.000 0.000 0.000 0.000 0.000 0.000 0.000 0.000 0.000 0.000 0.000 0.000 0.000 0.000 0.000 0.000 0.000 0.000 0.000 0.000 0.016 0.021 0.025 0.027 0.029 0.030 0.031 0.032 0.032 0.032 0.032 0.032 0.031 0.031 0.031 0.030 0.030 0.030 0.029 0.029 0.031 0.036 0.033 0.031 0.030 0.031 0.027 0.024 0.021 0.018 0.015 0.013 0.010 0.009 0.012 0.010 0.000
0.000 0.000 0.002 0.004 0.006 0.000 0.004 0.003 0.002 0.003 0.000 0.000 0.000 0.000 0.000 0.015 0.014 0.013 0.013 0.008 0.003 0.000 0.000 0.000 0.000 0.000 0.000 0.000 0.000 0.000 0.000 0.000 0.000 0.000 0.000 0.000 0.000 0.000 0.000 0.000 0.011 0.016 0.020 0.024 0.026 0.028 0.029 0.030 0.031 0.031 0.031 0.032 0.032 0.032 0.032 0.032 0.032 0.032 0.032 0.032 0.035 0.041 0.038 0.036 0.034 0.033 0.030 0.027 0.024 0.021 0.018 0.016 0.013 0.012 0.010 0.008 0.006
0.000 0.000 0.002 0.004 0.069 0.000 0.000 0.003 0.004 0.002 0.000 0.000 0.000 0.000 0.000 0.000 0.010 0.012 0.010 0.004 0.001 0.000 0.000 0.000 0.000 0.000 0.000 0.000 0.000 0.000 0.000 0.000 0.000 0.000 0.000 0.000 0.000 0.000 0.000 0.000 0.008 0.013 0.017 0.020 0.023 0.025 0.027 0.028 0.029 0.030 0.031 0.032 0.033 0.034 0.035 0.035 0.035 0.035 0.035 0.036 0.039 0.046 0.043 0.041 0.038 0.036 0.033 0.031 0.028 0.025 0.022 0.019 0.018 0.016 0.012 0.009 0.007
0.000 0.000 0.002 0.030 0.000 0.000 0.000 0.000 0.000 0.000 0.000 0.000 0.000 0.000 0.000 0.000 0.000 0.000 0.002 0.000 0.000 0.000 0.000 0.000 0.000 0.000 0.000 0.000 0.000 0.000 0.000 0.000 0.000 0.000 0.000 0.000 0.000 0.000 0.000 0.000 0.006 0.010 0.013 0.017 0.020 0.024 0.026 0.027 0.028 0.030 0.033 0.035 0.038 0.039 0.040 0.040 0.040 0.040 0.040 0.041 0.045 0.052 0.049 0.046 0.043 0.040 0.037 0.034 0.031 0.028 0.026 0.025 0.025 0.015 0.012 0.000 0.007
0.000 0.000 0.002 0.000 0.000 0.000 0.000 0.000 0.000 0.000 0.000 0.000 0.000 0.000 0.000 0.000 0.000 0.000 0.000 0.000 0.000 0.000 0.000 0.000 0.000 0.000 0.000 0.000 0.000 0.000 0.000 0.000 0.000 0.000 0.000 0.000 0.000 0.000 0.000 0.000 0.005 0.008 0.011 0.015 0.019 0.023 0.026 0.027 0.028 0.032 0.040 0.045 0.048 0.049 0.048 0.047 0.046 0.046 0.046 0.047 0.051 0.059 0.055 0.052 0.048 0.045 0.042 0.039 0.035 0.033 0.032 0.033 0.025 0.018 0.015 0.011 0.010
0.000 0.000 0.001 0.000 0.000 0.000 0.000 0.000 0.000 0.000 0.000 0.000 0.000 0.000 0.000 0.000 0.000 0.000 0.000 0.000 0.000 0.000 0.000 0.000 0.000 0.000 0.000 0.000 0.000 0.000 0.000 0.000 0.000 0.000 0.000 0.000 0.000 0.000 0.000 0.000 0.003 0.005 0.008 0.012 0.018 0.017 0.021 0.026 0.029 0.042 0.063 0.064 0.065 0.064 0.055 0.053 0.054 0.054 0.053 0.053 0.057 0.066 0.062 0.058 0.054 0.050 0.046 0.043 0.040 0.039 0.040 0.035 0.023 0.020 0.017 0.014 0.012
0.000 0.000 0.000 0.000 0.000 0.000 0.000 0.000 0.000 0.000 0.000 0.000 0.000 0.000 0.000 0.000 0.000 0.000 0.000 0.000 0.000 0.000 0.000 0.000 0.000 0.000 0.000 0.000 0.000 0.000 0.000 0.000 0.000 0.000 0.000 0.000 0.000 0.000 0.000 0.000 0.002 0.004 0.006 0.012 0.009 0.011 0.015 0.021 0.035 0.062 0.095 0.000 0.000 0.000 0.050 0.060 0.065 0.066 0.059 0.059 0.065 0.074 0.068 0.063 0.058 0.054 0.050 0.047 0.046 0.047 0.045 0.034 0.025 0.022 0.019 0.016 0.014
0.000 0.000 0.000 0.000 0.000 0.000 0.000 0.000 0.000 0.000 0.000 0.000 0.000 0.000 0.000 0.000 0.000 0.000 0.000 0.000 0.000 0.000 0.000 0.000 0.000 0.000 0.000 0.000 0.000 0.000 0.000 0.000 0.000 0.000 0.000 0.000 0.000 0.000 0.000 0.000 0.001 0.003 0.006 0.006 0.005 0.007 0.010 0.015 0.033 0.078 0.117 0.000 0.000 0.000 0.000 0.000 0.000 0.000 0.055 0.067 0.077 0.080 0.073 0.067 0.062 0.057 0.054 0.052 0.053 0.054 0.044 0.032 0.027 0.024 0.021 0.019 0.017
0.000 0.000 0.000 0.000 0.000 0.000 0.000 0.000 0.000 0.000 0.000 0.000 0.000 0.000 0.000 0.000 0.000 0.000 0.000 0.000 0.000 0.000 0.000 0.000 0.000 0.000 0.000 0.000 0.000 0.000 0.000 0.000 0.000 0.000 0.000 0.000 0.000 0.000 0.000 0.000 0.001 0.003 0.004 0.002 0.003 0.004 0.006 0.011 0.034 0.081 0.130 0.000 0.000 0.000 0.000 0.000 0.000 0.000 0.000 0.000 0.000 0.082 0.073 0.067 0.063 0.060 0.058 0.058 0.062 0.053 0.042 0.031 0.028 0.025 0.023 0.020 0.018
0.000 0.000 0.000 0.000 0.000 0.000 0.000 0.000 0.000 0.000 0.000 0.000 0.000 0.000 0.000 0.000 0.000 0.000 0.000 0.000 0.000 0.000 0.000 0.000 0.000 0.000 0.000 0.000 0.000 0.000 0.000 0.000 0.000 0.000 0.000 0.000 0.000 0.000 0.000 0.000 0.000 0.000 0.000 0.000 0.001 0.002 0.004 0.008 0.037 0.085 0.000 0.000 0.000 0.000 0.000 0.000 0.000 0.000 0.000 0.000 0.000 0.000 0.063 0.063 0.062 0.061 0.062 0.065 0.060 0.050 0.039 0.032 0.029 0.026 0.024 0.022 0.020
0.000 0.000 0.000 0.000 0.000 0.000 0.000 0.000 0.000 0.000 0.000 0.000 0.000 0.000 0.000 0.000 0.000 0.000 0.000 0.000 0.000 0.000 0.000 0.000 0.000 0.000 0.000 0.000 0.000 0.000 0.000 0.000 0.000 0.000 0.000 0.000 0.000 0.000 0.000 0.000 0.000 0.000 0.000 0.000 0.000 0.001 0.002 0.006 0.040 0.088 0.000 0.000 0.000 0.000 0.000 0.000 0.000 0.000 0.000 0.000 0.000 0.031 0.054 0.059 0.061 0.063 0.066 0.064 0.055 0.046 0.035 0.032 0.029 0.027 0.025 0.023 0.021
0.000 0.000 0.000 0.000 0.000 0.000 0.000 0.000 0.000 0.000 0.000 0.000 0.000 0.000 0.000 0.000 0.000 0.000 0.000 0.000 0.000 0.000 0.000 0.000 0.000 0.000 0.000 0.000 0.000 0.000 0.000 0.000 0.000 0.000 0.000 0.000 0.000 0.000 0.000 0.000 0.000 0.000 0.000 0.000 0.000 0.000 0.001 0.006 0.043 0.000 0.000 0.000 0.000 0.000 0.000 0.000 0.000 0.000 0.000 0.000 0.000 0.035 0.050 0.057 0.061 0.065 0.065 0.052 0.048 0.040 0.032 0.031 0.029 0.027 0.026 0.024 0.022
0.000 0.000 0.000 0.000 0.000 0.000 0.000 0.000 0.000 0.000 0.000 0.000 0.000 0.000 0.000 0.000 0.000 0.000 0.000 0.000 0.000 0.000 0.000 0.000 0.000 0.000 0.000 0.000 0.000 0.000 0.000 0.000 0.000 0.000 0.000 0.000 0.000 0.000 0.000 0.000 0.000 0.000 0.000 0.000 0.000 0.000 0.000 0.007 0.046 0.000 0.000 0.000 0.000 0.000 0.000 0.000 0.000 0.000 0.000 0.000 0.000 0.037 0.050 0.057 0.063 0.066 0.053 0.000 0.035 0.033 0.030 0.029 0.026 0.025 0.025 0.024 0.023
0.000 0.000 0.000 0.000 0.000 0.000 0.000 0.000 0.000 0.000 0.000 0.000 0.000 0.000 0.000 0.000 0.000 0.000 0.000 0.000 0.000 0.000 0.000 0.000 0.000 0.000 0.000 0.000 0.000 0.000 0.000 0.000 0.000 0.000 0.000 0.000 0.000 0.000 0.000 0.000 0.000 0.000 0.000 0.000 0.000 0.000 0.000 0.011 0.000 0.000 0.000 0.000 0.000 0.000 0.000 0.000 0.000 0.000 0.000 0.000 0.002 0.039 0.052 0.060 0.068 0.062 0.050 0.035 0.032 0.028 0.028 0.025 0.000 0.022 0.024 0.024 0.023
0.000 0.000 0.000 0.000 0.000 0.000 0.000 0.000 0.000 0.000 0.000 0.000 0.000 0.000 0.000 0.000 0.000 0.000 0.000 0.000 0.000 0.000 0.000 0.000 0.000 0.000 0.000 0.000 0.000 0.000 0.000 0.000 0.000 0.000 0.000 0.000 0.000 0.000 0.000 0.000 0.000 0.000 0.000 0.000 0.000 0.000 0.000 0.014 0.000 0.000 0.000 0.000 0.000 0.000 0.000 0.000 0.000 0.000 0.000 0.000 0.004 0.043 0.058 0.067 0.066 0.059 0.050 0.040 0.031 0.028 0.028 0.026 0.022 0.024 0.025 0.025 0.024
