数据/100y_1h/100y_1h_res/100y_1h_127-0001.wd
ncols         694
nrows         824
xllcorner     581104.939801
yllcorner     3495917.092414
cellsize      2.000000
NODATA_value  -9999.000000
[rows 306 to 339 of 824, columns 462 to 538 of 694]
0.015 0.017 0.019 0.019 0.020 0.020 0.019 0.019 0.015 0.011 0.007 0.005 0.003 0.002 0.001 0.001 0.001 0.000 0.001 0.001 0.001 0.001 0.001 0.001 0.001 0.001 0.003 0.006 0.008 0.010 0.010 0.009 0.008 0.006 0.005 0.004 0.003 0.002 0.003 0.000 0.000 0.000 0.000 0.000 0.000 0.000 0.000 0.000 0.000 0.000 0.000 0.000 0.000 0.000 0.010 0.010 0.010 0.013 0.000 0.001 0.001 0.001 0.001 0.001 0.003 0.033 0.000 0.000 0.000 0.000 0.001 0.002 0.009 0.020 0.028 0.028 0.024
0.000 0.015 0.017 0.018 0.019 0.019 0.019 0.019 0.019 0.016 0.012 0.008 0.005 0.003 0.002 0.001 0.001 0.001 0.001 0.001 0.001 0.001 0.001 0.001 0.001 0.001 0.003 0.006 0.008 0.009 0.010 0.009 0.008 0.007 0.005 0.004 0.004 0.005 0.013 0.000 0.000 0.000 0.000 0.000 0.000 0.000 0.000 0.000 0.000 0.000 0.000 0.000 0.000 0.000 0.000 0.000 0.000 0.010 0.010 0.008 0.007 0.006 0.005 0.005 0.008 0.000 0.000 0.000 0.000 0.000 0.006 0.016 0.025 0.026 0.023 0.021 0.019
0.009 0.013 0.016 0.017 0.018 0.019 0.019 0.019 0.019 0.019 0.018 0.013 0.009 0.006 0.004 0.003 0.002 0.002 0.001 0.001 0.001 0.001 0.001 0.001 0.001 0.000 0.003 0.006 0.008 0.009 0.009 0.009 0.008 0.007 0.006 0.005 0.004 0.005 0.000 0.000 0.000 0.000 0.000 0.000 0.000 0.000 0.000 0.000 0.000 0.000 0.000 0.000 0.000 0.000 0.000 0.000 0.000 0.000 0.000 0.006 0.007 0.008 0.007 0.007 0.011 0.000 0.000 0.000 0.000 0.012 0.022 0.025 0.022 0.020 0.017 0.016 0.015
0.010 0.013 0.015 0.017 0.018 0.019 0.020 0.020 0.021 0.022 0.022 0.023 0.018 0.014 0.010 0.006 0.005 0.004 0.003 0.002 0.002 0.001 0.001 0.001 0.001 0.001 0.003 0.006 0.007 0.009 0.009 0.009 0.008 0.007 0.006 0.006 0.005 0.005 0.003 0.002 0.002 0.000 0.000 0.000 0.000 0.000 0.000 0.000 0.000 0.000 0.000 0.000 0.000 0.000 0.000 0.000 0.000 0.000 0.000 0.000 0.000 0.000 0.005 0.007 0.009 0.012 0.000 0.000 0.000 0.022 0.021 0.019 0.017 0.015 0.013 0.012 0.011
0.010 0.013 0.015 0.017 0.018 0.020 0.022 0.024 0.026 0.027 0.029 0.030 0.031 0.027 0.020 0.014 0.010 0.008 0.006 0.004 0.003 0.002 0.002 0.001 0.001 0.001 0.003 0.006 0.007 0.008 0.009 0.009 0.008 0.008 0.007 0.006 0.005 0.005 0.003 0.002 0.002 0.001 0.001 0.000 0.000 0.000 0.000 0.000 0.000 0.000 0.000 0.000 0.000 0.000 0.000 0.000 0.000 0.000 0.000 0.000 0.000 0.000 0.000 0.000 0.007 0.012 0.014 0.025 0.027 0.021 0.018 0.016 0.014 0.012 0.011 0.010 0.010
0.010 0.013 0.015 0.018 0.022 0.025 0.028 0.031 0.034 0.037 0.038 0.040 0.041 0.041 0.032 0.023 0.017 0.013 0.009 0.007 0.005 0.003 0.002 0.002 0.001 0.002 0.004 0.006 0.007 0.008 0.009 0.009 0.009 0.008 0.007 0.006 0.006 0.005 0.004 0.003 0.002 0.002 0.001 0.001 0.001 0.002 0.000 0.000 0.000 0.000 0.000 0.000 0.000 0.000 0.000 0.000 0.000 0.000 0.000 0.000 0.000 0.000 0.000 0.000 0.000 0.000 0.000 0.016 0.017 0.016 0.015 0.013 0.011 0.010 0.009 0.008 0.007
0.012 0.016 0.020 0.025 0.029 0.034 0.038 0.042 0.046 0.049 0.051 0.052 0.046 0.035 0.034 0.029 0.022 0.016 0.012 0.009 0.007 0.005 0.003 0.003 0.002 0.002 0.004 0.005 0.007 0.008 0.009 0.009 0.009 0.008 0.007 0.007 0.006 0.005 0.004 0.003 0.003 0.002 0.002 0.001 0.001 0.001 0.001 0.002 0.000 0.000 0.000 0.000 0.001 0.002 0.000 0.000 0.000 0.000 0.000 0.000 0.000 0.000 0.000 0.000 0.000 0.000 0.018 0.017 0.015 0.014 0.012 0.011 0.009 0.008 0.008 0.008 0.000
0.018 0.023 0.029 0.035 0.041 0.045 0.050 0.048 0.043 0.037 0.032 0.025 0.019 0.011 0.022 0.031 0.025 0.020 0.015 0.011 0.008 0.006 0.004 0.003 0.003 0.003 0.004 0.005 0.007 0.008 0.008 0.009 0.009 0.008 0.008 0.007 0.006 0.005 0.004 0.004 0.003 0.002 0.002 0.001 0.001 0.001 0.001 0.001 0.001 0.001 0.001 0.001 0.001 0.001 0.001 0.001 0.005 0.000 0.000 0.000 0.000 0.000 0.000 0.000 0.000 0.000 0.015 0.015 0.014 0.012 0.011 0.009 0.008 0.007 0.007 0.005 0.000
0.029 0.035 0.036 0.033 0.030 0.026 0.023 0.020 0.016 0.013 0.010 0.007 0.004 0.006 0.014 0.028 0.027 0.022 0.018 0.014 0.010 0.008 0.006 0.004 0.003 0.003 0.004 0.005 0.006 0.008 0.008 0.009 0.009 0.008 0.008 0.007 0.006 0.006 0.005 0.004 0.003 0.003 0.002 0.001 0.001 0.001 0.001 0.001 0.001 0.001 0.001 0.001 0.001 0.001 0.001 0.002 0.013 0.034 0.062 0.000 0.000 0.000 0.000 0.000 0.000 0.019 0.017 0.015 0.013 0.011 0.010 0.008 0.007 0.006 0.006 0.000 0.000
0.013 0.011 0.010 0.009 0.007 0.006 0.005 0.004 0.003 0.003 0.002 0.001 0.001 0.003 0.008 0.019 0.029 0.024 0.020 0.016 0.013 0.010 0.007 0.006 0.004 0.004 0.004 0.005 0.006 0.007 0.008 0.008 0.009 0.008 0.008 0.007 0.007 0.006 0.005 0.004 0.004 0.003 0.002 0.002 0.001 0.001 0.001 0.001 0.001 0.001 0.001 0.001 0.001 0.002 0.005 0.014 0.027 0.047 0.062 0.069 0.078 0.088 0.000 0.000 0.000 0.016 0.015 0.014 0.012 0.010 0.008 0.007 0.006 0.005 0.004 0.000 0.000
0.002 0.002 0.002 0.002 0.001 0.001 0.001 0.001 0.001 0.001 0.001 0.001 0.001 0.002 0.005 0.012 0.026 0.027 0.022 0.018 0.015 0.012 0.009 0.007 0.006 0.005 0.005 0.006 0.007 0.008 0.008 0.009 0.009 0.008 0.008 0.007 0.007 0.006 0.005 0.005 0.004 0.003 0.003 0.002 0.002 0.002 0.001 0.001 0.001 0.001 0.001 0.002 0.004 0.012 0.021 0.031 0.036 0.036 0.040 0.046 0.054 0.062 0.067 0.075 0.000 0.019 0.016 0.013 0.010 0.008 0.007 0.005 0.005 0.005 0.000 0.000 0.000
0.001 0.001 0.001 0.001 0.001 0.001 0.001 0.001 0.001 0.001 0.001 0.001 0.001 0.001 0.002 0.007 0.018 0.028 0.025 0.021 0.018 0.016 0.014 0.012 0.011 0.011 0.010 0.011 0.011 0.012 0.012 0.012 0.011 0.011 0.010 0.009 0.008 0.007 0.007 0.006 0.005 0.005 0.004 0.004 0.003 0.003 0.003 0.002 0.002 0.003 0.005 0.012 0.020 0.029 0.034 0.030 0.026 0.023 0.023 0.025 0.030 0.036 0.041 0.046 0.040 0.027 0.018 0.012 0.008 0.006 0.005 0.004 0.004 0.003 0.000 0.000 0.000
0.001 0.001 0.001 0.001 0.001 0.001 0.001 0.001 0.001 0.001 0.001 0.001 0.001 0.001 0.002 0.004 0.011 0.026 0.030 0.027 0.026 0.026 0.027 0.028 0.028 0.027 0.027 0.027 0.026 0.026 0.025 0.023 0.021 0.019 0.017 0.016 0.014 0.013 0.011 0.010 0.010 0.009 0.009 0.009 0.010 0.011 0.012 0.012 0.010 0.015 0.021 0.029 0.035 0.030 0.025 0.021 0.018 0.015 0.013 0.012 0.011 0.011 0.012 0.015 0.013 0.011 0.008 0.005 0.004 0.003 0.003 0.003 0.003 0.000 0.000 0.000 0.000
0.001 0.001 0.001 0.000 0.000 0.000 0.000 0.000 0.000 0.000 0.001 0.001 0.001 0.001 0.001 0.003 0.007 0.020 0.041 0.043 0.046 0.050 0.053 0.054 0.055 0.055 0.055 0.054 0.053 0.050 0.047 0.042 0.038 0.035 0.033 0.030 0.028 0.027 0.026 0.025 0.026 0.028 0.030 0.033 0.035 0.038 0.039 0.040 0.038 0.033 0.038 0.032 0.026 0.021 0.017 0.014 0.011 0.009 0.007 0.006 0.005 0.004 0.003 0.003 0.003 0.003 0.003 0.002 0.002 0.002 0.002 0.002 0.002 0.014 0.000 0.000 0.000
0.000 0.000 0.000 0.000 0.000 0.000 0.000 0.000 0.000 0.000 0.000 0.001 0.001 0.001 0.001 0.001 0.005 0.017 0.053 0.070 0.075 0.079 0.083 0.084 0.084 0.084 0.084 0.083 0.081 0.079 0.074 0.064 0.060 0.058 0.056 0.052 0.050 0.049 0.049 0.051 0.053 0.056 0.059 0.062 0.065 0.068 0.070 0.071 0.064 0.045 0.044 0.038 0.031 0.025 0.020 0.016 0.012 0.009 0.007 0.005 0.004 0.003 0.002 0.002 0.001 0.001 0.001 0.001 0.001 0.001 0.001 0.001 0.001 0.000 0.000 0.000 0.000
0.000 0.000 0.000 0.000 0.000 0.000 0.000 0.000 0.000 0.000 0.000 0.001 0.001 0.001 0.001 0.002 0.010 0.000 0.055 0.099 0.104 0.109 0.114 0.000 0.000 0.000 0.000 0.000 0.000 0.000 0.000 0.083 0.086 0.085 0.082 0.076 0.075 0.076 0.076 0.079 0.082 0.085 0.089 0.092 0.095 0.091 0.081 0.071 0.058 0.040 0.040 0.043 0.048 0.041 0.035 0.029 0.024 0.019 0.015 0.012 0.009 0.007 0.005 0.004 0.003 0.002 0.002 0.002 0.001 0.001 0.001 0.001 0.001 0.001 0.001 0.000 0.000
0.000 0.000 0.000 0.000 0.000 0.000 0.000 0.000 0.000 0.000 0.000 0.000 0.000 0.006 0.000 0.000 0.013 0.000 0.000 0.116 0.000 0.000 0.000 0.000 0.000 0.000 0.000 0.000 0.000 0.000 0.000 0.000 0.000 0.000 0.000 0.099 0.102 0.104 0.104 0.108 0.111 0.115 0.111 0.102 0.094 0.084 0.075 0.064 0.052 0.034 0.035 0.037 0.041 0.046 0.049 0.042 0.036 0.031 0.025 0.021 0.017 0.013 0.010 0.008 0.006 0.005 0.004 0.003 0.002 0.002 0.001 0.001 0.001 0.001 0.001 0.001 0.001
0.000 0.000 0.000 0.000 0.000 0.000 0.000 0.000 0.000 0.000 0.000 0.000 0.000 0.000 0.000 0.000 0.000 0.000 0.000 0.000 0.000 0.000 0.000 0.000 0.000 0.000 0.000 0.000 0.000 0.000 0.000 0.000 0.000 0.000 0.000 0.000 0.000 0.000 0.132 0.128 0.120 0.112 0.103 0.095 0.087 0.078 0.068 0.058 0.045 0.031 0.031 0.032 0.034 0.038 0.043 0.049 0.049 0.043 0.037 0.031 0.026 0.022 0.017 0.014 0.011 0.009 0.007 0.005 0.004 0.003 0.002 0.002 0.002 0.001 0.001 0.001 0.001
0.000 0.000 0.000 0.000 0.000 0.000 0.000 0.000 0.000 0.000 0.000 0.000 0.000 0.000 0.000 0.000 0.000 0.000 0.000 0.000 0.000 0.000 0.000 0.000 0.000 0.000 0.000 0.000 0.000 0.000 0.000 0.000 0.000 0.000 0.000 0.000 0.000 0.000 0.000 0.000 0.000 0.000 0.095 0.088 0.079 0.070 0.061 0.051 0.038 0.027 0.026 0.027 0.028 0.030 0.034 0.039 0.045 0.052 0.049 0.043 0.037 0.031 0.026 0.022 0.018 0.014 0.011 0.009 0.007 0.005 0.004 0.003 0.003 0.002 0.002 0.001 0.001
0.000 0.000 0.000 0.000 0.000 0.000 0.000 0.000 0.000 0.000 0.000 0.000 0.000 0.000 0.000 0.000 0.000 0.000 0.000 0.000 0.000 0.000 0.000 0.000 0.000 0.000 0.000 0.000 0.000 0.000 0.000 0.000 0.000 0.000 0.000 0.000 0.000 0.000 0.000 0.000 0.000 0.000 0.000 0.000 0.000 0.062 0.054 0.044 0.030 0.021 0.021 0.021 0.021 0.023 0.026 0.030 0.035 0.041 0.047 0.054 0.048 0.042 0.036 0.031 0.026 0.021 0.017 0.014 0.011 0.009 0.007 0.005 0.004 0.003 0.003 0.002 0.002
0.000 0.000 0.000 0.000 0.000 0.000 0.000 0.000 0.000 0.000 0.000 0.000 0.000 0.000 0.000 0.000 0.000 0.000 0.000 0.000 0.000 0.000 0.000 0.000 0.000 0.000 0.000 0.000 0.000 0.000 0.000 0.000 0.000 0.000 0.000 0.000 0.000 0.000 0.000 0.000 0.000 0.000 0.000 0.000 0.000 0.000 0.000 0.000 0.017 0.013 0.013 0.014 0.015 0.016 0.018 0.021 0.025 0.030 0.036 0.042 0.049 0.053 0.047 0.041 0.035 0.030 0.025 0.021 0.017 0.014 0.011 0.009 0.007 0.006 0.005 0.004 0.003
0.000 0.000 0.000 0.000 0.000 0.000 0.000 0.000 0.000 0.000 0.000 0.000 0.000 0.000 0.000 0.000 0.000 0.000 0.000 0.000 0.000 0.000 0.000 0.000 0.000 0.000 0.000 0.000 0.000 0.000 0.000 0.000 0.000 0.000 0.000 0.000 0.000 0.000 0.000 0.000 0.000 0.000 0.000 0.000 0.000 0.000 0.000 0.000 0.000 0.000 0.004 0.006 0.007 0.008 0.010 0.012 0.016 0.020 0.025 0.031 0.037 0.044 0.051 0.052 0.046 0.040 0.035 0.030 0.025 0.021 0.018 0.015 0.013 0.011 0.009 0.008 0.006
0.000 0.000 0.000 0.000 0.000 0.000 0.000 0.000 0.000 0.000 0.000 0.000 0.000 0.000 0.000 0.000 0.000 0.000 0.000 0.000 0.000 0.000 0.000 0.000 0.000 0.000 0.000 0.000 0.000 0.000 0.000 0.000 0.000 0.000 0.000 0.000 0.000 0.000 0.000 0.000 0.000 0.000 0.000 0.000 0.000 0.000 0.000 0.000 0.000 0.000 0.000 0.000 0.000 0.000 0.002 0.004 0.007 0.011 0.015 0.020 0.026 0.032 0.039 0.046 0.053 0.051 0.045 0.040 0.035 0.032 0.029 0.026 0.024 0.021 0.019 0.016 0.013
0.000 0.000 0.000 0.000 0.000 0.000 0.000 0.000 0.000 0.000 0.000 0.000 0.000 0.000 0.000 0.000 0.000 0.000 0.000 0.000 0.000 0.000 0.000 0.000 0.000 0.000 0.000 0.000 0.000 0.000 0.000 0.000 0.000 0.000 0.000 0.000 0.000 0.000 0.000 0.000 0.000 0.000 0.000 0.000 0.000 0.000 0.000 0.000 0.000 0.000 0.000 0.000 0.000 0.000 0.000 0.000 0.000 0.000 0.006 0.011 0.016 0.021 0.027 0.034 0.040 0.048 0.055 0.053 0.049 0.047 0.045 0.043 0.041 0.038 0.034 0.030 0.025
0.000 0.000 0.000 0.000 0.000 0.000 0.000 0.000 0.000 0.000 0.000 0.000 0.000 0.000 0.000 0.000 0.000 0.000 0.000 0.000 0.000 0.000 0.000 0.000 0.000 0.000 0.000 0.000 0.000 0.000 0.000 0.000 0.000 0.000 0.000 0.000 0.000 0.000 0.000 0.000 0.000 0.000 0.000 0.000 0.000 0.000 0.000 0.000 0.000 0.000 0.000 0.000 0.000 0.000 0.000 0.000 0.000 0.000 0.000 0.003 0.007 0.012 0.017 0.022 0.029 0.036 0.044 0.054 0.067 0.068 0.067 0.066 0.064 0.059 0.052 0.045 0.039
0.000 0.000 0.000 0.000 0.000 0.000 0.000 0.000 0.000 0.000 0.000 0.000 0.000 0.000 0.000 0.000 0.000 0.000 0.000 0.000 0.000 0.000 0.000 0.000 0.000 0.000 0.000 0.000 0.000 0.000 0.000 0.000 0.000 0.000 0.000 0.000 0.000 0.000 0.000 0.000 0.000 0.000 0.000 0.000 0.000 0.000 0.000 0.000 0.000 0.000 0.000 0.000 0.000 0.000 0.000 0.000 0.000 0.000 0.000 0.001 0.001 0.003 0.007 0.012 0.018 0.024 0.033 0.044 0.062 0.081 0.092 0.092 0.089 0.083 0.069 0.060 0.052
0.000 0.000 0.000 0.000 0.000 0.000 0.000 0.000 0.000 0.000 0.000 0.000 0.000 0.000 0.000 0.000 0.000 0.000 0.000 0.000 0.000 0.000 0.000 0.000 0.000 0.000 0.000 0.000 0.000 0.000 0.000 0.000 0.000 0.000 0.000 0.000 0.000 0.000 0.000 0.000 0.000 0.000 0.000 0.000 0.000 0.000 0.000 0.000 0.000 0.000 0.000 0.000 0.000 0.000 0.000 0.000 0.000 0.000 0.000 0.001 0.001 0.001 0.001 0.003 0.008 0.014 0.022 0.037 0.057 0.080 0.000 0.000 0.000 0.000 0.077 0.076 0.062
0.000 0.000 0.000 0.000 0.000 0.000 0.000 0.000 0.000 0.000 0.000 0.000 0.000 0.000 0.000 0.000 0.000 0.000 0.000 0.000 0.000 0.000 0.000 0.000 0.000 0.000 0.000 0.000 0.000 0.000 0.000 0.000 0.000 0.000 0.000 0.000 0.000 0.000 0.000 0.000 0.000 0.000 0.000 0.000 0.000 0.000 0.000 0.000 0.000 0.000 0.000 0.000 0.000 0.000 0.000 0.000 0.000 0.000 0.000 0.001 0.001 0.001 0.001 0.001 0.002 0.006 0.014 0.031 0.054 0.000 0.000 0.000 0.000 0.000 0.000 0.000 0.065
0.000 0.000 0.000 0.000 0.000 0.000 0.000 0.000 0.000 0.000 0.000 0.000 0.000 0.000 0.000 0.000 0.000 0.000 0.000 0.000 0.000 0.000 0.000 0.000 0.000 0.000 0.000 0.000 0.000 0.000 0.000 0.000 0.000 0.000 0.000 0.000 0.000 0.000 0.000 0.000 0.000 0.000 0.000 0.000 0.000 0.000 0.000 0.000 0.000 0.000 0.000 0.000 0.000 0.000 0.000 0.000 0.000 0.000 0.000 0.000 0.001 0.001 0.001 0.001 0.001 0.001 0.008 0.028 0.000 0.000 0.000 0.000 0.000 0.000 0.000 0.000 0.000
0.000 0.000 0.000 0.000 0.000 0.000 0.000 0.000 0.000 0.000 0.000 0.000 0.000 0.000 0.000 0.000 0.000 0.000 0.000 0.000 0.000 0.000 0.000 0.000 0.000 0.000 0.000 0.000 0.000 0.000 0.000 0.000 0.000 0.000 0.000 0.000 0.000 0.000 0.000 0.000 0.000 0.000 0.000 0.000 0.000 0.000 0.000 0.000 0.000 0.000 0.000 0.000 0.000 0.000 0.000 0.000 0.000 0.000 0.000 0.000 0.000 0.001 0.001 0.001 0.001 0.001 0.004 0.024 0.000 0.000 0.000 0.000 0.000 0.000 0.000 0.000 0.000
0.000 0.000 0.000 0.000 0.000 0.000 0.000 0.000 0.000 0.000 0.000 0.000 0.000 0.000 0.000 0.000 0.000 0.000 0.000 0.000 0.000 0.000 0.000 0.000 0.000 0.000 0.000 0.000 0.000 0.000 0.000 0.000 0.000 0.000 0.000 0.000 0.000 0.000 0.000 0.000 0.000 0.000 0.000 0.000 0.000 0.000 0.000 0.000 0.000 0.000 0.000 0.000 0.000 0.000 0.000 0.000 0.000 0.000 0.000 0.000 0.000 0.000 0.000 0.001 0.001 0.001 0.004 0.000 0.000 0.000 0.000 0.000 0.000 0.000 0.000 0.000 0.000
0.000 0.000 0.000 0.000 0.000 0.000 0.000 0.000 0.000 0.000 0.000 0.000 0.000 0.000 0.000 0.000 0.000 0.000 0.000 0.000 0.000 0.000 0.000 0.000 0.000 0.000 0.000 0.000 0.000 0.000 0.000 0.000 0.000 0.000 0.000 0.000 0.000 0.000 0.000 0.000 0.000 0.000 0.000 0.000 0.000 0.000 0.000 0.000 0.000 0.000 0.000 0.000 0.000 0.000 0.000 0.000 0.000 0.000 0.000 0.000 0.000 0.000 0.000 0.001 0.001 0.001 0.017 0.000 0.000 0.000 0.000 0.000 0.000 0.000 0.000 0.000 0.000
0.000 0.000 0.000 0.000 0.000 0.000 0.000 0.000 0.000 0.000 0.000 0.000 0.000 0.000 0.000 0.000 0.000 0.000 0.000 0.000 0.000 0.000 0.000 0.000 0.000 0.000 0.000 0.000 0.000 0.000 0.000 0.000 0.000 0.000 0.000 0.000 0.000 0.000 0.000 0.000 0.000 0.000 0.000 0.000 0.000 0.000 0.000 0.000 0.000 0.000 0.000 0.000 0.000 0.000 0.000 0.000 0.000 0.000 0.000 0.000 0.000 0.000 0.000 0.001 0.001 0.001 0.000 0.000 0.000 0.000 0.000 0.000 0.000 0.000 0.000 0.000 0.000
0.000 0.000 0.000 0.000 0.000 0.000 0.000 0.000 0.000 0.000 0.000 0.000 0.000 0.000 0.000 0.000 0.000 0.000 0.000 0.000 0.000 0.000 0.000 0.000 0.000 0.000 0.000 0.000 0.000 0.000 0.000 0.000 0.000 0.000 0.000 0.000 0.000 0.000 0.000 0.000 0.000 0.000 0.000 0.000 0.000 0.000 0.000 0.000 0.000 0.000 0.000 0.000 0.000 0.000 0.000 0.000 0.000 0.000 0.000 0.000 0.000 0.000 0.000 0.001 0.001 0.001 0.000 0.000 0.000 0.000 0.000 0.000 0.000 0.000 0.000 0.000 0.000
