数据/100y_1h/100y_1h_res/100y_1h_117-0001.wd
ncols         694
nrows         824
xllcorner     581104.939801
yllcorner     3495917.092414
cellsize      2.000000
NODATA_value  -9999.000000
[rows 408 to 441 of 824, columns 385 to 461 of 694]
0.000 0.000 0.000 0.000 0.000 0.000 0.000 0.000 0.000 0.000 0.000 0.000 0.000 0.000 0.000 0.000 0.000 0.000 0.000 0.000 0.000 0.000 0.000 0.000 0.000 0.000 0.000 0.000 0.000 0.000 0.000 0.000 0.013 0.021 0.029 0.038 0.044 0.042 0.023 0.042 0.045 0.046 0.046 0.000 0.000 0.000 0.000 0.000 0.000 0.000 0.034 0.034 0.034 0.034 0.034 0.032 0.027 0.023 0.018 0.013 0.009 0.005 0.002 0.001 0.000 0.000 0.000 0.000 0.000 0.000 0.000 0.000 0.000 0.000 0.000 0.000 0.000
0.000 0.000 0.000 0.000 0.000 0.000 0.000 0.000 0.000 0.000 0.000 0.000 0.000 0.000 0.000 0.000 0.000 0.000 0.000 0.000 0.000 0.000 0.000 0.000 0.000 0.000 0.000 0.000 0.000 0.000 0.000 0.006 0.014 0.022 0.031 0.039 0.045 0.044 0.041 0.044 0.045 0.046 0.046 0.000 0.000 0.000 0.000 0.000 0.000 0.034 0.034 0.034 0.034 0.034 0.034 0.034 0.034 0.030 0.025 0.021 0.016 0.012 0.007 0.003 0.002 0.000 0.000 0.000 0.000 0.000 0.000 0.000 0.000 0.000 0.000 0.000 0.000
0.000 0.000 0.000 0.000 0.000 0.000 0.000 0.000 0.000 0.000 0.000 0.000 0.000 0.000 0.000 0.000 0.000 0.000 0.000 0.000 0.000 0.000 0.000 0.000 0.000 0.000 0.000 0.000 0.000 0.000 0.000 0.008 0.015 0.024 0.032 0.041 0.045 0.045 0.044 0.045 0.045 0.046 0.046 0.000 0.000 0.000 0.000 0.000 0.000 0.034 0.034 0.034 0.034 0.034 0.034 0.034 0.034 0.034 0.033 0.028 0.023 0.019 0.014 0.010 0.005 0.002 0.001 0.000 0.000 0.000 0.000 0.000 0.000 0.000 0.000 0.000 0.000
0.000 0.000 0.000 0.000 0.000 0.000 0.000 0.000 0.000 0.000 0.000 0.000 0.000 0.000 0.000 0.000 0.000 0.000 0.000 0.000 0.000 0.000 0.000 0.000 0.000 0.000 0.000 0.000 0.000 0.000 0.000 0.009 0.017 0.025 0.034 0.043 0.045 0.045 0.045 0.045 0.045 0.046 0.046 0.000 0.000 0.000 0.000 0.000 0.000 0.034 0.034 0.034 0.034 0.034 0.034 0.034 0.034 0.034 0.034 0.034 0.031 0.026 0.022 0.017 0.012 0.008 0.004 0.002 0.000 0.000 0.000 0.000 0.000 0.000 0.000 0.000 0.000
0.000 0.000 0.000 0.000 0.000 0.000 0.000 0.000 0.000 0.000 0.000 0.000 0.000 0.000 0.000 0.000 0.000 0.000 0.000 0.000 0.000 0.000 0.000 0.000 0.000 0.000 0.000 0.000 0.000 0.000 0.000 0.010 0.018 0.027 0.036 0.044 0.045 0.045 0.045 0.045 0.045 0.045 0.000 0.000 0.000 0.000 0.000 0.000 0.000 0.034 0.034 0.034 0.034 0.034 0.034 0.034 0.034 0.034 0.034 0.034 0.033 0.033 0.029 0.024 0.019 0.015 0.010 0.006 0.002 0.000 0.000 0.000 0.000 0.000 0.000 0.000 0.000
0.000 0.000 0.000 0.000 0.000 0.000 0.000 0.000 0.000 0.000 0.000 0.000 0.000 0.000 0.000 0.000 0.000 0.000 0.000 0.000 0.000 0.000 0.000 0.000 0.000 0.000 0.000 0.000 0.000 0.000 0.005 0.012 0.020 0.028 0.037 0.045 0.045 0.045 0.045 0.045 0.045 0.045 0.000 0.000 0.000 0.000 0.000 0.000 0.033 0.033 0.034 0.034 0.034 0.034 0.034 0.034 0.034 0.034 0.034 0.033 0.033 0.033 0.033 0.031 0.026 0.022 0.017 0.012 0.008 0.003 0.002 0.000 0.000 0.000 0.000 0.000 0.000
0.000 0.000 0.000 0.000 0.000 0.000 0.000 0.000 0.000 0.000 0.000 0.000 0.000 0.000 0.000 0.000 0.000 0.000 0.000 0.000 0.000 0.000 0.000 0.000 0.000 0.000 0.000 0.000 0.000 0.000 0.006 0.013 0.022 0.030 0.039 0.045 0.045 0.045 0.045 0.045 0.045 0.046 0.000 0.000 0.000 0.000 0.000 0.000 0.033 0.033 0.033 0.034 0.034 0.034 0.034 0.033 0.034 0.033 0.033 0.033 0.033 0.033 0.033 0.032 0.032 0.029 0.024 0.019 0.014 0.010 0.005 0.002 0.000 0.000 0.000 0.000 0.000
0.000 0.000 0.000 0.000 0.000 0.000 0.000 0.000 0.000 0.000 0.000 0.000 0.000 0.000 0.000 0.000 0.000 0.000 0.000 0.000 0.000 0.000 0.000 0.000 0.000 0.000 0.000 0.000 0.000 0.000 0.007 0.015 0.023 0.031 0.040 0.045 0.045 0.045 0.045 0.045 0.045 0.000 0.000 0.000 0.000 0.000 0.000 0.000 0.033 0.033 0.033 0.033 0.033 0.034 0.034 0.034 0.033 0.033 0.033 0.033 0.033 0.033 0.032 0.032 0.032 0.031 0.031 0.026 0.021 0.016 0.012 0.007 0.003 0.000 0.000 0.000 0.000
0.000 0.000 0.000 0.000 0.000 0.000 0.000 0.000 0.000 0.000 0.000 0.000 0.000 0.000 0.000 0.000 0.000 0.000 0.000 0.000 0.000 0.000 0.000 0.000 0.000 0.000 0.000 0.000 0.000 0.000 0.009 0.016 0.025 0.033 0.042 0.045 0.045 0.045 0.045 0.045 0.045 0.000 0.000 0.000 0.000 0.000 0.000 0.033 0.033 0.033 0.034 0.033 0.033 0.033 0.033 0.033 0.033 0.033 0.033 0.033 0.033 0.032 0.032 0.032 0.032 0.031 0.031 0.030 0.028 0.023 0.018 0.013 0.009 0.004 0.002 0.000 0.000
0.000 0.000 0.000 0.000 0.000 0.000 0.000 0.000 0.000 0.000 0.000 0.000 0.000 0.000 0.000 0.000 0.000 0.000 0.000 0.000 0.000 0.000 0.000 0.000 0.000 0.000 0.000 0.000 0.002 0.004 0.010 0.018 0.026 0.035 0.043 0.045 0.045 0.044 0.045 0.045 0.045 0.000 0.000 0.000 0.000 0.000 0.000 0.033 0.033 0.033 0.033 0.033 0.033 0.033 0.033 0.033 0.033 0.033 0.033 0.033 0.032 0.032 0.032 0.032 0.031 0.031 0.030 0.030 0.030 0.029 0.025 0.020 0.015 0.010 0.005 0.002 0.000
0.000 0.000 0.000 0.000 0.000 0.000 0.000 0.000 0.000 0.000 0.000 0.000 0.000 0.000 0.000 0.000 0.000 0.000 0.000 0.000 0.000 0.000 0.000 0.000 0.000 0.000 0.000 0.000 0.002 0.005 0.011 0.019 0.028 0.036 0.044 0.045 0.045 0.045 0.045 0.045 0.045 0.000 0.000 0.000 0.000 0.000 0.000 0.033 0.033 0.033 0.033 0.033 0.033 0.033 0.033 0.033 0.033 0.033 0.033 0.032 0.032 0.032 0.032 0.031 0.031 0.030 0.030 0.030 0.029 0.029 0.028 0.027 0.022 0.017 0.012 0.007 0.003
0.000 0.000 0.000 0.000 0.000 0.000 0.000 0.000 0.000 0.000 0.000 0.000 0.000 0.000 0.000 0.000 0.000 0.000 0.000 0.000 0.000 0.000 0.000 0.000 0.000 0.000 0.000 0.000 0.002 0.006 0.013 0.021 0.029 0.038 0.045 0.045 0.045 0.045 0.045 0.045 0.045 0.000 0.000 0.000 0.000 0.000 0.000 0.033 0.033 0.034 0.033 0.033 0.033 0.033 0.033 0.033 0.033 0.033 0.032 0.032 0.032 0.032 0.031 0.031 0.030 0.030 0.030 0.029 0.029 0.028 0.027 0.027 0.026 0.023 0.018 0.013 0.008
0.000 0.000 0.000 0.000 0.000 0.000 0.000 0.000 0.000 0.000 0.000 0.000 0.000 0.000 0.000 0.000 0.000 0.000 0.000 0.000 0.000 0.000 0.000 0.000 0.000 0.000 0.000 0.000 0.002 0.007 0.014 0.022 0.031 0.039 0.044 0.044 0.045 0.045 0.045 0.045 0.045 0.000 0.000 0.000 0.000 0.000 0.033 0.033 0.033 0.033 0.034 0.033 0.033 0.033 0.033 0.033 0.033 0.032 0.032 0.032 0.031 0.031 0.031 0.031 0.030 0.030 0.029 0.029 0.028 0.027 0.027 0.026 0.025 0.025 0.024 0.019 0.014
0.000 0.000 0.000 0.000 0.000 0.000 0.000 0.000 0.000 0.000 0.000 0.000 0.000 0.000 0.000 0.000 0.000 0.000 0.000 0.000 0.000 0.000 0.000 0.000 0.000 0.000 0.000 0.000 0.003 0.008 0.015 0.023 0.032 0.041 0.044 0.044 0.044 0.045 0.045 0.044 0.044 0.000 0.000 0.000 0.000 0.000 0.033 0.033 0.033 0.033 0.033 0.033 0.033 0.033 0.033 0.033 0.032 0.032 0.032 0.032 0.031 0.031 0.030 0.030 0.030 0.029 0.029 0.028 0.027 0.027 0.026 0.025 0.025 0.024 0.023 0.022 0.020
0.000 0.000 0.000 0.000 0.000 0.000 0.000 0.000 0.000 0.000 0.000 0.000 0.000 0.000 0.000 0.000 0.000 0.000 0.000 0.000 0.000 0.000 0.000 0.000 0.000 0.000 0.000 0.002 0.004 0.009 0.016 0.024 0.033 0.042 0.044 0.044 0.044 0.044 0.044 0.044 0.044 0.000 0.000 0.000 0.000 0.000 0.033 0.034 0.034 0.033 0.034 0.033 0.033 0.033 0.033 0.033 0.032 0.032 0.032 0.031 0.031 0.030 0.030 0.030 0.029 0.029 0.028 0.027 0.027 0.026 0.025 0.025 0.024 0.023 0.022 0.020 0.019
0.000 0.000 0.000 0.000 0.000 0.000 0.000 0.000 0.000 0.000 0.000 0.000 0.000 0.000 0.000 0.000 0.000 0.000 0.000 0.000 0.000 0.000 0.000 0.000 0.000 0.000 0.000 0.002 0.005 0.010 0.018 0.026 0.034 0.043 0.043 0.043 0.044 0.044 0.044 0.044 0.043 0.043 0.042 0.000 0.000 0.000 0.000 0.000 0.033 0.033 0.033 0.033 0.033 0.033 0.033 0.032 0.032 0.032 0.031 0.031 0.030 0.030 0.029 0.029 0.029 0.028 0.027 0.027 0.026 0.025 0.024 0.024 0.023 0.022 0.020 0.019 0.017
0.000 0.000 0.000 0.000 0.000 0.000 0.000 0.000 0.000 0.000 0.000 0.000 0.000 0.000 0.000 0.000 0.000 0.000 0.000 0.000 0.000 0.000 0.000 0.000 0.000 0.000 0.000 0.002 0.006 0.012 0.019 0.027 0.035 0.041 0.042 0.043 0.043 0.043 0.043 0.043 0.043 0.042 0.042 0.041 0.040 0.040 0.000 0.034 0.034 0.034 0.033 0.033 0.033 0.033 0.033 0.032 0.032 0.031 0.031 0.031 0.030 0.029 0.029 0.028 0.028 0.027 0.027 0.026 0.025 0.024 0.023 0.022 0.021 0.020 0.019 0.017 0.015
0.000 0.000 0.000 0.000 0.000 0.000 0.000 0.000 0.000 0.000 0.000 0.000 0.000 0.000 0.000 0.000 0.000 0.000 0.000 0.000 0.000 0.000 0.000 0.000 0.000 0.000 0.000 0.002 0.007 0.013 0.020 0.028 0.035 0.037 0.041 0.042 0.043 0.043 0.043 0.043 0.043 0.042 0.042 0.041 0.040 0.039 0.037 0.035 0.034 0.034 0.033 0.033 0.033 0.033 0.032 0.032 0.031 0.031 0.031 0.030 0.030 0.029 0.028 0.028 0.027 0.026 0.026 0.025 0.024 0.023 0.022 0.021 0.020 0.018 0.017 0.015 0.012
0.000 0.000 0.000 0.000 0.000 0.000 0.000 0.000 0.000 0.000 0.000 0.000 0.000 0.000 0.000 0.000 0.000 0.000 0.000 0.000 0.000 0.000 0.000 0.000 0.000 0.000 0.000 0.003 0.009 0.015 0.023 0.029 0.034 0.015 0.038 0.042 0.043 0.043 0.043 0.044 0.000 0.042 0.041 0.041 0.039 0.038 0.036 0.035 0.034 0.034 0.033 0.033 0.033 0.032 0.032 0.032 0.031 0.031 0.030 0.030 0.029 0.028 0.028 0.027 0.026 0.026 0.025 0.024 0.023 0.022 0.021 0.019 0.018 0.016 0.014 0.011 0.011
0.000 0.000 0.000 0.000 0.000 0.000 0.000 0.000 0.000 0.000 0.000 0.000 0.000 0.000 0.000 0.000 0.000 0.000 0.000 0.000 0.000 0.000 0.000 0.000 0.000 0.000 0.000 0.005 0.011 0.018 0.025 0.033 0.039 0.039 0.041 0.043 0.043 0.043 0.043 0.000 0.000 0.000 0.000 0.000 0.038 0.038 0.036 0.035 0.034 0.034 0.033 0.033 0.033 0.032 0.032 0.031 0.031 0.030 0.030 0.029 0.028 0.028 0.027 0.026 0.025 0.024 0.023 0.022 0.021 0.020 0.019 0.017 0.015 0.012 0.011 0.011 0.011
0.000 0.000 0.000 0.000 0.000 0.000 0.000 0.000 0.000 0.000 0.000 0.000 0.000 0.000 0.000 0.000 0.000 0.000 0.000 0.000 0.000 0.000 0.000 0.000 0.000 0.000 0.002 0.006 0.013 0.020 0.028 0.036 0.044 0.043 0.043 0.044 0.044 0.044 0.000 0.000 0.000 0.000 0.000 0.000 0.000 0.000 0.034 0.034 0.034 0.034 0.033 0.033 0.032 0.032 0.032 0.031 0.030 0.030 0.029 0.028 0.028 0.027 0.026 0.025 0.024 0.023 0.022 0.021 0.019 0.018 0.016 0.013 0.012 0.012 0.011 0.011 0.012
0.000 0.000 0.000 0.000 0.000 0.000 0.000 0.000 0.000 0.000 0.000 0.000 0.000 0.000 0.000 0.000 0.000 0.000 0.000 0.000 0.000 0.000 0.000 0.000 0.000 0.000 0.003 0.008 0.015 0.023 0.031 0.039 0.045 0.045 0.045 0.045 0.045 0.044 0.000 0.000 0.000 0.000 0.000 0.000 0.000 0.000 0.034 0.034 0.034 0.033 0.033 0.033 0.032 0.032 0.031 0.031 0.030 0.029 0.028 0.028 0.027 0.026 0.025 0.024 0.023 0.021 0.020 0.018 0.016 0.014 0.012 0.012 0.012 0.012 0.012 0.012 0.014
0.000 0.000 0.000 0.000 0.000 0.000 0.000 0.000 0.000 0.000 0.000 0.000 0.000 0.000 0.000 0.000 0.000 0.000 0.000 0.000 0.000 0.000 0.000 0.000 0.000 0.000 0.004 0.010 0.017 0.025 0.033 0.042 0.047 0.046 0.046 0.046 0.046 0.000 0.000 0.000 0.000 0.000 0.034 0.034 0.034 0.034 0.034 0.034 0.033 0.033 0.033 0.032 0.032 0.031 0.031 0.030 0.029 0.028 0.028 0.027 0.026 0.025 0.023 0.022 0.021 0.019 0.017 0.015 0.012 0.012 0.012 0.012 0.012 0.012 0.012 0.013 0.017
0.000 0.000 0.000 0.000 0.000 0.000 0.000 0.000 0.000 0.000 0.000 0.000 0.000 0.000 0.000 0.000 0.000 0.000 0.000 0.000 0.000 0.000 0.000 0.000 0.000 0.000 0.005 0.012 0.019 0.028 0.036 0.044 0.048 0.048 0.047 0.047 0.047 0.000 0.000 0.000 0.000 0.000 0.000 0.034 0.033 0.034 0.034 0.033 0.033 0.033 0.033 0.032 0.032 0.031 0.030 0.029 0.029 0.028 0.027 0.025 0.024 0.023 0.022 0.020 0.018 0.016 0.013 0.013 0.013 0.013 0.012 0.012 0.012 0.013 0.014 0.017 0.022
0.000 0.000 0.000 0.000 0.000 0.000 0.000 0.000 0.000 0.000 0.000 0.000 0.000 0.000 0.000 0.000 0.000 0.000 0.000 0.000 0.000 0.000 0.000 0.000 0.000 0.000 0.006 0.014 0.022 0.030 0.038 0.047 0.048 0.048 0.048 0.048 0.047 0.000 0.000 0.000 0.000 0.000 0.000 0.000 0.000 0.000 0.033 0.033 0.033 0.033 0.033 0.032 0.031 0.031 0.030 0.029 0.028 0.027 0.025 0.024 0.022 0.021 0.019 0.016 0.013 0.013 0.013 0.013 0.013 0.013 0.013 0.013 0.013 0.015 0.018 0.023 0.027
0.000 0.000 0.000 0.000 0.000 0.000 0.000 0.000 0.000 0.000 0.000 0.000 0.000 0.000 0.000 0.000 0.000 0.000 0.000 0.000 0.000 0.000 0.000 0.000 0.000 0.002 0.008 0.016 0.024 0.032 0.041 0.049 0.049 0.049 0.049 0.049 0.000 0.000 0.000 0.000 0.000 0.000 0.000 0.000 0.000 0.000 0.000 0.000 0.033 0.033 0.032 0.032 0.031 0.030 0.029 0.028 0.027 0.025 0.024 0.022 0.020 0.017 0.014 0.014 0.013 0.013 0.013 0.013 0.013 0.013 0.013 0.014 0.016 0.020 0.025 0.032 0.031
0.000 0.000 0.000 0.000 0.000 0.000 0.000 0.000 0.000 0.000 0.000 0.000 0.000 0.000 0.000 0.000 0.000 0.000 0.000 0.000 0.000 0.000 0.000 0.000 0.000 0.003 0.010 0.018 0.026 0.034 0.043 0.050 0.050 0.050 0.050 0.050 0.000 0.000 0.000 0.000 0.000 0.000 0.000 0.000 0.000 0.000 0.000 0.000 0.000 0.000 0.000 0.031 0.031 0.030 0.028 0.027 0.025 0.023 0.021 0.019 0.016 0.014 0.014 0.014 0.014 0.014 0.014 0.014 0.014 0.014 0.016 0.019 0.023 0.029 0.036 0.041 0.036
0.000 0.000 0.000 0.000 0.000 0.000 0.000 0.000 0.000 0.000 0.000 0.000 0.000 0.000 0.000 0.000 0.000 0.000 0.003 0.000 0.000 0.000 0.000 0.000 0.000 0.005 0.012 0.020 0.028 0.036 0.045 0.051 0.051 0.050 0.050 0.050 0.000 0.000 0.000 0.000 0.000 0.000 0.000 0.000 0.000 0.000 0.000 0.000 0.000 0.000 0.000 0.000 0.000 0.000 0.027 0.026 0.023 0.020 0.017 0.015 0.015 0.014 0.014 0.014 0.014 0.014 0.014 0.015 0.016 0.018 0.022 0.028 0.034 0.041 0.048 0.048 0.043
0.000 0.000 0.000 0.000 0.000 0.000 0.000 0.000 0.000 0.000 0.000 0.000 0.000 0.000 0.000 0.000 0.000 0.000 0.002 0.002 0.004 0.000 0.000 0.000 0.000 0.006 0.014 0.022 0.030 0.038 0.047 0.051 0.051 0.051 0.051 0.050 0.000 0.000 0.000 0.000 0.000 0.000 0.000 0.000 0.000 0.000 0.000 0.000 0.000 0.000 0.000 0.000 0.000 0.000 0.000 0.000 0.016 0.015 0.015 0.015 0.015 0.014 0.014 0.014 0.014 0.015 0.016 0.018 0.021 0.026 0.033 0.039 0.046 0.054 0.059 0.055 0.050
0.001 0.000 0.000 0.000 0.000 0.000 0.000 0.000 0.000 0.000 0.000 0.000 0.000 0.000 0.000 0.000 0.000 0.000 0.002 0.002 0.003 0.005 0.000 0.000 0.000 0.008 0.016 0.024 0.032 0.040 0.049 0.051 0.051 0.052 0.052 0.000 0.000 0.000 0.000 0.000 0.000 0.000 0.000 0.000 0.000 0.000 0.000 0.000 0.000 0.000 0.000 0.000 0.000 0.000 0.000 0.000 0.013 0.014 0.014 0.014 0.014 0.015 0.015 0.015 0.016 0.017 0.021 0.025 0.031 0.038 0.045 0.052 0.059 0.066 0.066 0.062 0.058
0.004 0.002 0.000 0.000 0.000 0.000 0.000 0.000 0.000 0.000 0.000 0.000 0.000 0.000 0.000 0.000 0.000 0.000 0.002 0.002 0.003 0.004 0.004 0.004 0.005 0.010 0.018 0.025 0.033 0.042 0.050 0.051 0.051 0.052 0.052 0.000 0.000 0.000 0.000 0.000 0.000 0.000 0.000 0.000 0.000 0.000 0.000 0.000 0.000 0.000 0.000 0.000 0.000 0.000 0.000 0.000 0.011 0.013 0.013 0.014 0.014 0.015 0.016 0.017 0.020 0.024 0.030 0.037 0.043 0.051 0.058 0.065 0.072 0.078 0.074 0.069 0.065
0.014 0.010 0.005 0.002 0.000 0.000 0.000 0.000 0.000 0.000 0.000 0.000 0.000 0.000 0.001 0.001 0.001 0.001 0.001 0.002 0.003 0.003 0.003 0.004 0.006 0.012 0.019 0.027 0.035 0.043 0.051 0.052 0.052 0.052 0.052 0.000 0.000 0.000 0.000 0.000 0.000 0.000 0.000 0.000 0.000 0.000 0.000 0.000 0.000 0.000 0.000 0.000 0.000 0.000 0.000 0.002 0.010 0.012 0.013 0.014 0.015 0.017 0.019 0.023 0.029 0.035 0.042 0.049 0.056 0.063 0.070 0.078 0.085 0.086 0.081 0.077 0.072
0.025 0.020 0.015 0.010 0.005 0.002 0.000 0.000 0.000 0.000 0.000 0.000 0.001 0.001 0.001 0.001 0.001 0.001 0.001 0.002 0.002 0.003 0.003 0.004 0.006 0.013 0.021 0.029 0.037 0.046 0.052 0.052 0.052 0.052 0.052 0.000 0.000 0.000 0.000 0.000 0.000 0.000 0.000 0.000 0.000 0.000 0.000 0.000 0.000 0.000 0.000 0.000 0.000 0.000 0.000 0.002 0.009 0.011 0.013 0.015 0.018 0.022 0.028 0.034 0.040 0.047 0.055 0.062 0.069 0.076 0.083 0.000 0.000 0.093 0.089 0.084 0.080
0.000 0.000 0.025 0.020 0.015 0.010 0.005 0.002 0.001 0.000 0.000 0.001 0.001 0.001 0.001 0.001 0.001 0.001 0.001 0.001 0.002 0.002 0.003 0.004 0.008 0.015 0.023 0.031 0.039 0.047 0.052 0.052 0.051 0.052 0.000 0.000 0.000 0.000 0.000 0.000 0.000 0.000 0.000 0.000 0.000 0.000 0.000 0.000 0.000 0.000 0.000 0.000 0.000 0.000 0.000 0.003 0.008 0.012 0.015 0.020 0.026 0.033 0.039 0.046 0.053 0.060 0.067 0.075 0.082 0.089 0.000 0.000 0.000 0.000 0.000 0.092 0.087
