数据/100y_1h/100y_1h_res/100y_1h_66-0001.wd
ncols         694
nrows         824
xllcorner     581104.939801
yllcorner     3495917.092414
cellsize      2.000000
NODATA_value  -9999.000000
[rows 544 to 577 of 824, columns 308 to 384 of 694]
0.000 0.000 0.000 0.000 0.000 0.000 0.000 0.000 0.000 0.001 0.001 0.001 0.001 0.001 0.001 0.001 0.001 0.001 0.001 0.001 0.001 0.001 0.001 0.001 0.001 0.001 0.001 0.001 0.032 0.051 0.053 0.051 0.049 0.046 0.045 0.044 0.046 0.060 0.064 0.063 0.062 0.062 0.065 0.075 0.098 0.134 0.176 0.000 0.000 0.000 0.000 0.000 0.000 0.000 0.000 0.000 0.000 0.000 0.000 0.000 0.000 0.000 0.000 0.000 0.000 0.000 0.000 0.000 0.000 0.000 0.000 0.000 0.000 0.001 0.002 0.004 0.005
0.000 0.000 0.000 0.000 0.000 0.000 0.000 0.000 0.001 0.001 0.001 0.001 0.001 0.001 0.001 0.001 0.001 0.001 0.001 0.001 0.001 0.001 0.001 0.001 0.001 0.001 0.001 0.001 0.006 0.019 0.039 0.041 0.042 0.042 0.043 0.045 0.057 0.062 0.060 0.059 0.058 0.058 0.060 0.068 0.089 0.125 0.167 0.000 0.000 0.000 0.000 0.000 0.000 0.000 0.000 0.000 0.000 0.000 0.000 0.000 0.000 0.000 0.000 0.000 0.000 0.000 0.000 0.000 0.000 0.000 0.000 0.000 0.000 0.003 0.005 0.007 0.009
0.001 0.000 0.000 0.000 0.000 0.000 0.000 0.000 0.001 0.001 0.001 0.001 0.001 0.001 0.001 0.001 0.001 0.001 0.001 0.001 0.001 0.001 0.001 0.001 0.001 0.001 0.001 0.001 0.001 0.003 0.024 0.032 0.035 0.037 0.039 0.051 0.057 0.056 0.055 0.054 0.054 0.054 0.055 0.061 0.080 0.115 0.156 0.000 0.000 0.000 0.000 0.000 0.000 0.000 0.000 0.000 0.000 0.000 0.000 0.000 0.000 0.000 0.000 0.000 0.000 0.000 0.000 0.000 0.000 0.000 0.000 0.000 0.000 0.005 0.008 0.010 0.012
0.002 0.001 0.001 0.001 0.001 0.001 0.001 0.000 0.001 0.001 0.001 0.001 0.001 0.001 0.001 0.001 0.001 0.001 0.001 0.001 0.001 0.001 0.001 0.001 0.001 0.001 0.001 0.001 0.001 0.001 0.005 0.021 0.026 0.031 0.041 0.049 0.049 0.049 0.049 0.049 0.048 0.048 0.049 0.054 0.070 0.104 0.000 0.000 0.000 0.000 0.000 0.000 0.000 0.000 0.000 0.000 0.000 0.000 0.000 0.000 0.000 0.000 0.000 0.000 0.000 0.000 0.000 0.000 0.000 0.000 0.000 0.000 0.007 0.009 0.011 0.014 0.016
0.005 0.004 0.004 0.003 0.003 0.002 0.002 0.002 0.001 0.001 0.001 0.001 0.001 0.001 0.001 0.001 0.001 0.001 0.001 0.001 0.001 0.000 0.001 0.001 0.001 0.001 0.001 0.001 0.001 0.001 0.001 0.014 0.020 0.030 0.040 0.041 0.042 0.042 0.043 0.043 0.043 0.043 0.043 0.046 0.056 0.090 0.000 0.000 0.000 0.000 0.000 0.000 0.000 0.000 0.000 0.000 0.000 0.000 0.000 0.000 0.000 0.000 0.000 0.000 0.000 0.000 0.000 0.000 0.000 0.000 0.000 0.000 0.010 0.013 0.015 0.017 0.020
0.019 0.019 0.013 0.008 0.006 0.006 0.000 0.000 0.001 0.001 0.001 0.001 0.001 0.001 0.001 0.001 0.001 0.001 0.001 0.001 0.001 0.001 0.001 0.001 0.001 0.001 0.001 0.001 0.001 0.001 0.001 0.001 0.017 0.031 0.034 0.035 0.036 0.037 0.037 0.037 0.037 0.037 0.037 0.037 0.025 0.060 0.067 0.092 0.000 0.000 0.000 0.000 0.000 0.000 0.000 0.000 0.000 0.000 0.000 0.000 0.000 0.000 0.000 0.000 0.000 0.000 0.000 0.000 0.000 0.000 0.000 0.000 0.015 0.018 0.019 0.021 0.024
0.000 0.000 0.009 0.008 0.007 0.011 0.000 0.000 0.000 0.000 0.001 0.001 0.001 0.001 0.001 0.001 0.001 0.001 0.001 0.001 0.001 0.001 0.001 0.001 0.001 0.001 0.001 0.001 0.001 0.001 0.002 0.035 0.042 0.036 0.033 0.032 0.033 0.033 0.033 0.033 0.033 0.033 0.032 0.032 0.031 0.042 0.051 0.066 0.064 0.065 0.073 0.097 0.000 0.000 0.000 0.000 0.000 0.000 0.000 0.000 0.000 0.000 0.000 0.000 0.000 0.000 0.000 0.000 0.000 0.000 0.021 0.025 0.023 0.023 0.024 0.025 0.027
0.000 0.000 0.007 0.008 0.013 0.114 0.000 0.000 0.000 0.000 0.000 0.000 0.000 0.001 0.001 0.002 0.002 0.002 0.001 0.001 0.001 0.001 0.001 0.001 0.001 0.001 0.001 0.001 0.001 0.001 0.037 0.086 0.068 0.057 0.048 0.041 0.034 0.029 0.028 0.028 0.028 0.028 0.028 0.028 0.027 0.030 0.035 0.044 0.046 0.049 0.056 0.071 0.070 0.078 0.102 0.000 0.000 0.000 0.000 0.000 0.000 0.000 0.000 0.000 0.000 0.000 0.000 0.000 0.024 0.028 0.027 0.028 0.028 0.027 0.027 0.028 0.031
0.000 0.000 0.006 0.008 0.014 0.000 0.000 0.000 0.000 0.000 0.000 0.000 0.000 0.000 0.000 0.000 0.000 0.002 0.003 0.003 0.003 0.002 0.002 0.002 0.002 0.002 0.002 0.002 0.003 0.006 0.034 0.063 0.059 0.055 0.051 0.046 0.041 0.037 0.033 0.028 0.024 0.023 0.023 0.023 0.023 0.023 0.024 0.027 0.029 0.033 0.038 0.048 0.052 0.061 0.075 0.071 0.069 0.066 0.085 0.000 0.000 0.000 0.000 0.000 0.000 0.000 0.029 0.033 0.031 0.031 0.031 0.031 0.031 0.030 0.030 0.031 0.033
0.000 0.000 0.005 0.008 0.022 0.000 0.000 0.000 0.000 0.000 0.000 0.000 0.000 0.000 0.000 0.000 0.000 0.000 0.000 0.000 0.003 0.004 0.005 0.005 0.004 0.003 0.004 0.005 0.006 0.010 0.029 0.048 0.050 0.050 0.049 0.047 0.044 0.041 0.038 0.035 0.032 0.028 0.024 0.020 0.019 0.019 0.018 0.018 0.018 0.020 0.023 0.029 0.035 0.042 0.051 0.053 0.051 0.026 0.056 0.061 0.081 0.108 0.000 0.000 0.037 0.040 0.037 0.036 0.035 0.034 0.034 0.033 0.033 0.032 0.032 0.033 0.035
0.000 0.000 0.005 0.018 0.125 0.000 0.000 0.000 0.000 0.000 0.000 0.000 0.000 0.000 0.000 0.000 0.000 0.000 0.000 0.000 0.000 0.000 0.000 0.000 0.005 0.009 0.008 0.008 0.008 0.013 0.026 0.039 0.043 0.045 0.046 0.046 0.045 0.043 0.041 0.039 0.037 0.034 0.031 0.028 0.025 0.020 0.016 0.014 0.014 0.015 0.016 0.018 0.021 0.026 0.032 0.035 0.036 0.033 0.039 0.047 0.066 0.090 0.076 0.059 0.047 0.043 0.040 0.039 0.037 0.036 0.035 0.035 0.034 0.033 0.033 0.034 0.037
0.000 0.000 0.004 0.018 0.000 0.000 0.000 0.000 0.000 0.000 0.000 0.000 0.000 0.000 0.000 0.000 0.000 0.000 0.000 0.000 0.000 0.000 0.000 0.000 0.000 0.000 0.006 0.009 0.012 0.017 0.029 0.034 0.038 0.041 0.043 0.044 0.045 0.044 0.043 0.041 0.040 0.038 0.036 0.033 0.031 0.028 0.024 0.021 0.017 0.014 0.013 0.014 0.015 0.017 0.019 0.021 0.023 0.023 0.026 0.032 0.051 0.072 0.060 0.048 0.045 0.043 0.041 0.039 0.038 0.037 0.036 0.035 0.034 0.034 0.033 0.034 0.036
0.000 0.000 0.004 0.018 0.000 0.000 0.000 0.000 0.000 0.000 0.000 0.000 0.000 0.000 0.000 0.000 0.000 0.000 0.000 0.000 0.000 0.000 0.000 0.000 0.000 0.000 0.000 0.000 0.000 0.000 0.000 0.030 0.034 0.038 0.041 0.042 0.043 0.044 0.043 0.043 0.042 0.040 0.038 0.037 0.034 0.032 0.029 0.027 0.024 0.022 0.019 0.017 0.014 0.013 0.014 0.015 0.015 0.016 0.017 0.021 0.036 0.055 0.043 0.042 0.041 0.040 0.039 0.038 0.037 0.036 0.035 0.034 0.034 0.033 0.033 0.034 0.035
0.000 0.000 0.004 0.018 0.000 0.000 0.000 0.000 0.000 0.000 0.000 0.000 0.000 0.000 0.000 0.000 0.000 0.000 0.000 0.000 0.000 0.000 0.000 0.000 0.000 0.000 0.000 0.000 0.000 0.000 0.000 0.000 0.030 0.040 0.039 0.040 0.041 0.043 0.044 0.044 0.043 0.042 0.040 0.039 0.037 0.035 0.033 0.031 0.029 0.027 0.025 0.023 0.021 0.019 0.016 0.013 0.012 0.012 0.013 0.014 0.023 0.038 0.033 0.035 0.035 0.035 0.035 0.035 0.034 0.034 0.033 0.033 0.032 0.032 0.032 0.034 0.033
0.000 0.000 0.004 0.014 0.008 0.008 0.000 0.000 0.000 0.000 0.000 0.000 0.000 0.000 0.000 0.000 0.000 0.000 0.000 0.000 0.000 0.000 0.000 0.000 0.000 0.000 0.000 0.000 0.000 0.000 0.000 0.000 0.000 0.000 0.034 0.036 0.039 0.043 0.044 0.044 0.043 0.042 0.041 0.040 0.038 0.037 0.035 0.033 0.032 0.030 0.029 0.027 0.026 0.024 0.022 0.020 0.018 0.016 0.013 0.011 0.014 0.021 0.025 0.028 0.029 0.030 0.031 0.031 0.031 0.031 0.031 0.030 0.030 0.030 0.030 0.032 0.031
0.000 0.000 0.004 0.011 0.008 0.008 0.007 0.005 0.006 0.000 0.000 0.000 0.000 0.000 0.000 0.000 0.000 0.000 0.000 0.000 0.000 0.000 0.000 0.000 0.000 0.000 0.000 0.000 0.000 0.000 0.000 0.000 0.000 0.000 0.000 0.032 0.042 0.048 0.044 0.043 0.042 0.042 0.041 0.040 0.039 0.038 0.037 0.035 0.034 0.033 0.031 0.030 0.029 0.028 0.026 0.025 0.023 0.021 0.019 0.017 0.016 0.017 0.019 0.021 0.023 0.024 0.025 0.026 0.027 0.027 0.027 0.027 0.027 0.027 0.028 0.030 0.028
0.000 0.000 0.003 0.008 0.011 0.014 0.015 0.011 0.009 0.007 0.008 0.000 0.000 0.000 0.000 0.000 0.000 0.000 0.000 0.000 0.000 0.000 0.000 0.000 0.000 0.000 0.000 0.000 0.000 0.000 0.000 0.000 0.000 0.000 0.000 0.000 0.000 0.000 0.037 0.039 0.040 0.040 0.039 0.039 0.038 0.038 0.037 0.036 0.035 0.034 0.033 0.032 0.031 0.030 0.029 0.028 0.026 0.025 0.023 0.021 0.021 0.023 0.021 0.019 0.017 0.018 0.020 0.021 0.022 0.023 0.023 0.023 0.023 0.024 0.025 0.026 0.025
0.000 0.000 0.003 0.008 0.000 0.000 0.000 0.011 0.014 0.016 0.012 0.009 0.007 0.010 0.000 0.000 0.000 0.000 0.000 0.000 0.000 0.000 0.000 0.000 0.000 0.000 0.000 0.000 0.000 0.000 0.000 0.000 0.000 0.000 0.000 0.000 0.000 0.000 0.000 0.033 0.034 0.036 0.036 0.037 0.037 0.037 0.036 0.036 0.036 0.035 0.034 0.034 0.033 0.032 0.031 0.030 0.029 0.027 0.026 0.025 0.026 0.029 0.026 0.023 0.021 0.021 0.019 0.016 0.017 0.017 0.018 0.019 0.019 0.020 0.021 0.022 0.021
0.000 0.000 0.003 0.008 0.000 0.000 0.000 0.000 0.000 0.000 0.013 0.015 0.017 0.019 0.025 0.000 0.000 0.000 0.000 0.000 0.000 0.000 0.000 0.000 0.000 0.000 0.000 0.000 0.000 0.000 0.000 0.000 0.000 0.000 0.000 0.000 0.000 0.000 0.000 0.000 0.024 0.029 0.032 0.033 0.034 0.035 0.035 0.035 0.035 0.035 0.035 0.035 0.034 0.033 0.032 0.031 0.031 0.030 0.029 0.028 0.030 0.034 0.031 0.028 0.028 0.034 0.027 0.022 0.019 0.015 0.013 0.013 0.014 0.015 0.017 0.017 0.016
0.000 0.000 0.003 0.006 0.004 0.004 0.004 0.000 0.000 0.000 0.000 0.000 0.015 0.020 0.026 0.020 0.015 0.011 0.006 0.000 0.000 0.000 0.000 0.000 0.000 0.000 0.000 0.000 0.000 0.000 0.000 0.000 0.000 0.000 0.000 0.000 0.000 0.000 0.000 0.000 0.017 0.023 0.027 0.030 0.031 0.033 0.033 0.034 0.034 0.035 0.035 0.035 0.034 0.034 0.034 0.033 0.033 0.032 0.031 0.031 0.034 0.039 0.036 0.034 0.033 0.033 0.030 0.026 0.022 0.019 0.016 0.014 0.011 0.010 0.012 0.011 0.010
0.000 0.000 0.002 0.005 0.006 0.000 0.004 0.003 0.002 0.001 0.000 0.000 0.000 0.000 0.000 0.014 0.011 0.007 0.002 0.000 0.000 0.000 0.000 0.000 0.000 0.000 0.000 0.000 0.000 0.000 0.000 0.000 0.000 0.000 0.000 0.000 0.000 0.000 0.000 0.000 0.013 0.018 0.022 0.026 0.028 0.030 0.031 0.032 0.033 0.034 0.034 0.034 0.035 0.035 0.035 0.035 0.035 0.035 0.034 0.035 0.038 0.044 0.041 0.039 0.037 0.035 0.032 0.029 0.026 0.023 0.020 0.017 0.014 0.013 0.011 0.009 0.008
0.000 0.000 0.002 0.004 0.055 0.000 0.000 0.003 0.002 0.000 0.000 0.000 0.000 0.000 0.000 0.000 0.004 0.001 0.000 0.000 0.000 0.000 0.000 0.000 0.000 0.000 0.000 0.000 0.000 0.000 0.000 0.000 0.000 0.000 0.000 0.000 0.000 0.000 0.000 0.000 0.009 0.014 0.018 0.022 0.025 0.028 0.029 0.031 0.032 0.033 0.034 0.035 0.037 0.038 0.038 0.039 0.038 0.038 0.038 0.039 0.043 0.050 0.047 0.044 0.041 0.039 0.036 0.033 0.030 0.026 0.023 0.020 0.019 0.017 0.013 0.011 0.008
0.000 0.000 0.002 0.023 0.000 0.000 0.000 0.000 0.000 0.000 0.000 0.000 0.000 0.000 0.000 0.000 0.000 0.000 0.000 0.000 0.000 0.000 0.000 0.000 0.000 0.000 0.000 0.000 0.000 0.000 0.000 0.000 0.000 0.000 0.000 0.000 0.000 0.000 0.000 0.000 0.007 0.011 0.015 0.019 0.022 0.026 0.028 0.029 0.031 0.033 0.036 0.039 0.041 0.043 0.044 0.044 0.043 0.043 0.043 0.044 0.048 0.056 0.053 0.050 0.047 0.044 0.040 0.037 0.033 0.029 0.026 0.025 0.026 0.016 0.015 0.012 0.010
0.000 0.000 0.001 0.000 0.000 0.000 0.000 0.000 0.000 0.000 0.000 0.000 0.000 0.000 0.000 0.000 0.000 0.000 0.000 0.000 0.000 0.000 0.000 0.000 0.000 0.000 0.000 0.000 0.000 0.000 0.000 0.000 0.000 0.000 0.000 0.000 0.000 0.000 0.000 0.000 0.005 0.009 0.013 0.016 0.021 0.025 0.028 0.029 0.031 0.035 0.044 0.049 0.052 0.053 0.052 0.050 0.050 0.049 0.049 0.050 0.054 0.063 0.059 0.056 0.052 0.048 0.045 0.041 0.036 0.029 0.028 0.031 0.024 0.018 0.016 0.014 0.011
0.000 0.000 0.000 0.000 0.000 0.000 0.000 0.000 0.000 0.000 0.000 0.000 0.000 0.000 0.000 0.000 0.000 0.000 0.000 0.000 0.000 0.000 0.000 0.000 0.000 0.000 0.000 0.000 0.000 0.000 0.000 0.000 0.000 0.000 0.000 0.000 0.000 0.000 0.000 0.000 0.003 0.006 0.009 0.013 0.020 0.018 0.023 0.029 0.032 0.046 0.067 0.068 0.069 0.068 0.059 0.057 0.057 0.058 0.057 0.057 0.061 0.070 0.066 0.062 0.057 0.053 0.049 0.044 0.036 0.000 0.030 0.030 0.021 0.020 0.018 0.016 0.013
0.000 0.000 0.000 0.000 0.000 0.000 0.000 0.000 0.000 0.000 0.000 0.000 0.000 0.000 0.000 0.000 0.000 0.000 0.000 0.000 0.000 0.000 0.000 0.000 0.000 0.000 0.000 0.000 0.000 0.000 0.000 0.000 0.000 0.000 0.000 0.000 0.000 0.000 0.000 0.000 0.002 0.004 0.007 0.013 0.010 0.013 0.017 0.023 0.038 0.066 0.099 0.000 0.000 0.000 0.053 0.063 0.069 0.070 0.062 0.063 0.069 0.078 0.072 0.067 0.062 0.057 0.053 0.048 0.043 0.040 0.039 0.030 0.023 0.022 0.020 0.018 0.015
0.000 0.000 0.000 0.000 0.000 0.000 0.000 0.000 0.000 0.000 0.000 0.000 0.000 0.000 0.000 0.000 0.000 0.000 0.000 0.000 0.000 0.000 0.000 0.000 0.000 0.000 0.000 0.000 0.000 0.000 0.000 0.000 0.000 0.000 0.000 0.000 0.000 0.000 0.000 0.000 0.002 0.003 0.007 0.006 0.005 0.008 0.011 0.017 0.037 0.082 0.121 0.000 0.000 0.000 0.000 0.000 0.000 0.000 0.058 0.071 0.081 0.085 0.077 0.070 0.065 0.060 0.056 0.053 0.052 0.051 0.041 0.030 0.026 0.024 0.022 0.020 0.018
0.000 0.000 0.000 0.000 0.000 0.000 0.000 0.000 0.000 0.000 0.000 0.000 0.000 0.000 0.000 0.000 0.000 0.000 0.000 0.000 0.000 0.000 0.000 0.000 0.000 0.000 0.000 0.000 0.000 0.000 0.000 0.000 0.000 0.000 0.000 0.000 0.000 0.000 0.000 0.000 0.001 0.003 0.004 0.002 0.003 0.005 0.007 0.012 0.038 0.086 0.134 0.000 0.000 0.000 0.000 0.000 0.000 0.000 0.000 0.000 0.000 0.086 0.077 0.071 0.066 0.063 0.060 0.060 0.063 0.052 0.042 0.030 0.028 0.026 0.024 0.022 0.019
0.000 0.000 0.000 0.000 0.000 0.000 0.000 0.000 0.000 0.000 0.000 0.000 0.000 0.000 0.000 0.000 0.000 0.000 0.000 0.000 0.000 0.000 0.000 0.000 0.000 0.000 0.000 0.000 0.000 0.000 0.000 0.000 0.000 0.000 0.000 0.000 0.000 0.000 0.000 0.000 0.000 0.000 0.000 0.000 0.001 0.003 0.004 0.009 0.041 0.089 0.000 0.000 0.000 0.000 0.000 0.000 0.000 0.000 0.000 0.000 0.000 0.000 0.066 0.066 0.065 0.065 0.065 0.069 0.062 0.052 0.040 0.033 0.031 0.028 0.026 0.024 0.021
0.000 0.000 0.000 0.000 0.000 0.000 0.000 0.000 0.000 0.000 0.000 0.000 0.000 0.000 0.000 0.000 0.000 0.000 0.000 0.000 0.000 0.000 0.000 0.000 0.000 0.000 0.000 0.000 0.000 0.000 0.000 0.000 0.000 0.000 0.000 0.000 0.000 0.000 0.000 0.000 0.000 0.000 0.000 0.000 0.000 0.001 0.003 0.007 0.044 0.092 0.000 0.000 0.000 0.000 0.000 0.000 0.000 0.000 0.000 0.000 0.000 0.034 0.057 0.063 0.065 0.068 0.072 0.070 0.061 0.050 0.038 0.034 0.032 0.030 0.027 0.025 0.022
0.000 0.000 0.000 0.000 0.000 0.000 0.000 0.000 0.000 0.000 0.000 0.000 0.000 0.000 0.000 0.000 0.000 0.000 0.000 0.000 0.000 0.000 0.000 0.000 0.000 0.000 0.000 0.000 0.000 0.000 0.000 0.000 0.000 0.000 0.000 0.000 0.000 0.000 0.000 0.000 0.000 0.000 0.000 0.000 0.000 0.000 0.002 0.007 0.046 0.000 0.000 0.000 0.000 0.000 0.000 0.000 0.000 0.000 0.000 0.000 0.000 0.038 0.054 0.061 0.067 0.073 0.075 0.067 0.058 0.047 0.038 0.035 0.033 0.031 0.028 0.025 0.023
0.000 0.000 0.000 0.000 0.000 0.000 0.000 0.000 0.000 0.000 0.000 0.000 0.000 0.000 0.000 0.000 0.000 0.000 0.000 0.000 0.000 0.000 0.000 0.000 0.000 0.000 0.000 0.000 0.000 0.000 0.000 0.000 0.000 0.000 0.000 0.000 0.000 0.000 0.000 0.000 0.000 0.000 0.000 0.000 0.000 0.000 0.000 0.008 0.050 0.000 0.000 0.000 0.000 0.000 0.000 0.000 0.000 0.000 0.000 0.000 0.000 0.041 0.054 0.063 0.071 0.078 0.071 0.064 0.055 0.044 0.038 0.036 0.033 0.031 0.028 0.026 0.023
0.000 0.000 0.000 0.000 0.000 0.000 0.000 0.000 0.000 0.000 0.000 0.000 0.000 0.000 0.000 0.000 0.000 0.000 0.000 0.000 0.000 0.000 0.000 0.000 0.000 0.000 0.000 0.000 0.000 0.000 0.000 0.000 0.000 0.000 0.000 0.000 0.000 0.000 0.000 0.000 0.000 0.000 0.000 0.000 0.000 0.000 0.000 0.012 0.000 0.000 0.000 0.000 0.000 0.000 0.000 0.000 0.000 0.000 0.000 0.000 0.002 0.043 0.057 0.067 0.077 0.074 0.068 0.060 0.051 0.040 0.038 0.035 0.033 0.030 0.028 0.026 0.024
0.000 0.000 0.000 0.000 0.000 0.000 0.000 0.000 0.000 0.000 0.000 0.000 0.000 0.000 0.000 0.000 0.000 0.000 0.000 0.000 0.000 0.000 0.000 0.000 0.000 0.000 0.000 0.000 0.000 0.000 0.000 0.000 0.000 0.000 0.000 0.000 0.000 0.000 0.000 0.000 0.000 0.000 0.000 0.000 0.000 0.000 0.000 0.015 0.000 0.000 0.000 0.000 0.000 0.000 0.000 0.000 0.000 0.000 0.000 0.000 0.005 0.048 0.063 0.074 0.075 0.070 0.064 0.056 0.046 0.039 0.037 0.035 0.032 0.030 0.028 0.026 0.024
