数据/100y_1h/100y_1h_res/100y_1h_85-0001.wd
ncols         694
nrows         824
xllcorner     581104.939801
yllcorner     3495917.092414
cellsize      2.000000
NODATA_value  -9999.000000
[rows 714 to 747 of 824, columns 154 to 230 of 694]
0.000 0.000 0.000 0.000 0.000 0.000 0.002 0.003 0.004 0.005 0.006 0.007 0.008 0.009 0.009 0.010 0.010 0.010 0.010 0.008 0.000 0.000 0.088 0.082 0.077 0.075 0.073 0.069 0.065 0.060 0.057 0.052 0.000 0.000 0.000 0.000 0.000 0.000 0.000 0.000 0.000 0.000 0.012 0.065 0.089 0.098 0.108 0.118 0.129 0.000 0.000 0.000 0.000 0.000 0.000 0.000 0.000 0.000 0.231 0.241 0.251 0.252 0.227 0.206 0.217 0.132 0.050 0.001 0.000 0.000 0.000 0.000 0.000 0.000 0.000 0.000 0.000
0.000 0.000 0.000 0.000 0.000 0.002 0.003 0.004 0.005 0.006 0.007 0.008 0.009 0.010 0.010 0.011 0.011 0.012 0.012 0.012 0.011 0.010 0.000 0.101 0.099 0.097 0.094 0.090 0.085 0.080 0.075 0.069 0.064 0.060 0.000 0.000 0.000 0.000 0.000 0.000 0.000 0.003 0.051 0.108 0.152 0.162 0.172 0.182 0.193 0.000 0.000 0.000 0.000 0.000 0.000 0.000 0.000 0.000 0.291 0.289 0.264 0.240 0.218 0.208 0.218 0.172 0.087 0.006 0.000 0.000 0.000 0.000 0.000 0.000 0.000 0.000 0.000
0.000 0.000 0.000 0.000 0.001 0.003 0.004 0.005 0.006 0.007 0.008 0.009 0.010 0.011 0.011 0.012 0.013 0.013 0.014 0.015 0.015 0.016 0.015 0.001 0.001 0.117 0.115 0.110 0.105 0.099 0.094 0.088 0.084 0.079 0.076 0.000 0.000 0.000 0.000 0.000 0.002 0.040 0.094 0.151 0.207 0.225 0.235 0.246 0.256 0.000 0.000 0.000 0.000 0.000 0.000 0.000 0.000 0.325 0.302 0.278 0.255 0.231 0.208 0.211 0.222 0.218 0.131 0.045 0.000 0.000 0.000 0.000 0.000 0.000 0.000 0.000 0.000
0.000 0.000 0.000 0.000 0.002 0.004 0.005 0.006 0.007 0.008 0.009 0.010 0.011 0.011 0.012 0.013 0.014 0.015 0.016 0.017 0.018 0.020 0.021 0.023 0.027 0.004 0.135 0.130 0.125 0.119 0.113 0.108 0.104 0.099 0.096 0.092 0.089 0.000 0.000 0.000 0.029 0.081 0.137 0.193 0.247 0.288 0.298 0.308 0.000 0.000 0.000 0.000 0.000 0.000 0.000 0.000 0.000 0.315 0.292 0.269 0.246 0.222 0.204 0.213 0.222 0.232 0.176 0.088 0.009 0.000 0.000 0.000 0.000 0.000 0.000 0.000 0.000
0.000 0.000 0.000 0.001 0.003 0.005 0.006 0.007 0.008 0.009 0.009 0.010 0.011 0.012 0.013 0.014 0.015 0.016 0.017 0.018 0.020 0.022 0.026 0.032 0.043 0.063 0.004 0.151 0.146 0.138 0.133 0.128 0.124 0.120 0.116 0.113 0.110 0.108 0.000 0.060 0.076 0.123 0.178 0.232 0.289 0.346 0.361 0.372 0.000 0.000 0.000 0.000 0.000 0.000 0.000 0.000 0.000 0.306 0.283 0.260 0.236 0.212 0.209 0.218 0.226 0.235 0.218 0.134 0.000 0.000 0.000 0.000 0.000 0.000 0.000 0.000 0.000
0.000 0.000 0.000 0.001 0.003 0.005 0.006 0.007 0.008 0.009 0.010 0.011 0.012 0.012 0.013 0.014 0.015 0.016 0.017 0.019 0.021 0.023 0.027 0.031 0.037 0.043 0.028 0.001 0.001 0.155 0.152 0.148 0.144 0.141 0.137 0.134 0.131 0.128 0.121 0.096 0.120 0.164 0.220 0.275 0.332 0.386 0.423 0.433 0.000 0.000 0.000 0.000 0.000 0.000 0.000 0.000 0.000 0.296 0.274 0.249 0.227 0.202 0.210 0.219 0.229 0.238 0.247 0.179 0.000 0.000 0.000 0.000 0.000 0.000 0.000 0.000 0.000
0.000 0.000 0.000 0.001 0.003 0.005 0.006 0.007 0.008 0.009 0.010 0.011 0.012 0.013 0.014 0.014 0.015 0.017 0.018 0.019 0.021 0.023 0.026 0.028 0.031 0.033 0.026 0.018 0.012 0.001 0.171 0.168 0.165 0.162 0.158 0.155 0.152 0.150 0.147 0.000 0.000 0.206 0.262 0.317 0.374 0.430 0.486 0.498 0.508 0.484 0.000 0.000 0.000 0.000 0.000 0.000 0.309 0.286 0.264 0.241 0.217 0.204 0.212 0.222 0.232 0.240 0.250 0.223 0.000 0.000 0.000 0.000 0.000 0.000 0.000 0.000 0.000
0.000 0.000 0.000 0.001 0.003 0.005 0.006 0.007 0.008 0.009 0.010 0.011 0.012 0.013 0.014 0.015 0.016 0.017 0.018 0.019 0.021 0.022 0.024 0.026 0.027 0.027 0.024 0.020 0.016 0.011 0.000 0.188 0.186 0.182 0.179 0.176 0.174 0.172 0.000 0.000 0.000 0.000 0.304 0.359 0.416 0.473 0.527 0.522 0.497 0.474 0.451 0.427 0.000 0.000 0.000 0.000 0.299 0.277 0.254 0.231 0.207 0.205 0.214 0.225 0.235 0.243 0.252 0.000 0.000 0.000 0.000 0.000 0.000 0.000 0.000 0.000 0.000
0.000 0.000 0.000 0.001 0.003 0.005 0.006 0.007 0.008 0.009 0.010 0.011 0.012 0.013 0.014 0.015 0.015 0.016 0.017 0.019 0.020 0.021 0.022 0.023 0.024 0.024 0.022 0.019 0.016 0.013 0.009 0.001 0.000 0.202 0.199 0.197 0.196 0.000 0.000 0.000 0.000 0.000 0.000 0.401 0.457 0.481 0.503 0.000 0.000 0.466 0.442 0.416 0.392 0.367 0.000 0.000 0.290 0.266 0.245 0.220 0.199 0.209 0.217 0.226 0.237 0.246 0.255 0.000 0.000 0.000 0.000 0.000 0.000 0.000 0.000 0.000 0.000
0.000 0.000 0.000 0.001 0.003 0.005 0.006 0.007 0.008 0.009 0.010 0.011 0.012 0.013 0.014 0.014 0.015 0.016 0.017 0.018 0.019 0.020 0.021 0.022 0.022 0.021 0.020 0.018 0.016 0.014 0.011 0.008 0.006 0.001 0.219 0.216 0.000 0.000 0.000 0.000 0.000 0.000 0.000 0.415 0.437 0.457 0.478 0.000 0.000 0.000 0.000 0.406 0.382 0.356 0.330 0.305 0.281 0.256 0.234 0.210 0.201 0.210 0.218 0.229 0.239 0.248 0.258 0.000 0.000 0.000 0.000 0.000 0.000 0.000 0.000 0.000 0.000
0.000 0.000 0.000 0.001 0.003 0.005 0.006 0.007 0.008 0.009 0.010 0.011 0.012 0.013 0.013 0.014 0.015 0.016 0.016 0.017 0.018 0.019 0.019 0.020 0.020 0.019 0.018 0.017 0.015 0.014 0.012 0.010 0.008 0.006 0.000 0.231 0.224 0.000 0.000 0.000 0.000 0.000 0.000 0.390 0.413 0.435 0.454 0.466 0.000 0.000 0.000 0.000 0.000 0.347 0.322 0.296 0.271 0.246 0.226 0.199 0.203 0.212 0.220 0.230 0.240 0.249 0.000 0.000 0.000 0.000 0.000 0.000 0.000 0.000 0.000 0.000 0.000
0.000 0.000 0.000 0.001 0.003 0.005 0.006 0.007 0.008 0.009 0.010 0.011 0.011 0.012 0.013 0.014 0.014 0.015 0.016 0.017 0.017 0.018 0.018 0.018 0.018 0.018 0.017 0.016 0.015 0.013 0.012 0.011 0.009 0.007 0.005 0.000 0.241 0.238 0.000 0.000 0.000 0.000 0.000 0.000 0.392 0.000 0.000 0.446 0.436 0.000 0.000 0.000 0.000 0.000 0.000 0.283 0.261 0.236 0.213 0.196 0.204 0.212 0.221 0.231 0.241 0.252 0.000 0.000 0.000 0.000 0.000 0.000 0.000 0.000 0.000 0.000 0.000
0.000 0.000 0.000 0.001 0.003 0.005 0.006 0.007 0.008 0.009 0.010 0.010 0.011 0.012 0.013 0.013 0.014 0.015 0.015 0.016 0.016 0.017 0.017 0.017 0.017 0.017 0.016 0.015 0.014 0.013 0.012 0.011 0.009 0.008 0.006 0.004 0.001 0.256 0.273 0.000 0.000 0.000 0.000 0.000 0.000 0.000 0.000 0.000 0.418 0.000 0.000 0.000 0.000 0.000 0.294 0.271 0.249 0.225 0.201 0.197 0.205 0.214 0.223 0.232 0.244 0.254 0.000 0.000 0.000 0.000 0.000 0.000 0.000 0.000 0.000 0.000 0.000
0.000 0.000 0.000 0.000 0.003 0.004 0.005 0.007 0.007 0.008 0.009 0.010 0.011 0.011 0.012 0.013 0.013 0.014 0.014 0.015 0.015 0.016 0.016 0.016 0.016 0.016 0.015 0.014 0.014 0.013 0.012 0.010 0.009 0.008 0.007 0.005 0.003 0.001 0.245 0.262 0.000 0.000 0.000 0.000 0.000 0.000 0.000 0.000 0.399 0.000 0.000 0.000 0.000 0.000 0.284 0.260 0.238 0.214 0.190 0.198 0.207 0.217 0.224 0.232 0.242 0.000 0.000 0.000 0.000 0.000 0.000 0.000 0.000 0.000 0.000 0.000 0.000
0.000 0.000 0.000 0.000 0.002 0.003 0.005 0.006 0.007 0.008 0.009 0.010 0.010 0.011 0.012 0.012 0.013 0.013 0.014 0.014 0.015 0.015 0.015 0.015 0.015 0.015 0.014 0.014 0.013 0.012 0.011 0.010 0.009 0.008 0.007 0.006 0.004 0.002 0.000 0.233 0.248 0.000 0.000 0.000 0.000 0.000 0.000 0.382 0.378 0.000 0.000 0.000 0.000 0.291 0.273 0.249 0.226 0.203 0.191 0.200 0.209 0.218 0.225 0.233 0.242 0.247 0.254 0.000 0.000 0.000 0.000 0.000 0.000 0.000 0.000 0.000 0.000
0.000 0.000 0.000 0.000 0.000 0.003 0.004 0.005 0.006 0.007 0.008 0.009 0.010 0.010 0.011 0.012 0.012 0.013 0.013 0.013 0.014 0.014 0.014 0.014 0.014 0.014 0.013 0.013 0.012 0.011 0.011 0.010 0.009 0.008 0.007 0.006 0.004 0.003 0.001 0.000 0.219 0.234 0.000 0.000 0.000 0.000 0.000 0.000 0.000 0.000 0.000 0.000 0.000 0.271 0.259 0.239 0.216 0.192 0.192 0.200 0.209 0.219 0.227 0.235 0.243 0.249 0.257 0.263 0.272 0.000 0.000 0.000 0.000 0.000 0.000 0.000 0.000
0.000 0.000 0.000 0.000 0.000 0.001 0.003 0.004 0.005 0.006 0.007 0.008 0.009 0.010 0.010 0.011 0.011 0.012 0.012 0.013 0.013 0.013 0.013 0.013 0.013 0.013 0.012 0.012 0.011 0.011 0.010 0.009 0.008 0.007 0.006 0.005 0.004 0.002 0.000 0.000 0.000 0.204 0.218 0.238 0.000 0.000 0.000 0.000 0.000 0.000 0.000 0.000 0.260 0.249 0.237 0.226 0.205 0.185 0.195 0.204 0.212 0.221 0.228 0.238 0.245 0.252 0.260 0.265 0.273 0.281 0.290 0.000 0.000 0.000 0.000 0.000 0.000
0.000 0.000 0.000 0.000 0.000 0.000 0.002 0.003 0.004 0.005 0.006 0.007 0.008 0.009 0.010 0.010 0.011 0.011 0.012 0.012 0.012 0.012 0.012 0.012 0.012 0.012 0.012 0.011 0.011 0.010 0.009 0.009 0.008 0.007 0.006 0.005 0.003 0.002 0.000 0.000 0.000 0.000 0.193 0.211 0.229 0.000 0.000 0.000 0.000 0.000 0.000 0.000 0.240 0.227 0.217 0.205 0.193 0.186 0.196 0.205 0.213 0.222 0.230 0.240 0.247 0.255 0.263 0.270 0.276 0.285 0.292 0.299 0.251 0.000 0.000 0.000 0.000
0.000 0.000 0.000 0.000 0.000 0.000 0.000 0.002 0.003 0.004 0.005 0.006 0.007 0.008 0.009 0.010 0.010 0.010 0.011 0.011 0.011 0.011 0.011 0.011 0.011 0.011 0.011 0.010 0.010 0.009 0.009 0.008 0.007 0.006 0.005 0.004 0.003 0.000 0.000 0.000 0.000 0.000 0.000 0.185 0.203 0.222 0.000 0.000 0.000 0.000 0.000 0.229 0.217 0.207 0.194 0.183 0.181 0.183 0.194 0.204 0.215 0.225 0.233 0.242 0.249 0.000 0.000 0.000 0.279 0.288 0.295 0.302 0.295 0.207 0.139 0.000 0.000
0.000 0.000 0.000 0.000 0.000 0.000 0.000 0.000 0.002 0.003 0.004 0.005 0.006 0.007 0.008 0.009 0.009 0.010 0.010 0.010 0.010 0.010 0.010 0.010 0.010 0.010 0.010 0.010 0.009 0.009 0.008 0.007 0.006 0.005 0.004 0.003 0.001 0.000 0.000 0.000 0.000 0.000 0.000 0.000 0.178 0.197 0.217 0.000 0.000 0.000 0.000 0.208 0.195 0.185 0.176 0.179 0.177 0.180 0.190 0.201 0.211 0.221 0.232 0.242 0.251 0.000 0.000 0.000 0.000 0.000 0.297 0.305 0.314 0.251 0.210 0.171 0.000
0.000 0.000 0.000 0.000 0.000 0.000 0.000 0.000 0.000 0.002 0.003 0.004 0.005 0.006 0.007 0.008 0.008 0.009 0.009 0.009 0.009 0.009 0.009 0.009 0.009 0.009 0.009 0.009 0.008 0.008 0.007 0.006 0.005 0.004 0.003 0.002 0.000 0.000 0.000 0.000 0.000 0.000 0.000 0.000 0.156 0.173 0.192 0.211 0.000 0.210 0.200 0.186 0.175 0.175 0.176 0.176 0.176 0.176 0.187 0.198 0.209 0.219 0.230 0.240 0.000 0.000 0.000 0.000 0.000 0.000 0.000 0.305 0.315 0.319 0.280 0.241 0.000
0.000 0.000 0.000 0.000 0.000 0.000 0.000 0.000 0.000 0.000 0.002 0.003 0.004 0.005 0.006 0.007 0.007 0.008 0.008 0.008 0.008 0.008 0.008 0.008 0.008 0.008 0.008 0.008 0.007 0.007 0.006 0.005 0.004 0.003 0.002 0.000 0.000 0.000 0.000 0.000 0.000 0.000 0.000 0.000 0.000 0.151 0.168 0.184 0.203 0.191 0.179 0.173 0.174 0.174 0.175 0.174 0.175 0.174 0.184 0.196 0.206 0.217 0.227 0.000 0.000 0.000 0.000 0.000 0.000 0.000 0.000 0.000 0.000 0.324 0.319 0.309 0.266
0.000 0.000 0.000 0.000 0.000 0.000 0.000 0.000 0.000 0.000 0.000 0.002 0.003 0.004 0.005 0.006 0.007 0.007 0.007 0.007 0.007 0.007 0.007 0.007 0.007 0.007 0.007 0.007 0.006 0.006 0.005 0.004 0.003 0.002 0.000 0.000 0.000 0.000 0.000 0.000 0.000 0.000 0.000 0.000 0.000 0.000 0.145 0.161 0.179 0.172 0.171 0.172 0.172 0.173 0.173 0.172 0.173 0.173 0.181 0.193 0.203 0.214 0.224 0.000 0.000 0.000 0.000 0.000 0.000 0.000 0.000 0.000 0.000 0.000 0.000 0.315 0.309
0.000 0.000 0.000 0.000 0.000 0.000 0.000 0.000 0.000 0.000 0.000 0.000 0.002 0.003 0.004 0.005 0.005 0.006 0.006 0.006 0.006 0.006 0.006 0.006 0.006 0.006 0.006 0.006 0.005 0.005 0.004 0.003 0.002 0.000 0.000 0.000 0.000 0.000 0.000 0.000 0.000 0.000 0.000 0.000 0.000 0.000 0.000 0.140 0.157 0.171 0.170 0.171 0.171 0.171 0.171 0.171 0.172 0.172 0.177 0.189 0.200 0.210 0.000 0.000 0.000 0.000 0.000 0.000 0.000 0.000 0.000 0.000 0.000 0.000 0.000 0.000 0.000
0.000 0.000 0.000 0.000 0.000 0.000 0.000 0.000 0.000 0.000 0.000 0.000 0.000 0.001 0.003 0.004 0.004 0.005 0.005 0.005 0.005 0.005 0.005 0.005 0.005 0.005 0.005 0.005 0.004 0.004 0.003 0.001 0.000 0.000 0.000 0.000 0.000 0.000 0.000 0.000 0.000 0.000 0.000 0.000 0.000 0.000 0.000 0.000 0.135 0.154 0.169 0.169 0.169 0.168 0.168 0.168 0.170 0.171 0.175 0.186 0.197 0.207 0.000 0.000 0.000 0.000 0.000 0.000 0.000 0.000 0.000 0.000 0.000 0.000 0.000 0.000 0.000
0.000 0.000 0.000 0.000 0.000 0.000 0.000 0.000 0.000 0.000 0.000 0.000 0.000 0.000 0.000 0.002 0.003 0.003 0.003 0.003 0.003 0.003 0.003 0.003 0.003 0.003 0.003 0.003 0.003 0.002 0.000 0.000 0.000 0.000 0.000 0.000 0.000 0.000 0.000 0.000 0.000 0.000 0.000 0.000 0.000 0.000 0.000 0.000 0.000 0.125 0.152 0.167 0.166 0.165 0.165 0.166 0.167 0.169 0.171 0.182 0.193 0.000 0.000 0.000 0.000 0.000 0.000 0.000 0.000 0.000 0.000 0.000 0.000 0.000 0.000 0.000 0.000
0.000 0.000 0.000 0.000 0.000 0.000 0.000 0.000 0.000 0.000 0.000 0.000 0.000 0.000 0.000 0.000 0.001 0.001 0.001 0.001 0.001 0.001 0.001 0.001 0.001 0.001 0.001 0.001 0.001 0.000 0.000 0.000 0.000 0.000 0.000 0.000 0.000 0.000 0.000 0.000 0.000 0.000 0.000 0.000 0.000 0.000 0.000 0.000 0.000 0.000 0.131 0.151 0.164 0.163 0.162 0.163 0.163 0.165 0.166 0.177 0.189 0.000 0.000 0.000 0.000 0.000 0.000 0.000 0.000 0.000 0.000 0.000 0.000 0.000 0.000 0.000 0.000
0.000 0.000 0.000 0.000 0.000 0.000 0.000 0.000 0.000 0.000 0.000 0.000 0.000 0.000 0.000 0.000 0.000 0.000 0.000 0.000 0.000 0.000 0.000 0.000 0.000 0.000 0.000 0.000 0.000 0.000 0.000 0.000 0.000 0.000 0.000 0.000 0.000 0.000 0.000 0.000 0.000 0.000 0.000 0.000 0.000 0.000 0.000 0.000 0.000 0.000 0.110 0.129 0.148 0.161 0.160 0.158 0.158 0.158 0.161 0.172 0.000 0.000 0.000 0.000 0.000 0.000 0.000 0.000 0.000 0.000 0.000 0.000 0.000 0.000 0.000 0.000 0.000
0.000 0.000 0.000 0.000 0.000 0.000 0.000 0.000 0.000 0.000 0.000 0.000 0.000 0.000 0.000 0.000 0.000 0.000 0.000 0.000 0.000 0.000 0.000 0.000 0.000 0.000 0.000 0.000 0.000 0.000 0.000 0.000 0.000 0.000 0.000 0.000 0.000 0.000 0.000 0.000 0.000 0.000 0.000 0.000 0.000 0.000 0.000 0.000 0.000 0.000 0.000 0.106 0.125 0.144 0.155 0.152 0.145 0.148 0.150 0.000 0.000 0.000 0.000 0.000 0.000 0.000 0.000 0.000 0.000 0.000 0.000 0.000 0.000 0.000 0.000 0.000 0.000
0.000 0.000 0.000 0.000 0.000 0.000 0.000 0.000 0.000 0.000 0.000 0.000 0.000 0.000 0.000 0.000 0.000 0.000 0.000 0.000 0.000 0.000 0.000 0.000 0.000 0.000 0.000 0.000 0.000 0.000 0.000 0.000 0.000 0.000 0.000 0.000 0.000 0.000 0.000 0.000 0.000 0.000 0.000 0.000 0.000 0.000 0.000 0.000 0.000 0.000 0.000 0.081 0.101 0.120 0.137 0.147 0.143 0.142 0.139 0.134 0.000 0.000 0.000 0.000 0.000 0.000 0.000 0.000 0.000 0.000 0.000 0.000 0.000 0.000 0.000 0.000 0.000
0.000 0.000 0.000 0.000 0.000 0.000 0.000 0.000 0.000 0.000 0.000 0.000 0.000 0.000 0.000 0.000 0.000 0.000 0.000 0.000 0.000 0.000 0.000 0.000 0.000 0.000 0.000 0.000 0.000 0.000 0.000 0.000 0.000 0.000 0.000 0.000 0.000 0.000 0.000 0.000 0.000 0.000 0.000 0.000 0.000 0.000 0.000 0.000 0.000 0.000 0.000 0.058 0.077 0.096 0.113 0.129 0.139 0.136 0.131 0.124 0.124 0.000 0.000 0.000 0.000 0.000 0.000 0.000 0.000 0.000 0.000 0.000 0.000 0.000 0.000 0.000 0.000
0.000 0.000 0.000 0.000 0.000 0.000 0.000 0.000 0.000 0.000 0.000 0.000 0.000 0.000 0.000 0.000 0.000 0.000 0.000 0.000 0.000 0.000 0.000 0.000 0.000 0.000 0.000 0.000 0.000 0.000 0.000 0.000 0.000 0.000 0.000 0.000 0.000 0.000 0.000 0.000 0.000 0.000 0.000 0.000 0.000 0.000 0.000 0.000 0.000 0.000 0.000 0.036 0.053 0.071 0.089 0.105 0.122 0.130 0.123 0.114 0.112 0.102 0.101 0.000 0.000 0.000 0.000 0.000 0.000 0.000 0.000 0.000 0.000 0.000 0.000 0.000 0.000
0.000 0.000 0.000 0.000 0.000 0.000 0.000 0.000 0.000 0.000 0.000 0.000 0.000 0.000 0.000 0.000 0.000 0.000 0.000 0.000 0.000 0.000 0.000 0.000 0.000 0.000 0.000 0.000 0.000 0.000 0.000 0.000 0.000 0.000 0.000 0.000 0.000 0.000 0.000 0.000 0.000 0.000 0.000 0.000 0.000 0.000 0.000 0.000 0.000 0.000 0.000 0.000 0.030 0.047 0.064 0.081 0.096 0.111 0.116 0.105 0.099 0.092 0.092 0.093 0.000 0.000 0.000 0.000 0.000 0.000 0.000 0.000 0.000 0.000 0.000 0.000 0.000
0.000 0.000 0.000 0.000 0.000 0.000 0.000 0.000 0.000 0.000 0.000 0.000 0.000 0.000 0.000 0.000 0.000 0.000 0.000 0.000 0.000 0.000 0.000 0.000 0.000 0.000 0.000 0.000 0.000 0.000 0.000 0.000 0.000 0.000 0.000 0.000 0.000 0.000 0.000 0.000 0.000 0.000 0.000 0.000 0.000 0.000 0.000 0.000 0.000 0.000 0.000 0.000 0.007 0.022 0.040 0.056 0.071 0.084 0.095 0.095 0.085 0.081 0.083 0.084 0.084 0.000 0.000 0.000 0.000 0.000 0.000 0.000 0.000 0.000 0.000 0.000 0.000
