数据/100y_1h/100y_1h_res/100y_1h_111-0001.wd
ncols         694
nrows         824
xllcorner     581104.939801
yllcorner     3495917.092414
cellsize      2.000000
NODATA_value  -9999.000000
[rows 306 to 339 of 824, columns 462 to 538 of 694]
0.043 0.043 0.042 0.041 0.041 0.040 0.040 0.040 0.035 0.029 0.023 0.017 0.012 0.009 0.006 0.004 0.002 0.000 0.001 0.001 0.001 0.001 0.001 0.001 0.002 0.003 0.007 0.011 0.013 0.015 0.014 0.013 0.012 0.010 0.008 0.006 0.005 0.004 0.004 0.000 0.000 0.000 0.000 0.000 0.000 0.000 0.000 0.000 0.000 0.000 0.000 0.000 0.000 0.000 0.013 0.013 0.014 0.018 0.000 0.001 0.001 0.001 0.001 0.001 0.004 0.034 0.000 0.000 0.000 0.000 0.001 0.006 0.014 0.026 0.036 0.035 0.031
0.057 0.049 0.045 0.044 0.043 0.043 0.043 0.043 0.043 0.040 0.033 0.026 0.021 0.016 0.012 0.008 0.005 0.004 0.003 0.002 0.002 0.001 0.001 0.001 0.002 0.003 0.007 0.010 0.013 0.014 0.014 0.013 0.012 0.010 0.009 0.007 0.006 0.006 0.015 0.000 0.000 0.000 0.000 0.000 0.000 0.000 0.000 0.000 0.000 0.000 0.000 0.000 0.000 0.000 0.000 0.000 0.000 0.014 0.014 0.011 0.010 0.009 0.008 0.007 0.011 0.000 0.000 0.000 0.000 0.000 0.010 0.022 0.032 0.033 0.030 0.027 0.025
0.048 0.046 0.045 0.045 0.045 0.046 0.047 0.047 0.047 0.047 0.045 0.038 0.032 0.026 0.020 0.015 0.011 0.008 0.006 0.005 0.003 0.003 0.002 0.002 0.002 0.000 0.007 0.010 0.012 0.014 0.014 0.013 0.012 0.011 0.009 0.008 0.007 0.007 0.000 0.000 0.000 0.000 0.000 0.000 0.000 0.000 0.000 0.000 0.000 0.000 0.000 0.000 0.000 0.000 0.000 0.000 0.000 0.000 0.000 0.008 0.010 0.011 0.009 0.009 0.015 0.000 0.000 0.000 0.000 0.017 0.027 0.031 0.028 0.025 0.023 0.021 0.020
0.043 0.045 0.046 0.048 0.049 0.051 0.052 0.053 0.052 0.051 0.051 0.052 0.046 0.039 0.032 0.025 0.019 0.015 0.011 0.008 0.006 0.005 0.003 0.003 0.002 0.002 0.007 0.010 0.012 0.013 0.014 0.013 0.013 0.011 0.010 0.008 0.007 0.007 0.004 0.002 0.002 0.000 0.000 0.000 0.000 0.000 0.000 0.000 0.000 0.000 0.000 0.000 0.000 0.000 0.000 0.000 0.000 0.000 0.000 0.000 0.000 0.000 0.007 0.010 0.013 0.017 0.000 0.000 0.000 0.027 0.026 0.024 0.022 0.020 0.018 0.017 0.016
0.042 0.046 0.049 0.052 0.055 0.057 0.059 0.060 0.059 0.054 0.055 0.058 0.061 0.055 0.046 0.036 0.029 0.023 0.018 0.014 0.010 0.007 0.006 0.004 0.003 0.003 0.007 0.010 0.012 0.013 0.013 0.013 0.013 0.012 0.010 0.009 0.008 0.007 0.005 0.003 0.002 0.002 0.002 0.000 0.000 0.000 0.000 0.000 0.000 0.000 0.000 0.000 0.000 0.000 0.000 0.000 0.000 0.000 0.000 0.000 0.000 0.000 0.000 0.000 0.011 0.017 0.021 0.032 0.033 0.027 0.023 0.020 0.018 0.016 0.015 0.014 0.014
0.045 0.050 0.055 0.059 0.063 0.066 0.069 0.069 0.067 0.050 0.062 0.068 0.070 0.069 0.059 0.048 0.039 0.031 0.024 0.019 0.014 0.011 0.008 0.006 0.005 0.004 0.007 0.009 0.011 0.013 0.013 0.013 0.013 0.012 0.011 0.010 0.008 0.007 0.006 0.004 0.003 0.002 0.002 0.001 0.001 0.002 0.000 0.000 0.000 0.000 0.000 0.000 0.000 0.000 0.000 0.000 0.000 0.000 0.000 0.000 0.000 0.000 0.000 0.000 0.000 0.000 0.000 0.020 0.022 0.021 0.019 0.017 0.015 0.013 0.012 0.012 0.010
0.052 0.058 0.064 0.069 0.074 0.077 0.080 0.081 0.081 0.077 0.078 0.081 0.074 0.062 0.060 0.055 0.045 0.036 0.029 0.023 0.018 0.014 0.011 0.008 0.007 0.006 0.007 0.009 0.011 0.012 0.013 0.013 0.013 0.012 0.011 0.010 0.009 0.008 0.006 0.005 0.004 0.003 0.002 0.002 0.001 0.001 0.001 0.003 0.000 0.000 0.000 0.000 0.001 0.002 0.000 0.000 0.000 0.000 0.000 0.000 0.000 0.000 0.000 0.000 0.000 0.000 0.022 0.020 0.019 0.017 0.016 0.014 0.012 0.011 0.010 0.011 0.000
0.062 0.069 0.075 0.080 0.085 0.089 0.092 0.088 0.080 0.070 0.061 0.053 0.043 0.030 0.046 0.058 0.049 0.041 0.034 0.027 0.022 0.017 0.013 0.011 0.008 0.007 0.008 0.009 0.011 0.012 0.013 0.013 0.013 0.012 0.011 0.010 0.009 0.008 0.007 0.005 0.004 0.003 0.003 0.001 0.001 0.001 0.001 0.002 0.002 0.002 0.002 0.002 0.002 0.002 0.002 0.005 0.025 0.000 0.000 0.000 0.000 0.000 0.000 0.000 0.000 0.000 0.018 0.018 0.017 0.015 0.014 0.012 0.011 0.010 0.009 0.007 0.000
0.073 0.080 0.082 0.078 0.074 0.069 0.064 0.057 0.051 0.043 0.036 0.028 0.018 0.022 0.035 0.054 0.053 0.045 0.038 0.032 0.026 0.021 0.017 0.014 0.011 0.009 0.009 0.010 0.011 0.012 0.013 0.013 0.013 0.013 0.012 0.011 0.010 0.009 0.007 0.006 0.005 0.004 0.003 0.002 0.002 0.001 0.001 0.002 0.002 0.002 0.002 0.002 0.002 0.003 0.006 0.017 0.035 0.058 0.085 0.000 0.000 0.000 0.000 0.000 0.000 0.024 0.021 0.018 0.016 0.014 0.012 0.010 0.009 0.008 0.009 0.000 0.000
0.054 0.051 0.049 0.046 0.042 0.038 0.034 0.029 0.024 0.019 0.015 0.009 0.007 0.014 0.024 0.041 0.055 0.049 0.042 0.036 0.030 0.026 0.022 0.019 0.016 0.015 0.014 0.014 0.014 0.015 0.015 0.015 0.015 0.014 0.013 0.012 0.011 0.010 0.009 0.008 0.006 0.005 0.004 0.003 0.003 0.002 0.002 0.002 0.002 0.002 0.003 0.003 0.006 0.012 0.022 0.033 0.050 0.070 0.085 0.089 0.094 0.102 0.000 0.000 0.000 0.020 0.020 0.017 0.015 0.012 0.010 0.009 0.008 0.007 0.006 0.000 0.000
0.022 0.020 0.019 0.017 0.014 0.012 0.010 0.008 0.007 0.005 0.004 0.002 0.003 0.008 0.016 0.030 0.051 0.052 0.046 0.041 0.037 0.034 0.032 0.030 0.029 0.028 0.027 0.026 0.026 0.025 0.024 0.023 0.022 0.020 0.019 0.017 0.016 0.014 0.013 0.011 0.010 0.009 0.008 0.007 0.006 0.005 0.004 0.003 0.004 0.005 0.008 0.013 0.021 0.030 0.040 0.051 0.057 0.059 0.062 0.065 0.069 0.071 0.073 0.080 0.000 0.023 0.020 0.017 0.013 0.011 0.008 0.007 0.006 0.006 0.000 0.000 0.000
0.003 0.003 0.003 0.003 0.002 0.002 0.002 0.002 0.002 0.001 0.001 0.001 0.002 0.004 0.010 0.020 0.039 0.057 0.054 0.051 0.050 0.050 0.050 0.051 0.051 0.050 0.050 0.049 0.047 0.045 0.043 0.040 0.038 0.035 0.032 0.029 0.027 0.024 0.022 0.020 0.019 0.018 0.017 0.017 0.016 0.016 0.015 0.013 0.013 0.018 0.024 0.031 0.039 0.048 0.052 0.048 0.044 0.042 0.042 0.042 0.041 0.023 0.042 0.050 0.044 0.031 0.022 0.015 0.011 0.008 0.006 0.005 0.004 0.004 0.000 0.000 0.000
0.001 0.001 0.001 0.001 0.001 0.001 0.001 0.001 0.001 0.001 0.001 0.001 0.001 0.002 0.005 0.013 0.028 0.058 0.068 0.069 0.071 0.074 0.076 0.077 0.078 0.078 0.077 0.076 0.074 0.071 0.068 0.064 0.059 0.056 0.052 0.049 0.046 0.043 0.041 0.040 0.039 0.038 0.038 0.039 0.039 0.040 0.039 0.038 0.033 0.036 0.042 0.049 0.054 0.048 0.042 0.037 0.032 0.029 0.026 0.025 0.023 0.018 0.019 0.022 0.021 0.018 0.014 0.010 0.006 0.005 0.004 0.003 0.004 0.000 0.000 0.000 0.000
0.001 0.001 0.001 0.000 0.000 0.000 0.000 0.000 0.000 0.000 0.001 0.001 0.001 0.001 0.003 0.008 0.021 0.054 0.091 0.094 0.098 0.102 0.105 0.106 0.106 0.106 0.106 0.104 0.102 0.099 0.094 0.088 0.084 0.080 0.076 0.073 0.069 0.067 0.065 0.065 0.065 0.065 0.066 0.067 0.068 0.069 0.068 0.066 0.063 0.055 0.059 0.051 0.043 0.036 0.030 0.026 0.021 0.018 0.015 0.013 0.011 0.009 0.008 0.007 0.007 0.006 0.005 0.004 0.003 0.002 0.002 0.002 0.002 0.014 0.000 0.000 0.000
0.000 0.000 0.000 0.000 0.000 0.000 0.000 0.000 0.000 0.000 0.000 0.001 0.001 0.001 0.002 0.004 0.018 0.053 0.105 0.122 0.127 0.131 0.135 0.135 0.136 0.136 0.135 0.134 0.131 0.128 0.122 0.112 0.108 0.106 0.102 0.098 0.095 0.093 0.092 0.092 0.093 0.094 0.095 0.097 0.098 0.099 0.099 0.098 0.088 0.067 0.065 0.058 0.048 0.040 0.033 0.027 0.022 0.018 0.014 0.011 0.008 0.006 0.004 0.003 0.003 0.002 0.002 0.001 0.001 0.001 0.001 0.001 0.001 0.000 0.000 0.000 0.000
0.000 0.000 0.000 0.000 0.000 0.000 0.000 0.000 0.000 0.000 0.000 0.001 0.001 0.001 0.001 0.003 0.022 0.000 0.107 0.151 0.156 0.161 0.166 0.000 0.000 0.000 0.000 0.000 0.000 0.000 0.000 0.133 0.135 0.133 0.130 0.122 0.121 0.120 0.119 0.120 0.121 0.123 0.125 0.126 0.128 0.122 0.110 0.097 0.082 0.062 0.061 0.064 0.069 0.060 0.052 0.045 0.038 0.032 0.027 0.022 0.018 0.014 0.011 0.008 0.006 0.005 0.004 0.003 0.002 0.002 0.002 0.001 0.001 0.001 0.001 0.000 0.000
0.000 0.000 0.000 0.000 0.000 0.000 0.000 0.000 0.000 0.000 0.000 0.000 0.000 0.006 0.000 0.000 0.025 0.000 0.000 0.168 0.000 0.000 0.000 0.000 0.000 0.000 0.000 0.000 0.000 0.000 0.000 0.000 0.000 0.000 0.000 0.145 0.148 0.148 0.146 0.148 0.150 0.152 0.146 0.136 0.126 0.115 0.104 0.091 0.076 0.056 0.056 0.058 0.061 0.067 0.069 0.061 0.054 0.047 0.040 0.034 0.029 0.024 0.019 0.016 0.012 0.010 0.007 0.006 0.004 0.003 0.003 0.002 0.002 0.001 0.001 0.001 0.001
0.000 0.000 0.000 0.000 0.000 0.000 0.000 0.000 0.000 0.000 0.000 0.000 0.000 0.000 0.000 0.000 0.000 0.000 0.000 0.000 0.000 0.000 0.000 0.000 0.000 0.000 0.000 0.000 0.000 0.000 0.000 0.000 0.000 0.000 0.000 0.000 0.000 0.000 0.173 0.169 0.160 0.150 0.138 0.129 0.119 0.108 0.097 0.084 0.069 0.052 0.051 0.052 0.054 0.058 0.063 0.069 0.069 0.061 0.054 0.047 0.041 0.035 0.030 0.025 0.020 0.016 0.013 0.010 0.008 0.006 0.005 0.004 0.003 0.002 0.002 0.001 0.001
0.000 0.000 0.000 0.000 0.000 0.000 0.000 0.000 0.000 0.000 0.000 0.000 0.000 0.000 0.000 0.000 0.000 0.000 0.000 0.000 0.000 0.000 0.000 0.000 0.000 0.000 0.000 0.000 0.000 0.000 0.000 0.000 0.000 0.000 0.000 0.000 0.000 0.000 0.000 0.000 0.000 0.000 0.129 0.121 0.111 0.100 0.089 0.077 0.061 0.047 0.046 0.045 0.047 0.049 0.053 0.059 0.065 0.071 0.068 0.061 0.054 0.047 0.041 0.035 0.030 0.025 0.020 0.016 0.013 0.010 0.008 0.006 0.005 0.004 0.003 0.003 0.002
0.000 0.000 0.000 0.000 0.000 0.000 0.000 0.000 0.000 0.000 0.000 0.000 0.000 0.000 0.000 0.000 0.000 0.000 0.000 0.000 0.000 0.000 0.000 0.000 0.000 0.000 0.000 0.000 0.000 0.000 0.000 0.000 0.000 0.000 0.000 0.000 0.000 0.000 0.000 0.000 0.000 0.000 0.000 0.000 0.000 0.090 0.081 0.069 0.051 0.039 0.038 0.038 0.039 0.041 0.044 0.049 0.054 0.060 0.067 0.074 0.068 0.060 0.053 0.047 0.040 0.035 0.029 0.025 0.020 0.017 0.013 0.011 0.009 0.007 0.006 0.005 0.004
0.000 0.000 0.000 0.000 0.000 0.000 0.000 0.000 0.000 0.000 0.000 0.000 0.000 0.000 0.000 0.000 0.000 0.000 0.000 0.000 0.000 0.000 0.000 0.000 0.000 0.000 0.000 0.000 0.000 0.000 0.000 0.000 0.000 0.000 0.000 0.000 0.000 0.000 0.000 0.000 0.000 0.000 0.000 0.000 0.000 0.000 0.000 0.000 0.035 0.030 0.029 0.029 0.030 0.033 0.035 0.039 0.044 0.049 0.055 0.062 0.069 0.073 0.066 0.059 0.052 0.046 0.040 0.034 0.029 0.025 0.021 0.018 0.015 0.013 0.011 0.009 0.008
0.000 0.000 0.000 0.000 0.000 0.000 0.000 0.000 0.000 0.000 0.000 0.000 0.000 0.000 0.000 0.000 0.000 0.000 0.000 0.000 0.000 0.000 0.000 0.000 0.000 0.000 0.000 0.000 0.000 0.000 0.000 0.000 0.000 0.000 0.000 0.000 0.000 0.000 0.000 0.000 0.000 0.000 0.000 0.000 0.000 0.000 0.000 0.000 0.000 0.000 0.015 0.019 0.022 0.025 0.026 0.029 0.034 0.039 0.044 0.050 0.056 0.063 0.070 0.071 0.064 0.058 0.051 0.046 0.041 0.036 0.033 0.030 0.027 0.024 0.021 0.018 0.015
0.000 0.000 0.000 0.000 0.000 0.000 0.000 0.000 0.000 0.000 0.000 0.000 0.000 0.000 0.000 0.000 0.000 0.000 0.000 0.000 0.000 0.000 0.000 0.000 0.000 0.000 0.000 0.000 0.000 0.000 0.000 0.000 0.000 0.000 0.000 0.000 0.000 0.000 0.000 0.000 0.000 0.000 0.000 0.000 0.000 0.000 0.000 0.000 0.000 0.000 0.000 0.000 0.000 0.000 0.013 0.019 0.024 0.030 0.033 0.038 0.044 0.051 0.057 0.065 0.072 0.070 0.064 0.059 0.055 0.052 0.049 0.047 0.044 0.040 0.037 0.032 0.028
0.000 0.000 0.000 0.000 0.000 0.000 0.000 0.000 0.000 0.000 0.000 0.000 0.000 0.000 0.000 0.000 0.000 0.000 0.000 0.000 0.000 0.000 0.000 0.000 0.000 0.000 0.000 0.000 0.000 0.000 0.000 0.000 0.000 0.000 0.000 0.000 0.000 0.000 0.000 0.000 0.000 0.000 0.000 0.000 0.000 0.000 0.000 0.000 0.000 0.000 0.000 0.000 0.000 0.000 0.000 0.000 0.000 0.000 0.020 0.026 0.032 0.038 0.045 0.052 0.059 0.067 0.076 0.075 0.073 0.072 0.070 0.068 0.065 0.061 0.055 0.049 0.043
0.000 0.000 0.000 0.000 0.000 0.000 0.000 0.000 0.000 0.000 0.000 0.000 0.000 0.000 0.000 0.000 0.000 0.000 0.000 0.000 0.000 0.000 0.000 0.000 0.000 0.000 0.000 0.000 0.000 0.000 0.000 0.000 0.000 0.000 0.000 0.000 0.000 0.000 0.000 0.000 0.000 0.000 0.000 0.000 0.000 0.000 0.000 0.000 0.000 0.000 0.000 0.000 0.000 0.000 0.000 0.000 0.000 0.000 0.000 0.014 0.020 0.027 0.033 0.040 0.047 0.055 0.065 0.079 0.094 0.095 0.094 0.092 0.089 0.084 0.075 0.067 0.058
0.000 0.000 0.000 0.000 0.000 0.000 0.000 0.000 0.000 0.000 0.000 0.000 0.000 0.000 0.000 0.000 0.000 0.000 0.000 0.000 0.000 0.000 0.000 0.000 0.000 0.000 0.000 0.000 0.000 0.000 0.000 0.000 0.000 0.000 0.000 0.000 0.000 0.000 0.000 0.000 0.000 0.000 0.000 0.000 0.000 0.000 0.000 0.000 0.000 0.000 0.000 0.000 0.000 0.000 0.000 0.000 0.000 0.000 0.000 0.005 0.010 0.016 0.021 0.028 0.035 0.043 0.054 0.070 0.090 0.110 0.120 0.119 0.115 0.108 0.092 0.082 0.072
0.000 0.000 0.000 0.000 0.000 0.000 0.000 0.000 0.000 0.000 0.000 0.000 0.000 0.000 0.000 0.000 0.000 0.000 0.000 0.000 0.000 0.000 0.000 0.000 0.000 0.000 0.000 0.000 0.000 0.000 0.000 0.000 0.000 0.000 0.000 0.000 0.000 0.000 0.000 0.000 0.000 0.000 0.000 0.000 0.000 0.000 0.000 0.000 0.000 0.000 0.000 0.000 0.000 0.000 0.000 0.000 0.000 0.000 0.000 0.001 0.003 0.006 0.011 0.016 0.023 0.032 0.045 0.064 0.086 0.109 0.000 0.000 0.000 0.000 0.100 0.098 0.083
0.000 0.000 0.000 0.000 0.000 0.000 0.000 0.000 0.000 0.000 0.000 0.000 0.000 0.000 0.000 0.000 0.000 0.000 0.000 0.000 0.000 0.000 0.000 0.000 0.000 0.000 0.000 0.000 0.000 0.000 0.000 0.000 0.000 0.000 0.000 0.000 0.000 0.000 0.000 0.000 0.000 0.000 0.000 0.000 0.000 0.000 0.000 0.000 0.000 0.000 0.000 0.000 0.000 0.000 0.000 0.000 0.000 0.000 0.000 0.001 0.001 0.001 0.002 0.006 0.012 0.021 0.037 0.060 0.084 0.000 0.000 0.000 0.000 0.000 0.000 0.000 0.085
0.000 0.000 0.000 0.000 0.000 0.000 0.000 0.000 0.000 0.000 0.000 0.000 0.000 0.000 0.000 0.000 0.000 0.000 0.000 0.000 0.000 0.000 0.000 0.000 0.000 0.000 0.000 0.000 0.000 0.000 0.000 0.000 0.000 0.000 0.000 0.000 0.000 0.000 0.000 0.000 0.000 0.000 0.000 0.000 0.000 0.000 0.000 0.000 0.000 0.000 0.000 0.000 0.000 0.000 0.000 0.000 0.000 0.000 0.000 0.000 0.001 0.001 0.001 0.001 0.005 0.013 0.031 0.056 0.000 0.000 0.000 0.000 0.000 0.000 0.000 0.000 0.000
0.000 0.000 0.000 0.000 0.000 0.000 0.000 0.000 0.000 0.000 0.000 0.000 0.000 0.000 0.000 0.000 0.000 0.000 0.000 0.000 0.000 0.000 0.000 0.000 0.000 0.000 0.000 0.000 0.000 0.000 0.000 0.000 0.000 0.000 0.000 0.000 0.000 0.000 0.000 0.000 0.000 0.000 0.000 0.000 0.000 0.000 0.000 0.000 0.000 0.000 0.000 0.000 0.000 0.000 0.000 0.000 0.000 0.000 0.000 0.000 0.000 0.001 0.001 0.001 0.001 0.007 0.026 0.052 0.000 0.000 0.000 0.000 0.000 0.000 0.000 0.000 0.000
0.000 0.000 0.000 0.000 0.000 0.000 0.000 0.000 0.000 0.000 0.000 0.000 0.000 0.000 0.000 0.000 0.000 0.000 0.000 0.000 0.000 0.000 0.000 0.000 0.000 0.000 0.000 0.000 0.000 0.000 0.000 0.000 0.000 0.000 0.000 0.000 0.000 0.000 0.000 0.000 0.000 0.000 0.000 0.000 0.000 0.000 0.000 0.000 0.000 0.000 0.000 0.000 0.000 0.000 0.000 0.000 0.000 0.000 0.000 0.000 0.000 0.000 0.000 0.001 0.001 0.002 0.022 0.000 0.000 0.000 0.000 0.000 0.000 0.000 0.000 0.000 0.000
0.000 0.000 0.000 0.000 0.000 0.000 0.000 0.000 0.000 0.000 0.000 0.000 0.000 0.000 0.000 0.000 0.000 0.000 0.000 0.000 0.000 0.000 0.000 0.000 0.000 0.000 0.000 0.000 0.000 0.000 0.000 0.000 0.000 0.000 0.000 0.000 0.000 0.000 0.000 0.000 0.000 0.000 0.000 0.000 0.000 0.000 0.000 0.000 0.000 0.000 0.000 0.000 0.000 0.000 0.000 0.000 0.000 0.000 0.000 0.000 0.000 0.000 0.000 0.001 0.001 0.005 0.035 0.000 0.000 0.000 0.000 0.000 0.000 0.000 0.000 0.000 0.000
0.000 0.000 0.000 0.000 0.000 0.000 0.000 0.000 0.000 0.000 0.000 0.000 0.000 0.000 0.000 0.000 0.000 0.000 0.000 0.000 0.000 0.000 0.000 0.000 0.000 0.000 0.000 0.000 0.000 0.000 0.000 0.000 0.000 0.000 0.000 0.000 0.000 0.000 0.000 0.000 0.000 0.000 0.000 0.000 0.000 0.000 0.000 0.000 0.000 0.000 0.000 0.000 0.000 0.000 0.000 0.000 0.000 0.000 0.000 0.000 0.000 0.000 0.000 0.001 0.001 0.005 0.000 0.000 0.000 0.000 0.000 0.000 0.000 0.000 0.000 0.000 0.000
0.000 0.000 0.000 0.000 0.000 0.000 0.000 0.000 0.000 0.000 0.000 0.000 0.000 0.000 0.000 0.000 0.000 0.000 0.000 0.000 0.000 0.000 0.000 0.000 0.000 0.000 0.000 0.000 0.000 0.000 0.000 0.000 0.000 0.000 0.000 0.000 0.000 0.000 0.000 0.000 0.000 0.000 0.000 0.000 0.000 0.000 0.000 0.000 0.000 0.000 0.000 0.000 0.000 0.000 0.000 0.000 0.000 0.000 0.000 0.000 0.000 0.000 0.000 0.001 0.001 0.006 0.000 0.000 0.000 0.000 0.000 0.000 0.000 0.000 0.000 0.000 0.000
