数据/100y_1h/100y_1h_res/100y_1h_131-0001.wd
ncols         694
nrows         824
xllcorner     581104.939801
yllcorner     3495917.092414
cellsize      2.000000
NODATA_value  -9999.000000
[rows 442 to 475 of 824, columns 385 to 461 of 694]
0.000 0.000 0.000 0.025 0.020 0.015 0.010 0.005 0.002 0.001 0.001 0.001 0.001 0.001 0.001 0.001 0.001 0.001 0.001 0.001 0.001 0.002 0.002 0.003 0.003 0.004 0.005 0.009 0.016 0.025 0.028 0.028 0.028 0.029 0.000 0.000 0.000 0.000 0.000 0.000 0.000 0.000 0.000 0.000 0.000 0.000 0.000 0.000 0.000 0.000 0.000 0.000 0.000 0.000 0.001 0.010 0.018 0.025 0.032 0.039 0.046 0.054 0.061 0.068 0.075 0.083 0.090 0.097 0.104 0.111 0.000 0.000 0.000 0.000 0.000 0.000 0.000
0.000 0.000 0.000 0.000 0.000 0.026 0.021 0.015 0.010 0.005 0.002 0.001 0.001 0.001 0.001 0.001 0.001 0.001 0.001 0.001 0.001 0.001 0.002 0.002 0.003 0.003 0.005 0.009 0.017 0.025 0.027 0.027 0.028 0.028 0.000 0.000 0.000 0.000 0.000 0.000 0.000 0.000 0.000 0.000 0.000 0.000 0.000 0.000 0.000 0.000 0.000 0.000 0.000 0.008 0.016 0.023 0.031 0.038 0.045 0.052 0.060 0.066 0.074 0.081 0.088 0.095 0.103 0.110 0.117 0.124 0.131 0.133 0.000 0.000 0.000 0.000 0.000
0.000 0.000 0.000 0.000 0.000 0.000 0.000 0.025 0.020 0.015 0.010 0.005 0.002 0.001 0.001 0.001 0.001 0.001 0.001 0.001 0.001 0.001 0.002 0.002 0.003 0.003 0.005 0.009 0.017 0.025 0.025 0.025 0.026 0.000 0.000 0.000 0.000 0.000 0.000 0.000 0.000 0.000 0.000 0.000 0.000 0.000 0.000 0.000 0.000 0.000 0.000 0.000 0.009 0.020 0.029 0.036 0.044 0.051 0.058 0.065 0.072 0.080 0.086 0.094 0.102 0.108 0.116 0.123 0.130 0.137 0.144 0.141 0.136 0.131 0.127 0.000 0.000
0.000 0.000 0.000 0.000 0.000 0.000 0.000 0.000 0.027 0.025 0.020 0.015 0.010 0.006 0.002 0.001 0.001 0.001 0.001 0.001 0.001 0.001 0.001 0.002 0.002 0.003 0.004 0.008 0.016 0.023 0.023 0.024 0.024 0.000 0.000 0.000 0.000 0.000 0.000 0.000 0.000 0.000 0.000 0.000 0.000 0.000 0.000 0.000 0.000 0.000 0.000 0.002 0.013 0.000 0.000 0.000 0.000 0.064 0.000 0.000 0.086 0.092 0.100 0.107 0.114 0.121 0.129 0.136 0.142 0.151 0.152 0.148 0.143 0.139 0.134 0.129 0.125
0.000 0.000 0.000 0.000 0.000 0.000 0.000 0.000 0.000 0.000 0.026 0.024 0.021 0.016 0.011 0.006 0.003 0.002 0.001 0.001 0.001 0.001 0.001 0.001 0.002 0.003 0.004 0.007 0.016 0.021 0.021 0.021 0.021 0.000 0.000 0.000 0.000 0.000 0.000 0.000 0.000 0.000 0.000 0.000 0.000 0.000 0.000 0.000 0.000 0.000 0.006 0.015 0.023 0.000 0.000 0.000 0.000 0.000 0.000 0.000 0.000 0.000 0.000 0.000 0.128 0.135 0.142 0.149 0.156 0.163 0.161 0.156 0.151 0.147 0.142 0.137 0.132
0.000 0.000 0.000 0.000 0.000 0.000 0.000 0.000 0.000 0.000 0.000 0.028 0.026 0.023 0.020 0.016 0.010 0.006 0.003 0.002 0.001 0.001 0.001 0.001 0.001 0.002 0.004 0.007 0.014 0.018 0.019 0.018 0.017 0.014 0.011 0.010 0.000 0.000 0.000 0.000 0.000 0.000 0.000 0.000 0.000 0.000 0.000 0.000 0.000 0.000 0.000 0.000 0.000 0.000 0.000 0.000 0.000 0.000 0.000 0.000 0.000 0.000 0.000 0.000 0.000 0.000 0.000 0.000 0.170 0.172 0.168 0.163 0.158 0.154 0.150 0.145 0.140
0.000 0.000 0.000 0.000 0.000 0.000 0.000 0.000 0.000 0.000 0.000 0.000 0.000 0.027 0.024 0.021 0.018 0.015 0.009 0.005 0.002 0.001 0.001 0.001 0.001 0.002 0.003 0.006 0.012 0.015 0.016 0.016 0.014 0.012 0.009 0.007 0.005 0.004 0.003 0.003 0.000 0.000 0.000 0.000 0.000 0.000 0.000 0.000 0.000 0.000 0.000 0.000 0.000 0.000 0.000 0.000 0.000 0.000 0.000 0.000 0.000 0.000 0.000 0.000 0.000 0.000 0.000 0.000 0.000 0.000 0.000 0.171 0.166 0.161 0.157 0.152 0.148
0.000 0.000 0.000 0.000 0.000 0.000 0.000 0.000 0.000 0.000 0.000 0.000 0.000 0.000 0.000 0.024 0.021 0.018 0.015 0.011 0.007 0.003 0.002 0.001 0.001 0.001 0.003 0.005 0.000 0.011 0.013 0.012 0.011 0.008 0.008 0.007 0.006 0.005 0.004 0.004 0.003 0.002 0.002 0.000 0.000 0.000 0.000 0.000 0.000 0.000 0.000 0.000 0.000 0.000 0.000 0.000 0.000 0.000 0.000 0.000 0.000 0.000 0.000 0.000 0.000 0.000 0.000 0.000 0.000 0.000 0.000 0.000 0.000 0.000 0.000 0.159 0.154
0.000 0.000 0.000 0.000 0.000 0.000 0.000 0.000 0.000 0.000 0.000 0.000 0.000 0.000 0.000 0.000 0.024 0.022 0.017 0.013 0.009 0.006 0.004 0.003 0.002 0.002 0.002 0.004 0.007 0.009 0.009 0.008 0.009 0.008 0.008 0.007 0.007 0.006 0.005 0.004 0.004 0.003 0.003 0.002 0.002 0.002 0.002 0.000 0.000 0.000 0.000 0.000 0.000 0.000 0.000 0.000 0.000 0.000 0.000 0.000 0.000 0.000 0.000 0.000 0.000 0.000 0.000 0.000 0.000 0.000 0.000 0.000 0.000 0.000 0.000 0.000 0.000
0.000 0.000 0.000 0.000 0.000 0.000 0.000 0.000 0.000 0.000 0.000 0.000 0.000 0.000 0.000 0.000 0.000 0.000 0.016 0.013 0.010 0.008 0.005 0.004 0.003 0.003 0.002 0.003 0.006 0.006 0.007 0.008 0.008 0.008 0.008 0.008 0.007 0.007 0.006 0.005 0.005 0.004 0.004 0.003 0.003 0.003 0.002 0.002 0.002 0.002 0.002 0.002 0.002 0.001 0.000 0.000 0.000 0.000 0.000 0.000 0.000 0.000 0.000 0.000 0.000 0.000 0.000 0.000 0.000 0.000 0.000 0.000 0.000 0.000 0.000 0.000 0.000
0.000 0.000 0.000 0.000 0.000 0.000 0.000 0.000 0.000 0.000 0.000 0.000 0.000 0.000 0.000 0.000 0.000 0.000 0.015 0.013 0.011 0.008 0.006 0.002 0.003 0.003 0.003 0.003 0.004 0.006 0.007 0.008 0.008 0.009 0.009 0.008 0.008 0.007 0.007 0.006 0.006 0.005 0.005 0.004 0.004 0.003 0.003 0.003 0.002 0.002 0.002 0.002 0.002 0.002 0.002 0.001 0.000 0.000 0.000 0.000 0.000 0.000 0.000 0.000 0.000 0.000 0.000 0.000 0.000 0.000 0.000 0.000 0.000 0.000 0.000 0.000 0.000
0.000 0.000 0.000 0.000 0.000 0.000 0.000 0.000 0.000 0.000 0.000 0.000 0.000 0.000 0.000 0.000 0.000 0.000 0.015 0.013 0.011 0.009 0.006 0.004 0.004 0.004 0.003 0.002 0.000 0.005 0.007 0.008 0.009 0.010 0.010 0.009 0.009 0.008 0.008 0.007 0.007 0.006 0.006 0.005 0.005 0.003 0.003 0.003 0.003 0.003 0.003 0.003 0.003 0.002 0.002 0.002 0.002 0.002 0.001 0.000 0.000 0.000 0.000 0.000 0.000 0.000 0.000 0.000 0.000 0.000 0.000 0.000 0.000 0.000 0.000 0.000 0.000
0.000 0.000 0.000 0.000 0.000 0.000 0.000 0.000 0.000 0.000 0.000 0.000 0.000 0.000 0.000 0.000 0.000 0.000 0.014 0.013 0.011 0.009 0.007 0.005 0.004 0.004 0.003 0.002 0.003 0.005 0.006 0.008 0.009 0.010 0.010 0.010 0.010 0.010 0.010 0.009 0.008 0.008 0.007 0.007 0.006 0.005 0.004 0.004 0.004 0.004 0.003 0.003 0.003 0.003 0.003 0.002 0.002 0.002 0.002 0.002 0.002 0.001 0.000 0.000 0.000 0.000 0.000 0.000 0.000 0.000 0.000 0.000 0.000 0.000 0.000 0.000 0.000
0.000 0.000 0.000 0.000 0.000 0.000 0.000 0.000 0.000 0.000 0.000 0.000 0.000 0.000 0.000 0.000 0.000 0.012 0.013 0.012 0.011 0.009 0.007 0.006 0.005 0.004 0.003 0.003 0.003 0.004 0.006 0.007 0.008 0.009 0.010 0.010 0.010 0.011 0.011 0.010 0.010 0.010 0.010 0.009 0.008 0.007 0.006 0.006 0.005 0.005 0.004 0.004 0.004 0.003 0.003 0.003 0.003 0.003 0.003 0.002 0.002 0.002 0.002 0.002 0.002 0.003 0.001 0.000 0.000 0.000 0.000 0.000 0.000 0.000 0.000 0.000 0.000
0.000 0.000 0.000 0.000 0.000 0.000 0.000 0.000 0.000 0.000 0.000 0.000 0.000 0.000 0.000 0.000 0.000 0.013 0.013 0.012 0.011 0.009 0.008 0.007 0.005 0.005 0.003 0.003 0.003 0.004 0.006 0.007 0.008 0.009 0.009 0.010 0.010 0.011 0.011 0.011 0.011 0.011 0.011 0.010 0.010 0.010 0.009 0.008 0.008 0.007 0.006 0.005 0.005 0.005 0.004 0.004 0.004 0.004 0.003 0.003 0.003 0.003 0.003 0.003 0.004 0.004 0.002 0.001 0.000 0.000 0.000 0.000 0.000 0.000 0.000 0.000 0.000
0.000 0.000 0.000 0.000 0.000 0.000 0.000 0.000 0.000 0.000 0.000 0.000 0.000 0.000 0.000 0.000 0.000 0.014 0.013 0.012 0.011 0.010 0.008 0.007 0.006 0.005 0.002 0.003 0.003 0.004 0.005 0.007 0.008 0.008 0.009 0.010 0.010 0.011 0.011 0.011 0.011 0.012 0.012 0.011 0.011 0.011 0.011 0.010 0.010 0.009 0.009 0.008 0.008 0.007 0.006 0.006 0.005 0.005 0.005 0.005 0.005 0.005 0.006 0.007 0.011 0.006 0.003 0.002 0.000 0.000 0.000 0.000 0.000 0.000 0.000 0.000 0.000
0.000 0.000 0.000 0.000 0.000 0.000 0.000 0.000 0.000 0.000 0.000 0.000 0.000 0.000 0.000 0.000 0.000 0.014 0.013 0.012 0.011 0.010 0.009 0.007 0.006 0.004 0.003 0.003 0.004 0.005 0.005 0.006 0.007 0.008 0.009 0.010 0.010 0.011 0.011 0.012 0.012 0.013 0.013 0.013 0.012 0.012 0.012 0.012 0.011 0.011 0.011 0.010 0.010 0.010 0.009 0.009 0.009 0.009 0.009 0.009 0.010 0.012 0.014 0.018 0.017 0.011 0.002 0.001 0.000 0.000 0.000 0.000 0.000 0.000 0.000 0.000 0.000
0.000 0.000 0.000 0.000 0.000 0.000 0.000 0.000 0.000 0.000 0.000 0.000 0.000 0.000 0.000 0.000 0.013 0.014 0.013 0.012 0.011 0.010 0.009 0.008 0.006 0.003 0.003 0.003 0.004 0.005 0.005 0.006 0.007 0.008 0.009 0.010 0.010 0.012 0.012 0.013 0.014 0.014 0.014 0.014 0.014 0.014 0.014 0.014 0.013 0.013 0.013 0.012 0.012 0.012 0.012 0.012 0.013 0.014 0.016 0.019 0.022 0.024 0.027 0.030 0.021 0.011 0.003 0.003 0.002 0.002 0.001 0.000 0.000 0.000 0.000 0.000 0.000
0.000 0.000 0.000 0.000 0.000 0.000 0.000 0.000 0.000 0.000 0.000 0.000 0.000 0.000 0.000 0.000 0.016 0.015 0.014 0.013 0.012 0.011 0.009 0.008 0.006 0.003 0.003 0.004 0.004 0.005 0.005 0.006 0.007 0.008 0.009 0.010 0.012 0.014 0.015 0.016 0.016 0.017 0.017 0.017 0.017 0.017 0.016 0.016 0.016 0.015 0.015 0.015 0.015 0.015 0.015 0.016 0.018 0.020 0.023 0.027 0.031 0.034 0.037 0.037 0.042 0.036 0.028 0.021 0.016 0.011 0.008 0.005 0.003 0.002 0.002 0.001 0.000
0.000 0.000 0.000 0.000 0.000 0.000 0.000 0.000 0.000 0.000 0.000 0.000 0.000 0.000 0.000 0.000 0.018 0.017 0.015 0.014 0.013 0.011 0.010 0.008 0.005 0.004 0.004 0.004 0.004 0.005 0.006 0.006 0.007 0.008 0.009 0.012 0.016 0.019 0.020 0.020 0.020 0.020 0.020 0.020 0.020 0.019 0.019 0.019 0.019 0.018 0.018 0.018 0.018 0.019 0.020 0.022 0.024 0.028 0.032 0.036 0.039 0.038 0.035 0.032 0.035 0.039 0.042 0.044 0.046 0.038 0.030 0.023 0.017 0.012 0.008 0.005 0.004
0.098 0.096 0.094 0.000 0.000 0.000 0.000 0.000 0.000 0.000 0.000 0.000 0.000 0.000 0.000 0.022 0.021 0.019 0.018 0.016 0.014 0.012 0.010 0.008 0.005 0.004 0.004 0.004 0.005 0.005 0.006 0.006 0.007 0.009 0.012 0.017 0.023 0.028 0.027 0.024 0.024 0.024 0.024 0.024 0.023 0.023 0.022 0.022 0.022 0.022 0.022 0.022 0.023 0.024 0.026 0.029 0.032 0.036 0.040 0.041 0.038 0.036 0.033 0.028 0.030 0.033 0.035 0.038 0.041 0.044 0.046 0.049 0.047 0.038 0.030 0.023 0.017
0.103 0.100 0.097 0.093 0.090 0.088 0.000 0.000 0.000 0.000 0.000 0.000 0.000 0.000 0.000 0.027 0.025 0.023 0.021 0.019 0.016 0.014 0.011 0.009 0.005 0.005 0.005 0.005 0.005 0.005 0.006 0.007 0.008 0.012 0.018 0.025 0.032 0.038 0.000 0.025 0.028 0.030 0.030 0.027 0.027 0.027 0.026 0.026 0.026 0.026 0.026 0.027 0.028 0.030 0.033 0.036 0.041 0.042 0.040 0.038 0.036 0.034 0.031 0.026 0.026 0.027 0.029 0.031 0.034 0.037 0.039 0.042 0.045 0.047 0.050 0.052 0.047
0.107 0.105 0.102 0.097 0.094 0.092 0.087 0.084 0.081 0.078 0.000 0.000 0.000 0.000 0.000 0.032 0.029 0.027 0.024 0.021 0.018 0.015 0.013 0.009 0.006 0.006 0.005 0.006 0.006 0.006 0.006 0.008 0.012 0.019 0.026 0.033 0.041 0.000 0.000 0.000 0.000 0.000 0.000 0.028 0.031 0.032 0.029 0.030 0.031 0.031 0.031 0.032 0.034 0.037 0.040 0.043 0.041 0.040 0.038 0.036 0.034 0.032 0.028 0.024 0.023 0.023 0.024 0.026 0.028 0.030 0.032 0.035 0.037 0.040 0.042 0.045 0.048
0.000 0.000 0.000 0.101 0.099 0.096 0.091 0.088 0.085 0.081 0.076 0.072 0.069 0.000 0.000 0.037 0.034 0.031 0.027 0.024 0.020 0.017 0.013 0.009 0.007 0.007 0.006 0.006 0.006 0.007 0.008 0.012 0.018 0.026 0.034 0.000 0.000 0.000 0.000 0.000 0.000 0.000 0.000 0.000 0.000 0.000 0.031 0.035 0.037 0.037 0.035 0.037 0.041 0.044 0.042 0.040 0.038 0.037 0.035 0.033 0.031 0.029 0.026 0.022 0.020 0.020 0.021 0.021 0.023 0.024 0.026 0.028 0.030 0.032 0.035 0.037 0.040
0.000 0.000 0.000 0.000 0.000 0.000 0.095 0.093 0.089 0.086 0.080 0.076 0.071 0.063 0.054 0.045 0.039 0.034 0.029 0.025 0.022 0.018 0.014 0.009 0.008 0.007 0.007 0.007 0.007 0.008 0.011 0.018 0.026 0.034 0.000 0.000 0.000 0.000 0.000 0.000 0.000 0.000 0.000 0.000 0.000 0.000 0.000 0.000 0.000 0.000 0.038 0.044 0.043 0.041 0.038 0.036 0.035 0.033 0.032 0.030 0.028 0.026 0.024 0.020 0.017 0.017 0.017 0.018 0.018 0.019 0.020 0.022 0.023 0.025 0.027 0.030 0.032
0.000 0.000 0.000 0.000 0.000 0.000 0.000 0.000 0.000 0.000 0.083 0.080 0.075 0.068 0.057 0.048 0.041 0.035 0.031 0.026 0.022 0.018 0.014 0.009 0.008 0.007 0.007 0.007 0.008 0.010 0.016 0.024 0.033 0.000 0.000 0.000 0.000 0.000 0.000 0.000 0.000 0.000 0.000 0.000 0.000 0.000 0.000 0.000 0.000 0.000 0.000 0.000 0.000 0.000 0.032 0.032 0.031 0.029 0.028 0.027 0.025 0.023 0.021 0.017 0.015 0.014 0.014 0.014 0.014 0.015 0.015 0.016 0.017 0.019 0.021 0.022 0.025
0.000 0.000 0.000 0.000 0.000 0.000 0.000 0.000 0.000 0.000 0.000 0.000 0.000 0.000 0.055 0.047 0.041 0.035 0.031 0.026 0.022 0.018 0.013 0.009 0.000 0.006 0.007 0.008 0.010 0.014 0.022 0.030 0.000 0.000 0.000 0.000 0.000 0.000 0.000 0.000 0.000 0.000 0.000 0.000 0.000 0.000 0.000 0.000 0.000 0.000 0.000 0.000 0.000 0.000 0.000 0.000 0.000 0.023 0.024 0.023 0.022 0.019 0.017 0.015 0.012 0.011 0.011 0.011 0.011 0.011 0.011 0.012 0.012 0.013 0.014 0.016 0.017
0.000 0.000 0.000 0.000 0.000 0.000 0.000 0.000 0.000 0.000 0.000 0.000 0.000 0.000 0.000 0.041 0.038 0.034 0.030 0.026 0.022 0.017 0.012 0.009 0.008 0.008 0.008 0.009 0.013 0.020 0.028 0.036 0.000 0.000 0.000 0.000 0.000 0.000 0.000 0.000 0.000 0.000 0.000 0.000 0.000 0.000 0.000 0.000 0.000 0.000 0.000 0.000 0.000 0.000 0.000 0.000 0.000 0.000 0.000 0.000 0.000 0.013 0.013 0.011 0.008 0.008 0.008 0.008 0.007 0.007 0.007 0.008 0.008 0.008 0.009 0.010 0.011
0.000 0.000 0.000 0.000 0.000 0.000 0.000 0.000 0.000 0.000 0.000 0.000 0.000 0.000 0.032 0.035 0.034 0.032 0.028 0.025 0.021 0.016 0.011 0.010 0.009 0.009 0.010 0.012 0.018 0.026 0.035 0.043 0.000 0.000 0.000 0.000 0.000 0.000 0.000 0.000 0.000 0.000 0.000 0.000 0.000 0.000 0.000 0.000 0.000 0.000 0.000 0.000 0.000 0.000 0.000 0.000 0.000 0.000 0.000 0.000 0.000 0.000 0.000 0.000 0.002 0.002 0.003 0.003 0.003 0.003 0.003 0.003 0.004 0.004 0.004 0.004 0.005
0.000 0.000 0.000 0.000 0.000 0.000 0.000 0.000 0.000 0.000 0.000 0.000 0.000 0.000 0.033 0.033 0.032 0.029 0.027 0.023 0.019 0.015 0.010 0.010 0.010 0.010 0.012 0.017 0.025 0.033 0.042 0.051 0.000 0.000 0.000 0.000 0.000 0.000 0.000 0.000 0.000 0.000 0.000 0.000 0.000 0.000 0.000 0.000 0.000 0.000 0.000 0.000 0.000 0.000 0.000 0.000 0.000 0.000 0.000 0.000 0.000 0.000 0.000 0.000 0.000 0.000 0.000 0.000 0.001 0.001 0.001 0.001 0.001 0.001 0.001 0.001 0.001
0.000 0.000 0.000 0.000 0.000 0.000 0.000 0.000 0.000 0.000 0.000 0.000 0.000 0.000 0.032 0.031 0.030 0.028 0.025 0.022 0.018 0.013 0.011 0.011 0.011 0.012 0.016 0.023 0.031 0.040 0.048 0.000 0.000 0.000 0.000 0.000 0.000 0.000 0.000 0.000 0.000 0.000 0.000 0.000 0.000 0.000 0.000 0.000 0.000 0.000 0.000 0.000 0.000 0.000 0.000 0.000 0.000 0.000 0.000 0.000 0.000 0.000 0.000 0.000 0.000 0.000 0.000 0.000 0.000 0.000 0.000 0.001 0.001 0.001 0.001 0.001 0.001
0.000 0.000 0.000 0.000 0.000 0.000 0.000 0.000 0.000 0.000 0.000 0.000 0.000 0.000 0.031 0.030 0.028 0.026 0.024 0.021 0.017 0.012 0.011 0.012 0.013 0.016 0.022 0.030 0.038 0.046 0.055 0.000 0.000 0.000 0.000 0.000 0.000 0.000 0.000 0.000 0.000 0.000 0.000 0.000 0.000 0.000 0.000 0.000 0.000 0.000 0.000 0.000 0.000 0.000 0.000 0.000 0.000 0.000 0.000 0.000 0.000 0.000 0.000 0.000 0.000 0.000 0.000 0.000 0.000 0.000 0.000 0.000 0.000 0.000 0.000 0.000 0.000
0.000 0.000 0.000 0.000 0.000 0.000 0.000 0.000 0.000 0.000 0.000 0.000 0.000 0.026 0.028 0.028 0.027 0.025 0.023 0.020 0.016 0.011 0.012 0.013 0.015 0.021 0.028 0.036 0.045 0.053 0.062 0.000 0.000 0.000 0.000 0.000 0.000 0.000 0.000 0.000 0.000 0.000 0.000 0.000 0.000 0.000 0.000 0.000 0.000 0.000 0.000 0.000 0.000 0.000 0.000 0.000 0.000 0.000 0.000 0.000 0.000 0.000 0.000 0.000 0.000 0.000 0.000 0.000 0.000 0.000 0.000 0.000 0.000 0.000 0.000 0.000 0.000
0.000 0.000 0.000 0.000 0.000 0.000 0.000 0.000 0.000 0.000 0.000 0.000 0.000 0.027 0.027 0.027 0.026 0.024 0.022 0.019 0.015 0.012 0.013 0.015 0.019 0.026 0.034 0.043 0.051 0.060 0.000 0.000 0.000 0.000 0.000 0.000 0.000 0.000 0.000 0.000 0.000 0.000 0.000 0.000 0.000 0.000 0.000 0.000 0.000 0.000 0.000 0.000 0.000 0.000 0.000 0.000 0.000 0.000 0.000 0.000 0.000 0.000 0.000 0.000 0.000 0.000 0.000 0.000 0.000 0.000 0.000 0.000 0.000 0.000 0.000 0.000 0.000
