数据/100y_1h/100y_1h_res/100y_1h_87-0001.wd
ncols         694
nrows         824
xllcorner     581104.939801
yllcorner     3495917.092414
cellsize      2.000000
NODATA_value  -9999.000000
[rows 408 to 441 of 824, columns 385 to 461 of 694]
0.000 0.000 0.000 0.000 0.000 0.000 0.000 0.000 0.000 0.000 0.000 0.000 0.000 0.000 0.000 0.000 0.000 0.000 0.000 0.000 0.000 0.000 0.000 0.000 0.000 0.000 0.000 0.000 0.000 0.000 0.000 0.000 0.075 0.082 0.091 0.100 0.107 0.106 0.102 0.108 0.108 0.108 0.109 0.000 0.000 0.000 0.000 0.000 0.000 0.000 0.043 0.043 0.043 0.043 0.043 0.040 0.035 0.031 0.026 0.021 0.017 0.012 0.007 0.000 0.000 0.000 0.000 0.000 0.000 0.000 0.000 0.000 0.000 0.000 0.000 0.000 0.000
0.000 0.000 0.000 0.000 0.000 0.000 0.000 0.000 0.000 0.000 0.000 0.000 0.000 0.000 0.000 0.000 0.000 0.000 0.000 0.000 0.000 0.000 0.000 0.000 0.000 0.000 0.000 0.000 0.000 0.000 0.000 0.068 0.076 0.084 0.092 0.100 0.107 0.106 0.106 0.108 0.109 0.108 0.109 0.000 0.000 0.000 0.000 0.000 0.000 0.043 0.043 0.043 0.043 0.043 0.043 0.043 0.042 0.038 0.034 0.029 0.024 0.019 0.014 0.009 0.004 0.000 0.000 0.000 0.000 0.000 0.000 0.000 0.000 0.000 0.000 0.000 0.000
0.000 0.000 0.000 0.000 0.000 0.000 0.000 0.000 0.000 0.000 0.000 0.000 0.000 0.000 0.000 0.000 0.000 0.000 0.000 0.000 0.000 0.000 0.000 0.000 0.000 0.000 0.000 0.000 0.000 0.000 0.000 0.069 0.078 0.086 0.094 0.102 0.107 0.107 0.108 0.109 0.108 0.108 0.110 0.000 0.000 0.000 0.000 0.000 0.000 0.043 0.043 0.043 0.043 0.043 0.043 0.043 0.043 0.042 0.041 0.036 0.031 0.027 0.022 0.017 0.012 0.007 0.000 0.000 0.000 0.000 0.000 0.000 0.000 0.000 0.000 0.000 0.000
0.000 0.000 0.000 0.000 0.000 0.000 0.000 0.000 0.000 0.000 0.000 0.000 0.000 0.000 0.000 0.000 0.000 0.000 0.000 0.000 0.000 0.000 0.000 0.000 0.000 0.000 0.000 0.000 0.000 0.000 0.000 0.071 0.080 0.087 0.096 0.104 0.108 0.108 0.108 0.108 0.109 0.109 0.110 0.000 0.000 0.000 0.000 0.000 0.000 0.043 0.043 0.043 0.043 0.043 0.043 0.043 0.042 0.042 0.042 0.042 0.039 0.034 0.029 0.024 0.019 0.014 0.009 0.003 0.000 0.000 0.000 0.000 0.000 0.000 0.000 0.000 0.000
0.000 0.000 0.000 0.000 0.000 0.000 0.000 0.000 0.000 0.000 0.000 0.000 0.000 0.000 0.000 0.000 0.000 0.000 0.000 0.000 0.000 0.000 0.000 0.000 0.000 0.000 0.000 0.000 0.000 0.000 0.000 0.073 0.081 0.089 0.098 0.107 0.109 0.109 0.108 0.108 0.107 0.108 0.000 0.000 0.000 0.000 0.000 0.000 0.000 0.043 0.043 0.043 0.043 0.043 0.043 0.043 0.042 0.042 0.042 0.042 0.041 0.041 0.036 0.031 0.026 0.021 0.016 0.011 0.006 0.000 0.000 0.000 0.000 0.000 0.000 0.000 0.000
0.000 0.000 0.000 0.000 0.000 0.000 0.000 0.000 0.000 0.000 0.000 0.000 0.000 0.000 0.000 0.000 0.000 0.000 0.000 0.000 0.000 0.000 0.000 0.000 0.000 0.000 0.000 0.000 0.000 0.000 0.069 0.076 0.083 0.090 0.099 0.107 0.110 0.110 0.110 0.109 0.110 0.110 0.000 0.000 0.000 0.000 0.000 0.000 0.044 0.044 0.044 0.044 0.043 0.043 0.043 0.043 0.043 0.042 0.042 0.042 0.041 0.041 0.040 0.038 0.033 0.028 0.023 0.018 0.013 0.007 0.000 0.000 0.000 0.000 0.000 0.000 0.000
0.000 0.000 0.000 0.000 0.000 0.000 0.000 0.000 0.000 0.000 0.000 0.000 0.000 0.000 0.000 0.000 0.000 0.000 0.000 0.000 0.000 0.000 0.000 0.000 0.000 0.000 0.000 0.000 0.000 0.000 0.069 0.076 0.084 0.091 0.100 0.106 0.108 0.110 0.110 0.109 0.109 0.109 0.000 0.000 0.000 0.000 0.000 0.000 0.044 0.044 0.044 0.044 0.044 0.043 0.043 0.043 0.043 0.042 0.042 0.041 0.041 0.041 0.040 0.039 0.039 0.035 0.030 0.025 0.020 0.014 0.009 0.003 0.000 0.000 0.000 0.000 0.000
0.000 0.000 0.000 0.000 0.000 0.000 0.000 0.000 0.000 0.000 0.000 0.000 0.000 0.000 0.000 0.000 0.000 0.000 0.000 0.000 0.000 0.000 0.000 0.000 0.000 0.000 0.000 0.000 0.000 0.000 0.069 0.076 0.085 0.094 0.102 0.108 0.108 0.109 0.111 0.110 0.109 0.000 0.000 0.000 0.000 0.000 0.000 0.000 0.045 0.045 0.045 0.044 0.044 0.044 0.043 0.043 0.043 0.042 0.042 0.042 0.041 0.040 0.040 0.039 0.039 0.038 0.037 0.032 0.026 0.021 0.016 0.010 0.004 0.000 0.000 0.000 0.000
0.000 0.000 0.000 0.000 0.000 0.000 0.000 0.000 0.000 0.000 0.000 0.000 0.000 0.000 0.000 0.000 0.000 0.000 0.000 0.000 0.000 0.000 0.000 0.000 0.000 0.000 0.000 0.000 0.000 0.000 0.071 0.079 0.087 0.096 0.104 0.108 0.109 0.110 0.110 0.109 0.107 0.000 0.000 0.000 0.000 0.000 0.000 0.046 0.046 0.045 0.045 0.045 0.044 0.044 0.044 0.043 0.043 0.042 0.042 0.041 0.041 0.040 0.040 0.039 0.038 0.038 0.037 0.036 0.033 0.028 0.022 0.017 0.011 0.006 0.000 0.000 0.000
0.000 0.000 0.000 0.000 0.000 0.000 0.000 0.000 0.000 0.000 0.000 0.000 0.000 0.000 0.000 0.000 0.000 0.000 0.000 0.000 0.000 0.000 0.000 0.000 0.000 0.000 0.000 0.000 0.056 0.066 0.074 0.083 0.091 0.099 0.107 0.109 0.109 0.110 0.109 0.108 0.108 0.000 0.000 0.000 0.000 0.000 0.000 0.046 0.046 0.046 0.046 0.045 0.045 0.044 0.044 0.044 0.043 0.042 0.042 0.041 0.041 0.040 0.039 0.039 0.038 0.037 0.036 0.035 0.035 0.034 0.029 0.024 0.018 0.012 0.007 0.000 0.000
0.000 0.000 0.000 0.000 0.000 0.000 0.000 0.000 0.000 0.000 0.000 0.000 0.000 0.000 0.000 0.000 0.000 0.000 0.000 0.000 0.000 0.000 0.000 0.000 0.000 0.000 0.000 0.000 0.060 0.068 0.076 0.084 0.093 0.101 0.109 0.109 0.109 0.109 0.108 0.108 0.110 0.000 0.000 0.000 0.000 0.000 0.000 0.047 0.046 0.046 0.046 0.046 0.045 0.045 0.044 0.044 0.043 0.043 0.042 0.041 0.041 0.040 0.039 0.038 0.038 0.037 0.036 0.035 0.034 0.033 0.032 0.030 0.025 0.019 0.013 0.007 0.000
0.000 0.000 0.000 0.000 0.000 0.000 0.000 0.000 0.000 0.000 0.000 0.000 0.000 0.000 0.000 0.000 0.000 0.000 0.000 0.000 0.000 0.000 0.000 0.000 0.000 0.000 0.000 0.000 0.063 0.069 0.076 0.086 0.094 0.104 0.110 0.110 0.110 0.109 0.108 0.109 0.109 0.000 0.000 0.000 0.000 0.000 0.000 0.047 0.047 0.047 0.047 0.046 0.046 0.045 0.045 0.044 0.043 0.043 0.042 0.041 0.040 0.040 0.039 0.038 0.037 0.036 0.035 0.034 0.033 0.032 0.031 0.030 0.029 0.025 0.020 0.014 0.008
0.000 0.000 0.000 0.000 0.000 0.000 0.000 0.000 0.000 0.000 0.000 0.000 0.000 0.000 0.000 0.000 0.000 0.000 0.000 0.000 0.000 0.000 0.000 0.000 0.000 0.000 0.000 0.000 0.061 0.072 0.079 0.088 0.096 0.104 0.110 0.109 0.109 0.108 0.109 0.110 0.108 0.000 0.000 0.000 0.000 0.000 0.048 0.048 0.048 0.048 0.047 0.047 0.046 0.046 0.045 0.044 0.044 0.043 0.042 0.041 0.040 0.040 0.039 0.038 0.037 0.036 0.035 0.034 0.033 0.032 0.030 0.029 0.028 0.026 0.025 0.020 0.014
0.000 0.000 0.000 0.000 0.000 0.000 0.000 0.000 0.000 0.000 0.000 0.000 0.000 0.000 0.000 0.000 0.000 0.000 0.000 0.000 0.000 0.000 0.000 0.000 0.000 0.000 0.000 0.000 0.062 0.072 0.081 0.090 0.099 0.105 0.110 0.108 0.107 0.108 0.106 0.108 0.107 0.000 0.000 0.000 0.000 0.000 0.048 0.049 0.049 0.049 0.048 0.048 0.047 0.046 0.045 0.045 0.044 0.043 0.042 0.041 0.040 0.039 0.038 0.037 0.036 0.035 0.034 0.033 0.032 0.031 0.030 0.028 0.027 0.025 0.024 0.022 0.020
0.000 0.000 0.000 0.000 0.000 0.000 0.000 0.000 0.000 0.000 0.000 0.000 0.000 0.000 0.000 0.000 0.000 0.000 0.000 0.000 0.000 0.000 0.000 0.000 0.000 0.000 0.000 0.055 0.064 0.072 0.084 0.092 0.100 0.108 0.109 0.109 0.108 0.108 0.108 0.108 0.107 0.000 0.000 0.000 0.000 0.000 0.048 0.049 0.050 0.050 0.049 0.049 0.048 0.047 0.046 0.045 0.044 0.043 0.042 0.041 0.040 0.039 0.038 0.037 0.036 0.035 0.034 0.032 0.031 0.030 0.029 0.027 0.026 0.024 0.023 0.021 0.019
0.000 0.000 0.000 0.000 0.000 0.000 0.000 0.000 0.000 0.000 0.000 0.000 0.000 0.000 0.000 0.000 0.000 0.000 0.000 0.000 0.000 0.000 0.000 0.000 0.000 0.000 0.000 0.056 0.065 0.074 0.084 0.094 0.102 0.109 0.109 0.109 0.109 0.109 0.108 0.108 0.107 0.104 0.104 0.000 0.000 0.000 0.000 0.000 0.053 0.052 0.051 0.050 0.049 0.047 0.046 0.045 0.044 0.043 0.042 0.041 0.040 0.039 0.038 0.036 0.035 0.034 0.033 0.032 0.030 0.029 0.028 0.026 0.025 0.023 0.021 0.019 0.017
0.000 0.000 0.000 0.000 0.000 0.000 0.000 0.000 0.000 0.000 0.000 0.000 0.000 0.000 0.000 0.000 0.000 0.000 0.000 0.000 0.000 0.000 0.000 0.000 0.000 0.000 0.000 0.058 0.068 0.075 0.086 0.094 0.103 0.110 0.110 0.111 0.110 0.110 0.109 0.108 0.107 0.104 0.101 0.096 0.091 0.089 0.000 0.061 0.057 0.054 0.052 0.051 0.049 0.048 0.047 0.046 0.044 0.043 0.042 0.041 0.040 0.038 0.037 0.036 0.035 0.033 0.032 0.031 0.029 0.028 0.027 0.025 0.023 0.022 0.020 0.018 0.015
0.000 0.000 0.000 0.000 0.000 0.000 0.000 0.000 0.000 0.000 0.000 0.000 0.000 0.000 0.000 0.000 0.000 0.000 0.000 0.000 0.000 0.000 0.000 0.000 0.000 0.000 0.000 0.061 0.070 0.079 0.087 0.096 0.106 0.112 0.112 0.110 0.110 0.111 0.110 0.110 0.106 0.102 0.099 0.095 0.090 0.085 0.076 0.066 0.060 0.056 0.054 0.052 0.050 0.048 0.047 0.046 0.045 0.043 0.042 0.041 0.039 0.038 0.037 0.035 0.034 0.033 0.031 0.030 0.028 0.027 0.025 0.023 0.022 0.020 0.017 0.015 0.012
0.000 0.000 0.000 0.000 0.000 0.000 0.000 0.000 0.000 0.000 0.000 0.000 0.000 0.000 0.000 0.000 0.000 0.000 0.000 0.000 0.000 0.000 0.000 0.000 0.000 0.000 0.000 0.063 0.073 0.080 0.090 0.097 0.109 0.118 0.111 0.110 0.109 0.111 0.109 0.110 0.000 0.100 0.098 0.094 0.087 0.082 0.074 0.066 0.061 0.057 0.054 0.052 0.051 0.049 0.047 0.046 0.044 0.043 0.042 0.040 0.039 0.037 0.036 0.035 0.033 0.032 0.030 0.029 0.027 0.025 0.023 0.022 0.019 0.017 0.014 0.011 0.010
0.000 0.000 0.000 0.000 0.000 0.000 0.000 0.000 0.000 0.000 0.000 0.000 0.000 0.000 0.000 0.000 0.000 0.000 0.000 0.000 0.000 0.000 0.000 0.000 0.000 0.000 0.000 0.064 0.074 0.083 0.091 0.100 0.109 0.111 0.109 0.109 0.109 0.109 0.110 0.000 0.000 0.000 0.000 0.000 0.083 0.080 0.071 0.064 0.060 0.057 0.055 0.053 0.051 0.049 0.047 0.046 0.044 0.043 0.041 0.040 0.038 0.037 0.035 0.034 0.032 0.030 0.029 0.027 0.025 0.023 0.021 0.019 0.016 0.013 0.012 0.011 0.010
0.000 0.000 0.000 0.000 0.000 0.000 0.000 0.000 0.000 0.000 0.000 0.000 0.000 0.000 0.000 0.000 0.000 0.000 0.000 0.000 0.000 0.000 0.000 0.000 0.000 0.000 0.056 0.065 0.075 0.083 0.093 0.100 0.110 0.110 0.109 0.109 0.108 0.110 0.000 0.000 0.000 0.000 0.000 0.000 0.000 0.000 0.063 0.061 0.059 0.057 0.055 0.053 0.051 0.049 0.047 0.046 0.044 0.042 0.041 0.039 0.037 0.036 0.034 0.033 0.031 0.029 0.027 0.025 0.023 0.021 0.018 0.015 0.013 0.012 0.012 0.011 0.010
0.000 0.000 0.000 0.000 0.000 0.000 0.000 0.000 0.000 0.000 0.000 0.000 0.000 0.000 0.000 0.000 0.000 0.000 0.000 0.000 0.000 0.000 0.000 0.000 0.000 0.000 0.058 0.066 0.077 0.085 0.093 0.101 0.109 0.108 0.108 0.108 0.109 0.108 0.000 0.000 0.000 0.000 0.000 0.000 0.000 0.000 0.060 0.059 0.057 0.056 0.054 0.052 0.051 0.049 0.047 0.045 0.044 0.042 0.040 0.038 0.037 0.035 0.033 0.031 0.029 0.027 0.025 0.023 0.020 0.016 0.014 0.014 0.013 0.012 0.012 0.011 0.010
0.000 0.000 0.000 0.000 0.000 0.000 0.000 0.000 0.000 0.000 0.000 0.000 0.000 0.000 0.000 0.000 0.000 0.000 0.000 0.000 0.000 0.000 0.000 0.000 0.000 0.000 0.060 0.068 0.078 0.087 0.095 0.103 0.108 0.109 0.109 0.110 0.109 0.000 0.000 0.000 0.000 0.000 0.058 0.058 0.058 0.058 0.058 0.058 0.057 0.055 0.054 0.052 0.050 0.049 0.047 0.045 0.043 0.041 0.039 0.037 0.035 0.033 0.031 0.029 0.027 0.024 0.022 0.018 0.015 0.015 0.014 0.014 0.013 0.012 0.012 0.011 0.012
0.000 0.000 0.000 0.000 0.000 0.000 0.000 0.000 0.000 0.000 0.000 0.000 0.000 0.000 0.000 0.000 0.000 0.000 0.000 0.000 0.000 0.000 0.000 0.000 0.000 0.000 0.061 0.069 0.080 0.087 0.097 0.103 0.108 0.108 0.108 0.107 0.108 0.000 0.000 0.000 0.000 0.000 0.000 0.058 0.058 0.058 0.057 0.057 0.056 0.055 0.053 0.052 0.050 0.048 0.046 0.044 0.042 0.040 0.038 0.036 0.034 0.031 0.029 0.027 0.024 0.020 0.017 0.016 0.016 0.015 0.015 0.014 0.013 0.013 0.012 0.012 0.014
0.000 0.000 0.000 0.000 0.000 0.000 0.000 0.000 0.000 0.000 0.000 0.000 0.000 0.000 0.000 0.000 0.000 0.000 0.000 0.000 0.000 0.000 0.000 0.000 0.000 0.000 0.062 0.071 0.080 0.090 0.097 0.105 0.108 0.108 0.109 0.107 0.109 0.000 0.000 0.000 0.000 0.000 0.000 0.000 0.000 0.000 0.057 0.057 0.055 0.054 0.053 0.051 0.050 0.048 0.046 0.044 0.041 0.039 0.036 0.034 0.032 0.029 0.026 0.023 0.019 0.018 0.017 0.017 0.016 0.015 0.015 0.014 0.014 0.013 0.013 0.013 0.015
0.000 0.000 0.000 0.000 0.000 0.000 0.000 0.000 0.000 0.000 0.000 0.000 0.000 0.000 0.000 0.000 0.000 0.000 0.000 0.000 0.000 0.000 0.000 0.000 0.000 0.054 0.062 0.073 0.081 0.090 0.098 0.107 0.106 0.107 0.107 0.108 0.000 0.000 0.000 0.000 0.000 0.000 0.000 0.000 0.000 0.000 0.000 0.000 0.054 0.054 0.053 0.051 0.049 0.047 0.045 0.042 0.040 0.037 0.034 0.031 0.028 0.025 0.021 0.019 0.019 0.018 0.017 0.017 0.016 0.016 0.015 0.014 0.014 0.013 0.014 0.016 0.014
0.000 0.000 0.000 0.000 0.000 0.000 0.000 0.000 0.000 0.000 0.000 0.000 0.000 0.000 0.000 0.000 0.000 0.000 0.000 0.000 0.000 0.000 0.000 0.000 0.000 0.055 0.063 0.073 0.081 0.090 0.099 0.106 0.106 0.107 0.106 0.106 0.000 0.000 0.000 0.000 0.000 0.000 0.000 0.000 0.000 0.000 0.000 0.000 0.000 0.000 0.000 0.049 0.049 0.047 0.044 0.041 0.038 0.034 0.031 0.027 0.023 0.021 0.020 0.020 0.019 0.018 0.018 0.017 0.017 0.016 0.015 0.015 0.014 0.014 0.016 0.019 0.014
0.000 0.000 0.000 0.000 0.000 0.000 0.000 0.000 0.000 0.000 0.000 0.000 0.000 0.000 0.000 0.000 0.000 0.000 0.003 0.000 0.000 0.000 0.000 0.000 0.000 0.056 0.064 0.072 0.082 0.091 0.100 0.106 0.106 0.106 0.106 0.106 0.000 0.000 0.000 0.000 0.000 0.000 0.000 0.000 0.000 0.000 0.000 0.000 0.000 0.000 0.000 0.000 0.000 0.000 0.041 0.040 0.034 0.030 0.026 0.023 0.022 0.021 0.021 0.020 0.019 0.019 0.018 0.018 0.017 0.016 0.016 0.015 0.015 0.017 0.020 0.019 0.013
0.000 0.000 0.000 0.000 0.000 0.000 0.000 0.000 0.000 0.000 0.000 0.000 0.000 0.000 0.000 0.000 0.000 0.000 0.002 0.003 0.007 0.000 0.000 0.000 0.000 0.056 0.065 0.073 0.082 0.092 0.101 0.105 0.105 0.105 0.105 0.105 0.000 0.000 0.000 0.000 0.000 0.000 0.000 0.000 0.000 0.000 0.000 0.000 0.000 0.000 0.000 0.000 0.000 0.000 0.000 0.000 0.026 0.023 0.023 0.022 0.022 0.021 0.021 0.020 0.020 0.019 0.018 0.018 0.017 0.017 0.017 0.017 0.018 0.021 0.025 0.020 0.015
0.000 0.000 0.000 0.000 0.000 0.000 0.000 0.000 0.000 0.000 0.000 0.000 0.000 0.000 0.000 0.000 0.000 0.000 0.002 0.003 0.008 0.016 0.000 0.000 0.000 0.055 0.065 0.074 0.083 0.092 0.102 0.104 0.104 0.104 0.104 0.000 0.000 0.000 0.000 0.000 0.000 0.000 0.000 0.000 0.000 0.000 0.000 0.000 0.000 0.000 0.000 0.000 0.000 0.000 0.000 0.000 0.020 0.021 0.022 0.022 0.021 0.021 0.021 0.020 0.020 0.019 0.019 0.018 0.018 0.018 0.018 0.020 0.024 0.030 0.029 0.024 0.018
0.000 0.000 0.000 0.000 0.000 0.000 0.000 0.000 0.000 0.000 0.000 0.000 0.000 0.000 0.000 0.000 0.000 0.000 0.002 0.003 0.009 0.018 0.027 0.035 0.044 0.055 0.065 0.075 0.084 0.093 0.102 0.103 0.103 0.103 0.104 0.000 0.000 0.000 0.000 0.000 0.000 0.000 0.000 0.000 0.000 0.000 0.000 0.000 0.000 0.000 0.000 0.000 0.000 0.000 0.000 0.000 0.017 0.020 0.021 0.021 0.021 0.021 0.021 0.020 0.020 0.020 0.019 0.019 0.019 0.020 0.023 0.028 0.034 0.040 0.035 0.029 0.023
0.009 0.005 0.001 0.000 0.000 0.000 0.000 0.000 0.000 0.000 0.000 0.000 0.000 0.000 0.001 0.001 0.001 0.001 0.002 0.004 0.010 0.019 0.028 0.037 0.046 0.055 0.065 0.075 0.084 0.093 0.101 0.102 0.103 0.103 0.103 0.000 0.000 0.000 0.000 0.000 0.000 0.000 0.000 0.000 0.000 0.000 0.000 0.000 0.000 0.000 0.000 0.000 0.000 0.000 0.000 0.003 0.015 0.018 0.019 0.020 0.020 0.021 0.021 0.020 0.020 0.020 0.020 0.020 0.022 0.026 0.032 0.040 0.047 0.046 0.041 0.036 0.030
0.023 0.019 0.016 0.012 0.008 0.003 0.000 0.000 0.000 0.000 0.000 0.000 0.001 0.002 0.002 0.002 0.002 0.002 0.002 0.004 0.011 0.020 0.029 0.038 0.047 0.056 0.065 0.075 0.084 0.093 0.101 0.101 0.101 0.103 0.103 0.000 0.000 0.000 0.000 0.000 0.000 0.000 0.000 0.000 0.000 0.000 0.000 0.000 0.000 0.000 0.000 0.000 0.000 0.000 0.000 0.004 0.013 0.016 0.018 0.019 0.020 0.020 0.021 0.021 0.021 0.021 0.022 0.024 0.028 0.035 0.044 0.000 0.000 0.053 0.048 0.042 0.036
0.000 0.000 0.028 0.024 0.019 0.015 0.011 0.006 0.003 0.000 0.000 0.002 0.002 0.002 0.002 0.003 0.003 0.003 0.003 0.003 0.010 0.020 0.029 0.038 0.047 0.057 0.066 0.075 0.084 0.093 0.099 0.099 0.099 0.100 0.000 0.000 0.000 0.000 0.000 0.000 0.000 0.000 0.000 0.000 0.000 0.000 0.000 0.000 0.000 0.000 0.000 0.000 0.000 0.000 0.000 0.004 0.012 0.015 0.017 0.019 0.020 0.021 0.021 0.022 0.022 0.024 0.026 0.030 0.035 0.042 0.000 0.000 0.000 0.000 0.000 0.048 0.043
