数据/100y_1h/100y_1h_res/100y_1h_128-0001.wd
ncols         694
nrows         824
xllcorner     581104.939801
yllcorner     3495917.092414
cellsize      2.000000
NODATA_value  -9999.000000
[rows 408 to 441 of 824, columns 385 to 461 of 694]
0.000 0.000 0.000 0.000 0.000 0.000 0.000 0.000 0.000 0.000 0.000 0.000 0.000 0.000 0.000 0.000 0.000 0.000 0.000 0.000 0.000 0.000 0.000 0.000 0.000 0.000 0.000 0.000 0.000 0.000 0.000 0.000 0.004 0.011 0.018 0.026 0.033 0.029 0.000 0.030 0.034 0.035 0.035 0.000 0.000 0.000 0.000 0.000 0.000 0.000 0.029 0.029 0.029 0.029 0.029 0.027 0.022 0.018 0.013 0.009 0.004 0.002 0.001 0.001 0.000 0.000 0.000 0.000 0.000 0.000 0.000 0.000 0.000 0.000 0.000 0.000 0.000
0.000 0.000 0.000 0.000 0.000 0.000 0.000 0.000 0.000 0.000 0.000 0.000 0.000 0.000 0.000 0.000 0.000 0.000 0.000 0.000 0.000 0.000 0.000 0.000 0.000 0.000 0.000 0.000 0.000 0.000 0.000 0.002 0.005 0.012 0.020 0.028 0.033 0.032 0.029 0.033 0.034 0.035 0.035 0.000 0.000 0.000 0.000 0.000 0.000 0.029 0.029 0.029 0.029 0.029 0.029 0.029 0.029 0.025 0.020 0.016 0.011 0.007 0.003 0.002 0.001 0.000 0.000 0.000 0.000 0.000 0.000 0.000 0.000 0.000 0.000 0.000 0.000
0.000 0.000 0.000 0.000 0.000 0.000 0.000 0.000 0.000 0.000 0.000 0.000 0.000 0.000 0.000 0.000 0.000 0.000 0.000 0.000 0.000 0.000 0.000 0.000 0.000 0.000 0.000 0.000 0.000 0.000 0.000 0.002 0.006 0.013 0.022 0.030 0.034 0.034 0.033 0.034 0.034 0.034 0.035 0.000 0.000 0.000 0.000 0.000 0.000 0.028 0.029 0.029 0.029 0.029 0.029 0.029 0.029 0.029 0.028 0.023 0.019 0.014 0.010 0.005 0.002 0.001 0.001 0.000 0.000 0.000 0.000 0.000 0.000 0.000 0.000 0.000 0.000
0.000 0.000 0.000 0.000 0.000 0.000 0.000 0.000 0.000 0.000 0.000 0.000 0.000 0.000 0.000 0.000 0.000 0.000 0.000 0.000 0.000 0.000 0.000 0.000 0.000 0.000 0.000 0.000 0.000 0.000 0.000 0.002 0.007 0.015 0.023 0.032 0.034 0.034 0.034 0.034 0.035 0.035 0.035 0.000 0.000 0.000 0.000 0.000 0.000 0.029 0.029 0.029 0.029 0.029 0.029 0.029 0.029 0.029 0.029 0.029 0.026 0.021 0.017 0.012 0.008 0.004 0.002 0.001 0.000 0.000 0.000 0.000 0.000 0.000 0.000 0.000 0.000
0.000 0.000 0.000 0.000 0.000 0.000 0.000 0.000 0.000 0.000 0.000 0.000 0.000 0.000 0.000 0.000 0.000 0.000 0.000 0.000 0.000 0.000 0.000 0.000 0.000 0.000 0.000 0.000 0.000 0.000 0.000 0.003 0.009 0.017 0.025 0.034 0.035 0.035 0.035 0.034 0.035 0.034 0.000 0.000 0.000 0.000 0.000 0.000 0.000 0.028 0.029 0.029 0.028 0.029 0.029 0.029 0.029 0.029 0.029 0.029 0.029 0.029 0.024 0.019 0.015 0.010 0.006 0.002 0.001 0.000 0.000 0.000 0.000 0.000 0.000 0.000 0.000
0.000 0.000 0.000 0.000 0.000 0.000 0.000 0.000 0.000 0.000 0.000 0.000 0.000 0.000 0.000 0.000 0.000 0.000 0.000 0.000 0.000 0.000 0.000 0.000 0.000 0.000 0.000 0.000 0.000 0.000 0.002 0.004 0.010 0.018 0.027 0.035 0.035 0.035 0.035 0.035 0.034 0.035 0.000 0.000 0.000 0.000 0.000 0.000 0.028 0.028 0.028 0.028 0.028 0.029 0.029 0.029 0.029 0.029 0.029 0.028 0.029 0.028 0.028 0.027 0.022 0.017 0.013 0.008 0.004 0.002 0.001 0.000 0.000 0.000 0.000 0.000 0.000
0.000 0.000 0.000 0.000 0.000 0.000 0.000 0.000 0.000 0.000 0.000 0.000 0.000 0.000 0.000 0.000 0.000 0.000 0.000 0.000 0.000 0.000 0.000 0.000 0.000 0.000 0.000 0.000 0.000 0.000 0.002 0.004 0.012 0.020 0.029 0.035 0.034 0.035 0.035 0.035 0.034 0.034 0.000 0.000 0.000 0.000 0.000 0.000 0.028 0.028 0.028 0.028 0.028 0.028 0.028 0.028 0.029 0.029 0.028 0.028 0.028 0.028 0.028 0.028 0.028 0.024 0.020 0.015 0.010 0.006 0.002 0.001 0.000 0.000 0.000 0.000 0.000
0.000 0.000 0.000 0.000 0.000 0.000 0.000 0.000 0.000 0.000 0.000 0.000 0.000 0.000 0.000 0.000 0.000 0.000 0.000 0.000 0.000 0.000 0.000 0.000 0.000 0.000 0.000 0.000 0.000 0.000 0.002 0.005 0.014 0.022 0.030 0.035 0.035 0.035 0.035 0.035 0.035 0.000 0.000 0.000 0.000 0.000 0.000 0.000 0.028 0.028 0.028 0.028 0.028 0.028 0.028 0.028 0.028 0.028 0.028 0.028 0.028 0.028 0.028 0.028 0.027 0.027 0.027 0.022 0.017 0.013 0.008 0.004 0.002 0.000 0.000 0.000 0.000
0.000 0.000 0.000 0.000 0.000 0.000 0.000 0.000 0.000 0.000 0.000 0.000 0.000 0.000 0.000 0.000 0.000 0.000 0.000 0.000 0.000 0.000 0.000 0.000 0.000 0.000 0.000 0.000 0.000 0.000 0.002 0.007 0.015 0.024 0.032 0.035 0.035 0.035 0.035 0.035 0.035 0.000 0.000 0.000 0.000 0.000 0.000 0.028 0.028 0.028 0.028 0.028 0.028 0.028 0.028 0.028 0.028 0.028 0.028 0.028 0.028 0.028 0.028 0.027 0.027 0.027 0.027 0.026 0.024 0.019 0.015 0.010 0.005 0.002 0.001 0.000 0.000
0.000 0.000 0.000 0.000 0.000 0.000 0.000 0.000 0.000 0.000 0.000 0.000 0.000 0.000 0.000 0.000 0.000 0.000 0.000 0.000 0.000 0.000 0.000 0.000 0.000 0.000 0.000 0.000 0.001 0.001 0.002 0.008 0.016 0.025 0.034 0.035 0.035 0.035 0.035 0.035 0.036 0.000 0.000 0.000 0.000 0.000 0.000 0.028 0.028 0.028 0.028 0.028 0.028 0.028 0.028 0.028 0.028 0.028 0.028 0.028 0.028 0.028 0.027 0.027 0.027 0.027 0.026 0.026 0.026 0.025 0.022 0.017 0.012 0.007 0.003 0.001 0.000
0.000 0.000 0.000 0.000 0.000 0.000 0.000 0.000 0.000 0.000 0.000 0.000 0.000 0.000 0.000 0.000 0.000 0.000 0.000 0.000 0.000 0.000 0.000 0.000 0.000 0.000 0.000 0.000 0.001 0.002 0.003 0.009 0.018 0.026 0.035 0.035 0.035 0.035 0.035 0.035 0.035 0.000 0.000 0.000 0.000 0.000 0.000 0.028 0.028 0.028 0.028 0.028 0.028 0.028 0.028 0.028 0.028 0.028 0.028 0.028 0.027 0.027 0.027 0.027 0.027 0.026 0.026 0.026 0.025 0.025 0.024 0.023 0.018 0.013 0.009 0.004 0.002
0.000 0.000 0.000 0.000 0.000 0.000 0.000 0.000 0.000 0.000 0.000 0.000 0.000 0.000 0.000 0.000 0.000 0.000 0.000 0.000 0.000 0.000 0.000 0.000 0.000 0.000 0.000 0.000 0.001 0.002 0.004 0.010 0.019 0.028 0.034 0.035 0.035 0.035 0.035 0.035 0.035 0.000 0.000 0.000 0.000 0.000 0.000 0.028 0.028 0.028 0.028 0.028 0.028 0.028 0.028 0.028 0.028 0.028 0.027 0.027 0.027 0.027 0.027 0.027 0.026 0.026 0.026 0.025 0.025 0.024 0.024 0.023 0.023 0.020 0.015 0.010 0.005
0.000 0.000 0.000 0.000 0.000 0.000 0.000 0.000 0.000 0.000 0.000 0.000 0.000 0.000 0.000 0.000 0.000 0.000 0.000 0.000 0.000 0.000 0.000 0.000 0.000 0.000 0.000 0.000 0.001 0.002 0.005 0.012 0.021 0.029 0.034 0.034 0.035 0.034 0.034 0.034 0.035 0.000 0.000 0.000 0.000 0.000 0.028 0.028 0.028 0.028 0.028 0.028 0.028 0.028 0.028 0.028 0.028 0.027 0.027 0.027 0.027 0.027 0.027 0.026 0.026 0.026 0.025 0.025 0.024 0.024 0.023 0.023 0.022 0.021 0.021 0.016 0.011
0.000 0.000 0.000 0.000 0.000 0.000 0.000 0.000 0.000 0.000 0.000 0.000 0.000 0.000 0.000 0.000 0.000 0.000 0.000 0.000 0.000 0.000 0.000 0.000 0.000 0.000 0.000 0.000 0.001 0.002 0.006 0.013 0.022 0.031 0.034 0.034 0.034 0.035 0.034 0.034 0.034 0.000 0.000 0.000 0.000 0.000 0.028 0.028 0.028 0.028 0.028 0.028 0.028 0.028 0.028 0.028 0.027 0.027 0.027 0.027 0.027 0.026 0.026 0.026 0.025 0.025 0.025 0.024 0.024 0.023 0.023 0.022 0.021 0.021 0.020 0.019 0.017
0.000 0.000 0.000 0.000 0.000 0.000 0.000 0.000 0.000 0.000 0.000 0.000 0.000 0.000 0.000 0.000 0.000 0.000 0.000 0.000 0.000 0.000 0.000 0.000 0.000 0.000 0.000 0.001 0.001 0.002 0.007 0.015 0.024 0.033 0.034 0.034 0.034 0.034 0.034 0.034 0.034 0.000 0.000 0.000 0.000 0.000 0.028 0.028 0.028 0.028 0.028 0.028 0.028 0.028 0.028 0.027 0.027 0.027 0.027 0.027 0.026 0.026 0.026 0.025 0.025 0.025 0.024 0.024 0.023 0.023 0.022 0.021 0.021 0.020 0.019 0.018 0.017
0.000 0.000 0.000 0.000 0.000 0.000 0.000 0.000 0.000 0.000 0.000 0.000 0.000 0.000 0.000 0.000 0.000 0.000 0.000 0.000 0.000 0.000 0.000 0.000 0.000 0.000 0.000 0.001 0.001 0.003 0.008 0.017 0.026 0.034 0.034 0.034 0.034 0.034 0.034 0.034 0.033 0.033 0.033 0.000 0.000 0.000 0.000 0.000 0.028 0.028 0.028 0.028 0.028 0.028 0.027 0.027 0.027 0.027 0.027 0.026 0.026 0.026 0.025 0.025 0.025 0.024 0.024 0.023 0.023 0.022 0.021 0.021 0.020 0.019 0.018 0.017 0.015
0.000 0.000 0.000 0.000 0.000 0.000 0.000 0.000 0.000 0.000 0.000 0.000 0.000 0.000 0.000 0.000 0.000 0.000 0.000 0.000 0.000 0.000 0.000 0.000 0.000 0.000 0.000 0.001 0.002 0.003 0.009 0.018 0.028 0.034 0.034 0.034 0.034 0.034 0.034 0.033 0.033 0.033 0.032 0.032 0.031 0.031 0.000 0.028 0.028 0.028 0.028 0.028 0.028 0.027 0.027 0.027 0.027 0.027 0.026 0.026 0.026 0.025 0.025 0.024 0.024 0.023 0.023 0.022 0.022 0.021 0.020 0.020 0.019 0.018 0.016 0.015 0.013
0.000 0.000 0.000 0.000 0.000 0.000 0.000 0.000 0.000 0.000 0.000 0.000 0.000 0.000 0.000 0.000 0.000 0.000 0.000 0.000 0.000 0.000 0.000 0.000 0.000 0.000 0.000 0.001 0.002 0.004 0.011 0.020 0.029 0.034 0.034 0.034 0.034 0.034 0.034 0.033 0.033 0.032 0.032 0.032 0.031 0.031 0.030 0.029 0.028 0.028 0.028 0.028 0.028 0.027 0.027 0.027 0.027 0.026 0.026 0.026 0.025 0.025 0.024 0.024 0.023 0.023 0.022 0.022 0.021 0.020 0.019 0.018 0.017 0.016 0.015 0.013 0.011
0.000 0.000 0.000 0.000 0.000 0.000 0.000 0.000 0.000 0.000 0.000 0.000 0.000 0.000 0.000 0.000 0.000 0.000 0.000 0.000 0.000 0.000 0.000 0.000 0.000 0.000 0.000 0.001 0.002 0.005 0.013 0.022 0.031 0.034 0.034 0.034 0.034 0.034 0.034 0.034 0.000 0.032 0.032 0.032 0.031 0.030 0.029 0.029 0.028 0.028 0.028 0.028 0.027 0.027 0.027 0.027 0.026 0.026 0.025 0.025 0.025 0.024 0.024 0.023 0.023 0.022 0.021 0.021 0.020 0.019 0.018 0.017 0.015 0.014 0.012 0.009 0.009
0.000 0.000 0.000 0.000 0.000 0.000 0.000 0.000 0.000 0.000 0.000 0.000 0.000 0.000 0.000 0.000 0.000 0.000 0.000 0.000 0.000 0.000 0.000 0.000 0.000 0.000 0.000 0.001 0.002 0.006 0.015 0.024 0.032 0.034 0.034 0.034 0.034 0.034 0.035 0.000 0.000 0.000 0.000 0.000 0.030 0.030 0.029 0.028 0.028 0.028 0.028 0.027 0.027 0.027 0.027 0.026 0.026 0.025 0.025 0.025 0.024 0.024 0.023 0.022 0.022 0.021 0.020 0.019 0.018 0.017 0.016 0.015 0.013 0.010 0.010 0.009 0.009
0.000 0.000 0.000 0.000 0.000 0.000 0.000 0.000 0.000 0.000 0.000 0.000 0.000 0.000 0.000 0.000 0.000 0.000 0.000 0.000 0.000 0.000 0.000 0.000 0.000 0.000 0.001 0.001 0.003 0.008 0.016 0.025 0.034 0.035 0.034 0.034 0.034 0.035 0.000 0.000 0.000 0.000 0.000 0.000 0.000 0.000 0.028 0.028 0.028 0.028 0.027 0.027 0.027 0.027 0.026 0.026 0.026 0.025 0.025 0.024 0.023 0.023 0.022 0.021 0.021 0.020 0.019 0.018 0.017 0.015 0.013 0.011 0.010 0.010 0.010 0.010 0.010
0.000 0.000 0.000 0.000 0.000 0.000 0.000 0.000 0.000 0.000 0.000 0.000 0.000 0.000 0.000 0.000 0.000 0.000 0.000 0.000 0.000 0.000 0.000 0.000 0.000 0.000 0.001 0.002 0.004 0.009 0.018 0.027 0.034 0.034 0.034 0.034 0.034 0.035 0.000 0.000 0.000 0.000 0.000 0.000 0.000 0.000 0.028 0.028 0.028 0.027 0.027 0.027 0.027 0.026 0.026 0.026 0.025 0.025 0.024 0.023 0.023 0.022 0.021 0.020 0.019 0.018 0.017 0.016 0.014 0.011 0.010 0.010 0.010 0.010 0.010 0.010 0.012
0.000 0.000 0.000 0.000 0.000 0.000 0.000 0.000 0.000 0.000 0.000 0.000 0.000 0.000 0.000 0.000 0.000 0.000 0.000 0.000 0.000 0.000 0.000 0.000 0.000 0.000 0.001 0.002 0.004 0.011 0.020 0.028 0.034 0.034 0.034 0.034 0.034 0.000 0.000 0.000 0.000 0.000 0.027 0.027 0.028 0.028 0.028 0.028 0.027 0.027 0.027 0.027 0.027 0.026 0.026 0.025 0.025 0.024 0.023 0.023 0.022 0.021 0.020 0.019 0.018 0.016 0.015 0.012 0.010 0.010 0.010 0.010 0.010 0.010 0.011 0.012 0.016
0.000 0.000 0.000 0.000 0.000 0.000 0.000 0.000 0.000 0.000 0.000 0.000 0.000 0.000 0.000 0.000 0.000 0.000 0.000 0.000 0.000 0.000 0.000 0.000 0.000 0.000 0.001 0.002 0.006 0.013 0.021 0.030 0.034 0.034 0.034 0.034 0.034 0.000 0.000 0.000 0.000 0.000 0.000 0.027 0.027 0.028 0.028 0.028 0.027 0.027 0.027 0.027 0.026 0.026 0.025 0.025 0.024 0.023 0.022 0.021 0.020 0.019 0.018 0.017 0.015 0.013 0.010 0.011 0.010 0.010 0.010 0.010 0.011 0.011 0.013 0.017 0.023
0.000 0.000 0.000 0.000 0.000 0.000 0.000 0.000 0.000 0.000 0.000 0.000 0.000 0.000 0.000 0.000 0.000 0.000 0.000 0.000 0.000 0.000 0.000 0.000 0.000 0.000 0.001 0.002 0.007 0.014 0.023 0.031 0.034 0.034 0.034 0.034 0.034 0.000 0.000 0.000 0.000 0.000 0.000 0.000 0.000 0.000 0.027 0.028 0.027 0.027 0.027 0.026 0.026 0.026 0.025 0.024 0.023 0.022 0.021 0.020 0.019 0.017 0.016 0.014 0.011 0.011 0.011 0.011 0.011 0.011 0.011 0.011 0.012 0.015 0.019 0.026 0.030
0.000 0.000 0.000 0.000 0.000 0.000 0.000 0.000 0.000 0.000 0.000 0.000 0.000 0.000 0.000 0.000 0.000 0.000 0.000 0.000 0.000 0.000 0.000 0.000 0.000 0.001 0.002 0.003 0.008 0.016 0.024 0.033 0.034 0.034 0.034 0.034 0.000 0.000 0.000 0.000 0.000 0.000 0.000 0.000 0.000 0.000 0.000 0.000 0.027 0.027 0.027 0.026 0.026 0.025 0.024 0.023 0.022 0.021 0.020 0.018 0.017 0.014 0.012 0.011 0.011 0.011 0.011 0.011 0.011 0.011 0.012 0.014 0.018 0.023 0.030 0.037 0.036
0.000 0.000 0.000 0.000 0.000 0.000 0.000 0.000 0.000 0.000 0.000 0.000 0.000 0.000 0.000 0.000 0.000 0.000 0.000 0.000 0.000 0.000 0.000 0.000 0.000 0.001 0.002 0.004 0.010 0.017 0.026 0.033 0.034 0.033 0.033 0.034 0.000 0.000 0.000 0.000 0.000 0.000 0.000 0.000 0.000 0.000 0.000 0.000 0.000 0.000 0.000 0.026 0.026 0.025 0.024 0.023 0.021 0.019 0.018 0.015 0.013 0.012 0.011 0.011 0.011 0.011 0.011 0.011 0.012 0.014 0.017 0.022 0.028 0.035 0.042 0.047 0.043
0.000 0.000 0.000 0.000 0.000 0.000 0.000 0.000 0.000 0.000 0.000 0.000 0.000 0.000 0.000 0.000 0.000 0.000 0.003 0.000 0.000 0.000 0.000 0.000 0.000 0.001 0.002 0.005 0.011 0.019 0.027 0.033 0.034 0.033 0.034 0.034 0.000 0.000 0.000 0.000 0.000 0.000 0.000 0.000 0.000 0.000 0.000 0.000 0.000 0.000 0.000 0.000 0.000 0.000 0.023 0.022 0.019 0.016 0.014 0.012 0.012 0.012 0.012 0.011 0.011 0.012 0.012 0.013 0.016 0.021 0.027 0.034 0.041 0.048 0.055 0.054 0.050
0.000 0.000 0.000 0.000 0.000 0.000 0.000 0.000 0.000 0.000 0.000 0.000 0.000 0.000 0.000 0.000 0.000 0.000 0.002 0.002 0.004 0.000 0.000 0.000 0.000 0.001 0.002 0.006 0.013 0.021 0.029 0.033 0.034 0.034 0.034 0.034 0.000 0.000 0.000 0.000 0.000 0.000 0.000 0.000 0.000 0.000 0.000 0.000 0.000 0.000 0.000 0.000 0.000 0.000 0.000 0.000 0.013 0.012 0.012 0.012 0.012 0.012 0.012 0.012 0.012 0.013 0.016 0.020 0.026 0.032 0.039 0.046 0.054 0.061 0.066 0.062 0.057
0.001 0.000 0.000 0.000 0.000 0.000 0.000 0.000 0.000 0.000 0.000 0.000 0.000 0.000 0.000 0.000 0.000 0.000 0.002 0.002 0.003 0.005 0.000 0.000 0.000 0.002 0.003 0.007 0.014 0.022 0.031 0.033 0.033 0.034 0.034 0.000 0.000 0.000 0.000 0.000 0.000 0.000 0.000 0.000 0.000 0.000 0.000 0.000 0.000 0.000 0.000 0.000 0.000 0.000 0.000 0.000 0.010 0.011 0.011 0.012 0.012 0.012 0.012 0.013 0.015 0.019 0.025 0.031 0.038 0.045 0.052 0.059 0.066 0.074 0.074 0.069 0.065
0.001 0.001 0.000 0.000 0.000 0.000 0.000 0.000 0.000 0.000 0.000 0.000 0.000 0.000 0.000 0.000 0.000 0.000 0.002 0.002 0.003 0.004 0.004 0.004 0.004 0.004 0.005 0.008 0.015 0.024 0.032 0.033 0.034 0.034 0.034 0.000 0.000 0.000 0.000 0.000 0.000 0.000 0.000 0.000 0.000 0.000 0.000 0.000 0.000 0.000 0.000 0.000 0.000 0.000 0.000 0.000 0.009 0.010 0.011 0.012 0.012 0.013 0.015 0.018 0.023 0.030 0.036 0.043 0.051 0.058 0.065 0.072 0.080 0.086 0.081 0.077 0.072
0.008 0.004 0.002 0.001 0.000 0.000 0.000 0.000 0.000 0.000 0.000 0.000 0.000 0.000 0.001 0.001 0.001 0.001 0.001 0.002 0.003 0.003 0.003 0.004 0.004 0.004 0.005 0.009 0.017 0.025 0.033 0.033 0.033 0.033 0.034 0.000 0.000 0.000 0.000 0.000 0.000 0.000 0.000 0.000 0.000 0.000 0.000 0.000 0.000 0.000 0.000 0.000 0.000 0.000 0.000 0.001 0.008 0.009 0.011 0.012 0.014 0.017 0.022 0.028 0.035 0.042 0.049 0.056 0.063 0.070 0.078 0.085 0.092 0.093 0.089 0.084 0.080
0.019 0.015 0.010 0.005 0.002 0.001 0.000 0.000 0.000 0.000 0.000 0.000 0.001 0.001 0.001 0.001 0.001 0.001 0.001 0.002 0.002 0.003 0.003 0.003 0.004 0.004 0.005 0.010 0.018 0.026 0.032 0.033 0.033 0.033 0.033 0.000 0.000 0.000 0.000 0.000 0.000 0.000 0.000 0.000 0.000 0.000 0.000 0.000 0.000 0.000 0.000 0.000 0.000 0.000 0.000 0.001 0.007 0.009 0.012 0.016 0.021 0.027 0.034 0.041 0.048 0.055 0.062 0.069 0.076 0.084 0.091 0.000 0.000 0.101 0.096 0.092 0.087
0.000 0.000 0.020 0.015 0.010 0.006 0.002 0.001 0.001 0.000 0.000 0.001 0.001 0.001 0.001 0.001 0.001 0.001 0.001 0.001 0.002 0.002 0.003 0.003 0.003 0.004 0.006 0.011 0.019 0.027 0.032 0.032 0.032 0.032 0.000 0.000 0.000 0.000 0.000 0.000 0.000 0.000 0.000 0.000 0.000 0.000 0.000 0.000 0.000 0.000 0.000 0.000 0.000 0.000 0.000 0.002 0.008 0.013 0.019 0.025 0.032 0.039 0.046 0.053 0.061 0.068 0.075 0.082 0.089 0.096 0.000 0.000 0.000 0.000 0.000 0.099 0.095
