数据/100y_1h/100y_1h_res/100y_1h_95-0001.wd
ncols         694
nrows         824
xllcorner     581104.939801
yllcorner     3495917.092414
cellsize      2.000000
NODATA_value  -9999.000000
[rows 714 to 747 of 824, columns 154 to 230 of 694]
0.000 0.000 0.000 0.000 0.000 0.000 0.002 0.003 0.004 0.005 0.006 0.007 0.008 0.009 0.009 0.009 0.010 0.010 0.009 0.008 0.001 0.001 0.078 0.073 0.068 0.066 0.063 0.059 0.054 0.049 0.044 0.040 0.000 0.000 0.000 0.000 0.000 0.000 0.000 0.000 0.000 0.000 0.001 0.037 0.060 0.071 0.082 0.092 0.102 0.000 0.000 0.000 0.000 0.000 0.000 0.000 0.000 0.000 0.201 0.212 0.223 0.222 0.200 0.180 0.189 0.104 0.025 0.001 0.000 0.000 0.000 0.000 0.000 0.000 0.000 0.000 0.000
0.000 0.000 0.000 0.000 0.000 0.002 0.003 0.004 0.005 0.006 0.007 0.008 0.009 0.010 0.010 0.011 0.011 0.011 0.012 0.012 0.011 0.010 0.000 0.093 0.090 0.087 0.084 0.079 0.073 0.068 0.062 0.057 0.051 0.048 0.000 0.000 0.000 0.000 0.000 0.000 0.000 0.001 0.025 0.078 0.123 0.134 0.144 0.155 0.166 0.000 0.000 0.000 0.000 0.000 0.000 0.000 0.000 0.000 0.264 0.259 0.236 0.213 0.189 0.181 0.191 0.147 0.061 0.001 0.000 0.000 0.000 0.000 0.000 0.000 0.000 0.000 0.000
0.000 0.000 0.000 0.000 0.001 0.003 0.004 0.005 0.006 0.007 0.008 0.009 0.010 0.010 0.011 0.012 0.012 0.013 0.013 0.014 0.015 0.015 0.014 0.001 0.001 0.108 0.104 0.099 0.093 0.087 0.081 0.076 0.070 0.066 0.062 0.000 0.000 0.000 0.000 0.000 0.001 0.013 0.065 0.121 0.178 0.196 0.208 0.218 0.228 0.000 0.000 0.000 0.000 0.000 0.000 0.000 0.000 0.297 0.274 0.250 0.226 0.204 0.180 0.184 0.193 0.188 0.104 0.019 0.000 0.000 0.000 0.000 0.000 0.000 0.000 0.000 0.000
0.000 0.000 0.000 0.000 0.002 0.004 0.005 0.006 0.007 0.008 0.009 0.010 0.010 0.011 0.012 0.012 0.013 0.014 0.015 0.016 0.017 0.019 0.021 0.023 0.026 0.004 0.125 0.119 0.114 0.107 0.100 0.095 0.089 0.086 0.082 0.077 0.075 0.000 0.000 0.000 0.007 0.054 0.108 0.164 0.219 0.260 0.270 0.281 0.000 0.000 0.000 0.000 0.000 0.000 0.000 0.000 0.000 0.289 0.265 0.241 0.217 0.194 0.177 0.187 0.196 0.206 0.148 0.062 0.003 0.000 0.000 0.000 0.000 0.000 0.000 0.000 0.000
0.000 0.000 0.000 0.001 0.003 0.005 0.006 0.007 0.008 0.008 0.009 0.010 0.011 0.011 0.012 0.013 0.014 0.015 0.016 0.017 0.019 0.022 0.025 0.031 0.041 0.061 0.004 0.139 0.133 0.125 0.119 0.114 0.110 0.106 0.102 0.098 0.095 0.093 0.000 0.043 0.054 0.097 0.150 0.207 0.262 0.317 0.333 0.344 0.000 0.000 0.000 0.000 0.000 0.000 0.000 0.000 0.000 0.279 0.255 0.231 0.208 0.185 0.180 0.189 0.198 0.208 0.192 0.106 0.000 0.000 0.000 0.000 0.000 0.000 0.000 0.000 0.000
0.000 0.000 0.000 0.001 0.003 0.005 0.006 0.007 0.008 0.009 0.010 0.010 0.011 0.012 0.013 0.013 0.014 0.015 0.017 0.018 0.020 0.023 0.026 0.030 0.035 0.041 0.027 0.001 0.000 0.142 0.137 0.133 0.130 0.126 0.122 0.119 0.116 0.113 0.106 0.081 0.099 0.139 0.193 0.249 0.305 0.360 0.396 0.407 0.000 0.000 0.000 0.000 0.000 0.000 0.000 0.000 0.000 0.270 0.245 0.223 0.198 0.175 0.183 0.192 0.202 0.211 0.219 0.151 0.000 0.000 0.000 0.000 0.000 0.000 0.000 0.000 0.000
0.000 0.000 0.000 0.001 0.003 0.005 0.006 0.007 0.008 0.009 0.010 0.011 0.011 0.012 0.013 0.014 0.015 0.016 0.017 0.019 0.020 0.022 0.025 0.027 0.030 0.032 0.025 0.018 0.012 0.001 0.155 0.153 0.150 0.146 0.143 0.140 0.137 0.135 0.132 0.000 0.000 0.179 0.235 0.291 0.346 0.403 0.459 0.469 0.480 0.458 0.000 0.000 0.000 0.000 0.000 0.000 0.283 0.260 0.236 0.213 0.189 0.176 0.186 0.195 0.205 0.214 0.224 0.196 0.000 0.000 0.000 0.000 0.000 0.000 0.000 0.000 0.000
0.000 0.000 0.000 0.001 0.003 0.005 0.006 0.007 0.008 0.009 0.010 0.011 0.012 0.012 0.013 0.014 0.015 0.016 0.017 0.018 0.020 0.021 0.023 0.025 0.026 0.026 0.023 0.019 0.015 0.010 0.000 0.173 0.170 0.167 0.164 0.161 0.159 0.157 0.000 0.000 0.000 0.000 0.277 0.333 0.389 0.444 0.499 0.496 0.472 0.449 0.424 0.399 0.000 0.000 0.000 0.000 0.274 0.251 0.227 0.203 0.179 0.180 0.188 0.198 0.207 0.217 0.226 0.000 0.000 0.000 0.000 0.000 0.000 0.000 0.000 0.000 0.000
0.000 0.000 0.000 0.001 0.003 0.005 0.006 0.007 0.008 0.009 0.010 0.011 0.012 0.012 0.013 0.014 0.015 0.016 0.017 0.018 0.019 0.020 0.022 0.023 0.023 0.023 0.021 0.018 0.016 0.013 0.009 0.000 0.000 0.187 0.184 0.182 0.181 0.000 0.000 0.000 0.000 0.000 0.000 0.375 0.431 0.454 0.475 0.000 0.000 0.439 0.414 0.390 0.365 0.341 0.000 0.000 0.264 0.241 0.217 0.194 0.173 0.181 0.191 0.200 0.210 0.219 0.229 0.000 0.000 0.000 0.000 0.000 0.000 0.000 0.000 0.000 0.000
0.000 0.000 0.000 0.001 0.003 0.005 0.006 0.007 0.008 0.009 0.010 0.011 0.012 0.012 0.013 0.014 0.015 0.015 0.016 0.017 0.018 0.019 0.020 0.021 0.021 0.020 0.019 0.017 0.015 0.013 0.011 0.008 0.006 0.001 0.203 0.200 0.000 0.000 0.000 0.000 0.000 0.000 0.000 0.389 0.410 0.430 0.451 0.000 0.000 0.000 0.000 0.380 0.356 0.331 0.305 0.279 0.254 0.231 0.206 0.184 0.176 0.184 0.193 0.202 0.212 0.222 0.233 0.000 0.000 0.000 0.000 0.000 0.000 0.000 0.000 0.000 0.000
0.000 0.000 0.000 0.001 0.003 0.005 0.006 0.007 0.008 0.009 0.010 0.011 0.011 0.012 0.013 0.014 0.014 0.015 0.016 0.017 0.017 0.018 0.019 0.019 0.019 0.019 0.018 0.016 0.015 0.013 0.012 0.010 0.008 0.006 0.000 0.216 0.208 0.000 0.000 0.000 0.000 0.000 0.000 0.365 0.387 0.407 0.426 0.440 0.000 0.000 0.000 0.000 0.000 0.320 0.295 0.269 0.244 0.220 0.198 0.174 0.177 0.185 0.195 0.204 0.213 0.224 0.000 0.000 0.000 0.000 0.000 0.000 0.000 0.000 0.000 0.000 0.000
0.000 0.000 0.000 0.001 0.003 0.005 0.006 0.007 0.008 0.009 0.010 0.011 0.011 0.012 0.013 0.013 0.014 0.015 0.015 0.016 0.017 0.017 0.018 0.018 0.018 0.017 0.017 0.016 0.014 0.013 0.012 0.010 0.009 0.007 0.005 0.000 0.225 0.221 0.000 0.000 0.000 0.000 0.000 0.000 0.364 0.000 0.000 0.421 0.409 0.000 0.000 0.000 0.000 0.000 0.000 0.258 0.233 0.210 0.186 0.169 0.178 0.187 0.196 0.206 0.216 0.225 0.000 0.000 0.000 0.000 0.000 0.000 0.000 0.000 0.000 0.000 0.000
0.000 0.000 0.000 0.001 0.003 0.005 0.006 0.007 0.008 0.009 0.010 0.010 0.011 0.012 0.012 0.013 0.013 0.014 0.015 0.015 0.016 0.016 0.016 0.017 0.017 0.016 0.016 0.015 0.014 0.013 0.012 0.010 0.009 0.008 0.006 0.004 0.000 0.240 0.257 0.000 0.000 0.000 0.000 0.000 0.000 0.000 0.000 0.000 0.390 0.000 0.000 0.000 0.000 0.000 0.268 0.245 0.222 0.198 0.174 0.170 0.180 0.189 0.198 0.207 0.217 0.228 0.000 0.000 0.000 0.000 0.000 0.000 0.000 0.000 0.000 0.000 0.000
0.000 0.000 0.000 0.001 0.003 0.005 0.006 0.007 0.008 0.008 0.009 0.010 0.011 0.011 0.012 0.012 0.013 0.014 0.014 0.015 0.015 0.015 0.016 0.016 0.015 0.015 0.015 0.014 0.013 0.012 0.011 0.010 0.009 0.008 0.007 0.005 0.003 0.001 0.229 0.246 0.000 0.000 0.000 0.000 0.000 0.000 0.000 0.000 0.370 0.000 0.000 0.000 0.000 0.000 0.258 0.235 0.211 0.188 0.164 0.173 0.181 0.189 0.198 0.208 0.217 0.000 0.000 0.000 0.000 0.000 0.000 0.000 0.000 0.000 0.000 0.000 0.000
0.000 0.000 0.000 0.000 0.002 0.004 0.005 0.006 0.007 0.008 0.009 0.009 0.010 0.011 0.011 0.012 0.012 0.013 0.013 0.014 0.014 0.014 0.015 0.015 0.015 0.014 0.014 0.013 0.013 0.012 0.011 0.010 0.009 0.008 0.007 0.006 0.004 0.002 0.000 0.217 0.232 0.000 0.000 0.000 0.000 0.000 0.000 0.353 0.349 0.000 0.000 0.000 0.000 0.267 0.248 0.225 0.201 0.177 0.165 0.174 0.182 0.190 0.200 0.209 0.216 0.222 0.229 0.000 0.000 0.000 0.000 0.000 0.000 0.000 0.000 0.000 0.000
0.000 0.000 0.000 0.000 0.001 0.003 0.004 0.005 0.006 0.007 0.008 0.009 0.010 0.010 0.011 0.011 0.012 0.012 0.013 0.013 0.013 0.014 0.014 0.014 0.014 0.013 0.013 0.013 0.012 0.011 0.010 0.010 0.009 0.008 0.007 0.006 0.004 0.003 0.001 0.000 0.202 0.217 0.000 0.000 0.000 0.000 0.000 0.000 0.000 0.000 0.000 0.000 0.000 0.246 0.235 0.214 0.190 0.167 0.167 0.176 0.185 0.193 0.202 0.210 0.217 0.225 0.232 0.239 0.247 0.000 0.000 0.000 0.000 0.000 0.000 0.000 0.000
0.000 0.000 0.000 0.000 0.000 0.002 0.003 0.004 0.005 0.006 0.007 0.008 0.009 0.010 0.010 0.011 0.011 0.012 0.012 0.012 0.013 0.013 0.013 0.013 0.013 0.013 0.012 0.012 0.011 0.011 0.010 0.009 0.008 0.007 0.006 0.005 0.004 0.003 0.001 0.000 0.000 0.187 0.201 0.220 0.000 0.000 0.000 0.000 0.000 0.000 0.000 0.000 0.235 0.224 0.213 0.201 0.180 0.160 0.168 0.178 0.187 0.196 0.204 0.212 0.220 0.228 0.236 0.244 0.250 0.257 0.266 0.000 0.000 0.000 0.000 0.000 0.000
0.000 0.000 0.000 0.000 0.000 0.000 0.002 0.003 0.004 0.005 0.006 0.007 0.008 0.009 0.010 0.010 0.011 0.011 0.011 0.012 0.012 0.012 0.012 0.012 0.012 0.012 0.011 0.011 0.011 0.010 0.009 0.009 0.008 0.007 0.006 0.005 0.004 0.002 0.000 0.000 0.000 0.000 0.175 0.193 0.212 0.000 0.000 0.000 0.000 0.000 0.000 0.000 0.214 0.203 0.191 0.179 0.167 0.163 0.171 0.180 0.190 0.199 0.207 0.214 0.223 0.231 0.239 0.246 0.253 0.261 0.269 0.277 0.227 0.000 0.000 0.000 0.000
0.000 0.000 0.000 0.000 0.000 0.000 0.000 0.002 0.003 0.004 0.005 0.006 0.007 0.008 0.009 0.010 0.010 0.010 0.011 0.011 0.011 0.011 0.011 0.011 0.011 0.011 0.011 0.010 0.010 0.009 0.009 0.008 0.007 0.006 0.005 0.004 0.003 0.001 0.000 0.000 0.000 0.000 0.000 0.168 0.185 0.204 0.000 0.000 0.000 0.000 0.000 0.204 0.193 0.181 0.170 0.158 0.155 0.161 0.170 0.180 0.190 0.201 0.209 0.218 0.227 0.000 0.000 0.000 0.255 0.263 0.271 0.279 0.271 0.184 0.117 0.000 0.000
0.000 0.000 0.000 0.000 0.000 0.000 0.000 0.000 0.002 0.003 0.004 0.005 0.006 0.007 0.008 0.009 0.009 0.010 0.010 0.010 0.010 0.010 0.010 0.010 0.010 0.010 0.010 0.010 0.009 0.009 0.008 0.007 0.006 0.005 0.004 0.003 0.002 0.000 0.000 0.000 0.000 0.000 0.000 0.000 0.159 0.178 0.197 0.000 0.000 0.000 0.000 0.183 0.172 0.160 0.154 0.154 0.154 0.156 0.167 0.176 0.187 0.197 0.208 0.217 0.227 0.000 0.000 0.000 0.000 0.000 0.274 0.282 0.291 0.228 0.187 0.147 0.000
0.000 0.000 0.000 0.000 0.000 0.000 0.000 0.000 0.000 0.002 0.003 0.004 0.005 0.006 0.007 0.008 0.008 0.009 0.009 0.009 0.009 0.009 0.009 0.009 0.009 0.009 0.009 0.009 0.008 0.008 0.007 0.006 0.005 0.004 0.003 0.002 0.000 0.000 0.000 0.000 0.000 0.000 0.000 0.000 0.137 0.154 0.171 0.191 0.000 0.188 0.174 0.164 0.151 0.152 0.152 0.152 0.153 0.154 0.164 0.174 0.184 0.195 0.205 0.216 0.000 0.000 0.000 0.000 0.000 0.000 0.000 0.282 0.291 0.296 0.257 0.217 0.000
0.000 0.000 0.000 0.000 0.000 0.000 0.000 0.000 0.000 0.000 0.002 0.003 0.004 0.005 0.006 0.007 0.008 0.008 0.008 0.008 0.008 0.008 0.008 0.008 0.008 0.008 0.008 0.008 0.008 0.007 0.006 0.005 0.004 0.003 0.002 0.000 0.000 0.000 0.000 0.000 0.000 0.000 0.000 0.000 0.000 0.131 0.147 0.165 0.182 0.168 0.155 0.151 0.151 0.151 0.150 0.151 0.151 0.152 0.161 0.171 0.181 0.192 0.203 0.000 0.000 0.000 0.000 0.000 0.000 0.000 0.000 0.000 0.000 0.301 0.296 0.285 0.243
0.000 0.000 0.000 0.000 0.000 0.000 0.000 0.000 0.000 0.000 0.000 0.002 0.003 0.004 0.005 0.006 0.007 0.007 0.007 0.007 0.007 0.007 0.007 0.007 0.007 0.007 0.007 0.007 0.007 0.006 0.005 0.004 0.003 0.002 0.000 0.000 0.000 0.000 0.000 0.000 0.000 0.000 0.000 0.000 0.000 0.000 0.124 0.140 0.157 0.150 0.150 0.150 0.150 0.150 0.149 0.150 0.150 0.151 0.158 0.168 0.179 0.189 0.201 0.000 0.000 0.000 0.000 0.000 0.000 0.000 0.000 0.000 0.000 0.000 0.000 0.292 0.286
0.000 0.000 0.000 0.000 0.000 0.000 0.000 0.000 0.000 0.000 0.000 0.000 0.002 0.003 0.004 0.005 0.006 0.006 0.006 0.006 0.006 0.006 0.006 0.006 0.006 0.006 0.006 0.006 0.006 0.005 0.004 0.003 0.002 0.000 0.000 0.000 0.000 0.000 0.000 0.000 0.000 0.000 0.000 0.000 0.000 0.000 0.000 0.117 0.135 0.149 0.148 0.148 0.148 0.147 0.147 0.148 0.148 0.150 0.155 0.165 0.176 0.187 0.000 0.000 0.000 0.000 0.000 0.000 0.000 0.000 0.000 0.000 0.000 0.000 0.000 0.000 0.000
0.000 0.000 0.000 0.000 0.000 0.000 0.000 0.000 0.000 0.000 0.000 0.000 0.000 0.002 0.003 0.004 0.005 0.005 0.005 0.005 0.005 0.005 0.005 0.005 0.005 0.005 0.005 0.005 0.005 0.004 0.003 0.002 0.000 0.000 0.000 0.000 0.000 0.000 0.000 0.000 0.000 0.000 0.000 0.000 0.000 0.000 0.000 0.000 0.112 0.131 0.146 0.146 0.146 0.146 0.145 0.146 0.146 0.147 0.152 0.162 0.173 0.185 0.000 0.000 0.000 0.000 0.000 0.000 0.000 0.000 0.000 0.000 0.000 0.000 0.000 0.000 0.000
0.000 0.000 0.000 0.000 0.000 0.000 0.000 0.000 0.000 0.000 0.000 0.000 0.000 0.000 0.001 0.002 0.003 0.003 0.003 0.003 0.003 0.003 0.003 0.003 0.003 0.003 0.003 0.003 0.003 0.002 0.001 0.000 0.000 0.000 0.000 0.000 0.000 0.000 0.000 0.000 0.000 0.000 0.000 0.000 0.000 0.000 0.000 0.000 0.000 0.100 0.128 0.143 0.143 0.143 0.143 0.144 0.144 0.145 0.147 0.158 0.169 0.000 0.000 0.000 0.000 0.000 0.000 0.000 0.000 0.000 0.000 0.000 0.000 0.000 0.000 0.000 0.000
0.000 0.000 0.000 0.000 0.000 0.000 0.000 0.000 0.000 0.000 0.000 0.000 0.000 0.000 0.000 0.000 0.001 0.001 0.001 0.001 0.001 0.001 0.001 0.001 0.001 0.001 0.001 0.001 0.001 0.000 0.000 0.000 0.000 0.000 0.000 0.000 0.000 0.000 0.000 0.000 0.000 0.000 0.000 0.000 0.000 0.000 0.000 0.000 0.000 0.000 0.107 0.127 0.142 0.141 0.141 0.140 0.140 0.141 0.143 0.155 0.167 0.000 0.000 0.000 0.000 0.000 0.000 0.000 0.000 0.000 0.000 0.000 0.000 0.000 0.000 0.000 0.000
0.000 0.000 0.000 0.000 0.000 0.000 0.000 0.000 0.000 0.000 0.000 0.000 0.000 0.000 0.000 0.000 0.000 0.000 0.000 0.000 0.000 0.000 0.000 0.000 0.000 0.000 0.000 0.000 0.000 0.000 0.000 0.000 0.000 0.000 0.000 0.000 0.000 0.000 0.000 0.000 0.000 0.000 0.000 0.000 0.000 0.000 0.000 0.000 0.000 0.000 0.086 0.106 0.126 0.139 0.137 0.135 0.134 0.135 0.138 0.150 0.000 0.000 0.000 0.000 0.000 0.000 0.000 0.000 0.000 0.000 0.000 0.000 0.000 0.000 0.000 0.000 0.000
0.000 0.000 0.000 0.000 0.000 0.000 0.000 0.000 0.000 0.000 0.000 0.000 0.000 0.000 0.000 0.000 0.000 0.000 0.000 0.000 0.000 0.000 0.000 0.000 0.000 0.000 0.000 0.000 0.000 0.000 0.000 0.000 0.000 0.000 0.000 0.000 0.000 0.000 0.000 0.000 0.000 0.000 0.000 0.000 0.000 0.000 0.000 0.000 0.000 0.000 0.000 0.083 0.102 0.121 0.133 0.129 0.120 0.126 0.127 0.000 0.000 0.000 0.000 0.000 0.000 0.000 0.000 0.000 0.000 0.000 0.000 0.000 0.000 0.000 0.000 0.000 0.000
0.000 0.000 0.000 0.000 0.000 0.000 0.000 0.000 0.000 0.000 0.000 0.000 0.000 0.000 0.000 0.000 0.000 0.000 0.000 0.000 0.000 0.000 0.000 0.000 0.000 0.000 0.000 0.000 0.000 0.000 0.000 0.000 0.000 0.000 0.000 0.000 0.000 0.000 0.000 0.000 0.000 0.000 0.000 0.000 0.000 0.000 0.000 0.000 0.000 0.000 0.000 0.059 0.079 0.097 0.115 0.124 0.120 0.120 0.117 0.113 0.000 0.000 0.000 0.000 0.000 0.000 0.000 0.000 0.000 0.000 0.000 0.000 0.000 0.000 0.000 0.000 0.000
0.000 0.000 0.000 0.000 0.000 0.000 0.000 0.000 0.000 0.000 0.000 0.000 0.000 0.000 0.000 0.000 0.000 0.000 0.000 0.000 0.000 0.000 0.000 0.000 0.000 0.000 0.000 0.000 0.000 0.000 0.000 0.000 0.000 0.000 0.000 0.000 0.000 0.000 0.000 0.000 0.000 0.000 0.000 0.000 0.000 0.000 0.000 0.000 0.000 0.000 0.000 0.037 0.056 0.073 0.091 0.108 0.117 0.114 0.110 0.105 0.106 0.000 0.000 0.000 0.000 0.000 0.000 0.000 0.000 0.000 0.000 0.000 0.000 0.000 0.000 0.000 0.000
0.000 0.000 0.000 0.000 0.000 0.000 0.000 0.000 0.000 0.000 0.000 0.000 0.000 0.000 0.000 0.000 0.000 0.000 0.000 0.000 0.000 0.000 0.000 0.000 0.000 0.000 0.000 0.000 0.000 0.000 0.000 0.000 0.000 0.000 0.000 0.000 0.000 0.000 0.000 0.000 0.000 0.000 0.000 0.000 0.000 0.000 0.000 0.000 0.000 0.000 0.000 0.013 0.032 0.050 0.067 0.084 0.101 0.109 0.103 0.096 0.094 0.086 0.086 0.000 0.000 0.000 0.000 0.000 0.000 0.000 0.000 0.000 0.000 0.000 0.000 0.000 0.000
0.000 0.000 0.000 0.000 0.000 0.000 0.000 0.000 0.000 0.000 0.000 0.000 0.000 0.000 0.000 0.000 0.000 0.000 0.000 0.000 0.000 0.000 0.000 0.000 0.000 0.000 0.000 0.000 0.000 0.000 0.000 0.000 0.000 0.000 0.000 0.000 0.000 0.000 0.000 0.000 0.000 0.000 0.000 0.000 0.000 0.000 0.000 0.000 0.000 0.000 0.000 0.000 0.009 0.026 0.043 0.060 0.076 0.091 0.097 0.088 0.083 0.077 0.077 0.080 0.000 0.000 0.000 0.000 0.000 0.000 0.000 0.000 0.000 0.000 0.000 0.000 0.000
0.000 0.000 0.000 0.000 0.000 0.000 0.000 0.000 0.000 0.000 0.000 0.000 0.000 0.000 0.000 0.000 0.000 0.000 0.000 0.000 0.000 0.000 0.000 0.000 0.000 0.000 0.000 0.000 0.000 0.000 0.000 0.000 0.000 0.000 0.000 0.000 0.000 0.000 0.000 0.000 0.000 0.000 0.000 0.000 0.000 0.000 0.000 0.000 0.000 0.000 0.000 0.000 0.001 0.005 0.019 0.035 0.051 0.065 0.078 0.078 0.070 0.067 0.069 0.071 0.071 0.000 0.000 0.000 0.000 0.000 0.000 0.000 0.000 0.000 0.000 0.000 0.000
