数据/2_damage_result/damage_100y.txt
ncols         694
nrows         824
xllcorner     581104.93980083
yllcorner     3495917.0924138
cellsize      2
NODATA_value  -9999
[rows 442 to 475 of 824, columns 462 to 538 of 694]
0.000 18.678 18.094 17.511 16.781 16.197 15.468 15.030 14.300 13.571 12.987 11.966 10.506 9.485 8.026 6.712 5.399 4.086 2.773 1.459 0.146 0.000 0.000 0.000 0.000 0.000 0.000 0.000 0.000 0.000 0.000 0.000 0.000 0.000 0.000 0.000 0.000 0.000 0.000 0.000 0.000 0.000 0.000 0.000 0.000 0.000 0.000 0.146 0.584 1.313 2.627 4.524 5.837 8.026 0.000 0.000 0.000 0.000 0.000 0.000 0.000 0.000 0.000 0.000 0.000 0.146 0.292 0.000 0.000 0.000 0.000 0.000 0.000 0.000 0.000 0.000 0.000
0.000 0.000 0.000 0.000 17.948 17.219 16.635 16.051 15.322 14.738 13.279 12.112 10.944 9.485 8.172 6.858 5.691 4.232 3.064 1.751 0.438 0.000 0.000 0.000 0.000 0.000 0.000 0.000 0.000 0.000 0.000 0.000 0.000 0.000 0.000 0.000 0.000 0.000 0.000 0.000 0.000 0.000 0.000 0.000 0.000 0.000 0.000 0.292 0.876 1.897 2.918 3.940 5.399 7.296 0.000 0.000 0.000 0.000 0.000 0.000 0.000 0.000 0.000 0.000 0.146 0.292 0.292 2.189 0.000 0.000 0.000 0.000 0.000 0.000 0.000 0.000 0.000
0.000 0.000 0.000 0.000 0.000 0.000 0.000 17.073 16.197 14.884 13.717 12.403 10.944 9.777 8.318 7.150 5.837 4.524 3.210 1.897 0.584 0.000 0.000 0.000 0.000 0.000 0.000 0.000 0.000 0.000 0.000 0.000 0.000 0.000 0.000 0.000 0.000 0.000 0.000 0.000 0.000 0.000 0.000 0.000 0.000 0.000 0.000 0.584 1.313 2.043 2.918 3.940 4.961 6.275 0.000 0.000 0.000 0.000 0.000 0.000 0.000 0.000 0.000 0.000 0.146 0.292 0.292 0.000 0.000 0.000 0.000 0.000 0.000 0.000 0.000 0.000 0.000
22.764 0.000 0.000 0.000 0.000 0.000 0.000 0.000 0.000 15.030 13.717 12.549 11.236 9.923 8.609 7.296 5.983 4.670 3.356 2.189 0.876 0.000 0.000 0.000 0.000 0.000 0.000 0.000 0.000 0.000 0.000 0.000 0.000 0.000 0.000 0.000 0.000 0.000 0.000 0.000 0.000 0.000 0.000 0.000 0.000 0.000 0.000 0.584 1.167 1.897 2.773 3.648 4.378 5.253 0.000 0.000 0.000 0.000 0.000 0.000 0.000 0.000 0.000 0.000 0.146 0.292 0.146 0.000 0.000 0.000 0.000 0.000 0.000 0.000 0.000 0.000 0.000
23.931 23.348 22.472 21.888 0.000 0.000 0.000 0.000 0.000 15.322 13.863 12.695 11.382 9.923 8.755 7.442 6.129 4.815 3.648 2.335 1.021 0.000 0.000 0.000 0.000 0.000 0.000 0.000 0.000 0.000 0.000 0.000 0.000 0.000 0.000 0.000 0.000 0.000 0.000 0.000 0.000 0.000 0.000 0.000 0.000 0.000 0.584 1.021 1.751 2.627 3.648 4.670 5.399 5.253 0.000 0.000 0.000 0.000 0.000 0.000 0.000 0.000 0.000 0.000 0.146 0.438 0.000 0.000 0.000 0.000 0.000 0.000 0.000 0.000 0.000 0.000 0.000
24.953 24.369 23.785 23.202 21.888 20.721 19.408 0.000 16.635 15.468 14.154 12.841 11.528 10.215 8.901 7.588 6.275 5.107 3.794 2.627 1.313 0.000 0.000 0.000 0.000 0.000 0.000 0.000 0.000 0.000 0.000 0.000 0.000 0.000 0.000 0.000 0.000 0.000 0.000 0.000 0.000 0.000 0.000 0.000 0.000 0.000 0.584 1.313 2.189 3.502 4.815 6.129 7.442 0.000 0.000 0.000 0.000 0.000 0.000 0.000 0.000 0.000 0.000 0.000 0.146 0.584 0.000 0.000 0.000 0.000 0.000 0.000 0.000 0.000 0.000 0.000 0.000
26.120 25.536 24.807 23.494 22.326 21.013 19.700 18.386 16.927 15.468 14.300 12.987 11.674 10.215 8.901 7.734 6.567 5.107 3.940 0.000 0.000 0.000 0.000 0.000 0.000 0.000 0.000 0.000 0.000 0.000 0.000 0.000 0.000 0.000 0.000 0.000 0.000 0.000 0.000 0.000 0.000 0.000 0.000 0.000 0.000 0.146 0.730 1.605 2.773 4.232 5.691 7.150 8.755 0.000 0.000 0.000 0.000 0.000 0.000 0.000 0.000 0.000 0.000 0.000 0.292 0.876 0.000 0.000 0.000 0.000 0.000 0.000 0.000 0.000 0.000 0.000 0.000
26.996 26.266 24.953 23.639 22.472 21.159 19.845 18.532 17.073 15.760 14.446 13.133 11.820 10.506 9.193 7.880 6.712 5.399 4.086 0.000 0.000 0.000 0.000 0.000 0.000 0.000 0.000 0.000 0.000 0.000 0.000 0.000 0.000 0.000 0.000 0.000 0.000 0.000 0.000 0.000 0.000 0.000 0.000 0.000 0.000 0.438 1.021 2.043 3.502 4.961 6.567 8.026 9.485 0.000 0.000 0.000 0.000 0.000 0.000 0.000 0.000 0.000 0.000 0.146 0.292 0.876 0.000 0.000 0.000 0.000 0.000 0.000 0.000 0.000 0.000 0.000 0.000
0.000 0.000 25.245 24.077 22.618 21.305 19.991 18.824 17.365 16.051 14.738 13.279 12.112 10.652 9.339 8.172 6.858 5.545 4.232 2.773 1.167 0.000 0.000 0.000 0.000 0.000 0.000 0.000 0.000 0.000 0.000 0.000 0.000 0.000 0.000 0.000 0.000 0.000 0.000 0.000 0.000 0.000 0.000 0.000 0.000 0.584 1.313 2.627 4.232 5.837 7.442 8.755 9.777 0.000 0.000 0.000 0.000 0.000 0.000 0.000 0.000 0.000 0.146 0.292 0.438 0.876 1.021 1.751 0.000 0.000 0.000 0.000 0.000 0.000 14.592 16.635 18.678
0.000 0.000 0.000 0.000 0.000 0.000 20.283 18.970 17.511 16.051 14.884 13.571 12.112 10.798 9.485 8.318 7.150 5.837 4.378 2.918 1.459 0.000 0.000 0.000 0.000 0.000 0.000 0.000 0.000 0.000 0.000 0.000 0.000 0.000 0.000 0.000 0.000 0.000 0.000 0.000 0.000 0.000 0.000 0.000 0.292 0.730 1.897 3.356 4.961 6.567 8.318 10.069 0.000 0.000 0.000 0.000 0.000 0.000 0.000 0.000 0.000 0.000 0.146 0.438 0.730 1.313 0.000 0.876 2.043 4.086 6.129 0.000 0.000 12.112 14.300 16.197 18.240
0.000 0.000 0.000 0.000 0.000 0.000 0.000 0.000 0.000 16.343 15.176 13.717 12.403 11.090 9.923 8.609 7.296 5.983 4.670 3.064 1.605 0.000 0.000 0.000 0.000 0.000 0.000 0.000 0.000 0.000 0.000 0.000 0.000 0.000 0.000 0.000 0.000 0.000 0.000 0.000 0.000 0.000 0.000 0.000 0.438 1.021 2.627 4.086 5.691 7.150 8.755 10.652 0.000 0.000 0.000 0.000 0.000 0.000 0.000 0.000 0.000 0.146 0.292 0.584 0.876 1.313 0.000 0.000 0.000 3.648 5.837 7.734 9.777 11.820 13.863 15.760 0.000
0.000 0.000 0.000 0.000 0.000 0.000 0.000 0.000 0.000 0.000 0.000 0.000 0.000 11.236 10.069 8.755 7.588 6.275 4.815 3.210 1.459 0.000 0.000 0.000 0.000 0.000 0.000 0.000 0.000 0.000 0.000 0.000 0.000 0.000 0.000 0.000 0.000 0.000 0.000 0.000 0.000 0.000 0.000 0.000 0.584 1.751 3.356 4.524 5.837 7.442 9.047 10.798 0.000 0.000 0.000 0.000 0.000 0.000 0.000 0.000 0.000 0.146 0.438 0.876 1.167 0.000 0.000 0.000 1.313 3.356 0.000 0.000 9.339 11.382 13.425 15.468 17.511
0.000 0.000 0.000 0.000 0.000 0.000 0.000 0.000 0.000 0.000 0.000 0.000 0.000 0.000 0.000 0.000 7.734 6.421 5.691 4.815 3.064 1.897 1.313 0.876 0.438 0.292 0.146 0.146 0.146 0.146 0.146 0.146 0.146 0.146 0.146 0.146 0.146 0.146 0.146 0.146 0.146 0.146 0.146 0.292 0.876 2.335 3.502 4.815 6.129 7.588 9.193 10.798 0.000 0.000 0.000 0.000 0.000 0.000 0.000 0.000 0.000 0.292 0.730 1.313 0.000 0.000 0.000 0.000 0.000 0.000 0.000 0.000 9.047 11.090 12.987 15.030 17.073
0.000 0.000 0.000 0.000 0.000 0.000 0.000 0.000 0.000 0.000 0.000 0.000 0.000 0.000 0.000 0.000 0.000 0.000 0.000 0.000 6.129 5.691 5.107 4.086 2.335 1.459 1.167 1.021 0.876 0.730 0.584 0.584 0.438 0.438 0.438 0.438 0.438 0.292 0.292 0.292 0.292 0.292 0.292 0.438 1.313 2.481 3.502 4.815 6.275 7.880 9.631 0.000 0.000 0.000 0.000 0.000 0.000 0.000 0.000 0.000 0.146 0.438 1.021 1.459 0.000 0.000 0.000 0.000 0.000 0.000 0.000 0.000 8.609 10.652 0.000 0.000 0.000
0.000 0.000 0.000 0.000 0.000 0.000 0.000 0.000 0.000 0.000 0.000 0.000 0.000 0.000 0.000 0.000 0.000 0.000 0.000 0.000 0.000 0.000 0.000 0.000 3.502 3.064 3.210 2.189 1.459 1.167 0.876 0.730 0.730 0.584 0.584 0.584 0.584 0.584 0.438 0.438 0.438 0.438 0.730 0.730 1.459 2.335 3.648 5.107 6.567 8.318 9.631 0.000 0.000 0.000 0.000 0.000 0.000 0.000 0.000 0.000 0.292 0.584 1.459 0.000 0.000 0.000 0.000 0.000 0.000 0.000 0.000 0.000 0.000 0.000 0.000 0.000 16.197
0.000 0.000 0.000 0.000 0.000 0.000 0.000 0.000 0.000 0.000 0.000 0.000 0.000 0.000 0.000 0.000 0.000 0.000 0.000 0.000 0.000 0.000 0.000 0.000 0.000 0.000 0.000 1.605 1.167 0.730 0.730 0.730 0.584 0.584 0.584 0.584 0.584 0.584 0.584 0.584 0.438 0.584 0.730 0.876 1.605 2.773 4.086 5.399 7.004 8.609 9.777 0.000 0.000 0.000 0.000 0.000 0.000 0.000 0.000 0.146 0.292 0.730 1.605 3.648 0.000 0.000 0.000 0.000 0.000 0.000 0.000 0.000 0.000 0.000 0.000 0.000 0.000
0.000 0.000 0.000 0.000 0.000 0.000 0.000 0.000 0.000 0.000 0.000 0.000 0.000 0.000 0.000 0.000 0.000 0.000 0.000 0.000 0.000 0.000 0.000 0.000 0.000 0.000 0.000 1.167 1.021 0.730 0.438 0.584 0.584 0.584 0.584 0.584 0.584 0.584 0.584 0.584 0.584 0.730 0.876 1.021 1.751 2.918 4.378 5.837 7.734 9.485 0.000 0.000 0.000 0.000 0.000 0.000 0.000 0.000 0.000 0.292 0.584 1.021 1.459 0.000 0.000 0.000 2.043 0.000 0.000 0.000 0.000 0.000 0.000 0.000 0.000 0.000 15.468
0.146 0.000 0.000 0.000 0.000 0.000 0.000 0.000 0.000 0.000 0.000 0.000 0.000 0.000 0.000 0.000 0.000 0.000 0.000 0.000 0.000 0.000 0.000 0.000 0.000 0.000 0.000 0.876 0.876 0.730 0.584 0.438 0.438 0.438 0.438 0.584 0.584 0.584 0.584 0.584 0.584 0.876 0.876 1.167 2.043 3.356 4.961 6.567 8.464 9.923 0.000 0.000 0.000 0.000 0.000 0.000 0.000 0.000 0.146 0.292 0.730 1.605 0.000 0.000 0.000 0.000 1.751 3.064 0.000 0.000 0.000 0.000 0.000 0.000 0.000 0.000 15.176
1.751 1.021 0.584 0.292 0.000 0.000 0.000 0.000 0.000 0.000 0.000 0.000 0.000 0.000 0.000 0.000 0.000 0.000 0.000 0.000 0.000 0.000 0.000 0.000 0.000 0.000 0.000 0.584 0.730 0.730 0.584 0.438 0.292 0.292 0.438 0.438 0.438 0.438 0.438 0.438 0.584 0.730 1.021 1.459 2.335 3.940 5.837 7.588 9.047 10.506 0.000 0.000 0.000 0.000 0.000 0.000 0.000 0.146 0.292 0.584 1.021 1.751 2.918 4.378 0.000 0.000 1.897 2.481 2.627 2.918 3.356 5.107 0.000 0.000 0.000 12.695 14.738
5.399 4.378 3.502 2.335 1.313 0.730 0.438 0.146 0.000 0.000 0.000 0.000 0.000 0.000 0.000 0.000 0.000 0.000 0.000 0.000 0.000 0.000 0.000 0.000 0.000 0.000 0.000 0.584 0.584 0.584 0.584 0.584 0.438 0.292 0.292 0.292 0.292 0.292 0.438 0.438 0.730 1.167 1.605 2.043 3.210 5.107 6.858 8.901 10.069 0.000 0.000 0.000 0.000 0.000 0.000 0.000 0.146 0.146 0.438 0.730 1.313 2.043 2.773 3.502 3.502 3.210 2.773 2.627 2.481 2.481 2.918 4.524 6.421 0.000 0.000 12.403 14.446
1.166 1.006 8.026 6.712 5.253 3.794 2.627 1.751 1.167 0.584 0.146 0.000 0.000 0.000 0.000 0.000 0.000 0.000 0.000 0.000 0.000 0.000 0.000 0.000 0.000 0.000 0.000 0.438 0.584 0.584 0.584 0.584 0.438 0.438 0.292 0.292 0.292 0.292 0.292 0.438 1.167 1.897 2.773 3.648 5.253 7.004 8.026 10.215 11.236 0.000 0.000 0.000 0.000 0.000 0.000 0.000 0.146 0.292 0.584 1.021 1.751 2.481 3.210 3.064 3.064 2.918 2.773 2.335 2.189 2.189 2.627 4.086 5.837 7.734 9.777 11.820 13.863
1.821 1.629 1.469 1.310 1.150 0.958 7.150 5.545 4.232 3.210 2.335 1.459 0.876 0.292 0.146 0.000 0.000 0.000 0.000 0.000 0.000 0.000 0.000 0.000 0.000 0.000 0.000 0.438 0.584 0.584 0.584 0.584 0.584 0.438 0.292 0.292 0.146 0.292 0.292 0.876 1.605 2.627 3.356 4.524 6.129 7.588 9.047 10.506 12.695 0.000 0.000 0.000 0.000 0.000 0.000 0.146 0.292 0.438 0.876 1.459 2.189 3.064 4.086 0.000 0.000 0.000 0.000 1.167 1.313 1.459 2.043 3.648 5.399 7.442 9.485 11.528 0.000
2.060 2.092 2.124 1.980 1.789 1.581 1.374 1.182 1.006 0.846 6.421 4.961 3.794 2.481 2.189 1.313 0.584 0.292 0.000 0.000 0.000 0.000 0.000 0.000 0.000 0.000 0.000 0.292 0.438 0.584 0.584 0.584 0.584 0.438 0.438 0.292 0.292 0.146 0.146 1.313 2.043 2.627 3.502 4.815 6.275 7.588 9.777 10.506 12.549 0.000 0.000 0.000 0.000 0.000 0.000 0.146 0.438 0.730 1.313 1.897 2.627 3.648 4.232 0.000 0.000 0.000 0.000 0.730 0.000 0.584 1.605 3.210 5.107 7.150 9.193 11.236 0.000
1.933 1.948 2.012 2.044 2.092 2.092 2.044 1.837 1.645 1.453 1.278 1.102 0.942 6.858 5.691 4.815 3.940 2.189 1.167 0.730 0.438 0.146 0.000 0.000 0.000 0.000 0.000 0.292 0.438 0.584 0.584 0.584 0.584 0.438 0.438 0.292 0.292 0.146 0.146 1.605 2.481 3.648 4.961 5.545 6.712 7.588 9.631 11.236 0.000 0.000 0.000 0.000 0.000 0.000 0.000 0.292 0.584 1.167 1.751 2.335 3.064 4.378 0.000 0.000 0.000 0.000 0.000 0.000 0.000 0.000 0.000 0.000 4.815 6.712 8.609 0.000 0.000
10.624 10.812 11.094 11.282 1.933 1.948 1.964 1.980 1.996 2.028 1.948 1.757 1.565 1.390 1.214 1.086 0.958 7.150 4.961 3.210 2.189 1.313 0.730 0.438 0.146 0.000 0.000 0.292 0.438 0.438 0.584 0.584 0.438 0.438 0.438 0.438 0.292 1.313 2.481 2.627 2.773 4.086 4.815 6.129 6.712 7.880 9.631 10.944 0.000 0.000 0.000 0.000 0.000 0.000 0.292 0.584 1.021 1.605 2.189 2.918 3.356 4.670 0.000 0.000 0.000 0.000 0.000 0.000 0.000 0.000 0.000 0.000 0.000 6.421 8.318 0.000 0.000
9.965 10.247 10.436 10.624 10.624 10.624 10.718 10.718 1.853 1.901 1.948 1.980 2.012 2.028 1.901 1.741 1.581 1.374 1.134 0.894 6.421 4.670 3.356 2.189 1.313 0.730 0.438 0.146 0.292 0.438 0.438 0.438 0.438 0.438 0.438 1.605 2.627 4.086 5.545 7.004 6.858 5.691 4.961 5.691 6.858 8.318 9.339 10.798 0.000 0.000 0.000 0.000 0.000 0.000 0.438 0.730 1.167 1.751 2.627 3.356 3.502 4.670 0.000 0.000 0.000 0.000 0.000 0.000 0.000 0.000 0.000 0.000 0.000 5.983 7.880 9.339 0.000
9.213 9.495 9.777 9.871 9.871 9.871 9.871 9.871 10.059 10.341 10.624 1.837 1.885 1.917 1.964 2.012 2.044 2.012 1.773 1.517 1.262 1.070 0.846 0.655 4.232 2.773 1.751 0.730 0.584 0.438 0.438 0.438 1.313 2.918 5.399 6.712 7.880 8.172 10.069 11.674 10.798 10.069 10.506 9.485 8.318 9.339 11.236 0.000 0.000 0.000 0.000 0.000 0.000 0.000 0.584 1.021 1.459 1.897 2.773 3.940 0.000 0.000 0.000 0.000 0.000 0.000 0.000 0.000 0.000 0.000 0.000 0.000 0.000 5.983 7.734 8.464 8.172
8.555 8.931 9.119 9.025 8.931 8.931 9.025 9.119 9.401 9.589 9.777 9.965 10.341 10.624 10.812 1.869 1.885 1.901 1.853 1.805 1.773 1.677 1.421 1.182 0.926 0.703 0.511 3.064 2.335 2.335 2.627 5.691 7.442 7.734 9.193 9.339 10.652 12.841 14.446 14.884 16.051 16.051 14.446 13.425 13.133 12.112 13.571 0.000 0.000 0.000 0.000 0.000 0.000 0.000 1.021 1.459 1.897 2.335 3.064 3.940 0.000 7.734 0.000 0.000 0.000 0.000 0.000 0.000 0.000 0.000 0.000 0.000 5.253 6.421 8.026 0.000 0.000
7.897 7.991 7.991 8.085 8.085 8.085 8.085 8.179 8.461 8.743 9.025 9.307 9.589 9.777 9.965 10.153 10.247 10.153 9.871 1.645 1.645 1.597 1.549 1.485 1.405 1.198 0.926 0.687 0.623 0.799 0.831 8.901 9.339 10.652 12.257 13.133 16.197 17.365 18.386 19.116 19.991 19.991 19.408 18.094 16.781 16.781 16.635 0.000 0.000 0.000 0.000 0.000 0.000 1.021 1.459 1.897 2.335 2.918 3.940 0.000 0.000 7.296 9.339 11.090 0.000 0.000 0.000 0.000 0.000 0.000 0.000 0.000 5.253 6.712 7.880 0.000 0.000
7.145 7.333 7.427 7.239 7.051 7.051 7.239 7.427 7.615 7.897 8.179 8.555 8.837 9.025 9.213 9.213 9.213 9.025 8.837 8.743 8.743 8.367 1.358 1.294 1.214 1.118 0.990 0.942 0.958 1.070 1.150 1.294 1.358 1.517 14.738 18.094 18.678 19.845 20.721 22.326 23.785 24.369 24.077 23.056 21.451 21.451 0.000 0.000 0.000 0.000 0.000 0.000 0.000 1.313 1.897 2.335 2.773 3.210 3.940 5.983 0.000 7.296 9.047 0.000 0.000 7.588 0.000 0.000 0.000 0.000 0.000 4.086 5.837 7.734 0.000 0.000 0.000
6.487 6.299 6.111 6.111 6.205 6.487 6.581 6.675 6.863 7.145 7.521 7.803 7.991 8.179 8.179 8.179 8.085 7.991 7.897 7.803 7.521 7.145 6.675 6.111 5.453 4.701 0.831 1.086 1.262 1.358 1.390 1.565 1.725 1.996 2.140 2.284 2.428 2.683 25.682 26.120 27.288 28.747 28.017 27.871 26.558 25.536 0.000 0.000 0.000 0.000 0.000 0.000 0.000 2.043 2.918 3.356 3.502 3.648 3.940 4.670 5.545 6.567 8.318 0.000 6.567 7.734 9.485 11.382 13.425 0.000 0.000 0.000 6.421 8.172 0.000 0.000 0.000
5.265 5.265 5.359 5.453 5.547 5.641 5.641 5.829 6.111 6.487 6.769 6.957 6.957 6.957 7.051 7.051 6.957 6.957 6.863 6.581 6.205 5.547 4.795 4.325 4.513 5.077 6.581 9.025 9.307 9.965 1.725 1.901 2.124 2.316 2.444 2.699 2.859 3.146 3.146 3.242 3.466 3.562 34.292 30.644 30.206 28.455 25.828 24.369 23.202 0.000 0.000 0.000 0.000 4.815 3.940 4.378 4.670 4.524 4.670 4.815 4.961 5.545 6.712 6.421 6.567 7.588 9.047 11.090 12.987 0.000 0.000 0.000 7.734 8.609 10.652 0.000 0.000
3.949 4.137 4.325 4.513 4.701 4.795 4.889 5.171 5.359 5.547 5.735 5.829 5.923 6.017 6.017 5.923 5.923 5.829 5.547 4.983 4.231 4.043 4.231 4.419 5.171 7.051 9.871 11.940 12.316 12.692 12.316 13.726 14.666 2.731 2.795 3.114 3.322 3.434 3.641 3.673 3.977 4.232 4.057 4.057 0.000 0.000 28.309 27.433 25.682 22.910 20.575 18.970 0.000 9.485 8.609 7.296 5.691 5.399 5.253 5.253 5.545 5.545 5.837 5.837 6.129 6.712 8.172 10.215 12.257 0.000 0.000 8.026 9.339 0.000 10.360 12.257 0.000
2.726 3.196 3.573 3.761 3.855 3.949 4.137 4.325 4.513 4.795 4.889 4.983 5.077 5.077 5.077 4.983 4.795 4.325 3.667 3.761 3.855 4.043 4.231 5.077 6.863 9.777 13.256 15.042 14.854 15.794 15.888 16.076 17.769 18.145 19.461 20.871 21.717 3.865 4.009 4.200 4.344 4.472 4.664 0.000 0.000 0.000 0.000 0.000 0.000 25.099 23.785 21.888 17.948 15.176 13.425 11.674 10.069 8.318 6.421 5.545 5.545 5.691 5.837 5.837 5.837 6.421 7.588 9.339 10.944 11.966 0.000 8.172 9.777 0.000 0.000 11.820 0.000
