数据/2_damage_result/damage_200y.txt
ncols         694
nrows         824
xllcorner     581104.93980083
yllcorner     3495917.0924138
cellsize      2
NODATA_value  -9999
[rows 544 to 577 of 824, columns 0 to 76 of 694]
0.000 0.000 0.000 0.000 0.000 0.000 0.000 0.000 0.000 0.000 0.000 0.000 0.000 0.000 0.000 0.000 156.604 148.410 135.598 122.981 111.535 96.967 81.229 65.620 49.882 34.208 18.470 2.927 0.000 0.000 0.000 0.096 0.687 1.533 1.246 1.821 1.964 2.076 2.028 1.996 2.028 1.006 1.358 1.198 1.437 1.358 1.805 1.150 0.607 1.182 2.124 1.613 1.741 1.565 1.150 0.894 0.671 0.719 0.655 0.527 0.351 0.224 0.128 0.080 0.016 0.000 0.000 0.000 0.000 0.000 0.000 0.000 0.000 0.000 0.000 0.000 0.000
0.000 0.000 0.000 0.000 0.000 0.000 0.000 0.000 0.000 0.000 0.000 0.000 0.000 0.000 0.000 0.000 154.328 141.451 128.964 117.583 106.072 93.065 77.327 61.653 45.980 30.306 14.568 0.000 0.130 0.325 0.160 0.415 1.629 1.390 1.853 1.933 2.124 2.332 1.917 2.587 1.789 1.581 1.517 1.358 1.262 2.220 0.942 0.862 1.421 2.396 1.741 1.677 1.310 0.878 1.118 1.294 1.102 0.846 0.591 0.383 0.319 0.256 0.192 0.128 0.048 0.000 0.000 0.000 0.000 0.000 0.000 0.000 0.000 0.000 0.000 0.000 0.000
0.000 0.000 0.000 0.000 0.000 0.000 0.000 0.000 0.000 0.000 0.000 0.000 0.000 0.000 0.000 152.897 147.434 134.948 123.501 112.055 100.674 89.098 73.490 57.751 42.078 26.339 10.666 4.813 7.154 10.015 2.507 3.035 2.492 2.028 2.060 2.380 2.332 2.380 2.284 2.428 1.757 1.853 1.533 1.469 2.060 1.390 0.878 1.581 2.747 2.108 1.964 0.942 1.118 1.294 1.581 1.006 0.783 0.575 0.559 0.559 0.399 0.256 0.224 0.176 0.096 0.016 0.000 0.000 0.000 0.000 0.000 0.000 0.000 0.000 0.000 0.000 0.000
0.000 0.000 0.000 0.000 0.000 0.000 0.000 0.000 0.000 0.000 0.000 0.000 0.000 0.000 0.000 151.466 140.931 129.485 118.039 106.592 95.146 83.700 69.522 53.784 38.111 22.502 14.633 13.852 15.934 18.925 4.807 4.791 4.440 3.977 2.955 2.188 2.332 2.316 2.364 2.076 1.948 1.837 1.773 1.964 2.236 1.166 1.453 2.939 2.332 2.188 0.990 1.342 1.374 1.453 1.342 0.974 0.799 0.783 0.543 0.272 0.351 0.383 0.335 0.240 0.176 0.048 0.000 0.000 0.000 0.000 0.000 0.000 0.000 0.000 0.000 0.000 0.000
0.000 0.000 0.000 0.000 0.000 0.000 0.000 0.000 0.000 0.000 0.000 0.000 0.000 0.000 150.361 147.044 135.468 124.087 112.576 101.194 89.683 78.302 65.620 49.947 34.208 24.453 23.673 22.827 23.998 27.510 6.836 5.654 4.137 3.051 2.156 2.172 2.124 1.980 2.236 1.917 1.805 1.597 1.741 2.108 1.933 1.262 2.268 2.635 2.236 1.342 1.469 1.326 1.661 1.565 1.054 1.006 0.495 0.511 0.511 0.751 0.831 0.639 0.431 0.319 0.224 0.096 0.000 0.000 0.000 0.000 0.000 0.000 0.000 0.000 0.000 0.000 0.000
0.000 0.000 0.000 0.000 0.000 0.000 0.000 0.000 0.000 0.000 0.000 0.000 0.000 0.000 148.150 144.898 132.932 120.185 107.568 95.731 84.285 72.839 61.393 46.045 34.273 33.428 32.583 30.697 26.274 26.079 5.893 4.919 3.242 2.124 2.060 1.709 2.092 2.044 2.108 1.405 1.294 1.358 1.358 2.028 1.709 1.278 2.779 2.028 1.757 1.310 1.326 1.629 1.517 1.166 1.022 0.543 0.495 0.655 1.230 1.070 0.767 0.575 0.319 0.208 0.224 0.224 0.032 0.000 0.000 0.000 0.000 0.000 0.000 0.000 0.000 0.000 0.000
0.000 0.000 0.000 0.000 0.000 0.000 0.000 0.000 0.000 0.000 0.000 0.000 0.000 0.000 144.052 140.931 131.631 118.819 106.202 93.455 80.708 67.962 55.865 44.094 41.687 36.550 31.477 26.339 21.266 21.266 4.664 3.961 2.428 1.885 2.044 1.485 2.012 2.108 1.933 1.294 1.278 1.246 1.214 1.837 1.294 1.693 2.476 1.853 1.214 1.358 1.310 1.437 1.390 1.022 0.543 0.447 0.671 1.421 1.022 0.846 0.559 0.303 0.399 0.751 0.831 0.783 0.543 0.048 0.032 0.048 0.048 0.048 0.032 0.032 0.016 0.000 0.000
0.000 0.000 0.000 0.000 0.000 0.000 0.000 0.000 0.000 0.000 0.000 0.000 0.000 0.000 140.085 136.964 130.265 117.583 104.836 92.090 79.408 66.726 53.914 42.468 37.330 32.257 27.120 21.982 16.909 16.324 3.482 2.827 2.124 1.869 1.964 1.549 1.805 1.933 1.933 1.118 1.054 1.070 1.166 1.773 1.070 2.380 2.028 1.565 1.262 1.166 1.517 1.469 1.182 0.639 0.383 0.559 1.453 0.942 0.783 0.687 0.303 0.846 1.102 0.815 0.703 0.751 0.831 0.559 0.128 0.144 0.192 0.224 0.256 0.335 0.415 0.016 0.000
0.000 0.000 0.000 0.000 0.000 0.000 0.000 0.000 0.000 0.000 0.000 0.000 0.000 0.000 136.183 133.062 128.899 116.152 103.471 90.724 77.977 65.295 52.548 39.736 33.038 27.900 22.762 17.624 12.552 11.056 2.380 2.284 2.108 1.166 1.885 1.278 1.565 1.725 1.917 1.038 0.926 1.006 1.182 1.565 1.006 2.444 1.517 1.230 1.230 1.294 1.374 1.390 0.815 0.415 0.415 1.294 1.054 0.831 0.687 0.383 1.182 1.070 0.687 0.591 0.639 0.751 0.799 0.751 0.335 0.208 0.208 0.224 0.272 0.272 0.287 0.000 0.000
0.000 0.000 0.000 0.000 0.000 0.000 0.000 0.000 0.000 0.000 0.000 0.000 0.000 0.000 132.151 129.029 125.908 114.852 102.105 89.423 76.611 63.929 51.183 38.371 28.680 23.608 18.405 13.267 8.194 5.658 1.485 2.523 1.533 1.677 1.501 1.437 1.326 1.453 1.821 1.038 0.687 0.846 1.118 1.437 1.549 2.140 1.421 0.990 1.150 1.246 1.390 1.182 0.527 0.383 0.878 1.278 0.783 0.575 0.463 1.294 1.006 0.607 0.719 0.767 0.735 0.862 0.958 0.910 0.831 0.367 0.303 0.240 0.208 0.224 0.192 0.000 0.000
0.000 0.000 0.000 0.000 0.000 0.000 0.000 0.000 0.000 0.000 0.000 0.000 0.000 0.000 128.314 125.062 121.941 113.486 100.804 87.992 75.311 62.499 49.752 36.940 24.388 19.185 14.113 8.910 5.463 0.974 0.846 2.300 1.597 1.278 0.974 1.421 0.942 1.166 1.661 1.022 0.527 0.671 0.974 1.230 1.885 1.885 1.246 1.038 1.054 1.150 1.358 0.910 0.367 0.447 1.294 1.054 0.591 0.559 1.262 1.022 0.719 0.846 0.831 0.671 0.894 1.182 0.942 0.799 0.894 0.575 0.367 0.272 0.208 0.176 0.144 0.000 0.000
0.000 0.000 0.000 0.000 0.000 0.000 0.000 0.000 0.000 0.000 0.000 0.000 0.000 0.000 124.347 121.160 118.039 111.925 99.438 86.692 73.880 61.133 48.386 35.639 22.827 14.893 9.690 4.617 3.382 0.495 0.272 1.725 1.821 1.198 0.815 1.022 0.910 0.958 1.501 0.974 0.431 0.543 0.815 1.038 1.996 1.693 1.086 1.022 1.022 1.166 1.262 0.719 0.351 0.783 1.198 0.783 0.511 1.038 1.182 0.815 0.783 0.878 0.639 0.862 1.150 1.038 0.783 1.006 0.942 1.022 0.671 0.160 0.160 0.128 0.096 0.000 0.000
0.000 0.000 0.000 0.000 0.000 0.000 0.000 0.000 0.000 0.000 0.000 0.000 0.000 0.000 120.315 119.534 119.014 105.747 95.016 84.285 72.579 59.767 46.955 34.273 21.462 10.536 5.398 1.561 2.406 0.447 0.224 1.054 1.901 1.485 0.815 0.463 0.783 0.719 1.310 0.958 0.463 0.431 0.623 0.799 1.964 1.501 0.910 0.942 0.942 1.134 1.118 0.543 0.367 0.910 1.054 0.671 0.719 1.326 0.846 0.703 0.926 0.703 0.767 1.038 1.022 0.783 1.150 0.862 1.118 1.150 0.990 0.607 0.240 0.096 0.064 0.000 0.000
0.000 0.000 0.000 0.000 0.000 0.000 0.000 0.000 0.000 0.000 0.000 0.000 0.000 0.000 121.811 121.355 117.128 99.373 88.708 78.107 67.441 56.776 45.590 32.843 20.096 7.284 1.106 1.236 2.081 0.607 0.144 0.431 1.741 1.198 1.038 0.463 0.431 0.431 1.006 0.958 0.463 0.351 0.479 0.543 1.837 1.358 0.735 0.846 0.783 1.086 0.958 0.399 0.431 0.942 0.862 0.543 1.166 1.070 0.655 0.815 0.831 0.671 0.958 0.942 0.671 0.958 0.894 1.150 1.310 0.910 0.942 0.974 0.543 0.144 0.048 0.000 0.000
0.000 0.000 0.000 0.000 0.000 0.000 0.000 0.000 0.000 0.000 0.000 0.000 0.000 0.000 123.697 123.241 111.730 93.585 82.464 71.799 61.133 50.467 39.866 29.136 18.535 5.918 0.780 1.366 0.224 0.862 0.399 0.080 1.118 1.294 1.134 0.575 0.128 0.240 0.559 0.942 0.495 0.256 0.351 0.479 1.661 1.198 0.623 0.735 0.623 0.990 0.815 0.287 0.495 0.862 0.655 0.655 1.310 0.783 0.575 0.815 0.703 0.831 0.974 0.894 0.831 0.974 1.054 1.358 1.006 0.878 1.597 1.501 1.310 0.958 0.591 0.112 0.000
0.000 0.000 0.000 0.000 0.000 0.000 0.000 0.000 0.000 0.000 0.000 0.000 0.000 126.038 125.518 124.477 106.332 88.187 76.156 65.555 54.824 44.224 33.493 22.892 12.227 1.561 0.195 0.585 0.064 0.048 0.208 0.240 0.303 1.342 0.559 0.862 0.224 0.096 0.192 0.655 0.575 0.176 0.256 0.319 1.421 1.134 0.559 0.607 0.463 0.862 0.687 0.287 0.527 0.735 0.511 0.942 1.166 0.639 0.671 0.703 0.655 0.942 0.974 0.767 0.974 0.990 1.214 1.022 0.910 1.933 1.246 1.517 1.342 1.134 0.831 0.511 0.144
0.000 0.000 0.000 0.000 0.000 0.000 0.000 0.000 0.000 0.000 0.000 0.000 0.000 127.924 127.404 119.079 100.934 82.855 69.848 59.247 48.516 37.915 27.185 16.584 5.918 0.000 0.325 0.715 0.096 0.032 0.032 0.016 0.016 0.415 0.910 0.383 0.575 0.064 0.064 0.192 0.447 0.256 0.176 0.160 1.070 1.134 0.431 0.479 0.367 0.719 0.559 0.303 0.511 0.607 0.431 1.102 0.958 0.527 0.671 0.639 0.799 0.942 0.942 0.878 0.990 1.038 1.134 1.038 1.661 1.342 1.549 1.278 1.150 1.597 1.022 0.751 0.495
0.000 0.000 0.000 0.000 0.000 0.000 0.000 0.000 0.000 0.000 0.000 0.000 0.000 129.745 129.290 113.681 95.601 77.522 63.604 52.873 42.273 31.607 20.941 10.341 0.065 0.065 0.390 1.041 0.287 0.064 0.048 0.032 0.016 0.048 0.591 0.639 0.128 0.128 0.048 0.032 0.112 0.176 0.096 0.112 0.559 0.990 0.351 0.351 0.287 0.543 0.415 0.287 0.447 0.463 0.415 1.102 0.767 0.511 0.623 0.607 0.894 0.942 0.831 0.990 0.974 1.102 1.054 0.942 1.709 1.405 1.150 1.102 1.837 1.597 1.725 1.374 1.166
0.000 0.000 0.000 0.000 0.000 0.000 0.000 0.000 0.000 0.000 0.000 0.000 0.000 131.566 126.493 108.283 90.269 72.124 57.296 46.630 35.964 25.299 14.633 4.032 0.195 0.585 1.431 0.399 0.399 0.096 0.064 0.048 0.032 0.032 0.096 0.639 0.479 0.080 0.096 0.048 0.032 0.032 0.032 0.048 0.128 0.527 0.335 0.208 0.224 0.335 0.303 0.240 0.367 0.367 0.495 0.990 0.655 0.527 0.559 0.639 0.926 0.958 0.799 0.974 1.022 1.118 1.022 1.677 1.374 1.421 1.230 1.677 1.629 1.469 1.693 1.150 1.150
0.000 0.000 0.000 0.000 0.000 0.000 0.000 0.000 0.000 0.000 0.000 0.000 0.000 133.387 121.030 102.950 84.871 66.726 51.052 40.387 29.656 19.055 8.390 0.455 1.171 1.561 2.016 0.511 0.447 0.208 0.080 0.064 0.048 0.032 0.032 0.160 0.591 0.224 0.080 0.064 0.048 0.032 0.048 0.048 0.032 0.080 0.160 0.064 0.096 0.160 0.176 0.176 0.272 0.256 0.479 0.831 0.543 0.511 0.511 0.623 0.894 0.910 0.815 0.958 1.118 1.102 0.958 1.757 1.310 1.278 1.405 1.374 1.741 1.757 1.821 2.012 1.741
0.000 0.000 0.000 0.000 0.000 0.000 0.000 0.000 0.000 0.000 0.000 0.000 0.000 133.842 115.697 97.618 79.538 61.393 44.744 34.013 23.413 12.747 2.081 1.626 2.341 2.666 0.862 0.862 0.958 0.799 0.559 0.287 0.096 0.064 0.048 0.048 0.224 0.511 0.112 0.080 0.064 0.064 0.048 0.048 0.048 0.064 0.112 0.080 0.096 0.096 0.112 0.096 0.144 0.144 0.367 0.607 0.383 0.479 0.479 0.639 0.862 0.846 0.799 0.942 1.070 1.102 1.262 1.501 1.278 1.182 1.166 1.469 1.613 1.469 1.964 1.741 1.310
0.000 0.000 0.000 0.000 0.000 0.000 0.000 0.000 0.000 0.000 0.000 0.000 0.000 128.379 110.299 92.155 74.140 55.995 38.436 27.770 17.104 6.438 1.691 2.797 3.577 1.038 1.278 1.421 1.421 1.310 1.198 1.022 0.655 0.607 0.623 0.527 0.431 0.240 0.351 0.112 0.080 0.080 0.064 0.064 0.080 0.112 0.112 0.096 0.112 0.128 0.144 0.144 0.208 0.192 0.431 0.527 0.303 0.415 0.447 0.639 0.783 0.719 0.815 0.926 1.054 1.182 1.549 1.246 1.118 1.214 1.374 1.645 1.405 1.517 2.028 1.565 2.028
0.000 0.000 0.000 0.000 0.000 0.000 0.000 0.000 0.000 0.000 0.000 0.000 0.000 123.046 104.901 86.887 68.742 50.662 32.583 21.527 10.796 1.821 3.122 3.902 4.813 1.326 1.885 2.124 1.118 1.038 1.134 1.741 1.853 1.198 0.862 0.703 0.527 0.559 0.383 0.224 0.112 0.080 0.112 0.527 0.623 0.192 0.144 0.144 0.144 0.192 0.144 0.224 0.287 0.287 0.671 0.495 0.431 0.447 0.431 0.671 0.767 0.687 0.815 1.070 1.038 1.198 1.645 1.134 1.054 1.294 1.358 1.453 1.517 1.661 1.805 1.645 2.236
0.000 0.000 0.000 0.000 0.000 0.000 0.000 0.000 0.000 0.000 0.000 0.000 0.000 0.000 99.634 81.424 63.344 45.264 27.185 15.218 4.487 3.122 4.227 5.463 1.501 1.789 2.188 1.485 1.421 1.964 2.188 1.437 0.846 1.198 1.390 1.262 1.006 0.751 0.447 0.272 0.192 0.767 1.613 1.022 0.224 0.208 0.224 0.160 0.224 0.208 0.176 0.303 0.335 0.607 0.703 0.543 0.559 0.431 0.431 0.559 0.719 0.655 0.846 1.054 1.070 1.070 1.661 1.150 1.310 1.262 1.405 1.549 1.262 2.012 1.661 2.252 2.316
0.000 0.000 0.000 0.000 0.000 0.000 0.000 0.000 0.000 0.000 0.000 0.000 0.000 112.315 94.171 76.091 58.076 39.931 21.852 8.975 3.902 4.227 5.398 6.634 1.725 1.869 2.220 1.853 2.012 2.076 1.453 1.805 1.901 1.294 1.230 1.421 1.501 1.278 1.006 0.783 2.028 2.156 0.767 0.415 0.224 0.351 0.208 0.256 0.287 0.176 0.224 0.367 0.367 0.846 0.687 0.639 0.623 0.479 0.495 0.559 0.623 0.655 0.831 1.022 1.006 1.198 1.661 1.246 1.421 1.310 1.437 1.453 1.501 2.092 1.773 1.980 2.252
0.000 0.000 0.000 0.000 0.000 0.000 0.000 0.000 0.000 0.000 0.000 0.000 0.000 106.918 88.838 70.693 52.613 34.599 16.519 4.943 4.813 5.268 6.699 1.805 1.805 1.805 1.837 1.885 2.012 1.709 2.236 1.996 1.741 2.284 2.348 1.230 0.575 0.511 1.102 3.178 1.805 0.431 0.575 0.623 0.415 0.431 0.272 0.335 0.272 0.208 0.287 0.415 0.655 0.926 0.767 0.815 0.655 0.511 0.543 0.591 0.559 0.655 0.942 0.990 1.054 1.246 1.709 1.358 1.485 1.390 1.597 1.613 1.597 2.076 1.405 1.901 1.933
0.000 0.000 0.000 0.000 0.000 0.000 0.000 0.000 0.000 0.000 0.000 0.000 0.000 101.585 83.505 65.425 47.215 29.136 11.706 5.398 5.073 5.528 6.829 1.821 1.725 1.980 1.933 2.060 1.996 2.028 2.108 2.380 2.300 2.731 1.198 1.358 1.230 1.821 3.785 1.214 0.942 0.767 1.262 0.831 0.639 0.415 0.367 0.383 0.303 0.256 0.351 0.431 0.958 0.926 0.878 0.990 0.703 0.591 0.575 0.623 0.559 0.607 0.974 1.022 1.022 1.214 1.805 1.326 1.629 1.326 1.757 1.390 1.549 1.917 1.773 1.757 1.901
0.000 0.000 0.000 0.000 0.000 0.000 0.000 0.000 0.000 0.000 0.000 0.000 0.000 96.187 78.107 59.962 41.883 23.998 15.673 7.349 5.333 6.243 1.996 1.773 1.741 1.677 1.869 1.837 2.028 2.044 2.156 2.571 3.035 1.885 1.549 1.517 1.964 4.248 1.150 0.894 1.150 1.485 1.533 0.575 0.894 0.511 0.447 0.399 0.463 0.303 0.431 0.479 1.182 0.910 1.054 1.166 0.799 0.655 0.591 0.639 0.575 0.655 0.878 1.070 0.942 1.182 1.885 1.326 1.453 1.581 1.565 1.885 1.533 1.421 1.805 1.501 2.060
0.000 0.000 0.000 0.000 0.000 0.000 0.000 0.000 0.000 0.000 0.000 0.000 108.934 90.789 72.644 54.629 36.550 27.965 19.576 11.316 5.528 1.821 1.613 1.757 1.725 1.901 1.789 1.948 1.948 2.124 2.156 2.332 2.635 2.332 1.533 1.996 4.775 1.709 1.533 1.597 1.917 1.773 1.214 0.894 1.150 0.671 0.479 0.559 0.751 0.351 0.527 0.767 1.326 0.926 1.230 1.262 0.878 0.735 0.639 0.575 0.623 0.655 0.783 1.134 0.958 1.262 1.853 1.310 1.501 1.869 1.821 1.310 1.677 1.581 1.933 1.374 1.294
0.000 0.000 0.000 0.000 0.000 0.000 0.000 0.000 0.000 0.000 0.000 0.000 103.471 85.391 67.376 49.231 40.257 31.997 23.543 15.218 6.959 1.853 1.645 1.709 1.741 1.805 1.837 2.252 2.172 2.204 2.476 2.507 2.428 2.428 1.885 4.105 3.386 1.869 2.603 1.980 2.284 1.948 1.246 1.358 1.533 0.831 0.511 0.958 1.022 0.415 0.671 1.054 1.437 0.974 1.358 1.310 0.958 0.783 0.703 0.719 0.607 0.623 0.687 1.214 0.910 1.134 1.565 1.501 1.501 1.789 1.565 2.060 1.358 1.358 1.437 2.108 1.358
0.000 0.000 0.000 0.000 0.000 0.000 0.000 0.000 0.000 0.000 0.000 0.000 98.073 79.993 61.978 52.613 44.224 35.899 27.510 19.250 2.683 1.405 1.485 1.597 1.709 1.677 1.901 2.316 2.252 2.348 2.476 2.731 2.923 2.444 0.000 5.526 3.354 2.731 3.306 2.651 2.124 1.853 2.012 2.044 2.060 1.294 0.735 1.358 1.134 0.479 0.878 1.358 1.597 1.022 1.342 1.326 1.022 0.831 0.783 0.862 0.559 0.575 0.655 1.246 0.799 0.974 1.230 1.837 1.469 1.629 1.901 1.374 1.517 1.517 1.390 1.246 0.000
0.000 0.000 0.000 0.000 0.000 0.000 0.000 0.000 0.000 0.000 0.000 110.885 92.740 74.660 64.840 56.515 48.191 39.931 31.542 23.152 3.641 1.629 1.405 1.597 1.677 1.725 1.964 2.364 2.412 2.555 2.715 2.923 2.827 2.763 0.000 0.000 0.000 3.066 2.507 2.987 2.236 2.092 1.789 2.827 2.028 1.581 1.038 2.044 1.374 0.767 1.182 1.661 1.757 0.942 1.118 1.390 1.102 0.862 0.862 0.974 0.607 0.575 0.735 1.022 1.070 0.767 1.006 1.597 1.437 1.565 2.060 1.853 1.757 1.725 1.549 0.000 0.000
0.000 0.000 0.000 0.000 0.000 0.000 0.000 0.000 0.000 0.000 0.000 105.487 87.342 77.131 68.872 60.548 52.158 43.834 35.509 6.660 4.616 2.603 1.437 1.581 1.709 1.980 2.140 2.460 2.651 2.507 2.795 3.035 3.194 3.210 0.000 0.000 0.000 0.000 0.000 3.977 3.178 3.306 2.811 2.683 2.555 1.693 1.805 2.220 1.230 1.358 1.326 1.901 1.837 0.942 0.894 1.693 1.038 1.070 0.926 1.054 0.623 0.591 0.607 0.623 1.358 0.878 0.878 0.990 1.805 1.693 1.469 1.469 0.000 0.000 0.000 0.000 0.000
0.000 0.000 0.000 0.000 0.000 0.000 0.000 0.000 0.000 0.000 118.169 100.024 89.488 81.164 72.774 64.515 56.125 47.801 9.695 7.650 5.590 3.546 1.533 1.485 1.693 1.917 2.124 2.539 2.747 2.827 2.971 3.178 3.338 3.482 0.000 0.000 0.000 0.000 0.000 0.000 3.418 3.082 3.290 3.386 2.747 2.523 2.396 1.405 1.517 1.182 1.118 2.028 2.092 1.054 0.783 1.645 0.767 1.198 0.942 0.958 0.511 0.671 0.559 0.719 1.182 1.086 0.815 1.070 0.926 0.000 0.000 0.000 0.000 0.000 0.000 0.000 0.000
