workdir/1_wdmax/150y.txt
ncols         694
nrows         824
xllcorner     581104.93980083
yllcorner     3495917.0924138
cellsize      2
NODATA_value  -9999
[rows 544 to 577 of 824, columns 308 to 384 of 694]
0.001 0.000 0.000 0.000 0.000 0.000 0.000 0.000 0.018 0.011 0.008 0.006 0.004 0.003 0.002 0.002 0.002 0.002 0.001 0.001 0.001 0.001 0.001 0.001 0.001 0.001 0.001 0.002 0.035 0.088 0.086 0.091 0.135 0.166 0.219 0.279 0.478 0.367 0.447 0.418 0.478 0.534 0.626 0.603 0.595 0.610 0.677 0.000 0.000 0.000 0.000 0.000 0.000 0.000 0.000 0.000 0.000 0.000 0.000 0.000 0.000 0.000 0.000 0.000 0.000 0.000 0.000 0.000 0.000 0.000 0.000 0.000 0.000 0.296 0.272 0.263 0.289
0.001 0.001 0.001 0.000 0.000 0.000 0.000 0.000 0.013 0.011 0.009 0.007 0.006 0.004 0.003 0.003 0.002 0.001 0.001 0.001 0.001 0.001 0.001 0.001 0.001 0.001 0.001 0.001 0.003 0.036 0.093 0.101 0.131 0.151 0.222 0.276 0.460 0.368 0.383 0.464 0.407 0.452 0.478 0.664 0.650 0.752 0.866 0.000 0.000 0.000 0.000 0.000 0.000 0.000 0.000 0.000 0.000 0.000 0.000 0.000 0.000 0.000 0.000 0.000 0.000 0.000 0.000 0.000 0.000 0.000 0.000 0.000 0.319 0.318 0.308 0.279 0.303
0.002 0.001 0.001 0.001 0.001 0.000 0.000 0.000 0.011 0.010 0.009 0.008 0.007 0.006 0.005 0.004 0.003 0.002 0.002 0.001 0.001 0.001 0.001 0.001 0.001 0.001 0.001 0.001 0.001 0.004 0.058 0.076 0.093 0.084 0.199 0.292 0.330 0.374 0.374 0.428 0.539 0.406 0.486 0.496 0.695 0.859 0.808 0.000 0.000 0.000 0.000 0.000 0.000 0.000 0.000 0.000 0.000 0.000 0.000 0.000 0.000 0.000 0.000 0.000 0.000 0.000 0.000 0.000 0.000 0.000 0.000 0.000 0.000 0.335 0.290 0.298 0.288
0.003 0.003 0.002 0.002 0.001 0.001 0.001 0.001 0.008 0.009 0.009 0.009 0.008 0.007 0.006 0.005 0.004 0.003 0.003 0.002 0.002 0.002 0.002 0.001 0.001 0.001 0.001 0.001 0.001 0.001 0.012 0.087 0.127 0.160 0.217 0.244 0.326 0.405 0.354 0.486 0.533 0.522 0.479 0.455 0.632 0.641 0.000 0.000 0.000 0.000 0.000 0.000 0.000 0.000 0.000 0.000 0.000 0.000 0.000 0.000 0.000 0.000 0.000 0.000 0.000 0.000 0.000 0.000 0.000 0.000 0.000 0.000 0.386 0.304 0.302 0.381 0.289
0.008 0.007 0.006 0.004 0.003 0.002 0.002 0.004 0.007 0.008 0.009 0.009 0.008 0.008 0.007 0.006 0.005 0.004 0.004 0.003 0.003 0.011 0.008 0.005 0.004 0.003 0.002 0.002 0.001 0.001 0.003 0.049 0.070 0.173 0.163 0.163 0.193 0.417 0.350 0.492 0.358 0.429 0.418 0.475 0.510 0.700 0.000 0.000 0.000 0.000 0.000 0.000 0.000 0.000 0.000 0.000 0.000 0.000 0.000 0.000 0.000 0.000 0.000 0.000 0.000 0.000 0.000 0.000 0.000 0.000 0.000 0.000 0.296 0.265 0.367 0.434 0.367
0.029 0.035 0.022 0.012 0.007 0.006 0.000 0.000 0.007 0.012 0.011 0.010 0.010 0.009 0.008 0.007 0.007 0.006 0.005 0.004 0.005 0.009 0.008 0.007 0.005 0.004 0.003 0.003 0.002 0.002 0.002 0.025 0.186 0.268 0.155 0.277 0.205 0.350 0.343 0.323 0.341 0.368 0.360 0.495 0.481 0.532 0.453 0.519 0.000 0.000 0.000 0.000 0.000 0.000 0.000 0.000 0.000 0.000 0.000 0.000 0.000 0.000 0.000 0.000 0.000 0.000 0.000 0.000 0.000 0.000 0.000 0.000 0.316 0.337 0.287 0.354 0.466
0.000 0.000 0.014 0.011 0.008 0.012 0.000 0.000 0.000 0.000 0.011 0.015 0.018 0.014 0.011 0.010 0.010 0.009 0.008 0.007 0.007 0.008 0.008 0.007 0.006 0.005 0.005 0.004 0.003 0.003 0.004 0.034 0.238 0.231 0.351 0.207 0.361 0.355 0.442 0.338 0.379 0.518 0.462 0.398 0.457 0.542 0.505 0.412 0.461 0.505 0.497 0.547 0.000 0.000 0.000 0.000 0.000 0.000 0.000 0.000 0.000 0.000 0.000 0.000 0.000 0.000 0.000 0.000 0.000 0.000 0.263 0.342 0.405 0.263 0.280 0.349 0.470
0.000 0.000 0.010 0.009 0.015 0.117 0.000 0.000 0.000 0.000 0.000 0.000 0.000 0.014 0.018 0.021 0.022 0.016 0.013 0.011 0.011 0.011 0.010 0.009 0.008 0.007 0.006 0.005 0.005 0.006 0.045 0.083 0.079 0.209 0.176 0.348 0.270 0.321 0.334 0.583 0.446 0.432 0.601 0.527 0.489 0.407 0.408 0.480 0.472 0.430 0.467 0.445 0.579 0.397 0.614 0.000 0.000 0.000 0.000 0.000 0.000 0.000 0.000 0.000 0.000 0.000 0.000 0.000 0.238 0.243 0.431 0.306 0.326 0.312 0.314 0.388 0.384
0.000 0.000 0.007 0.008 0.016 0.000 0.000 0.000 0.000 0.000 0.000 0.000 0.000 0.000 0.000 0.000 0.000 0.016 0.018 0.021 0.018 0.017 0.014 0.012 0.011 0.011 0.010 0.009 0.013 0.015 0.063 0.080 0.087 0.162 0.108 0.107 0.362 0.294 0.228 0.316 0.413 0.459 0.405 0.430 0.486 0.373 0.511 0.413 0.459 0.469 0.470 0.528 0.537 0.409 0.345 0.417 0.503 0.530 0.672 0.000 0.000 0.000 0.000 0.000 0.000 0.000 0.248 0.273 0.243 0.287 0.277 0.279 0.247 0.339 0.246 0.386 0.369
0.000 0.000 0.005 0.008 0.024 0.000 0.000 0.000 0.000 0.000 0.000 0.000 0.000 0.000 0.000 0.000 0.000 0.000 0.000 0.000 0.025 0.033 0.030 0.022 0.014 0.016 0.025 0.025 0.022 0.019 0.076 0.065 0.104 0.132 0.189 0.179 0.206 0.365 0.309 0.292 0.404 0.403 0.362 0.403 0.397 0.402 0.382 0.414 0.470 0.407 0.382 0.475 0.442 0.417 0.370 0.399 0.498 0.518 0.571 0.469 0.586 0.688 0.000 0.000 0.232 0.281 0.167 0.209 0.183 0.294 0.228 0.384 0.344 0.366 0.255 0.335 0.455
0.000 0.000 0.005 0.019 0.128 0.000 0.000 0.000 0.000 0.000 0.000 0.000 0.000 0.000 0.000 0.000 0.000 0.000 0.000 0.000 0.000 0.000 0.000 0.000 0.029 0.057 0.043 0.031 0.025 0.037 0.053 0.131 0.104 0.109 0.160 0.157 0.106 0.182 0.302 0.294 0.400 0.363 0.456 0.423 0.396 0.397 0.366 0.360 0.394 0.272 0.472 0.571 0.518 0.390 0.357 0.406 0.481 0.487 0.611 0.451 0.536 0.552 0.699 0.399 0.467 0.225 0.175 0.247 0.236 0.307 0.243 0.389 0.302 0.318 0.308 0.331 0.375
0.000 0.000 0.005 0.018 0.000 0.000 0.000 0.000 0.000 0.000 0.000 0.000 0.000 0.000 0.000 0.000 0.000 0.000 0.000 0.000 0.000 0.000 0.000 0.000 0.000 0.000 0.027 0.027 0.029 0.031 0.054 0.066 0.158 0.238 0.132 0.267 0.132 0.145 0.343 0.346 0.313 0.338 0.374 0.309 0.348 0.357 0.305 0.307 0.377 0.586 0.455 0.500 0.366 0.332 0.413 0.391 0.415 0.439 0.497 0.565 0.482 0.513 0.616 0.441 0.467 0.235 0.227 0.212 0.223 0.291 0.253 0.389 0.272 0.357 0.371 0.328 0.352
0.000 0.000 0.004 0.017 0.000 0.000 0.000 0.000 0.000 0.000 0.000 0.000 0.000 0.000 0.000 0.000 0.000 0.000 0.000 0.000 0.000 0.000 0.000 0.000 0.000 0.000 0.000 0.000 0.000 0.000 0.000 0.076 0.097 0.182 0.312 0.135 0.286 0.150 0.203 0.421 0.305 0.394 0.373 0.340 0.371 0.445 0.521 0.582 0.495 0.485 0.457 0.377 0.330 0.422 0.354 0.393 0.454 0.419 0.434 0.360 0.503 0.662 0.424 0.536 0.432 0.218 0.199 0.246 0.262 0.263 0.289 0.397 0.289 0.343 0.389 0.286 0.395
0.000 0.000 0.004 0.018 0.000 0.000 0.000 0.000 0.000 0.000 0.000 0.000 0.000 0.000 0.000 0.000 0.000 0.000 0.000 0.000 0.000 0.000 0.000 0.000 0.000 0.000 0.000 0.000 0.000 0.000 0.000 0.000 0.083 0.128 0.257 0.254 0.112 0.264 0.213 0.247 0.315 0.403 0.407 0.382 0.385 0.430 0.523 0.551 0.470 0.288 0.474 0.333 0.401 0.376 0.394 0.421 0.388 0.466 0.400 0.425 0.448 0.614 0.368 0.543 0.314 0.229 0.231 0.346 0.282 0.314 0.278 0.410 0.281 0.392 0.433 0.302 0.436
0.000 0.000 0.004 0.014 0.008 0.008 0.000 0.000 0.000 0.000 0.000 0.000 0.000 0.000 0.000 0.000 0.000 0.000 0.000 0.000 0.000 0.000 0.000 0.000 0.000 0.000 0.000 0.000 0.000 0.000 0.000 0.000 0.000 0.000 0.216 0.400 0.339 0.229 0.262 0.307 0.249 0.249 0.332 0.375 0.417 0.382 0.268 0.336 0.415 0.358 0.413 0.526 0.337 0.420 0.406 0.402 0.449 0.405 0.441 0.486 0.629 0.410 0.570 0.418 0.255 0.180 0.255 0.313 0.396 0.394 0.245 0.439 0.330 0.435 0.470 0.330 0.425
0.000 0.000 0.004 0.011 0.008 0.009 0.007 0.006 0.007 0.000 0.000 0.000 0.000 0.000 0.000 0.000 0.000 0.000 0.000 0.000 0.000 0.000 0.000 0.000 0.000 0.000 0.000 0.000 0.000 0.000 0.000 0.000 0.000 0.000 0.000 0.233 0.230 0.313 0.299 0.380 0.326 0.305 0.310 0.234 0.198 0.245 0.294 0.287 0.570 0.615 0.501 0.283 0.438 0.353 0.409 0.321 0.337 0.426 0.487 0.458 0.387 0.441 0.422 0.257 0.167 0.251 0.384 0.289 0.391 0.470 0.318 0.435 0.318 0.472 0.433 0.329 0.470
0.000 0.000 0.004 0.008 0.012 0.015 0.016 0.011 0.010 0.008 0.009 0.000 0.000 0.000 0.000 0.000 0.000 0.000 0.000 0.000 0.000 0.000 0.000 0.000 0.000 0.000 0.000 0.000 0.000 0.000 0.000 0.000 0.000 0.000 0.000 0.000 0.000 0.000 0.289 0.227 0.222 0.284 0.262 0.358 0.431 0.459 0.561 0.623 0.395 0.299 0.403 0.386 0.333 0.417 0.300 0.270 0.409 0.525 0.413 0.489 0.452 0.486 0.436 0.128 0.250 0.336 0.313 0.398 0.312 0.430 0.480 0.332 0.341 0.503 0.478 0.286 0.525
0.000 0.000 0.003 0.009 0.000 0.000 0.000 0.011 0.015 0.020 0.015 0.010 0.007 0.010 0.000 0.000 0.000 0.000 0.000 0.000 0.000 0.000 0.000 0.000 0.000 0.000 0.000 0.000 0.000 0.000 0.000 0.000 0.000 0.000 0.000 0.000 0.000 0.000 0.000 0.263 0.201 0.254 0.276 0.306 0.321 0.326 0.347 0.330 0.448 0.408 0.350 0.455 0.417 0.273 0.356 0.431 0.451 0.494 0.558 0.452 0.430 0.304 0.187 0.280 0.342 0.303 0.285 0.387 0.452 0.401 0.608 0.331 0.415 0.482 0.499 0.319 0.520
0.000 0.000 0.003 0.009 0.000 0.000 0.000 0.000 0.000 0.000 0.014 0.014 0.013 0.025 0.041 0.000 0.000 0.000 0.000 0.000 0.000 0.000 0.000 0.000 0.000 0.000 0.000 0.000 0.000 0.000 0.000 0.000 0.000 0.000 0.000 0.000 0.000 0.000 0.000 0.000 0.257 0.223 0.234 0.309 0.330 0.364 0.376 0.417 0.289 0.446 0.383 0.353 0.346 0.388 0.324 0.430 0.455 0.473 0.387 0.512 0.351 0.276 0.343 0.357 0.307 0.250 0.525 0.319 0.480 0.362 0.546 0.297 0.418 0.427 0.449 0.281 0.499
0.000 0.000 0.003 0.006 0.004 0.004 0.004 0.000 0.000 0.000 0.000 0.000 0.021 0.037 0.032 0.023 0.012 0.010 0.014 0.000 0.000 0.000 0.000 0.000 0.000 0.000 0.000 0.000 0.000 0.000 0.000 0.000 0.000 0.000 0.000 0.000 0.000 0.000 0.000 0.000 0.251 0.217 0.245 0.288 0.264 0.328 0.293 0.226 0.348 0.301 0.350 0.303 0.270 0.382 0.588 0.494 0.451 0.392 0.472 0.468 0.329 0.364 0.660 0.384 0.193 0.433 0.411 0.358 0.493 0.469 0.374 0.380 0.426 0.404 0.325 0.324 0.436
0.000 0.000 0.002 0.005 0.007 0.000 0.004 0.003 0.002 0.004 0.000 0.000 0.000 0.000 0.000 0.011 0.010 0.011 0.014 0.010 0.009 0.008 0.012 0.051 0.000 0.000 0.000 0.000 0.000 0.000 0.000 0.000 0.000 0.000 0.000 0.000 0.000 0.000 0.000 0.184 0.169 0.200 0.206 0.223 0.206 0.164 0.217 0.261 0.358 0.306 0.296 0.476 0.554 0.467 0.372 0.374 0.508 0.503 0.496 0.299 0.426 0.402 0.460 0.385 0.278 0.637 0.395 0.378 0.562 0.398 0.286 0.432 0.480 0.521 0.215 0.421 0.394
0.000 0.000 0.002 0.007 0.141 0.000 0.000 0.003 0.004 0.005 0.004 0.003 0.005 0.000 0.000 0.000 0.009 0.012 0.011 0.010 0.010 0.011 0.022 0.000 0.000 0.000 0.000 0.000 0.000 0.000 0.000 0.000 0.000 0.000 0.000 0.000 0.000 0.000 0.007 0.083 0.233 0.253 0.318 0.369 0.410 0.446 0.459 0.474 0.522 0.554 0.516 0.447 0.423 0.310 0.440 0.399 0.353 0.465 0.280 0.375 0.392 0.384 0.493 0.267 0.693 0.508 0.393 0.382 0.516 0.413 0.345 0.535 0.515 0.425 0.254 0.449 0.422
0.000 0.000 0.004 0.139 0.000 0.000 0.000 0.000 0.000 0.000 0.003 0.003 0.005 0.016 0.052 0.000 0.000 0.000 0.007 0.009 0.011 0.011 0.030 0.000 0.000 0.000 0.000 0.000 0.000 0.000 0.000 0.000 0.000 0.000 0.000 0.000 0.000 0.000 0.028 0.044 0.116 0.239 0.327 0.375 0.376 0.373 0.327 0.285 0.342 0.372 0.375 0.359 0.406 0.472 0.412 0.354 0.406 0.245 0.324 0.423 0.324 0.413 0.378 0.598 0.663 0.355 0.459 0.548 0.549 0.386 0.398 0.628 0.559 0.307 0.289 0.415 0.418
0.000 0.000 0.004 0.000 0.000 0.000 0.000 0.000 0.000 0.000 0.000 0.015 0.000 0.032 0.000 0.000 0.000 0.000 0.007 0.009 0.009 0.015 0.034 0.000 0.000 0.000 0.000 0.000 0.000 0.000 0.000 0.000 0.000 0.000 0.000 0.000 0.000 0.007 0.058 0.035 0.069 0.099 0.141 0.184 0.199 0.206 0.214 0.287 0.315 0.303 0.280 0.317 0.329 0.365 0.416 0.353 0.415 0.487 0.334 0.291 0.393 0.377 0.533 0.640 0.387 0.546 0.508 0.576 0.419 0.326 0.537 0.485 0.685 0.267 0.339 0.442 0.376
0.000 0.000 0.006 0.000 0.000 0.000 0.000 0.000 0.000 0.000 0.000 0.000 0.000 0.000 0.000 0.000 0.000 0.000 0.000 0.010 0.012 0.016 0.029 0.000 0.000 0.000 0.000 0.000 0.000 0.000 0.000 0.000 0.000 0.000 0.000 0.000 0.005 0.025 0.060 0.107 0.114 0.102 0.130 0.163 0.186 0.169 0.131 0.183 0.182 0.265 0.270 0.318 0.387 0.430 0.311 0.372 0.413 0.418 0.411 0.397 0.477 0.586 0.659 0.435 0.572 0.469 0.575 0.491 0.525 0.381 0.739 0.293 0.540 0.279 0.383 0.426 0.403
0.000 0.000 0.006 0.007 0.000 0.000 0.000 0.000 0.000 0.000 0.000 0.000 0.000 0.000 0.000 0.000 0.000 0.000 0.000 0.000 0.006 0.011 0.017 0.019 0.000 0.000 0.000 0.000 0.000 0.000 0.000 0.000 0.000 0.000 0.000 0.000 0.003 0.065 0.055 0.077 0.149 0.130 0.169 0.193 0.190 0.207 0.239 0.293 0.325 0.314 0.378 0.000 0.000 0.000 0.428 0.453 0.529 0.480 0.353 0.345 0.659 0.638 0.553 0.527 0.505 0.457 0.650 0.633 0.447 0.557 0.461 0.500 0.444 0.281 0.390 0.316 0.446
0.000 0.000 0.003 0.005 0.007 0.000 0.000 0.000 0.000 0.000 0.000 0.000 0.000 0.000 0.000 0.000 0.000 0.000 0.000 0.000 0.000 0.000 0.010 0.013 0.012 0.018 0.000 0.000 0.000 0.000 0.000 0.000 0.000 0.000 0.000 0.000 0.001 0.063 0.059 0.092 0.098 0.138 0.163 0.184 0.167 0.166 0.187 0.217 0.248 0.298 0.325 0.000 0.000 0.000 0.000 0.000 0.000 0.000 0.761 0.898 0.800 0.493 0.495 0.438 0.497 0.591 0.637 0.505 0.630 0.707 0.224 0.533 0.394 0.271 0.477 0.369 0.367
0.000 0.000 0.002 0.003 0.004 0.004 0.003 0.005 0.000 0.000 0.000 0.000 0.000 0.000 0.000 0.000 0.000 0.000 0.000 0.000 0.000 0.000 0.006 0.009 0.011 0.015 0.017 0.030 0.000 0.000 0.000 0.000 0.000 0.000 0.000 0.000 0.001 0.028 0.145 0.117 0.128 0.168 0.149 0.137 0.143 0.161 0.190 0.224 0.314 0.307 0.427 0.000 0.000 0.000 0.000 0.000 0.000 0.000 0.000 0.000 0.000 0.477 0.501 0.610 0.574 0.710 0.591 0.670 0.789 0.289 0.385 0.461 0.332 0.453 0.429 0.462 0.376
0.000 0.000 0.001 0.002 0.003 0.003 0.003 0.004 0.003 0.005 0.000 0.000 0.000 0.000 0.000 0.000 0.000 0.000 0.000 0.000 0.000 0.000 0.004 0.008 0.011 0.015 0.022 0.029 0.044 0.000 0.000 0.000 0.000 0.000 0.000 0.000 0.001 0.031 0.048 0.203 0.138 0.122 0.139 0.174 0.185 0.169 0.204 0.388 0.320 0.383 0.000 0.000 0.000 0.000 0.000 0.000 0.000 0.000 0.000 0.000 0.000 0.000 0.583 0.585 0.718 0.552 0.605 0.793 0.378 0.313 0.432 0.472 0.536 0.482 0.325 0.368 0.584
0.000 0.000 0.000 0.001 0.002 0.002 0.002 0.003 0.003 0.004 0.003 0.012 0.000 0.000 0.000 0.000 0.000 0.000 0.000 0.000 0.000 0.000 0.012 0.000 0.000 0.000 0.000 0.000 0.034 0.025 0.025 0.000 0.000 0.001 0.000 0.000 0.001 0.045 0.089 0.081 0.227 0.194 0.168 0.118 0.147 0.224 0.226 0.294 0.306 0.381 0.000 0.000 0.000 0.000 0.000 0.000 0.000 0.000 0.000 0.000 0.000 0.454 0.416 0.591 0.468 0.578 0.786 0.327 0.323 0.514 0.557 0.542 0.308 0.419 0.433 0.380 0.455
0.000 0.000 0.000 0.001 0.001 0.001 0.002 0.002 0.002 0.003 0.003 0.020 0.056 0.000 0.000 0.000 0.000 0.000 0.000 0.000 0.000 0.000 0.000 0.000 0.000 0.000 0.000 0.000 0.000 0.013 0.016 0.012 0.010 0.010 0.011 0.011 0.012 0.032 0.063 0.096 0.071 0.116 0.196 0.265 0.207 0.247 0.223 0.348 0.378 0.000 0.000 0.000 0.000 0.000 0.000 0.000 0.000 0.000 0.000 0.000 0.000 0.499 0.372 0.460 0.600 0.577 0.286 0.299 0.476 0.629 0.486 0.226 0.526 0.317 0.264 0.457 0.296
0.000 0.000 0.000 0.000 0.001 0.001 0.001 0.001 0.001 0.002 0.002 0.028 0.064 0.000 0.000 0.000 0.000 0.000 0.000 0.000 0.000 0.000 0.000 0.000 0.000 0.000 0.000 0.000 0.000 0.000 0.008 0.008 0.010 0.015 0.018 0.018 0.017 0.024 0.107 0.085 0.070 0.073 0.091 0.170 0.317 0.264 0.344 0.469 0.548 0.000 0.000 0.000 0.000 0.000 0.000 0.000 0.000 0.000 0.000 0.000 0.000 0.295 0.405 0.360 0.269 0.311 0.393 0.559 0.569 0.434 0.264 0.494 0.311 0.288 0.381 0.384 0.272
0.000 0.000 0.000 0.000 0.000 0.000 0.001 0.001 0.001 0.001 0.002 0.000 0.000 0.000 0.000 0.000 0.000 0.000 0.000 0.000 0.000 0.000 0.000 0.000 0.000 0.000 0.000 0.000 0.000 0.000 0.005 0.007 0.012 0.031 0.000 0.000 0.000 0.000 0.000 0.000 0.050 0.089 0.103 0.108 0.203 0.230 0.319 0.394 0.000 0.000 0.000 0.000 0.000 0.000 0.000 0.000 0.000 0.000 0.000 0.000 0.352 0.466 0.517 0.395 0.452 0.544 0.590 0.561 0.379 0.277 0.450 0.354 0.271 0.421 0.416 0.388 0.398
0.000 0.000 0.000 0.000 0.000 0.000 0.000 0.000 0.001 0.001 0.002 0.000 0.000 0.000 0.000 0.000 0.000 0.000 0.000 0.000 0.000 0.000 0.000 0.000 0.000 0.000 0.000 0.000 0.000 0.000 0.004 0.005 0.021 0.000 0.000 0.000 0.000 0.000 0.000 0.000 0.000 0.030 0.147 0.154 0.113 0.270 0.248 0.324 0.000 0.000 0.000 0.000 0.000 0.000 0.000 0.000 0.000 0.000 0.000 0.000 0.367 0.371 0.406 0.431 0.447 0.477 0.419 0.306 0.298 0.400 0.339 0.342 0.407 0.436 0.361 0.283 0.602
