workdir/1_wdmax/30y.txt
ncols         694
nrows         824
xllcorner     581104.93980083
yllcorner     3495917.0924138
cellsize      2
NODATA_value  -9999
[rows 544 to 577 of 824, columns 308 to 384 of 694]
0.000 0.000 0.000 0.000 0.000 0.000 0.000 0.000 0.000 0.000 0.000 0.000 0.000 0.000 0.000 0.000 0.000 0.000 0.000 0.000 0.000 0.000 0.000 0.000 0.000 0.000 0.000 0.000 0.013 0.031 0.042 0.041 0.046 0.066 0.079 0.068 0.133 0.263 0.282 0.302 0.340 0.338 0.395 0.434 0.475 0.500 0.678 0.000 0.000 0.000 0.000 0.000 0.000 0.000 0.000 0.000 0.000 0.000 0.000 0.000 0.000 0.000 0.000 0.000 0.000 0.000 0.000 0.000 0.000 0.000 0.000 0.000 0.000 0.152 0.143 0.123 0.135
0.000 0.000 0.000 0.000 0.000 0.000 0.000 0.000 0.000 0.000 0.000 0.000 0.000 0.000 0.000 0.000 0.000 0.000 0.000 0.000 0.000 0.000 0.000 0.000 0.000 0.000 0.000 0.000 0.001 0.006 0.028 0.039 0.069 0.101 0.110 0.146 0.206 0.221 0.151 0.213 0.359 0.317 0.422 0.442 0.553 0.512 0.540 0.000 0.000 0.000 0.000 0.000 0.000 0.000 0.000 0.000 0.000 0.000 0.000 0.000 0.000 0.000 0.000 0.000 0.000 0.000 0.000 0.000 0.000 0.000 0.000 0.000 0.102 0.109 0.118 0.126 0.147
0.000 0.000 0.000 0.000 0.000 0.000 0.000 0.000 0.000 0.000 0.000 0.000 0.000 0.000 0.000 0.000 0.000 0.000 0.000 0.000 0.000 0.000 0.000 0.000 0.000 0.000 0.000 0.000 0.000 0.001 0.013 0.024 0.037 0.050 0.114 0.188 0.126 0.171 0.268 0.233 0.240 0.288 0.368 0.499 0.497 0.495 0.640 0.000 0.000 0.000 0.000 0.000 0.000 0.000 0.000 0.000 0.000 0.000 0.000 0.000 0.000 0.000 0.000 0.000 0.000 0.000 0.000 0.000 0.000 0.000 0.000 0.000 0.000 0.108 0.107 0.124 0.148
0.001 0.000 0.000 0.000 0.000 0.000 0.000 0.000 0.000 0.000 0.000 0.000 0.000 0.000 0.000 0.000 0.000 0.000 0.000 0.000 0.000 0.000 0.000 0.000 0.000 0.000 0.000 0.001 0.001 0.001 0.002 0.013 0.021 0.071 0.086 0.094 0.094 0.123 0.192 0.250 0.201 0.361 0.368 0.365 0.418 0.524 0.000 0.000 0.000 0.000 0.000 0.000 0.000 0.000 0.000 0.000 0.000 0.000 0.000 0.000 0.000 0.000 0.000 0.000 0.000 0.000 0.000 0.000 0.000 0.000 0.000 0.000 0.130 0.122 0.080 0.116 0.158
0.002 0.002 0.001 0.001 0.001 0.001 0.001 0.001 0.001 0.000 0.000 0.000 0.000 0.000 0.000 0.000 0.000 0.000 0.000 0.000 0.000 0.010 0.007 0.005 0.003 0.002 0.002 0.001 0.001 0.001 0.001 0.007 0.018 0.023 0.050 0.105 0.079 0.135 0.135 0.232 0.190 0.248 0.476 0.462 0.497 0.436 0.000 0.000 0.000 0.000 0.000 0.000 0.000 0.000 0.000 0.000 0.000 0.000 0.000 0.000 0.000 0.000 0.000 0.000 0.000 0.000 0.000 0.000 0.000 0.000 0.000 0.000 0.137 0.157 0.174 0.118 0.144
0.007 0.008 0.005 0.003 0.002 0.002 0.000 0.000 0.000 0.000 0.000 0.000 0.000 0.000 0.000 0.000 0.000 0.000 0.000 0.000 0.000 0.007 0.007 0.006 0.005 0.004 0.003 0.002 0.002 0.001 0.001 0.001 0.009 0.021 0.025 0.061 0.115 0.149 0.135 0.160 0.337 0.229 0.274 0.372 0.443 0.470 0.292 0.375 0.000 0.000 0.000 0.000 0.000 0.000 0.000 0.000 0.000 0.000 0.000 0.000 0.000 0.000 0.000 0.000 0.000 0.000 0.000 0.000 0.000 0.000 0.000 0.000 0.192 0.143 0.195 0.210 0.122
0.000 0.000 0.004 0.003 0.003 0.004 0.000 0.000 0.000 0.000 0.000 0.000 0.000 0.000 0.000 0.000 0.000 0.000 0.000 0.000 0.000 0.006 0.006 0.006 0.005 0.004 0.003 0.003 0.002 0.002 0.002 0.016 0.023 0.021 0.026 0.040 0.099 0.081 0.227 0.195 0.134 0.286 0.393 0.301 0.237 0.302 0.303 0.321 0.243 0.337 0.275 0.318 0.000 0.000 0.000 0.000 0.000 0.000 0.000 0.000 0.000 0.000 0.000 0.000 0.000 0.000 0.000 0.000 0.000 0.000 0.145 0.195 0.209 0.238 0.143 0.210 0.205
0.000 0.000 0.003 0.003 0.004 0.101 0.000 0.000 0.000 0.000 0.000 0.000 0.000 0.000 0.000 0.000 0.000 0.000 0.000 0.000 0.000 0.004 0.005 0.005 0.005 0.005 0.004 0.004 0.003 0.004 0.018 0.064 0.050 0.051 0.050 0.070 0.060 0.088 0.140 0.163 0.275 0.242 0.198 0.242 0.307 0.299 0.274 0.287 0.322 0.276 0.292 0.216 0.306 0.312 0.400 0.000 0.000 0.000 0.000 0.000 0.000 0.000 0.000 0.000 0.000 0.000 0.000 0.000 0.218 0.131 0.127 0.186 0.166 0.203 0.191 0.226 0.232
0.000 0.000 0.002 0.003 0.005 0.000 0.000 0.000 0.000 0.000 0.000 0.000 0.000 0.000 0.000 0.000 0.000 0.000 0.000 0.000 0.000 0.003 0.005 0.005 0.005 0.005 0.005 0.004 0.007 0.008 0.019 0.050 0.058 0.061 0.079 0.085 0.076 0.104 0.115 0.180 0.190 0.186 0.217 0.239 0.205 0.264 0.222 0.221 0.197 0.305 0.205 0.231 0.296 0.265 0.340 0.312 0.287 0.353 0.422 0.000 0.000 0.000 0.000 0.000 0.000 0.000 0.302 0.239 0.296 0.232 0.128 0.147 0.142 0.164 0.217 0.213 0.228
0.000 0.000 0.002 0.003 0.007 0.000 0.000 0.000 0.000 0.000 0.000 0.000 0.000 0.000 0.000 0.000 0.000 0.000 0.000 0.000 0.000 0.004 0.006 0.008 0.007 0.006 0.007 0.009 0.009 0.010 0.018 0.038 0.052 0.068 0.068 0.075 0.103 0.153 0.055 0.120 0.150 0.263 0.194 0.178 0.183 0.211 0.244 0.267 0.327 0.166 0.226 0.228 0.290 0.248 0.324 0.329 0.298 0.322 0.287 0.297 0.279 0.292 0.000 0.000 0.229 0.175 0.244 0.245 0.244 0.284 0.173 0.134 0.148 0.173 0.228 0.178 0.225
0.000 0.000 0.002 0.006 0.105 0.000 0.000 0.000 0.000 0.000 0.000 0.000 0.000 0.000 0.000 0.000 0.000 0.000 0.000 0.000 0.000 0.000 0.000 0.000 0.007 0.013 0.012 0.011 0.010 0.012 0.019 0.029 0.038 0.048 0.064 0.061 0.060 0.076 0.175 0.091 0.099 0.124 0.197 0.232 0.237 0.240 0.192 0.154 0.148 0.121 0.204 0.304 0.257 0.250 0.280 0.281 0.256 0.292 0.292 0.259 0.269 0.243 0.212 0.230 0.166 0.208 0.211 0.292 0.253 0.229 0.199 0.156 0.167 0.171 0.212 0.196 0.218
0.000 0.000 0.001 0.006 0.000 0.000 0.000 0.000 0.000 0.000 0.000 0.000 0.000 0.000 0.000 0.000 0.000 0.000 0.000 0.000 0.000 0.000 0.000 0.000 0.000 0.000 0.009 0.011 0.013 0.017 0.020 0.029 0.038 0.046 0.039 0.061 0.078 0.094 0.106 0.178 0.204 0.151 0.106 0.103 0.124 0.131 0.139 0.159 0.213 0.266 0.273 0.252 0.231 0.276 0.292 0.261 0.331 0.264 0.264 0.238 0.192 0.214 0.208 0.171 0.260 0.224 0.178 0.237 0.269 0.246 0.244 0.123 0.177 0.192 0.221 0.214 0.234
0.000 0.000 0.001 0.006 0.000 0.000 0.000 0.000 0.000 0.000 0.000 0.000 0.000 0.000 0.000 0.000 0.000 0.000 0.000 0.000 0.000 0.000 0.000 0.000 0.000 0.000 0.000 0.000 0.000 0.000 0.000 0.021 0.025 0.024 0.051 0.078 0.090 0.127 0.083 0.135 0.161 0.178 0.194 0.194 0.187 0.166 0.196 0.197 0.162 0.181 0.233 0.240 0.208 0.222 0.242 0.333 0.264 0.183 0.256 0.144 0.161 0.214 0.248 0.179 0.349 0.139 0.208 0.275 0.258 0.267 0.228 0.130 0.185 0.169 0.237 0.209 0.250
0.000 0.000 0.001 0.006 0.000 0.000 0.000 0.000 0.000 0.000 0.000 0.000 0.000 0.000 0.000 0.000 0.000 0.000 0.000 0.000 0.000 0.000 0.000 0.000 0.000 0.000 0.000 0.000 0.000 0.000 0.000 0.000 0.055 0.079 0.076 0.100 0.091 0.079 0.108 0.123 0.070 0.108 0.133 0.143 0.162 0.171 0.168 0.184 0.220 0.218 0.218 0.198 0.221 0.203 0.261 0.243 0.159 0.243 0.107 0.158 0.188 0.244 0.188 0.263 0.266 0.176 0.275 0.356 0.291 0.231 0.230 0.151 0.189 0.171 0.257 0.185 0.268
0.000 0.000 0.001 0.005 0.003 0.002 0.000 0.000 0.000 0.000 0.000 0.000 0.000 0.000 0.000 0.000 0.000 0.000 0.000 0.000 0.000 0.000 0.000 0.000 0.000 0.000 0.000 0.000 0.000 0.000 0.000 0.000 0.000 0.000 0.057 0.043 0.066 0.082 0.118 0.109 0.054 0.077 0.104 0.128 0.125 0.130 0.130 0.114 0.122 0.114 0.125 0.165 0.202 0.209 0.234 0.191 0.196 0.090 0.085 0.139 0.175 0.157 0.187 0.347 0.138 0.232 0.292 0.384 0.309 0.278 0.192 0.182 0.181 0.220 0.255 0.214 0.251
0.000 0.000 0.001 0.004 0.003 0.003 0.002 0.002 0.002 0.000 0.000 0.000 0.000 0.000 0.000 0.000 0.000 0.000 0.000 0.000 0.000 0.000 0.000 0.000 0.000 0.000 0.000 0.000 0.000 0.000 0.000 0.000 0.000 0.000 0.000 0.040 0.054 0.064 0.064 0.068 0.082 0.090 0.116 0.157 0.124 0.115 0.103 0.133 0.120 0.149 0.152 0.180 0.239 0.179 0.197 0.126 0.110 0.123 0.125 0.123 0.104 0.207 0.332 0.185 0.231 0.276 0.370 0.266 0.277 0.329 0.185 0.205 0.171 0.207 0.269 0.220 0.238
0.000 0.000 0.001 0.003 0.004 0.005 0.005 0.004 0.003 0.002 0.002 0.000 0.000 0.000 0.000 0.000 0.000 0.000 0.000 0.000 0.000 0.000 0.000 0.000 0.000 0.000 0.000 0.000 0.000 0.000 0.000 0.000 0.000 0.000 0.000 0.000 0.000 0.000 0.088 0.086 0.105 0.126 0.173 0.103 0.126 0.109 0.128 0.152 0.175 0.194 0.192 0.192 0.176 0.143 0.169 0.115 0.108 0.181 0.139 0.173 0.255 0.299 0.222 0.217 0.276 0.300 0.362 0.324 0.231 0.296 0.169 0.179 0.193 0.189 0.279 0.234 0.258
0.000 0.000 0.001 0.003 0.000 0.000 0.000 0.003 0.004 0.005 0.004 0.003 0.002 0.003 0.000 0.000 0.000 0.000 0.000 0.000 0.000 0.000 0.000 0.000 0.000 0.000 0.000 0.000 0.000 0.000 0.000 0.000 0.000 0.000 0.000 0.000 0.000 0.000 0.000 0.131 0.113 0.159 0.107 0.102 0.116 0.132 0.165 0.109 0.137 0.129 0.102 0.116 0.140 0.185 0.165 0.153 0.148 0.179 0.121 0.284 0.286 0.202 0.194 0.238 0.323 0.438 0.335 0.297 0.311 0.201 0.113 0.142 0.222 0.212 0.241 0.280 0.283
0.000 0.000 0.001 0.003 0.000 0.000 0.000 0.000 0.000 0.000 0.004 0.004 0.005 0.005 0.007 0.000 0.000 0.000 0.000 0.000 0.000 0.000 0.000 0.000 0.000 0.000 0.000 0.000 0.000 0.000 0.000 0.000 0.000 0.000 0.000 0.000 0.000 0.000 0.000 0.000 0.080 0.085 0.080 0.115 0.135 0.179 0.118 0.119 0.123 0.115 0.164 0.213 0.192 0.183 0.119 0.078 0.176 0.202 0.278 0.212 0.177 0.199 0.272 0.347 0.470 0.258 0.350 0.311 0.254 0.173 0.098 0.188 0.167 0.281 0.146 0.283 0.296
0.000 0.000 0.001 0.002 0.001 0.001 0.001 0.000 0.000 0.000 0.000 0.000 0.004 0.006 0.008 0.006 0.005 0.004 0.006 0.000 0.000 0.000 0.000 0.000 0.000 0.000 0.000 0.000 0.000 0.000 0.000 0.000 0.000 0.000 0.000 0.000 0.000 0.000 0.000 0.000 0.049 0.079 0.111 0.133 0.165 0.173 0.177 0.160 0.143 0.145 0.124 0.112 0.154 0.212 0.190 0.238 0.288 0.206 0.127 0.174 0.209 0.334 0.324 0.496 0.269 0.456 0.365 0.336 0.237 0.212 0.202 0.203 0.179 0.286 0.168 0.236 0.307
0.000 0.000 0.001 0.001 0.002 0.000 0.001 0.001 0.001 0.001 0.000 0.000 0.000 0.000 0.000 0.004 0.004 0.004 0.005 0.004 0.003 0.003 0.002 0.036 0.000 0.000 0.000 0.000 0.000 0.000 0.000 0.000 0.000 0.000 0.000 0.000 0.000 0.000 0.000 0.030 0.067 0.091 0.111 0.101 0.080 0.085 0.125 0.129 0.138 0.144 0.165 0.164 0.278 0.188 0.237 0.263 0.231 0.171 0.157 0.244 0.332 0.361 0.501 0.417 0.390 0.434 0.387 0.187 0.199 0.250 0.229 0.193 0.258 0.189 0.252 0.234 0.256
0.000 0.000 0.001 0.001 0.082 0.000 0.000 0.001 0.001 0.001 0.001 0.001 0.001 0.000 0.000 0.000 0.003 0.005 0.004 0.004 0.004 0.003 0.005 0.000 0.000 0.000 0.000 0.000 0.000 0.000 0.000 0.000 0.000 0.000 0.000 0.000 0.000 0.000 0.000 0.041 0.042 0.037 0.037 0.048 0.097 0.100 0.111 0.107 0.095 0.116 0.138 0.278 0.202 0.086 0.119 0.220 0.215 0.267 0.273 0.404 0.380 0.234 0.326 0.296 0.569 0.398 0.169 0.171 0.256 0.249 0.178 0.227 0.308 0.130 0.255 0.264 0.196
0.000 0.000 0.001 0.038 0.000 0.000 0.000 0.000 0.000 0.000 0.001 0.001 0.001 0.001 0.003 0.000 0.000 0.000 0.003 0.003 0.003 0.003 0.006 0.000 0.000 0.000 0.000 0.000 0.000 0.000 0.000 0.000 0.000 0.000 0.000 0.000 0.000 0.000 0.000 0.007 0.105 0.123 0.106 0.104 0.117 0.142 0.162 0.175 0.176 0.185 0.214 0.204 0.191 0.202 0.218 0.268 0.302 0.434 0.416 0.226 0.271 0.247 0.358 0.498 0.449 0.245 0.290 0.208 0.324 0.211 0.142 0.276 0.170 0.231 0.168 0.307 0.205
0.000 0.000 0.000 0.000 0.000 0.000 0.000 0.000 0.000 0.000 0.000 0.000 0.000 0.000 0.000 0.000 0.000 0.000 0.002 0.002 0.003 0.003 0.007 0.000 0.000 0.000 0.000 0.000 0.000 0.000 0.000 0.000 0.000 0.000 0.000 0.000 0.000 0.000 0.000 0.004 0.025 0.086 0.138 0.164 0.183 0.199 0.206 0.183 0.158 0.215 0.225 0.247 0.260 0.348 0.421 0.441 0.356 0.229 0.271 0.411 0.368 0.431 0.476 0.387 0.175 0.166 0.292 0.285 0.351 0.218 0.268 0.315 0.178 0.165 0.190 0.245 0.214
0.000 0.000 0.000 0.000 0.000 0.000 0.000 0.000 0.000 0.000 0.000 0.000 0.000 0.000 0.000 0.000 0.000 0.000 0.000 0.002 0.002 0.003 0.009 0.000 0.000 0.000 0.000 0.000 0.000 0.000 0.000 0.000 0.000 0.000 0.000 0.000 0.000 0.000 0.000 0.008 0.014 0.016 0.054 0.093 0.143 0.159 0.178 0.216 0.257 0.298 0.293 0.413 0.472 0.442 0.287 0.225 0.249 0.329 0.396 0.408 0.425 0.330 0.303 0.224 0.260 0.234 0.334 0.385 0.399 0.350 0.242 0.306 0.129 0.117 0.224 0.224 0.201
0.000 0.000 0.000 0.000 0.000 0.000 0.000 0.000 0.000 0.000 0.000 0.000 0.000 0.000 0.000 0.000 0.000 0.000 0.000 0.000 0.001 0.003 0.006 0.008 0.000 0.000 0.000 0.000 0.000 0.000 0.000 0.000 0.000 0.000 0.000 0.000 0.000 0.000 0.000 0.004 0.029 0.037 0.039 0.061 0.050 0.073 0.102 0.157 0.220 0.248 0.272 0.000 0.000 0.000 0.431 0.449 0.463 0.424 0.338 0.379 0.288 0.275 0.306 0.318 0.302 0.279 0.400 0.360 0.421 0.208 0.279 0.208 0.128 0.234 0.233 0.248 0.167
0.000 0.000 0.000 0.000 0.000 0.000 0.000 0.000 0.000 0.000 0.000 0.000 0.000 0.000 0.000 0.000 0.000 0.000 0.000 0.000 0.000 0.000 0.003 0.005 0.004 0.007 0.000 0.000 0.000 0.000 0.000 0.000 0.000 0.000 0.000 0.000 0.000 0.000 0.000 0.002 0.029 0.054 0.046 0.058 0.051 0.065 0.070 0.102 0.160 0.183 0.229 0.000 0.000 0.000 0.000 0.000 0.000 0.000 0.326 0.343 0.374 0.327 0.341 0.345 0.226 0.398 0.287 0.472 0.194 0.349 0.267 0.154 0.242 0.245 0.147 0.273 0.180
0.000 0.000 0.000 0.000 0.000 0.000 0.000 0.000 0.000 0.000 0.000 0.000 0.000 0.000 0.000 0.000 0.000 0.000 0.000 0.000 0.000 0.000 0.002 0.003 0.003 0.005 0.004 0.007 0.000 0.000 0.000 0.000 0.000 0.000 0.000 0.000 0.000 0.000 0.000 0.001 0.004 0.029 0.058 0.028 0.024 0.048 0.094 0.114 0.128 0.181 0.308 0.000 0.000 0.000 0.000 0.000 0.000 0.000 0.000 0.000 0.000 0.363 0.263 0.269 0.273 0.294 0.460 0.270 0.358 0.297 0.238 0.205 0.308 0.168 0.193 0.269 0.195
0.000 0.000 0.000 0.000 0.000 0.000 0.000 0.000 0.000 0.000 0.000 0.000 0.000 0.000 0.000 0.000 0.000 0.000 0.000 0.000 0.000 0.000 0.001 0.002 0.003 0.004 0.005 0.007 0.009 0.000 0.000 0.000 0.000 0.000 0.000 0.000 0.000 0.000 0.000 0.001 0.005 0.009 0.009 0.019 0.040 0.033 0.073 0.127 0.160 0.188 0.000 0.000 0.000 0.000 0.000 0.000 0.000 0.000 0.000 0.000 0.000 0.000 0.306 0.358 0.406 0.367 0.270 0.210 0.425 0.183 0.205 0.375 0.173 0.178 0.246 0.223 0.182
0.000 0.000 0.000 0.000 0.000 0.000 0.000 0.000 0.000 0.000 0.000 0.000 0.000 0.000 0.000 0.000 0.000 0.000 0.000 0.000 0.000 0.000 0.003 0.000 0.000 0.000 0.000 0.000 0.006 0.005 0.008 0.000 0.000 0.000 0.000 0.000 0.000 0.000 0.000 0.000 0.005 0.008 0.005 0.007 0.029 0.062 0.085 0.140 0.191 0.239 0.000 0.000 0.000 0.000 0.000 0.000 0.000 0.000 0.000 0.000 0.000 0.214 0.331 0.328 0.250 0.253 0.184 0.523 0.196 0.235 0.401 0.161 0.177 0.201 0.258 0.201 0.289
0.000 0.000 0.000 0.000 0.000 0.000 0.000 0.000 0.000 0.000 0.000 0.000 0.000 0.000 0.000 0.000 0.000 0.000 0.000 0.000 0.000 0.000 0.000 0.000 0.000 0.000 0.000 0.000 0.000 0.004 0.005 0.004 0.004 0.003 0.003 0.003 0.003 0.002 0.002 0.006 0.004 0.003 0.002 0.003 0.008 0.042 0.109 0.149 0.210 0.000 0.000 0.000 0.000 0.000 0.000 0.000 0.000 0.000 0.000 0.000 0.000 0.310 0.241 0.215 0.250 0.335 0.516 0.217 0.306 0.406 0.220 0.172 0.242 0.164 0.247 0.211 0.289
0.000 0.000 0.000 0.000 0.000 0.000 0.000 0.000 0.000 0.000 0.000 0.000 0.000 0.000 0.000 0.000 0.000 0.000 0.000 0.000 0.000 0.000 0.000 0.000 0.000 0.000 0.000 0.000 0.000 0.000 0.003 0.003 0.003 0.004 0.004 0.004 0.004 0.004 0.006 0.004 0.003 0.002 0.001 0.002 0.005 0.043 0.066 0.146 0.232 0.000 0.000 0.000 0.000 0.000 0.000 0.000 0.000 0.000 0.000 0.000 0.000 0.301 0.257 0.305 0.364 0.322 0.251 0.416 0.357 0.208 0.180 0.223 0.165 0.245 0.198 0.310 0.167
0.000 0.000 0.000 0.000 0.000 0.000 0.000 0.000 0.000 0.000 0.000 0.000 0.000 0.000 0.000 0.000 0.000 0.000 0.000 0.000 0.000 0.000 0.000 0.000 0.000 0.000 0.000 0.000 0.000 0.000 0.001 0.002 0.002 0.014 0.000 0.000 0.000 0.000 0.000 0.000 0.000 0.000 0.000 0.002 0.002 0.024 0.066 0.102 0.000 0.000 0.000 0.000 0.000 0.000 0.000 0.000 0.000 0.000 0.000 0.000 0.106 0.306 0.332 0.260 0.308 0.388 0.421 0.257 0.177 0.165 0.226 0.191 0.185 0.245 0.294 0.194 0.183
0.000 0.000 0.000 0.000 0.000 0.000 0.000 0.000 0.000 0.000 0.000 0.000 0.000 0.000 0.000 0.000 0.000 0.000 0.000 0.000 0.000 0.000 0.000 0.000 0.000 0.000 0.000 0.000 0.000 0.000 0.001 0.001 0.010 0.000 0.000 0.000 0.000 0.000 0.000 0.000 0.000 0.000 0.000 0.001 0.002 0.012 0.052 0.122 0.000 0.000 0.000 0.000 0.000 0.000 0.000 0.000 0.000 0.000 0.000 0.000 0.073 0.172 0.207 0.264 0.282 0.214 0.220 0.173 0.186 0.224 0.169 0.166 0.250 0.282 0.238 0.193 0.285
