数据/2hours/0.1-2h-5y/coupled-150-0001.wd
ncols         694
nrows         824
xllcorner     581104.939801
yllcorner     3495917.092414
cellsize      2.000000
NODATA_value  -9999.000000
[rows 408 to 441 of 824, columns 385 to 461 of 694]
0.000 0.000 0.000 0.000 0.000 0.000 0.000 0.000 0.000 0.000 0.000 0.000 0.000 0.000 0.000 0.000 0.000 0.000 0.000 0.000 0.000 0.000 0.000 0.000 0.000 0.000 0.000 0.000 0.000 0.000 0.000 0.000 0.001 0.001 0.001 0.004 0.011 0.010 0.000 0.011 0.013 0.014 0.013 0.000 0.000 0.000 0.000 0.000 0.000 0.000 0.014 0.014 0.015 0.015 0.015 0.012 0.007 0.003 0.001 0.000 0.000 0.000 0.000 0.000 0.000 0.000 0.000 0.000 0.000 0.000 0.000 0.000 0.000 0.000 0.000 0.000 0.000
0.000 0.000 0.000 0.000 0.000 0.000 0.000 0.000 0.000 0.000 0.000 0.000 0.000 0.000 0.000 0.000 0.000 0.000 0.000 0.000 0.000 0.000 0.000 0.000 0.000 0.000 0.000 0.000 0.000 0.000 0.000 0.001 0.001 0.001 0.001 0.006 0.011 0.011 0.011 0.012 0.013 0.013 0.013 0.000 0.000 0.000 0.000 0.000 0.000 0.014 0.014 0.015 0.014 0.014 0.015 0.014 0.014 0.010 0.006 0.002 0.000 0.000 0.000 0.000 0.000 0.000 0.000 0.000 0.000 0.000 0.000 0.000 0.000 0.000 0.000 0.000 0.000
0.000 0.000 0.000 0.000 0.000 0.000 0.000 0.000 0.000 0.000 0.000 0.000 0.000 0.000 0.000 0.000 0.000 0.000 0.000 0.000 0.000 0.000 0.000 0.000 0.000 0.000 0.000 0.000 0.000 0.000 0.000 0.001 0.001 0.001 0.002 0.007 0.012 0.012 0.013 0.013 0.013 0.014 0.013 0.000 0.000 0.000 0.000 0.000 0.000 0.015 0.014 0.014 0.014 0.015 0.015 0.015 0.014 0.014 0.013 0.008 0.004 0.001 0.000 0.000 0.000 0.000 0.000 0.000 0.000 0.000 0.000 0.000 0.000 0.000 0.000 0.000 0.000
0.000 0.000 0.000 0.000 0.000 0.000 0.000 0.000 0.000 0.000 0.000 0.000 0.000 0.000 0.000 0.000 0.000 0.000 0.000 0.000 0.000 0.000 0.000 0.000 0.000 0.000 0.000 0.000 0.000 0.000 0.000 0.001 0.001 0.001 0.004 0.009 0.013 0.012 0.013 0.014 0.014 0.013 0.012 0.000 0.000 0.000 0.000 0.000 0.000 0.014 0.014 0.014 0.014 0.015 0.015 0.014 0.014 0.014 0.014 0.014 0.012 0.007 0.003 0.000 0.000 0.000 0.000 0.000 0.000 0.000 0.000 0.000 0.000 0.000 0.000 0.000 0.000
0.000 0.000 0.000 0.000 0.000 0.000 0.000 0.000 0.000 0.000 0.000 0.000 0.000 0.000 0.000 0.000 0.000 0.000 0.000 0.000 0.000 0.000 0.000 0.000 0.000 0.000 0.000 0.000 0.000 0.000 0.000 0.001 0.001 0.001 0.005 0.012 0.013 0.013 0.014 0.014 0.014 0.013 0.000 0.000 0.000 0.000 0.000 0.000 0.000 0.014 0.014 0.014 0.014 0.014 0.014 0.014 0.014 0.014 0.014 0.014 0.014 0.014 0.010 0.005 0.001 0.000 0.000 0.000 0.000 0.000 0.000 0.000 0.000 0.000 0.000 0.000 0.000
0.000 0.000 0.000 0.000 0.000 0.000 0.000 0.000 0.000 0.000 0.000 0.000 0.000 0.000 0.000 0.000 0.000 0.000 0.000 0.000 0.000 0.000 0.000 0.000 0.000 0.000 0.000 0.000 0.000 0.000 0.001 0.001 0.001 0.001 0.007 0.014 0.014 0.014 0.014 0.014 0.015 0.015 0.000 0.000 0.000 0.000 0.000 0.000 0.014 0.014 0.014 0.014 0.014 0.015 0.015 0.014 0.015 0.014 0.014 0.014 0.015 0.014 0.014 0.013 0.008 0.003 0.000 0.000 0.000 0.000 0.000 0.000 0.000 0.000 0.000 0.000 0.000
0.000 0.000 0.000 0.000 0.000 0.000 0.000 0.000 0.000 0.000 0.000 0.000 0.000 0.000 0.000 0.000 0.000 0.000 0.000 0.000 0.000 0.000 0.000 0.000 0.000 0.000 0.000 0.000 0.000 0.000 0.001 0.001 0.001 0.001 0.009 0.015 0.014 0.014 0.015 0.015 0.015 0.015 0.000 0.000 0.000 0.000 0.000 0.000 0.014 0.014 0.014 0.014 0.014 0.014 0.014 0.014 0.015 0.015 0.014 0.014 0.014 0.014 0.014 0.014 0.014 0.010 0.006 0.001 0.000 0.000 0.000 0.000 0.000 0.000 0.000 0.000 0.000
0.000 0.000 0.000 0.000 0.000 0.000 0.000 0.000 0.000 0.000 0.000 0.000 0.000 0.000 0.000 0.000 0.000 0.000 0.000 0.000 0.000 0.000 0.000 0.000 0.000 0.000 0.000 0.000 0.000 0.000 0.001 0.001 0.001 0.002 0.011 0.014 0.014 0.015 0.015 0.015 0.015 0.000 0.000 0.000 0.000 0.000 0.000 0.000 0.014 0.014 0.015 0.014 0.014 0.014 0.014 0.014 0.014 0.014 0.013 0.014 0.014 0.014 0.013 0.013 0.013 0.013 0.013 0.008 0.003 0.000 0.000 0.000 0.000 0.000 0.000 0.000 0.000
0.000 0.000 0.000 0.000 0.000 0.000 0.000 0.000 0.000 0.000 0.000 0.000 0.000 0.000 0.000 0.000 0.000 0.000 0.000 0.000 0.000 0.000 0.000 0.000 0.000 0.000 0.000 0.000 0.000 0.000 0.001 0.001 0.001 0.004 0.012 0.015 0.016 0.016 0.016 0.015 0.015 0.000 0.000 0.000 0.000 0.000 0.000 0.013 0.014 0.014 0.014 0.014 0.014 0.015 0.014 0.014 0.014 0.014 0.014 0.014 0.014 0.013 0.013 0.013 0.013 0.013 0.012 0.013 0.010 0.006 0.002 0.000 0.000 0.000 0.000 0.000 0.000
0.000 0.000 0.000 0.000 0.000 0.000 0.000 0.000 0.000 0.000 0.000 0.000 0.000 0.000 0.000 0.000 0.000 0.000 0.000 0.000 0.000 0.000 0.000 0.000 0.000 0.000 0.000 0.000 0.001 0.001 0.001 0.001 0.001 0.005 0.014 0.016 0.016 0.016 0.016 0.016 0.016 0.000 0.000 0.000 0.000 0.000 0.000 0.014 0.013 0.014 0.014 0.014 0.014 0.014 0.014 0.014 0.014 0.014 0.014 0.014 0.013 0.014 0.013 0.013 0.013 0.013 0.012 0.013 0.012 0.012 0.008 0.003 0.000 0.000 0.000 0.000 0.000
0.000 0.000 0.000 0.000 0.000 0.000 0.000 0.000 0.000 0.000 0.000 0.000 0.000 0.000 0.000 0.000 0.000 0.000 0.000 0.000 0.000 0.000 0.000 0.000 0.000 0.000 0.000 0.000 0.001 0.001 0.001 0.001 0.001 0.008 0.015 0.016 0.016 0.016 0.016 0.016 0.016 0.000 0.000 0.000 0.000 0.000 0.000 0.014 0.014 0.013 0.014 0.014 0.014 0.014 0.014 0.014 0.014 0.014 0.014 0.013 0.013 0.013 0.013 0.012 0.013 0.012 0.012 0.012 0.012 0.012 0.011 0.010 0.006 0.001 0.000 0.000 0.000
0.000 0.000 0.000 0.000 0.000 0.000 0.000 0.000 0.000 0.000 0.000 0.000 0.000 0.000 0.000 0.000 0.000 0.000 0.000 0.000 0.000 0.000 0.000 0.000 0.000 0.000 0.000 0.000 0.001 0.001 0.001 0.001 0.001 0.009 0.015 0.016 0.016 0.015 0.016 0.016 0.017 0.000 0.000 0.000 0.000 0.000 0.000 0.014 0.014 0.014 0.014 0.014 0.014 0.013 0.013 0.014 0.014 0.013 0.013 0.013 0.013 0.013 0.013 0.013 0.012 0.012 0.012 0.012 0.012 0.011 0.011 0.011 0.010 0.008 0.003 0.000 0.000
0.000 0.000 0.000 0.000 0.000 0.000 0.000 0.000 0.000 0.000 0.000 0.000 0.000 0.000 0.000 0.000 0.000 0.000 0.000 0.000 0.000 0.000 0.000 0.000 0.000 0.000 0.000 0.000 0.001 0.001 0.001 0.001 0.003 0.010 0.015 0.015 0.016 0.016 0.016 0.016 0.017 0.000 0.000 0.000 0.000 0.000 0.014 0.014 0.014 0.014 0.014 0.013 0.013 0.013 0.014 0.014 0.013 0.013 0.013 0.013 0.013 0.013 0.012 0.012 0.012 0.012 0.012 0.012 0.011 0.011 0.011 0.010 0.010 0.009 0.009 0.005 0.000
0.000 0.000 0.000 0.000 0.000 0.000 0.000 0.000 0.000 0.000 0.000 0.000 0.000 0.000 0.000 0.000 0.000 0.000 0.000 0.000 0.000 0.000 0.000 0.000 0.000 0.000 0.000 0.000 0.001 0.001 0.001 0.001 0.003 0.011 0.014 0.014 0.014 0.015 0.017 0.017 0.016 0.000 0.000 0.000 0.000 0.000 0.014 0.014 0.014 0.014 0.013 0.013 0.013 0.014 0.014 0.014 0.013 0.013 0.013 0.013 0.012 0.013 0.012 0.012 0.012 0.012 0.011 0.011 0.011 0.011 0.010 0.010 0.010 0.009 0.009 0.008 0.007
0.000 0.000 0.000 0.000 0.000 0.000 0.000 0.000 0.000 0.000 0.000 0.000 0.000 0.000 0.000 0.000 0.000 0.000 0.000 0.000 0.000 0.000 0.000 0.000 0.000 0.000 0.000 0.001 0.001 0.001 0.001 0.001 0.003 0.011 0.013 0.013 0.013 0.014 0.016 0.017 0.017 0.000 0.000 0.000 0.000 0.000 0.013 0.013 0.013 0.014 0.013 0.013 0.014 0.013 0.013 0.013 0.013 0.013 0.013 0.013 0.012 0.012 0.012 0.012 0.012 0.011 0.011 0.011 0.011 0.010 0.010 0.010 0.009 0.009 0.008 0.007 0.007
0.000 0.000 0.000 0.000 0.000 0.000 0.000 0.000 0.000 0.000 0.000 0.000 0.000 0.000 0.000 0.000 0.000 0.000 0.000 0.000 0.000 0.000 0.000 0.000 0.000 0.000 0.000 0.001 0.001 0.001 0.001 0.001 0.004 0.012 0.013 0.014 0.014 0.014 0.015 0.016 0.017 0.016 0.017 0.000 0.000 0.000 0.000 0.000 0.013 0.014 0.014 0.013 0.013 0.013 0.013 0.013 0.013 0.013 0.013 0.013 0.012 0.012 0.012 0.012 0.011 0.011 0.011 0.010 0.010 0.010 0.009 0.009 0.009 0.008 0.007 0.007 0.006
0.000 0.000 0.000 0.000 0.000 0.000 0.000 0.000 0.000 0.000 0.000 0.000 0.000 0.000 0.000 0.000 0.000 0.000 0.000 0.000 0.000 0.000 0.000 0.000 0.000 0.000 0.000 0.001 0.001 0.001 0.001 0.001 0.005 0.012 0.012 0.014 0.014 0.014 0.015 0.016 0.016 0.016 0.016 0.015 0.015 0.015 0.000 0.013 0.013 0.013 0.013 0.013 0.013 0.013 0.013 0.013 0.013 0.013 0.012 0.013 0.012 0.012 0.011 0.011 0.011 0.011 0.010 0.010 0.010 0.009 0.009 0.008 0.008 0.007 0.007 0.006 0.005
0.000 0.000 0.000 0.000 0.000 0.000 0.000 0.000 0.000 0.000 0.000 0.000 0.000 0.000 0.000 0.000 0.000 0.000 0.000 0.000 0.000 0.000 0.000 0.000 0.000 0.000 0.000 0.001 0.001 0.001 0.001 0.002 0.006 0.010 0.013 0.014 0.015 0.014 0.015 0.015 0.016 0.016 0.016 0.015 0.015 0.014 0.014 0.013 0.013 0.013 0.013 0.013 0.013 0.013 0.013 0.013 0.012 0.012 0.012 0.012 0.012 0.011 0.011 0.011 0.011 0.010 0.010 0.010 0.009 0.009 0.008 0.008 0.007 0.006 0.006 0.005 0.004
0.000 0.000 0.000 0.000 0.000 0.000 0.000 0.000 0.000 0.000 0.000 0.000 0.000 0.000 0.000 0.000 0.000 0.000 0.000 0.000 0.000 0.000 0.000 0.000 0.000 0.000 0.000 0.001 0.001 0.001 0.001 0.002 0.007 0.000 0.012 0.014 0.015 0.014 0.015 0.015 0.000 0.016 0.015 0.015 0.014 0.014 0.014 0.014 0.013 0.013 0.013 0.013 0.013 0.013 0.012 0.012 0.012 0.012 0.012 0.012 0.011 0.011 0.011 0.010 0.010 0.010 0.009 0.009 0.008 0.008 0.007 0.007 0.006 0.005 0.004 0.003 0.003
0.000 0.000 0.000 0.000 0.000 0.000 0.000 0.000 0.000 0.000 0.000 0.000 0.000 0.000 0.000 0.000 0.000 0.000 0.000 0.000 0.000 0.000 0.000 0.000 0.000 0.000 0.000 0.001 0.001 0.001 0.001 0.004 0.011 0.012 0.014 0.015 0.016 0.015 0.014 0.000 0.000 0.000 0.000 0.000 0.014 0.014 0.014 0.013 0.013 0.013 0.013 0.013 0.013 0.013 0.013 0.012 0.012 0.012 0.012 0.011 0.011 0.011 0.010 0.010 0.010 0.009 0.009 0.008 0.008 0.007 0.006 0.006 0.005 0.003 0.003 0.003 0.003
0.000 0.000 0.000 0.000 0.000 0.000 0.000 0.000 0.000 0.000 0.000 0.000 0.000 0.000 0.000 0.000 0.000 0.000 0.000 0.000 0.000 0.000 0.000 0.000 0.000 0.000 0.001 0.001 0.001 0.001 0.001 0.007 0.015 0.015 0.015 0.016 0.016 0.014 0.000 0.000 0.000 0.000 0.000 0.000 0.000 0.000 0.013 0.013 0.013 0.013 0.013 0.013 0.013 0.012 0.013 0.012 0.012 0.011 0.011 0.011 0.010 0.010 0.010 0.009 0.009 0.008 0.008 0.007 0.007 0.006 0.005 0.003 0.003 0.003 0.003 0.003 0.003
0.000 0.000 0.000 0.000 0.000 0.000 0.000 0.000 0.000 0.000 0.000 0.000 0.000 0.000 0.000 0.000 0.000 0.000 0.000 0.000 0.000 0.000 0.000 0.000 0.000 0.000 0.001 0.001 0.001 0.001 0.003 0.009 0.016 0.016 0.016 0.017 0.016 0.014 0.000 0.000 0.000 0.000 0.000 0.000 0.000 0.000 0.013 0.013 0.013 0.013 0.013 0.013 0.013 0.012 0.012 0.012 0.012 0.011 0.011 0.011 0.010 0.010 0.009 0.009 0.008 0.008 0.007 0.006 0.005 0.004 0.003 0.003 0.003 0.003 0.003 0.003 0.003
0.000 0.000 0.000 0.000 0.000 0.000 0.000 0.000 0.000 0.000 0.000 0.000 0.000 0.000 0.000 0.000 0.000 0.000 0.000 0.000 0.000 0.000 0.000 0.000 0.000 0.000 0.001 0.001 0.001 0.001 0.004 0.011 0.017 0.017 0.017 0.017 0.016 0.000 0.000 0.000 0.000 0.000 0.013 0.013 0.013 0.013 0.013 0.013 0.013 0.013 0.013 0.012 0.012 0.012 0.012 0.011 0.011 0.011 0.010 0.010 0.009 0.009 0.008 0.008 0.007 0.006 0.006 0.004 0.003 0.003 0.003 0.003 0.003 0.003 0.003 0.003 0.004
0.000 0.000 0.000 0.000 0.000 0.000 0.000 0.000 0.000 0.000 0.000 0.000 0.000 0.000 0.000 0.000 0.000 0.000 0.000 0.000 0.000 0.000 0.000 0.000 0.000 0.000 0.001 0.001 0.001 0.001 0.006 0.013 0.017 0.018 0.018 0.018 0.017 0.000 0.000 0.000 0.000 0.000 0.000 0.013 0.013 0.013 0.013 0.013 0.013 0.013 0.012 0.013 0.012 0.012 0.011 0.011 0.011 0.010 0.010 0.009 0.009 0.008 0.008 0.007 0.006 0.005 0.003 0.003 0.003 0.003 0.003 0.003 0.003 0.003 0.003 0.003 0.005
0.000 0.000 0.000 0.000 0.000 0.000 0.000 0.000 0.000 0.000 0.000 0.000 0.000 0.000 0.000 0.000 0.000 0.000 0.000 0.000 0.000 0.000 0.000 0.000 0.000 0.000 0.001 0.001 0.001 0.001 0.008 0.016 0.018 0.018 0.018 0.019 0.019 0.000 0.000 0.000 0.000 0.000 0.000 0.000 0.000 0.000 0.013 0.012 0.012 0.013 0.012 0.012 0.012 0.011 0.011 0.011 0.010 0.010 0.009 0.009 0.008 0.007 0.006 0.005 0.003 0.004 0.003 0.003 0.003 0.003 0.003 0.003 0.003 0.003 0.003 0.004 0.007
0.000 0.000 0.000 0.000 0.000 0.000 0.000 0.000 0.000 0.000 0.000 0.000 0.000 0.000 0.000 0.000 0.000 0.000 0.000 0.000 0.000 0.000 0.000 0.000 0.000 0.001 0.001 0.001 0.001 0.002 0.010 0.018 0.019 0.019 0.019 0.020 0.000 0.000 0.000 0.000 0.000 0.000 0.000 0.000 0.000 0.000 0.000 0.000 0.013 0.013 0.012 0.012 0.012 0.011 0.011 0.010 0.010 0.009 0.008 0.007 0.007 0.005 0.004 0.004 0.003 0.003 0.003 0.003 0.003 0.003 0.003 0.003 0.003 0.003 0.003 0.006 0.006
0.001 0.000 0.000 0.000 0.000 0.001 0.000 0.000 0.000 0.000 0.000 0.000 0.000 0.000 0.000 0.000 0.000 0.000 0.000 0.000 0.000 0.000 0.000 0.000 0.000 0.001 0.001 0.001 0.001 0.003 0.012 0.019 0.019 0.019 0.020 0.020 0.000 0.000 0.000 0.000 0.000 0.000 0.000 0.000 0.000 0.000 0.000 0.000 0.000 0.000 0.000 0.012 0.011 0.011 0.011 0.010 0.009 0.008 0.007 0.006 0.004 0.004 0.004 0.004 0.003 0.003 0.003 0.003 0.003 0.003 0.003 0.003 0.003 0.003 0.004 0.008 0.006
0.001 0.001 0.001 0.001 0.001 0.001 0.001 0.001 0.000 0.000 0.000 0.000 0.000 0.000 0.000 0.000 0.000 0.000 0.000 0.000 0.000 0.000 0.000 0.000 0.000 0.001 0.001 0.001 0.001 0.004 0.013 0.019 0.019 0.019 0.020 0.020 0.000 0.000 0.000 0.000 0.000 0.000 0.000 0.000 0.000 0.000 0.000 0.000 0.000 0.000 0.000 0.000 0.000 0.000 0.010 0.009 0.008 0.007 0.005 0.004 0.004 0.004 0.004 0.004 0.004 0.003 0.003 0.003 0.003 0.003 0.003 0.003 0.003 0.004 0.008 0.009 0.006
0.001 0.001 0.001 0.001 0.001 0.001 0.001 0.001 0.001 0.001 0.000 0.000 0.000 0.000 0.000 0.000 0.000 0.000 0.000 0.000 0.000 0.000 0.000 0.000 0.000 0.001 0.001 0.001 0.001 0.005 0.014 0.019 0.019 0.019 0.019 0.020 0.000 0.000 0.000 0.000 0.000 0.000 0.000 0.000 0.000 0.000 0.000 0.000 0.000 0.000 0.000 0.000 0.000 0.000 0.000 0.000 0.005 0.004 0.004 0.004 0.004 0.004 0.004 0.004 0.004 0.004 0.004 0.004 0.003 0.003 0.003 0.004 0.005 0.010 0.015 0.011 0.008
0.001 0.001 0.001 0.001 0.001 0.001 0.001 0.001 0.001 0.001 0.001 0.000 0.000 0.000 0.000 0.000 0.000 0.000 0.000 0.000 0.000 0.000 0.000 0.000 0.000 0.001 0.001 0.001 0.001 0.007 0.016 0.019 0.018 0.019 0.019 0.000 0.000 0.000 0.000 0.000 0.000 0.000 0.000 0.000 0.000 0.000 0.000 0.000 0.000 0.000 0.000 0.000 0.000 0.000 0.000 0.000 0.003 0.004 0.004 0.004 0.004 0.004 0.004 0.004 0.004 0.004 0.004 0.004 0.004 0.004 0.004 0.008 0.014 0.021 0.022 0.017 0.013
0.001 0.001 0.001 0.001 0.001 0.001 0.001 0.001 0.001 0.001 0.001 0.001 0.000 0.000 0.000 0.000 0.000 0.000 0.000 0.000 0.000 0.000 0.000 0.001 0.001 0.001 0.001 0.001 0.002 0.009 0.017 0.018 0.019 0.018 0.019 0.000 0.000 0.000 0.000 0.000 0.000 0.000 0.000 0.000 0.000 0.000 0.000 0.000 0.000 0.000 0.000 0.000 0.000 0.000 0.000 0.000 0.003 0.003 0.003 0.004 0.004 0.004 0.004 0.004 0.004 0.004 0.004 0.004 0.004 0.005 0.012 0.019 0.027 0.033 0.028 0.024 0.020
0.011 0.006 0.003 0.001 0.001 0.001 0.001 0.001 0.001 0.001 0.001 0.001 0.001 0.001 0.000 0.000 0.000 0.000 0.000 0.000 0.000 0.000 0.000 0.001 0.001 0.001 0.001 0.001 0.003 0.010 0.018 0.018 0.018 0.019 0.019 0.000 0.000 0.000 0.000 0.000 0.000 0.000 0.000 0.000 0.000 0.000 0.000 0.000 0.000 0.000 0.000 0.000 0.000 0.000 0.000 0.000 0.002 0.003 0.003 0.003 0.004 0.004 0.004 0.004 0.004 0.004 0.004 0.004 0.007 0.014 0.023 0.032 0.040 0.041 0.037 0.032 0.028
0.022 0.017 0.013 0.008 0.004 0.001 0.001 0.001 0.001 0.001 0.001 0.001 0.001 0.001 0.001 0.000 0.000 0.000 0.000 0.000 0.000 0.000 0.000 0.001 0.001 0.001 0.001 0.001 0.003 0.011 0.018 0.017 0.018 0.019 0.019 0.000 0.000 0.000 0.000 0.000 0.000 0.000 0.000 0.000 0.000 0.000 0.000 0.000 0.000 0.000 0.000 0.000 0.000 0.000 0.000 0.000 0.002 0.003 0.003 0.003 0.004 0.004 0.004 0.004 0.004 0.004 0.005 0.009 0.015 0.023 0.033 0.000 0.000 0.049 0.044 0.040 0.036
0.000 0.000 0.024 0.019 0.015 0.010 0.005 0.002 0.001 0.001 0.001 0.001 0.001 0.001 0.001 0.001 0.001 0.000 0.000 0.000 0.000 0.000 0.000 0.001 0.001 0.001 0.001 0.001 0.004 0.012 0.018 0.017 0.017 0.018 0.000 0.000 0.000 0.000 0.000 0.000 0.000 0.000 0.000 0.000 0.000 0.000 0.000 0.000 0.000 0.000 0.000 0.000 0.000 0.000 0.000 0.000 0.002 0.002 0.003 0.003 0.003 0.004 0.004 0.004 0.005 0.007 0.012 0.018 0.026 0.033 0.000 0.000 0.000 0.000 0.000 0.048 0.043
