数据/2hours/0.1-2h-5y/coupled-136-0001.wd
ncols         694
nrows         824
xllcorner     581104.939801
yllcorner     3495917.092414
cellsize      2.000000
NODATA_value  -9999.000000
[rows 408 to 441 of 824, columns 385 to 461 of 694]
0.000 0.000 0.000 0.000 0.000 0.000 0.000 0.000 0.000 0.000 0.000 0.000 0.000 0.000 0.000 0.000 0.000 0.000 0.000 0.000 0.000 0.000 0.000 0.000 0.000 0.000 0.000 0.000 0.000 0.000 0.000 0.000 0.001 0.006 0.015 0.023 0.033 0.032 0.030 0.032 0.033 0.032 0.033 0.000 0.000 0.000 0.000 0.000 0.000 0.000 0.018 0.018 0.018 0.018 0.018 0.016 0.011 0.006 0.002 0.000 0.000 0.000 0.000 0.000 0.000 0.000 0.000 0.000 0.000 0.000 0.000 0.000 0.000 0.000 0.000 0.000 0.000
0.000 0.000 0.000 0.000 0.000 0.000 0.000 0.000 0.000 0.000 0.000 0.000 0.000 0.000 0.000 0.000 0.000 0.000 0.000 0.000 0.000 0.000 0.000 0.000 0.000 0.000 0.000 0.000 0.000 0.000 0.000 0.001 0.003 0.007 0.017 0.027 0.033 0.033 0.033 0.032 0.032 0.032 0.034 0.000 0.000 0.000 0.000 0.000 0.000 0.018 0.018 0.018 0.018 0.018 0.018 0.018 0.018 0.014 0.009 0.005 0.000 0.000 0.000 0.000 0.000 0.000 0.000 0.000 0.000 0.000 0.000 0.000 0.000 0.000 0.000 0.000 0.000
0.000 0.000 0.000 0.000 0.000 0.000 0.000 0.000 0.000 0.000 0.000 0.000 0.000 0.000 0.000 0.000 0.000 0.000 0.000 0.000 0.000 0.000 0.000 0.000 0.000 0.000 0.000 0.000 0.000 0.000 0.000 0.001 0.005 0.010 0.020 0.028 0.034 0.034 0.036 0.033 0.032 0.032 0.034 0.000 0.000 0.000 0.000 0.000 0.000 0.018 0.018 0.018 0.018 0.018 0.018 0.018 0.018 0.018 0.017 0.012 0.007 0.003 0.000 0.000 0.000 0.000 0.000 0.000 0.000 0.000 0.000 0.000 0.000 0.000 0.000 0.000 0.000
0.000 0.000 0.000 0.000 0.000 0.000 0.000 0.000 0.000 0.000 0.000 0.000 0.000 0.000 0.000 0.000 0.000 0.000 0.000 0.000 0.000 0.000 0.000 0.000 0.000 0.000 0.000 0.000 0.000 0.000 0.000 0.001 0.007 0.012 0.023 0.030 0.034 0.034 0.035 0.032 0.031 0.031 0.036 0.000 0.000 0.000 0.000 0.000 0.000 0.018 0.019 0.018 0.018 0.018 0.018 0.018 0.018 0.018 0.018 0.017 0.015 0.010 0.006 0.000 0.000 0.000 0.000 0.000 0.000 0.000 0.000 0.000 0.000 0.000 0.000 0.000 0.000
0.000 0.000 0.000 0.000 0.000 0.000 0.000 0.000 0.000 0.000 0.000 0.000 0.000 0.000 0.000 0.000 0.000 0.000 0.000 0.000 0.000 0.000 0.000 0.000 0.000 0.000 0.000 0.000 0.000 0.000 0.000 0.002 0.008 0.014 0.025 0.034 0.034 0.035 0.034 0.034 0.032 0.032 0.000 0.000 0.000 0.000 0.000 0.000 0.000 0.018 0.018 0.018 0.018 0.018 0.018 0.018 0.018 0.018 0.018 0.018 0.018 0.017 0.013 0.008 0.003 0.000 0.000 0.000 0.000 0.000 0.000 0.000 0.000 0.000 0.000 0.000 0.000
0.000 0.000 0.000 0.000 0.000 0.000 0.000 0.000 0.000 0.000 0.000 0.000 0.000 0.000 0.000 0.000 0.000 0.000 0.000 0.000 0.000 0.000 0.000 0.000 0.000 0.000 0.000 0.000 0.000 0.000 0.001 0.004 0.010 0.016 0.026 0.036 0.035 0.035 0.035 0.034 0.032 0.031 0.000 0.000 0.000 0.000 0.000 0.000 0.018 0.018 0.018 0.019 0.018 0.018 0.018 0.018 0.018 0.018 0.018 0.017 0.018 0.017 0.017 0.015 0.010 0.006 0.000 0.000 0.000 0.000 0.000 0.000 0.000 0.000 0.000 0.000 0.000
0.000 0.000 0.000 0.000 0.000 0.000 0.000 0.000 0.000 0.000 0.000 0.000 0.000 0.000 0.000 0.000 0.000 0.000 0.000 0.000 0.000 0.000 0.000 0.000 0.000 0.000 0.000 0.000 0.000 0.000 0.001 0.005 0.012 0.020 0.028 0.036 0.034 0.035 0.035 0.034 0.031 0.029 0.000 0.000 0.000 0.000 0.000 0.000 0.018 0.019 0.019 0.018 0.019 0.018 0.018 0.018 0.018 0.017 0.018 0.017 0.017 0.017 0.017 0.016 0.016 0.013 0.008 0.003 0.000 0.000 0.000 0.000 0.000 0.000 0.000 0.000 0.000
0.000 0.000 0.000 0.000 0.000 0.000 0.000 0.000 0.000 0.000 0.000 0.000 0.000 0.000 0.000 0.000 0.000 0.000 0.000 0.000 0.000 0.000 0.000 0.000 0.000 0.000 0.000 0.000 0.000 0.000 0.001 0.007 0.015 0.022 0.031 0.035 0.035 0.035 0.035 0.035 0.033 0.000 0.000 0.000 0.000 0.000 0.000 0.000 0.019 0.019 0.018 0.018 0.018 0.018 0.018 0.018 0.018 0.017 0.018 0.017 0.017 0.017 0.016 0.016 0.016 0.015 0.015 0.010 0.006 0.000 0.000 0.000 0.000 0.000 0.000 0.000 0.000
0.000 0.000 0.000 0.000 0.000 0.000 0.000 0.000 0.000 0.000 0.000 0.000 0.000 0.000 0.000 0.000 0.000 0.000 0.000 0.000 0.000 0.000 0.000 0.000 0.000 0.000 0.000 0.000 0.000 0.000 0.002 0.009 0.017 0.026 0.034 0.036 0.036 0.036 0.036 0.035 0.034 0.000 0.000 0.000 0.000 0.000 0.000 0.019 0.019 0.019 0.019 0.018 0.019 0.019 0.018 0.018 0.018 0.017 0.018 0.017 0.017 0.017 0.016 0.016 0.016 0.015 0.015 0.014 0.013 0.008 0.003 0.000 0.000 0.000 0.000 0.000 0.000
0.000 0.000 0.000 0.000 0.000 0.000 0.000 0.000 0.000 0.000 0.000 0.000 0.000 0.000 0.000 0.000 0.000 0.000 0.000 0.000 0.000 0.000 0.000 0.000 0.000 0.000 0.000 0.000 0.001 0.001 0.003 0.011 0.019 0.027 0.037 0.037 0.038 0.038 0.038 0.038 0.037 0.000 0.000 0.000 0.000 0.000 0.000 0.019 0.019 0.018 0.019 0.019 0.018 0.018 0.018 0.018 0.018 0.017 0.018 0.017 0.017 0.017 0.016 0.016 0.015 0.015 0.015 0.014 0.014 0.013 0.010 0.005 0.000 0.000 0.000 0.000 0.000
0.000 0.000 0.000 0.000 0.000 0.000 0.000 0.000 0.000 0.000 0.000 0.000 0.000 0.000 0.000 0.000 0.000 0.000 0.000 0.000 0.000 0.000 0.000 0.000 0.000 0.000 0.000 0.000 0.001 0.001 0.005 0.014 0.021 0.030 0.038 0.038 0.038 0.038 0.038 0.039 0.038 0.000 0.000 0.000 0.000 0.000 0.000 0.019 0.019 0.019 0.018 0.019 0.018 0.018 0.018 0.018 0.018 0.018 0.017 0.017 0.017 0.016 0.016 0.016 0.015 0.015 0.014 0.014 0.014 0.013 0.013 0.012 0.007 0.002 0.000 0.000 0.000
0.000 0.000 0.000 0.000 0.000 0.000 0.000 0.000 0.000 0.000 0.000 0.000 0.000 0.000 0.000 0.000 0.000 0.000 0.000 0.000 0.000 0.000 0.000 0.000 0.000 0.000 0.000 0.000 0.001 0.001 0.007 0.015 0.023 0.031 0.038 0.038 0.038 0.039 0.038 0.039 0.039 0.000 0.000 0.000 0.000 0.000 0.000 0.019 0.019 0.019 0.020 0.019 0.018 0.019 0.019 0.018 0.017 0.018 0.017 0.017 0.016 0.016 0.016 0.015 0.015 0.015 0.014 0.014 0.013 0.013 0.013 0.012 0.012 0.009 0.004 0.000 0.000
0.000 0.000 0.000 0.000 0.000 0.000 0.000 0.000 0.000 0.000 0.000 0.000 0.000 0.000 0.000 0.000 0.000 0.000 0.000 0.000 0.000 0.000 0.000 0.000 0.000 0.000 0.000 0.000 0.001 0.002 0.009 0.017 0.025 0.033 0.038 0.038 0.039 0.038 0.038 0.039 0.040 0.000 0.000 0.000 0.000 0.000 0.020 0.019 0.020 0.019 0.019 0.019 0.019 0.018 0.019 0.018 0.018 0.017 0.017 0.017 0.016 0.016 0.015 0.015 0.015 0.015 0.014 0.013 0.013 0.013 0.012 0.011 0.011 0.010 0.010 0.006 0.000
0.000 0.000 0.000 0.000 0.000 0.000 0.000 0.000 0.000 0.000 0.000 0.000 0.000 0.000 0.000 0.000 0.000 0.000 0.000 0.000 0.000 0.000 0.000 0.000 0.000 0.000 0.000 0.000 0.001 0.003 0.011 0.018 0.027 0.036 0.039 0.038 0.039 0.038 0.038 0.038 0.039 0.000 0.000 0.000 0.000 0.000 0.020 0.019 0.020 0.020 0.019 0.019 0.019 0.019 0.019 0.018 0.018 0.017 0.017 0.017 0.016 0.016 0.015 0.015 0.015 0.014 0.014 0.013 0.013 0.012 0.012 0.011 0.011 0.010 0.009 0.009 0.007
0.000 0.000 0.000 0.000 0.000 0.000 0.000 0.000 0.000 0.000 0.000 0.000 0.000 0.000 0.000 0.000 0.000 0.000 0.000 0.000 0.000 0.000 0.000 0.000 0.000 0.000 0.000 0.001 0.001 0.005 0.012 0.021 0.028 0.037 0.039 0.038 0.038 0.038 0.038 0.038 0.038 0.000 0.000 0.000 0.000 0.000 0.020 0.020 0.020 0.020 0.020 0.020 0.019 0.019 0.018 0.018 0.018 0.017 0.017 0.017 0.016 0.016 0.015 0.015 0.014 0.013 0.013 0.013 0.013 0.012 0.011 0.011 0.010 0.009 0.009 0.008 0.007
0.000 0.000 0.000 0.000 0.000 0.000 0.000 0.000 0.000 0.000 0.000 0.000 0.000 0.000 0.000 0.000 0.000 0.000 0.000 0.000 0.000 0.000 0.000 0.000 0.000 0.000 0.000 0.001 0.001 0.007 0.014 0.022 0.031 0.039 0.038 0.039 0.038 0.038 0.039 0.037 0.038 0.036 0.036 0.000 0.000 0.000 0.000 0.000 0.021 0.021 0.020 0.020 0.020 0.019 0.018 0.018 0.017 0.017 0.017 0.016 0.016 0.015 0.015 0.014 0.014 0.014 0.013 0.013 0.012 0.011 0.011 0.010 0.009 0.009 0.008 0.008 0.007
0.000 0.000 0.000 0.000 0.000 0.000 0.000 0.000 0.000 0.000 0.000 0.000 0.000 0.000 0.000 0.000 0.000 0.000 0.000 0.000 0.000 0.000 0.000 0.000 0.000 0.000 0.000 0.001 0.002 0.008 0.016 0.024 0.033 0.040 0.039 0.039 0.039 0.038 0.038 0.037 0.037 0.036 0.035 0.034 0.032 0.032 0.000 0.023 0.022 0.021 0.021 0.021 0.020 0.019 0.019 0.018 0.018 0.017 0.017 0.016 0.016 0.015 0.015 0.014 0.014 0.013 0.013 0.012 0.011 0.011 0.010 0.010 0.009 0.008 0.007 0.007 0.006
0.000 0.000 0.000 0.000 0.000 0.000 0.000 0.000 0.000 0.000 0.000 0.000 0.000 0.000 0.000 0.000 0.000 0.000 0.000 0.000 0.000 0.000 0.000 0.000 0.000 0.000 0.000 0.001 0.003 0.009 0.018 0.026 0.035 0.041 0.040 0.040 0.039 0.038 0.038 0.037 0.036 0.035 0.034 0.033 0.032 0.030 0.027 0.024 0.022 0.022 0.021 0.020 0.020 0.019 0.018 0.017 0.017 0.017 0.016 0.016 0.016 0.015 0.014 0.013 0.013 0.013 0.012 0.011 0.011 0.010 0.009 0.009 0.008 0.007 0.006 0.005 0.004
0.000 0.000 0.000 0.000 0.000 0.000 0.000 0.000 0.000 0.000 0.000 0.000 0.000 0.000 0.000 0.000 0.000 0.000 0.000 0.000 0.000 0.000 0.000 0.000 0.000 0.000 0.000 0.001 0.004 0.010 0.020 0.029 0.038 0.045 0.042 0.041 0.040 0.039 0.040 0.038 0.000 0.035 0.034 0.033 0.031 0.029 0.027 0.024 0.023 0.022 0.021 0.020 0.020 0.019 0.018 0.018 0.017 0.017 0.016 0.015 0.015 0.015 0.014 0.013 0.012 0.012 0.011 0.011 0.010 0.009 0.009 0.008 0.007 0.006 0.005 0.003 0.003
0.000 0.000 0.000 0.000 0.000 0.000 0.000 0.000 0.000 0.000 0.000 0.000 0.000 0.000 0.000 0.000 0.000 0.000 0.000 0.000 0.000 0.000 0.000 0.000 0.000 0.000 0.000 0.001 0.005 0.013 0.023 0.031 0.040 0.043 0.042 0.042 0.041 0.040 0.040 0.000 0.000 0.000 0.000 0.000 0.029 0.028 0.026 0.024 0.023 0.022 0.021 0.021 0.020 0.019 0.018 0.018 0.017 0.016 0.016 0.015 0.014 0.014 0.013 0.013 0.012 0.011 0.011 0.010 0.009 0.008 0.007 0.007 0.005 0.004 0.003 0.003 0.003
0.000 0.000 0.000 0.000 0.000 0.000 0.000 0.000 0.000 0.000 0.000 0.000 0.000 0.000 0.000 0.000 0.000 0.000 0.000 0.000 0.000 0.000 0.000 0.000 0.000 0.000 0.001 0.001 0.007 0.015 0.024 0.034 0.042 0.043 0.043 0.042 0.043 0.042 0.000 0.000 0.000 0.000 0.000 0.000 0.000 0.000 0.023 0.023 0.023 0.022 0.021 0.020 0.020 0.019 0.018 0.017 0.017 0.016 0.016 0.015 0.014 0.013 0.013 0.012 0.011 0.011 0.010 0.009 0.008 0.007 0.006 0.004 0.004 0.003 0.003 0.003 0.003
0.000 0.000 0.000 0.000 0.000 0.000 0.000 0.000 0.000 0.000 0.000 0.000 0.000 0.000 0.000 0.000 0.000 0.000 0.000 0.000 0.000 0.000 0.000 0.000 0.000 0.000 0.001 0.002 0.008 0.017 0.027 0.034 0.042 0.043 0.041 0.042 0.043 0.043 0.000 0.000 0.000 0.000 0.000 0.000 0.000 0.000 0.023 0.022 0.022 0.021 0.021 0.020 0.020 0.019 0.018 0.017 0.017 0.016 0.015 0.014 0.014 0.013 0.012 0.011 0.010 0.010 0.009 0.008 0.006 0.005 0.004 0.004 0.004 0.003 0.003 0.003 0.003
0.000 0.000 0.000 0.000 0.000 0.000 0.000 0.000 0.000 0.000 0.000 0.000 0.000 0.000 0.000 0.000 0.000 0.000 0.000 0.000 0.000 0.000 0.000 0.000 0.000 0.000 0.001 0.003 0.011 0.019 0.028 0.036 0.041 0.041 0.041 0.041 0.040 0.000 0.000 0.000 0.000 0.000 0.021 0.022 0.022 0.022 0.022 0.022 0.022 0.021 0.021 0.020 0.019 0.018 0.018 0.017 0.016 0.015 0.014 0.014 0.013 0.012 0.011 0.010 0.009 0.008 0.007 0.005 0.004 0.004 0.004 0.004 0.004 0.004 0.003 0.003 0.004
0.000 0.000 0.000 0.000 0.000 0.000 0.000 0.000 0.000 0.000 0.000 0.000 0.000 0.000 0.000 0.000 0.000 0.000 0.000 0.000 0.000 0.000 0.000 0.000 0.000 0.000 0.001 0.004 0.011 0.020 0.029 0.038 0.042 0.041 0.042 0.042 0.041 0.000 0.000 0.000 0.000 0.000 0.000 0.022 0.022 0.022 0.022 0.022 0.021 0.021 0.020 0.020 0.019 0.018 0.017 0.016 0.016 0.015 0.014 0.013 0.012 0.011 0.010 0.009 0.008 0.006 0.004 0.004 0.004 0.004 0.004 0.004 0.004 0.004 0.003 0.004 0.006
0.000 0.000 0.000 0.000 0.000 0.000 0.000 0.000 0.000 0.000 0.000 0.000 0.000 0.000 0.000 0.000 0.000 0.000 0.000 0.000 0.000 0.000 0.000 0.000 0.000 0.000 0.001 0.006 0.014 0.023 0.029 0.040 0.040 0.041 0.041 0.042 0.040 0.000 0.000 0.000 0.000 0.000 0.000 0.000 0.000 0.000 0.022 0.022 0.021 0.021 0.020 0.019 0.018 0.018 0.017 0.016 0.015 0.014 0.013 0.012 0.011 0.010 0.008 0.007 0.005 0.005 0.004 0.004 0.004 0.004 0.004 0.004 0.004 0.004 0.004 0.004 0.007
0.000 0.000 0.000 0.000 0.000 0.000 0.000 0.000 0.000 0.000 0.000 0.000 0.000 0.000 0.000 0.000 0.000 0.000 0.000 0.000 0.000 0.000 0.000 0.000 0.000 0.001 0.001 0.007 0.017 0.024 0.032 0.041 0.040 0.041 0.042 0.042 0.000 0.000 0.000 0.000 0.000 0.000 0.000 0.000 0.000 0.000 0.000 0.000 0.021 0.020 0.020 0.019 0.018 0.017 0.016 0.015 0.014 0.013 0.012 0.011 0.009 0.008 0.006 0.005 0.005 0.005 0.004 0.004 0.004 0.004 0.004 0.004 0.004 0.004 0.004 0.006 0.006
0.011 0.000 0.000 0.000 0.000 0.001 0.000 0.000 0.000 0.000 0.000 0.000 0.000 0.000 0.000 0.000 0.000 0.000 0.000 0.000 0.000 0.000 0.000 0.000 0.000 0.001 0.002 0.008 0.016 0.024 0.035 0.041 0.042 0.042 0.042 0.041 0.000 0.000 0.000 0.000 0.000 0.000 0.000 0.000 0.000 0.000 0.000 0.000 0.000 0.000 0.000 0.018 0.018 0.017 0.016 0.015 0.013 0.012 0.010 0.009 0.006 0.006 0.005 0.005 0.005 0.005 0.004 0.004 0.004 0.004 0.004 0.004 0.004 0.004 0.005 0.008 0.006
0.020 0.015 0.008 0.003 0.001 0.001 0.001 0.001 0.000 0.000 0.000 0.000 0.000 0.000 0.000 0.000 0.000 0.000 0.000 0.000 0.000 0.000 0.000 0.000 0.000 0.001 0.003 0.012 0.017 0.028 0.040 0.042 0.042 0.043 0.042 0.042 0.000 0.000 0.000 0.000 0.000 0.000 0.000 0.000 0.000 0.000 0.000 0.000 0.000 0.000 0.000 0.000 0.000 0.000 0.015 0.014 0.012 0.010 0.008 0.006 0.006 0.006 0.005 0.005 0.005 0.005 0.005 0.004 0.004 0.004 0.004 0.004 0.004 0.004 0.007 0.008 0.006
0.029 0.025 0.018 0.013 0.008 0.004 0.001 0.001 0.001 0.001 0.000 0.000 0.000 0.000 0.000 0.000 0.000 0.000 0.000 0.000 0.000 0.000 0.000 0.000 0.000 0.001 0.003 0.011 0.021 0.032 0.042 0.044 0.044 0.046 0.041 0.043 0.000 0.000 0.000 0.000 0.000 0.000 0.000 0.000 0.000 0.000 0.000 0.000 0.000 0.000 0.000 0.000 0.000 0.000 0.000 0.000 0.008 0.006 0.006 0.006 0.006 0.006 0.005 0.005 0.005 0.005 0.005 0.005 0.004 0.004 0.004 0.004 0.004 0.006 0.011 0.008 0.006
0.039 0.034 0.029 0.023 0.018 0.012 0.008 0.003 0.001 0.001 0.001 0.000 0.000 0.000 0.000 0.000 0.000 0.000 0.000 0.000 0.000 0.000 0.000 0.000 0.000 0.001 0.005 0.016 0.025 0.034 0.043 0.044 0.048 0.048 0.045 0.000 0.000 0.000 0.000 0.000 0.000 0.000 0.000 0.000 0.000 0.000 0.000 0.000 0.000 0.000 0.000 0.000 0.000 0.000 0.000 0.000 0.005 0.006 0.006 0.006 0.006 0.005 0.005 0.005 0.005 0.005 0.005 0.005 0.005 0.004 0.004 0.005 0.008 0.014 0.014 0.010 0.007
0.049 0.044 0.039 0.034 0.028 0.022 0.017 0.012 0.006 0.002 0.001 0.001 0.000 0.000 0.000 0.000 0.000 0.000 0.000 0.000 0.000 0.000 0.000 0.001 0.001 0.001 0.010 0.019 0.023 0.033 0.040 0.041 0.044 0.046 0.052 0.000 0.000 0.000 0.000 0.000 0.000 0.000 0.000 0.000 0.000 0.000 0.000 0.000 0.000 0.000 0.000 0.000 0.000 0.000 0.000 0.000 0.004 0.005 0.005 0.005 0.005 0.005 0.005 0.005 0.005 0.005 0.005 0.005 0.005 0.005 0.006 0.012 0.018 0.024 0.020 0.016 0.011
0.060 0.055 0.049 0.044 0.038 0.033 0.027 0.021 0.016 0.010 0.005 0.002 0.001 0.001 0.000 0.000 0.000 0.000 0.000 0.000 0.000 0.000 0.000 0.001 0.001 0.002 0.013 0.017 0.022 0.033 0.041 0.043 0.039 0.042 0.050 0.000 0.000 0.000 0.000 0.000 0.000 0.000 0.000 0.000 0.000 0.000 0.000 0.000 0.000 0.000 0.000 0.000 0.000 0.000 0.000 0.000 0.004 0.004 0.005 0.005 0.005 0.005 0.005 0.005 0.005 0.005 0.005 0.005 0.005 0.007 0.014 0.024 0.031 0.032 0.027 0.023 0.018
0.071 0.066 0.060 0.055 0.049 0.043 0.037 0.032 0.026 0.020 0.014 0.009 0.004 0.001 0.001 0.000 0.000 0.000 0.000 0.000 0.000 0.000 0.000 0.001 0.001 0.005 0.010 0.018 0.025 0.033 0.042 0.047 0.044 0.040 0.047 0.000 0.000 0.000 0.000 0.000 0.000 0.000 0.000 0.000 0.000 0.000 0.000 0.000 0.000 0.000 0.000 0.000 0.000 0.000 0.000 0.000 0.003 0.004 0.005 0.005 0.005 0.005 0.005 0.005 0.005 0.005 0.005 0.005 0.006 0.013 0.024 0.000 0.000 0.039 0.035 0.031 0.025
0.000 0.000 0.070 0.065 0.060 0.054 0.048 0.042 0.036 0.030 0.024 0.018 0.012 0.007 0.003 0.001 0.001 0.000 0.000 0.000 0.000 0.000 0.000 0.001 0.001 0.008 0.008 0.018 0.029 0.037 0.037 0.039 0.045 0.036 0.000 0.000 0.000 0.000 0.000 0.000 0.000 0.000 0.000 0.000 0.000 0.000 0.000 0.000 0.000 0.000 0.000 0.000 0.000 0.000 0.000 0.000 0.003 0.004 0.004 0.005 0.005 0.005 0.005 0.005 0.005 0.005 0.005 0.006 0.009 0.016 0.000 0.000 0.000 0.000 0.000 0.038 0.033
