数据/2hours/0.1-2h-5y/coupled-146-0001.wd
ncols         694
nrows         824
xllcorner     581104.939801
yllcorner     3495917.092414
cellsize      2.000000
NODATA_value  -9999.000000
[rows 408 to 441 of 824, columns 385 to 461 of 694]
0.000 0.000 0.000 0.000 0.000 0.000 0.000 0.000 0.000 0.000 0.000 0.000 0.000 0.000 0.000 0.000 0.000 0.000 0.000 0.000 0.000 0.000 0.000 0.000 0.000 0.000 0.000 0.000 0.000 0.000 0.000 0.000 0.001 0.001 0.001 0.005 0.013 0.012 0.000 0.013 0.015 0.016 0.015 0.000 0.000 0.000 0.000 0.000 0.000 0.000 0.016 0.015 0.015 0.016 0.016 0.013 0.009 0.004 0.001 0.000 0.000 0.000 0.000 0.000 0.000 0.000 0.000 0.000 0.000 0.000 0.000 0.000 0.000 0.000 0.000 0.000 0.000
0.000 0.000 0.000 0.000 0.000 0.000 0.000 0.000 0.000 0.000 0.000 0.000 0.000 0.000 0.000 0.000 0.000 0.000 0.000 0.000 0.000 0.000 0.000 0.000 0.000 0.000 0.000 0.000 0.000 0.000 0.000 0.001 0.001 0.001 0.001 0.007 0.013 0.013 0.012 0.014 0.015 0.015 0.015 0.000 0.000 0.000 0.000 0.000 0.000 0.015 0.015 0.016 0.016 0.015 0.016 0.015 0.016 0.012 0.007 0.003 0.000 0.000 0.000 0.000 0.000 0.000 0.000 0.000 0.000 0.000 0.000 0.000 0.000 0.000 0.000 0.000 0.000
0.000 0.000 0.000 0.000 0.000 0.000 0.000 0.000 0.000 0.000 0.000 0.000 0.000 0.000 0.000 0.000 0.000 0.000 0.000 0.000 0.000 0.000 0.000 0.000 0.000 0.000 0.000 0.000 0.000 0.000 0.000 0.001 0.001 0.001 0.003 0.009 0.014 0.014 0.015 0.015 0.015 0.015 0.014 0.000 0.000 0.000 0.000 0.000 0.000 0.015 0.015 0.015 0.016 0.016 0.016 0.015 0.016 0.015 0.015 0.010 0.005 0.001 0.000 0.000 0.000 0.000 0.000 0.000 0.000 0.000 0.000 0.000 0.000 0.000 0.000 0.000 0.000
0.000 0.000 0.000 0.000 0.000 0.000 0.000 0.000 0.000 0.000 0.000 0.000 0.000 0.000 0.000 0.000 0.000 0.000 0.000 0.000 0.000 0.000 0.000 0.000 0.000 0.000 0.000 0.000 0.000 0.000 0.000 0.001 0.001 0.001 0.005 0.011 0.014 0.015 0.016 0.016 0.016 0.015 0.012 0.000 0.000 0.000 0.000 0.000 0.000 0.015 0.016 0.016 0.016 0.015 0.016 0.016 0.015 0.016 0.016 0.015 0.013 0.008 0.004 0.000 0.000 0.000 0.000 0.000 0.000 0.000 0.000 0.000 0.000 0.000 0.000 0.000 0.000
0.000 0.000 0.000 0.000 0.000 0.000 0.000 0.000 0.000 0.000 0.000 0.000 0.000 0.000 0.000 0.000 0.000 0.000 0.000 0.000 0.000 0.000 0.000 0.000 0.000 0.000 0.000 0.000 0.000 0.000 0.000 0.001 0.001 0.001 0.007 0.014 0.015 0.015 0.016 0.016 0.016 0.016 0.000 0.000 0.000 0.000 0.000 0.000 0.000 0.015 0.015 0.015 0.015 0.016 0.015 0.016 0.015 0.016 0.016 0.016 0.015 0.016 0.011 0.006 0.002 0.000 0.000 0.000 0.000 0.000 0.000 0.000 0.000 0.000 0.000 0.000 0.000
0.000 0.000 0.000 0.000 0.000 0.000 0.000 0.000 0.000 0.000 0.000 0.000 0.000 0.000 0.000 0.000 0.000 0.000 0.000 0.000 0.000 0.000 0.000 0.000 0.000 0.000 0.000 0.000 0.000 0.000 0.001 0.001 0.001 0.001 0.009 0.015 0.015 0.015 0.016 0.016 0.017 0.016 0.000 0.000 0.000 0.000 0.000 0.000 0.015 0.015 0.015 0.015 0.015 0.016 0.015 0.016 0.015 0.015 0.015 0.016 0.016 0.015 0.015 0.013 0.009 0.004 0.000 0.000 0.000 0.000 0.000 0.000 0.000 0.000 0.000 0.000 0.000
0.000 0.000 0.000 0.000 0.000 0.000 0.000 0.000 0.000 0.000 0.000 0.000 0.000 0.000 0.000 0.000 0.000 0.000 0.000 0.000 0.000 0.000 0.000 0.000 0.000 0.000 0.000 0.000 0.000 0.000 0.001 0.001 0.001 0.002 0.011 0.016 0.016 0.016 0.016 0.016 0.017 0.017 0.000 0.000 0.000 0.000 0.000 0.000 0.015 0.016 0.015 0.015 0.015 0.015 0.015 0.016 0.015 0.015 0.015 0.015 0.015 0.015 0.015 0.015 0.015 0.011 0.007 0.002 0.000 0.000 0.000 0.000 0.000 0.000 0.000 0.000 0.000
0.000 0.000 0.000 0.000 0.000 0.000 0.000 0.000 0.000 0.000 0.000 0.000 0.000 0.000 0.000 0.000 0.000 0.000 0.000 0.000 0.000 0.000 0.000 0.000 0.000 0.000 0.000 0.000 0.000 0.000 0.001 0.001 0.001 0.004 0.013 0.017 0.017 0.016 0.017 0.017 0.017 0.000 0.000 0.000 0.000 0.000 0.000 0.000 0.015 0.016 0.015 0.016 0.015 0.016 0.016 0.016 0.015 0.015 0.015 0.015 0.015 0.015 0.015 0.014 0.014 0.014 0.013 0.009 0.004 0.000 0.000 0.000 0.000 0.000 0.000 0.000 0.000
0.000 0.000 0.000 0.000 0.000 0.000 0.000 0.000 0.000 0.000 0.000 0.000 0.000 0.000 0.000 0.000 0.000 0.000 0.000 0.000 0.000 0.000 0.000 0.000 0.000 0.000 0.000 0.000 0.000 0.000 0.001 0.001 0.001 0.005 0.015 0.018 0.018 0.018 0.017 0.017 0.018 0.000 0.000 0.000 0.000 0.000 0.000 0.015 0.015 0.015 0.015 0.016 0.015 0.015 0.015 0.015 0.015 0.015 0.015 0.015 0.014 0.015 0.014 0.014 0.014 0.014 0.014 0.013 0.012 0.007 0.002 0.000 0.000 0.000 0.000 0.000 0.000
0.000 0.000 0.000 0.000 0.000 0.000 0.000 0.000 0.000 0.000 0.000 0.000 0.000 0.000 0.000 0.000 0.000 0.000 0.000 0.000 0.000 0.000 0.000 0.000 0.000 0.000 0.000 0.000 0.001 0.001 0.001 0.001 0.001 0.008 0.017 0.018 0.018 0.018 0.018 0.018 0.018 0.000 0.000 0.000 0.000 0.000 0.000 0.015 0.015 0.014 0.015 0.015 0.016 0.016 0.015 0.015 0.015 0.015 0.015 0.015 0.015 0.014 0.014 0.014 0.013 0.014 0.013 0.013 0.013 0.013 0.009 0.004 0.000 0.000 0.000 0.000 0.000
0.000 0.000 0.000 0.000 0.000 0.000 0.000 0.000 0.000 0.000 0.000 0.000 0.000 0.000 0.000 0.000 0.000 0.000 0.000 0.000 0.000 0.000 0.000 0.000 0.000 0.000 0.000 0.000 0.001 0.001 0.001 0.001 0.001 0.010 0.018 0.018 0.018 0.018 0.018 0.018 0.019 0.000 0.000 0.000 0.000 0.000 0.000 0.015 0.015 0.015 0.015 0.015 0.015 0.015 0.015 0.015 0.015 0.015 0.015 0.014 0.014 0.014 0.014 0.014 0.013 0.014 0.013 0.013 0.013 0.012 0.012 0.011 0.006 0.002 0.000 0.000 0.000
0.000 0.000 0.000 0.000 0.000 0.000 0.000 0.000 0.000 0.000 0.000 0.000 0.000 0.000 0.000 0.000 0.000 0.000 0.000 0.000 0.000 0.000 0.000 0.000 0.000 0.000 0.000 0.000 0.001 0.001 0.001 0.001 0.003 0.011 0.018 0.017 0.018 0.018 0.018 0.018 0.020 0.000 0.000 0.000 0.000 0.000 0.000 0.015 0.015 0.016 0.015 0.014 0.015 0.015 0.015 0.015 0.015 0.015 0.015 0.014 0.014 0.014 0.014 0.013 0.014 0.013 0.013 0.012 0.012 0.012 0.012 0.011 0.011 0.008 0.004 0.000 0.000
0.000 0.000 0.000 0.000 0.000 0.000 0.000 0.000 0.000 0.000 0.000 0.000 0.000 0.000 0.000 0.000 0.000 0.000 0.000 0.000 0.000 0.000 0.000 0.000 0.000 0.000 0.000 0.000 0.001 0.001 0.001 0.001 0.005 0.012 0.017 0.017 0.017 0.018 0.018 0.019 0.019 0.000 0.000 0.000 0.000 0.000 0.015 0.015 0.015 0.015 0.016 0.014 0.015 0.014 0.015 0.015 0.014 0.014 0.014 0.015 0.014 0.014 0.013 0.013 0.013 0.013 0.013 0.012 0.012 0.012 0.011 0.011 0.011 0.010 0.010 0.006 0.000
0.000 0.000 0.000 0.000 0.000 0.000 0.000 0.000 0.000 0.000 0.000 0.000 0.000 0.000 0.000 0.000 0.000 0.000 0.000 0.000 0.000 0.000 0.000 0.000 0.000 0.000 0.000 0.000 0.001 0.001 0.001 0.001 0.005 0.013 0.016 0.016 0.016 0.016 0.018 0.019 0.018 0.000 0.000 0.000 0.000 0.000 0.015 0.015 0.015 0.015 0.015 0.015 0.015 0.015 0.015 0.014 0.015 0.014 0.014 0.014 0.014 0.013 0.013 0.013 0.013 0.012 0.012 0.012 0.012 0.012 0.011 0.011 0.010 0.010 0.009 0.008 0.007
0.000 0.000 0.000 0.000 0.000 0.000 0.000 0.000 0.000 0.000 0.000 0.000 0.000 0.000 0.000 0.000 0.000 0.000 0.000 0.000 0.000 0.000 0.000 0.000 0.000 0.000 0.000 0.001 0.001 0.001 0.001 0.001 0.005 0.013 0.015 0.016 0.016 0.016 0.017 0.019 0.019 0.000 0.000 0.000 0.000 0.000 0.015 0.015 0.015 0.015 0.015 0.015 0.015 0.015 0.015 0.015 0.015 0.014 0.014 0.014 0.014 0.014 0.013 0.013 0.012 0.012 0.012 0.012 0.011 0.011 0.011 0.010 0.010 0.009 0.009 0.008 0.007
0.000 0.000 0.000 0.000 0.000 0.000 0.000 0.000 0.000 0.000 0.000 0.000 0.000 0.000 0.000 0.000 0.000 0.000 0.000 0.000 0.000 0.000 0.000 0.000 0.000 0.000 0.000 0.001 0.001 0.001 0.001 0.002 0.005 0.014 0.015 0.017 0.017 0.016 0.017 0.018 0.019 0.019 0.019 0.000 0.000 0.000 0.000 0.000 0.016 0.014 0.016 0.015 0.015 0.014 0.014 0.014 0.015 0.014 0.014 0.013 0.013 0.013 0.013 0.013 0.012 0.012 0.012 0.011 0.011 0.011 0.010 0.009 0.009 0.008 0.008 0.007 0.007
0.000 0.000 0.000 0.000 0.000 0.000 0.000 0.000 0.000 0.000 0.000 0.000 0.000 0.000 0.000 0.000 0.000 0.000 0.000 0.000 0.000 0.000 0.000 0.000 0.000 0.000 0.000 0.001 0.001 0.001 0.001 0.002 0.007 0.014 0.015 0.017 0.018 0.017 0.017 0.018 0.018 0.018 0.018 0.017 0.017 0.017 0.000 0.015 0.015 0.015 0.014 0.015 0.015 0.015 0.014 0.014 0.014 0.013 0.014 0.013 0.013 0.013 0.012 0.012 0.012 0.011 0.011 0.011 0.010 0.010 0.009 0.009 0.009 0.008 0.007 0.006 0.006
0.000 0.000 0.000 0.000 0.000 0.000 0.000 0.000 0.000 0.000 0.000 0.000 0.000 0.000 0.000 0.000 0.000 0.000 0.000 0.000 0.000 0.000 0.000 0.000 0.000 0.000 0.000 0.001 0.001 0.001 0.001 0.002 0.007 0.012 0.015 0.016 0.017 0.017 0.017 0.017 0.018 0.018 0.018 0.017 0.016 0.016 0.016 0.015 0.015 0.015 0.015 0.015 0.015 0.014 0.014 0.014 0.013 0.014 0.013 0.013 0.013 0.013 0.012 0.012 0.012 0.011 0.011 0.010 0.010 0.009 0.009 0.008 0.008 0.007 0.006 0.005 0.004
0.000 0.000 0.000 0.000 0.000 0.000 0.000 0.000 0.000 0.000 0.000 0.000 0.000 0.000 0.000 0.000 0.000 0.000 0.000 0.000 0.000 0.000 0.000 0.000 0.000 0.000 0.000 0.001 0.001 0.001 0.001 0.004 0.009 0.000 0.014 0.017 0.018 0.017 0.016 0.017 0.000 0.018 0.018 0.017 0.017 0.016 0.016 0.015 0.015 0.015 0.015 0.014 0.014 0.014 0.014 0.014 0.014 0.013 0.013 0.013 0.012 0.012 0.012 0.012 0.011 0.011 0.010 0.010 0.009 0.009 0.008 0.007 0.007 0.006 0.004 0.003 0.003
0.000 0.000 0.000 0.000 0.000 0.000 0.000 0.000 0.000 0.000 0.000 0.000 0.000 0.000 0.000 0.000 0.000 0.000 0.000 0.000 0.000 0.000 0.000 0.000 0.000 0.000 0.000 0.001 0.001 0.001 0.002 0.007 0.014 0.015 0.016 0.017 0.018 0.017 0.015 0.000 0.000 0.000 0.000 0.000 0.016 0.016 0.016 0.015 0.015 0.015 0.015 0.015 0.014 0.014 0.014 0.013 0.013 0.013 0.013 0.012 0.012 0.011 0.011 0.011 0.010 0.010 0.009 0.009 0.008 0.008 0.007 0.006 0.005 0.003 0.003 0.003 0.003
0.000 0.000 0.000 0.000 0.000 0.000 0.000 0.000 0.000 0.000 0.000 0.000 0.000 0.000 0.000 0.000 0.000 0.000 0.000 0.000 0.000 0.000 0.000 0.000 0.000 0.000 0.001 0.001 0.001 0.001 0.003 0.009 0.017 0.018 0.018 0.018 0.018 0.017 0.000 0.000 0.000 0.000 0.000 0.000 0.000 0.000 0.015 0.015 0.015 0.015 0.015 0.014 0.014 0.014 0.014 0.013 0.013 0.013 0.012 0.012 0.011 0.011 0.011 0.010 0.010 0.009 0.009 0.008 0.007 0.006 0.005 0.004 0.003 0.003 0.003 0.003 0.003
0.000 0.000 0.000 0.000 0.000 0.000 0.000 0.000 0.000 0.000 0.000 0.000 0.000 0.000 0.000 0.000 0.000 0.000 0.000 0.000 0.000 0.000 0.000 0.000 0.000 0.000 0.001 0.001 0.001 0.001 0.005 0.012 0.019 0.020 0.019 0.019 0.018 0.016 0.000 0.000 0.000 0.000 0.000 0.000 0.000 0.000 0.015 0.015 0.015 0.014 0.014 0.014 0.014 0.014 0.013 0.013 0.013 0.012 0.012 0.011 0.011 0.010 0.010 0.010 0.009 0.008 0.008 0.007 0.006 0.004 0.004 0.003 0.003 0.003 0.003 0.003 0.003
0.000 0.000 0.000 0.000 0.000 0.000 0.000 0.000 0.000 0.000 0.000 0.000 0.000 0.000 0.000 0.000 0.000 0.000 0.000 0.000 0.000 0.000 0.000 0.000 0.000 0.000 0.001 0.001 0.001 0.001 0.007 0.014 0.021 0.020 0.021 0.020 0.019 0.000 0.000 0.000 0.000 0.000 0.015 0.015 0.015 0.015 0.015 0.015 0.015 0.015 0.014 0.014 0.014 0.013 0.013 0.013 0.012 0.012 0.011 0.011 0.010 0.010 0.009 0.009 0.008 0.007 0.006 0.005 0.004 0.004 0.003 0.003 0.003 0.003 0.003 0.003 0.004
0.000 0.000 0.000 0.000 0.000 0.000 0.000 0.000 0.000 0.000 0.000 0.000 0.000 0.000 0.000 0.000 0.000 0.000 0.000 0.000 0.000 0.000 0.000 0.000 0.000 0.000 0.001 0.001 0.001 0.002 0.009 0.017 0.022 0.021 0.021 0.021 0.021 0.000 0.000 0.000 0.000 0.000 0.000 0.015 0.015 0.015 0.015 0.015 0.014 0.015 0.014 0.014 0.014 0.013 0.013 0.013 0.012 0.011 0.011 0.010 0.010 0.009 0.008 0.007 0.006 0.005 0.004 0.004 0.004 0.004 0.003 0.003 0.003 0.003 0.003 0.003 0.006
0.000 0.000 0.000 0.000 0.000 0.000 0.000 0.000 0.000 0.000 0.000 0.000 0.000 0.000 0.000 0.000 0.000 0.000 0.000 0.000 0.000 0.000 0.000 0.000 0.000 0.000 0.001 0.001 0.001 0.004 0.012 0.020 0.023 0.022 0.022 0.022 0.022 0.000 0.000 0.000 0.000 0.000 0.000 0.000 0.000 0.000 0.015 0.014 0.014 0.014 0.014 0.014 0.014 0.013 0.012 0.012 0.011 0.011 0.010 0.010 0.008 0.008 0.007 0.005 0.004 0.004 0.004 0.004 0.004 0.004 0.004 0.003 0.003 0.003 0.003 0.004 0.007
0.000 0.000 0.000 0.000 0.000 0.000 0.000 0.000 0.000 0.000 0.000 0.000 0.000 0.000 0.000 0.000 0.000 0.000 0.000 0.000 0.000 0.000 0.000 0.000 0.000 0.001 0.001 0.001 0.001 0.006 0.014 0.023 0.024 0.024 0.024 0.024 0.000 0.000 0.000 0.000 0.000 0.000 0.000 0.000 0.000 0.000 0.000 0.000 0.015 0.014 0.014 0.013 0.013 0.013 0.012 0.011 0.011 0.010 0.009 0.008 0.007 0.006 0.004 0.004 0.004 0.004 0.004 0.004 0.004 0.004 0.004 0.004 0.004 0.003 0.004 0.006 0.007
0.001 0.000 0.000 0.000 0.000 0.001 0.000 0.000 0.000 0.000 0.000 0.000 0.000 0.000 0.000 0.000 0.000 0.000 0.000 0.000 0.000 0.000 0.000 0.000 0.000 0.001 0.001 0.001 0.001 0.008 0.016 0.024 0.024 0.024 0.024 0.025 0.000 0.000 0.000 0.000 0.000 0.000 0.000 0.000 0.000 0.000 0.000 0.000 0.000 0.000 0.000 0.013 0.013 0.013 0.011 0.011 0.010 0.009 0.008 0.006 0.005 0.004 0.004 0.004 0.004 0.004 0.004 0.004 0.004 0.004 0.004 0.004 0.004 0.004 0.005 0.008 0.006
0.001 0.001 0.001 0.001 0.001 0.001 0.001 0.001 0.000 0.000 0.000 0.000 0.000 0.000 0.000 0.000 0.000 0.000 0.000 0.000 0.000 0.000 0.000 0.000 0.000 0.001 0.001 0.001 0.003 0.010 0.019 0.024 0.025 0.025 0.025 0.024 0.000 0.000 0.000 0.000 0.000 0.000 0.000 0.000 0.000 0.000 0.000 0.000 0.000 0.000 0.000 0.000 0.000 0.000 0.011 0.010 0.009 0.007 0.005 0.004 0.004 0.004 0.004 0.004 0.004 0.004 0.004 0.004 0.004 0.004 0.004 0.004 0.004 0.005 0.008 0.009 0.006
0.001 0.001 0.001 0.001 0.001 0.001 0.001 0.001 0.001 0.001 0.000 0.000 0.000 0.000 0.000 0.000 0.000 0.000 0.000 0.000 0.000 0.000 0.000 0.000 0.000 0.001 0.001 0.001 0.003 0.012 0.021 0.024 0.024 0.024 0.026 0.024 0.000 0.000 0.000 0.000 0.000 0.000 0.000 0.000 0.000 0.000 0.000 0.000 0.000 0.000 0.000 0.000 0.000 0.000 0.000 0.000 0.006 0.004 0.005 0.004 0.004 0.004 0.004 0.004 0.004 0.004 0.004 0.004 0.004 0.004 0.004 0.004 0.005 0.009 0.015 0.011 0.008
0.001 0.001 0.001 0.001 0.001 0.001 0.001 0.001 0.001 0.001 0.001 0.000 0.000 0.000 0.000 0.000 0.000 0.000 0.000 0.000 0.000 0.000 0.000 0.000 0.000 0.001 0.001 0.001 0.005 0.013 0.022 0.025 0.024 0.025 0.025 0.000 0.000 0.000 0.000 0.000 0.000 0.000 0.000 0.000 0.000 0.000 0.000 0.000 0.000 0.000 0.000 0.000 0.000 0.000 0.000 0.000 0.004 0.004 0.004 0.004 0.004 0.004 0.004 0.004 0.004 0.004 0.004 0.004 0.004 0.004 0.005 0.007 0.013 0.020 0.020 0.016 0.012
0.008 0.004 0.002 0.001 0.001 0.001 0.001 0.001 0.001 0.001 0.001 0.001 0.000 0.000 0.000 0.000 0.000 0.000 0.000 0.000 0.000 0.000 0.000 0.001 0.001 0.001 0.001 0.001 0.008 0.017 0.026 0.026 0.026 0.026 0.024 0.000 0.000 0.000 0.000 0.000 0.000 0.000 0.000 0.000 0.000 0.000 0.000 0.000 0.000 0.000 0.000 0.000 0.000 0.000 0.000 0.000 0.003 0.004 0.004 0.004 0.004 0.004 0.004 0.004 0.004 0.004 0.004 0.004 0.004 0.005 0.011 0.018 0.026 0.032 0.028 0.023 0.019
0.019 0.015 0.011 0.007 0.003 0.001 0.001 0.001 0.001 0.001 0.001 0.001 0.001 0.001 0.000 0.000 0.000 0.000 0.000 0.000 0.000 0.000 0.000 0.001 0.001 0.001 0.001 0.002 0.011 0.020 0.026 0.027 0.028 0.027 0.026 0.000 0.000 0.000 0.000 0.000 0.000 0.000 0.000 0.000 0.000 0.000 0.000 0.000 0.000 0.000 0.000 0.000 0.000 0.000 0.000 0.000 0.003 0.003 0.004 0.004 0.004 0.004 0.004 0.004 0.004 0.004 0.004 0.004 0.006 0.012 0.021 0.031 0.038 0.039 0.035 0.031 0.026
0.031 0.027 0.022 0.017 0.013 0.008 0.004 0.001 0.001 0.001 0.001 0.001 0.001 0.001 0.001 0.000 0.000 0.000 0.000 0.000 0.000 0.000 0.000 0.001 0.001 0.001 0.001 0.006 0.012 0.020 0.024 0.024 0.028 0.028 0.028 0.000 0.000 0.000 0.000 0.000 0.000 0.000 0.000 0.000 0.000 0.000 0.000 0.000 0.000 0.000 0.000 0.000 0.000 0.000 0.000 0.000 0.002 0.003 0.003 0.004 0.004 0.004 0.004 0.004 0.004 0.004 0.005 0.006 0.012 0.021 0.031 0.000 0.000 0.047 0.044 0.038 0.034
0.000 0.000 0.033 0.028 0.023 0.019 0.014 0.009 0.005 0.001 0.001 0.001 0.001 0.001 0.001 0.001 0.001 0.000 0.000 0.000 0.000 0.000 0.000 0.001 0.001 0.001 0.001 0.007 0.013 0.020 0.025 0.024 0.025 0.029 0.000 0.000 0.000 0.000 0.000 0.000 0.000 0.000 0.000 0.000 0.000 0.000 0.000 0.000 0.000 0.000 0.000 0.000 0.000 0.000 0.000 0.000 0.002 0.003 0.003 0.004 0.004 0.004 0.004 0.004 0.004 0.005 0.008 0.014 0.021 0.028 0.000 0.000 0.000 0.000 0.000 0.046 0.042
