数据/2hours/0.1-2h-5y/coupled-137-0001.wd
ncols         694
nrows         824
xllcorner     581104.939801
yllcorner     3495917.092414
cellsize      2.000000
NODATA_value  -9999.000000
[rows 442 to 475 of 824, columns 385 to 461 of 694]
0.000 0.000 0.000 0.071 0.066 0.060 0.054 0.048 0.042 0.036 0.030 0.025 0.018 0.013 0.008 0.003 0.001 0.001 0.000 0.000 0.000 0.000 0.000 0.001 0.001 0.005 0.013 0.016 0.026 0.039 0.039 0.035 0.038 0.037 0.000 0.000 0.000 0.000 0.000 0.000 0.000 0.000 0.000 0.000 0.000 0.000 0.000 0.000 0.000 0.000 0.000 0.000 0.000 0.000 0.000 0.000 0.002 0.003 0.004 0.004 0.005 0.005 0.005 0.005 0.005 0.006 0.008 0.012 0.018 0.025 0.000 0.000 0.000 0.000 0.000 0.000 0.000
0.000 0.000 0.000 0.000 0.000 0.070 0.065 0.059 0.053 0.047 0.040 0.034 0.028 0.022 0.016 0.011 0.005 0.001 0.001 0.000 0.000 0.000 0.000 0.001 0.001 0.004 0.014 0.022 0.026 0.037 0.039 0.039 0.037 0.035 0.000 0.000 0.000 0.000 0.000 0.000 0.000 0.000 0.000 0.000 0.000 0.000 0.000 0.000 0.000 0.000 0.000 0.000 0.000 0.000 0.000 0.000 0.002 0.003 0.004 0.005 0.005 0.005 0.006 0.006 0.008 0.012 0.017 0.024 0.030 0.037 0.044 0.046 0.000 0.000 0.000 0.000 0.000
0.000 0.000 0.000 0.000 0.000 0.000 0.000 0.068 0.063 0.057 0.051 0.044 0.038 0.032 0.026 0.019 0.014 0.008 0.003 0.001 0.000 0.000 0.000 0.001 0.001 0.005 0.015 0.025 0.032 0.038 0.036 0.035 0.042 0.000 0.000 0.000 0.000 0.000 0.000 0.000 0.000 0.000 0.000 0.000 0.000 0.000 0.000 0.000 0.000 0.000 0.000 0.000 0.000 0.000 0.000 0.000 0.003 0.005 0.007 0.008 0.007 0.007 0.009 0.012 0.017 0.024 0.030 0.037 0.044 0.051 0.057 0.053 0.048 0.044 0.039 0.000 0.000
0.000 0.000 0.000 0.000 0.000 0.000 0.000 0.000 0.069 0.067 0.061 0.054 0.048 0.042 0.035 0.029 0.022 0.016 0.009 0.004 0.001 0.000 0.000 0.001 0.001 0.005 0.016 0.026 0.040 0.037 0.039 0.036 0.038 0.000 0.000 0.000 0.000 0.000 0.000 0.000 0.000 0.000 0.000 0.000 0.000 0.000 0.000 0.000 0.000 0.000 0.000 0.000 0.000 0.000 0.000 0.000 0.000 0.018 0.000 0.000 0.010 0.014 0.019 0.024 0.030 0.036 0.043 0.050 0.057 0.064 0.066 0.062 0.057 0.052 0.046 0.041 0.036
0.000 0.000 0.000 0.000 0.000 0.000 0.000 0.000 0.000 0.000 0.065 0.062 0.058 0.052 0.045 0.038 0.032 0.025 0.018 0.011 0.005 0.001 0.001 0.001 0.001 0.006 0.014 0.024 0.035 0.038 0.034 0.032 0.036 0.000 0.000 0.000 0.000 0.000 0.000 0.000 0.000 0.000 0.000 0.000 0.000 0.000 0.000 0.000 0.000 0.000 0.000 0.000 0.000 0.000 0.000 0.000 0.000 0.000 0.000 0.000 0.000 0.000 0.000 0.000 0.042 0.049 0.056 0.063 0.070 0.077 0.074 0.069 0.064 0.060 0.054 0.048 0.044
0.000 0.000 0.000 0.000 0.000 0.000 0.000 0.000 0.000 0.000 0.000 0.065 0.062 0.058 0.054 0.048 0.041 0.034 0.026 0.019 0.012 0.006 0.001 0.001 0.001 0.006 0.014 0.022 0.031 0.034 0.036 0.030 0.028 0.023 0.019 0.017 0.000 0.000 0.000 0.000 0.000 0.000 0.000 0.000 0.000 0.000 0.000 0.000 0.000 0.000 0.000 0.000 0.000 0.000 0.000 0.000 0.000 0.000 0.000 0.000 0.000 0.000 0.000 0.000 0.000 0.000 0.000 0.000 0.083 0.086 0.081 0.077 0.072 0.067 0.062 0.056 0.051
0.000 0.000 0.000 0.000 0.000 0.000 0.000 0.000 0.000 0.000 0.000 0.000 0.000 0.061 0.058 0.053 0.047 0.043 0.035 0.027 0.019 0.013 0.006 0.001 0.001 0.005 0.013 0.017 0.029 0.034 0.028 0.026 0.026 0.020 0.016 0.013 0.008 0.005 0.003 0.003 0.000 0.000 0.000 0.000 0.000 0.000 0.000 0.000 0.000 0.000 0.000 0.000 0.000 0.000 0.000 0.000 0.000 0.000 0.000 0.000 0.000 0.000 0.000 0.000 0.000 0.000 0.000 0.000 0.000 0.000 0.000 0.085 0.080 0.075 0.070 0.064 0.059
0.000 0.000 0.000 0.000 0.000 0.000 0.000 0.000 0.000 0.000 0.000 0.000 0.000 0.000 0.000 0.054 0.050 0.046 0.040 0.034 0.027 0.019 0.012 0.006 0.003 0.005 0.008 0.018 0.027 0.025 0.025 0.025 0.017 0.014 0.016 0.012 0.008 0.006 0.005 0.004 0.003 0.002 0.002 0.000 0.000 0.000 0.000 0.000 0.000 0.000 0.000 0.000 0.000 0.000 0.000 0.000 0.000 0.000 0.000 0.000 0.000 0.000 0.000 0.000 0.000 0.000 0.000 0.000 0.000 0.000 0.000 0.000 0.000 0.000 0.000 0.071 0.067
0.000 0.000 0.000 0.000 0.000 0.000 0.000 0.000 0.000 0.000 0.000 0.000 0.000 0.000 0.000 0.000 0.052 0.049 0.041 0.034 0.029 0.023 0.019 0.012 0.008 0.008 0.007 0.015 0.021 0.018 0.020 0.015 0.013 0.017 0.016 0.011 0.008 0.007 0.005 0.005 0.004 0.003 0.003 0.002 0.001 0.001 0.001 0.000 0.000 0.000 0.000 0.000 0.000 0.000 0.000 0.000 0.000 0.000 0.000 0.000 0.000 0.000 0.000 0.000 0.000 0.000 0.000 0.000 0.000 0.000 0.000 0.000 0.000 0.000 0.000 0.000 0.000
0.000 0.000 0.000 0.000 0.000 0.000 0.000 0.000 0.000 0.000 0.000 0.000 0.000 0.000 0.000 0.000 0.000 0.000 0.036 0.033 0.028 0.024 0.020 0.015 0.013 0.013 0.010 0.013 0.015 0.015 0.016 0.013 0.017 0.019 0.015 0.011 0.009 0.007 0.006 0.006 0.005 0.004 0.003 0.003 0.002 0.001 0.001 0.001 0.001 0.000 0.000 0.000 0.000 0.000 0.000 0.000 0.000 0.000 0.000 0.000 0.000 0.000 0.000 0.000 0.000 0.000 0.000 0.000 0.000 0.000 0.000 0.000 0.000 0.000 0.000 0.000 0.000
0.000 0.000 0.000 0.000 0.000 0.000 0.000 0.000 0.000 0.000 0.000 0.000 0.000 0.000 0.000 0.000 0.000 0.000 0.034 0.031 0.027 0.024 0.020 0.016 0.013 0.013 0.014 0.011 0.013 0.016 0.015 0.017 0.020 0.017 0.013 0.010 0.009 0.008 0.007 0.007 0.006 0.005 0.004 0.004 0.003 0.002 0.001 0.001 0.001 0.001 0.000 0.000 0.000 0.000 0.000 0.000 0.000 0.000 0.000 0.000 0.000 0.000 0.000 0.000 0.000 0.000 0.000 0.000 0.000 0.000 0.000 0.000 0.000 0.000 0.000 0.000 0.000
0.000 0.000 0.000 0.000 0.000 0.000 0.000 0.000 0.000 0.000 0.000 0.000 0.000 0.000 0.000 0.000 0.000 0.000 0.032 0.030 0.026 0.023 0.020 0.016 0.015 0.012 0.011 0.008 0.000 0.013 0.016 0.020 0.018 0.014 0.012 0.011 0.010 0.009 0.008 0.008 0.008 0.007 0.006 0.005 0.004 0.000 0.001 0.001 0.001 0.001 0.001 0.001 0.000 0.000 0.000 0.000 0.000 0.000 0.000 0.000 0.000 0.000 0.000 0.000 0.000 0.000 0.000 0.000 0.000 0.000 0.000 0.000 0.000 0.000 0.000 0.000 0.000
0.000 0.000 0.000 0.000 0.000 0.000 0.000 0.000 0.000 0.000 0.000 0.000 0.000 0.000 0.000 0.000 0.000 0.000 0.030 0.028 0.025 0.022 0.020 0.017 0.015 0.011 0.009 0.006 0.004 0.011 0.014 0.014 0.013 0.012 0.012 0.012 0.011 0.010 0.011 0.011 0.010 0.009 0.007 0.006 0.006 0.004 0.004 0.003 0.002 0.002 0.002 0.001 0.001 0.001 0.000 0.000 0.000 0.000 0.000 0.000 0.000 0.000 0.000 0.000 0.000 0.000 0.000 0.000 0.000 0.000 0.000 0.000 0.000 0.000 0.000 0.000 0.000
0.000 0.000 0.000 0.000 0.000 0.000 0.000 0.000 0.000 0.000 0.000 0.000 0.000 0.000 0.000 0.000 0.000 0.024 0.026 0.027 0.024 0.021 0.019 0.018 0.014 0.012 0.007 0.004 0.004 0.007 0.009 0.009 0.010 0.010 0.011 0.011 0.011 0.012 0.013 0.014 0.012 0.011 0.010 0.009 0.008 0.007 0.006 0.005 0.004 0.003 0.003 0.002 0.002 0.002 0.001 0.001 0.001 0.000 0.000 0.000 0.000 0.000 0.000 0.000 0.000 0.000 0.000 0.000 0.000 0.000 0.000 0.000 0.000 0.000 0.000 0.000 0.000
0.000 0.000 0.000 0.000 0.000 0.000 0.000 0.000 0.000 0.000 0.000 0.000 0.000 0.000 0.000 0.000 0.000 0.026 0.025 0.025 0.024 0.022 0.020 0.018 0.015 0.012 0.006 0.004 0.004 0.006 0.007 0.008 0.009 0.010 0.011 0.011 0.012 0.014 0.014 0.014 0.013 0.013 0.013 0.012 0.011 0.011 0.011 0.009 0.007 0.006 0.005 0.004 0.004 0.003 0.003 0.002 0.002 0.002 0.001 0.001 0.001 0.000 0.000 0.000 0.000 0.000 0.000 0.000 0.000 0.000 0.000 0.000 0.000 0.000 0.000 0.000 0.000
0.000 0.000 0.000 0.000 0.000 0.000 0.000 0.000 0.000 0.000 0.000 0.000 0.000 0.000 0.000 0.000 0.000 0.026 0.025 0.024 0.022 0.021 0.019 0.017 0.014 0.010 0.005 0.005 0.005 0.006 0.007 0.008 0.009 0.010 0.012 0.013 0.014 0.015 0.015 0.015 0.014 0.014 0.015 0.014 0.014 0.014 0.014 0.012 0.010 0.009 0.009 0.008 0.007 0.006 0.006 0.005 0.004 0.004 0.003 0.003 0.003 0.003 0.003 0.004 0.009 0.003 0.000 0.000 0.000 0.000 0.000 0.000 0.000 0.000 0.000 0.000 0.000
0.000 0.000 0.000 0.000 0.000 0.000 0.000 0.000 0.000 0.000 0.000 0.000 0.000 0.000 0.000 0.000 0.000 0.026 0.025 0.023 0.022 0.020 0.018 0.016 0.013 0.009 0.006 0.006 0.006 0.006 0.007 0.008 0.010 0.011 0.013 0.015 0.016 0.017 0.018 0.018 0.018 0.018 0.017 0.017 0.017 0.017 0.017 0.015 0.013 0.013 0.012 0.011 0.010 0.010 0.010 0.010 0.010 0.010 0.010 0.011 0.012 0.013 0.015 0.018 0.016 0.000 0.001 0.000 0.000 0.000 0.000 0.000 0.000 0.000 0.000 0.000 0.000
0.000 0.000 0.000 0.000 0.000 0.000 0.000 0.000 0.000 0.000 0.000 0.000 0.000 0.000 0.000 0.000 0.026 0.026 0.025 0.024 0.022 0.020 0.018 0.015 0.012 0.008 0.007 0.007 0.007 0.007 0.008 0.009 0.011 0.012 0.015 0.017 0.019 0.021 0.022 0.023 0.023 0.023 0.022 0.020 0.021 0.021 0.020 0.019 0.017 0.016 0.015 0.015 0.014 0.014 0.014 0.015 0.016 0.017 0.019 0.021 0.025 0.027 0.029 0.031 0.021 0.009 0.001 0.000 0.000 0.000 0.000 0.000 0.000 0.000 0.000 0.000 0.000
0.000 0.000 0.000 0.000 0.000 0.000 0.000 0.000 0.000 0.000 0.000 0.000 0.000 0.000 0.000 0.000 0.028 0.027 0.026 0.025 0.023 0.021 0.018 0.015 0.012 0.007 0.007 0.008 0.008 0.008 0.009 0.010 0.012 0.015 0.018 0.022 0.026 0.028 0.028 0.028 0.028 0.027 0.026 0.025 0.025 0.025 0.024 0.023 0.021 0.020 0.019 0.019 0.019 0.019 0.020 0.021 0.022 0.025 0.027 0.030 0.033 0.037 0.039 0.038 0.042 0.036 0.028 0.020 0.014 0.010 0.007 0.005 0.002 0.000 0.000 0.000 0.000
0.000 0.000 0.000 0.000 0.000 0.000 0.000 0.000 0.000 0.000 0.000 0.000 0.000 0.000 0.000 0.000 0.029 0.028 0.026 0.025 0.024 0.021 0.018 0.016 0.011 0.008 0.008 0.009 0.009 0.009 0.011 0.013 0.017 0.021 0.026 0.031 0.035 0.038 0.037 0.035 0.033 0.033 0.031 0.030 0.029 0.029 0.028 0.026 0.025 0.024 0.024 0.024 0.025 0.025 0.027 0.028 0.031 0.033 0.037 0.040 0.043 0.041 0.037 0.033 0.036 0.040 0.041 0.043 0.043 0.034 0.026 0.021 0.016 0.012 0.008 0.004 0.002
0.146 0.141 0.136 0.000 0.000 0.000 0.000 0.000 0.000 0.000 0.000 0.000 0.000 0.000 0.000 0.030 0.030 0.029 0.028 0.026 0.025 0.022 0.019 0.016 0.011 0.009 0.009 0.010 0.010 0.012 0.014 0.018 0.024 0.030 0.036 0.041 0.046 0.049 0.046 0.040 0.038 0.038 0.037 0.036 0.035 0.033 0.032 0.030 0.029 0.029 0.029 0.030 0.031 0.032 0.034 0.036 0.039 0.043 0.046 0.046 0.043 0.040 0.036 0.030 0.032 0.033 0.035 0.036 0.038 0.040 0.042 0.045 0.045 0.038 0.030 0.023 0.017
0.150 0.144 0.139 0.132 0.127 0.124 0.000 0.000 0.000 0.000 0.000 0.000 0.000 0.000 0.000 0.036 0.034 0.033 0.031 0.029 0.027 0.024 0.020 0.016 0.011 0.010 0.010 0.011 0.012 0.015 0.020 0.027 0.035 0.041 0.046 0.051 0.056 0.062 0.000 0.040 0.043 0.045 0.044 0.040 0.038 0.037 0.035 0.035 0.034 0.034 0.034 0.035 0.036 0.039 0.041 0.044 0.048 0.049 0.047 0.044 0.041 0.038 0.034 0.029 0.028 0.029 0.030 0.030 0.031 0.032 0.034 0.039 0.044 0.048 0.050 0.053 0.047
0.154 0.149 0.143 0.136 0.131 0.127 0.121 0.116 0.113 0.111 0.000 0.000 0.000 0.000 0.000 0.041 0.040 0.036 0.033 0.031 0.029 0.027 0.022 0.016 0.011 0.011 0.012 0.012 0.015 0.022 0.032 0.039 0.047 0.053 0.058 0.060 0.066 0.000 0.000 0.000 0.000 0.000 0.000 0.040 0.042 0.042 0.038 0.038 0.039 0.039 0.039 0.041 0.043 0.046 0.050 0.052 0.049 0.047 0.044 0.042 0.039 0.036 0.032 0.027 0.025 0.025 0.025 0.025 0.026 0.027 0.029 0.033 0.036 0.039 0.042 0.045 0.047
0.000 0.000 0.000 0.138 0.135 0.131 0.125 0.121 0.118 0.115 0.109 0.105 0.101 0.000 0.000 0.050 0.047 0.042 0.037 0.033 0.030 0.027 0.025 0.017 0.012 0.013 0.014 0.018 0.026 0.034 0.042 0.050 0.057 0.064 0.070 0.000 0.000 0.000 0.000 0.000 0.000 0.000 0.000 0.000 0.000 0.000 0.040 0.043 0.045 0.045 0.044 0.047 0.050 0.054 0.052 0.049 0.047 0.044 0.042 0.039 0.036 0.033 0.030 0.025 0.022 0.021 0.021 0.020 0.020 0.021 0.023 0.026 0.029 0.032 0.035 0.037 0.039
0.000 0.000 0.000 0.000 0.000 0.000 0.128 0.126 0.123 0.120 0.114 0.109 0.102 0.091 0.077 0.062 0.052 0.046 0.040 0.034 0.032 0.027 0.026 0.019 0.014 0.015 0.020 0.029 0.035 0.043 0.051 0.059 0.066 0.074 0.000 0.000 0.000 0.000 0.000 0.000 0.000 0.000 0.000 0.000 0.000 0.000 0.000 0.000 0.000 0.000 0.048 0.053 0.053 0.051 0.047 0.045 0.043 0.041 0.039 0.036 0.033 0.030 0.027 0.022 0.019 0.019 0.018 0.017 0.017 0.017 0.017 0.019 0.022 0.025 0.027 0.028 0.030
0.000 0.000 0.000 0.000 0.000 0.000 0.000 0.000 0.000 0.000 0.116 0.112 0.105 0.094 0.078 0.065 0.055 0.047 0.040 0.035 0.031 0.029 0.026 0.020 0.016 0.020 0.028 0.035 0.043 0.051 0.059 0.066 0.074 0.000 0.000 0.000 0.000 0.000 0.000 0.000 0.000 0.000 0.000 0.000 0.000 0.000 0.000 0.000 0.000 0.000 0.000 0.000 0.000 0.000 0.041 0.041 0.039 0.036 0.034 0.032 0.029 0.026 0.023 0.019 0.016 0.015 0.015 0.014 0.014 0.014 0.014 0.015 0.017 0.018 0.019 0.021 0.022
0.000 0.000 0.000 0.000 0.000 0.000 0.000 0.000 0.000 0.000 0.000 0.000 0.000 0.000 0.075 0.063 0.053 0.045 0.038 0.034 0.031 0.028 0.026 0.022 0.008 0.027 0.035 0.042 0.050 0.057 0.066 0.073 0.000 0.000 0.000 0.000 0.000 0.000 0.000 0.000 0.000 0.000 0.000 0.000 0.000 0.000 0.000 0.000 0.000 0.000 0.000 0.000 0.000 0.000 0.000 0.000 0.000 0.030 0.029 0.027 0.025 0.021 0.019 0.016 0.013 0.012 0.012 0.011 0.010 0.010 0.010 0.011 0.012 0.013 0.013 0.013 0.014
0.000 0.000 0.000 0.000 0.000 0.000 0.000 0.000 0.000 0.000 0.000 0.000 0.000 0.000 0.000 0.055 0.049 0.041 0.028 0.033 0.032 0.031 0.027 0.029 0.031 0.037 0.042 0.049 0.055 0.066 0.073 0.081 0.000 0.000 0.000 0.000 0.000 0.000 0.000 0.000 0.000 0.000 0.000 0.000 0.000 0.000 0.000 0.000 0.000 0.000 0.000 0.000 0.000 0.000 0.000 0.000 0.000 0.000 0.000 0.000 0.000 0.015 0.014 0.012 0.009 0.009 0.008 0.007 0.007 0.007 0.006 0.007 0.006 0.006 0.007 0.007 0.008
0.000 0.000 0.000 0.000 0.000 0.000 0.000 0.000 0.000 0.000 0.000 0.000 0.000 0.000 0.046 0.050 0.045 0.040 0.036 0.034 0.032 0.029 0.026 0.033 0.037 0.041 0.048 0.056 0.063 0.071 0.080 0.090 0.000 0.000 0.000 0.000 0.000 0.000 0.000 0.000 0.000 0.000 0.000 0.000 0.000 0.000 0.000 0.000 0.000 0.000 0.000 0.000 0.000 0.000 0.000 0.000 0.000 0.000 0.000 0.000 0.000 0.000 0.000 0.000 0.001 0.001 0.001 0.001 0.001 0.001 0.000 0.000 0.000 0.000 0.000 0.000 0.001
0.000 0.000 0.000 0.000 0.000 0.000 0.000 0.000 0.000 0.000 0.000 0.000 0.000 0.000 0.050 0.050 0.045 0.041 0.037 0.035 0.033 0.032 0.028 0.033 0.038 0.045 0.054 0.060 0.069 0.076 0.086 0.098 0.000 0.000 0.000 0.000 0.000 0.000 0.000 0.000 0.000 0.000 0.000 0.000 0.000 0.000 0.000 0.000 0.000 0.000 0.000 0.000 0.000 0.000 0.000 0.000 0.000 0.000 0.000 0.000 0.000 0.000 0.000 0.000 0.000 0.000 0.000 0.000 0.000 0.000 0.000 0.000 0.000 0.000 0.000 0.000 0.000
0.000 0.000 0.000 0.000 0.000 0.000 0.000 0.000 0.000 0.000 0.000 0.000 0.000 0.000 0.054 0.053 0.047 0.043 0.040 0.036 0.035 0.030 0.030 0.040 0.045 0.052 0.061 0.067 0.074 0.082 0.091 0.000 0.000 0.000 0.000 0.000 0.000 0.000 0.000 0.000 0.000 0.000 0.000 0.000 0.000 0.000 0.000 0.000 0.000 0.000 0.000 0.000 0.000 0.000 0.000 0.000 0.000 0.000 0.000 0.000 0.000 0.000 0.000 0.000 0.000 0.000 0.000 0.000 0.000 0.000 0.000 0.000 0.000 0.000 0.000 0.000 0.000
0.000 0.000 0.000 0.000 0.000 0.000 0.000 0.000 0.000 0.000 0.000 0.000 0.000 0.000 0.053 0.055 0.051 0.046 0.043 0.038 0.037 0.035 0.044 0.049 0.057 0.065 0.069 0.077 0.084 0.091 0.097 0.000 0.000 0.000 0.000 0.000 0.000 0.000 0.000 0.000 0.000 0.000 0.000 0.000 0.000 0.000 0.000 0.000 0.000 0.000 0.000 0.000 0.000 0.000 0.000 0.000 0.000 0.000 0.000 0.000 0.000 0.000 0.000 0.000 0.000 0.000 0.000 0.000 0.000 0.000 0.000 0.000 0.000 0.000 0.000 0.000 0.000
0.000 0.000 0.000 0.000 0.000 0.000 0.000 0.000 0.000 0.000 0.000 0.000 0.000 0.054 0.055 0.055 0.055 0.051 0.050 0.047 0.045 0.046 0.053 0.059 0.063 0.069 0.075 0.084 0.094 0.103 0.108 0.000 0.000 0.000 0.000 0.000 0.000 0.000 0.000 0.000 0.000 0.000 0.000 0.000 0.000 0.000 0.000 0.000 0.000 0.000 0.000 0.000 0.000 0.000 0.000 0.000 0.000 0.000 0.000 0.000 0.000 0.000 0.000 0.000 0.000 0.000 0.000 0.000 0.000 0.000 0.000 0.000 0.000 0.000 0.000 0.000 0.000
0.000 0.000 0.000 0.000 0.000 0.000 0.000 0.000 0.000 0.000 0.000 0.000 0.000 0.055 0.059 0.059 0.057 0.054 0.052 0.052 0.049 0.050 0.054 0.060 0.068 0.076 0.084 0.092 0.101 0.111 0.000 0.000 0.000 0.000 0.000 0.000 0.000 0.000 0.000 0.000 0.000 0.000 0.000 0.000 0.000 0.000 0.000 0.000 0.000 0.000 0.000 0.000 0.000 0.000 0.000 0.000 0.000 0.000 0.000 0.000 0.000 0.000 0.000 0.000 0.000 0.000 0.000 0.000 0.000 0.000 0.000 0.000 0.000 0.000 0.000 0.000 0.000
