数据/10y_2h/10y_2h_res_2/10y_2h_168-0001.wd
ncols         694
nrows         824
xllcorner     581104.939801
yllcorner     3495917.092414
cellsize      2.000000
NODATA_value  -9999.000000
[rows 442 to 475 of 824, columns 385 to 461 of 694]
0.000 0.000 0.000 0.000 0.000 0.000 0.000 0.000 0.000 0.000 0.000 0.000 0.000 0.000 0.000 0.000 0.001 0.001 0.001 0.001 0.001 0.002 0.002 0.003 0.003 0.003 0.004 0.007 0.013 0.022 0.025 0.025 0.026 0.026 0.000 0.000 0.000 0.000 0.000 0.000 0.000 0.000 0.000 0.000 0.000 0.000 0.000 0.000 0.000 0.000 0.000 0.000 0.000 0.000 0.000 0.000 0.004 0.005 0.006 0.007 0.008 0.008 0.009 0.009 0.010 0.012 0.016 0.022 0.029 0.036 0.000 0.000 0.000 0.000 0.000 0.000 0.000
0.000 0.000 0.000 0.000 0.000 0.011 0.007 0.003 0.000 0.000 0.000 0.000 0.000 0.000 0.000 0.001 0.001 0.001 0.001 0.001 0.001 0.001 0.002 0.002 0.003 0.003 0.004 0.007 0.014 0.022 0.024 0.024 0.025 0.025 0.000 0.000 0.000 0.000 0.000 0.000 0.000 0.000 0.000 0.000 0.000 0.000 0.000 0.000 0.000 0.000 0.000 0.000 0.000 0.000 0.000 0.000 0.004 0.005 0.007 0.008 0.009 0.010 0.011 0.013 0.016 0.021 0.027 0.034 0.041 0.048 0.055 0.057 0.000 0.000 0.000 0.000 0.000
0.000 0.000 0.000 0.000 0.000 0.000 0.000 0.013 0.008 0.004 0.002 0.000 0.000 0.001 0.001 0.001 0.001 0.001 0.001 0.001 0.001 0.001 0.002 0.002 0.003 0.003 0.004 0.007 0.014 0.022 0.023 0.023 0.023 0.000 0.000 0.000 0.000 0.000 0.000 0.000 0.000 0.000 0.000 0.000 0.000 0.000 0.000 0.000 0.000 0.000 0.000 0.000 0.000 0.000 0.000 0.000 0.006 0.009 0.012 0.013 0.013 0.014 0.017 0.022 0.027 0.033 0.040 0.047 0.054 0.061 0.068 0.064 0.060 0.055 0.050 0.000 0.000
0.000 0.000 0.000 0.000 0.000 0.000 0.000 0.000 0.016 0.014 0.010 0.005 0.002 0.001 0.001 0.001 0.001 0.001 0.001 0.001 0.001 0.001 0.001 0.002 0.002 0.003 0.004 0.006 0.013 0.021 0.021 0.021 0.021 0.000 0.000 0.000 0.000 0.000 0.000 0.000 0.000 0.000 0.000 0.000 0.000 0.000 0.000 0.000 0.000 0.000 0.000 0.000 0.000 0.000 0.000 0.000 0.000 0.022 0.000 0.000 0.018 0.023 0.028 0.034 0.039 0.046 0.053 0.060 0.067 0.074 0.076 0.072 0.067 0.063 0.058 0.053 0.049
0.000 0.000 0.000 0.000 0.000 0.000 0.000 0.000 0.000 0.000 0.016 0.014 0.011 0.007 0.003 0.001 0.001 0.001 0.001 0.001 0.001 0.001 0.001 0.001 0.002 0.002 0.003 0.005 0.013 0.019 0.019 0.019 0.019 0.000 0.000 0.000 0.000 0.000 0.000 0.000 0.000 0.000 0.000 0.000 0.000 0.000 0.000 0.000 0.000 0.000 0.000 0.000 0.000 0.000 0.000 0.000 0.000 0.000 0.000 0.000 0.000 0.000 0.000 0.000 0.052 0.059 0.066 0.073 0.079 0.087 0.084 0.079 0.074 0.070 0.065 0.061 0.056
0.000 0.000 0.000 0.000 0.000 0.000 0.000 0.000 0.000 0.000 0.000 0.018 0.016 0.014 0.012 0.008 0.003 0.002 0.001 0.001 0.001 0.001 0.001 0.001 0.001 0.002 0.003 0.005 0.012 0.016 0.017 0.016 0.016 0.012 0.010 0.008 0.000 0.000 0.000 0.000 0.000 0.000 0.000 0.000 0.000 0.000 0.000 0.000 0.000 0.000 0.000 0.000 0.000 0.000 0.000 0.000 0.000 0.000 0.000 0.000 0.000 0.000 0.000 0.000 0.000 0.000 0.000 0.000 0.092 0.095 0.091 0.087 0.082 0.077 0.073 0.068 0.063
0.000 0.000 0.000 0.000 0.000 0.000 0.000 0.000 0.000 0.000 0.000 0.000 0.000 0.018 0.016 0.013 0.010 0.008 0.004 0.002 0.001 0.001 0.001 0.001 0.001 0.002 0.003 0.005 0.010 0.014 0.014 0.014 0.013 0.011 0.008 0.006 0.004 0.003 0.002 0.002 0.000 0.000 0.000 0.000 0.000 0.000 0.000 0.000 0.000 0.000 0.000 0.000 0.000 0.000 0.000 0.000 0.000 0.000 0.000 0.000 0.000 0.000 0.000 0.000 0.000 0.000 0.000 0.000 0.000 0.000 0.000 0.094 0.089 0.085 0.080 0.075 0.071
0.000 0.000 0.000 0.000 0.000 0.000 0.000 0.000 0.000 0.000 0.000 0.000 0.000 0.000 0.000 0.016 0.014 0.011 0.009 0.006 0.003 0.002 0.001 0.001 0.001 0.001 0.002 0.004 0.000 0.010 0.011 0.011 0.010 0.007 0.007 0.006 0.005 0.004 0.003 0.003 0.002 0.002 0.002 0.000 0.000 0.000 0.000 0.000 0.000 0.000 0.000 0.000 0.000 0.000 0.000 0.000 0.000 0.000 0.000 0.000 0.000 0.000 0.000 0.000 0.000 0.000 0.000 0.000 0.000 0.000 0.000 0.000 0.000 0.000 0.000 0.083 0.078
0.000 0.000 0.000 0.000 0.000 0.000 0.000 0.000 0.000 0.000 0.000 0.000 0.000 0.000 0.000 0.000 0.018 0.015 0.011 0.008 0.005 0.003 0.003 0.002 0.002 0.001 0.001 0.003 0.006 0.008 0.008 0.007 0.008 0.007 0.007 0.006 0.006 0.005 0.004 0.004 0.003 0.003 0.003 0.002 0.002 0.002 0.002 0.000 0.000 0.000 0.000 0.000 0.000 0.000 0.000 0.000 0.000 0.000 0.000 0.000 0.000 0.000 0.000 0.000 0.000 0.000 0.000 0.000 0.000 0.000 0.000 0.000 0.000 0.000 0.000 0.000 0.000
0.000 0.000 0.000 0.000 0.000 0.000 0.000 0.000 0.000 0.000 0.000 0.000 0.000 0.000 0.000 0.000 0.000 0.000 0.011 0.008 0.006 0.004 0.003 0.003 0.003 0.003 0.002 0.003 0.005 0.005 0.006 0.007 0.007 0.007 0.007 0.007 0.006 0.005 0.005 0.004 0.004 0.003 0.003 0.003 0.002 0.002 0.002 0.002 0.002 0.002 0.002 0.001 0.000 0.000 0.000 0.000 0.000 0.000 0.000 0.000 0.000 0.000 0.000 0.000 0.000 0.000 0.000 0.000 0.000 0.000 0.000 0.000 0.000 0.000 0.000 0.000 0.000
0.000 0.000 0.000 0.000 0.000 0.000 0.000 0.000 0.000 0.000 0.000 0.000 0.000 0.000 0.000 0.000 0.000 0.000 0.011 0.009 0.007 0.005 0.004 0.000 0.003 0.003 0.003 0.003 0.004 0.005 0.006 0.007 0.007 0.007 0.007 0.007 0.007 0.006 0.006 0.005 0.005 0.004 0.004 0.003 0.003 0.003 0.002 0.002 0.002 0.002 0.002 0.002 0.002 0.001 0.000 0.000 0.000 0.000 0.000 0.000 0.000 0.000 0.000 0.000 0.000 0.000 0.000 0.000 0.000 0.000 0.000 0.000 0.000 0.000 0.000 0.000 0.000
0.000 0.000 0.000 0.000 0.000 0.000 0.000 0.000 0.000 0.000 0.000 0.000 0.000 0.000 0.000 0.000 0.000 0.000 0.011 0.009 0.007 0.005 0.004 0.003 0.003 0.003 0.003 0.002 0.002 0.004 0.006 0.007 0.008 0.008 0.008 0.008 0.007 0.007 0.006 0.006 0.005 0.005 0.005 0.004 0.003 0.000 0.002 0.003 0.003 0.003 0.003 0.002 0.002 0.002 0.002 0.001 0.000 0.000 0.000 0.000 0.000 0.000 0.000 0.000 0.000 0.000 0.000 0.000 0.000 0.000 0.000 0.000 0.000 0.000 0.000 0.000 0.000
0.000 0.000 0.000 0.000 0.000 0.000 0.000 0.000 0.000 0.000 0.000 0.000 0.000 0.000 0.000 0.000 0.000 0.000 0.011 0.009 0.007 0.006 0.005 0.004 0.003 0.003 0.003 0.002 0.002 0.004 0.005 0.006 0.007 0.008 0.008 0.009 0.009 0.008 0.008 0.007 0.007 0.006 0.006 0.005 0.004 0.004 0.004 0.003 0.003 0.003 0.003 0.003 0.003 0.002 0.002 0.002 0.002 0.001 0.000 0.000 0.000 0.000 0.000 0.000 0.000 0.000 0.000 0.000 0.000 0.000 0.000 0.000 0.000 0.000 0.000 0.000 0.000
0.000 0.000 0.000 0.000 0.000 0.000 0.000 0.000 0.000 0.000 0.000 0.000 0.000 0.000 0.000 0.000 0.000 0.008 0.009 0.009 0.008 0.006 0.005 0.004 0.004 0.003 0.002 0.002 0.002 0.003 0.005 0.006 0.007 0.007 0.008 0.008 0.009 0.009 0.009 0.009 0.008 0.008 0.007 0.007 0.006 0.005 0.005 0.004 0.004 0.004 0.004 0.003 0.003 0.003 0.003 0.003 0.002 0.002 0.002 0.001 0.000 0.000 0.000 0.000 0.000 0.000 0.000 0.000 0.000 0.000 0.000 0.000 0.000 0.000 0.000 0.000 0.000
0.000 0.000 0.000 0.000 0.000 0.000 0.000 0.000 0.000 0.000 0.000 0.000 0.000 0.000 0.000 0.000 0.000 0.010 0.009 0.009 0.008 0.006 0.005 0.005 0.004 0.003 0.002 0.002 0.002 0.004 0.005 0.005 0.006 0.007 0.008 0.008 0.009 0.009 0.009 0.009 0.009 0.009 0.008 0.008 0.008 0.008 0.007 0.006 0.006 0.005 0.005 0.005 0.004 0.004 0.004 0.003 0.003 0.003 0.003 0.002 0.002 0.002 0.002 0.002 0.003 0.002 0.000 0.000 0.000 0.000 0.000 0.000 0.000 0.000 0.000 0.000 0.000
0.000 0.000 0.000 0.000 0.000 0.000 0.000 0.000 0.000 0.000 0.000 0.000 0.000 0.000 0.000 0.000 0.000 0.011 0.010 0.009 0.008 0.007 0.006 0.005 0.004 0.004 0.002 0.002 0.003 0.004 0.004 0.005 0.006 0.007 0.007 0.008 0.008 0.009 0.009 0.009 0.009 0.009 0.009 0.009 0.009 0.008 0.008 0.008 0.008 0.007 0.007 0.007 0.006 0.006 0.005 0.005 0.004 0.004 0.004 0.004 0.004 0.004 0.004 0.005 0.009 0.004 0.002 0.000 0.000 0.000 0.000 0.000 0.000 0.000 0.000 0.000 0.000
0.000 0.000 0.000 0.000 0.000 0.000 0.000 0.000 0.000 0.000 0.000 0.000 0.000 0.000 0.000 0.000 0.000 0.011 0.010 0.009 0.008 0.007 0.006 0.005 0.004 0.003 0.002 0.002 0.003 0.004 0.004 0.005 0.006 0.006 0.007 0.008 0.008 0.009 0.009 0.010 0.010 0.010 0.010 0.010 0.010 0.010 0.009 0.009 0.009 0.009 0.009 0.008 0.008 0.008 0.008 0.007 0.007 0.007 0.007 0.007 0.008 0.009 0.011 0.015 0.015 0.008 0.002 0.000 0.000 0.000 0.000 0.000 0.000 0.000 0.000 0.000 0.000
0.000 0.000 0.000 0.000 0.000 0.000 0.000 0.000 0.000 0.000 0.000 0.000 0.000 0.000 0.000 0.000 0.009 0.010 0.010 0.009 0.008 0.007 0.006 0.005 0.005 0.003 0.002 0.003 0.003 0.004 0.004 0.005 0.006 0.006 0.007 0.008 0.008 0.009 0.010 0.010 0.011 0.011 0.011 0.011 0.011 0.011 0.011 0.011 0.011 0.010 0.010 0.010 0.010 0.010 0.009 0.010 0.010 0.011 0.013 0.016 0.019 0.022 0.024 0.027 0.019 0.009 0.003 0.002 0.002 0.000 0.000 0.000 0.000 0.000 0.000 0.000 0.000
0.000 0.000 0.000 0.000 0.000 0.000 0.000 0.000 0.000 0.000 0.000 0.000 0.000 0.000 0.000 0.000 0.011 0.010 0.010 0.009 0.008 0.008 0.007 0.006 0.005 0.002 0.002 0.003 0.003 0.004 0.004 0.005 0.005 0.006 0.007 0.008 0.009 0.010 0.011 0.012 0.012 0.013 0.013 0.013 0.013 0.013 0.013 0.013 0.012 0.012 0.012 0.012 0.012 0.012 0.012 0.013 0.014 0.017 0.020 0.024 0.028 0.031 0.034 0.034 0.039 0.033 0.026 0.019 0.014 0.010 0.007 0.004 0.003 0.002 0.000 0.000 0.000
0.000 0.000 0.000 0.000 0.000 0.000 0.000 0.000 0.000 0.000 0.000 0.000 0.000 0.000 0.000 0.000 0.012 0.011 0.010 0.010 0.009 0.008 0.007 0.006 0.004 0.003 0.003 0.003 0.003 0.004 0.004 0.005 0.005 0.006 0.007 0.009 0.011 0.014 0.015 0.015 0.015 0.015 0.016 0.016 0.016 0.015 0.015 0.015 0.015 0.015 0.015 0.015 0.015 0.015 0.016 0.018 0.021 0.024 0.028 0.032 0.037 0.035 0.032 0.029 0.032 0.036 0.039 0.042 0.043 0.035 0.028 0.021 0.015 0.011 0.007 0.005 0.003
0.078 0.075 0.073 0.000 0.000 0.000 0.000 0.000 0.000 0.000 0.000 0.000 0.000 0.000 0.000 0.014 0.014 0.013 0.012 0.010 0.009 0.008 0.007 0.006 0.003 0.003 0.003 0.003 0.004 0.004 0.004 0.005 0.006 0.006 0.008 0.012 0.018 0.023 0.022 0.019 0.019 0.019 0.020 0.019 0.019 0.018 0.018 0.018 0.018 0.018 0.018 0.018 0.019 0.020 0.022 0.025 0.029 0.033 0.037 0.038 0.036 0.033 0.030 0.026 0.027 0.030 0.032 0.035 0.038 0.041 0.044 0.046 0.044 0.036 0.028 0.021 0.015
0.082 0.080 0.077 0.073 0.070 0.068 0.000 0.000 0.000 0.000 0.000 0.000 0.000 0.000 0.000 0.018 0.017 0.015 0.013 0.012 0.010 0.009 0.007 0.006 0.003 0.003 0.003 0.003 0.004 0.004 0.004 0.005 0.006 0.008 0.013 0.019 0.026 0.033 0.000 0.020 0.023 0.025 0.025 0.022 0.022 0.022 0.022 0.021 0.021 0.022 0.022 0.022 0.024 0.026 0.029 0.033 0.037 0.039 0.037 0.035 0.033 0.031 0.028 0.023 0.024 0.025 0.027 0.029 0.031 0.034 0.036 0.039 0.042 0.045 0.047 0.049 0.044
0.086 0.084 0.081 0.078 0.075 0.072 0.068 0.065 0.062 0.060 0.000 0.000 0.000 0.000 0.000 0.023 0.021 0.019 0.016 0.014 0.012 0.010 0.008 0.006 0.003 0.003 0.003 0.004 0.004 0.004 0.005 0.005 0.008 0.013 0.020 0.027 0.035 0.000 0.000 0.000 0.000 0.000 0.000 0.023 0.026 0.027 0.025 0.025 0.026 0.026 0.026 0.027 0.029 0.033 0.036 0.039 0.038 0.036 0.035 0.033 0.031 0.029 0.026 0.022 0.021 0.021 0.022 0.023 0.025 0.027 0.030 0.032 0.035 0.037 0.039 0.042 0.045
0.000 0.000 0.000 0.081 0.079 0.076 0.072 0.070 0.067 0.064 0.059 0.055 0.053 0.000 0.000 0.028 0.025 0.022 0.019 0.016 0.013 0.011 0.008 0.005 0.004 0.004 0.004 0.004 0.004 0.004 0.005 0.007 0.012 0.020 0.028 0.000 0.000 0.000 0.000 0.000 0.000 0.000 0.000 0.000 0.000 0.000 0.026 0.030 0.032 0.032 0.031 0.033 0.036 0.040 0.038 0.036 0.035 0.033 0.032 0.030 0.029 0.026 0.024 0.020 0.018 0.018 0.019 0.019 0.020 0.022 0.023 0.025 0.027 0.030 0.032 0.034 0.037
0.000 0.000 0.000 0.000 0.000 0.000 0.076 0.074 0.071 0.068 0.063 0.059 0.056 0.049 0.042 0.034 0.029 0.025 0.021 0.018 0.015 0.012 0.009 0.005 0.004 0.004 0.004 0.004 0.004 0.005 0.006 0.011 0.019 0.028 0.000 0.000 0.000 0.000 0.000 0.000 0.000 0.000 0.000 0.000 0.000 0.000 0.000 0.000 0.000 0.000 0.034 0.039 0.039 0.037 0.034 0.033 0.032 0.030 0.029 0.027 0.026 0.024 0.021 0.018 0.016 0.015 0.015 0.016 0.016 0.017 0.018 0.019 0.021 0.023 0.025 0.027 0.029
0.000 0.000 0.000 0.000 0.000 0.000 0.000 0.000 0.000 0.000 0.066 0.064 0.060 0.054 0.045 0.037 0.031 0.027 0.023 0.019 0.015 0.012 0.009 0.005 0.004 0.004 0.004 0.004 0.005 0.005 0.009 0.017 0.026 0.000 0.000 0.000 0.000 0.000 0.000 0.000 0.000 0.000 0.000 0.000 0.000 0.000 0.000 0.000 0.000 0.000 0.000 0.000 0.000 0.000 0.029 0.029 0.028 0.026 0.025 0.024 0.023 0.021 0.019 0.015 0.013 0.013 0.013 0.013 0.013 0.013 0.013 0.014 0.015 0.016 0.018 0.020 0.022
0.000 0.000 0.000 0.000 0.000 0.000 0.000 0.000 0.000 0.000 0.000 0.000 0.000 0.000 0.044 0.037 0.032 0.027 0.023 0.019 0.015 0.012 0.008 0.005 0.004 0.004 0.004 0.004 0.005 0.007 0.012 0.020 0.000 0.000 0.000 0.000 0.000 0.000 0.000 0.000 0.000 0.000 0.000 0.000 0.000 0.000 0.000 0.000 0.000 0.000 0.000 0.000 0.000 0.000 0.000 0.000 0.000 0.021 0.021 0.020 0.019 0.017 0.015 0.013 0.010 0.010 0.010 0.010 0.010 0.010 0.010 0.010 0.010 0.011 0.012 0.013 0.015
0.000 0.000 0.000 0.000 0.000 0.000 0.000 0.000 0.000 0.000 0.000 0.000 0.000 0.000 0.000 0.033 0.029 0.026 0.022 0.018 0.015 0.011 0.007 0.006 0.005 0.005 0.005 0.005 0.006 0.009 0.016 0.024 0.000 0.000 0.000 0.000 0.000 0.000 0.000 0.000 0.000 0.000 0.000 0.000 0.000 0.000 0.000 0.000 0.000 0.000 0.000 0.000 0.000 0.000 0.000 0.000 0.000 0.000 0.000 0.000 0.000 0.011 0.011 0.010 0.007 0.007 0.007 0.007 0.007 0.007 0.007 0.007 0.007 0.007 0.007 0.008 0.009
0.000 0.000 0.000 0.000 0.000 0.000 0.000 0.000 0.000 0.000 0.000 0.000 0.000 0.000 0.025 0.028 0.027 0.024 0.021 0.017 0.014 0.011 0.006 0.006 0.005 0.005 0.005 0.006 0.008 0.013 0.022 0.030 0.000 0.000 0.000 0.000 0.000 0.000 0.000 0.000 0.000 0.000 0.000 0.000 0.000 0.000 0.000 0.000 0.000 0.000 0.000 0.000 0.000 0.000 0.000 0.000 0.000 0.000 0.000 0.000 0.000 0.000 0.000 0.000 0.002 0.002 0.002 0.003 0.003 0.003 0.003 0.003 0.003 0.003 0.003 0.003 0.003
0.000 0.000 0.000 0.000 0.000 0.000 0.000 0.000 0.000 0.000 0.000 0.000 0.000 0.000 0.026 0.026 0.024 0.022 0.019 0.016 0.013 0.010 0.006 0.006 0.006 0.006 0.006 0.007 0.011 0.019 0.028 0.038 0.000 0.000 0.000 0.000 0.000 0.000 0.000 0.000 0.000 0.000 0.000 0.000 0.000 0.000 0.000 0.000 0.000 0.000 0.000 0.000 0.000 0.000 0.000 0.000 0.000 0.000 0.000 0.000 0.000 0.000 0.000 0.000 0.000 0.000 0.000 0.000 0.000 0.000 0.000 0.000 0.000 0.000 0.000 0.001 0.001
0.000 0.000 0.000 0.000 0.000 0.000 0.000 0.000 0.000 0.000 0.000 0.000 0.000 0.000 0.026 0.024 0.023 0.021 0.018 0.016 0.013 0.009 0.007 0.007 0.006 0.006 0.007 0.010 0.016 0.025 0.033 0.000 0.000 0.000 0.000 0.000 0.000 0.000 0.000 0.000 0.000 0.000 0.000 0.000 0.000 0.000 0.000 0.000 0.000 0.000 0.000 0.000 0.000 0.000 0.000 0.000 0.000 0.000 0.000 0.000 0.000 0.000 0.000 0.000 0.000 0.000 0.000 0.000 0.000 0.000 0.000 0.000 0.000 0.000 0.000 0.000 0.000
0.000 0.000 0.000 0.000 0.000 0.000 0.000 0.000 0.000 0.000 0.000 0.000 0.000 0.000 0.025 0.023 0.022 0.020 0.018 0.015 0.012 0.008 0.007 0.007 0.007 0.007 0.009 0.015 0.023 0.031 0.040 0.000 0.000 0.000 0.000 0.000 0.000 0.000 0.000 0.000 0.000 0.000 0.000 0.000 0.000 0.000 0.000 0.000 0.000 0.000 0.000 0.000 0.000 0.000 0.000 0.000 0.000 0.000 0.000 0.000 0.000 0.000 0.000 0.000 0.000 0.000 0.000 0.000 0.000 0.000 0.000 0.000 0.000 0.000 0.000 0.000 0.000
0.000 0.000 0.000 0.000 0.000 0.000 0.000 0.000 0.000 0.000 0.000 0.000 0.000 0.020 0.022 0.022 0.021 0.019 0.017 0.015 0.011 0.007 0.007 0.007 0.007 0.008 0.013 0.021 0.029 0.038 0.047 0.000 0.000 0.000 0.000 0.000 0.000 0.000 0.000 0.000 0.000 0.000 0.000 0.000 0.000 0.000 0.000 0.000 0.000 0.000 0.000 0.000 0.000 0.000 0.000 0.000 0.000 0.000 0.000 0.000 0.000 0.000 0.000 0.000 0.000 0.000 0.000 0.000 0.000 0.000 0.000 0.000 0.000 0.000 0.000 0.000 0.000
0.000 0.000 0.000 0.000 0.000 0.000 0.000 0.000 0.000 0.000 0.000 0.000 0.000 0.022 0.021 0.021 0.020 0.018 0.016 0.014 0.010 0.007 0.007 0.007 0.008 0.012 0.019 0.027 0.036 0.044 0.000 0.000 0.000 0.000 0.000 0.000 0.000 0.000 0.000 0.000 0.000 0.000 0.000 0.000 0.000 0.000 0.000 0.000 0.000 0.000 0.000 0.000 0.000 0.000 0.000 0.000 0.000 0.000 0.000 0.000 0.000 0.000 0.000 0.000 0.000 0.000 0.000 0.000 0.000 0.000 0.000 0.000 0.000 0.000 0.000 0.000 0.000
