数据/LID_analysis/LID_maxfile/Baseline_10y.txt
ncols         694
nrows         824
xllcorner     581104.93980083
yllcorner     3495917.0924138
cellsize      2
NODATA_value  -9999
[rows 442 to 475 of 824, columns 385 to 461 of 694]
0.000 0.000 0.000 0.000 0.000 0.000 0.000 0.000 0.000 0.000 0.000 0.000 0.000 0.000 0.000 0.000 0.002 0.003 0.004 0.006 0.009 0.020 0.030 0.040 0.050 0.060 0.070 0.079 0.089 0.098 0.102 0.103 0.103 0.104 0.000 0.000 0.000 0.000 0.000 0.000 0.000 0.000 0.000 0.000 0.000 0.000 0.000 0.000 0.000 0.000 0.000 0.000 0.000 0.000 0.000 0.000 0.007 0.009 0.011 0.012 0.013 0.016 0.023 0.030 0.037 0.044 0.052 0.058 0.066 0.073 0.000 0.000 0.000 0.000 0.000 0.000 0.000
0.000 0.000 0.000 0.000 0.000 0.011 0.007 0.004 0.000 0.000 0.000 0.000 0.000 0.000 0.000 0.002 0.003 0.005 0.006 0.008 0.011 0.017 0.029 0.039 0.049 0.059 0.070 0.079 0.089 0.098 0.099 0.100 0.100 0.102 0.000 0.000 0.000 0.000 0.000 0.000 0.000 0.000 0.000 0.000 0.000 0.000 0.000 0.000 0.000 0.000 0.000 0.000 0.000 0.000 0.000 0.000 0.006 0.009 0.012 0.015 0.022 0.029 0.037 0.043 0.050 0.058 0.065 0.072 0.079 0.086 0.093 0.096 0.000 0.000 0.000 0.000 0.000
0.000 0.000 0.000 0.000 0.000 0.000 0.000 0.018 0.014 0.009 0.005 0.000 0.000 0.001 0.002 0.004 0.005 0.007 0.009 0.011 0.014 0.017 0.026 0.037 0.048 0.058 0.069 0.080 0.090 0.097 0.096 0.096 0.096 0.000 0.000 0.000 0.000 0.000 0.000 0.000 0.000 0.000 0.000 0.000 0.000 0.000 0.000 0.000 0.000 0.000 0.000 0.000 0.000 0.000 0.000 0.000 0.010 0.015 0.020 0.028 0.035 0.042 0.049 0.056 0.064 0.070 0.078 0.085 0.092 0.100 0.107 0.104 0.099 0.094 0.090 0.000 0.000
0.000 0.000 0.000 0.000 0.000 0.000 0.000 0.000 0.022 0.020 0.017 0.013 0.009 0.006 0.005 0.006 0.007 0.009 0.011 0.013 0.016 0.019 0.022 0.034 0.046 0.057 0.067 0.079 0.093 0.094 0.092 0.092 0.091 0.000 0.000 0.000 0.000 0.000 0.000 0.000 0.000 0.000 0.000 0.000 0.000 0.000 0.000 0.000 0.000 0.000 0.000 0.000 0.000 0.000 0.000 0.000 0.000 0.028 0.000 0.000 0.048 0.055 0.062 0.069 0.076 0.084 0.092 0.097 0.106 0.113 0.115 0.111 0.106 0.101 0.097 0.092 0.088
0.000 0.000 0.000 0.000 0.000 0.000 0.000 0.000 0.000 0.000 0.024 0.023 0.021 0.017 0.014 0.011 0.011 0.012 0.013 0.016 0.018 0.021 0.024 0.029 0.042 0.053 0.064 0.074 0.085 0.088 0.086 0.085 0.084 0.000 0.000 0.000 0.000 0.000 0.000 0.000 0.000 0.000 0.000 0.000 0.000 0.000 0.000 0.000 0.000 0.000 0.000 0.000 0.000 0.000 0.000 0.000 0.000 0.000 0.000 0.000 0.000 0.000 0.000 0.000 0.089 0.097 0.104 0.111 0.118 0.125 0.123 0.118 0.113 0.109 0.105 0.101 0.095
0.000 0.000 0.000 0.000 0.000 0.000 0.000 0.000 0.000 0.000 0.000 0.028 0.027 0.025 0.024 0.021 0.018 0.016 0.017 0.018 0.020 0.023 0.025 0.028 0.036 0.048 0.059 0.069 0.078 0.081 0.079 0.077 0.072 0.059 0.050 0.044 0.000 0.000 0.000 0.000 0.000 0.000 0.000 0.000 0.000 0.000 0.000 0.000 0.000 0.000 0.000 0.000 0.000 0.000 0.000 0.000 0.000 0.000 0.000 0.000 0.000 0.000 0.000 0.000 0.000 0.000 0.000 0.000 0.131 0.135 0.130 0.126 0.122 0.117 0.112 0.108 0.103
0.000 0.000 0.000 0.000 0.000 0.000 0.000 0.000 0.000 0.000 0.000 0.000 0.000 0.030 0.029 0.027 0.026 0.025 0.022 0.022 0.023 0.024 0.026 0.029 0.032 0.042 0.053 0.063 0.072 0.073 0.071 0.068 0.062 0.053 0.045 0.037 0.028 0.023 0.019 0.018 0.000 0.000 0.000 0.000 0.000 0.000 0.000 0.000 0.000 0.000 0.000 0.000 0.000 0.000 0.000 0.000 0.000 0.000 0.000 0.000 0.000 0.000 0.000 0.000 0.000 0.000 0.000 0.000 0.000 0.000 0.000 0.133 0.129 0.124 0.119 0.115 0.111
0.000 0.000 0.000 0.000 0.000 0.000 0.000 0.000 0.000 0.000 0.000 0.000 0.000 0.000 0.000 0.032 0.030 0.029 0.027 0.027 0.027 0.027 0.028 0.030 0.032 0.035 0.047 0.057 0.066 0.065 0.063 0.059 0.053 0.045 0.041 0.037 0.031 0.027 0.023 0.021 0.016 0.013 0.012 0.000 0.000 0.000 0.000 0.000 0.000 0.000 0.000 0.000 0.000 0.000 0.000 0.000 0.000 0.000 0.000 0.000 0.000 0.000 0.000 0.000 0.000 0.000 0.000 0.000 0.000 0.000 0.000 0.000 0.000 0.000 0.000 0.123 0.118
0.000 0.000 0.000 0.000 0.000 0.000 0.000 0.000 0.000 0.000 0.000 0.000 0.000 0.000 0.000 0.000 0.035 0.033 0.030 0.029 0.028 0.029 0.031 0.031 0.032 0.034 0.038 0.050 0.057 0.056 0.053 0.048 0.046 0.043 0.040 0.036 0.033 0.030 0.026 0.023 0.019 0.017 0.015 0.011 0.008 0.006 0.006 0.000 0.000 0.000 0.000 0.000 0.000 0.000 0.000 0.000 0.000 0.000 0.000 0.000 0.000 0.000 0.000 0.000 0.000 0.000 0.000 0.000 0.000 0.000 0.000 0.000 0.000 0.000 0.000 0.000 0.000
0.000 0.000 0.000 0.000 0.000 0.000 0.000 0.000 0.000 0.000 0.000 0.000 0.000 0.000 0.000 0.000 0.000 0.000 0.030 0.029 0.028 0.028 0.029 0.031 0.033 0.034 0.035 0.040 0.046 0.045 0.045 0.045 0.043 0.042 0.039 0.037 0.034 0.031 0.029 0.025 0.022 0.020 0.017 0.014 0.012 0.010 0.008 0.006 0.004 0.003 0.002 0.001 0.000 0.000 0.000 0.000 0.000 0.000 0.000 0.000 0.000 0.000 0.000 0.000 0.000 0.000 0.000 0.000 0.000 0.000 0.000 0.000 0.000 0.000 0.000 0.000 0.000
0.000 0.000 0.000 0.000 0.000 0.000 0.000 0.000 0.000 0.000 0.000 0.000 0.000 0.000 0.000 0.000 0.000 0.000 0.030 0.029 0.028 0.028 0.028 0.029 0.030 0.031 0.032 0.033 0.034 0.039 0.041 0.042 0.041 0.040 0.039 0.038 0.036 0.033 0.031 0.028 0.025 0.023 0.020 0.017 0.015 0.012 0.010 0.008 0.006 0.005 0.004 0.003 0.002 0.001 0.000 0.000 0.000 0.000 0.000 0.000 0.000 0.000 0.000 0.000 0.000 0.000 0.000 0.000 0.000 0.000 0.000 0.000 0.000 0.000 0.000 0.000 0.000
0.000 0.000 0.000 0.000 0.000 0.000 0.000 0.000 0.000 0.000 0.000 0.000 0.000 0.000 0.000 0.000 0.000 0.000 0.030 0.028 0.027 0.027 0.026 0.026 0.027 0.027 0.026 0.022 0.026 0.031 0.037 0.039 0.040 0.040 0.040 0.039 0.037 0.035 0.033 0.030 0.028 0.026 0.023 0.021 0.018 0.015 0.013 0.010 0.008 0.007 0.006 0.005 0.004 0.003 0.002 0.001 0.000 0.000 0.000 0.000 0.000 0.000 0.000 0.000 0.000 0.000 0.000 0.000 0.000 0.000 0.000 0.000 0.000 0.000 0.000 0.000 0.000
0.000 0.000 0.000 0.000 0.000 0.000 0.000 0.000 0.000 0.000 0.000 0.000 0.000 0.000 0.000 0.000 0.000 0.000 0.029 0.028 0.027 0.026 0.025 0.024 0.024 0.023 0.022 0.021 0.025 0.029 0.033 0.036 0.038 0.039 0.040 0.039 0.039 0.037 0.035 0.033 0.031 0.029 0.026 0.024 0.021 0.019 0.016 0.013 0.012 0.010 0.009 0.007 0.006 0.005 0.004 0.003 0.002 0.001 0.000 0.000 0.000 0.000 0.000 0.000 0.000 0.000 0.000 0.000 0.000 0.000 0.000 0.000 0.000 0.000 0.000 0.000 0.000
0.000 0.000 0.000 0.000 0.000 0.000 0.000 0.000 0.000 0.000 0.000 0.000 0.000 0.000 0.000 0.000 0.000 0.025 0.026 0.026 0.025 0.024 0.024 0.023 0.022 0.021 0.019 0.020 0.024 0.027 0.031 0.034 0.036 0.037 0.038 0.038 0.037 0.037 0.036 0.035 0.034 0.033 0.031 0.028 0.026 0.023 0.021 0.018 0.016 0.014 0.013 0.011 0.009 0.008 0.007 0.005 0.004 0.003 0.002 0.001 0.000 0.000 0.000 0.000 0.000 0.000 0.000 0.000 0.000 0.000 0.000 0.000 0.000 0.000 0.000 0.000 0.000
0.000 0.000 0.000 0.000 0.000 0.000 0.000 0.000 0.000 0.000 0.000 0.000 0.000 0.000 0.000 0.000 0.000 0.026 0.026 0.025 0.025 0.024 0.023 0.021 0.020 0.019 0.016 0.018 0.022 0.025 0.028 0.031 0.033 0.035 0.036 0.036 0.036 0.036 0.036 0.035 0.034 0.033 0.032 0.031 0.029 0.028 0.026 0.024 0.022 0.020 0.018 0.016 0.014 0.012 0.011 0.009 0.008 0.007 0.006 0.005 0.004 0.003 0.003 0.003 0.006 0.005 0.000 0.000 0.000 0.000 0.000 0.000 0.000 0.000 0.000 0.000 0.000
0.000 0.000 0.000 0.000 0.000 0.000 0.000 0.000 0.000 0.000 0.000 0.000 0.000 0.000 0.000 0.000 0.000 0.026 0.025 0.025 0.024 0.023 0.022 0.021 0.019 0.017 0.014 0.016 0.020 0.023 0.026 0.029 0.031 0.033 0.034 0.034 0.035 0.035 0.035 0.035 0.035 0.034 0.033 0.032 0.031 0.030 0.029 0.028 0.026 0.025 0.024 0.022 0.020 0.018 0.017 0.015 0.014 0.013 0.012 0.012 0.012 0.012 0.013 0.016 0.020 0.013 0.006 0.000 0.000 0.000 0.000 0.000 0.000 0.000 0.000 0.000 0.000
0.000 0.000 0.000 0.000 0.000 0.000 0.000 0.000 0.000 0.000 0.000 0.000 0.000 0.000 0.000 0.000 0.000 0.026 0.025 0.024 0.023 0.022 0.021 0.020 0.018 0.015 0.013 0.015 0.018 0.021 0.024 0.027 0.029 0.031 0.032 0.033 0.034 0.035 0.036 0.036 0.036 0.036 0.035 0.034 0.034 0.033 0.031 0.030 0.029 0.028 0.027 0.026 0.025 0.024 0.023 0.023 0.022 0.022 0.022 0.023 0.024 0.025 0.027 0.030 0.028 0.020 0.008 0.000 0.000 0.000 0.000 0.000 0.000 0.000 0.000 0.000 0.000
0.000 0.000 0.000 0.000 0.000 0.000 0.000 0.000 0.000 0.000 0.000 0.000 0.000 0.000 0.000 0.000 0.021 0.023 0.024 0.023 0.022 0.021 0.020 0.019 0.016 0.013 0.013 0.015 0.017 0.020 0.022 0.025 0.027 0.029 0.031 0.033 0.034 0.036 0.037 0.038 0.038 0.038 0.037 0.037 0.036 0.035 0.034 0.033 0.032 0.031 0.030 0.029 0.029 0.028 0.028 0.028 0.029 0.030 0.032 0.035 0.037 0.039 0.040 0.042 0.032 0.021 0.008 0.005 0.003 0.000 0.000 0.000 0.000 0.000 0.000 0.000 0.000
0.000 0.000 0.000 0.000 0.000 0.000 0.000 0.000 0.000 0.000 0.000 0.000 0.000 0.000 0.000 0.000 0.023 0.023 0.023 0.022 0.022 0.021 0.019 0.017 0.015 0.011 0.012 0.014 0.016 0.018 0.021 0.023 0.026 0.028 0.030 0.033 0.036 0.038 0.040 0.040 0.041 0.041 0.040 0.040 0.039 0.038 0.038 0.037 0.036 0.035 0.034 0.033 0.033 0.033 0.033 0.034 0.036 0.038 0.040 0.043 0.046 0.048 0.051 0.049 0.054 0.048 0.039 0.030 0.023 0.017 0.012 0.008 0.005 0.003 0.000 0.000 0.000
0.000 0.000 0.000 0.000 0.000 0.000 0.000 0.000 0.000 0.000 0.000 0.000 0.000 0.000 0.000 0.000 0.023 0.022 0.022 0.022 0.021 0.020 0.018 0.016 0.013 0.010 0.011 0.013 0.015 0.017 0.020 0.022 0.025 0.028 0.031 0.035 0.040 0.044 0.045 0.044 0.044 0.044 0.044 0.044 0.043 0.042 0.041 0.040 0.039 0.039 0.038 0.038 0.038 0.038 0.039 0.041 0.043 0.045 0.048 0.051 0.054 0.052 0.048 0.044 0.048 0.051 0.054 0.056 0.058 0.049 0.040 0.031 0.024 0.018 0.013 0.008 0.005
0.081 0.078 0.076 0.000 0.000 0.000 0.000 0.000 0.000 0.000 0.000 0.000 0.000 0.000 0.000 0.025 0.023 0.022 0.021 0.021 0.020 0.019 0.017 0.015 0.011 0.010 0.011 0.012 0.014 0.016 0.019 0.022 0.025 0.029 0.035 0.040 0.047 0.051 0.051 0.048 0.048 0.049 0.049 0.048 0.047 0.046 0.045 0.044 0.044 0.043 0.043 0.043 0.043 0.044 0.046 0.048 0.051 0.054 0.057 0.056 0.053 0.050 0.046 0.040 0.042 0.045 0.047 0.049 0.052 0.055 0.058 0.060 0.057 0.048 0.039 0.030 0.023
0.085 0.083 0.080 0.076 0.073 0.070 0.000 0.000 0.000 0.000 0.000 0.000 0.000 0.000 0.000 0.030 0.028 0.026 0.024 0.021 0.019 0.018 0.016 0.014 0.010 0.010 0.010 0.012 0.013 0.015 0.018 0.022 0.027 0.033 0.040 0.047 0.055 0.062 0.000 0.049 0.053 0.055 0.055 0.051 0.050 0.050 0.049 0.048 0.048 0.048 0.048 0.048 0.049 0.051 0.053 0.055 0.059 0.059 0.057 0.054 0.051 0.047 0.043 0.037 0.038 0.039 0.041 0.043 0.045 0.048 0.050 0.053 0.055 0.058 0.060 0.062 0.056
0.090 0.087 0.084 0.080 0.077 0.074 0.070 0.067 0.064 0.062 0.000 0.000 0.000 0.000 0.000 0.035 0.033 0.032 0.030 0.027 0.025 0.021 0.017 0.013 0.009 0.009 0.010 0.011 0.013 0.015 0.019 0.025 0.032 0.039 0.047 0.055 0.063 0.000 0.000 0.000 0.000 0.000 0.000 0.052 0.055 0.056 0.052 0.053 0.053 0.054 0.053 0.054 0.055 0.057 0.060 0.062 0.059 0.057 0.054 0.051 0.048 0.045 0.041 0.035 0.034 0.035 0.036 0.037 0.039 0.041 0.043 0.045 0.048 0.050 0.052 0.054 0.057
0.000 0.000 0.000 0.084 0.082 0.079 0.074 0.071 0.068 0.065 0.060 0.057 0.054 0.000 0.000 0.039 0.038 0.037 0.036 0.033 0.030 0.027 0.022 0.016 0.012 0.010 0.010 0.011 0.013 0.016 0.022 0.029 0.038 0.046 0.055 0.000 0.000 0.000 0.000 0.000 0.000 0.000 0.000 0.000 0.000 0.000 0.054 0.058 0.060 0.060 0.057 0.059 0.062 0.065 0.061 0.059 0.056 0.053 0.051 0.048 0.045 0.042 0.038 0.033 0.030 0.031 0.031 0.032 0.033 0.035 0.036 0.038 0.040 0.042 0.044 0.047 0.049
0.000 0.000 0.000 0.000 0.000 0.000 0.078 0.076 0.073 0.069 0.064 0.061 0.057 0.050 0.044 0.044 0.044 0.044 0.043 0.040 0.037 0.032 0.027 0.020 0.016 0.014 0.012 0.011 0.013 0.018 0.026 0.035 0.044 0.053 0.000 0.000 0.000 0.000 0.000 0.000 0.000 0.000 0.000 0.000 0.000 0.000 0.000 0.000 0.000 0.000 0.060 0.065 0.064 0.061 0.057 0.054 0.052 0.049 0.047 0.045 0.042 0.039 0.035 0.030 0.027 0.027 0.027 0.027 0.028 0.029 0.030 0.032 0.033 0.035 0.037 0.039 0.041
0.000 0.000 0.000 0.000 0.000 0.000 0.000 0.000 0.000 0.000 0.068 0.065 0.061 0.055 0.049 0.050 0.050 0.051 0.052 0.048 0.043 0.037 0.031 0.023 0.020 0.017 0.015 0.012 0.014 0.020 0.029 0.039 0.050 0.000 0.000 0.000 0.000 0.000 0.000 0.000 0.000 0.000 0.000 0.000 0.000 0.000 0.000 0.000 0.000 0.000 0.000 0.000 0.000 0.000 0.050 0.050 0.048 0.045 0.043 0.041 0.038 0.035 0.032 0.027 0.024 0.023 0.023 0.023 0.023 0.023 0.024 0.025 0.027 0.028 0.030 0.031 0.033
0.000 0.000 0.000 0.000 0.000 0.000 0.000 0.000 0.000 0.000 0.000 0.000 0.000 0.000 0.056 0.055 0.057 0.060 0.065 0.057 0.049 0.042 0.034 0.027 0.024 0.021 0.018 0.015 0.015 0.023 0.032 0.041 0.000 0.000 0.000 0.000 0.000 0.000 0.000 0.000 0.000 0.000 0.000 0.000 0.000 0.000 0.000 0.000 0.000 0.000 0.000 0.000 0.000 0.000 0.000 0.000 0.000 0.039 0.038 0.037 0.035 0.031 0.028 0.024 0.020 0.019 0.019 0.018 0.018 0.018 0.019 0.019 0.020 0.021 0.023 0.024 0.026
0.000 0.000 0.000 0.000 0.000 0.000 0.000 0.000 0.000 0.000 0.000 0.000 0.000 0.000 0.000 0.060 0.062 0.069 0.088 0.066 0.054 0.045 0.036 0.030 0.027 0.023 0.020 0.018 0.018 0.026 0.035 0.044 0.000 0.000 0.000 0.000 0.000 0.000 0.000 0.000 0.000 0.000 0.000 0.000 0.000 0.000 0.000 0.000 0.000 0.000 0.000 0.000 0.000 0.000 0.000 0.000 0.000 0.000 0.000 0.000 0.000 0.024 0.023 0.020 0.015 0.014 0.014 0.013 0.013 0.013 0.013 0.013 0.014 0.015 0.016 0.017 0.018
0.000 0.000 0.000 0.000 0.000 0.000 0.000 0.000 0.000 0.000 0.000 0.000 0.000 0.000 0.057 0.059 0.061 0.064 0.070 0.061 0.052 0.044 0.035 0.031 0.028 0.025 0.022 0.020 0.021 0.030 0.039 0.048 0.000 0.000 0.000 0.000 0.000 0.000 0.000 0.000 0.000 0.000 0.000 0.000 0.000 0.000 0.000 0.000 0.000 0.000 0.000 0.000 0.000 0.000 0.000 0.000 0.000 0.000 0.000 0.000 0.000 0.000 0.000 0.000 0.005 0.006 0.007 0.007 0.007 0.007 0.007 0.007 0.007 0.008 0.009 0.010 0.011
0.000 0.000 0.000 0.000 0.000 0.000 0.000 0.000 0.000 0.000 0.000 0.000 0.000 0.000 0.058 0.058 0.059 0.060 0.061 0.056 0.049 0.042 0.034 0.032 0.029 0.027 0.024 0.022 0.025 0.034 0.044 0.055 0.000 0.000 0.000 0.000 0.000 0.000 0.000 0.000 0.000 0.000 0.000 0.000 0.000 0.000 0.000 0.000 0.000 0.000 0.000 0.000 0.000 0.000 0.000 0.000 0.000 0.000 0.000 0.000 0.000 0.000 0.000 0.000 0.000 0.000 0.000 0.000 0.000 0.000 0.000 0.000 0.000 0.000 0.000 0.001 0.002
0.000 0.000 0.000 0.000 0.000 0.000 0.000 0.000 0.000 0.000 0.000 0.000 0.000 0.000 0.058 0.057 0.057 0.057 0.055 0.052 0.046 0.039 0.034 0.032 0.030 0.028 0.025 0.024 0.029 0.038 0.047 0.000 0.000 0.000 0.000 0.000 0.000 0.000 0.000 0.000 0.000 0.000 0.000 0.000 0.000 0.000 0.000 0.000 0.000 0.000 0.000 0.000 0.000 0.000 0.000 0.000 0.000 0.000 0.000 0.000 0.000 0.000 0.000 0.000 0.000 0.000 0.000 0.000 0.000 0.000 0.000 0.000 0.000 0.000 0.000 0.000 0.000
0.000 0.000 0.000 0.000 0.000 0.000 0.000 0.000 0.000 0.000 0.000 0.000 0.000 0.000 0.056 0.055 0.054 0.053 0.051 0.048 0.043 0.036 0.033 0.031 0.030 0.028 0.026 0.027 0.034 0.043 0.052 0.000 0.000 0.000 0.000 0.000 0.000 0.000 0.000 0.000 0.000 0.000 0.000 0.000 0.000 0.000 0.000 0.000 0.000 0.000 0.000 0.000 0.000 0.000 0.000 0.000 0.000 0.000 0.000 0.000 0.000 0.000 0.000 0.000 0.000 0.000 0.000 0.000 0.000 0.000 0.000 0.000 0.000 0.000 0.000 0.000 0.000
0.000 0.000 0.000 0.000 0.000 0.000 0.000 0.000 0.000 0.000 0.000 0.000 0.000 0.048 0.051 0.051 0.051 0.050 0.048 0.044 0.039 0.032 0.032 0.031 0.030 0.028 0.027 0.032 0.040 0.049 0.058 0.000 0.000 0.000 0.000 0.000 0.000 0.000 0.000 0.000 0.000 0.000 0.000 0.000 0.000 0.000 0.000 0.000 0.000 0.000 0.000 0.000 0.000 0.000 0.000 0.000 0.000 0.000 0.000 0.000 0.000 0.000 0.000 0.000 0.000 0.000 0.000 0.000 0.000 0.000 0.000 0.000 0.000 0.000 0.000 0.000 0.000
0.000 0.000 0.000 0.000 0.000 0.000 0.000 0.000 0.000 0.000 0.000 0.000 0.000 0.049 0.049 0.049 0.048 0.047 0.044 0.041 0.036 0.031 0.031 0.030 0.029 0.028 0.031 0.038 0.046 0.054 0.000 0.000 0.000 0.000 0.000 0.000 0.000 0.000 0.000 0.000 0.000 0.000 0.000 0.000 0.000 0.000 0.000 0.000 0.000 0.000 0.000 0.000 0.000 0.000 0.000 0.000 0.000 0.000 0.000 0.000 0.000 0.000 0.000 0.000 0.000 0.000 0.000 0.000 0.000 0.000 0.000 0.000 0.000 0.000 0.000 0.000 0.000
