数据/LID_analysis/LID_maxfile/LID_GR2_50y.txt
ncols         694
nrows         824
xllcorner     581104.93980083
yllcorner     3495917.0924138
cellsize      2
NODATA_value  -9999
[rows 442 to 475 of 824, columns 385 to 461 of 694]
0.000 0.000 0.000 0.021 0.017 0.013 0.009 0.005 0.000 0.000 0.000 0.000 0.001 0.002 0.004 0.005 0.007 0.009 0.011 0.014 0.019 0.031 0.041 0.052 0.062 0.073 0.083 0.093 0.103 0.113 0.117 0.119 0.120 0.121 0.000 0.000 0.000 0.000 0.000 0.000 0.000 0.000 0.000 0.000 0.000 0.000 0.000 0.000 0.000 0.000 0.000 0.000 0.000 0.000 0.000 0.000 0.009 0.012 0.019 0.026 0.033 0.041 0.048 0.055 0.062 0.069 0.076 0.084 0.092 0.098 0.000 0.000 0.000 0.000 0.000 0.000 0.000
0.000 0.000 0.000 0.000 0.000 0.026 0.022 0.019 0.015 0.011 0.007 0.003 0.003 0.004 0.006 0.007 0.009 0.011 0.014 0.017 0.020 0.027 0.039 0.050 0.061 0.071 0.082 0.092 0.102 0.111 0.113 0.115 0.116 0.119 0.000 0.000 0.000 0.000 0.000 0.000 0.000 0.000 0.000 0.000 0.000 0.000 0.000 0.000 0.000 0.000 0.000 0.000 0.000 0.000 0.002 0.010 0.017 0.025 0.032 0.039 0.046 0.054 0.060 0.068 0.075 0.083 0.090 0.097 0.104 0.111 0.119 0.121 0.000 0.000 0.000 0.000 0.000
0.000 0.000 0.000 0.000 0.000 0.000 0.000 0.031 0.027 0.023 0.019 0.015 0.011 0.009 0.009 0.010 0.012 0.014 0.016 0.019 0.023 0.026 0.036 0.048 0.059 0.070 0.081 0.092 0.101 0.109 0.109 0.109 0.110 0.000 0.000 0.000 0.000 0.000 0.000 0.000 0.000 0.000 0.000 0.000 0.000 0.000 0.000 0.000 0.000 0.000 0.000 0.000 0.000 0.008 0.016 0.023 0.030 0.038 0.045 0.052 0.059 0.067 0.074 0.081 0.089 0.095 0.103 0.110 0.117 0.124 0.132 0.128 0.123 0.119 0.115 0.000 0.000
0.000 0.000 0.000 0.000 0.000 0.000 0.000 0.000 0.036 0.034 0.031 0.027 0.023 0.019 0.016 0.015 0.015 0.017 0.019 0.022 0.025 0.028 0.031 0.044 0.056 0.067 0.078 0.090 0.103 0.106 0.104 0.104 0.103 0.000 0.000 0.000 0.000 0.000 0.000 0.000 0.000 0.000 0.000 0.000 0.000 0.000 0.000 0.000 0.000 0.000 0.000 0.000 0.000 0.000 0.000 0.000 0.000 0.050 0.000 0.000 0.072 0.080 0.087 0.094 0.101 0.109 0.116 0.123 0.130 0.138 0.140 0.135 0.131 0.127 0.122 0.117 0.113
0.000 0.000 0.000 0.000 0.000 0.000 0.000 0.000 0.000 0.000 0.038 0.037 0.035 0.031 0.027 0.023 0.021 0.021 0.022 0.024 0.027 0.030 0.033 0.038 0.051 0.063 0.074 0.085 0.095 0.099 0.098 0.096 0.095 0.000 0.000 0.000 0.000 0.000 0.000 0.000 0.000 0.000 0.000 0.000 0.000 0.000 0.000 0.000 0.000 0.000 0.000 0.000 0.000 0.000 0.000 0.000 0.000 0.000 0.000 0.000 0.000 0.000 0.000 0.000 0.114 0.122 0.129 0.137 0.143 0.150 0.147 0.143 0.139 0.134 0.129 0.126 0.121
0.000 0.000 0.000 0.000 0.000 0.000 0.000 0.000 0.000 0.000 0.000 0.042 0.040 0.039 0.037 0.034 0.030 0.028 0.027 0.027 0.029 0.031 0.034 0.037 0.045 0.058 0.069 0.079 0.089 0.091 0.089 0.087 0.081 0.067 0.057 0.052 0.000 0.000 0.000 0.000 0.000 0.000 0.000 0.000 0.000 0.000 0.000 0.000 0.000 0.000 0.000 0.000 0.000 0.000 0.000 0.000 0.000 0.000 0.000 0.000 0.000 0.000 0.000 0.000 0.000 0.000 0.000 0.000 0.157 0.160 0.155 0.150 0.146 0.141 0.137 0.133 0.128
0.000 0.000 0.000 0.000 0.000 0.000 0.000 0.000 0.000 0.000 0.000 0.000 0.000 0.044 0.042 0.040 0.039 0.037 0.034 0.032 0.032 0.033 0.035 0.037 0.040 0.051 0.062 0.073 0.082 0.083 0.081 0.077 0.071 0.061 0.052 0.043 0.034 0.027 0.023 0.023 0.000 0.000 0.000 0.000 0.000 0.000 0.000 0.000 0.000 0.000 0.000 0.000 0.000 0.000 0.000 0.000 0.000 0.000 0.000 0.000 0.000 0.000 0.000 0.000 0.000 0.000 0.000 0.000 0.000 0.000 0.000 0.158 0.154 0.149 0.144 0.140 0.136
0.000 0.000 0.000 0.000 0.000 0.000 0.000 0.000 0.000 0.000 0.000 0.000 0.000 0.000 0.000 0.045 0.043 0.041 0.039 0.038 0.036 0.036 0.036 0.038 0.040 0.043 0.055 0.065 0.074 0.074 0.071 0.067 0.061 0.052 0.048 0.043 0.037 0.032 0.028 0.025 0.020 0.016 0.016 0.000 0.000 0.000 0.000 0.000 0.000 0.000 0.000 0.000 0.000 0.000 0.000 0.000 0.000 0.000 0.000 0.000 0.000 0.000 0.000 0.000 0.000 0.000 0.000 0.000 0.000 0.000 0.000 0.000 0.000 0.000 0.000 0.148 0.143
0.000 0.000 0.000 0.000 0.000 0.000 0.000 0.000 0.000 0.000 0.000 0.000 0.000 0.000 0.000 0.000 0.047 0.045 0.042 0.039 0.038 0.038 0.040 0.040 0.041 0.042 0.046 0.057 0.065 0.064 0.061 0.056 0.053 0.050 0.047 0.042 0.038 0.035 0.031 0.028 0.024 0.020 0.018 0.014 0.011 0.009 0.008 0.000 0.000 0.000 0.000 0.000 0.000 0.000 0.000 0.000 0.000 0.000 0.000 0.000 0.000 0.000 0.000 0.000 0.000 0.000 0.000 0.000 0.000 0.000 0.000 0.000 0.000 0.000 0.000 0.000 0.000
0.000 0.000 0.000 0.000 0.000 0.000 0.000 0.000 0.000 0.000 0.000 0.000 0.000 0.000 0.000 0.000 0.000 0.000 0.041 0.039 0.038 0.038 0.038 0.039 0.041 0.042 0.043 0.047 0.053 0.052 0.051 0.052 0.050 0.048 0.045 0.042 0.040 0.037 0.034 0.030 0.027 0.024 0.021 0.018 0.015 0.012 0.011 0.008 0.006 0.004 0.003 0.002 0.001 0.000 0.000 0.000 0.000 0.000 0.000 0.000 0.000 0.000 0.000 0.000 0.000 0.000 0.000 0.000 0.000 0.000 0.000 0.000 0.000 0.000 0.000 0.000 0.000
0.000 0.000 0.000 0.000 0.000 0.000 0.000 0.000 0.000 0.000 0.000 0.000 0.000 0.000 0.000 0.000 0.000 0.000 0.040 0.039 0.037 0.037 0.037 0.037 0.038 0.039 0.039 0.039 0.039 0.045 0.047 0.048 0.048 0.047 0.045 0.043 0.041 0.038 0.036 0.033 0.030 0.027 0.024 0.021 0.019 0.016 0.013 0.010 0.008 0.007 0.005 0.004 0.003 0.002 0.001 0.000 0.000 0.000 0.000 0.000 0.000 0.000 0.000 0.000 0.000 0.000 0.000 0.000 0.000 0.000 0.000 0.000 0.000 0.000 0.000 0.000 0.000
0.000 0.000 0.000 0.000 0.000 0.000 0.000 0.000 0.000 0.000 0.000 0.000 0.000 0.000 0.000 0.000 0.000 0.000 0.039 0.038 0.036 0.035 0.035 0.034 0.034 0.034 0.033 0.027 0.031 0.036 0.042 0.045 0.046 0.046 0.045 0.044 0.042 0.040 0.038 0.035 0.033 0.030 0.028 0.025 0.022 0.019 0.016 0.013 0.011 0.009 0.008 0.007 0.005 0.004 0.003 0.002 0.001 0.000 0.000 0.000 0.000 0.000 0.000 0.000 0.000 0.000 0.000 0.000 0.000 0.000 0.000 0.000 0.000 0.000 0.000 0.000 0.000
0.000 0.000 0.000 0.000 0.000 0.000 0.000 0.000 0.000 0.000 0.000 0.000 0.000 0.000 0.000 0.000 0.000 0.000 0.037 0.036 0.035 0.034 0.033 0.032 0.031 0.029 0.027 0.025 0.030 0.034 0.038 0.041 0.043 0.045 0.045 0.045 0.044 0.043 0.041 0.038 0.036 0.034 0.031 0.029 0.026 0.023 0.020 0.018 0.015 0.013 0.012 0.010 0.009 0.007 0.006 0.005 0.004 0.003 0.002 0.001 0.000 0.000 0.000 0.000 0.000 0.000 0.000 0.000 0.000 0.000 0.000 0.000 0.000 0.000 0.000 0.000 0.000
0.000 0.000 0.000 0.000 0.000 0.000 0.000 0.000 0.000 0.000 0.000 0.000 0.000 0.000 0.000 0.000 0.000 0.032 0.034 0.034 0.033 0.032 0.031 0.030 0.028 0.026 0.024 0.024 0.029 0.033 0.036 0.039 0.041 0.042 0.043 0.043 0.043 0.042 0.041 0.040 0.039 0.038 0.036 0.034 0.031 0.028 0.025 0.023 0.021 0.019 0.017 0.015 0.013 0.011 0.010 0.008 0.007 0.006 0.005 0.004 0.003 0.002 0.001 0.000 0.000 0.001 0.000 0.000 0.000 0.000 0.000 0.000 0.000 0.000 0.000 0.000 0.000
0.000 0.000 0.000 0.000 0.000 0.000 0.000 0.000 0.000 0.000 0.000 0.000 0.000 0.000 0.000 0.000 0.000 0.034 0.033 0.033 0.032 0.031 0.029 0.028 0.026 0.024 0.021 0.023 0.027 0.031 0.034 0.036 0.039 0.040 0.041 0.042 0.042 0.041 0.041 0.041 0.040 0.039 0.038 0.037 0.035 0.033 0.032 0.029 0.027 0.025 0.023 0.021 0.019 0.017 0.015 0.014 0.012 0.011 0.010 0.009 0.009 0.008 0.008 0.009 0.013 0.012 0.005 0.000 0.000 0.000 0.000 0.000 0.000 0.000 0.000 0.000 0.000
0.000 0.000 0.000 0.000 0.000 0.000 0.000 0.000 0.000 0.000 0.000 0.000 0.000 0.000 0.000 0.000 0.000 0.034 0.033 0.032 0.031 0.030 0.028 0.027 0.025 0.022 0.019 0.022 0.025 0.028 0.031 0.034 0.036 0.038 0.039 0.040 0.040 0.041 0.041 0.041 0.041 0.040 0.040 0.039 0.037 0.036 0.035 0.033 0.032 0.031 0.029 0.028 0.026 0.024 0.022 0.021 0.020 0.019 0.019 0.018 0.019 0.019 0.021 0.023 0.026 0.020 0.013 0.001 0.000 0.000 0.000 0.000 0.000 0.000 0.000 0.000 0.000
0.000 0.000 0.000 0.000 0.000 0.000 0.000 0.000 0.000 0.000 0.000 0.000 0.000 0.000 0.000 0.000 0.000 0.033 0.032 0.031 0.030 0.029 0.027 0.025 0.023 0.020 0.018 0.020 0.023 0.026 0.029 0.032 0.034 0.036 0.037 0.039 0.040 0.041 0.042 0.042 0.043 0.042 0.042 0.041 0.040 0.039 0.038 0.037 0.035 0.034 0.033 0.032 0.031 0.031 0.030 0.030 0.029 0.029 0.030 0.030 0.031 0.032 0.034 0.036 0.034 0.026 0.015 0.000 0.000 0.000 0.000 0.000 0.000 0.000 0.000 0.000 0.000
0.000 0.000 0.000 0.000 0.000 0.000 0.000 0.000 0.000 0.000 0.000 0.000 0.000 0.000 0.000 0.000 0.028 0.030 0.030 0.030 0.029 0.028 0.026 0.024 0.021 0.017 0.017 0.019 0.021 0.024 0.027 0.030 0.032 0.035 0.037 0.039 0.041 0.043 0.044 0.045 0.045 0.045 0.044 0.044 0.043 0.042 0.041 0.040 0.039 0.038 0.037 0.036 0.036 0.035 0.035 0.036 0.036 0.038 0.040 0.042 0.044 0.046 0.047 0.049 0.038 0.026 0.014 0.008 0.005 0.003 0.000 0.000 0.000 0.000 0.000 0.000 0.000
0.000 0.000 0.000 0.000 0.000 0.000 0.000 0.000 0.000 0.000 0.000 0.000 0.000 0.000 0.000 0.000 0.030 0.029 0.029 0.029 0.028 0.027 0.025 0.023 0.020 0.015 0.016 0.018 0.021 0.023 0.026 0.029 0.031 0.034 0.037 0.040 0.043 0.046 0.048 0.048 0.048 0.048 0.048 0.047 0.046 0.046 0.045 0.044 0.043 0.042 0.041 0.041 0.040 0.040 0.041 0.042 0.043 0.045 0.048 0.050 0.053 0.055 0.057 0.056 0.061 0.054 0.045 0.036 0.028 0.021 0.016 0.011 0.007 0.004 0.002 0.000 0.000
0.000 0.000 0.000 0.000 0.000 0.000 0.000 0.000 0.000 0.000 0.000 0.000 0.000 0.000 0.000 0.000 0.032 0.031 0.028 0.028 0.027 0.025 0.024 0.021 0.018 0.015 0.016 0.018 0.020 0.022 0.025 0.028 0.031 0.035 0.039 0.044 0.048 0.052 0.053 0.052 0.052 0.052 0.052 0.051 0.050 0.049 0.048 0.048 0.047 0.046 0.046 0.045 0.046 0.046 0.047 0.049 0.051 0.053 0.056 0.059 0.061 0.059 0.055 0.051 0.054 0.058 0.061 0.063 0.064 0.055 0.046 0.037 0.029 0.022 0.016 0.011 0.007
0.116 0.113 0.111 0.000 0.000 0.000 0.000 0.000 0.000 0.000 0.000 0.000 0.000 0.000 0.000 0.040 0.038 0.036 0.034 0.031 0.028 0.025 0.022 0.020 0.016 0.014 0.015 0.017 0.019 0.022 0.025 0.028 0.033 0.038 0.043 0.049 0.055 0.060 0.059 0.056 0.056 0.057 0.057 0.055 0.054 0.053 0.053 0.052 0.051 0.051 0.051 0.051 0.051 0.052 0.054 0.056 0.058 0.061 0.064 0.063 0.060 0.057 0.052 0.046 0.049 0.051 0.054 0.056 0.059 0.062 0.064 0.066 0.064 0.054 0.045 0.036 0.028
0.121 0.118 0.114 0.109 0.106 0.103 0.000 0.000 0.000 0.000 0.000 0.000 0.000 0.000 0.000 0.046 0.045 0.042 0.040 0.037 0.034 0.030 0.026 0.021 0.015 0.014 0.015 0.016 0.018 0.021 0.025 0.030 0.036 0.042 0.049 0.057 0.064 0.070 0.000 0.057 0.062 0.063 0.063 0.059 0.058 0.058 0.057 0.056 0.056 0.056 0.056 0.056 0.057 0.059 0.061 0.063 0.066 0.067 0.064 0.061 0.058 0.054 0.050 0.044 0.044 0.046 0.047 0.049 0.052 0.054 0.057 0.059 0.062 0.064 0.066 0.069 0.062
0.125 0.122 0.118 0.113 0.110 0.106 0.101 0.097 0.093 0.091 0.000 0.000 0.000 0.000 0.000 0.051 0.049 0.048 0.046 0.043 0.040 0.035 0.031 0.025 0.019 0.017 0.015 0.016 0.018 0.022 0.027 0.034 0.041 0.049 0.056 0.064 0.072 0.000 0.000 0.000 0.000 0.000 0.000 0.060 0.063 0.063 0.060 0.061 0.061 0.062 0.061 0.062 0.063 0.065 0.068 0.070 0.067 0.064 0.061 0.058 0.055 0.051 0.047 0.041 0.040 0.041 0.042 0.043 0.045 0.047 0.050 0.052 0.054 0.056 0.059 0.061 0.064
0.000 0.000 0.000 0.117 0.114 0.110 0.105 0.101 0.098 0.094 0.088 0.083 0.079 0.000 0.000 0.057 0.055 0.054 0.052 0.049 0.045 0.041 0.035 0.029 0.024 0.021 0.018 0.016 0.019 0.024 0.031 0.039 0.047 0.056 0.064 0.000 0.000 0.000 0.000 0.000 0.000 0.000 0.000 0.000 0.000 0.000 0.062 0.066 0.068 0.068 0.065 0.067 0.070 0.073 0.069 0.066 0.063 0.060 0.058 0.055 0.052 0.048 0.044 0.038 0.036 0.036 0.037 0.038 0.039 0.041 0.043 0.045 0.047 0.049 0.051 0.053 0.055
0.000 0.000 0.000 0.000 0.000 0.000 0.108 0.106 0.102 0.098 0.091 0.086 0.081 0.073 0.062 0.061 0.061 0.060 0.059 0.056 0.052 0.046 0.040 0.032 0.028 0.025 0.023 0.019 0.021 0.027 0.036 0.045 0.054 0.063 0.000 0.000 0.000 0.000 0.000 0.000 0.000 0.000 0.000 0.000 0.000 0.000 0.000 0.000 0.000 0.000 0.068 0.073 0.072 0.069 0.064 0.062 0.059 0.056 0.054 0.051 0.048 0.045 0.041 0.035 0.032 0.032 0.032 0.033 0.033 0.035 0.036 0.038 0.040 0.041 0.043 0.045 0.048
0.000 0.000 0.000 0.000 0.000 0.000 0.000 0.000 0.000 0.000 0.094 0.090 0.085 0.077 0.066 0.066 0.068 0.069 0.070 0.065 0.059 0.052 0.044 0.035 0.032 0.029 0.026 0.023 0.023 0.031 0.040 0.050 0.060 0.000 0.000 0.000 0.000 0.000 0.000 0.000 0.000 0.000 0.000 0.000 0.000 0.000 0.000 0.000 0.000 0.000 0.000 0.000 0.000 0.000 0.058 0.057 0.055 0.052 0.050 0.047 0.045 0.041 0.037 0.032 0.028 0.028 0.027 0.028 0.028 0.029 0.030 0.031 0.033 0.034 0.036 0.038 0.040
0.000 0.000 0.000 0.000 0.000 0.000 0.000 0.000 0.000 0.000 0.000 0.000 0.000 0.000 0.072 0.073 0.075 0.079 0.086 0.076 0.066 0.057 0.047 0.040 0.036 0.032 0.029 0.026 0.028 0.036 0.044 0.053 0.000 0.000 0.000 0.000 0.000 0.000 0.000 0.000 0.000 0.000 0.000 0.000 0.000 0.000 0.000 0.000 0.000 0.000 0.000 0.000 0.000 0.000 0.000 0.000 0.000 0.045 0.045 0.044 0.041 0.036 0.033 0.028 0.024 0.023 0.023 0.023 0.023 0.023 0.024 0.025 0.026 0.027 0.029 0.030 0.032
0.000 0.000 0.000 0.000 0.000 0.000 0.000 0.000 0.000 0.000 0.000 0.000 0.000 0.000 0.000 0.077 0.080 0.091 0.115 0.087 0.072 0.060 0.049 0.043 0.039 0.035 0.032 0.029 0.033 0.042 0.050 0.059 0.000 0.000 0.000 0.000 0.000 0.000 0.000 0.000 0.000 0.000 0.000 0.000 0.000 0.000 0.000 0.000 0.000 0.000 0.000 0.000 0.000 0.000 0.000 0.000 0.000 0.000 0.000 0.000 0.000 0.029 0.028 0.024 0.019 0.018 0.017 0.017 0.017 0.017 0.018 0.018 0.019 0.020 0.021 0.023 0.025
0.000 0.000 0.000 0.000 0.000 0.000 0.000 0.000 0.000 0.000 0.000 0.000 0.000 0.000 0.074 0.076 0.079 0.084 0.091 0.080 0.069 0.059 0.048 0.044 0.041 0.037 0.034 0.033 0.039 0.048 0.056 0.065 0.000 0.000 0.000 0.000 0.000 0.000 0.000 0.000 0.000 0.000 0.000 0.000 0.000 0.000 0.000 0.000 0.000 0.000 0.000 0.000 0.000 0.000 0.000 0.000 0.000 0.000 0.000 0.000 0.000 0.000 0.000 0.000 0.008 0.009 0.010 0.011 0.011 0.011 0.011 0.012 0.012 0.013 0.014 0.015 0.017
0.000 0.000 0.000 0.000 0.000 0.000 0.000 0.000 0.000 0.000 0.000 0.000 0.000 0.000 0.075 0.075 0.076 0.078 0.079 0.073 0.065 0.056 0.047 0.044 0.042 0.038 0.036 0.038 0.046 0.054 0.063 0.072 0.000 0.000 0.000 0.000 0.000 0.000 0.000 0.000 0.000 0.000 0.000 0.000 0.000 0.000 0.000 0.000 0.000 0.000 0.000 0.000 0.000 0.000 0.000 0.000 0.000 0.000 0.000 0.000 0.000 0.000 0.000 0.000 0.000 0.000 0.000 0.000 0.002 0.003 0.003 0.004 0.005 0.006 0.007 0.008 0.009
0.000 0.000 0.000 0.000 0.000 0.000 0.000 0.000 0.000 0.000 0.000 0.000 0.000 0.000 0.074 0.073 0.073 0.073 0.072 0.067 0.061 0.052 0.047 0.044 0.042 0.039 0.038 0.044 0.052 0.060 0.069 0.000 0.000 0.000 0.000 0.000 0.000 0.000 0.000 0.000 0.000 0.000 0.000 0.000 0.000 0.000 0.000 0.000 0.000 0.000 0.000 0.000 0.000 0.000 0.000 0.000 0.000 0.000 0.000 0.000 0.000 0.000 0.000 0.000 0.000 0.000 0.000 0.000 0.000 0.000 0.000 0.000 0.000 0.000 0.000 0.000 0.000
0.000 0.000 0.000 0.000 0.000 0.000 0.000 0.000 0.000 0.000 0.000 0.000 0.000 0.000 0.071 0.070 0.070 0.068 0.066 0.062 0.056 0.049 0.045 0.043 0.041 0.040 0.042 0.050 0.058 0.067 0.075 0.000 0.000 0.000 0.000 0.000 0.000 0.000 0.000 0.000 0.000 0.000 0.000 0.000 0.000 0.000 0.000 0.000 0.000 0.000 0.000 0.000 0.000 0.000 0.000 0.000 0.000 0.000 0.000 0.000 0.000 0.000 0.000 0.000 0.000 0.000 0.000 0.000 0.000 0.000 0.000 0.000 0.000 0.000 0.000 0.000 0.000
0.000 0.000 0.000 0.000 0.000 0.000 0.000 0.000 0.000 0.000 0.000 0.000 0.000 0.062 0.066 0.066 0.066 0.064 0.062 0.058 0.052 0.045 0.044 0.042 0.041 0.042 0.048 0.055 0.064 0.073 0.082 0.000 0.000 0.000 0.000 0.000 0.000 0.000 0.000 0.000 0.000 0.000 0.000 0.000 0.000 0.000 0.000 0.000 0.000 0.000 0.000 0.000 0.000 0.000 0.000 0.000 0.000 0.000 0.000 0.000 0.000 0.000 0.000 0.000 0.000 0.000 0.000 0.000 0.000 0.000 0.000 0.000 0.000 0.000 0.000 0.000 0.000
0.000 0.000 0.000 0.000 0.000 0.000 0.000 0.000 0.000 0.000 0.000 0.000 0.000 0.063 0.063 0.063 0.062 0.060 0.058 0.054 0.048 0.043 0.042 0.042 0.041 0.046 0.053 0.061 0.070 0.078 0.000 0.000 0.000 0.000 0.000 0.000 0.000 0.000 0.000 0.000 0.000 0.000 0.000 0.000 0.000 0.000 0.000 0.000 0.000 0.000 0.000 0.000 0.000 0.000 0.000 0.000 0.000 0.000 0.000 0.000 0.000 0.000 0.000 0.000 0.000 0.000 0.000 0.000 0.000 0.000 0.000 0.000 0.000 0.000 0.000 0.000 0.000
