数据/LID_analysis/LID_maxfile/LID_VS2_30y.txt
ncols         694
nrows         824
xllcorner     581104.93980083
yllcorner     3495917.0924138
cellsize      2
NODATA_value  -9999
[rows 442 to 475 of 824, columns 385 to 461 of 694]
0.000 0.000 0.000 0.023 0.019 0.015 0.011 0.007 0.003 0.000 0.000 0.000 0.001 0.002 0.004 0.005 0.007 0.009 0.011 0.014 0.019 0.031 0.042 0.052 0.063 0.073 0.083 0.093 0.103 0.113 0.118 0.119 0.120 0.122 0.000 0.000 0.000 0.000 0.000 0.000 0.000 0.000 0.000 0.000 0.000 0.000 0.000 0.000 0.000 0.000 0.000 0.000 0.000 0.000 0.000 0.002 0.010 0.017 0.025 0.032 0.039 0.046 0.054 0.061 0.068 0.075 0.082 0.089 0.097 0.104 0.000 0.000 0.000 0.000 0.000 0.000 0.000
0.000 0.000 0.000 0.000 0.000 0.027 0.023 0.020 0.016 0.012 0.008 0.004 0.003 0.004 0.006 0.007 0.009 0.011 0.014 0.017 0.020 0.027 0.039 0.050 0.061 0.072 0.082 0.092 0.102 0.112 0.114 0.115 0.116 0.120 0.000 0.000 0.000 0.000 0.000 0.000 0.000 0.000 0.000 0.000 0.000 0.000 0.000 0.000 0.000 0.000 0.000 0.000 0.000 0.000 0.008 0.016 0.023 0.030 0.037 0.045 0.052 0.059 0.067 0.073 0.082 0.088 0.095 0.102 0.110 0.117 0.124 0.127 0.000 0.000 0.000 0.000 0.000
0.000 0.000 0.000 0.000 0.000 0.000 0.000 0.032 0.028 0.024 0.020 0.016 0.012 0.009 0.009 0.010 0.012 0.014 0.017 0.020 0.023 0.026 0.036 0.048 0.059 0.070 0.081 0.092 0.102 0.110 0.110 0.110 0.110 0.000 0.000 0.000 0.000 0.000 0.000 0.000 0.000 0.000 0.000 0.000 0.000 0.000 0.000 0.000 0.000 0.000 0.000 0.000 0.004 0.014 0.021 0.029 0.036 0.043 0.051 0.058 0.065 0.072 0.080 0.087 0.094 0.102 0.109 0.116 0.123 0.129 0.137 0.133 0.129 0.125 0.121 0.000 0.000
0.000 0.000 0.000 0.000 0.000 0.000 0.000 0.000 0.037 0.035 0.032 0.028 0.024 0.020 0.017 0.015 0.015 0.017 0.019 0.022 0.025 0.028 0.031 0.044 0.056 0.067 0.079 0.090 0.103 0.106 0.104 0.104 0.104 0.000 0.000 0.000 0.000 0.000 0.000 0.000 0.000 0.000 0.000 0.000 0.000 0.000 0.000 0.000 0.000 0.000 0.000 0.000 0.004 0.000 0.000 0.000 0.000 0.056 0.000 0.000 0.078 0.085 0.092 0.100 0.107 0.114 0.121 0.129 0.136 0.143 0.145 0.141 0.137 0.132 0.128 0.123 0.119
0.000 0.000 0.000 0.000 0.000 0.000 0.000 0.000 0.000 0.000 0.039 0.038 0.036 0.032 0.027 0.024 0.022 0.021 0.022 0.024 0.027 0.030 0.033 0.038 0.051 0.063 0.074 0.085 0.095 0.099 0.098 0.097 0.095 0.000 0.000 0.000 0.000 0.000 0.000 0.000 0.000 0.000 0.000 0.000 0.000 0.000 0.000 0.000 0.000 0.000 0.000 0.002 0.012 0.000 0.000 0.000 0.000 0.000 0.000 0.000 0.000 0.000 0.000 0.000 0.120 0.127 0.135 0.142 0.149 0.157 0.154 0.149 0.144 0.140 0.136 0.131 0.126
0.000 0.000 0.000 0.000 0.000 0.000 0.000 0.000 0.000 0.000 0.000 0.043 0.041 0.039 0.038 0.035 0.031 0.028 0.027 0.027 0.029 0.031 0.034 0.037 0.045 0.058 0.069 0.079 0.089 0.091 0.089 0.087 0.081 0.067 0.057 0.052 0.000 0.000 0.000 0.000 0.000 0.000 0.000 0.000 0.000 0.000 0.000 0.000 0.000 0.000 0.000 0.000 0.000 0.000 0.000 0.000 0.000 0.000 0.000 0.000 0.000 0.000 0.000 0.000 0.000 0.000 0.000 0.000 0.163 0.165 0.160 0.157 0.152 0.148 0.143 0.139 0.134
0.000 0.000 0.000 0.000 0.000 0.000 0.000 0.000 0.000 0.000 0.000 0.000 0.000 0.044 0.042 0.041 0.039 0.038 0.034 0.032 0.032 0.033 0.035 0.038 0.041 0.051 0.063 0.073 0.082 0.083 0.081 0.077 0.071 0.061 0.052 0.044 0.034 0.027 0.023 0.023 0.000 0.000 0.000 0.000 0.000 0.000 0.000 0.000 0.000 0.000 0.000 0.000 0.000 0.000 0.000 0.000 0.000 0.000 0.000 0.000 0.000 0.000 0.000 0.000 0.000 0.000 0.000 0.000 0.000 0.000 0.000 0.164 0.159 0.155 0.150 0.146 0.142
0.000 0.000 0.000 0.000 0.000 0.000 0.000 0.000 0.000 0.000 0.000 0.000 0.000 0.000 0.000 0.045 0.044 0.042 0.040 0.038 0.037 0.036 0.037 0.038 0.041 0.043 0.055 0.066 0.075 0.074 0.072 0.067 0.061 0.052 0.048 0.043 0.037 0.032 0.028 0.025 0.020 0.016 0.016 0.000 0.000 0.000 0.000 0.000 0.000 0.000 0.000 0.000 0.000 0.000 0.000 0.000 0.000 0.000 0.000 0.000 0.000 0.000 0.000 0.000 0.000 0.000 0.000 0.000 0.000 0.000 0.000 0.000 0.000 0.000 0.000 0.153 0.149
0.000 0.000 0.000 0.000 0.000 0.000 0.000 0.000 0.000 0.000 0.000 0.000 0.000 0.000 0.000 0.000 0.048 0.046 0.042 0.040 0.039 0.039 0.040 0.040 0.041 0.042 0.046 0.058 0.065 0.064 0.061 0.056 0.053 0.050 0.047 0.043 0.038 0.035 0.031 0.028 0.024 0.020 0.018 0.014 0.011 0.009 0.008 0.000 0.000 0.000 0.000 0.000 0.000 0.000 0.000 0.000 0.000 0.000 0.000 0.000 0.000 0.000 0.000 0.000 0.000 0.000 0.000 0.000 0.000 0.000 0.000 0.000 0.000 0.000 0.000 0.000 0.000
0.000 0.000 0.000 0.000 0.000 0.000 0.000 0.000 0.000 0.000 0.000 0.000 0.000 0.000 0.000 0.000 0.000 0.000 0.041 0.040 0.039 0.038 0.039 0.040 0.041 0.043 0.043 0.048 0.053 0.052 0.052 0.052 0.050 0.048 0.046 0.043 0.040 0.037 0.034 0.030 0.027 0.024 0.021 0.018 0.015 0.012 0.011 0.008 0.006 0.004 0.003 0.002 0.001 0.000 0.000 0.000 0.000 0.000 0.000 0.000 0.000 0.000 0.000 0.000 0.000 0.000 0.000 0.000 0.000 0.000 0.000 0.000 0.000 0.000 0.000 0.000 0.000
0.000 0.000 0.000 0.000 0.000 0.000 0.000 0.000 0.000 0.000 0.000 0.000 0.000 0.000 0.000 0.000 0.000 0.000 0.041 0.039 0.038 0.037 0.037 0.037 0.038 0.039 0.039 0.039 0.039 0.045 0.047 0.048 0.048 0.047 0.045 0.043 0.041 0.039 0.036 0.033 0.030 0.027 0.024 0.022 0.019 0.016 0.013 0.010 0.008 0.007 0.005 0.004 0.003 0.002 0.001 0.000 0.000 0.000 0.000 0.000 0.000 0.000 0.000 0.000 0.000 0.000 0.000 0.000 0.000 0.000 0.000 0.000 0.000 0.000 0.000 0.000 0.000
0.000 0.000 0.000 0.000 0.000 0.000 0.000 0.000 0.000 0.000 0.000 0.000 0.000 0.000 0.000 0.000 0.000 0.000 0.040 0.038 0.037 0.036 0.035 0.035 0.035 0.034 0.033 0.027 0.031 0.036 0.042 0.045 0.047 0.046 0.046 0.044 0.043 0.040 0.038 0.036 0.033 0.030 0.028 0.025 0.022 0.020 0.017 0.014 0.011 0.010 0.008 0.007 0.005 0.004 0.003 0.002 0.001 0.000 0.000 0.000 0.000 0.000 0.000 0.000 0.000 0.000 0.000 0.000 0.000 0.000 0.000 0.000 0.000 0.000 0.000 0.000 0.000
0.000 0.000 0.000 0.000 0.000 0.000 0.000 0.000 0.000 0.000 0.000 0.000 0.000 0.000 0.000 0.000 0.000 0.000 0.038 0.037 0.035 0.034 0.033 0.032 0.031 0.030 0.027 0.026 0.030 0.035 0.038 0.041 0.043 0.045 0.045 0.045 0.045 0.043 0.041 0.039 0.036 0.034 0.032 0.029 0.027 0.024 0.021 0.018 0.016 0.014 0.012 0.010 0.009 0.007 0.006 0.005 0.004 0.003 0.002 0.001 0.000 0.000 0.000 0.000 0.000 0.000 0.000 0.000 0.000 0.000 0.000 0.000 0.000 0.000 0.000 0.000 0.000
0.000 0.000 0.000 0.000 0.000 0.000 0.000 0.000 0.000 0.000 0.000 0.000 0.000 0.000 0.000 0.000 0.000 0.033 0.035 0.034 0.034 0.033 0.031 0.030 0.028 0.026 0.024 0.025 0.029 0.033 0.036 0.039 0.041 0.042 0.043 0.043 0.043 0.043 0.042 0.041 0.040 0.039 0.037 0.034 0.032 0.029 0.026 0.024 0.021 0.019 0.017 0.015 0.013 0.012 0.010 0.009 0.007 0.006 0.005 0.004 0.003 0.002 0.001 0.000 0.000 0.002 0.000 0.000 0.000 0.000 0.000 0.000 0.000 0.000 0.000 0.000 0.000
0.000 0.000 0.000 0.000 0.000 0.000 0.000 0.000 0.000 0.000 0.000 0.000 0.000 0.000 0.000 0.000 0.000 0.034 0.034 0.033 0.032 0.031 0.030 0.028 0.026 0.024 0.022 0.024 0.027 0.031 0.034 0.037 0.039 0.040 0.041 0.042 0.042 0.042 0.042 0.041 0.041 0.040 0.039 0.037 0.036 0.034 0.032 0.030 0.028 0.026 0.024 0.021 0.019 0.018 0.016 0.014 0.013 0.012 0.011 0.010 0.009 0.009 0.009 0.010 0.014 0.012 0.006 0.000 0.000 0.000 0.000 0.000 0.000 0.000 0.000 0.000 0.000
0.000 0.000 0.000 0.000 0.000 0.000 0.000 0.000 0.000 0.000 0.000 0.000 0.000 0.000 0.000 0.000 0.000 0.034 0.033 0.032 0.031 0.030 0.029 0.027 0.025 0.022 0.019 0.022 0.025 0.029 0.032 0.034 0.036 0.038 0.039 0.040 0.041 0.042 0.042 0.042 0.042 0.041 0.041 0.040 0.038 0.037 0.036 0.034 0.033 0.032 0.030 0.029 0.027 0.025 0.023 0.022 0.021 0.020 0.019 0.019 0.020 0.020 0.022 0.024 0.027 0.021 0.013 0.002 0.000 0.000 0.000 0.000 0.000 0.000 0.000 0.000 0.000
0.000 0.000 0.000 0.000 0.000 0.000 0.000 0.000 0.000 0.000 0.000 0.000 0.000 0.000 0.000 0.000 0.000 0.033 0.032 0.031 0.030 0.029 0.028 0.026 0.023 0.020 0.018 0.020 0.023 0.026 0.029 0.032 0.034 0.036 0.038 0.040 0.041 0.042 0.043 0.044 0.044 0.043 0.043 0.042 0.041 0.040 0.039 0.038 0.037 0.035 0.034 0.033 0.032 0.031 0.031 0.031 0.031 0.030 0.031 0.031 0.032 0.033 0.035 0.037 0.035 0.027 0.015 0.002 0.000 0.000 0.000 0.000 0.000 0.000 0.000 0.000 0.000
0.000 0.000 0.000 0.000 0.000 0.000 0.000 0.000 0.000 0.000 0.000 0.000 0.000 0.000 0.000 0.000 0.029 0.031 0.031 0.030 0.029 0.028 0.027 0.024 0.022 0.018 0.017 0.019 0.022 0.025 0.028 0.030 0.033 0.035 0.038 0.040 0.042 0.044 0.046 0.046 0.046 0.046 0.046 0.045 0.044 0.043 0.042 0.041 0.040 0.039 0.038 0.037 0.037 0.036 0.036 0.037 0.038 0.039 0.041 0.043 0.045 0.047 0.048 0.050 0.039 0.027 0.014 0.009 0.006 0.003 0.000 0.000 0.000 0.000 0.000 0.000 0.000
0.000 0.000 0.000 0.000 0.000 0.000 0.000 0.000 0.000 0.000 0.000 0.000 0.000 0.000 0.000 0.000 0.034 0.032 0.030 0.029 0.028 0.027 0.025 0.023 0.020 0.016 0.017 0.019 0.021 0.024 0.027 0.030 0.032 0.035 0.039 0.042 0.046 0.048 0.050 0.050 0.050 0.050 0.049 0.049 0.048 0.047 0.046 0.045 0.044 0.043 0.042 0.042 0.041 0.042 0.042 0.043 0.044 0.046 0.049 0.051 0.054 0.056 0.058 0.057 0.062 0.055 0.046 0.037 0.029 0.022 0.016 0.011 0.008 0.005 0.002 0.000 0.000
0.000 0.000 0.000 0.000 0.000 0.000 0.000 0.000 0.000 0.000 0.000 0.000 0.000 0.000 0.000 0.000 0.039 0.038 0.035 0.033 0.029 0.026 0.024 0.021 0.018 0.015 0.016 0.018 0.020 0.023 0.026 0.029 0.033 0.037 0.041 0.046 0.051 0.055 0.055 0.054 0.054 0.054 0.054 0.053 0.052 0.051 0.050 0.049 0.048 0.047 0.047 0.047 0.047 0.047 0.048 0.050 0.052 0.054 0.057 0.060 0.062 0.060 0.056 0.052 0.055 0.059 0.062 0.064 0.065 0.056 0.046 0.037 0.029 0.022 0.016 0.011 0.007
0.115 0.112 0.109 0.000 0.000 0.000 0.000 0.000 0.000 0.000 0.000 0.000 0.000 0.000 0.000 0.047 0.045 0.043 0.041 0.038 0.035 0.031 0.027 0.023 0.017 0.014 0.016 0.017 0.020 0.023 0.026 0.030 0.035 0.040 0.046 0.053 0.058 0.063 0.062 0.058 0.058 0.059 0.059 0.057 0.056 0.055 0.054 0.053 0.053 0.052 0.052 0.052 0.052 0.053 0.055 0.057 0.059 0.062 0.065 0.064 0.061 0.057 0.053 0.047 0.050 0.052 0.055 0.057 0.060 0.063 0.065 0.067 0.065 0.055 0.045 0.036 0.028
0.119 0.116 0.113 0.108 0.104 0.101 0.000 0.000 0.000 0.000 0.000 0.000 0.000 0.000 0.000 0.052 0.052 0.049 0.047 0.044 0.041 0.037 0.032 0.027 0.020 0.018 0.016 0.017 0.019 0.023 0.027 0.033 0.039 0.046 0.053 0.060 0.067 0.073 0.000 0.059 0.064 0.065 0.064 0.060 0.060 0.059 0.058 0.057 0.057 0.057 0.057 0.057 0.058 0.060 0.062 0.064 0.067 0.068 0.065 0.062 0.059 0.055 0.050 0.044 0.045 0.046 0.048 0.050 0.053 0.055 0.058 0.060 0.063 0.065 0.067 0.069 0.063
0.123 0.120 0.117 0.112 0.108 0.105 0.099 0.095 0.092 0.089 0.000 0.000 0.000 0.000 0.000 0.058 0.056 0.055 0.052 0.050 0.046 0.042 0.037 0.031 0.024 0.022 0.020 0.018 0.020 0.025 0.031 0.037 0.045 0.053 0.060 0.068 0.076 0.000 0.000 0.000 0.000 0.000 0.000 0.061 0.065 0.065 0.062 0.062 0.063 0.063 0.062 0.063 0.064 0.067 0.069 0.071 0.068 0.065 0.062 0.059 0.056 0.052 0.048 0.042 0.041 0.041 0.043 0.044 0.046 0.048 0.050 0.053 0.055 0.057 0.059 0.062 0.064
0.000 0.000 0.000 0.115 0.112 0.109 0.103 0.100 0.096 0.092 0.086 0.081 0.078 0.000 0.000 0.064 0.063 0.061 0.059 0.056 0.052 0.048 0.042 0.035 0.029 0.026 0.024 0.021 0.023 0.029 0.036 0.044 0.052 0.060 0.068 0.000 0.000 0.000 0.000 0.000 0.000 0.000 0.000 0.000 0.000 0.000 0.063 0.067 0.069 0.069 0.067 0.068 0.071 0.074 0.070 0.067 0.064 0.061 0.059 0.056 0.053 0.049 0.045 0.039 0.037 0.037 0.038 0.039 0.040 0.042 0.043 0.045 0.048 0.050 0.052 0.054 0.056
0.000 0.000 0.000 0.000 0.000 0.000 0.107 0.104 0.101 0.096 0.090 0.085 0.080 0.071 0.068 0.069 0.067 0.067 0.066 0.063 0.058 0.053 0.046 0.038 0.034 0.031 0.028 0.025 0.027 0.034 0.042 0.050 0.059 0.068 0.000 0.000 0.000 0.000 0.000 0.000 0.000 0.000 0.000 0.000 0.000 0.000 0.000 0.000 0.000 0.000 0.069 0.075 0.074 0.070 0.066 0.063 0.060 0.057 0.055 0.052 0.049 0.046 0.042 0.036 0.033 0.033 0.033 0.033 0.034 0.035 0.037 0.038 0.040 0.042 0.044 0.046 0.048
0.000 0.000 0.000 0.000 0.000 0.000 0.000 0.000 0.000 0.000 0.092 0.089 0.084 0.076 0.074 0.073 0.074 0.075 0.076 0.071 0.065 0.058 0.050 0.041 0.038 0.035 0.032 0.029 0.033 0.040 0.048 0.057 0.066 0.000 0.000 0.000 0.000 0.000 0.000 0.000 0.000 0.000 0.000 0.000 0.000 0.000 0.000 0.000 0.000 0.000 0.000 0.000 0.000 0.000 0.059 0.058 0.056 0.053 0.051 0.048 0.045 0.042 0.038 0.033 0.029 0.028 0.028 0.028 0.029 0.029 0.030 0.032 0.033 0.035 0.037 0.039 0.040
0.000 0.000 0.000 0.000 0.000 0.000 0.000 0.000 0.000 0.000 0.000 0.000 0.000 0.000 0.080 0.079 0.081 0.085 0.092 0.081 0.072 0.063 0.053 0.045 0.042 0.039 0.035 0.033 0.039 0.046 0.054 0.063 0.000 0.000 0.000 0.000 0.000 0.000 0.000 0.000 0.000 0.000 0.000 0.000 0.000 0.000 0.000 0.000 0.000 0.000 0.000 0.000 0.000 0.000 0.000 0.000 0.000 0.046 0.046 0.044 0.042 0.037 0.034 0.029 0.025 0.024 0.023 0.023 0.023 0.024 0.024 0.025 0.026 0.028 0.029 0.031 0.033
0.000 0.000 0.000 0.000 0.000 0.000 0.000 0.000 0.000 0.000 0.000 0.000 0.000 0.000 0.000 0.083 0.086 0.097 0.121 0.093 0.077 0.065 0.055 0.048 0.045 0.041 0.038 0.038 0.045 0.053 0.061 0.069 0.000 0.000 0.000 0.000 0.000 0.000 0.000 0.000 0.000 0.000 0.000 0.000 0.000 0.000 0.000 0.000 0.000 0.000 0.000 0.000 0.000 0.000 0.000 0.000 0.000 0.000 0.000 0.000 0.000 0.030 0.029 0.025 0.019 0.018 0.018 0.018 0.018 0.018 0.018 0.019 0.020 0.021 0.022 0.024 0.025
0.000 0.000 0.000 0.000 0.000 0.000 0.000 0.000 0.000 0.000 0.000 0.000 0.000 0.000 0.080 0.082 0.085 0.089 0.097 0.085 0.074 0.064 0.054 0.049 0.046 0.043 0.041 0.044 0.051 0.059 0.068 0.076 0.000 0.000 0.000 0.000 0.000 0.000 0.000 0.000 0.000 0.000 0.000 0.000 0.000 0.000 0.000 0.000 0.000 0.000 0.000 0.000 0.000 0.000 0.000 0.000 0.000 0.000 0.000 0.000 0.000 0.000 0.000 0.000 0.008 0.010 0.011 0.011 0.011 0.011 0.012 0.012 0.013 0.014 0.015 0.016 0.018
0.000 0.000 0.000 0.000 0.000 0.000 0.000 0.000 0.000 0.000 0.000 0.000 0.000 0.000 0.081 0.081 0.082 0.084 0.084 0.078 0.070 0.061 0.053 0.050 0.047 0.044 0.044 0.050 0.057 0.066 0.074 0.083 0.000 0.000 0.000 0.000 0.000 0.000 0.000 0.000 0.000 0.000 0.000 0.000 0.000 0.000 0.000 0.000 0.000 0.000 0.000 0.000 0.000 0.000 0.000 0.000 0.000 0.000 0.000 0.000 0.000 0.000 0.000 0.000 0.000 0.000 0.000 0.000 0.002 0.003 0.004 0.005 0.005 0.006 0.007 0.009 0.010
0.000 0.000 0.000 0.000 0.000 0.000 0.000 0.000 0.000 0.000 0.000 0.000 0.000 0.000 0.080 0.079 0.079 0.079 0.077 0.072 0.066 0.058 0.052 0.050 0.047 0.046 0.049 0.056 0.064 0.072 0.080 0.000 0.000 0.000 0.000 0.000 0.000 0.000 0.000 0.000 0.000 0.000 0.000 0.000 0.000 0.000 0.000 0.000 0.000 0.000 0.000 0.000 0.000 0.000 0.000 0.000 0.000 0.000 0.000 0.000 0.000 0.000 0.000 0.000 0.000 0.000 0.000 0.000 0.000 0.000 0.000 0.000 0.000 0.000 0.000 0.000 0.001
0.000 0.000 0.000 0.000 0.000 0.000 0.000 0.000 0.000 0.000 0.000 0.000 0.000 0.000 0.077 0.076 0.075 0.074 0.071 0.067 0.062 0.054 0.051 0.049 0.047 0.049 0.055 0.062 0.070 0.078 0.087 0.000 0.000 0.000 0.000 0.000 0.000 0.000 0.000 0.000 0.000 0.000 0.000 0.000 0.000 0.000 0.000 0.000 0.000 0.000 0.000 0.000 0.000 0.000 0.000 0.000 0.000 0.000 0.000 0.000 0.000 0.000 0.000 0.000 0.000 0.000 0.000 0.000 0.000 0.000 0.000 0.000 0.000 0.000 0.000 0.000 0.000
0.000 0.000 0.000 0.000 0.000 0.000 0.000 0.000 0.000 0.000 0.000 0.000 0.000 0.068 0.072 0.072 0.072 0.070 0.067 0.063 0.058 0.050 0.049 0.048 0.048 0.053 0.060 0.068 0.076 0.085 0.094 0.000 0.000 0.000 0.000 0.000 0.000 0.000 0.000 0.000 0.000 0.000 0.000 0.000 0.000 0.000 0.000 0.000 0.000 0.000 0.000 0.000 0.000 0.000 0.000 0.000 0.000 0.000 0.000 0.000 0.000 0.000 0.000 0.000 0.000 0.000 0.000 0.000 0.000 0.000 0.000 0.000 0.000 0.000 0.000 0.000 0.000
0.000 0.000 0.000 0.000 0.000 0.000 0.000 0.000 0.000 0.000 0.000 0.000 0.000 0.069 0.069 0.069 0.068 0.066 0.063 0.059 0.053 0.048 0.048 0.048 0.051 0.058 0.066 0.074 0.082 0.090 0.000 0.000 0.000 0.000 0.000 0.000 0.000 0.000 0.000 0.000 0.000 0.000 0.000 0.000 0.000 0.000 0.000 0.000 0.000 0.000 0.000 0.000 0.000 0.000 0.000 0.000 0.000 0.000 0.000 0.000 0.000 0.000 0.000 0.000 0.000 0.000 0.000 0.000 0.000 0.000 0.000 0.000 0.000 0.000 0.000 0.000 0.000
