数据/LID_analysis/LID_maxfile/LID_BC2_50y.txt
ncols         694
nrows         824
xllcorner     581104.93980083
yllcorner     3495917.0924138
cellsize      2
NODATA_value  -9999
[rows 306 to 339 of 824, columns 462 to 538 of 694]
0.115 0.111 0.107 0.105 0.103 0.103 0.103 0.104 0.098 0.090 0.083 0.074 0.066 0.058 0.050 0.041 0.032 0.024 0.018 0.013 0.009 0.008 0.013 0.021 0.027 0.033 0.037 0.041 0.042 0.042 0.040 0.037 0.034 0.029 0.025 0.020 0.016 0.013 0.014 0.000 0.000 0.000 0.000 0.000 0.000 0.000 0.000 0.000 0.000 0.000 0.000 0.000 0.000 0.000 0.028 0.028 0.029 0.033 0.000 0.002 0.002 0.002 0.002 0.002 0.003 0.019 0.000 0.000 0.000 0.000 0.007 0.018 0.029 0.042 0.053 0.053 0.049
0.151 0.126 0.116 0.111 0.110 0.110 0.110 0.110 0.111 0.108 0.099 0.091 0.083 0.074 0.065 0.055 0.044 0.036 0.029 0.022 0.017 0.014 0.016 0.021 0.027 0.032 0.036 0.039 0.040 0.041 0.039 0.037 0.034 0.030 0.026 0.022 0.020 0.021 0.030 0.000 0.000 0.000 0.000 0.000 0.000 0.000 0.000 0.000 0.000 0.000 0.000 0.000 0.000 0.000 0.000 0.000 0.000 0.027 0.026 0.020 0.017 0.015 0.014 0.013 0.019 0.000 0.000 0.000 0.000 0.000 0.023 0.036 0.047 0.049 0.046 0.044 0.042
0.126 0.121 0.118 0.116 0.116 0.117 0.117 0.118 0.119 0.119 0.117 0.109 0.100 0.090 0.080 0.069 0.057 0.048 0.040 0.032 0.026 0.022 0.020 0.022 0.027 0.031 0.035 0.038 0.039 0.039 0.038 0.037 0.034 0.031 0.027 0.024 0.022 0.023 0.000 0.000 0.000 0.000 0.000 0.000 0.000 0.000 0.000 0.000 0.000 0.000 0.000 0.000 0.000 0.000 0.000 0.000 0.000 0.000 0.000 0.015 0.018 0.019 0.016 0.016 0.024 0.000 0.000 0.000 0.000 0.030 0.042 0.046 0.043 0.041 0.038 0.036 0.035
0.118 0.120 0.121 0.122 0.123 0.125 0.126 0.126 0.126 0.126 0.126 0.127 0.117 0.107 0.095 0.082 0.071 0.061 0.051 0.043 0.035 0.030 0.026 0.026 0.028 0.031 0.034 0.037 0.038 0.038 0.038 0.036 0.034 0.031 0.028 0.026 0.023 0.021 0.013 0.008 0.006 0.000 0.000 0.000 0.000 0.000 0.000 0.000 0.000 0.000 0.000 0.000 0.000 0.000 0.000 0.000 0.000 0.000 0.000 0.000 0.000 0.000 0.012 0.017 0.021 0.027 0.000 0.000 0.000 0.042 0.041 0.039 0.036 0.034 0.032 0.031 0.030
0.118 0.122 0.126 0.129 0.131 0.134 0.135 0.136 0.136 0.133 0.134 0.135 0.134 0.124 0.109 0.095 0.083 0.072 0.062 0.052 0.044 0.038 0.033 0.031 0.031 0.032 0.034 0.036 0.037 0.038 0.037 0.036 0.034 0.032 0.029 0.027 0.024 0.021 0.016 0.012 0.008 0.005 0.004 0.000 0.000 0.000 0.000 0.000 0.000 0.000 0.000 0.000 0.000 0.000 0.000 0.000 0.000 0.000 0.000 0.000 0.000 0.000 0.000 0.000 0.018 0.028 0.036 0.051 0.052 0.043 0.038 0.035 0.032 0.030 0.028 0.027 0.028
0.123 0.128 0.133 0.137 0.141 0.143 0.145 0.146 0.145 0.138 0.143 0.144 0.142 0.137 0.121 0.106 0.093 0.081 0.070 0.061 0.052 0.045 0.040 0.037 0.035 0.035 0.036 0.037 0.037 0.038 0.038 0.037 0.035 0.033 0.031 0.028 0.025 0.022 0.018 0.014 0.011 0.008 0.006 0.003 0.002 0.003 0.000 0.000 0.000 0.000 0.000 0.000 0.000 0.000 0.000 0.000 0.000 0.000 0.000 0.000 0.000 0.000 0.000 0.000 0.000 0.000 0.000 0.036 0.038 0.037 0.034 0.031 0.028 0.026 0.025 0.024 0.021
0.132 0.137 0.143 0.148 0.151 0.154 0.157 0.158 0.157 0.155 0.156 0.155 0.144 0.127 0.121 0.113 0.099 0.087 0.077 0.068 0.060 0.053 0.048 0.044 0.042 0.041 0.041 0.041 0.041 0.041 0.040 0.039 0.038 0.036 0.034 0.031 0.028 0.025 0.021 0.018 0.014 0.011 0.008 0.006 0.003 0.003 0.002 0.003 0.000 0.000 0.000 0.000 0.000 0.009 0.000 0.000 0.000 0.000 0.000 0.000 0.000 0.000 0.000 0.000 0.000 0.000 0.041 0.038 0.036 0.034 0.031 0.029 0.026 0.023 0.022 0.023 0.000
0.142 0.147 0.153 0.158 0.162 0.166 0.168 0.163 0.155 0.145 0.135 0.123 0.108 0.087 0.102 0.115 0.104 0.093 0.084 0.075 0.068 0.062 0.058 0.055 0.053 0.052 0.051 0.051 0.050 0.050 0.049 0.047 0.045 0.043 0.040 0.037 0.034 0.031 0.027 0.024 0.020 0.016 0.013 0.010 0.006 0.003 0.003 0.004 0.003 0.003 0.003 0.004 0.010 0.020 0.036 0.057 0.083 0.000 0.000 0.000 0.000 0.000 0.000 0.000 0.000 0.000 0.037 0.036 0.034 0.032 0.029 0.026 0.023 0.021 0.020 0.017 0.000
0.152 0.159 0.160 0.155 0.151 0.145 0.138 0.132 0.124 0.113 0.103 0.091 0.071 0.071 0.070 0.106 0.108 0.100 0.092 0.086 0.081 0.076 0.073 0.071 0.070 0.068 0.068 0.067 0.066 0.065 0.063 0.061 0.058 0.055 0.052 0.048 0.045 0.042 0.038 0.034 0.030 0.027 0.023 0.019 0.015 0.011 0.009 0.009 0.010 0.013 0.016 0.021 0.028 0.037 0.051 0.069 0.092 0.115 0.141 0.000 0.000 0.000 0.000 0.000 0.000 0.048 0.043 0.038 0.034 0.030 0.027 0.024 0.021 0.019 0.020 0.000 0.000
0.132 0.130 0.126 0.122 0.118 0.112 0.106 0.099 0.091 0.083 0.073 0.058 0.047 0.056 0.064 0.092 0.114 0.108 0.103 0.100 0.097 0.095 0.093 0.093 0.092 0.091 0.090 0.089 0.087 0.085 0.082 0.079 0.076 0.072 0.068 0.065 0.061 0.057 0.053 0.050 0.046 0.043 0.039 0.036 0.032 0.028 0.021 0.022 0.025 0.029 0.034 0.039 0.046 0.055 0.067 0.083 0.104 0.126 0.140 0.142 0.146 0.152 0.000 0.000 0.000 0.043 0.042 0.038 0.033 0.028 0.024 0.021 0.018 0.017 0.014 0.000 0.000
0.098 0.095 0.092 0.089 0.084 0.080 0.074 0.068 0.061 0.053 0.043 0.027 0.034 0.042 0.053 0.078 0.114 0.121 0.119 0.117 0.117 0.117 0.118 0.118 0.117 0.117 0.116 0.114 0.112 0.110 0.106 0.102 0.098 0.093 0.088 0.084 0.080 0.076 0.072 0.069 0.066 0.063 0.060 0.057 0.054 0.050 0.045 0.038 0.042 0.046 0.051 0.057 0.064 0.072 0.084 0.099 0.109 0.112 0.115 0.117 0.120 0.122 0.121 0.127 0.000 0.049 0.045 0.038 0.032 0.026 0.021 0.018 0.015 0.016 0.000 0.000 0.000
0.065 0.062 0.059 0.056 0.052 0.047 0.043 0.038 0.032 0.025 0.015 0.016 0.022 0.030 0.042 0.066 0.104 0.138 0.139 0.140 0.141 0.143 0.144 0.145 0.145 0.144 0.143 0.141 0.139 0.136 0.132 0.127 0.122 0.117 0.112 0.107 0.103 0.098 0.094 0.091 0.088 0.086 0.083 0.081 0.079 0.075 0.071 0.064 0.060 0.065 0.069 0.075 0.081 0.090 0.096 0.092 0.090 0.090 0.092 0.093 0.092 0.084 0.092 0.095 0.084 0.063 0.049 0.038 0.030 0.023 0.017 0.014 0.012 0.010 0.000 0.000 0.000
0.032 0.030 0.027 0.024 0.021 0.017 0.014 0.011 0.008 0.005 0.003 0.008 0.013 0.020 0.032 0.057 0.098 0.148 0.162 0.165 0.168 0.170 0.172 0.173 0.173 0.172 0.171 0.169 0.167 0.163 0.158 0.153 0.147 0.142 0.137 0.132 0.128 0.123 0.119 0.116 0.113 0.111 0.109 0.106 0.104 0.101 0.098 0.092 0.082 0.083 0.087 0.092 0.096 0.088 0.081 0.075 0.071 0.069 0.069 0.068 0.067 0.064 0.066 0.066 0.060 0.051 0.041 0.032 0.024 0.018 0.013 0.010 0.009 0.000 0.000 0.000 0.000
0.000 0.000 0.000 0.000 0.000 0.000 0.000 0.000 0.000 0.000 0.001 0.004 0.007 0.013 0.023 0.049 0.096 0.148 0.189 0.192 0.196 0.199 0.202 0.202 0.202 0.201 0.200 0.198 0.195 0.191 0.185 0.178 0.173 0.168 0.164 0.158 0.153 0.149 0.146 0.143 0.140 0.138 0.137 0.135 0.132 0.129 0.126 0.120 0.112 0.101 0.104 0.092 0.082 0.073 0.065 0.058 0.053 0.048 0.046 0.043 0.041 0.039 0.038 0.037 0.034 0.029 0.024 0.019 0.015 0.010 0.007 0.005 0.004 0.014 0.000 0.000 0.000
0.000 0.000 0.000 0.000 0.000 0.000 0.000 0.000 0.000 0.000 0.000 0.002 0.004 0.008 0.017 0.045 0.097 0.150 0.204 0.221 0.225 0.229 0.232 0.232 0.231 0.231 0.229 0.227 0.224 0.220 0.213 0.202 0.198 0.195 0.190 0.184 0.179 0.175 0.172 0.170 0.168 0.167 0.165 0.163 0.162 0.159 0.156 0.151 0.137 0.112 0.109 0.099 0.087 0.077 0.067 0.059 0.051 0.045 0.040 0.035 0.031 0.028 0.025 0.021 0.017 0.013 0.009 0.007 0.004 0.003 0.002 0.001 0.000 0.000 0.000 0.000 0.000
0.000 0.000 0.000 0.000 0.000 0.000 0.000 0.000 0.000 0.000 0.000 0.000 0.002 0.004 0.013 0.046 0.100 0.000 0.206 0.250 0.255 0.259 0.264 0.000 0.000 0.000 0.000 0.000 0.000 0.000 0.000 0.224 0.225 0.223 0.218 0.208 0.205 0.202 0.199 0.197 0.196 0.195 0.194 0.192 0.191 0.182 0.167 0.150 0.131 0.107 0.105 0.107 0.110 0.100 0.089 0.080 0.072 0.064 0.057 0.051 0.045 0.040 0.035 0.030 0.025 0.020 0.016 0.012 0.009 0.007 0.005 0.003 0.002 0.001 0.000 0.000 0.000
0.000 0.000 0.000 0.000 0.000 0.000 0.000 0.000 0.000 0.000 0.000 0.000 0.000 0.006 0.000 0.000 0.102 0.000 0.000 0.267 0.000 0.000 0.000 0.000 0.000 0.000 0.000 0.000 0.000 0.000 0.000 0.000 0.000 0.000 0.000 0.230 0.232 0.230 0.225 0.225 0.225 0.224 0.215 0.202 0.189 0.174 0.160 0.144 0.125 0.101 0.100 0.101 0.103 0.107 0.109 0.099 0.090 0.082 0.074 0.067 0.060 0.053 0.047 0.041 0.035 0.030 0.025 0.020 0.016 0.012 0.009 0.007 0.005 0.003 0.002 0.001 0.000
0.000 0.000 0.000 0.000 0.000 0.000 0.000 0.000 0.000 0.000 0.000 0.000 0.000 0.000 0.000 0.000 0.000 0.000 0.000 0.000 0.000 0.000 0.000 0.000 0.000 0.000 0.000 0.000 0.000 0.000 0.000 0.000 0.000 0.000 0.000 0.000 0.000 0.000 0.250 0.245 0.233 0.221 0.206 0.194 0.181 0.167 0.152 0.136 0.117 0.095 0.094 0.094 0.095 0.098 0.103 0.109 0.107 0.099 0.091 0.083 0.075 0.068 0.061 0.054 0.047 0.041 0.035 0.029 0.024 0.020 0.016 0.012 0.009 0.007 0.005 0.004 0.003
0.000 0.000 0.000 0.000 0.000 0.000 0.000 0.000 0.000 0.000 0.000 0.000 0.000 0.000 0.000 0.000 0.000 0.000 0.000 0.000 0.000 0.000 0.000 0.000 0.000 0.000 0.000 0.000 0.000 0.000 0.000 0.000 0.000 0.000 0.000 0.000 0.000 0.000 0.000 0.000 0.000 0.000 0.195 0.185 0.173 0.157 0.143 0.128 0.107 0.088 0.087 0.086 0.087 0.089 0.093 0.098 0.104 0.111 0.107 0.098 0.090 0.082 0.075 0.067 0.060 0.053 0.046 0.040 0.034 0.029 0.024 0.020 0.016 0.013 0.010 0.008 0.006
0.000 0.000 0.000 0.000 0.000 0.000 0.000 0.000 0.000 0.000 0.000 0.000 0.000 0.000 0.000 0.000 0.000 0.000 0.000 0.000 0.000 0.000 0.000 0.000 0.000 0.000 0.000 0.000 0.000 0.000 0.000 0.000 0.000 0.000 0.000 0.000 0.000 0.000 0.000 0.000 0.000 0.000 0.000 0.000 0.000 0.145 0.135 0.119 0.096 0.079 0.077 0.077 0.077 0.080 0.083 0.087 0.093 0.099 0.106 0.113 0.105 0.097 0.089 0.081 0.073 0.066 0.059 0.052 0.046 0.040 0.035 0.031 0.027 0.023 0.019 0.016 0.013
0.000 0.000 0.000 0.000 0.000 0.000 0.000 0.000 0.000 0.000 0.000 0.000 0.000 0.000 0.000 0.000 0.000 0.000 0.000 0.000 0.000 0.000 0.000 0.000 0.000 0.000 0.000 0.000 0.000 0.000 0.000 0.000 0.000 0.000 0.000 0.000 0.000 0.000 0.000 0.000 0.000 0.000 0.000 0.000 0.000 0.000 0.000 0.000 0.076 0.068 0.065 0.066 0.068 0.070 0.073 0.076 0.082 0.088 0.094 0.100 0.107 0.111 0.103 0.094 0.087 0.079 0.072 0.065 0.059 0.054 0.049 0.045 0.042 0.038 0.033 0.029 0.025
0.000 0.000 0.000 0.000 0.000 0.000 0.000 0.000 0.000 0.000 0.000 0.000 0.000 0.000 0.000 0.000 0.000 0.000 0.000 0.000 0.000 0.000 0.000 0.000 0.000 0.000 0.000 0.000 0.000 0.000 0.000 0.000 0.000 0.000 0.000 0.000 0.000 0.000 0.000 0.000 0.000 0.000 0.000 0.000 0.000 0.000 0.000 0.000 0.000 0.000 0.046 0.054 0.059 0.062 0.061 0.065 0.071 0.077 0.082 0.087 0.093 0.100 0.107 0.108 0.100 0.093 0.086 0.080 0.075 0.071 0.067 0.064 0.060 0.056 0.051 0.046 0.040
0.000 0.000 0.000 0.000 0.000 0.000 0.000 0.000 0.000 0.000 0.000 0.000 0.000 0.000 0.000 0.000 0.000 0.000 0.000 0.000 0.000 0.000 0.000 0.000 0.000 0.000 0.000 0.000 0.000 0.000 0.000 0.000 0.000 0.000 0.000 0.000 0.000 0.000 0.000 0.000 0.000 0.000 0.000 0.000 0.000 0.000 0.000 0.000 0.000 0.000 0.000 0.000 0.000 0.000 0.045 0.055 0.063 0.069 0.069 0.074 0.079 0.086 0.093 0.101 0.108 0.108 0.102 0.097 0.094 0.091 0.088 0.085 0.081 0.077 0.071 0.065 0.058
0.000 0.000 0.000 0.000 0.000 0.000 0.000 0.000 0.000 0.000 0.000 0.000 0.000 0.000 0.000 0.000 0.000 0.000 0.000 0.000 0.000 0.000 0.000 0.000 0.000 0.000 0.000 0.000 0.000 0.000 0.000 0.000 0.000 0.000 0.000 0.000 0.000 0.000 0.000 0.000 0.000 0.000 0.000 0.000 0.000 0.000 0.000 0.000 0.000 0.000 0.000 0.000 0.000 0.000 0.000 0.000 0.000 0.000 0.052 0.058 0.064 0.072 0.079 0.087 0.095 0.105 0.116 0.116 0.115 0.114 0.112 0.109 0.105 0.099 0.092 0.083 0.075
0.000 0.000 0.000 0.000 0.000 0.000 0.000 0.000 0.000 0.000 0.000 0.000 0.000 0.000 0.000 0.000 0.000 0.000 0.000 0.000 0.000 0.000 0.000 0.000 0.000 0.000 0.000 0.000 0.000 0.000 0.000 0.000 0.000 0.000 0.000 0.000 0.000 0.000 0.000 0.000 0.000 0.000 0.000 0.000 0.000 0.000 0.000 0.000 0.000 0.000 0.000 0.000 0.000 0.000 0.000 0.000 0.000 0.000 0.000 0.039 0.049 0.057 0.065 0.073 0.082 0.092 0.105 0.122 0.138 0.139 0.137 0.134 0.129 0.122 0.111 0.101 0.091
0.000 0.000 0.000 0.000 0.000 0.000 0.000 0.000 0.000 0.000 0.000 0.000 0.000 0.000 0.000 0.000 0.000 0.000 0.000 0.000 0.000 0.000 0.000 0.000 0.000 0.000 0.000 0.000 0.000 0.000 0.000 0.000 0.000 0.000 0.000 0.000 0.000 0.000 0.000 0.000 0.000 0.000 0.000 0.000 0.000 0.000 0.000 0.000 0.000 0.000 0.000 0.000 0.000 0.000 0.000 0.000 0.000 0.000 0.000 0.025 0.035 0.043 0.051 0.060 0.069 0.081 0.096 0.114 0.135 0.155 0.163 0.160 0.155 0.146 0.128 0.117 0.105
0.000 0.000 0.000 0.000 0.000 0.000 0.000 0.000 0.000 0.000 0.000 0.000 0.000 0.000 0.000 0.000 0.000 0.000 0.000 0.000 0.000 0.000 0.000 0.000 0.000 0.000 0.000 0.000 0.000 0.000 0.000 0.000 0.000 0.000 0.000 0.000 0.000 0.000 0.000 0.000 0.000 0.000 0.000 0.000 0.000 0.000 0.000 0.000 0.000 0.000 0.000 0.000 0.000 0.000 0.000 0.000 0.000 0.000 0.000 0.014 0.022 0.030 0.038 0.046 0.056 0.070 0.087 0.108 0.131 0.154 0.000 0.000 0.000 0.000 0.136 0.134 0.115
0.000 0.000 0.000 0.000 0.000 0.000 0.000 0.000 0.000 0.000 0.000 0.000 0.000 0.000 0.000 0.000 0.000 0.000 0.000 0.000 0.000 0.000 0.000 0.000 0.000 0.000 0.000 0.000 0.000 0.000 0.000 0.000 0.000 0.000 0.000 0.000 0.000 0.000 0.000 0.000 0.000 0.000 0.000 0.000 0.000 0.000 0.000 0.000 0.000 0.000 0.000 0.000 0.000 0.000 0.000 0.000 0.000 0.000 0.000 0.005 0.011 0.018 0.025 0.034 0.044 0.059 0.079 0.104 0.129 0.000 0.000 0.000 0.000 0.000 0.000 0.000 0.116
0.000 0.000 0.000 0.000 0.000 0.000 0.000 0.000 0.000 0.000 0.000 0.000 0.000 0.000 0.000 0.000 0.000 0.000 0.000 0.000 0.000 0.000 0.000 0.000 0.000 0.000 0.000 0.000 0.000 0.000 0.000 0.000 0.000 0.000 0.000 0.000 0.000 0.000 0.000 0.000 0.000 0.000 0.000 0.000 0.000 0.000 0.000 0.000 0.000 0.000 0.000 0.000 0.000 0.000 0.000 0.000 0.000 0.000 0.000 0.000 0.002 0.007 0.013 0.021 0.033 0.050 0.073 0.100 0.000 0.000 0.000 0.000 0.000 0.000 0.000 0.000 0.000
0.000 0.000 0.000 0.000 0.000 0.000 0.000 0.000 0.000 0.000 0.000 0.000 0.000 0.000 0.000 0.000 0.000 0.000 0.000 0.000 0.000 0.000 0.000 0.000 0.000 0.000 0.000 0.000 0.000 0.000 0.000 0.000 0.000 0.000 0.000 0.000 0.000 0.000 0.000 0.000 0.000 0.000 0.000 0.000 0.000 0.000 0.000 0.000 0.000 0.000 0.000 0.000 0.000 0.000 0.000 0.000 0.000 0.000 0.000 0.000 0.000 0.000 0.004 0.011 0.022 0.041 0.067 0.095 0.000 0.000 0.000 0.000 0.000 0.000 0.000 0.000 0.000
0.000 0.000 0.000 0.000 0.000 0.000 0.000 0.000 0.000 0.000 0.000 0.000 0.000 0.000 0.000 0.000 0.000 0.000 0.000 0.000 0.000 0.000 0.000 0.000 0.000 0.000 0.000 0.000 0.000 0.000 0.000 0.000 0.000 0.000 0.000 0.000 0.000 0.000 0.000 0.000 0.000 0.000 0.000 0.000 0.000 0.000 0.000 0.000 0.000 0.000 0.000 0.000 0.000 0.000 0.000 0.000 0.000 0.000 0.000 0.000 0.000 0.000 0.000 0.003 0.012 0.032 0.060 0.000 0.000 0.000 0.000 0.000 0.000 0.000 0.000 0.000 0.000
0.000 0.000 0.000 0.000 0.000 0.000 0.000 0.000 0.000 0.000 0.000 0.000 0.000 0.000 0.000 0.000 0.000 0.000 0.000 0.000 0.000 0.000 0.000 0.000 0.000 0.000 0.000 0.000 0.000 0.000 0.000 0.000 0.000 0.000 0.000 0.000 0.000 0.000 0.000 0.000 0.000 0.000 0.000 0.000 0.000 0.000 0.000 0.000 0.000 0.000 0.000 0.000 0.000 0.000 0.000 0.000 0.000 0.000 0.000 0.000 0.000 0.000 0.000 0.002 0.008 0.034 0.070 0.000 0.000 0.000 0.000 0.000 0.000 0.000 0.000 0.000 0.000
0.000 0.000 0.000 0.000 0.000 0.000 0.000 0.000 0.000 0.000 0.000 0.000 0.000 0.000 0.000 0.000 0.000 0.000 0.000 0.000 0.000 0.000 0.000 0.000 0.000 0.000 0.000 0.000 0.000 0.000 0.000 0.000 0.000 0.000 0.000 0.000 0.000 0.000 0.000 0.000 0.000 0.000 0.000 0.000 0.000 0.000 0.000 0.000 0.000 0.000 0.000 0.000 0.000 0.000 0.000 0.000 0.000 0.000 0.000 0.000 0.000 0.000 0.000 0.002 0.008 0.034 0.000 0.000 0.000 0.000 0.000 0.000 0.000 0.000 0.000 0.000 0.000
0.000 0.000 0.000 0.000 0.000 0.000 0.000 0.000 0.000 0.000 0.000 0.000 0.000 0.000 0.000 0.000 0.000 0.000 0.000 0.000 0.000 0.000 0.000 0.000 0.000 0.000 0.000 0.000 0.000 0.000 0.000 0.000 0.000 0.000 0.000 0.000 0.000 0.000 0.000 0.000 0.000 0.000 0.000 0.000 0.000 0.000 0.000 0.000 0.000 0.000 0.000 0.000 0.000 0.000 0.000 0.000 0.000 0.000 0.000 0.000 0.000 0.000 0.000 0.002 0.008 0.035 0.000 0.000 0.000 0.000 0.000 0.000 0.000 0.000 0.000 0.000 0.000
