数据/LID_analysis/LID_damage/LID_VS2_30y.txt
ncols         694
nrows         824
xllcorner     581104.93980083
yllcorner     3495917.0924138
cellsize      2
NODATA_value  -9999
[rows 544 to 577 of 824, columns 308 to 384 of 694]
0.000 0.000 0.000 0.000 0.000 0.000 0.000 0.000 0.000 0.000 0.000 0.000 0.000 0.000 0.000 0.000 0.000 0.000 0.000 0.000 0.000 0.000 0.000 0.000 0.000 0.000 0.000 0.000 0.751 1.118 3.444 3.250 3.056 2.910 2.765 2.668 2.765 3.492 3.638 3.541 3.444 3.347 3.347 3.735 4.802 12.504 16.358 0.000 0.000 0.000 0.000 0.000 0.000 0.000 0.000 0.000 0.000 0.000 0.000 0.000 0.000 0.000 0.000 0.000 0.000 0.000 0.000 0.000 0.000 0.000 0.000 0.000 0.000 0.000 0.094 0.032 0.048
0.000 0.000 0.000 0.000 0.000 0.000 0.000 0.000 0.000 0.000 0.000 0.000 0.000 0.000 0.000 0.000 0.000 0.000 0.000 0.000 0.000 0.000 0.000 0.000 0.000 0.000 0.000 0.000 0.240 0.527 0.862 0.894 0.894 2.716 2.668 2.813 3.492 3.735 3.638 3.541 3.444 3.395 3.347 3.492 4.414 11.752 15.606 0.000 0.000 0.000 0.000 0.000 0.000 0.000 0.000 0.000 0.000 0.000 0.000 0.000 0.000 0.000 0.000 0.000 0.000 0.000 0.000 0.000 0.000 0.000 0.000 0.000 0.000 0.188 0.282 0.064 0.096
0.000 0.000 0.000 0.000 0.000 0.000 0.000 0.000 0.000 0.000 0.000 0.000 0.000 0.000 0.000 0.000 0.000 0.000 0.000 0.000 0.000 0.000 0.000 0.000 0.000 0.000 0.000 0.000 0.000 0.128 0.575 0.703 0.751 0.783 0.846 1.086 3.638 3.589 3.492 3.444 3.347 3.298 3.250 3.395 7.803 10.906 14.666 0.000 0.000 0.000 0.000 0.000 0.000 0.000 0.000 0.000 0.000 0.000 0.000 0.000 0.000 0.000 0.000 0.000 0.000 0.000 0.000 0.000 0.000 0.000 0.000 0.000 0.000 0.376 0.470 0.112 0.144
0.146 0.146 0.146 0.000 0.000 0.000 0.000 0.000 0.000 0.000 0.000 0.000 0.000 0.000 0.000 0.000 0.000 0.000 0.000 0.000 0.000 0.000 0.000 0.000 0.000 0.000 0.000 0.000 0.000 0.000 0.176 0.495 0.591 0.703 0.958 1.118 1.118 1.102 1.086 3.250 3.201 3.153 3.104 3.250 7.239 10.153 0.000 0.000 0.000 0.000 0.000 0.000 0.000 0.000 0.000 0.000 0.000 0.000 0.000 0.000 0.000 0.000 0.000 0.000 0.000 0.000 0.000 0.000 0.000 0.000 0.000 0.000 0.470 0.658 0.752 0.160 0.192
0.730 0.584 0.584 0.438 0.292 0.292 0.292 0.292 0.146 0.146 0.000 0.000 0.000 0.000 0.000 0.000 0.000 0.000 0.000 0.000 0.000 0.335 0.224 0.160 0.112 0.080 0.064 0.032 0.032 0.016 0.032 0.319 0.495 0.799 1.006 1.022 1.038 1.022 1.022 1.006 0.990 0.974 2.959 3.007 6.581 9.025 0.000 0.000 0.000 0.000 0.000 0.000 0.000 0.000 0.000 0.000 0.000 0.000 0.000 0.000 0.000 0.000 0.000 0.000 0.000 0.000 0.000 0.000 0.000 0.000 0.000 0.000 0.752 0.940 0.192 0.208 0.240
2.918 2.918 1.897 1.167 0.876 0.730 0.000 0.000 0.146 0.146 0.146 0.000 0.000 0.000 0.000 0.000 0.000 0.000 0.000 0.000 0.000 2.189 0.224 0.176 0.144 0.112 0.096 0.064 0.048 0.032 0.016 0.032 0.655 0.958 0.974 0.974 0.974 0.958 0.958 0.942 0.926 0.910 0.894 0.894 0.958 6.957 7.709 10.059 0.000 0.000 0.000 0.000 0.000 0.000 0.000 0.000 0.000 0.000 0.000 0.000 0.000 0.000 0.000 0.000 0.000 0.000 0.000 0.000 0.000 0.000 0.000 0.000 1.128 1.316 0.256 0.272 0.303
0.000 0.000 1.313 1.167 1.021 1.459 0.000 0.000 0.000 0.000 0.000 0.000 0.000 0.000 0.000 0.000 0.000 0.000 0.000 0.000 0.000 1.751 1.751 1.605 1.459 0.128 0.112 0.080 0.064 0.048 0.112 1.278 1.294 1.102 0.990 0.942 0.926 0.894 0.878 0.862 0.846 0.831 0.815 0.799 0.815 0.926 1.054 1.278 7.239 7.239 7.991 10.247 0.000 0.000 0.000 0.000 0.000 0.000 0.000 0.000 0.000 0.000 0.000 0.000 0.000 0.000 0.000 0.000 0.000 0.000 1.692 1.974 1.880 1.880 0.319 0.319 0.351
0.000 0.000 1.021 1.021 1.605 16.197 0.000 0.000 0.000 0.000 0.000 0.000 0.000 0.000 0.000 0.000 0.000 0.000 0.000 0.000 0.000 1.313 1.459 1.605 1.459 1.313 1.021 0.876 0.730 0.112 1.342 2.188 1.741 1.469 1.262 1.070 0.926 0.815 0.783 0.767 0.751 0.735 0.719 0.703 0.687 0.719 0.799 0.926 0.958 0.990 1.086 7.709 7.521 8.179 10.530 0.000 0.000 0.000 0.000 0.000 0.000 0.000 0.000 0.000 0.000 0.000 0.000 0.000 2.068 2.444 2.350 2.350 2.256 0.383 0.367 0.383 0.399
0.000 0.000 0.876 1.021 1.751 0.000 0.000 0.000 0.000 0.000 0.000 0.000 0.000 0.000 0.000 0.000 0.000 0.000 0.000 0.000 0.000 1.021 1.313 1.459 1.459 1.459 1.167 1.167 1.897 3.794 10.652 15.176 1.533 1.421 1.310 1.182 1.070 0.958 0.846 0.735 0.655 0.639 0.623 0.607 0.591 0.559 0.575 0.639 0.687 0.719 0.799 0.926 0.974 1.118 7.897 7.427 7.145 7.897 10.153 0.000 0.000 0.000 0.000 0.000 0.000 0.000 2.726 3.008 2.820 2.726 2.632 2.632 2.538 0.415 0.415 0.415 0.447
0.000 0.000 0.730 1.021 2.627 0.000 0.000 0.000 0.000 0.000 0.000 0.000 0.000 0.000 0.000 0.000 0.000 0.000 0.000 0.000 0.000 1.167 1.751 2.335 1.897 1.605 2.043 2.335 2.481 4.524 9.047 11.966 12.257 11.966 11.528 1.198 1.118 1.038 0.958 0.878 0.799 0.719 0.623 0.527 0.495 0.479 0.463 0.463 0.463 0.495 0.543 0.623 0.703 0.815 0.958 0.974 0.958 6.299 7.615 7.709 9.119 11.376 0.000 0.000 3.667 3.949 3.573 3.384 3.196 3.008 2.914 2.820 0.463 0.447 0.447 0.447 0.479
0.000 0.000 0.584 2.189 17.511 0.000 0.000 0.000 0.000 0.000 0.000 0.000 0.000 0.000 0.000 0.000 0.000 0.000 0.000 0.000 0.000 0.000 0.000 0.000 1.897 3.502 3.064 2.627 3.064 4.961 8.172 10.069 10.798 11.090 10.944 10.798 10.360 9.923 1.022 0.958 0.894 0.831 0.767 0.687 0.607 0.511 0.415 0.383 0.367 0.367 0.383 0.415 0.463 0.543 0.639 0.671 0.687 0.767 0.910 6.017 7.521 9.401 7.803 5.923 4.513 4.137 3.855 3.667 3.384 3.196 3.102 0.511 0.495 0.463 0.463 0.463 0.495
0.000 0.000 0.584 2.189 0.000 0.000 0.000 0.000 0.000 0.000 0.000 0.000 0.000 0.000 0.000 0.000 0.000 0.000 0.000 0.000 0.000 0.000 0.000 0.000 0.000 0.000 2.189 2.918 3.940 5.983 8.464 9.193 9.777 10.215 10.360 10.360 10.360 10.069 9.631 9.193 8.755 0.910 0.846 0.783 0.719 0.655 0.575 0.495 0.415 0.335 0.319 0.319 0.335 0.351 0.383 0.415 0.447 0.463 0.575 0.703 0.990 1.278 6.111 4.795 4.419 4.137 3.949 3.667 3.479 3.290 0.527 0.511 0.495 0.479 0.463 0.463 0.479
0.000 0.000 0.584 2.189 0.000 0.000 0.000 0.000 0.000 0.000 0.000 0.000 0.000 0.000 0.000 0.000 0.000 0.000 0.000 0.000 0.000 0.000 0.000 0.000 0.000 0.000 0.000 0.000 0.000 0.000 0.000 8.318 8.901 9.631 9.923 9.923 9.923 9.923 9.777 9.485 9.193 8.755 8.318 7.734 0.799 0.735 0.671 0.607 0.543 0.479 0.431 0.367 0.303 0.272 0.287 0.287 0.303 0.303 0.319 0.399 0.671 0.958 0.735 0.687 0.671 0.655 0.623 0.591 0.559 0.543 0.511 0.495 0.479 0.463 0.447 0.463 0.463
0.000 0.000 0.438 2.189 0.000 0.000 0.000 0.000 0.000 0.000 0.000 0.000 0.000 0.000 0.000 0.000 0.000 0.000 0.000 0.000 0.000 0.000 0.000 0.000 0.000 0.000 0.000 0.000 0.000 0.000 0.000 0.000 8.026 9.777 9.485 9.485 9.631 9.777 9.923 9.631 9.339 8.901 8.609 8.172 7.588 7.150 6.712 0.687 0.623 0.575 0.543 0.495 0.447 0.399 0.335 0.272 0.240 0.240 0.240 0.256 0.399 0.639 0.543 0.575 0.591 0.575 0.559 0.543 0.511 0.495 0.479 0.463 0.447 0.431 0.431 0.431 0.431
0.000 0.000 0.438 1.605 1.021 0.876 0.000 0.000 0.000 0.000 0.000 0.000 0.000 0.000 0.000 0.000 0.000 0.000 0.000 0.000 0.000 0.000 0.000 0.000 0.000 0.000 0.000 0.000 0.000 0.000 0.000 0.000 0.000 0.000 8.318 8.609 9.339 9.923 9.923 9.631 9.339 9.047 8.609 8.318 7.880 7.442 7.004 6.712 6.275 5.983 0.607 0.575 0.527 0.495 0.447 0.399 0.351 0.287 0.240 0.208 0.240 0.351 0.431 0.463 0.479 0.479 0.479 0.463 0.447 0.447 0.447 0.431 0.415 0.399 0.399 0.415 0.399
0.000 0.000 0.438 1.313 1.021 1.021 0.730 0.584 0.730 0.000 0.000 0.000 0.000 0.000 0.000 0.000 0.000 0.000 0.000 0.000 0.000 0.000 0.000 0.000 0.000 0.000 0.000 0.000 0.000 0.000 0.000 0.000 0.000 0.000 0.000 7.880 9.777 10.652 9.777 9.485 9.047 8.755 8.464 8.172 7.880 7.588 7.150 6.858 6.567 6.275 5.983 5.691 0.591 0.559 0.511 0.479 0.431 0.399 0.351 0.303 0.272 0.287 0.303 0.335 0.367 0.383 0.383 0.383 0.383 0.383 0.383 0.367 0.367 0.351 0.351 0.367 0.351
0.000 0.000 0.438 0.876 1.313 1.605 1.751 1.167 1.021 0.730 0.876 0.000 0.000 0.000 0.000 0.000 0.000 0.000 0.000 0.000 0.000 0.000 0.000 0.000 0.000 0.000 0.000 0.000 0.000 0.000 0.000 0.000 0.000 0.000 0.000 0.000 0.000 0.000 8.318 8.464 8.464 8.318 8.026 7.880 7.588 7.442 7.150 7.004 6.712 6.567 6.275 5.983 5.691 5.399 5.107 0.527 0.495 0.463 0.415 0.383 0.367 0.383 0.335 0.303 0.256 0.256 0.272 0.303 0.303 0.319 0.319 0.303 0.303 0.303 0.303 0.319 0.303
0.000 0.000 0.292 1.021 0.000 0.000 0.000 1.313 1.605 1.751 1.313 1.021 0.730 1.021 0.000 0.000 0.000 0.000 0.000 0.000 0.000 0.000 0.000 0.000 0.000 0.000 0.000 0.000 0.000 0.000 0.000 0.000 0.000 0.000 0.000 0.000 0.000 0.000 0.000 7.296 7.296 7.442 7.296 7.296 7.296 7.150 7.004 7.004 6.712 6.567 6.421 6.275 5.983 5.691 5.399 5.107 4.815 4.524 0.463 0.447 0.447 0.479 0.415 0.367 0.319 0.303 0.272 0.224 0.224 0.224 0.240 0.240 0.240 0.240 0.256 0.256 0.256
0.000 0.000 0.292 0.876 0.000 0.000 0.000 0.000 0.000 0.000 1.313 1.605 1.751 1.897 2.481 0.000 0.000 0.000 0.000 0.000 0.000 0.000 0.000 0.000 0.000 0.000 0.000 0.000 0.000 0.000 0.000 0.000 0.000 0.000 0.000 0.000 0.000 0.000 0.000 0.000 5.253 5.983 6.421 6.712 6.712 6.858 6.858 6.712 6.712 6.567 6.421 6.275 5.983 5.837 5.545 5.253 5.107 4.961 4.670 4.524 0.511 0.559 0.479 0.431 0.431 0.527 0.399 0.319 0.256 0.192 0.160 0.160 0.160 0.176 0.192 0.192 0.176
0.000 0.000 0.292 0.730 0.438 0.438 0.438 0.000 0.000 0.000 0.000 0.000 1.459 2.043 2.773 2.043 1.751 1.459 1.897 0.000 0.000 0.000 0.000 0.000 0.000 0.000 0.000 0.000 0.000 0.000 0.000 0.000 0.000 0.000 0.000 0.000 0.000 0.000 0.000 0.000 3.794 4.815 5.545 5.983 6.129 6.275 6.421 6.421 6.421 6.421 6.275 6.129 5.983 5.837 5.691 5.545 5.399 5.253 5.107 4.961 5.107 5.691 5.107 0.511 0.495 0.495 0.431 0.367 0.303 0.256 0.208 0.160 0.128 0.112 0.128 0.112 0.080
0.000 0.000 0.292 0.438 0.584 0.000 0.438 0.292 0.146 0.292 0.000 0.000 0.000 0.000 0.000 1.605 1.459 1.459 1.605 1.313 1.167 0.876 0.730 5.983 0.000 0.000 0.000 0.000 0.000 0.000 0.000 0.000 0.000 0.000 0.000 0.000 0.000 0.000 0.000 0.000 2.773 3.794 4.670 5.253 5.545 5.837 5.983 6.129 6.129 6.129 6.129 5.983 5.983 5.837 5.837 5.691 5.691 5.545 5.399 5.399 5.691 6.421 5.837 5.399 0.559 0.527 0.463 0.415 0.351 0.303 0.240 0.208 0.160 0.144 0.112 0.080 0.064
0.000 0.000 0.146 0.438 19.262 0.000 0.000 0.292 0.438 0.438 0.292 0.292 0.292 0.000 0.000 0.000 1.167 1.459 1.459 1.313 1.167 1.021 1.459 0.000 0.000 0.000 0.000 0.000 0.000 0.000 0.000 0.000 0.000 0.000 0.000 0.000 0.000 0.000 0.000 0.000 2.043 2.918 3.794 4.378 4.961 5.253 5.545 5.691 5.837 5.837 5.837 5.983 5.983 6.129 6.129 6.129 5.983 5.983 5.837 5.837 6.275 7.150 6.567 6.129 5.691 0.575 0.527 0.463 0.399 0.351 0.287 0.256 0.224 0.176 0.128 0.096 0.064
0.000 0.000 0.146 19.262 0.000 0.000 0.000 0.000 0.000 0.000 0.146 0.146 0.292 0.146 0.000 0.000 0.000 0.000 0.876 1.021 1.021 1.021 1.897 0.000 0.000 0.000 0.000 0.000 0.000 0.000 0.000 0.000 0.000 0.000 0.000 0.000 0.000 0.000 0.000 0.000 1.459 2.335 3.064 3.648 4.378 4.815 5.107 5.253 5.545 5.545 5.837 6.129 6.421 6.712 6.712 6.712 6.567 6.567 6.421 6.567 7.004 8.026 7.442 6.858 6.421 0.639 0.575 0.527 0.463 0.399 0.351 0.319 0.319 0.176 0.144 0.096 0.064
0.000 0.000 0.146 0.000 0.000 0.000 0.000 0.000 0.000 0.000 0.000 0.000 0.000 0.000 0.000 0.000 0.000 0.000 0.730 0.876 0.876 1.021 2.335 0.000 0.000 0.000 0.000 0.000 0.000 0.000 0.000 0.000 0.000 0.000 0.000 0.000 0.000 0.000 0.000 0.000 1.021 1.751 2.481 3.210 3.940 4.524 4.961 5.107 5.253 5.691 6.567 7.296 7.734 7.880 7.734 7.442 7.296 7.296 7.296 7.296 7.734 8.901 8.318 7.734 7.150 6.421 0.639 0.591 0.527 0.463 0.431 0.447 0.303 0.208 0.160 0.112 0.080
0.000 0.000 0.146 0.000 0.000 0.000 0.000 0.000 0.000 0.000 0.000 0.000 0.000 0.000 0.000 0.000 0.000 0.000 0.000 0.584 0.730 1.021 2.627 0.000 0.000 0.000 0.000 0.000 0.000 0.000 0.000 0.000 0.000 0.000 0.000 0.000 0.000 0.000 0.000 0.000 0.730 1.167 1.751 2.481 3.648 3.356 4.086 4.961 5.253 6.421 9.339 9.631 9.923 9.777 8.464 8.318 8.318 8.464 8.172 8.172 8.755 9.923 9.193 8.464 7.734 7.150 0.703 0.639 0.591 0.543 0.559 0.479 0.287 0.224 0.192 0.144 0.112
0.000 0.000 0.146 0.000 0.000 0.000 0.000 0.000 0.000 0.000 0.000 0.000 0.000 0.000 0.000 0.000 0.000 0.000 0.000 0.000 0.438 1.021 1.751 2.335 0.000 0.000 0.000 0.000 0.000 0.000 0.000 0.000 0.000 0.000 0.000 0.000 0.000 0.000 0.000 0.000 0.438 0.730 1.167 2.335 1.751 2.189 2.918 3.794 5.545 9.047 13.863 0.000 0.000 0.000 7.734 9.193 9.923 10.069 8.901 9.047 9.777 10.944 10.069 9.193 8.464 7.734 7.004 0.719 0.671 0.671 0.623 0.447 0.303 0.240 0.208 0.176 0.144
0.000 0.000 0.000 0.000 0.000 0.000 0.000 0.000 0.000 0.000 0.000 0.000 0.000 0.000 0.000 0.000 0.000 0.000 0.000 0.000 0.000 0.000 1.167 1.605 1.313 1.897 0.000 0.000 0.000 0.000 0.000 0.000 0.000 0.000 0.000 0.000 0.000 0.000 0.000 0.000 0.292 0.438 1.021 1.021 0.730 1.313 1.897 2.773 4.961 11.382 16.927 0.000 0.000 0.000 0.000 0.000 0.000 0.000 8.318 10.069 11.382 11.966 10.798 9.777 8.901 8.172 7.588 0.783 0.767 0.783 0.607 0.415 0.319 0.272 0.240 0.208 0.160
0.000 0.000 0.000 0.000 0.000 0.000 0.000 0.000 0.000 0.000 0.000 0.000 0.000 0.000 0.000 0.000 0.000 0.000 0.000 0.000 0.000 0.000 0.730 1.021 1.167 1.459 1.313 2.189 0.000 0.000 0.000 0.000 0.000 0.000 0.000 0.000 0.000 0.000 0.000 0.000 0.000 0.584 0.730 0.438 0.438 0.730 1.167 1.897 4.961 11.820 18.824 0.000 0.000 0.000 0.000 0.000 0.000 0.000 0.000 0.000 0.000 12.112 10.652 9.631 8.901 8.318 8.026 0.862 0.910 0.751 0.591 0.399 0.351 0.303 0.272 0.224 0.192
0.000 0.000 0.000 0.000 0.000 0.000 0.000 0.000 0.000 0.000 0.000 0.000 0.000 0.000 0.000 0.000 0.000 0.000 0.000 0.000 0.000 0.000 0.438 0.730 1.021 1.313 1.459 2.189 2.773 0.000 0.000 0.000 0.000 0.000 0.000 0.000 0.000 0.000 0.000 0.000 0.584 1.021 0.730 0.438 0.438 0.438 0.584 1.313 5.107 12.257 0.000 0.000 0.000 0.000 0.000 0.000 0.000 0.000 0.000 0.000 0.000 0.000 9.047 8.901 8.755 8.464 8.464 0.974 0.878 0.719 0.543 0.415 0.367 0.335 0.287 1.410 1.222
0.000 0.000 0.000 0.000 0.000 0.000 0.000 0.000 0.000 0.000 0.000 0.000 0.000 0.000 0.000 0.000 0.000 0.000 0.000 0.000 0.000 0.000 1.021 0.000 0.000 0.000 0.000 0.000 2.043 1.751 2.335 0.000 0.000 0.000 0.000 0.000 0.000 0.000 0.000 0.438 1.313 1.021 0.584 0.584 0.584 0.584 0.584 0.876 5.691 12.695 0.000 0.000 0.000 0.000 0.000 0.000 0.000 0.000 0.000 0.000 0.000 4.232 7.588 8.318 8.464 8.901 9.485 1.006 0.846 0.687 0.495 0.431 0.383 0.335 0.303 1.504 1.316
0.000 0.000 0.000 0.000 0.000 0.000 0.000 0.000 0.000 0.000 0.000 0.000 0.000 0.000 0.000 0.000 0.000 0.000 0.000 0.000 0.000 0.000 0.000 0.000 0.000 0.000 0.000 0.000 0.000 1.167 1.605 1.313 1.167 1.021 0.876 0.876 0.876 0.730 0.876 1.751 1.313 0.876 0.584 0.584 0.584 0.584 0.584 0.584 6.129 0.000 0.000 0.000 0.000 0.000 0.000 0.000 0.000 0.000 0.000 0.000 0.000 4.670 7.004 8.026 8.755 9.485 1.070 0.958 0.815 0.639 0.479 0.431 0.383 0.351 1.880 1.598 1.410
0.000 0.000 0.000 0.000 0.000 0.000 0.000 0.000 0.000 0.000 0.000 0.000 0.000 0.000 0.000 0.000 0.000 0.000 0.000 0.000 0.000 0.000 0.000 0.000 0.000 0.000 0.000 0.000 0.000 0.000 0.876 0.876 0.876 1.167 1.313 1.313 1.313 1.459 1.897 1.459 1.021 0.584 0.438 0.438 0.438 0.438 0.438 0.438 6.567 0.000 0.000 0.000 0.000 0.000 0.000 0.000 0.000 0.000 0.000 0.000 0.000 4.815 6.858 8.026 9.193 10.215 1.022 0.894 0.751 0.575 0.479 0.431 0.383 0.351 1.880 1.692 1.504
0.000 0.000 0.000 0.000 0.000 0.000 0.000 0.000 0.000 0.000 0.000 0.000 0.000 0.000 0.000 0.000 0.000 0.000 0.000 0.000 0.000 0.000 0.000 0.000 0.000 0.000 0.000 0.000 0.000 0.000 0.438 0.584 0.876 2.773 0.000 0.000 0.000 0.000 0.000 0.000 0.000 0.000 0.146 0.146 0.146 0.146 0.146 0.292 0.000 0.000 0.000 0.000 0.000 0.000 0.000 0.000 0.000 0.000 0.000 0.000 0.000 5.107 7.150 8.609 10.069 9.631 0.958 0.831 0.687 0.495 0.447 0.383 0.383 0.351 1.880 1.692 1.504
0.000 0.000 0.000 0.000 0.000 0.000 0.000 0.000 0.000 0.000 0.000 0.000 0.000 0.000 0.000 0.000 0.000 0.000 0.000 0.000 0.000 0.000 0.000 0.000 0.000 0.000 0.000 0.000 0.000 0.000 0.292 0.438 2.189 0.000 0.000 0.000 0.000 0.000 0.000 0.000 0.000 0.000 0.000 0.000 0.000 0.000 0.000 0.000 0.000 0.000 0.000 0.000 0.000 0.000 0.000 0.000 0.000 0.000 0.000 0.000 0.000 5.545 7.880 9.485 9.631 0.974 0.878 0.767 0.607 0.479 0.431 0.383 0.367 2.068 1.880 1.692 1.504
