数据/LID_analysis/LID_damage/LID_VS2_50y.txt
ncols         694
nrows         824
xllcorner     581104.93980083
yllcorner     3495917.0924138
cellsize      2
NODATA_value  -9999
[rows 306 to 339 of 824, columns 462 to 538 of 694]
1.885 1.837 1.773 1.741 1.725 1.725 1.725 1.741 1.661 1.517 1.405 1.262 1.134 1.006 0.862 0.719 0.575 0.431 0.335 0.256 0.176 0.160 0.224 0.351 0.447 0.543 1.843 1.989 2.086 2.086 1.989 1.843 1.649 1.455 1.213 1.019 0.825 0.679 0.679 0.000 0.000 0.000 0.000 0.000 0.000 0.000 0.000 0.000 0.000 0.000 0.000 0.000 0.000 0.000 1.358 1.407 1.455 1.649 0.000 0.097 0.097 0.097 0.097 0.097 0.194 1.455 0.000 0.000 0.000 0.000 0.437 0.970 1.552 2.183 0.910 0.910 3.382
2.444 2.060 1.901 1.853 1.821 1.821 1.837 1.837 1.853 1.805 1.661 1.533 1.390 1.246 1.102 0.942 0.767 0.623 0.511 0.399 0.303 0.256 0.287 0.351 0.447 0.527 0.591 1.940 1.989 1.989 1.940 1.843 1.649 1.504 1.310 1.116 0.970 1.019 1.455 0.000 0.000 0.000 0.000 0.000 0.000 0.000 0.000 0.000 0.000 0.000 0.000 0.000 0.000 0.000 0.000 0.000 0.000 1.358 1.310 1.019 0.873 0.776 0.679 0.631 0.970 0.000 0.000 0.000 0.000 0.000 1.213 1.892 2.425 0.831 0.783 3.057 2.927
2.060 1.980 1.948 1.933 1.917 1.933 1.948 1.964 1.980 1.980 1.948 1.805 1.661 1.517 1.342 1.166 0.974 0.831 0.703 0.575 0.463 0.383 0.367 0.383 0.447 0.511 0.575 0.623 1.940 1.940 1.892 1.795 1.698 1.504 1.358 1.213 1.116 1.116 0.000 0.000 0.000 0.000 0.000 0.000 0.000 0.000 0.000 0.000 0.000 0.000 0.000 0.000 0.000 0.000 0.000 0.000 0.000 0.000 0.000 0.776 0.922 0.970 0.825 0.825 1.213 0.000 0.000 0.000 0.000 1.601 2.183 2.377 2.231 0.687 0.655 2.536 2.471
17.657 1.964 1.996 2.012 2.044 2.060 2.092 2.108 2.092 2.092 2.092 2.108 1.948 1.773 1.581 1.374 1.198 1.038 0.878 0.735 0.607 0.527 0.463 0.447 0.479 0.511 0.559 0.607 0.623 1.892 1.843 1.795 1.698 1.552 1.407 1.261 1.164 1.067 0.631 0.437 0.340 0.000 0.000 0.000 0.000 0.000 0.000 0.000 0.000 0.000 0.000 0.000 0.000 0.000 0.000 0.000 0.000 0.000 0.000 0.000 0.000 0.000 0.631 0.873 1.067 1.407 0.000 0.000 0.000 2.183 2.134 2.037 0.623 0.591 2.276 2.146 2.081
17.803 18.386 2.076 2.140 2.172 2.204 2.236 2.236 2.236 2.204 2.220 2.236 2.204 2.044 1.821 1.581 1.405 1.214 1.054 0.894 0.767 0.655 0.575 0.543 0.527 0.543 0.575 0.591 0.607 0.623 1.843 1.795 1.698 1.601 1.455 1.310 1.213 1.067 0.776 0.582 0.437 0.243 0.194 0.000 0.000 0.000 0.000 0.000 0.000 0.000 0.000 0.000 0.000 0.000 0.000 0.000 0.000 0.000 0.000 0.000 0.000 0.000 0.000 0.000 0.970 1.455 1.892 2.619 2.668 2.280 1.989 0.591 0.543 2.081 1.951 1.886 1.951
18.678 19.408 20.137 20.721 2.316 2.364 2.396 2.412 2.396 2.284 2.364 2.380 2.348 2.252 2.012 1.757 1.565 1.358 1.182 1.038 0.894 0.783 0.703 0.639 0.623 0.607 0.607 0.623 0.623 0.623 0.623 0.607 0.575 1.649 1.552 1.407 1.310 1.116 0.922 0.728 0.582 0.388 0.291 0.146 0.097 0.146 0.000 0.000 0.000 0.000 0.000 0.000 0.000 0.000 0.000 0.000 0.000 0.000 0.000 0.000 0.000 0.000 0.000 0.000 0.000 0.000 0.000 1.892 2.037 1.940 1.795 0.543 2.016 1.821 1.756 1.691 1.496
19.845 20.721 21.451 22.180 22.764 2.539 2.587 2.603 2.587 2.555 2.571 2.555 2.380 2.092 2.012 1.869 1.661 1.469 1.294 1.150 1.038 0.926 0.846 0.783 0.751 0.735 0.719 0.719 0.703 0.703 0.687 0.671 0.639 0.607 0.575 0.527 1.455 1.310 1.116 0.922 0.776 0.582 0.437 0.291 0.194 0.146 0.146 0.194 0.000 0.000 0.000 0.000 0.000 0.776 0.000 0.000 0.000 0.000 0.000 0.000 0.000 0.000 0.000 0.000 0.000 0.000 2.134 1.940 1.843 1.746 0.527 0.495 1.821 1.626 1.561 1.626 0.000
21.451 22.180 23.056 23.785 24.369 24.953 2.763 2.683 2.555 2.396 2.220 2.044 1.805 1.453 1.693 1.917 1.741 1.565 1.421 1.294 1.182 1.086 1.022 0.974 0.942 0.926 0.910 0.910 0.894 0.878 0.846 0.815 0.783 0.735 0.703 0.655 0.607 0.543 0.479 0.431 1.116 0.922 0.728 0.582 0.340 0.194 0.194 0.243 0.243 0.243 0.291 0.437 0.776 1.310 2.037 3.056 4.317 0.000 0.000 0.000 0.000 0.000 0.000 0.000 0.000 0.000 1.892 1.892 1.746 1.601 0.495 1.821 1.626 1.496 1.431 1.236 0.000
23.056 23.785 24.077 23.348 22.618 21.888 20.867 2.172 2.044 1.885 1.709 1.517 1.198 1.198 1.198 1.789 1.805 1.677 1.565 1.469 1.390 1.326 1.294 1.246 1.230 1.214 1.198 1.182 1.166 1.150 1.118 1.070 1.022 0.974 0.910 0.862 0.799 0.735 0.687 0.623 0.559 0.495 0.431 0.367 0.922 0.679 0.582 0.631 0.679 0.825 1.019 1.261 1.601 2.086 2.765 3.686 4.753 5.869 7.130 0.000 0.000 0.000 0.000 0.000 0.000 2.425 2.183 1.940 1.746 0.511 1.821 1.626 1.496 1.366 1.366 0.000 0.000
19.991 19.700 19.116 18.532 17.948 17.073 16.197 1.661 1.517 1.390 1.230 0.990 0.815 0.958 1.102 1.565 1.933 1.837 1.757 1.709 1.661 1.645 1.629 1.613 1.597 1.581 1.565 1.549 1.517 1.469 1.421 1.374 1.326 1.262 1.198 1.134 1.070 1.006 0.942 0.894 0.831 0.783 0.719 0.655 0.591 0.527 0.415 0.431 1.455 1.649 1.843 2.134 2.474 2.910 3.541 4.317 5.335 6.402 7.082 7.179 7.324 7.664 0.000 0.000 0.000 2.231 2.183 1.989 1.698 0.479 1.691 1.496 1.301 1.171 1.041 0.000 0.000
15.030 14.592 14.009 13.571 12.987 12.257 11.528 10.652 1.038 0.910 0.735 0.479 0.591 0.735 0.926 1.358 1.933 2.060 2.028 2.012 2.012 2.012 2.012 2.012 2.012 1.996 1.980 1.948 1.917 1.869 1.821 1.757 1.677 1.597 1.517 1.453 1.390 1.326 1.262 1.214 1.166 1.118 1.070 1.006 0.958 0.894 0.799 0.687 0.751 0.815 0.894 2.959 3.298 3.735 4.317 5.044 5.578 5.723 5.869 5.966 6.111 6.160 6.111 6.451 0.000 2.571 2.328 1.989 0.559 1.821 1.496 1.236 1.106 1.106 0.000 0.000 0.000
10.215 9.777 9.339 8.755 8.172 7.588 6.858 6.129 0.575 0.447 0.287 0.303 0.399 0.527 0.751 1.166 1.789 2.348 2.364 2.380 2.396 2.428 22.326 22.326 22.326 22.326 22.034 21.888 2.348 2.300 2.236 2.156 2.076 1.996 1.917 1.837 1.757 1.677 1.613 1.565 1.517 1.469 1.437 1.405 1.358 1.294 1.214 1.102 1.038 1.102 1.182 1.262 1.374 1.517 1.613 4.705 4.656 4.656 4.705 4.753 4.753 4.365 4.753 4.850 4.317 3.201 2.522 1.989 0.527 1.626 1.236 0.976 0.845 0.780 0.000 0.000 0.000
5.253 4.961 4.670 4.086 3.648 3.064 2.627 2.043 0.160 0.096 0.064 0.160 0.240 0.367 0.575 1.006 1.693 2.507 2.747 25.391 25.828 26.266 26.412 26.558 26.558 26.412 26.120 25.974 25.536 24.953 24.223 2.571 2.476 2.396 2.316 2.236 2.156 2.092 2.028 1.964 1.917 1.885 1.837 1.805 1.757 1.709 1.645 1.549 1.390 1.390 1.453 1.549 1.613 1.485 1.358 1.278 1.214 1.198 1.182 3.589 3.541 3.395 3.492 3.444 3.153 2.619 2.134 0.559 1.756 1.301 0.910 0.715 0.650 0.000 0.000 0.000 0.000
0.000 0.000 0.000 0.000 0.000 0.000 0.000 0.000 0.000 0.000 0.032 0.080 0.144 0.240 0.431 8.172 15.176 22.910 28.893 29.476 29.914 30.352 30.790 30.790 30.790 30.644 30.352 30.060 29.622 29.039 28.309 27.142 26.412 25.682 24.953 2.651 2.571 2.507 2.444 2.396 2.348 2.316 2.284 2.252 2.204 2.156 2.092 1.996 1.869 1.677 1.725 1.549 1.374 1.230 1.102 0.990 0.910 0.846 0.799 0.767 0.735 0.703 0.687 2.037 1.843 1.601 0.431 0.351 1.041 0.780 0.520 0.390 0.325 0.976 0.000 0.000 0.000
0.000 0.000 0.000 0.000 0.000 0.000 0.000 0.000 0.000 0.000 0.000 0.032 0.080 1.313 2.918 7.734 15.468 23.202 31.081 33.562 34.146 34.730 35.167 35.167 35.021 34.875 34.730 34.292 33.854 33.270 32.249 30.790 30.206 29.622 28.893 28.017 27.288 26.704 26.120 2.827 2.795 2.763 2.731 2.715 2.683 2.635 2.571 2.492 2.268 1.869 1.805 1.661 1.469 1.294 1.134 1.006 0.878 0.783 0.703 0.623 0.575 0.511 0.463 0.399 0.335 0.256 0.176 0.128 0.390 0.260 0.195 0.130 0.065 0.000 0.000 0.000 0.000
0.000 0.000 0.000 0.000 0.000 0.000 0.000 0.000 0.000 0.000 0.000 0.000 0.292 0.876 2.481 7.880 15.906 0.000 31.373 37.794 38.524 39.107 39.837 0.000 0.000 0.000 0.000 0.000 0.000 0.000 0.000 33.854 34.000 33.708 32.978 31.519 31.081 30.644 30.060 29.768 29.622 29.476 29.184 3.178 3.146 3.003 2.747 2.476 2.172 1.789 1.757 1.773 1.837 1.661 1.501 1.342 1.214 1.086 0.974 0.878 0.783 0.703 0.623 0.543 0.447 0.367 0.303 0.224 0.176 0.128 0.096 0.260 0.195 0.130 0.065 0.000 0.000
0.000 0.000 0.000 0.000 0.000 0.000 0.000 0.000 0.000 0.000 0.000 0.000 0.000 1.167 0.000 0.000 16.197 0.000 0.000 40.275 0.000 0.000 0.000 0.000 0.000 0.000 0.000 0.000 0.000 0.000 0.000 0.000 0.000 0.000 0.000 34.730 34.875 34.584 33.854 33.854 33.708 33.708 32.249 30.352 28.309 26.266 2.635 2.380 2.060 1.677 1.661 1.677 1.709 1.789 1.805 1.645 1.501 1.374 1.246 1.134 1.022 0.926 0.815 0.719 0.623 0.527 0.447 0.367 0.287 0.224 0.176 0.128 0.096 0.064 0.195 0.130 0.065
0.000 0.000 0.000 0.000 0.000 0.000 0.000 0.000 0.000 0.000 0.000 0.000 0.000 0.000 0.000 0.000 0.000 0.000 0.000 0.000 0.000 0.000 0.000 0.000 0.000 0.000 0.000 0.000 0.000 0.000 0.000 0.000 0.000 0.000 0.000 0.000 0.000 0.000 37.502 36.772 35.021 33.124 30.936 29.184 27.288 25.099 22.910 20.575 17.657 14.592 1.565 1.565 1.597 1.645 1.709 1.805 1.789 1.645 1.517 1.390 1.262 1.150 1.038 0.926 0.815 0.703 0.607 0.511 0.431 0.351 0.287 0.224 0.176 0.144 0.096 0.080 0.048
0.000 0.000 0.000 0.000 0.000 0.000 0.000 0.000 0.000 0.000 0.000 0.000 0.000 0.000 0.000 0.000 0.000 0.000 0.000 0.000 0.000 0.000 0.000 0.000 0.000 0.000 0.000 0.000 0.000 0.000 0.000 0.000 0.000 0.000 0.000 0.000 0.000 0.000 0.000 0.000 0.000 0.000 29.330 28.017 26.120 23.785 21.742 19.408 16.343 13.571 13.279 13.133 13.279 13.571 1.549 1.629 1.725 1.837 1.773 1.645 1.517 1.390 1.262 1.134 1.022 0.910 0.799 0.687 0.591 0.511 0.431 0.367 0.303 0.256 0.192 0.160 0.128
0.000 0.000 0.000 0.000 0.000 0.000 0.000 0.000 0.000 0.000 0.000 0.000 0.000 0.000 0.000 0.000 0.000 0.000 0.000 0.000 0.000 0.000 0.000 0.000 0.000 0.000 0.000 0.000 0.000 0.000 0.000 0.000 0.000 0.000 0.000 0.000 0.000 0.000 0.000 0.000 0.000 0.000 0.000 0.000 0.000 22.034 20.429 18.094 14.592 12.112 11.820 11.820 11.966 12.257 12.695 13.279 14.154 15.030 1.757 1.869 1.757 1.613 1.485 1.358 1.230 1.118 1.006 0.894 0.799 0.703 0.623 0.543 0.479 0.431 0.367 0.303 0.240
0.000 0.000 0.000 0.000 0.000 0.000 0.000 0.000 0.000 0.000 0.000 0.000 0.000 0.000 0.000 0.000 0.000 0.000 0.000 0.000 0.000 0.000 0.000 0.000 0.000 0.000 0.000 0.000 0.000 0.000 0.000 0.000 0.000 0.000 0.000 0.000 0.000 0.000 0.000 0.000 0.000 0.000 0.000 0.000 0.000 0.000 0.000 0.000 11.820 10.506 10.069 10.215 10.506 10.798 11.236 11.820 12.549 13.425 14.300 15.176 16.197 16.781 1.709 1.581 1.453 1.326 1.214 1.118 1.022 0.942 0.862 0.783 0.735 0.671 0.607 0.527 0.447
0.000 0.000 0.000 0.000 0.000 0.000 0.000 0.000 0.000 0.000 0.000 0.000 0.000 0.000 0.000 0.000 0.000 0.000 0.000 0.000 0.000 0.000 0.000 0.000 0.000 0.000 0.000 0.000 0.000 0.000 0.000 0.000 0.000 0.000 0.000 0.000 0.000 0.000 0.000 0.000 0.000 0.000 0.000 0.000 0.000 0.000 0.000 0.000 0.000 0.000 7.296 8.609 9.193 9.631 9.485 10.215 11.090 11.966 12.549 13.425 14.300 15.176 16.197 16.343 15.322 14.154 1.453 1.358 1.278 1.214 1.150 1.086 1.038 0.974 0.894 0.799 0.703
0.000 0.000 0.000 0.000 0.000 0.000 0.000 0.000 0.000 0.000 0.000 0.000 0.000 0.000 0.000 0.000 0.000 0.000 0.000 0.000 0.000 0.000 0.000 0.000 0.000 0.000 0.000 0.000 0.000 0.000 0.000 0.000 0.000 0.000 0.000 0.000 0.000 0.000 0.000 0.000 0.000 0.000 0.000 0.000 0.000 0.000 0.000 0.000 0.000 0.000 0.000 0.000 0.000 0.000 7.004 8.609 9.777 10.652 10.798 11.382 12.112 13.133 14.154 15.322 16.489 16.343 15.614 14.884 14.446 14.009 1.485 1.437 1.374 1.310 1.214 1.102 0.990
0.000 0.000 0.000 0.000 0.000 0.000 0.000 0.000 0.000 0.000 0.000 0.000 0.000 0.000 0.000 0.000 0.000 0.000 0.000 0.000 0.000 0.000 0.000 0.000 0.000 0.000 0.000 0.000 0.000 0.000 0.000 0.000 0.000 0.000 0.000 0.000 0.000 0.000 0.000 0.000 0.000 0.000 0.000 0.000 0.000 0.000 0.000 0.000 0.000 0.000 0.000 0.000 0.000 0.000 0.000 0.000 0.000 0.000 8.172 9.047 9.923 11.090 12.112 13.279 14.592 16.051 17.657 17.657 17.511 17.365 17.073 16.635 16.051 15.176 1.533 1.405 1.262
0.000 0.000 0.000 0.000 0.000 0.000 0.000 0.000 0.000 0.000 0.000 0.000 0.000 0.000 0.000 0.000 0.000 0.000 0.000 0.000 0.000 0.000 0.000 0.000 0.000 0.000 0.000 0.000 0.000 0.000 0.000 0.000 0.000 0.000 0.000 0.000 0.000 0.000 0.000 0.000 0.000 0.000 0.000 0.000 0.000 0.000 0.000 0.000 0.000 0.000 0.000 0.000 0.000 0.000 0.000 0.000 0.000 0.000 0.000 6.129 7.588 8.901 10.069 11.236 12.549 14.154 16.197 18.532 21.013 21.159 20.721 20.283 19.554 18.532 16.927 15.468 13.863
0.000 0.000 0.000 0.000 0.000 0.000 0.000 0.000 0.000 0.000 0.000 0.000 0.000 0.000 0.000 0.000 0.000 0.000 0.000 0.000 0.000 0.000 0.000 0.000 0.000 0.000 0.000 0.000 0.000 0.000 0.000 0.000 0.000 0.000 0.000 0.000 0.000 0.000 0.000 0.000 0.000 0.000 0.000 0.000 0.000 0.000 0.000 0.000 0.000 0.000 0.000 0.000 0.000 0.000 0.000 0.000 0.000 0.000 0.000 4.086 5.545 6.858 8.026 9.339 10.798 12.549 14.738 17.511 20.429 23.348 0.000 24.077 23.348 22.034 19.408 17.803 15.906
0.000 0.000 0.000 0.000 0.000 0.000 0.000 0.000 0.000 0.000 0.000 0.000 0.000 0.000 0.000 0.000 0.000 0.000 0.000 0.000 0.000 0.000 0.000 0.000 0.000 0.000 0.000 0.000 0.000 0.000 0.000 0.000 0.000 0.000 0.000 0.000 0.000 0.000 0.000 0.000 0.000 0.000 0.000 0.000 0.000 0.000 0.000 0.000 0.000 0.000 0.000 0.000 0.000 0.000 0.000 0.000 0.000 0.000 0.000 2.335 3.648 4.815 6.129 7.296 8.901 10.944 13.425 16.635 19.991 0.000 0.000 0.000 0.000 0.000 0.000 20.137 17.365
0.000 0.000 0.000 0.000 0.000 0.000 0.000 0.000 0.000 0.000 0.000 0.000 0.000 0.000 0.000 0.000 0.000 0.000 0.000 0.000 0.000 0.000 0.000 0.000 0.000 0.000 0.000 0.000 0.000 0.000 0.000 0.000 0.000 0.000 0.000 0.000 0.000 0.000 0.000 0.000 0.000 0.000 0.000 0.000 0.000 0.000 0.000 0.000 0.000 0.000 0.000 0.000 0.000 0.000 0.000 0.000 0.000 0.000 0.000 0.876 1.897 3.064 4.232 5.545 7.150 9.339 12.403 15.906 19.554 0.000 0.000 0.000 0.000 0.000 0.000 0.000 17.511
0.000 0.000 0.000 0.000 0.000 0.000 0.000 0.000 0.000 0.000 0.000 0.000 0.000 0.000 0.000 0.000 0.000 0.000 0.000 0.000 0.000 0.000 0.000 0.000 0.000 0.000 0.000 0.000 0.000 0.000 0.000 0.000 0.000 0.000 0.000 0.000 0.000 0.000 0.000 0.000 0.000 0.000 0.000 0.000 0.000 0.000 0.000 0.000 0.000 0.000 0.000 0.000 0.000 0.000 0.000 0.000 0.000 0.000 0.000 0.000 0.584 1.313 2.335 3.648 5.399 8.026 11.528 15.322 0.000 0.000 0.000 0.000 0.000 0.000 0.000 0.000 0.000
0.000 0.000 0.000 0.000 0.000 0.000 0.000 0.000 0.000 0.000 0.000 0.000 0.000 0.000 0.000 0.000 0.000 0.000 0.000 0.000 0.000 0.000 0.000 0.000 0.000 0.000 0.000 0.000 0.000 0.000 0.000 0.000 0.000 0.000 0.000 0.000 0.000 0.000 0.000 0.000 0.000 0.000 0.000 0.000 0.000 0.000 0.000 0.000 0.000 0.000 0.000 0.000 0.000 0.000 0.000 0.000 0.000 0.000 0.000 0.000 0.000 0.146 0.730 2.043 3.794 6.712 10.652 0.000 0.000 0.000 0.000 0.000 0.000 0.000 0.000 0.000 0.000
0.000 0.000 0.000 0.000 0.000 0.000 0.000 0.000 0.000 0.000 0.000 0.000 0.000 0.000 0.000 0.000 0.000 0.000 0.000 0.000 0.000 0.000 0.000 0.000 0.000 0.000 0.000 0.000 0.000 0.000 0.000 0.000 0.000 0.000 0.000 0.000 0.000 0.000 0.000 0.000 0.000 0.000 0.000 0.000 0.000 0.000 0.000 0.000 0.000 0.000 0.000 0.000 0.000 0.000 0.000 0.000 0.000 0.000 0.000 0.000 0.000 0.000 0.000 0.730 2.189 5.253 9.485 0.000 0.000 0.000 0.000 0.000 0.000 0.000 0.000 0.000 0.000
0.000 0.000 0.000 0.000 0.000 0.000 0.000 0.000 0.000 0.000 0.000 0.000 0.000 0.000 0.000 0.000 0.000 0.000 0.000 0.000 0.000 0.000 0.000 0.000 0.000 0.000 0.000 0.000 0.000 0.000 0.000 0.000 0.000 0.000 0.000 0.000 0.000 0.000 0.000 0.000 0.000 0.000 0.000 0.000 0.000 0.000 0.000 0.000 0.000 0.000 0.000 0.000 0.000 0.000 0.000 0.000 0.000 0.000 0.000 0.000 0.000 0.000 0.000 0.438 1.605 5.545 0.000 0.000 0.000 0.000 0.000 0.000 0.000 0.000 0.000 0.000 0.000
0.000 0.000 0.000 0.000 0.000 0.000 0.000 0.000 0.000 0.000 0.000 0.000 0.000 0.000 0.000 0.000 0.000 0.000 0.000 0.000 0.000 0.000 0.000 0.000 0.000 0.000 0.000 0.000 0.000 0.000 0.000 0.000 0.000 0.000 0.000 0.000 0.000 0.000 0.000 0.000 0.000 0.000 0.000 0.000 0.000 0.000 0.000 0.000 0.000 0.000 0.000 0.000 0.000 0.000 0.000 0.000 0.000 0.000 0.000 0.000 0.000 0.000 0.000 0.438 1.605 5.545 0.000 0.000 0.000 0.000 0.000 0.000 0.000 0.000 0.000 0.000 0.000
0.000 0.000 0.000 0.000 0.000 0.000 0.000 0.000 0.000 0.000 0.000 0.000 0.000 0.000 0.000 0.000 0.000 0.000 0.000 0.000 0.000 0.000 0.000 0.000 0.000 0.000 0.000 0.000 0.000 0.000 0.000 0.000 0.000 0.000 0.000 0.000 0.000 0.000 0.000 0.000 0.000 0.000 0.000 0.000 0.000 0.000 0.000 0.000 0.000 0.000 0.000 0.000 0.000 0.000 0.000 0.000 0.000 0.000 0.000 0.000 0.000 0.000 0.000 0.438 1.459 5.691 0.000 0.000 0.000 0.000 0.000 0.000 0.000 0.000 0.000 0.000 0.000
