数据/LID_analysis/LID_damage/LID_GR2_50y.txt
ncols         694
nrows         824
xllcorner     581104.93980083
yllcorner     3495917.0924138
cellsize      2
NODATA_value  -9999
[rows 544 to 577 of 824, columns 308 to 384 of 694]
0.000 0.000 0.000 0.000 0.000 0.000 0.000 0.000 0.176 0.112 0.080 0.048 0.032 0.016 0.016 0.016 0.000 0.000 0.000 0.000 0.000 0.000 0.000 0.000 0.000 0.000 0.000 0.000 0.815 1.166 3.638 3.395 3.201 3.056 2.862 2.765 2.862 3.638 3.783 3.686 3.541 3.492 3.492 3.929 4.996 12.974 16.828 0.000 0.000 0.000 0.000 0.000 0.000 0.000 0.000 0.000 0.000 0.000 0.000 0.000 0.000 0.000 0.000 0.000 0.000 0.000 0.000 0.000 0.000 0.000 0.000 0.000 0.000 0.000 0.094 0.032 0.064
0.000 0.000 0.000 0.000 0.000 0.000 0.000 0.000 0.128 0.096 0.080 0.064 0.048 0.032 0.016 0.016 0.000 0.000 0.000 0.000 0.000 0.000 0.000 0.000 0.000 0.000 0.000 0.000 0.272 0.575 0.926 0.942 0.942 2.862 2.813 2.959 3.638 3.880 3.735 3.638 3.541 3.492 3.444 3.638 4.608 12.222 16.076 0.000 0.000 0.000 0.000 0.000 0.000 0.000 0.000 0.000 0.000 0.000 0.000 0.000 0.000 0.000 0.000 0.000 0.000 0.000 0.000 0.000 0.000 0.000 0.000 0.000 0.000 0.188 0.282 0.064 0.096
0.000 0.000 0.000 0.000 0.000 0.000 0.000 0.000 0.096 0.096 0.080 0.064 0.048 0.032 0.032 0.016 0.016 0.000 0.000 0.000 0.000 0.000 0.000 0.000 0.000 0.000 0.000 0.000 0.000 0.160 0.607 0.751 0.799 0.831 0.894 1.134 3.783 3.686 3.589 3.541 3.444 3.395 3.347 3.492 8.179 11.376 15.136 0.000 0.000 0.000 0.000 0.000 0.000 0.000 0.000 0.000 0.000 0.000 0.000 0.000 0.000 0.000 0.000 0.000 0.000 0.000 0.000 0.000 0.000 0.000 0.000 0.000 0.000 0.376 0.470 0.112 0.144
0.146 0.146 0.146 0.000 0.000 0.000 0.000 0.000 0.584 0.730 0.584 0.584 0.584 0.048 0.032 0.032 0.016 0.016 0.000 0.000 0.000 0.000 0.000 0.000 0.000 0.000 0.000 0.016 0.016 0.032 0.208 0.527 0.623 0.735 0.990 1.134 1.134 1.134 1.118 3.347 3.250 3.201 3.201 3.298 7.427 10.436 0.000 0.000 0.000 0.000 0.000 0.000 0.000 0.000 0.000 0.000 0.000 0.000 0.000 0.000 0.000 0.000 0.000 0.000 0.000 0.000 0.000 0.000 0.000 0.000 0.000 0.000 0.470 0.658 0.846 0.160 0.192
0.730 0.584 0.584 0.438 0.292 0.292 0.292 0.292 0.438 0.584 0.584 0.584 0.438 0.438 0.292 0.292 0.146 0.146 0.000 0.000 0.000 0.479 0.319 0.224 0.160 0.112 0.080 0.064 0.048 0.032 0.064 0.351 0.511 0.799 1.006 1.038 1.038 1.038 1.022 1.022 1.006 0.990 2.959 3.056 6.675 9.307 0.000 0.000 0.000 0.000 0.000 0.000 0.000 0.000 0.000 0.000 0.000 0.000 0.000 0.000 0.000 0.000 0.000 0.000 0.000 0.000 0.000 0.000 0.000 0.000 0.000 0.000 0.752 1.034 0.192 0.224 0.256
2.918 2.918 1.897 1.313 0.876 0.730 0.000 0.000 0.438 0.730 0.730 0.584 0.584 0.438 0.438 0.292 0.292 0.146 0.146 0.000 0.000 3.210 0.303 0.256 0.208 0.160 0.128 0.096 0.080 0.064 0.032 0.064 0.639 0.926 0.958 0.958 0.958 0.958 0.942 0.942 0.926 0.910 0.894 0.910 0.974 7.145 7.803 10.153 0.000 0.000 0.000 0.000 0.000 0.000 0.000 0.000 0.000 0.000 0.000 0.000 0.000 0.000 0.000 0.000 0.000 0.000 0.000 0.000 0.000 0.000 0.000 0.000 1.222 1.410 0.272 0.287 0.319
0.000 0.000 1.313 1.167 1.021 1.459 0.000 0.000 0.000 0.000 0.730 0.876 1.021 0.730 0.584 0.438 0.438 0.292 0.292 0.146 0.146 2.335 2.481 2.335 2.043 0.192 0.160 0.128 0.112 0.080 0.176 1.214 1.246 1.070 0.958 0.926 0.894 0.878 0.862 0.846 0.831 0.815 0.799 0.799 0.831 0.926 1.070 1.294 7.239 7.239 7.897 10.153 0.000 0.000 0.000 0.000 0.000 0.000 0.000 0.000 0.000 0.000 0.000 0.000 0.000 0.000 0.000 0.000 0.000 0.000 1.786 2.162 1.974 1.974 0.335 0.351 0.367
0.000 0.000 1.021 1.167 1.605 16.197 0.000 0.000 0.000 0.000 0.000 0.000 0.000 0.730 0.876 1.021 1.021 0.584 0.438 0.292 0.292 1.897 2.189 2.189 2.043 1.897 1.605 1.459 1.313 0.192 1.262 2.108 1.677 1.405 1.214 1.038 0.894 0.799 0.751 0.751 0.735 0.719 0.703 0.703 0.703 0.735 0.815 0.926 0.958 0.974 1.086 7.615 7.521 8.367 10.624 0.000 0.000 0.000 0.000 0.000 0.000 0.000 0.000 0.000 0.000 0.000 0.000 0.000 2.256 2.538 2.444 2.444 2.444 0.399 0.383 0.399 0.415
0.000 0.000 0.876 1.021 1.751 0.000 0.000 0.000 0.000 0.000 0.000 0.000 0.000 0.000 0.000 0.000 0.000 0.584 0.730 0.730 0.438 1.459 1.897 2.189 2.189 2.043 1.897 1.897 3.064 4.961 10.360 14.592 1.485 1.374 1.262 1.150 1.038 0.926 0.831 0.719 0.639 0.607 0.607 0.591 0.591 0.591 0.607 0.655 0.687 0.703 0.783 0.926 1.006 1.150 8.085 7.709 7.709 8.461 10.718 0.000 0.000 0.000 0.000 0.000 0.000 0.000 3.008 3.290 2.914 2.914 2.820 2.726 2.726 0.447 0.431 0.431 0.463
0.000 0.000 0.730 1.021 2.627 0.000 0.000 0.000 0.000 0.000 0.000 0.000 0.000 0.000 0.000 0.000 0.000 0.000 0.000 0.000 0.438 1.605 2.627 3.502 2.918 2.627 3.064 3.794 3.940 5.837 9.193 11.820 11.966 11.674 11.236 1.182 1.102 1.022 0.942 0.862 0.783 0.687 0.607 0.511 0.495 0.479 0.479 0.463 0.463 0.479 0.543 0.639 0.735 0.846 0.990 1.022 1.054 6.863 8.179 8.179 9.589 11.846 0.000 0.000 3.855 4.137 3.761 3.573 3.384 3.196 3.102 3.008 0.495 0.479 0.463 0.463 0.495
0.000 0.000 0.584 2.189 17.511 0.000 0.000 0.000 0.000 0.000 0.000 0.000 0.000 0.000 0.000 0.000 0.000 0.000 0.000 0.000 0.000 0.000 0.000 0.000 3.064 5.399 4.670 4.232 4.815 6.421 8.755 10.360 10.944 10.944 10.944 10.652 10.215 9.777 1.006 0.942 0.878 0.815 0.751 0.671 0.591 0.495 0.415 0.367 0.351 0.367 0.399 0.431 0.495 0.559 0.655 0.719 0.767 0.846 0.990 6.393 7.991 9.871 8.179 6.299 4.795 4.419 4.137 3.855 3.573 3.384 3.196 0.527 0.511 0.495 0.479 0.479 0.511
0.000 0.000 0.584 2.189 0.000 0.000 0.000 0.000 0.000 0.000 0.000 0.000 0.000 0.000 0.000 0.000 0.000 0.000 0.000 0.000 0.000 0.000 0.000 0.000 0.000 0.000 3.648 4.815 5.837 7.442 9.485 9.777 10.069 10.360 10.360 10.360 10.215 9.923 9.485 9.047 8.609 0.894 0.831 0.783 0.719 0.639 0.575 0.495 0.399 0.319 0.319 0.335 0.351 0.351 0.399 0.431 0.479 0.543 0.655 0.783 1.070 1.342 6.487 5.077 4.607 4.419 4.137 3.949 3.667 3.384 0.559 0.543 0.511 0.495 0.479 0.479 0.495
0.000 0.000 0.584 2.189 0.000 0.000 0.000 0.000 0.000 0.000 0.000 0.000 0.000 0.000 0.000 0.000 0.000 0.000 0.000 0.000 0.000 0.000 0.000 0.000 0.000 0.000 0.000 0.000 0.000 0.000 0.000 8.609 9.193 9.777 9.923 9.923 9.923 9.923 9.631 9.339 9.047 8.609 8.172 7.734 0.783 0.735 0.671 0.607 0.527 0.479 0.431 0.367 0.303 0.272 0.272 0.287 0.303 0.303 0.351 0.479 0.751 1.022 0.799 0.735 0.719 0.703 0.671 0.639 0.607 0.559 0.543 0.527 0.511 0.495 0.479 0.479 0.479
0.000 0.000 0.438 2.189 0.000 0.000 0.000 0.000 0.000 0.000 0.000 0.000 0.000 0.000 0.000 0.000 0.000 0.000 0.000 0.000 0.000 0.000 0.000 0.000 0.000 0.000 0.000 0.000 0.000 0.000 0.000 0.000 8.318 10.069 9.631 9.485 9.631 9.777 9.777 9.485 9.193 8.901 8.464 8.026 7.588 7.150 6.712 0.671 0.623 0.575 0.543 0.495 0.447 0.383 0.319 0.256 0.240 0.240 0.240 0.272 0.463 0.703 0.591 0.623 0.639 0.623 0.607 0.575 0.543 0.527 0.511 0.495 0.479 0.463 0.447 0.463 0.447
0.000 0.000 0.438 1.605 1.021 0.876 0.000 0.000 0.000 0.000 0.000 0.000 0.000 0.000 0.000 0.000 0.000 0.000 0.000 0.000 0.000 0.000 0.000 0.000 0.000 0.000 0.000 0.000 0.000 0.000 0.000 0.000 0.000 0.000 8.318 8.755 9.339 9.777 9.777 9.631 9.339 8.901 8.609 8.172 7.880 7.442 7.004 6.567 6.129 5.837 0.607 0.575 0.527 0.479 0.431 0.383 0.351 0.287 0.240 0.208 0.272 0.399 0.479 0.511 0.527 0.527 0.511 0.495 0.479 0.479 0.463 0.447 0.447 0.431 0.415 0.431 0.415
0.000 0.000 0.438 1.313 1.021 1.021 0.730 0.584 0.730 0.000 0.000 0.000 0.000 0.000 0.000 0.000 0.000 0.000 0.000 0.000 0.000 0.000 0.000 0.000 0.000 0.000 0.000 0.000 0.000 0.000 0.000 0.000 0.000 0.000 0.000 7.880 9.777 10.652 9.631 9.339 9.047 8.755 8.464 8.172 7.880 7.442 7.150 6.858 6.567 6.275 5.983 5.691 0.591 0.543 0.511 0.463 0.431 0.383 0.351 0.303 0.287 0.335 0.351 0.383 0.415 0.415 0.415 0.415 0.415 0.415 0.399 0.399 0.383 0.383 0.367 0.383 0.367
0.000 0.000 0.438 0.876 1.313 1.605 1.751 1.167 1.021 0.730 0.876 0.000 0.000 0.000 0.000 0.000 0.000 0.000 0.000 0.000 0.000 0.000 0.000 0.000 0.000 0.000 0.000 0.000 0.000 0.000 0.000 0.000 0.000 0.000 0.000 0.000 0.000 0.000 8.318 8.464 8.464 8.172 8.026 7.880 7.588 7.442 7.150 6.858 6.712 6.567 6.275 5.983 5.691 5.399 5.107 0.527 0.495 0.447 0.415 0.383 0.383 0.415 0.383 0.335 0.287 0.287 0.303 0.335 0.335 0.335 0.335 0.335 0.335 0.319 0.319 0.335 0.319
0.000 0.000 0.292 0.876 0.000 0.000 0.000 1.167 1.605 1.751 1.313 1.021 0.730 1.021 0.000 0.000 0.000 0.000 0.000 0.000 0.000 0.000 0.000 0.000 0.000 0.000 0.000 0.000 0.000 0.000 0.000 0.000 0.000 0.000 0.000 0.000 0.000 0.000 0.000 7.296 7.296 7.442 7.296 7.296 7.296 7.150 7.004 6.858 6.712 6.567 6.421 6.129 5.983 5.691 5.399 5.107 4.815 4.524 0.463 0.447 0.447 0.479 0.431 0.383 0.335 0.319 0.303 0.256 0.240 0.256 0.256 0.256 0.256 0.256 0.272 0.272 0.256
0.000 0.000 0.292 0.876 0.000 0.000 0.000 0.000 0.000 0.000 1.313 1.605 1.751 1.897 2.481 0.000 0.000 0.000 0.000 0.000 0.000 0.000 0.000 0.000 0.000 0.000 0.000 0.000 0.000 0.000 0.000 0.000 0.000 0.000 0.000 0.000 0.000 0.000 0.000 0.000 5.253 5.983 6.421 6.567 6.712 6.712 6.712 6.712 6.712 6.567 6.421 6.275 5.983 5.691 5.545 5.253 5.107 4.815 4.670 4.524 0.511 0.559 0.495 0.447 0.447 0.543 0.415 0.335 0.272 0.208 0.176 0.176 0.176 0.192 0.208 0.208 0.192
0.000 0.000 0.292 0.730 0.438 0.438 0.438 0.000 0.000 0.000 0.000 0.000 1.459 2.043 2.627 2.043 1.751 1.459 1.751 0.000 0.000 0.000 0.000 0.000 0.000 0.000 0.000 0.000 0.000 0.000 0.000 0.000 0.000 0.000 0.000 0.000 0.000 0.000 0.000 0.000 3.794 4.815 5.545 5.837 6.129 6.275 6.421 6.421 6.421 6.421 6.275 6.129 5.983 5.691 5.691 5.545 5.399 5.253 4.961 4.815 5.107 5.837 5.253 0.527 0.511 0.511 0.447 0.383 0.319 0.272 0.224 0.176 0.128 0.112 0.128 0.112 0.096
0.000 0.000 0.292 0.438 0.584 0.000 0.438 0.292 0.146 0.292 0.000 0.000 0.000 0.000 0.000 1.459 1.459 1.459 1.605 1.313 1.167 0.876 0.730 5.983 0.000 0.000 0.000 0.000 0.000 0.000 0.000 0.000 0.000 0.000 0.000 0.000 0.000 0.000 0.000 0.000 2.773 3.794 4.524 5.107 5.545 5.837 5.983 6.129 6.129 6.129 5.983 5.983 5.837 5.837 5.837 5.691 5.691 5.545 5.399 5.253 5.691 6.421 5.837 5.399 0.559 0.543 0.479 0.431 0.367 0.319 0.256 0.224 0.176 0.144 0.112 0.096 0.064
0.000 0.000 0.146 0.438 19.262 0.000 0.000 0.292 0.438 0.438 0.292 0.292 0.292 0.000 0.000 0.000 1.167 1.459 1.459 1.313 1.167 1.021 1.459 0.000 0.000 0.000 0.000 0.000 0.000 0.000 0.000 0.000 0.000 0.000 0.000 0.000 0.000 0.000 0.000 0.000 2.043 2.918 3.794 4.378 4.961 5.253 5.545 5.691 5.691 5.837 5.837 5.837 5.983 6.129 6.129 5.983 5.983 5.837 5.837 5.837 6.275 7.150 6.567 6.129 5.691 0.591 0.527 0.479 0.415 0.367 0.303 0.256 0.224 0.192 0.144 0.096 0.080
0.000 0.000 0.146 19.262 0.000 0.000 0.000 0.000 0.000 0.000 0.146 0.146 0.292 0.146 0.000 0.000 0.000 0.000 0.876 1.021 1.021 1.021 1.897 0.000 0.000 0.000 0.000 0.000 0.000 0.000 0.000 0.000 0.000 0.000 0.000 0.000 0.000 0.000 0.000 0.000 1.459 2.335 3.064 3.648 4.378 4.815 5.107 5.253 5.399 5.545 5.837 6.129 6.421 6.567 6.567 6.567 6.421 6.421 6.421 6.421 6.858 7.880 7.442 6.858 6.421 0.639 0.591 0.527 0.463 0.399 0.367 0.335 0.335 0.176 0.144 0.112 0.064
0.000 0.000 0.146 0.000 0.000 0.000 0.000 0.000 0.000 0.000 0.000 0.000 0.000 0.000 0.000 0.000 0.000 0.000 0.730 0.876 0.876 1.021 2.189 0.000 0.000 0.000 0.000 0.000 0.000 0.000 0.000 0.000 0.000 0.000 0.000 0.000 0.000 0.000 0.000 0.000 1.021 1.751 2.481 3.210 3.940 4.524 4.961 5.107 5.253 5.545 6.421 7.150 7.442 7.734 7.442 7.296 7.150 7.150 7.150 7.150 7.734 8.901 8.172 7.588 7.004 6.567 0.655 0.591 0.527 0.463 0.431 0.447 0.319 0.208 0.160 0.128 0.096
0.000 0.000 0.146 0.000 0.000 0.000 0.000 0.000 0.000 0.000 0.000 0.000 0.000 0.000 0.000 0.000 0.000 0.000 0.000 0.584 0.730 1.021 2.627 0.000 0.000 0.000 0.000 0.000 0.000 0.000 0.000 0.000 0.000 0.000 0.000 0.000 0.000 0.000 0.000 0.000 0.730 1.167 1.751 2.481 3.502 3.356 4.086 4.961 5.107 6.275 9.193 9.485 9.777 9.631 8.318 8.026 8.172 8.318 8.026 8.026 8.609 9.777 9.193 8.464 7.734 7.150 0.719 0.639 0.591 0.543 0.559 0.479 0.287 0.224 0.192 0.144 0.112
0.000 0.000 0.146 0.000 0.000 0.000 0.000 0.000 0.000 0.000 0.000 0.000 0.000 0.000 0.000 0.000 0.000 0.000 0.000 0.000 0.438 1.021 1.751 2.189 0.000 0.000 0.000 0.000 0.000 0.000 0.000 0.000 0.000 0.000 0.000 0.000 0.000 0.000 0.000 0.000 0.438 0.730 1.167 2.335 1.751 2.189 2.918 3.794 5.399 8.755 13.571 0.000 0.000 0.000 7.588 9.047 9.777 9.923 8.901 8.901 9.631 10.944 9.923 9.193 8.318 7.734 7.004 0.703 0.671 0.671 0.639 0.463 0.303 0.256 0.208 0.176 0.144
0.000 0.000 0.000 0.000 0.000 0.000 0.000 0.000 0.000 0.000 0.000 0.000 0.000 0.000 0.000 0.000 0.000 0.000 0.000 0.000 0.000 0.000 1.021 1.459 1.313 1.897 0.000 0.000 0.000 0.000 0.000 0.000 0.000 0.000 0.000 0.000 0.000 0.000 0.000 0.000 0.292 0.438 1.021 0.876 0.730 1.313 1.897 2.627 4.815 11.090 16.781 0.000 0.000 0.000 0.000 0.000 0.000 0.000 8.172 9.923 11.236 11.820 10.652 9.631 8.755 8.026 7.442 0.783 0.767 0.783 0.623 0.431 0.319 0.287 0.240 0.208 0.160
0.000 0.000 0.000 0.000 0.000 0.000 0.000 0.000 0.000 0.000 0.000 0.000 0.000 0.000 0.000 0.000 0.000 0.000 0.000 0.000 0.000 0.000 0.584 1.021 1.021 1.459 1.313 2.189 0.000 0.000 0.000 0.000 0.000 0.000 0.000 0.000 0.000 0.000 0.000 0.000 0.000 0.584 0.730 0.438 0.292 0.584 1.021 1.897 4.670 11.528 18.678 0.000 0.000 0.000 0.000 0.000 0.000 0.000 0.000 0.000 0.000 11.966 10.652 9.631 8.901 8.318 8.026 0.862 0.910 0.767 0.591 0.399 0.351 0.303 0.272 0.224 0.192
0.000 0.000 0.000 0.000 0.000 0.000 0.000 0.000 0.000 0.000 0.000 0.000 0.000 0.000 0.000 0.000 0.000 0.000 0.000 0.000 0.000 0.000 0.292 0.730 0.876 1.313 1.459 2.189 2.773 0.000 0.000 0.000 0.000 0.000 0.000 0.000 0.000 0.000 0.000 0.000 0.438 0.876 0.584 0.438 0.438 0.438 0.584 1.313 4.961 12.112 0.000 0.000 0.000 0.000 0.000 0.000 0.000 0.000 0.000 0.000 0.000 0.000 9.047 8.901 8.755 8.464 8.464 0.990 0.894 0.735 0.543 0.415 0.367 0.335 0.287 1.410 1.222
0.000 0.000 0.000 0.000 0.000 0.000 0.000 0.000 0.000 0.000 0.000 0.000 0.000 0.000 0.000 0.000 0.000 0.000 0.000 0.000 0.000 0.000 0.584 0.000 0.000 0.000 0.000 0.000 2.043 1.751 2.335 0.000 0.000 0.000 0.000 0.000 0.000 0.000 0.000 0.292 1.167 0.876 0.438 0.438 0.438 0.438 0.438 0.876 5.399 12.549 0.000 0.000 0.000 0.000 0.000 0.000 0.000 0.000 0.000 0.000 0.000 4.232 7.588 8.318 8.464 8.755 9.339 0.990 0.862 0.703 0.495 0.431 0.383 0.335 0.303 1.504 1.316
0.000 0.000 0.000 0.000 0.000 0.000 0.000 0.000 0.000 0.000 0.000 0.000 0.000 0.000 0.000 0.000 0.000 0.000 0.000 0.000 0.000 0.000 0.000 0.000 0.000 0.000 0.000 0.000 0.000 1.167 1.605 1.313 1.167 1.021 0.876 0.876 0.730 0.730 0.730 1.605 1.167 0.730 0.438 0.438 0.438 0.438 0.438 0.584 5.837 0.000 0.000 0.000 0.000 0.000 0.000 0.000 0.000 0.000 0.000 0.000 0.000 4.670 7.004 7.880 8.609 9.339 1.070 0.942 0.815 0.639 0.479 0.415 0.383 0.335 1.786 1.598 1.410
0.000 0.000 0.000 0.000 0.000 0.000 0.000 0.000 0.000 0.000 0.000 0.000 0.000 0.000 0.000 0.000 0.000 0.000 0.000 0.000 0.000 0.000 0.000 0.000 0.000 0.000 0.000 0.000 0.000 0.000 0.876 0.876 0.876 1.167 1.167 1.313 1.313 1.313 1.751 1.313 0.876 0.438 0.438 0.438 0.438 0.438 0.438 0.438 6.275 0.000 0.000 0.000 0.000 0.000 0.000 0.000 0.000 0.000 0.000 0.000 0.000 4.815 6.712 7.880 9.047 10.069 1.006 0.894 0.751 0.559 0.463 0.415 0.383 0.335 1.786 1.598 1.410
0.000 0.000 0.000 0.000 0.000 0.000 0.000 0.000 0.000 0.000 0.000 0.000 0.000 0.000 0.000 0.000 0.000 0.000 0.000 0.000 0.000 0.000 0.000 0.000 0.000 0.000 0.000 0.000 0.000 0.000 0.438 0.584 0.876 2.773 0.000 0.000 0.000 0.000 0.000 0.000 0.000 0.000 0.000 0.000 0.000 0.000 0.000 0.146 0.000 0.000 0.000 0.000 0.000 0.000 0.000 0.000 0.000 0.000 0.000 0.000 0.000 4.961 7.004 8.464 9.923 9.485 0.942 0.831 0.687 0.495 0.447 0.415 0.367 0.335 1.786 1.598 1.410
0.000 0.000 0.000 0.000 0.000 0.000 0.000 0.000 0.000 0.000 0.000 0.000 0.000 0.000 0.000 0.000 0.000 0.000 0.000 0.000 0.000 0.000 0.000 0.000 0.000 0.000 0.000 0.000 0.000 0.000 0.292 0.438 2.189 0.000 0.000 0.000 0.000 0.000 0.000 0.000 0.000 0.000 0.000 0.000 0.000 0.000 0.000 0.000 0.000 0.000 0.000 0.000 0.000 0.000 0.000 0.000 0.000 0.000 0.000 0.000 0.000 5.399 7.734 9.339 9.485 0.974 0.878 0.751 0.591 0.479 0.431 0.399 0.351 1.880 1.786 1.598 1.504
