数据/150y_1h/150y_1h_res_2/150y_1h_104-0001.wd
ncols         694
nrows         824
xllcorner     581104.939801
yllcorner     3495917.092414
cellsize      2.000000
NODATA_value  -9999.000000
[rows 306 to 339 of 824, columns 462 to 538 of 694]
0.063 0.062 0.060 0.058 0.057 0.057 0.056 0.057 0.052 0.045 0.038 0.031 0.025 0.019 0.015 0.010 0.007 0.000 0.002 0.002 0.002 0.001 0.002 0.003 0.004 0.007 0.012 0.016 0.018 0.019 0.019 0.018 0.016 0.013 0.011 0.008 0.006 0.005 0.006 0.000 0.000 0.000 0.000 0.000 0.000 0.000 0.000 0.000 0.000 0.000 0.000 0.000 0.000 0.000 0.019 0.019 0.020 0.024 0.000 0.001 0.001 0.001 0.002 0.003 0.009 0.038 0.000 0.000 0.000 0.000 0.004 0.014 0.025 0.037 0.048 0.049 0.044
0.084 0.071 0.065 0.062 0.061 0.061 0.061 0.062 0.062 0.059 0.051 0.044 0.038 0.031 0.025 0.019 0.013 0.009 0.007 0.005 0.004 0.003 0.003 0.003 0.005 0.007 0.012 0.015 0.018 0.019 0.019 0.018 0.016 0.014 0.012 0.010 0.008 0.009 0.018 0.000 0.000 0.000 0.000 0.000 0.000 0.000 0.000 0.000 0.000 0.000 0.000 0.000 0.000 0.000 0.000 0.000 0.000 0.020 0.019 0.015 0.013 0.012 0.011 0.011 0.018 0.000 0.000 0.000 0.000 0.000 0.019 0.032 0.043 0.044 0.041 0.039 0.037
0.071 0.068 0.066 0.066 0.066 0.066 0.067 0.068 0.068 0.068 0.066 0.059 0.052 0.045 0.037 0.030 0.022 0.018 0.013 0.010 0.007 0.006 0.005 0.004 0.005 0.000 0.012 0.015 0.017 0.018 0.018 0.018 0.016 0.014 0.012 0.011 0.009 0.010 0.000 0.000 0.000 0.000 0.000 0.000 0.000 0.000 0.000 0.000 0.000 0.000 0.000 0.000 0.000 0.000 0.000 0.000 0.000 0.000 0.000 0.011 0.014 0.015 0.013 0.014 0.022 0.000 0.000 0.000 0.000 0.025 0.037 0.041 0.039 0.036 0.033 0.031 0.031
0.065 0.067 0.068 0.070 0.071 0.073 0.074 0.075 0.075 0.074 0.074 0.076 0.068 0.060 0.051 0.041 0.034 0.027 0.022 0.017 0.013 0.010 0.007 0.006 0.005 0.004 0.011 0.015 0.017 0.018 0.018 0.018 0.016 0.015 0.013 0.011 0.010 0.009 0.005 0.003 0.003 0.000 0.000 0.000 0.000 0.000 0.000 0.000 0.000 0.000 0.000 0.000 0.000 0.000 0.000 0.000 0.000 0.000 0.000 0.000 0.000 0.000 0.010 0.015 0.019 0.025 0.000 0.000 0.000 0.036 0.036 0.034 0.031 0.029 0.027 0.026 0.025
0.065 0.069 0.073 0.076 0.079 0.081 0.083 0.084 0.083 0.079 0.081 0.083 0.085 0.077 0.066 0.054 0.045 0.037 0.030 0.024 0.018 0.014 0.011 0.009 0.007 0.006 0.011 0.014 0.016 0.017 0.018 0.017 0.017 0.015 0.014 0.012 0.011 0.009 0.007 0.005 0.003 0.002 0.002 0.000 0.000 0.000 0.000 0.000 0.000 0.000 0.000 0.000 0.000 0.000 0.000 0.000 0.000 0.000 0.000 0.000 0.000 0.000 0.000 0.000 0.017 0.026 0.032 0.044 0.045 0.037 0.032 0.029 0.027 0.024 0.023 0.022 0.023
0.069 0.075 0.080 0.084 0.088 0.091 0.093 0.094 0.092 0.080 0.090 0.093 0.094 0.091 0.078 0.065 0.054 0.045 0.037 0.030 0.024 0.019 0.015 0.012 0.010 0.009 0.011 0.014 0.016 0.017 0.018 0.017 0.017 0.016 0.014 0.013 0.011 0.010 0.008 0.006 0.004 0.003 0.002 0.001 0.001 0.002 0.000 0.000 0.000 0.000 0.000 0.000 0.000 0.000 0.000 0.000 0.000 0.000 0.000 0.000 0.000 0.000 0.000 0.000 0.000 0.000 0.000 0.029 0.031 0.030 0.028 0.025 0.023 0.021 0.019 0.019 0.016
0.077 0.084 0.089 0.094 0.098 0.102 0.104 0.106 0.105 0.102 0.104 0.105 0.097 0.083 0.079 0.071 0.060 0.050 0.042 0.035 0.028 0.023 0.019 0.015 0.012 0.011 0.012 0.014 0.016 0.017 0.017 0.017 0.017 0.016 0.015 0.013 0.012 0.010 0.009 0.007 0.005 0.004 0.003 0.002 0.001 0.002 0.002 0.003 0.000 0.000 0.000 0.000 0.001 0.002 0.000 0.000 0.000 0.000 0.000 0.000 0.000 0.000 0.000 0.000 0.000 0.000 0.030 0.028 0.027 0.025 0.023 0.021 0.019 0.018 0.017 0.018 0.000
0.087 0.094 0.100 0.105 0.110 0.114 0.117 0.112 0.104 0.094 0.085 0.076 0.064 0.047 0.059 0.071 0.062 0.054 0.046 0.039 0.033 0.027 0.023 0.019 0.016 0.014 0.014 0.015 0.016 0.017 0.018 0.018 0.017 0.016 0.015 0.014 0.013 0.011 0.010 0.008 0.006 0.005 0.004 0.002 0.001 0.001 0.002 0.002 0.002 0.002 0.002 0.002 0.002 0.003 0.007 0.022 0.047 0.000 0.000 0.000 0.000 0.000 0.000 0.000 0.000 0.000 0.026 0.026 0.024 0.022 0.020 0.018 0.017 0.015 0.015 0.013 0.000
0.099 0.106 0.107 0.103 0.099 0.093 0.087 0.081 0.073 0.065 0.057 0.047 0.033 0.034 0.020 0.061 0.063 0.056 0.050 0.044 0.038 0.033 0.028 0.024 0.021 0.019 0.018 0.018 0.019 0.019 0.020 0.020 0.019 0.018 0.017 0.016 0.015 0.013 0.011 0.010 0.008 0.006 0.005 0.003 0.003 0.002 0.002 0.003 0.003 0.003 0.003 0.004 0.005 0.010 0.021 0.035 0.057 0.080 0.107 0.000 0.000 0.000 0.000 0.000 0.000 0.033 0.030 0.026 0.023 0.021 0.018 0.016 0.014 0.013 0.014 0.000 0.000
0.079 0.077 0.074 0.070 0.066 0.061 0.056 0.050 0.044 0.038 0.030 0.021 0.015 0.022 0.024 0.048 0.066 0.060 0.055 0.049 0.045 0.041 0.038 0.035 0.033 0.031 0.030 0.029 0.029 0.028 0.027 0.027 0.026 0.024 0.023 0.021 0.019 0.018 0.016 0.014 0.012 0.010 0.009 0.007 0.006 0.005 0.004 0.004 0.005 0.005 0.007 0.011 0.018 0.027 0.037 0.051 0.070 0.092 0.106 0.109 0.114 0.121 0.000 0.000 0.000 0.029 0.028 0.025 0.022 0.019 0.016 0.014 0.012 0.011 0.010 0.000 0.000
0.046 0.044 0.041 0.038 0.035 0.031 0.027 0.023 0.019 0.015 0.011 0.005 0.008 0.013 0.018 0.036 0.062 0.066 0.062 0.059 0.056 0.055 0.054 0.053 0.053 0.052 0.051 0.050 0.048 0.047 0.045 0.042 0.040 0.037 0.034 0.032 0.030 0.028 0.025 0.023 0.021 0.020 0.018 0.017 0.015 0.014 0.012 0.010 0.012 0.016 0.021 0.028 0.035 0.044 0.055 0.068 0.077 0.079 0.082 0.085 0.088 0.090 0.090 0.097 0.000 0.033 0.030 0.025 0.020 0.016 0.013 0.011 0.010 0.010 0.000 0.000 0.000
0.015 0.014 0.012 0.011 0.010 0.008 0.007 0.005 0.004 0.003 0.002 0.002 0.004 0.007 0.013 0.026 0.050 0.075 0.074 0.074 0.074 0.076 0.077 0.078 0.078 0.078 0.077 0.076 0.074 0.071 0.068 0.065 0.061 0.057 0.054 0.051 0.048 0.045 0.042 0.040 0.038 0.037 0.037 0.036 0.035 0.034 0.032 0.028 0.028 0.033 0.039 0.045 0.053 0.062 0.067 0.063 0.060 0.060 0.061 0.062 0.061 0.047 0.060 0.066 0.059 0.043 0.032 0.024 0.018 0.014 0.010 0.008 0.008 0.007 0.000 0.000 0.000
0.002 0.002 0.002 0.002 0.002 0.002 0.001 0.001 0.001 0.001 0.001 0.001 0.002 0.004 0.008 0.019 0.041 0.081 0.093 0.096 0.099 0.102 0.104 0.105 0.106 0.105 0.105 0.103 0.101 0.098 0.094 0.090 0.085 0.081 0.077 0.074 0.070 0.067 0.065 0.063 0.062 0.061 0.061 0.060 0.060 0.060 0.059 0.056 0.049 0.051 0.057 0.063 0.068 0.061 0.055 0.049 0.045 0.042 0.041 0.040 0.039 0.035 0.037 0.039 0.036 0.031 0.024 0.018 0.013 0.009 0.007 0.005 0.006 0.000 0.000 0.000 0.000
0.001 0.001 0.001 0.001 0.001 0.000 0.000 0.000 0.000 0.000 0.001 0.001 0.001 0.002 0.005 0.013 0.035 0.079 0.118 0.122 0.126 0.130 0.133 0.134 0.134 0.134 0.133 0.132 0.130 0.126 0.121 0.115 0.110 0.106 0.103 0.099 0.095 0.093 0.091 0.090 0.089 0.089 0.089 0.089 0.089 0.089 0.087 0.084 0.079 0.070 0.074 0.064 0.055 0.048 0.041 0.036 0.031 0.027 0.024 0.022 0.020 0.018 0.017 0.016 0.015 0.014 0.012 0.009 0.007 0.005 0.004 0.003 0.003 0.015 0.000 0.000 0.000
0.000 0.000 0.000 0.000 0.000 0.000 0.000 0.000 0.000 0.000 0.000 0.001 0.001 0.001 0.003 0.008 0.034 0.080 0.134 0.151 0.155 0.160 0.163 0.164 0.164 0.164 0.163 0.161 0.159 0.155 0.149 0.139 0.135 0.133 0.129 0.124 0.121 0.119 0.117 0.117 0.117 0.117 0.118 0.118 0.119 0.119 0.118 0.115 0.104 0.082 0.079 0.071 0.061 0.052 0.044 0.037 0.031 0.026 0.021 0.017 0.014 0.011 0.009 0.007 0.005 0.004 0.003 0.002 0.002 0.001 0.001 0.001 0.001 0.000 0.000 0.000 0.000
0.000 0.000 0.000 0.000 0.000 0.000 0.000 0.000 0.000 0.000 0.000 0.001 0.001 0.001 0.002 0.006 0.039 0.000 0.136 0.180 0.185 0.190 0.194 0.000 0.000 0.000 0.000 0.000 0.000 0.000 0.000 0.160 0.162 0.161 0.157 0.149 0.147 0.146 0.145 0.145 0.145 0.146 0.147 0.148 0.148 0.142 0.129 0.115 0.098 0.076 0.075 0.078 0.083 0.074 0.065 0.057 0.049 0.043 0.037 0.031 0.026 0.021 0.017 0.014 0.011 0.009 0.007 0.005 0.004 0.003 0.002 0.002 0.002 0.001 0.001 0.001 0.000
0.000 0.000 0.000 0.000 0.000 0.000 0.000 0.000 0.000 0.000 0.000 0.000 0.001 0.006 0.000 0.000 0.041 0.000 0.000 0.197 0.000 0.000 0.000 0.000 0.000 0.000 0.000 0.000 0.000 0.000 0.000 0.000 0.000 0.000 0.000 0.172 0.174 0.174 0.171 0.173 0.174 0.176 0.169 0.158 0.146 0.135 0.122 0.108 0.092 0.070 0.071 0.072 0.075 0.080 0.082 0.074 0.066 0.059 0.052 0.045 0.039 0.033 0.028 0.023 0.019 0.015 0.012 0.010 0.008 0.006 0.005 0.004 0.003 0.002 0.002 0.002 0.001
0.000 0.000 0.000 0.000 0.000 0.000 0.000 0.000 0.000 0.000 0.000 0.000 0.000 0.000 0.000 0.000 0.000 0.000 0.000 0.000 0.000 0.000 0.000 0.000 0.000 0.000 0.000 0.000 0.000 0.000 0.000 0.000 0.000 0.000 0.000 0.000 0.000 0.000 0.197 0.193 0.183 0.173 0.160 0.150 0.139 0.127 0.115 0.101 0.085 0.066 0.065 0.066 0.068 0.071 0.077 0.083 0.082 0.074 0.067 0.060 0.053 0.046 0.040 0.034 0.029 0.024 0.020 0.016 0.013 0.010 0.008 0.006 0.005 0.004 0.003 0.003 0.002
0.000 0.000 0.000 0.000 0.000 0.000 0.000 0.000 0.000 0.000 0.000 0.000 0.000 0.000 0.000 0.000 0.000 0.000 0.000 0.000 0.000 0.000 0.000 0.000 0.000 0.000 0.000 0.000 0.000 0.000 0.000 0.000 0.000 0.000 0.000 0.000 0.000 0.000 0.000 0.000 0.000 0.000 0.151 0.142 0.132 0.119 0.107 0.094 0.076 0.060 0.059 0.059 0.060 0.063 0.067 0.072 0.079 0.085 0.082 0.074 0.067 0.060 0.053 0.046 0.040 0.035 0.029 0.024 0.020 0.016 0.013 0.011 0.009 0.007 0.006 0.005 0.004
0.000 0.000 0.000 0.000 0.000 0.000 0.000 0.000 0.000 0.000 0.000 0.000 0.000 0.000 0.000 0.000 0.000 0.000 0.000 0.000 0.000 0.000 0.000 0.000 0.000 0.000 0.000 0.000 0.000 0.000 0.000 0.000 0.000 0.000 0.000 0.000 0.000 0.000 0.000 0.000 0.000 0.000 0.000 0.000 0.000 0.108 0.099 0.086 0.066 0.052 0.051 0.050 0.051 0.054 0.057 0.062 0.068 0.074 0.081 0.088 0.081 0.073 0.066 0.059 0.052 0.046 0.040 0.034 0.029 0.025 0.021 0.018 0.015 0.013 0.011 0.009 0.007
0.000 0.000 0.000 0.000 0.000 0.000 0.000 0.000 0.000 0.000 0.000 0.000 0.000 0.000 0.000 0.000 0.000 0.000 0.000 0.000 0.000 0.000 0.000 0.000 0.000 0.000 0.000 0.000 0.000 0.000 0.000 0.000 0.000 0.000 0.000 0.000 0.000 0.000 0.000 0.000 0.000 0.000 0.000 0.000 0.000 0.000 0.000 0.000 0.049 0.042 0.040 0.041 0.042 0.045 0.048 0.052 0.057 0.063 0.069 0.076 0.083 0.087 0.080 0.072 0.065 0.058 0.052 0.046 0.041 0.036 0.032 0.029 0.025 0.022 0.020 0.017 0.014
0.000 0.000 0.000 0.000 0.000 0.000 0.000 0.000 0.000 0.000 0.000 0.000 0.000 0.000 0.000 0.000 0.000 0.000 0.000 0.000 0.000 0.000 0.000 0.000 0.000 0.000 0.000 0.000 0.000 0.000 0.000 0.000 0.000 0.000 0.000 0.000 0.000 0.000 0.000 0.000 0.000 0.000 0.000 0.000 0.000 0.000 0.000 0.000 0.000 0.000 0.024 0.030 0.034 0.037 0.038 0.042 0.047 0.053 0.058 0.064 0.070 0.077 0.084 0.085 0.078 0.071 0.065 0.059 0.055 0.051 0.047 0.044 0.041 0.038 0.034 0.030 0.026
0.000 0.000 0.000 0.000 0.000 0.000 0.000 0.000 0.000 0.000 0.000 0.000 0.000 0.000 0.000 0.000 0.000 0.000 0.000 0.000 0.000 0.000 0.000 0.000 0.000 0.000 0.000 0.000 0.000 0.000 0.000 0.000 0.000 0.000 0.000 0.000 0.000 0.000 0.000 0.000 0.000 0.000 0.000 0.000 0.000 0.000 0.000 0.000 0.000 0.000 0.000 0.000 0.000 0.000 0.024 0.032 0.038 0.044 0.046 0.051 0.057 0.064 0.071 0.079 0.086 0.085 0.079 0.075 0.071 0.069 0.067 0.064 0.061 0.057 0.052 0.047 0.041
0.000 0.000 0.000 0.000 0.000 0.000 0.000 0.000 0.000 0.000 0.000 0.000 0.000 0.000 0.000 0.000 0.000 0.000 0.000 0.000 0.000 0.000 0.000 0.000 0.000 0.000 0.000 0.000 0.000 0.000 0.000 0.000 0.000 0.000 0.000 0.000 0.000 0.000 0.000 0.000 0.000 0.000 0.000 0.000 0.000 0.000 0.000 0.000 0.000 0.000 0.000 0.000 0.000 0.000 0.000 0.000 0.000 0.000 0.031 0.037 0.044 0.051 0.058 0.065 0.073 0.082 0.093 0.093 0.091 0.091 0.089 0.087 0.083 0.079 0.072 0.065 0.058
0.000 0.000 0.000 0.000 0.000 0.000 0.000 0.000 0.000 0.000 0.000 0.000 0.000 0.000 0.000 0.000 0.000 0.000 0.000 0.000 0.000 0.000 0.000 0.000 0.000 0.000 0.000 0.000 0.000 0.000 0.000 0.000 0.000 0.000 0.000 0.000 0.000 0.000 0.000 0.000 0.000 0.000 0.000 0.000 0.000 0.000 0.000 0.000 0.000 0.000 0.000 0.000 0.000 0.000 0.000 0.000 0.000 0.000 0.000 0.023 0.031 0.038 0.045 0.053 0.061 0.070 0.082 0.098 0.114 0.116 0.114 0.112 0.108 0.102 0.092 0.083 0.074
0.000 0.000 0.000 0.000 0.000 0.000 0.000 0.000 0.000 0.000 0.000 0.000 0.000 0.000 0.000 0.000 0.000 0.000 0.000 0.000 0.000 0.000 0.000 0.000 0.000 0.000 0.000 0.000 0.000 0.000 0.000 0.000 0.000 0.000 0.000 0.000 0.000 0.000 0.000 0.000 0.000 0.000 0.000 0.000 0.000 0.000 0.000 0.000 0.000 0.000 0.000 0.000 0.000 0.000 0.000 0.000 0.000 0.000 0.000 0.012 0.019 0.026 0.033 0.040 0.048 0.059 0.072 0.090 0.111 0.131 0.140 0.138 0.134 0.126 0.109 0.099 0.088
0.000 0.000 0.000 0.000 0.000 0.000 0.000 0.000 0.000 0.000 0.000 0.000 0.000 0.000 0.000 0.000 0.000 0.000 0.000 0.000 0.000 0.000 0.000 0.000 0.000 0.000 0.000 0.000 0.000 0.000 0.000 0.000 0.000 0.000 0.000 0.000 0.000 0.000 0.000 0.000 0.000 0.000 0.000 0.000 0.000 0.000 0.000 0.000 0.000 0.000 0.000 0.000 0.000 0.000 0.000 0.000 0.000 0.000 0.000 0.004 0.009 0.015 0.021 0.028 0.037 0.048 0.064 0.085 0.107 0.130 0.000 0.000 0.000 0.000 0.117 0.115 0.098
0.000 0.000 0.000 0.000 0.000 0.000 0.000 0.000 0.000 0.000 0.000 0.000 0.000 0.000 0.000 0.000 0.000 0.000 0.000 0.000 0.000 0.000 0.000 0.000 0.000 0.000 0.000 0.000 0.000 0.000 0.000 0.000 0.000 0.000 0.000 0.000 0.000 0.000 0.000 0.000 0.000 0.000 0.000 0.000 0.000 0.000 0.000 0.000 0.000 0.000 0.000 0.000 0.000 0.000 0.000 0.000 0.000 0.000 0.000 0.001 0.002 0.005 0.010 0.017 0.025 0.037 0.056 0.080 0.105 0.000 0.000 0.000 0.000 0.000 0.000 0.000 0.100
0.000 0.000 0.000 0.000 0.000 0.000 0.000 0.000 0.000 0.000 0.000 0.000 0.000 0.000 0.000 0.000 0.000 0.000 0.000 0.000 0.000 0.000 0.000 0.000 0.000 0.000 0.000 0.000 0.000 0.000 0.000 0.000 0.000 0.000 0.000 0.000 0.000 0.000 0.000 0.000 0.000 0.000 0.000 0.000 0.000 0.000 0.000 0.000 0.000 0.000 0.000 0.000 0.000 0.000 0.000 0.000 0.000 0.000 0.000 0.001 0.001 0.001 0.002 0.007 0.015 0.028 0.050 0.077 0.000 0.000 0.000 0.000 0.000 0.000 0.000 0.000 0.000
0.000 0.000 0.000 0.000 0.000 0.000 0.000 0.000 0.000 0.000 0.000 0.000 0.000 0.000 0.000 0.000 0.000 0.000 0.000 0.000 0.000 0.000 0.000 0.000 0.000 0.000 0.000 0.000 0.000 0.000 0.000 0.000 0.000 0.000 0.000 0.000 0.000 0.000 0.000 0.000 0.000 0.000 0.000 0.000 0.000 0.000 0.000 0.000 0.000 0.000 0.000 0.000 0.000 0.000 0.000 0.000 0.000 0.000 0.000 0.000 0.000 0.001 0.001 0.002 0.008 0.021 0.045 0.072 0.000 0.000 0.000 0.000 0.000 0.000 0.000 0.000 0.000
0.000 0.000 0.000 0.000 0.000 0.000 0.000 0.000 0.000 0.000 0.000 0.000 0.000 0.000 0.000 0.000 0.000 0.000 0.000 0.000 0.000 0.000 0.000 0.000 0.000 0.000 0.000 0.000 0.000 0.000 0.000 0.000 0.000 0.000 0.000 0.000 0.000 0.000 0.000 0.000 0.000 0.000 0.000 0.000 0.000 0.000 0.000 0.000 0.000 0.000 0.000 0.000 0.000 0.000 0.000 0.000 0.000 0.000 0.000 0.000 0.000 0.000 0.001 0.001 0.002 0.013 0.039 0.000 0.000 0.000 0.000 0.000 0.000 0.000 0.000 0.000 0.000
0.000 0.000 0.000 0.000 0.000 0.000 0.000 0.000 0.000 0.000 0.000 0.000 0.000 0.000 0.000 0.000 0.000 0.000 0.000 0.000 0.000 0.000 0.000 0.000 0.000 0.000 0.000 0.000 0.000 0.000 0.000 0.000 0.000 0.000 0.000 0.000 0.000 0.000 0.000 0.000 0.000 0.000 0.000 0.000 0.000 0.000 0.000 0.000 0.000 0.000 0.000 0.000 0.000 0.000 0.000 0.000 0.000 0.000 0.000 0.000 0.000 0.000 0.001 0.001 0.002 0.017 0.051 0.000 0.000 0.000 0.000 0.000 0.000 0.000 0.000 0.000 0.000
0.000 0.000 0.000 0.000 0.000 0.000 0.000 0.000 0.000 0.000 0.000 0.000 0.000 0.000 0.000 0.000 0.000 0.000 0.000 0.000 0.000 0.000 0.000 0.000 0.000 0.000 0.000 0.000 0.000 0.000 0.000 0.000 0.000 0.000 0.000 0.000 0.000 0.000 0.000 0.000 0.000 0.000 0.000 0.000 0.000 0.000 0.000 0.000 0.000 0.000 0.000 0.000 0.000 0.000 0.000 0.000 0.000 0.000 0.000 0.000 0.000 0.000 0.000 0.001 0.002 0.017 0.000 0.000 0.000 0.000 0.000 0.000 0.000 0.000 0.000 0.000 0.000
0.000 0.000 0.000 0.000 0.000 0.000 0.000 0.000 0.000 0.000 0.000 0.000 0.000 0.000 0.000 0.000 0.000 0.000 0.000 0.000 0.000 0.000 0.000 0.000 0.000 0.000 0.000 0.000 0.000 0.000 0.000 0.000 0.000 0.000 0.000 0.000 0.000 0.000 0.000 0.000 0.000 0.000 0.000 0.000 0.000 0.000 0.000 0.000 0.000 0.000 0.000 0.000 0.000 0.000 0.000 0.000 0.000 0.000 0.000 0.000 0.000 0.000 0.000 0.001 0.003 0.017 0.000 0.000 0.000 0.000 0.000 0.000 0.000 0.000 0.000 0.000 0.000
