数据/150y_1h/150y_1h_res_2/150y_1h_103-0001.wd
ncols         694
nrows         824
xllcorner     581104.939801
yllcorner     3495917.092414
cellsize      2.000000
NODATA_value  -9999.000000
[rows 714 to 747 of 824, columns 154 to 230 of 694]
0.000 0.000 0.000 0.000 0.000 0.000 0.002 0.003 0.004 0.005 0.006 0.007 0.008 0.009 0.009 0.009 0.009 0.010 0.009 0.008 0.001 0.001 0.083 0.080 0.077 0.073 0.067 0.062 0.056 0.050 0.045 0.040 0.000 0.000 0.000 0.000 0.000 0.000 0.000 0.000 0.000 0.000 0.001 0.022 0.045 0.055 0.066 0.077 0.088 0.000 0.000 0.000 0.000 0.000 0.000 0.000 0.000 0.000 0.185 0.196 0.206 0.206 0.184 0.164 0.173 0.088 0.013 0.001 0.000 0.000 0.000 0.000 0.000 0.000 0.000 0.000 0.000
0.000 0.000 0.000 0.000 0.000 0.002 0.003 0.004 0.005 0.006 0.007 0.008 0.009 0.009 0.010 0.010 0.011 0.011 0.011 0.011 0.011 0.010 0.001 0.099 0.096 0.092 0.087 0.081 0.075 0.069 0.062 0.057 0.050 0.046 0.000 0.000 0.000 0.000 0.000 0.000 0.000 0.001 0.011 0.064 0.108 0.118 0.129 0.139 0.149 0.000 0.000 0.000 0.000 0.000 0.000 0.000 0.000 0.000 0.248 0.243 0.221 0.196 0.174 0.165 0.175 0.131 0.045 0.001 0.000 0.000 0.000 0.000 0.000 0.000 0.000 0.000 0.000
0.000 0.000 0.000 0.000 0.001 0.003 0.004 0.005 0.006 0.007 0.008 0.009 0.010 0.010 0.011 0.011 0.012 0.013 0.013 0.014 0.014 0.015 0.014 0.001 0.001 0.112 0.107 0.101 0.094 0.088 0.081 0.075 0.069 0.064 0.060 0.000 0.000 0.000 0.000 0.000 0.001 0.003 0.052 0.107 0.162 0.181 0.191 0.202 0.212 0.000 0.000 0.000 0.000 0.000 0.000 0.000 0.000 0.281 0.258 0.234 0.211 0.187 0.164 0.168 0.177 0.174 0.087 0.006 0.000 0.000 0.000 0.000 0.000 0.000 0.000 0.000 0.000
0.000 0.000 0.000 0.000 0.002 0.004 0.005 0.006 0.007 0.008 0.009 0.009 0.010 0.011 0.012 0.012 0.013 0.014 0.015 0.016 0.017 0.019 0.020 0.022 0.026 0.004 0.127 0.120 0.114 0.106 0.100 0.093 0.088 0.084 0.079 0.075 0.072 0.000 0.000 0.000 0.002 0.040 0.094 0.150 0.206 0.245 0.255 0.266 0.000 0.000 0.000 0.000 0.000 0.000 0.000 0.000 0.000 0.273 0.249 0.225 0.201 0.178 0.161 0.171 0.180 0.189 0.133 0.046 0.002 0.000 0.000 0.000 0.000 0.000 0.000 0.000 0.000
0.000 0.000 0.000 0.001 0.003 0.005 0.006 0.007 0.008 0.008 0.009 0.010 0.011 0.011 0.012 0.013 0.014 0.015 0.016 0.017 0.019 0.021 0.025 0.031 0.041 0.060 0.004 0.139 0.133 0.124 0.118 0.112 0.108 0.103 0.099 0.095 0.092 0.090 0.000 0.038 0.045 0.083 0.136 0.192 0.247 0.303 0.318 0.329 0.000 0.000 0.000 0.000 0.000 0.000 0.000 0.000 0.000 0.263 0.240 0.216 0.193 0.168 0.164 0.174 0.183 0.192 0.176 0.090 0.000 0.000 0.000 0.000 0.000 0.000 0.000 0.000 0.000
0.000 0.000 0.000 0.001 0.003 0.005 0.006 0.007 0.008 0.009 0.010 0.010 0.011 0.012 0.013 0.013 0.014 0.015 0.017 0.018 0.020 0.022 0.025 0.030 0.035 0.041 0.027 0.002 0.000 0.140 0.135 0.131 0.127 0.123 0.120 0.116 0.113 0.110 0.103 0.077 0.090 0.124 0.178 0.234 0.289 0.345 0.381 0.392 0.000 0.000 0.000 0.000 0.000 0.000 0.000 0.000 0.000 0.254 0.231 0.207 0.183 0.160 0.167 0.176 0.186 0.195 0.204 0.135 0.000 0.000 0.000 0.000 0.000 0.000 0.000 0.000 0.000
0.000 0.000 0.000 0.001 0.003 0.005 0.006 0.007 0.008 0.009 0.010 0.011 0.011 0.012 0.013 0.014 0.015 0.016 0.017 0.018 0.020 0.022 0.024 0.027 0.030 0.031 0.025 0.018 0.012 0.000 0.154 0.151 0.147 0.144 0.140 0.137 0.134 0.132 0.129 0.000 0.000 0.164 0.220 0.275 0.331 0.388 0.443 0.455 0.465 0.443 0.000 0.000 0.000 0.000 0.000 0.000 0.269 0.245 0.221 0.198 0.173 0.161 0.171 0.180 0.189 0.199 0.208 0.179 0.000 0.000 0.000 0.000 0.000 0.000 0.000 0.000 0.000
0.000 0.000 0.000 0.001 0.003 0.005 0.006 0.007 0.008 0.009 0.010 0.011 0.012 0.012 0.013 0.014 0.015 0.016 0.017 0.018 0.020 0.021 0.023 0.025 0.026 0.026 0.023 0.019 0.015 0.010 0.000 0.170 0.168 0.164 0.161 0.158 0.155 0.153 0.000 0.000 0.000 0.000 0.262 0.318 0.374 0.429 0.485 0.481 0.457 0.433 0.409 0.384 0.000 0.000 0.000 0.000 0.259 0.236 0.211 0.187 0.165 0.164 0.173 0.182 0.191 0.201 0.211 0.000 0.000 0.000 0.000 0.000 0.000 0.000 0.000 0.000 0.000
0.000 0.000 0.000 0.001 0.003 0.005 0.006 0.007 0.008 0.009 0.010 0.011 0.012 0.012 0.013 0.014 0.015 0.016 0.017 0.018 0.019 0.020 0.021 0.022 0.023 0.022 0.021 0.018 0.016 0.013 0.009 0.001 0.000 0.184 0.181 0.179 0.177 0.000 0.000 0.000 0.000 0.000 0.000 0.360 0.416 0.439 0.461 0.000 0.000 0.423 0.399 0.374 0.350 0.326 0.000 0.000 0.250 0.226 0.202 0.179 0.158 0.167 0.177 0.185 0.195 0.204 0.214 0.000 0.000 0.000 0.000 0.000 0.000 0.000 0.000 0.000 0.000
0.000 0.000 0.000 0.001 0.003 0.005 0.006 0.007 0.008 0.009 0.010 0.011 0.012 0.012 0.013 0.014 0.015 0.015 0.016 0.017 0.018 0.019 0.020 0.021 0.021 0.020 0.019 0.017 0.015 0.013 0.011 0.008 0.006 0.001 0.200 0.197 0.000 0.000 0.000 0.000 0.000 0.000 0.000 0.373 0.395 0.415 0.437 0.000 0.000 0.000 0.000 0.366 0.342 0.316 0.290 0.264 0.240 0.216 0.191 0.169 0.160 0.169 0.179 0.187 0.196 0.207 0.216 0.000 0.000 0.000 0.000 0.000 0.000 0.000 0.000 0.000 0.000
0.000 0.000 0.000 0.001 0.003 0.005 0.006 0.007 0.008 0.009 0.010 0.011 0.011 0.012 0.013 0.014 0.014 0.015 0.016 0.017 0.017 0.018 0.019 0.019 0.019 0.019 0.018 0.016 0.015 0.013 0.012 0.010 0.008 0.006 0.000 0.212 0.204 0.000 0.000 0.000 0.000 0.000 0.000 0.350 0.371 0.392 0.413 0.425 0.000 0.000 0.000 0.000 0.000 0.305 0.281 0.254 0.229 0.206 0.183 0.159 0.162 0.171 0.181 0.190 0.199 0.209 0.000 0.000 0.000 0.000 0.000 0.000 0.000 0.000 0.000 0.000 0.000
0.000 0.000 0.000 0.001 0.003 0.005 0.006 0.007 0.008 0.009 0.010 0.011 0.011 0.012 0.013 0.013 0.014 0.015 0.015 0.016 0.017 0.017 0.017 0.018 0.018 0.017 0.017 0.016 0.014 0.013 0.012 0.010 0.009 0.007 0.005 0.000 0.221 0.217 0.000 0.000 0.000 0.000 0.000 0.000 0.348 0.000 0.000 0.406 0.394 0.000 0.000 0.000 0.000 0.000 0.000 0.242 0.219 0.195 0.171 0.154 0.164 0.173 0.182 0.191 0.201 0.211 0.000 0.000 0.000 0.000 0.000 0.000 0.000 0.000 0.000 0.000 0.000
0.000 0.000 0.000 0.001 0.003 0.005 0.006 0.007 0.008 0.009 0.010 0.010 0.011 0.012 0.012 0.013 0.014 0.014 0.015 0.015 0.016 0.016 0.016 0.017 0.016 0.016 0.016 0.015 0.014 0.013 0.012 0.010 0.009 0.008 0.006 0.004 0.001 0.235 0.252 0.000 0.000 0.000 0.000 0.000 0.000 0.000 0.000 0.000 0.375 0.000 0.000 0.000 0.000 0.000 0.253 0.230 0.207 0.184 0.160 0.157 0.166 0.174 0.183 0.193 0.203 0.213 0.000 0.000 0.000 0.000 0.000 0.000 0.000 0.000 0.000 0.000 0.000
0.000 0.000 0.000 0.001 0.003 0.005 0.006 0.007 0.008 0.009 0.009 0.010 0.011 0.011 0.012 0.013 0.013 0.014 0.014 0.015 0.015 0.015 0.016 0.016 0.015 0.015 0.015 0.014 0.013 0.012 0.011 0.010 0.009 0.008 0.007 0.005 0.003 0.001 0.224 0.241 0.000 0.000 0.000 0.000 0.000 0.000 0.000 0.000 0.355 0.000 0.000 0.000 0.000 0.000 0.244 0.220 0.197 0.173 0.150 0.158 0.166 0.175 0.185 0.194 0.202 0.000 0.000 0.000 0.000 0.000 0.000 0.000 0.000 0.000 0.000 0.000 0.000
0.000 0.000 0.000 0.001 0.003 0.005 0.006 0.007 0.008 0.008 0.009 0.010 0.010 0.011 0.012 0.012 0.013 0.013 0.014 0.014 0.014 0.015 0.015 0.015 0.015 0.014 0.014 0.013 0.013 0.012 0.011 0.010 0.009 0.008 0.007 0.006 0.004 0.003 0.001 0.212 0.227 0.000 0.000 0.000 0.000 0.000 0.000 0.339 0.334 0.000 0.000 0.000 0.000 0.253 0.234 0.210 0.186 0.163 0.151 0.160 0.168 0.177 0.186 0.194 0.202 0.208 0.216 0.000 0.000 0.000 0.000 0.000 0.000 0.000 0.000 0.000 0.000
0.000 0.000 0.000 0.000 0.002 0.004 0.005 0.006 0.007 0.008 0.009 0.009 0.010 0.011 0.011 0.012 0.012 0.013 0.013 0.013 0.014 0.014 0.014 0.014 0.014 0.013 0.013 0.013 0.012 0.011 0.011 0.010 0.009 0.008 0.007 0.006 0.005 0.003 0.001 0.000 0.197 0.211 0.000 0.000 0.000 0.000 0.000 0.000 0.000 0.000 0.000 0.000 0.000 0.232 0.220 0.200 0.176 0.152 0.153 0.162 0.170 0.179 0.187 0.195 0.203 0.211 0.219 0.226 0.234 0.000 0.000 0.000 0.000 0.000 0.000 0.000 0.000
0.000 0.000 0.000 0.000 0.001 0.003 0.004 0.005 0.006 0.007 0.008 0.009 0.010 0.010 0.011 0.011 0.012 0.012 0.012 0.013 0.013 0.013 0.013 0.013 0.013 0.013 0.012 0.012 0.011 0.011 0.010 0.009 0.009 0.008 0.007 0.006 0.005 0.003 0.001 0.000 0.000 0.180 0.193 0.212 0.000 0.000 0.000 0.000 0.000 0.000 0.000 0.000 0.221 0.211 0.199 0.187 0.166 0.146 0.154 0.164 0.173 0.181 0.190 0.198 0.207 0.215 0.222 0.230 0.237 0.244 0.253 0.000 0.000 0.000 0.000 0.000 0.000
0.000 0.000 0.000 0.000 0.000 0.002 0.003 0.004 0.005 0.006 0.007 0.008 0.009 0.010 0.010 0.011 0.011 0.011 0.012 0.012 0.012 0.012 0.012 0.012 0.012 0.012 0.012 0.011 0.011 0.010 0.010 0.009 0.008 0.007 0.006 0.005 0.004 0.002 0.000 0.000 0.000 0.000 0.167 0.186 0.204 0.000 0.000 0.000 0.000 0.000 0.000 0.000 0.201 0.189 0.177 0.165 0.154 0.148 0.156 0.166 0.175 0.184 0.193 0.202 0.210 0.218 0.225 0.233 0.239 0.247 0.255 0.263 0.214 0.000 0.000 0.000 0.000
0.000 0.000 0.000 0.000 0.000 0.000 0.002 0.003 0.004 0.005 0.006 0.007 0.008 0.009 0.010 0.010 0.010 0.011 0.011 0.011 0.012 0.012 0.012 0.012 0.012 0.011 0.011 0.011 0.010 0.010 0.009 0.008 0.007 0.006 0.005 0.004 0.003 0.001 0.000 0.000 0.000 0.000 0.000 0.160 0.177 0.195 0.000 0.000 0.000 0.000 0.000 0.191 0.180 0.167 0.156 0.143 0.142 0.147 0.156 0.166 0.176 0.187 0.196 0.205 0.214 0.000 0.000 0.000 0.242 0.250 0.258 0.267 0.258 0.171 0.104 0.000 0.000
0.000 0.000 0.000 0.000 0.000 0.000 0.000 0.002 0.003 0.004 0.005 0.006 0.007 0.008 0.009 0.009 0.010 0.010 0.010 0.011 0.011 0.011 0.011 0.011 0.011 0.011 0.010 0.010 0.009 0.009 0.008 0.007 0.006 0.005 0.004 0.003 0.002 0.000 0.000 0.000 0.000 0.000 0.000 0.000 0.150 0.168 0.188 0.000 0.000 0.000 0.000 0.171 0.159 0.147 0.140 0.140 0.141 0.144 0.154 0.163 0.174 0.184 0.194 0.204 0.214 0.000 0.000 0.000 0.000 0.000 0.261 0.269 0.278 0.215 0.174 0.134 0.000
0.000 0.000 0.000 0.000 0.000 0.000 0.000 0.000 0.002 0.003 0.004 0.005 0.006 0.007 0.008 0.009 0.009 0.009 0.010 0.010 0.010 0.010 0.010 0.010 0.010 0.010 0.010 0.009 0.009 0.008 0.007 0.006 0.005 0.004 0.003 0.002 0.000 0.000 0.000 0.000 0.000 0.000 0.000 0.000 0.127 0.144 0.161 0.180 0.000 0.175 0.162 0.151 0.139 0.139 0.139 0.139 0.140 0.141 0.151 0.160 0.171 0.182 0.191 0.201 0.000 0.000 0.000 0.000 0.000 0.000 0.000 0.269 0.279 0.283 0.244 0.204 0.000
0.000 0.000 0.000 0.000 0.000 0.000 0.000 0.000 0.000 0.002 0.003 0.004 0.005 0.006 0.007 0.008 0.008 0.009 0.009 0.009 0.009 0.009 0.009 0.009 0.009 0.009 0.009 0.008 0.008 0.007 0.006 0.005 0.004 0.003 0.002 0.000 0.000 0.000 0.000 0.000 0.000 0.000 0.000 0.000 0.000 0.121 0.137 0.153 0.170 0.155 0.142 0.138 0.138 0.137 0.137 0.138 0.138 0.139 0.148 0.157 0.168 0.179 0.189 0.000 0.000 0.000 0.000 0.000 0.000 0.000 0.000 0.000 0.000 0.288 0.283 0.273 0.230
0.000 0.000 0.000 0.000 0.000 0.000 0.000 0.000 0.000 0.000 0.002 0.003 0.004 0.005 0.006 0.007 0.007 0.008 0.008 0.008 0.008 0.008 0.008 0.008 0.008 0.008 0.008 0.008 0.007 0.006 0.005 0.004 0.003 0.002 0.000 0.000 0.000 0.000 0.000 0.000 0.000 0.000 0.000 0.000 0.000 0.000 0.113 0.129 0.146 0.138 0.137 0.137 0.136 0.136 0.136 0.137 0.137 0.138 0.145 0.155 0.166 0.177 0.187 0.000 0.000 0.000 0.000 0.000 0.000 0.000 0.000 0.000 0.000 0.000 0.000 0.280 0.274
0.000 0.000 0.000 0.000 0.000 0.000 0.000 0.000 0.000 0.000 0.000 0.002 0.003 0.004 0.005 0.006 0.006 0.007 0.007 0.007 0.007 0.007 0.007 0.007 0.007 0.007 0.007 0.007 0.006 0.005 0.004 0.003 0.002 0.000 0.000 0.000 0.000 0.000 0.000 0.000 0.000 0.000 0.000 0.000 0.000 0.000 0.000 0.106 0.123 0.137 0.136 0.135 0.135 0.135 0.135 0.135 0.135 0.136 0.142 0.152 0.163 0.174 0.000 0.000 0.000 0.000 0.000 0.000 0.000 0.000 0.000 0.000 0.000 0.000 0.000 0.000 0.000
0.000 0.000 0.000 0.000 0.000 0.000 0.000 0.000 0.000 0.000 0.000 0.000 0.002 0.003 0.004 0.005 0.005 0.006 0.006 0.006 0.006 0.006 0.006 0.006 0.006 0.006 0.006 0.006 0.005 0.004 0.003 0.002 0.000 0.000 0.000 0.000 0.000 0.000 0.000 0.000 0.000 0.000 0.000 0.000 0.000 0.000 0.000 0.000 0.100 0.119 0.134 0.133 0.133 0.133 0.133 0.133 0.133 0.134 0.138 0.149 0.160 0.172 0.000 0.000 0.000 0.000 0.000 0.000 0.000 0.000 0.000 0.000 0.000 0.000 0.000 0.000 0.000
0.000 0.000 0.000 0.000 0.000 0.000 0.000 0.000 0.000 0.000 0.000 0.000 0.000 0.002 0.003 0.004 0.004 0.005 0.005 0.005 0.005 0.005 0.005 0.005 0.005 0.005 0.005 0.005 0.004 0.003 0.002 0.000 0.000 0.000 0.000 0.000 0.000 0.000 0.000 0.000 0.000 0.000 0.000 0.000 0.000 0.000 0.000 0.000 0.000 0.086 0.115 0.131 0.131 0.131 0.131 0.131 0.131 0.132 0.134 0.146 0.156 0.000 0.000 0.000 0.000 0.000 0.000 0.000 0.000 0.000 0.000 0.000 0.000 0.000 0.000 0.000 0.000
0.000 0.000 0.000 0.000 0.000 0.000 0.000 0.000 0.000 0.000 0.000 0.000 0.000 0.000 0.001 0.002 0.003 0.003 0.003 0.003 0.003 0.003 0.003 0.003 0.003 0.003 0.003 0.003 0.002 0.001 0.000 0.000 0.000 0.000 0.000 0.000 0.000 0.000 0.000 0.000 0.000 0.000 0.000 0.000 0.000 0.000 0.000 0.000 0.000 0.000 0.094 0.115 0.129 0.129 0.128 0.127 0.127 0.128 0.130 0.142 0.154 0.000 0.000 0.000 0.000 0.000 0.000 0.000 0.000 0.000 0.000 0.000 0.000 0.000 0.000 0.000 0.000
0.000 0.000 0.000 0.000 0.000 0.000 0.000 0.000 0.000 0.000 0.000 0.000 0.000 0.000 0.000 0.000 0.001 0.001 0.001 0.001 0.001 0.001 0.001 0.001 0.001 0.001 0.001 0.001 0.000 0.000 0.000 0.000 0.000 0.000 0.000 0.000 0.000 0.000 0.000 0.000 0.000 0.000 0.000 0.000 0.000 0.000 0.000 0.000 0.000 0.000 0.073 0.093 0.112 0.126 0.124 0.123 0.121 0.122 0.125 0.137 0.000 0.000 0.000 0.000 0.000 0.000 0.000 0.000 0.000 0.000 0.000 0.000 0.000 0.000 0.000 0.000 0.000
0.000 0.000 0.000 0.000 0.000 0.000 0.000 0.000 0.000 0.000 0.000 0.000 0.000 0.000 0.000 0.000 0.000 0.000 0.000 0.000 0.000 0.000 0.000 0.000 0.000 0.000 0.000 0.000 0.000 0.000 0.000 0.000 0.000 0.000 0.000 0.000 0.000 0.000 0.000 0.000 0.000 0.000 0.000 0.000 0.000 0.000 0.000 0.000 0.000 0.000 0.000 0.069 0.089 0.109 0.120 0.116 0.107 0.112 0.114 0.000 0.000 0.000 0.000 0.000 0.000 0.000 0.000 0.000 0.000 0.000 0.000 0.000 0.000 0.000 0.000 0.000 0.000
0.000 0.000 0.000 0.000 0.000 0.000 0.000 0.000 0.000 0.000 0.000 0.000 0.000 0.000 0.000 0.000 0.000 0.000 0.000 0.000 0.000 0.000 0.000 0.000 0.000 0.000 0.000 0.000 0.000 0.000 0.000 0.000 0.000 0.000 0.000 0.000 0.000 0.000 0.000 0.000 0.000 0.000 0.000 0.000 0.000 0.000 0.000 0.000 0.000 0.000 0.000 0.047 0.067 0.085 0.102 0.111 0.107 0.106 0.104 0.101 0.000 0.000 0.000 0.000 0.000 0.000 0.000 0.000 0.000 0.000 0.000 0.000 0.000 0.000 0.000 0.000 0.000
0.000 0.000 0.000 0.000 0.000 0.000 0.000 0.000 0.000 0.000 0.000 0.000 0.000 0.000 0.000 0.000 0.000 0.000 0.000 0.000 0.000 0.000 0.000 0.000 0.000 0.000 0.000 0.000 0.000 0.000 0.000 0.000 0.000 0.000 0.000 0.000 0.000 0.000 0.000 0.000 0.000 0.000 0.000 0.000 0.000 0.000 0.000 0.000 0.000 0.000 0.000 0.025 0.043 0.061 0.078 0.095 0.105 0.101 0.098 0.093 0.094 0.000 0.000 0.000 0.000 0.000 0.000 0.000 0.000 0.000 0.000 0.000 0.000 0.000 0.000 0.000 0.000
0.000 0.000 0.000 0.000 0.000 0.000 0.000 0.000 0.000 0.000 0.000 0.000 0.000 0.000 0.000 0.000 0.000 0.000 0.000 0.000 0.000 0.000 0.000 0.000 0.000 0.000 0.000 0.000 0.000 0.000 0.000 0.000 0.000 0.000 0.000 0.000 0.000 0.000 0.000 0.000 0.000 0.000 0.000 0.000 0.000 0.000 0.000 0.000 0.000 0.000 0.000 0.004 0.019 0.037 0.054 0.071 0.088 0.097 0.092 0.084 0.083 0.076 0.077 0.000 0.000 0.000 0.000 0.000 0.000 0.000 0.000 0.000 0.000 0.000 0.000 0.000 0.000
0.000 0.000 0.000 0.000 0.000 0.000 0.000 0.000 0.000 0.000 0.000 0.000 0.000 0.000 0.000 0.000 0.000 0.000 0.000 0.000 0.000 0.000 0.000 0.000 0.000 0.000 0.000 0.000 0.000 0.000 0.000 0.000 0.000 0.000 0.000 0.000 0.000 0.000 0.000 0.000 0.000 0.000 0.000 0.000 0.000 0.000 0.000 0.000 0.000 0.000 0.000 0.000 0.002 0.013 0.030 0.047 0.064 0.080 0.086 0.077 0.073 0.068 0.069 0.071 0.000 0.000 0.000 0.000 0.000 0.000 0.000 0.000 0.000 0.000 0.000 0.000 0.000
0.000 0.000 0.000 0.000 0.000 0.000 0.000 0.000 0.000 0.000 0.000 0.000 0.000 0.000 0.000 0.000 0.000 0.000 0.000 0.000 0.000 0.000 0.000 0.000 0.000 0.000 0.000 0.000 0.000 0.000 0.000 0.000 0.000 0.000 0.000 0.000 0.000 0.000 0.000 0.000 0.000 0.000 0.000 0.000 0.000 0.000 0.000 0.000 0.000 0.000 0.000 0.000 0.001 0.002 0.008 0.023 0.039 0.054 0.067 0.069 0.061 0.059 0.061 0.063 0.064 0.000 0.000 0.000 0.000 0.000 0.000 0.000 0.000 0.000 0.000 0.000 0.000
