数据/150y_1h/150y_1h_res_2/150y_1h_107-0001.wd
ncols         694
nrows         824
xllcorner     581104.939801
yllcorner     3495917.092414
cellsize      2.000000
NODATA_value  -9999.000000
[rows 306 to 339 of 824, columns 462 to 538 of 694]
0.057 0.057 0.055 0.053 0.052 0.051 0.051 0.051 0.046 0.039 0.033 0.026 0.021 0.016 0.011 0.008 0.005 0.002 0.002 0.002 0.001 0.001 0.001 0.002 0.003 0.006 0.010 0.014 0.017 0.018 0.018 0.016 0.014 0.012 0.010 0.008 0.006 0.004 0.005 0.000 0.000 0.000 0.000 0.000 0.000 0.000 0.000 0.000 0.000 0.000 0.000 0.000 0.000 0.000 0.017 0.017 0.018 0.022 0.000 0.001 0.001 0.001 0.001 0.001 0.007 0.036 0.000 0.000 0.000 0.000 0.003 0.011 0.021 0.033 0.044 0.044 0.039
0.076 0.064 0.059 0.057 0.056 0.055 0.055 0.056 0.056 0.053 0.045 0.038 0.032 0.026 0.020 0.015 0.010 0.007 0.005 0.004 0.003 0.002 0.002 0.002 0.003 0.006 0.010 0.014 0.016 0.017 0.017 0.016 0.015 0.013 0.011 0.009 0.007 0.008 0.017 0.000 0.000 0.000 0.000 0.000 0.000 0.000 0.000 0.000 0.000 0.000 0.000 0.000 0.000 0.000 0.000 0.000 0.000 0.018 0.017 0.014 0.012 0.010 0.009 0.009 0.015 0.000 0.000 0.000 0.000 0.000 0.016 0.028 0.039 0.040 0.037 0.035 0.033
0.064 0.061 0.060 0.059 0.059 0.060 0.061 0.061 0.061 0.061 0.060 0.052 0.046 0.039 0.032 0.025 0.018 0.014 0.011 0.008 0.006 0.005 0.004 0.003 0.004 0.005 0.010 0.013 0.016 0.017 0.017 0.016 0.015 0.013 0.011 0.010 0.008 0.009 0.000 0.000 0.000 0.000 0.000 0.000 0.000 0.000 0.000 0.000 0.000 0.000 0.000 0.000 0.000 0.000 0.000 0.000 0.000 0.000 0.000 0.010 0.012 0.013 0.011 0.012 0.019 0.000 0.000 0.000 0.000 0.022 0.034 0.037 0.035 0.032 0.030 0.028 0.027
0.059 0.060 0.062 0.063 0.064 0.066 0.067 0.068 0.068 0.067 0.067 0.068 0.061 0.054 0.045 0.036 0.029 0.023 0.018 0.014 0.010 0.008 0.006 0.005 0.004 0.004 0.010 0.013 0.015 0.016 0.017 0.016 0.015 0.014 0.012 0.010 0.009 0.009 0.005 0.003 0.002 0.000 0.000 0.000 0.000 0.000 0.000 0.000 0.000 0.000 0.000 0.000 0.000 0.000 0.000 0.000 0.000 0.000 0.000 0.000 0.000 0.000 0.009 0.013 0.016 0.022 0.000 0.000 0.000 0.033 0.032 0.030 0.028 0.026 0.024 0.022 0.022
0.058 0.062 0.065 0.069 0.071 0.074 0.076 0.076 0.076 0.072 0.073 0.076 0.077 0.070 0.059 0.048 0.040 0.032 0.026 0.020 0.016 0.012 0.009 0.007 0.006 0.005 0.009 0.012 0.015 0.016 0.016 0.016 0.015 0.014 0.013 0.011 0.010 0.009 0.006 0.004 0.003 0.002 0.002 0.000 0.000 0.000 0.000 0.000 0.000 0.000 0.000 0.000 0.000 0.000 0.000 0.000 0.000 0.000 0.000 0.000 0.000 0.000 0.000 0.000 0.014 0.022 0.028 0.040 0.041 0.033 0.029 0.026 0.023 0.021 0.020 0.019 0.020
0.062 0.067 0.072 0.077 0.080 0.083 0.085 0.086 0.084 0.071 0.081 0.086 0.087 0.085 0.072 0.059 0.049 0.040 0.033 0.026 0.021 0.016 0.012 0.010 0.008 0.007 0.010 0.012 0.014 0.016 0.016 0.016 0.015 0.014 0.013 0.012 0.010 0.009 0.007 0.005 0.004 0.003 0.002 0.001 0.001 0.002 0.000 0.000 0.000 0.000 0.000 0.000 0.000 0.000 0.000 0.000 0.000 0.000 0.000 0.000 0.000 0.000 0.000 0.000 0.000 0.000 0.000 0.026 0.028 0.027 0.024 0.022 0.020 0.018 0.017 0.016 0.014
0.070 0.076 0.082 0.087 0.091 0.094 0.097 0.098 0.098 0.095 0.096 0.098 0.090 0.076 0.072 0.065 0.054 0.045 0.037 0.031 0.025 0.020 0.016 0.013 0.010 0.009 0.010 0.012 0.014 0.015 0.016 0.016 0.015 0.015 0.013 0.012 0.011 0.009 0.008 0.006 0.005 0.004 0.003 0.002 0.001 0.002 0.002 0.003 0.000 0.000 0.000 0.000 0.001 0.002 0.000 0.000 0.000 0.000 0.000 0.000 0.000 0.000 0.000 0.000 0.000 0.000 0.028 0.025 0.024 0.022 0.020 0.018 0.017 0.015 0.014 0.015 0.000
0.080 0.086 0.092 0.098 0.102 0.106 0.109 0.105 0.096 0.087 0.078 0.069 0.058 0.041 0.052 0.065 0.056 0.048 0.041 0.034 0.029 0.023 0.019 0.016 0.013 0.011 0.011 0.013 0.014 0.015 0.016 0.016 0.016 0.015 0.014 0.013 0.011 0.010 0.008 0.007 0.005 0.004 0.003 0.000 0.001 0.001 0.002 0.002 0.002 0.002 0.002 0.002 0.002 0.002 0.003 0.015 0.039 0.000 0.000 0.000 0.000 0.000 0.000 0.000 0.000 0.000 0.023 0.023 0.022 0.020 0.018 0.016 0.014 0.013 0.012 0.011 0.000
0.091 0.098 0.099 0.096 0.091 0.086 0.080 0.074 0.066 0.058 0.050 0.041 0.028 0.029 0.000 0.055 0.057 0.051 0.045 0.039 0.033 0.028 0.024 0.020 0.017 0.015 0.014 0.015 0.016 0.016 0.017 0.017 0.017 0.016 0.015 0.014 0.013 0.011 0.010 0.008 0.007 0.006 0.004 0.003 0.002 0.002 0.002 0.002 0.002 0.002 0.003 0.003 0.003 0.007 0.015 0.029 0.049 0.072 0.099 0.000 0.000 0.000 0.000 0.000 0.000 0.029 0.026 0.023 0.021 0.018 0.016 0.014 0.012 0.011 0.012 0.000 0.000
0.071 0.069 0.066 0.063 0.059 0.054 0.049 0.044 0.038 0.032 0.025 0.017 0.012 0.017 0.019 0.042 0.059 0.054 0.049 0.044 0.039 0.035 0.031 0.029 0.026 0.024 0.023 0.023 0.022 0.022 0.022 0.022 0.021 0.020 0.019 0.017 0.016 0.014 0.013 0.011 0.009 0.008 0.007 0.005 0.004 0.004 0.003 0.003 0.003 0.004 0.005 0.007 0.013 0.021 0.032 0.045 0.063 0.084 0.098 0.102 0.106 0.114 0.000 0.000 0.000 0.025 0.024 0.022 0.019 0.017 0.014 0.012 0.010 0.010 0.008 0.000 0.000
0.038 0.036 0.034 0.031 0.028 0.025 0.021 0.017 0.014 0.011 0.008 0.004 0.006 0.010 0.015 0.031 0.056 0.059 0.055 0.051 0.049 0.047 0.045 0.044 0.044 0.043 0.042 0.041 0.039 0.038 0.036 0.034 0.032 0.030 0.028 0.026 0.024 0.022 0.020 0.018 0.016 0.015 0.013 0.012 0.011 0.010 0.009 0.007 0.008 0.011 0.016 0.023 0.030 0.039 0.049 0.061 0.070 0.072 0.075 0.078 0.081 0.083 0.083 0.090 0.000 0.028 0.025 0.021 0.017 0.014 0.012 0.010 0.008 0.009 0.000 0.000 0.000
0.010 0.009 0.008 0.008 0.007 0.005 0.004 0.004 0.003 0.002 0.001 0.002 0.003 0.006 0.010 0.022 0.044 0.067 0.066 0.065 0.065 0.066 0.067 0.068 0.068 0.068 0.067 0.066 0.064 0.062 0.059 0.055 0.052 0.049 0.045 0.042 0.040 0.037 0.034 0.032 0.031 0.030 0.029 0.029 0.028 0.027 0.026 0.022 0.022 0.028 0.034 0.040 0.048 0.057 0.062 0.057 0.054 0.053 0.054 0.054 0.053 0.037 0.053 0.059 0.052 0.037 0.026 0.019 0.014 0.011 0.009 0.007 0.006 0.006 0.000 0.000 0.000
0.002 0.002 0.002 0.002 0.001 0.001 0.001 0.001 0.001 0.001 0.001 0.001 0.002 0.003 0.007 0.016 0.035 0.071 0.084 0.086 0.089 0.091 0.094 0.095 0.095 0.095 0.094 0.093 0.091 0.088 0.084 0.080 0.075 0.072 0.068 0.065 0.061 0.059 0.056 0.055 0.054 0.053 0.053 0.053 0.053 0.053 0.052 0.049 0.043 0.046 0.051 0.058 0.063 0.056 0.050 0.045 0.040 0.037 0.035 0.034 0.032 0.028 0.030 0.032 0.029 0.023 0.000 0.007 0.008 0.007 0.006 0.005 0.005 0.000 0.000 0.000 0.000
0.001 0.001 0.001 0.001 0.001 0.000 0.000 0.000 0.000 0.000 0.001 0.001 0.001 0.002 0.004 0.011 0.029 0.069 0.108 0.112 0.116 0.120 0.123 0.124 0.124 0.124 0.123 0.122 0.119 0.116 0.111 0.105 0.100 0.097 0.093 0.089 0.086 0.083 0.082 0.081 0.080 0.081 0.081 0.081 0.082 0.081 0.080 0.078 0.073 0.064 0.069 0.059 0.051 0.044 0.037 0.032 0.027 0.024 0.021 0.018 0.016 0.014 0.013 0.012 0.011 0.010 0.008 0.006 0.004 0.004 0.003 0.002 0.003 0.014 0.000 0.000 0.000
0.000 0.000 0.000 0.000 0.000 0.000 0.000 0.000 0.000 0.000 0.000 0.001 0.001 0.001 0.002 0.007 0.027 0.070 0.123 0.140 0.145 0.149 0.153 0.153 0.153 0.153 0.152 0.151 0.148 0.145 0.139 0.129 0.125 0.123 0.119 0.115 0.111 0.110 0.108 0.108 0.108 0.109 0.110 0.111 0.111 0.112 0.111 0.109 0.098 0.076 0.074 0.066 0.056 0.048 0.040 0.034 0.028 0.023 0.018 0.015 0.012 0.009 0.007 0.005 0.004 0.003 0.002 0.002 0.002 0.001 0.001 0.001 0.001 0.000 0.000 0.000 0.000
0.000 0.000 0.000 0.000 0.000 0.000 0.000 0.000 0.000 0.000 0.000 0.001 0.001 0.001 0.002 0.005 0.032 0.000 0.125 0.169 0.174 0.179 0.184 0.000 0.000 0.000 0.000 0.000 0.000 0.000 0.000 0.150 0.152 0.151 0.147 0.139 0.138 0.137 0.135 0.136 0.137 0.138 0.139 0.140 0.141 0.135 0.122 0.109 0.093 0.071 0.070 0.073 0.078 0.069 0.060 0.053 0.045 0.039 0.033 0.028 0.023 0.019 0.015 0.012 0.009 0.007 0.005 0.004 0.003 0.003 0.002 0.002 0.001 0.001 0.001 0.001 0.000
0.000 0.000 0.000 0.000 0.000 0.000 0.000 0.000 0.000 0.000 0.000 0.000 0.001 0.006 0.000 0.000 0.034 0.000 0.000 0.186 0.000 0.000 0.000 0.000 0.000 0.000 0.000 0.000 0.000 0.000 0.000 0.000 0.000 0.000 0.000 0.162 0.165 0.165 0.162 0.164 0.166 0.167 0.161 0.150 0.139 0.128 0.116 0.102 0.086 0.065 0.066 0.067 0.070 0.075 0.078 0.070 0.062 0.055 0.048 0.041 0.035 0.030 0.025 0.020 0.017 0.013 0.010 0.008 0.006 0.005 0.004 0.003 0.002 0.002 0.002 0.001 0.001
0.000 0.000 0.000 0.000 0.000 0.000 0.000 0.000 0.000 0.000 0.000 0.000 0.000 0.000 0.000 0.000 0.000 0.000 0.000 0.000 0.000 0.000 0.000 0.000 0.000 0.000 0.000 0.000 0.000 0.000 0.000 0.000 0.000 0.000 0.000 0.000 0.000 0.000 0.189 0.184 0.175 0.164 0.153 0.142 0.132 0.120 0.109 0.095 0.079 0.061 0.060 0.061 0.063 0.067 0.072 0.078 0.078 0.070 0.062 0.055 0.049 0.042 0.036 0.031 0.026 0.021 0.017 0.014 0.011 0.009 0.007 0.005 0.004 0.003 0.003 0.002 0.002
0.000 0.000 0.000 0.000 0.000 0.000 0.000 0.000 0.000 0.000 0.000 0.000 0.000 0.000 0.000 0.000 0.000 0.000 0.000 0.000 0.000 0.000 0.000 0.000 0.000 0.000 0.000 0.000 0.000 0.000 0.000 0.000 0.000 0.000 0.000 0.000 0.000 0.000 0.000 0.000 0.000 0.000 0.143 0.135 0.124 0.112 0.101 0.088 0.071 0.055 0.054 0.054 0.055 0.058 0.062 0.068 0.074 0.081 0.077 0.070 0.062 0.055 0.049 0.042 0.036 0.031 0.026 0.021 0.018 0.014 0.011 0.009 0.007 0.006 0.005 0.004 0.003
0.000 0.000 0.000 0.000 0.000 0.000 0.000 0.000 0.000 0.000 0.000 0.000 0.000 0.000 0.000 0.000 0.000 0.000 0.000 0.000 0.000 0.000 0.000 0.000 0.000 0.000 0.000 0.000 0.000 0.000 0.000 0.000 0.000 0.000 0.000 0.000 0.000 0.000 0.000 0.000 0.000 0.000 0.000 0.000 0.000 0.102 0.093 0.080 0.061 0.048 0.046 0.046 0.047 0.049 0.053 0.057 0.063 0.069 0.076 0.083 0.076 0.069 0.061 0.054 0.048 0.041 0.036 0.031 0.026 0.022 0.018 0.015 0.013 0.010 0.009 0.007 0.006
0.000 0.000 0.000 0.000 0.000 0.000 0.000 0.000 0.000 0.000 0.000 0.000 0.000 0.000 0.000 0.000 0.000 0.000 0.000 0.000 0.000 0.000 0.000 0.000 0.000 0.000 0.000 0.000 0.000 0.000 0.000 0.000 0.000 0.000 0.000 0.000 0.000 0.000 0.000 0.000 0.000 0.000 0.000 0.000 0.000 0.000 0.000 0.000 0.044 0.038 0.036 0.036 0.038 0.041 0.043 0.047 0.052 0.058 0.064 0.071 0.078 0.082 0.074 0.067 0.059 0.053 0.047 0.041 0.036 0.032 0.028 0.025 0.022 0.019 0.016 0.014 0.012
0.000 0.000 0.000 0.000 0.000 0.000 0.000 0.000 0.000 0.000 0.000 0.000 0.000 0.000 0.000 0.000 0.000 0.000 0.000 0.000 0.000 0.000 0.000 0.000 0.000 0.000 0.000 0.000 0.000 0.000 0.000 0.000 0.000 0.000 0.000 0.000 0.000 0.000 0.000 0.000 0.000 0.000 0.000 0.000 0.000 0.000 0.000 0.000 0.000 0.000 0.021 0.026 0.030 0.033 0.034 0.037 0.042 0.048 0.053 0.059 0.065 0.072 0.078 0.078 0.071 0.064 0.058 0.053 0.049 0.045 0.042 0.039 0.036 0.033 0.029 0.026 0.022
0.000 0.000 0.000 0.000 0.000 0.000 0.000 0.000 0.000 0.000 0.000 0.000 0.000 0.000 0.000 0.000 0.000 0.000 0.000 0.000 0.000 0.000 0.000 0.000 0.000 0.000 0.000 0.000 0.000 0.000 0.000 0.000 0.000 0.000 0.000 0.000 0.000 0.000 0.000 0.000 0.000 0.000 0.000 0.000 0.000 0.000 0.000 0.000 0.000 0.000 0.000 0.000 0.000 0.000 0.020 0.027 0.033 0.039 0.042 0.047 0.052 0.058 0.064 0.070 0.077 0.077 0.072 0.068 0.065 0.063 0.061 0.058 0.055 0.052 0.047 0.042 0.037
0.000 0.000 0.000 0.000 0.000 0.000 0.000 0.000 0.000 0.000 0.000 0.000 0.000 0.000 0.000 0.000 0.000 0.000 0.000 0.000 0.000 0.000 0.000 0.000 0.000 0.000 0.000 0.000 0.000 0.000 0.000 0.000 0.000 0.000 0.000 0.000 0.000 0.000 0.000 0.000 0.000 0.000 0.000 0.000 0.000 0.000 0.000 0.000 0.000 0.000 0.000 0.000 0.000 0.000 0.000 0.000 0.000 0.000 0.027 0.033 0.039 0.045 0.046 0.054 0.063 0.073 0.085 0.085 0.084 0.084 0.083 0.081 0.078 0.073 0.067 0.060 0.053
0.000 0.000 0.000 0.000 0.000 0.000 0.000 0.000 0.000 0.000 0.000 0.000 0.000 0.000 0.000 0.000 0.000 0.000 0.000 0.000 0.000 0.000 0.000 0.000 0.000 0.000 0.000 0.000 0.000 0.000 0.000 0.000 0.000 0.000 0.000 0.000 0.000 0.000 0.000 0.000 0.000 0.000 0.000 0.000 0.000 0.000 0.000 0.000 0.000 0.000 0.000 0.000 0.000 0.000 0.000 0.000 0.000 0.000 0.000 0.019 0.026 0.029 0.000 0.038 0.050 0.061 0.074 0.090 0.107 0.109 0.108 0.106 0.102 0.096 0.087 0.078 0.069
0.000 0.000 0.000 0.000 0.000 0.000 0.000 0.000 0.000 0.000 0.000 0.000 0.000 0.000 0.000 0.000 0.000 0.000 0.000 0.000 0.000 0.000 0.000 0.000 0.000 0.000 0.000 0.000 0.000 0.000 0.000 0.000 0.000 0.000 0.000 0.000 0.000 0.000 0.000 0.000 0.000 0.000 0.000 0.000 0.000 0.000 0.000 0.000 0.000 0.000 0.000 0.000 0.000 0.000 0.000 0.000 0.000 0.000 0.000 0.009 0.015 0.018 0.016 0.027 0.038 0.050 0.064 0.083 0.103 0.124 0.134 0.132 0.128 0.120 0.103 0.093 0.083
0.000 0.000 0.000 0.000 0.000 0.000 0.000 0.000 0.000 0.000 0.000 0.000 0.000 0.000 0.000 0.000 0.000 0.000 0.000 0.000 0.000 0.000 0.000 0.000 0.000 0.000 0.000 0.000 0.000 0.000 0.000 0.000 0.000 0.000 0.000 0.000 0.000 0.000 0.000 0.000 0.000 0.000 0.000 0.000 0.000 0.000 0.000 0.000 0.000 0.000 0.000 0.000 0.000 0.000 0.000 0.000 0.000 0.000 0.000 0.002 0.006 0.009 0.011 0.018 0.028 0.040 0.056 0.077 0.100 0.123 0.000 0.000 0.000 0.000 0.112 0.110 0.093
0.000 0.000 0.000 0.000 0.000 0.000 0.000 0.000 0.000 0.000 0.000 0.000 0.000 0.000 0.000 0.000 0.000 0.000 0.000 0.000 0.000 0.000 0.000 0.000 0.000 0.000 0.000 0.000 0.000 0.000 0.000 0.000 0.000 0.000 0.000 0.000 0.000 0.000 0.000 0.000 0.000 0.000 0.000 0.000 0.000 0.000 0.000 0.000 0.000 0.000 0.000 0.000 0.000 0.000 0.000 0.000 0.000 0.000 0.000 0.001 0.001 0.003 0.006 0.011 0.019 0.031 0.049 0.073 0.097 0.000 0.000 0.000 0.000 0.000 0.000 0.000 0.095
0.000 0.000 0.000 0.000 0.000 0.000 0.000 0.000 0.000 0.000 0.000 0.000 0.000 0.000 0.000 0.000 0.000 0.000 0.000 0.000 0.000 0.000 0.000 0.000 0.000 0.000 0.000 0.000 0.000 0.000 0.000 0.000 0.000 0.000 0.000 0.000 0.000 0.000 0.000 0.000 0.000 0.000 0.000 0.000 0.000 0.000 0.000 0.000 0.000 0.000 0.000 0.000 0.000 0.000 0.000 0.000 0.000 0.000 0.000 0.001 0.001 0.001 0.001 0.004 0.011 0.023 0.044 0.070 0.000 0.000 0.000 0.000 0.000 0.000 0.000 0.000 0.000
0.000 0.000 0.000 0.000 0.000 0.000 0.000 0.000 0.000 0.000 0.000 0.000 0.000 0.000 0.000 0.000 0.000 0.000 0.000 0.000 0.000 0.000 0.000 0.000 0.000 0.000 0.000 0.000 0.000 0.000 0.000 0.000 0.000 0.000 0.000 0.000 0.000 0.000 0.000 0.000 0.000 0.000 0.000 0.000 0.000 0.000 0.000 0.000 0.000 0.000 0.000 0.000 0.000 0.000 0.000 0.000 0.000 0.000 0.000 0.000 0.000 0.001 0.001 0.001 0.005 0.016 0.039 0.066 0.000 0.000 0.000 0.000 0.000 0.000 0.000 0.000 0.000
0.000 0.000 0.000 0.000 0.000 0.000 0.000 0.000 0.000 0.000 0.000 0.000 0.000 0.000 0.000 0.000 0.000 0.000 0.000 0.000 0.000 0.000 0.000 0.000 0.000 0.000 0.000 0.000 0.000 0.000 0.000 0.000 0.000 0.000 0.000 0.000 0.000 0.000 0.000 0.000 0.000 0.000 0.000 0.000 0.000 0.000 0.000 0.000 0.000 0.000 0.000 0.000 0.000 0.000 0.000 0.000 0.000 0.000 0.000 0.000 0.000 0.000 0.001 0.001 0.001 0.009 0.035 0.000 0.000 0.000 0.000 0.000 0.000 0.000 0.000 0.000 0.000
0.000 0.000 0.000 0.000 0.000 0.000 0.000 0.000 0.000 0.000 0.000 0.000 0.000 0.000 0.000 0.000 0.000 0.000 0.000 0.000 0.000 0.000 0.000 0.000 0.000 0.000 0.000 0.000 0.000 0.000 0.000 0.000 0.000 0.000 0.000 0.000 0.000 0.000 0.000 0.000 0.000 0.000 0.000 0.000 0.000 0.000 0.000 0.000 0.000 0.000 0.000 0.000 0.000 0.000 0.000 0.000 0.000 0.000 0.000 0.000 0.000 0.000 0.001 0.001 0.001 0.013 0.046 0.000 0.000 0.000 0.000 0.000 0.000 0.000 0.000 0.000 0.000
0.000 0.000 0.000 0.000 0.000 0.000 0.000 0.000 0.000 0.000 0.000 0.000 0.000 0.000 0.000 0.000 0.000 0.000 0.000 0.000 0.000 0.000 0.000 0.000 0.000 0.000 0.000 0.000 0.000 0.000 0.000 0.000 0.000 0.000 0.000 0.000 0.000 0.000 0.000 0.000 0.000 0.000 0.000 0.000 0.000 0.000 0.000 0.000 0.000 0.000 0.000 0.000 0.000 0.000 0.000 0.000 0.000 0.000 0.000 0.000 0.000 0.000 0.000 0.001 0.001 0.012 0.000 0.000 0.000 0.000 0.000 0.000 0.000 0.000 0.000 0.000 0.000
0.000 0.000 0.000 0.000 0.000 0.000 0.000 0.000 0.000 0.000 0.000 0.000 0.000 0.000 0.000 0.000 0.000 0.000 0.000 0.000 0.000 0.000 0.000 0.000 0.000 0.000 0.000 0.000 0.000 0.000 0.000 0.000 0.000 0.000 0.000 0.000 0.000 0.000 0.000 0.000 0.000 0.000 0.000 0.000 0.000 0.000 0.000 0.000 0.000 0.000 0.000 0.000 0.000 0.000 0.000 0.000 0.000 0.000 0.000 0.000 0.000 0.000 0.000 0.001 0.001 0.013 0.000 0.000 0.000 0.000 0.000 0.000 0.000 0.000 0.000 0.000 0.000
