数据/150y_1h/150y_1h_res_2/150y_1h_75-0001.wd
ncols         694
nrows         824
xllcorner     581104.939801
yllcorner     3495917.092414
cellsize      2.000000
NODATA_value  -9999.000000
[rows 408 to 441 of 824, columns 385 to 461 of 694]
0.000 0.000 0.000 0.000 0.000 0.000 0.000 0.000 0.000 0.000 0.000 0.000 0.000 0.000 0.000 0.000 0.000 0.000 0.000 0.000 0.000 0.000 0.000 0.000 0.000 0.000 0.000 0.000 0.000 0.000 0.000 0.000 0.095 0.106 0.115 0.123 0.131 0.131 0.129 0.132 0.131 0.130 0.130 0.000 0.000 0.000 0.000 0.000 0.000 0.000 0.038 0.038 0.038 0.038 0.038 0.035 0.030 0.025 0.020 0.015 0.010 0.001 0.000 0.000 0.000 0.000 0.000 0.000 0.000 0.000 0.000 0.000 0.000 0.000 0.000 0.000 0.000
0.000 0.000 0.000 0.000 0.000 0.000 0.000 0.000 0.000 0.000 0.000 0.000 0.000 0.000 0.000 0.000 0.000 0.000 0.000 0.000 0.000 0.000 0.000 0.000 0.000 0.000 0.000 0.000 0.000 0.000 0.000 0.094 0.100 0.110 0.118 0.127 0.132 0.132 0.132 0.131 0.131 0.132 0.131 0.000 0.000 0.000 0.000 0.000 0.000 0.039 0.039 0.038 0.038 0.038 0.038 0.038 0.037 0.033 0.028 0.023 0.018 0.012 0.005 0.000 0.000 0.000 0.000 0.000 0.000 0.000 0.000 0.000 0.000 0.000 0.000 0.000 0.000
0.000 0.000 0.000 0.000 0.000 0.000 0.000 0.000 0.000 0.000 0.000 0.000 0.000 0.000 0.000 0.000 0.000 0.000 0.000 0.000 0.000 0.000 0.000 0.000 0.000 0.000 0.000 0.000 0.000 0.000 0.000 0.096 0.105 0.113 0.122 0.130 0.133 0.133 0.133 0.134 0.134 0.133 0.132 0.000 0.000 0.000 0.000 0.000 0.000 0.039 0.039 0.039 0.039 0.038 0.038 0.038 0.038 0.037 0.036 0.031 0.026 0.020 0.015 0.009 0.001 0.000 0.000 0.000 0.000 0.000 0.000 0.000 0.000 0.000 0.000 0.000 0.000
0.000 0.000 0.000 0.000 0.000 0.000 0.000 0.000 0.000 0.000 0.000 0.000 0.000 0.000 0.000 0.000 0.000 0.000 0.000 0.000 0.000 0.000 0.000 0.000 0.000 0.000 0.000 0.000 0.000 0.000 0.000 0.099 0.106 0.116 0.124 0.133 0.134 0.134 0.134 0.135 0.134 0.136 0.133 0.000 0.000 0.000 0.000 0.000 0.000 0.040 0.040 0.040 0.039 0.039 0.039 0.038 0.038 0.038 0.037 0.037 0.033 0.028 0.023 0.017 0.011 0.002 0.000 0.000 0.000 0.000 0.000 0.000 0.000 0.000 0.000 0.000 0.000
0.000 0.000 0.000 0.000 0.000 0.000 0.000 0.000 0.000 0.000 0.000 0.000 0.000 0.000 0.000 0.000 0.000 0.000 0.000 0.000 0.000 0.000 0.000 0.000 0.000 0.000 0.000 0.000 0.000 0.000 0.000 0.102 0.108 0.117 0.125 0.133 0.133 0.133 0.136 0.136 0.138 0.139 0.000 0.000 0.000 0.000 0.000 0.000 0.000 0.041 0.041 0.041 0.040 0.040 0.039 0.039 0.038 0.038 0.037 0.037 0.036 0.035 0.030 0.025 0.019 0.013 0.005 0.000 0.000 0.000 0.000 0.000 0.000 0.000 0.000 0.000 0.000
0.000 0.000 0.000 0.000 0.000 0.000 0.000 0.000 0.000 0.000 0.000 0.000 0.000 0.000 0.000 0.000 0.000 0.000 0.000 0.000 0.000 0.000 0.000 0.000 0.000 0.000 0.000 0.000 0.000 0.000 0.094 0.103 0.110 0.118 0.127 0.136 0.135 0.135 0.135 0.135 0.135 0.138 0.000 0.000 0.000 0.000 0.000 0.000 0.044 0.043 0.043 0.042 0.041 0.041 0.040 0.040 0.039 0.038 0.038 0.037 0.036 0.036 0.035 0.032 0.027 0.021 0.015 0.008 0.000 0.000 0.000 0.000 0.000 0.000 0.000 0.000 0.000
0.000 0.000 0.000 0.000 0.000 0.000 0.000 0.000 0.000 0.000 0.000 0.000 0.000 0.000 0.000 0.000 0.000 0.000 0.000 0.000 0.000 0.000 0.000 0.000 0.000 0.000 0.000 0.000 0.000 0.000 0.097 0.106 0.111 0.121 0.130 0.139 0.138 0.137 0.134 0.135 0.135 0.136 0.000 0.000 0.000 0.000 0.000 0.000 0.045 0.044 0.044 0.043 0.043 0.042 0.041 0.041 0.040 0.039 0.038 0.037 0.037 0.036 0.035 0.034 0.033 0.028 0.022 0.016 0.009 0.001 0.000 0.000 0.000 0.000 0.000 0.000 0.000
0.000 0.000 0.000 0.000 0.000 0.000 0.000 0.000 0.000 0.000 0.000 0.000 0.000 0.000 0.000 0.000 0.000 0.000 0.000 0.000 0.000 0.000 0.000 0.000 0.000 0.000 0.000 0.000 0.000 0.000 0.100 0.108 0.116 0.124 0.133 0.139 0.139 0.137 0.134 0.134 0.138 0.000 0.000 0.000 0.000 0.000 0.000 0.000 0.046 0.046 0.045 0.044 0.044 0.043 0.042 0.041 0.041 0.040 0.039 0.038 0.037 0.036 0.035 0.034 0.032 0.031 0.030 0.023 0.017 0.010 0.001 0.000 0.000 0.000 0.000 0.000 0.000
0.000 0.000 0.000 0.000 0.000 0.000 0.000 0.000 0.000 0.000 0.000 0.000 0.000 0.000 0.000 0.000 0.000 0.000 0.000 0.000 0.000 0.000 0.000 0.000 0.000 0.000 0.000 0.000 0.000 0.000 0.102 0.110 0.118 0.127 0.137 0.140 0.138 0.134 0.135 0.138 0.139 0.000 0.000 0.000 0.000 0.000 0.000 0.049 0.048 0.047 0.046 0.046 0.045 0.044 0.043 0.042 0.041 0.040 0.039 0.038 0.037 0.036 0.035 0.034 0.032 0.031 0.029 0.028 0.024 0.018 0.010 0.001 0.000 0.000 0.000 0.000 0.000
0.000 0.000 0.000 0.000 0.000 0.000 0.000 0.000 0.000 0.000 0.000 0.000 0.000 0.000 0.000 0.000 0.000 0.000 0.000 0.000 0.000 0.000 0.000 0.000 0.000 0.000 0.000 0.000 0.088 0.096 0.104 0.111 0.122 0.131 0.141 0.139 0.137 0.137 0.138 0.141 0.137 0.000 0.000 0.000 0.000 0.000 0.000 0.049 0.049 0.048 0.048 0.047 0.046 0.045 0.044 0.043 0.042 0.041 0.040 0.039 0.038 0.036 0.035 0.034 0.032 0.031 0.029 0.027 0.025 0.023 0.018 0.010 0.001 0.000 0.000 0.000 0.000
0.000 0.000 0.000 0.000 0.000 0.000 0.000 0.000 0.000 0.000 0.000 0.000 0.000 0.000 0.000 0.000 0.000 0.000 0.000 0.000 0.000 0.000 0.000 0.000 0.000 0.000 0.000 0.000 0.082 0.094 0.109 0.116 0.126 0.133 0.141 0.141 0.136 0.140 0.139 0.137 0.138 0.000 0.000 0.000 0.000 0.000 0.000 0.050 0.050 0.050 0.049 0.049 0.048 0.047 0.046 0.044 0.043 0.042 0.041 0.039 0.038 0.037 0.035 0.034 0.032 0.031 0.029 0.027 0.025 0.023 0.020 0.017 0.009 0.000 0.000 0.000 0.000
0.000 0.000 0.000 0.000 0.000 0.000 0.000 0.000 0.000 0.000 0.000 0.000 0.000 0.000 0.000 0.000 0.000 0.000 0.000 0.000 0.000 0.000 0.000 0.000 0.000 0.000 0.000 0.000 0.087 0.096 0.108 0.119 0.126 0.136 0.139 0.139 0.137 0.137 0.138 0.134 0.141 0.000 0.000 0.000 0.000 0.000 0.000 0.052 0.052 0.051 0.051 0.050 0.049 0.048 0.047 0.046 0.044 0.043 0.042 0.040 0.039 0.037 0.036 0.034 0.033 0.031 0.029 0.027 0.025 0.022 0.020 0.017 0.013 0.006 0.000 0.000 0.000
0.000 0.000 0.000 0.000 0.000 0.000 0.000 0.000 0.000 0.000 0.000 0.000 0.000 0.000 0.000 0.000 0.000 0.000 0.000 0.000 0.000 0.000 0.000 0.000 0.000 0.000 0.000 0.000 0.093 0.104 0.108 0.120 0.126 0.136 0.142 0.139 0.141 0.137 0.139 0.138 0.137 0.000 0.000 0.000 0.000 0.000 0.054 0.053 0.053 0.053 0.052 0.051 0.050 0.049 0.048 0.047 0.045 0.044 0.042 0.041 0.039 0.038 0.036 0.034 0.033 0.031 0.029 0.027 0.025 0.022 0.020 0.016 0.013 0.008 0.002 0.000 0.000
0.000 0.000 0.000 0.000 0.000 0.000 0.000 0.000 0.000 0.000 0.000 0.000 0.000 0.000 0.000 0.000 0.000 0.000 0.000 0.000 0.000 0.000 0.000 0.000 0.000 0.000 0.000 0.000 0.094 0.104 0.112 0.118 0.129 0.136 0.142 0.141 0.140 0.140 0.138 0.139 0.139 0.000 0.000 0.000 0.000 0.000 0.054 0.054 0.055 0.055 0.054 0.053 0.052 0.051 0.049 0.048 0.046 0.045 0.043 0.041 0.040 0.038 0.036 0.035 0.033 0.031 0.029 0.027 0.025 0.022 0.019 0.016 0.013 0.008 0.003 0.000 0.000
0.000 0.000 0.000 0.000 0.000 0.000 0.000 0.000 0.000 0.000 0.000 0.000 0.000 0.000 0.000 0.000 0.000 0.000 0.000 0.000 0.000 0.000 0.000 0.000 0.000 0.000 0.000 0.088 0.098 0.107 0.113 0.119 0.128 0.140 0.144 0.143 0.142 0.139 0.138 0.136 0.137 0.000 0.000 0.000 0.000 0.000 0.054 0.055 0.057 0.057 0.056 0.055 0.053 0.052 0.050 0.049 0.047 0.045 0.044 0.042 0.040 0.038 0.037 0.035 0.033 0.031 0.029 0.027 0.024 0.022 0.019 0.016 0.013 0.009 0.004 0.000 0.000
0.000 0.000 0.000 0.000 0.000 0.000 0.000 0.000 0.000 0.000 0.000 0.000 0.000 0.000 0.000 0.000 0.000 0.000 0.000 0.000 0.000 0.000 0.000 0.000 0.000 0.000 0.000 0.091 0.098 0.107 0.115 0.123 0.133 0.142 0.144 0.142 0.142 0.140 0.138 0.139 0.136 0.132 0.131 0.000 0.000 0.000 0.000 0.000 0.062 0.060 0.058 0.057 0.055 0.053 0.051 0.050 0.048 0.046 0.044 0.042 0.040 0.039 0.037 0.035 0.033 0.031 0.029 0.027 0.024 0.022 0.019 0.016 0.013 0.009 0.004 0.000 0.000
0.000 0.000 0.000 0.000 0.000 0.000 0.000 0.000 0.000 0.000 0.000 0.000 0.000 0.000 0.000 0.000 0.000 0.000 0.000 0.000 0.000 0.000 0.000 0.000 0.000 0.000 0.000 0.093 0.102 0.108 0.119 0.127 0.135 0.142 0.142 0.142 0.142 0.139 0.139 0.136 0.136 0.132 0.128 0.122 0.117 0.113 0.000 0.076 0.069 0.065 0.061 0.059 0.056 0.054 0.052 0.051 0.049 0.047 0.045 0.043 0.041 0.039 0.037 0.035 0.033 0.031 0.028 0.026 0.024 0.021 0.019 0.016 0.013 0.009 0.005 0.001 0.000
0.000 0.000 0.000 0.000 0.000 0.000 0.000 0.000 0.000 0.000 0.000 0.000 0.000 0.000 0.000 0.000 0.000 0.000 0.000 0.000 0.000 0.000 0.000 0.000 0.000 0.000 0.000 0.095 0.100 0.110 0.121 0.129 0.138 0.146 0.145 0.144 0.142 0.141 0.139 0.139 0.134 0.130 0.126 0.121 0.115 0.108 0.096 0.083 0.074 0.068 0.063 0.060 0.058 0.055 0.053 0.051 0.049 0.047 0.045 0.043 0.041 0.039 0.037 0.035 0.032 0.030 0.028 0.026 0.023 0.021 0.018 0.015 0.012 0.009 0.005 0.001 0.000
0.000 0.000 0.000 0.000 0.000 0.000 0.000 0.000 0.000 0.000 0.000 0.000 0.000 0.000 0.000 0.000 0.000 0.000 0.000 0.000 0.000 0.000 0.000 0.000 0.000 0.000 0.000 0.094 0.103 0.109 0.122 0.130 0.143 0.161 0.148 0.143 0.142 0.141 0.138 0.138 0.000 0.126 0.124 0.120 0.112 0.105 0.094 0.083 0.075 0.069 0.065 0.061 0.059 0.056 0.054 0.052 0.050 0.047 0.045 0.043 0.041 0.039 0.036 0.034 0.032 0.030 0.027 0.025 0.023 0.020 0.017 0.014 0.011 0.008 0.003 0.000 0.000
0.000 0.000 0.000 0.000 0.000 0.000 0.000 0.000 0.000 0.000 0.000 0.000 0.000 0.000 0.000 0.000 0.000 0.000 0.000 0.000 0.000 0.000 0.000 0.000 0.000 0.000 0.000 0.097 0.104 0.113 0.124 0.132 0.144 0.148 0.144 0.144 0.143 0.140 0.140 0.000 0.000 0.000 0.000 0.000 0.106 0.102 0.089 0.081 0.074 0.069 0.065 0.062 0.059 0.057 0.054 0.052 0.050 0.048 0.045 0.043 0.041 0.038 0.036 0.034 0.031 0.029 0.027 0.024 0.021 0.019 0.016 0.013 0.009 0.005 0.003 0.000 0.000
0.000 0.000 0.000 0.000 0.000 0.000 0.000 0.000 0.000 0.000 0.000 0.000 0.000 0.000 0.000 0.000 0.000 0.000 0.000 0.000 0.000 0.000 0.000 0.000 0.000 0.000 0.090 0.099 0.106 0.114 0.125 0.134 0.143 0.144 0.144 0.143 0.140 0.141 0.000 0.000 0.000 0.000 0.000 0.000 0.000 0.000 0.079 0.076 0.072 0.068 0.065 0.062 0.060 0.057 0.055 0.052 0.050 0.047 0.045 0.043 0.040 0.038 0.035 0.033 0.031 0.028 0.025 0.023 0.020 0.017 0.013 0.010 0.007 0.005 0.003 0.000 0.000
0.000 0.000 0.000 0.000 0.000 0.000 0.000 0.000 0.000 0.000 0.000 0.000 0.000 0.000 0.000 0.000 0.000 0.000 0.000 0.000 0.000 0.000 0.000 0.000 0.000 0.000 0.092 0.098 0.107 0.114 0.126 0.134 0.144 0.141 0.139 0.140 0.143 0.143 0.000 0.000 0.000 0.000 0.000 0.000 0.000 0.000 0.073 0.072 0.070 0.067 0.065 0.062 0.060 0.057 0.055 0.052 0.050 0.047 0.045 0.042 0.039 0.037 0.034 0.032 0.029 0.026 0.024 0.021 0.017 0.013 0.011 0.009 0.008 0.005 0.003 0.000 0.000
0.000 0.000 0.000 0.000 0.000 0.000 0.000 0.000 0.000 0.000 0.000 0.000 0.000 0.000 0.000 0.000 0.000 0.000 0.000 0.000 0.000 0.000 0.000 0.000 0.000 0.000 0.091 0.102 0.107 0.115 0.125 0.135 0.141 0.140 0.141 0.141 0.142 0.000 0.000 0.000 0.000 0.000 0.069 0.069 0.070 0.070 0.070 0.070 0.068 0.066 0.064 0.062 0.059 0.057 0.054 0.052 0.049 0.047 0.044 0.041 0.038 0.036 0.033 0.030 0.027 0.024 0.021 0.017 0.013 0.012 0.011 0.010 0.008 0.006 0.003 0.001 0.000
0.000 0.000 0.000 0.000 0.000 0.000 0.000 0.000 0.000 0.000 0.000 0.000 0.000 0.000 0.000 0.000 0.000 0.000 0.000 0.000 0.000 0.000 0.000 0.000 0.000 0.000 0.092 0.100 0.108 0.114 0.127 0.135 0.141 0.140 0.140 0.138 0.138 0.000 0.000 0.000 0.000 0.000 0.000 0.070 0.070 0.070 0.070 0.069 0.067 0.065 0.064 0.061 0.059 0.057 0.054 0.051 0.048 0.046 0.043 0.040 0.037 0.034 0.031 0.028 0.024 0.020 0.016 0.015 0.014 0.013 0.012 0.010 0.008 0.006 0.004 0.001 0.000
0.000 0.000 0.000 0.000 0.000 0.000 0.000 0.000 0.000 0.000 0.000 0.000 0.000 0.000 0.000 0.000 0.000 0.000 0.000 0.000 0.000 0.000 0.000 0.000 0.000 0.000 0.092 0.102 0.108 0.116 0.127 0.136 0.140 0.138 0.142 0.138 0.140 0.000 0.000 0.000 0.000 0.000 0.000 0.000 0.000 0.000 0.069 0.068 0.066 0.065 0.063 0.061 0.059 0.056 0.053 0.050 0.047 0.044 0.041 0.038 0.035 0.031 0.028 0.024 0.019 0.018 0.017 0.016 0.015 0.013 0.012 0.011 0.009 0.007 0.004 0.001 0.000
0.000 0.000 0.000 0.000 0.000 0.000 0.000 0.000 0.000 0.000 0.000 0.000 0.000 0.000 0.000 0.000 0.000 0.000 0.000 0.000 0.000 0.000 0.000 0.000 0.000 0.082 0.091 0.104 0.108 0.118 0.126 0.139 0.136 0.137 0.133 0.137 0.000 0.000 0.000 0.000 0.000 0.000 0.000 0.000 0.000 0.000 0.000 0.000 0.065 0.064 0.063 0.060 0.058 0.056 0.052 0.049 0.046 0.042 0.039 0.035 0.032 0.027 0.023 0.021 0.020 0.019 0.017 0.016 0.015 0.014 0.013 0.011 0.009 0.007 0.004 0.001 0.000
0.000 0.000 0.000 0.000 0.000 0.000 0.000 0.000 0.000 0.000 0.000 0.000 0.000 0.000 0.000 0.000 0.000 0.000 0.000 0.000 0.000 0.000 0.000 0.000 0.000 0.083 0.092 0.102 0.111 0.119 0.128 0.137 0.135 0.137 0.134 0.135 0.000 0.000 0.000 0.000 0.000 0.000 0.000 0.000 0.000 0.000 0.000 0.000 0.000 0.000 0.000 0.058 0.057 0.055 0.051 0.048 0.044 0.039 0.035 0.031 0.026 0.024 0.022 0.021 0.020 0.019 0.018 0.017 0.016 0.014 0.013 0.012 0.010 0.008 0.005 0.002 0.000
0.000 0.000 0.000 0.000 0.000 0.000 0.000 0.000 0.000 0.000 0.000 0.000 0.000 0.000 0.000 0.000 0.000 0.000 0.004 0.000 0.000 0.000 0.000 0.000 0.000 0.082 0.094 0.102 0.112 0.119 0.129 0.134 0.134 0.133 0.135 0.134 0.000 0.000 0.000 0.000 0.000 0.000 0.000 0.000 0.000 0.000 0.000 0.000 0.000 0.000 0.000 0.000 0.000 0.000 0.048 0.046 0.040 0.035 0.030 0.026 0.025 0.024 0.023 0.022 0.021 0.020 0.019 0.017 0.016 0.015 0.014 0.012 0.010 0.008 0.006 0.001 0.000
0.000 0.000 0.000 0.000 0.000 0.000 0.000 0.000 0.000 0.000 0.000 0.000 0.000 0.000 0.000 0.000 0.000 0.002 0.005 0.014 0.022 0.000 0.000 0.000 0.000 0.082 0.093 0.103 0.112 0.120 0.128 0.131 0.132 0.131 0.133 0.132 0.000 0.000 0.000 0.000 0.000 0.000 0.000 0.000 0.000 0.000 0.000 0.000 0.000 0.000 0.000 0.000 0.000 0.000 0.000 0.000 0.030 0.027 0.027 0.026 0.025 0.024 0.023 0.022 0.021 0.020 0.019 0.018 0.017 0.016 0.014 0.013 0.011 0.009 0.008 0.000 0.000
0.000 0.000 0.000 0.000 0.000 0.000 0.000 0.000 0.000 0.000 0.000 0.000 0.000 0.000 0.000 0.000 0.000 0.002 0.007 0.015 0.024 0.033 0.000 0.000 0.000 0.082 0.091 0.100 0.110 0.120 0.128 0.130 0.130 0.131 0.131 0.000 0.000 0.000 0.000 0.000 0.000 0.000 0.000 0.000 0.000 0.000 0.000 0.000 0.000 0.000 0.000 0.000 0.000 0.000 0.000 0.000 0.024 0.025 0.025 0.025 0.024 0.024 0.023 0.022 0.021 0.020 0.020 0.018 0.017 0.016 0.015 0.014 0.012 0.012 0.008 0.000 0.000
0.000 0.000 0.000 0.000 0.000 0.000 0.000 0.000 0.000 0.000 0.000 0.000 0.000 0.000 0.000 0.001 0.002 0.002 0.007 0.016 0.026 0.034 0.043 0.054 0.066 0.080 0.089 0.099 0.108 0.118 0.128 0.128 0.129 0.129 0.130 0.000 0.000 0.000 0.000 0.000 0.000 0.000 0.000 0.000 0.000 0.000 0.000 0.000 0.000 0.000 0.000 0.000 0.000 0.000 0.000 0.000 0.021 0.023 0.024 0.024 0.024 0.024 0.023 0.022 0.022 0.021 0.020 0.019 0.018 0.017 0.016 0.016 0.017 0.017 0.009 0.000 0.000
0.000 0.000 0.000 0.000 0.000 0.000 0.000 0.000 0.000 0.000 0.000 0.000 0.000 0.002 0.002 0.003 0.003 0.003 0.007 0.017 0.026 0.035 0.045 0.055 0.065 0.078 0.088 0.097 0.107 0.117 0.126 0.126 0.127 0.128 0.128 0.000 0.000 0.000 0.000 0.000 0.000 0.000 0.000 0.000 0.000 0.000 0.000 0.000 0.000 0.000 0.000 0.000 0.000 0.000 0.000 0.005 0.018 0.021 0.022 0.023 0.023 0.023 0.023 0.022 0.022 0.021 0.020 0.020 0.019 0.019 0.021 0.024 0.026 0.021 0.012 0.001 0.000
0.000 0.002 0.008 0.006 0.002 0.001 0.000 0.000 0.000 0.000 0.000 0.001 0.002 0.003 0.004 0.004 0.005 0.006 0.008 0.016 0.026 0.035 0.045 0.055 0.066 0.076 0.087 0.097 0.107 0.117 0.124 0.125 0.125 0.127 0.127 0.000 0.000 0.000 0.000 0.000 0.000 0.000 0.000 0.000 0.000 0.000 0.000 0.000 0.000 0.000 0.000 0.000 0.000 0.000 0.000 0.005 0.016 0.019 0.021 0.022 0.023 0.023 0.023 0.023 0.022 0.022 0.021 0.021 0.021 0.025 0.033 0.000 0.000 0.022 0.014 0.002 0.000
0.000 0.000 0.025 0.023 0.020 0.017 0.014 0.011 0.008 0.005 0.003 0.004 0.004 0.005 0.006 0.007 0.008 0.009 0.011 0.013 0.025 0.035 0.045 0.055 0.065 0.075 0.086 0.096 0.105 0.116 0.121 0.122 0.124 0.124 0.000 0.000 0.000 0.000 0.000 0.000 0.000 0.000 0.000 0.000 0.000 0.000 0.000 0.000 0.000 0.000 0.000 0.000 0.000 0.000 0.000 0.005 0.014 0.018 0.020 0.021 0.022 0.023 0.023 0.023 0.023 0.023 0.022 0.023 0.024 0.028 0.000 0.000 0.000 0.000 0.000 0.000 0.000
