数据/150y_1h/150y_1h_res/150y_1h_85-0001.wd
ncols         694
nrows         824
xllcorner     581104.939801
yllcorner     3495917.092414
cellsize      2.000000
NODATA_value  -9999.000000
[rows 306 to 339 of 824, columns 462 to 538 of 694]
0.106 0.104 0.102 0.100 0.099 0.100 0.100 0.101 0.096 0.089 0.081 0.073 0.065 0.058 0.049 0.041 0.032 0.024 0.019 0.014 0.011 0.010 0.013 0.020 0.025 0.031 0.035 0.037 0.039 0.039 0.038 0.035 0.031 0.027 0.023 0.019 0.016 0.013 0.014 0.000 0.000 0.000 0.000 0.000 0.000 0.000 0.000 0.000 0.000 0.000 0.000 0.000 0.000 0.000 0.036 0.036 0.038 0.042 0.000 0.005 0.006 0.006 0.006 0.006 0.013 0.041 0.000 0.000 0.000 0.000 0.013 0.025 0.037 0.050 0.063 0.063 0.059
0.137 0.117 0.109 0.106 0.106 0.106 0.107 0.108 0.109 0.106 0.098 0.090 0.081 0.073 0.064 0.055 0.044 0.036 0.029 0.023 0.018 0.015 0.016 0.020 0.025 0.030 0.034 0.036 0.038 0.038 0.037 0.035 0.032 0.029 0.025 0.021 0.019 0.021 0.030 0.000 0.000 0.000 0.000 0.000 0.000 0.000 0.000 0.000 0.000 0.000 0.000 0.000 0.000 0.000 0.000 0.000 0.000 0.035 0.033 0.026 0.022 0.020 0.018 0.017 0.025 0.000 0.000 0.000 0.000 0.000 0.030 0.044 0.056 0.058 0.055 0.053 0.051
0.117 0.113 0.112 0.111 0.112 0.113 0.115 0.116 0.116 0.117 0.115 0.107 0.098 0.089 0.079 0.068 0.057 0.048 0.040 0.033 0.027 0.023 0.021 0.023 0.026 0.030 0.033 0.036 0.037 0.037 0.036 0.035 0.032 0.029 0.026 0.023 0.022 0.023 0.000 0.000 0.000 0.000 0.000 0.000 0.000 0.000 0.000 0.000 0.000 0.000 0.000 0.000 0.000 0.000 0.000 0.000 0.000 0.000 0.000 0.020 0.023 0.024 0.021 0.021 0.031 0.000 0.000 0.000 0.000 0.038 0.051 0.055 0.052 0.049 0.046 0.045 0.044
0.111 0.114 0.116 0.118 0.119 0.121 0.123 0.124 0.124 0.124 0.125 0.125 0.116 0.106 0.094 0.081 0.071 0.061 0.052 0.043 0.036 0.031 0.027 0.027 0.028 0.030 0.033 0.035 0.036 0.037 0.036 0.035 0.033 0.030 0.028 0.025 0.023 0.021 0.013 0.009 0.007 0.000 0.000 0.000 0.000 0.000 0.000 0.000 0.000 0.000 0.000 0.000 0.000 0.000 0.000 0.000 0.000 0.000 0.000 0.000 0.000 0.000 0.016 0.023 0.028 0.036 0.000 0.000 0.000 0.051 0.050 0.047 0.045 0.042 0.040 0.038 0.037
0.113 0.117 0.122 0.125 0.128 0.130 0.132 0.133 0.133 0.131 0.132 0.133 0.132 0.123 0.109 0.094 0.083 0.072 0.062 0.053 0.045 0.039 0.034 0.032 0.031 0.032 0.034 0.035 0.036 0.037 0.036 0.035 0.033 0.031 0.029 0.026 0.024 0.021 0.016 0.012 0.009 0.006 0.004 0.000 0.000 0.000 0.000 0.000 0.000 0.000 0.000 0.000 0.000 0.000 0.000 0.000 0.000 0.000 0.000 0.000 0.000 0.000 0.000 0.000 0.025 0.038 0.047 0.062 0.062 0.053 0.047 0.043 0.039 0.037 0.034 0.033 0.035
0.119 0.125 0.130 0.134 0.138 0.141 0.143 0.144 0.143 0.136 0.141 0.143 0.141 0.136 0.121 0.106 0.093 0.081 0.071 0.062 0.054 0.047 0.042 0.039 0.037 0.036 0.037 0.037 0.038 0.038 0.037 0.036 0.035 0.033 0.031 0.029 0.026 0.023 0.019 0.015 0.012 0.009 0.006 0.004 0.003 0.004 0.000 0.000 0.000 0.000 0.000 0.000 0.000 0.000 0.000 0.000 0.000 0.000 0.000 0.000 0.000 0.000 0.000 0.000 0.000 0.000 0.000 0.045 0.048 0.046 0.042 0.039 0.035 0.032 0.030 0.029 0.026
0.128 0.134 0.140 0.145 0.148 0.152 0.154 0.155 0.155 0.153 0.154 0.154 0.143 0.126 0.121 0.113 0.099 0.088 0.078 0.069 0.062 0.056 0.051 0.047 0.045 0.044 0.044 0.043 0.043 0.043 0.042 0.041 0.039 0.037 0.035 0.033 0.030 0.027 0.023 0.020 0.016 0.013 0.010 0.007 0.004 0.004 0.004 0.006 0.000 0.000 0.000 0.000 0.004 0.021 0.000 0.000 0.000 0.000 0.000 0.000 0.000 0.000 0.000 0.000 0.000 0.000 0.046 0.043 0.041 0.040 0.037 0.034 0.031 0.029 0.027 0.028 0.000
0.138 0.144 0.151 0.155 0.160 0.164 0.166 0.161 0.153 0.143 0.133 0.122 0.107 0.086 0.101 0.115 0.104 0.094 0.086 0.078 0.071 0.066 0.062 0.059 0.058 0.057 0.056 0.056 0.055 0.054 0.052 0.050 0.048 0.046 0.044 0.041 0.038 0.035 0.031 0.028 0.024 0.020 0.015 0.000 0.005 0.005 0.006 0.007 0.007 0.007 0.009 0.013 0.019 0.031 0.047 0.068 0.093 0.000 0.000 0.000 0.000 0.000 0.000 0.000 0.000 0.000 0.040 0.040 0.038 0.036 0.033 0.031 0.028 0.026 0.024 0.021 0.000
0.149 0.156 0.157 0.153 0.148 0.143 0.136 0.130 0.121 0.111 0.102 0.089 0.070 0.071 0.070 0.107 0.109 0.102 0.095 0.089 0.085 0.081 0.079 0.077 0.076 0.075 0.074 0.073 0.072 0.071 0.069 0.066 0.064 0.060 0.057 0.054 0.051 0.047 0.044 0.040 0.036 0.033 0.028 0.024 0.020 0.015 0.014 0.015 0.017 0.020 0.024 0.029 0.036 0.046 0.061 0.080 0.103 0.125 0.151 0.000 0.000 0.000 0.000 0.000 0.000 0.049 0.044 0.040 0.036 0.033 0.030 0.028 0.025 0.023 0.024 0.000 0.000
0.130 0.127 0.123 0.120 0.115 0.110 0.104 0.097 0.090 0.082 0.071 0.057 0.046 0.055 0.064 0.093 0.117 0.112 0.107 0.104 0.102 0.101 0.100 0.099 0.099 0.098 0.097 0.096 0.094 0.092 0.089 0.086 0.083 0.079 0.075 0.072 0.068 0.064 0.061 0.057 0.054 0.050 0.047 0.043 0.039 0.035 0.028 0.029 0.032 0.036 0.041 0.046 0.053 0.063 0.076 0.093 0.114 0.136 0.150 0.151 0.155 0.162 0.000 0.000 0.000 0.045 0.043 0.039 0.034 0.030 0.027 0.024 0.022 0.020 0.017 0.000 0.000
0.096 0.093 0.090 0.086 0.082 0.078 0.072 0.066 0.059 0.051 0.042 0.026 0.033 0.042 0.054 0.080 0.118 0.125 0.124 0.123 0.123 0.124 0.124 0.125 0.125 0.124 0.123 0.122 0.120 0.117 0.113 0.110 0.105 0.101 0.096 0.092 0.088 0.084 0.081 0.077 0.074 0.071 0.068 0.065 0.062 0.058 0.052 0.045 0.049 0.053 0.058 0.064 0.071 0.080 0.092 0.108 0.119 0.122 0.125 0.127 0.129 0.131 0.130 0.136 0.000 0.051 0.044 0.037 0.032 0.027 0.024 0.021 0.019 0.019 0.000 0.000 0.000
0.062 0.060 0.057 0.053 0.050 0.046 0.041 0.036 0.030 0.024 0.015 0.016 0.022 0.030 0.043 0.069 0.109 0.144 0.145 0.146 0.148 0.150 0.151 0.152 0.152 0.151 0.150 0.149 0.146 0.143 0.139 0.135 0.130 0.125 0.121 0.116 0.111 0.107 0.103 0.099 0.097 0.094 0.092 0.089 0.087 0.083 0.078 0.071 0.067 0.071 0.076 0.081 0.089 0.098 0.104 0.100 0.099 0.100 0.101 0.102 0.102 0.094 0.101 0.103 0.090 0.065 0.047 0.035 0.027 0.022 0.019 0.017 0.015 0.013 0.000 0.000 0.000
0.030 0.028 0.025 0.023 0.020 0.017 0.014 0.011 0.008 0.005 0.004 0.008 0.013 0.020 0.033 0.060 0.104 0.155 0.169 0.172 0.175 0.178 0.179 0.180 0.180 0.180 0.179 0.177 0.174 0.171 0.166 0.161 0.156 0.151 0.146 0.141 0.136 0.132 0.128 0.125 0.122 0.119 0.117 0.114 0.112 0.109 0.105 0.099 0.089 0.089 0.093 0.099 0.103 0.095 0.088 0.083 0.079 0.078 0.077 0.077 0.076 0.073 0.075 0.074 0.066 0.049 0.000 0.017 0.017 0.015 0.013 0.012 0.012 0.000 0.000 0.000 0.000
0.004 0.004 0.004 0.003 0.001 0.000 0.000 0.000 0.000 0.000 0.002 0.004 0.008 0.013 0.025 0.054 0.102 0.155 0.196 0.199 0.203 0.207 0.209 0.209 0.209 0.209 0.207 0.205 0.203 0.199 0.193 0.186 0.181 0.177 0.172 0.167 0.162 0.158 0.154 0.152 0.149 0.147 0.145 0.143 0.140 0.137 0.133 0.127 0.119 0.107 0.110 0.099 0.088 0.079 0.071 0.064 0.059 0.055 0.053 0.051 0.049 0.047 0.046 0.044 0.039 0.032 0.022 0.015 0.012 0.010 0.008 0.007 0.006 0.016 0.000 0.000 0.000
0.000 0.000 0.000 0.000 0.000 0.000 0.000 0.000 0.000 0.000 0.000 0.002 0.004 0.008 0.019 0.051 0.103 0.156 0.211 0.228 0.232 0.236 0.239 0.239 0.239 0.238 0.237 0.235 0.232 0.227 0.221 0.211 0.207 0.204 0.199 0.193 0.188 0.184 0.181 0.179 0.177 0.175 0.173 0.171 0.169 0.167 0.163 0.158 0.144 0.119 0.115 0.106 0.093 0.083 0.073 0.065 0.057 0.051 0.046 0.042 0.038 0.035 0.031 0.028 0.022 0.017 0.012 0.009 0.006 0.004 0.003 0.002 0.001 0.000 0.000 0.000 0.000
0.000 0.000 0.000 0.000 0.000 0.000 0.000 0.000 0.000 0.000 0.000 0.001 0.002 0.005 0.016 0.052 0.106 0.000 0.213 0.257 0.262 0.266 0.271 0.000 0.000 0.000 0.000 0.000 0.000 0.000 0.000 0.232 0.234 0.232 0.226 0.217 0.214 0.211 0.208 0.206 0.205 0.203 0.202 0.200 0.199 0.189 0.174 0.157 0.138 0.113 0.111 0.113 0.117 0.106 0.096 0.086 0.078 0.070 0.064 0.058 0.052 0.047 0.042 0.036 0.031 0.025 0.020 0.016 0.013 0.009 0.007 0.005 0.004 0.003 0.002 0.001 0.000
0.000 0.000 0.000 0.000 0.000 0.000 0.000 0.000 0.000 0.000 0.000 0.000 0.001 0.009 0.000 0.000 0.109 0.000 0.000 0.274 0.000 0.000 0.000 0.000 0.000 0.000 0.000 0.000 0.000 0.000 0.000 0.000 0.000 0.000 0.000 0.239 0.241 0.239 0.234 0.233 0.233 0.232 0.223 0.210 0.196 0.182 0.167 0.150 0.131 0.107 0.106 0.107 0.109 0.114 0.115 0.106 0.097 0.088 0.081 0.074 0.067 0.060 0.054 0.048 0.041 0.035 0.030 0.025 0.020 0.016 0.013 0.010 0.007 0.006 0.004 0.003 0.002
0.000 0.000 0.000 0.000 0.000 0.000 0.000 0.000 0.000 0.000 0.000 0.000 0.000 0.000 0.000 0.000 0.000 0.000 0.000 0.000 0.000 0.000 0.000 0.000 0.000 0.000 0.000 0.000 0.000 0.000 0.000 0.000 0.000 0.000 0.000 0.000 0.000 0.000 0.259 0.253 0.242 0.229 0.214 0.202 0.188 0.174 0.159 0.143 0.123 0.101 0.100 0.100 0.101 0.105 0.109 0.115 0.114 0.105 0.097 0.089 0.082 0.075 0.067 0.060 0.053 0.047 0.040 0.035 0.029 0.024 0.020 0.016 0.013 0.010 0.008 0.006 0.005
0.000 0.000 0.000 0.000 0.000 0.000 0.000 0.000 0.000 0.000 0.000 0.000 0.000 0.000 0.000 0.000 0.000 0.000 0.000 0.000 0.000 0.000 0.000 0.000 0.000 0.000 0.000 0.000 0.000 0.000 0.000 0.000 0.000 0.000 0.000 0.000 0.000 0.000 0.000 0.000 0.000 0.000 0.203 0.193 0.181 0.164 0.150 0.134 0.114 0.094 0.092 0.092 0.093 0.095 0.099 0.104 0.111 0.117 0.114 0.105 0.097 0.089 0.081 0.073 0.066 0.059 0.052 0.045 0.040 0.034 0.030 0.025 0.022 0.018 0.015 0.012 0.009
0.000 0.000 0.000 0.000 0.000 0.000 0.000 0.000 0.000 0.000 0.000 0.000 0.000 0.000 0.000 0.000 0.000 0.000 0.000 0.000 0.000 0.000 0.000 0.000 0.000 0.000 0.000 0.000 0.000 0.000 0.000 0.000 0.000 0.000 0.000 0.000 0.000 0.000 0.000 0.000 0.000 0.000 0.000 0.000 0.000 0.152 0.141 0.126 0.102 0.085 0.083 0.082 0.084 0.086 0.089 0.094 0.099 0.106 0.113 0.120 0.112 0.103 0.095 0.086 0.078 0.071 0.064 0.057 0.052 0.046 0.042 0.038 0.034 0.030 0.026 0.022 0.018
0.000 0.000 0.000 0.000 0.000 0.000 0.000 0.000 0.000 0.000 0.000 0.000 0.000 0.000 0.000 0.000 0.000 0.000 0.000 0.000 0.000 0.000 0.000 0.000 0.000 0.000 0.000 0.000 0.000 0.000 0.000 0.000 0.000 0.000 0.000 0.000 0.000 0.000 0.000 0.000 0.000 0.000 0.000 0.000 0.000 0.000 0.000 0.000 0.082 0.074 0.070 0.071 0.074 0.077 0.079 0.083 0.088 0.095 0.101 0.107 0.113 0.117 0.108 0.099 0.091 0.083 0.076 0.070 0.065 0.061 0.057 0.053 0.049 0.045 0.041 0.037 0.032
0.000 0.000 0.000 0.000 0.000 0.000 0.000 0.000 0.000 0.000 0.000 0.000 0.000 0.000 0.000 0.000 0.000 0.000 0.000 0.000 0.000 0.000 0.000 0.000 0.000 0.000 0.000 0.000 0.000 0.000 0.000 0.000 0.000 0.000 0.000 0.000 0.000 0.000 0.000 0.000 0.000 0.000 0.000 0.000 0.000 0.000 0.000 0.000 0.000 0.000 0.052 0.060 0.065 0.068 0.067 0.072 0.078 0.084 0.089 0.094 0.099 0.105 0.111 0.111 0.103 0.095 0.090 0.085 0.081 0.078 0.075 0.072 0.069 0.064 0.060 0.054 0.048
0.000 0.000 0.000 0.000 0.000 0.000 0.000 0.000 0.000 0.000 0.000 0.000 0.000 0.000 0.000 0.000 0.000 0.000 0.000 0.000 0.000 0.000 0.000 0.000 0.000 0.000 0.000 0.000 0.000 0.000 0.000 0.000 0.000 0.000 0.000 0.000 0.000 0.000 0.000 0.000 0.000 0.000 0.000 0.000 0.000 0.000 0.000 0.000 0.000 0.000 0.000 0.000 0.000 0.000 0.050 0.061 0.069 0.075 0.076 0.080 0.085 0.090 0.094 0.100 0.108 0.109 0.104 0.102 0.100 0.098 0.097 0.094 0.090 0.086 0.080 0.073 0.066
0.000 0.000 0.000 0.000 0.000 0.000 0.000 0.000 0.000 0.000 0.000 0.000 0.000 0.000 0.000 0.000 0.000 0.000 0.000 0.000 0.000 0.000 0.000 0.000 0.000 0.000 0.000 0.000 0.000 0.000 0.000 0.000 0.000 0.000 0.000 0.000 0.000 0.000 0.000 0.000 0.000 0.000 0.000 0.000 0.000 0.000 0.000 0.000 0.000 0.000 0.000 0.000 0.000 0.000 0.000 0.000 0.000 0.000 0.058 0.063 0.069 0.073 0.071 0.081 0.092 0.105 0.119 0.121 0.121 0.122 0.120 0.118 0.114 0.108 0.100 0.092 0.083
0.000 0.000 0.000 0.000 0.000 0.000 0.000 0.000 0.000 0.000 0.000 0.000 0.000 0.000 0.000 0.000 0.000 0.000 0.000 0.000 0.000 0.000 0.000 0.000 0.000 0.000 0.000 0.000 0.000 0.000 0.000 0.000 0.000 0.000 0.000 0.000 0.000 0.000 0.000 0.000 0.000 0.000 0.000 0.000 0.000 0.000 0.000 0.000 0.000 0.000 0.000 0.000 0.000 0.000 0.000 0.000 0.000 0.000 0.000 0.043 0.051 0.051 0.000 0.061 0.077 0.092 0.109 0.127 0.146 0.147 0.146 0.143 0.138 0.131 0.120 0.110 0.099
0.000 0.000 0.000 0.000 0.000 0.000 0.000 0.000 0.000 0.000 0.000 0.000 0.000 0.000 0.000 0.000 0.000 0.000 0.000 0.000 0.000 0.000 0.000 0.000 0.000 0.000 0.000 0.000 0.000 0.000 0.000 0.000 0.000 0.000 0.000 0.000 0.000 0.000 0.000 0.000 0.000 0.000 0.000 0.000 0.000 0.000 0.000 0.000 0.000 0.000 0.000 0.000 0.000 0.000 0.000 0.000 0.000 0.000 0.000 0.028 0.036 0.037 0.032 0.050 0.065 0.081 0.100 0.120 0.142 0.163 0.172 0.169 0.164 0.155 0.137 0.126 0.113
0.000 0.000 0.000 0.000 0.000 0.000 0.000 0.000 0.000 0.000 0.000 0.000 0.000 0.000 0.000 0.000 0.000 0.000 0.000 0.000 0.000 0.000 0.000 0.000 0.000 0.000 0.000 0.000 0.000 0.000 0.000 0.000 0.000 0.000 0.000 0.000 0.000 0.000 0.000 0.000 0.000 0.000 0.000 0.000 0.000 0.000 0.000 0.000 0.000 0.000 0.000 0.000 0.000 0.000 0.000 0.000 0.000 0.000 0.000 0.016 0.023 0.026 0.028 0.040 0.055 0.072 0.092 0.115 0.139 0.162 0.000 0.000 0.000 0.000 0.145 0.142 0.123
0.000 0.000 0.000 0.000 0.000 0.000 0.000 0.000 0.000 0.000 0.000 0.000 0.000 0.000 0.000 0.000 0.000 0.000 0.000 0.000 0.000 0.000 0.000 0.000 0.000 0.000 0.000 0.000 0.000 0.000 0.000 0.000 0.000 0.000 0.000 0.000 0.000 0.000 0.000 0.000 0.000 0.000 0.000 0.000 0.000 0.000 0.000 0.000 0.000 0.000 0.000 0.000 0.000 0.000 0.000 0.000 0.000 0.000 0.000 0.007 0.012 0.016 0.021 0.031 0.045 0.063 0.086 0.111 0.136 0.000 0.000 0.000 0.000 0.000 0.000 0.000 0.124
0.000 0.000 0.000 0.000 0.000 0.000 0.000 0.000 0.000 0.000 0.000 0.000 0.000 0.000 0.000 0.000 0.000 0.000 0.000 0.000 0.000 0.000 0.000 0.000 0.000 0.000 0.000 0.000 0.000 0.000 0.000 0.000 0.000 0.000 0.000 0.000 0.000 0.000 0.000 0.000 0.000 0.000 0.000 0.000 0.000 0.000 0.000 0.000 0.000 0.000 0.000 0.000 0.000 0.000 0.000 0.000 0.000 0.000 0.000 0.001 0.004 0.008 0.013 0.022 0.036 0.056 0.080 0.107 0.000 0.000 0.000 0.000 0.000 0.000 0.000 0.000 0.000
0.000 0.000 0.000 0.000 0.000 0.000 0.000 0.000 0.000 0.000 0.000 0.000 0.000 0.000 0.000 0.000 0.000 0.000 0.000 0.000 0.000 0.000 0.000 0.000 0.000 0.000 0.000 0.000 0.000 0.000 0.000 0.000 0.000 0.000 0.000 0.000 0.000 0.000 0.000 0.000 0.000 0.000 0.000 0.000 0.000 0.000 0.000 0.000 0.000 0.000 0.000 0.000 0.000 0.000 0.000 0.000 0.000 0.000 0.000 0.000 0.000 0.003 0.007 0.015 0.028 0.049 0.075 0.103 0.000 0.000 0.000 0.000 0.000 0.000 0.000 0.000 0.000
0.000 0.000 0.000 0.000 0.000 0.000 0.000 0.000 0.000 0.000 0.000 0.000 0.000 0.000 0.000 0.000 0.000 0.000 0.000 0.000 0.000 0.000 0.000 0.000 0.000 0.000 0.000 0.000 0.000 0.000 0.000 0.000 0.000 0.000 0.000 0.000 0.000 0.000 0.000 0.000 0.000 0.000 0.000 0.000 0.000 0.000 0.000 0.000 0.000 0.000 0.000 0.000 0.000 0.000 0.000 0.000 0.000 0.000 0.000 0.000 0.000 0.000 0.001 0.007 0.017 0.039 0.068 0.000 0.000 0.000 0.000 0.000 0.000 0.000 0.000 0.000 0.000
0.000 0.000 0.000 0.000 0.000 0.000 0.000 0.000 0.000 0.000 0.000 0.000 0.000 0.000 0.000 0.000 0.000 0.000 0.000 0.000 0.000 0.000 0.000 0.000 0.000 0.000 0.000 0.000 0.000 0.000 0.000 0.000 0.000 0.000 0.000 0.000 0.000 0.000 0.000 0.000 0.000 0.000 0.000 0.000 0.000 0.000 0.000 0.000 0.000 0.000 0.000 0.000 0.000 0.000 0.000 0.000 0.000 0.000 0.000 0.000 0.000 0.000 0.001 0.005 0.013 0.041 0.078 0.000 0.000 0.000 0.000 0.000 0.000 0.000 0.000 0.000 0.000
0.000 0.000 0.000 0.000 0.000 0.000 0.000 0.000 0.000 0.000 0.000 0.000 0.000 0.000 0.000 0.000 0.000 0.000 0.000 0.000 0.000 0.000 0.000 0.000 0.000 0.000 0.000 0.000 0.000 0.000 0.000 0.000 0.000 0.000 0.000 0.000 0.000 0.000 0.000 0.000 0.000 0.000 0.000 0.000 0.000 0.000 0.000 0.000 0.000 0.000 0.000 0.000 0.000 0.000 0.000 0.000 0.000 0.000 0.000 0.000 0.000 0.000 0.000 0.004 0.014 0.042 0.000 0.000 0.000 0.000 0.000 0.000 0.000 0.000 0.000 0.000 0.000
0.000 0.000 0.000 0.000 0.000 0.000 0.000 0.000 0.000 0.000 0.000 0.000 0.000 0.000 0.000 0.000 0.000 0.000 0.000 0.000 0.000 0.000 0.000 0.000 0.000 0.000 0.000 0.000 0.000 0.000 0.000 0.000 0.000 0.000 0.000 0.000 0.000 0.000 0.000 0.000 0.000 0.000 0.000 0.000 0.000 0.000 0.000 0.000 0.000 0.000 0.000 0.000 0.000 0.000 0.000 0.000 0.000 0.000 0.000 0.000 0.000 0.000 0.000 0.004 0.014 0.043 0.000 0.000 0.000 0.000 0.000 0.000 0.000 0.000 0.000 0.000 0.000
