数据/150y_1h/150y_1h_res/150y_1h_137-0001.wd
ncols         694
nrows         824
xllcorner     581104.939801
yllcorner     3495917.092414
cellsize      2.000000
NODATA_value  -9999.000000
[rows 306 to 339 of 824, columns 462 to 538 of 694]
0.013 0.014 0.015 0.015 0.015 0.015 0.015 0.015 0.012 0.008 0.005 0.003 0.002 0.001 0.001 0.001 0.001 0.000 0.001 0.001 0.001 0.001 0.001 0.001 0.001 0.001 0.003 0.005 0.007 0.008 0.009 0.008 0.007 0.006 0.005 0.004 0.003 0.002 0.003 0.000 0.000 0.000 0.000 0.000 0.000 0.000 0.000 0.000 0.000 0.000 0.000 0.000 0.000 0.000 0.009 0.009 0.010 0.013 0.000 0.001 0.001 0.001 0.001 0.001 0.004 0.034 0.000 0.000 0.000 0.000 0.001 0.002 0.007 0.017 0.026 0.025 0.021
0.011 0.012 0.013 0.014 0.015 0.015 0.015 0.015 0.015 0.012 0.008 0.005 0.003 0.002 0.001 0.001 0.001 0.001 0.001 0.001 0.001 0.001 0.001 0.001 0.001 0.001 0.003 0.005 0.007 0.008 0.008 0.008 0.007 0.006 0.005 0.004 0.003 0.004 0.013 0.000 0.000 0.000 0.000 0.000 0.000 0.000 0.000 0.000 0.000 0.000 0.000 0.000 0.000 0.000 0.000 0.000 0.000 0.010 0.010 0.008 0.007 0.006 0.005 0.005 0.008 0.000 0.000 0.000 0.000 0.000 0.004 0.014 0.023 0.023 0.021 0.018 0.016
0.009 0.011 0.012 0.013 0.014 0.015 0.015 0.015 0.015 0.014 0.013 0.009 0.006 0.004 0.002 0.002 0.001 0.001 0.001 0.001 0.001 0.001 0.001 0.001 0.001 0.000 0.003 0.005 0.006 0.008 0.008 0.008 0.007 0.006 0.005 0.004 0.004 0.005 0.000 0.000 0.000 0.000 0.000 0.000 0.000 0.000 0.000 0.000 0.000 0.000 0.000 0.000 0.000 0.000 0.000 0.000 0.000 0.000 0.000 0.006 0.007 0.008 0.007 0.007 0.011 0.000 0.000 0.000 0.000 0.010 0.020 0.022 0.020 0.017 0.015 0.014 0.012
0.008 0.010 0.011 0.013 0.014 0.015 0.015 0.016 0.016 0.015 0.015 0.016 0.012 0.009 0.007 0.004 0.003 0.002 0.002 0.001 0.001 0.001 0.001 0.001 0.001 0.001 0.003 0.005 0.006 0.007 0.008 0.008 0.007 0.006 0.006 0.005 0.004 0.004 0.003 0.002 0.002 0.000 0.000 0.000 0.000 0.000 0.000 0.000 0.000 0.000 0.000 0.000 0.000 0.000 0.000 0.000 0.000 0.000 0.000 0.000 0.000 0.000 0.005 0.007 0.009 0.012 0.000 0.000 0.000 0.019 0.018 0.017 0.015 0.013 0.012 0.010 0.010
0.008 0.009 0.011 0.012 0.014 0.015 0.016 0.017 0.018 0.015 0.016 0.019 0.022 0.020 0.015 0.010 0.008 0.005 0.004 0.003 0.002 0.002 0.001 0.001 0.001 0.001 0.003 0.005 0.006 0.007 0.008 0.008 0.007 0.007 0.006 0.005 0.005 0.005 0.003 0.002 0.002 0.001 0.001 0.000 0.000 0.000 0.000 0.000 0.000 0.000 0.000 0.000 0.000 0.000 0.000 0.000 0.000 0.000 0.000 0.000 0.000 0.000 0.000 0.000 0.007 0.012 0.014 0.023 0.024 0.019 0.016 0.013 0.012 0.010 0.009 0.008 0.009
0.007 0.009 0.011 0.013 0.015 0.018 0.020 0.022 0.021 0.000 0.022 0.028 0.031 0.033 0.026 0.019 0.013 0.009 0.007 0.005 0.003 0.002 0.002 0.001 0.001 0.001 0.003 0.005 0.006 0.007 0.008 0.008 0.007 0.007 0.006 0.006 0.005 0.005 0.004 0.003 0.002 0.002 0.001 0.001 0.001 0.002 0.000 0.000 0.000 0.000 0.000 0.000 0.000 0.000 0.000 0.000 0.000 0.000 0.000 0.000 0.000 0.000 0.000 0.000 0.000 0.000 0.000 0.013 0.014 0.014 0.012 0.011 0.009 0.008 0.008 0.007 0.006
0.008 0.010 0.013 0.017 0.021 0.025 0.029 0.032 0.034 0.034 0.037 0.040 0.036 0.027 0.028 0.024 0.018 0.013 0.009 0.007 0.005 0.003 0.003 0.002 0.002 0.002 0.003 0.005 0.006 0.007 0.007 0.008 0.007 0.007 0.006 0.006 0.005 0.005 0.004 0.003 0.003 0.002 0.002 0.001 0.001 0.001 0.001 0.002 0.000 0.000 0.000 0.000 0.001 0.002 0.000 0.000 0.000 0.000 0.000 0.000 0.000 0.000 0.000 0.000 0.000 0.000 0.016 0.014 0.013 0.011 0.010 0.009 0.008 0.007 0.006 0.007 0.000
0.012 0.016 0.021 0.027 0.032 0.036 0.040 0.039 0.033 0.027 0.021 0.017 0.013 0.008 0.017 0.025 0.020 0.015 0.011 0.008 0.006 0.004 0.003 0.002 0.002 0.002 0.003 0.005 0.006 0.007 0.007 0.008 0.008 0.007 0.007 0.006 0.006 0.005 0.004 0.003 0.003 0.002 0.002 0.000 0.001 0.001 0.001 0.001 0.001 0.001 0.001 0.001 0.001 0.001 0.001 0.001 0.003 0.000 0.000 0.000 0.000 0.000 0.000 0.000 0.000 0.000 0.013 0.013 0.012 0.010 0.009 0.008 0.007 0.006 0.006 0.005 0.000
0.022 0.027 0.028 0.025 0.022 0.019 0.016 0.013 0.010 0.008 0.006 0.004 0.002 0.004 0.000 0.021 0.021 0.017 0.014 0.010 0.008 0.006 0.004 0.003 0.003 0.002 0.003 0.004 0.006 0.007 0.007 0.008 0.008 0.007 0.007 0.006 0.006 0.005 0.004 0.004 0.003 0.003 0.002 0.001 0.001 0.001 0.001 0.001 0.001 0.001 0.001 0.001 0.001 0.001 0.001 0.002 0.005 0.023 0.050 0.000 0.000 0.000 0.000 0.000 0.000 0.017 0.015 0.013 0.011 0.009 0.008 0.007 0.006 0.005 0.005 0.000 0.000
0.009 0.007 0.006 0.005 0.004 0.003 0.003 0.002 0.002 0.002 0.001 0.001 0.001 0.002 0.004 0.014 0.023 0.019 0.016 0.012 0.009 0.007 0.005 0.004 0.003 0.003 0.003 0.004 0.005 0.006 0.007 0.007 0.007 0.007 0.007 0.006 0.006 0.005 0.005 0.004 0.003 0.003 0.002 0.002 0.001 0.001 0.001 0.001 0.001 0.001 0.001 0.001 0.001 0.001 0.002 0.007 0.019 0.036 0.051 0.059 0.068 0.077 0.000 0.000 0.000 0.013 0.013 0.012 0.010 0.008 0.007 0.005 0.005 0.004 0.004 0.000 0.000
0.002 0.001 0.001 0.001 0.001 0.001 0.001 0.001 0.001 0.001 0.001 0.001 0.001 0.001 0.003 0.009 0.021 0.021 0.018 0.014 0.011 0.009 0.007 0.005 0.004 0.003 0.004 0.005 0.006 0.006 0.007 0.007 0.007 0.007 0.007 0.006 0.006 0.005 0.005 0.004 0.004 0.003 0.003 0.002 0.002 0.001 0.001 0.001 0.001 0.001 0.001 0.001 0.002 0.006 0.014 0.024 0.028 0.027 0.030 0.036 0.044 0.052 0.058 0.067 0.000 0.016 0.013 0.011 0.009 0.007 0.005 0.004 0.004 0.004 0.000 0.000 0.000
0.001 0.001 0.001 0.001 0.001 0.001 0.001 0.001 0.001 0.001 0.001 0.001 0.001 0.001 0.002 0.005 0.014 0.023 0.020 0.016 0.013 0.011 0.009 0.008 0.007 0.006 0.006 0.007 0.007 0.008 0.008 0.009 0.009 0.008 0.008 0.007 0.006 0.006 0.005 0.004 0.004 0.004 0.003 0.003 0.002 0.002 0.002 0.002 0.002 0.002 0.003 0.006 0.013 0.022 0.027 0.023 0.020 0.017 0.016 0.016 0.020 0.026 0.032 0.038 0.033 0.022 0.014 0.009 0.007 0.005 0.004 0.003 0.003 0.003 0.000 0.000 0.000
0.001 0.001 0.001 0.001 0.001 0.001 0.001 0.001 0.001 0.001 0.001 0.001 0.001 0.001 0.001 0.003 0.009 0.021 0.023 0.020 0.018 0.017 0.017 0.017 0.017 0.016 0.016 0.017 0.017 0.017 0.016 0.015 0.014 0.013 0.011 0.010 0.009 0.008 0.007 0.007 0.006 0.006 0.005 0.005 0.005 0.006 0.006 0.006 0.005 0.008 0.014 0.023 0.028 0.024 0.019 0.016 0.013 0.011 0.009 0.008 0.007 0.006 0.006 0.008 0.008 0.007 0.000 0.003 0.003 0.003 0.002 0.002 0.003 0.000 0.000 0.000 0.000
0.001 0.001 0.001 0.001 0.001 0.000 0.000 0.000 0.000 0.000 0.001 0.001 0.001 0.001 0.001 0.002 0.005 0.015 0.030 0.031 0.033 0.036 0.039 0.041 0.041 0.041 0.041 0.041 0.040 0.038 0.035 0.031 0.028 0.025 0.022 0.020 0.018 0.017 0.016 0.015 0.015 0.016 0.018 0.021 0.024 0.026 0.029 0.030 0.029 0.026 0.031 0.025 0.020 0.016 0.013 0.010 0.008 0.006 0.005 0.004 0.003 0.003 0.002 0.002 0.003 0.003 0.002 0.002 0.002 0.001 0.001 0.001 0.002 0.014 0.000 0.000 0.000
0.000 0.000 0.000 0.000 0.000 0.000 0.000 0.000 0.000 0.000 0.000 0.001 0.001 0.001 0.001 0.001 0.004 0.012 0.039 0.056 0.061 0.065 0.069 0.070 0.070 0.070 0.070 0.069 0.068 0.066 0.061 0.051 0.047 0.045 0.043 0.039 0.037 0.036 0.036 0.037 0.040 0.043 0.047 0.051 0.054 0.057 0.060 0.062 0.055 0.038 0.036 0.032 0.025 0.020 0.015 0.012 0.009 0.007 0.005 0.004 0.003 0.002 0.002 0.001 0.001 0.001 0.001 0.001 0.001 0.001 0.001 0.001 0.001 0.000 0.000 0.000 0.000
0.000 0.000 0.000 0.000 0.000 0.000 0.000 0.000 0.000 0.000 0.000 0.001 0.001 0.001 0.001 0.001 0.009 0.000 0.041 0.085 0.090 0.095 0.100 0.000 0.000 0.000 0.000 0.000 0.000 0.000 0.000 0.069 0.071 0.071 0.068 0.062 0.061 0.061 0.063 0.065 0.069 0.073 0.077 0.080 0.084 0.081 0.071 0.061 0.049 0.032 0.032 0.036 0.041 0.034 0.028 0.023 0.019 0.015 0.011 0.009 0.007 0.005 0.004 0.003 0.002 0.002 0.001 0.001 0.001 0.001 0.001 0.001 0.001 0.001 0.001 0.001 0.000
0.000 0.000 0.000 0.000 0.000 0.000 0.000 0.000 0.000 0.000 0.000 0.000 0.001 0.006 0.000 0.000 0.012 0.000 0.000 0.102 0.000 0.000 0.000 0.000 0.000 0.000 0.000 0.000 0.000 0.000 0.000 0.000 0.000 0.000 0.000 0.084 0.087 0.089 0.090 0.094 0.098 0.102 0.098 0.090 0.082 0.074 0.065 0.055 0.044 0.027 0.028 0.030 0.033 0.039 0.041 0.035 0.029 0.024 0.020 0.016 0.013 0.010 0.008 0.006 0.004 0.003 0.003 0.002 0.002 0.001 0.001 0.001 0.001 0.001 0.001 0.001 0.001
0.000 0.000 0.000 0.000 0.000 0.000 0.000 0.000 0.000 0.000 0.000 0.000 0.000 0.000 0.000 0.000 0.000 0.000 0.000 0.000 0.000 0.000 0.000 0.000 0.000 0.000 0.000 0.000 0.000 0.000 0.000 0.000 0.000 0.000 0.000 0.000 0.000 0.000 0.118 0.115 0.108 0.100 0.091 0.083 0.075 0.067 0.058 0.049 0.037 0.024 0.024 0.024 0.026 0.030 0.035 0.041 0.041 0.035 0.030 0.025 0.020 0.016 0.013 0.010 0.008 0.006 0.005 0.004 0.003 0.002 0.002 0.001 0.001 0.001 0.001 0.001 0.001
0.000 0.000 0.000 0.000 0.000 0.000 0.000 0.000 0.000 0.000 0.000 0.000 0.000 0.000 0.000 0.000 0.000 0.000 0.000 0.000 0.000 0.000 0.000 0.000 0.000 0.000 0.000 0.000 0.000 0.000 0.000 0.000 0.000 0.000 0.000 0.000 0.000 0.000 0.000 0.000 0.000 0.000 0.083 0.076 0.068 0.060 0.051 0.042 0.030 0.020 0.020 0.020 0.021 0.023 0.027 0.031 0.037 0.043 0.041 0.035 0.030 0.025 0.020 0.017 0.013 0.010 0.008 0.006 0.005 0.004 0.003 0.002 0.002 0.002 0.001 0.001 0.001
0.000 0.000 0.000 0.000 0.000 0.000 0.000 0.000 0.000 0.000 0.000 0.000 0.000 0.000 0.000 0.000 0.000 0.000 0.000 0.000 0.000 0.000 0.000 0.000 0.000 0.000 0.000 0.000 0.000 0.000 0.000 0.000 0.000 0.000 0.000 0.000 0.000 0.000 0.000 0.000 0.000 0.000 0.000 0.000 0.000 0.052 0.044 0.035 0.022 0.015 0.015 0.015 0.016 0.017 0.019 0.022 0.027 0.033 0.039 0.045 0.040 0.034 0.029 0.024 0.020 0.016 0.013 0.010 0.008 0.006 0.005 0.004 0.003 0.003 0.002 0.002 0.001
0.000 0.000 0.000 0.000 0.000 0.000 0.000 0.000 0.000 0.000 0.000 0.000 0.000 0.000 0.000 0.000 0.000 0.000 0.000 0.000 0.000 0.000 0.000 0.000 0.000 0.000 0.000 0.000 0.000 0.000 0.000 0.000 0.000 0.000 0.000 0.000 0.000 0.000 0.000 0.000 0.000 0.000 0.000 0.000 0.000 0.000 0.000 0.000 0.010 0.008 0.008 0.009 0.010 0.010 0.012 0.014 0.018 0.022 0.028 0.034 0.041 0.045 0.039 0.034 0.029 0.024 0.020 0.016 0.013 0.010 0.008 0.006 0.005 0.004 0.003 0.003 0.002
0.000 0.000 0.000 0.000 0.000 0.000 0.000 0.000 0.000 0.000 0.000 0.000 0.000 0.000 0.000 0.000 0.000 0.000 0.000 0.000 0.000 0.000 0.000 0.000 0.000 0.000 0.000 0.000 0.000 0.000 0.000 0.000 0.000 0.000 0.000 0.000 0.000 0.000 0.000 0.000 0.000 0.000 0.000 0.000 0.000 0.000 0.000 0.000 0.000 0.000 0.001 0.002 0.003 0.004 0.005 0.006 0.009 0.013 0.018 0.023 0.029 0.036 0.043 0.044 0.038 0.033 0.028 0.023 0.019 0.016 0.013 0.011 0.009 0.007 0.006 0.005 0.004
0.000 0.000 0.000 0.000 0.000 0.000 0.000 0.000 0.000 0.000 0.000 0.000 0.000 0.000 0.000 0.000 0.000 0.000 0.000 0.000 0.000 0.000 0.000 0.000 0.000 0.000 0.000 0.000 0.000 0.000 0.000 0.000 0.000 0.000 0.000 0.000 0.000 0.000 0.000 0.000 0.000 0.000 0.000 0.000 0.000 0.000 0.000 0.000 0.000 0.000 0.000 0.000 0.000 0.000 0.001 0.001 0.002 0.004 0.008 0.013 0.019 0.025 0.031 0.038 0.044 0.043 0.037 0.032 0.028 0.024 0.021 0.019 0.016 0.014 0.012 0.011 0.009
0.000 0.000 0.000 0.000 0.000 0.000 0.000 0.000 0.000 0.000 0.000 0.000 0.000 0.000 0.000 0.000 0.000 0.000 0.000 0.000 0.000 0.000 0.000 0.000 0.000 0.000 0.000 0.000 0.000 0.000 0.000 0.000 0.000 0.000 0.000 0.000 0.000 0.000 0.000 0.000 0.000 0.000 0.000 0.000 0.000 0.000 0.000 0.000 0.000 0.000 0.000 0.000 0.000 0.000 0.000 0.000 0.000 0.000 0.002 0.005 0.009 0.015 0.019 0.025 0.032 0.039 0.047 0.044 0.039 0.037 0.035 0.033 0.031 0.028 0.025 0.021 0.018
0.000 0.000 0.000 0.000 0.000 0.000 0.000 0.000 0.000 0.000 0.000 0.000 0.000 0.000 0.000 0.000 0.000 0.000 0.000 0.000 0.000 0.000 0.000 0.000 0.000 0.000 0.000 0.000 0.000 0.000 0.000 0.000 0.000 0.000 0.000 0.000 0.000 0.000 0.000 0.000 0.000 0.000 0.000 0.000 0.000 0.000 0.000 0.000 0.000 0.000 0.000 0.000 0.000 0.000 0.000 0.000 0.000 0.000 0.000 0.001 0.002 0.006 0.000 0.014 0.021 0.028 0.035 0.044 0.055 0.055 0.054 0.053 0.051 0.048 0.042 0.036 0.030
0.000 0.000 0.000 0.000 0.000 0.000 0.000 0.000 0.000 0.000 0.000 0.000 0.000 0.000 0.000 0.000 0.000 0.000 0.000 0.000 0.000 0.000 0.000 0.000 0.000 0.000 0.000 0.000 0.000 0.000 0.000 0.000 0.000 0.000 0.000 0.000 0.000 0.000 0.000 0.000 0.000 0.000 0.000 0.000 0.000 0.000 0.000 0.000 0.000 0.000 0.000 0.000 0.000 0.000 0.000 0.000 0.000 0.000 0.000 0.001 0.001 0.001 0.001 0.006 0.011 0.017 0.024 0.034 0.049 0.068 0.079 0.078 0.076 0.071 0.058 0.050 0.042
0.000 0.000 0.000 0.000 0.000 0.000 0.000 0.000 0.000 0.000 0.000 0.000 0.000 0.000 0.000 0.000 0.000 0.000 0.000 0.000 0.000 0.000 0.000 0.000 0.000 0.000 0.000 0.000 0.000 0.000 0.000 0.000 0.000 0.000 0.000 0.000 0.000 0.000 0.000 0.000 0.000 0.000 0.000 0.000 0.000 0.000 0.000 0.000 0.000 0.000 0.000 0.000 0.000 0.000 0.000 0.000 0.000 0.000 0.000 0.001 0.001 0.001 0.001 0.001 0.003 0.008 0.015 0.025 0.044 0.066 0.000 0.000 0.000 0.000 0.065 0.065 0.053
0.000 0.000 0.000 0.000 0.000 0.000 0.000 0.000 0.000 0.000 0.000 0.000 0.000 0.000 0.000 0.000 0.000 0.000 0.000 0.000 0.000 0.000 0.000 0.000 0.000 0.000 0.000 0.000 0.000 0.000 0.000 0.000 0.000 0.000 0.000 0.000 0.000 0.000 0.000 0.000 0.000 0.000 0.000 0.000 0.000 0.000 0.000 0.000 0.000 0.000 0.000 0.000 0.000 0.000 0.000 0.000 0.000 0.000 0.000 0.001 0.001 0.001 0.001 0.001 0.001 0.002 0.006 0.019 0.040 0.000 0.000 0.000 0.000 0.000 0.000 0.000 0.055
0.000 0.000 0.000 0.000 0.000 0.000 0.000 0.000 0.000 0.000 0.000 0.000 0.000 0.000 0.000 0.000 0.000 0.000 0.000 0.000 0.000 0.000 0.000 0.000 0.000 0.000 0.000 0.000 0.000 0.000 0.000 0.000 0.000 0.000 0.000 0.000 0.000 0.000 0.000 0.000 0.000 0.000 0.000 0.000 0.000 0.000 0.000 0.000 0.000 0.000 0.000 0.000 0.000 0.000 0.000 0.000 0.000 0.000 0.000 0.001 0.001 0.001 0.001 0.001 0.001 0.001 0.003 0.015 0.000 0.000 0.000 0.000 0.000 0.000 0.000 0.000 0.000
0.000 0.000 0.000 0.000 0.000 0.000 0.000 0.000 0.000 0.000 0.000 0.000 0.000 0.000 0.000 0.000 0.000 0.000 0.000 0.000 0.000 0.000 0.000 0.000 0.000 0.000 0.000 0.000 0.000 0.000 0.000 0.000 0.000 0.000 0.000 0.000 0.000 0.000 0.000 0.000 0.000 0.000 0.000 0.000 0.000 0.000 0.000 0.000 0.000 0.000 0.000 0.000 0.000 0.000 0.000 0.000 0.000 0.000 0.000 0.000 0.000 0.001 0.001 0.001 0.001 0.001 0.002 0.011 0.000 0.000 0.000 0.000 0.000 0.000 0.000 0.000 0.000
0.000 0.000 0.000 0.000 0.000 0.000 0.000 0.000 0.000 0.000 0.000 0.000 0.000 0.000 0.000 0.000 0.000 0.000 0.000 0.000 0.000 0.000 0.000 0.000 0.000 0.000 0.000 0.000 0.000 0.000 0.000 0.000 0.000 0.000 0.000 0.000 0.000 0.000 0.000 0.000 0.000 0.000 0.000 0.000 0.000 0.000 0.000 0.000 0.000 0.000 0.000 0.000 0.000 0.000 0.000 0.000 0.000 0.000 0.000 0.000 0.000 0.000 0.001 0.001 0.001 0.001 0.003 0.000 0.000 0.000 0.000 0.000 0.000 0.000 0.000 0.000 0.000
0.000 0.000 0.000 0.000 0.000 0.000 0.000 0.000 0.000 0.000 0.000 0.000 0.000 0.000 0.000 0.000 0.000 0.000 0.000 0.000 0.000 0.000 0.000 0.000 0.000 0.000 0.000 0.000 0.000 0.000 0.000 0.000 0.000 0.000 0.000 0.000 0.000 0.000 0.000 0.000 0.000 0.000 0.000 0.000 0.000 0.000 0.000 0.000 0.000 0.000 0.000 0.000 0.000 0.000 0.000 0.000 0.000 0.000 0.000 0.000 0.000 0.000 0.001 0.001 0.001 0.001 0.016 0.000 0.000 0.000 0.000 0.000 0.000 0.000 0.000 0.000 0.000
0.000 0.000 0.000 0.000 0.000 0.000 0.000 0.000 0.000 0.000 0.000 0.000 0.000 0.000 0.000 0.000 0.000 0.000 0.000 0.000 0.000 0.000 0.000 0.000 0.000 0.000 0.000 0.000 0.000 0.000 0.000 0.000 0.000 0.000 0.000 0.000 0.000 0.000 0.000 0.000 0.000 0.000 0.000 0.000 0.000 0.000 0.000 0.000 0.000 0.000 0.000 0.000 0.000 0.000 0.000 0.000 0.000 0.000 0.000 0.000 0.000 0.000 0.000 0.001 0.001 0.001 0.000 0.000 0.000 0.000 0.000 0.000 0.000 0.000 0.000 0.000 0.000
0.000 0.000 0.000 0.000 0.000 0.000 0.000 0.000 0.000 0.000 0.000 0.000 0.000 0.000 0.000 0.000 0.000 0.000 0.000 0.000 0.000 0.000 0.000 0.000 0.000 0.000 0.000 0.000 0.000 0.000 0.000 0.000 0.000 0.000 0.000 0.000 0.000 0.000 0.000 0.000 0.000 0.000 0.000 0.000 0.000 0.000 0.000 0.000 0.000 0.000 0.000 0.000 0.000 0.000 0.000 0.000 0.000 0.000 0.000 0.000 0.000 0.000 0.000 0.001 0.001 0.001 0.000 0.000 0.000 0.000 0.000 0.000 0.000 0.000 0.000 0.000 0.000
