数据/150y_1h/150y_1h_res/150y_1h_63-0001.wd
ncols         694
nrows         824
xllcorner     581104.939801
yllcorner     3495917.092414
cellsize      2.000000
NODATA_value  -9999.000000
[rows 544 to 577 of 824, columns 308 to 384 of 694]
0.001 0.000 0.000 0.000 0.000 0.000 0.000 0.000 0.000 0.001 0.001 0.001 0.001 0.001 0.001 0.001 0.001 0.001 0.001 0.001 0.001 0.001 0.001 0.002 0.002 0.002 0.002 0.005 0.038 0.059 0.061 0.058 0.055 0.053 0.051 0.051 0.054 0.070 0.075 0.074 0.074 0.076 0.082 0.097 0.126 0.164 0.206 0.000 0.000 0.000 0.000 0.000 0.000 0.000 0.000 0.000 0.000 0.000 0.000 0.000 0.000 0.000 0.000 0.000 0.000 0.000 0.000 0.000 0.000 0.000 0.000 0.000 0.000 0.000 0.001 0.001 0.001
0.001 0.001 0.001 0.000 0.000 0.000 0.000 0.000 0.001 0.001 0.001 0.001 0.001 0.001 0.001 0.001 0.001 0.001 0.001 0.001 0.001 0.001 0.001 0.001 0.002 0.002 0.002 0.003 0.010 0.025 0.045 0.048 0.049 0.049 0.049 0.052 0.066 0.072 0.071 0.071 0.071 0.072 0.076 0.089 0.116 0.153 0.196 0.000 0.000 0.000 0.000 0.000 0.000 0.000 0.000 0.000 0.000 0.000 0.000 0.000 0.000 0.000 0.000 0.000 0.000 0.000 0.000 0.000 0.000 0.000 0.000 0.000 0.000 0.003 0.004 0.005 0.006
0.001 0.001 0.001 0.001 0.001 0.000 0.000 0.000 0.001 0.001 0.001 0.001 0.001 0.001 0.001 0.001 0.001 0.001 0.001 0.001 0.001 0.001 0.001 0.001 0.001 0.001 0.001 0.001 0.001 0.005 0.029 0.037 0.040 0.042 0.046 0.060 0.068 0.067 0.067 0.066 0.066 0.067 0.071 0.082 0.106 0.143 0.185 0.000 0.000 0.000 0.000 0.000 0.000 0.000 0.000 0.000 0.000 0.000 0.000 0.000 0.000 0.000 0.000 0.000 0.000 0.000 0.000 0.000 0.000 0.000 0.000 0.000 0.000 0.006 0.008 0.010 0.011
0.002 0.002 0.002 0.001 0.001 0.001 0.001 0.001 0.001 0.001 0.001 0.001 0.001 0.001 0.001 0.001 0.001 0.001 0.001 0.001 0.001 0.001 0.001 0.001 0.001 0.001 0.001 0.001 0.001 0.002 0.008 0.026 0.031 0.037 0.051 0.061 0.061 0.061 0.061 0.062 0.062 0.062 0.065 0.073 0.094 0.131 0.000 0.000 0.000 0.000 0.000 0.000 0.000 0.000 0.000 0.000 0.000 0.000 0.000 0.000 0.000 0.000 0.000 0.000 0.000 0.000 0.000 0.000 0.000 0.000 0.000 0.000 0.008 0.011 0.013 0.014 0.016
0.006 0.005 0.005 0.004 0.003 0.003 0.003 0.003 0.002 0.001 0.001 0.001 0.001 0.001 0.001 0.001 0.002 0.002 0.002 0.002 0.002 0.000 0.001 0.001 0.001 0.001 0.001 0.001 0.001 0.001 0.002 0.016 0.025 0.040 0.053 0.055 0.056 0.056 0.057 0.057 0.057 0.057 0.059 0.064 0.079 0.114 0.000 0.000 0.000 0.000 0.000 0.000 0.000 0.000 0.000 0.000 0.000 0.000 0.000 0.000 0.000 0.000 0.000 0.000 0.000 0.000 0.000 0.000 0.000 0.000 0.000 0.000 0.012 0.015 0.017 0.019 0.021
0.024 0.024 0.016 0.010 0.007 0.007 0.000 0.000 0.002 0.003 0.002 0.002 0.002 0.002 0.002 0.002 0.002 0.002 0.002 0.002 0.002 0.002 0.002 0.001 0.001 0.001 0.001 0.001 0.001 0.001 0.001 0.002 0.031 0.049 0.050 0.051 0.052 0.052 0.052 0.052 0.052 0.052 0.053 0.053 0.042 0.081 0.089 0.114 0.000 0.000 0.000 0.000 0.000 0.000 0.000 0.000 0.000 0.000 0.000 0.000 0.000 0.000 0.000 0.000 0.000 0.000 0.000 0.000 0.000 0.000 0.000 0.000 0.018 0.021 0.022 0.023 0.025
0.000 0.000 0.011 0.010 0.008 0.014 0.000 0.000 0.000 0.000 0.002 0.004 0.005 0.004 0.003 0.003 0.004 0.004 0.003 0.003 0.003 0.003 0.003 0.002 0.002 0.002 0.002 0.002 0.002 0.002 0.007 0.064 0.067 0.058 0.052 0.050 0.049 0.048 0.048 0.047 0.047 0.047 0.047 0.047 0.046 0.061 0.072 0.087 0.085 0.086 0.096 0.121 0.000 0.000 0.000 0.000 0.000 0.000 0.000 0.000 0.000 0.000 0.000 0.000 0.000 0.000 0.000 0.000 0.000 0.000 0.026 0.030 0.028 0.027 0.027 0.028 0.030
0.000 0.000 0.009 0.010 0.016 0.118 0.000 0.000 0.000 0.000 0.000 0.000 0.000 0.004 0.006 0.007 0.009 0.007 0.006 0.005 0.005 0.005 0.004 0.004 0.004 0.003 0.003 0.003 0.003 0.006 0.067 0.119 0.094 0.080 0.068 0.059 0.050 0.044 0.043 0.042 0.042 0.042 0.041 0.041 0.041 0.047 0.054 0.064 0.067 0.071 0.079 0.094 0.093 0.101 0.125 0.000 0.000 0.000 0.000 0.000 0.000 0.000 0.000 0.000 0.000 0.000 0.000 0.000 0.031 0.035 0.033 0.033 0.032 0.032 0.031 0.032 0.033
0.000 0.000 0.007 0.010 0.018 0.000 0.000 0.000 0.000 0.000 0.000 0.000 0.000 0.000 0.000 0.000 0.000 0.007 0.010 0.012 0.009 0.008 0.007 0.007 0.006 0.006 0.005 0.005 0.011 0.022 0.061 0.089 0.084 0.078 0.072 0.065 0.059 0.054 0.048 0.042 0.037 0.036 0.034 0.034 0.033 0.035 0.039 0.045 0.049 0.054 0.061 0.070 0.075 0.083 0.097 0.091 0.088 0.085 0.106 0.000 0.000 0.000 0.000 0.000 0.000 0.000 0.038 0.042 0.039 0.039 0.038 0.037 0.036 0.035 0.034 0.035 0.036
0.000 0.000 0.006 0.010 0.027 0.000 0.000 0.000 0.000 0.000 0.000 0.000 0.000 0.000 0.000 0.000 0.000 0.000 0.000 0.000 0.010 0.013 0.015 0.017 0.012 0.010 0.012 0.015 0.017 0.029 0.054 0.072 0.074 0.073 0.071 0.067 0.063 0.059 0.055 0.051 0.046 0.040 0.030 0.023 0.022 0.023 0.026 0.029 0.033 0.038 0.043 0.050 0.056 0.064 0.072 0.073 0.070 0.050 0.077 0.083 0.103 0.129 0.000 0.000 0.049 0.051 0.047 0.045 0.044 0.042 0.041 0.039 0.038 0.037 0.037 0.037 0.039
0.000 0.000 0.006 0.023 0.131 0.000 0.000 0.000 0.000 0.000 0.000 0.000 0.000 0.000 0.000 0.000 0.000 0.000 0.000 0.000 0.000 0.000 0.000 0.000 0.014 0.024 0.021 0.021 0.023 0.033 0.051 0.063 0.067 0.068 0.068 0.067 0.065 0.062 0.059 0.056 0.052 0.044 0.000 0.019 0.021 0.021 0.019 0.021 0.024 0.027 0.030 0.034 0.039 0.045 0.051 0.054 0.054 0.051 0.059 0.068 0.088 0.110 0.093 0.074 0.059 0.055 0.051 0.048 0.046 0.044 0.043 0.041 0.040 0.039 0.038 0.038 0.040
0.000 0.000 0.006 0.023 0.000 0.000 0.000 0.000 0.000 0.000 0.000 0.000 0.000 0.000 0.000 0.000 0.000 0.000 0.000 0.000 0.000 0.000 0.000 0.000 0.000 0.000 0.018 0.024 0.031 0.041 0.055 0.058 0.061 0.064 0.065 0.065 0.065 0.064 0.062 0.059 0.056 0.052 0.045 0.040 0.037 0.034 0.032 0.029 0.026 0.022 0.023 0.024 0.027 0.030 0.034 0.037 0.039 0.039 0.043 0.052 0.072 0.091 0.077 0.063 0.058 0.055 0.051 0.049 0.047 0.045 0.043 0.042 0.040 0.039 0.038 0.039 0.040
0.000 0.000 0.005 0.023 0.000 0.000 0.000 0.000 0.000 0.000 0.000 0.000 0.000 0.000 0.000 0.000 0.000 0.000 0.000 0.000 0.000 0.000 0.000 0.000 0.000 0.000 0.000 0.000 0.000 0.000 0.000 0.052 0.056 0.061 0.063 0.063 0.064 0.064 0.063 0.062 0.059 0.056 0.052 0.048 0.045 0.042 0.040 0.037 0.035 0.032 0.029 0.026 0.022 0.021 0.022 0.024 0.025 0.027 0.029 0.037 0.055 0.073 0.059 0.056 0.054 0.051 0.049 0.047 0.046 0.044 0.042 0.041 0.040 0.039 0.038 0.039 0.038
0.000 0.000 0.005 0.023 0.000 0.000 0.000 0.000 0.000 0.000 0.000 0.000 0.000 0.000 0.000 0.000 0.000 0.000 0.000 0.000 0.000 0.000 0.000 0.000 0.000 0.000 0.000 0.000 0.000 0.000 0.000 0.000 0.051 0.062 0.060 0.061 0.062 0.064 0.064 0.063 0.062 0.059 0.056 0.053 0.050 0.047 0.045 0.043 0.041 0.038 0.036 0.034 0.031 0.028 0.024 0.020 0.018 0.019 0.020 0.024 0.039 0.054 0.047 0.048 0.047 0.047 0.045 0.044 0.043 0.042 0.040 0.039 0.038 0.037 0.037 0.038 0.037
0.000 0.000 0.005 0.017 0.010 0.010 0.000 0.000 0.000 0.000 0.000 0.000 0.000 0.000 0.000 0.000 0.000 0.000 0.000 0.000 0.000 0.000 0.000 0.000 0.000 0.000 0.000 0.000 0.000 0.000 0.000 0.000 0.000 0.000 0.053 0.056 0.061 0.065 0.065 0.064 0.062 0.060 0.058 0.055 0.053 0.051 0.048 0.047 0.045 0.043 0.041 0.039 0.036 0.034 0.031 0.028 0.025 0.021 0.018 0.017 0.024 0.034 0.038 0.040 0.041 0.041 0.040 0.040 0.039 0.038 0.037 0.037 0.036 0.035 0.035 0.036 0.034
0.000 0.000 0.005 0.013 0.011 0.011 0.008 0.007 0.008 0.000 0.000 0.000 0.000 0.000 0.000 0.000 0.000 0.000 0.000 0.000 0.000 0.000 0.000 0.000 0.000 0.000 0.000 0.000 0.000 0.000 0.000 0.000 0.000 0.000 0.000 0.051 0.064 0.071 0.065 0.063 0.061 0.059 0.058 0.056 0.054 0.052 0.050 0.049 0.047 0.046 0.044 0.042 0.040 0.038 0.036 0.033 0.031 0.028 0.025 0.023 0.023 0.028 0.029 0.031 0.033 0.034 0.034 0.034 0.034 0.034 0.033 0.033 0.032 0.032 0.032 0.033 0.031
0.000 0.000 0.004 0.010 0.014 0.018 0.019 0.014 0.011 0.009 0.010 0.000 0.000 0.000 0.000 0.000 0.000 0.000 0.000 0.000 0.000 0.000 0.000 0.000 0.000 0.000 0.000 0.000 0.000 0.000 0.000 0.000 0.000 0.000 0.000 0.000 0.000 0.000 0.056 0.057 0.058 0.057 0.055 0.054 0.053 0.052 0.051 0.050 0.049 0.048 0.046 0.045 0.043 0.041 0.039 0.037 0.035 0.032 0.030 0.028 0.029 0.033 0.031 0.029 0.026 0.026 0.027 0.029 0.029 0.029 0.029 0.029 0.028 0.028 0.028 0.029 0.027
0.000 0.000 0.004 0.010 0.000 0.000 0.000 0.014 0.018 0.019 0.015 0.011 0.009 0.012 0.000 0.000 0.000 0.000 0.000 0.000 0.000 0.000 0.000 0.000 0.000 0.000 0.000 0.000 0.000 0.000 0.000 0.000 0.000 0.000 0.000 0.000 0.000 0.000 0.000 0.050 0.050 0.051 0.051 0.051 0.051 0.051 0.050 0.050 0.049 0.048 0.047 0.046 0.045 0.043 0.041 0.039 0.037 0.035 0.034 0.033 0.035 0.039 0.036 0.033 0.030 0.029 0.026 0.022 0.022 0.023 0.023 0.023 0.023 0.023 0.024 0.024 0.022
0.000 0.000 0.004 0.010 0.000 0.000 0.000 0.000 0.000 0.000 0.015 0.019 0.021 0.024 0.033 0.000 0.001 0.000 0.000 0.000 0.000 0.000 0.000 0.000 0.000 0.000 0.000 0.000 0.000 0.000 0.000 0.000 0.000 0.000 0.000 0.000 0.000 0.000 0.000 0.000 0.036 0.042 0.045 0.047 0.048 0.049 0.049 0.049 0.049 0.048 0.048 0.047 0.046 0.044 0.043 0.041 0.040 0.038 0.037 0.037 0.040 0.045 0.041 0.038 0.037 0.040 0.033 0.028 0.024 0.020 0.017 0.017 0.017 0.018 0.020 0.019 0.017
0.000 0.000 0.003 0.008 0.005 0.005 0.005 0.000 0.000 0.000 0.000 0.000 0.019 0.027 0.034 0.027 0.022 0.020 0.025 0.000 0.000 0.000 0.000 0.000 0.000 0.000 0.000 0.000 0.000 0.000 0.000 0.000 0.000 0.000 0.000 0.000 0.000 0.000 0.000 0.000 0.027 0.034 0.039 0.042 0.044 0.046 0.047 0.047 0.047 0.047 0.047 0.046 0.046 0.045 0.044 0.043 0.043 0.042 0.041 0.041 0.044 0.050 0.047 0.044 0.042 0.041 0.036 0.032 0.028 0.024 0.020 0.017 0.014 0.013 0.014 0.012 0.010
0.000 0.000 0.003 0.006 0.010 0.000 0.005 0.003 0.003 0.006 0.000 0.000 0.000 0.000 0.000 0.021 0.020 0.021 0.023 0.019 0.016 0.014 0.011 0.015 0.000 0.000 0.000 0.000 0.000 0.000 0.000 0.000 0.000 0.000 0.000 0.000 0.000 0.000 0.000 0.000 0.020 0.028 0.033 0.038 0.040 0.042 0.044 0.045 0.046 0.046 0.046 0.046 0.046 0.047 0.047 0.046 0.046 0.045 0.045 0.045 0.049 0.056 0.053 0.050 0.047 0.044 0.040 0.036 0.032 0.028 0.025 0.021 0.018 0.016 0.013 0.010 0.008
0.000 0.000 0.003 0.007 0.140 0.000 0.000 0.004 0.007 0.008 0.006 0.004 0.002 0.000 0.000 0.000 0.017 0.022 0.021 0.019 0.017 0.015 0.018 0.000 0.000 0.000 0.000 0.000 0.000 0.000 0.000 0.000 0.000 0.000 0.000 0.000 0.000 0.000 0.000 0.000 0.015 0.022 0.027 0.032 0.036 0.039 0.041 0.043 0.043 0.044 0.046 0.048 0.049 0.050 0.050 0.050 0.050 0.050 0.050 0.050 0.055 0.063 0.059 0.055 0.052 0.049 0.045 0.041 0.037 0.033 0.029 0.026 0.023 0.020 0.015 0.011 0.007
0.000 0.000 0.002 0.076 0.000 0.000 0.000 0.000 0.000 0.000 0.003 0.002 0.000 0.000 0.000 0.000 0.000 0.000 0.013 0.015 0.015 0.014 0.018 0.000 0.000 0.000 0.000 0.000 0.000 0.000 0.000 0.000 0.000 0.000 0.000 0.000 0.000 0.000 0.000 0.000 0.011 0.017 0.023 0.028 0.032 0.037 0.039 0.040 0.042 0.045 0.049 0.052 0.055 0.057 0.057 0.056 0.056 0.055 0.055 0.056 0.061 0.070 0.066 0.062 0.058 0.054 0.050 0.046 0.042 0.038 0.034 0.032 0.032 0.020 0.016 0.000 0.006
0.000 0.000 0.002 0.000 0.000 0.000 0.000 0.000 0.000 0.000 0.000 0.000 0.000 0.000 0.000 0.000 0.000 0.000 0.011 0.012 0.012 0.011 0.012 0.000 0.000 0.000 0.000 0.000 0.000 0.000 0.000 0.000 0.000 0.000 0.000 0.000 0.000 0.000 0.000 0.000 0.008 0.014 0.019 0.024 0.030 0.035 0.038 0.040 0.042 0.048 0.059 0.064 0.067 0.067 0.065 0.063 0.063 0.063 0.062 0.063 0.068 0.077 0.073 0.068 0.064 0.059 0.055 0.051 0.046 0.043 0.041 0.042 0.031 0.023 0.018 0.013 0.010
0.000 0.000 0.003 0.000 0.000 0.000 0.000 0.000 0.000 0.000 0.000 0.000 0.000 0.000 0.000 0.000 0.000 0.000 0.000 0.008 0.008 0.005 0.003 0.000 0.000 0.000 0.000 0.000 0.000 0.000 0.000 0.000 0.000 0.000 0.000 0.000 0.000 0.000 0.000 0.000 0.005 0.010 0.014 0.019 0.028 0.027 0.032 0.039 0.045 0.061 0.082 0.083 0.084 0.083 0.072 0.070 0.071 0.072 0.070 0.071 0.076 0.085 0.080 0.075 0.069 0.064 0.060 0.055 0.052 0.050 0.050 0.044 0.030 0.025 0.021 0.016 0.013
0.000 0.000 0.003 0.001 0.000 0.000 0.000 0.000 0.000 0.000 0.000 0.000 0.000 0.000 0.000 0.000 0.000 0.000 0.000 0.000 0.001 0.000 0.000 0.000 0.000 0.000 0.000 0.000 0.000 0.000 0.000 0.000 0.000 0.000 0.000 0.000 0.000 0.000 0.000 0.000 0.004 0.007 0.010 0.019 0.015 0.019 0.024 0.032 0.053 0.081 0.114 0.000 0.000 0.000 0.066 0.078 0.083 0.084 0.076 0.078 0.084 0.093 0.086 0.080 0.074 0.069 0.064 0.060 0.058 0.058 0.055 0.043 0.032 0.027 0.023 0.019 0.015
0.000 0.000 0.001 0.000 0.000 0.000 0.000 0.000 0.000 0.000 0.000 0.000 0.000 0.000 0.000 0.000 0.000 0.000 0.000 0.000 0.000 0.000 0.000 0.000 0.000 0.000 0.000 0.000 0.000 0.000 0.000 0.000 0.000 0.000 0.000 0.000 0.000 0.000 0.000 0.000 0.002 0.005 0.010 0.009 0.008 0.012 0.017 0.026 0.052 0.098 0.136 0.000 0.000 0.000 0.000 0.000 0.000 0.000 0.072 0.086 0.096 0.099 0.091 0.083 0.077 0.072 0.068 0.066 0.066 0.065 0.054 0.041 0.034 0.029 0.025 0.021 0.017
0.000 0.000 0.000 0.000 0.000 0.000 0.000 0.000 0.000 0.000 0.000 0.000 0.000 0.000 0.000 0.000 0.000 0.000 0.000 0.000 0.000 0.000 0.000 0.000 0.000 0.000 0.000 0.000 0.000 0.000 0.000 0.000 0.000 0.000 0.000 0.000 0.000 0.000 0.000 0.000 0.001 0.004 0.005 0.003 0.004 0.007 0.011 0.020 0.053 0.101 0.149 0.000 0.000 0.000 0.000 0.000 0.000 0.000 0.000 0.000 0.000 0.100 0.090 0.083 0.078 0.074 0.072 0.072 0.075 0.064 0.052 0.039 0.035 0.030 0.026 0.022 0.019
0.000 0.000 0.000 0.000 0.000 0.000 0.000 0.000 0.000 0.000 0.000 0.000 0.000 0.000 0.000 0.000 0.000 0.000 0.000 0.000 0.000 0.000 0.000 0.000 0.000 0.000 0.000 0.000 0.000 0.000 0.000 0.000 0.000 0.000 0.000 0.000 0.000 0.000 0.000 0.000 0.000 0.000 0.000 0.000 0.002 0.004 0.007 0.016 0.056 0.104 0.000 0.000 0.000 0.000 0.000 0.000 0.000 0.000 0.000 0.000 0.000 0.000 0.077 0.077 0.076 0.075 0.076 0.079 0.073 0.062 0.049 0.040 0.036 0.031 0.027 0.024 0.020
0.000 0.000 0.000 0.000 0.000 0.000 0.000 0.000 0.000 0.000 0.000 0.000 0.000 0.000 0.000 0.000 0.000 0.000 0.000 0.000 0.000 0.000 0.000 0.000 0.000 0.000 0.000 0.000 0.000 0.000 0.000 0.000 0.000 0.000 0.000 0.000 0.000 0.000 0.000 0.000 0.000 0.000 0.000 0.000 0.000 0.002 0.004 0.014 0.058 0.107 0.000 0.000 0.000 0.000 0.000 0.000 0.000 0.000 0.000 0.000 0.000 0.042 0.066 0.072 0.075 0.078 0.082 0.079 0.070 0.059 0.045 0.040 0.036 0.032 0.028 0.025 0.021
0.000 0.000 0.000 0.000 0.000 0.000 0.000 0.000 0.000 0.000 0.000 0.000 0.000 0.000 0.000 0.000 0.000 0.000 0.000 0.000 0.000 0.000 0.000 0.000 0.000 0.000 0.000 0.000 0.000 0.000 0.000 0.000 0.000 0.000 0.000 0.000 0.000 0.000 0.000 0.000 0.000 0.000 0.000 0.000 0.000 0.000 0.003 0.014 0.062 0.000 0.000 0.000 0.000 0.000 0.000 0.000 0.000 0.000 0.000 0.000 0.000 0.046 0.063 0.070 0.076 0.082 0.084 0.075 0.066 0.054 0.044 0.040 0.036 0.032 0.029 0.025 0.022
0.000 0.000 0.000 0.000 0.000 0.000 0.000 0.000 0.000 0.000 0.000 0.000 0.000 0.000 0.000 0.000 0.000 0.000 0.000 0.000 0.000 0.000 0.000 0.000 0.000 0.000 0.000 0.000 0.000 0.000 0.000 0.000 0.000 0.000 0.000 0.000 0.000 0.000 0.000 0.000 0.000 0.000 0.000 0.000 0.000 0.000 0.002 0.016 0.064 0.000 0.000 0.000 0.000 0.000 0.000 0.000 0.000 0.000 0.000 0.000 0.000 0.048 0.062 0.071 0.079 0.086 0.079 0.071 0.061 0.049 0.043 0.039 0.036 0.032 0.029 0.025 0.022
0.000 0.000 0.000 0.000 0.000 0.000 0.000 0.000 0.000 0.000 0.000 0.000 0.000 0.000 0.000 0.000 0.000 0.000 0.000 0.000 0.000 0.000 0.000 0.000 0.000 0.000 0.000 0.000 0.000 0.000 0.000 0.000 0.000 0.000 0.000 0.000 0.000 0.000 0.000 0.000 0.000 0.000 0.000 0.000 0.000 0.000 0.000 0.018 0.000 0.000 0.000 0.000 0.000 0.000 0.000 0.000 0.000 0.000 0.000 0.000 0.004 0.050 0.065 0.075 0.085 0.081 0.074 0.066 0.057 0.045 0.042 0.038 0.035 0.031 0.028 0.025 0.021
0.000 0.000 0.000 0.000 0.000 0.000 0.000 0.000 0.000 0.000 0.000 0.000 0.000 0.000 0.000 0.000 0.000 0.000 0.000 0.000 0.000 0.000 0.000 0.000 0.000 0.000 0.000 0.000 0.000 0.000 0.000 0.000 0.000 0.000 0.000 0.000 0.000 0.000 0.000 0.000 0.000 0.000 0.000 0.000 0.000 0.000 0.000 0.020 0.000 0.000 0.000 0.000 0.000 0.000 0.000 0.000 0.000 0.000 0.000 0.000 0.008 0.054 0.070 0.081 0.081 0.076 0.070 0.062 0.051 0.043 0.040 0.037 0.034 0.031 0.027 0.024 0.020
