数据/150y_1h/150y_1h_res/150y_1h_147-0001.wd
ncols         694
nrows         824
xllcorner     581104.939801
yllcorner     3495917.092414
cellsize      2.000000
NODATA_value  -9999.000000
[rows 714 to 747 of 824, columns 154 to 230 of 694]
0.000 0.000 0.000 0.000 0.000 0.000 0.002 0.003 0.004 0.005 0.005 0.006 0.006 0.006 0.006 0.006 0.006 0.005 0.005 0.004 0.000 0.001 0.034 0.028 0.023 0.018 0.012 0.007 0.003 0.001 0.001 0.001 0.000 0.000 0.000 0.000 0.000 0.000 0.000 0.000 0.000 0.000 0.001 0.001 0.001 0.001 0.001 0.001 0.002 0.000 0.000 0.000 0.000 0.000 0.000 0.000 0.000 0.000 0.074 0.084 0.095 0.094 0.072 0.054 0.063 0.001 0.001 0.001 0.000 0.000 0.000 0.000 0.000 0.000 0.000 0.000 0.000
0.000 0.000 0.000 0.000 0.000 0.002 0.003 0.004 0.005 0.005 0.006 0.006 0.006 0.006 0.006 0.006 0.006 0.006 0.006 0.005 0.004 0.004 0.001 0.040 0.036 0.027 0.020 0.013 0.008 0.004 0.002 0.001 0.001 0.001 0.000 0.000 0.000 0.000 0.000 0.000 0.000 0.001 0.001 0.001 0.001 0.003 0.011 0.022 0.031 0.000 0.000 0.000 0.000 0.000 0.000 0.000 0.000 0.000 0.135 0.131 0.108 0.085 0.062 0.054 0.064 0.019 0.001 0.001 0.000 0.000 0.000 0.000 0.000 0.000 0.000 0.000 0.000
0.000 0.000 0.000 0.000 0.001 0.003 0.004 0.005 0.005 0.006 0.006 0.006 0.006 0.007 0.007 0.007 0.007 0.006 0.006 0.006 0.006 0.005 0.004 0.000 0.001 0.034 0.027 0.021 0.015 0.010 0.006 0.003 0.001 0.001 0.001 0.000 0.000 0.000 0.000 0.000 0.001 0.001 0.001 0.002 0.041 0.060 0.072 0.083 0.094 0.000 0.000 0.000 0.000 0.000 0.000 0.000 0.000 0.169 0.145 0.122 0.098 0.075 0.052 0.056 0.066 0.062 0.001 0.001 0.000 0.000 0.000 0.000 0.000 0.000 0.000 0.000 0.000
0.000 0.000 0.000 0.000 0.002 0.004 0.005 0.005 0.006 0.006 0.006 0.007 0.007 0.007 0.007 0.007 0.007 0.007 0.007 0.007 0.006 0.006 0.005 0.004 0.003 0.001 0.036 0.030 0.025 0.019 0.013 0.008 0.005 0.002 0.001 0.001 0.001 0.000 0.000 0.000 0.001 0.001 0.001 0.028 0.083 0.124 0.135 0.146 0.000 0.000 0.000 0.000 0.000 0.000 0.000 0.000 0.000 0.160 0.136 0.113 0.089 0.066 0.050 0.059 0.068 0.077 0.020 0.001 0.001 0.000 0.000 0.000 0.000 0.000 0.000 0.000 0.000
0.000 0.000 0.000 0.001 0.003 0.004 0.005 0.006 0.006 0.006 0.007 0.007 0.007 0.007 0.007 0.007 0.007 0.007 0.007 0.007 0.007 0.006 0.006 0.006 0.005 0.000 0.001 0.043 0.040 0.031 0.023 0.017 0.012 0.008 0.005 0.003 0.002 0.001 0.000 0.001 0.001 0.001 0.015 0.069 0.126 0.183 0.199 0.209 0.000 0.000 0.000 0.000 0.000 0.000 0.000 0.000 0.000 0.151 0.127 0.104 0.081 0.057 0.053 0.062 0.071 0.080 0.064 0.001 0.000 0.000 0.000 0.000 0.000 0.000 0.000 0.000 0.000
0.000 0.000 0.000 0.001 0.003 0.005 0.005 0.006 0.006 0.006 0.007 0.007 0.007 0.007 0.007 0.007 0.007 0.007 0.007 0.007 0.007 0.007 0.007 0.006 0.006 0.005 0.004 0.000 0.001 0.040 0.034 0.029 0.024 0.020 0.016 0.013 0.010 0.008 0.006 0.002 0.003 0.007 0.055 0.111 0.168 0.225 0.261 0.272 0.000 0.000 0.000 0.000 0.000 0.000 0.000 0.000 0.000 0.142 0.119 0.095 0.071 0.048 0.056 0.065 0.074 0.084 0.093 0.023 0.000 0.000 0.000 0.000 0.000 0.000 0.000 0.000 0.000
0.000 0.000 0.000 0.001 0.003 0.005 0.005 0.006 0.006 0.007 0.007 0.007 0.007 0.007 0.008 0.008 0.008 0.008 0.008 0.008 0.007 0.007 0.007 0.007 0.006 0.006 0.005 0.005 0.004 0.001 0.048 0.044 0.040 0.036 0.033 0.030 0.028 0.026 0.025 0.000 0.000 0.042 0.097 0.154 0.210 0.267 0.323 0.335 0.346 0.323 0.000 0.000 0.000 0.000 0.000 0.000 0.155 0.132 0.109 0.086 0.062 0.050 0.059 0.068 0.077 0.087 0.096 0.068 0.000 0.000 0.000 0.000 0.000 0.000 0.000 0.000 0.000
0.000 0.000 0.000 0.001 0.003 0.005 0.006 0.006 0.006 0.007 0.007 0.007 0.007 0.008 0.008 0.008 0.008 0.008 0.008 0.008 0.008 0.008 0.007 0.007 0.007 0.007 0.006 0.006 0.005 0.004 0.001 0.062 0.060 0.055 0.052 0.050 0.048 0.047 0.000 0.000 0.000 0.000 0.139 0.197 0.253 0.309 0.364 0.361 0.337 0.314 0.291 0.268 0.000 0.000 0.000 0.000 0.147 0.123 0.099 0.076 0.053 0.053 0.062 0.071 0.081 0.090 0.100 0.000 0.000 0.000 0.000 0.000 0.000 0.000 0.000 0.000 0.000
0.000 0.000 0.000 0.001 0.003 0.005 0.006 0.006 0.007 0.007 0.007 0.007 0.008 0.008 0.008 0.008 0.008 0.008 0.008 0.008 0.008 0.008 0.008 0.007 0.007 0.007 0.007 0.006 0.006 0.005 0.004 0.001 0.001 0.074 0.072 0.070 0.069 0.000 0.000 0.000 0.000 0.000 0.000 0.238 0.295 0.319 0.341 0.000 0.000 0.306 0.283 0.260 0.237 0.212 0.000 0.000 0.138 0.114 0.090 0.067 0.047 0.056 0.065 0.075 0.084 0.094 0.103 0.000 0.000 0.000 0.000 0.000 0.000 0.000 0.000 0.000 0.000
0.000 0.000 0.000 0.001 0.003 0.005 0.006 0.006 0.007 0.007 0.007 0.007 0.008 0.008 0.008 0.008 0.008 0.008 0.008 0.008 0.008 0.008 0.008 0.008 0.007 0.007 0.007 0.007 0.006 0.006 0.005 0.004 0.003 0.001 0.091 0.088 0.000 0.000 0.000 0.000 0.000 0.000 0.000 0.251 0.273 0.294 0.316 0.000 0.000 0.000 0.000 0.251 0.227 0.203 0.178 0.153 0.129 0.105 0.079 0.057 0.050 0.060 0.068 0.078 0.088 0.097 0.107 0.000 0.000 0.000 0.000 0.000 0.000 0.000 0.000 0.000 0.000
0.000 0.000 0.000 0.001 0.003 0.005 0.006 0.006 0.007 0.007 0.007 0.007 0.008 0.008 0.008 0.008 0.008 0.008 0.008 0.008 0.008 0.008 0.008 0.008 0.008 0.007 0.007 0.007 0.007 0.006 0.006 0.005 0.005 0.004 0.001 0.103 0.098 0.000 0.000 0.000 0.000 0.000 0.000 0.227 0.248 0.271 0.293 0.305 0.000 0.000 0.000 0.000 0.000 0.193 0.169 0.145 0.120 0.096 0.056 0.046 0.053 0.062 0.071 0.081 0.091 0.101 0.000 0.000 0.000 0.000 0.000 0.000 0.000 0.000 0.000 0.000 0.000
0.000 0.000 0.000 0.001 0.003 0.005 0.006 0.006 0.007 0.007 0.007 0.007 0.008 0.008 0.008 0.008 0.008 0.008 0.008 0.008 0.008 0.008 0.008 0.008 0.008 0.008 0.007 0.007 0.007 0.007 0.006 0.006 0.005 0.005 0.004 0.000 0.115 0.114 0.000 0.000 0.000 0.000 0.000 0.000 0.224 0.000 0.000 0.286 0.275 0.000 0.000 0.000 0.000 0.000 0.000 0.135 0.112 0.086 0.060 0.046 0.056 0.065 0.075 0.085 0.094 0.104 0.000 0.000 0.000 0.000 0.000 0.000 0.000 0.000 0.000 0.000 0.000
0.000 0.000 0.000 0.001 0.003 0.005 0.006 0.006 0.006 0.007 0.007 0.007 0.008 0.008 0.008 0.008 0.008 0.008 0.008 0.008 0.008 0.008 0.008 0.008 0.008 0.008 0.008 0.007 0.007 0.007 0.006 0.006 0.006 0.005 0.004 0.003 0.000 0.134 0.153 0.000 0.000 0.000 0.000 0.000 0.000 0.000 0.000 0.000 0.255 0.000 0.000 0.000 0.000 0.000 0.149 0.126 0.102 0.078 0.053 0.050 0.059 0.068 0.078 0.087 0.097 0.107 0.000 0.000 0.000 0.000 0.000 0.000 0.000 0.000 0.000 0.000 0.000
0.000 0.000 0.000 0.001 0.003 0.005 0.005 0.006 0.006 0.007 0.007 0.007 0.008 0.008 0.008 0.008 0.008 0.008 0.008 0.008 0.008 0.008 0.008 0.008 0.008 0.008 0.008 0.007 0.007 0.007 0.007 0.006 0.006 0.005 0.005 0.004 0.003 0.001 0.127 0.146 0.000 0.000 0.000 0.000 0.000 0.000 0.000 0.000 0.235 0.000 0.000 0.000 0.000 0.000 0.140 0.116 0.093 0.068 0.045 0.053 0.062 0.072 0.081 0.090 0.100 0.000 0.000 0.000 0.000 0.000 0.000 0.000 0.000 0.000 0.000 0.000 0.000
0.000 0.000 0.000 0.001 0.003 0.004 0.005 0.006 0.006 0.007 0.007 0.007 0.007 0.008 0.008 0.008 0.008 0.008 0.008 0.008 0.008 0.008 0.008 0.008 0.008 0.008 0.008 0.007 0.007 0.007 0.007 0.006 0.006 0.006 0.005 0.005 0.004 0.003 0.000 0.119 0.138 0.000 0.000 0.000 0.000 0.000 0.000 0.223 0.216 0.000 0.000 0.000 0.000 0.150 0.130 0.106 0.084 0.060 0.048 0.057 0.066 0.075 0.084 0.094 0.103 0.111 0.120 0.000 0.000 0.000 0.000 0.000 0.000 0.000 0.000 0.000 0.000
0.000 0.000 0.000 0.000 0.002 0.004 0.005 0.005 0.006 0.006 0.007 0.007 0.007 0.007 0.008 0.008 0.008 0.008 0.008 0.008 0.008 0.008 0.008 0.008 0.008 0.008 0.008 0.007 0.007 0.007 0.007 0.006 0.006 0.006 0.005 0.005 0.004 0.003 0.001 0.000 0.110 0.127 0.000 0.000 0.000 0.000 0.000 0.000 0.000 0.000 0.000 0.000 0.000 0.131 0.119 0.098 0.074 0.050 0.051 0.060 0.069 0.079 0.088 0.097 0.106 0.114 0.123 0.131 0.140 0.000 0.000 0.000 0.000 0.000 0.000 0.000 0.000
0.000 0.000 0.000 0.000 0.001 0.003 0.004 0.005 0.006 0.006 0.006 0.007 0.007 0.007 0.008 0.008 0.008 0.008 0.008 0.008 0.008 0.008 0.008 0.008 0.008 0.008 0.008 0.007 0.007 0.007 0.007 0.006 0.006 0.006 0.005 0.005 0.004 0.003 0.001 0.000 0.000 0.099 0.113 0.133 0.000 0.000 0.000 0.000 0.000 0.000 0.000 0.000 0.124 0.112 0.099 0.086 0.066 0.046 0.055 0.063 0.073 0.082 0.091 0.100 0.109 0.117 0.126 0.134 0.142 0.151 0.160 0.000 0.000 0.000 0.000 0.000 0.000
0.000 0.000 0.000 0.000 0.000 0.002 0.003 0.004 0.005 0.006 0.006 0.007 0.007 0.007 0.007 0.007 0.008 0.008 0.008 0.008 0.008 0.008 0.008 0.008 0.008 0.008 0.007 0.007 0.007 0.007 0.007 0.006 0.006 0.006 0.005 0.004 0.004 0.002 0.000 0.000 0.000 0.000 0.088 0.108 0.127 0.000 0.000 0.000 0.000 0.000 0.000 0.000 0.104 0.092 0.079 0.067 0.055 0.049 0.058 0.068 0.077 0.086 0.095 0.103 0.113 0.121 0.129 0.138 0.146 0.155 0.164 0.173 0.124 0.000 0.000 0.000 0.000
0.000 0.000 0.000 0.000 0.000 0.000 0.002 0.003 0.004 0.005 0.006 0.006 0.007 0.007 0.007 0.007 0.007 0.008 0.008 0.008 0.008 0.008 0.008 0.008 0.008 0.007 0.007 0.007 0.007 0.007 0.006 0.006 0.006 0.005 0.005 0.004 0.003 0.001 0.000 0.000 0.000 0.000 0.000 0.083 0.101 0.120 0.000 0.000 0.000 0.000 0.000 0.097 0.085 0.073 0.060 0.047 0.045 0.049 0.059 0.069 0.079 0.089 0.098 0.107 0.116 0.000 0.000 0.000 0.149 0.158 0.167 0.176 0.168 0.082 0.015 0.000 0.000
0.000 0.000 0.000 0.000 0.000 0.000 0.000 0.002 0.003 0.004 0.005 0.006 0.006 0.007 0.007 0.007 0.007 0.007 0.007 0.008 0.008 0.008 0.008 0.007 0.007 0.007 0.007 0.007 0.007 0.007 0.006 0.006 0.005 0.005 0.004 0.003 0.002 0.000 0.000 0.000 0.000 0.000 0.000 0.000 0.075 0.094 0.113 0.000 0.000 0.000 0.000 0.078 0.065 0.053 0.045 0.045 0.044 0.046 0.056 0.066 0.077 0.086 0.096 0.106 0.116 0.000 0.000 0.000 0.000 0.000 0.170 0.179 0.188 0.126 0.086 0.047 0.000
0.000 0.000 0.000 0.000 0.000 0.000 0.000 0.000 0.002 0.003 0.004 0.005 0.006 0.006 0.007 0.007 0.007 0.007 0.007 0.007 0.007 0.007 0.007 0.007 0.007 0.007 0.007 0.007 0.007 0.006 0.006 0.006 0.005 0.004 0.003 0.002 0.000 0.000 0.000 0.000 0.000 0.000 0.000 0.000 0.053 0.069 0.086 0.104 0.000 0.090 0.077 0.061 0.047 0.046 0.045 0.045 0.044 0.044 0.054 0.064 0.074 0.084 0.094 0.104 0.000 0.000 0.000 0.000 0.000 0.000 0.000 0.180 0.190 0.195 0.157 0.118 0.000
0.000 0.000 0.000 0.000 0.000 0.000 0.000 0.000 0.000 0.002 0.003 0.004 0.005 0.006 0.006 0.006 0.007 0.007 0.007 0.007 0.007 0.007 0.007 0.007 0.007 0.007 0.007 0.006 0.006 0.006 0.006 0.005 0.004 0.003 0.002 0.000 0.000 0.000 0.000 0.000 0.000 0.000 0.000 0.000 0.000 0.046 0.061 0.076 0.089 0.073 0.058 0.050 0.048 0.047 0.046 0.045 0.045 0.044 0.053 0.062 0.072 0.082 0.092 0.000 0.000 0.000 0.000 0.000 0.000 0.000 0.000 0.000 0.000 0.201 0.197 0.188 0.149
0.000 0.000 0.000 0.000 0.000 0.000 0.000 0.000 0.000 0.000 0.002 0.003 0.004 0.005 0.006 0.006 0.006 0.006 0.007 0.007 0.007 0.007 0.007 0.007 0.007 0.006 0.006 0.006 0.006 0.005 0.005 0.004 0.003 0.002 0.000 0.000 0.000 0.000 0.000 0.000 0.000 0.000 0.000 0.000 0.000 0.000 0.036 0.050 0.064 0.055 0.052 0.050 0.049 0.047 0.046 0.046 0.045 0.045 0.051 0.061 0.071 0.081 0.091 0.000 0.000 0.000 0.000 0.000 0.000 0.000 0.000 0.000 0.000 0.000 0.000 0.197 0.193
0.000 0.000 0.000 0.000 0.000 0.000 0.000 0.000 0.000 0.000 0.000 0.002 0.003 0.004 0.005 0.005 0.006 0.006 0.006 0.006 0.006 0.006 0.006 0.006 0.006 0.006 0.006 0.006 0.005 0.005 0.004 0.003 0.002 0.000 0.000 0.000 0.000 0.000 0.000 0.000 0.000 0.000 0.000 0.000 0.000 0.000 0.000 0.026 0.041 0.054 0.052 0.050 0.048 0.047 0.046 0.045 0.045 0.044 0.049 0.059 0.069 0.079 0.000 0.000 0.000 0.000 0.000 0.000 0.000 0.000 0.000 0.000 0.000 0.000 0.000 0.000 0.000
0.000 0.000 0.000 0.000 0.000 0.000 0.000 0.000 0.000 0.000 0.000 0.000 0.002 0.003 0.004 0.005 0.005 0.005 0.006 0.006 0.006 0.006 0.006 0.006 0.006 0.006 0.005 0.005 0.005 0.004 0.003 0.002 0.000 0.000 0.000 0.000 0.000 0.000 0.000 0.000 0.000 0.000 0.000 0.000 0.000 0.000 0.000 0.000 0.018 0.037 0.051 0.049 0.048 0.047 0.046 0.045 0.044 0.044 0.046 0.057 0.067 0.077 0.000 0.000 0.000 0.000 0.000 0.000 0.000 0.000 0.000 0.000 0.000 0.000 0.000 0.000 0.000
0.000 0.000 0.000 0.000 0.000 0.000 0.000 0.000 0.000 0.000 0.000 0.000 0.000 0.002 0.003 0.004 0.004 0.005 0.005 0.005 0.005 0.005 0.005 0.005 0.005 0.005 0.005 0.004 0.004 0.003 0.002 0.000 0.000 0.000 0.000 0.000 0.000 0.000 0.000 0.000 0.000 0.000 0.000 0.000 0.000 0.000 0.000 0.000 0.000 0.016 0.035 0.048 0.047 0.046 0.044 0.043 0.043 0.043 0.044 0.054 0.065 0.000 0.000 0.000 0.000 0.000 0.000 0.000 0.000 0.000 0.000 0.000 0.000 0.000 0.000 0.000 0.000
0.000 0.000 0.000 0.000 0.000 0.000 0.000 0.000 0.000 0.000 0.000 0.000 0.000 0.000 0.001 0.002 0.003 0.003 0.003 0.003 0.003 0.003 0.003 0.003 0.003 0.003 0.003 0.003 0.002 0.001 0.000 0.000 0.000 0.000 0.000 0.000 0.000 0.000 0.000 0.000 0.000 0.000 0.000 0.000 0.000 0.000 0.000 0.000 0.000 0.000 0.014 0.033 0.046 0.044 0.043 0.041 0.040 0.040 0.041 0.052 0.062 0.000 0.000 0.000 0.000 0.000 0.000 0.000 0.000 0.000 0.000 0.000 0.000 0.000 0.000 0.000 0.000
0.000 0.000 0.000 0.000 0.000 0.000 0.000 0.000 0.000 0.000 0.000 0.000 0.000 0.000 0.000 0.000 0.001 0.001 0.001 0.001 0.001 0.001 0.001 0.001 0.001 0.001 0.001 0.001 0.000 0.000 0.000 0.000 0.000 0.000 0.000 0.000 0.000 0.000 0.000 0.000 0.000 0.000 0.000 0.000 0.000 0.000 0.000 0.000 0.000 0.000 0.001 0.012 0.030 0.043 0.041 0.038 0.034 0.036 0.038 0.048 0.000 0.000 0.000 0.000 0.000 0.000 0.000 0.000 0.000 0.000 0.000 0.000 0.000 0.000 0.000 0.000 0.000
0.000 0.000 0.000 0.000 0.000 0.000 0.000 0.000 0.000 0.000 0.000 0.000 0.000 0.000 0.000 0.000 0.000 0.000 0.000 0.000 0.000 0.000 0.000 0.000 0.000 0.000 0.000 0.000 0.000 0.000 0.000 0.000 0.000 0.000 0.000 0.000 0.000 0.000 0.000 0.000 0.000 0.000 0.000 0.000 0.000 0.000 0.000 0.000 0.000 0.000 0.000 0.001 0.009 0.027 0.037 0.032 0.000 0.028 0.032 0.000 0.000 0.000 0.000 0.000 0.000 0.000 0.000 0.000 0.000 0.000 0.000 0.000 0.000 0.000 0.000 0.000 0.000
0.000 0.000 0.000 0.000 0.000 0.000 0.000 0.000 0.000 0.000 0.000 0.000 0.000 0.000 0.000 0.000 0.000 0.000 0.000 0.000 0.000 0.000 0.000 0.000 0.000 0.000 0.000 0.000 0.000 0.000 0.000 0.000 0.000 0.000 0.000 0.000 0.000 0.000 0.000 0.000 0.000 0.000 0.000 0.000 0.000 0.000 0.000 0.000 0.000 0.000 0.000 0.001 0.001 0.007 0.021 0.030 0.025 0.027 0.028 0.030 0.000 0.000 0.000 0.000 0.000 0.000 0.000 0.000 0.000 0.000 0.000 0.000 0.000 0.000 0.000 0.000 0.000
0.000 0.000 0.000 0.000 0.000 0.000 0.000 0.000 0.000 0.000 0.000 0.000 0.000 0.000 0.000 0.000 0.000 0.000 0.000 0.000 0.000 0.000 0.000 0.000 0.000 0.000 0.000 0.000 0.000 0.000 0.000 0.000 0.000 0.000 0.000 0.000 0.000 0.000 0.000 0.000 0.000 0.000 0.000 0.000 0.000 0.000 0.000 0.000 0.000 0.000 0.000 0.001 0.001 0.001 0.004 0.016 0.027 0.027 0.026 0.026 0.032 0.000 0.000 0.000 0.000 0.000 0.000 0.000 0.000 0.000 0.000 0.000 0.000 0.000 0.000 0.000 0.000
0.000 0.000 0.000 0.000 0.000 0.000 0.000 0.000 0.000 0.000 0.000 0.000 0.000 0.000 0.000 0.000 0.000 0.000 0.000 0.000 0.000 0.000 0.000 0.000 0.000 0.000 0.000 0.000 0.000 0.000 0.000 0.000 0.000 0.000 0.000 0.000 0.000 0.000 0.000 0.000 0.000 0.000 0.000 0.000 0.000 0.000 0.000 0.000 0.000 0.000 0.000 0.001 0.001 0.001 0.001 0.003 0.014 0.026 0.025 0.023 0.026 0.025 0.027 0.000 0.000 0.000 0.000 0.000 0.000 0.000 0.000 0.000 0.000 0.000 0.000 0.000 0.000
0.000 0.000 0.000 0.000 0.000 0.000 0.000 0.000 0.000 0.000 0.000 0.000 0.000 0.000 0.000 0.000 0.000 0.000 0.000 0.000 0.000 0.000 0.000 0.000 0.000 0.000 0.000 0.000 0.000 0.000 0.000 0.000 0.000 0.000 0.000 0.000 0.000 0.000 0.000 0.000 0.000 0.000 0.000 0.000 0.000 0.000 0.000 0.000 0.000 0.000 0.000 0.000 0.001 0.001 0.001 0.001 0.002 0.014 0.024 0.020 0.021 0.019 0.021 0.024 0.000 0.000 0.000 0.000 0.000 0.000 0.000 0.000 0.000 0.000 0.000 0.000 0.000
0.000 0.000 0.000 0.000 0.000 0.000 0.000 0.000 0.000 0.000 0.000 0.000 0.000 0.000 0.000 0.000 0.000 0.000 0.000 0.000 0.000 0.000 0.000 0.000 0.000 0.000 0.000 0.000 0.000 0.000 0.000 0.000 0.000 0.000 0.000 0.000 0.000 0.000 0.000 0.000 0.000 0.000 0.000 0.000 0.000 0.000 0.000 0.000 0.000 0.000 0.000 0.000 0.001 0.001 0.001 0.001 0.001 0.002 0.010 0.017 0.014 0.015 0.018 0.020 0.023 0.000 0.000 0.000 0.000 0.000 0.000 0.000 0.000 0.000 0.000 0.000 0.000
