数据/150y_1h/150y_1h_res/150y_1h_86-0001.wd
ncols         694
nrows         824
xllcorner     581104.939801
yllcorner     3495917.092414
cellsize      2.000000
NODATA_value  -9999.000000
[rows 442 to 475 of 824, columns 385 to 461 of 694]
0.000 0.000 0.000 0.040 0.036 0.032 0.027 0.023 0.018 0.014 0.010 0.006 0.004 0.004 0.004 0.004 0.005 0.006 0.007 0.008 0.011 0.022 0.032 0.042 0.051 0.061 0.070 0.080 0.089 0.098 0.102 0.103 0.103 0.104 0.000 0.000 0.000 0.000 0.000 0.000 0.000 0.000 0.000 0.000 0.000 0.000 0.000 0.000 0.000 0.000 0.000 0.000 0.000 0.000 0.000 0.005 0.012 0.016 0.019 0.021 0.023 0.025 0.026 0.028 0.030 0.034 0.038 0.043 0.049 0.056 0.000 0.000 0.000 0.000 0.000 0.000 0.000
0.000 0.000 0.000 0.000 0.000 0.043 0.039 0.034 0.030 0.025 0.021 0.017 0.012 0.009 0.007 0.007 0.007 0.008 0.009 0.011 0.013 0.019 0.030 0.041 0.051 0.061 0.070 0.080 0.089 0.098 0.100 0.100 0.101 0.103 0.000 0.000 0.000 0.000 0.000 0.000 0.000 0.000 0.000 0.000 0.000 0.000 0.000 0.000 0.000 0.000 0.000 0.000 0.000 0.000 0.000 0.007 0.014 0.019 0.023 0.026 0.028 0.030 0.032 0.036 0.039 0.043 0.048 0.054 0.060 0.066 0.072 0.073 0.000 0.000 0.000 0.000 0.000
0.000 0.000 0.000 0.000 0.000 0.000 0.000 0.046 0.041 0.037 0.033 0.028 0.024 0.019 0.015 0.012 0.011 0.011 0.012 0.014 0.016 0.018 0.027 0.039 0.049 0.059 0.070 0.080 0.090 0.098 0.097 0.096 0.096 0.000 0.000 0.000 0.000 0.000 0.000 0.000 0.000 0.000 0.000 0.000 0.000 0.000 0.000 0.000 0.000 0.000 0.000 0.000 0.000 0.000 0.009 0.016 0.023 0.028 0.033 0.035 0.036 0.038 0.042 0.046 0.050 0.054 0.060 0.066 0.072 0.078 0.084 0.080 0.075 0.070 0.065 0.000 0.000
0.000 0.000 0.000 0.000 0.000 0.000 0.000 0.000 0.050 0.048 0.044 0.039 0.035 0.030 0.026 0.022 0.018 0.016 0.016 0.017 0.019 0.021 0.023 0.035 0.047 0.057 0.068 0.079 0.093 0.094 0.093 0.092 0.091 0.000 0.000 0.000 0.000 0.000 0.000 0.000 0.000 0.000 0.000 0.000 0.000 0.000 0.000 0.000 0.000 0.000 0.000 0.000 0.000 0.000 0.000 0.000 0.000 0.041 0.000 0.000 0.044 0.050 0.054 0.058 0.061 0.066 0.072 0.078 0.084 0.090 0.092 0.087 0.082 0.077 0.072 0.066 0.061
0.000 0.000 0.000 0.000 0.000 0.000 0.000 0.000 0.000 0.000 0.050 0.048 0.046 0.042 0.037 0.033 0.028 0.024 0.022 0.021 0.022 0.023 0.026 0.030 0.042 0.053 0.064 0.074 0.084 0.088 0.086 0.085 0.084 0.000 0.000 0.000 0.000 0.000 0.000 0.000 0.000 0.000 0.000 0.000 0.000 0.000 0.000 0.000 0.000 0.000 0.000 0.000 0.000 0.000 0.000 0.000 0.000 0.000 0.000 0.000 0.000 0.000 0.000 0.000 0.072 0.079 0.085 0.091 0.096 0.103 0.100 0.094 0.089 0.084 0.079 0.074 0.068
0.000 0.000 0.000 0.000 0.000 0.000 0.000 0.000 0.000 0.000 0.000 0.053 0.051 0.049 0.047 0.043 0.039 0.034 0.030 0.027 0.026 0.026 0.027 0.030 0.036 0.048 0.058 0.068 0.076 0.079 0.078 0.076 0.071 0.058 0.049 0.044 0.000 0.000 0.000 0.000 0.000 0.000 0.000 0.000 0.000 0.000 0.000 0.000 0.000 0.000 0.000 0.000 0.000 0.000 0.000 0.000 0.000 0.000 0.000 0.000 0.000 0.000 0.000 0.000 0.000 0.000 0.000 0.000 0.109 0.112 0.107 0.101 0.096 0.092 0.086 0.081 0.076
0.000 0.000 0.000 0.000 0.000 0.000 0.000 0.000 0.000 0.000 0.000 0.000 0.000 0.054 0.052 0.049 0.047 0.044 0.039 0.035 0.031 0.030 0.029 0.030 0.032 0.041 0.051 0.060 0.066 0.069 0.069 0.066 0.061 0.052 0.044 0.037 0.028 0.022 0.018 0.018 0.000 0.000 0.000 0.000 0.000 0.000 0.000 0.000 0.000 0.000 0.000 0.000 0.000 0.000 0.000 0.000 0.000 0.000 0.000 0.000 0.000 0.000 0.000 0.000 0.000 0.000 0.000 0.000 0.000 0.000 0.000 0.109 0.104 0.099 0.093 0.088 0.083
0.000 0.000 0.000 0.000 0.000 0.000 0.000 0.000 0.000 0.000 0.000 0.000 0.000 0.000 0.000 0.053 0.050 0.048 0.045 0.042 0.038 0.035 0.032 0.032 0.032 0.033 0.043 0.049 0.045 0.056 0.058 0.056 0.051 0.043 0.040 0.036 0.031 0.026 0.023 0.021 0.016 0.013 0.013 0.000 0.000 0.000 0.000 0.000 0.000 0.000 0.000 0.000 0.000 0.000 0.000 0.000 0.000 0.000 0.000 0.000 0.000 0.000 0.000 0.000 0.000 0.000 0.000 0.000 0.000 0.000 0.000 0.000 0.000 0.000 0.000 0.095 0.090
0.000 0.000 0.000 0.000 0.000 0.000 0.000 0.000 0.000 0.000 0.000 0.000 0.000 0.000 0.000 0.000 0.054 0.052 0.046 0.043 0.040 0.038 0.036 0.033 0.033 0.032 0.034 0.041 0.045 0.047 0.048 0.045 0.044 0.042 0.039 0.036 0.032 0.029 0.026 0.023 0.020 0.017 0.015 0.012 0.009 0.007 0.007 0.000 0.000 0.000 0.000 0.000 0.000 0.000 0.000 0.000 0.000 0.000 0.000 0.000 0.000 0.000 0.000 0.000 0.000 0.000 0.000 0.000 0.000 0.000 0.000 0.000 0.000 0.000 0.000 0.000 0.000
0.000 0.000 0.000 0.000 0.000 0.000 0.000 0.000 0.000 0.000 0.000 0.000 0.000 0.000 0.000 0.000 0.000 0.000 0.044 0.042 0.039 0.037 0.034 0.030 0.032 0.033 0.031 0.034 0.039 0.038 0.040 0.041 0.041 0.040 0.039 0.036 0.034 0.031 0.028 0.026 0.023 0.020 0.018 0.015 0.013 0.010 0.009 0.007 0.005 0.004 0.003 0.002 0.002 0.001 0.000 0.000 0.000 0.000 0.000 0.000 0.000 0.000 0.000 0.000 0.000 0.000 0.000 0.000 0.000 0.000 0.000 0.000 0.000 0.000 0.000 0.000 0.000
0.000 0.000 0.000 0.000 0.000 0.000 0.000 0.000 0.000 0.000 0.000 0.000 0.000 0.000 0.000 0.000 0.000 0.000 0.043 0.041 0.038 0.034 0.028 0.000 0.025 0.029 0.030 0.030 0.032 0.035 0.038 0.039 0.040 0.039 0.038 0.037 0.035 0.032 0.030 0.028 0.026 0.023 0.021 0.018 0.016 0.014 0.011 0.009 0.007 0.006 0.005 0.004 0.003 0.003 0.002 0.002 0.001 0.000 0.000 0.000 0.000 0.000 0.000 0.000 0.000 0.000 0.000 0.000 0.000 0.000 0.000 0.000 0.000 0.000 0.000 0.000 0.000
0.000 0.000 0.000 0.000 0.000 0.000 0.000 0.000 0.000 0.000 0.000 0.000 0.000 0.000 0.000 0.000 0.000 0.000 0.041 0.039 0.036 0.033 0.028 0.023 0.024 0.026 0.026 0.025 0.029 0.033 0.036 0.038 0.039 0.039 0.039 0.038 0.036 0.035 0.033 0.031 0.029 0.026 0.024 0.022 0.019 0.017 0.014 0.012 0.010 0.009 0.007 0.006 0.006 0.005 0.004 0.003 0.003 0.002 0.002 0.001 0.000 0.000 0.000 0.000 0.000 0.000 0.000 0.000 0.000 0.000 0.000 0.000 0.000 0.000 0.000 0.000 0.000
0.000 0.000 0.000 0.000 0.000 0.000 0.000 0.000 0.000 0.000 0.000 0.000 0.000 0.000 0.000 0.000 0.000 0.000 0.039 0.038 0.035 0.032 0.029 0.026 0.025 0.024 0.023 0.022 0.026 0.029 0.033 0.035 0.037 0.038 0.038 0.038 0.038 0.037 0.036 0.034 0.032 0.030 0.028 0.026 0.024 0.021 0.018 0.016 0.014 0.013 0.011 0.010 0.009 0.008 0.007 0.006 0.005 0.004 0.004 0.003 0.003 0.003 0.002 0.001 0.000 0.000 0.000 0.000 0.000 0.000 0.000 0.000 0.000 0.000 0.000 0.000 0.000
0.000 0.000 0.000 0.000 0.000 0.000 0.000 0.000 0.000 0.000 0.000 0.000 0.000 0.000 0.000 0.000 0.000 0.035 0.036 0.036 0.034 0.032 0.029 0.027 0.025 0.023 0.021 0.020 0.023 0.027 0.030 0.032 0.034 0.036 0.037 0.037 0.037 0.037 0.037 0.036 0.035 0.035 0.033 0.031 0.028 0.026 0.024 0.021 0.020 0.018 0.016 0.015 0.013 0.012 0.011 0.010 0.009 0.008 0.007 0.007 0.006 0.006 0.006 0.006 0.008 0.011 0.006 0.002 0.000 0.000 0.000 0.000 0.000 0.000 0.000 0.000 0.000
0.000 0.000 0.000 0.000 0.000 0.000 0.000 0.000 0.000 0.000 0.000 0.000 0.000 0.000 0.000 0.000 0.000 0.036 0.036 0.035 0.033 0.032 0.029 0.027 0.025 0.022 0.019 0.019 0.022 0.025 0.028 0.030 0.032 0.034 0.035 0.036 0.037 0.037 0.037 0.037 0.036 0.036 0.035 0.034 0.033 0.032 0.030 0.028 0.026 0.024 0.022 0.021 0.019 0.018 0.017 0.015 0.014 0.014 0.013 0.013 0.013 0.014 0.014 0.016 0.021 0.019 0.013 0.007 0.001 0.000 0.000 0.000 0.000 0.000 0.000 0.000 0.000
0.000 0.000 0.000 0.000 0.000 0.000 0.000 0.000 0.000 0.000 0.000 0.000 0.000 0.000 0.000 0.000 0.000 0.036 0.035 0.034 0.033 0.031 0.029 0.027 0.024 0.021 0.017 0.019 0.021 0.023 0.026 0.028 0.031 0.033 0.034 0.035 0.036 0.037 0.038 0.038 0.038 0.038 0.037 0.036 0.035 0.034 0.033 0.032 0.031 0.030 0.029 0.028 0.027 0.025 0.024 0.023 0.023 0.023 0.023 0.023 0.024 0.025 0.027 0.030 0.033 0.026 0.020 0.010 0.001 0.000 0.000 0.000 0.000 0.000 0.000 0.000 0.000
0.000 0.000 0.000 0.000 0.000 0.000 0.000 0.000 0.000 0.000 0.000 0.000 0.000 0.000 0.000 0.000 0.000 0.036 0.035 0.033 0.032 0.031 0.029 0.026 0.023 0.019 0.017 0.018 0.020 0.022 0.025 0.027 0.030 0.032 0.033 0.035 0.037 0.038 0.039 0.040 0.040 0.040 0.039 0.039 0.038 0.037 0.037 0.036 0.035 0.034 0.033 0.033 0.032 0.032 0.032 0.033 0.033 0.033 0.034 0.035 0.036 0.038 0.040 0.043 0.040 0.033 0.021 0.009 0.000 0.000 0.000 0.000 0.000 0.000 0.000 0.000 0.000
0.000 0.000 0.000 0.000 0.000 0.000 0.000 0.000 0.000 0.000 0.000 0.000 0.000 0.000 0.000 0.000 0.032 0.033 0.033 0.033 0.031 0.030 0.028 0.025 0.022 0.018 0.017 0.018 0.020 0.022 0.024 0.027 0.029 0.031 0.033 0.036 0.038 0.040 0.042 0.042 0.043 0.043 0.043 0.042 0.042 0.041 0.040 0.039 0.039 0.038 0.038 0.037 0.037 0.037 0.038 0.039 0.040 0.042 0.044 0.047 0.049 0.051 0.053 0.055 0.044 0.032 0.020 0.013 0.009 0.006 0.004 0.002 0.000 0.000 0.000 0.000 0.000
0.000 0.000 0.000 0.000 0.000 0.000 0.000 0.000 0.000 0.000 0.000 0.000 0.000 0.000 0.000 0.000 0.034 0.034 0.033 0.032 0.031 0.029 0.027 0.024 0.021 0.016 0.016 0.018 0.019 0.021 0.024 0.026 0.029 0.032 0.035 0.038 0.042 0.044 0.046 0.046 0.046 0.046 0.046 0.046 0.045 0.045 0.044 0.043 0.043 0.042 0.042 0.042 0.042 0.043 0.044 0.045 0.047 0.049 0.052 0.055 0.058 0.060 0.063 0.062 0.067 0.061 0.051 0.042 0.033 0.026 0.020 0.014 0.010 0.007 0.004 0.002 0.000
0.000 0.000 0.000 0.000 0.000 0.000 0.000 0.000 0.000 0.000 0.000 0.000 0.000 0.000 0.000 0.000 0.036 0.034 0.033 0.032 0.030 0.029 0.026 0.023 0.019 0.016 0.016 0.018 0.019 0.021 0.023 0.026 0.029 0.033 0.038 0.042 0.047 0.051 0.051 0.051 0.051 0.051 0.051 0.050 0.049 0.049 0.048 0.048 0.047 0.047 0.047 0.047 0.048 0.049 0.050 0.052 0.054 0.057 0.060 0.063 0.066 0.064 0.060 0.056 0.060 0.064 0.067 0.069 0.071 0.061 0.051 0.042 0.034 0.027 0.020 0.015 0.010
0.138 0.134 0.132 0.000 0.000 0.000 0.000 0.000 0.000 0.000 0.000 0.000 0.000 0.000 0.000 0.037 0.037 0.035 0.034 0.032 0.030 0.028 0.026 0.022 0.018 0.016 0.016 0.018 0.019 0.021 0.024 0.027 0.032 0.037 0.043 0.049 0.055 0.059 0.058 0.055 0.055 0.056 0.056 0.054 0.053 0.053 0.052 0.052 0.052 0.052 0.052 0.052 0.053 0.055 0.057 0.059 0.062 0.065 0.068 0.068 0.065 0.061 0.057 0.051 0.054 0.057 0.060 0.062 0.065 0.068 0.071 0.073 0.071 0.061 0.051 0.042 0.034
0.142 0.139 0.135 0.129 0.124 0.121 0.000 0.000 0.000 0.000 0.000 0.000 0.000 0.000 0.000 0.041 0.040 0.038 0.036 0.033 0.031 0.028 0.025 0.021 0.016 0.016 0.017 0.018 0.019 0.022 0.025 0.030 0.036 0.042 0.049 0.056 0.063 0.070 0.000 0.056 0.060 0.062 0.062 0.058 0.058 0.058 0.057 0.056 0.057 0.057 0.057 0.058 0.060 0.062 0.064 0.067 0.070 0.071 0.068 0.065 0.062 0.058 0.054 0.048 0.049 0.051 0.053 0.055 0.058 0.061 0.063 0.066 0.069 0.071 0.074 0.076 0.070
0.147 0.143 0.139 0.133 0.128 0.124 0.118 0.112 0.108 0.105 0.000 0.000 0.000 0.000 0.000 0.046 0.044 0.041 0.038 0.035 0.032 0.029 0.025 0.021 0.016 0.016 0.017 0.018 0.020 0.023 0.028 0.034 0.041 0.049 0.057 0.064 0.072 0.000 0.000 0.000 0.000 0.000 0.000 0.059 0.063 0.063 0.060 0.061 0.062 0.063 0.063 0.064 0.066 0.068 0.071 0.073 0.071 0.068 0.065 0.062 0.059 0.055 0.051 0.045 0.044 0.046 0.047 0.049 0.051 0.054 0.056 0.058 0.061 0.064 0.066 0.068 0.071
0.000 0.000 0.000 0.135 0.132 0.128 0.121 0.117 0.113 0.108 0.100 0.095 0.091 0.000 0.000 0.051 0.048 0.044 0.040 0.036 0.032 0.029 0.025 0.020 0.016 0.016 0.017 0.018 0.021 0.026 0.032 0.040 0.048 0.056 0.065 0.000 0.000 0.000 0.000 0.000 0.000 0.000 0.000 0.000 0.000 0.000 0.062 0.067 0.069 0.069 0.067 0.070 0.073 0.076 0.072 0.070 0.067 0.064 0.062 0.059 0.056 0.052 0.048 0.042 0.040 0.041 0.042 0.043 0.045 0.047 0.049 0.051 0.054 0.056 0.058 0.061 0.063
0.000 0.000 0.000 0.000 0.000 0.000 0.124 0.121 0.117 0.112 0.104 0.098 0.093 0.083 0.071 0.059 0.052 0.046 0.041 0.037 0.032 0.028 0.024 0.018 0.016 0.016 0.017 0.019 0.024 0.030 0.038 0.046 0.055 0.064 0.000 0.000 0.000 0.000 0.000 0.000 0.000 0.000 0.000 0.000 0.000 0.000 0.000 0.000 0.000 0.000 0.071 0.076 0.075 0.072 0.068 0.065 0.063 0.060 0.058 0.055 0.052 0.049 0.045 0.039 0.036 0.036 0.037 0.038 0.039 0.040 0.042 0.044 0.046 0.049 0.051 0.053 0.055
0.000 0.000 0.000 0.000 0.000 0.000 0.000 0.000 0.000 0.000 0.106 0.102 0.096 0.087 0.073 0.062 0.053 0.046 0.040 0.035 0.031 0.027 0.022 0.016 0.015 0.015 0.017 0.021 0.027 0.035 0.043 0.052 0.062 0.000 0.000 0.000 0.000 0.000 0.000 0.000 0.000 0.000 0.000 0.000 0.000 0.000 0.000 0.000 0.000 0.000 0.000 0.000 0.000 0.000 0.061 0.061 0.059 0.056 0.054 0.051 0.049 0.045 0.041 0.036 0.032 0.032 0.032 0.032 0.033 0.034 0.036 0.037 0.039 0.041 0.043 0.046 0.048
0.000 0.000 0.000 0.000 0.000 0.000 0.000 0.000 0.000 0.000 0.000 0.000 0.000 0.000 0.069 0.059 0.051 0.044 0.035 0.031 0.029 0.025 0.020 0.015 0.000 0.014 0.018 0.024 0.031 0.039 0.047 0.056 0.000 0.000 0.000 0.000 0.000 0.000 0.000 0.000 0.000 0.000 0.000 0.000 0.000 0.000 0.000 0.000 0.000 0.000 0.000 0.000 0.000 0.000 0.000 0.000 0.000 0.049 0.049 0.048 0.045 0.040 0.037 0.032 0.027 0.027 0.027 0.027 0.027 0.028 0.029 0.031 0.032 0.034 0.036 0.038 0.040
0.000 0.000 0.000 0.000 0.000 0.000 0.000 0.000 0.000 0.000 0.000 0.000 0.000 0.000 0.000 0.050 0.045 0.036 0.000 0.024 0.025 0.022 0.018 0.015 0.013 0.016 0.021 0.028 0.036 0.044 0.053 0.061 0.000 0.000 0.000 0.000 0.000 0.000 0.000 0.000 0.000 0.000 0.000 0.000 0.000 0.000 0.000 0.000 0.000 0.000 0.000 0.000 0.000 0.000 0.000 0.000 0.000 0.000 0.000 0.000 0.000 0.033 0.032 0.028 0.022 0.021 0.021 0.021 0.022 0.022 0.023 0.024 0.025 0.027 0.029 0.031 0.033
0.000 0.000 0.000 0.000 0.000 0.000 0.000 0.000 0.000 0.000 0.000 0.000 0.000 0.000 0.038 0.042 0.039 0.033 0.025 0.024 0.023 0.021 0.016 0.015 0.016 0.019 0.025 0.032 0.041 0.049 0.058 0.067 0.000 0.000 0.000 0.000 0.000 0.000 0.000 0.000 0.000 0.000 0.000 0.000 0.000 0.000 0.000 0.000 0.000 0.000 0.000 0.000 0.000 0.000 0.000 0.000 0.000 0.000 0.000 0.000 0.000 0.000 0.000 0.000 0.011 0.013 0.014 0.015 0.015 0.015 0.016 0.017 0.019 0.020 0.022 0.023 0.025
0.000 0.000 0.000 0.000 0.000 0.000 0.000 0.000 0.000 0.000 0.000 0.000 0.000 0.000 0.039 0.038 0.036 0.032 0.028 0.025 0.023 0.019 0.015 0.016 0.018 0.022 0.029 0.037 0.046 0.055 0.064 0.074 0.000 0.000 0.000 0.000 0.000 0.000 0.000 0.000 0.000 0.000 0.000 0.000 0.000 0.000 0.000 0.000 0.000 0.000 0.000 0.000 0.000 0.000 0.000 0.000 0.000 0.000 0.000 0.000 0.000 0.000 0.000 0.000 0.000 0.000 0.000 0.000 0.005 0.007 0.009 0.010 0.011 0.013 0.014 0.016 0.018
0.000 0.000 0.000 0.000 0.000 0.000 0.000 0.000 0.000 0.000 0.000 0.000 0.000 0.000 0.038 0.037 0.034 0.031 0.028 0.025 0.022 0.018 0.016 0.017 0.021 0.027 0.034 0.042 0.051 0.060 0.069 0.000 0.000 0.000 0.000 0.000 0.000 0.000 0.000 0.000 0.000 0.000 0.000 0.000 0.000 0.000 0.000 0.000 0.000 0.000 0.000 0.000 0.000 0.000 0.000 0.000 0.000 0.000 0.000 0.000 0.000 0.000 0.000 0.000 0.000 0.000 0.000 0.000 0.000 0.000 0.000 0.002 0.004 0.005 0.007 0.008 0.010
0.000 0.000 0.000 0.000 0.000 0.000 0.000 0.000 0.000 0.000 0.000 0.000 0.000 0.000 0.036 0.035 0.033 0.031 0.028 0.025 0.021 0.017 0.016 0.019 0.024 0.031 0.039 0.048 0.057 0.066 0.074 0.000 0.000 0.000 0.000 0.000 0.000 0.000 0.000 0.000 0.000 0.000 0.000 0.000 0.000 0.000 0.000 0.000 0.000 0.000 0.000 0.000 0.000 0.000 0.000 0.000 0.000 0.000 0.000 0.000 0.000 0.000 0.000 0.000 0.000 0.000 0.000 0.000 0.000 0.000 0.000 0.000 0.000 0.000 0.000 0.001 0.002
0.000 0.000 0.000 0.000 0.000 0.000 0.000 0.000 0.000 0.000 0.000 0.000 0.000 0.030 0.033 0.033 0.031 0.029 0.027 0.024 0.020 0.015 0.017 0.022 0.028 0.036 0.044 0.053 0.062 0.071 0.081 0.000 0.000 0.000 0.000 0.000 0.000 0.000 0.000 0.000 0.000 0.000 0.000 0.000 0.000 0.000 0.000 0.000 0.000 0.000 0.000 0.000 0.000 0.000 0.000 0.000 0.000 0.000 0.000 0.000 0.000 0.000 0.000 0.000 0.000 0.000 0.000 0.000 0.000 0.000 0.000 0.000 0.000 0.000 0.000 0.000 0.000
0.000 0.000 0.000 0.000 0.000 0.000 0.000 0.000 0.000 0.000 0.000 0.000 0.000 0.031 0.031 0.031 0.030 0.028 0.026 0.023 0.019 0.016 0.020 0.026 0.033 0.041 0.050 0.059 0.067 0.076 0.000 0.000 0.000 0.000 0.000 0.000 0.000 0.000 0.000 0.000 0.000 0.000 0.000 0.000 0.000 0.000 0.000 0.000 0.000 0.000 0.000 0.000 0.000 0.000 0.000 0.000 0.000 0.000 0.000 0.000 0.000 0.000 0.000 0.000 0.000 0.000 0.000 0.000 0.000 0.000 0.000 0.000 0.000 0.000 0.000 0.000 0.000
