数据/150y_1h/150y_1h_res/150y_1h_80-0001.wd
ncols         694
nrows         824
xllcorner     581104.939801
yllcorner     3495917.092414
cellsize      2.000000
NODATA_value  -9999.000000
[rows 442 to 475 of 824, columns 385 to 461 of 694]
0.000 0.000 0.000 0.041 0.037 0.033 0.029 0.025 0.021 0.017 0.012 0.009 0.007 0.006 0.006 0.007 0.008 0.009 0.011 0.013 0.017 0.028 0.038 0.048 0.058 0.068 0.078 0.088 0.097 0.107 0.111 0.111 0.112 0.114 0.000 0.000 0.000 0.000 0.000 0.000 0.000 0.000 0.000 0.000 0.000 0.000 0.000 0.000 0.000 0.000 0.000 0.000 0.000 0.000 0.000 0.005 0.013 0.017 0.020 0.022 0.023 0.024 0.025 0.026 0.027 0.028 0.029 0.032 0.036 0.042 0.000 0.000 0.000 0.000 0.000 0.000 0.000
0.000 0.000 0.000 0.000 0.000 0.045 0.041 0.037 0.033 0.028 0.024 0.020 0.016 0.012 0.011 0.010 0.011 0.012 0.014 0.016 0.018 0.025 0.036 0.047 0.057 0.067 0.077 0.087 0.096 0.106 0.107 0.108 0.109 0.112 0.000 0.000 0.000 0.000 0.000 0.000 0.000 0.000 0.000 0.000 0.000 0.000 0.000 0.000 0.000 0.000 0.000 0.000 0.000 0.000 0.000 0.007 0.015 0.020 0.023 0.026 0.027 0.029 0.030 0.031 0.032 0.034 0.037 0.040 0.044 0.049 0.052 0.053 0.000 0.000 0.000 0.000 0.000
0.000 0.000 0.000 0.000 0.000 0.000 0.000 0.049 0.044 0.040 0.036 0.031 0.027 0.023 0.019 0.016 0.015 0.016 0.017 0.019 0.021 0.024 0.033 0.045 0.055 0.066 0.076 0.087 0.097 0.104 0.104 0.104 0.104 0.000 0.000 0.000 0.000 0.000 0.000 0.000 0.000 0.000 0.000 0.000 0.000 0.000 0.000 0.000 0.000 0.000 0.000 0.000 0.000 0.000 0.009 0.016 0.023 0.029 0.033 0.035 0.034 0.036 0.038 0.040 0.041 0.043 0.046 0.050 0.054 0.059 0.064 0.059 0.053 0.047 0.041 0.000 0.000
0.000 0.000 0.000 0.000 0.000 0.000 0.000 0.000 0.053 0.051 0.047 0.043 0.038 0.034 0.030 0.026 0.023 0.021 0.021 0.022 0.024 0.026 0.029 0.041 0.052 0.063 0.074 0.085 0.099 0.101 0.099 0.098 0.098 0.000 0.000 0.000 0.000 0.000 0.000 0.000 0.000 0.000 0.000 0.000 0.000 0.000 0.000 0.000 0.000 0.000 0.000 0.000 0.000 0.000 0.000 0.000 0.000 0.042 0.000 0.000 0.041 0.046 0.049 0.051 0.050 0.053 0.057 0.061 0.066 0.071 0.072 0.066 0.060 0.054 0.048 0.040 0.033
0.000 0.000 0.000 0.000 0.000 0.000 0.000 0.000 0.000 0.000 0.054 0.052 0.050 0.045 0.041 0.037 0.033 0.029 0.027 0.026 0.027 0.028 0.031 0.035 0.048 0.059 0.069 0.079 0.089 0.093 0.092 0.091 0.089 0.000 0.000 0.000 0.000 0.000 0.000 0.000 0.000 0.000 0.000 0.000 0.000 0.000 0.000 0.000 0.000 0.000 0.000 0.000 0.000 0.000 0.000 0.000 0.000 0.000 0.000 0.000 0.000 0.000 0.000 0.000 0.059 0.065 0.069 0.074 0.078 0.083 0.079 0.073 0.067 0.061 0.054 0.047 0.040
0.000 0.000 0.000 0.000 0.000 0.000 0.000 0.000 0.000 0.000 0.000 0.056 0.055 0.053 0.051 0.048 0.043 0.039 0.035 0.032 0.031 0.031 0.032 0.034 0.041 0.053 0.063 0.072 0.081 0.084 0.082 0.080 0.075 0.062 0.053 0.047 0.000 0.000 0.000 0.000 0.000 0.000 0.000 0.000 0.000 0.000 0.000 0.000 0.000 0.000 0.000 0.000 0.000 0.000 0.000 0.000 0.000 0.000 0.000 0.000 0.000 0.000 0.000 0.000 0.000 0.000 0.000 0.000 0.089 0.092 0.086 0.080 0.074 0.068 0.061 0.054 0.047
0.000 0.000 0.000 0.000 0.000 0.000 0.000 0.000 0.000 0.000 0.000 0.000 0.000 0.058 0.056 0.053 0.051 0.049 0.044 0.040 0.036 0.035 0.034 0.035 0.036 0.045 0.055 0.063 0.069 0.072 0.072 0.070 0.065 0.056 0.047 0.040 0.031 0.025 0.021 0.020 0.000 0.000 0.000 0.000 0.000 0.000 0.000 0.000 0.000 0.000 0.000 0.000 0.000 0.000 0.000 0.000 0.000 0.000 0.000 0.000 0.000 0.000 0.000 0.000 0.000 0.000 0.000 0.000 0.000 0.000 0.000 0.086 0.081 0.075 0.068 0.060 0.054
0.000 0.000 0.000 0.000 0.000 0.000 0.000 0.000 0.000 0.000 0.000 0.000 0.000 0.000 0.000 0.057 0.055 0.053 0.049 0.047 0.043 0.039 0.037 0.036 0.036 0.037 0.045 0.049 0.037 0.057 0.060 0.059 0.054 0.047 0.043 0.039 0.034 0.029 0.025 0.023 0.018 0.015 0.014 0.000 0.000 0.000 0.000 0.000 0.000 0.000 0.000 0.000 0.000 0.000 0.000 0.000 0.000 0.000 0.000 0.000 0.000 0.000 0.000 0.000 0.000 0.000 0.000 0.000 0.000 0.000 0.000 0.000 0.000 0.000 0.000 0.066 0.060
0.000 0.000 0.000 0.000 0.000 0.000 0.000 0.000 0.000 0.000 0.000 0.000 0.000 0.000 0.000 0.000 0.059 0.056 0.051 0.047 0.045 0.042 0.041 0.038 0.036 0.035 0.036 0.040 0.042 0.047 0.049 0.047 0.047 0.045 0.042 0.039 0.035 0.032 0.028 0.025 0.022 0.019 0.017 0.013 0.010 0.008 0.008 0.000 0.000 0.000 0.000 0.000 0.000 0.000 0.000 0.000 0.000 0.000 0.000 0.000 0.000 0.000 0.000 0.000 0.000 0.000 0.000 0.000 0.000 0.000 0.000 0.000 0.000 0.000 0.000 0.000 0.000
0.000 0.000 0.000 0.000 0.000 0.000 0.000 0.000 0.000 0.000 0.000 0.000 0.000 0.000 0.000 0.000 0.000 0.000 0.049 0.046 0.044 0.041 0.038 0.033 0.035 0.035 0.033 0.034 0.038 0.038 0.041 0.044 0.044 0.043 0.042 0.039 0.037 0.034 0.031 0.028 0.025 0.023 0.020 0.017 0.014 0.012 0.011 0.008 0.006 0.004 0.004 0.003 0.002 0.001 0.000 0.000 0.000 0.000 0.000 0.000 0.000 0.000 0.000 0.000 0.000 0.000 0.000 0.000 0.000 0.000 0.000 0.000 0.000 0.000 0.000 0.000 0.000
0.000 0.000 0.000 0.000 0.000 0.000 0.000 0.000 0.000 0.000 0.000 0.000 0.000 0.000 0.000 0.000 0.000 0.000 0.047 0.045 0.042 0.038 0.031 0.000 0.028 0.031 0.032 0.031 0.032 0.036 0.040 0.042 0.043 0.042 0.041 0.040 0.038 0.035 0.033 0.031 0.028 0.026 0.023 0.021 0.018 0.016 0.013 0.011 0.009 0.007 0.006 0.005 0.004 0.003 0.003 0.002 0.001 0.000 0.000 0.000 0.000 0.000 0.000 0.000 0.000 0.000 0.000 0.000 0.000 0.000 0.000 0.000 0.000 0.000 0.000 0.000 0.000
0.000 0.000 0.000 0.000 0.000 0.000 0.000 0.000 0.000 0.000 0.000 0.000 0.000 0.000 0.000 0.000 0.000 0.000 0.045 0.043 0.040 0.036 0.031 0.026 0.027 0.028 0.028 0.027 0.030 0.035 0.038 0.041 0.043 0.043 0.042 0.041 0.039 0.038 0.036 0.034 0.031 0.029 0.027 0.024 0.022 0.019 0.017 0.014 0.012 0.010 0.009 0.008 0.007 0.006 0.005 0.004 0.004 0.003 0.002 0.001 0.000 0.000 0.000 0.000 0.000 0.000 0.000 0.000 0.000 0.000 0.000 0.000 0.000 0.000 0.000 0.000 0.000
0.000 0.000 0.000 0.000 0.000 0.000 0.000 0.000 0.000 0.000 0.000 0.000 0.000 0.000 0.000 0.000 0.000 0.000 0.043 0.041 0.039 0.036 0.032 0.029 0.028 0.027 0.026 0.024 0.028 0.032 0.036 0.038 0.040 0.041 0.042 0.042 0.042 0.040 0.039 0.037 0.035 0.033 0.031 0.029 0.026 0.024 0.021 0.019 0.017 0.015 0.013 0.012 0.011 0.010 0.008 0.007 0.007 0.006 0.005 0.004 0.004 0.003 0.002 0.001 0.000 0.000 0.000 0.000 0.000 0.000 0.000 0.000 0.000 0.000 0.000 0.000 0.000
0.000 0.000 0.000 0.000 0.000 0.000 0.000 0.000 0.000 0.000 0.000 0.000 0.000 0.000 0.000 0.000 0.000 0.038 0.040 0.039 0.037 0.035 0.032 0.030 0.028 0.026 0.023 0.023 0.027 0.030 0.033 0.036 0.038 0.039 0.040 0.040 0.041 0.041 0.040 0.040 0.039 0.038 0.036 0.034 0.032 0.030 0.027 0.025 0.023 0.021 0.019 0.018 0.016 0.015 0.013 0.012 0.011 0.010 0.010 0.009 0.008 0.008 0.008 0.008 0.011 0.014 0.009 0.003 0.000 0.000 0.000 0.000 0.000 0.000 0.000 0.000 0.000
0.000 0.000 0.000 0.000 0.000 0.000 0.000 0.000 0.000 0.000 0.000 0.000 0.000 0.000 0.000 0.000 0.000 0.039 0.039 0.038 0.037 0.035 0.032 0.030 0.028 0.025 0.021 0.022 0.025 0.028 0.031 0.033 0.036 0.037 0.039 0.039 0.040 0.040 0.041 0.040 0.040 0.040 0.039 0.038 0.037 0.035 0.034 0.032 0.030 0.028 0.026 0.025 0.023 0.022 0.020 0.019 0.018 0.018 0.017 0.017 0.017 0.018 0.019 0.021 0.024 0.023 0.016 0.009 0.001 0.000 0.000 0.000 0.000 0.000 0.000 0.000 0.000
0.000 0.000 0.000 0.000 0.000 0.000 0.000 0.000 0.000 0.000 0.000 0.000 0.000 0.000 0.000 0.000 0.000 0.039 0.038 0.037 0.036 0.034 0.032 0.030 0.027 0.024 0.020 0.022 0.024 0.027 0.029 0.032 0.034 0.036 0.037 0.039 0.040 0.041 0.041 0.042 0.042 0.042 0.041 0.040 0.039 0.038 0.037 0.036 0.035 0.034 0.034 0.033 0.031 0.030 0.029 0.028 0.028 0.027 0.028 0.028 0.029 0.030 0.031 0.034 0.037 0.030 0.023 0.013 0.000 0.000 0.000 0.000 0.000 0.000 0.000 0.000 0.000
0.000 0.000 0.000 0.000 0.000 0.000 0.000 0.000 0.000 0.000 0.000 0.000 0.000 0.000 0.000 0.000 0.000 0.038 0.037 0.036 0.035 0.033 0.031 0.029 0.026 0.022 0.019 0.021 0.023 0.025 0.028 0.030 0.033 0.035 0.037 0.039 0.041 0.042 0.043 0.044 0.044 0.044 0.044 0.043 0.043 0.042 0.041 0.040 0.039 0.039 0.038 0.037 0.037 0.037 0.037 0.038 0.038 0.039 0.039 0.040 0.041 0.043 0.044 0.047 0.044 0.036 0.025 0.013 0.000 0.000 0.000 0.000 0.000 0.000 0.000 0.000 0.000
0.000 0.000 0.000 0.000 0.000 0.000 0.000 0.000 0.000 0.000 0.000 0.000 0.000 0.000 0.000 0.000 0.033 0.036 0.036 0.035 0.034 0.032 0.030 0.028 0.025 0.020 0.019 0.020 0.022 0.025 0.027 0.030 0.032 0.035 0.037 0.040 0.042 0.045 0.046 0.047 0.047 0.047 0.047 0.047 0.046 0.045 0.045 0.044 0.043 0.043 0.042 0.042 0.042 0.042 0.043 0.044 0.046 0.047 0.049 0.052 0.054 0.056 0.057 0.059 0.048 0.036 0.023 0.016 0.010 0.007 0.004 0.002 0.000 0.000 0.000 0.000 0.000
0.000 0.000 0.000 0.000 0.000 0.000 0.000 0.000 0.000 0.000 0.000 0.000 0.000 0.000 0.000 0.000 0.035 0.035 0.035 0.034 0.033 0.031 0.029 0.026 0.023 0.018 0.019 0.020 0.022 0.024 0.027 0.029 0.032 0.035 0.039 0.043 0.046 0.049 0.051 0.051 0.051 0.051 0.051 0.051 0.050 0.049 0.049 0.048 0.048 0.047 0.047 0.047 0.047 0.048 0.049 0.051 0.053 0.055 0.057 0.060 0.063 0.065 0.067 0.066 0.071 0.065 0.055 0.046 0.037 0.029 0.022 0.016 0.011 0.008 0.005 0.002 0.000
0.000 0.000 0.000 0.000 0.000 0.000 0.000 0.000 0.000 0.000 0.000 0.000 0.000 0.000 0.000 0.000 0.035 0.034 0.034 0.033 0.032 0.030 0.028 0.025 0.021 0.017 0.018 0.020 0.022 0.024 0.027 0.030 0.034 0.038 0.042 0.047 0.052 0.056 0.057 0.056 0.056 0.056 0.056 0.055 0.054 0.054 0.053 0.053 0.052 0.052 0.052 0.052 0.053 0.054 0.056 0.057 0.060 0.062 0.065 0.068 0.071 0.068 0.064 0.061 0.065 0.068 0.071 0.074 0.075 0.065 0.055 0.046 0.037 0.029 0.022 0.016 0.011
0.106 0.102 0.099 0.000 0.000 0.000 0.000 0.000 0.000 0.000 0.000 0.000 0.000 0.000 0.000 0.033 0.034 0.034 0.033 0.032 0.031 0.029 0.027 0.024 0.019 0.017 0.018 0.020 0.022 0.024 0.027 0.031 0.036 0.042 0.048 0.054 0.060 0.064 0.063 0.060 0.060 0.061 0.061 0.059 0.058 0.058 0.057 0.057 0.057 0.057 0.057 0.058 0.059 0.060 0.062 0.065 0.067 0.070 0.073 0.073 0.069 0.066 0.061 0.056 0.058 0.061 0.064 0.066 0.069 0.072 0.074 0.077 0.074 0.064 0.054 0.045 0.036
0.110 0.106 0.102 0.096 0.091 0.088 0.000 0.000 0.000 0.000 0.000 0.000 0.000 0.000 0.000 0.035 0.035 0.034 0.033 0.031 0.030 0.028 0.025 0.022 0.017 0.017 0.018 0.020 0.022 0.025 0.029 0.035 0.041 0.047 0.055 0.062 0.069 0.075 0.000 0.061 0.065 0.067 0.067 0.063 0.063 0.063 0.062 0.062 0.062 0.062 0.063 0.064 0.065 0.067 0.069 0.072 0.075 0.076 0.073 0.070 0.067 0.063 0.058 0.052 0.053 0.055 0.057 0.060 0.062 0.064 0.067 0.069 0.072 0.075 0.077 0.079 0.073
0.114 0.111 0.106 0.099 0.095 0.091 0.084 0.079 0.075 0.072 0.000 0.000 0.000 0.000 0.000 0.038 0.036 0.035 0.033 0.031 0.029 0.027 0.024 0.020 0.016 0.017 0.018 0.020 0.023 0.027 0.033 0.039 0.047 0.054 0.062 0.070 0.077 0.000 0.000 0.000 0.000 0.000 0.000 0.064 0.068 0.068 0.066 0.066 0.068 0.068 0.068 0.069 0.071 0.074 0.077 0.078 0.076 0.073 0.070 0.067 0.064 0.060 0.055 0.049 0.048 0.050 0.051 0.053 0.055 0.057 0.060 0.062 0.064 0.067 0.069 0.072 0.074
0.000 0.000 0.000 0.102 0.099 0.095 0.088 0.084 0.079 0.075 0.069 0.065 0.061 0.000 0.000 0.041 0.038 0.036 0.033 0.031 0.029 0.026 0.023 0.019 0.016 0.017 0.018 0.021 0.025 0.031 0.037 0.045 0.053 0.062 0.070 0.000 0.000 0.000 0.000 0.000 0.000 0.000 0.000 0.000 0.000 0.000 0.068 0.072 0.074 0.075 0.073 0.075 0.078 0.081 0.078 0.075 0.072 0.069 0.066 0.064 0.060 0.057 0.052 0.046 0.044 0.045 0.046 0.047 0.049 0.050 0.052 0.055 0.057 0.059 0.061 0.064 0.066
0.000 0.000 0.000 0.000 0.000 0.000 0.091 0.088 0.084 0.079 0.073 0.068 0.064 0.057 0.050 0.045 0.041 0.037 0.034 0.031 0.028 0.025 0.022 0.017 0.016 0.017 0.019 0.023 0.028 0.035 0.043 0.052 0.060 0.069 0.000 0.000 0.000 0.000 0.000 0.000 0.000 0.000 0.000 0.000 0.000 0.000 0.000 0.000 0.000 0.000 0.076 0.082 0.081 0.077 0.073 0.071 0.068 0.065 0.063 0.060 0.057 0.053 0.049 0.043 0.040 0.040 0.040 0.041 0.042 0.044 0.046 0.048 0.050 0.052 0.054 0.056 0.058
0.000 0.000 0.000 0.000 0.000 0.000 0.000 0.000 0.000 0.000 0.075 0.072 0.068 0.062 0.053 0.047 0.041 0.037 0.032 0.029 0.027 0.024 0.020 0.015 0.014 0.016 0.020 0.025 0.032 0.040 0.048 0.057 0.067 0.000 0.000 0.000 0.000 0.000 0.000 0.000 0.000 0.000 0.000 0.000 0.000 0.000 0.000 0.000 0.000 0.000 0.000 0.000 0.000 0.000 0.066 0.066 0.064 0.060 0.058 0.056 0.053 0.049 0.045 0.039 0.035 0.035 0.035 0.036 0.036 0.038 0.039 0.041 0.042 0.044 0.046 0.048 0.050
0.000 0.000 0.000 0.000 0.000 0.000 0.000 0.000 0.000 0.000 0.000 0.000 0.000 0.000 0.053 0.046 0.040 0.034 0.028 0.026 0.024 0.022 0.018 0.013 0.000 0.016 0.022 0.028 0.036 0.044 0.053 0.061 0.000 0.000 0.000 0.000 0.000 0.000 0.000 0.000 0.000 0.000 0.000 0.000 0.000 0.000 0.000 0.000 0.000 0.000 0.000 0.000 0.000 0.000 0.000 0.000 0.000 0.054 0.054 0.052 0.049 0.044 0.040 0.036 0.031 0.030 0.030 0.030 0.031 0.031 0.032 0.034 0.035 0.037 0.039 0.041 0.043
0.000 0.000 0.000 0.000 0.000 0.000 0.000 0.000 0.000 0.000 0.000 0.000 0.000 0.000 0.000 0.039 0.035 0.028 0.000 0.020 0.022 0.020 0.015 0.013 0.013 0.018 0.025 0.033 0.041 0.050 0.058 0.067 0.000 0.000 0.000 0.000 0.000 0.000 0.000 0.000 0.000 0.000 0.000 0.000 0.000 0.000 0.000 0.000 0.000 0.000 0.000 0.000 0.000 0.000 0.000 0.000 0.000 0.000 0.000 0.000 0.000 0.037 0.035 0.031 0.025 0.024 0.024 0.024 0.024 0.025 0.026 0.027 0.028 0.030 0.031 0.033 0.035
0.000 0.000 0.000 0.000 0.000 0.000 0.000 0.000 0.000 0.000 0.000 0.000 0.000 0.000 0.030 0.033 0.031 0.026 0.020 0.020 0.020 0.018 0.014 0.014 0.016 0.022 0.029 0.037 0.046 0.055 0.064 0.073 0.000 0.000 0.000 0.000 0.000 0.000 0.000 0.000 0.000 0.000 0.000 0.000 0.000 0.000 0.000 0.000 0.000 0.000 0.000 0.000 0.000 0.000 0.000 0.000 0.000 0.000 0.000 0.000 0.000 0.000 0.000 0.000 0.013 0.016 0.017 0.018 0.017 0.018 0.019 0.020 0.021 0.022 0.024 0.025 0.027
0.000 0.000 0.000 0.000 0.000 0.000 0.000 0.000 0.000 0.000 0.000 0.000 0.000 0.000 0.032 0.031 0.029 0.026 0.023 0.021 0.019 0.017 0.013 0.015 0.020 0.026 0.034 0.043 0.051 0.060 0.070 0.079 0.000 0.000 0.000 0.000 0.000 0.000 0.000 0.000 0.000 0.000 0.000 0.000 0.000 0.000 0.000 0.000 0.000 0.000 0.000 0.000 0.000 0.000 0.000 0.000 0.000 0.000 0.000 0.000 0.000 0.000 0.000 0.000 0.000 0.000 0.000 0.000 0.007 0.010 0.011 0.012 0.013 0.015 0.016 0.017 0.019
0.000 0.000 0.000 0.000 0.000 0.000 0.000 0.000 0.000 0.000 0.000 0.000 0.000 0.000 0.031 0.030 0.028 0.026 0.023 0.021 0.019 0.016 0.014 0.018 0.023 0.031 0.039 0.048 0.056 0.065 0.074 0.000 0.000 0.000 0.000 0.000 0.000 0.000 0.000 0.000 0.000 0.000 0.000 0.000 0.000 0.000 0.000 0.000 0.000 0.000 0.000 0.000 0.000 0.000 0.000 0.000 0.000 0.000 0.000 0.000 0.000 0.000 0.000 0.000 0.000 0.000 0.000 0.000 0.000 0.000 0.000 0.003 0.005 0.006 0.008 0.009 0.011
0.000 0.000 0.000 0.000 0.000 0.000 0.000 0.000 0.000 0.000 0.000 0.000 0.000 0.000 0.030 0.029 0.028 0.026 0.024 0.021 0.018 0.015 0.016 0.021 0.028 0.036 0.044 0.053 0.062 0.071 0.080 0.000 0.000 0.000 0.000 0.000 0.000 0.000 0.000 0.000 0.000 0.000 0.000 0.000 0.000 0.000 0.000 0.000 0.000 0.000 0.000 0.000 0.000 0.000 0.000 0.000 0.000 0.000 0.000 0.000 0.000 0.000 0.000 0.000 0.000 0.000 0.000 0.000 0.000 0.000 0.000 0.000 0.000 0.000 0.000 0.000 0.001
0.000 0.000 0.000 0.000 0.000 0.000 0.000 0.000 0.000 0.000 0.000 0.000 0.000 0.026 0.028 0.028 0.027 0.025 0.023 0.021 0.018 0.014 0.018 0.025 0.032 0.041 0.049 0.058 0.067 0.077 0.086 0.000 0.000 0.000 0.000 0.000 0.000 0.000 0.000 0.000 0.000 0.000 0.000 0.000 0.000 0.000 0.000 0.000 0.000 0.000 0.000 0.000 0.000 0.000 0.000 0.000 0.000 0.000 0.000 0.000 0.000 0.000 0.000 0.000 0.000 0.000 0.000 0.000 0.000 0.000 0.000 0.000 0.000 0.000 0.000 0.000 0.000
0.000 0.000 0.000 0.000 0.000 0.000 0.000 0.000 0.000 0.000 0.000 0.000 0.000 0.028 0.028 0.027 0.026 0.025 0.023 0.020 0.017 0.016 0.022 0.029 0.038 0.046 0.055 0.064 0.072 0.081 0.000 0.000 0.000 0.000 0.000 0.000 0.000 0.000 0.000 0.000 0.000 0.000 0.000 0.000 0.000 0.000 0.000 0.000 0.000 0.000 0.000 0.000 0.000 0.000 0.000 0.000 0.000 0.000 0.000 0.000 0.000 0.000 0.000 0.000 0.000 0.000 0.000 0.000 0.000 0.000 0.000 0.000 0.000 0.000 0.000 0.000 0.000
