数据/LID_GR_50y/LID_GR_res2/LID_GR_157-0001.wd
ncols         694
nrows         824
xllcorner     581104.939801
yllcorner     3495917.092414
cellsize      2.000000
NODATA_value  -9999.000000
[rows 714 to 747 of 824, columns 154 to 230 of 694]
0.000 0.000 0.000 0.000 0.000 0.000 0.000 0.002 0.003 0.004 0.005 0.006 0.007 0.008 0.008 0.009 0.009 0.009 0.009 0.008 0.001 0.000 0.062 0.058 0.055 0.053 0.051 0.047 0.044 0.040 0.036 0.032 0.000 0.000 0.000 0.000 0.000 0.000 0.000 0.000 0.000 0.000 0.000 0.002 0.012 0.020 0.028 0.037 0.047 0.000 0.000 0.000 0.000 0.000 0.000 0.000 0.000 0.000 0.144 0.155 0.165 0.165 0.141 0.121 0.130 0.046 0.001 0.000 0.000 0.000 0.000 0.000 0.000 0.000 0.000 0.000 0.000
0.000 0.000 0.000 0.000 0.000 0.000 0.002 0.003 0.004 0.005 0.006 0.007 0.008 0.009 0.009 0.010 0.010 0.011 0.011 0.011 0.010 0.009 0.000 0.079 0.077 0.075 0.072 0.068 0.064 0.059 0.053 0.048 0.043 0.039 0.000 0.000 0.000 0.000 0.000 0.000 0.000 0.000 0.001 0.025 0.069 0.080 0.090 0.101 0.112 0.000 0.000 0.000 0.000 0.000 0.000 0.000 0.000 0.000 0.206 0.201 0.177 0.155 0.132 0.123 0.133 0.086 0.007 0.000 0.000 0.000 0.000 0.000 0.000 0.000 0.000 0.000 0.000
0.000 0.000 0.000 0.000 0.000 0.001 0.003 0.004 0.005 0.006 0.007 0.008 0.009 0.010 0.010 0.011 0.011 0.012 0.013 0.013 0.014 0.014 0.013 0.001 0.000 0.097 0.093 0.089 0.084 0.078 0.072 0.066 0.061 0.057 0.053 0.000 0.000 0.000 0.000 0.000 0.000 0.001 0.014 0.069 0.125 0.143 0.153 0.164 0.174 0.000 0.000 0.000 0.000 0.000 0.000 0.000 0.000 0.240 0.215 0.192 0.169 0.144 0.122 0.125 0.135 0.131 0.045 0.001 0.000 0.000 0.000 0.000 0.000 0.000 0.000 0.000 0.000
0.000 0.000 0.000 0.000 0.000 0.002 0.004 0.005 0.006 0.007 0.008 0.009 0.010 0.010 0.011 0.012 0.012 0.013 0.014 0.015 0.017 0.018 0.020 0.022 0.025 0.001 0.114 0.109 0.104 0.096 0.090 0.084 0.080 0.075 0.071 0.067 0.065 0.000 0.000 0.000 0.001 0.007 0.054 0.110 0.166 0.205 0.216 0.226 0.000 0.000 0.000 0.000 0.000 0.000 0.000 0.000 0.000 0.230 0.206 0.182 0.160 0.135 0.119 0.128 0.137 0.147 0.087 0.007 0.000 0.000 0.000 0.000 0.000 0.000 0.000 0.000 0.000
0.000 0.000 0.000 0.000 0.001 0.003 0.005 0.006 0.007 0.008 0.008 0.009 0.010 0.011 0.012 0.012 0.013 0.014 0.015 0.017 0.018 0.021 0.024 0.030 0.040 0.058 0.001 0.129 0.123 0.115 0.108 0.103 0.099 0.095 0.091 0.088 0.085 0.082 0.000 0.028 0.027 0.048 0.096 0.152 0.208 0.264 0.279 0.289 0.000 0.000 0.000 0.000 0.000 0.000 0.000 0.000 0.000 0.222 0.198 0.174 0.150 0.126 0.122 0.132 0.140 0.150 0.134 0.049 0.000 0.000 0.000 0.000 0.000 0.000 0.000 0.000 0.000
0.000 0.000 0.000 0.000 0.001 0.003 0.005 0.006 0.007 0.008 0.009 0.010 0.010 0.011 0.012 0.013 0.014 0.015 0.016 0.017 0.019 0.022 0.025 0.029 0.034 0.040 0.026 0.000 0.001 0.131 0.126 0.122 0.118 0.115 0.111 0.108 0.105 0.102 0.094 0.068 0.073 0.089 0.140 0.195 0.250 0.305 0.343 0.353 0.000 0.000 0.000 0.000 0.000 0.000 0.000 0.000 0.000 0.212 0.188 0.165 0.141 0.116 0.125 0.136 0.144 0.153 0.163 0.091 0.000 0.000 0.000 0.000 0.000 0.000 0.000 0.000 0.000
0.000 0.000 0.000 0.000 0.001 0.003 0.005 0.006 0.007 0.008 0.009 0.010 0.011 0.011 0.012 0.013 0.014 0.015 0.016 0.018 0.019 0.021 0.024 0.026 0.029 0.030 0.024 0.017 0.011 0.000 0.144 0.142 0.138 0.135 0.132 0.129 0.126 0.124 0.121 0.000 0.000 0.126 0.182 0.237 0.292 0.348 0.405 0.417 0.428 0.405 0.000 0.000 0.000 0.000 0.000 0.000 0.226 0.203 0.179 0.153 0.132 0.121 0.130 0.138 0.146 0.156 0.166 0.137 0.000 0.000 0.000 0.000 0.000 0.000 0.000 0.000 0.000
0.000 0.000 0.000 0.000 0.001 0.003 0.005 0.006 0.007 0.008 0.009 0.010 0.011 0.012 0.012 0.013 0.014 0.015 0.016 0.018 0.019 0.020 0.022 0.024 0.025 0.025 0.022 0.018 0.014 0.010 0.001 0.160 0.159 0.155 0.152 0.150 0.147 0.146 0.000 0.000 0.000 0.000 0.224 0.279 0.335 0.391 0.446 0.442 0.419 0.395 0.371 0.347 0.000 0.000 0.000 0.000 0.217 0.193 0.170 0.146 0.122 0.124 0.133 0.141 0.150 0.159 0.169 0.000 0.000 0.000 0.000 0.000 0.000 0.000 0.000 0.000 0.000
0.000 0.000 0.000 0.000 0.001 0.003 0.005 0.006 0.007 0.008 0.009 0.010 0.011 0.012 0.012 0.013 0.014 0.015 0.016 0.017 0.018 0.019 0.021 0.022 0.022 0.022 0.020 0.018 0.015 0.012 0.009 0.001 0.000 0.175 0.172 0.170 0.169 0.000 0.000 0.000 0.000 0.000 0.000 0.321 0.377 0.400 0.423 0.000 0.000 0.386 0.362 0.339 0.314 0.290 0.000 0.000 0.209 0.185 0.161 0.136 0.117 0.127 0.135 0.142 0.152 0.162 0.172 0.000 0.000 0.000 0.000 0.000 0.000 0.000 0.000 0.000 0.000
0.000 0.000 0.000 0.000 0.001 0.003 0.005 0.006 0.007 0.008 0.009 0.010 0.011 0.012 0.012 0.013 0.014 0.015 0.016 0.017 0.017 0.018 0.019 0.020 0.020 0.020 0.018 0.017 0.015 0.013 0.011 0.008 0.006 0.001 0.193 0.188 0.000 0.000 0.000 0.000 0.000 0.000 0.000 0.334 0.356 0.377 0.399 0.000 0.000 0.000 0.000 0.330 0.306 0.280 0.254 0.227 0.201 0.175 0.152 0.127 0.119 0.129 0.138 0.146 0.155 0.165 0.175 0.000 0.000 0.000 0.000 0.000 0.000 0.000 0.000 0.000 0.000
0.000 0.000 0.000 0.000 0.001 0.003 0.005 0.006 0.007 0.008 0.009 0.010 0.011 0.011 0.012 0.013 0.014 0.014 0.015 0.016 0.017 0.017 0.018 0.018 0.018 0.018 0.017 0.016 0.014 0.013 0.011 0.009 0.008 0.005 0.000 0.203 0.195 0.000 0.000 0.000 0.000 0.000 0.000 0.311 0.333 0.355 0.376 0.389 0.000 0.000 0.000 0.000 0.000 0.270 0.245 0.217 0.191 0.165 0.137 0.116 0.120 0.130 0.139 0.148 0.158 0.168 0.000 0.000 0.000 0.000 0.000 0.000 0.000 0.000 0.000 0.000 0.000
0.000 0.000 0.000 0.000 0.001 0.003 0.005 0.006 0.007 0.008 0.009 0.010 0.011 0.011 0.012 0.013 0.013 0.014 0.015 0.015 0.016 0.016 0.017 0.017 0.017 0.017 0.016 0.015 0.014 0.013 0.011 0.010 0.009 0.007 0.005 0.000 0.210 0.207 0.000 0.000 0.000 0.000 0.000 0.000 0.311 0.000 0.000 0.368 0.354 0.000 0.000 0.000 0.000 0.000 0.000 0.203 0.178 0.154 0.129 0.115 0.124 0.132 0.142 0.152 0.161 0.170 0.000 0.000 0.000 0.000 0.000 0.000 0.000 0.000 0.000 0.000 0.000
0.000 0.000 0.000 0.000 0.001 0.003 0.005 0.006 0.007 0.008 0.009 0.010 0.010 0.011 0.012 0.012 0.013 0.013 0.014 0.015 0.015 0.015 0.016 0.016 0.016 0.015 0.015 0.014 0.013 0.012 0.011 0.010 0.009 0.008 0.006 0.004 0.000 0.224 0.241 0.000 0.000 0.000 0.000 0.000 0.000 0.000 0.000 0.000 0.333 0.000 0.000 0.000 0.000 0.000 0.215 0.191 0.168 0.143 0.121 0.119 0.124 0.133 0.143 0.153 0.163 0.174 0.000 0.000 0.000 0.000 0.000 0.000 0.000 0.000 0.000 0.000 0.000
0.000 0.000 0.000 0.000 0.001 0.003 0.005 0.006 0.007 0.008 0.008 0.009 0.010 0.011 0.011 0.012 0.012 0.013 0.013 0.014 0.014 0.015 0.015 0.015 0.015 0.014 0.014 0.013 0.013 0.012 0.011 0.010 0.009 0.008 0.006 0.005 0.003 0.001 0.213 0.229 0.000 0.000 0.000 0.000 0.000 0.000 0.000 0.000 0.314 0.000 0.000 0.000 0.000 0.000 0.205 0.181 0.158 0.134 0.110 0.119 0.127 0.137 0.146 0.155 0.164 0.000 0.000 0.000 0.000 0.000 0.000 0.000 0.000 0.000 0.000 0.000 0.000
0.000 0.000 0.000 0.000 0.000 0.002 0.004 0.005 0.006 0.007 0.008 0.009 0.009 0.010 0.011 0.011 0.012 0.012 0.013 0.013 0.014 0.014 0.014 0.014 0.014 0.014 0.013 0.013 0.012 0.011 0.010 0.010 0.009 0.008 0.006 0.005 0.003 0.001 0.000 0.199 0.215 0.000 0.000 0.000 0.000 0.000 0.000 0.299 0.293 0.000 0.000 0.000 0.000 0.214 0.194 0.171 0.147 0.123 0.112 0.120 0.129 0.139 0.147 0.155 0.163 0.171 0.179 0.000 0.000 0.000 0.000 0.000 0.000 0.000 0.000 0.000 0.000
0.000 0.000 0.000 0.000 0.000 0.001 0.003 0.004 0.005 0.006 0.007 0.008 0.009 0.010 0.010 0.011 0.011 0.012 0.012 0.013 0.013 0.013 0.013 0.013 0.013 0.013 0.012 0.012 0.011 0.011 0.010 0.009 0.008 0.007 0.006 0.005 0.003 0.001 0.000 0.000 0.184 0.198 0.000 0.000 0.000 0.000 0.000 0.000 0.000 0.000 0.000 0.000 0.000 0.193 0.181 0.162 0.138 0.114 0.113 0.121 0.132 0.142 0.150 0.158 0.166 0.174 0.182 0.189 0.198 0.000 0.000 0.000 0.000 0.000 0.000 0.000 0.000
0.000 0.000 0.000 0.000 0.000 0.000 0.002 0.003 0.004 0.005 0.006 0.007 0.008 0.009 0.010 0.010 0.011 0.011 0.012 0.012 0.012 0.012 0.012 0.012 0.012 0.012 0.012 0.011 0.011 0.010 0.009 0.009 0.008 0.007 0.006 0.005 0.003 0.001 0.000 0.000 0.000 0.166 0.177 0.195 0.000 0.000 0.000 0.000 0.000 0.000 0.000 0.000 0.185 0.172 0.161 0.148 0.128 0.108 0.116 0.125 0.134 0.143 0.153 0.161 0.169 0.177 0.185 0.192 0.200 0.209 0.218 0.000 0.000 0.000 0.000 0.000 0.000
0.000 0.000 0.000 0.000 0.000 0.000 0.000 0.002 0.003 0.004 0.005 0.006 0.007 0.008 0.009 0.010 0.010 0.011 0.011 0.011 0.011 0.012 0.012 0.012 0.012 0.011 0.011 0.011 0.010 0.010 0.009 0.008 0.007 0.006 0.005 0.004 0.002 0.000 0.000 0.000 0.000 0.000 0.151 0.168 0.186 0.000 0.000 0.000 0.000 0.000 0.000 0.000 0.164 0.153 0.142 0.127 0.116 0.109 0.118 0.126 0.136 0.146 0.156 0.164 0.172 0.180 0.190 0.197 0.203 0.212 0.220 0.228 0.178 0.000 0.000 0.000 0.000
0.000 0.000 0.000 0.000 0.000 0.000 0.000 0.000 0.002 0.003 0.004 0.005 0.006 0.007 0.008 0.009 0.009 0.010 0.010 0.011 0.011 0.011 0.011 0.011 0.011 0.011 0.010 0.010 0.009 0.009 0.008 0.007 0.006 0.005 0.004 0.003 0.001 0.000 0.000 0.000 0.000 0.000 0.000 0.142 0.159 0.176 0.000 0.000 0.000 0.000 0.000 0.158 0.144 0.133 0.120 0.108 0.105 0.109 0.119 0.129 0.139 0.150 0.159 0.167 0.176 0.000 0.000 0.000 0.206 0.216 0.223 0.231 0.223 0.136 0.069 0.000 0.000
0.000 0.000 0.000 0.000 0.000 0.000 0.000 0.000 0.000 0.002 0.003 0.004 0.005 0.006 0.007 0.008 0.009 0.009 0.010 0.010 0.010 0.010 0.010 0.010 0.010 0.010 0.010 0.009 0.009 0.008 0.007 0.006 0.005 0.004 0.003 0.002 0.000 0.000 0.000 0.000 0.000 0.000 0.000 0.000 0.131 0.149 0.167 0.000 0.000 0.000 0.000 0.138 0.125 0.113 0.104 0.105 0.105 0.107 0.118 0.128 0.137 0.148 0.157 0.166 0.177 0.000 0.000 0.000 0.000 0.000 0.226 0.234 0.242 0.180 0.139 0.100 0.000
0.000 0.000 0.000 0.000 0.000 0.000 0.000 0.000 0.000 0.000 0.002 0.003 0.004 0.005 0.006 0.007 0.008 0.008 0.009 0.009 0.009 0.009 0.009 0.009 0.009 0.009 0.009 0.008 0.008 0.007 0.006 0.005 0.004 0.003 0.002 0.000 0.000 0.000 0.000 0.000 0.000 0.000 0.000 0.000 0.108 0.123 0.139 0.156 0.000 0.143 0.130 0.117 0.105 0.104 0.104 0.104 0.104 0.104 0.114 0.124 0.134 0.145 0.155 0.164 0.000 0.000 0.000 0.000 0.000 0.000 0.000 0.234 0.244 0.248 0.210 0.170 0.000
0.000 0.000 0.000 0.000 0.000 0.000 0.000 0.000 0.000 0.000 0.000 0.002 0.003 0.004 0.005 0.006 0.007 0.008 0.008 0.008 0.008 0.008 0.008 0.008 0.008 0.008 0.008 0.008 0.007 0.006 0.005 0.004 0.003 0.002 0.000 0.000 0.000 0.000 0.000 0.000 0.000 0.000 0.000 0.000 0.000 0.099 0.113 0.127 0.141 0.124 0.110 0.105 0.105 0.104 0.104 0.104 0.104 0.104 0.112 0.122 0.132 0.143 0.154 0.000 0.000 0.000 0.000 0.000 0.000 0.000 0.000 0.000 0.000 0.254 0.249 0.239 0.198
0.000 0.000 0.000 0.000 0.000 0.000 0.000 0.000 0.000 0.000 0.000 0.000 0.002 0.003 0.004 0.005 0.006 0.007 0.007 0.007 0.007 0.007 0.007 0.007 0.007 0.007 0.007 0.007 0.006 0.005 0.004 0.003 0.002 0.000 0.000 0.000 0.000 0.000 0.000 0.000 0.000 0.000 0.000 0.000 0.000 0.000 0.088 0.102 0.116 0.106 0.104 0.103 0.103 0.103 0.102 0.103 0.103 0.103 0.110 0.120 0.130 0.141 0.152 0.000 0.000 0.000 0.000 0.000 0.000 0.000 0.000 0.000 0.000 0.000 0.000 0.247 0.241
0.000 0.000 0.000 0.000 0.000 0.000 0.000 0.000 0.000 0.000 0.000 0.000 0.000 0.002 0.003 0.004 0.005 0.006 0.006 0.006 0.006 0.006 0.006 0.006 0.006 0.006 0.006 0.006 0.005 0.004 0.003 0.002 0.000 0.000 0.000 0.000 0.000 0.000 0.000 0.000 0.000 0.000 0.000 0.000 0.000 0.000 0.000 0.078 0.092 0.104 0.102 0.101 0.101 0.101 0.100 0.101 0.101 0.102 0.107 0.117 0.128 0.138 0.000 0.000 0.000 0.000 0.000 0.000 0.000 0.000 0.000 0.000 0.000 0.000 0.000 0.000 0.000
0.000 0.000 0.000 0.000 0.000 0.000 0.000 0.000 0.000 0.000 0.000 0.000 0.000 0.000 0.002 0.003 0.004 0.005 0.005 0.005 0.005 0.005 0.005 0.005 0.005 0.005 0.005 0.005 0.004 0.003 0.002 0.000 0.000 0.000 0.000 0.000 0.000 0.000 0.000 0.000 0.000 0.000 0.000 0.000 0.000 0.000 0.000 0.000 0.070 0.085 0.100 0.100 0.099 0.099 0.099 0.099 0.099 0.100 0.103 0.114 0.124 0.135 0.000 0.000 0.000 0.000 0.000 0.000 0.000 0.000 0.000 0.000 0.000 0.000 0.000 0.000 0.000
0.000 0.000 0.000 0.000 0.000 0.000 0.000 0.000 0.000 0.000 0.000 0.000 0.000 0.000 0.000 0.001 0.002 0.003 0.003 0.003 0.003 0.003 0.003 0.003 0.003 0.003 0.003 0.003 0.002 0.001 0.000 0.000 0.000 0.000 0.000 0.000 0.000 0.000 0.000 0.000 0.000 0.000 0.000 0.000 0.000 0.000 0.000 0.000 0.000 0.039 0.082 0.098 0.098 0.098 0.097 0.097 0.097 0.097 0.099 0.111 0.121 0.000 0.000 0.000 0.000 0.000 0.000 0.000 0.000 0.000 0.000 0.000 0.000 0.000 0.000 0.000 0.000
0.000 0.000 0.000 0.000 0.000 0.000 0.000 0.000 0.000 0.000 0.000 0.000 0.000 0.000 0.000 0.000 0.000 0.001 0.001 0.001 0.001 0.001 0.001 0.001 0.001 0.001 0.001 0.001 0.000 0.000 0.000 0.000 0.000 0.000 0.000 0.000 0.000 0.000 0.000 0.000 0.000 0.000 0.000 0.000 0.000 0.000 0.000 0.000 0.000 0.000 0.062 0.083 0.097 0.096 0.095 0.094 0.094 0.094 0.096 0.107 0.119 0.000 0.000 0.000 0.000 0.000 0.000 0.000 0.000 0.000 0.000 0.000 0.000 0.000 0.000 0.000 0.000
0.000 0.000 0.000 0.000 0.000 0.000 0.000 0.000 0.000 0.000 0.000 0.000 0.000 0.000 0.000 0.000 0.000 0.000 0.000 0.000 0.000 0.000 0.000 0.000 0.000 0.000 0.000 0.000 0.000 0.000 0.000 0.000 0.000 0.000 0.000 0.000 0.000 0.000 0.000 0.000 0.000 0.000 0.000 0.000 0.000 0.000 0.000 0.000 0.000 0.000 0.041 0.061 0.081 0.094 0.092 0.090 0.087 0.088 0.091 0.103 0.000 0.000 0.000 0.000 0.000 0.000 0.000 0.000 0.000 0.000 0.000 0.000 0.000 0.000 0.000 0.000 0.000
0.000 0.000 0.000 0.000 0.000 0.000 0.000 0.000 0.000 0.000 0.000 0.000 0.000 0.000 0.000 0.000 0.000 0.000 0.000 0.000 0.000 0.000 0.000 0.000 0.000 0.000 0.000 0.000 0.000 0.000 0.000 0.000 0.000 0.000 0.000 0.000 0.000 0.000 0.000 0.000 0.000 0.000 0.000 0.000 0.000 0.000 0.000 0.000 0.000 0.000 0.000 0.039 0.058 0.077 0.087 0.082 0.067 0.078 0.081 0.000 0.000 0.000 0.000 0.000 0.000 0.000 0.000 0.000 0.000 0.000 0.000 0.000 0.000 0.000 0.000 0.000 0.000
0.000 0.000 0.000 0.000 0.000 0.000 0.000 0.000 0.000 0.000 0.000 0.000 0.000 0.000 0.000 0.000 0.000 0.000 0.000 0.000 0.000 0.000 0.000 0.000 0.000 0.000 0.000 0.000 0.000 0.000 0.000 0.000 0.000 0.000 0.000 0.000 0.000 0.000 0.000 0.000 0.000 0.000 0.000 0.000 0.000 0.000 0.000 0.000 0.000 0.000 0.000 0.017 0.036 0.053 0.070 0.078 0.073 0.073 0.072 0.071 0.000 0.000 0.000 0.000 0.000 0.000 0.000 0.000 0.000 0.000 0.000 0.000 0.000 0.000 0.000 0.000 0.000
0.000 0.000 0.000 0.000 0.000 0.000 0.000 0.000 0.000 0.000 0.000 0.000 0.000 0.000 0.000 0.000 0.000 0.000 0.000 0.000 0.000 0.000 0.000 0.000 0.000 0.000 0.000 0.000 0.000 0.000 0.000 0.000 0.000 0.000 0.000 0.000 0.000 0.000 0.000 0.000 0.000 0.000 0.000 0.000 0.000 0.000 0.000 0.000 0.000 0.000 0.000 0.002 0.013 0.030 0.046 0.062 0.072 0.070 0.067 0.064 0.067 0.000 0.000 0.000 0.000 0.000 0.000 0.000 0.000 0.000 0.000 0.000 0.000 0.000 0.000 0.000 0.000
0.000 0.000 0.000 0.000 0.000 0.000 0.000 0.000 0.000 0.000 0.000 0.000 0.000 0.000 0.000 0.000 0.000 0.000 0.000 0.000 0.000 0.000 0.000 0.000 0.000 0.000 0.000 0.000 0.000 0.000 0.000 0.000 0.000 0.000 0.000 0.000 0.000 0.000 0.000 0.000 0.000 0.000 0.000 0.000 0.000 0.000 0.000 0.000 0.000 0.000 0.000 0.001 0.001 0.008 0.022 0.039 0.057 0.067 0.063 0.058 0.058 0.054 0.055 0.000 0.000 0.000 0.000 0.000 0.000 0.000 0.000 0.000 0.000 0.000 0.000 0.000 0.000
0.000 0.000 0.000 0.000 0.000 0.000 0.000 0.000 0.000 0.000 0.000 0.000 0.000 0.000 0.000 0.000 0.000 0.000 0.000 0.000 0.000 0.000 0.000 0.000 0.000 0.000 0.000 0.000 0.000 0.000 0.000 0.000 0.000 0.000 0.000 0.000 0.000 0.000 0.000 0.000 0.000 0.000 0.000 0.000 0.000 0.000 0.000 0.000 0.000 0.000 0.000 0.000 0.001 0.001 0.004 0.017 0.034 0.051 0.059 0.052 0.050 0.047 0.048 0.052 0.000 0.000 0.000 0.000 0.000 0.000 0.000 0.000 0.000 0.000 0.000 0.000 0.000
0.000 0.000 0.000 0.000 0.000 0.000 0.000 0.000 0.000 0.000 0.000 0.000 0.000 0.000 0.000 0.000 0.000 0.000 0.000 0.000 0.000 0.000 0.000 0.000 0.000 0.000 0.000 0.000 0.000 0.000 0.000 0.000 0.000 0.000 0.000 0.000 0.000 0.000 0.000 0.000 0.000 0.000 0.000 0.000 0.000 0.000 0.000 0.000 0.000 0.000 0.000 0.000 0.000 0.001 0.001 0.002 0.011 0.027 0.042 0.046 0.040 0.039 0.042 0.045 0.047 0.000 0.000 0.000 0.000 0.000 0.000 0.000 0.000 0.000 0.000 0.000 0.000
