数据/LID_GR_50y/LID_GR_res2/LID_GR_150-0001.wd
ncols         694
nrows         824
xllcorner     581104.939801
yllcorner     3495917.092414
cellsize      2.000000
NODATA_value  -9999.000000
[rows 714 to 747 of 824, columns 154 to 230 of 694]
0.000 0.000 0.000 0.000 0.000 0.000 0.000 0.002 0.003 0.004 0.005 0.006 0.007 0.008 0.009 0.009 0.009 0.009 0.009 0.008 0.000 0.001 0.078 0.075 0.072 0.069 0.063 0.058 0.052 0.046 0.041 0.036 0.000 0.000 0.000 0.000 0.000 0.000 0.000 0.000 0.000 0.000 0.000 0.008 0.028 0.038 0.048 0.058 0.070 0.000 0.000 0.000 0.000 0.000 0.000 0.000 0.000 0.000 0.167 0.178 0.189 0.188 0.165 0.145 0.154 0.070 0.003 0.000 0.000 0.000 0.000 0.000 0.000 0.000 0.000 0.000 0.000
0.000 0.000 0.000 0.000 0.000 0.000 0.002 0.003 0.004 0.005 0.006 0.007 0.008 0.009 0.010 0.010 0.011 0.011 0.011 0.011 0.011 0.010 0.000 0.094 0.092 0.088 0.083 0.078 0.071 0.065 0.059 0.053 0.046 0.042 0.000 0.000 0.000 0.000 0.000 0.000 0.000 0.000 0.002 0.050 0.090 0.100 0.110 0.121 0.131 0.000 0.000 0.000 0.000 0.000 0.000 0.000 0.000 0.000 0.230 0.225 0.201 0.179 0.156 0.147 0.157 0.112 0.025 0.000 0.000 0.000 0.000 0.000 0.000 0.000 0.000 0.000 0.000
0.000 0.000 0.000 0.000 0.000 0.001 0.003 0.004 0.005 0.006 0.007 0.008 0.009 0.010 0.011 0.011 0.012 0.012 0.013 0.014 0.014 0.015 0.014 0.001 0.001 0.108 0.103 0.097 0.091 0.084 0.077 0.071 0.065 0.061 0.056 0.000 0.000 0.000 0.000 0.000 0.000 0.002 0.036 0.090 0.145 0.163 0.173 0.184 0.194 0.000 0.000 0.000 0.000 0.000 0.000 0.000 0.000 0.263 0.239 0.217 0.192 0.169 0.146 0.150 0.159 0.156 0.070 0.002 0.000 0.000 0.000 0.000 0.000 0.000 0.000 0.000 0.000
0.000 0.000 0.000 0.000 0.000 0.002 0.004 0.005 0.006 0.007 0.008 0.009 0.010 0.011 0.011 0.012 0.013 0.014 0.015 0.016 0.017 0.018 0.020 0.022 0.025 0.001 0.123 0.116 0.110 0.102 0.096 0.089 0.084 0.080 0.075 0.071 0.068 0.000 0.000 0.000 0.002 0.022 0.076 0.130 0.187 0.227 0.237 0.247 0.000 0.000 0.000 0.000 0.000 0.000 0.000 0.000 0.000 0.254 0.230 0.207 0.184 0.160 0.143 0.152 0.162 0.171 0.114 0.028 0.000 0.000 0.000 0.000 0.000 0.000 0.000 0.000 0.000
0.000 0.000 0.000 0.000 0.001 0.003 0.005 0.006 0.007 0.008 0.009 0.009 0.010 0.011 0.012 0.013 0.014 0.015 0.016 0.017 0.019 0.021 0.024 0.030 0.040 0.059 0.001 0.136 0.130 0.120 0.114 0.108 0.104 0.099 0.095 0.092 0.089 0.086 0.000 0.033 0.036 0.066 0.117 0.173 0.229 0.285 0.300 0.311 0.000 0.000 0.000 0.000 0.000 0.000 0.000 0.000 0.000 0.245 0.221 0.198 0.174 0.151 0.146 0.156 0.164 0.174 0.158 0.073 0.000 0.000 0.000 0.000 0.000 0.000 0.000 0.000 0.000
0.000 0.000 0.000 0.000 0.001 0.003 0.005 0.006 0.007 0.008 0.009 0.010 0.011 0.012 0.012 0.013 0.014 0.015 0.016 0.018 0.020 0.022 0.025 0.029 0.034 0.040 0.026 0.000 0.000 0.136 0.131 0.127 0.123 0.119 0.116 0.112 0.109 0.106 0.098 0.073 0.081 0.107 0.159 0.215 0.271 0.327 0.363 0.374 0.000 0.000 0.000 0.000 0.000 0.000 0.000 0.000 0.000 0.236 0.212 0.189 0.165 0.141 0.149 0.158 0.168 0.177 0.186 0.117 0.000 0.000 0.000 0.000 0.000 0.000 0.000 0.000 0.000
0.000 0.000 0.000 0.000 0.001 0.003 0.005 0.006 0.007 0.008 0.009 0.010 0.011 0.012 0.013 0.014 0.014 0.015 0.017 0.018 0.020 0.022 0.024 0.026 0.029 0.031 0.024 0.017 0.012 0.001 0.150 0.147 0.143 0.139 0.136 0.133 0.130 0.128 0.125 0.000 0.000 0.146 0.201 0.257 0.313 0.369 0.425 0.437 0.447 0.424 0.000 0.000 0.000 0.000 0.000 0.000 0.250 0.227 0.203 0.179 0.156 0.143 0.152 0.161 0.171 0.180 0.190 0.162 0.000 0.000 0.000 0.000 0.000 0.000 0.000 0.000 0.000
0.000 0.000 0.000 0.000 0.001 0.003 0.005 0.006 0.007 0.008 0.009 0.010 0.011 0.012 0.013 0.014 0.015 0.016 0.017 0.018 0.019 0.021 0.022 0.024 0.025 0.025 0.022 0.018 0.015 0.010 0.000 0.166 0.164 0.160 0.156 0.154 0.151 0.150 0.000 0.000 0.000 0.000 0.244 0.300 0.356 0.412 0.466 0.462 0.439 0.414 0.391 0.366 0.000 0.000 0.000 0.000 0.241 0.218 0.194 0.170 0.146 0.146 0.156 0.164 0.174 0.183 0.193 0.000 0.000 0.000 0.000 0.000 0.000 0.000 0.000 0.000 0.000
0.000 0.000 0.000 0.000 0.001 0.003 0.005 0.006 0.007 0.008 0.009 0.010 0.011 0.012 0.013 0.014 0.014 0.015 0.016 0.017 0.019 0.020 0.021 0.022 0.022 0.022 0.020 0.018 0.015 0.012 0.009 0.001 0.000 0.179 0.177 0.174 0.173 0.000 0.000 0.000 0.000 0.000 0.000 0.342 0.398 0.421 0.443 0.000 0.000 0.405 0.382 0.357 0.333 0.309 0.000 0.000 0.232 0.208 0.185 0.160 0.140 0.149 0.158 0.167 0.177 0.186 0.196 0.000 0.000 0.000 0.000 0.000 0.000 0.000 0.000 0.000 0.000
0.000 0.000 0.000 0.000 0.001 0.003 0.005 0.006 0.007 0.008 0.009 0.010 0.011 0.012 0.013 0.013 0.014 0.015 0.016 0.017 0.018 0.019 0.019 0.020 0.020 0.020 0.019 0.017 0.015 0.013 0.011 0.008 0.006 0.001 0.197 0.193 0.000 0.000 0.000 0.000 0.000 0.000 0.000 0.355 0.377 0.398 0.419 0.000 0.000 0.000 0.000 0.348 0.323 0.298 0.273 0.247 0.222 0.198 0.175 0.151 0.142 0.152 0.161 0.170 0.180 0.189 0.199 0.000 0.000 0.000 0.000 0.000 0.000 0.000 0.000 0.000 0.000
0.000 0.000 0.000 0.000 0.001 0.003 0.005 0.006 0.007 0.008 0.009 0.010 0.011 0.012 0.012 0.013 0.014 0.015 0.015 0.016 0.017 0.018 0.018 0.019 0.019 0.018 0.017 0.016 0.014 0.013 0.011 0.009 0.008 0.005 0.000 0.208 0.200 0.000 0.000 0.000 0.000 0.000 0.000 0.332 0.353 0.375 0.396 0.410 0.000 0.000 0.000 0.000 0.000 0.289 0.264 0.237 0.212 0.188 0.166 0.141 0.145 0.154 0.163 0.172 0.182 0.191 0.000 0.000 0.000 0.000 0.000 0.000 0.000 0.000 0.000 0.000 0.000
0.000 0.000 0.000 0.000 0.001 0.003 0.005 0.006 0.007 0.008 0.009 0.010 0.011 0.011 0.012 0.013 0.014 0.014 0.015 0.016 0.016 0.017 0.017 0.017 0.017 0.017 0.016 0.015 0.014 0.013 0.011 0.010 0.009 0.007 0.005 0.000 0.215 0.213 0.000 0.000 0.000 0.000 0.000 0.000 0.330 0.000 0.000 0.389 0.376 0.000 0.000 0.000 0.000 0.000 0.000 0.225 0.202 0.178 0.154 0.138 0.147 0.156 0.165 0.175 0.184 0.193 0.000 0.000 0.000 0.000 0.000 0.000 0.000 0.000 0.000 0.000 0.000
0.000 0.000 0.000 0.000 0.001 0.003 0.005 0.006 0.007 0.008 0.009 0.010 0.010 0.011 0.012 0.012 0.013 0.014 0.014 0.015 0.015 0.016 0.016 0.016 0.016 0.016 0.015 0.014 0.013 0.012 0.011 0.010 0.009 0.008 0.006 0.004 0.000 0.230 0.247 0.000 0.000 0.000 0.000 0.000 0.000 0.000 0.000 0.000 0.356 0.000 0.000 0.000 0.000 0.000 0.236 0.213 0.191 0.167 0.143 0.140 0.148 0.157 0.167 0.176 0.186 0.196 0.000 0.000 0.000 0.000 0.000 0.000 0.000 0.000 0.000 0.000 0.000
0.000 0.000 0.000 0.000 0.001 0.003 0.005 0.006 0.007 0.008 0.008 0.009 0.010 0.011 0.011 0.012 0.013 0.013 0.014 0.014 0.014 0.015 0.015 0.015 0.015 0.015 0.014 0.013 0.013 0.012 0.011 0.010 0.009 0.008 0.006 0.005 0.003 0.001 0.219 0.235 0.000 0.000 0.000 0.000 0.000 0.000 0.000 0.000 0.336 0.000 0.000 0.000 0.000 0.000 0.227 0.203 0.180 0.157 0.133 0.141 0.150 0.159 0.168 0.176 0.185 0.000 0.000 0.000 0.000 0.000 0.000 0.000 0.000 0.000 0.000 0.000 0.000
0.000 0.000 0.000 0.000 0.000 0.002 0.004 0.005 0.006 0.007 0.008 0.009 0.010 0.010 0.011 0.011 0.012 0.013 0.013 0.013 0.014 0.014 0.014 0.014 0.014 0.014 0.013 0.013 0.012 0.011 0.011 0.010 0.009 0.008 0.006 0.005 0.003 0.001 0.000 0.206 0.221 0.000 0.000 0.000 0.000 0.000 0.000 0.321 0.316 0.000 0.000 0.000 0.000 0.236 0.216 0.193 0.170 0.146 0.134 0.142 0.151 0.161 0.169 0.177 0.185 0.191 0.200 0.000 0.000 0.000 0.000 0.000 0.000 0.000 0.000 0.000 0.000
0.000 0.000 0.000 0.000 0.000 0.001 0.003 0.004 0.005 0.006 0.007 0.008 0.009 0.010 0.010 0.011 0.011 0.012 0.012 0.013 0.013 0.013 0.013 0.013 0.013 0.013 0.013 0.012 0.011 0.011 0.010 0.009 0.008 0.007 0.006 0.005 0.003 0.001 0.000 0.000 0.191 0.205 0.000 0.000 0.000 0.000 0.000 0.000 0.000 0.000 0.000 0.000 0.000 0.215 0.203 0.183 0.159 0.135 0.136 0.144 0.153 0.162 0.171 0.179 0.187 0.195 0.202 0.210 0.218 0.000 0.000 0.000 0.000 0.000 0.000 0.000 0.000
0.000 0.000 0.000 0.000 0.000 0.000 0.002 0.003 0.004 0.005 0.006 0.007 0.008 0.009 0.010 0.010 0.011 0.011 0.012 0.012 0.012 0.012 0.013 0.012 0.012 0.012 0.012 0.011 0.011 0.010 0.010 0.009 0.008 0.007 0.006 0.005 0.003 0.001 0.000 0.000 0.000 0.173 0.185 0.203 0.000 0.000 0.000 0.000 0.000 0.000 0.000 0.000 0.205 0.193 0.182 0.170 0.149 0.128 0.138 0.146 0.155 0.164 0.173 0.182 0.190 0.197 0.205 0.212 0.220 0.228 0.236 0.000 0.000 0.000 0.000 0.000 0.000
0.000 0.000 0.000 0.000 0.000 0.000 0.000 0.002 0.003 0.004 0.005 0.006 0.007 0.008 0.009 0.010 0.010 0.011 0.011 0.011 0.012 0.012 0.012 0.012 0.012 0.011 0.011 0.011 0.010 0.010 0.009 0.008 0.007 0.006 0.005 0.004 0.002 0.000 0.000 0.000 0.000 0.000 0.159 0.177 0.195 0.000 0.000 0.000 0.000 0.000 0.000 0.000 0.184 0.173 0.161 0.148 0.136 0.130 0.140 0.149 0.158 0.167 0.176 0.185 0.193 0.201 0.209 0.216 0.222 0.231 0.239 0.247 0.198 0.000 0.000 0.000 0.000
0.000 0.000 0.000 0.000 0.000 0.000 0.000 0.000 0.002 0.003 0.004 0.005 0.006 0.007 0.008 0.009 0.010 0.010 0.010 0.011 0.011 0.011 0.011 0.011 0.011 0.011 0.010 0.010 0.010 0.009 0.008 0.007 0.006 0.005 0.004 0.003 0.001 0.000 0.000 0.000 0.000 0.000 0.000 0.151 0.167 0.186 0.000 0.000 0.000 0.000 0.000 0.176 0.164 0.152 0.139 0.128 0.125 0.130 0.140 0.150 0.160 0.170 0.179 0.188 0.197 0.000 0.000 0.000 0.225 0.234 0.242 0.250 0.242 0.155 0.087 0.000 0.000
0.000 0.000 0.000 0.000 0.000 0.000 0.000 0.000 0.000 0.002 0.003 0.004 0.005 0.006 0.007 0.008 0.009 0.009 0.010 0.010 0.010 0.010 0.010 0.010 0.010 0.010 0.010 0.009 0.009 0.008 0.007 0.006 0.005 0.004 0.003 0.002 0.000 0.000 0.000 0.000 0.000 0.000 0.000 0.000 0.140 0.159 0.177 0.000 0.000 0.000 0.000 0.156 0.143 0.131 0.124 0.124 0.125 0.127 0.137 0.148 0.158 0.168 0.177 0.188 0.198 0.000 0.000 0.000 0.000 0.000 0.244 0.253 0.261 0.199 0.157 0.117 0.000
0.000 0.000 0.000 0.000 0.000 0.000 0.000 0.000 0.000 0.000 0.002 0.003 0.004 0.005 0.006 0.007 0.008 0.008 0.009 0.009 0.009 0.009 0.009 0.009 0.009 0.009 0.009 0.008 0.008 0.007 0.006 0.005 0.004 0.003 0.002 0.000 0.000 0.000 0.000 0.000 0.000 0.000 0.000 0.000 0.117 0.133 0.150 0.168 0.000 0.159 0.148 0.135 0.123 0.123 0.123 0.123 0.124 0.125 0.135 0.145 0.155 0.165 0.175 0.186 0.000 0.000 0.000 0.000 0.000 0.000 0.000 0.253 0.262 0.266 0.227 0.187 0.000
0.000 0.000 0.000 0.000 0.000 0.000 0.000 0.000 0.000 0.000 0.000 0.002 0.003 0.004 0.005 0.006 0.007 0.008 0.008 0.008 0.008 0.008 0.008 0.008 0.008 0.008 0.008 0.008 0.007 0.006 0.005 0.004 0.003 0.002 0.000 0.000 0.000 0.000 0.000 0.000 0.000 0.000 0.000 0.000 0.000 0.109 0.125 0.140 0.156 0.141 0.128 0.123 0.122 0.122 0.122 0.123 0.123 0.123 0.132 0.142 0.152 0.163 0.173 0.000 0.000 0.000 0.000 0.000 0.000 0.000 0.000 0.000 0.000 0.272 0.266 0.256 0.214
0.000 0.000 0.000 0.000 0.000 0.000 0.000 0.000 0.000 0.000 0.000 0.000 0.002 0.003 0.004 0.005 0.006 0.007 0.007 0.007 0.007 0.007 0.007 0.007 0.007 0.007 0.007 0.007 0.006 0.005 0.004 0.003 0.002 0.000 0.000 0.000 0.000 0.000 0.000 0.000 0.000 0.000 0.000 0.000 0.000 0.000 0.100 0.115 0.132 0.124 0.122 0.121 0.121 0.120 0.121 0.121 0.122 0.121 0.129 0.140 0.150 0.160 0.170 0.000 0.000 0.000 0.000 0.000 0.000 0.000 0.000 0.000 0.000 0.000 0.000 0.263 0.257
0.000 0.000 0.000 0.000 0.000 0.000 0.000 0.000 0.000 0.000 0.000 0.000 0.000 0.002 0.003 0.004 0.005 0.006 0.006 0.006 0.006 0.006 0.006 0.006 0.006 0.006 0.006 0.006 0.005 0.004 0.003 0.002 0.000 0.000 0.000 0.000 0.000 0.000 0.000 0.000 0.000 0.000 0.000 0.000 0.000 0.000 0.000 0.092 0.108 0.122 0.121 0.120 0.119 0.119 0.120 0.120 0.120 0.120 0.125 0.136 0.147 0.158 0.000 0.000 0.000 0.000 0.000 0.000 0.000 0.000 0.000 0.000 0.000 0.000 0.000 0.000 0.000
0.000 0.000 0.000 0.000 0.000 0.000 0.000 0.000 0.000 0.000 0.000 0.000 0.000 0.000 0.002 0.003 0.004 0.005 0.005 0.005 0.005 0.005 0.005 0.005 0.005 0.005 0.005 0.005 0.004 0.003 0.002 0.000 0.000 0.000 0.000 0.000 0.000 0.000 0.000 0.000 0.000 0.000 0.000 0.000 0.000 0.000 0.000 0.000 0.086 0.104 0.118 0.118 0.117 0.118 0.118 0.118 0.118 0.118 0.122 0.133 0.145 0.156 0.000 0.000 0.000 0.000 0.000 0.000 0.000 0.000 0.000 0.000 0.000 0.000 0.000 0.000 0.000
0.000 0.000 0.000 0.000 0.000 0.000 0.000 0.000 0.000 0.000 0.000 0.000 0.000 0.000 0.000 0.001 0.002 0.003 0.003 0.003 0.003 0.003 0.003 0.003 0.003 0.003 0.003 0.003 0.002 0.001 0.000 0.000 0.000 0.000 0.000 0.000 0.000 0.000 0.000 0.000 0.000 0.000 0.000 0.000 0.000 0.000 0.000 0.000 0.000 0.068 0.100 0.116 0.116 0.115 0.115 0.115 0.115 0.116 0.118 0.129 0.141 0.000 0.000 0.000 0.000 0.000 0.000 0.000 0.000 0.000 0.000 0.000 0.000 0.000 0.000 0.000 0.000
0.000 0.000 0.000 0.000 0.000 0.000 0.000 0.000 0.000 0.000 0.000 0.000 0.000 0.000 0.000 0.000 0.000 0.001 0.001 0.001 0.001 0.001 0.001 0.001 0.001 0.001 0.001 0.001 0.000 0.000 0.000 0.000 0.000 0.000 0.000 0.000 0.000 0.000 0.000 0.000 0.000 0.000 0.000 0.000 0.000 0.000 0.000 0.000 0.000 0.000 0.079 0.100 0.114 0.113 0.112 0.111 0.111 0.112 0.114 0.126 0.138 0.000 0.000 0.000 0.000 0.000 0.000 0.000 0.000 0.000 0.000 0.000 0.000 0.000 0.000 0.000 0.000
0.000 0.000 0.000 0.000 0.000 0.000 0.000 0.000 0.000 0.000 0.000 0.000 0.000 0.000 0.000 0.000 0.000 0.000 0.000 0.000 0.000 0.000 0.000 0.000 0.000 0.000 0.000 0.000 0.000 0.000 0.000 0.000 0.000 0.000 0.000 0.000 0.000 0.000 0.000 0.000 0.000 0.000 0.000 0.000 0.000 0.000 0.000 0.000 0.000 0.000 0.057 0.077 0.097 0.110 0.109 0.106 0.105 0.106 0.109 0.121 0.000 0.000 0.000 0.000 0.000 0.000 0.000 0.000 0.000 0.000 0.000 0.000 0.000 0.000 0.000 0.000 0.000
0.000 0.000 0.000 0.000 0.000 0.000 0.000 0.000 0.000 0.000 0.000 0.000 0.000 0.000 0.000 0.000 0.000 0.000 0.000 0.000 0.000 0.000 0.000 0.000 0.000 0.000 0.000 0.000 0.000 0.000 0.000 0.000 0.000 0.000 0.000 0.000 0.000 0.000 0.000 0.000 0.000 0.000 0.000 0.000 0.000 0.000 0.000 0.000 0.000 0.000 0.000 0.055 0.075 0.093 0.104 0.099 0.088 0.095 0.098 0.000 0.000 0.000 0.000 0.000 0.000 0.000 0.000 0.000 0.000 0.000 0.000 0.000 0.000 0.000 0.000 0.000 0.000
0.000 0.000 0.000 0.000 0.000 0.000 0.000 0.000 0.000 0.000 0.000 0.000 0.000 0.000 0.000 0.000 0.000 0.000 0.000 0.000 0.000 0.000 0.000 0.000 0.000 0.000 0.000 0.000 0.000 0.000 0.000 0.000 0.000 0.000 0.000 0.000 0.000 0.000 0.000 0.000 0.000 0.000 0.000 0.000 0.000 0.000 0.000 0.000 0.000 0.000 0.000 0.033 0.052 0.069 0.086 0.095 0.090 0.090 0.088 0.086 0.000 0.000 0.000 0.000 0.000 0.000 0.000 0.000 0.000 0.000 0.000 0.000 0.000 0.000 0.000 0.000 0.000
0.000 0.000 0.000 0.000 0.000 0.000 0.000 0.000 0.000 0.000 0.000 0.000 0.000 0.000 0.000 0.000 0.000 0.000 0.000 0.000 0.000 0.000 0.000 0.000 0.000 0.000 0.000 0.000 0.000 0.000 0.000 0.000 0.000 0.000 0.000 0.000 0.000 0.000 0.000 0.000 0.000 0.000 0.000 0.000 0.000 0.000 0.000 0.000 0.000 0.000 0.000 0.010 0.028 0.046 0.062 0.079 0.088 0.086 0.082 0.078 0.080 0.000 0.000 0.000 0.000 0.000 0.000 0.000 0.000 0.000 0.000 0.000 0.000 0.000 0.000 0.000 0.000
0.000 0.000 0.000 0.000 0.000 0.000 0.000 0.000 0.000 0.000 0.000 0.000 0.000 0.000 0.000 0.000 0.000 0.000 0.000 0.000 0.000 0.000 0.000 0.000 0.000 0.000 0.000 0.000 0.000 0.000 0.000 0.000 0.000 0.000 0.000 0.000 0.000 0.000 0.000 0.000 0.000 0.000 0.000 0.000 0.000 0.000 0.000 0.000 0.000 0.000 0.000 0.001 0.006 0.021 0.038 0.055 0.072 0.082 0.077 0.071 0.070 0.065 0.066 0.000 0.000 0.000 0.000 0.000 0.000 0.000 0.000 0.000 0.000 0.000 0.000 0.000 0.000
0.000 0.000 0.000 0.000 0.000 0.000 0.000 0.000 0.000 0.000 0.000 0.000 0.000 0.000 0.000 0.000 0.000 0.000 0.000 0.000 0.000 0.000 0.000 0.000 0.000 0.000 0.000 0.000 0.000 0.000 0.000 0.000 0.000 0.000 0.000 0.000 0.000 0.000 0.000 0.000 0.000 0.000 0.000 0.000 0.000 0.000 0.000 0.000 0.000 0.000 0.000 0.000 0.001 0.003 0.015 0.032 0.049 0.065 0.072 0.064 0.061 0.057 0.058 0.061 0.000 0.000 0.000 0.000 0.000 0.000 0.000 0.000 0.000 0.000 0.000 0.000 0.000
0.000 0.000 0.000 0.000 0.000 0.000 0.000 0.000 0.000 0.000 0.000 0.000 0.000 0.000 0.000 0.000 0.000 0.000 0.000 0.000 0.000 0.000 0.000 0.000 0.000 0.000 0.000 0.000 0.000 0.000 0.000 0.000 0.000 0.000 0.000 0.000 0.000 0.000 0.000 0.000 0.000 0.000 0.000 0.000 0.000 0.000 0.000 0.000 0.000 0.000 0.000 0.000 0.000 0.001 0.002 0.009 0.025 0.040 0.054 0.057 0.050 0.048 0.051 0.053 0.055 0.000 0.000 0.000 0.000 0.000 0.000 0.000 0.000 0.000 0.000 0.000 0.000
