数据/LID_GR_50y/LID_GR_res2/LID_GR_130-0001.wd
ncols         694
nrows         824
xllcorner     581104.939801
yllcorner     3495917.092414
cellsize      2.000000
NODATA_value  -9999.000000
[rows 714 to 747 of 824, columns 154 to 230 of 694]
0.000 0.000 0.000 0.000 0.000 0.000 0.000 0.002 0.003 0.004 0.005 0.006 0.007 0.008 0.009 0.009 0.010 0.010 0.009 0.008 0.000 0.000 0.095 0.092 0.089 0.085 0.080 0.074 0.068 0.062 0.057 0.052 0.000 0.000 0.000 0.000 0.000 0.000 0.000 0.000 0.000 0.000 0.000 0.041 0.063 0.074 0.085 0.095 0.106 0.000 0.000 0.000 0.000 0.000 0.000 0.000 0.000 0.000 0.205 0.216 0.228 0.226 0.204 0.184 0.193 0.108 0.030 0.000 0.000 0.000 0.000 0.000 0.000 0.000 0.000 0.000 0.000
0.000 0.000 0.000 0.000 0.000 0.000 0.002 0.003 0.004 0.005 0.006 0.007 0.008 0.009 0.010 0.010 0.011 0.011 0.012 0.012 0.011 0.010 0.000 0.112 0.109 0.104 0.099 0.093 0.087 0.080 0.074 0.068 0.062 0.057 0.000 0.000 0.000 0.000 0.000 0.000 0.000 0.000 0.029 0.081 0.126 0.137 0.148 0.158 0.169 0.000 0.000 0.000 0.000 0.000 0.000 0.000 0.000 0.000 0.269 0.263 0.241 0.217 0.193 0.186 0.195 0.151 0.064 0.000 0.000 0.000 0.000 0.000 0.000 0.000 0.000 0.000 0.000
0.000 0.000 0.000 0.000 0.000 0.001 0.003 0.004 0.005 0.006 0.007 0.008 0.009 0.010 0.011 0.011 0.012 0.013 0.014 0.014 0.015 0.015 0.014 0.001 0.000 0.124 0.119 0.113 0.106 0.099 0.092 0.087 0.081 0.076 0.072 0.000 0.000 0.000 0.000 0.000 0.000 0.015 0.068 0.124 0.180 0.200 0.210 0.221 0.231 0.000 0.000 0.000 0.000 0.000 0.000 0.000 0.000 0.301 0.278 0.254 0.230 0.208 0.184 0.187 0.197 0.192 0.108 0.023 0.000 0.000 0.000 0.000 0.000 0.000 0.000 0.000 0.000
0.000 0.000 0.000 0.000 0.000 0.002 0.004 0.005 0.006 0.007 0.008 0.009 0.010 0.011 0.012 0.012 0.013 0.014 0.015 0.016 0.018 0.019 0.021 0.023 0.027 0.001 0.138 0.132 0.126 0.118 0.111 0.105 0.099 0.095 0.091 0.086 0.083 0.000 0.000 0.000 0.010 0.056 0.110 0.166 0.223 0.262 0.273 0.284 0.000 0.000 0.000 0.000 0.000 0.000 0.000 0.000 0.000 0.293 0.269 0.245 0.221 0.197 0.181 0.191 0.201 0.209 0.151 0.066 0.000 0.000 0.000 0.000 0.000 0.000 0.000 0.000 0.000
0.000 0.000 0.000 0.000 0.001 0.003 0.005 0.006 0.007 0.008 0.009 0.009 0.010 0.011 0.012 0.013 0.014 0.015 0.016 0.018 0.020 0.022 0.026 0.032 0.042 0.062 0.001 0.151 0.146 0.136 0.130 0.124 0.119 0.115 0.111 0.107 0.104 0.101 0.000 0.049 0.059 0.099 0.153 0.209 0.265 0.320 0.336 0.345 0.000 0.000 0.000 0.000 0.000 0.000 0.000 0.000 0.000 0.283 0.258 0.235 0.212 0.189 0.183 0.193 0.202 0.212 0.196 0.109 0.000 0.000 0.000 0.000 0.000 0.000 0.000 0.000 0.000
0.000 0.000 0.000 0.000 0.001 0.003 0.005 0.006 0.007 0.008 0.009 0.010 0.011 0.012 0.013 0.014 0.015 0.016 0.017 0.019 0.021 0.023 0.026 0.031 0.036 0.043 0.028 0.001 0.000 0.153 0.148 0.143 0.140 0.136 0.131 0.128 0.124 0.121 0.113 0.087 0.104 0.141 0.195 0.251 0.306 0.362 0.400 0.410 0.000 0.000 0.000 0.000 0.000 0.000 0.000 0.000 0.000 0.274 0.249 0.227 0.201 0.179 0.187 0.196 0.205 0.214 0.223 0.155 0.000 0.000 0.000 0.000 0.000 0.000 0.000 0.000 0.000
0.000 0.000 0.000 0.000 0.001 0.003 0.005 0.006 0.007 0.008 0.009 0.010 0.011 0.012 0.013 0.014 0.015 0.016 0.017 0.019 0.021 0.023 0.025 0.028 0.031 0.032 0.026 0.018 0.012 0.000 0.166 0.163 0.160 0.156 0.152 0.149 0.146 0.143 0.140 0.000 0.000 0.181 0.237 0.293 0.349 0.405 0.461 0.472 0.483 0.460 0.000 0.000 0.000 0.000 0.000 0.000 0.287 0.264 0.239 0.217 0.193 0.180 0.190 0.199 0.208 0.218 0.227 0.199 0.000 0.000 0.000 0.000 0.000 0.000 0.000 0.000 0.000
0.000 0.000 0.000 0.000 0.001 0.003 0.005 0.006 0.007 0.008 0.009 0.010 0.011 0.012 0.013 0.014 0.015 0.016 0.017 0.019 0.020 0.022 0.024 0.025 0.027 0.027 0.023 0.019 0.015 0.011 0.000 0.183 0.181 0.176 0.173 0.170 0.167 0.165 0.000 0.000 0.000 0.000 0.280 0.335 0.392 0.447 0.501 0.499 0.476 0.452 0.426 0.401 0.000 0.000 0.000 0.000 0.277 0.254 0.231 0.207 0.183 0.184 0.192 0.202 0.211 0.220 0.230 0.000 0.000 0.000 0.000 0.000 0.000 0.000 0.000 0.000 0.000
0.000 0.000 0.000 0.000 0.001 0.003 0.005 0.006 0.007 0.008 0.009 0.010 0.011 0.012 0.013 0.014 0.015 0.016 0.017 0.018 0.020 0.021 0.022 0.023 0.024 0.023 0.021 0.019 0.016 0.013 0.009 0.001 0.000 0.196 0.193 0.191 0.189 0.000 0.000 0.000 0.000 0.000 0.000 0.377 0.434 0.456 0.477 0.000 0.000 0.441 0.416 0.392 0.368 0.343 0.000 0.000 0.267 0.244 0.220 0.198 0.177 0.185 0.195 0.204 0.213 0.223 0.233 0.000 0.000 0.000 0.000 0.000 0.000 0.000 0.000 0.000 0.000
0.000 0.000 0.000 0.000 0.001 0.003 0.005 0.006 0.007 0.008 0.009 0.010 0.011 0.012 0.013 0.014 0.015 0.016 0.017 0.018 0.019 0.020 0.021 0.021 0.021 0.021 0.020 0.018 0.016 0.014 0.011 0.008 0.006 0.001 0.212 0.209 0.000 0.000 0.000 0.000 0.000 0.000 0.000 0.392 0.412 0.432 0.453 0.000 0.000 0.000 0.000 0.383 0.358 0.333 0.308 0.282 0.257 0.235 0.209 0.188 0.180 0.187 0.197 0.206 0.215 0.225 0.236 0.000 0.000 0.000 0.000 0.000 0.000 0.000 0.000 0.000 0.000
0.000 0.000 0.000 0.000 0.001 0.003 0.005 0.006 0.007 0.008 0.009 0.010 0.011 0.012 0.013 0.014 0.014 0.015 0.016 0.017 0.018 0.019 0.019 0.020 0.020 0.019 0.018 0.017 0.015 0.014 0.012 0.010 0.008 0.006 0.000 0.224 0.216 0.000 0.000 0.000 0.000 0.000 0.000 0.368 0.389 0.408 0.430 0.443 0.000 0.000 0.000 0.000 0.000 0.323 0.297 0.272 0.247 0.223 0.202 0.177 0.181 0.189 0.198 0.207 0.217 0.227 0.000 0.000 0.000 0.000 0.000 0.000 0.000 0.000 0.000 0.000 0.000
0.000 0.000 0.000 0.000 0.001 0.003 0.005 0.006 0.007 0.008 0.009 0.010 0.011 0.012 0.012 0.013 0.014 0.015 0.016 0.016 0.017 0.018 0.018 0.018 0.018 0.018 0.017 0.016 0.015 0.013 0.012 0.010 0.009 0.007 0.005 0.000 0.233 0.229 0.000 0.000 0.000 0.000 0.000 0.000 0.367 0.000 0.000 0.423 0.414 0.000 0.000 0.000 0.000 0.000 0.000 0.260 0.236 0.213 0.190 0.172 0.181 0.190 0.199 0.209 0.219 0.229 0.000 0.000 0.000 0.000 0.000 0.000 0.000 0.000 0.000 0.000 0.000
0.000 0.000 0.000 0.000 0.001 0.003 0.005 0.006 0.007 0.008 0.009 0.010 0.010 0.011 0.012 0.013 0.014 0.014 0.015 0.016 0.016 0.017 0.017 0.017 0.017 0.016 0.016 0.015 0.014 0.013 0.012 0.010 0.009 0.008 0.006 0.004 0.000 0.247 0.264 0.000 0.000 0.000 0.000 0.000 0.000 0.000 0.000 0.000 0.394 0.000 0.000 0.000 0.000 0.000 0.270 0.248 0.224 0.201 0.177 0.173 0.184 0.192 0.201 0.210 0.220 0.232 0.000 0.000 0.000 0.000 0.000 0.000 0.000 0.000 0.000 0.000 0.000
0.000 0.000 0.000 0.000 0.001 0.003 0.004 0.005 0.007 0.007 0.008 0.009 0.010 0.011 0.012 0.012 0.013 0.014 0.014 0.015 0.015 0.016 0.016 0.016 0.016 0.015 0.015 0.014 0.013 0.012 0.011 0.010 0.009 0.008 0.006 0.005 0.003 0.001 0.236 0.252 0.000 0.000 0.000 0.000 0.000 0.000 0.000 0.000 0.374 0.000 0.000 0.000 0.000 0.000 0.261 0.238 0.214 0.191 0.168 0.176 0.185 0.192 0.200 0.211 0.220 0.000 0.000 0.000 0.000 0.000 0.000 0.000 0.000 0.000 0.000 0.000 0.000
0.000 0.000 0.000 0.000 0.000 0.002 0.004 0.005 0.006 0.007 0.008 0.009 0.010 0.010 0.011 0.012 0.012 0.013 0.014 0.014 0.014 0.015 0.015 0.015 0.015 0.014 0.014 0.013 0.013 0.012 0.011 0.010 0.009 0.008 0.006 0.005 0.003 0.001 0.000 0.223 0.238 0.000 0.000 0.000 0.000 0.000 0.000 0.358 0.354 0.000 0.000 0.000 0.000 0.270 0.250 0.227 0.204 0.181 0.168 0.177 0.185 0.193 0.202 0.212 0.218 0.224 0.231 0.000 0.000 0.000 0.000 0.000 0.000 0.000 0.000 0.000 0.000
0.000 0.000 0.000 0.000 0.000 0.000 0.003 0.004 0.005 0.006 0.007 0.008 0.009 0.010 0.010 0.011 0.012 0.012 0.013 0.013 0.014 0.014 0.014 0.014 0.014 0.014 0.013 0.013 0.012 0.011 0.010 0.009 0.008 0.007 0.006 0.005 0.003 0.001 0.000 0.000 0.207 0.222 0.000 0.000 0.000 0.000 0.000 0.000 0.000 0.000 0.000 0.000 0.000 0.248 0.237 0.216 0.193 0.169 0.169 0.179 0.187 0.196 0.205 0.212 0.219 0.227 0.234 0.241 0.249 0.000 0.000 0.000 0.000 0.000 0.000 0.000 0.000
0.000 0.000 0.000 0.000 0.000 0.000 0.001 0.003 0.004 0.005 0.006 0.007 0.008 0.009 0.010 0.010 0.011 0.012 0.012 0.012 0.013 0.013 0.013 0.013 0.013 0.013 0.012 0.012 0.011 0.011 0.010 0.009 0.008 0.007 0.006 0.005 0.003 0.001 0.000 0.000 0.000 0.191 0.204 0.224 0.000 0.000 0.000 0.000 0.000 0.000 0.000 0.000 0.237 0.226 0.215 0.203 0.182 0.162 0.170 0.179 0.190 0.199 0.207 0.214 0.221 0.230 0.238 0.245 0.252 0.259 0.267 0.000 0.000 0.000 0.000 0.000 0.000
0.000 0.000 0.000 0.000 0.000 0.000 0.000 0.002 0.003 0.004 0.005 0.006 0.007 0.008 0.009 0.010 0.010 0.011 0.011 0.012 0.012 0.012 0.012 0.012 0.012 0.012 0.011 0.011 0.010 0.010 0.009 0.008 0.007 0.006 0.005 0.004 0.002 0.000 0.000 0.000 0.000 0.000 0.179 0.197 0.215 0.000 0.000 0.000 0.000 0.000 0.000 0.000 0.216 0.205 0.193 0.182 0.169 0.165 0.173 0.182 0.192 0.201 0.209 0.216 0.225 0.233 0.241 0.248 0.255 0.262 0.270 0.277 0.229 0.000 0.000 0.000 0.000
0.000 0.000 0.000 0.000 0.000 0.000 0.000 0.000 0.002 0.003 0.004 0.005 0.006 0.007 0.008 0.009 0.010 0.010 0.010 0.011 0.011 0.011 0.011 0.011 0.011 0.011 0.011 0.010 0.010 0.009 0.008 0.007 0.006 0.005 0.004 0.003 0.001 0.000 0.000 0.000 0.000 0.000 0.000 0.171 0.188 0.206 0.000 0.000 0.000 0.000 0.000 0.206 0.195 0.183 0.172 0.160 0.157 0.163 0.172 0.182 0.192 0.203 0.211 0.220 0.230 0.000 0.000 0.000 0.257 0.265 0.272 0.280 0.272 0.185 0.118 0.000 0.000
0.000 0.000 0.000 0.000 0.000 0.000 0.000 0.000 0.000 0.002 0.003 0.004 0.005 0.006 0.007 0.008 0.009 0.009 0.010 0.010 0.010 0.010 0.010 0.010 0.010 0.010 0.010 0.009 0.009 0.008 0.007 0.006 0.005 0.004 0.003 0.002 0.000 0.000 0.000 0.000 0.000 0.000 0.000 0.000 0.161 0.180 0.200 0.000 0.000 0.000 0.000 0.186 0.174 0.162 0.156 0.155 0.156 0.158 0.168 0.178 0.189 0.199 0.209 0.220 0.230 0.000 0.000 0.000 0.000 0.000 0.275 0.283 0.291 0.229 0.188 0.148 0.000
0.000 0.000 0.000 0.000 0.000 0.000 0.000 0.000 0.000 0.000 0.002 0.003 0.004 0.005 0.006 0.007 0.008 0.008 0.009 0.009 0.009 0.009 0.009 0.009 0.009 0.009 0.009 0.008 0.008 0.007 0.006 0.005 0.004 0.003 0.002 0.000 0.000 0.000 0.000 0.000 0.000 0.000 0.000 0.000 0.139 0.156 0.174 0.193 0.000 0.190 0.176 0.165 0.153 0.154 0.154 0.154 0.155 0.156 0.166 0.175 0.186 0.197 0.207 0.217 0.000 0.000 0.000 0.000 0.000 0.000 0.000 0.283 0.292 0.297 0.258 0.218 0.000
0.000 0.000 0.000 0.000 0.000 0.000 0.000 0.000 0.000 0.000 0.000 0.002 0.003 0.004 0.005 0.006 0.007 0.007 0.008 0.008 0.008 0.008 0.008 0.008 0.008 0.008 0.008 0.008 0.007 0.006 0.005 0.004 0.003 0.002 0.000 0.000 0.000 0.000 0.000 0.000 0.000 0.000 0.000 0.000 0.000 0.133 0.150 0.167 0.184 0.169 0.156 0.152 0.152 0.153 0.152 0.152 0.153 0.154 0.162 0.172 0.183 0.194 0.205 0.000 0.000 0.000 0.000 0.000 0.000 0.000 0.000 0.000 0.000 0.302 0.297 0.286 0.243
0.000 0.000 0.000 0.000 0.000 0.000 0.000 0.000 0.000 0.000 0.000 0.000 0.002 0.003 0.004 0.005 0.006 0.006 0.007 0.007 0.007 0.007 0.007 0.007 0.007 0.007 0.007 0.007 0.006 0.005 0.004 0.003 0.002 0.000 0.000 0.000 0.000 0.000 0.000 0.000 0.000 0.000 0.000 0.000 0.000 0.000 0.126 0.142 0.159 0.151 0.151 0.151 0.151 0.151 0.150 0.151 0.152 0.152 0.160 0.169 0.180 0.192 0.203 0.000 0.000 0.000 0.000 0.000 0.000 0.000 0.000 0.000 0.000 0.000 0.000 0.293 0.286
0.000 0.000 0.000 0.000 0.000 0.000 0.000 0.000 0.000 0.000 0.000 0.000 0.000 0.002 0.003 0.004 0.005 0.005 0.006 0.006 0.006 0.006 0.006 0.006 0.006 0.006 0.006 0.006 0.005 0.004 0.003 0.002 0.000 0.000 0.000 0.000 0.000 0.000 0.000 0.000 0.000 0.000 0.000 0.000 0.000 0.000 0.000 0.120 0.136 0.150 0.150 0.149 0.149 0.149 0.149 0.149 0.150 0.151 0.157 0.167 0.178 0.188 0.000 0.000 0.000 0.000 0.000 0.000 0.000 0.000 0.000 0.000 0.000 0.000 0.000 0.000 0.000
0.000 0.000 0.000 0.000 0.000 0.000 0.000 0.000 0.000 0.000 0.000 0.000 0.000 0.000 0.001 0.002 0.003 0.004 0.005 0.005 0.005 0.005 0.005 0.005 0.005 0.005 0.005 0.005 0.004 0.003 0.002 0.000 0.000 0.000 0.000 0.000 0.000 0.000 0.000 0.000 0.000 0.000 0.000 0.000 0.000 0.000 0.000 0.000 0.115 0.133 0.148 0.147 0.147 0.147 0.147 0.147 0.148 0.149 0.153 0.164 0.175 0.186 0.000 0.000 0.000 0.000 0.000 0.000 0.000 0.000 0.000 0.000 0.000 0.000 0.000 0.000 0.000
0.000 0.000 0.000 0.000 0.000 0.000 0.000 0.000 0.000 0.000 0.000 0.000 0.000 0.000 0.000 0.000 0.002 0.002 0.003 0.003 0.003 0.003 0.003 0.003 0.003 0.003 0.003 0.003 0.002 0.001 0.000 0.000 0.000 0.000 0.000 0.000 0.000 0.000 0.000 0.000 0.000 0.000 0.000 0.000 0.000 0.000 0.000 0.000 0.000 0.103 0.130 0.145 0.145 0.145 0.144 0.145 0.145 0.146 0.149 0.160 0.171 0.000 0.000 0.000 0.000 0.000 0.000 0.000 0.000 0.000 0.000 0.000 0.000 0.000 0.000 0.000 0.000
0.000 0.000 0.000 0.000 0.000 0.000 0.000 0.000 0.000 0.000 0.000 0.000 0.000 0.000 0.000 0.000 0.000 0.000 0.001 0.001 0.001 0.001 0.001 0.001 0.001 0.001 0.001 0.001 0.000 0.000 0.000 0.000 0.000 0.000 0.000 0.000 0.000 0.000 0.000 0.000 0.000 0.000 0.000 0.000 0.000 0.000 0.000 0.000 0.000 0.000 0.109 0.129 0.144 0.143 0.142 0.142 0.142 0.143 0.145 0.156 0.168 0.000 0.000 0.000 0.000 0.000 0.000 0.000 0.000 0.000 0.000 0.000 0.000 0.000 0.000 0.000 0.000
0.000 0.000 0.000 0.000 0.000 0.000 0.000 0.000 0.000 0.000 0.000 0.000 0.000 0.000 0.000 0.000 0.000 0.000 0.000 0.000 0.000 0.000 0.000 0.000 0.000 0.000 0.000 0.000 0.000 0.000 0.000 0.000 0.000 0.000 0.000 0.000 0.000 0.000 0.000 0.000 0.000 0.000 0.000 0.000 0.000 0.000 0.000 0.000 0.000 0.000 0.088 0.107 0.127 0.140 0.139 0.137 0.135 0.137 0.139 0.151 0.000 0.000 0.000 0.000 0.000 0.000 0.000 0.000 0.000 0.000 0.000 0.000 0.000 0.000 0.000 0.000 0.000
0.000 0.000 0.000 0.000 0.000 0.000 0.000 0.000 0.000 0.000 0.000 0.000 0.000 0.000 0.000 0.000 0.000 0.000 0.000 0.000 0.000 0.000 0.000 0.000 0.000 0.000 0.000 0.000 0.000 0.000 0.000 0.000 0.000 0.000 0.000 0.000 0.000 0.000 0.000 0.000 0.000 0.000 0.000 0.000 0.000 0.000 0.000 0.000 0.000 0.000 0.000 0.084 0.103 0.122 0.133 0.130 0.121 0.127 0.128 0.000 0.000 0.000 0.000 0.000 0.000 0.000 0.000 0.000 0.000 0.000 0.000 0.000 0.000 0.000 0.000 0.000 0.000
0.000 0.000 0.000 0.000 0.000 0.000 0.000 0.000 0.000 0.000 0.000 0.000 0.000 0.000 0.000 0.000 0.000 0.000 0.000 0.000 0.000 0.000 0.000 0.000 0.000 0.000 0.000 0.000 0.000 0.000 0.000 0.000 0.000 0.000 0.000 0.000 0.000 0.000 0.000 0.000 0.000 0.000 0.000 0.000 0.000 0.000 0.000 0.000 0.000 0.000 0.000 0.060 0.080 0.098 0.116 0.125 0.121 0.120 0.118 0.114 0.000 0.000 0.000 0.000 0.000 0.000 0.000 0.000 0.000 0.000 0.000 0.000 0.000 0.000 0.000 0.000 0.000
0.000 0.000 0.000 0.000 0.000 0.000 0.000 0.000 0.000 0.000 0.000 0.000 0.000 0.000 0.000 0.000 0.000 0.000 0.000 0.000 0.000 0.000 0.000 0.000 0.000 0.000 0.000 0.000 0.000 0.000 0.000 0.000 0.000 0.000 0.000 0.000 0.000 0.000 0.000 0.000 0.000 0.000 0.000 0.000 0.000 0.000 0.000 0.000 0.000 0.000 0.000 0.038 0.056 0.074 0.092 0.109 0.118 0.115 0.110 0.105 0.106 0.000 0.000 0.000 0.000 0.000 0.000 0.000 0.000 0.000 0.000 0.000 0.000 0.000 0.000 0.000 0.000
0.000 0.000 0.000 0.000 0.000 0.000 0.000 0.000 0.000 0.000 0.000 0.000 0.000 0.000 0.000 0.000 0.000 0.000 0.000 0.000 0.000 0.000 0.000 0.000 0.000 0.000 0.000 0.000 0.000 0.000 0.000 0.000 0.000 0.000 0.000 0.000 0.000 0.000 0.000 0.000 0.000 0.000 0.000 0.000 0.000 0.000 0.000 0.000 0.000 0.000 0.000 0.014 0.033 0.050 0.068 0.084 0.101 0.109 0.104 0.096 0.094 0.086 0.086 0.000 0.000 0.000 0.000 0.000 0.000 0.000 0.000 0.000 0.000 0.000 0.000 0.000 0.000
0.000 0.000 0.000 0.000 0.000 0.000 0.000 0.000 0.000 0.000 0.000 0.000 0.000 0.000 0.000 0.000 0.000 0.000 0.000 0.000 0.000 0.000 0.000 0.000 0.000 0.000 0.000 0.000 0.000 0.000 0.000 0.000 0.000 0.000 0.000 0.000 0.000 0.000 0.000 0.000 0.000 0.000 0.000 0.000 0.000 0.000 0.000 0.000 0.000 0.000 0.000 0.000 0.009 0.026 0.043 0.060 0.076 0.091 0.097 0.088 0.083 0.077 0.077 0.079 0.000 0.000 0.000 0.000 0.000 0.000 0.000 0.000 0.000 0.000 0.000 0.000 0.000
0.000 0.000 0.000 0.000 0.000 0.000 0.000 0.000 0.000 0.000 0.000 0.000 0.000 0.000 0.000 0.000 0.000 0.000 0.000 0.000 0.000 0.000 0.000 0.000 0.000 0.000 0.000 0.000 0.000 0.000 0.000 0.000 0.000 0.000 0.000 0.000 0.000 0.000 0.000 0.000 0.000 0.000 0.000 0.000 0.000 0.000 0.000 0.000 0.000 0.000 0.000 0.000 0.000 0.004 0.019 0.035 0.051 0.065 0.078 0.078 0.070 0.067 0.069 0.071 0.071 0.000 0.000 0.000 0.000 0.000 0.000 0.000 0.000 0.000 0.000 0.000 0.000
