数据/LID_GR_50y/LID_GR_res2/LID_GR_140-0001.wd
ncols         694
nrows         824
xllcorner     581104.939801
yllcorner     3495917.092414
cellsize      2.000000
NODATA_value  -9999.000000
[rows 714 to 747 of 824, columns 154 to 230 of 694]
0.000 0.000 0.000 0.000 0.000 0.000 0.000 0.002 0.003 0.004 0.005 0.006 0.007 0.008 0.009 0.009 0.009 0.009 0.009 0.008 0.001 0.001 0.087 0.084 0.081 0.077 0.072 0.066 0.060 0.054 0.049 0.044 0.000 0.000 0.000 0.000 0.000 0.000 0.000 0.000 0.000 0.000 0.000 0.023 0.047 0.057 0.068 0.079 0.089 0.000 0.000 0.000 0.000 0.000 0.000 0.000 0.000 0.000 0.187 0.198 0.208 0.209 0.186 0.165 0.175 0.090 0.015 0.000 0.000 0.000 0.000 0.000 0.000 0.000 0.000 0.000 0.000
0.000 0.000 0.000 0.000 0.000 0.000 0.002 0.003 0.004 0.005 0.006 0.007 0.008 0.009 0.010 0.010 0.011 0.011 0.011 0.011 0.011 0.010 0.000 0.103 0.100 0.096 0.091 0.086 0.079 0.073 0.067 0.061 0.054 0.050 0.000 0.000 0.000 0.000 0.000 0.000 0.000 0.000 0.013 0.066 0.109 0.120 0.130 0.140 0.151 0.000 0.000 0.000 0.000 0.000 0.000 0.000 0.000 0.000 0.250 0.246 0.223 0.198 0.176 0.168 0.177 0.132 0.047 0.000 0.000 0.000 0.000 0.000 0.000 0.000 0.000 0.000 0.000
0.000 0.000 0.000 0.000 0.000 0.001 0.003 0.004 0.005 0.006 0.007 0.008 0.009 0.010 0.011 0.011 0.012 0.013 0.013 0.014 0.015 0.015 0.014 0.001 0.001 0.116 0.111 0.105 0.098 0.092 0.085 0.079 0.073 0.068 0.064 0.000 0.000 0.000 0.000 0.000 0.000 0.003 0.054 0.108 0.164 0.182 0.193 0.203 0.213 0.000 0.000 0.000 0.000 0.000 0.000 0.000 0.000 0.283 0.260 0.235 0.213 0.189 0.166 0.170 0.179 0.176 0.089 0.007 0.000 0.000 0.000 0.000 0.000 0.000 0.000 0.000 0.000
0.000 0.000 0.000 0.000 0.000 0.002 0.004 0.005 0.006 0.007 0.008 0.009 0.010 0.011 0.011 0.012 0.013 0.014 0.015 0.016 0.017 0.019 0.020 0.022 0.026 0.001 0.130 0.124 0.118 0.110 0.104 0.098 0.092 0.088 0.083 0.079 0.076 0.000 0.000 0.000 0.003 0.042 0.096 0.151 0.206 0.246 0.256 0.267 0.000 0.000 0.000 0.000 0.000 0.000 0.000 0.000 0.000 0.274 0.251 0.226 0.204 0.180 0.163 0.173 0.182 0.191 0.134 0.048 0.000 0.000 0.000 0.000 0.000 0.000 0.000 0.000 0.000
0.000 0.000 0.000 0.000 0.001 0.003 0.005 0.006 0.007 0.008 0.009 0.009 0.010 0.011 0.012 0.013 0.014 0.015 0.016 0.017 0.019 0.021 0.025 0.031 0.041 0.060 0.001 0.143 0.138 0.129 0.122 0.116 0.112 0.108 0.104 0.100 0.097 0.094 0.000 0.041 0.048 0.084 0.138 0.193 0.249 0.304 0.320 0.330 0.000 0.000 0.000 0.000 0.000 0.000 0.000 0.000 0.000 0.265 0.242 0.218 0.194 0.170 0.166 0.175 0.185 0.194 0.178 0.092 0.000 0.000 0.000 0.000 0.000 0.000 0.000 0.000 0.000
0.000 0.000 0.000 0.000 0.001 0.003 0.005 0.006 0.007 0.008 0.009 0.010 0.011 0.012 0.012 0.013 0.014 0.015 0.017 0.018 0.020 0.022 0.026 0.030 0.035 0.041 0.027 0.001 0.001 0.145 0.140 0.135 0.132 0.128 0.124 0.121 0.117 0.114 0.106 0.080 0.093 0.126 0.179 0.235 0.291 0.347 0.383 0.393 0.000 0.000 0.000 0.000 0.000 0.000 0.000 0.000 0.000 0.256 0.232 0.208 0.185 0.161 0.169 0.178 0.187 0.197 0.206 0.137 0.000 0.000 0.000 0.000 0.000 0.000 0.000 0.000 0.000
0.000 0.000 0.000 0.000 0.001 0.003 0.005 0.006 0.007 0.008 0.009 0.010 0.011 0.012 0.013 0.014 0.015 0.016 0.017 0.018 0.020 0.022 0.024 0.027 0.030 0.031 0.025 0.018 0.012 0.000 0.158 0.155 0.152 0.148 0.144 0.141 0.138 0.136 0.133 0.000 0.000 0.165 0.221 0.277 0.332 0.389 0.445 0.457 0.467 0.444 0.000 0.000 0.000 0.000 0.000 0.000 0.270 0.246 0.223 0.199 0.175 0.163 0.172 0.181 0.190 0.200 0.209 0.181 0.000 0.000 0.000 0.000 0.000 0.000 0.000 0.000 0.000
0.000 0.000 0.000 0.000 0.001 0.003 0.005 0.006 0.007 0.008 0.009 0.010 0.011 0.012 0.013 0.014 0.015 0.016 0.017 0.018 0.020 0.021 0.023 0.025 0.026 0.026 0.023 0.019 0.015 0.010 0.001 0.175 0.173 0.169 0.165 0.162 0.160 0.158 0.000 0.000 0.000 0.000 0.263 0.319 0.375 0.431 0.485 0.483 0.458 0.434 0.410 0.386 0.000 0.000 0.000 0.000 0.261 0.237 0.213 0.189 0.166 0.166 0.175 0.183 0.193 0.203 0.212 0.000 0.000 0.000 0.000 0.000 0.000 0.000 0.000 0.000 0.000
0.000 0.000 0.000 0.000 0.001 0.003 0.005 0.006 0.007 0.008 0.009 0.010 0.011 0.012 0.013 0.014 0.015 0.016 0.017 0.018 0.019 0.020 0.021 0.022 0.023 0.023 0.021 0.018 0.016 0.013 0.009 0.000 0.000 0.188 0.185 0.183 0.181 0.000 0.000 0.000 0.000 0.000 0.000 0.362 0.418 0.440 0.462 0.000 0.000 0.425 0.400 0.376 0.352 0.328 0.000 0.000 0.251 0.228 0.203 0.180 0.159 0.169 0.178 0.186 0.196 0.205 0.215 0.000 0.000 0.000 0.000 0.000 0.000 0.000 0.000 0.000 0.000
0.000 0.000 0.000 0.000 0.001 0.003 0.005 0.006 0.007 0.008 0.009 0.010 0.011 0.012 0.013 0.014 0.014 0.015 0.016 0.017 0.018 0.019 0.020 0.021 0.021 0.020 0.019 0.017 0.015 0.013 0.011 0.008 0.006 0.001 0.204 0.201 0.000 0.000 0.000 0.000 0.000 0.000 0.000 0.374 0.396 0.417 0.439 0.000 0.000 0.000 0.000 0.367 0.343 0.317 0.291 0.266 0.241 0.218 0.193 0.171 0.162 0.171 0.180 0.188 0.198 0.208 0.218 0.000 0.000 0.000 0.000 0.000 0.000 0.000 0.000 0.000 0.000
0.000 0.000 0.000 0.000 0.001 0.003 0.005 0.006 0.007 0.008 0.009 0.010 0.011 0.012 0.013 0.013 0.014 0.015 0.016 0.017 0.017 0.018 0.019 0.019 0.019 0.019 0.018 0.016 0.015 0.013 0.012 0.010 0.008 0.006 0.000 0.216 0.209 0.000 0.000 0.000 0.000 0.000 0.000 0.351 0.372 0.393 0.414 0.427 0.000 0.000 0.000 0.000 0.000 0.307 0.282 0.256 0.231 0.207 0.185 0.160 0.164 0.173 0.182 0.191 0.200 0.209 0.000 0.000 0.000 0.000 0.000 0.000 0.000 0.000 0.000 0.000 0.000
0.000 0.000 0.000 0.000 0.001 0.003 0.005 0.006 0.007 0.008 0.009 0.010 0.011 0.012 0.012 0.013 0.014 0.014 0.015 0.016 0.016 0.017 0.017 0.018 0.018 0.017 0.016 0.015 0.014 0.013 0.012 0.010 0.009 0.007 0.005 0.000 0.225 0.221 0.000 0.000 0.000 0.000 0.000 0.000 0.349 0.000 0.000 0.407 0.396 0.000 0.000 0.000 0.000 0.000 0.000 0.244 0.220 0.196 0.173 0.156 0.165 0.174 0.184 0.193 0.202 0.212 0.000 0.000 0.000 0.000 0.000 0.000 0.000 0.000 0.000 0.000 0.000
0.000 0.000 0.000 0.000 0.001 0.003 0.005 0.006 0.007 0.008 0.009 0.010 0.010 0.011 0.012 0.013 0.013 0.014 0.015 0.015 0.016 0.016 0.016 0.017 0.016 0.016 0.015 0.015 0.014 0.013 0.011 0.010 0.009 0.008 0.006 0.004 0.000 0.239 0.256 0.000 0.000 0.000 0.000 0.000 0.000 0.000 0.000 0.000 0.376 0.000 0.000 0.000 0.000 0.000 0.255 0.231 0.208 0.185 0.161 0.158 0.167 0.175 0.185 0.195 0.204 0.214 0.000 0.000 0.000 0.000 0.000 0.000 0.000 0.000 0.000 0.000 0.000
0.000 0.000 0.000 0.000 0.001 0.003 0.005 0.006 0.007 0.008 0.008 0.009 0.010 0.011 0.012 0.012 0.013 0.013 0.014 0.014 0.015 0.015 0.015 0.015 0.015 0.015 0.015 0.014 0.013 0.012 0.011 0.010 0.009 0.008 0.006 0.005 0.003 0.001 0.228 0.244 0.000 0.000 0.000 0.000 0.000 0.000 0.000 0.000 0.356 0.000 0.000 0.000 0.000 0.000 0.246 0.221 0.198 0.174 0.151 0.159 0.167 0.176 0.186 0.195 0.203 0.000 0.000 0.000 0.000 0.000 0.000 0.000 0.000 0.000 0.000 0.000 0.000
0.000 0.000 0.000 0.000 0.000 0.002 0.004 0.005 0.006 0.007 0.008 0.009 0.010 0.010 0.011 0.012 0.012 0.013 0.013 0.014 0.014 0.014 0.015 0.015 0.014 0.014 0.014 0.013 0.012 0.012 0.011 0.010 0.009 0.008 0.006 0.005 0.003 0.001 0.000 0.215 0.230 0.000 0.000 0.000 0.000 0.000 0.000 0.341 0.335 0.000 0.000 0.000 0.000 0.254 0.235 0.211 0.187 0.164 0.152 0.161 0.169 0.179 0.187 0.195 0.202 0.209 0.217 0.000 0.000 0.000 0.000 0.000 0.000 0.000 0.000 0.000 0.000
0.000 0.000 0.000 0.000 0.000 0.001 0.003 0.004 0.005 0.006 0.007 0.008 0.009 0.010 0.010 0.011 0.012 0.012 0.013 0.013 0.013 0.014 0.014 0.014 0.014 0.013 0.013 0.012 0.012 0.011 0.010 0.009 0.008 0.007 0.006 0.005 0.003 0.001 0.000 0.000 0.199 0.214 0.000 0.000 0.000 0.000 0.000 0.000 0.000 0.000 0.000 0.000 0.000 0.233 0.221 0.201 0.177 0.154 0.154 0.163 0.172 0.180 0.188 0.196 0.204 0.212 0.219 0.226 0.234 0.000 0.000 0.000 0.000 0.000 0.000 0.000 0.000
0.000 0.000 0.000 0.000 0.000 0.000 0.002 0.003 0.004 0.005 0.006 0.007 0.008 0.009 0.010 0.010 0.011 0.012 0.012 0.012 0.013 0.013 0.013 0.013 0.013 0.012 0.012 0.012 0.011 0.010 0.010 0.009 0.008 0.007 0.006 0.005 0.003 0.001 0.000 0.000 0.000 0.183 0.195 0.214 0.000 0.000 0.000 0.000 0.000 0.000 0.000 0.000 0.222 0.211 0.199 0.188 0.166 0.147 0.155 0.165 0.173 0.182 0.191 0.199 0.207 0.215 0.223 0.230 0.237 0.244 0.253 0.000 0.000 0.000 0.000 0.000 0.000
0.000 0.000 0.000 0.000 0.000 0.000 0.000 0.002 0.003 0.004 0.005 0.006 0.007 0.008 0.009 0.010 0.010 0.011 0.011 0.012 0.012 0.012 0.012 0.012 0.012 0.012 0.011 0.011 0.010 0.010 0.009 0.008 0.007 0.006 0.005 0.004 0.002 0.000 0.000 0.000 0.000 0.000 0.169 0.187 0.206 0.000 0.000 0.000 0.000 0.000 0.000 0.000 0.202 0.189 0.178 0.165 0.154 0.149 0.157 0.167 0.175 0.185 0.194 0.202 0.211 0.218 0.225 0.233 0.240 0.248 0.256 0.264 0.214 0.000 0.000 0.000 0.000
0.000 0.000 0.000 0.000 0.000 0.000 0.000 0.000 0.002 0.003 0.004 0.005 0.006 0.007 0.008 0.009 0.010 0.010 0.010 0.011 0.011 0.011 0.011 0.011 0.011 0.011 0.011 0.010 0.010 0.009 0.008 0.007 0.006 0.005 0.004 0.003 0.001 0.000 0.000 0.000 0.000 0.000 0.000 0.162 0.179 0.197 0.000 0.000 0.000 0.000 0.000 0.191 0.180 0.168 0.157 0.144 0.143 0.147 0.157 0.167 0.177 0.187 0.197 0.206 0.215 0.000 0.000 0.000 0.242 0.250 0.258 0.267 0.258 0.171 0.103 0.000 0.000
0.000 0.000 0.000 0.000 0.000 0.000 0.000 0.000 0.000 0.002 0.003 0.004 0.005 0.006 0.007 0.008 0.009 0.009 0.010 0.010 0.010 0.010 0.010 0.010 0.010 0.010 0.010 0.009 0.009 0.008 0.007 0.006 0.005 0.004 0.003 0.002 0.000 0.000 0.000 0.000 0.000 0.000 0.000 0.000 0.151 0.170 0.189 0.000 0.000 0.000 0.000 0.172 0.160 0.148 0.141 0.141 0.142 0.145 0.155 0.164 0.174 0.185 0.195 0.205 0.215 0.000 0.000 0.000 0.000 0.000 0.261 0.269 0.277 0.215 0.173 0.134 0.000
0.000 0.000 0.000 0.000 0.000 0.000 0.000 0.000 0.000 0.000 0.002 0.003 0.004 0.005 0.006 0.007 0.008 0.008 0.009 0.009 0.009 0.009 0.009 0.009 0.009 0.009 0.009 0.008 0.008 0.007 0.006 0.005 0.004 0.003 0.002 0.000 0.000 0.000 0.000 0.000 0.000 0.000 0.000 0.000 0.129 0.146 0.163 0.181 0.000 0.175 0.163 0.151 0.140 0.139 0.139 0.140 0.140 0.141 0.152 0.161 0.171 0.182 0.192 0.202 0.000 0.000 0.000 0.000 0.000 0.000 0.000 0.269 0.279 0.283 0.244 0.204 0.000
0.000 0.000 0.000 0.000 0.000 0.000 0.000 0.000 0.000 0.000 0.000 0.002 0.003 0.004 0.005 0.006 0.007 0.008 0.008 0.008 0.008 0.008 0.008 0.008 0.008 0.008 0.008 0.008 0.007 0.006 0.005 0.004 0.003 0.002 0.000 0.000 0.000 0.000 0.000 0.000 0.000 0.000 0.000 0.000 0.000 0.122 0.138 0.154 0.171 0.156 0.143 0.138 0.138 0.138 0.138 0.138 0.139 0.139 0.148 0.158 0.168 0.179 0.189 0.000 0.000 0.000 0.000 0.000 0.000 0.000 0.000 0.000 0.000 0.288 0.283 0.272 0.230
0.000 0.000 0.000 0.000 0.000 0.000 0.000 0.000 0.000 0.000 0.000 0.000 0.002 0.003 0.004 0.005 0.006 0.007 0.007 0.007 0.007 0.007 0.007 0.007 0.007 0.007 0.007 0.007 0.006 0.005 0.004 0.003 0.002 0.000 0.000 0.000 0.000 0.000 0.000 0.000 0.000 0.000 0.000 0.000 0.000 0.000 0.114 0.130 0.146 0.138 0.138 0.137 0.137 0.137 0.137 0.137 0.138 0.138 0.145 0.156 0.166 0.177 0.188 0.000 0.000 0.000 0.000 0.000 0.000 0.000 0.000 0.000 0.000 0.000 0.000 0.279 0.273
0.000 0.000 0.000 0.000 0.000 0.000 0.000 0.000 0.000 0.000 0.000 0.000 0.000 0.002 0.003 0.004 0.005 0.006 0.006 0.006 0.006 0.006 0.006 0.006 0.006 0.006 0.006 0.006 0.005 0.004 0.003 0.002 0.000 0.000 0.000 0.000 0.000 0.000 0.000 0.000 0.000 0.000 0.000 0.000 0.000 0.000 0.000 0.107 0.124 0.137 0.137 0.136 0.135 0.135 0.135 0.136 0.136 0.136 0.142 0.153 0.164 0.175 0.000 0.000 0.000 0.000 0.000 0.000 0.000 0.000 0.000 0.000 0.000 0.000 0.000 0.000 0.000
0.000 0.000 0.000 0.000 0.000 0.000 0.000 0.000 0.000 0.000 0.000 0.000 0.000 0.000 0.002 0.003 0.004 0.005 0.005 0.005 0.005 0.005 0.005 0.005 0.005 0.005 0.005 0.005 0.004 0.003 0.002 0.000 0.000 0.000 0.000 0.000 0.000 0.000 0.000 0.000 0.000 0.000 0.000 0.000 0.000 0.000 0.000 0.000 0.101 0.119 0.134 0.133 0.133 0.133 0.133 0.134 0.134 0.134 0.138 0.149 0.161 0.172 0.000 0.000 0.000 0.000 0.000 0.000 0.000 0.000 0.000 0.000 0.000 0.000 0.000 0.000 0.000
0.000 0.000 0.000 0.000 0.000 0.000 0.000 0.000 0.000 0.000 0.000 0.000 0.000 0.000 0.000 0.001 0.002 0.003 0.003 0.003 0.003 0.003 0.003 0.003 0.003 0.003 0.003 0.003 0.002 0.001 0.000 0.000 0.000 0.000 0.000 0.000 0.000 0.000 0.000 0.000 0.000 0.000 0.000 0.000 0.000 0.000 0.000 0.000 0.000 0.087 0.116 0.132 0.132 0.132 0.131 0.131 0.131 0.132 0.134 0.146 0.157 0.000 0.000 0.000 0.000 0.000 0.000 0.000 0.000 0.000 0.000 0.000 0.000 0.000 0.000 0.000 0.000
0.000 0.000 0.000 0.000 0.000 0.000 0.000 0.000 0.000 0.000 0.000 0.000 0.000 0.000 0.000 0.000 0.000 0.001 0.001 0.001 0.001 0.001 0.001 0.001 0.001 0.001 0.001 0.001 0.000 0.000 0.000 0.000 0.000 0.000 0.000 0.000 0.000 0.000 0.000 0.000 0.000 0.000 0.000 0.000 0.000 0.000 0.000 0.000 0.000 0.000 0.094 0.115 0.130 0.129 0.128 0.128 0.128 0.128 0.131 0.142 0.155 0.000 0.000 0.000 0.000 0.000 0.000 0.000 0.000 0.000 0.000 0.000 0.000 0.000 0.000 0.000 0.000
0.000 0.000 0.000 0.000 0.000 0.000 0.000 0.000 0.000 0.000 0.000 0.000 0.000 0.000 0.000 0.000 0.000 0.000 0.000 0.000 0.000 0.000 0.000 0.000 0.000 0.000 0.000 0.000 0.000 0.000 0.000 0.000 0.000 0.000 0.000 0.000 0.000 0.000 0.000 0.000 0.000 0.000 0.000 0.000 0.000 0.000 0.000 0.000 0.000 0.000 0.074 0.093 0.113 0.126 0.124 0.123 0.121 0.122 0.125 0.138 0.000 0.000 0.000 0.000 0.000 0.000 0.000 0.000 0.000 0.000 0.000 0.000 0.000 0.000 0.000 0.000 0.000
0.000 0.000 0.000 0.000 0.000 0.000 0.000 0.000 0.000 0.000 0.000 0.000 0.000 0.000 0.000 0.000 0.000 0.000 0.000 0.000 0.000 0.000 0.000 0.000 0.000 0.000 0.000 0.000 0.000 0.000 0.000 0.000 0.000 0.000 0.000 0.000 0.000 0.000 0.000 0.000 0.000 0.000 0.000 0.000 0.000 0.000 0.000 0.000 0.000 0.000 0.000 0.070 0.089 0.109 0.120 0.116 0.107 0.112 0.114 0.000 0.000 0.000 0.000 0.000 0.000 0.000 0.000 0.000 0.000 0.000 0.000 0.000 0.000 0.000 0.000 0.000 0.000
0.000 0.000 0.000 0.000 0.000 0.000 0.000 0.000 0.000 0.000 0.000 0.000 0.000 0.000 0.000 0.000 0.000 0.000 0.000 0.000 0.000 0.000 0.000 0.000 0.000 0.000 0.000 0.000 0.000 0.000 0.000 0.000 0.000 0.000 0.000 0.000 0.000 0.000 0.000 0.000 0.000 0.000 0.000 0.000 0.000 0.000 0.000 0.000 0.000 0.000 0.000 0.048 0.067 0.085 0.102 0.111 0.107 0.106 0.104 0.101 0.000 0.000 0.000 0.000 0.000 0.000 0.000 0.000 0.000 0.000 0.000 0.000 0.000 0.000 0.000 0.000 0.000
0.000 0.000 0.000 0.000 0.000 0.000 0.000 0.000 0.000 0.000 0.000 0.000 0.000 0.000 0.000 0.000 0.000 0.000 0.000 0.000 0.000 0.000 0.000 0.000 0.000 0.000 0.000 0.000 0.000 0.000 0.000 0.000 0.000 0.000 0.000 0.000 0.000 0.000 0.000 0.000 0.000 0.000 0.000 0.000 0.000 0.000 0.000 0.000 0.000 0.000 0.000 0.025 0.043 0.061 0.078 0.095 0.105 0.101 0.098 0.093 0.094 0.000 0.000 0.000 0.000 0.000 0.000 0.000 0.000 0.000 0.000 0.000 0.000 0.000 0.000 0.000 0.000
0.000 0.000 0.000 0.000 0.000 0.000 0.000 0.000 0.000 0.000 0.000 0.000 0.000 0.000 0.000 0.000 0.000 0.000 0.000 0.000 0.000 0.000 0.000 0.000 0.000 0.000 0.000 0.000 0.000 0.000 0.000 0.000 0.000 0.000 0.000 0.000 0.000 0.000 0.000 0.000 0.000 0.000 0.000 0.000 0.000 0.000 0.000 0.000 0.000 0.000 0.000 0.004 0.019 0.037 0.054 0.071 0.088 0.097 0.092 0.084 0.083 0.076 0.077 0.000 0.000 0.000 0.000 0.000 0.000 0.000 0.000 0.000 0.000 0.000 0.000 0.000 0.000
0.000 0.000 0.000 0.000 0.000 0.000 0.000 0.000 0.000 0.000 0.000 0.000 0.000 0.000 0.000 0.000 0.000 0.000 0.000 0.000 0.000 0.000 0.000 0.000 0.000 0.000 0.000 0.000 0.000 0.000 0.000 0.000 0.000 0.000 0.000 0.000 0.000 0.000 0.000 0.000 0.000 0.000 0.000 0.000 0.000 0.000 0.000 0.000 0.000 0.000 0.000 0.000 0.002 0.013 0.030 0.047 0.064 0.079 0.086 0.077 0.073 0.068 0.068 0.071 0.000 0.000 0.000 0.000 0.000 0.000 0.000 0.000 0.000 0.000 0.000 0.000 0.000
0.000 0.000 0.000 0.000 0.000 0.000 0.000 0.000 0.000 0.000 0.000 0.000 0.000 0.000 0.000 0.000 0.000 0.000 0.000 0.000 0.000 0.000 0.000 0.000 0.000 0.000 0.000 0.000 0.000 0.000 0.000 0.000 0.000 0.000 0.000 0.000 0.000 0.000 0.000 0.000 0.000 0.000 0.000 0.000 0.000 0.000 0.000 0.000 0.000 0.000 0.000 0.000 0.000 0.001 0.008 0.023 0.039 0.054 0.067 0.069 0.061 0.058 0.061 0.063 0.064 0.000 0.000 0.000 0.000 0.000 0.000 0.000 0.000 0.000 0.000 0.000 0.000
