数据/LID_GR_50y/LID_GR_res2/LID_GR_139-0001.wd
ncols         694
nrows         824
xllcorner     581104.939801
yllcorner     3495917.092414
cellsize      2.000000
NODATA_value  -9999.000000
[rows 306 to 339 of 824, columns 462 to 538 of 694]
0.070 0.069 0.066 0.065 0.064 0.063 0.063 0.064 0.059 0.052 0.045 0.038 0.031 0.025 0.020 0.015 0.010 0.000 0.003 0.003 0.002 0.002 0.002 0.003 0.004 0.005 0.008 0.011 0.013 0.014 0.014 0.013 0.012 0.010 0.008 0.006 0.005 0.004 0.004 0.000 0.000 0.000 0.000 0.000 0.000 0.000 0.000 0.000 0.000 0.000 0.000 0.000 0.000 0.000 0.017 0.017 0.018 0.022 0.000 0.000 0.000 0.000 0.000 0.000 0.000 0.000 0.000 0.000 0.000 0.000 0.003 0.012 0.023 0.035 0.046 0.046 0.042
0.093 0.078 0.072 0.069 0.068 0.068 0.069 0.069 0.070 0.067 0.059 0.052 0.045 0.038 0.031 0.024 0.017 0.013 0.009 0.007 0.005 0.004 0.003 0.003 0.004 0.005 0.008 0.011 0.013 0.014 0.014 0.013 0.012 0.010 0.009 0.007 0.006 0.007 0.015 0.000 0.000 0.000 0.000 0.000 0.000 0.000 0.000 0.000 0.000 0.000 0.000 0.000 0.000 0.000 0.000 0.000 0.000 0.018 0.018 0.014 0.012 0.011 0.010 0.009 0.013 0.000 0.000 0.000 0.000 0.000 0.017 0.030 0.041 0.042 0.040 0.037 0.035
0.078 0.075 0.074 0.073 0.073 0.074 0.075 0.076 0.076 0.077 0.075 0.068 0.061 0.053 0.045 0.036 0.028 0.022 0.017 0.013 0.010 0.008 0.006 0.005 0.005 0.005 0.008 0.010 0.013 0.014 0.014 0.014 0.012 0.011 0.009 0.008 0.007 0.008 0.000 0.000 0.000 0.000 0.000 0.000 0.000 0.000 0.000 0.000 0.000 0.000 0.000 0.000 0.000 0.000 0.000 0.000 0.000 0.000 0.000 0.010 0.013 0.014 0.012 0.011 0.018 0.000 0.000 0.000 0.000 0.023 0.035 0.039 0.037 0.034 0.032 0.030 0.029
0.073 0.075 0.076 0.078 0.080 0.081 0.083 0.084 0.084 0.083 0.084 0.085 0.077 0.069 0.059 0.048 0.040 0.033 0.026 0.021 0.016 0.012 0.009 0.007 0.006 0.005 0.008 0.010 0.012 0.013 0.014 0.014 0.013 0.011 0.010 0.009 0.008 0.007 0.004 0.003 0.002 0.000 0.000 0.000 0.000 0.000 0.000 0.000 0.000 0.000 0.000 0.000 0.000 0.000 0.000 0.000 0.000 0.000 0.000 0.000 0.000 0.000 0.009 0.012 0.015 0.018 0.000 0.000 0.000 0.035 0.034 0.032 0.030 0.028 0.026 0.025 0.024
0.073 0.078 0.081 0.084 0.087 0.090 0.092 0.093 0.092 0.089 0.091 0.093 0.094 0.086 0.074 0.061 0.052 0.043 0.035 0.028 0.022 0.018 0.014 0.011 0.008 0.007 0.008 0.010 0.012 0.013 0.014 0.014 0.013 0.012 0.011 0.009 0.008 0.007 0.005 0.004 0.003 0.002 0.002 0.000 0.000 0.000 0.000 0.000 0.000 0.000 0.000 0.000 0.000 0.000 0.000 0.000 0.000 0.000 0.000 0.000 0.000 0.000 0.000 0.000 0.012 0.018 0.023 0.040 0.042 0.035 0.031 0.028 0.026 0.024 0.022 0.021 0.023
0.078 0.084 0.089 0.093 0.097 0.100 0.102 0.103 0.101 0.091 0.100 0.103 0.103 0.100 0.086 0.073 0.061 0.051 0.043 0.035 0.028 0.023 0.018 0.014 0.011 0.009 0.009 0.011 0.012 0.013 0.014 0.014 0.013 0.012 0.011 0.010 0.009 0.008 0.006 0.005 0.004 0.003 0.002 0.001 0.001 0.002 0.000 0.000 0.000 0.000 0.000 0.000 0.000 0.000 0.000 0.000 0.000 0.000 0.000 0.000 0.000 0.000 0.000 0.000 0.000 0.000 0.000 0.029 0.031 0.030 0.027 0.025 0.022 0.020 0.019 0.019 0.016
0.086 0.093 0.098 0.103 0.107 0.111 0.113 0.115 0.115 0.112 0.113 0.115 0.106 0.091 0.086 0.079 0.066 0.056 0.048 0.040 0.033 0.028 0.023 0.018 0.015 0.012 0.011 0.012 0.013 0.013 0.014 0.014 0.013 0.013 0.012 0.011 0.010 0.008 0.007 0.006 0.004 0.003 0.003 0.002 0.001 0.002 0.002 0.002 0.000 0.000 0.000 0.000 0.000 0.002 0.000 0.000 0.000 0.000 0.000 0.000 0.000 0.000 0.000 0.000 0.000 0.000 0.033 0.030 0.028 0.026 0.024 0.022 0.020 0.018 0.017 0.018 0.000
0.097 0.103 0.109 0.115 0.119 0.123 0.126 0.121 0.113 0.103 0.094 0.084 0.072 0.054 0.067 0.079 0.069 0.060 0.052 0.045 0.038 0.032 0.027 0.023 0.020 0.017 0.015 0.014 0.015 0.015 0.015 0.015 0.015 0.014 0.013 0.012 0.011 0.009 0.008 0.007 0.006 0.005 0.004 0.002 0.001 0.001 0.002 0.002 0.002 0.002 0.002 0.002 0.002 0.004 0.011 0.028 0.053 0.000 0.000 0.000 0.000 0.000 0.000 0.000 0.000 0.000 0.028 0.028 0.027 0.024 0.022 0.020 0.017 0.016 0.015 0.013 0.000
0.108 0.115 0.116 0.112 0.108 0.102 0.096 0.090 0.082 0.074 0.065 0.055 0.040 0.040 0.028 0.068 0.070 0.063 0.057 0.050 0.044 0.039 0.034 0.030 0.027 0.024 0.022 0.021 0.021 0.020 0.020 0.019 0.018 0.017 0.016 0.015 0.014 0.012 0.011 0.009 0.008 0.007 0.005 0.004 0.003 0.003 0.003 0.003 0.003 0.003 0.003 0.004 0.007 0.014 0.025 0.041 0.063 0.086 0.113 0.000 0.000 0.000 0.000 0.000 0.000 0.035 0.031 0.028 0.025 0.023 0.020 0.018 0.015 0.014 0.015 0.000 0.000
0.088 0.086 0.083 0.079 0.075 0.070 0.065 0.059 0.052 0.045 0.037 0.027 0.020 0.027 0.029 0.054 0.073 0.068 0.062 0.057 0.053 0.049 0.046 0.044 0.042 0.040 0.038 0.037 0.035 0.033 0.031 0.030 0.028 0.027 0.025 0.023 0.021 0.019 0.017 0.015 0.013 0.012 0.010 0.009 0.008 0.007 0.005 0.005 0.006 0.007 0.010 0.015 0.022 0.031 0.042 0.057 0.076 0.098 0.112 0.115 0.120 0.127 0.000 0.000 0.000 0.030 0.030 0.027 0.024 0.021 0.018 0.015 0.013 0.012 0.010 0.000 0.000
0.055 0.053 0.050 0.047 0.043 0.039 0.035 0.030 0.025 0.020 0.015 0.008 0.012 0.017 0.023 0.042 0.070 0.075 0.071 0.068 0.066 0.065 0.065 0.064 0.064 0.063 0.062 0.060 0.058 0.056 0.053 0.049 0.046 0.043 0.040 0.037 0.035 0.032 0.030 0.028 0.026 0.024 0.023 0.021 0.020 0.018 0.016 0.013 0.016 0.021 0.026 0.032 0.040 0.049 0.059 0.073 0.082 0.085 0.088 0.091 0.094 0.096 0.096 0.103 0.000 0.035 0.030 0.025 0.021 0.018 0.015 0.013 0.011 0.011 0.000 0.000 0.000
0.023 0.021 0.019 0.017 0.015 0.013 0.011 0.009 0.007 0.005 0.003 0.004 0.006 0.010 0.016 0.032 0.059 0.086 0.085 0.085 0.086 0.088 0.089 0.090 0.090 0.089 0.088 0.087 0.084 0.081 0.078 0.074 0.069 0.065 0.062 0.058 0.054 0.051 0.049 0.046 0.045 0.044 0.043 0.043 0.042 0.040 0.038 0.033 0.033 0.038 0.043 0.050 0.058 0.067 0.072 0.068 0.065 0.065 0.066 0.067 0.067 0.054 0.066 0.071 0.063 0.045 0.032 0.023 0.018 0.015 0.012 0.010 0.008 0.007 0.000 0.000 0.000
0.003 0.003 0.003 0.003 0.003 0.002 0.002 0.002 0.002 0.001 0.001 0.002 0.003 0.006 0.011 0.024 0.050 0.093 0.106 0.109 0.111 0.114 0.116 0.117 0.118 0.117 0.116 0.115 0.112 0.109 0.105 0.099 0.094 0.090 0.086 0.082 0.078 0.075 0.073 0.071 0.070 0.069 0.068 0.067 0.067 0.066 0.065 0.061 0.054 0.056 0.061 0.068 0.073 0.066 0.059 0.053 0.049 0.047 0.046 0.045 0.044 0.040 0.042 0.044 0.040 0.030 0.000 0.010 0.010 0.009 0.008 0.006 0.006 0.000 0.000 0.000 0.000
0.000 0.000 0.000 0.000 0.000 0.000 0.000 0.000 0.000 0.000 0.001 0.001 0.002 0.003 0.007 0.017 0.045 0.092 0.131 0.135 0.139 0.143 0.145 0.146 0.147 0.146 0.145 0.143 0.141 0.137 0.132 0.125 0.120 0.116 0.112 0.107 0.104 0.101 0.099 0.097 0.097 0.096 0.096 0.096 0.096 0.095 0.093 0.090 0.084 0.074 0.078 0.069 0.059 0.052 0.045 0.039 0.034 0.030 0.028 0.025 0.023 0.021 0.020 0.020 0.018 0.016 0.012 0.008 0.006 0.005 0.004 0.003 0.003 0.012 0.000 0.000 0.000
0.000 0.000 0.000 0.000 0.000 0.000 0.000 0.000 0.000 0.000 0.000 0.001 0.001 0.002 0.004 0.012 0.045 0.093 0.147 0.164 0.168 0.172 0.176 0.176 0.176 0.176 0.174 0.173 0.170 0.166 0.160 0.149 0.145 0.142 0.138 0.133 0.130 0.127 0.126 0.125 0.125 0.125 0.125 0.125 0.125 0.125 0.124 0.121 0.109 0.086 0.084 0.076 0.065 0.056 0.048 0.041 0.034 0.029 0.024 0.020 0.017 0.013 0.011 0.009 0.007 0.005 0.004 0.003 0.002 0.002 0.001 0.001 0.000 0.000 0.000 0.000 0.000
0.000 0.000 0.000 0.000 0.000 0.000 0.000 0.000 0.000 0.000 0.000 0.000 0.001 0.001 0.003 0.010 0.049 0.000 0.149 0.193 0.198 0.202 0.207 0.000 0.000 0.000 0.000 0.000 0.000 0.000 0.000 0.170 0.172 0.170 0.166 0.158 0.156 0.155 0.153 0.153 0.153 0.154 0.154 0.155 0.155 0.148 0.135 0.120 0.104 0.081 0.080 0.083 0.087 0.078 0.069 0.060 0.053 0.046 0.040 0.034 0.029 0.024 0.020 0.016 0.013 0.010 0.008 0.006 0.005 0.004 0.003 0.002 0.002 0.001 0.000 0.000 0.000
0.000 0.000 0.000 0.000 0.000 0.000 0.000 0.000 0.000 0.000 0.000 0.000 0.000 0.006 0.000 0.000 0.052 0.000 0.000 0.210 0.000 0.000 0.000 0.000 0.000 0.000 0.000 0.000 0.000 0.000 0.000 0.000 0.000 0.000 0.000 0.181 0.183 0.182 0.179 0.181 0.182 0.183 0.176 0.164 0.153 0.141 0.128 0.114 0.097 0.075 0.075 0.077 0.080 0.085 0.087 0.078 0.070 0.063 0.055 0.049 0.043 0.037 0.031 0.026 0.022 0.018 0.014 0.011 0.009 0.007 0.005 0.004 0.003 0.002 0.002 0.001 0.000
0.000 0.000 0.000 0.000 0.000 0.000 0.000 0.000 0.000 0.000 0.000 0.000 0.000 0.000 0.000 0.000 0.000 0.000 0.000 0.000 0.000 0.000 0.000 0.000 0.000 0.000 0.000 0.000 0.000 0.000 0.000 0.000 0.000 0.000 0.000 0.000 0.000 0.000 0.205 0.201 0.191 0.180 0.167 0.157 0.145 0.133 0.121 0.107 0.090 0.070 0.070 0.070 0.072 0.076 0.081 0.087 0.086 0.079 0.071 0.064 0.057 0.050 0.044 0.038 0.032 0.027 0.022 0.018 0.015 0.012 0.009 0.007 0.006 0.005 0.004 0.003 0.002
0.000 0.000 0.000 0.000 0.000 0.000 0.000 0.000 0.000 0.000 0.000 0.000 0.000 0.000 0.000 0.000 0.000 0.000 0.000 0.000 0.000 0.000 0.000 0.000 0.000 0.000 0.000 0.000 0.000 0.000 0.000 0.000 0.000 0.000 0.000 0.000 0.000 0.000 0.000 0.000 0.000 0.000 0.158 0.149 0.138 0.125 0.113 0.099 0.081 0.064 0.063 0.063 0.064 0.067 0.071 0.076 0.083 0.090 0.086 0.078 0.071 0.064 0.057 0.050 0.044 0.038 0.032 0.027 0.023 0.019 0.015 0.012 0.010 0.008 0.007 0.005 0.004
0.000 0.000 0.000 0.000 0.000 0.000 0.000 0.000 0.000 0.000 0.000 0.000 0.000 0.000 0.000 0.000 0.000 0.000 0.000 0.000 0.000 0.000 0.000 0.000 0.000 0.000 0.000 0.000 0.000 0.000 0.000 0.000 0.000 0.000 0.000 0.000 0.000 0.000 0.000 0.000 0.000 0.000 0.000 0.000 0.000 0.114 0.104 0.091 0.070 0.056 0.055 0.054 0.056 0.058 0.061 0.066 0.072 0.078 0.085 0.092 0.086 0.078 0.070 0.063 0.056 0.049 0.043 0.038 0.032 0.028 0.024 0.020 0.017 0.014 0.012 0.010 0.008
0.000 0.000 0.000 0.000 0.000 0.000 0.000 0.000 0.000 0.000 0.000 0.000 0.000 0.000 0.000 0.000 0.000 0.000 0.000 0.000 0.000 0.000 0.000 0.000 0.000 0.000 0.000 0.000 0.000 0.000 0.000 0.000 0.000 0.000 0.000 0.000 0.000 0.000 0.000 0.000 0.000 0.000 0.000 0.000 0.000 0.000 0.000 0.000 0.053 0.046 0.044 0.044 0.046 0.049 0.052 0.056 0.061 0.067 0.074 0.080 0.087 0.091 0.084 0.076 0.069 0.062 0.055 0.050 0.044 0.039 0.035 0.032 0.028 0.025 0.022 0.019 0.016
0.000 0.000 0.000 0.000 0.000 0.000 0.000 0.000 0.000 0.000 0.000 0.000 0.000 0.000 0.000 0.000 0.000 0.000 0.000 0.000 0.000 0.000 0.000 0.000 0.000 0.000 0.000 0.000 0.000 0.000 0.000 0.000 0.000 0.000 0.000 0.000 0.000 0.000 0.000 0.000 0.000 0.000 0.000 0.000 0.000 0.000 0.000 0.000 0.000 0.000 0.027 0.034 0.038 0.041 0.041 0.046 0.051 0.057 0.062 0.068 0.074 0.081 0.088 0.089 0.082 0.075 0.069 0.063 0.059 0.055 0.051 0.048 0.044 0.041 0.037 0.033 0.029
0.000 0.000 0.000 0.000 0.000 0.000 0.000 0.000 0.000 0.000 0.000 0.000 0.000 0.000 0.000 0.000 0.000 0.000 0.000 0.000 0.000 0.000 0.000 0.000 0.000 0.000 0.000 0.000 0.000 0.000 0.000 0.000 0.000 0.000 0.000 0.000 0.000 0.000 0.000 0.000 0.000 0.000 0.000 0.000 0.000 0.000 0.000 0.000 0.000 0.000 0.000 0.000 0.000 0.000 0.027 0.036 0.042 0.048 0.050 0.055 0.061 0.068 0.075 0.083 0.090 0.089 0.084 0.079 0.076 0.073 0.071 0.068 0.065 0.061 0.056 0.050 0.044
0.000 0.000 0.000 0.000 0.000 0.000 0.000 0.000 0.000 0.000 0.000 0.000 0.000 0.000 0.000 0.000 0.000 0.000 0.000 0.000 0.000 0.000 0.000 0.000 0.000 0.000 0.000 0.000 0.000 0.000 0.000 0.000 0.000 0.000 0.000 0.000 0.000 0.000 0.000 0.000 0.000 0.000 0.000 0.000 0.000 0.000 0.000 0.000 0.000 0.000 0.000 0.000 0.000 0.000 0.000 0.000 0.000 0.000 0.035 0.041 0.048 0.055 0.062 0.069 0.077 0.087 0.097 0.097 0.096 0.095 0.094 0.091 0.088 0.083 0.076 0.069 0.061
0.000 0.000 0.000 0.000 0.000 0.000 0.000 0.000 0.000 0.000 0.000 0.000 0.000 0.000 0.000 0.000 0.000 0.000 0.000 0.000 0.000 0.000 0.000 0.000 0.000 0.000 0.000 0.000 0.000 0.000 0.000 0.000 0.000 0.000 0.000 0.000 0.000 0.000 0.000 0.000 0.000 0.000 0.000 0.000 0.000 0.000 0.000 0.000 0.000 0.000 0.000 0.000 0.000 0.000 0.000 0.000 0.000 0.000 0.000 0.025 0.034 0.041 0.049 0.056 0.065 0.074 0.087 0.102 0.119 0.120 0.119 0.116 0.112 0.106 0.096 0.086 0.077
0.000 0.000 0.000 0.000 0.000 0.000 0.000 0.000 0.000 0.000 0.000 0.000 0.000 0.000 0.000 0.000 0.000 0.000 0.000 0.000 0.000 0.000 0.000 0.000 0.000 0.000 0.000 0.000 0.000 0.000 0.000 0.000 0.000 0.000 0.000 0.000 0.000 0.000 0.000 0.000 0.000 0.000 0.000 0.000 0.000 0.000 0.000 0.000 0.000 0.000 0.000 0.000 0.000 0.000 0.000 0.000 0.000 0.000 0.000 0.014 0.022 0.029 0.036 0.044 0.052 0.063 0.077 0.095 0.115 0.136 0.145 0.143 0.138 0.130 0.112 0.102 0.091
0.000 0.000 0.000 0.000 0.000 0.000 0.000 0.000 0.000 0.000 0.000 0.000 0.000 0.000 0.000 0.000 0.000 0.000 0.000 0.000 0.000 0.000 0.000 0.000 0.000 0.000 0.000 0.000 0.000 0.000 0.000 0.000 0.000 0.000 0.000 0.000 0.000 0.000 0.000 0.000 0.000 0.000 0.000 0.000 0.000 0.000 0.000 0.000 0.000 0.000 0.000 0.000 0.000 0.000 0.000 0.000 0.000 0.000 0.000 0.006 0.012 0.018 0.024 0.032 0.040 0.052 0.068 0.089 0.112 0.135 0.000 0.000 0.000 0.000 0.121 0.119 0.101
0.000 0.000 0.000 0.000 0.000 0.000 0.000 0.000 0.000 0.000 0.000 0.000 0.000 0.000 0.000 0.000 0.000 0.000 0.000 0.000 0.000 0.000 0.000 0.000 0.000 0.000 0.000 0.000 0.000 0.000 0.000 0.000 0.000 0.000 0.000 0.000 0.000 0.000 0.000 0.000 0.000 0.000 0.000 0.000 0.000 0.000 0.000 0.000 0.000 0.000 0.000 0.000 0.000 0.000 0.000 0.000 0.000 0.000 0.000 0.001 0.003 0.007 0.013 0.020 0.029 0.042 0.061 0.085 0.109 0.000 0.000 0.000 0.000 0.000 0.000 0.000 0.103
0.000 0.000 0.000 0.000 0.000 0.000 0.000 0.000 0.000 0.000 0.000 0.000 0.000 0.000 0.000 0.000 0.000 0.000 0.000 0.000 0.000 0.000 0.000 0.000 0.000 0.000 0.000 0.000 0.000 0.000 0.000 0.000 0.000 0.000 0.000 0.000 0.000 0.000 0.000 0.000 0.000 0.000 0.000 0.000 0.000 0.000 0.000 0.000 0.000 0.000 0.000 0.000 0.000 0.000 0.000 0.000 0.000 0.000 0.000 0.000 0.001 0.001 0.004 0.009 0.018 0.033 0.055 0.081 0.000 0.000 0.000 0.000 0.000 0.000 0.000 0.000 0.000
0.000 0.000 0.000 0.000 0.000 0.000 0.000 0.000 0.000 0.000 0.000 0.000 0.000 0.000 0.000 0.000 0.000 0.000 0.000 0.000 0.000 0.000 0.000 0.000 0.000 0.000 0.000 0.000 0.000 0.000 0.000 0.000 0.000 0.000 0.000 0.000 0.000 0.000 0.000 0.000 0.000 0.000 0.000 0.000 0.000 0.000 0.000 0.000 0.000 0.000 0.000 0.000 0.000 0.000 0.000 0.000 0.000 0.000 0.000 0.000 0.000 0.000 0.001 0.003 0.010 0.025 0.049 0.077 0.000 0.000 0.000 0.000 0.000 0.000 0.000 0.000 0.000
0.000 0.000 0.000 0.000 0.000 0.000 0.000 0.000 0.000 0.000 0.000 0.000 0.000 0.000 0.000 0.000 0.000 0.000 0.000 0.000 0.000 0.000 0.000 0.000 0.000 0.000 0.000 0.000 0.000 0.000 0.000 0.000 0.000 0.000 0.000 0.000 0.000 0.000 0.000 0.000 0.000 0.000 0.000 0.000 0.000 0.000 0.000 0.000 0.000 0.000 0.000 0.000 0.000 0.000 0.000 0.000 0.000 0.000 0.000 0.000 0.000 0.000 0.000 0.001 0.003 0.016 0.043 0.000 0.000 0.000 0.000 0.000 0.000 0.000 0.000 0.000 0.000
0.000 0.000 0.000 0.000 0.000 0.000 0.000 0.000 0.000 0.000 0.000 0.000 0.000 0.000 0.000 0.000 0.000 0.000 0.000 0.000 0.000 0.000 0.000 0.000 0.000 0.000 0.000 0.000 0.000 0.000 0.000 0.000 0.000 0.000 0.000 0.000 0.000 0.000 0.000 0.000 0.000 0.000 0.000 0.000 0.000 0.000 0.000 0.000 0.000 0.000 0.000 0.000 0.000 0.000 0.000 0.000 0.000 0.000 0.000 0.000 0.000 0.000 0.000 0.001 0.002 0.019 0.054 0.000 0.000 0.000 0.000 0.000 0.000 0.000 0.000 0.000 0.000
0.000 0.000 0.000 0.000 0.000 0.000 0.000 0.000 0.000 0.000 0.000 0.000 0.000 0.000 0.000 0.000 0.000 0.000 0.000 0.000 0.000 0.000 0.000 0.000 0.000 0.000 0.000 0.000 0.000 0.000 0.000 0.000 0.000 0.000 0.000 0.000 0.000 0.000 0.000 0.000 0.000 0.000 0.000 0.000 0.000 0.000 0.000 0.000 0.000 0.000 0.000 0.000 0.000 0.000 0.000 0.000 0.000 0.000 0.000 0.000 0.000 0.000 0.000 0.001 0.003 0.020 0.000 0.000 0.000 0.000 0.000 0.000 0.000 0.000 0.000 0.000 0.000
0.000 0.000 0.000 0.000 0.000 0.000 0.000 0.000 0.000 0.000 0.000 0.000 0.000 0.000 0.000 0.000 0.000 0.000 0.000 0.000 0.000 0.000 0.000 0.000 0.000 0.000 0.000 0.000 0.000 0.000 0.000 0.000 0.000 0.000 0.000 0.000 0.000 0.000 0.000 0.000 0.000 0.000 0.000 0.000 0.000 0.000 0.000 0.000 0.000 0.000 0.000 0.000 0.000 0.000 0.000 0.000 0.000 0.000 0.000 0.000 0.000 0.000 0.000 0.001 0.003 0.020 0.000 0.000 0.000 0.000 0.000 0.000 0.000 0.000 0.000 0.000 0.000
