数据/LID_GR_50y/LID_GR_res2/LID_GR_166-0001.wd
ncols         694
nrows         824
xllcorner     581104.939801
yllcorner     3495917.092414
cellsize      2.000000
NODATA_value  -9999.000000
[rows 714 to 747 of 824, columns 154 to 230 of 694]
0.000 0.000 0.000 0.000 0.000 0.000 0.000 0.002 0.003 0.004 0.005 0.006 0.007 0.008 0.008 0.009 0.009 0.009 0.009 0.007 0.000 0.001 0.062 0.060 0.058 0.054 0.049 0.044 0.039 0.033 0.028 0.024 0.000 0.000 0.000 0.000 0.000 0.000 0.000 0.000 0.000 0.000 0.000 0.001 0.001 0.002 0.004 0.012 0.021 0.000 0.000 0.000 0.000 0.000 0.000 0.000 0.000 0.000 0.112 0.123 0.134 0.133 0.112 0.092 0.101 0.019 0.001 0.000 0.000 0.000 0.000 0.000 0.000 0.000 0.000 0.000 0.000
0.000 0.000 0.000 0.000 0.000 0.000 0.002 0.003 0.004 0.005 0.006 0.007 0.008 0.009 0.009 0.010 0.010 0.011 0.011 0.011 0.010 0.009 0.001 0.079 0.077 0.074 0.069 0.064 0.058 0.052 0.046 0.040 0.035 0.031 0.000 0.000 0.000 0.000 0.000 0.000 0.000 0.000 0.001 0.003 0.036 0.047 0.058 0.069 0.080 0.000 0.000 0.000 0.000 0.000 0.000 0.000 0.000 0.000 0.175 0.171 0.148 0.124 0.101 0.093 0.103 0.057 0.001 0.000 0.000 0.000 0.000 0.000 0.000 0.000 0.000 0.000 0.000
0.000 0.000 0.000 0.000 0.000 0.001 0.003 0.004 0.005 0.006 0.007 0.008 0.009 0.009 0.010 0.011 0.011 0.012 0.012 0.013 0.013 0.014 0.013 0.001 0.001 0.094 0.089 0.083 0.077 0.070 0.064 0.058 0.052 0.048 0.044 0.000 0.000 0.000 0.000 0.000 0.000 0.001 0.002 0.037 0.093 0.111 0.121 0.132 0.143 0.000 0.000 0.000 0.000 0.000 0.000 0.000 0.000 0.208 0.185 0.161 0.138 0.115 0.091 0.095 0.104 0.101 0.016 0.001 0.000 0.000 0.000 0.000 0.000 0.000 0.000 0.000 0.000
0.000 0.000 0.000 0.000 0.000 0.002 0.004 0.005 0.006 0.007 0.008 0.009 0.009 0.010 0.011 0.011 0.012 0.013 0.014 0.015 0.016 0.017 0.018 0.020 0.023 0.001 0.109 0.103 0.096 0.089 0.082 0.076 0.071 0.066 0.062 0.058 0.056 0.000 0.000 0.000 0.001 0.002 0.024 0.079 0.135 0.174 0.184 0.194 0.000 0.000 0.000 0.000 0.000 0.000 0.000 0.000 0.000 0.200 0.177 0.153 0.129 0.106 0.089 0.098 0.107 0.116 0.059 0.001 0.000 0.000 0.000 0.000 0.000 0.000 0.000 0.000 0.000
0.000 0.000 0.000 0.000 0.001 0.003 0.005 0.006 0.007 0.008 0.008 0.009 0.010 0.011 0.011 0.012 0.013 0.014 0.015 0.016 0.017 0.019 0.022 0.027 0.036 0.053 0.001 0.121 0.115 0.106 0.100 0.094 0.089 0.085 0.082 0.079 0.076 0.073 0.000 0.022 0.019 0.026 0.065 0.121 0.177 0.233 0.248 0.258 0.000 0.000 0.000 0.000 0.000 0.000 0.000 0.000 0.000 0.192 0.167 0.144 0.120 0.097 0.092 0.102 0.111 0.119 0.103 0.018 0.000 0.000 0.000 0.000 0.000 0.000 0.000 0.000 0.000
0.000 0.000 0.000 0.000 0.001 0.003 0.005 0.006 0.007 0.008 0.009 0.010 0.010 0.011 0.012 0.013 0.013 0.014 0.015 0.017 0.018 0.020 0.023 0.026 0.031 0.036 0.024 0.000 0.001 0.121 0.117 0.113 0.109 0.105 0.102 0.099 0.096 0.093 0.085 0.061 0.062 0.066 0.107 0.163 0.219 0.275 0.311 0.321 0.000 0.000 0.000 0.000 0.000 0.000 0.000 0.000 0.000 0.182 0.158 0.135 0.111 0.088 0.094 0.104 0.114 0.123 0.131 0.062 0.000 0.000 0.000 0.000 0.000 0.000 0.000 0.000 0.000
0.000 0.000 0.000 0.000 0.001 0.003 0.005 0.006 0.007 0.008 0.009 0.010 0.011 0.011 0.012 0.013 0.014 0.015 0.016 0.017 0.018 0.020 0.022 0.024 0.027 0.028 0.022 0.016 0.011 0.001 0.135 0.132 0.129 0.125 0.122 0.119 0.117 0.115 0.112 0.000 0.000 0.095 0.150 0.206 0.262 0.317 0.373 0.385 0.396 0.373 0.000 0.000 0.000 0.000 0.000 0.000 0.197 0.173 0.150 0.127 0.102 0.089 0.098 0.108 0.118 0.126 0.135 0.107 0.000 0.000 0.000 0.000 0.000 0.000 0.000 0.000 0.000
0.000 0.000 0.000 0.000 0.001 0.003 0.005 0.006 0.007 0.008 0.009 0.010 0.011 0.011 0.012 0.013 0.014 0.015 0.016 0.017 0.018 0.019 0.021 0.022 0.023 0.023 0.020 0.017 0.014 0.009 0.001 0.151 0.150 0.145 0.142 0.140 0.138 0.136 0.000 0.000 0.000 0.000 0.193 0.248 0.304 0.359 0.414 0.410 0.388 0.365 0.342 0.318 0.000 0.000 0.000 0.000 0.188 0.165 0.140 0.117 0.093 0.092 0.101 0.112 0.121 0.130 0.138 0.000 0.000 0.000 0.000 0.000 0.000 0.000 0.000 0.000 0.000
0.000 0.000 0.000 0.000 0.001 0.003 0.005 0.006 0.007 0.008 0.009 0.010 0.011 0.011 0.012 0.013 0.014 0.015 0.016 0.017 0.018 0.019 0.020 0.020 0.021 0.020 0.019 0.017 0.014 0.012 0.008 0.000 0.000 0.166 0.162 0.161 0.159 0.000 0.000 0.000 0.000 0.000 0.000 0.290 0.346 0.369 0.390 0.000 0.000 0.356 0.333 0.309 0.285 0.261 0.000 0.000 0.179 0.156 0.132 0.107 0.085 0.095 0.105 0.115 0.124 0.133 0.142 0.000 0.000 0.000 0.000 0.000 0.000 0.000 0.000 0.000 0.000
0.000 0.000 0.000 0.000 0.001 0.003 0.005 0.006 0.007 0.008 0.009 0.010 0.011 0.011 0.012 0.013 0.014 0.014 0.015 0.016 0.017 0.018 0.018 0.019 0.019 0.019 0.017 0.016 0.014 0.012 0.010 0.008 0.005 0.000 0.182 0.179 0.000 0.000 0.000 0.000 0.000 0.000 0.000 0.303 0.325 0.345 0.367 0.000 0.000 0.000 0.000 0.300 0.276 0.250 0.224 0.197 0.172 0.146 0.120 0.096 0.088 0.098 0.108 0.118 0.128 0.136 0.145 0.000 0.000 0.000 0.000 0.000 0.000 0.000 0.000 0.000 0.000
0.000 0.000 0.000 0.000 0.001 0.003 0.005 0.006 0.007 0.008 0.009 0.010 0.011 0.011 0.012 0.013 0.013 0.014 0.015 0.015 0.016 0.017 0.017 0.018 0.018 0.017 0.016 0.015 0.014 0.012 0.011 0.009 0.007 0.005 0.001 0.194 0.186 0.000 0.000 0.000 0.000 0.000 0.000 0.280 0.302 0.323 0.345 0.358 0.000 0.000 0.000 0.000 0.000 0.240 0.215 0.187 0.161 0.137 0.106 0.086 0.091 0.100 0.111 0.121 0.129 0.138 0.000 0.000 0.000 0.000 0.000 0.000 0.000 0.000 0.000 0.000 0.000
0.000 0.000 0.000 0.000 0.001 0.003 0.005 0.006 0.007 0.008 0.009 0.010 0.010 0.011 0.012 0.012 0.013 0.014 0.014 0.015 0.015 0.016 0.016 0.016 0.016 0.016 0.015 0.014 0.013 0.012 0.011 0.010 0.008 0.007 0.005 0.000 0.201 0.198 0.000 0.000 0.000 0.000 0.000 0.000 0.278 0.000 0.000 0.338 0.325 0.000 0.000 0.000 0.000 0.000 0.000 0.175 0.151 0.127 0.103 0.084 0.093 0.104 0.114 0.123 0.131 0.141 0.000 0.000 0.000 0.000 0.000 0.000 0.000 0.000 0.000 0.000 0.000
0.000 0.000 0.000 0.000 0.001 0.003 0.005 0.006 0.007 0.008 0.009 0.009 0.010 0.011 0.011 0.012 0.013 0.013 0.014 0.014 0.015 0.015 0.015 0.015 0.015 0.015 0.014 0.014 0.013 0.012 0.011 0.010 0.009 0.007 0.006 0.004 0.000 0.215 0.232 0.000 0.000 0.000 0.000 0.000 0.000 0.000 0.000 0.000 0.304 0.000 0.000 0.000 0.000 0.000 0.186 0.164 0.141 0.117 0.093 0.087 0.097 0.107 0.116 0.125 0.134 0.144 0.000 0.000 0.000 0.000 0.000 0.000 0.000 0.000 0.000 0.000 0.000
0.000 0.000 0.000 0.000 0.001 0.003 0.005 0.006 0.007 0.008 0.008 0.009 0.010 0.010 0.011 0.012 0.012 0.013 0.013 0.014 0.014 0.014 0.014 0.015 0.014 0.014 0.014 0.013 0.012 0.012 0.011 0.010 0.009 0.008 0.006 0.005 0.003 0.001 0.204 0.220 0.000 0.000 0.000 0.000 0.000 0.000 0.000 0.000 0.284 0.000 0.000 0.000 0.000 0.000 0.177 0.153 0.130 0.107 0.083 0.090 0.100 0.109 0.117 0.126 0.135 0.000 0.000 0.000 0.000 0.000 0.000 0.000 0.000 0.000 0.000 0.000 0.000
0.000 0.000 0.000 0.000 0.000 0.002 0.004 0.005 0.006 0.007 0.008 0.009 0.009 0.010 0.011 0.011 0.012 0.012 0.013 0.013 0.013 0.014 0.014 0.014 0.014 0.013 0.013 0.012 0.012 0.011 0.010 0.010 0.009 0.008 0.006 0.005 0.003 0.001 0.000 0.191 0.206 0.000 0.000 0.000 0.000 0.000 0.000 0.269 0.265 0.000 0.000 0.000 0.000 0.188 0.168 0.144 0.120 0.097 0.084 0.094 0.102 0.110 0.120 0.128 0.137 0.144 0.152 0.000 0.000 0.000 0.000 0.000 0.000 0.000 0.000 0.000 0.000
0.000 0.000 0.000 0.000 0.000 0.001 0.003 0.004 0.005 0.006 0.007 0.008 0.009 0.010 0.010 0.011 0.011 0.012 0.012 0.012 0.013 0.013 0.013 0.013 0.013 0.013 0.012 0.012 0.011 0.011 0.010 0.009 0.008 0.007 0.006 0.005 0.003 0.001 0.000 0.000 0.176 0.189 0.000 0.000 0.000 0.000 0.000 0.000 0.000 0.000 0.000 0.000 0.000 0.168 0.155 0.134 0.110 0.087 0.087 0.095 0.103 0.112 0.121 0.130 0.139 0.147 0.155 0.164 0.172 0.000 0.000 0.000 0.000 0.000 0.000 0.000 0.000
0.000 0.000 0.000 0.000 0.000 0.000 0.002 0.003 0.004 0.005 0.006 0.007 0.008 0.009 0.010 0.010 0.011 0.011 0.011 0.012 0.012 0.012 0.012 0.012 0.012 0.012 0.012 0.011 0.011 0.010 0.009 0.009 0.008 0.007 0.006 0.005 0.003 0.001 0.000 0.000 0.000 0.157 0.167 0.186 0.000 0.000 0.000 0.000 0.000 0.000 0.000 0.000 0.157 0.147 0.135 0.124 0.101 0.080 0.089 0.098 0.107 0.116 0.123 0.133 0.142 0.151 0.159 0.167 0.175 0.182 0.190 0.000 0.000 0.000 0.000 0.000 0.000
0.000 0.000 0.000 0.000 0.000 0.000 0.000 0.002 0.003 0.004 0.005 0.006 0.007 0.008 0.009 0.010 0.010 0.010 0.011 0.011 0.011 0.011 0.012 0.012 0.011 0.011 0.011 0.011 0.010 0.010 0.009 0.008 0.007 0.006 0.005 0.004 0.002 0.000 0.000 0.000 0.000 0.000 0.141 0.158 0.176 0.000 0.000 0.000 0.000 0.000 0.000 0.000 0.139 0.127 0.113 0.103 0.090 0.084 0.093 0.102 0.110 0.119 0.127 0.137 0.146 0.153 0.161 0.170 0.177 0.185 0.192 0.201 0.153 0.000 0.000 0.000 0.000
0.000 0.000 0.000 0.000 0.000 0.000 0.000 0.000 0.002 0.003 0.004 0.005 0.006 0.007 0.008 0.009 0.009 0.010 0.010 0.010 0.011 0.011 0.011 0.011 0.011 0.011 0.010 0.010 0.009 0.009 0.008 0.007 0.006 0.005 0.004 0.003 0.001 0.000 0.000 0.000 0.000 0.000 0.000 0.132 0.148 0.165 0.000 0.000 0.000 0.000 0.000 0.134 0.121 0.108 0.097 0.083 0.080 0.084 0.093 0.102 0.111 0.121 0.131 0.141 0.151 0.000 0.000 0.000 0.179 0.187 0.196 0.204 0.197 0.110 0.043 0.000 0.000
0.000 0.000 0.000 0.000 0.000 0.000 0.000 0.000 0.000 0.002 0.003 0.004 0.005 0.006 0.007 0.008 0.009 0.009 0.009 0.010 0.010 0.010 0.010 0.010 0.010 0.010 0.010 0.009 0.009 0.008 0.007 0.006 0.005 0.004 0.003 0.002 0.000 0.000 0.000 0.000 0.000 0.000 0.000 0.000 0.120 0.137 0.155 0.000 0.000 0.000 0.000 0.115 0.102 0.088 0.081 0.081 0.080 0.082 0.091 0.100 0.109 0.119 0.130 0.142 0.151 0.000 0.000 0.000 0.000 0.000 0.198 0.207 0.216 0.154 0.113 0.074 0.000
0.000 0.000 0.000 0.000 0.000 0.000 0.000 0.000 0.000 0.000 0.002 0.003 0.004 0.005 0.006 0.007 0.008 0.008 0.009 0.009 0.009 0.009 0.009 0.009 0.009 0.009 0.009 0.008 0.008 0.007 0.006 0.005 0.004 0.003 0.002 0.000 0.000 0.000 0.000 0.000 0.000 0.000 0.000 0.000 0.096 0.111 0.127 0.143 0.000 0.123 0.110 0.096 0.082 0.081 0.081 0.080 0.080 0.080 0.090 0.099 0.109 0.119 0.130 0.141 0.000 0.000 0.000 0.000 0.000 0.000 0.000 0.208 0.217 0.222 0.183 0.144 0.000
0.000 0.000 0.000 0.000 0.000 0.000 0.000 0.000 0.000 0.000 0.000 0.002 0.003 0.004 0.005 0.006 0.007 0.008 0.008 0.008 0.008 0.008 0.008 0.008 0.008 0.008 0.008 0.008 0.007 0.006 0.005 0.004 0.003 0.002 0.000 0.000 0.000 0.000 0.000 0.000 0.000 0.000 0.000 0.000 0.000 0.086 0.100 0.113 0.125 0.106 0.090 0.083 0.081 0.080 0.079 0.079 0.079 0.079 0.088 0.097 0.107 0.117 0.127 0.000 0.000 0.000 0.000 0.000 0.000 0.000 0.000 0.000 0.000 0.228 0.223 0.213 0.172
0.000 0.000 0.000 0.000 0.000 0.000 0.000 0.000 0.000 0.000 0.000 0.000 0.002 0.003 0.004 0.005 0.006 0.007 0.007 0.007 0.007 0.007 0.007 0.007 0.007 0.007 0.007 0.007 0.006 0.005 0.004 0.003 0.002 0.000 0.000 0.000 0.000 0.000 0.000 0.000 0.000 0.000 0.000 0.000 0.000 0.000 0.074 0.087 0.100 0.089 0.086 0.083 0.081 0.079 0.078 0.078 0.078 0.078 0.084 0.095 0.104 0.114 0.124 0.000 0.000 0.000 0.000 0.000 0.000 0.000 0.000 0.000 0.000 0.000 0.000 0.221 0.216
0.000 0.000 0.000 0.000 0.000 0.000 0.000 0.000 0.000 0.000 0.000 0.000 0.000 0.002 0.003 0.004 0.005 0.006 0.006 0.006 0.006 0.006 0.006 0.006 0.006 0.006 0.006 0.006 0.005 0.004 0.003 0.002 0.000 0.000 0.000 0.000 0.000 0.000 0.000 0.000 0.000 0.000 0.000 0.000 0.000 0.000 0.000 0.062 0.076 0.088 0.085 0.083 0.081 0.080 0.078 0.078 0.077 0.077 0.082 0.092 0.102 0.112 0.000 0.000 0.000 0.000 0.000 0.000 0.000 0.000 0.000 0.000 0.000 0.000 0.000 0.000 0.000
0.000 0.000 0.000 0.000 0.000 0.000 0.000 0.000 0.000 0.000 0.000 0.000 0.000 0.000 0.002 0.003 0.004 0.005 0.005 0.005 0.005 0.005 0.005 0.005 0.005 0.005 0.005 0.005 0.004 0.003 0.002 0.000 0.000 0.000 0.000 0.000 0.000 0.000 0.000 0.000 0.000 0.000 0.000 0.000 0.000 0.000 0.000 0.000 0.053 0.071 0.084 0.082 0.081 0.079 0.078 0.077 0.076 0.076 0.080 0.090 0.100 0.110 0.000 0.000 0.000 0.000 0.000 0.000 0.000 0.000 0.000 0.000 0.000 0.000 0.000 0.000 0.000
0.000 0.000 0.000 0.000 0.000 0.000 0.000 0.000 0.000 0.000 0.000 0.000 0.000 0.000 0.000 0.001 0.002 0.003 0.003 0.003 0.003 0.003 0.003 0.003 0.003 0.003 0.003 0.003 0.002 0.001 0.000 0.000 0.000 0.000 0.000 0.000 0.000 0.000 0.000 0.000 0.000 0.000 0.000 0.000 0.000 0.000 0.000 0.000 0.000 0.048 0.067 0.081 0.079 0.078 0.076 0.075 0.074 0.074 0.076 0.087 0.097 0.000 0.000 0.000 0.000 0.000 0.000 0.000 0.000 0.000 0.000 0.000 0.000 0.000 0.000 0.000 0.000
0.000 0.000 0.000 0.000 0.000 0.000 0.000 0.000 0.000 0.000 0.000 0.000 0.000 0.000 0.000 0.000 0.000 0.001 0.001 0.001 0.001 0.001 0.001 0.001 0.001 0.001 0.001 0.001 0.000 0.000 0.000 0.000 0.000 0.000 0.000 0.000 0.000 0.000 0.000 0.000 0.000 0.000 0.000 0.000 0.000 0.000 0.000 0.000 0.000 0.000 0.045 0.064 0.077 0.075 0.073 0.072 0.071 0.071 0.072 0.083 0.095 0.000 0.000 0.000 0.000 0.000 0.000 0.000 0.000 0.000 0.000 0.000 0.000 0.000 0.000 0.000 0.000
0.000 0.000 0.000 0.000 0.000 0.000 0.000 0.000 0.000 0.000 0.000 0.000 0.000 0.000 0.000 0.000 0.000 0.000 0.000 0.000 0.000 0.000 0.000 0.000 0.000 0.000 0.000 0.000 0.000 0.000 0.000 0.000 0.000 0.000 0.000 0.000 0.000 0.000 0.000 0.000 0.000 0.000 0.000 0.000 0.000 0.000 0.000 0.000 0.000 0.000 0.023 0.042 0.061 0.073 0.070 0.067 0.062 0.064 0.067 0.079 0.000 0.000 0.000 0.000 0.000 0.000 0.000 0.000 0.000 0.000 0.000 0.000 0.000 0.000 0.000 0.000 0.000
0.000 0.000 0.000 0.000 0.000 0.000 0.000 0.000 0.000 0.000 0.000 0.000 0.000 0.000 0.000 0.000 0.000 0.000 0.000 0.000 0.000 0.000 0.000 0.000 0.000 0.000 0.000 0.000 0.000 0.000 0.000 0.000 0.000 0.000 0.000 0.000 0.000 0.000 0.000 0.000 0.000 0.000 0.000 0.000 0.000 0.000 0.000 0.000 0.000 0.000 0.000 0.020 0.038 0.055 0.065 0.058 0.035 0.053 0.057 0.000 0.000 0.000 0.000 0.000 0.000 0.000 0.000 0.000 0.000 0.000 0.000 0.000 0.000 0.000 0.000 0.000 0.000
0.000 0.000 0.000 0.000 0.000 0.000 0.000 0.000 0.000 0.000 0.000 0.000 0.000 0.000 0.000 0.000 0.000 0.000 0.000 0.000 0.000 0.000 0.000 0.000 0.000 0.000 0.000 0.000 0.000 0.000 0.000 0.000 0.000 0.000 0.000 0.000 0.000 0.000 0.000 0.000 0.000 0.000 0.000 0.000 0.000 0.000 0.000 0.000 0.000 0.000 0.000 0.002 0.014 0.031 0.047 0.054 0.048 0.048 0.048 0.048 0.000 0.000 0.000 0.000 0.000 0.000 0.000 0.000 0.000 0.000 0.000 0.000 0.000 0.000 0.000 0.000 0.000
0.000 0.000 0.000 0.000 0.000 0.000 0.000 0.000 0.000 0.000 0.000 0.000 0.000 0.000 0.000 0.000 0.000 0.000 0.000 0.000 0.000 0.000 0.000 0.000 0.000 0.000 0.000 0.000 0.000 0.000 0.000 0.000 0.000 0.000 0.000 0.000 0.000 0.000 0.000 0.000 0.000 0.000 0.000 0.000 0.000 0.000 0.000 0.000 0.000 0.000 0.000 0.001 0.001 0.007 0.022 0.037 0.047 0.046 0.044 0.042 0.046 0.000 0.000 0.000 0.000 0.000 0.000 0.000 0.000 0.000 0.000 0.000 0.000 0.000 0.000 0.000 0.000
0.000 0.000 0.000 0.000 0.000 0.000 0.000 0.000 0.000 0.000 0.000 0.000 0.000 0.000 0.000 0.000 0.000 0.000 0.000 0.000 0.000 0.000 0.000 0.000 0.000 0.000 0.000 0.000 0.000 0.000 0.000 0.000 0.000 0.000 0.000 0.000 0.000 0.000 0.000 0.000 0.000 0.000 0.000 0.000 0.000 0.000 0.000 0.000 0.000 0.000 0.000 0.001 0.001 0.001 0.002 0.014 0.033 0.044 0.041 0.037 0.039 0.036 0.038 0.000 0.000 0.000 0.000 0.000 0.000 0.000 0.000 0.000 0.000 0.000 0.000 0.000 0.000
0.000 0.000 0.000 0.000 0.000 0.000 0.000 0.000 0.000 0.000 0.000 0.000 0.000 0.000 0.000 0.000 0.000 0.000 0.000 0.000 0.000 0.000 0.000 0.000 0.000 0.000 0.000 0.000 0.000 0.000 0.000 0.000 0.000 0.000 0.000 0.000 0.000 0.000 0.000 0.000 0.000 0.000 0.000 0.000 0.000 0.000 0.000 0.000 0.000 0.000 0.000 0.000 0.001 0.001 0.001 0.002 0.011 0.029 0.038 0.033 0.032 0.030 0.032 0.036 0.000 0.000 0.000 0.000 0.000 0.000 0.000 0.000 0.000 0.000 0.000 0.000 0.000
0.000 0.000 0.000 0.000 0.000 0.000 0.000 0.000 0.000 0.000 0.000 0.000 0.000 0.000 0.000 0.000 0.000 0.000 0.000 0.000 0.000 0.000 0.000 0.000 0.000 0.000 0.000 0.000 0.000 0.000 0.000 0.000 0.000 0.000 0.000 0.000 0.000 0.000 0.000 0.000 0.000 0.000 0.000 0.000 0.000 0.000 0.000 0.000 0.000 0.000 0.000 0.000 0.000 0.001 0.001 0.001 0.001 0.007 0.022 0.028 0.024 0.024 0.028 0.031 0.033 0.000 0.000 0.000 0.000 0.000 0.000 0.000 0.000 0.000 0.000 0.000 0.000
