数据/LID_GR_50y/LID_GR_res2/LID_GR_197-0001.wd
ncols         694
nrows         824
xllcorner     581104.939801
yllcorner     3495917.092414
cellsize      2.000000
NODATA_value  -9999.000000
[rows 408 to 441 of 824, columns 385 to 461 of 694]
0.000 0.000 0.000 0.000 0.000 0.000 0.000 0.000 0.000 0.000 0.000 0.000 0.000 0.000 0.000 0.000 0.000 0.000 0.000 0.000 0.000 0.000 0.000 0.000 0.000 0.000 0.000 0.000 0.000 0.000 0.000 0.000 0.002 0.003 0.006 0.014 0.022 0.022 0.022 0.022 0.022 0.022 0.022 0.000 0.000 0.000 0.000 0.000 0.000 0.000 0.019 0.019 0.019 0.019 0.019 0.017 0.012 0.008 0.004 0.002 0.001 0.001 0.000 0.000 0.000 0.000 0.000 0.000 0.000 0.000 0.000 0.000 0.000 0.000 0.000 0.000 0.000
0.000 0.000 0.000 0.000 0.000 0.000 0.000 0.000 0.000 0.000 0.000 0.000 0.000 0.000 0.000 0.000 0.000 0.000 0.000 0.000 0.000 0.000 0.000 0.000 0.000 0.000 0.000 0.000 0.000 0.000 0.000 0.001 0.002 0.003 0.007 0.015 0.021 0.022 0.022 0.022 0.022 0.022 0.022 0.000 0.000 0.000 0.000 0.000 0.000 0.019 0.019 0.019 0.019 0.019 0.019 0.019 0.019 0.015 0.011 0.006 0.003 0.001 0.001 0.000 0.000 0.000 0.000 0.000 0.000 0.000 0.000 0.000 0.000 0.000 0.000 0.000 0.000
0.000 0.000 0.000 0.000 0.000 0.000 0.000 0.000 0.000 0.000 0.000 0.000 0.000 0.000 0.000 0.000 0.000 0.000 0.000 0.000 0.000 0.000 0.000 0.000 0.000 0.000 0.000 0.000 0.000 0.000 0.000 0.001 0.002 0.003 0.008 0.017 0.021 0.021 0.021 0.021 0.021 0.022 0.021 0.000 0.000 0.000 0.000 0.000 0.000 0.019 0.019 0.019 0.019 0.019 0.019 0.019 0.020 0.019 0.018 0.014 0.009 0.005 0.002 0.001 0.001 0.000 0.000 0.000 0.000 0.000 0.000 0.000 0.000 0.000 0.000 0.000 0.000
0.000 0.000 0.000 0.000 0.000 0.000 0.000 0.000 0.000 0.000 0.000 0.000 0.000 0.000 0.000 0.000 0.000 0.000 0.000 0.000 0.000 0.000 0.000 0.000 0.000 0.000 0.000 0.000 0.000 0.000 0.000 0.001 0.002 0.003 0.009 0.018 0.021 0.021 0.021 0.021 0.022 0.021 0.021 0.000 0.000 0.000 0.000 0.000 0.000 0.019 0.019 0.019 0.019 0.019 0.019 0.019 0.019 0.019 0.019 0.019 0.017 0.012 0.008 0.003 0.002 0.001 0.000 0.000 0.000 0.000 0.000 0.000 0.000 0.000 0.000 0.000 0.000
0.000 0.000 0.000 0.000 0.000 0.000 0.000 0.000 0.000 0.000 0.000 0.000 0.000 0.000 0.000 0.000 0.000 0.000 0.000 0.000 0.000 0.000 0.000 0.000 0.000 0.000 0.000 0.000 0.000 0.000 0.000 0.001 0.002 0.004 0.011 0.019 0.021 0.021 0.021 0.021 0.021 0.021 0.000 0.000 0.000 0.000 0.000 0.000 0.000 0.019 0.019 0.019 0.019 0.019 0.019 0.019 0.019 0.019 0.019 0.019 0.019 0.019 0.015 0.010 0.006 0.002 0.001 0.001 0.000 0.000 0.000 0.000 0.000 0.000 0.000 0.000 0.000
0.000 0.000 0.000 0.000 0.000 0.000 0.000 0.000 0.000 0.000 0.000 0.000 0.000 0.000 0.000 0.000 0.000 0.000 0.000 0.000 0.000 0.000 0.000 0.000 0.000 0.000 0.000 0.000 0.000 0.000 0.001 0.001 0.002 0.005 0.012 0.020 0.020 0.021 0.021 0.021 0.021 0.021 0.000 0.000 0.000 0.000 0.000 0.000 0.019 0.019 0.019 0.019 0.019 0.019 0.019 0.019 0.019 0.019 0.019 0.019 0.019 0.019 0.019 0.018 0.013 0.008 0.004 0.002 0.001 0.000 0.000 0.000 0.000 0.000 0.000 0.000 0.000
0.000 0.000 0.000 0.000 0.000 0.000 0.000 0.000 0.000 0.000 0.000 0.000 0.000 0.000 0.000 0.000 0.000 0.000 0.000 0.000 0.000 0.000 0.000 0.000 0.000 0.000 0.000 0.000 0.000 0.000 0.001 0.001 0.002 0.006 0.014 0.020 0.020 0.020 0.020 0.021 0.021 0.020 0.000 0.000 0.000 0.000 0.000 0.000 0.019 0.019 0.019 0.019 0.019 0.019 0.019 0.019 0.019 0.019 0.019 0.019 0.019 0.019 0.019 0.019 0.019 0.016 0.011 0.007 0.003 0.001 0.000 0.000 0.000 0.000 0.000 0.000 0.000
0.000 0.000 0.000 0.000 0.000 0.000 0.000 0.000 0.000 0.000 0.000 0.000 0.000 0.000 0.000 0.000 0.000 0.000 0.000 0.000 0.000 0.000 0.000 0.000 0.000 0.000 0.000 0.000 0.000 0.000 0.001 0.001 0.002 0.007 0.016 0.020 0.020 0.020 0.020 0.020 0.020 0.000 0.000 0.000 0.000 0.000 0.000 0.000 0.018 0.019 0.019 0.019 0.019 0.019 0.019 0.019 0.019 0.019 0.019 0.019 0.019 0.019 0.019 0.019 0.019 0.018 0.018 0.014 0.009 0.004 0.002 0.001 0.000 0.000 0.000 0.000 0.000
0.000 0.000 0.000 0.000 0.000 0.000 0.000 0.000 0.000 0.000 0.000 0.000 0.000 0.000 0.000 0.000 0.000 0.000 0.000 0.000 0.000 0.000 0.000 0.000 0.000 0.000 0.000 0.000 0.000 0.000 0.001 0.001 0.002 0.009 0.017 0.020 0.020 0.020 0.020 0.021 0.021 0.000 0.000 0.000 0.000 0.000 0.000 0.018 0.018 0.018 0.019 0.019 0.019 0.019 0.019 0.019 0.019 0.019 0.019 0.019 0.019 0.019 0.019 0.019 0.018 0.018 0.018 0.018 0.016 0.011 0.007 0.003 0.001 0.000 0.000 0.000 0.000
0.000 0.000 0.000 0.000 0.000 0.000 0.000 0.000 0.000 0.000 0.000 0.000 0.000 0.000 0.000 0.000 0.000 0.000 0.000 0.000 0.000 0.000 0.000 0.000 0.000 0.000 0.000 0.000 0.001 0.001 0.001 0.002 0.003 0.010 0.019 0.020 0.020 0.020 0.020 0.021 0.021 0.000 0.000 0.000 0.000 0.000 0.000 0.018 0.019 0.018 0.019 0.018 0.019 0.019 0.019 0.019 0.019 0.019 0.019 0.019 0.019 0.019 0.018 0.018 0.018 0.018 0.018 0.018 0.017 0.017 0.014 0.009 0.004 0.002 0.000 0.000 0.000
0.000 0.000 0.000 0.000 0.000 0.000 0.000 0.000 0.000 0.000 0.000 0.000 0.000 0.000 0.000 0.000 0.000 0.000 0.000 0.000 0.000 0.000 0.000 0.000 0.000 0.000 0.000 0.000 0.001 0.001 0.001 0.002 0.004 0.012 0.020 0.020 0.020 0.020 0.020 0.020 0.021 0.000 0.000 0.000 0.000 0.000 0.000 0.018 0.018 0.018 0.018 0.019 0.018 0.019 0.019 0.019 0.019 0.019 0.019 0.019 0.018 0.018 0.018 0.018 0.018 0.018 0.018 0.017 0.017 0.017 0.017 0.016 0.011 0.006 0.003 0.001 0.000
0.000 0.000 0.000 0.000 0.000 0.000 0.000 0.000 0.000 0.000 0.000 0.000 0.000 0.000 0.000 0.000 0.000 0.000 0.000 0.000 0.000 0.000 0.000 0.000 0.000 0.000 0.000 0.000 0.001 0.001 0.001 0.002 0.005 0.013 0.020 0.020 0.020 0.020 0.020 0.020 0.020 0.000 0.000 0.000 0.000 0.000 0.000 0.018 0.018 0.018 0.018 0.019 0.018 0.018 0.019 0.019 0.019 0.018 0.018 0.018 0.018 0.018 0.018 0.018 0.018 0.018 0.017 0.017 0.017 0.017 0.016 0.016 0.016 0.013 0.008 0.004 0.002
0.000 0.000 0.000 0.000 0.000 0.000 0.000 0.000 0.000 0.000 0.000 0.000 0.000 0.000 0.000 0.000 0.000 0.000 0.000 0.000 0.000 0.000 0.000 0.000 0.000 0.000 0.000 0.000 0.001 0.001 0.001 0.002 0.006 0.015 0.020 0.020 0.020 0.020 0.020 0.020 0.020 0.000 0.000 0.000 0.000 0.000 0.018 0.018 0.018 0.018 0.018 0.019 0.018 0.018 0.018 0.018 0.018 0.018 0.018 0.018 0.018 0.018 0.018 0.018 0.017 0.017 0.017 0.017 0.017 0.016 0.016 0.016 0.015 0.015 0.014 0.010 0.005
0.000 0.000 0.000 0.000 0.000 0.000 0.000 0.000 0.000 0.000 0.000 0.000 0.000 0.000 0.000 0.000 0.000 0.000 0.000 0.000 0.000 0.000 0.000 0.000 0.000 0.000 0.000 0.000 0.001 0.001 0.001 0.002 0.008 0.016 0.019 0.020 0.020 0.020 0.020 0.020 0.020 0.000 0.000 0.000 0.000 0.000 0.018 0.018 0.018 0.018 0.018 0.018 0.018 0.018 0.018 0.018 0.018 0.018 0.018 0.018 0.018 0.018 0.018 0.017 0.017 0.017 0.017 0.016 0.016 0.016 0.016 0.015 0.015 0.014 0.014 0.013 0.012
0.000 0.000 0.000 0.000 0.000 0.000 0.000 0.000 0.000 0.000 0.000 0.000 0.000 0.000 0.000 0.000 0.000 0.000 0.000 0.000 0.000 0.000 0.000 0.000 0.000 0.000 0.000 0.001 0.001 0.001 0.001 0.003 0.009 0.017 0.019 0.019 0.019 0.020 0.020 0.020 0.020 0.000 0.000 0.000 0.000 0.000 0.018 0.019 0.019 0.018 0.018 0.018 0.018 0.018 0.018 0.018 0.018 0.018 0.018 0.018 0.018 0.017 0.017 0.017 0.017 0.017 0.016 0.016 0.016 0.015 0.015 0.015 0.014 0.014 0.013 0.012 0.012
0.000 0.000 0.000 0.000 0.000 0.000 0.000 0.000 0.000 0.000 0.000 0.000 0.000 0.000 0.000 0.000 0.000 0.000 0.000 0.000 0.000 0.000 0.000 0.000 0.000 0.000 0.000 0.001 0.001 0.001 0.002 0.003 0.010 0.018 0.019 0.019 0.019 0.019 0.019 0.020 0.020 0.019 0.020 0.000 0.000 0.000 0.000 0.000 0.018 0.018 0.018 0.018 0.018 0.018 0.018 0.018 0.018 0.018 0.018 0.018 0.017 0.017 0.017 0.017 0.016 0.016 0.016 0.016 0.015 0.015 0.014 0.014 0.013 0.013 0.012 0.011 0.011
0.000 0.000 0.000 0.000 0.000 0.000 0.000 0.000 0.000 0.000 0.000 0.000 0.000 0.000 0.000 0.000 0.000 0.000 0.000 0.000 0.000 0.000 0.000 0.000 0.000 0.000 0.000 0.001 0.001 0.001 0.002 0.004 0.011 0.017 0.018 0.019 0.019 0.019 0.019 0.020 0.020 0.019 0.019 0.019 0.019 0.019 0.000 0.018 0.018 0.018 0.018 0.018 0.018 0.018 0.018 0.018 0.018 0.018 0.018 0.017 0.017 0.017 0.017 0.016 0.016 0.016 0.015 0.015 0.015 0.014 0.014 0.013 0.013 0.012 0.011 0.010 0.009
0.000 0.000 0.000 0.000 0.000 0.000 0.000 0.000 0.000 0.000 0.000 0.000 0.000 0.000 0.000 0.000 0.000 0.000 0.000 0.000 0.000 0.000 0.000 0.000 0.000 0.000 0.000 0.001 0.001 0.001 0.002 0.005 0.011 0.015 0.017 0.018 0.019 0.019 0.019 0.019 0.019 0.019 0.019 0.019 0.019 0.019 0.019 0.018 0.018 0.018 0.018 0.018 0.018 0.018 0.018 0.018 0.018 0.017 0.017 0.017 0.017 0.017 0.016 0.016 0.016 0.015 0.015 0.015 0.014 0.014 0.013 0.012 0.012 0.011 0.010 0.009 0.007
0.000 0.000 0.000 0.000 0.000 0.000 0.000 0.000 0.000 0.000 0.000 0.000 0.000 0.000 0.000 0.000 0.000 0.000 0.000 0.000 0.000 0.000 0.000 0.000 0.000 0.000 0.000 0.001 0.001 0.001 0.002 0.005 0.011 0.000 0.015 0.018 0.019 0.019 0.019 0.019 0.000 0.019 0.019 0.019 0.019 0.019 0.019 0.018 0.018 0.018 0.018 0.018 0.018 0.018 0.018 0.018 0.017 0.017 0.017 0.017 0.016 0.016 0.016 0.016 0.015 0.015 0.014 0.014 0.013 0.013 0.012 0.011 0.010 0.009 0.008 0.006 0.006
0.000 0.000 0.000 0.000 0.000 0.000 0.000 0.000 0.000 0.000 0.000 0.000 0.000 0.000 0.000 0.000 0.000 0.000 0.000 0.000 0.000 0.000 0.000 0.000 0.000 0.000 0.000 0.001 0.001 0.001 0.002 0.007 0.014 0.015 0.017 0.018 0.019 0.019 0.019 0.000 0.000 0.000 0.000 0.000 0.019 0.019 0.018 0.018 0.018 0.018 0.018 0.018 0.018 0.018 0.017 0.017 0.017 0.017 0.017 0.016 0.016 0.016 0.015 0.015 0.014 0.014 0.014 0.013 0.012 0.012 0.011 0.010 0.008 0.006 0.006 0.006 0.006
0.000 0.000 0.000 0.000 0.000 0.000 0.000 0.000 0.000 0.000 0.000 0.000 0.000 0.000 0.000 0.000 0.000 0.000 0.000 0.000 0.000 0.000 0.000 0.000 0.000 0.000 0.001 0.001 0.001 0.001 0.003 0.009 0.017 0.017 0.018 0.018 0.019 0.019 0.000 0.000 0.000 0.000 0.000 0.000 0.000 0.000 0.018 0.018 0.018 0.018 0.018 0.018 0.018 0.017 0.017 0.017 0.017 0.016 0.016 0.016 0.016 0.015 0.015 0.014 0.014 0.013 0.013 0.012 0.011 0.010 0.009 0.007 0.006 0.006 0.006 0.006 0.006
0.000 0.000 0.000 0.000 0.000 0.000 0.000 0.000 0.000 0.000 0.000 0.000 0.000 0.000 0.000 0.000 0.000 0.000 0.000 0.000 0.000 0.000 0.000 0.000 0.000 0.000 0.001 0.001 0.001 0.002 0.004 0.011 0.018 0.018 0.018 0.018 0.019 0.018 0.000 0.000 0.000 0.000 0.000 0.000 0.000 0.000 0.018 0.018 0.018 0.018 0.018 0.018 0.017 0.017 0.017 0.017 0.016 0.016 0.016 0.015 0.015 0.015 0.014 0.013 0.013 0.012 0.011 0.010 0.009 0.007 0.006 0.006 0.006 0.006 0.006 0.006 0.007
0.000 0.000 0.000 0.000 0.000 0.000 0.000 0.000 0.000 0.000 0.000 0.000 0.000 0.000 0.000 0.000 0.000 0.000 0.000 0.000 0.000 0.000 0.000 0.000 0.000 0.000 0.001 0.001 0.001 0.002 0.005 0.013 0.018 0.018 0.018 0.019 0.019 0.000 0.000 0.000 0.000 0.000 0.017 0.018 0.018 0.018 0.018 0.018 0.018 0.018 0.018 0.017 0.017 0.017 0.017 0.016 0.016 0.016 0.015 0.015 0.014 0.014 0.013 0.012 0.012 0.011 0.009 0.008 0.006 0.006 0.006 0.006 0.006 0.006 0.006 0.007 0.009
0.000 0.000 0.000 0.000 0.000 0.000 0.000 0.000 0.000 0.000 0.000 0.000 0.000 0.000 0.000 0.000 0.000 0.000 0.000 0.000 0.000 0.000 0.000 0.000 0.000 0.000 0.001 0.001 0.001 0.002 0.006 0.015 0.019 0.018 0.019 0.019 0.019 0.000 0.000 0.000 0.000 0.000 0.000 0.018 0.018 0.018 0.018 0.018 0.018 0.018 0.017 0.017 0.017 0.017 0.017 0.016 0.016 0.015 0.015 0.014 0.013 0.013 0.012 0.011 0.010 0.008 0.006 0.007 0.006 0.006 0.006 0.006 0.006 0.006 0.007 0.008 0.012
0.000 0.000 0.000 0.000 0.000 0.000 0.000 0.000 0.000 0.000 0.000 0.000 0.000 0.000 0.000 0.000 0.000 0.000 0.000 0.000 0.000 0.000 0.000 0.000 0.000 0.000 0.001 0.001 0.001 0.002 0.008 0.016 0.019 0.019 0.019 0.019 0.019 0.000 0.000 0.000 0.000 0.000 0.000 0.000 0.000 0.000 0.018 0.018 0.018 0.018 0.017 0.017 0.017 0.017 0.016 0.016 0.015 0.015 0.014 0.013 0.012 0.011 0.010 0.009 0.007 0.007 0.007 0.007 0.007 0.007 0.007 0.007 0.007 0.007 0.008 0.011 0.015
0.000 0.000 0.000 0.000 0.000 0.000 0.000 0.000 0.000 0.000 0.000 0.000 0.000 0.000 0.000 0.000 0.000 0.000 0.000 0.000 0.000 0.000 0.000 0.000 0.000 0.001 0.001 0.001 0.001 0.003 0.009 0.018 0.019 0.019 0.019 0.019 0.000 0.000 0.000 0.000 0.000 0.000 0.000 0.000 0.000 0.000 0.000 0.000 0.017 0.017 0.017 0.017 0.017 0.016 0.016 0.015 0.015 0.014 0.013 0.012 0.011 0.009 0.007 0.007 0.007 0.007 0.007 0.007 0.007 0.007 0.007 0.007 0.007 0.008 0.012 0.018 0.018
0.000 0.000 0.000 0.000 0.000 0.000 0.000 0.000 0.000 0.000 0.000 0.000 0.000 0.000 0.000 0.000 0.000 0.000 0.000 0.000 0.000 0.000 0.000 0.000 0.000 0.001 0.001 0.001 0.002 0.004 0.011 0.019 0.019 0.019 0.019 0.019 0.000 0.000 0.000 0.000 0.000 0.000 0.000 0.000 0.000 0.000 0.000 0.000 0.000 0.000 0.000 0.017 0.017 0.016 0.015 0.015 0.014 0.012 0.011 0.010 0.008 0.007 0.007 0.007 0.007 0.007 0.007 0.007 0.007 0.007 0.007 0.008 0.010 0.015 0.022 0.027 0.022
0.000 0.000 0.000 0.000 0.000 0.000 0.000 0.000 0.000 0.000 0.000 0.000 0.000 0.000 0.000 0.000 0.000 0.000 0.000 0.000 0.000 0.000 0.000 0.000 0.000 0.001 0.001 0.002 0.002 0.005 0.013 0.019 0.019 0.019 0.019 0.019 0.000 0.000 0.000 0.000 0.000 0.000 0.000 0.000 0.000 0.000 0.000 0.000 0.000 0.000 0.000 0.000 0.000 0.000 0.015 0.014 0.012 0.010 0.008 0.007 0.007 0.007 0.007 0.007 0.007 0.007 0.007 0.007 0.007 0.008 0.009 0.014 0.020 0.027 0.034 0.033 0.029
0.000 0.000 0.000 0.000 0.000 0.000 0.000 0.000 0.000 0.000 0.000 0.000 0.000 0.000 0.000 0.000 0.000 0.000 0.000 0.002 0.004 0.000 0.000 0.000 0.000 0.001 0.002 0.002 0.003 0.006 0.014 0.018 0.019 0.019 0.019 0.018 0.000 0.000 0.000 0.000 0.000 0.000 0.000 0.000 0.000 0.000 0.000 0.000 0.000 0.000 0.000 0.000 0.000 0.000 0.000 0.000 0.008 0.007 0.007 0.007 0.007 0.007 0.007 0.007 0.007 0.007 0.007 0.008 0.009 0.012 0.018 0.025 0.032 0.039 0.045 0.040 0.036
0.000 0.000 0.000 0.000 0.000 0.000 0.000 0.000 0.000 0.000 0.000 0.000 0.000 0.000 0.000 0.000 0.000 0.000 0.000 0.002 0.003 0.005 0.000 0.000 0.000 0.002 0.003 0.003 0.004 0.008 0.016 0.018 0.018 0.019 0.019 0.000 0.000 0.000 0.000 0.000 0.000 0.000 0.000 0.000 0.000 0.000 0.000 0.000 0.000 0.000 0.000 0.000 0.000 0.000 0.000 0.000 0.006 0.006 0.007 0.007 0.007 0.007 0.007 0.007 0.007 0.008 0.009 0.011 0.017 0.024 0.031 0.038 0.045 0.052 0.053 0.048 0.043
0.000 0.000 0.000 0.000 0.000 0.000 0.000 0.000 0.000 0.000 0.000 0.000 0.000 0.000 0.000 0.000 0.000 0.000 0.000 0.002 0.003 0.004 0.004 0.004 0.004 0.004 0.004 0.004 0.005 0.009 0.017 0.018 0.018 0.019 0.018 0.000 0.000 0.000 0.000 0.000 0.000 0.000 0.000 0.000 0.000 0.000 0.000 0.000 0.000 0.000 0.000 0.000 0.000 0.000 0.000 0.000 0.005 0.006 0.006 0.007 0.007 0.007 0.007 0.007 0.008 0.011 0.015 0.022 0.029 0.036 0.044 0.051 0.058 0.065 0.060 0.055 0.051
0.000 0.000 0.000 0.000 0.000 0.000 0.000 0.000 0.000 0.000 0.000 0.000 0.000 0.000 0.000 0.000 0.000 0.000 0.001 0.002 0.002 0.003 0.003 0.003 0.004 0.004 0.004 0.004 0.005 0.010 0.018 0.018 0.018 0.018 0.019 0.000 0.000 0.000 0.000 0.000 0.000 0.000 0.000 0.000 0.000 0.000 0.000 0.000 0.000 0.000 0.000 0.000 0.000 0.000 0.000 0.001 0.004 0.005 0.006 0.007 0.007 0.007 0.008 0.010 0.014 0.021 0.027 0.035 0.042 0.049 0.056 0.064 0.071 0.072 0.067 0.063 0.059
0.000 0.000 0.000 0.000 0.000 0.000 0.000 0.000 0.000 0.000 0.000 0.000 0.000 0.000 0.000 0.000 0.001 0.001 0.001 0.002 0.002 0.003 0.003 0.003 0.003 0.004 0.004 0.004 0.006 0.012 0.018 0.018 0.018 0.018 0.018 0.000 0.000 0.000 0.000 0.000 0.000 0.000 0.000 0.000 0.000 0.000 0.000 0.000 0.000 0.000 0.000 0.000 0.000 0.000 0.000 0.000 0.004 0.005 0.006 0.007 0.007 0.009 0.013 0.019 0.026 0.033 0.040 0.047 0.055 0.062 0.070 0.000 0.000 0.079 0.075 0.070 0.066
0.000 0.000 0.010 0.005 0.002 0.000 0.000 0.000 0.000 0.000 0.000 0.000 0.000 0.000 0.001 0.001 0.001 0.001 0.001 0.001 0.002 0.002 0.003 0.003 0.003 0.003 0.004 0.004 0.006 0.013 0.017 0.018 0.018 0.018 0.000 0.000 0.000 0.000 0.000 0.000 0.000 0.000 0.000 0.000 0.000 0.000 0.000 0.000 0.000 0.000 0.000 0.000 0.000 0.000 0.000 0.000 0.003 0.005 0.006 0.008 0.012 0.018 0.024 0.032 0.039 0.046 0.054 0.061 0.068 0.075 0.000 0.000 0.000 0.000 0.000 0.078 0.074
