数据/LID_GR_50y/LID_GR_res2/LID_GR_196-0001.wd
ncols         694
nrows         824
xllcorner     581104.939801
yllcorner     3495917.092414
cellsize      2.000000
NODATA_value  -9999.000000
[rows 306 to 339 of 824, columns 462 to 538 of 694]
0.007 0.008 0.009 0.009 0.009 0.009 0.009 0.009 0.006 0.004 0.002 0.001 0.001 0.001 0.001 0.001 0.001 0.000 0.001 0.001 0.001 0.001 0.001 0.001 0.001 0.001 0.003 0.004 0.006 0.008 0.008 0.007 0.006 0.005 0.004 0.003 0.002 0.002 0.002 0.000 0.000 0.000 0.000 0.000 0.000 0.000 0.000 0.000 0.000 0.000 0.000 0.000 0.000 0.000 0.007 0.007 0.007 0.009 0.000 0.000 0.000 0.000 0.000 0.000 0.000 0.000 0.000 0.000 0.000 0.000 0.001 0.001 0.003 0.011 0.019 0.018 0.015
0.005 0.007 0.008 0.009 0.009 0.009 0.009 0.009 0.009 0.007 0.005 0.003 0.002 0.001 0.001 0.001 0.001 0.001 0.001 0.001 0.001 0.001 0.001 0.001 0.001 0.001 0.003 0.004 0.006 0.007 0.008 0.007 0.006 0.005 0.004 0.003 0.003 0.004 0.012 0.000 0.000 0.000 0.000 0.000 0.000 0.000 0.000 0.000 0.000 0.000 0.000 0.000 0.000 0.000 0.000 0.000 0.000 0.007 0.007 0.006 0.005 0.004 0.004 0.004 0.006 0.000 0.000 0.000 0.000 0.000 0.002 0.009 0.017 0.017 0.015 0.013 0.011
0.004 0.006 0.007 0.008 0.009 0.009 0.009 0.009 0.009 0.009 0.008 0.005 0.003 0.002 0.001 0.001 0.001 0.001 0.001 0.001 0.001 0.001 0.001 0.001 0.001 0.000 0.003 0.004 0.006 0.007 0.007 0.007 0.006 0.005 0.004 0.004 0.003 0.004 0.000 0.000 0.000 0.000 0.000 0.000 0.000 0.000 0.000 0.000 0.000 0.000 0.000 0.000 0.000 0.000 0.000 0.000 0.000 0.000 0.000 0.004 0.005 0.006 0.005 0.005 0.008 0.000 0.000 0.000 0.000 0.006 0.014 0.017 0.014 0.012 0.010 0.009 0.008
0.004 0.005 0.007 0.008 0.008 0.009 0.009 0.009 0.009 0.009 0.009 0.009 0.006 0.004 0.003 0.002 0.002 0.001 0.001 0.001 0.001 0.001 0.001 0.001 0.001 0.001 0.003 0.004 0.006 0.007 0.007 0.007 0.006 0.005 0.005 0.004 0.004 0.004 0.002 0.001 0.001 0.000 0.000 0.000 0.000 0.000 0.000 0.000 0.000 0.000 0.000 0.000 0.000 0.000 0.000 0.000 0.000 0.000 0.000 0.000 0.000 0.000 0.004 0.005 0.007 0.009 0.000 0.000 0.000 0.015 0.013 0.012 0.010 0.009 0.008 0.007 0.006
0.004 0.005 0.006 0.007 0.008 0.009 0.009 0.010 0.010 0.011 0.011 0.012 0.013 0.011 0.008 0.005 0.004 0.003 0.002 0.002 0.001 0.001 0.001 0.001 0.001 0.001 0.003 0.004 0.005 0.006 0.007 0.007 0.006 0.006 0.005 0.004 0.004 0.004 0.003 0.002 0.001 0.001 0.001 0.000 0.000 0.000 0.000 0.000 0.000 0.000 0.000 0.000 0.000 0.000 0.000 0.000 0.000 0.000 0.000 0.000 0.000 0.000 0.000 0.000 0.005 0.009 0.010 0.017 0.018 0.014 0.011 0.009 0.008 0.007 0.006 0.006 0.006
0.005 0.005 0.006 0.007 0.009 0.010 0.011 0.013 0.015 0.016 0.017 0.019 0.022 0.023 0.017 0.012 0.008 0.006 0.004 0.003 0.002 0.001 0.001 0.001 0.001 0.001 0.003 0.004 0.005 0.006 0.007 0.007 0.006 0.006 0.005 0.005 0.004 0.004 0.003 0.002 0.002 0.001 0.001 0.001 0.001 0.002 0.000 0.000 0.000 0.000 0.000 0.000 0.000 0.000 0.000 0.000 0.000 0.000 0.000 0.000 0.000 0.000 0.000 0.000 0.000 0.000 0.000 0.009 0.010 0.010 0.009 0.007 0.006 0.006 0.005 0.005 0.004
0.005 0.006 0.008 0.010 0.012 0.015 0.018 0.022 0.025 0.028 0.030 0.032 0.027 0.019 0.019 0.016 0.011 0.008 0.006 0.004 0.003 0.002 0.001 0.001 0.001 0.001 0.003 0.004 0.005 0.006 0.007 0.007 0.006 0.006 0.005 0.005 0.004 0.004 0.003 0.003 0.002 0.002 0.001 0.001 0.001 0.001 0.001 0.002 0.000 0.000 0.000 0.000 0.000 0.002 0.000 0.000 0.000 0.000 0.000 0.000 0.000 0.000 0.000 0.000 0.000 0.000 0.011 0.010 0.009 0.008 0.007 0.006 0.005 0.005 0.004 0.005 0.000
0.008 0.010 0.014 0.018 0.022 0.026 0.029 0.028 0.023 0.019 0.014 0.011 0.007 0.004 0.011 0.017 0.013 0.010 0.007 0.005 0.004 0.003 0.002 0.001 0.001 0.001 0.003 0.004 0.005 0.006 0.006 0.007 0.006 0.006 0.005 0.005 0.004 0.004 0.003 0.003 0.002 0.002 0.002 0.000 0.001 0.001 0.001 0.001 0.001 0.001 0.001 0.001 0.001 0.001 0.001 0.001 0.002 0.000 0.000 0.000 0.000 0.000 0.000 0.000 0.000 0.000 0.009 0.009 0.008 0.007 0.006 0.005 0.005 0.004 0.004 0.003 0.000
0.017 0.021 0.021 0.018 0.014 0.011 0.009 0.007 0.005 0.004 0.003 0.002 0.001 0.002 0.000 0.015 0.015 0.012 0.009 0.006 0.005 0.003 0.002 0.002 0.001 0.001 0.003 0.004 0.005 0.006 0.006 0.006 0.006 0.006 0.005 0.005 0.004 0.004 0.003 0.003 0.003 0.002 0.002 0.001 0.001 0.001 0.001 0.001 0.001 0.001 0.001 0.001 0.001 0.001 0.001 0.001 0.002 0.008 0.034 0.000 0.000 0.000 0.000 0.000 0.000 0.012 0.011 0.009 0.008 0.007 0.006 0.005 0.004 0.004 0.004 0.000 0.000
0.007 0.005 0.004 0.003 0.003 0.002 0.002 0.002 0.001 0.001 0.001 0.001 0.001 0.001 0.002 0.009 0.016 0.013 0.010 0.008 0.006 0.004 0.003 0.002 0.002 0.002 0.003 0.004 0.005 0.005 0.006 0.006 0.006 0.006 0.005 0.005 0.005 0.004 0.004 0.003 0.003 0.002 0.002 0.002 0.001 0.001 0.001 0.001 0.001 0.001 0.001 0.001 0.001 0.001 0.001 0.002 0.009 0.021 0.035 0.043 0.052 0.062 0.000 0.000 0.000 0.010 0.009 0.008 0.007 0.006 0.005 0.004 0.003 0.003 0.003 0.000 0.000
0.002 0.001 0.001 0.001 0.001 0.001 0.001 0.001 0.001 0.001 0.001 0.001 0.001 0.001 0.002 0.005 0.014 0.015 0.012 0.009 0.007 0.005 0.004 0.003 0.002 0.002 0.003 0.004 0.005 0.005 0.006 0.006 0.006 0.006 0.005 0.005 0.005 0.004 0.004 0.003 0.003 0.003 0.002 0.002 0.002 0.001 0.001 0.001 0.001 0.001 0.001 0.001 0.001 0.002 0.007 0.015 0.018 0.016 0.016 0.021 0.029 0.037 0.044 0.053 0.000 0.011 0.010 0.008 0.006 0.005 0.004 0.003 0.003 0.003 0.000 0.000 0.000
0.001 0.001 0.001 0.001 0.001 0.001 0.001 0.001 0.001 0.001 0.001 0.001 0.001 0.001 0.001 0.003 0.009 0.016 0.013 0.010 0.008 0.006 0.005 0.004 0.003 0.003 0.003 0.004 0.005 0.005 0.006 0.006 0.006 0.006 0.005 0.005 0.005 0.004 0.004 0.003 0.003 0.003 0.002 0.002 0.002 0.002 0.001 0.001 0.001 0.001 0.001 0.002 0.005 0.014 0.018 0.015 0.012 0.010 0.008 0.008 0.007 0.000 0.017 0.025 0.023 0.015 0.010 0.007 0.005 0.003 0.003 0.002 0.002 0.002 0.000 0.000 0.000
0.001 0.001 0.001 0.001 0.001 0.001 0.001 0.001 0.001 0.001 0.001 0.001 0.001 0.001 0.001 0.002 0.005 0.014 0.015 0.012 0.010 0.008 0.007 0.007 0.006 0.006 0.006 0.007 0.008 0.008 0.008 0.008 0.008 0.007 0.006 0.006 0.005 0.005 0.004 0.004 0.003 0.003 0.003 0.003 0.003 0.003 0.003 0.003 0.002 0.002 0.005 0.013 0.019 0.015 0.012 0.010 0.008 0.006 0.005 0.004 0.003 0.003 0.003 0.004 0.004 0.004 0.002 0.002 0.002 0.002 0.002 0.001 0.002 0.000 0.000 0.000 0.000
0.000 0.000 0.000 0.000 0.000 0.000 0.000 0.000 0.000 0.000 0.001 0.001 0.001 0.001 0.001 0.001 0.003 0.009 0.017 0.016 0.016 0.018 0.019 0.020 0.020 0.020 0.021 0.021 0.021 0.020 0.019 0.017 0.015 0.013 0.011 0.010 0.009 0.008 0.007 0.006 0.006 0.006 0.006 0.007 0.009 0.011 0.014 0.016 0.017 0.015 0.021 0.016 0.012 0.010 0.007 0.006 0.005 0.004 0.003 0.002 0.002 0.002 0.002 0.002 0.002 0.002 0.001 0.001 0.001 0.001 0.001 0.001 0.001 0.012 0.000 0.000 0.000
0.000 0.000 0.000 0.000 0.000 0.000 0.000 0.000 0.000 0.000 0.000 0.001 0.001 0.001 0.001 0.001 0.002 0.006 0.021 0.034 0.039 0.044 0.048 0.049 0.049 0.049 0.049 0.049 0.048 0.046 0.042 0.033 0.029 0.026 0.024 0.021 0.019 0.018 0.017 0.019 0.021 0.025 0.029 0.033 0.038 0.042 0.046 0.048 0.043 0.027 0.026 0.022 0.017 0.013 0.010 0.007 0.005 0.004 0.003 0.002 0.002 0.001 0.001 0.001 0.001 0.001 0.001 0.001 0.001 0.001 0.001 0.001 0.000 0.000 0.000 0.000 0.000
0.000 0.000 0.000 0.000 0.000 0.000 0.000 0.000 0.000 0.000 0.000 0.000 0.001 0.001 0.001 0.001 0.008 0.000 0.021 0.063 0.069 0.074 0.079 0.000 0.000 0.000 0.000 0.000 0.000 0.000 0.000 0.048 0.050 0.050 0.047 0.041 0.039 0.040 0.042 0.045 0.049 0.054 0.059 0.063 0.068 0.065 0.057 0.048 0.037 0.022 0.022 0.025 0.030 0.024 0.019 0.015 0.012 0.009 0.007 0.005 0.004 0.003 0.002 0.002 0.001 0.001 0.001 0.001 0.001 0.001 0.001 0.001 0.001 0.001 0.000 0.000 0.000
0.000 0.000 0.000 0.000 0.000 0.000 0.000 0.000 0.000 0.000 0.000 0.000 0.000 0.006 0.000 0.000 0.011 0.000 0.000 0.080 0.000 0.000 0.000 0.000 0.000 0.000 0.000 0.000 0.000 0.000 0.000 0.000 0.000 0.000 0.000 0.061 0.065 0.068 0.070 0.074 0.079 0.084 0.081 0.073 0.066 0.058 0.050 0.042 0.031 0.017 0.017 0.019 0.022 0.027 0.030 0.025 0.020 0.016 0.013 0.010 0.007 0.006 0.004 0.003 0.002 0.002 0.001 0.001 0.001 0.001 0.001 0.001 0.001 0.001 0.001 0.001 0.000
0.000 0.000 0.000 0.000 0.000 0.000 0.000 0.000 0.000 0.000 0.000 0.000 0.000 0.000 0.000 0.000 0.000 0.000 0.000 0.000 0.000 0.000 0.000 0.000 0.000 0.000 0.000 0.000 0.000 0.000 0.000 0.000 0.000 0.000 0.000 0.000 0.000 0.000 0.098 0.095 0.088 0.081 0.073 0.066 0.059 0.051 0.044 0.035 0.025 0.014 0.014 0.014 0.016 0.019 0.024 0.029 0.029 0.024 0.020 0.016 0.013 0.010 0.008 0.006 0.004 0.003 0.003 0.002 0.002 0.001 0.001 0.001 0.001 0.001 0.001 0.001 0.001
0.000 0.000 0.000 0.000 0.000 0.000 0.000 0.000 0.000 0.000 0.000 0.000 0.000 0.000 0.000 0.000 0.000 0.000 0.000 0.000 0.000 0.000 0.000 0.000 0.000 0.000 0.000 0.000 0.000 0.000 0.000 0.000 0.000 0.000 0.000 0.000 0.000 0.000 0.000 0.000 0.000 0.000 0.066 0.059 0.052 0.044 0.037 0.028 0.018 0.011 0.011 0.011 0.011 0.012 0.015 0.020 0.025 0.031 0.029 0.024 0.019 0.016 0.012 0.010 0.007 0.006 0.004 0.004 0.003 0.002 0.002 0.001 0.001 0.001 0.001 0.001 0.001
0.000 0.000 0.000 0.000 0.000 0.000 0.000 0.000 0.000 0.000 0.000 0.000 0.000 0.000 0.000 0.000 0.000 0.000 0.000 0.000 0.000 0.000 0.000 0.000 0.000 0.000 0.000 0.000 0.000 0.000 0.000 0.000 0.000 0.000 0.000 0.000 0.000 0.000 0.000 0.000 0.000 0.000 0.000 0.000 0.000 0.037 0.030 0.022 0.012 0.007 0.007 0.008 0.008 0.008 0.009 0.011 0.016 0.021 0.027 0.032 0.028 0.023 0.019 0.015 0.012 0.009 0.007 0.006 0.005 0.003 0.003 0.002 0.002 0.001 0.001 0.001 0.001
0.000 0.000 0.000 0.000 0.000 0.000 0.000 0.000 0.000 0.000 0.000 0.000 0.000 0.000 0.000 0.000 0.000 0.000 0.000 0.000 0.000 0.000 0.000 0.000 0.000 0.000 0.000 0.000 0.000 0.000 0.000 0.000 0.000 0.000 0.000 0.000 0.000 0.000 0.000 0.000 0.000 0.000 0.000 0.000 0.000 0.000 0.000 0.000 0.003 0.002 0.002 0.002 0.002 0.003 0.003 0.004 0.007 0.011 0.016 0.022 0.028 0.032 0.027 0.022 0.018 0.015 0.012 0.009 0.007 0.006 0.004 0.003 0.003 0.002 0.002 0.001 0.001
0.000 0.000 0.000 0.000 0.000 0.000 0.000 0.000 0.000 0.000 0.000 0.000 0.000 0.000 0.000 0.000 0.000 0.000 0.000 0.000 0.000 0.000 0.000 0.000 0.000 0.000 0.000 0.000 0.000 0.000 0.000 0.000 0.000 0.000 0.000 0.000 0.000 0.000 0.000 0.000 0.000 0.000 0.000 0.000 0.000 0.000 0.000 0.000 0.000 0.000 0.001 0.001 0.001 0.001 0.001 0.001 0.001 0.003 0.007 0.012 0.017 0.023 0.029 0.031 0.026 0.022 0.018 0.014 0.011 0.009 0.007 0.005 0.004 0.004 0.003 0.002 0.002
0.000 0.000 0.000 0.000 0.000 0.000 0.000 0.000 0.000 0.000 0.000 0.000 0.000 0.000 0.000 0.000 0.000 0.000 0.000 0.000 0.000 0.000 0.000 0.000 0.000 0.000 0.000 0.000 0.000 0.000 0.000 0.000 0.000 0.000 0.000 0.000 0.000 0.000 0.000 0.000 0.000 0.000 0.000 0.000 0.000 0.000 0.000 0.000 0.000 0.000 0.000 0.000 0.000 0.000 0.001 0.001 0.001 0.001 0.001 0.003 0.008 0.013 0.019 0.025 0.031 0.030 0.025 0.021 0.017 0.014 0.011 0.009 0.008 0.006 0.005 0.004 0.004
0.000 0.000 0.000 0.000 0.000 0.000 0.000 0.000 0.000 0.000 0.000 0.000 0.000 0.000 0.000 0.000 0.000 0.000 0.000 0.000 0.000 0.000 0.000 0.000 0.000 0.000 0.000 0.000 0.000 0.000 0.000 0.000 0.000 0.000 0.000 0.000 0.000 0.000 0.000 0.000 0.000 0.000 0.000 0.000 0.000 0.000 0.000 0.000 0.000 0.000 0.000 0.000 0.000 0.000 0.000 0.000 0.000 0.000 0.001 0.001 0.002 0.005 0.009 0.015 0.020 0.027 0.033 0.030 0.025 0.022 0.019 0.017 0.015 0.013 0.012 0.010 0.008
0.000 0.000 0.000 0.000 0.000 0.000 0.000 0.000 0.000 0.000 0.000 0.000 0.000 0.000 0.000 0.000 0.000 0.000 0.000 0.000 0.000 0.000 0.000 0.000 0.000 0.000 0.000 0.000 0.000 0.000 0.000 0.000 0.000 0.000 0.000 0.000 0.000 0.000 0.000 0.000 0.000 0.000 0.000 0.000 0.000 0.000 0.000 0.000 0.000 0.000 0.000 0.000 0.000 0.000 0.000 0.000 0.000 0.000 0.000 0.001 0.001 0.001 0.000 0.005 0.010 0.016 0.022 0.029 0.036 0.034 0.033 0.031 0.030 0.028 0.024 0.020 0.016
0.000 0.000 0.000 0.000 0.000 0.000 0.000 0.000 0.000 0.000 0.000 0.000 0.000 0.000 0.000 0.000 0.000 0.000 0.000 0.000 0.000 0.000 0.000 0.000 0.000 0.000 0.000 0.000 0.000 0.000 0.000 0.000 0.000 0.000 0.000 0.000 0.000 0.000 0.000 0.000 0.000 0.000 0.000 0.000 0.000 0.000 0.000 0.000 0.000 0.000 0.000 0.000 0.000 0.000 0.000 0.000 0.000 0.000 0.000 0.001 0.001 0.001 0.001 0.001 0.003 0.007 0.012 0.018 0.028 0.044 0.054 0.055 0.053 0.049 0.038 0.032 0.026
0.000 0.000 0.000 0.000 0.000 0.000 0.000 0.000 0.000 0.000 0.000 0.000 0.000 0.000 0.000 0.000 0.000 0.000 0.000 0.000 0.000 0.000 0.000 0.000 0.000 0.000 0.000 0.000 0.000 0.000 0.000 0.000 0.000 0.000 0.000 0.000 0.000 0.000 0.000 0.000 0.000 0.000 0.000 0.000 0.000 0.000 0.000 0.000 0.000 0.000 0.000 0.000 0.000 0.000 0.000 0.000 0.000 0.000 0.000 0.001 0.001 0.001 0.001 0.001 0.001 0.001 0.004 0.009 0.021 0.041 0.000 0.000 0.000 0.000 0.045 0.045 0.035
0.000 0.000 0.000 0.000 0.000 0.000 0.000 0.000 0.000 0.000 0.000 0.000 0.000 0.000 0.000 0.000 0.000 0.000 0.000 0.000 0.000 0.000 0.000 0.000 0.000 0.000 0.000 0.000 0.000 0.000 0.000 0.000 0.000 0.000 0.000 0.000 0.000 0.000 0.000 0.000 0.000 0.000 0.000 0.000 0.000 0.000 0.000 0.000 0.000 0.000 0.000 0.000 0.000 0.000 0.000 0.000 0.000 0.000 0.000 0.001 0.001 0.001 0.001 0.001 0.001 0.001 0.002 0.005 0.017 0.000 0.000 0.000 0.000 0.000 0.000 0.000 0.038
0.000 0.000 0.000 0.000 0.000 0.000 0.000 0.000 0.000 0.000 0.000 0.000 0.000 0.000 0.000 0.000 0.000 0.000 0.000 0.000 0.000 0.000 0.000 0.000 0.000 0.000 0.000 0.000 0.000 0.000 0.000 0.000 0.000 0.000 0.000 0.000 0.000 0.000 0.000 0.000 0.000 0.000 0.000 0.000 0.000 0.000 0.000 0.000 0.000 0.000 0.000 0.000 0.000 0.000 0.000 0.000 0.000 0.000 0.000 0.000 0.001 0.001 0.001 0.001 0.001 0.001 0.002 0.005 0.000 0.000 0.000 0.000 0.000 0.000 0.000 0.000 0.000
0.000 0.000 0.000 0.000 0.000 0.000 0.000 0.000 0.000 0.000 0.000 0.000 0.000 0.000 0.000 0.000 0.000 0.000 0.000 0.000 0.000 0.000 0.000 0.000 0.000 0.000 0.000 0.000 0.000 0.000 0.000 0.000 0.000 0.000 0.000 0.000 0.000 0.000 0.000 0.000 0.000 0.000 0.000 0.000 0.000 0.000 0.000 0.000 0.000 0.000 0.000 0.000 0.000 0.000 0.000 0.000 0.000 0.000 0.000 0.000 0.000 0.000 0.001 0.001 0.001 0.001 0.002 0.004 0.000 0.000 0.000 0.000 0.000 0.000 0.000 0.000 0.000
0.000 0.000 0.000 0.000 0.000 0.000 0.000 0.000 0.000 0.000 0.000 0.000 0.000 0.000 0.000 0.000 0.000 0.000 0.000 0.000 0.000 0.000 0.000 0.000 0.000 0.000 0.000 0.000 0.000 0.000 0.000 0.000 0.000 0.000 0.000 0.000 0.000 0.000 0.000 0.000 0.000 0.000 0.000 0.000 0.000 0.000 0.000 0.000 0.000 0.000 0.000 0.000 0.000 0.000 0.000 0.000 0.000 0.000 0.000 0.000 0.000 0.000 0.000 0.001 0.001 0.001 0.003 0.000 0.000 0.000 0.000 0.000 0.000 0.000 0.000 0.000 0.000
0.000 0.000 0.000 0.000 0.000 0.000 0.000 0.000 0.000 0.000 0.000 0.000 0.000 0.000 0.000 0.000 0.000 0.000 0.000 0.000 0.000 0.000 0.000 0.000 0.000 0.000 0.000 0.000 0.000 0.000 0.000 0.000 0.000 0.000 0.000 0.000 0.000 0.000 0.000 0.000 0.000 0.000 0.000 0.000 0.000 0.000 0.000 0.000 0.000 0.000 0.000 0.000 0.000 0.000 0.000 0.000 0.000 0.000 0.000 0.000 0.000 0.000 0.000 0.001 0.001 0.001 0.016 0.000 0.000 0.000 0.000 0.000 0.000 0.000 0.000 0.000 0.000
0.000 0.000 0.000 0.000 0.000 0.000 0.000 0.000 0.000 0.000 0.000 0.000 0.000 0.000 0.000 0.000 0.000 0.000 0.000 0.000 0.000 0.000 0.000 0.000 0.000 0.000 0.000 0.000 0.000 0.000 0.000 0.000 0.000 0.000 0.000 0.000 0.000 0.000 0.000 0.000 0.000 0.000 0.000 0.000 0.000 0.000 0.000 0.000 0.000 0.000 0.000 0.000 0.000 0.000 0.000 0.000 0.000 0.000 0.000 0.000 0.000 0.000 0.000 0.001 0.001 0.001 0.000 0.000 0.000 0.000 0.000 0.000 0.000 0.000 0.000 0.000 0.000
0.000 0.000 0.000 0.000 0.000 0.000 0.000 0.000 0.000 0.000 0.000 0.000 0.000 0.000 0.000 0.000 0.000 0.000 0.000 0.000 0.000 0.000 0.000 0.000 0.000 0.000 0.000 0.000 0.000 0.000 0.000 0.000 0.000 0.000 0.000 0.000 0.000 0.000 0.000 0.000 0.000 0.000 0.000 0.000 0.000 0.000 0.000 0.000 0.000 0.000 0.000 0.000 0.000 0.000 0.000 0.000 0.000 0.000 0.000 0.000 0.000 0.000 0.000 0.001 0.001 0.001 0.000 0.000 0.000 0.000 0.000 0.000 0.000 0.000 0.000 0.000 0.000
