数据/LID_GR_50y/LID_GR_res2/LID_GR_151-0001.wd
ncols         694
nrows         824
xllcorner     581104.939801
yllcorner     3495917.092414
cellsize      2.000000
NODATA_value  -9999.000000
[rows 306 to 339 of 824, columns 462 to 538 of 694]
0.037 0.039 0.039 0.039 0.039 0.038 0.038 0.038 0.034 0.027 0.022 0.016 0.012 0.008 0.005 0.003 0.002 0.000 0.001 0.001 0.001 0.001 0.001 0.001 0.001 0.002 0.004 0.006 0.009 0.010 0.010 0.010 0.008 0.007 0.005 0.004 0.003 0.003 0.003 0.000 0.000 0.000 0.000 0.000 0.000 0.000 0.000 0.000 0.000 0.000 0.000 0.000 0.000 0.000 0.010 0.010 0.011 0.014 0.000 0.000 0.000 0.000 0.000 0.000 0.000 0.000 0.000 0.000 0.000 0.000 0.001 0.005 0.013 0.025 0.035 0.034 0.030
0.048 0.043 0.041 0.040 0.040 0.040 0.041 0.041 0.041 0.038 0.031 0.025 0.020 0.015 0.011 0.008 0.005 0.003 0.003 0.002 0.002 0.001 0.001 0.001 0.001 0.002 0.004 0.006 0.008 0.010 0.010 0.010 0.009 0.007 0.006 0.005 0.004 0.005 0.013 0.000 0.000 0.000 0.000 0.000 0.000 0.000 0.000 0.000 0.000 0.000 0.000 0.000 0.000 0.000 0.000 0.000 0.000 0.011 0.011 0.008 0.007 0.007 0.006 0.006 0.009 0.000 0.000 0.000 0.000 0.000 0.009 0.021 0.031 0.032 0.029 0.026 0.024
0.041 0.041 0.041 0.041 0.042 0.043 0.044 0.045 0.045 0.045 0.043 0.036 0.030 0.025 0.019 0.014 0.010 0.008 0.006 0.004 0.003 0.003 0.002 0.001 0.001 0.001 0.004 0.006 0.008 0.009 0.010 0.010 0.009 0.008 0.006 0.005 0.005 0.005 0.000 0.000 0.000 0.000 0.000 0.000 0.000 0.000 0.000 0.000 0.000 0.000 0.000 0.000 0.000 0.000 0.000 0.000 0.000 0.000 0.000 0.006 0.008 0.009 0.007 0.007 0.012 0.000 0.000 0.000 0.000 0.015 0.026 0.030 0.027 0.024 0.022 0.020 0.019
0.038 0.040 0.042 0.044 0.046 0.048 0.049 0.050 0.050 0.049 0.049 0.050 0.044 0.038 0.031 0.023 0.018 0.014 0.011 0.008 0.006 0.005 0.003 0.003 0.002 0.002 0.004 0.006 0.008 0.009 0.010 0.010 0.009 0.008 0.007 0.006 0.005 0.005 0.003 0.002 0.002 0.000 0.000 0.000 0.000 0.000 0.000 0.000 0.000 0.000 0.000 0.000 0.000 0.000 0.000 0.000 0.000 0.000 0.000 0.000 0.000 0.000 0.005 0.008 0.010 0.014 0.000 0.000 0.000 0.026 0.025 0.023 0.021 0.019 0.017 0.016 0.015
0.038 0.042 0.045 0.049 0.052 0.054 0.056 0.057 0.057 0.052 0.053 0.056 0.059 0.053 0.044 0.035 0.028 0.022 0.017 0.013 0.010 0.007 0.005 0.004 0.003 0.003 0.004 0.006 0.008 0.009 0.009 0.009 0.009 0.008 0.007 0.006 0.005 0.005 0.003 0.002 0.002 0.001 0.001 0.000 0.000 0.000 0.000 0.000 0.000 0.000 0.000 0.000 0.000 0.000 0.000 0.000 0.000 0.000 0.000 0.000 0.000 0.000 0.000 0.000 0.008 0.014 0.017 0.030 0.031 0.025 0.022 0.019 0.017 0.015 0.014 0.013 0.014
0.041 0.047 0.052 0.056 0.060 0.063 0.066 0.067 0.064 0.046 0.060 0.066 0.068 0.068 0.057 0.046 0.037 0.030 0.024 0.018 0.014 0.011 0.008 0.006 0.005 0.004 0.004 0.006 0.007 0.009 0.009 0.009 0.009 0.008 0.007 0.006 0.006 0.005 0.004 0.003 0.002 0.002 0.001 0.001 0.001 0.002 0.000 0.000 0.000 0.000 0.000 0.000 0.000 0.000 0.000 0.000 0.000 0.000 0.000 0.000 0.000 0.000 0.000 0.000 0.000 0.000 0.000 0.019 0.021 0.020 0.018 0.016 0.014 0.013 0.012 0.011 0.010
0.049 0.055 0.061 0.066 0.071 0.074 0.077 0.079 0.078 0.075 0.076 0.078 0.072 0.060 0.059 0.053 0.044 0.035 0.029 0.023 0.018 0.014 0.011 0.008 0.006 0.005 0.005 0.006 0.007 0.008 0.009 0.009 0.009 0.008 0.008 0.007 0.006 0.005 0.004 0.003 0.003 0.002 0.002 0.001 0.001 0.001 0.001 0.002 0.000 0.000 0.000 0.000 0.000 0.002 0.000 0.000 0.000 0.000 0.000 0.000 0.000 0.000 0.000 0.000 0.000 0.000 0.022 0.020 0.018 0.017 0.015 0.014 0.012 0.011 0.010 0.011 0.000
0.059 0.066 0.072 0.077 0.082 0.086 0.089 0.085 0.077 0.067 0.059 0.051 0.041 0.029 0.045 0.057 0.048 0.040 0.033 0.027 0.021 0.017 0.013 0.010 0.008 0.007 0.006 0.006 0.007 0.008 0.009 0.009 0.009 0.008 0.008 0.007 0.006 0.005 0.005 0.004 0.003 0.003 0.002 0.001 0.001 0.001 0.001 0.001 0.002 0.002 0.002 0.002 0.002 0.002 0.002 0.005 0.024 0.000 0.000 0.000 0.000 0.000 0.000 0.000 0.000 0.000 0.018 0.018 0.017 0.015 0.013 0.012 0.010 0.009 0.009 0.007 0.000
0.070 0.077 0.079 0.075 0.071 0.066 0.061 0.055 0.048 0.041 0.034 0.026 0.017 0.021 0.033 0.053 0.052 0.044 0.037 0.031 0.025 0.020 0.017 0.013 0.011 0.009 0.008 0.008 0.008 0.009 0.009 0.009 0.009 0.009 0.008 0.007 0.007 0.006 0.005 0.004 0.004 0.003 0.002 0.001 0.001 0.001 0.001 0.001 0.002 0.002 0.002 0.002 0.002 0.003 0.006 0.016 0.035 0.057 0.084 0.000 0.000 0.000 0.000 0.000 0.000 0.024 0.021 0.018 0.016 0.014 0.012 0.010 0.009 0.008 0.008 0.000 0.000
0.051 0.049 0.046 0.043 0.040 0.036 0.031 0.027 0.022 0.018 0.014 0.008 0.006 0.013 0.023 0.040 0.054 0.047 0.041 0.035 0.030 0.025 0.022 0.019 0.016 0.014 0.013 0.012 0.012 0.012 0.011 0.011 0.011 0.010 0.010 0.009 0.008 0.007 0.006 0.006 0.005 0.004 0.003 0.002 0.002 0.002 0.001 0.002 0.002 0.002 0.003 0.003 0.005 0.012 0.021 0.033 0.049 0.069 0.084 0.088 0.093 0.101 0.000 0.000 0.000 0.020 0.019 0.017 0.015 0.013 0.010 0.009 0.007 0.007 0.006 0.000 0.000
0.020 0.018 0.017 0.015 0.013 0.011 0.009 0.008 0.006 0.005 0.003 0.002 0.003 0.007 0.015 0.029 0.050 0.051 0.046 0.041 0.037 0.033 0.031 0.030 0.028 0.027 0.026 0.024 0.023 0.022 0.021 0.020 0.018 0.017 0.015 0.014 0.012 0.011 0.010 0.009 0.008 0.007 0.006 0.005 0.005 0.004 0.004 0.003 0.003 0.004 0.007 0.012 0.020 0.029 0.039 0.050 0.057 0.058 0.061 0.064 0.068 0.071 0.072 0.080 0.000 0.023 0.020 0.016 0.013 0.011 0.008 0.007 0.006 0.006 0.000 0.000 0.000
0.003 0.003 0.003 0.003 0.002 0.002 0.002 0.002 0.001 0.001 0.001 0.001 0.002 0.004 0.009 0.019 0.038 0.056 0.053 0.051 0.049 0.049 0.050 0.050 0.050 0.050 0.049 0.047 0.046 0.043 0.041 0.038 0.034 0.031 0.029 0.026 0.023 0.021 0.019 0.017 0.016 0.015 0.015 0.014 0.014 0.014 0.013 0.011 0.011 0.017 0.023 0.030 0.038 0.047 0.051 0.047 0.043 0.041 0.041 0.041 0.040 0.021 0.042 0.049 0.043 0.030 0.020 0.014 0.011 0.008 0.006 0.005 0.004 0.004 0.000 0.000 0.000
0.001 0.001 0.001 0.001 0.001 0.001 0.001 0.001 0.001 0.001 0.001 0.001 0.001 0.002 0.005 0.012 0.028 0.057 0.067 0.069 0.071 0.073 0.075 0.076 0.077 0.077 0.076 0.075 0.073 0.070 0.066 0.061 0.057 0.053 0.049 0.046 0.043 0.040 0.038 0.037 0.036 0.035 0.036 0.036 0.037 0.038 0.037 0.036 0.031 0.035 0.041 0.048 0.053 0.047 0.041 0.036 0.031 0.028 0.026 0.024 0.022 0.018 0.019 0.021 0.020 0.016 0.000 0.005 0.005 0.005 0.004 0.003 0.003 0.000 0.000 0.000 0.000
0.000 0.000 0.000 0.000 0.000 0.000 0.000 0.000 0.000 0.000 0.001 0.001 0.001 0.001 0.003 0.008 0.021 0.053 0.090 0.093 0.097 0.101 0.104 0.105 0.106 0.105 0.105 0.103 0.101 0.097 0.093 0.086 0.081 0.077 0.074 0.070 0.066 0.064 0.062 0.062 0.062 0.063 0.064 0.065 0.066 0.066 0.066 0.065 0.061 0.053 0.058 0.049 0.042 0.035 0.030 0.025 0.021 0.017 0.015 0.012 0.011 0.009 0.008 0.007 0.007 0.006 0.005 0.003 0.003 0.002 0.002 0.002 0.002 0.012 0.000 0.000 0.000
0.000 0.000 0.000 0.000 0.000 0.000 0.000 0.000 0.000 0.000 0.000 0.001 0.001 0.001 0.002 0.004 0.018 0.053 0.104 0.121 0.126 0.131 0.134 0.135 0.135 0.135 0.134 0.132 0.130 0.126 0.120 0.110 0.106 0.103 0.100 0.095 0.092 0.090 0.089 0.089 0.090 0.091 0.093 0.094 0.096 0.097 0.097 0.096 0.086 0.065 0.063 0.056 0.047 0.039 0.033 0.027 0.021 0.017 0.013 0.010 0.008 0.006 0.004 0.003 0.003 0.002 0.002 0.001 0.001 0.001 0.001 0.001 0.000 0.000 0.000 0.000 0.000
0.000 0.000 0.000 0.000 0.000 0.000 0.000 0.000 0.000 0.000 0.000 0.000 0.001 0.001 0.001 0.003 0.022 0.000 0.107 0.151 0.156 0.160 0.166 0.000 0.000 0.000 0.000 0.000 0.000 0.000 0.000 0.130 0.132 0.131 0.127 0.119 0.118 0.117 0.116 0.117 0.119 0.120 0.122 0.124 0.126 0.120 0.108 0.096 0.081 0.060 0.059 0.063 0.067 0.059 0.051 0.044 0.037 0.032 0.026 0.021 0.017 0.014 0.011 0.008 0.006 0.005 0.004 0.003 0.002 0.002 0.002 0.001 0.001 0.001 0.000 0.000 0.000
0.000 0.000 0.000 0.000 0.000 0.000 0.000 0.000 0.000 0.000 0.000 0.000 0.000 0.006 0.000 0.000 0.025 0.000 0.000 0.167 0.000 0.000 0.000 0.000 0.000 0.000 0.000 0.000 0.000 0.000 0.000 0.000 0.000 0.000 0.000 0.142 0.145 0.145 0.143 0.145 0.148 0.150 0.144 0.134 0.124 0.113 0.102 0.089 0.075 0.054 0.055 0.056 0.060 0.065 0.068 0.060 0.053 0.046 0.040 0.034 0.028 0.023 0.019 0.015 0.012 0.010 0.007 0.006 0.004 0.003 0.003 0.002 0.002 0.001 0.001 0.001 0.000
0.000 0.000 0.000 0.000 0.000 0.000 0.000 0.000 0.000 0.000 0.000 0.000 0.000 0.000 0.000 0.000 0.000 0.000 0.000 0.000 0.000 0.000 0.000 0.000 0.000 0.000 0.000 0.000 0.000 0.000 0.000 0.000 0.000 0.000 0.000 0.000 0.000 0.000 0.170 0.166 0.157 0.147 0.136 0.127 0.117 0.106 0.095 0.083 0.068 0.050 0.050 0.050 0.053 0.057 0.062 0.068 0.068 0.060 0.053 0.047 0.040 0.035 0.029 0.024 0.020 0.016 0.013 0.010 0.008 0.006 0.005 0.004 0.003 0.002 0.002 0.001 0.001
0.000 0.000 0.000 0.000 0.000 0.000 0.000 0.000 0.000 0.000 0.000 0.000 0.000 0.000 0.000 0.000 0.000 0.000 0.000 0.000 0.000 0.000 0.000 0.000 0.000 0.000 0.000 0.000 0.000 0.000 0.000 0.000 0.000 0.000 0.000 0.000 0.000 0.000 0.000 0.000 0.000 0.000 0.127 0.119 0.109 0.098 0.087 0.075 0.060 0.045 0.044 0.044 0.045 0.048 0.052 0.058 0.064 0.071 0.067 0.060 0.053 0.047 0.041 0.035 0.029 0.024 0.020 0.016 0.013 0.010 0.008 0.006 0.005 0.004 0.003 0.003 0.002
0.000 0.000 0.000 0.000 0.000 0.000 0.000 0.000 0.000 0.000 0.000 0.000 0.000 0.000 0.000 0.000 0.000 0.000 0.000 0.000 0.000 0.000 0.000 0.000 0.000 0.000 0.000 0.000 0.000 0.000 0.000 0.000 0.000 0.000 0.000 0.000 0.000 0.000 0.000 0.000 0.000 0.000 0.000 0.000 0.000 0.088 0.079 0.068 0.050 0.038 0.037 0.037 0.038 0.040 0.043 0.048 0.053 0.059 0.066 0.073 0.067 0.059 0.053 0.046 0.040 0.034 0.029 0.024 0.020 0.016 0.013 0.011 0.009 0.007 0.006 0.005 0.004
0.000 0.000 0.000 0.000 0.000 0.000 0.000 0.000 0.000 0.000 0.000 0.000 0.000 0.000 0.000 0.000 0.000 0.000 0.000 0.000 0.000 0.000 0.000 0.000 0.000 0.000 0.000 0.000 0.000 0.000 0.000 0.000 0.000 0.000 0.000 0.000 0.000 0.000 0.000 0.000 0.000 0.000 0.000 0.000 0.000 0.000 0.000 0.000 0.034 0.028 0.027 0.028 0.029 0.032 0.034 0.038 0.043 0.048 0.054 0.061 0.068 0.072 0.065 0.058 0.052 0.045 0.039 0.034 0.029 0.025 0.021 0.018 0.015 0.013 0.011 0.009 0.008
0.000 0.000 0.000 0.000 0.000 0.000 0.000 0.000 0.000 0.000 0.000 0.000 0.000 0.000 0.000 0.000 0.000 0.000 0.000 0.000 0.000 0.000 0.000 0.000 0.000 0.000 0.000 0.000 0.000 0.000 0.000 0.000 0.000 0.000 0.000 0.000 0.000 0.000 0.000 0.000 0.000 0.000 0.000 0.000 0.000 0.000 0.000 0.000 0.000 0.000 0.014 0.018 0.021 0.024 0.025 0.028 0.033 0.038 0.043 0.049 0.056 0.062 0.069 0.071 0.064 0.057 0.051 0.045 0.040 0.036 0.033 0.029 0.027 0.024 0.021 0.018 0.015
0.000 0.000 0.000 0.000 0.000 0.000 0.000 0.000 0.000 0.000 0.000 0.000 0.000 0.000 0.000 0.000 0.000 0.000 0.000 0.000 0.000 0.000 0.000 0.000 0.000 0.000 0.000 0.000 0.000 0.000 0.000 0.000 0.000 0.000 0.000 0.000 0.000 0.000 0.000 0.000 0.000 0.000 0.000 0.000 0.000 0.000 0.000 0.000 0.000 0.000 0.000 0.000 0.000 0.000 0.013 0.018 0.024 0.029 0.032 0.037 0.043 0.050 0.057 0.064 0.071 0.070 0.064 0.059 0.055 0.051 0.049 0.046 0.044 0.040 0.036 0.032 0.028
0.000 0.000 0.000 0.000 0.000 0.000 0.000 0.000 0.000 0.000 0.000 0.000 0.000 0.000 0.000 0.000 0.000 0.000 0.000 0.000 0.000 0.000 0.000 0.000 0.000 0.000 0.000 0.000 0.000 0.000 0.000 0.000 0.000 0.000 0.000 0.000 0.000 0.000 0.000 0.000 0.000 0.000 0.000 0.000 0.000 0.000 0.000 0.000 0.000 0.000 0.000 0.000 0.000 0.000 0.000 0.000 0.000 0.000 0.019 0.025 0.031 0.038 0.044 0.051 0.059 0.067 0.076 0.075 0.072 0.071 0.070 0.068 0.065 0.061 0.055 0.049 0.043
0.000 0.000 0.000 0.000 0.000 0.000 0.000 0.000 0.000 0.000 0.000 0.000 0.000 0.000 0.000 0.000 0.000 0.000 0.000 0.000 0.000 0.000 0.000 0.000 0.000 0.000 0.000 0.000 0.000 0.000 0.000 0.000 0.000 0.000 0.000 0.000 0.000 0.000 0.000 0.000 0.000 0.000 0.000 0.000 0.000 0.000 0.000 0.000 0.000 0.000 0.000 0.000 0.000 0.000 0.000 0.000 0.000 0.000 0.000 0.013 0.020 0.026 0.032 0.039 0.046 0.054 0.065 0.078 0.094 0.095 0.094 0.092 0.089 0.083 0.075 0.066 0.058
0.000 0.000 0.000 0.000 0.000 0.000 0.000 0.000 0.000 0.000 0.000 0.000 0.000 0.000 0.000 0.000 0.000 0.000 0.000 0.000 0.000 0.000 0.000 0.000 0.000 0.000 0.000 0.000 0.000 0.000 0.000 0.000 0.000 0.000 0.000 0.000 0.000 0.000 0.000 0.000 0.000 0.000 0.000 0.000 0.000 0.000 0.000 0.000 0.000 0.000 0.000 0.000 0.000 0.000 0.000 0.000 0.000 0.000 0.000 0.005 0.010 0.015 0.021 0.027 0.034 0.043 0.054 0.070 0.090 0.110 0.120 0.118 0.115 0.107 0.091 0.082 0.072
0.000 0.000 0.000 0.000 0.000 0.000 0.000 0.000 0.000 0.000 0.000 0.000 0.000 0.000 0.000 0.000 0.000 0.000 0.000 0.000 0.000 0.000 0.000 0.000 0.000 0.000 0.000 0.000 0.000 0.000 0.000 0.000 0.000 0.000 0.000 0.000 0.000 0.000 0.000 0.000 0.000 0.000 0.000 0.000 0.000 0.000 0.000 0.000 0.000 0.000 0.000 0.000 0.000 0.000 0.000 0.000 0.000 0.000 0.000 0.001 0.002 0.006 0.010 0.016 0.022 0.031 0.044 0.064 0.086 0.109 0.000 0.000 0.000 0.000 0.100 0.098 0.083
0.000 0.000 0.000 0.000 0.000 0.000 0.000 0.000 0.000 0.000 0.000 0.000 0.000 0.000 0.000 0.000 0.000 0.000 0.000 0.000 0.000 0.000 0.000 0.000 0.000 0.000 0.000 0.000 0.000 0.000 0.000 0.000 0.000 0.000 0.000 0.000 0.000 0.000 0.000 0.000 0.000 0.000 0.000 0.000 0.000 0.000 0.000 0.000 0.000 0.000 0.000 0.000 0.000 0.000 0.000 0.000 0.000 0.000 0.000 0.001 0.001 0.001 0.002 0.006 0.012 0.021 0.037 0.059 0.083 0.000 0.000 0.000 0.000 0.000 0.000 0.000 0.085
0.000 0.000 0.000 0.000 0.000 0.000 0.000 0.000 0.000 0.000 0.000 0.000 0.000 0.000 0.000 0.000 0.000 0.000 0.000 0.000 0.000 0.000 0.000 0.000 0.000 0.000 0.000 0.000 0.000 0.000 0.000 0.000 0.000 0.000 0.000 0.000 0.000 0.000 0.000 0.000 0.000 0.000 0.000 0.000 0.000 0.000 0.000 0.000 0.000 0.000 0.000 0.000 0.000 0.000 0.000 0.000 0.000 0.000 0.000 0.000 0.001 0.001 0.001 0.001 0.004 0.013 0.031 0.056 0.000 0.000 0.000 0.000 0.000 0.000 0.000 0.000 0.000
0.000 0.000 0.000 0.000 0.000 0.000 0.000 0.000 0.000 0.000 0.000 0.000 0.000 0.000 0.000 0.000 0.000 0.000 0.000 0.000 0.000 0.000 0.000 0.000 0.000 0.000 0.000 0.000 0.000 0.000 0.000 0.000 0.000 0.000 0.000 0.000 0.000 0.000 0.000 0.000 0.000 0.000 0.000 0.000 0.000 0.000 0.000 0.000 0.000 0.000 0.000 0.000 0.000 0.000 0.000 0.000 0.000 0.000 0.000 0.000 0.000 0.000 0.001 0.001 0.001 0.007 0.026 0.052 0.000 0.000 0.000 0.000 0.000 0.000 0.000 0.000 0.000
0.000 0.000 0.000 0.000 0.000 0.000 0.000 0.000 0.000 0.000 0.000 0.000 0.000 0.000 0.000 0.000 0.000 0.000 0.000 0.000 0.000 0.000 0.000 0.000 0.000 0.000 0.000 0.000 0.000 0.000 0.000 0.000 0.000 0.000 0.000 0.000 0.000 0.000 0.000 0.000 0.000 0.000 0.000 0.000 0.000 0.000 0.000 0.000 0.000 0.000 0.000 0.000 0.000 0.000 0.000 0.000 0.000 0.000 0.000 0.000 0.000 0.000 0.000 0.001 0.001 0.002 0.022 0.000 0.000 0.000 0.000 0.000 0.000 0.000 0.000 0.000 0.000
0.000 0.000 0.000 0.000 0.000 0.000 0.000 0.000 0.000 0.000 0.000 0.000 0.000 0.000 0.000 0.000 0.000 0.000 0.000 0.000 0.000 0.000 0.000 0.000 0.000 0.000 0.000 0.000 0.000 0.000 0.000 0.000 0.000 0.000 0.000 0.000 0.000 0.000 0.000 0.000 0.000 0.000 0.000 0.000 0.000 0.000 0.000 0.000 0.000 0.000 0.000 0.000 0.000 0.000 0.000 0.000 0.000 0.000 0.000 0.000 0.000 0.000 0.000 0.001 0.001 0.005 0.035 0.000 0.000 0.000 0.000 0.000 0.000 0.000 0.000 0.000 0.000
0.000 0.000 0.000 0.000 0.000 0.000 0.000 0.000 0.000 0.000 0.000 0.000 0.000 0.000 0.000 0.000 0.000 0.000 0.000 0.000 0.000 0.000 0.000 0.000 0.000 0.000 0.000 0.000 0.000 0.000 0.000 0.000 0.000 0.000 0.000 0.000 0.000 0.000 0.000 0.000 0.000 0.000 0.000 0.000 0.000 0.000 0.000 0.000 0.000 0.000 0.000 0.000 0.000 0.000 0.000 0.000 0.000 0.000 0.000 0.000 0.000 0.000 0.000 0.001 0.001 0.005 0.000 0.000 0.000 0.000 0.000 0.000 0.000 0.000 0.000 0.000 0.000
0.000 0.000 0.000 0.000 0.000 0.000 0.000 0.000 0.000 0.000 0.000 0.000 0.000 0.000 0.000 0.000 0.000 0.000 0.000 0.000 0.000 0.000 0.000 0.000 0.000 0.000 0.000 0.000 0.000 0.000 0.000 0.000 0.000 0.000 0.000 0.000 0.000 0.000 0.000 0.000 0.000 0.000 0.000 0.000 0.000 0.000 0.000 0.000 0.000 0.000 0.000 0.000 0.000 0.000 0.000 0.000 0.000 0.000 0.000 0.000 0.000 0.000 0.000 0.001 0.001 0.006 0.000 0.000 0.000 0.000 0.000 0.000 0.000 0.000 0.000 0.000 0.000
