数据/LID_GR_50y/LID_GR_res2/LID_GR_163-0001.wd
ncols         694
nrows         824
xllcorner     581104.939801
yllcorner     3495917.092414
cellsize      2.000000
NODATA_value  -9999.000000
[rows 442 to 475 of 824, columns 385 to 461 of 694]
0.000 0.000 0.000 0.018 0.013 0.008 0.004 0.002 0.000 0.000 0.000 0.000 0.001 0.001 0.001 0.001 0.001 0.001 0.001 0.001 0.001 0.002 0.002 0.003 0.004 0.005 0.009 0.015 0.023 0.032 0.035 0.035 0.036 0.036 0.000 0.000 0.000 0.000 0.000 0.000 0.000 0.000 0.000 0.000 0.000 0.000 0.000 0.000 0.000 0.000 0.000 0.000 0.000 0.000 0.000 0.000 0.005 0.007 0.009 0.010 0.012 0.015 0.019 0.024 0.030 0.037 0.044 0.051 0.058 0.065 0.000 0.000 0.000 0.000 0.000 0.000 0.000
0.000 0.000 0.000 0.000 0.000 0.019 0.015 0.010 0.005 0.002 0.001 0.001 0.001 0.001 0.001 0.001 0.001 0.001 0.001 0.001 0.001 0.001 0.002 0.003 0.004 0.005 0.009 0.015 0.023 0.032 0.033 0.034 0.035 0.036 0.000 0.000 0.000 0.000 0.000 0.000 0.000 0.000 0.000 0.000 0.000 0.000 0.000 0.000 0.000 0.000 0.000 0.000 0.000 0.000 0.000 0.000 0.005 0.008 0.011 0.014 0.018 0.023 0.029 0.036 0.043 0.050 0.057 0.064 0.071 0.078 0.085 0.086 0.000 0.000 0.000 0.000 0.000
0.000 0.000 0.000 0.000 0.000 0.000 0.000 0.020 0.015 0.011 0.006 0.003 0.002 0.001 0.001 0.001 0.001 0.001 0.001 0.001 0.001 0.001 0.002 0.002 0.003 0.005 0.009 0.014 0.019 0.030 0.031 0.032 0.032 0.000 0.000 0.000 0.000 0.000 0.000 0.000 0.000 0.000 0.000 0.000 0.000 0.000 0.000 0.000 0.000 0.000 0.000 0.000 0.000 0.000 0.000 0.003 0.009 0.014 0.019 0.024 0.029 0.035 0.042 0.049 0.055 0.062 0.070 0.076 0.084 0.091 0.098 0.094 0.089 0.085 0.080 0.000 0.000
0.000 0.000 0.000 0.000 0.000 0.000 0.000 0.000 0.023 0.021 0.017 0.012 0.008 0.004 0.002 0.001 0.001 0.001 0.001 0.001 0.001 0.001 0.001 0.002 0.003 0.005 0.009 0.011 0.000 0.026 0.028 0.029 0.030 0.000 0.000 0.000 0.000 0.000 0.000 0.000 0.000 0.000 0.000 0.000 0.000 0.000 0.000 0.000 0.000 0.000 0.000 0.000 0.000 0.000 0.000 0.000 0.000 0.027 0.000 0.000 0.041 0.048 0.055 0.062 0.068 0.075 0.082 0.090 0.096 0.104 0.106 0.101 0.097 0.092 0.087 0.083 0.078
0.000 0.000 0.000 0.000 0.000 0.000 0.000 0.000 0.000 0.000 0.023 0.021 0.018 0.014 0.009 0.005 0.002 0.002 0.002 0.002 0.002 0.002 0.001 0.001 0.003 0.005 0.008 0.012 0.017 0.024 0.026 0.027 0.027 0.000 0.000 0.000 0.000 0.000 0.000 0.000 0.000 0.000 0.000 0.000 0.000 0.000 0.000 0.000 0.000 0.000 0.000 0.000 0.000 0.000 0.000 0.000 0.000 0.000 0.000 0.000 0.000 0.000 0.000 0.000 0.081 0.088 0.095 0.103 0.110 0.116 0.114 0.109 0.104 0.100 0.095 0.090 0.086
0.000 0.000 0.000 0.000 0.000 0.000 0.000 0.000 0.000 0.000 0.000 0.025 0.023 0.021 0.018 0.014 0.009 0.005 0.003 0.002 0.002 0.002 0.002 0.002 0.002 0.005 0.008 0.012 0.018 0.023 0.024 0.024 0.023 0.019 0.016 0.014 0.000 0.000 0.000 0.000 0.000 0.000 0.000 0.000 0.000 0.000 0.000 0.000 0.000 0.000 0.000 0.000 0.000 0.000 0.000 0.000 0.000 0.000 0.000 0.000 0.000 0.000 0.000 0.000 0.000 0.000 0.000 0.000 0.122 0.126 0.121 0.117 0.111 0.107 0.103 0.098 0.093
0.000 0.000 0.000 0.000 0.000 0.000 0.000 0.000 0.000 0.000 0.000 0.000 0.000 0.025 0.023 0.019 0.017 0.014 0.009 0.005 0.003 0.003 0.003 0.002 0.002 0.004 0.008 0.012 0.016 0.020 0.021 0.021 0.019 0.016 0.013 0.010 0.007 0.006 0.005 0.005 0.000 0.000 0.000 0.000 0.000 0.000 0.000 0.000 0.000 0.000 0.000 0.000 0.000 0.000 0.000 0.000 0.000 0.000 0.000 0.000 0.000 0.000 0.000 0.000 0.000 0.000 0.000 0.000 0.000 0.000 0.000 0.124 0.120 0.115 0.110 0.105 0.100
0.000 0.000 0.000 0.000 0.000 0.000 0.000 0.000 0.000 0.000 0.000 0.000 0.000 0.000 0.000 0.023 0.020 0.017 0.014 0.011 0.007 0.004 0.004 0.003 0.003 0.003 0.006 0.009 0.000 0.015 0.017 0.017 0.015 0.012 0.012 0.011 0.009 0.008 0.007 0.006 0.005 0.004 0.004 0.000 0.000 0.000 0.000 0.000 0.000 0.000 0.000 0.000 0.000 0.000 0.000 0.000 0.000 0.000 0.000 0.000 0.000 0.000 0.000 0.000 0.000 0.000 0.000 0.000 0.000 0.000 0.000 0.000 0.000 0.000 0.000 0.112 0.108
0.000 0.000 0.000 0.000 0.000 0.000 0.000 0.000 0.000 0.000 0.000 0.000 0.000 0.000 0.000 0.000 0.024 0.021 0.017 0.013 0.010 0.008 0.006 0.005 0.004 0.004 0.004 0.008 0.010 0.012 0.013 0.012 0.013 0.013 0.012 0.012 0.010 0.009 0.008 0.008 0.006 0.005 0.005 0.004 0.003 0.002 0.002 0.000 0.000 0.000 0.000 0.000 0.000 0.000 0.000 0.000 0.000 0.000 0.000 0.000 0.000 0.000 0.000 0.000 0.000 0.000 0.000 0.000 0.000 0.000 0.000 0.000 0.000 0.000 0.000 0.000 0.000
0.000 0.000 0.000 0.000 0.000 0.000 0.000 0.000 0.000 0.000 0.000 0.000 0.000 0.000 0.000 0.000 0.000 0.000 0.016 0.013 0.011 0.009 0.007 0.006 0.006 0.006 0.005 0.007 0.009 0.009 0.011 0.012 0.013 0.013 0.013 0.012 0.012 0.011 0.010 0.009 0.008 0.007 0.006 0.005 0.004 0.003 0.003 0.002 0.002 0.002 0.002 0.002 0.001 0.000 0.000 0.000 0.000 0.000 0.000 0.000 0.000 0.000 0.000 0.000 0.000 0.000 0.000 0.000 0.000 0.000 0.000 0.000 0.000 0.000 0.000 0.000 0.000
0.000 0.000 0.000 0.000 0.000 0.000 0.000 0.000 0.000 0.000 0.000 0.000 0.000 0.000 0.000 0.000 0.000 0.000 0.016 0.014 0.011 0.009 0.007 0.000 0.006 0.007 0.007 0.006 0.008 0.009 0.011 0.012 0.013 0.014 0.014 0.013 0.013 0.012 0.011 0.010 0.009 0.008 0.007 0.006 0.006 0.004 0.004 0.003 0.003 0.002 0.002 0.002 0.002 0.002 0.001 0.000 0.000 0.000 0.000 0.000 0.000 0.000 0.000 0.000 0.000 0.000 0.000 0.000 0.000 0.000 0.000 0.000 0.000 0.000 0.000 0.000 0.000
0.000 0.000 0.000 0.000 0.000 0.000 0.000 0.000 0.000 0.000 0.000 0.000 0.000 0.000 0.000 0.000 0.000 0.000 0.016 0.014 0.012 0.010 0.008 0.006 0.007 0.007 0.006 0.005 0.006 0.009 0.011 0.013 0.014 0.015 0.015 0.015 0.015 0.014 0.013 0.012 0.011 0.010 0.009 0.008 0.007 0.000 0.004 0.004 0.004 0.003 0.003 0.003 0.003 0.002 0.002 0.002 0.001 0.000 0.000 0.000 0.000 0.000 0.000 0.000 0.000 0.000 0.000 0.000 0.000 0.000 0.000 0.000 0.000 0.000 0.000 0.000 0.000
0.000 0.000 0.000 0.000 0.000 0.000 0.000 0.000 0.000 0.000 0.000 0.000 0.000 0.000 0.000 0.000 0.000 0.000 0.015 0.014 0.012 0.010 0.009 0.008 0.007 0.007 0.006 0.005 0.006 0.008 0.011 0.012 0.014 0.015 0.016 0.016 0.017 0.016 0.015 0.015 0.013 0.012 0.011 0.010 0.009 0.007 0.006 0.005 0.005 0.004 0.004 0.004 0.003 0.003 0.003 0.002 0.002 0.002 0.002 0.001 0.000 0.000 0.000 0.000 0.000 0.000 0.000 0.000 0.000 0.000 0.000 0.000 0.000 0.000 0.000 0.000 0.000
0.000 0.000 0.000 0.000 0.000 0.000 0.000 0.000 0.000 0.000 0.000 0.000 0.000 0.000 0.000 0.000 0.000 0.013 0.014 0.013 0.012 0.011 0.009 0.008 0.008 0.007 0.005 0.005 0.006 0.008 0.010 0.012 0.014 0.015 0.016 0.016 0.017 0.017 0.017 0.016 0.016 0.015 0.014 0.013 0.012 0.010 0.009 0.008 0.007 0.006 0.006 0.005 0.005 0.004 0.004 0.003 0.003 0.003 0.003 0.002 0.002 0.002 0.001 0.000 0.000 0.001 0.000 0.000 0.000 0.000 0.000 0.000 0.000 0.000 0.000 0.000 0.000
0.000 0.000 0.000 0.000 0.000 0.000 0.000 0.000 0.000 0.000 0.000 0.000 0.000 0.000 0.000 0.000 0.000 0.015 0.014 0.013 0.012 0.011 0.010 0.009 0.008 0.007 0.004 0.005 0.006 0.008 0.010 0.012 0.013 0.014 0.015 0.016 0.016 0.017 0.017 0.017 0.016 0.016 0.016 0.015 0.014 0.014 0.013 0.011 0.010 0.009 0.008 0.008 0.007 0.006 0.005 0.005 0.004 0.004 0.004 0.003 0.003 0.003 0.003 0.003 0.004 0.003 0.002 0.000 0.000 0.000 0.000 0.000 0.000 0.000 0.000 0.000 0.000
0.000 0.000 0.000 0.000 0.000 0.000 0.000 0.000 0.000 0.000 0.000 0.000 0.000 0.000 0.000 0.000 0.000 0.015 0.014 0.013 0.012 0.011 0.010 0.009 0.008 0.006 0.004 0.005 0.006 0.008 0.009 0.011 0.013 0.014 0.015 0.016 0.016 0.017 0.017 0.017 0.017 0.017 0.017 0.016 0.016 0.015 0.015 0.014 0.013 0.013 0.012 0.011 0.010 0.009 0.008 0.008 0.007 0.007 0.006 0.006 0.006 0.006 0.007 0.009 0.013 0.008 0.003 0.001 0.000 0.000 0.000 0.000 0.000 0.000 0.000 0.000 0.000
0.000 0.000 0.000 0.000 0.000 0.000 0.000 0.000 0.000 0.000 0.000 0.000 0.000 0.000 0.000 0.000 0.000 0.016 0.015 0.014 0.013 0.012 0.011 0.009 0.008 0.006 0.004 0.005 0.006 0.008 0.009 0.011 0.012 0.013 0.014 0.015 0.016 0.017 0.017 0.018 0.018 0.018 0.018 0.018 0.017 0.017 0.016 0.016 0.015 0.015 0.014 0.014 0.013 0.013 0.012 0.012 0.012 0.012 0.012 0.013 0.014 0.016 0.018 0.022 0.021 0.014 0.003 0.000 0.000 0.000 0.000 0.000 0.000 0.000 0.000 0.000 0.000
0.000 0.000 0.000 0.000 0.000 0.000 0.000 0.000 0.000 0.000 0.000 0.000 0.000 0.000 0.000 0.000 0.015 0.015 0.015 0.014 0.013 0.012 0.011 0.009 0.008 0.005 0.005 0.005 0.006 0.007 0.009 0.010 0.012 0.013 0.014 0.015 0.016 0.017 0.018 0.019 0.020 0.020 0.020 0.020 0.019 0.019 0.019 0.018 0.018 0.017 0.017 0.016 0.016 0.016 0.016 0.016 0.017 0.018 0.021 0.023 0.026 0.029 0.031 0.034 0.025 0.014 0.004 0.003 0.002 0.002 0.000 0.000 0.000 0.000 0.000 0.000 0.000
0.000 0.000 0.000 0.000 0.000 0.000 0.000 0.000 0.000 0.000 0.000 0.000 0.000 0.000 0.000 0.000 0.018 0.017 0.016 0.015 0.014 0.012 0.011 0.009 0.008 0.004 0.005 0.005 0.006 0.007 0.009 0.010 0.011 0.012 0.014 0.016 0.018 0.020 0.021 0.022 0.022 0.022 0.022 0.022 0.022 0.022 0.021 0.021 0.020 0.020 0.020 0.019 0.019 0.019 0.020 0.021 0.023 0.025 0.028 0.032 0.035 0.039 0.041 0.041 0.046 0.040 0.031 0.024 0.018 0.013 0.009 0.006 0.004 0.003 0.002 0.000 0.000
0.000 0.000 0.000 0.000 0.000 0.000 0.000 0.000 0.000 0.000 0.000 0.000 0.000 0.000 0.000 0.000 0.020 0.019 0.018 0.016 0.015 0.013 0.011 0.010 0.007 0.005 0.005 0.006 0.006 0.007 0.008 0.009 0.011 0.012 0.015 0.018 0.022 0.025 0.026 0.026 0.026 0.026 0.026 0.026 0.025 0.025 0.024 0.024 0.024 0.023 0.023 0.023 0.023 0.024 0.025 0.027 0.030 0.033 0.037 0.040 0.044 0.042 0.039 0.036 0.039 0.043 0.046 0.048 0.050 0.042 0.033 0.026 0.019 0.014 0.010 0.007 0.004
0.109 0.106 0.103 0.000 0.000 0.000 0.000 0.000 0.000 0.000 0.000 0.000 0.000 0.000 0.000 0.025 0.023 0.022 0.020 0.018 0.016 0.014 0.012 0.010 0.006 0.005 0.005 0.006 0.006 0.007 0.008 0.009 0.011 0.014 0.018 0.023 0.029 0.033 0.033 0.029 0.030 0.030 0.030 0.029 0.029 0.028 0.028 0.027 0.027 0.027 0.027 0.027 0.028 0.029 0.031 0.034 0.038 0.041 0.045 0.045 0.043 0.040 0.037 0.032 0.034 0.037 0.039 0.042 0.045 0.048 0.050 0.053 0.051 0.042 0.033 0.026 0.019
0.113 0.110 0.107 0.103 0.099 0.097 0.000 0.000 0.000 0.000 0.000 0.000 0.000 0.000 0.000 0.030 0.028 0.026 0.023 0.021 0.018 0.016 0.013 0.010 0.006 0.006 0.006 0.006 0.007 0.007 0.008 0.010 0.013 0.017 0.024 0.030 0.037 0.044 0.000 0.031 0.034 0.036 0.036 0.033 0.033 0.033 0.032 0.031 0.031 0.032 0.032 0.032 0.034 0.036 0.038 0.042 0.046 0.047 0.045 0.043 0.041 0.038 0.035 0.029 0.030 0.031 0.033 0.035 0.038 0.041 0.043 0.046 0.049 0.051 0.054 0.056 0.050
0.117 0.115 0.111 0.107 0.103 0.100 0.095 0.092 0.088 0.086 0.000 0.000 0.000 0.000 0.000 0.034 0.032 0.030 0.027 0.024 0.020 0.017 0.014 0.011 0.007 0.007 0.007 0.007 0.007 0.008 0.009 0.011 0.016 0.023 0.031 0.038 0.046 0.000 0.000 0.000 0.000 0.000 0.000 0.034 0.037 0.038 0.035 0.035 0.036 0.037 0.037 0.038 0.040 0.043 0.046 0.049 0.047 0.045 0.043 0.040 0.038 0.036 0.032 0.027 0.026 0.027 0.028 0.030 0.032 0.034 0.036 0.039 0.041 0.044 0.046 0.049 0.052
0.000 0.000 0.000 0.110 0.108 0.104 0.099 0.096 0.093 0.089 0.083 0.078 0.075 0.000 0.000 0.040 0.037 0.033 0.029 0.026 0.022 0.019 0.015 0.011 0.008 0.008 0.007 0.007 0.008 0.008 0.011 0.015 0.023 0.031 0.039 0.000 0.000 0.000 0.000 0.000 0.000 0.000 0.000 0.000 0.000 0.000 0.036 0.040 0.042 0.043 0.041 0.043 0.047 0.050 0.048 0.045 0.043 0.042 0.040 0.038 0.035 0.033 0.030 0.025 0.023 0.024 0.024 0.025 0.026 0.028 0.030 0.032 0.034 0.036 0.039 0.041 0.044
0.000 0.000 0.000 0.000 0.000 0.000 0.103 0.100 0.097 0.093 0.087 0.082 0.077 0.069 0.059 0.048 0.042 0.036 0.031 0.027 0.023 0.020 0.016 0.011 0.009 0.008 0.008 0.008 0.008 0.010 0.014 0.022 0.030 0.039 0.000 0.000 0.000 0.000 0.000 0.000 0.000 0.000 0.000 0.000 0.000 0.000 0.000 0.000 0.000 0.000 0.044 0.049 0.049 0.047 0.043 0.042 0.040 0.038 0.036 0.034 0.032 0.030 0.027 0.023 0.020 0.020 0.020 0.021 0.021 0.022 0.024 0.025 0.027 0.029 0.031 0.033 0.036
0.000 0.000 0.000 0.000 0.000 0.000 0.000 0.000 0.000 0.000 0.089 0.086 0.081 0.073 0.061 0.051 0.044 0.037 0.032 0.027 0.023 0.020 0.016 0.010 0.009 0.009 0.008 0.008 0.009 0.012 0.019 0.028 0.037 0.000 0.000 0.000 0.000 0.000 0.000 0.000 0.000 0.000 0.000 0.000 0.000 0.000 0.000 0.000 0.000 0.000 0.000 0.000 0.000 0.000 0.037 0.037 0.036 0.034 0.032 0.031 0.029 0.027 0.024 0.020 0.018 0.017 0.017 0.017 0.017 0.018 0.018 0.019 0.021 0.022 0.024 0.026 0.028
0.000 0.000 0.000 0.000 0.000 0.000 0.000 0.000 0.000 0.000 0.000 0.000 0.000 0.000 0.059 0.050 0.042 0.036 0.028 0.025 0.022 0.019 0.014 0.011 0.009 0.008 0.008 0.009 0.011 0.016 0.024 0.032 0.000 0.000 0.000 0.000 0.000 0.000 0.000 0.000 0.000 0.000 0.000 0.000 0.000 0.000 0.000 0.000 0.000 0.000 0.000 0.000 0.000 0.000 0.000 0.000 0.000 0.028 0.028 0.027 0.026 0.023 0.020 0.017 0.014 0.014 0.014 0.013 0.013 0.014 0.014 0.014 0.015 0.016 0.018 0.019 0.021
0.000 0.000 0.000 0.000 0.000 0.000 0.000 0.000 0.000 0.000 0.000 0.000 0.000 0.000 0.000 0.043 0.038 0.030 0.000 0.019 0.020 0.017 0.013 0.011 0.010 0.009 0.009 0.010 0.015 0.022 0.030 0.038 0.000 0.000 0.000 0.000 0.000 0.000 0.000 0.000 0.000 0.000 0.000 0.000 0.000 0.000 0.000 0.000 0.000 0.000 0.000 0.000 0.000 0.000 0.000 0.000 0.000 0.000 0.000 0.000 0.000 0.017 0.016 0.014 0.011 0.010 0.010 0.010 0.009 0.009 0.010 0.010 0.010 0.011 0.011 0.013 0.014
0.000 0.000 0.000 0.000 0.000 0.000 0.000 0.000 0.000 0.000 0.000 0.000 0.000 0.000 0.033 0.036 0.033 0.028 0.021 0.020 0.019 0.016 0.012 0.011 0.010 0.010 0.010 0.013 0.020 0.028 0.036 0.045 0.000 0.000 0.000 0.000 0.000 0.000 0.000 0.000 0.000 0.000 0.000 0.000 0.000 0.000 0.000 0.000 0.000 0.000 0.000 0.000 0.000 0.000 0.000 0.000 0.000 0.000 0.000 0.000 0.000 0.000 0.000 0.000 0.002 0.003 0.004 0.004 0.004 0.004 0.005 0.005 0.005 0.005 0.006 0.007 0.008
0.000 0.000 0.000 0.000 0.000 0.000 0.000 0.000 0.000 0.000 0.000 0.000 0.000 0.000 0.034 0.034 0.031 0.028 0.024 0.021 0.019 0.016 0.012 0.011 0.011 0.011 0.013 0.018 0.025 0.034 0.043 0.052 0.000 0.000 0.000 0.000 0.000 0.000 0.000 0.000 0.000 0.000 0.000 0.000 0.000 0.000 0.000 0.000 0.000 0.000 0.000 0.000 0.000 0.000 0.000 0.000 0.000 0.000 0.000 0.000 0.000 0.000 0.000 0.000 0.000 0.000 0.000 0.000 0.001 0.001 0.001 0.001 0.001 0.001 0.001 0.001 0.002
0.000 0.000 0.000 0.000 0.000 0.000 0.000 0.000 0.000 0.000 0.000 0.000 0.000 0.000 0.034 0.032 0.030 0.028 0.025 0.022 0.019 0.015 0.012 0.012 0.012 0.013 0.017 0.023 0.032 0.040 0.048 0.000 0.000 0.000 0.000 0.000 0.000 0.000 0.000 0.000 0.000 0.000 0.000 0.000 0.000 0.000 0.000 0.000 0.000 0.000 0.000 0.000 0.000 0.000 0.000 0.000 0.000 0.000 0.000 0.000 0.000 0.000 0.000 0.000 0.000 0.000 0.000 0.000 0.000 0.000 0.000 0.000 0.000 0.000 0.000 0.000 0.000
0.000 0.000 0.000 0.000 0.000 0.000 0.000 0.000 0.000 0.000 0.000 0.000 0.000 0.000 0.033 0.031 0.029 0.027 0.025 0.022 0.018 0.014 0.012 0.012 0.013 0.016 0.022 0.030 0.038 0.047 0.055 0.000 0.000 0.000 0.000 0.000 0.000 0.000 0.000 0.000 0.000 0.000 0.000 0.000 0.000 0.000 0.000 0.000 0.000 0.000 0.000 0.000 0.000 0.000 0.000 0.000 0.000 0.000 0.000 0.000 0.000 0.000 0.000 0.000 0.000 0.000 0.000 0.000 0.000 0.000 0.000 0.000 0.000 0.000 0.000 0.000 0.000
0.000 0.000 0.000 0.000 0.000 0.000 0.000 0.000 0.000 0.000 0.000 0.000 0.000 0.027 0.030 0.030 0.028 0.026 0.024 0.021 0.017 0.012 0.012 0.013 0.015 0.020 0.028 0.036 0.044 0.053 0.062 0.000 0.000 0.000 0.000 0.000 0.000 0.000 0.000 0.000 0.000 0.000 0.000 0.000 0.000 0.000 0.000 0.000 0.000 0.000 0.000 0.000 0.000 0.000 0.000 0.000 0.000 0.000 0.000 0.000 0.000 0.000 0.000 0.000 0.000 0.000 0.000 0.000 0.000 0.000 0.000 0.000 0.000 0.000 0.000 0.000 0.000
0.000 0.000 0.000 0.000 0.000 0.000 0.000 0.000 0.000 0.000 0.000 0.000 0.000 0.029 0.029 0.028 0.027 0.025 0.023 0.020 0.016 0.013 0.013 0.015 0.019 0.026 0.034 0.042 0.051 0.059 0.000 0.000 0.000 0.000 0.000 0.000 0.000 0.000 0.000 0.000 0.000 0.000 0.000 0.000 0.000 0.000 0.000 0.000 0.000 0.000 0.000 0.000 0.000 0.000 0.000 0.000 0.000 0.000 0.000 0.000 0.000 0.000 0.000 0.000 0.000 0.000 0.000 0.000 0.000 0.000 0.000 0.000 0.000 0.000 0.000 0.000 0.000
