数据/1_maxfile/100y_2h_2.max
ncols         694
nrows         824
xllcorner     581104.93980083
yllcorner     3495917.0924138
cellsize      2
NODATA_value  -9999
[rows 408 to 441 of 824, columns 385 to 461 of 694]
0.000 0.000 0.000 0.000 0.000 0.000 0.000 0.000 0.000 0.000 0.000 0.000 0.000 0.000 0.000 0.000 0.000 0.000 0.000 0.000 0.000 0.000 0.000 0.000 0.000 0.000 0.000 0.000 0.000 0.000 0.000 0.000 0.062 0.070 0.086 0.096 0.108 0.103 0.120 0.113 0.114 0.108 0.116 0.000 0.000 0.000 0.000 0.000 0.000 0.000 0.040 0.040 0.040 0.040 0.039 0.037 0.032 0.027 0.022 0.017 0.013 0.008 0.003 0.000 0.000 0.000 0.000 0.000 0.000 0.000 0.000 0.000 0.000 0.000 0.000 0.000 0.000
0.000 0.000 0.000 0.000 0.000 0.000 0.000 0.000 0.000 0.000 0.000 0.000 0.000 0.000 0.000 0.000 0.000 0.000 0.000 0.000 0.000 0.000 0.000 0.000 0.000 0.000 0.000 0.000 0.000 0.000 0.000 0.061 0.083 0.079 0.077 0.094 0.108 0.105 0.103 0.118 0.111 0.119 0.109 0.000 0.000 0.000 0.000 0.000 0.000 0.040 0.040 0.040 0.040 0.040 0.040 0.039 0.039 0.035 0.029 0.025 0.019 0.015 0.010 0.006 0.000 0.000 0.000 0.000 0.000 0.000 0.000 0.000 0.000 0.000 0.000 0.000 0.000
0.000 0.000 0.000 0.000 0.000 0.000 0.000 0.000 0.000 0.000 0.000 0.000 0.000 0.000 0.000 0.000 0.000 0.000 0.000 0.000 0.000 0.000 0.000 0.000 0.000 0.000 0.000 0.000 0.000 0.000 0.000 0.074 0.081 0.080 0.098 0.108 0.118 0.115 0.122 0.115 0.107 0.107 0.116 0.000 0.000 0.000 0.000 0.000 0.000 0.040 0.040 0.041 0.040 0.040 0.039 0.039 0.039 0.039 0.037 0.032 0.027 0.022 0.017 0.013 0.008 0.003 0.000 0.000 0.000 0.000 0.000 0.000 0.000 0.000 0.000 0.000 0.000
0.000 0.000 0.000 0.000 0.000 0.000 0.000 0.000 0.000 0.000 0.000 0.000 0.000 0.000 0.000 0.000 0.000 0.000 0.000 0.000 0.000 0.000 0.000 0.000 0.000 0.000 0.000 0.000 0.000 0.000 0.000 0.078 0.087 0.106 0.096 0.108 0.123 0.124 0.124 0.117 0.119 0.116 0.107 0.000 0.000 0.000 0.000 0.000 0.000 0.040 0.040 0.040 0.040 0.040 0.040 0.039 0.039 0.038 0.038 0.038 0.035 0.030 0.025 0.019 0.015 0.009 0.005 0.000 0.000 0.000 0.000 0.000 0.000 0.000 0.000 0.000 0.000
0.000 0.000 0.000 0.000 0.000 0.000 0.000 0.000 0.000 0.000 0.000 0.000 0.000 0.000 0.000 0.000 0.000 0.000 0.000 0.000 0.000 0.000 0.000 0.000 0.000 0.000 0.000 0.000 0.000 0.000 0.000 0.086 0.098 0.101 0.101 0.113 0.113 0.112 0.125 0.115 0.126 0.124 0.000 0.000 0.000 0.000 0.000 0.000 0.000 0.039 0.039 0.039 0.040 0.039 0.040 0.039 0.039 0.038 0.039 0.038 0.038 0.038 0.032 0.027 0.021 0.016 0.011 0.007 0.002 0.000 0.000 0.000 0.000 0.000 0.000 0.000 0.000
0.000 0.000 0.000 0.000 0.000 0.000 0.000 0.000 0.000 0.000 0.000 0.000 0.000 0.000 0.000 0.000 0.000 0.000 0.000 0.000 0.000 0.000 0.000 0.000 0.000 0.000 0.000 0.000 0.000 0.000 0.089 0.095 0.094 0.086 0.111 0.106 0.114 0.122 0.118 0.126 0.119 0.137 0.000 0.000 0.000 0.000 0.000 0.000 0.039 0.039 0.039 0.039 0.040 0.039 0.040 0.039 0.039 0.039 0.037 0.037 0.037 0.037 0.036 0.034 0.029 0.023 0.018 0.013 0.009 0.003 0.000 0.000 0.000 0.000 0.000 0.000 0.000
0.000 0.000 0.000 0.000 0.000 0.000 0.000 0.000 0.000 0.000 0.000 0.000 0.000 0.000 0.000 0.000 0.000 0.000 0.000 0.000 0.000 0.000 0.000 0.000 0.000 0.000 0.000 0.000 0.000 0.000 0.081 0.088 0.100 0.100 0.097 0.097 0.109 0.127 0.127 0.117 0.109 0.132 0.000 0.000 0.000 0.000 0.000 0.000 0.039 0.039 0.039 0.039 0.040 0.039 0.039 0.039 0.039 0.039 0.038 0.037 0.037 0.037 0.036 0.035 0.034 0.030 0.025 0.020 0.015 0.010 0.005 0.000 0.000 0.000 0.000 0.000 0.000
0.000 0.000 0.000 0.000 0.000 0.000 0.000 0.000 0.000 0.000 0.000 0.000 0.000 0.000 0.000 0.000 0.000 0.000 0.000 0.000 0.000 0.000 0.000 0.000 0.000 0.000 0.000 0.000 0.000 0.000 0.082 0.101 0.102 0.106 0.116 0.123 0.124 0.130 0.131 0.110 0.100 0.000 0.000 0.000 0.000 0.000 0.000 0.000 0.041 0.041 0.040 0.040 0.040 0.039 0.039 0.039 0.038 0.038 0.038 0.037 0.036 0.036 0.036 0.035 0.034 0.033 0.032 0.027 0.022 0.017 0.012 0.006 0.001 0.000 0.000 0.000 0.000
0.000 0.000 0.000 0.000 0.000 0.000 0.000 0.000 0.000 0.000 0.000 0.000 0.000 0.000 0.000 0.000 0.000 0.000 0.000 0.000 0.000 0.000 0.000 0.000 0.000 0.000 0.000 0.000 0.000 0.000 0.080 0.091 0.097 0.102 0.110 0.115 0.123 0.124 0.116 0.112 0.123 0.000 0.000 0.000 0.000 0.000 0.000 0.045 0.044 0.042 0.042 0.042 0.041 0.041 0.040 0.039 0.038 0.038 0.038 0.037 0.036 0.036 0.036 0.035 0.034 0.033 0.032 0.031 0.029 0.023 0.018 0.013 0.008 0.002 0.000 0.000 0.000
0.000 0.000 0.000 0.000 0.000 0.000 0.000 0.000 0.000 0.000 0.000 0.000 0.000 0.000 0.000 0.000 0.000 0.000 0.000 0.000 0.000 0.000 0.000 0.000 0.000 0.000 0.000 0.000 0.076 0.071 0.072 0.092 0.100 0.113 0.123 0.117 0.123 0.105 0.112 0.121 0.118 0.000 0.000 0.000 0.000 0.000 0.000 0.046 0.045 0.044 0.043 0.043 0.043 0.042 0.040 0.039 0.038 0.037 0.037 0.036 0.036 0.035 0.035 0.035 0.034 0.033 0.032 0.031 0.030 0.029 0.025 0.020 0.014 0.009 0.003 0.000 0.000
0.000 0.000 0.000 0.000 0.000 0.000 0.000 0.000 0.000 0.000 0.000 0.000 0.000 0.000 0.000 0.000 0.000 0.000 0.000 0.000 0.000 0.000 0.000 0.000 0.000 0.000 0.000 0.000 0.072 0.077 0.094 0.105 0.128 0.128 0.132 0.117 0.123 0.123 0.118 0.133 0.109 0.000 0.000 0.000 0.000 0.000 0.000 0.046 0.045 0.045 0.044 0.043 0.043 0.043 0.042 0.041 0.039 0.038 0.036 0.036 0.035 0.035 0.035 0.035 0.034 0.032 0.031 0.030 0.029 0.028 0.028 0.026 0.021 0.015 0.010 0.004 0.000
0.000 0.000 0.000 0.000 0.000 0.000 0.000 0.000 0.000 0.000 0.000 0.000 0.000 0.000 0.000 0.000 0.000 0.000 0.000 0.000 0.000 0.000 0.000 0.000 0.000 0.000 0.000 0.000 0.073 0.084 0.113 0.107 0.127 0.131 0.120 0.135 0.106 0.118 0.111 0.115 0.131 0.000 0.000 0.000 0.000 0.000 0.000 0.046 0.046 0.045 0.045 0.043 0.043 0.043 0.043 0.042 0.039 0.038 0.036 0.036 0.035 0.034 0.034 0.034 0.034 0.032 0.031 0.029 0.028 0.027 0.026 0.026 0.025 0.022 0.016 0.010 0.005
0.000 0.000 0.000 0.000 0.000 0.000 0.000 0.000 0.000 0.000 0.000 0.000 0.000 0.000 0.000 0.000 0.000 0.000 0.000 0.000 0.000 0.000 0.000 0.000 0.000 0.000 0.000 0.000 0.088 0.105 0.099 0.111 0.111 0.131 0.124 0.126 0.115 0.107 0.110 0.112 0.114 0.000 0.000 0.000 0.000 0.000 0.046 0.046 0.046 0.045 0.045 0.044 0.043 0.043 0.043 0.043 0.041 0.039 0.037 0.036 0.035 0.034 0.034 0.033 0.033 0.032 0.030 0.029 0.028 0.027 0.025 0.025 0.024 0.023 0.021 0.016 0.011
0.000 0.000 0.000 0.000 0.000 0.000 0.000 0.000 0.000 0.000 0.000 0.000 0.000 0.000 0.000 0.000 0.000 0.000 0.000 0.000 0.000 0.000 0.000 0.000 0.000 0.000 0.000 0.000 0.076 0.107 0.092 0.106 0.102 0.115 0.131 0.118 0.120 0.112 0.112 0.107 0.107 0.000 0.000 0.000 0.000 0.000 0.046 0.046 0.046 0.046 0.044 0.044 0.043 0.043 0.043 0.043 0.042 0.040 0.037 0.036 0.035 0.034 0.033 0.033 0.032 0.031 0.030 0.028 0.027 0.026 0.025 0.024 0.023 0.022 0.021 0.019 0.017
0.000 0.000 0.000 0.000 0.000 0.000 0.000 0.000 0.000 0.000 0.000 0.000 0.000 0.000 0.000 0.000 0.000 0.000 0.000 0.000 0.000 0.000 0.000 0.000 0.000 0.000 0.000 0.048 0.091 0.092 0.084 0.092 0.100 0.120 0.123 0.123 0.118 0.113 0.107 0.103 0.115 0.000 0.000 0.000 0.000 0.000 0.047 0.046 0.046 0.045 0.044 0.044 0.044 0.043 0.043 0.043 0.043 0.041 0.038 0.035 0.034 0.033 0.032 0.032 0.031 0.031 0.029 0.027 0.026 0.025 0.024 0.023 0.022 0.021 0.019 0.018 0.016
0.000 0.000 0.000 0.000 0.000 0.000 0.000 0.000 0.000 0.000 0.000 0.000 0.000 0.000 0.000 0.000 0.000 0.000 0.000 0.000 0.000 0.000 0.000 0.000 0.000 0.000 0.000 0.075 0.079 0.093 0.083 0.085 0.100 0.127 0.140 0.124 0.132 0.115 0.114 0.110 0.106 0.117 0.104 0.000 0.000 0.000 0.000 0.000 0.048 0.046 0.045 0.044 0.044 0.044 0.043 0.043 0.043 0.041 0.038 0.036 0.033 0.033 0.032 0.031 0.031 0.030 0.028 0.026 0.025 0.024 0.023 0.022 0.021 0.019 0.018 0.016 0.015
0.000 0.000 0.000 0.000 0.000 0.000 0.000 0.000 0.000 0.000 0.000 0.000 0.000 0.000 0.000 0.000 0.000 0.000 0.000 0.000 0.000 0.000 0.000 0.000 0.000 0.000 0.000 0.082 0.103 0.102 0.097 0.092 0.116 0.115 0.127 0.126 0.121 0.117 0.118 0.118 0.116 0.103 0.105 0.101 0.094 0.089 0.000 0.067 0.055 0.049 0.046 0.045 0.045 0.044 0.043 0.043 0.042 0.041 0.038 0.035 0.033 0.032 0.031 0.030 0.030 0.029 0.027 0.026 0.024 0.023 0.022 0.021 0.020 0.018 0.017 0.015 0.013
0.000 0.000 0.000 0.000 0.000 0.000 0.000 0.000 0.000 0.000 0.000 0.000 0.000 0.000 0.000 0.000 0.000 0.000 0.000 0.000 0.000 0.000 0.000 0.000 0.000 0.000 0.000 0.080 0.078 0.089 0.112 0.104 0.117 0.126 0.116 0.120 0.124 0.114 0.126 0.119 0.117 0.107 0.107 0.105 0.101 0.092 0.084 0.076 0.064 0.051 0.047 0.045 0.045 0.045 0.044 0.043 0.043 0.041 0.038 0.035 0.033 0.031 0.030 0.030 0.029 0.028 0.026 0.024 0.023 0.022 0.021 0.019 0.018 0.016 0.015 0.012 0.010
0.000 0.000 0.000 0.000 0.000 0.000 0.000 0.000 0.000 0.000 0.000 0.000 0.000 0.000 0.000 0.000 0.000 0.000 0.000 0.000 0.000 0.000 0.000 0.000 0.000 0.000 0.000 0.076 0.088 0.097 0.105 0.108 0.116 0.204 0.124 0.121 0.116 0.118 0.121 0.125 0.000 0.098 0.098 0.103 0.102 0.096 0.089 0.081 0.067 0.052 0.048 0.045 0.044 0.044 0.043 0.042 0.042 0.040 0.037 0.034 0.032 0.031 0.029 0.029 0.028 0.026 0.025 0.023 0.022 0.020 0.019 0.018 0.016 0.014 0.011 0.009 0.008
0.000 0.000 0.000 0.000 0.000 0.000 0.000 0.000 0.000 0.000 0.000 0.000 0.000 0.000 0.000 0.000 0.000 0.000 0.000 0.000 0.000 0.000 0.000 0.000 0.000 0.000 0.000 0.093 0.089 0.092 0.113 0.102 0.116 0.120 0.121 0.123 0.126 0.115 0.120 0.000 0.000 0.000 0.000 0.000 0.097 0.091 0.084 0.078 0.061 0.052 0.048 0.046 0.044 0.044 0.042 0.042 0.041 0.039 0.036 0.033 0.031 0.030 0.028 0.028 0.027 0.026 0.024 0.022 0.020 0.018 0.017 0.015 0.013 0.010 0.009 0.009 0.008
0.000 0.000 0.000 0.000 0.000 0.000 0.000 0.000 0.000 0.000 0.000 0.000 0.000 0.000 0.000 0.000 0.000 0.000 0.000 0.000 0.000 0.000 0.000 0.000 0.000 0.000 0.074 0.090 0.095 0.097 0.108 0.100 0.127 0.121 0.121 0.130 0.123 0.115 0.000 0.000 0.000 0.000 0.000 0.000 0.000 0.000 0.074 0.065 0.055 0.051 0.049 0.047 0.045 0.044 0.043 0.042 0.041 0.038 0.035 0.032 0.031 0.029 0.028 0.027 0.026 0.024 0.022 0.020 0.018 0.016 0.014 0.011 0.010 0.009 0.009 0.009 0.014
0.000 0.000 0.000 0.000 0.000 0.000 0.000 0.000 0.000 0.000 0.000 0.000 0.000 0.000 0.000 0.000 0.000 0.000 0.000 0.000 0.000 0.000 0.000 0.000 0.000 0.000 0.069 0.094 0.080 0.099 0.109 0.111 0.138 0.127 0.124 0.111 0.121 0.131 0.000 0.000 0.000 0.000 0.000 0.000 0.000 0.000 0.058 0.054 0.051 0.050 0.049 0.047 0.045 0.044 0.042 0.041 0.040 0.037 0.034 0.031 0.030 0.028 0.027 0.026 0.024 0.022 0.020 0.018 0.015 0.012 0.011 0.010 0.010 0.009 0.013 0.020 0.027
0.000 0.000 0.000 0.000 0.000 0.000 0.000 0.000 0.000 0.000 0.000 0.000 0.000 0.000 0.000 0.000 0.000 0.000 0.000 0.000 0.000 0.000 0.000 0.000 0.000 0.000 0.057 0.082 0.086 0.089 0.099 0.109 0.122 0.122 0.121 0.125 0.104 0.000 0.000 0.000 0.000 0.000 0.057 0.057 0.056 0.053 0.052 0.050 0.051 0.050 0.050 0.048 0.046 0.044 0.042 0.041 0.039 0.036 0.032 0.030 0.029 0.027 0.025 0.024 0.022 0.019 0.017 0.014 0.011 0.011 0.011 0.010 0.012 0.018 0.026 0.033 0.041
0.000 0.000 0.000 0.000 0.000 0.000 0.000 0.000 0.000 0.000 0.000 0.000 0.000 0.000 0.000 0.000 0.000 0.000 0.000 0.000 0.000 0.000 0.000 0.000 0.000 0.000 0.066 0.077 0.086 0.096 0.105 0.115 0.141 0.124 0.130 0.121 0.124 0.000 0.000 0.000 0.000 0.000 0.000 0.059 0.057 0.055 0.052 0.052 0.050 0.050 0.049 0.048 0.047 0.043 0.041 0.040 0.038 0.034 0.031 0.029 0.027 0.026 0.024 0.022 0.019 0.016 0.012 0.012 0.011 0.011 0.011 0.017 0.024 0.032 0.039 0.047 0.054
0.000 0.000 0.000 0.000 0.000 0.000 0.000 0.000 0.000 0.000 0.000 0.000 0.000 0.000 0.000 0.000 0.000 0.000 0.000 0.000 0.000 0.000 0.000 0.000 0.000 0.000 0.081 0.102 0.090 0.100 0.102 0.133 0.125 0.122 0.141 0.123 0.113 0.000 0.000 0.000 0.000 0.000 0.000 0.000 0.000 0.000 0.054 0.053 0.050 0.049 0.047 0.047 0.046 0.043 0.042 0.040 0.036 0.032 0.029 0.028 0.026 0.023 0.021 0.018 0.014 0.013 0.012 0.012 0.011 0.016 0.023 0.031 0.038 0.044 0.053 0.059 0.064
0.000 0.000 0.000 0.000 0.000 0.000 0.000 0.000 0.000 0.000 0.000 0.000 0.000 0.000 0.000 0.000 0.000 0.000 0.000 0.000 0.000 0.000 0.000 0.000 0.000 0.075 0.086 0.113 0.099 0.097 0.113 0.138 0.118 0.123 0.111 0.106 0.000 0.000 0.000 0.000 0.000 0.000 0.000 0.000 0.000 0.000 0.000 0.000 0.049 0.048 0.048 0.048 0.046 0.045 0.042 0.039 0.034 0.030 0.027 0.025 0.023 0.020 0.016 0.015 0.014 0.013 0.012 0.014 0.022 0.029 0.037 0.043 0.052 0.058 0.066 0.073 0.072
0.191 0.000 0.000 0.000 0.000 0.100 0.096 0.093 0.099 0.089 0.000 0.000 0.000 0.000 0.000 0.000 0.000 0.000 0.000 0.000 0.000 0.000 0.000 0.000 0.000 0.073 0.101 0.084 0.102 0.106 0.124 0.124 0.119 0.114 0.133 0.112 0.000 0.000 0.000 0.000 0.000 0.000 0.000 0.000 0.000 0.000 0.000 0.000 0.000 0.000 0.000 0.048 0.048 0.047 0.042 0.036 0.031 0.027 0.024 0.022 0.018 0.016 0.016 0.015 0.014 0.013 0.020 0.028 0.034 0.042 0.050 0.057 0.063 0.071 0.078 0.084 0.079
0.187 0.164 0.139 0.126 0.109 0.106 0.105 0.102 0.101 0.098 0.091 0.086 0.076 0.066 0.052 0.023 0.034 0.000 0.044 0.000 0.000 0.000 0.000 0.000 0.000 0.073 0.105 0.094 0.102 0.107 0.117 0.104 0.112 0.106 0.119 0.116 0.000 0.000 0.000 0.000 0.000 0.000 0.000 0.000 0.000 0.000 0.000 0.000 0.000 0.000 0.000 0.000 0.000 0.000 0.036 0.033 0.027 0.023 0.020 0.017 0.017 0.016 0.016 0.015 0.019 0.026 0.033 0.041 0.048 0.056 0.062 0.070 0.077 0.085 0.092 0.091 0.087
0.191 0.166 0.156 0.136 0.120 0.116 0.112 0.111 0.109 0.104 0.100 0.094 0.082 0.074 0.064 0.037 0.028 0.030 0.036 0.049 0.059 0.000 0.000 0.000 0.000 0.084 0.072 0.092 0.111 0.115 0.109 0.117 0.108 0.109 0.115 0.125 0.000 0.000 0.000 0.000 0.000 0.000 0.000 0.000 0.000 0.000 0.000 0.000 0.000 0.000 0.000 0.000 0.000 0.000 0.000 0.000 0.019 0.017 0.018 0.017 0.017 0.016 0.018 0.025 0.032 0.039 0.047 0.054 0.061 0.069 0.076 0.083 0.090 0.097 0.103 0.099 0.094
0.188 0.181 0.158 0.146 0.133 0.124 0.120 0.118 0.115 0.112 0.108 0.099 0.087 0.081 0.074 0.055 0.032 0.029 0.036 0.053 0.064 0.078 0.000 0.000 0.000 0.091 0.085 0.088 0.098 0.110 0.124 0.107 0.111 0.119 0.117 0.000 0.000 0.000 0.000 0.000 0.000 0.000 0.000 0.000 0.000 0.000 0.000 0.000 0.000 0.000 0.000 0.000 0.000 0.000 0.000 0.000 0.015 0.016 0.017 0.016 0.017 0.024 0.031 0.038 0.045 0.053 0.060 0.067 0.074 0.083 0.090 0.096 0.103 0.111 0.110 0.105 0.102
0.203 0.182 0.168 0.154 0.141 0.133 0.129 0.126 0.123 0.119 0.114 0.107 0.096 0.088 0.081 0.069 0.051 0.033 0.037 0.049 0.062 0.069 0.070 0.071 0.078 0.086 0.095 0.092 0.105 0.116 0.113 0.120 0.112 0.118 0.112 0.000 0.000 0.000 0.000 0.000 0.000 0.000 0.000 0.000 0.000 0.000 0.000 0.000 0.000 0.000 0.000 0.000 0.000 0.000 0.000 0.000 0.013 0.015 0.015 0.022 0.029 0.036 0.044 0.051 0.058 0.066 0.074 0.082 0.088 0.095 0.103 0.110 0.117 0.123 0.119 0.113 0.109
0.202 0.191 0.172 0.161 0.147 0.144 0.138 0.135 0.132 0.127 0.122 0.113 0.105 0.096 0.088 0.079 0.065 0.045 0.037 0.045 0.051 0.057 0.064 0.065 0.068 0.084 0.094 0.106 0.101 0.103 0.118 0.115 0.121 0.109 0.127 0.000 0.000 0.000 0.000 0.000 0.000 0.000 0.000 0.000 0.000 0.000 0.000 0.000 0.000 0.000 0.000 0.000 0.000 0.000 0.000 0.008 0.014 0.020 0.028 0.035 0.042 0.049 0.057 0.065 0.072 0.079 0.086 0.094 0.102 0.108 0.116 0.123 0.131 0.130 0.125 0.121 0.116
0.206 0.195 0.178 0.161 0.159 0.152 0.148 0.143 0.141 0.136 0.128 0.121 0.111 0.103 0.095 0.087 0.075 0.058 0.042 0.041 0.045 0.049 0.057 0.059 0.066 0.075 0.085 0.095 0.100 0.101 0.112 0.113 0.113 0.123 0.130 0.000 0.000 0.000 0.000 0.000 0.000 0.000 0.000 0.000 0.000 0.000 0.000 0.000 0.000 0.000 0.000 0.000 0.000 0.000 0.000 0.020 0.027 0.034 0.041 0.048 0.055 0.062 0.070 0.077 0.085 0.093 0.100 0.108 0.114 0.121 0.130 0.000 0.000 0.137 0.132 0.127 0.123
0.000 0.000 0.178 0.176 0.171 0.163 0.157 0.154 0.151 0.144 0.138 0.129 0.118 0.111 0.104 0.094 0.083 0.068 0.052 0.040 0.043 0.046 0.052 0.053 0.058 0.066 0.077 0.082 0.094 0.111 0.118 0.115 0.120 0.123 0.000 0.000 0.000 0.000 0.000 0.000 0.000 0.000 0.000 0.000 0.000 0.000 0.000 0.000 0.000 0.000 0.000 0.004 0.000 0.000 0.000 0.032 0.039 0.048 0.054 0.062 0.068 0.076 0.083 0.091 0.098 0.106 0.113 0.120 0.126 0.134 0.000 0.000 0.000 0.000 0.000 0.135 0.130
