数据/1_maxfile/100y_1h_2.max
ncols         694
nrows         824
xllcorner     581104.93980083
yllcorner     3495917.0924138
cellsize      2
NODATA_value  -9999
[rows 544 to 577 of 824, columns 308 to 384 of 694]
0.000 0.000 0.000 0.000 0.000 0.000 0.000 0.000 0.048 0.031 0.022 0.016 0.011 0.008 0.006 0.005 0.004 0.004 0.004 0.004 0.003 0.003 0.003 0.003 0.003 0.003 0.003 0.005 0.055 0.078 0.079 0.074 0.070 0.066 0.063 0.061 0.064 0.080 0.084 0.083 0.083 0.083 0.088 0.102 0.130 0.167 0.209 0.000 0.000 0.000 0.000 0.000 0.000 0.000 0.000 0.000 0.000 0.000 0.000 0.000 0.000 0.000 0.000 0.000 0.000 0.000 0.000 0.000 0.000 0.000 0.000 0.000 0.000 0.001 0.002 0.004 0.006
0.000 0.000 0.000 0.000 0.000 0.000 0.000 0.000 0.037 0.029 0.024 0.020 0.016 0.012 0.009 0.007 0.005 0.004 0.003 0.003 0.003 0.002 0.002 0.002 0.002 0.002 0.002 0.003 0.020 0.039 0.062 0.063 0.063 0.062 0.062 0.065 0.081 0.086 0.084 0.082 0.080 0.080 0.083 0.095 0.120 0.157 0.199 0.000 0.000 0.000 0.000 0.000 0.000 0.000 0.000 0.000 0.000 0.000 0.000 0.000 0.000 0.000 0.000 0.000 0.000 0.000 0.000 0.000 0.000 0.000 0.000 0.000 0.000 0.003 0.005 0.007 0.009
0.001 0.000 0.000 0.000 0.000 0.000 0.000 0.000 0.028 0.027 0.024 0.021 0.018 0.015 0.012 0.010 0.008 0.006 0.005 0.004 0.002 0.002 0.002 0.002 0.002 0.002 0.002 0.002 0.002 0.012 0.041 0.050 0.053 0.055 0.060 0.076 0.084 0.083 0.081 0.079 0.078 0.077 0.079 0.087 0.110 0.146 0.189 0.000 0.000 0.000 0.000 0.000 0.000 0.000 0.000 0.000 0.000 0.000 0.000 0.000 0.000 0.000 0.000 0.000 0.000 0.000 0.000 0.000 0.000 0.000 0.000 0.000 0.000 0.005 0.008 0.010 0.012
0.002 0.002 0.001 0.001 0.001 0.001 0.001 0.000 0.021 0.023 0.023 0.022 0.020 0.017 0.015 0.012 0.010 0.008 0.007 0.005 0.004 0.004 0.004 0.003 0.003 0.002 0.002 0.002 0.002 0.002 0.014 0.036 0.042 0.050 0.068 0.079 0.079 0.078 0.077 0.076 0.075 0.074 0.074 0.079 0.099 0.135 0.000 0.000 0.000 0.000 0.000 0.000 0.000 0.000 0.000 0.000 0.000 0.000 0.000 0.000 0.000 0.000 0.000 0.000 0.000 0.000 0.000 0.000 0.000 0.000 0.000 0.000 0.007 0.010 0.012 0.014 0.016
0.007 0.006 0.005 0.004 0.003 0.002 0.002 0.002 0.017 0.021 0.023 0.022 0.021 0.019 0.017 0.015 0.013 0.011 0.009 0.008 0.008 0.030 0.021 0.014 0.010 0.008 0.006 0.004 0.003 0.003 0.004 0.023 0.036 0.058 0.073 0.074 0.074 0.074 0.073 0.072 0.071 0.070 0.069 0.071 0.084 0.118 0.000 0.000 0.000 0.000 0.000 0.000 0.000 0.000 0.000 0.000 0.000 0.000 0.000 0.000 0.000 0.000 0.000 0.000 0.000 0.000 0.000 0.000 0.000 0.000 0.000 0.000 0.011 0.014 0.016 0.018 0.020
0.027 0.026 0.017 0.011 0.008 0.007 0.000 0.000 0.019 0.029 0.026 0.025 0.025 0.024 0.021 0.019 0.017 0.014 0.013 0.011 0.012 0.023 0.020 0.017 0.014 0.011 0.009 0.007 0.005 0.004 0.003 0.006 0.051 0.070 0.071 0.071 0.070 0.070 0.069 0.067 0.066 0.065 0.065 0.064 0.063 0.086 0.094 0.119 0.000 0.000 0.000 0.000 0.000 0.000 0.000 0.000 0.000 0.000 0.000 0.000 0.000 0.000 0.000 0.000 0.000 0.000 0.000 0.000 0.000 0.000 0.000 0.000 0.016 0.019 0.020 0.022 0.024
0.000 0.000 0.013 0.011 0.009 0.014 0.000 0.000 0.000 0.000 0.028 0.037 0.043 0.034 0.029 0.026 0.025 0.022 0.019 0.017 0.017 0.021 0.020 0.018 0.016 0.014 0.011 0.009 0.008 0.006 0.014 0.093 0.093 0.080 0.072 0.069 0.067 0.065 0.064 0.063 0.061 0.060 0.059 0.058 0.058 0.067 0.077 0.092 0.088 0.090 0.099 0.124 0.000 0.000 0.000 0.000 0.000 0.000 0.000 0.000 0.000 0.000 0.000 0.000 0.000 0.000 0.000 0.000 0.000 0.000 0.023 0.027 0.025 0.025 0.025 0.026 0.028
0.000 0.000 0.010 0.010 0.016 0.117 0.000 0.000 0.000 0.000 0.000 0.000 0.000 0.035 0.044 0.050 0.052 0.038 0.031 0.027 0.025 0.025 0.024 0.022 0.020 0.018 0.015 0.013 0.012 0.021 0.098 0.153 0.122 0.103 0.089 0.078 0.068 0.061 0.058 0.057 0.056 0.055 0.054 0.053 0.051 0.054 0.060 0.069 0.071 0.074 0.082 0.097 0.096 0.104 0.128 0.000 0.000 0.000 0.000 0.000 0.000 0.000 0.000 0.000 0.000 0.000 0.000 0.000 0.029 0.032 0.031 0.031 0.030 0.029 0.029 0.029 0.031
0.000 0.000 0.008 0.010 0.017 0.000 0.000 0.000 0.000 0.000 0.000 0.000 0.000 0.000 0.000 0.000 0.000 0.039 0.048 0.053 0.040 0.034 0.032 0.031 0.029 0.025 0.022 0.022 0.041 0.060 0.092 0.118 0.110 0.103 0.095 0.087 0.079 0.072 0.064 0.056 0.050 0.049 0.048 0.047 0.046 0.046 0.048 0.051 0.054 0.057 0.064 0.074 0.078 0.086 0.099 0.093 0.089 0.088 0.112 0.000 0.000 0.000 0.000 0.000 0.000 0.000 0.036 0.039 0.036 0.036 0.035 0.034 0.033 0.032 0.032 0.032 0.034
0.000 0.000 0.006 0.010 0.026 0.000 0.000 0.000 0.000 0.000 0.000 0.000 0.000 0.000 0.000 0.000 0.000 0.000 0.000 0.000 0.041 0.053 0.060 0.063 0.047 0.040 0.045 0.054 0.056 0.069 0.088 0.103 0.103 0.100 0.096 0.091 0.085 0.079 0.073 0.067 0.061 0.055 0.048 0.042 0.040 0.039 0.039 0.040 0.040 0.042 0.047 0.054 0.059 0.066 0.074 0.074 0.071 0.071 0.084 0.086 0.103 0.129 0.000 0.000 0.047 0.049 0.045 0.043 0.041 0.039 0.038 0.037 0.036 0.035 0.034 0.034 0.036
0.000 0.000 0.006 0.022 0.130 0.000 0.000 0.000 0.000 0.000 0.000 0.000 0.000 0.000 0.000 0.000 0.000 0.000 0.000 0.000 0.000 0.000 0.000 0.000 0.052 0.078 0.066 0.063 0.066 0.076 0.089 0.096 0.097 0.096 0.094 0.091 0.087 0.083 0.078 0.074 0.069 0.064 0.058 0.053 0.047 0.040 0.034 0.032 0.032 0.032 0.034 0.038 0.042 0.048 0.054 0.056 0.055 0.052 0.061 0.069 0.088 0.110 0.093 0.073 0.058 0.053 0.049 0.046 0.043 0.041 0.040 0.038 0.037 0.036 0.035 0.035 0.038
0.000 0.000 0.005 0.022 0.000 0.000 0.000 0.000 0.000 0.000 0.000 0.000 0.000 0.000 0.000 0.000 0.000 0.000 0.000 0.000 0.000 0.000 0.000 0.000 0.000 0.000 0.058 0.069 0.077 0.086 0.095 0.093 0.092 0.092 0.092 0.090 0.088 0.085 0.081 0.078 0.074 0.069 0.065 0.060 0.055 0.050 0.045 0.040 0.034 0.028 0.026 0.028 0.030 0.033 0.036 0.039 0.040 0.040 0.045 0.053 0.072 0.091 0.076 0.062 0.056 0.053 0.049 0.047 0.044 0.042 0.040 0.039 0.037 0.036 0.036 0.036 0.037
0.000 0.000 0.005 0.021 0.000 0.000 0.000 0.000 0.000 0.000 0.000 0.000 0.000 0.000 0.000 0.000 0.000 0.000 0.000 0.000 0.000 0.000 0.000 0.000 0.000 0.000 0.000 0.000 0.000 0.000 0.000 0.083 0.085 0.089 0.089 0.088 0.087 0.086 0.083 0.080 0.077 0.073 0.069 0.065 0.061 0.057 0.052 0.048 0.043 0.039 0.034 0.029 0.025 0.024 0.025 0.026 0.027 0.028 0.031 0.038 0.055 0.072 0.058 0.054 0.052 0.049 0.047 0.045 0.043 0.041 0.040 0.038 0.037 0.036 0.035 0.036 0.036
0.000 0.000 0.005 0.021 0.000 0.000 0.000 0.000 0.000 0.000 0.000 0.000 0.000 0.000 0.000 0.000 0.000 0.000 0.000 0.000 0.000 0.000 0.000 0.000 0.000 0.000 0.000 0.000 0.000 0.000 0.000 0.000 0.079 0.091 0.086 0.084 0.084 0.085 0.084 0.082 0.079 0.075 0.072 0.068 0.064 0.061 0.057 0.053 0.049 0.045 0.041 0.038 0.035 0.031 0.027 0.022 0.020 0.020 0.022 0.025 0.039 0.053 0.046 0.046 0.045 0.044 0.043 0.042 0.040 0.039 0.038 0.036 0.035 0.034 0.034 0.035 0.034
0.000 0.000 0.005 0.016 0.009 0.009 0.000 0.000 0.000 0.000 0.000 0.000 0.000 0.000 0.000 0.000 0.000 0.000 0.000 0.000 0.000 0.000 0.000 0.000 0.000 0.000 0.000 0.000 0.000 0.000 0.000 0.000 0.000 0.000 0.076 0.078 0.083 0.086 0.085 0.082 0.079 0.076 0.072 0.069 0.066 0.063 0.059 0.056 0.053 0.049 0.046 0.044 0.041 0.038 0.035 0.031 0.028 0.024 0.019 0.018 0.024 0.033 0.036 0.038 0.039 0.039 0.038 0.037 0.036 0.035 0.035 0.034 0.033 0.032 0.032 0.034 0.032
0.000 0.000 0.004 0.012 0.010 0.010 0.007 0.006 0.007 0.000 0.000 0.000 0.000 0.000 0.000 0.000 0.000 0.000 0.000 0.000 0.000 0.000 0.000 0.000 0.000 0.000 0.000 0.000 0.000 0.000 0.000 0.000 0.000 0.000 0.000 0.072 0.086 0.092 0.084 0.080 0.077 0.074 0.071 0.068 0.066 0.063 0.061 0.058 0.055 0.052 0.050 0.047 0.045 0.043 0.040 0.037 0.034 0.031 0.027 0.025 0.024 0.027 0.028 0.030 0.031 0.032 0.032 0.032 0.032 0.031 0.031 0.030 0.030 0.029 0.029 0.031 0.029
0.000 0.000 0.004 0.009 0.013 0.016 0.017 0.012 0.010 0.008 0.009 0.000 0.000 0.000 0.000 0.000 0.000 0.000 0.000 0.000 0.000 0.000 0.000 0.000 0.000 0.000 0.000 0.000 0.000 0.000 0.000 0.000 0.000 0.000 0.000 0.000 0.000 0.000 0.073 0.073 0.073 0.070 0.068 0.066 0.064 0.062 0.060 0.058 0.056 0.054 0.052 0.050 0.048 0.046 0.043 0.041 0.038 0.035 0.032 0.030 0.031 0.033 0.030 0.027 0.024 0.024 0.025 0.026 0.026 0.026 0.026 0.026 0.025 0.025 0.026 0.027 0.025
0.000 0.000 0.003 0.009 0.000 0.000 0.000 0.012 0.015 0.017 0.013 0.009 0.007 0.010 0.000 0.000 0.000 0.000 0.000 0.000 0.000 0.000 0.000 0.000 0.000 0.000 0.000 0.000 0.000 0.000 0.000 0.000 0.000 0.000 0.000 0.000 0.000 0.000 0.000 0.064 0.064 0.064 0.063 0.062 0.061 0.060 0.059 0.057 0.056 0.055 0.053 0.051 0.050 0.048 0.046 0.043 0.041 0.038 0.036 0.035 0.036 0.039 0.035 0.032 0.029 0.027 0.024 0.020 0.020 0.021 0.021 0.021 0.021 0.021 0.022 0.022 0.021
0.000 0.000 0.003 0.009 0.000 0.000 0.000 0.000 0.000 0.000 0.013 0.016 0.017 0.019 0.025 0.000 0.000 0.000 0.000 0.000 0.000 0.000 0.000 0.000 0.000 0.000 0.000 0.000 0.000 0.000 0.000 0.000 0.000 0.000 0.000 0.000 0.000 0.000 0.000 0.000 0.046 0.053 0.056 0.057 0.057 0.057 0.057 0.056 0.055 0.054 0.053 0.052 0.051 0.049 0.047 0.045 0.043 0.041 0.040 0.039 0.041 0.045 0.041 0.037 0.036 0.039 0.032 0.026 0.022 0.018 0.015 0.015 0.015 0.016 0.018 0.017 0.016
0.000 0.000 0.003 0.007 0.004 0.004 0.004 0.000 0.000 0.000 0.000 0.000 0.015 0.020 0.026 0.020 0.016 0.014 0.017 0.000 0.000 0.000 0.000 0.000 0.000 0.000 0.000 0.000 0.000 0.000 0.000 0.000 0.000 0.000 0.000 0.000 0.000 0.000 0.000 0.000 0.035 0.043 0.048 0.051 0.052 0.053 0.054 0.054 0.054 0.053 0.052 0.052 0.050 0.049 0.048 0.047 0.046 0.044 0.043 0.043 0.046 0.051 0.046 0.043 0.041 0.039 0.035 0.030 0.026 0.022 0.019 0.015 0.012 0.011 0.013 0.011 0.010
0.000 0.000 0.002 0.005 0.006 0.000 0.004 0.003 0.002 0.004 0.000 0.000 0.000 0.000 0.000 0.015 0.014 0.014 0.015 0.013 0.011 0.009 0.010 0.047 0.000 0.000 0.000 0.000 0.000 0.000 0.000 0.000 0.000 0.000 0.000 0.000 0.000 0.000 0.000 0.000 0.026 0.034 0.040 0.045 0.047 0.049 0.050 0.051 0.051 0.051 0.051 0.051 0.051 0.051 0.050 0.050 0.049 0.048 0.047 0.048 0.051 0.057 0.052 0.049 0.046 0.043 0.039 0.034 0.030 0.026 0.022 0.019 0.016 0.014 0.012 0.009 0.008
0.000 0.000 0.002 0.007 0.139 0.000 0.000 0.003 0.004 0.005 0.004 0.003 0.004 0.000 0.000 0.000 0.011 0.015 0.014 0.012 0.011 0.010 0.015 0.000 0.000 0.000 0.000 0.000 0.000 0.000 0.000 0.000 0.000 0.000 0.000 0.000 0.000 0.000 0.000 0.000 0.019 0.027 0.033 0.038 0.042 0.045 0.047 0.048 0.049 0.049 0.051 0.052 0.053 0.054 0.054 0.053 0.053 0.052 0.052 0.052 0.056 0.063 0.059 0.055 0.051 0.047 0.043 0.039 0.035 0.030 0.027 0.023 0.021 0.018 0.014 0.011 0.008
0.000 0.000 0.004 0.139 0.000 0.000 0.000 0.000 0.000 0.000 0.003 0.003 0.004 0.023 0.059 0.000 0.000 0.000 0.009 0.010 0.010 0.010 0.019 0.000 0.000 0.000 0.000 0.000 0.000 0.000 0.000 0.000 0.000 0.000 0.000 0.000 0.000 0.000 0.000 0.000 0.014 0.021 0.027 0.033 0.038 0.042 0.044 0.045 0.047 0.049 0.053 0.056 0.058 0.059 0.059 0.059 0.058 0.058 0.058 0.058 0.062 0.070 0.065 0.061 0.057 0.052 0.048 0.044 0.039 0.035 0.032 0.029 0.029 0.018 0.015 0.012 0.010
0.000 0.000 0.004 0.000 0.000 0.000 0.000 0.000 0.000 0.000 0.000 0.010 0.000 0.039 0.000 0.000 0.000 0.000 0.007 0.008 0.008 0.011 0.022 0.000 0.000 0.000 0.000 0.000 0.000 0.000 0.000 0.000 0.000 0.000 0.000 0.000 0.000 0.000 0.000 0.000 0.010 0.017 0.023 0.028 0.035 0.039 0.043 0.044 0.046 0.052 0.061 0.066 0.069 0.070 0.067 0.066 0.065 0.065 0.064 0.065 0.069 0.077 0.072 0.067 0.063 0.058 0.053 0.048 0.044 0.040 0.038 0.039 0.029 0.021 0.017 0.014 0.011
0.000 0.000 0.005 0.000 0.000 0.000 0.000 0.000 0.000 0.000 0.000 0.000 0.000 0.000 0.000 0.000 0.000 0.000 0.000 0.006 0.007 0.011 0.025 0.000 0.000 0.000 0.000 0.000 0.000 0.000 0.000 0.000 0.000 0.000 0.000 0.000 0.000 0.000 0.000 0.000 0.007 0.012 0.017 0.023 0.032 0.030 0.037 0.043 0.048 0.062 0.083 0.084 0.086 0.084 0.074 0.072 0.073 0.074 0.072 0.072 0.076 0.085 0.079 0.074 0.068 0.063 0.058 0.053 0.049 0.047 0.047 0.041 0.028 0.023 0.019 0.016 0.013
0.000 0.000 0.005 0.006 0.000 0.000 0.000 0.000 0.000 0.000 0.000 0.000 0.000 0.000 0.000 0.000 0.000 0.000 0.000 0.000 0.005 0.011 0.018 0.022 0.000 0.000 0.000 0.000 0.000 0.000 0.000 0.000 0.000 0.000 0.000 0.000 0.000 0.000 0.000 0.000 0.004 0.008 0.012 0.021 0.017 0.021 0.027 0.035 0.054 0.082 0.114 0.000 0.000 0.000 0.068 0.080 0.085 0.086 0.077 0.078 0.085 0.093 0.086 0.079 0.073 0.067 0.062 0.058 0.055 0.055 0.052 0.040 0.029 0.025 0.021 0.018 0.015
0.000 0.000 0.003 0.004 0.006 0.000 0.000 0.000 0.000 0.000 0.000 0.000 0.000 0.000 0.000 0.000 0.000 0.000 0.000 0.000 0.000 0.000 0.011 0.015 0.013 0.018 0.000 0.000 0.000 0.000 0.000 0.000 0.000 0.000 0.000 0.000 0.000 0.000 0.000 0.000 0.003 0.005 0.011 0.010 0.009 0.013 0.019 0.027 0.052 0.098 0.136 0.000 0.000 0.000 0.000 0.000 0.000 0.000 0.073 0.087 0.096 0.099 0.090 0.082 0.075 0.070 0.066 0.063 0.062 0.062 0.051 0.038 0.031 0.027 0.023 0.020 0.018
0.000 0.000 0.002 0.003 0.004 0.003 0.003 0.004 0.000 0.000 0.000 0.000 0.000 0.000 0.000 0.000 0.000 0.000 0.000 0.000 0.000 0.000 0.007 0.010 0.011 0.015 0.014 0.022 0.000 0.000 0.000 0.000 0.000 0.000 0.000 0.000 0.000 0.000 0.000 0.000 0.001 0.007 0.008 0.004 0.004 0.008 0.012 0.021 0.053 0.101 0.150 0.000 0.000 0.000 0.000 0.000 0.000 0.000 0.000 0.000 0.000 0.099 0.089 0.081 0.076 0.072 0.069 0.068 0.071 0.060 0.049 0.036 0.032 0.028 0.025 0.022 0.019
0.000 0.000 0.000 0.001 0.002 0.002 0.002 0.003 0.002 0.003 0.000 0.000 0.000 0.000 0.000 0.000 0.000 0.000 0.000 0.000 0.000 0.000 0.004 0.008 0.010 0.013 0.016 0.022 0.028 0.000 0.000 0.000 0.000 0.000 0.000 0.000 0.000 0.000 0.000 0.000 0.006 0.010 0.007 0.005 0.005 0.005 0.008 0.017 0.056 0.104 0.000 0.000 0.000 0.000 0.000 0.000 0.000 0.000 0.000 0.000 0.000 0.000 0.076 0.075 0.074 0.072 0.072 0.074 0.068 0.057 0.045 0.036 0.033 0.030 0.027 0.024 0.021
0.000 0.000 0.000 0.000 0.001 0.001 0.001 0.001 0.001 0.002 0.001 0.000 0.000 0.000 0.000 0.000 0.000 0.000 0.000 0.000 0.000 0.000 0.011 0.000 0.000 0.000 0.000 0.000 0.020 0.017 0.022 0.000 0.000 0.000 0.000 0.000 0.000 0.000 0.000 0.006 0.013 0.010 0.006 0.005 0.005 0.005 0.005 0.014 0.058 0.108 0.000 0.000 0.000 0.000 0.000 0.000 0.000 0.000 0.000 0.000 0.000 0.041 0.064 0.070 0.072 0.074 0.078 0.075 0.065 0.054 0.041 0.037 0.034 0.031 0.028 0.025 0.022
0.000 0.000 0.000 0.000 0.000 0.000 0.000 0.000 0.000 0.000 0.000 0.000 0.000 0.000 0.000 0.000 0.000 0.000 0.000 0.000 0.000 0.000 0.000 0.000 0.000 0.000 0.000 0.000 0.000 0.012 0.016 0.013 0.011 0.010 0.009 0.009 0.009 0.008 0.009 0.016 0.012 0.008 0.005 0.005 0.005 0.005 0.005 0.013 0.061 0.000 0.000 0.000 0.000 0.000 0.000 0.000 0.000 0.000 0.000 0.000 0.000 0.045 0.061 0.068 0.073 0.079 0.080 0.072 0.062 0.051 0.040 0.037 0.035 0.032 0.028 0.025 0.023
0.000 0.000 0.000 0.000 0.000 0.000 0.000 0.000 0.000 0.000 0.000 0.000 0.000 0.000 0.000 0.000 0.000 0.000 0.000 0.000 0.000 0.000 0.000 0.000 0.000 0.000 0.000 0.000 0.000 0.000 0.009 0.009 0.009 0.012 0.013 0.013 0.013 0.014 0.018 0.013 0.009 0.006 0.005 0.005 0.004 0.004 0.004 0.014 0.064 0.000 0.000 0.000 0.000 0.000 0.000 0.000 0.000 0.000 0.000 0.000 0.000 0.046 0.060 0.069 0.077 0.083 0.076 0.068 0.058 0.046 0.040 0.038 0.035 0.032 0.028 0.026 0.023
0.000 0.000 0.000 0.000 0.000 0.000 0.000 0.000 0.000 0.000 0.000 0.000 0.000 0.000 0.000 0.000 0.000 0.000 0.000 0.000 0.000 0.000 0.000 0.000 0.000 0.000 0.000 0.000 0.000 0.000 0.005 0.006 0.009 0.025 0.000 0.000 0.000 0.000 0.000 0.000 0.000 0.000 0.002 0.002 0.002 0.002 0.002 0.013 0.000 0.000 0.000 0.000 0.000 0.000 0.000 0.000 0.000 0.000 0.000 0.000 0.003 0.048 0.062 0.072 0.082 0.078 0.072 0.064 0.054 0.042 0.040 0.037 0.034 0.031 0.028 0.026 0.024
0.000 0.000 0.000 0.000 0.000 0.000 0.000 0.000 0.000 0.000 0.000 0.000 0.000 0.000 0.000 0.000 0.000 0.000 0.000 0.000 0.000 0.000 0.000 0.000 0.000 0.000 0.000 0.000 0.000 0.000 0.003 0.004 0.019 0.000 0.000 0.000 0.000 0.000 0.000 0.000 0.000 0.000 0.000 0.000 0.000 0.000 0.000 0.016 0.000 0.000 0.000 0.000 0.000 0.000 0.000 0.000 0.000 0.000 0.000 0.000 0.006 0.051 0.067 0.078 0.079 0.074 0.067 0.059 0.049 0.041 0.039 0.036 0.033 0.030 0.028 0.026 0.024
