数据/1_maxfile/150y_3h_2.max
ncols         694
nrows         824
xllcorner     581104.93980083
yllcorner     3495917.0924138
cellsize      2
NODATA_value  -9999
[rows 442 to 475 of 824, columns 385 to 461 of 694]
0.000 0.000 0.000 0.044 0.040 0.036 0.032 0.028 0.024 0.020 0.017 0.013 0.011 0.011 0.012 0.015 0.017 0.020 0.023 0.027 0.032 0.045 0.057 0.068 0.080 0.092 0.103 0.114 0.125 0.135 0.139 0.141 0.142 0.143 0.000 0.000 0.000 0.000 0.000 0.000 0.000 0.000 0.000 0.000 0.000 0.000 0.000 0.000 0.000 0.000 0.000 0.006 0.014 0.021 0.028 0.035 0.043 0.050 0.057 0.065 0.072 0.079 0.086 0.093 0.101 0.108 0.115 0.122 0.129 0.137 0.000 0.000 0.000 0.000 0.000 0.000 0.000
0.000 0.000 0.000 0.000 0.000 0.048 0.044 0.040 0.036 0.033 0.029 0.025 0.021 0.019 0.018 0.019 0.020 0.023 0.026 0.030 0.033 0.041 0.054 0.066 0.077 0.088 0.100 0.111 0.122 0.133 0.135 0.137 0.140 0.143 0.000 0.000 0.000 0.000 0.000 0.000 0.000 0.000 0.000 0.000 0.000 0.000 0.000 0.000 0.000 0.005 0.012 0.019 0.027 0.034 0.041 0.048 0.056 0.063 0.070 0.078 0.085 0.092 0.099 0.106 0.114 0.121 0.128 0.136 0.142 0.150 0.157 0.158 0.000 0.000 0.000 0.000 0.000
0.000 0.000 0.000 0.000 0.000 0.000 0.000 0.053 0.049 0.045 0.041 0.037 0.033 0.029 0.026 0.025 0.025 0.027 0.029 0.032 0.035 0.039 0.049 0.062 0.074 0.085 0.096 0.108 0.119 0.128 0.129 0.130 0.131 0.000 0.000 0.000 0.000 0.000 0.000 0.000 0.000 0.000 0.000 0.000 0.000 0.000 0.000 0.003 0.011 0.018 0.025 0.032 0.040 0.047 0.054 0.062 0.069 0.076 0.084 0.091 0.098 0.105 0.112 0.119 0.127 0.134 0.141 0.149 0.156 0.162 0.170 0.166 0.162 0.158 0.153 0.000 0.000
0.000 0.000 0.000 0.000 0.000 0.000 0.000 0.000 0.057 0.055 0.052 0.048 0.044 0.040 0.036 0.033 0.031 0.031 0.032 0.035 0.038 0.041 0.044 0.057 0.070 0.081 0.092 0.105 0.118 0.122 0.121 0.121 0.121 0.000 0.000 0.000 0.000 0.000 0.000 0.000 0.000 0.000 0.000 0.000 0.000 0.000 0.009 0.017 0.024 0.031 0.038 0.045 0.053 0.000 0.000 0.000 0.000 0.089 0.000 0.000 0.111 0.118 0.125 0.133 0.140 0.147 0.154 0.162 0.169 0.176 0.178 0.174 0.169 0.165 0.160 0.156 0.152
0.000 0.000 0.000 0.000 0.000 0.000 0.000 0.000 0.000 0.000 0.059 0.058 0.056 0.052 0.047 0.043 0.040 0.038 0.037 0.038 0.040 0.042 0.045 0.050 0.064 0.076 0.087 0.097 0.108 0.112 0.112 0.111 0.110 0.000 0.000 0.000 0.000 0.000 0.000 0.000 0.000 0.000 0.000 0.000 0.000 0.000 0.000 0.000 0.000 0.044 0.051 0.058 0.066 0.000 0.000 0.000 0.000 0.000 0.000 0.000 0.000 0.000 0.000 0.000 0.153 0.160 0.167 0.175 0.181 0.188 0.185 0.182 0.176 0.172 0.168 0.163 0.159
0.000 0.000 0.000 0.000 0.000 0.000 0.000 0.000 0.000 0.000 0.000 0.062 0.061 0.059 0.058 0.054 0.050 0.046 0.044 0.042 0.043 0.044 0.046 0.049 0.056 0.068 0.079 0.089 0.098 0.101 0.100 0.098 0.092 0.076 0.065 0.059 0.000 0.000 0.000 0.000 0.000 0.000 0.000 0.000 0.000 0.000 0.000 0.000 0.000 0.000 0.000 0.000 0.000 0.000 0.000 0.000 0.000 0.000 0.000 0.000 0.000 0.000 0.000 0.000 0.000 0.000 0.000 0.000 0.195 0.197 0.193 0.189 0.184 0.180 0.175 0.171 0.167
0.000 0.000 0.000 0.000 0.000 0.000 0.000 0.000 0.000 0.000 0.000 0.000 0.000 0.064 0.062 0.060 0.058 0.056 0.052 0.049 0.047 0.046 0.047 0.049 0.050 0.060 0.070 0.078 0.085 0.088 0.088 0.086 0.079 0.069 0.060 0.051 0.040 0.033 0.028 0.028 0.000 0.000 0.000 0.000 0.000 0.000 0.000 0.000 0.000 0.000 0.000 0.000 0.000 0.000 0.000 0.000 0.000 0.000 0.000 0.000 0.000 0.000 0.000 0.000 0.000 0.000 0.000 0.000 0.000 0.000 0.000 0.196 0.192 0.187 0.182 0.178 0.174
0.000 0.000 0.000 0.000 0.000 0.000 0.000 0.000 0.000 0.000 0.000 0.000 0.000 0.000 0.000 0.064 0.062 0.060 0.058 0.056 0.053 0.051 0.049 0.049 0.050 0.050 0.059 0.067 0.077 0.076 0.075 0.073 0.068 0.059 0.055 0.050 0.043 0.038 0.033 0.030 0.024 0.020 0.020 0.000 0.000 0.000 0.000 0.000 0.000 0.000 0.000 0.000 0.000 0.000 0.000 0.000 0.000 0.000 0.000 0.000 0.000 0.000 0.000 0.000 0.000 0.000 0.000 0.000 0.000 0.000 0.000 0.000 0.000 0.000 0.000 0.185 0.181
0.000 0.000 0.000 0.000 0.000 0.000 0.000 0.000 0.000 0.000 0.000 0.000 0.000 0.000 0.000 0.000 0.066 0.064 0.060 0.057 0.055 0.054 0.053 0.051 0.050 0.048 0.048 0.059 0.066 0.066 0.063 0.060 0.059 0.057 0.054 0.050 0.045 0.041 0.037 0.033 0.029 0.026 0.023 0.018 0.015 0.012 0.012 0.000 0.000 0.000 0.000 0.000 0.000 0.000 0.000 0.000 0.000 0.000 0.000 0.000 0.000 0.000 0.000 0.000 0.000 0.000 0.000 0.000 0.000 0.000 0.000 0.000 0.000 0.000 0.000 0.000 0.000
0.000 0.000 0.000 0.000 0.000 0.000 0.000 0.000 0.000 0.000 0.000 0.000 0.000 0.000 0.000 0.000 0.000 0.000 0.058 0.056 0.054 0.053 0.052 0.051 0.050 0.049 0.045 0.048 0.054 0.053 0.054 0.056 0.056 0.055 0.053 0.050 0.046 0.043 0.040 0.036 0.033 0.030 0.027 0.023 0.020 0.017 0.015 0.011 0.008 0.006 0.005 0.004 0.003 0.002 0.001 0.000 0.000 0.000 0.000 0.000 0.000 0.000 0.000 0.000 0.000 0.000 0.000 0.000 0.000 0.000 0.000 0.000 0.000 0.000 0.000 0.000 0.000
0.000 0.000 0.000 0.000 0.000 0.000 0.000 0.000 0.000 0.000 0.000 0.000 0.000 0.000 0.000 0.000 0.000 0.000 0.056 0.054 0.053 0.051 0.050 0.049 0.048 0.046 0.043 0.042 0.044 0.048 0.052 0.054 0.054 0.054 0.052 0.050 0.047 0.045 0.042 0.039 0.036 0.034 0.031 0.028 0.025 0.022 0.019 0.015 0.012 0.010 0.008 0.007 0.006 0.005 0.004 0.003 0.002 0.001 0.000 0.000 0.000 0.000 0.000 0.000 0.000 0.000 0.000 0.000 0.000 0.000 0.000 0.000 0.000 0.000 0.000 0.000 0.000
0.000 0.000 0.000 0.000 0.000 0.000 0.000 0.000 0.000 0.000 0.000 0.000 0.000 0.000 0.000 0.000 0.000 0.000 0.054 0.053 0.051 0.049 0.048 0.046 0.045 0.042 0.038 0.036 0.041 0.046 0.050 0.052 0.054 0.054 0.053 0.051 0.049 0.047 0.045 0.043 0.040 0.038 0.035 0.032 0.030 0.027 0.024 0.020 0.017 0.015 0.013 0.011 0.010 0.008 0.007 0.006 0.005 0.004 0.003 0.002 0.001 0.000 0.000 0.000 0.000 0.000 0.000 0.000 0.000 0.000 0.000 0.000 0.000 0.000 0.000 0.000 0.000
0.000 0.000 0.000 0.000 0.000 0.000 0.000 0.000 0.000 0.000 0.000 0.000 0.000 0.000 0.000 0.000 0.000 0.000 0.052 0.050 0.049 0.047 0.046 0.044 0.042 0.038 0.034 0.033 0.038 0.043 0.046 0.049 0.051 0.052 0.052 0.052 0.052 0.051 0.049 0.047 0.045 0.043 0.040 0.038 0.035 0.033 0.030 0.027 0.023 0.021 0.019 0.017 0.015 0.013 0.012 0.010 0.009 0.007 0.006 0.005 0.004 0.003 0.002 0.001 0.000 0.000 0.000 0.000 0.000 0.000 0.000 0.000 0.000 0.000 0.000 0.000 0.000
0.000 0.000 0.000 0.000 0.000 0.000 0.000 0.000 0.000 0.000 0.000 0.000 0.000 0.000 0.000 0.000 0.000 0.045 0.047 0.047 0.047 0.045 0.044 0.042 0.039 0.035 0.031 0.031 0.036 0.040 0.043 0.046 0.048 0.049 0.050 0.051 0.051 0.051 0.051 0.051 0.050 0.049 0.047 0.045 0.042 0.039 0.037 0.034 0.031 0.029 0.027 0.024 0.022 0.020 0.019 0.017 0.015 0.014 0.013 0.012 0.011 0.010 0.010 0.011 0.013 0.017 0.011 0.005 0.000 0.000 0.000 0.000 0.000 0.000 0.000 0.000 0.000
0.000 0.000 0.000 0.000 0.000 0.000 0.000 0.000 0.000 0.000 0.000 0.000 0.000 0.000 0.000 0.000 0.000 0.047 0.046 0.046 0.045 0.043 0.042 0.039 0.037 0.033 0.029 0.030 0.034 0.038 0.041 0.044 0.046 0.048 0.049 0.051 0.052 0.052 0.053 0.052 0.052 0.051 0.050 0.049 0.048 0.046 0.044 0.042 0.039 0.037 0.035 0.033 0.031 0.029 0.027 0.025 0.024 0.023 0.022 0.022 0.022 0.022 0.022 0.024 0.028 0.025 0.019 0.011 0.003 0.000 0.000 0.000 0.000 0.000 0.000 0.000 0.000
0.000 0.000 0.000 0.000 0.000 0.000 0.000 0.000 0.000 0.000 0.000 0.000 0.000 0.000 0.000 0.000 0.000 0.048 0.047 0.045 0.044 0.042 0.040 0.038 0.035 0.031 0.027 0.030 0.033 0.036 0.039 0.042 0.045 0.047 0.049 0.051 0.053 0.054 0.055 0.055 0.055 0.054 0.054 0.053 0.051 0.050 0.048 0.047 0.046 0.044 0.043 0.041 0.040 0.038 0.036 0.035 0.034 0.034 0.033 0.033 0.034 0.034 0.036 0.038 0.040 0.033 0.026 0.015 0.003 0.000 0.000 0.000 0.000 0.000 0.000 0.000 0.000
0.000 0.000 0.000 0.000 0.000 0.000 0.000 0.000 0.000 0.000 0.000 0.000 0.000 0.000 0.000 0.000 0.000 0.051 0.050 0.047 0.045 0.043 0.040 0.037 0.034 0.030 0.027 0.030 0.033 0.036 0.039 0.042 0.045 0.048 0.051 0.054 0.056 0.057 0.058 0.059 0.058 0.058 0.057 0.056 0.055 0.054 0.052 0.051 0.050 0.049 0.048 0.047 0.046 0.045 0.045 0.045 0.045 0.045 0.045 0.046 0.046 0.047 0.049 0.051 0.048 0.039 0.027 0.015 0.003 0.000 0.000 0.000 0.000 0.000 0.000 0.000 0.000
0.000 0.000 0.000 0.000 0.000 0.000 0.000 0.000 0.000 0.000 0.000 0.000 0.000 0.000 0.000 0.000 0.054 0.053 0.052 0.051 0.048 0.046 0.043 0.039 0.035 0.029 0.029 0.030 0.033 0.036 0.040 0.043 0.047 0.051 0.054 0.058 0.060 0.062 0.063 0.063 0.063 0.062 0.061 0.060 0.059 0.058 0.057 0.056 0.054 0.053 0.052 0.052 0.051 0.051 0.051 0.052 0.053 0.054 0.056 0.058 0.059 0.061 0.062 0.063 0.052 0.039 0.025 0.019 0.012 0.008 0.005 0.003 0.000 0.000 0.000 0.000 0.000
0.000 0.000 0.000 0.000 0.000 0.000 0.000 0.000 0.000 0.000 0.000 0.000 0.000 0.000 0.000 0.000 0.059 0.057 0.056 0.054 0.051 0.048 0.045 0.041 0.037 0.030 0.030 0.032 0.035 0.038 0.042 0.046 0.050 0.055 0.059 0.063 0.067 0.069 0.069 0.068 0.067 0.067 0.066 0.065 0.064 0.062 0.061 0.060 0.059 0.058 0.057 0.057 0.057 0.057 0.057 0.058 0.060 0.061 0.063 0.066 0.068 0.070 0.072 0.070 0.075 0.069 0.059 0.049 0.039 0.031 0.024 0.018 0.013 0.008 0.005 0.003 0.000
0.000 0.000 0.000 0.000 0.000 0.000 0.000 0.000 0.000 0.000 0.000 0.000 0.000 0.000 0.000 0.000 0.065 0.063 0.060 0.058 0.056 0.052 0.048 0.043 0.038 0.033 0.033 0.035 0.037 0.041 0.045 0.050 0.055 0.061 0.066 0.071 0.074 0.076 0.075 0.073 0.072 0.072 0.071 0.069 0.068 0.067 0.065 0.064 0.064 0.063 0.062 0.062 0.062 0.063 0.064 0.065 0.067 0.069 0.071 0.074 0.076 0.073 0.069 0.065 0.069 0.072 0.075 0.077 0.078 0.068 0.058 0.048 0.039 0.031 0.024 0.018 0.012
0.155 0.151 0.148 0.000 0.000 0.000 0.000 0.000 0.000 0.000 0.000 0.000 0.000 0.000 0.000 0.072 0.069 0.066 0.065 0.062 0.060 0.057 0.052 0.046 0.040 0.036 0.037 0.038 0.040 0.044 0.049 0.055 0.061 0.067 0.073 0.079 0.083 0.086 0.083 0.077 0.077 0.077 0.076 0.074 0.072 0.071 0.070 0.069 0.068 0.068 0.068 0.068 0.068 0.069 0.071 0.072 0.075 0.077 0.080 0.078 0.075 0.071 0.066 0.060 0.062 0.065 0.067 0.070 0.072 0.075 0.077 0.080 0.077 0.067 0.057 0.047 0.038
0.159 0.156 0.152 0.146 0.141 0.139 0.000 0.000 0.000 0.000 0.000 0.000 0.000 0.000 0.000 0.079 0.077 0.072 0.070 0.067 0.064 0.061 0.056 0.050 0.042 0.040 0.041 0.042 0.045 0.049 0.055 0.061 0.067 0.074 0.081 0.087 0.093 0.098 0.000 0.078 0.082 0.083 0.082 0.077 0.076 0.076 0.074 0.074 0.073 0.073 0.073 0.073 0.074 0.076 0.077 0.080 0.082 0.083 0.079 0.076 0.072 0.068 0.063 0.056 0.057 0.059 0.061 0.063 0.065 0.068 0.070 0.072 0.075 0.077 0.079 0.082 0.075
0.163 0.160 0.156 0.150 0.145 0.141 0.135 0.130 0.126 0.123 0.000 0.000 0.000 0.000 0.000 0.082 0.079 0.079 0.077 0.075 0.070 0.066 0.060 0.053 0.045 0.045 0.045 0.047 0.050 0.055 0.061 0.068 0.075 0.082 0.089 0.095 0.102 0.000 0.000 0.000 0.000 0.000 0.000 0.078 0.081 0.082 0.078 0.078 0.079 0.079 0.078 0.079 0.081 0.082 0.085 0.086 0.083 0.079 0.076 0.073 0.069 0.065 0.060 0.053 0.052 0.053 0.055 0.056 0.058 0.060 0.063 0.065 0.067 0.069 0.072 0.074 0.076
0.000 0.000 0.000 0.152 0.149 0.145 0.139 0.134 0.130 0.125 0.117 0.111 0.107 0.000 0.000 0.088 0.088 0.086 0.085 0.081 0.076 0.071 0.064 0.056 0.051 0.049 0.050 0.052 0.056 0.062 0.068 0.075 0.083 0.090 0.097 0.000 0.000 0.000 0.000 0.000 0.000 0.000 0.000 0.000 0.000 0.000 0.080 0.084 0.086 0.085 0.083 0.085 0.087 0.090 0.086 0.082 0.079 0.076 0.072 0.069 0.065 0.061 0.056 0.050 0.048 0.048 0.049 0.050 0.052 0.054 0.055 0.057 0.060 0.062 0.064 0.066 0.068
0.000 0.000 0.000 0.000 0.000 0.000 0.142 0.138 0.134 0.129 0.120 0.115 0.108 0.097 0.094 0.095 0.093 0.093 0.092 0.089 0.082 0.076 0.069 0.060 0.055 0.054 0.055 0.057 0.062 0.069 0.076 0.083 0.091 0.099 0.000 0.000 0.000 0.000 0.000 0.000 0.000 0.000 0.000 0.000 0.000 0.000 0.000 0.000 0.000 0.000 0.086 0.091 0.090 0.086 0.081 0.078 0.075 0.071 0.068 0.065 0.062 0.058 0.053 0.047 0.043 0.043 0.044 0.044 0.045 0.047 0.048 0.050 0.052 0.054 0.056 0.058 0.060
0.000 0.000 0.000 0.000 0.000 0.000 0.000 0.000 0.000 0.000 0.122 0.118 0.111 0.101 0.102 0.100 0.102 0.103 0.104 0.098 0.090 0.081 0.073 0.063 0.060 0.058 0.060 0.063 0.069 0.076 0.083 0.091 0.099 0.000 0.000 0.000 0.000 0.000 0.000 0.000 0.000 0.000 0.000 0.000 0.000 0.000 0.000 0.000 0.000 0.000 0.000 0.000 0.000 0.000 0.074 0.073 0.071 0.067 0.064 0.061 0.058 0.054 0.049 0.043 0.039 0.038 0.038 0.039 0.039 0.040 0.042 0.043 0.045 0.047 0.048 0.050 0.052
0.000 0.000 0.000 0.000 0.000 0.000 0.000 0.000 0.000 0.000 0.000 0.000 0.000 0.000 0.107 0.107 0.109 0.114 0.123 0.110 0.098 0.086 0.076 0.067 0.064 0.063 0.065 0.069 0.075 0.083 0.090 0.098 0.000 0.000 0.000 0.000 0.000 0.000 0.000 0.000 0.000 0.000 0.000 0.000 0.000 0.000 0.000 0.000 0.000 0.000 0.000 0.000 0.000 0.000 0.000 0.000 0.000 0.060 0.060 0.057 0.054 0.048 0.044 0.039 0.034 0.033 0.033 0.033 0.033 0.034 0.035 0.036 0.038 0.039 0.041 0.043 0.045
0.000 0.000 0.000 0.000 0.000 0.000 0.000 0.000 0.000 0.000 0.000 0.000 0.000 0.000 0.000 0.112 0.115 0.128 0.160 0.124 0.104 0.089 0.077 0.070 0.067 0.067 0.070 0.075 0.082 0.090 0.097 0.105 0.000 0.000 0.000 0.000 0.000 0.000 0.000 0.000 0.000 0.000 0.000 0.000 0.000 0.000 0.000 0.000 0.000 0.000 0.000 0.000 0.000 0.000 0.000 0.000 0.000 0.000 0.000 0.000 0.000 0.041 0.039 0.035 0.027 0.026 0.026 0.026 0.027 0.027 0.028 0.029 0.030 0.032 0.033 0.035 0.037
0.000 0.000 0.000 0.000 0.000 0.000 0.000 0.000 0.000 0.000 0.000 0.000 0.000 0.000 0.106 0.109 0.112 0.118 0.127 0.113 0.100 0.088 0.076 0.072 0.070 0.071 0.075 0.081 0.088 0.096 0.104 0.113 0.000 0.000 0.000 0.000 0.000 0.000 0.000 0.000 0.000 0.000 0.000 0.000 0.000 0.000 0.000 0.000 0.000 0.000 0.000 0.000 0.000 0.000 0.000 0.000 0.000 0.000 0.000 0.000 0.000 0.000 0.000 0.000 0.015 0.018 0.019 0.020 0.019 0.020 0.021 0.022 0.023 0.024 0.026 0.027 0.029
0.000 0.000 0.000 0.000 0.000 0.000 0.000 0.000 0.000 0.000 0.000 0.000 0.000 0.000 0.107 0.107 0.108 0.111 0.112 0.104 0.095 0.084 0.075 0.072 0.072 0.075 0.080 0.087 0.094 0.103 0.111 0.120 0.000 0.000 0.000 0.000 0.000 0.000 0.000 0.000 0.000 0.000 0.000 0.000 0.000 0.000 0.000 0.000 0.000 0.000 0.000 0.000 0.000 0.000 0.000 0.000 0.000 0.000 0.000 0.000 0.000 0.000 0.000 0.000 0.000 0.000 0.000 0.000 0.009 0.011 0.013 0.014 0.015 0.017 0.018 0.020 0.021
0.000 0.000 0.000 0.000 0.000 0.000 0.000 0.000 0.000 0.000 0.000 0.000 0.000 0.000 0.105 0.104 0.105 0.104 0.102 0.097 0.089 0.080 0.074 0.073 0.074 0.079 0.085 0.092 0.100 0.109 0.118 0.000 0.000 0.000 0.000 0.000 0.000 0.000 0.000 0.000 0.000 0.000 0.000 0.000 0.000 0.000 0.000 0.000 0.000 0.000 0.000 0.000 0.000 0.000 0.000 0.000 0.000 0.000 0.000 0.000 0.000 0.000 0.000 0.000 0.000 0.000 0.000 0.000 0.000 0.000 0.000 0.004 0.006 0.008 0.010 0.012 0.013
0.000 0.000 0.000 0.000 0.000 0.000 0.000 0.000 0.000 0.000 0.000 0.000 0.000 0.000 0.101 0.101 0.100 0.098 0.096 0.090 0.083 0.076 0.073 0.074 0.078 0.083 0.090 0.098 0.107 0.115 0.124 0.000 0.000 0.000 0.000 0.000 0.000 0.000 0.000 0.000 0.000 0.000 0.000 0.000 0.000 0.000 0.000 0.000 0.000 0.000 0.000 0.000 0.000 0.000 0.000 0.000 0.000 0.000 0.000 0.000 0.000 0.000 0.000 0.000 0.000 0.000 0.000 0.000 0.000 0.000 0.000 0.000 0.000 0.000 0.000 0.003 0.005
0.000 0.000 0.000 0.000 0.000 0.000 0.000 0.000 0.000 0.000 0.000 0.000 0.000 0.090 0.094 0.095 0.095 0.093 0.090 0.085 0.079 0.072 0.073 0.076 0.081 0.088 0.095 0.103 0.112 0.121 0.130 0.000 0.000 0.000 0.000 0.000 0.000 0.000 0.000 0.000 0.000 0.000 0.000 0.000 0.000 0.000 0.000 0.000 0.000 0.000 0.000 0.000 0.000 0.000 0.000 0.000 0.000 0.000 0.000 0.000 0.000 0.000 0.000 0.000 0.000 0.000 0.000 0.000 0.000 0.000 0.000 0.000 0.000 0.000 0.000 0.000 0.000
0.000 0.000 0.000 0.000 0.000 0.000 0.000 0.000 0.000 0.000 0.000 0.000 0.000 0.091 0.091 0.091 0.090 0.088 0.085 0.081 0.074 0.071 0.074 0.079 0.085 0.092 0.100 0.108 0.117 0.126 0.000 0.000 0.000 0.000 0.000 0.000 0.000 0.000 0.000 0.000 0.000 0.000 0.000 0.000 0.000 0.000 0.000 0.000 0.000 0.000 0.000 0.000 0.000 0.000 0.000 0.000 0.000 0.000 0.000 0.000 0.000 0.000 0.000 0.000 0.000 0.000 0.000 0.000 0.000 0.000 0.000 0.000 0.000 0.000 0.000 0.000 0.000
