数据/1_maxfile/200y_2h_2.max
ncols         694
nrows         824
xllcorner     581104.93980083
yllcorner     3495917.0924138
cellsize      2
NODATA_value  -9999
[rows 646 to 679 of 824, columns 154 to 230 of 694]
0.908 0.586 0.634 0.601 0.535 0.622 0.561 0.567 0.545 0.463 0.390 0.258 0.142 0.145 0.000 0.000 0.000 0.000 0.000 0.000 0.000 0.000 0.000 0.555 0.450 0.222 0.318 0.377 0.231 0.574 0.305 0.287 0.246 0.257 0.096 0.047 0.058 0.092 0.201 0.341 0.112 0.085 0.084 0.005 0.088 0.003 0.000 0.000 0.000 0.000 0.787 0.590 0.711 0.712 0.626 0.000 0.000 0.000 0.000 0.000 0.352 0.630 0.688 0.437 0.249 0.532 0.139 0.216 0.234 0.129 0.000 0.000 0.154 0.080 0.000 0.000 0.000
0.646 0.645 0.598 0.529 0.610 0.592 0.676 0.672 0.552 0.588 0.363 0.393 0.244 0.313 0.098 0.000 0.000 0.000 0.000 0.000 0.000 0.000 0.000 0.000 0.337 0.369 0.151 0.334 0.344 0.265 0.224 0.251 0.100 0.062 0.047 0.126 0.245 0.278 0.298 0.117 0.109 0.135 0.106 0.003 0.127 0.000 0.000 0.000 0.000 0.000 0.702 0.762 0.689 0.609 0.487 0.000 0.000 0.000 0.000 0.000 0.621 0.887 0.887 0.774 0.335 0.553 0.326 0.331 0.375 0.211 0.402 0.337 0.108 0.134 0.216 0.693 0.451
0.700 0.584 0.586 0.625 0.618 0.628 0.583 0.575 0.707 0.618 0.449 0.325 0.351 0.275 0.238 0.193 0.000 0.000 0.000 0.000 0.000 0.000 0.000 0.000 0.000 0.249 0.285 0.194 0.237 0.377 0.269 0.220 0.200 0.191 0.107 0.138 0.182 0.133 0.170 0.191 0.187 0.054 0.086 0.020 0.127 0.000 0.000 0.000 0.000 0.000 0.177 0.384 0.379 0.272 0.440 0.000 0.000 0.000 0.000 0.000 0.789 0.000 0.000 0.000 0.871 0.697 0.543 0.497 0.385 0.351 0.417 0.271 0.322 0.213 0.523 0.399 0.434
0.681 0.710 0.742 0.519 0.655 0.663 0.612 0.595 0.700 0.538 0.500 0.444 0.504 0.388 0.286 0.286 0.206 0.000 0.000 0.000 0.000 0.000 0.000 0.000 0.000 0.087 0.055 0.000 0.000 0.244 0.090 0.127 0.064 0.072 0.071 0.156 0.131 0.134 0.126 0.137 0.104 0.144 0.033 0.255 0.082 0.000 0.000 0.000 0.000 0.000 0.461 0.578 0.133 0.100 0.238 0.000 0.000 0.000 0.468 0.359 0.638 0.000 0.000 0.000 0.000 0.000 0.573 0.488 0.399 0.459 0.374 0.293 0.338 0.410 0.621 0.466 0.482
0.691 0.659 0.662 0.479 0.553 0.504 0.572 0.532 0.638 0.537 0.607 0.610 0.567 0.485 0.296 0.314 0.286 0.064 0.000 0.000 0.000 0.000 0.000 0.000 0.435 0.191 0.044 0.000 0.000 0.000 0.121 0.091 0.050 0.028 0.058 0.106 0.145 0.121 0.239 0.147 0.070 0.135 0.265 0.000 0.000 0.000 0.000 0.000 0.000 1.079 1.404 1.608 0.742 0.328 0.665 0.000 0.000 0.000 0.577 0.314 0.434 0.000 0.000 0.000 0.000 0.000 0.479 0.443 0.387 0.402 0.475 0.427 0.338 0.337 0.703 0.676 0.526
0.000 0.757 0.484 0.513 0.608 0.618 0.609 0.541 0.520 0.669 0.745 0.781 0.667 0.580 0.466 0.408 0.138 0.015 0.000 0.000 0.000 0.000 0.000 0.328 0.246 0.123 0.000 0.000 0.000 0.000 0.000 0.000 0.258 0.108 0.122 0.150 0.171 0.194 0.127 0.090 0.230 0.085 0.000 0.000 0.000 0.000 0.814 0.844 0.769 0.821 1.038 1.139 1.132 1.214 1.428 0.000 0.000 0.000 0.624 0.507 0.505 0.000 0.000 0.000 0.000 0.760 0.507 0.507 0.414 0.445 0.532 0.507 0.408 0.475 0.587 0.604 0.729
0.000 0.000 0.588 0.634 0.600 0.517 0.515 0.584 0.559 0.601 0.723 0.699 0.705 0.662 0.527 0.410 0.181 0.000 0.000 0.000 0.000 0.000 0.181 0.285 0.300 0.000 0.000 0.000 0.000 0.000 0.000 0.000 0.000 0.367 0.329 0.436 0.128 0.081 0.025 0.233 0.081 0.603 0.000 0.000 0.000 0.000 0.000 0.000 1.392 1.030 0.891 0.926 1.108 0.913 0.000 0.000 0.000 0.000 0.488 0.394 0.362 0.000 0.000 0.000 0.000 0.000 0.604 0.518 0.478 0.521 0.432 0.371 0.501 0.321 0.598 0.556 0.487
0.000 0.000 0.000 0.445 0.492 0.502 0.527 0.634 0.575 0.573 0.657 0.704 0.750 0.778 0.568 0.387 0.332 0.119 0.010 0.004 0.004 0.017 0.102 0.189 0.000 0.000 0.000 0.000 0.000 0.000 0.000 0.000 0.000 0.000 0.673 0.404 0.461 0.225 0.223 0.114 0.313 0.000 0.000 0.000 0.000 0.000 0.000 0.000 0.000 1.153 0.980 0.980 0.511 0.303 0.000 0.000 0.000 0.000 0.671 0.388 0.196 0.000 0.000 0.000 0.000 0.648 0.620 0.526 0.539 0.678 0.556 0.378 0.519 0.286 0.431 0.537 0.470
0.000 0.000 0.000 0.000 0.537 0.509 0.530 0.654 0.598 0.631 0.748 0.734 0.772 0.658 0.696 0.646 0.513 0.396 0.268 0.018 0.005 0.007 0.029 0.065 0.000 0.000 0.000 0.000 0.000 0.000 0.000 0.000 0.000 0.000 0.000 0.000 0.731 0.443 0.306 0.370 0.328 0.005 0.000 0.000 0.000 0.000 0.000 0.000 0.000 1.496 1.538 1.302 1.063 0.702 0.000 0.000 0.000 0.456 0.515 0.469 0.669 0.000 0.000 0.000 0.000 0.729 0.556 0.750 0.761 0.702 0.682 0.347 0.445 0.476 0.394 0.454 0.510
0.000 0.000 0.000 0.000 0.000 0.482 0.589 0.697 0.653 0.641 0.659 0.544 0.638 0.648 0.614 0.823 0.750 0.592 0.410 0.189 0.010 0.005 0.008 0.015 0.000 0.000 0.000 0.000 0.000 0.000 0.000 0.000 0.000 0.000 0.000 0.000 0.000 0.968 0.654 0.621 0.140 0.006 0.033 0.002 0.000 0.000 0.000 0.000 0.000 1.865 1.675 1.461 1.315 1.451 0.000 0.000 0.000 0.704 0.301 0.306 0.000 0.000 0.000 0.000 1.010 0.914 0.606 0.498 0.548 0.628 0.684 0.461 0.287 0.535 0.453 0.389 0.325
0.000 0.000 0.000 0.000 0.000 0.000 0.643 0.558 0.609 0.644 0.578 0.595 0.697 0.747 0.790 0.877 0.853 0.705 0.494 0.358 0.202 0.055 0.007 0.005 0.000 0.000 0.000 0.000 0.000 0.000 0.000 0.000 0.000 0.000 0.000 0.000 0.000 0.000 0.000 0.498 0.213 0.332 0.290 0.290 0.129 0.000 0.000 0.000 0.000 0.938 1.154 1.046 0.758 0.788 0.000 0.000 0.000 0.509 0.343 0.265 0.000 0.000 0.000 0.000 0.966 0.989 0.745 0.580 0.570 0.590 0.639 0.586 0.581 0.392 0.455 0.433 0.447
0.000 0.000 0.000 0.000 0.000 0.000 0.000 0.538 0.619 0.654 0.600 0.606 0.789 0.704 0.817 0.832 0.811 0.689 0.720 0.537 0.504 0.229 0.063 0.008 0.000 0.000 0.000 0.000 0.000 0.000 0.000 0.000 0.000 0.000 0.000 0.000 0.000 0.000 0.000 0.000 0.692 0.660 0.507 0.227 0.318 0.378 0.165 0.000 0.000 0.537 0.540 0.505 1.040 0.845 0.000 0.000 0.000 0.594 0.441 0.258 0.000 0.000 0.000 0.000 1.034 1.146 0.880 0.830 0.802 0.681 0.650 0.657 0.621 0.541 0.571 0.430 0.368
0.000 0.000 0.000 0.000 0.000 0.000 0.000 0.000 0.691 0.657 0.600 0.734 0.644 0.628 0.750 0.828 0.806 0.681 0.940 0.845 0.708 0.491 0.362 0.211 0.014 0.001 0.000 0.000 0.000 0.000 0.000 0.000 0.000 0.000 0.000 0.000 0.000 0.000 0.000 0.000 0.000 0.835 0.840 0.582 0.514 0.499 0.520 0.599 0.000 1.411 1.305 1.521 1.308 0.000 0.000 0.000 0.000 0.826 0.581 0.318 0.000 0.000 0.000 0.000 1.070 1.346 0.000 0.000 1.362 0.881 0.857 0.570 0.667 0.737 0.631 0.562 0.427
0.000 0.000 0.000 0.000 0.000 0.000 0.000 0.000 0.000 0.708 0.668 0.576 0.582 0.652 0.807 0.825 0.714 0.951 0.841 0.807 0.914 0.844 0.761 0.563 0.467 0.173 0.002 0.000 0.000 0.000 0.000 0.000 0.000 0.000 0.000 0.000 0.000 0.000 0.000 0.000 0.000 0.000 0.000 0.856 0.681 0.913 0.904 1.039 1.848 0.950 1.902 2.016 1.882 0.000 0.000 0.000 0.000 0.566 0.336 0.237 0.000 0.000 0.000 0.000 1.039 0.000 0.000 0.000 0.000 0.000 0.000 0.000 0.000 0.000 0.608 0.638 0.570
0.000 0.000 0.000 0.000 0.000 0.000 0.000 0.000 0.000 0.000 0.000 0.779 0.621 0.700 0.740 0.791 0.737 0.793 0.769 0.956 0.968 0.871 0.759 0.712 0.492 0.358 0.260 0.012 0.001 0.001 0.000 0.000 0.000 0.000 0.000 0.000 0.000 0.000 0.000 0.000 0.000 0.000 0.000 0.000 1.252 1.677 1.076 0.934 1.301 1.980 2.375 1.955 1.321 0.000 0.000 0.000 1.068 0.405 0.774 0.400 0.000 0.000 0.000 0.956 0.844 0.000 0.000 0.000 0.000 0.000 0.000 0.000 0.000 0.000 0.000 0.000 0.000
0.000 0.000 0.000 0.000 0.000 0.000 0.000 0.000 0.000 0.000 0.000 0.000 0.690 0.777 0.684 0.766 0.821 0.925 0.891 0.970 0.915 0.974 1.139 0.866 0.812 0.660 0.349 0.208 0.004 0.074 0.105 0.045 0.004 0.001 0.000 0.000 0.000 0.000 0.000 0.000 0.000 0.000 0.000 0.000 0.000 0.000 1.308 1.870 1.256 1.362 1.494 1.279 0.925 0.000 0.000 0.000 0.877 1.080 0.814 0.575 0.000 0.000 0.000 0.746 0.992 0.000 0.000 0.000 0.000 0.000 0.000 0.000 0.000 0.000 0.000 0.000 0.000
0.000 0.000 0.000 0.000 0.000 0.000 0.000 0.000 0.000 0.000 0.000 0.000 0.000 0.849 0.844 0.777 0.948 1.049 0.818 0.996 0.947 0.976 0.823 0.944 0.962 0.817 0.707 0.388 0.439 0.359 0.208 0.107 0.123 0.042 0.027 0.042 0.000 0.000 0.000 0.000 0.000 0.000 0.000 0.000 0.000 0.000 0.000 1.692 1.741 1.602 1.571 2.402 2.051 0.000 0.000 0.000 0.850 0.744 0.343 0.341 0.000 0.000 0.000 0.726 0.637 0.000 0.000 0.000 0.000 0.000 0.000 0.000 0.000 0.000 0.000 0.000 0.000
0.000 0.000 0.000 0.000 0.000 0.000 0.000 0.000 0.000 0.000 0.000 0.000 0.000 0.000 0.812 0.782 0.857 0.855 0.967 0.922 0.886 0.876 0.907 0.910 0.963 0.990 0.891 0.803 0.534 0.503 0.435 0.360 0.315 0.179 0.100 0.051 0.003 0.035 0.000 0.000 0.000 0.000 0.000 0.000 0.000 0.000 0.000 0.000 2.128 1.517 1.455 1.520 1.876 0.000 0.000 0.000 1.156 0.883 0.567 0.652 0.628 0.727 0.553 0.686 0.602 0.000 0.000 0.000 0.280 0.158 0.020 0.214 0.083 0.001 0.000 0.000 0.000
0.000 0.000 0.000 0.000 0.000 0.000 0.000 0.000 0.000 0.000 0.000 0.000 0.000 0.000 0.000 0.852 0.762 0.798 0.937 0.837 0.801 0.856 0.889 0.948 1.001 1.010 0.814 0.901 0.778 0.634 0.699 0.616 0.419 0.413 0.293 0.213 0.289 0.254 0.142 0.000 0.000 0.000 0.000 0.000 0.000 0.000 0.000 0.000 1.686 1.802 2.093 2.519 2.397 1.071 1.410 1.352 1.242 0.934 0.980 0.708 0.578 0.853 0.835 0.796 0.675 0.514 0.395 0.177 0.397 0.226 0.132 0.042 0.180 0.071 0.031 0.047 0.000
0.000 0.000 0.000 0.000 0.000 0.000 0.000 0.000 0.000 0.000 0.000 0.000 0.000 0.000 0.000 0.000 0.780 0.850 0.810 0.955 0.729 0.900 0.885 0.989 0.914 0.984 1.012 1.174 1.085 0.970 0.839 0.711 0.790 0.816 0.842 0.771 0.662 0.404 0.285 0.348 0.076 0.000 0.000 0.000 0.000 0.000 0.000 0.000 1.260 1.002 0.967 1.647 1.517 0.000 1.667 1.714 1.085 1.033 0.925 0.779 0.618 0.957 1.146 0.930 0.764 0.945 0.533 0.498 0.395 0.513 0.411 0.462 0.253 0.208 0.321 0.443 0.530
0.000 0.000 0.000 0.000 0.000 0.000 0.000 0.000 0.000 0.000 0.000 0.000 0.000 0.000 0.000 0.000 0.000 0.916 0.929 0.855 0.846 0.889 0.924 0.889 0.985 1.110 1.159 0.958 0.951 1.018 0.793 0.656 0.645 0.657 0.610 0.526 0.589 0.676 0.487 0.341 0.120 0.005 0.000 0.000 0.000 0.000 0.000 0.950 1.044 0.787 0.810 0.941 0.562 0.000 0.000 0.000 0.000 0.000 1.098 1.215 0.421 0.560 0.000 0.000 0.000 0.000 0.000 0.770 0.801 0.620 0.610 0.469 0.429 0.365 0.483 0.411 0.000
0.000 0.000 0.000 0.000 0.000 0.000 0.000 0.000 0.000 0.000 0.000 0.000 0.000 0.000 0.000 0.000 0.000 0.000 0.934 0.971 0.934 0.842 0.814 0.984 1.015 1.153 1.046 0.939 0.864 0.796 0.839 1.038 1.058 0.996 0.937 1.232 0.929 0.437 0.214 0.374 0.295 0.320 0.297 0.141 0.000 0.000 1.029 0.763 1.236 1.034 0.632 0.621 0.000 0.000 0.000 0.000 0.000 0.000 1.418 0.839 1.265 1.235 0.000 0.000 0.000 0.000 0.000 0.000 0.000 0.000 0.000 0.000 0.000 0.731 0.597 0.533 0.000
0.000 0.000 0.000 0.000 0.000 0.000 0.001 0.004 0.000 0.000 0.000 0.000 0.000 0.000 0.000 0.000 0.000 0.000 0.000 0.832 0.799 0.832 0.855 0.934 1.100 1.113 1.009 0.816 0.977 0.916 1.340 0.885 1.488 1.154 0.933 0.850 0.745 0.462 0.373 0.398 0.537 0.243 0.432 0.539 0.731 0.000 1.124 0.822 0.822 0.957 0.844 0.656 0.000 0.000 0.000 0.000 0.000 0.000 1.470 1.166 0.624 0.000 0.000 0.000 0.000 0.000 0.000 0.000 0.000 0.000 0.000 0.000 0.000 0.000 0.000 0.681 0.000
0.000 0.000 0.000 0.000 0.000 0.000 0.002 0.005 0.052 0.000 0.000 0.000 0.000 0.000 0.000 0.000 0.000 0.000 0.000 0.000 0.830 0.799 0.948 0.909 1.034 1.121 0.909 0.891 0.932 0.962 1.017 1.444 1.164 0.996 1.161 0.840 0.704 0.505 0.562 0.516 0.575 0.410 0.578 0.839 1.073 1.158 1.055 1.370 0.792 0.727 0.702 0.000 0.000 0.000 0.000 0.000 0.000 0.000 1.337 1.229 1.063 0.000 0.000 0.000 0.000 0.000 0.000 0.000 0.000 0.000 0.000 0.000 0.000 0.000 0.643 0.675 0.000
0.000 0.000 0.000 0.000 0.000 0.000 0.004 0.052 0.102 0.152 0.000 0.000 0.000 0.000 0.000 0.000 0.000 0.000 0.000 0.000 0.000 1.042 0.938 0.951 1.055 0.927 0.837 0.995 0.912 0.866 1.093 1.145 1.073 1.227 1.270 1.027 0.904 0.802 0.704 1.063 0.752 0.758 0.835 1.019 1.026 1.406 1.044 1.017 0.903 0.909 0.637 0.000 0.000 0.000 0.000 0.000 0.000 1.300 1.412 1.338 0.869 0.000 0.000 0.000 0.000 0.000 0.000 0.000 0.000 0.000 0.000 0.000 0.000 0.000 1.001 0.000 0.000
0.004 0.008 0.011 0.012 0.010 0.007 0.042 0.070 0.125 0.157 0.182 0.185 0.000 0.000 0.000 0.000 0.000 0.000 0.000 0.000 0.000 0.000 0.872 0.868 0.923 0.968 0.903 0.966 0.967 0.902 0.984 0.953 1.227 1.244 1.156 1.140 0.925 0.814 0.926 1.019 1.070 0.634 0.859 1.307 1.505 1.463 1.406 1.417 1.128 1.100 1.184 0.000 0.000 0.000 0.000 0.000 0.000 0.887 1.308 1.179 0.841 0.795 0.989 0.000 0.000 0.000 0.000 0.000 0.000 0.000 0.000 0.000 0.000 0.000 0.835 0.000 0.000
0.114 0.093 0.092 0.090 0.071 0.059 0.045 0.060 0.110 0.141 0.183 0.205 0.213 0.000 0.000 0.000 0.000 0.000 0.000 0.000 0.000 0.853 0.886 0.929 0.941 1.004 0.904 0.000 0.000 0.879 0.863 0.829 1.493 1.398 1.333 1.136 1.014 0.880 0.903 0.944 1.068 0.951 0.871 1.309 1.261 1.432 1.516 1.448 1.453 1.454 1.323 0.000 0.000 0.000 0.000 0.000 0.000 1.895 1.342 1.118 0.940 1.105 1.043 1.252 1.428 1.237 1.043 0.981 0.635 0.000 0.000 0.000 0.000 0.000 0.854 0.000 0.000
0.109 0.117 0.129 0.122 0.110 0.101 0.094 0.100 0.102 0.114 0.179 0.193 0.220 0.000 0.000 0.000 0.000 0.000 0.000 0.000 0.817 0.833 0.818 0.878 0.887 1.009 0.962 0.000 0.000 0.000 1.087 0.904 1.599 1.139 1.375 1.465 1.044 1.013 1.144 1.398 1.251 1.312 0.862 1.067 1.360 1.413 1.464 1.591 1.579 1.559 1.281 0.784 0.000 0.000 0.000 0.000 0.000 1.727 1.505 1.298 1.086 0.801 0.000 0.000 0.000 0.000 0.000 0.000 1.339 0.712 0.868 1.042 0.684 1.004 0.510 0.000 0.000
0.176 0.189 0.198 0.226 0.215 0.187 0.155 0.128 0.086 0.111 0.147 0.175 0.206 0.000 0.000 0.000 0.000 0.000 0.000 0.978 0.861 0.851 0.906 0.876 0.857 1.031 0.000 0.000 0.000 0.000 0.000 0.000 2.126 1.692 1.200 1.238 1.222 1.232 1.485 1.491 1.402 1.733 1.111 1.072 1.353 1.272 1.186 1.280 1.392 1.339 1.077 0.842 0.681 0.306 0.263 0.431 0.904 1.818 1.356 0.888 0.889 0.593 0.000 0.000 0.000 0.000 0.000 0.000 0.000 0.000 0.000 0.000 0.000 0.000 1.130 0.000 0.000
0.220 0.272 0.280 0.249 0.215 0.192 0.165 0.116 0.076 0.094 0.122 0.171 0.000 0.000 0.000 0.000 0.000 0.000 0.972 0.883 0.845 0.791 0.813 0.889 0.818 0.000 0.000 0.000 0.000 0.000 0.000 0.000 0.000 1.605 1.481 1.384 1.230 1.243 1.378 1.162 1.143 1.523 1.862 1.167 1.372 1.314 1.007 1.021 1.147 1.289 0.722 0.680 0.770 0.429 0.418 0.440 0.785 0.686 0.679 0.651 0.700 0.000 0.000 0.000 0.000 0.000 0.000 0.000 0.000 0.000 0.000 0.000 0.000 0.000 0.000 0.000 0.000
0.310 0.258 0.262 0.254 0.219 0.196 0.159 0.127 0.099 0.122 0.135 0.159 0.000 0.000 0.000 0.000 0.000 0.728 0.883 0.831 0.946 0.881 0.904 0.898 0.845 0.000 0.000 0.000 0.000 0.000 0.000 0.000 0.000 0.000 0.000 1.859 1.954 1.535 1.699 1.639 1.006 1.392 1.598 1.724 1.264 1.571 1.201 1.081 1.259 1.312 0.887 0.729 0.963 0.625 0.731 0.328 0.945 0.508 0.519 0.406 0.647 0.000 0.000 0.000 0.000 0.000 0.000 0.000 0.000 0.000 0.000 0.000 0.000 0.000 0.000 0.000 0.000
0.323 0.323 0.321 0.256 0.227 0.208 0.193 0.157 0.134 0.133 0.129 0.000 0.000 0.000 0.000 0.000 0.000 0.779 0.790 0.740 0.782 0.919 0.869 0.920 0.000 0.000 0.000 0.000 0.000 0.000 0.000 0.000 0.000 0.000 0.000 0.000 2.224 1.494 1.625 0.979 0.975 0.974 1.154 1.356 1.505 1.420 1.396 1.169 1.216 0.982 0.932 1.225 0.941 1.133 0.605 0.676 0.536 0.594 0.499 0.541 1.021 0.000 0.000 0.000 0.000 0.000 0.000 0.000 0.000 0.000 0.000 0.000 0.000 0.000 0.000 0.000 0.000
0.387 0.350 0.315 0.283 0.254 0.229 0.203 0.223 0.285 0.203 0.177 0.000 0.000 0.000 0.000 0.000 0.796 0.818 0.824 0.714 0.777 0.924 0.981 0.000 0.000 0.000 0.000 0.000 0.000 0.000 0.000 0.000 0.000 0.000 0.000 0.000 0.000 1.360 1.466 1.040 0.931 0.823 0.976 0.988 1.085 1.760 1.308 1.567 1.717 1.261 0.938 1.197 1.087 1.178 1.036 0.898 0.759 0.798 0.770 0.862 1.400 0.000 0.000 0.000 0.000 0.000 0.000 0.000 0.000 0.000 0.000 0.000 0.000 0.000 0.000 0.000 0.000
0.432 0.379 0.355 0.325 0.282 0.232 0.288 0.322 0.267 0.262 0.000 0.000 0.000 0.000 0.000 0.000 0.780 0.740 0.727 0.743 0.801 0.828 0.850 0.919 0.993 0.000 0.000 0.000 1.393 0.000 0.000 0.000 0.000 0.000 0.000 0.000 0.000 0.000 0.000 1.174 0.994 0.913 1.015 1.041 1.009 1.617 1.072 1.121 2.010 1.538 1.230 0.839 1.716 1.032 0.846 1.445 1.076 1.400 1.177 1.533 1.583 0.806 0.490 0.087 0.203 0.007 0.000 0.000 0.000 0.000 0.000 0.000 0.000 0.000 0.000 0.000 0.000
