数据/LID_VS_30y/studyarea_2m.asc
ncols         694
nrows         824
xllcorner     581104.93980083
yllcorner     3495917.0924138
cellsize      2
NODATA_value  -9999
[rows 288 to 319 of 824, columns 426 to 496 of 694]
11.76987 11.72014 11.67041 11.62069 11.57096 11.52123 11.48058 11.44944 11.41829 11.38715 11.353 11.31685 11.28071 11.24456 11.20841 11.17227 11.13612 11.09997 11.06383 11.02768 10.99153 10.95539 10.91924 10.93563 10.97456 11.01348 11.0524 11.09132 11.13025 11.16917 11.20809 11.24701 11.28593 11.32486 11.35102 11.33743 11.32385 11.31026 11.29667 11.28308 11.26949 11.25591 11.24232 11.22873 55 55 55 55 55 55 55 55 55 55 55 11.06567 11.05208 11.0385 11.03746 11.03718 11.03691 11.03663 11.03139 11.02505 11.01455 10.98526 10.95597 55 55 55 55
11.81613 11.76641 11.71668 11.66695 11.61722 11.5675 11.51777 11.48104 11.44989 11.41874 11.38417 11.34802 11.31188 11.27573 11.23958 11.20344 11.16729 11.13114 11.095 11.05885 11.0227 10.98656 10.95041 10.91426 10.92016 10.95909 10.99801 11.03693 11.07585 11.11478 11.1537 11.19262 11.23154 11.27047 11.29578 11.2822 11.26861 11.25502 11.24143 11.22784 11.21426 11.20067 11.18708 11.17349 11.1599 11.14631 55 55 55 55 55 55 55 55 55 11.01455 11.01428 11.014 11.01373 11.01346 11.01318 11.01089 11.00455 10.99822 10.99189 10.97393 10.94464 10.91534 55 55 55
11.8624 11.81267 11.76294 11.71321 11.66349 11.61376 11.56403 11.5143 11.48149 11.45034 11.41534 11.3792 11.34305 11.3069 11.27076 11.23461 11.19846 11.16232 11.12617 11.09002 11.05388 11.01773 10.98158 10.94544 10.90929 10.90469 10.94362 10.98254 11.02146 11.06038 11.09931 11.13823 11.17715 11.21607 11.24055 11.22696 11.21337 11.19978 11.18619 11.1726 11.15902 11.14543 11.13184 11.11825 11.10466 11.09108 11.07749 55 55 55 55 55 55 55 10.9911 10.99083 10.99055 10.99028 10.99001 10.98973 10.98946 10.98406 10.97773 10.97139 10.96506 10.95872 10.93331 55 55 55 55
11.90866 11.85893 11.80921 11.75948 11.70975 11.66002 11.6103 11.56057 11.51309 11.48194 11.44652 11.41037 11.37422 11.33808 11.30193 11.26578 11.22964 11.19349 11.15734 11.1212 11.08505 11.0489 11.01276 10.97661 10.94046 10.90431 10.88923 10.92815 10.96707 11.00599 11.04492 11.08384 11.12276 11.16168 11.18531 11.17172 11.15813 11.14454 11.13095 11.11737 11.10378 11.09019 11.0766 11.06301 11.04943 11.03584 11.02225 11.00866 10.99507 55 55 55 55 55 10.96738 10.9671 10.96683 10.96655 10.96628 10.96601 10.96356 10.95723 10.95089 10.94456 10.93823 10.93189 10.92198 55 55 55 55
11.95492 11.9052 11.85547 11.80574 11.75601 11.70629 11.65656 11.60683 11.5571 11.51354 11.47769 11.44154 11.40539 11.36925 11.3331 11.29695 11.26081 11.22466 11.18851 11.15237 11.11622 11.08007 11.04393 11.00778 10.97163 10.93549 10.89934 10.87376 10.91268 10.9516 10.99052 11.02945 11.06837 11.10729 11.13007 11.11648 11.10289 11.0893 11.07572 11.06213 11.04854 11.03495 11.02136 11.00778 10.99419 10.9806 10.96701 10.95342 10.9453 10.94502 10.94475 55 55 10.94393 10.94365 10.94338 10.9431 10.94283 10.94255 10.94228 10.93673 10.9304 10.92406 10.91773 10.9114 10.90506 55 55 55 55 55
12.00119 11.95146 11.90173 11.85201 11.80228 11.75255 11.70282 11.6531 11.60337 11.59743 11.54714 11.48561 11.43657 11.40042 11.36427 11.32813 11.29198 11.25583 11.21969 11.18354 11.14739 11.11125 11.0751 11.03895 11.00281 10.96666 10.93051 10.89437 10.85829 10.89721 10.93613 10.97505 11.01398 11.0529 11.07483 11.06124 11.04765 11.03407 11.02048 11.00689 10.9933 10.97971 10.96613 10.95254 10.93895 10.92536 10.92212 10.92185 10.92157 10.9213 10.92103 10.92075 10.92048 10.9202 10.91993 10.91965 10.91938 10.9191 10.91883 10.91623 10.9099 10.90357 10.89723 10.8909 10.88457 10.87823 55 55 55 55 55
12.04745 11.99772 11.948 11.89827 11.84854 11.79881 11.74909 11.69936 11.71078 11.72534 11.69245 11.63093 11.5694 11.50787 11.44635 11.38482 11.3233 11.28701 11.25086 11.21471 11.17857 11.14242 11.10627 11.07013 11.03398 10.99783 10.96169 10.92554 10.88939 10.85324 10.88174 10.92066 10.95958 10.99851 11.01959 11.006 10.99242 10.97883 10.96524 10.95165 10.93806 10.92448 10.91089 10.89922 10.89895 10.89867 10.8984 10.89812 10.89785 10.89757 10.8973 10.89703 10.89675 10.89648 10.8962 10.89593 10.89565 10.89538 10.8951 10.88941 10.88307 10.87674 10.8704 10.86407 10.85774 10.8514 55 55 55 55 55
12.09371 12.04399 11.99426 11.94453 11.8948 11.84508 11.80956 11.82413 11.83869 11.85326 11.83777 11.77624 11.71471 11.65319 11.59166 11.53014 11.46861 11.40708 11.34556 11.28403 11.22251 11.17359 11.13744 11.1013 11.06515 11.029 10.99286 10.95671 10.92056 10.88442 10.84827 10.86627 10.90519 10.94411 10.96435 10.95077 10.93718 10.92359 10.91 10.89641 10.88283 10.87604 10.87577 10.8755 10.87522 10.87495 10.87467 10.8744 10.87412 10.87385 10.87357 10.8733 10.87303 10.87275 10.87248 10.8722 10.87193 10.87165 10.86891 10.86257 10.85624 10.84991 10.84357 10.83724 10.83091 55 55 55 55 55 55
12.13998 12.09025 12.04052 11.9908 11.94107 11.92291 11.93748 11.95204 11.96661 11.98117 11.98308 11.92155 11.86003 11.7985 11.73697 11.67545 11.61392 11.5524 11.49087 11.42935 11.36782 11.30629 11.24477 11.18324 11.12171 11.06019 11.02403 10.98788 10.95174 10.91559 10.87944 10.8433 10.8508 10.88972 10.90912 10.89553 10.88194 10.86835 10.85476 10.85287 10.85259 10.85232 10.85205 10.85177 10.8515 10.85122 10.85095 10.85067 10.8504 10.85012 10.84985 10.84958 10.8493 10.84903 10.84875 10.84848 10.8482 10.84793 10.84208 10.83574 10.82941 10.82308 10.81674 10.81041 10.80408 55 55 55 55 55 55
12.18624 12.13651 12.08679 12.03706 12.03626 12.05083 12.06539 12.07996 12.09452 12.10909 12.12366 12.06687 12.00534 11.94381 11.88229 11.82076 11.75924 11.69771 11.63618 11.57466 11.51313 11.45161 11.39008 11.32855 11.26703 11.2055 11.14398 11.08245 11.02092 10.9594 10.91061 10.87447 10.83832 10.83533 10.85388 10.84029 10.82997 10.82969 10.82942 10.82914 10.82887 10.82859 10.82832 10.82804 10.82777 10.8275 10.82722 10.82695 10.82667 10.8264 10.82612 10.82585 10.82557 10.8253 10.82503 10.82475 10.82448 10.82158 10.81525 10.80891 10.80258 10.79625 10.78991 10.78358 10.77725 10.77091 55 55 55 55 55
55 12.18278 12.13505 12.14961 12.16418 12.17874 12.19331 12.20787 12.22244 12.23701 12.25157 12.21218 12.15065 12.08913 12.0276 11.96607 11.90455 11.84302 11.7815 11.71997 11.65844 11.59692 11.53539 11.47387 11.41234 11.35081 11.28929 11.22776 11.16624 11.10471 11.04318 10.98166 10.92013 10.85861 10.80679 10.80652 10.80624 10.80597 10.80569 10.80542 10.80514 10.80487 10.80459 10.80432 10.80405 10.80377 10.8035 10.80322 10.80295 10.80267 10.8024 10.80212 10.80185 10.80158 10.8013 10.80103 10.80075 10.79475 10.78842 10.78208 10.77575 10.76942 10.76308 10.75675 10.75041 10.74408 55 55 55 55 55
55 55 12.26296 12.27753 12.29209 12.30666 12.32122 12.33579 12.35036 12.36492 12.37949 12.35749 12.29597 12.23444 12.17291 12.11139 12.04986 11.98834 11.92681 11.86528 11.80376 11.74223 11.68071 11.61918 11.55765 11.49613 11.4346 11.37308 11.31155 11.20266 11.09188 10.9811 10.87032 10.80175 10.7919 10.78279 10.78252 10.78224 10.78197 10.78169 10.78142 10.78114 10.78087 10.78059 10.78032 10.78005 10.77977 10.7795 10.77922 10.77895 10.77867 10.7784 10.77812 10.77785 10.77758 10.7773 10.77425 10.76792 10.76159 10.75525 10.74892 10.74259 10.73625 10.72992 10.72359 10.71725 10.71092 55 55 55 55
55 55 12.39088 55 12.42001 12.43457 12.44914 12.46371 12.47827 12.49284 12.5074 12.5028 12.44128 12.37975 12.31823 12.2567 12.19518 12.13365 12.07212 12.0106 11.94907 11.88754 11.82602 11.76113 11.65035 11.53957 11.42879 11.31801 11.20722 11.09645 10.98566 10.87488 10.79954 10.78968 10.77983 10.76998 10.76013 10.75852 10.75824 10.75797 10.75769 10.75742 10.75714 10.75687 10.75659 10.75632 10.75605 10.75577 10.7555 10.75522 10.75495 10.75467 10.7544 10.75412 10.75385 10.75358 10.74742 10.74109 10.73476 10.72842 10.72209 10.71576 10.70942 10.70309 10.69675 10.69042 10.68409 10.67775 55 55 55
55 12.50423 12.51879 55 55 12.56249 12.57705 12.59162 12.60619 12.62075 12.63532 12.64812 12.58659 12.52507 12.46354 12.40201 12.34049 12.27896 12.20881 12.09803 11.98725 11.87647 11.76569 11.65491 11.54413 11.43335 11.32257 11.21179 11.10101 10.99022 10.87945 10.79732 10.78747 10.77762 10.76777 10.75791 10.74806 10.73821 10.73452 10.73424 10.73397 10.73369 10.73342 10.73314 10.73287 10.7326 10.73232 10.73205 10.73177 10.7315 10.73122 10.73095 10.73067 10.7304 10.73013 10.72693 10.72059 10.71426 10.70793 10.70159 10.69526 10.68893 10.68259 10.67626 10.66992 10.66359 10.65726 10.65092 10.64459 55 55
55 12.63214 55 55 55 55 55 12.71954 12.7341 12.74867 12.76323 12.7778 12.7319 12.65649 12.54571 12.43493 12.32415 12.21337 12.10259 11.99181 11.88103 11.77025 11.65947 11.54869 11.43791 11.32713 11.21635 11.10557 10.99479 10.88401 10.79511 10.78526 10.7754 10.76555 10.7557 10.74585 10.736 10.72614 10.71629 10.71052 10.71024 10.70997 10.70969 10.70942 10.70914 10.70887 10.7086 10.70832 10.70805 10.70777 10.7075 10.70722 10.70695 10.70667 10.7064 10.7001 10.69376 10.68743 10.6811 10.67476 10.66843 10.6621 10.65576 10.64943 10.64309 10.63676 10.63043 10.62409 10.61776 10.61143 10.60509
12.74549 55 55 55 55 55 55 12.84745 12.86202 12.82556 12.78386 12.74217 12.66105 12.55027 12.43949 12.32871 12.21793 12.10715 11.99637 11.88559 11.77481 11.66403 11.55325 11.44247 11.33169 11.22091 11.11013 10.99935 10.88857 10.79289 10.78304 10.77319 10.76334 10.75349 10.74363 10.73378 10.72393 10.71408 10.70422 10.69437 10.68652 10.68624 10.68597 10.68569 10.68542 10.68514 10.68487 10.6846 10.68432 10.68405 10.68377 10.6835 10.68322 10.68295 10.6796 10.67327 10.66693 10.6606 10.65427 10.64793 10.6416 10.63527 10.62893 10.6226 10.61626 10.60993 10.6036 10.59726 10.59093 10.58459 10.57826
12.87341 55 55 55 55 55 12.82908 12.78738 55 55 12.6623 12.62061 12.55483 12.44405 12.33327 12.22249 12.11171 12.00093 11.89015 11.77937 11.66859 11.55781 11.44703 11.33625 11.22547 11.11469 11.00391 10.89313 10.79068 10.78083 10.77098 10.76112 10.75127 10.74142 10.73157 10.72171 10.71186 10.70201 10.69216 10.68231 10.67245 10.6626 10.66224 10.66197 10.66169 10.66142 10.66115 10.66087 10.6606 10.66032 10.66005 10.65977 10.6595 10.6591 10.65277 10.64644 10.6401 10.63377 10.62744 10.6211 10.61477 10.60843 10.6021 10.59577 10.58943 10.5831 10.57677 10.57043 10.5641 10.55777 10.55143
55 55 55 55 55 12.74921 12.70752 12.66582 55 55 55 12.49905 12.44861 12.33783 12.22705 12.11627 12.00549 11.89471 55 55 11.56237 11.45159 11.34081 11.23003 11.11925 11.00847 10.89769 10.78847 10.77861 10.76876 10.75891 10.74906 10.73921 10.72935 10.7195 10.70965 10.6998 10.68994 10.68009 10.67024 10.66039 10.65054 10.64068 10.63824 10.63797 10.63769 10.63742 10.63715 10.63687 10.6366 10.63632 10.63605 10.63577 10.63227 10.62594 10.61961 10.61327 10.60694 10.60061 10.59427 10.58794 10.5816 10.57527 10.56894 10.5626 10.55627 10.54994 10.5436 10.53727 10.53093 10.5246
55 55 55 55 55 12.62765 12.58596 55 55 55 55 55 12.33579 12.23161 12.12083 12.01005 11.89927 55 55 55 11.45615 11.34537 11.23459 11.12381 11.01303 10.90225 10.79147 10.7764 10.76655 10.7567 10.74684 10.73699 10.72714 10.71729 10.70743 10.69758 10.68773 10.67788 10.66803 10.65817 10.64832 10.63847 10.62862 10.61876 10.61424 10.61397 10.61369 10.61342 10.61315 10.61287 10.6126 10.61232 10.61178 10.60544 10.59911 10.59278 10.58644 10.58011 10.57378 10.56744 10.56111 10.55477 10.54844 10.54211 10.53577 10.52944 10.52311 10.51677 10.51044 10.5041 10.49777
55 55 55 55 12.54778 12.50609 55 55 55 55 55 55 12.21423 12.12539 12.01461 11.90383 11.79305 55 55 55 55 11.23915 11.12837 11.01759 10.90681 10.79603 10.77419 10.76433 10.75448 10.74463 10.73478 10.72493 10.71507 10.70522 10.69537 10.68552 10.67566 10.66581 10.65596 10.64611 10.63626 10.6264 10.61655 10.6067 10.59685 10.59024 10.58997 10.58969 10.58942 10.58915 10.58887 10.5886 10.58495 10.57861 10.57228 10.56595 10.55961 10.55328 10.54695 10.54061 10.53428 10.52794 10.52161 10.51528 10.50894 10.50261 10.49627 10.48994 10.48361 10.47727 10.47094
55 55 55 12.46792 12.42622 12.38453 55 55 55 55 55 12.13437 12.09267 12.01917 11.90839 11.79761 11.68683 11.57605 55 55 55 55 11.02215 10.91137 10.80059 10.77197 10.76212 10.75227 10.74242 10.73256 10.72271 10.71286 10.70301 10.69316 10.6833 10.67345 10.6636 10.65375 10.64389 10.63404 10.62419 10.61434 10.60448 10.59463 10.58478 10.57493 10.56624 10.56597 10.56569 10.56542 10.56515 10.56445 10.55812 10.55178 10.54545 10.53912 10.53278 10.52645 10.52011 10.51378 10.50745 10.50111 10.49478 10.48845 10.48211 10.47578 10.46945 10.46311 10.45678 10.45044 10.44411
55 55 55 12.34636 12.30466 55 55 55 55 55 12.0545 12.01281 11.97111 11.91295 11.80217 11.69139 11.58061 11.46983 55 11.24827 55 55 10.91593 10.80515 10.76976 55 55 10.7402 10.73035 10.7205 10.71065 10.70079 10.69094 10.68109 10.67124 10.66138 10.65153 10.64168 10.63183 10.62197 10.61212 10.60227 10.59242 10.58257 10.57271 10.56286 10.55301 10.54316 10.54197 10.5417 10.54142 10.53762 10.53129 10.52495 10.51862 10.51229 10.50595 10.49962 10.49328 10.48695 10.48062 10.47428 10.46795 10.46162 10.45528 10.44895 10.44261 10.43628 10.42995 10.42361 10.41728
55 55 12.26649 12.2248 55 55 55 55 55 55 11.93294 11.89125 11.84955 11.80673 11.69595 11.58517 11.47439 11.36361 11.25283 55 55 55 55 10.76755 55 55 55 55 10.71828 10.70843 10.69858 10.68873 10.67887 10.66902 10.65917 10.64932 10.63947 10.62961 10.61976 10.60991 10.60006 10.5902 10.58035 10.5705 10.56065 10.5508 10.54094 10.53109 10.52124 10.51797 10.51712 10.51079 10.50446 10.49812 10.49179 10.48546 10.47912 10.47279 10.46645 10.46012 10.45379 10.44745 10.44112 10.43479 10.42845 10.42212 10.41578 10.40945 10.40312 10.39678 10.39045
55 12.18662 12.14493 12.10324 55 55 55 55 55 11.85307 11.81138 11.76969 11.72799 11.6863 11.58973 11.47895 11.36817 11.25739 11.14661 11.03583 55 55 55 10.75548 55 55 55 55 10.70622 10.69637 10.68651 10.67666 10.66681 10.65696 10.6471 10.63725 10.6274 10.61755 10.6077 10.59784 10.58799 10.57814 10.56829 10.55843 10.54858 10.53873 10.52888 10.51902 10.50917 10.49932 10.49029 10.48396 10.47763 10.47129 10.46496 10.45863 10.45229 10.44596 10.43962 10.43329 10.42696 10.42062 10.41429 10.40796 10.40162 10.39529 10.38895 10.38262 10.37629 10.36995 10.36362
55 12.09043 12.02337 55 55 55 55 55 11.77321 11.73151 11.68982 11.64812 11.60643 11.56474 11.48351 11.37273 11.26195 11.15117 11.04039 10.92961 55 55 55 55 10.73356 55 55 55 55 10.6843 10.67445 10.66459 10.65474 10.64489 10.63504 10.62519 10.61533 10.60548 10.59563 10.58578 10.57592 10.56607 10.55622 10.54637 10.53652 10.53409 10.53368 10.53327 10.53286 10.51811 10.46076 10.45507 10.44939 10.4437 10.43801 10.4318 10.42546 10.41913 10.41279 10.40646 10.40013 10.39379 10.38746 10.38113 10.37479 10.36846 10.36212 10.35579 10.34946 10.34312 10.33679
12.14841 12.06322 55 55 55 55 55 55 11.65165 55 55 55 11.48487 11.44318 11.37729 11.26651 11.15573 11.04495 10.93417 10.82339 10.7609 55 55 55 55 10.71164 55 10.69194 10.68209 10.67223 10.66238 10.65253 10.64268 10.63282 10.62297 10.61312 10.60327 10.59342 10.58356 10.57371 10.56976 10.56935 10.56894 10.56853 10.56812 10.56771 10.5673 10.5669 10.56649 10.51502 10.45636 10.4254 10.41971 10.41403 10.40834 10.40265 10.39696 10.39127 10.38558 10.37963 10.3733 10.36696 10.36063 10.35429 10.34796 10.34163 10.33529 10.32896 10.32263 10.31629 10.30996
12.1212 12.03601 55 55 55 55 55 11.57178 55 55 55 11.405 11.36331 11.32162 11.27107 11.16029 11.04951 10.93873 10.82795 10.75869 10.74884 10.73899 55 55 55 10.69958 10.68972 10.67987 10.67002 10.66017 10.65032 10.64046 10.63061 10.62076 10.61091 10.60542 10.60501 10.6046 10.6042 10.60379 10.60338 10.60297 10.60256 10.60215 10.60174 10.60133 10.60093 10.60052 10.57059 10.51193 10.45327 10.39573 10.39004 10.38435 10.37866 10.37298 10.36729 10.3616 10.35591 10.35022 10.34453 10.33884 10.33315 10.32746 10.32113 10.3148 10.30846 10.30213 10.2958 10.28946 10.28313
12.09399 55 55 55 55 55 11.58282 11.49763 55 55 55 11.28344 11.24175 11.20006 11.15836 11.05407 10.94329 10.83251 10.75648 10.74662 10.73677 10.72692 55 55 55 10.68751 10.67766 10.66781 10.65795 55 10.64109 10.64068 10.64027 10.63986 10.63945 10.63904 10.63864 10.63823 10.63782 10.63741 10.637 10.63659 10.63618 10.63577 10.63537 10.63496 10.63455 10.62617 10.5675 10.50884 10.45018 10.39151 10.36037 10.35468 10.34899 10.3433 10.33762 10.33193 10.32624 10.32055 10.31486 10.30917 10.30348 10.29779 10.2921 10.28641 10.28072 10.27503 10.26897 10.26263 10.2563
55 55 55 55 55 55 11.55561 55 55 55 11.21483 11.16188 11.12019 11.0785 11.0368 10.94785 10.83707 10.75426 10.74441 10.73456 10.7247 10.71485 10.705 10.69515 10.6853 10.67675 10.67634 55 55 55 55 10.6743 10.67389 10.67348 10.67307 10.67267 10.67226 10.67185 10.67144 10.67103 10.67062 10.67021 10.6698 10.6694 10.66899 10.66858 10.66817 10.62308 10.56441 10.50575 10.44709 10.38842 10.3307 10.32501 10.31932 10.31363 10.30795 10.30226 10.29657 10.29088 10.28519 10.2795 10.27381 10.26812 10.26243 10.25674 10.25105 10.24536 10.23967 10.23399 10.2283
55 55 55 55 55 11.61359 55 55 55 11.27281 11.18762 11.10243 11.01723 10.95693 10.91524 10.84163 10.75205 10.7422 55 10.72249 10.71264 10.71201 10.7116 10.71119 10.71078 10.71038 55 55 55 55 55 10.70792 10.70751 10.70711 10.7067 10.70629 10.70588 10.70547 10.70506 10.70465 10.70424 10.70384 10.70343 10.70302 10.70261 10.7022 10.67865 10.61999 10.56132 10.50266 10.444 10.38533 10.32667 10.29534 10.28965 10.28396 10.27827 10.27258 10.2669 10.26121 10.25552 10.24983 10.24414 10.23845 10.23276 10.22707 10.22138 10.21569 10.21 10.20431 10.19863
55 55 55 55 11.67157 11.58638 55 55 55 11.2456 11.16041 11.07521 10.99002 10.90483 10.81963 10.74983 10.74768 55 55 10.74645 10.74604 10.74563 10.74522 55 55 55 55 55 55 55 55 55 10.74114 10.74073 10.74032 10.73991 10.7395 10.73909 10.73868 10.73828 10.73787 10.73746 10.73705 10.73664 10.73623 10.73422 10.67556 10.6169 10.55823 10.49957 10.44091 10.38224 10.32358 10.26567 10.25998 10.25429 10.2486 10.24291 10.23722 10.23153 10.22585 10.22016 10.21447 10.20878 10.20309 10.1974 10.19171 10.18602 10.18033 10.17464 10.16895
55 55 55 55 11.64436 55 55 55 11.30359 11.21839 11.1332 11.048 10.96281 10.87761 10.81993 10.76935 10.7813 55 55 55 55 10.77925 55 55 55 55 55 55 55 55 55 55 55 10.77435 10.77394 10.77353 10.77312 10.77271 10.77231 10.7719 10.77149 10.77108 10.77067 10.77026 10.76985 10.73113 10.67247 10.61381 10.55514 10.49648 10.43782 10.37915 10.32049 10.26183 10.23031 10.22462 10.21893 10.21324 10.20755 10.20186 10.19618 10.19049 10.1848 10.17911 10.17342 10.16773 10.16204 10.15635 10.15066 10.14497 10.13928
