数据/30y_3h/30y_3h_res_2/30y_3h_220-0001.wd
ncols         694
nrows         824
xllcorner     581104.939801
yllcorner     3495917.092414
cellsize      2.000000
NODATA_value  -9999.000000
[rows 306 to 339 of 824, columns 462 to 538 of 694]
0.017 0.019 0.020 0.020 0.021 0.020 0.020 0.020 0.016 0.011 0.008 0.005 0.003 0.002 0.001 0.001 0.001 0.000 0.001 0.001 0.001 0.001 0.001 0.001 0.001 0.001 0.003 0.006 0.008 0.009 0.009 0.009 0.008 0.006 0.005 0.004 0.003 0.002 0.003 0.000 0.000 0.000 0.000 0.000 0.000 0.000 0.000 0.000 0.000 0.000 0.000 0.000 0.000 0.000 0.010 0.010 0.010 0.013 0.000 0.001 0.001 0.000 0.000 0.000 0.001 0.007 0.000 0.000 0.000 0.000 0.001 0.002 0.008 0.019 0.028 0.027 0.023
0.016 0.017 0.018 0.019 0.020 0.020 0.020 0.020 0.019 0.017 0.012 0.008 0.005 0.003 0.002 0.001 0.001 0.001 0.001 0.001 0.001 0.001 0.001 0.001 0.001 0.001 0.003 0.005 0.008 0.009 0.009 0.009 0.008 0.007 0.005 0.004 0.004 0.004 0.013 0.000 0.000 0.000 0.000 0.000 0.000 0.000 0.000 0.000 0.000 0.000 0.000 0.000 0.000 0.000 0.000 0.000 0.000 0.010 0.010 0.008 0.007 0.006 0.005 0.005 0.007 0.000 0.000 0.000 0.000 0.000 0.006 0.016 0.025 0.026 0.023 0.020 0.018
0.014 0.015 0.017 0.018 0.019 0.020 0.020 0.020 0.020 0.020 0.019 0.014 0.010 0.007 0.004 0.003 0.002 0.002 0.001 0.001 0.001 0.001 0.001 0.001 0.001 0.000 0.003 0.005 0.007 0.008 0.009 0.009 0.008 0.007 0.006 0.005 0.004 0.005 0.000 0.000 0.000 0.000 0.000 0.000 0.000 0.000 0.000 0.000 0.000 0.000 0.000 0.000 0.000 0.000 0.000 0.000 0.000 0.000 0.000 0.006 0.007 0.008 0.007 0.006 0.010 0.000 0.000 0.000 0.000 0.012 0.022 0.025 0.022 0.019 0.017 0.015 0.014
0.012 0.014 0.016 0.017 0.019 0.020 0.021 0.021 0.022 0.023 0.023 0.024 0.019 0.014 0.010 0.006 0.005 0.004 0.003 0.002 0.002 0.001 0.001 0.001 0.001 0.001 0.003 0.005 0.007 0.008 0.009 0.009 0.008 0.007 0.006 0.005 0.005 0.005 0.003 0.002 0.002 0.000 0.000 0.000 0.000 0.000 0.000 0.000 0.000 0.000 0.000 0.000 0.000 0.000 0.000 0.000 0.000 0.000 0.000 0.000 0.000 0.000 0.005 0.007 0.009 0.011 0.000 0.000 0.000 0.021 0.021 0.019 0.017 0.015 0.013 0.012 0.011
0.011 0.013 0.015 0.017 0.019 0.021 0.023 0.025 0.026 0.028 0.029 0.031 0.032 0.027 0.020 0.014 0.011 0.008 0.006 0.004 0.003 0.002 0.002 0.001 0.001 0.001 0.003 0.005 0.007 0.008 0.009 0.009 0.008 0.007 0.006 0.006 0.005 0.005 0.003 0.002 0.002 0.001 0.001 0.000 0.000 0.000 0.000 0.000 0.000 0.000 0.000 0.000 0.000 0.000 0.000 0.000 0.000 0.000 0.000 0.000 0.000 0.000 0.000 0.000 0.007 0.011 0.014 0.024 0.026 0.021 0.018 0.015 0.013 0.012 0.011 0.010 0.010
0.011 0.013 0.016 0.019 0.022 0.025 0.029 0.032 0.035 0.037 0.039 0.041 0.042 0.041 0.032 0.024 0.017 0.013 0.009 0.007 0.005 0.003 0.002 0.002 0.002 0.002 0.003 0.005 0.006 0.008 0.008 0.008 0.008 0.007 0.007 0.006 0.005 0.005 0.004 0.003 0.002 0.002 0.001 0.001 0.001 0.002 0.000 0.000 0.000 0.000 0.000 0.000 0.000 0.000 0.000 0.000 0.000 0.000 0.000 0.000 0.000 0.000 0.000 0.000 0.000 0.000 0.000 0.015 0.016 0.016 0.014 0.013 0.011 0.010 0.009 0.008 0.007
0.012 0.016 0.020 0.025 0.030 0.034 0.038 0.043 0.046 0.049 0.051 0.053 0.046 0.035 0.034 0.029 0.022 0.017 0.012 0.009 0.007 0.005 0.004 0.003 0.002 0.002 0.003 0.005 0.006 0.007 0.008 0.008 0.008 0.008 0.007 0.006 0.006 0.005 0.004 0.003 0.003 0.002 0.002 0.001 0.001 0.001 0.001 0.002 0.000 0.000 0.000 0.000 0.000 0.002 0.000 0.000 0.000 0.000 0.000 0.000 0.000 0.000 0.000 0.000 0.000 0.000 0.018 0.016 0.015 0.013 0.012 0.011 0.009 0.008 0.007 0.008 0.000
0.018 0.024 0.030 0.036 0.041 0.046 0.050 0.049 0.044 0.038 0.032 0.026 0.019 0.011 0.023 0.031 0.025 0.020 0.015 0.012 0.008 0.006 0.005 0.004 0.003 0.003 0.003 0.005 0.006 0.007 0.008 0.008 0.008 0.008 0.007 0.006 0.006 0.005 0.004 0.004 0.003 0.002 0.002 0.001 0.001 0.001 0.001 0.001 0.001 0.001 0.001 0.001 0.001 0.001 0.001 0.001 0.004 0.000 0.000 0.000 0.000 0.000 0.000 0.000 0.000 0.000 0.015 0.015 0.013 0.012 0.010 0.009 0.008 0.007 0.006 0.005 0.000
0.029 0.035 0.037 0.034 0.030 0.027 0.023 0.020 0.016 0.013 0.010 0.007 0.003 0.006 0.014 0.028 0.028 0.022 0.018 0.014 0.011 0.008 0.006 0.004 0.004 0.003 0.003 0.005 0.006 0.007 0.008 0.008 0.008 0.008 0.007 0.007 0.006 0.005 0.005 0.004 0.003 0.003 0.002 0.001 0.001 0.001 0.001 0.001 0.001 0.001 0.001 0.001 0.001 0.001 0.001 0.002 0.012 0.032 0.060 0.000 0.000 0.000 0.000 0.000 0.000 0.020 0.018 0.015 0.013 0.011 0.009 0.008 0.007 0.006 0.006 0.000 0.000
0.013 0.011 0.010 0.008 0.007 0.006 0.005 0.004 0.003 0.003 0.002 0.001 0.001 0.003 0.009 0.019 0.029 0.025 0.020 0.016 0.013 0.010 0.007 0.006 0.005 0.004 0.004 0.005 0.006 0.007 0.007 0.008 0.008 0.008 0.007 0.007 0.006 0.006 0.005 0.004 0.004 0.003 0.002 0.002 0.001 0.001 0.001 0.001 0.001 0.001 0.001 0.001 0.001 0.002 0.005 0.013 0.026 0.045 0.060 0.066 0.073 0.082 0.000 0.000 0.000 0.016 0.016 0.014 0.012 0.010 0.008 0.007 0.006 0.005 0.004 0.000 0.000
0.002 0.002 0.002 0.002 0.001 0.001 0.001 0.001 0.001 0.001 0.001 0.001 0.001 0.002 0.005 0.012 0.026 0.027 0.022 0.018 0.015 0.012 0.009 0.008 0.006 0.005 0.005 0.006 0.006 0.007 0.008 0.008 0.008 0.008 0.008 0.007 0.007 0.006 0.005 0.005 0.004 0.003 0.003 0.002 0.002 0.002 0.001 0.001 0.001 0.001 0.001 0.002 0.004 0.011 0.020 0.030 0.035 0.035 0.038 0.043 0.049 0.054 0.058 0.067 0.000 0.018 0.016 0.013 0.011 0.008 0.006 0.005 0.005 0.005 0.000 0.000 0.000
0.001 0.001 0.001 0.001 0.001 0.001 0.001 0.001 0.001 0.001 0.001 0.001 0.001 0.001 0.003 0.007 0.018 0.029 0.025 0.021 0.018 0.016 0.014 0.012 0.011 0.010 0.010 0.010 0.011 0.011 0.011 0.011 0.011 0.010 0.009 0.009 0.008 0.007 0.006 0.005 0.005 0.004 0.004 0.003 0.003 0.003 0.003 0.002 0.002 0.002 0.005 0.011 0.019 0.028 0.033 0.029 0.025 0.023 0.022 0.022 0.021 0.000 0.029 0.037 0.034 0.024 0.016 0.012 0.009 0.006 0.005 0.004 0.004 0.003 0.000 0.000 0.000
0.001 0.001 0.001 0.001 0.001 0.001 0.001 0.001 0.001 0.001 0.001 0.001 0.001 0.001 0.002 0.004 0.012 0.027 0.030 0.027 0.026 0.026 0.027 0.027 0.027 0.027 0.026 0.026 0.025 0.025 0.023 0.022 0.020 0.018 0.016 0.015 0.013 0.012 0.010 0.010 0.009 0.008 0.008 0.008 0.009 0.010 0.011 0.011 0.009 0.014 0.020 0.028 0.034 0.029 0.024 0.020 0.017 0.014 0.012 0.011 0.010 0.008 0.008 0.012 0.013 0.011 0.000 0.003 0.004 0.003 0.003 0.003 0.003 0.000 0.000 0.000 0.000
0.000 0.000 0.000 0.000 0.000 0.000 0.000 0.000 0.000 0.000 0.001 0.001 0.001 0.001 0.001 0.003 0.007 0.020 0.041 0.043 0.046 0.049 0.052 0.054 0.054 0.054 0.054 0.053 0.051 0.049 0.046 0.041 0.037 0.034 0.031 0.029 0.026 0.025 0.024 0.024 0.024 0.026 0.028 0.031 0.033 0.036 0.037 0.038 0.037 0.032 0.037 0.031 0.025 0.020 0.016 0.013 0.011 0.008 0.007 0.006 0.005 0.004 0.003 0.003 0.003 0.003 0.003 0.002 0.002 0.002 0.002 0.002 0.002 0.014 0.000 0.000 0.000
0.000 0.000 0.000 0.000 0.000 0.000 0.000 0.000 0.000 0.000 0.000 0.001 0.001 0.001 0.001 0.001 0.005 0.017 0.052 0.069 0.074 0.078 0.082 0.083 0.083 0.083 0.083 0.082 0.080 0.077 0.072 0.063 0.059 0.057 0.054 0.050 0.048 0.047 0.047 0.048 0.051 0.054 0.057 0.060 0.063 0.066 0.069 0.070 0.062 0.044 0.043 0.037 0.030 0.024 0.019 0.015 0.012 0.009 0.006 0.005 0.004 0.003 0.002 0.002 0.001 0.001 0.001 0.001 0.001 0.001 0.001 0.001 0.000 0.000 0.000 0.000 0.000
0.000 0.000 0.000 0.000 0.000 0.000 0.000 0.000 0.000 0.000 0.000 0.000 0.001 0.001 0.001 0.002 0.010 0.000 0.054 0.098 0.103 0.108 0.114 0.000 0.000 0.000 0.000 0.000 0.000 0.000 0.000 0.082 0.084 0.083 0.080 0.074 0.073 0.073 0.074 0.077 0.080 0.083 0.087 0.090 0.094 0.090 0.080 0.069 0.057 0.039 0.039 0.042 0.047 0.040 0.034 0.028 0.023 0.019 0.015 0.012 0.009 0.007 0.005 0.004 0.003 0.002 0.002 0.002 0.001 0.001 0.001 0.001 0.001 0.001 0.000 0.000 0.000
0.000 0.000 0.000 0.000 0.000 0.000 0.000 0.000 0.000 0.000 0.000 0.000 0.000 0.006 0.000 0.000 0.014 0.000 0.000 0.115 0.000 0.000 0.000 0.000 0.000 0.000 0.000 0.000 0.000 0.000 0.000 0.000 0.000 0.000 0.000 0.096 0.100 0.102 0.102 0.105 0.109 0.113 0.109 0.100 0.092 0.083 0.073 0.063 0.051 0.033 0.034 0.036 0.039 0.045 0.048 0.041 0.035 0.030 0.025 0.020 0.016 0.013 0.010 0.008 0.006 0.004 0.004 0.003 0.002 0.002 0.001 0.001 0.001 0.001 0.001 0.001 0.000
0.000 0.000 0.000 0.000 0.000 0.000 0.000 0.000 0.000 0.000 0.000 0.000 0.000 0.000 0.000 0.000 0.000 0.000 0.000 0.000 0.000 0.000 0.000 0.000 0.000 0.000 0.000 0.000 0.000 0.000 0.000 0.000 0.000 0.000 0.000 0.000 0.000 0.000 0.130 0.126 0.118 0.110 0.101 0.093 0.085 0.076 0.067 0.057 0.044 0.030 0.030 0.031 0.033 0.037 0.042 0.048 0.048 0.042 0.036 0.030 0.025 0.021 0.017 0.013 0.011 0.008 0.006 0.005 0.004 0.003 0.002 0.002 0.002 0.001 0.001 0.001 0.001
0.000 0.000 0.000 0.000 0.000 0.000 0.000 0.000 0.000 0.000 0.000 0.000 0.000 0.000 0.000 0.000 0.000 0.000 0.000 0.000 0.000 0.000 0.000 0.000 0.000 0.000 0.000 0.000 0.000 0.000 0.000 0.000 0.000 0.000 0.000 0.000 0.000 0.000 0.000 0.000 0.000 0.000 0.093 0.086 0.078 0.068 0.060 0.050 0.037 0.026 0.025 0.026 0.027 0.029 0.033 0.038 0.044 0.051 0.048 0.042 0.036 0.030 0.025 0.021 0.017 0.014 0.011 0.009 0.007 0.005 0.004 0.003 0.003 0.002 0.002 0.001 0.001
0.000 0.000 0.000 0.000 0.000 0.000 0.000 0.000 0.000 0.000 0.000 0.000 0.000 0.000 0.000 0.000 0.000 0.000 0.000 0.000 0.000 0.000 0.000 0.000 0.000 0.000 0.000 0.000 0.000 0.000 0.000 0.000 0.000 0.000 0.000 0.000 0.000 0.000 0.000 0.000 0.000 0.000 0.000 0.000 0.000 0.060 0.052 0.043 0.029 0.020 0.020 0.020 0.021 0.022 0.025 0.029 0.034 0.040 0.046 0.053 0.047 0.041 0.035 0.030 0.025 0.021 0.017 0.014 0.011 0.008 0.007 0.005 0.004 0.003 0.003 0.002 0.002
0.000 0.000 0.000 0.000 0.000 0.000 0.000 0.000 0.000 0.000 0.000 0.000 0.000 0.000 0.000 0.000 0.000 0.000 0.000 0.000 0.000 0.000 0.000 0.000 0.000 0.000 0.000 0.000 0.000 0.000 0.000 0.000 0.000 0.000 0.000 0.000 0.000 0.000 0.000 0.000 0.000 0.000 0.000 0.000 0.000 0.000 0.000 0.000 0.016 0.012 0.013 0.013 0.014 0.015 0.017 0.020 0.024 0.029 0.035 0.041 0.048 0.052 0.046 0.040 0.035 0.029 0.025 0.020 0.017 0.014 0.011 0.009 0.007 0.006 0.005 0.004 0.003
0.000 0.000 0.000 0.000 0.000 0.000 0.000 0.000 0.000 0.000 0.000 0.000 0.000 0.000 0.000 0.000 0.000 0.000 0.000 0.000 0.000 0.000 0.000 0.000 0.000 0.000 0.000 0.000 0.000 0.000 0.000 0.000 0.000 0.000 0.000 0.000 0.000 0.000 0.000 0.000 0.000 0.000 0.000 0.000 0.000 0.000 0.000 0.000 0.000 0.000 0.003 0.005 0.006 0.008 0.009 0.012 0.015 0.019 0.024 0.030 0.036 0.043 0.050 0.051 0.045 0.039 0.034 0.029 0.024 0.021 0.017 0.015 0.013 0.011 0.009 0.007 0.006
0.000 0.000 0.000 0.000 0.000 0.000 0.000 0.000 0.000 0.000 0.000 0.000 0.000 0.000 0.000 0.000 0.000 0.000 0.000 0.000 0.000 0.000 0.000 0.000 0.000 0.000 0.000 0.000 0.000 0.000 0.000 0.000 0.000 0.000 0.000 0.000 0.000 0.000 0.000 0.000 0.000 0.000 0.000 0.000 0.000 0.000 0.000 0.000 0.000 0.000 0.000 0.000 0.000 0.000 0.002 0.004 0.006 0.010 0.014 0.019 0.025 0.032 0.038 0.045 0.052 0.050 0.044 0.039 0.035 0.031 0.028 0.025 0.023 0.021 0.018 0.015 0.013
0.000 0.000 0.000 0.000 0.000 0.000 0.000 0.000 0.000 0.000 0.000 0.000 0.000 0.000 0.000 0.000 0.000 0.000 0.000 0.000 0.000 0.000 0.000 0.000 0.000 0.000 0.000 0.000 0.000 0.000 0.000 0.000 0.000 0.000 0.000 0.000 0.000 0.000 0.000 0.000 0.000 0.000 0.000 0.000 0.000 0.000 0.000 0.000 0.000 0.000 0.000 0.000 0.000 0.000 0.000 0.000 0.000 0.000 0.005 0.010 0.015 0.021 0.027 0.033 0.040 0.047 0.054 0.052 0.048 0.046 0.044 0.042 0.040 0.037 0.033 0.029 0.024
0.000 0.000 0.000 0.000 0.000 0.000 0.000 0.000 0.000 0.000 0.000 0.000 0.000 0.000 0.000 0.000 0.000 0.000 0.000 0.000 0.000 0.000 0.000 0.000 0.000 0.000 0.000 0.000 0.000 0.000 0.000 0.000 0.000 0.000 0.000 0.000 0.000 0.000 0.000 0.000 0.000 0.000 0.000 0.000 0.000 0.000 0.000 0.000 0.000 0.000 0.000 0.000 0.000 0.000 0.000 0.000 0.000 0.000 0.000 0.003 0.006 0.011 0.016 0.022 0.028 0.035 0.043 0.053 0.066 0.067 0.066 0.065 0.062 0.058 0.051 0.044 0.038
0.000 0.000 0.000 0.000 0.000 0.000 0.000 0.000 0.000 0.000 0.000 0.000 0.000 0.000 0.000 0.000 0.000 0.000 0.000 0.000 0.000 0.000 0.000 0.000 0.000 0.000 0.000 0.000 0.000 0.000 0.000 0.000 0.000 0.000 0.000 0.000 0.000 0.000 0.000 0.000 0.000 0.000 0.000 0.000 0.000 0.000 0.000 0.000 0.000 0.000 0.000 0.000 0.000 0.000 0.000 0.000 0.000 0.000 0.000 0.001 0.001 0.003 0.006 0.011 0.017 0.024 0.032 0.043 0.060 0.080 0.091 0.090 0.088 0.082 0.067 0.059 0.051
0.000 0.000 0.000 0.000 0.000 0.000 0.000 0.000 0.000 0.000 0.000 0.000 0.000 0.000 0.000 0.000 0.000 0.000 0.000 0.000 0.000 0.000 0.000 0.000 0.000 0.000 0.000 0.000 0.000 0.000 0.000 0.000 0.000 0.000 0.000 0.000 0.000 0.000 0.000 0.000 0.000 0.000 0.000 0.000 0.000 0.000 0.000 0.000 0.000 0.000 0.000 0.000 0.000 0.000 0.000 0.000 0.000 0.000 0.000 0.001 0.001 0.001 0.001 0.003 0.007 0.013 0.022 0.035 0.056 0.078 0.000 0.000 0.000 0.000 0.076 0.075 0.061
0.000 0.000 0.000 0.000 0.000 0.000 0.000 0.000 0.000 0.000 0.000 0.000 0.000 0.000 0.000 0.000 0.000 0.000 0.000 0.000 0.000 0.000 0.000 0.000 0.000 0.000 0.000 0.000 0.000 0.000 0.000 0.000 0.000 0.000 0.000 0.000 0.000 0.000 0.000 0.000 0.000 0.000 0.000 0.000 0.000 0.000 0.000 0.000 0.000 0.000 0.000 0.000 0.000 0.000 0.000 0.000 0.000 0.000 0.000 0.001 0.001 0.001 0.001 0.001 0.002 0.005 0.013 0.030 0.053 0.000 0.000 0.000 0.000 0.000 0.000 0.000 0.064
0.000 0.000 0.000 0.000 0.000 0.000 0.000 0.000 0.000 0.000 0.000 0.000 0.000 0.000 0.000 0.000 0.000 0.000 0.000 0.000 0.000 0.000 0.000 0.000 0.000 0.000 0.000 0.000 0.000 0.000 0.000 0.000 0.000 0.000 0.000 0.000 0.000 0.000 0.000 0.000 0.000 0.000 0.000 0.000 0.000 0.000 0.000 0.000 0.000 0.000 0.000 0.000 0.000 0.000 0.000 0.000 0.000 0.000 0.000 0.000 0.001 0.001 0.001 0.001 0.001 0.001 0.007 0.027 0.000 0.000 0.000 0.000 0.000 0.000 0.000 0.000 0.000
0.000 0.000 0.000 0.000 0.000 0.000 0.000 0.000 0.000 0.000 0.000 0.000 0.000 0.000 0.000 0.000 0.000 0.000 0.000 0.000 0.000 0.000 0.000 0.000 0.000 0.000 0.000 0.000 0.000 0.000 0.000 0.000 0.000 0.000 0.000 0.000 0.000 0.000 0.000 0.000 0.000 0.000 0.000 0.000 0.000 0.000 0.000 0.000 0.000 0.000 0.000 0.000 0.000 0.000 0.000 0.000 0.000 0.000 0.000 0.000 0.000 0.000 0.001 0.001 0.001 0.001 0.004 0.022 0.000 0.000 0.000 0.000 0.000 0.000 0.000 0.000 0.000
0.000 0.000 0.000 0.000 0.000 0.000 0.000 0.000 0.000 0.000 0.000 0.000 0.000 0.000 0.000 0.000 0.000 0.000 0.000 0.000 0.000 0.000 0.000 0.000 0.000 0.000 0.000 0.000 0.000 0.000 0.000 0.000 0.000 0.000 0.000 0.000 0.000 0.000 0.000 0.000 0.000 0.000 0.000 0.000 0.000 0.000 0.000 0.000 0.000 0.000 0.000 0.000 0.000 0.000 0.000 0.000 0.000 0.000 0.000 0.000 0.000 0.000 0.000 0.001 0.001 0.001 0.003 0.000 0.000 0.000 0.000 0.000 0.000 0.000 0.000 0.000 0.000
0.000 0.000 0.000 0.000 0.000 0.000 0.000 0.000 0.000 0.000 0.000 0.000 0.000 0.000 0.000 0.000 0.000 0.000 0.000 0.000 0.000 0.000 0.000 0.000 0.000 0.000 0.000 0.000 0.000 0.000 0.000 0.000 0.000 0.000 0.000 0.000 0.000 0.000 0.000 0.000 0.000 0.000 0.000 0.000 0.000 0.000 0.000 0.000 0.000 0.000 0.000 0.000 0.000 0.000 0.000 0.000 0.000 0.000 0.000 0.000 0.000 0.000 0.000 0.001 0.001 0.001 0.017 0.000 0.000 0.000 0.000 0.000 0.000 0.000 0.000 0.000 0.000
0.000 0.000 0.000 0.000 0.000 0.000 0.000 0.000 0.000 0.000 0.000 0.000 0.000 0.000 0.000 0.000 0.000 0.000 0.000 0.000 0.000 0.000 0.000 0.000 0.000 0.000 0.000 0.000 0.000 0.000 0.000 0.000 0.000 0.000 0.000 0.000 0.000 0.000 0.000 0.000 0.000 0.000 0.000 0.000 0.000 0.000 0.000 0.000 0.000 0.000 0.000 0.000 0.000 0.000 0.000 0.000 0.000 0.000 0.000 0.000 0.000 0.000 0.000 0.001 0.001 0.001 0.000 0.000 0.000 0.000 0.000 0.000 0.000 0.000 0.000 0.000 0.000
0.000 0.000 0.000 0.000 0.000 0.000 0.000 0.000 0.000 0.000 0.000 0.000 0.000 0.000 0.000 0.000 0.000 0.000 0.000 0.000 0.000 0.000 0.000 0.000 0.000 0.000 0.000 0.000 0.000 0.000 0.000 0.000 0.000 0.000 0.000 0.000 0.000 0.000 0.000 0.000 0.000 0.000 0.000 0.000 0.000 0.000 0.000 0.000 0.000 0.000 0.000 0.000 0.000 0.000 0.000 0.000 0.000 0.000 0.000 0.000 0.000 0.000 0.000 0.001 0.001 0.001 0.000 0.000 0.000 0.000 0.000 0.000 0.000 0.000 0.000 0.000 0.000
