数据/30y_3h/30y_3h_res_2/30y_3h_232-0001.wd
ncols         694
nrows         824
xllcorner     581104.939801
yllcorner     3495917.092414
cellsize      2.000000
NODATA_value  -9999.000000
[rows 714 to 747 of 824, columns 154 to 230 of 694]
0.000 0.000 0.000 0.000 0.000 0.000 0.000 0.002 0.003 0.004 0.005 0.006 0.007 0.007 0.008 0.008 0.008 0.008 0.007 0.006 0.000 0.000 0.044 0.040 0.036 0.032 0.027 0.021 0.017 0.013 0.009 0.006 0.000 0.000 0.000 0.000 0.000 0.000 0.000 0.000 0.000 0.000 0.001 0.001 0.001 0.001 0.001 0.001 0.002 0.000 0.000 0.000 0.000 0.000 0.000 0.000 0.000 0.000 0.084 0.094 0.105 0.104 0.082 0.062 0.071 0.002 0.001 0.000 0.000 0.000 0.000 0.000 0.000 0.000 0.000 0.000 0.000
0.000 0.000 0.000 0.000 0.000 0.000 0.002 0.003 0.004 0.005 0.006 0.007 0.008 0.008 0.008 0.009 0.009 0.009 0.009 0.009 0.008 0.007 0.001 0.057 0.055 0.049 0.044 0.038 0.033 0.027 0.022 0.017 0.013 0.009 0.000 0.000 0.000 0.000 0.000 0.000 0.000 0.000 0.001 0.001 0.008 0.018 0.028 0.038 0.048 0.000 0.000 0.000 0.000 0.000 0.000 0.000 0.000 0.000 0.146 0.141 0.118 0.095 0.072 0.063 0.073 0.027 0.001 0.000 0.000 0.000 0.000 0.000 0.000 0.000 0.000 0.000 0.000
0.000 0.000 0.000 0.000 0.000 0.001 0.003 0.004 0.005 0.006 0.007 0.008 0.008 0.009 0.009 0.009 0.010 0.010 0.010 0.010 0.011 0.010 0.009 0.001 0.001 0.067 0.062 0.057 0.051 0.044 0.038 0.032 0.027 0.023 0.019 0.000 0.000 0.000 0.000 0.000 0.000 0.001 0.001 0.007 0.059 0.078 0.090 0.100 0.111 0.000 0.000 0.000 0.000 0.000 0.000 0.000 0.000 0.180 0.156 0.133 0.109 0.086 0.063 0.066 0.075 0.071 0.002 0.001 0.000 0.000 0.000 0.000 0.000 0.000 0.000 0.000 0.000
0.000 0.000 0.000 0.000 0.000 0.002 0.004 0.005 0.006 0.007 0.008 0.008 0.009 0.009 0.009 0.010 0.010 0.011 0.011 0.012 0.012 0.013 0.014 0.015 0.017 0.001 0.081 0.075 0.069 0.062 0.055 0.049 0.043 0.039 0.035 0.031 0.029 0.000 0.000 0.000 0.001 0.001 0.002 0.044 0.101 0.141 0.152 0.163 0.000 0.000 0.000 0.000 0.000 0.000 0.000 0.000 0.000 0.170 0.147 0.123 0.101 0.077 0.060 0.069 0.078 0.087 0.029 0.001 0.000 0.000 0.000 0.000 0.000 0.000 0.000 0.000 0.000
0.000 0.000 0.000 0.000 0.001 0.003 0.005 0.006 0.007 0.007 0.008 0.008 0.009 0.009 0.010 0.010 0.011 0.011 0.012 0.013 0.013 0.015 0.016 0.020 0.026 0.038 0.001 0.092 0.088 0.079 0.071 0.066 0.061 0.057 0.053 0.050 0.048 0.045 0.000 0.007 0.006 0.007 0.032 0.086 0.143 0.199 0.215 0.226 0.000 0.000 0.000 0.000 0.000 0.000 0.000 0.000 0.000 0.161 0.138 0.114 0.091 0.067 0.063 0.072 0.081 0.090 0.074 0.002 0.000 0.000 0.000 0.000 0.000 0.000 0.000 0.000 0.000
0.000 0.000 0.000 0.000 0.001 0.003 0.005 0.006 0.007 0.008 0.008 0.009 0.009 0.010 0.010 0.011 0.011 0.012 0.012 0.013 0.014 0.015 0.017 0.019 0.022 0.026 0.017 0.001 0.000 0.093 0.088 0.084 0.080 0.076 0.073 0.070 0.068 0.065 0.059 0.041 0.040 0.039 0.073 0.129 0.185 0.241 0.278 0.288 0.000 0.000 0.000 0.000 0.000 0.000 0.000 0.000 0.000 0.152 0.129 0.106 0.082 0.058 0.066 0.075 0.084 0.093 0.102 0.032 0.000 0.000 0.000 0.000 0.000 0.000 0.000 0.000 0.000
0.000 0.000 0.000 0.000 0.001 0.003 0.005 0.006 0.007 0.008 0.008 0.009 0.010 0.010 0.010 0.011 0.011 0.012 0.013 0.013 0.014 0.015 0.016 0.018 0.019 0.020 0.016 0.012 0.008 0.000 0.106 0.103 0.100 0.096 0.093 0.091 0.088 0.087 0.084 0.000 0.000 0.062 0.114 0.171 0.227 0.283 0.340 0.351 0.362 0.339 0.000 0.000 0.000 0.000 0.000 0.000 0.168 0.144 0.120 0.096 0.073 0.060 0.070 0.078 0.087 0.096 0.106 0.077 0.000 0.000 0.000 0.000 0.000 0.000 0.000 0.000 0.000
0.000 0.000 0.000 0.000 0.001 0.003 0.005 0.006 0.007 0.008 0.009 0.009 0.010 0.010 0.011 0.011 0.012 0.012 0.013 0.013 0.014 0.015 0.016 0.017 0.017 0.017 0.015 0.013 0.010 0.007 0.000 0.122 0.120 0.116 0.114 0.111 0.109 0.108 0.000 0.000 0.000 0.000 0.156 0.213 0.269 0.326 0.381 0.377 0.353 0.330 0.308 0.285 0.000 0.000 0.000 0.000 0.159 0.135 0.112 0.087 0.063 0.063 0.072 0.081 0.090 0.100 0.110 0.000 0.000 0.000 0.000 0.000 0.000 0.000 0.000 0.000 0.000
0.000 0.000 0.000 0.000 0.001 0.003 0.005 0.006 0.007 0.008 0.009 0.009 0.010 0.010 0.011 0.011 0.012 0.012 0.013 0.013 0.014 0.014 0.015 0.015 0.016 0.015 0.014 0.013 0.011 0.009 0.007 0.001 0.001 0.136 0.134 0.132 0.131 0.000 0.000 0.000 0.000 0.000 0.000 0.255 0.311 0.335 0.356 0.000 0.000 0.322 0.299 0.276 0.252 0.228 0.000 0.000 0.150 0.126 0.102 0.078 0.057 0.066 0.076 0.085 0.094 0.104 0.114 0.000 0.000 0.000 0.000 0.000 0.000 0.000 0.000 0.000 0.000
0.000 0.000 0.000 0.000 0.001 0.003 0.005 0.006 0.007 0.008 0.009 0.009 0.010 0.010 0.011 0.011 0.012 0.012 0.013 0.013 0.013 0.014 0.014 0.015 0.015 0.014 0.013 0.012 0.011 0.010 0.008 0.007 0.005 0.001 0.153 0.150 0.000 0.000 0.000 0.000 0.000 0.000 0.000 0.268 0.289 0.311 0.333 0.000 0.000 0.000 0.000 0.267 0.243 0.218 0.192 0.167 0.142 0.117 0.092 0.068 0.060 0.069 0.079 0.088 0.097 0.107 0.117 0.000 0.000 0.000 0.000 0.000 0.000 0.000 0.000 0.000 0.000
0.000 0.000 0.000 0.000 0.001 0.003 0.005 0.006 0.007 0.008 0.009 0.009 0.010 0.010 0.011 0.011 0.011 0.012 0.012 0.013 0.013 0.013 0.014 0.014 0.014 0.013 0.013 0.012 0.011 0.010 0.009 0.008 0.007 0.005 0.000 0.165 0.158 0.000 0.000 0.000 0.000 0.000 0.000 0.243 0.265 0.288 0.310 0.324 0.000 0.000 0.000 0.000 0.000 0.208 0.183 0.158 0.133 0.108 0.073 0.057 0.063 0.073 0.082 0.091 0.101 0.111 0.000 0.000 0.000 0.000 0.000 0.000 0.000 0.000 0.000 0.000 0.000
0.000 0.000 0.000 0.000 0.001 0.003 0.005 0.006 0.007 0.008 0.009 0.009 0.010 0.010 0.010 0.011 0.011 0.012 0.012 0.012 0.013 0.013 0.013 0.013 0.013 0.013 0.012 0.012 0.011 0.010 0.009 0.008 0.007 0.006 0.004 0.001 0.173 0.171 0.000 0.000 0.000 0.000 0.000 0.000 0.241 0.000 0.000 0.305 0.293 0.000 0.000 0.000 0.000 0.000 0.000 0.148 0.123 0.099 0.072 0.057 0.066 0.075 0.084 0.094 0.104 0.114 0.000 0.000 0.000 0.000 0.000 0.000 0.000 0.000 0.000 0.000 0.000
0.000 0.000 0.000 0.000 0.001 0.003 0.005 0.006 0.007 0.008 0.008 0.009 0.009 0.010 0.010 0.011 0.011 0.011 0.012 0.012 0.012 0.012 0.013 0.013 0.013 0.012 0.012 0.011 0.011 0.010 0.009 0.009 0.008 0.007 0.006 0.004 0.000 0.189 0.206 0.000 0.000 0.000 0.000 0.000 0.000 0.000 0.000 0.000 0.272 0.000 0.000 0.000 0.000 0.000 0.161 0.138 0.114 0.090 0.064 0.061 0.069 0.078 0.087 0.097 0.108 0.118 0.000 0.000 0.000 0.000 0.000 0.000 0.000 0.000 0.000 0.000 0.000
0.000 0.000 0.000 0.000 0.001 0.003 0.005 0.006 0.007 0.008 0.008 0.009 0.009 0.010 0.010 0.010 0.011 0.011 0.011 0.012 0.012 0.012 0.012 0.012 0.012 0.012 0.011 0.011 0.011 0.010 0.009 0.009 0.008 0.007 0.006 0.005 0.003 0.001 0.179 0.196 0.000 0.000 0.000 0.000 0.000 0.000 0.000 0.000 0.253 0.000 0.000 0.000 0.000 0.000 0.151 0.128 0.104 0.080 0.055 0.063 0.072 0.081 0.090 0.100 0.110 0.000 0.000 0.000 0.000 0.000 0.000 0.000 0.000 0.000 0.000 0.000 0.000
0.000 0.000 0.000 0.000 0.001 0.003 0.004 0.005 0.006 0.007 0.008 0.008 0.009 0.009 0.010 0.010 0.011 0.011 0.011 0.011 0.011 0.012 0.012 0.012 0.012 0.011 0.011 0.011 0.010 0.010 0.009 0.009 0.008 0.007 0.006 0.005 0.004 0.002 0.000 0.168 0.184 0.000 0.000 0.000 0.000 0.000 0.000 0.239 0.234 0.000 0.000 0.000 0.000 0.161 0.142 0.118 0.094 0.070 0.058 0.066 0.075 0.085 0.093 0.103 0.111 0.120 0.128 0.000 0.000 0.000 0.000 0.000 0.000 0.000 0.000 0.000 0.000
0.000 0.000 0.000 0.000 0.000 0.002 0.004 0.005 0.006 0.007 0.007 0.008 0.009 0.009 0.010 0.010 0.010 0.010 0.011 0.011 0.011 0.011 0.011 0.011 0.011 0.011 0.011 0.010 0.010 0.010 0.009 0.008 0.008 0.007 0.006 0.005 0.004 0.003 0.001 0.000 0.155 0.169 0.000 0.000 0.000 0.000 0.000 0.000 0.000 0.000 0.000 0.000 0.000 0.141 0.129 0.108 0.084 0.061 0.061 0.070 0.079 0.088 0.096 0.106 0.114 0.122 0.131 0.138 0.147 0.000 0.000 0.000 0.000 0.000 0.000 0.000 0.000
0.000 0.000 0.000 0.000 0.000 0.001 0.003 0.004 0.005 0.006 0.007 0.008 0.008 0.009 0.009 0.010 0.010 0.010 0.010 0.011 0.011 0.011 0.011 0.011 0.011 0.010 0.010 0.010 0.010 0.009 0.009 0.008 0.008 0.007 0.006 0.005 0.004 0.003 0.001 0.000 0.000 0.137 0.149 0.167 0.000 0.000 0.000 0.000 0.000 0.000 0.000 0.000 0.134 0.121 0.110 0.096 0.076 0.056 0.064 0.073 0.081 0.091 0.100 0.109 0.117 0.126 0.134 0.142 0.149 0.157 0.166 0.000 0.000 0.000 0.000 0.000 0.000
0.000 0.000 0.000 0.000 0.000 0.000 0.002 0.003 0.004 0.005 0.006 0.007 0.008 0.008 0.009 0.009 0.009 0.010 0.010 0.010 0.010 0.010 0.010 0.010 0.010 0.010 0.010 0.010 0.009 0.009 0.008 0.008 0.007 0.007 0.006 0.005 0.004 0.002 0.000 0.000 0.000 0.000 0.122 0.141 0.159 0.000 0.000 0.000 0.000 0.000 0.000 0.000 0.115 0.102 0.090 0.077 0.065 0.059 0.067 0.076 0.085 0.094 0.103 0.112 0.121 0.129 0.137 0.145 0.152 0.160 0.169 0.178 0.129 0.000 0.000 0.000 0.000
0.000 0.000 0.000 0.000 0.000 0.000 0.000 0.002 0.003 0.004 0.005 0.006 0.007 0.008 0.008 0.009 0.009 0.009 0.009 0.010 0.010 0.010 0.010 0.010 0.010 0.010 0.009 0.009 0.009 0.008 0.008 0.007 0.007 0.006 0.005 0.004 0.003 0.001 0.000 0.000 0.000 0.000 0.000 0.114 0.131 0.149 0.000 0.000 0.000 0.000 0.000 0.108 0.095 0.083 0.070 0.058 0.055 0.059 0.069 0.079 0.089 0.098 0.107 0.116 0.125 0.000 0.000 0.000 0.155 0.164 0.172 0.181 0.173 0.087 0.019 0.000 0.000
0.000 0.000 0.000 0.000 0.000 0.000 0.000 0.000 0.002 0.003 0.004 0.005 0.006 0.007 0.008 0.008 0.008 0.009 0.009 0.009 0.009 0.009 0.009 0.009 0.009 0.009 0.009 0.009 0.008 0.008 0.008 0.007 0.006 0.005 0.004 0.003 0.002 0.000 0.000 0.000 0.000 0.000 0.000 0.000 0.103 0.121 0.139 0.000 0.000 0.000 0.000 0.089 0.076 0.064 0.056 0.055 0.054 0.057 0.066 0.077 0.087 0.096 0.105 0.115 0.125 0.000 0.000 0.000 0.000 0.000 0.175 0.184 0.193 0.131 0.090 0.050 0.000
0.000 0.000 0.000 0.000 0.000 0.000 0.000 0.000 0.000 0.002 0.003 0.004 0.005 0.006 0.007 0.008 0.008 0.008 0.008 0.009 0.009 0.009 0.009 0.009 0.009 0.009 0.008 0.008 0.008 0.007 0.007 0.006 0.005 0.004 0.003 0.002 0.000 0.000 0.000 0.000 0.000 0.000 0.000 0.000 0.080 0.095 0.111 0.127 0.000 0.104 0.089 0.072 0.058 0.057 0.056 0.055 0.054 0.054 0.064 0.074 0.084 0.094 0.104 0.113 0.000 0.000 0.000 0.000 0.000 0.000 0.000 0.185 0.194 0.199 0.160 0.121 0.000
0.000 0.000 0.000 0.000 0.000 0.000 0.000 0.000 0.000 0.000 0.002 0.003 0.004 0.005 0.006 0.007 0.007 0.008 0.008 0.008 0.008 0.008 0.008 0.008 0.008 0.008 0.008 0.008 0.007 0.007 0.006 0.005 0.004 0.003 0.002 0.000 0.000 0.000 0.000 0.000 0.000 0.000 0.000 0.000 0.000 0.070 0.084 0.097 0.107 0.087 0.070 0.062 0.059 0.057 0.056 0.055 0.055 0.054 0.062 0.072 0.083 0.093 0.103 0.000 0.000 0.000 0.000 0.000 0.000 0.000 0.000 0.000 0.000 0.205 0.200 0.191 0.151
0.000 0.000 0.000 0.000 0.000 0.000 0.000 0.000 0.000 0.000 0.000 0.002 0.003 0.004 0.005 0.006 0.006 0.007 0.007 0.007 0.007 0.007 0.007 0.007 0.007 0.007 0.007 0.007 0.007 0.006 0.005 0.004 0.003 0.002 0.000 0.000 0.000 0.000 0.000 0.000 0.000 0.000 0.000 0.000 0.000 0.000 0.057 0.070 0.081 0.069 0.065 0.062 0.059 0.058 0.057 0.056 0.055 0.055 0.061 0.071 0.081 0.091 0.101 0.000 0.000 0.000 0.000 0.000 0.000 0.000 0.000 0.000 0.000 0.000 0.000 0.199 0.194
0.000 0.000 0.000 0.000 0.000 0.000 0.000 0.000 0.000 0.000 0.000 0.000 0.002 0.003 0.004 0.005 0.005 0.006 0.006 0.006 0.006 0.006 0.006 0.006 0.006 0.006 0.006 0.006 0.006 0.005 0.004 0.003 0.002 0.000 0.000 0.000 0.000 0.000 0.000 0.000 0.000 0.000 0.000 0.000 0.000 0.000 0.000 0.043 0.056 0.067 0.063 0.061 0.059 0.058 0.057 0.056 0.055 0.055 0.060 0.070 0.080 0.090 0.000 0.000 0.000 0.000 0.000 0.000 0.000 0.000 0.000 0.000 0.000 0.000 0.000 0.000 0.000
0.000 0.000 0.000 0.000 0.000 0.000 0.000 0.000 0.000 0.000 0.000 0.000 0.000 0.002 0.003 0.004 0.004 0.005 0.005 0.005 0.005 0.005 0.005 0.005 0.005 0.005 0.005 0.005 0.005 0.004 0.003 0.002 0.000 0.000 0.000 0.000 0.000 0.000 0.000 0.000 0.000 0.000 0.000 0.000 0.000 0.000 0.000 0.000 0.032 0.047 0.061 0.059 0.058 0.057 0.057 0.056 0.055 0.055 0.058 0.068 0.078 0.089 0.000 0.000 0.000 0.000 0.000 0.000 0.000 0.000 0.000 0.000 0.000 0.000 0.000 0.000 0.000
0.000 0.000 0.000 0.000 0.000 0.000 0.000 0.000 0.000 0.000 0.000 0.000 0.000 0.000 0.001 0.002 0.003 0.003 0.003 0.003 0.003 0.003 0.003 0.003 0.003 0.003 0.003 0.003 0.003 0.002 0.001 0.000 0.000 0.000 0.000 0.000 0.000 0.000 0.000 0.000 0.000 0.000 0.000 0.000 0.000 0.000 0.000 0.000 0.000 0.000 0.043 0.058 0.057 0.056 0.056 0.055 0.055 0.055 0.056 0.066 0.076 0.000 0.000 0.000 0.000 0.000 0.000 0.000 0.000 0.000 0.000 0.000 0.000 0.000 0.000 0.000 0.000
0.000 0.000 0.000 0.000 0.000 0.000 0.000 0.000 0.000 0.000 0.000 0.000 0.000 0.000 0.000 0.000 0.001 0.001 0.001 0.001 0.001 0.001 0.001 0.001 0.001 0.001 0.001 0.001 0.001 0.000 0.000 0.000 0.000 0.000 0.000 0.000 0.000 0.000 0.000 0.000 0.000 0.000 0.000 0.000 0.000 0.000 0.000 0.000 0.000 0.000 0.023 0.043 0.056 0.056 0.055 0.054 0.054 0.054 0.054 0.064 0.074 0.000 0.000 0.000 0.000 0.000 0.000 0.000 0.000 0.000 0.000 0.000 0.000 0.000 0.000 0.000 0.000
0.000 0.000 0.000 0.000 0.000 0.000 0.000 0.000 0.000 0.000 0.000 0.000 0.000 0.000 0.000 0.000 0.000 0.000 0.000 0.000 0.000 0.000 0.000 0.000 0.000 0.000 0.000 0.000 0.000 0.000 0.000 0.000 0.000 0.000 0.000 0.000 0.000 0.000 0.000 0.000 0.000 0.000 0.000 0.000 0.000 0.000 0.000 0.000 0.000 0.000 0.004 0.022 0.041 0.055 0.054 0.053 0.052 0.052 0.053 0.061 0.000 0.000 0.000 0.000 0.000 0.000 0.000 0.000 0.000 0.000 0.000 0.000 0.000 0.000 0.000 0.000 0.000
0.000 0.000 0.000 0.000 0.000 0.000 0.000 0.000 0.000 0.000 0.000 0.000 0.000 0.000 0.000 0.000 0.000 0.000 0.000 0.000 0.000 0.000 0.000 0.000 0.000 0.000 0.000 0.000 0.000 0.000 0.000 0.000 0.000 0.000 0.000 0.000 0.000 0.000 0.000 0.000 0.000 0.000 0.000 0.000 0.000 0.000 0.000 0.000 0.000 0.000 0.000 0.003 0.020 0.040 0.052 0.051 0.050 0.050 0.049 0.000 0.000 0.000 0.000 0.000 0.000 0.000 0.000 0.000 0.000 0.000 0.000 0.000 0.000 0.000 0.000 0.000 0.000
0.000 0.000 0.000 0.000 0.000 0.000 0.000 0.000 0.000 0.000 0.000 0.000 0.000 0.000 0.000 0.000 0.000 0.000 0.000 0.000 0.000 0.000 0.000 0.000 0.000 0.000 0.000 0.000 0.000 0.000 0.000 0.000 0.000 0.000 0.000 0.000 0.000 0.000 0.000 0.000 0.000 0.000 0.000 0.000 0.000 0.000 0.000 0.000 0.000 0.000 0.000 0.001 0.002 0.018 0.037 0.049 0.048 0.046 0.043 0.042 0.000 0.000 0.000 0.000 0.000 0.000 0.000 0.000 0.000 0.000 0.000 0.000 0.000 0.000 0.000 0.000 0.000
0.000 0.000 0.000 0.000 0.000 0.000 0.000 0.000 0.000 0.000 0.000 0.000 0.000 0.000 0.000 0.000 0.000 0.000 0.000 0.000 0.000 0.000 0.000 0.000 0.000 0.000 0.000 0.000 0.000 0.000 0.000 0.000 0.000 0.000 0.000 0.000 0.000 0.000 0.000 0.000 0.000 0.000 0.000 0.000 0.000 0.000 0.000 0.000 0.000 0.000 0.000 0.001 0.001 0.002 0.014 0.033 0.045 0.042 0.039 0.035 0.038 0.000 0.000 0.000 0.000 0.000 0.000 0.000 0.000 0.000 0.000 0.000 0.000 0.000 0.000 0.000 0.000
0.000 0.000 0.000 0.000 0.000 0.000 0.000 0.000 0.000 0.000 0.000 0.000 0.000 0.000 0.000 0.000 0.000 0.000 0.000 0.000 0.000 0.000 0.000 0.000 0.000 0.000 0.000 0.000 0.000 0.000 0.000 0.000 0.000 0.000 0.000 0.000 0.000 0.000 0.000 0.000 0.000 0.000 0.000 0.000 0.000 0.000 0.000 0.000 0.000 0.000 0.000 0.001 0.001 0.001 0.001 0.008 0.029 0.038 0.034 0.029 0.031 0.028 0.030 0.000 0.000 0.000 0.000 0.000 0.000 0.000 0.000 0.000 0.000 0.000 0.000 0.000 0.000
0.000 0.000 0.000 0.000 0.000 0.000 0.000 0.000 0.000 0.000 0.000 0.000 0.000 0.000 0.000 0.000 0.000 0.000 0.000 0.000 0.000 0.000 0.000 0.000 0.000 0.000 0.000 0.000 0.000 0.000 0.000 0.000 0.000 0.000 0.000 0.000 0.000 0.000 0.000 0.000 0.000 0.000 0.000 0.000 0.000 0.000 0.000 0.000 0.000 0.000 0.000 0.000 0.001 0.001 0.001 0.001 0.004 0.021 0.030 0.025 0.024 0.022 0.025 0.028 0.000 0.000 0.000 0.000 0.000 0.000 0.000 0.000 0.000 0.000 0.000 0.000 0.000
0.000 0.000 0.000 0.000 0.000 0.000 0.000 0.000 0.000 0.000 0.000 0.000 0.000 0.000 0.000 0.000 0.000 0.000 0.000 0.000 0.000 0.000 0.000 0.000 0.000 0.000 0.000 0.000 0.000 0.000 0.000 0.000 0.000 0.000 0.000 0.000 0.000 0.000 0.000 0.000 0.000 0.000 0.000 0.000 0.000 0.000 0.000 0.000 0.000 0.000 0.000 0.000 0.000 0.001 0.001 0.001 0.001 0.002 0.013 0.020 0.017 0.017 0.021 0.024 0.027 0.000 0.000 0.000 0.000 0.000 0.000 0.000 0.000 0.000 0.000 0.000 0.000
