数据/30y_3h/30y_3h_res_2/30y_3h_206-0001.wd
ncols         694
nrows         824
xllcorner     581104.939801
yllcorner     3495917.092414
cellsize      2.000000
NODATA_value  -9999.000000
[rows 714 to 747 of 824, columns 154 to 230 of 694]
0.000 0.000 0.000 0.000 0.000 0.000 0.000 0.002 0.003 0.004 0.005 0.006 0.007 0.008 0.009 0.009 0.009 0.009 0.009 0.008 0.001 0.001 0.075 0.072 0.069 0.065 0.060 0.055 0.049 0.043 0.038 0.034 0.000 0.000 0.000 0.000 0.000 0.000 0.000 0.000 0.000 0.000 0.001 0.004 0.023 0.032 0.042 0.053 0.064 0.000 0.000 0.000 0.000 0.000 0.000 0.000 0.000 0.000 0.161 0.171 0.182 0.181 0.159 0.138 0.148 0.063 0.002 0.000 0.000 0.000 0.000 0.000 0.000 0.000 0.000 0.000 0.000
0.000 0.000 0.000 0.000 0.000 0.000 0.002 0.003 0.004 0.005 0.006 0.007 0.008 0.009 0.010 0.010 0.011 0.011 0.011 0.011 0.011 0.010 0.000 0.091 0.089 0.085 0.080 0.075 0.068 0.062 0.056 0.050 0.044 0.040 0.000 0.000 0.000 0.000 0.000 0.000 0.000 0.000 0.002 0.044 0.084 0.094 0.104 0.115 0.125 0.000 0.000 0.000 0.000 0.000 0.000 0.000 0.000 0.000 0.223 0.219 0.195 0.172 0.149 0.141 0.150 0.105 0.019 0.000 0.000 0.000 0.000 0.000 0.000 0.000 0.000 0.000 0.000
0.000 0.000 0.000 0.000 0.000 0.001 0.003 0.004 0.005 0.006 0.007 0.008 0.009 0.010 0.011 0.011 0.012 0.012 0.013 0.014 0.014 0.015 0.014 0.001 0.001 0.105 0.100 0.094 0.088 0.081 0.074 0.068 0.062 0.058 0.054 0.000 0.000 0.000 0.000 0.000 0.000 0.001 0.029 0.084 0.139 0.158 0.168 0.179 0.189 0.000 0.000 0.000 0.000 0.000 0.000 0.000 0.000 0.257 0.233 0.210 0.186 0.163 0.140 0.143 0.153 0.149 0.064 0.001 0.000 0.000 0.000 0.000 0.000 0.000 0.000 0.000 0.000
0.000 0.000 0.000 0.000 0.000 0.002 0.004 0.005 0.006 0.007 0.008 0.009 0.010 0.011 0.011 0.012 0.013 0.014 0.015 0.016 0.017 0.018 0.020 0.022 0.025 0.003 0.120 0.114 0.107 0.100 0.093 0.086 0.081 0.077 0.072 0.068 0.065 0.000 0.000 0.000 0.001 0.016 0.070 0.124 0.181 0.221 0.232 0.242 0.000 0.000 0.000 0.000 0.000 0.000 0.000 0.000 0.000 0.247 0.224 0.200 0.177 0.154 0.137 0.146 0.156 0.165 0.107 0.022 0.000 0.000 0.000 0.000 0.000 0.000 0.000 0.000 0.000
0.000 0.000 0.000 0.000 0.001 0.003 0.005 0.006 0.007 0.008 0.009 0.009 0.010 0.011 0.012 0.013 0.014 0.014 0.016 0.017 0.019 0.021 0.024 0.030 0.040 0.058 0.003 0.133 0.126 0.117 0.111 0.105 0.101 0.096 0.092 0.089 0.086 0.083 0.000 0.030 0.032 0.060 0.112 0.167 0.224 0.280 0.294 0.305 0.000 0.000 0.000 0.000 0.000 0.000 0.000 0.000 0.000 0.239 0.215 0.191 0.168 0.145 0.140 0.149 0.158 0.168 0.152 0.067 0.000 0.000 0.000 0.000 0.000 0.000 0.000 0.000 0.000
0.000 0.000 0.000 0.000 0.001 0.003 0.005 0.006 0.007 0.008 0.009 0.010 0.011 0.011 0.012 0.013 0.014 0.015 0.016 0.018 0.020 0.022 0.025 0.029 0.034 0.040 0.026 0.001 0.001 0.133 0.128 0.124 0.120 0.116 0.113 0.109 0.106 0.103 0.095 0.070 0.078 0.102 0.154 0.210 0.266 0.321 0.357 0.368 0.000 0.000 0.000 0.000 0.000 0.000 0.000 0.000 0.000 0.230 0.206 0.182 0.159 0.135 0.143 0.152 0.162 0.171 0.180 0.111 0.000 0.000 0.000 0.000 0.000 0.000 0.000 0.000 0.000
0.000 0.000 0.000 0.000 0.001 0.003 0.005 0.006 0.007 0.008 0.009 0.010 0.011 0.012 0.013 0.013 0.014 0.015 0.017 0.018 0.020 0.022 0.024 0.026 0.029 0.030 0.024 0.017 0.011 0.001 0.146 0.144 0.140 0.136 0.133 0.130 0.127 0.125 0.122 0.000 0.000 0.141 0.196 0.252 0.308 0.364 0.420 0.431 0.441 0.418 0.000 0.000 0.000 0.000 0.000 0.000 0.244 0.221 0.197 0.173 0.149 0.137 0.146 0.155 0.165 0.174 0.184 0.156 0.000 0.000 0.000 0.000 0.000 0.000 0.000 0.000 0.000
0.000 0.000 0.000 0.000 0.001 0.003 0.005 0.006 0.007 0.008 0.009 0.010 0.011 0.012 0.013 0.014 0.014 0.015 0.017 0.018 0.019 0.021 0.022 0.024 0.025 0.025 0.022 0.018 0.014 0.010 0.001 0.162 0.160 0.157 0.153 0.151 0.148 0.147 0.000 0.000 0.000 0.000 0.238 0.294 0.349 0.406 0.460 0.457 0.433 0.409 0.385 0.361 0.000 0.000 0.000 0.000 0.235 0.212 0.188 0.164 0.141 0.140 0.149 0.159 0.168 0.177 0.187 0.000 0.000 0.000 0.000 0.000 0.000 0.000 0.000 0.000 0.000
0.000 0.000 0.000 0.000 0.001 0.003 0.005 0.006 0.007 0.008 0.009 0.010 0.011 0.012 0.013 0.014 0.014 0.015 0.016 0.017 0.018 0.020 0.021 0.022 0.022 0.022 0.020 0.018 0.015 0.012 0.009 0.001 0.000 0.177 0.173 0.171 0.170 0.000 0.000 0.000 0.000 0.000 0.000 0.337 0.393 0.414 0.438 0.000 0.000 0.401 0.377 0.352 0.328 0.303 0.000 0.000 0.226 0.202 0.179 0.154 0.134 0.143 0.152 0.161 0.171 0.180 0.190 0.000 0.000 0.000 0.000 0.000 0.000 0.000 0.000 0.000 0.000
0.000 0.000 0.000 0.000 0.001 0.003 0.005 0.006 0.007 0.008 0.009 0.010 0.011 0.012 0.013 0.013 0.014 0.015 0.016 0.017 0.018 0.019 0.019 0.020 0.020 0.020 0.018 0.017 0.015 0.013 0.011 0.008 0.006 0.001 0.194 0.189 0.000 0.000 0.000 0.000 0.000 0.000 0.000 0.349 0.372 0.393 0.414 0.000 0.000 0.000 0.000 0.342 0.318 0.293 0.268 0.241 0.217 0.193 0.169 0.145 0.137 0.146 0.155 0.164 0.174 0.183 0.193 0.000 0.000 0.000 0.000 0.000 0.000 0.000 0.000 0.000 0.000
0.000 0.000 0.000 0.000 0.001 0.003 0.005 0.006 0.007 0.008 0.009 0.010 0.011 0.012 0.012 0.013 0.014 0.015 0.015 0.016 0.017 0.018 0.018 0.018 0.018 0.018 0.017 0.016 0.014 0.013 0.011 0.009 0.008 0.005 0.000 0.205 0.197 0.000 0.000 0.000 0.000 0.000 0.000 0.326 0.348 0.369 0.390 0.403 0.000 0.000 0.000 0.000 0.000 0.283 0.258 0.232 0.207 0.183 0.159 0.135 0.140 0.148 0.157 0.166 0.176 0.185 0.000 0.000 0.000 0.000 0.000 0.000 0.000 0.000 0.000 0.000 0.000
0.000 0.000 0.000 0.000 0.001 0.003 0.005 0.006 0.007 0.008 0.009 0.010 0.011 0.011 0.012 0.013 0.014 0.014 0.015 0.015 0.016 0.017 0.017 0.017 0.017 0.017 0.016 0.015 0.014 0.013 0.011 0.010 0.009 0.007 0.005 0.000 0.212 0.209 0.000 0.000 0.000 0.000 0.000 0.000 0.325 0.000 0.000 0.383 0.370 0.000 0.000 0.000 0.000 0.000 0.000 0.220 0.196 0.173 0.149 0.132 0.142 0.150 0.159 0.169 0.178 0.187 0.000 0.000 0.000 0.000 0.000 0.000 0.000 0.000 0.000 0.000 0.000
0.000 0.000 0.000 0.000 0.001 0.003 0.005 0.006 0.007 0.008 0.009 0.010 0.011 0.011 0.012 0.012 0.013 0.014 0.014 0.015 0.015 0.016 0.016 0.016 0.016 0.016 0.015 0.014 0.013 0.012 0.011 0.010 0.009 0.008 0.006 0.004 0.001 0.227 0.244 0.000 0.000 0.000 0.000 0.000 0.000 0.000 0.000 0.000 0.349 0.000 0.000 0.000 0.000 0.000 0.231 0.208 0.185 0.162 0.138 0.134 0.143 0.152 0.161 0.170 0.180 0.190 0.000 0.000 0.000 0.000 0.000 0.000 0.000 0.000 0.000 0.000 0.000
0.000 0.000 0.000 0.000 0.001 0.003 0.005 0.006 0.007 0.008 0.009 0.009 0.010 0.011 0.011 0.012 0.013 0.013 0.014 0.014 0.014 0.015 0.015 0.015 0.015 0.015 0.014 0.013 0.013 0.012 0.011 0.010 0.009 0.008 0.007 0.005 0.003 0.001 0.216 0.232 0.000 0.000 0.000 0.000 0.000 0.000 0.000 0.000 0.329 0.000 0.000 0.000 0.000 0.000 0.221 0.198 0.175 0.151 0.127 0.136 0.144 0.154 0.162 0.171 0.180 0.000 0.000 0.000 0.000 0.000 0.000 0.000 0.000 0.000 0.000 0.000 0.000
0.000 0.000 0.000 0.000 0.001 0.003 0.004 0.005 0.006 0.007 0.008 0.009 0.010 0.010 0.011 0.012 0.012 0.013 0.013 0.013 0.014 0.014 0.014 0.014 0.014 0.014 0.013 0.013 0.012 0.011 0.011 0.010 0.009 0.008 0.007 0.006 0.004 0.002 0.000 0.203 0.218 0.000 0.000 0.000 0.000 0.000 0.000 0.315 0.310 0.000 0.000 0.000 0.000 0.231 0.211 0.188 0.164 0.141 0.129 0.137 0.146 0.155 0.164 0.172 0.180 0.186 0.195 0.000 0.000 0.000 0.000 0.000 0.000 0.000 0.000 0.000 0.000
0.000 0.000 0.000 0.000 0.000 0.002 0.004 0.005 0.006 0.007 0.008 0.009 0.009 0.010 0.011 0.011 0.012 0.012 0.012 0.013 0.013 0.013 0.013 0.013 0.013 0.013 0.013 0.012 0.011 0.011 0.010 0.009 0.009 0.008 0.007 0.006 0.004 0.003 0.001 0.000 0.188 0.202 0.000 0.000 0.000 0.000 0.000 0.000 0.000 0.000 0.000 0.000 0.000 0.210 0.198 0.178 0.154 0.130 0.131 0.139 0.148 0.157 0.166 0.174 0.182 0.189 0.197 0.205 0.213 0.000 0.000 0.000 0.000 0.000 0.000 0.000 0.000
0.000 0.000 0.000 0.000 0.000 0.001 0.003 0.004 0.005 0.006 0.007 0.008 0.009 0.009 0.010 0.011 0.011 0.011 0.012 0.012 0.012 0.012 0.012 0.012 0.012 0.012 0.012 0.011 0.011 0.010 0.010 0.009 0.008 0.007 0.006 0.005 0.004 0.003 0.001 0.000 0.000 0.170 0.182 0.201 0.000 0.000 0.000 0.000 0.000 0.000 0.000 0.000 0.200 0.189 0.177 0.165 0.144 0.123 0.133 0.141 0.150 0.159 0.168 0.177 0.185 0.193 0.200 0.208 0.216 0.223 0.232 0.000 0.000 0.000 0.000 0.000 0.000
0.000 0.000 0.000 0.000 0.000 0.000 0.002 0.003 0.004 0.005 0.006 0.007 0.008 0.009 0.009 0.010 0.010 0.011 0.011 0.011 0.012 0.012 0.012 0.012 0.012 0.011 0.011 0.011 0.010 0.010 0.009 0.009 0.008 0.007 0.006 0.005 0.004 0.002 0.000 0.000 0.000 0.000 0.156 0.174 0.192 0.000 0.000 0.000 0.000 0.000 0.000 0.000 0.180 0.168 0.156 0.144 0.131 0.125 0.135 0.144 0.153 0.162 0.171 0.180 0.189 0.196 0.204 0.211 0.218 0.226 0.234 0.242 0.193 0.000 0.000 0.000 0.000
0.000 0.000 0.000 0.000 0.000 0.000 0.000 0.002 0.003 0.004 0.005 0.006 0.007 0.008 0.009 0.009 0.010 0.010 0.010 0.011 0.011 0.011 0.011 0.011 0.011 0.011 0.010 0.010 0.010 0.009 0.009 0.008 0.007 0.006 0.005 0.004 0.003 0.001 0.000 0.000 0.000 0.000 0.000 0.147 0.164 0.182 0.000 0.000 0.000 0.000 0.000 0.171 0.159 0.147 0.135 0.123 0.120 0.125 0.135 0.145 0.155 0.165 0.174 0.183 0.192 0.000 0.000 0.000 0.221 0.229 0.237 0.245 0.237 0.150 0.082 0.000 0.000
0.000 0.000 0.000 0.000 0.000 0.000 0.000 0.000 0.002 0.003 0.004 0.005 0.006 0.007 0.008 0.009 0.009 0.009 0.010 0.010 0.010 0.010 0.010 0.010 0.010 0.010 0.010 0.009 0.009 0.009 0.008 0.007 0.006 0.005 0.004 0.003 0.002 0.000 0.000 0.000 0.000 0.000 0.000 0.000 0.137 0.155 0.174 0.000 0.000 0.000 0.000 0.151 0.139 0.127 0.119 0.119 0.120 0.123 0.133 0.143 0.153 0.163 0.173 0.183 0.193 0.000 0.000 0.000 0.000 0.000 0.240 0.248 0.257 0.194 0.152 0.113 0.000
0.000 0.000 0.000 0.000 0.000 0.000 0.000 0.000 0.000 0.002 0.003 0.004 0.005 0.006 0.007 0.008 0.008 0.009 0.009 0.009 0.009 0.009 0.009 0.009 0.009 0.009 0.009 0.009 0.008 0.008 0.007 0.006 0.005 0.004 0.003 0.002 0.000 0.000 0.000 0.000 0.000 0.000 0.000 0.000 0.114 0.130 0.147 0.165 0.000 0.155 0.143 0.131 0.119 0.118 0.119 0.119 0.119 0.120 0.130 0.140 0.150 0.160 0.170 0.180 0.000 0.000 0.000 0.000 0.000 0.000 0.000 0.248 0.258 0.262 0.223 0.183 0.000
0.000 0.000 0.000 0.000 0.000 0.000 0.000 0.000 0.000 0.000 0.002 0.003 0.004 0.005 0.006 0.007 0.007 0.008 0.008 0.008 0.008 0.008 0.008 0.008 0.008 0.008 0.008 0.008 0.008 0.007 0.006 0.005 0.004 0.003 0.002 0.000 0.000 0.000 0.000 0.000 0.000 0.000 0.000 0.000 0.000 0.106 0.121 0.137 0.152 0.137 0.124 0.118 0.118 0.117 0.118 0.118 0.118 0.118 0.127 0.137 0.148 0.158 0.168 0.000 0.000 0.000 0.000 0.000 0.000 0.000 0.000 0.000 0.000 0.267 0.262 0.252 0.210
0.000 0.000 0.000 0.000 0.000 0.000 0.000 0.000 0.000 0.000 0.000 0.002 0.003 0.004 0.005 0.006 0.006 0.007 0.007 0.007 0.007 0.007 0.007 0.007 0.007 0.007 0.007 0.007 0.007 0.006 0.005 0.004 0.003 0.002 0.000 0.000 0.000 0.000 0.000 0.000 0.000 0.000 0.000 0.000 0.000 0.000 0.097 0.112 0.127 0.119 0.118 0.117 0.116 0.116 0.116 0.116 0.117 0.117 0.124 0.135 0.145 0.156 0.166 0.000 0.000 0.000 0.000 0.000 0.000 0.000 0.000 0.000 0.000 0.000 0.000 0.259 0.253
0.000 0.000 0.000 0.000 0.000 0.000 0.000 0.000 0.000 0.000 0.000 0.000 0.002 0.003 0.004 0.005 0.005 0.006 0.006 0.006 0.006 0.006 0.006 0.006 0.006 0.006 0.006 0.006 0.006 0.005 0.004 0.003 0.002 0.000 0.000 0.000 0.000 0.000 0.000 0.000 0.000 0.000 0.000 0.000 0.000 0.000 0.000 0.088 0.104 0.118 0.116 0.115 0.115 0.115 0.115 0.115 0.115 0.116 0.121 0.132 0.142 0.153 0.000 0.000 0.000 0.000 0.000 0.000 0.000 0.000 0.000 0.000 0.000 0.000 0.000 0.000 0.000
0.000 0.000 0.000 0.000 0.000 0.000 0.000 0.000 0.000 0.000 0.000 0.000 0.000 0.002 0.003 0.004 0.004 0.005 0.005 0.005 0.005 0.005 0.005 0.005 0.005 0.005 0.005 0.005 0.005 0.004 0.003 0.002 0.000 0.000 0.000 0.000 0.000 0.000 0.000 0.000 0.000 0.000 0.000 0.000 0.000 0.000 0.000 0.000 0.082 0.099 0.114 0.113 0.113 0.113 0.113 0.113 0.113 0.114 0.117 0.129 0.140 0.151 0.000 0.000 0.000 0.000 0.000 0.000 0.000 0.000 0.000 0.000 0.000 0.000 0.000 0.000 0.000
0.000 0.000 0.000 0.000 0.000 0.000 0.000 0.000 0.000 0.000 0.000 0.000 0.000 0.000 0.001 0.002 0.003 0.003 0.003 0.003 0.003 0.003 0.003 0.003 0.003 0.003 0.003 0.003 0.003 0.002 0.001 0.000 0.000 0.000 0.000 0.000 0.000 0.000 0.000 0.000 0.000 0.000 0.000 0.000 0.000 0.000 0.000 0.000 0.000 0.062 0.096 0.111 0.111 0.111 0.111 0.111 0.111 0.111 0.113 0.125 0.136 0.000 0.000 0.000 0.000 0.000 0.000 0.000 0.000 0.000 0.000 0.000 0.000 0.000 0.000 0.000 0.000
0.000 0.000 0.000 0.000 0.000 0.000 0.000 0.000 0.000 0.000 0.000 0.000 0.000 0.000 0.000 0.000 0.001 0.001 0.001 0.001 0.001 0.001 0.001 0.001 0.001 0.001 0.001 0.001 0.001 0.000 0.000 0.000 0.000 0.000 0.000 0.000 0.000 0.000 0.000 0.000 0.000 0.000 0.000 0.000 0.000 0.000 0.000 0.000 0.000 0.000 0.075 0.095 0.109 0.109 0.108 0.107 0.107 0.108 0.109 0.121 0.133 0.000 0.000 0.000 0.000 0.000 0.000 0.000 0.000 0.000 0.000 0.000 0.000 0.000 0.000 0.000 0.000
0.000 0.000 0.000 0.000 0.000 0.000 0.000 0.000 0.000 0.000 0.000 0.000 0.000 0.000 0.000 0.000 0.000 0.000 0.000 0.000 0.000 0.000 0.000 0.000 0.000 0.000 0.000 0.000 0.000 0.000 0.000 0.000 0.000 0.000 0.000 0.000 0.000 0.000 0.000 0.000 0.000 0.000 0.000 0.000 0.000 0.000 0.000 0.000 0.000 0.000 0.053 0.073 0.093 0.106 0.104 0.102 0.100 0.102 0.105 0.117 0.000 0.000 0.000 0.000 0.000 0.000 0.000 0.000 0.000 0.000 0.000 0.000 0.000 0.000 0.000 0.000 0.000
0.000 0.000 0.000 0.000 0.000 0.000 0.000 0.000 0.000 0.000 0.000 0.000 0.000 0.000 0.000 0.000 0.000 0.000 0.000 0.000 0.000 0.000 0.000 0.000 0.000 0.000 0.000 0.000 0.000 0.000 0.000 0.000 0.000 0.000 0.000 0.000 0.000 0.000 0.000 0.000 0.000 0.000 0.000 0.000 0.000 0.000 0.000 0.000 0.000 0.000 0.000 0.051 0.071 0.089 0.100 0.095 0.083 0.091 0.094 0.000 0.000 0.000 0.000 0.000 0.000 0.000 0.000 0.000 0.000 0.000 0.000 0.000 0.000 0.000 0.000 0.000 0.000
0.000 0.000 0.000 0.000 0.000 0.000 0.000 0.000 0.000 0.000 0.000 0.000 0.000 0.000 0.000 0.000 0.000 0.000 0.000 0.000 0.000 0.000 0.000 0.000 0.000 0.000 0.000 0.000 0.000 0.000 0.000 0.000 0.000 0.000 0.000 0.000 0.000 0.000 0.000 0.000 0.000 0.000 0.000 0.000 0.000 0.000 0.000 0.000 0.000 0.000 0.000 0.029 0.048 0.065 0.082 0.091 0.086 0.086 0.084 0.082 0.000 0.000 0.000 0.000 0.000 0.000 0.000 0.000 0.000 0.000 0.000 0.000 0.000 0.000 0.000 0.000 0.000
0.000 0.000 0.000 0.000 0.000 0.000 0.000 0.000 0.000 0.000 0.000 0.000 0.000 0.000 0.000 0.000 0.000 0.000 0.000 0.000 0.000 0.000 0.000 0.000 0.000 0.000 0.000 0.000 0.000 0.000 0.000 0.000 0.000 0.000 0.000 0.000 0.000 0.000 0.000 0.000 0.000 0.000 0.000 0.000 0.000 0.000 0.000 0.000 0.000 0.000 0.000 0.007 0.024 0.041 0.058 0.074 0.084 0.082 0.079 0.075 0.077 0.000 0.000 0.000 0.000 0.000 0.000 0.000 0.000 0.000 0.000 0.000 0.000 0.000 0.000 0.000 0.000
0.000 0.000 0.000 0.000 0.000 0.000 0.000 0.000 0.000 0.000 0.000 0.000 0.000 0.000 0.000 0.000 0.000 0.000 0.000 0.000 0.000 0.000 0.000 0.000 0.000 0.000 0.000 0.000 0.000 0.000 0.000 0.000 0.000 0.000 0.000 0.000 0.000 0.000 0.000 0.000 0.000 0.000 0.000 0.000 0.000 0.000 0.000 0.000 0.000 0.000 0.000 0.001 0.004 0.017 0.034 0.051 0.068 0.078 0.074 0.067 0.067 0.062 0.063 0.000 0.000 0.000 0.000 0.000 0.000 0.000 0.000 0.000 0.000 0.000 0.000 0.000 0.000
0.000 0.000 0.000 0.000 0.000 0.000 0.000 0.000 0.000 0.000 0.000 0.000 0.000 0.000 0.000 0.000 0.000 0.000 0.000 0.000 0.000 0.000 0.000 0.000 0.000 0.000 0.000 0.000 0.000 0.000 0.000 0.000 0.000 0.000 0.000 0.000 0.000 0.000 0.000 0.000 0.000 0.000 0.000 0.000 0.000 0.000 0.000 0.000 0.000 0.000 0.000 0.000 0.001 0.002 0.011 0.028 0.045 0.061 0.068 0.061 0.058 0.054 0.055 0.058 0.000 0.000 0.000 0.000 0.000 0.000 0.000 0.000 0.000 0.000 0.000 0.000 0.000
0.000 0.000 0.000 0.000 0.000 0.000 0.000 0.000 0.000 0.000 0.000 0.000 0.000 0.000 0.000 0.000 0.000 0.000 0.000 0.000 0.000 0.000 0.000 0.000 0.000 0.000 0.000 0.000 0.000 0.000 0.000 0.000 0.000 0.000 0.000 0.000 0.000 0.000 0.000 0.000 0.000 0.000 0.000 0.000 0.000 0.000 0.000 0.000 0.000 0.000 0.000 0.000 0.000 0.001 0.001 0.006 0.021 0.037 0.051 0.054 0.047 0.046 0.048 0.051 0.053 0.000 0.000 0.000 0.000 0.000 0.000 0.000 0.000 0.000 0.000 0.000 0.000
