数据/30y_3h/30y_3h_res_2/30y_3h_207-0001.wd
ncols         694
nrows         824
xllcorner     581104.939801
yllcorner     3495917.092414
cellsize      2.000000
NODATA_value  -9999.000000
[rows 306 to 339 of 824, columns 462 to 538 of 694]
0.031 0.032 0.033 0.033 0.034 0.033 0.033 0.033 0.029 0.023 0.017 0.013 0.009 0.006 0.004 0.002 0.001 0.000 0.001 0.001 0.001 0.001 0.001 0.001 0.001 0.002 0.005 0.008 0.011 0.012 0.013 0.012 0.010 0.008 0.007 0.005 0.004 0.003 0.004 0.000 0.000 0.000 0.000 0.000 0.000 0.000 0.000 0.000 0.000 0.000 0.000 0.000 0.000 0.000 0.010 0.010 0.011 0.014 0.000 0.001 0.001 0.000 0.000 0.000 0.001 0.007 0.000 0.000 0.000 0.000 0.001 0.004 0.011 0.023 0.032 0.032 0.028
0.037 0.034 0.034 0.034 0.034 0.035 0.035 0.035 0.035 0.032 0.026 0.020 0.015 0.011 0.008 0.005 0.003 0.002 0.002 0.002 0.001 0.001 0.001 0.001 0.001 0.002 0.005 0.008 0.011 0.012 0.012 0.012 0.010 0.009 0.007 0.006 0.005 0.006 0.015 0.000 0.000 0.000 0.000 0.000 0.000 0.000 0.000 0.000 0.000 0.000 0.000 0.000 0.000 0.000 0.000 0.000 0.000 0.011 0.011 0.008 0.007 0.006 0.005 0.005 0.008 0.000 0.000 0.000 0.000 0.000 0.008 0.019 0.029 0.029 0.026 0.024 0.022
0.032 0.033 0.034 0.035 0.036 0.037 0.038 0.038 0.038 0.038 0.036 0.030 0.024 0.019 0.015 0.010 0.007 0.006 0.004 0.003 0.003 0.002 0.002 0.001 0.001 0.000 0.005 0.008 0.010 0.012 0.012 0.011 0.010 0.009 0.008 0.006 0.006 0.007 0.000 0.000 0.000 0.000 0.000 0.000 0.000 0.000 0.000 0.000 0.000 0.000 0.000 0.000 0.000 0.000 0.000 0.000 0.000 0.000 0.000 0.006 0.007 0.008 0.007 0.007 0.011 0.000 0.000 0.000 0.000 0.014 0.025 0.028 0.025 0.022 0.020 0.018 0.017
0.030 0.033 0.035 0.037 0.038 0.040 0.042 0.043 0.043 0.041 0.041 0.042 0.036 0.031 0.025 0.018 0.014 0.011 0.008 0.006 0.005 0.003 0.003 0.002 0.002 0.002 0.005 0.008 0.010 0.011 0.012 0.011 0.011 0.009 0.008 0.007 0.006 0.006 0.003 0.002 0.002 0.000 0.000 0.000 0.000 0.000 0.000 0.000 0.000 0.000 0.000 0.000 0.000 0.000 0.000 0.000 0.000 0.000 0.000 0.000 0.000 0.000 0.005 0.007 0.009 0.013 0.000 0.000 0.000 0.024 0.023 0.021 0.019 0.017 0.016 0.014 0.014
0.030 0.034 0.037 0.040 0.044 0.046 0.048 0.049 0.048 0.044 0.045 0.048 0.051 0.046 0.037 0.029 0.023 0.018 0.014 0.010 0.008 0.006 0.004 0.003 0.003 0.003 0.005 0.007 0.010 0.011 0.011 0.011 0.011 0.010 0.009 0.008 0.007 0.006 0.004 0.003 0.002 0.001 0.001 0.000 0.000 0.000 0.000 0.000 0.000 0.000 0.000 0.000 0.000 0.000 0.000 0.000 0.000 0.000 0.000 0.000 0.000 0.000 0.000 0.000 0.008 0.013 0.016 0.028 0.029 0.024 0.020 0.018 0.016 0.014 0.013 0.012 0.013
0.033 0.038 0.043 0.047 0.052 0.055 0.057 0.058 0.055 0.033 0.051 0.057 0.060 0.060 0.050 0.039 0.031 0.025 0.019 0.015 0.011 0.008 0.006 0.005 0.004 0.004 0.005 0.007 0.009 0.011 0.011 0.011 0.011 0.010 0.009 0.008 0.007 0.006 0.005 0.004 0.003 0.002 0.001 0.001 0.001 0.002 0.000 0.000 0.000 0.000 0.000 0.000 0.000 0.000 0.000 0.000 0.000 0.000 0.000 0.000 0.000 0.000 0.000 0.000 0.000 0.000 0.000 0.017 0.019 0.018 0.017 0.015 0.013 0.012 0.011 0.010 0.008
0.040 0.046 0.052 0.057 0.062 0.066 0.069 0.070 0.070 0.066 0.067 0.070 0.064 0.053 0.051 0.045 0.036 0.029 0.023 0.019 0.015 0.011 0.009 0.007 0.005 0.005 0.005 0.007 0.009 0.010 0.011 0.011 0.011 0.010 0.009 0.008 0.007 0.006 0.005 0.004 0.003 0.002 0.002 0.001 0.001 0.001 0.001 0.002 0.000 0.000 0.000 0.000 0.000 0.002 0.000 0.000 0.000 0.000 0.000 0.000 0.000 0.000 0.000 0.000 0.000 0.000 0.020 0.018 0.017 0.015 0.014 0.012 0.011 0.010 0.009 0.010 0.000
0.050 0.057 0.063 0.069 0.074 0.078 0.081 0.077 0.069 0.059 0.051 0.043 0.035 0.023 0.035 0.046 0.039 0.033 0.027 0.022 0.018 0.014 0.011 0.008 0.007 0.006 0.006 0.007 0.009 0.010 0.011 0.011 0.011 0.010 0.010 0.009 0.008 0.007 0.006 0.005 0.004 0.003 0.002 0.000 0.001 0.001 0.001 0.001 0.001 0.001 0.002 0.002 0.002 0.002 0.002 0.003 0.020 0.000 0.000 0.000 0.000 0.000 0.000 0.000 0.000 0.000 0.017 0.017 0.015 0.014 0.012 0.011 0.009 0.008 0.008 0.006 0.000
0.062 0.068 0.070 0.067 0.063 0.058 0.053 0.047 0.041 0.034 0.027 0.021 0.013 0.015 0.000 0.039 0.041 0.035 0.030 0.025 0.021 0.017 0.014 0.011 0.009 0.007 0.007 0.008 0.009 0.010 0.011 0.011 0.011 0.011 0.010 0.009 0.008 0.007 0.006 0.005 0.004 0.003 0.002 0.002 0.001 0.001 0.001 0.001 0.001 0.002 0.002 0.002 0.002 0.003 0.005 0.013 0.031 0.053 0.080 0.000 0.000 0.000 0.000 0.000 0.000 0.022 0.019 0.017 0.015 0.013 0.011 0.009 0.008 0.007 0.007 0.000 0.000
0.042 0.040 0.038 0.035 0.032 0.028 0.024 0.021 0.017 0.013 0.010 0.006 0.004 0.008 0.010 0.028 0.043 0.038 0.034 0.029 0.025 0.021 0.018 0.015 0.012 0.011 0.010 0.010 0.010 0.011 0.011 0.012 0.012 0.011 0.011 0.010 0.009 0.008 0.007 0.006 0.005 0.004 0.003 0.003 0.002 0.002 0.001 0.001 0.002 0.002 0.002 0.003 0.004 0.009 0.018 0.029 0.045 0.066 0.080 0.085 0.091 0.099 0.000 0.000 0.000 0.019 0.018 0.016 0.013 0.011 0.009 0.008 0.007 0.006 0.005 0.000 0.000
0.013 0.012 0.011 0.010 0.009 0.007 0.006 0.005 0.004 0.003 0.002 0.001 0.002 0.004 0.008 0.020 0.040 0.042 0.038 0.034 0.031 0.028 0.025 0.023 0.021 0.020 0.019 0.019 0.018 0.018 0.018 0.017 0.016 0.015 0.014 0.013 0.012 0.011 0.010 0.008 0.007 0.006 0.005 0.005 0.004 0.004 0.003 0.002 0.003 0.003 0.005 0.010 0.017 0.026 0.036 0.047 0.053 0.054 0.058 0.061 0.066 0.070 0.072 0.080 0.000 0.022 0.019 0.015 0.012 0.009 0.008 0.006 0.005 0.005 0.000 0.000 0.000
0.002 0.002 0.002 0.002 0.002 0.002 0.001 0.001 0.001 0.001 0.001 0.001 0.001 0.002 0.006 0.014 0.030 0.047 0.045 0.043 0.041 0.041 0.041 0.041 0.041 0.040 0.039 0.038 0.037 0.036 0.034 0.032 0.029 0.027 0.025 0.023 0.021 0.019 0.017 0.015 0.014 0.013 0.012 0.012 0.012 0.011 0.011 0.009 0.009 0.014 0.020 0.027 0.035 0.044 0.049 0.044 0.040 0.038 0.038 0.039 0.039 0.031 0.043 0.049 0.043 0.029 0.020 0.014 0.010 0.007 0.005 0.004 0.004 0.003 0.000 0.000 0.000
0.001 0.001 0.001 0.001 0.001 0.001 0.001 0.001 0.001 0.001 0.001 0.001 0.001 0.001 0.004 0.009 0.022 0.049 0.058 0.059 0.061 0.063 0.065 0.067 0.067 0.067 0.066 0.065 0.063 0.061 0.058 0.054 0.050 0.046 0.043 0.040 0.038 0.035 0.033 0.032 0.031 0.031 0.031 0.032 0.033 0.033 0.034 0.032 0.028 0.032 0.038 0.045 0.050 0.044 0.038 0.033 0.029 0.026 0.023 0.022 0.020 0.018 0.018 0.020 0.018 0.015 0.012 0.008 0.005 0.004 0.003 0.003 0.003 0.000 0.000 0.000 0.000
0.000 0.000 0.000 0.000 0.000 0.000 0.000 0.000 0.000 0.000 0.001 0.001 0.001 0.001 0.002 0.006 0.017 0.044 0.079 0.083 0.087 0.091 0.094 0.095 0.096 0.095 0.095 0.094 0.091 0.088 0.084 0.078 0.073 0.070 0.067 0.063 0.060 0.058 0.057 0.056 0.057 0.058 0.059 0.060 0.061 0.062 0.062 0.061 0.058 0.050 0.055 0.047 0.039 0.033 0.028 0.023 0.019 0.016 0.013 0.011 0.010 0.008 0.007 0.006 0.005 0.005 0.004 0.003 0.002 0.002 0.002 0.002 0.002 0.014 0.000 0.000 0.000
0.000 0.000 0.000 0.000 0.000 0.000 0.000 0.000 0.000 0.000 0.000 0.001 0.001 0.001 0.001 0.003 0.014 0.044 0.094 0.111 0.116 0.121 0.124 0.125 0.125 0.125 0.124 0.123 0.121 0.117 0.112 0.102 0.098 0.096 0.093 0.088 0.085 0.084 0.083 0.083 0.085 0.086 0.088 0.090 0.091 0.093 0.093 0.093 0.083 0.062 0.060 0.054 0.045 0.037 0.031 0.025 0.020 0.016 0.012 0.009 0.007 0.005 0.004 0.003 0.002 0.002 0.001 0.001 0.001 0.001 0.001 0.001 0.000 0.000 0.000 0.000 0.000
0.000 0.000 0.000 0.000 0.000 0.000 0.000 0.000 0.000 0.000 0.000 0.000 0.001 0.001 0.001 0.002 0.018 0.000 0.097 0.140 0.146 0.150 0.156 0.000 0.000 0.000 0.000 0.000 0.000 0.000 0.000 0.122 0.124 0.123 0.120 0.113 0.111 0.111 0.110 0.111 0.113 0.115 0.117 0.119 0.121 0.116 0.105 0.092 0.077 0.057 0.057 0.060 0.065 0.057 0.049 0.042 0.035 0.030 0.024 0.020 0.016 0.012 0.010 0.007 0.006 0.004 0.003 0.003 0.002 0.002 0.001 0.001 0.001 0.001 0.000 0.000 0.000
0.000 0.000 0.000 0.000 0.000 0.000 0.000 0.000 0.000 0.000 0.000 0.000 0.000 0.006 0.000 0.000 0.021 0.000 0.000 0.157 0.000 0.000 0.000 0.000 0.000 0.000 0.000 0.000 0.000 0.000 0.000 0.000 0.000 0.000 0.000 0.135 0.138 0.139 0.138 0.140 0.142 0.145 0.139 0.129 0.119 0.109 0.098 0.086 0.071 0.052 0.052 0.054 0.057 0.063 0.065 0.058 0.050 0.044 0.037 0.032 0.026 0.022 0.018 0.014 0.011 0.008 0.007 0.005 0.004 0.003 0.002 0.002 0.001 0.001 0.001 0.001 0.000
0.000 0.000 0.000 0.000 0.000 0.000 0.000 0.000 0.000 0.000 0.000 0.000 0.000 0.000 0.000 0.000 0.000 0.000 0.000 0.000 0.000 0.000 0.000 0.000 0.000 0.000 0.000 0.000 0.000 0.000 0.000 0.000 0.000 0.000 0.000 0.000 0.000 0.000 0.164 0.160 0.152 0.142 0.131 0.122 0.112 0.102 0.091 0.079 0.064 0.048 0.047 0.048 0.050 0.054 0.059 0.065 0.065 0.058 0.051 0.044 0.038 0.033 0.027 0.022 0.018 0.015 0.012 0.009 0.007 0.005 0.004 0.003 0.003 0.002 0.002 0.001 0.001
0.000 0.000 0.000 0.000 0.000 0.000 0.000 0.000 0.000 0.000 0.000 0.000 0.000 0.000 0.000 0.000 0.000 0.000 0.000 0.000 0.000 0.000 0.000 0.000 0.000 0.000 0.000 0.000 0.000 0.000 0.000 0.000 0.000 0.000 0.000 0.000 0.000 0.000 0.000 0.000 0.000 0.000 0.122 0.114 0.105 0.094 0.084 0.072 0.057 0.043 0.042 0.042 0.043 0.046 0.050 0.055 0.061 0.068 0.065 0.058 0.051 0.044 0.038 0.033 0.027 0.023 0.018 0.015 0.012 0.009 0.007 0.006 0.004 0.004 0.003 0.002 0.002
0.000 0.000 0.000 0.000 0.000 0.000 0.000 0.000 0.000 0.000 0.000 0.000 0.000 0.000 0.000 0.000 0.000 0.000 0.000 0.000 0.000 0.000 0.000 0.000 0.000 0.000 0.000 0.000 0.000 0.000 0.000 0.000 0.000 0.000 0.000 0.000 0.000 0.000 0.000 0.000 0.000 0.000 0.000 0.000 0.000 0.084 0.076 0.064 0.047 0.036 0.035 0.035 0.035 0.037 0.041 0.045 0.050 0.057 0.063 0.070 0.064 0.057 0.050 0.044 0.037 0.032 0.027 0.022 0.018 0.015 0.012 0.010 0.008 0.006 0.005 0.004 0.003
0.000 0.000 0.000 0.000 0.000 0.000 0.000 0.000 0.000 0.000 0.000 0.000 0.000 0.000 0.000 0.000 0.000 0.000 0.000 0.000 0.000 0.000 0.000 0.000 0.000 0.000 0.000 0.000 0.000 0.000 0.000 0.000 0.000 0.000 0.000 0.000 0.000 0.000 0.000 0.000 0.000 0.000 0.000 0.000 0.000 0.000 0.000 0.000 0.032 0.026 0.025 0.026 0.027 0.029 0.032 0.035 0.040 0.046 0.052 0.058 0.065 0.069 0.062 0.055 0.048 0.042 0.036 0.031 0.027 0.023 0.019 0.016 0.014 0.011 0.009 0.008 0.006
0.000 0.000 0.000 0.000 0.000 0.000 0.000 0.000 0.000 0.000 0.000 0.000 0.000 0.000 0.000 0.000 0.000 0.000 0.000 0.000 0.000 0.000 0.000 0.000 0.000 0.000 0.000 0.000 0.000 0.000 0.000 0.000 0.000 0.000 0.000 0.000 0.000 0.000 0.000 0.000 0.000 0.000 0.000 0.000 0.000 0.000 0.000 0.000 0.000 0.000 0.012 0.016 0.019 0.021 0.023 0.026 0.030 0.035 0.041 0.046 0.053 0.059 0.066 0.067 0.060 0.053 0.047 0.042 0.037 0.033 0.030 0.027 0.024 0.021 0.018 0.016 0.013
0.000 0.000 0.000 0.000 0.000 0.000 0.000 0.000 0.000 0.000 0.000 0.000 0.000 0.000 0.000 0.000 0.000 0.000 0.000 0.000 0.000 0.000 0.000 0.000 0.000 0.000 0.000 0.000 0.000 0.000 0.000 0.000 0.000 0.000 0.000 0.000 0.000 0.000 0.000 0.000 0.000 0.000 0.000 0.000 0.000 0.000 0.000 0.000 0.000 0.000 0.000 0.000 0.000 0.000 0.011 0.016 0.021 0.026 0.030 0.035 0.041 0.047 0.052 0.059 0.066 0.065 0.059 0.054 0.051 0.048 0.045 0.043 0.040 0.037 0.033 0.029 0.025
0.000 0.000 0.000 0.000 0.000 0.000 0.000 0.000 0.000 0.000 0.000 0.000 0.000 0.000 0.000 0.000 0.000 0.000 0.000 0.000 0.000 0.000 0.000 0.000 0.000 0.000 0.000 0.000 0.000 0.000 0.000 0.000 0.000 0.000 0.000 0.000 0.000 0.000 0.000 0.000 0.000 0.000 0.000 0.000 0.000 0.000 0.000 0.000 0.000 0.000 0.000 0.000 0.000 0.000 0.000 0.000 0.000 0.000 0.017 0.023 0.029 0.034 0.037 0.044 0.052 0.061 0.071 0.070 0.068 0.067 0.066 0.064 0.061 0.057 0.052 0.046 0.040
0.000 0.000 0.000 0.000 0.000 0.000 0.000 0.000 0.000 0.000 0.000 0.000 0.000 0.000 0.000 0.000 0.000 0.000 0.000 0.000 0.000 0.000 0.000 0.000 0.000 0.000 0.000 0.000 0.000 0.000 0.000 0.000 0.000 0.000 0.000 0.000 0.000 0.000 0.000 0.000 0.000 0.000 0.000 0.000 0.000 0.000 0.000 0.000 0.000 0.000 0.000 0.000 0.000 0.000 0.000 0.000 0.000 0.000 0.000 0.011 0.017 0.021 0.000 0.029 0.039 0.049 0.060 0.073 0.089 0.091 0.090 0.088 0.085 0.080 0.071 0.063 0.055
0.000 0.000 0.000 0.000 0.000 0.000 0.000 0.000 0.000 0.000 0.000 0.000 0.000 0.000 0.000 0.000 0.000 0.000 0.000 0.000 0.000 0.000 0.000 0.000 0.000 0.000 0.000 0.000 0.000 0.000 0.000 0.000 0.000 0.000 0.000 0.000 0.000 0.000 0.000 0.000 0.000 0.000 0.000 0.000 0.000 0.000 0.000 0.000 0.000 0.000 0.000 0.000 0.000 0.000 0.000 0.000 0.000 0.000 0.000 0.004 0.008 0.011 0.011 0.019 0.028 0.037 0.049 0.065 0.085 0.105 0.115 0.114 0.111 0.103 0.088 0.078 0.068
0.000 0.000 0.000 0.000 0.000 0.000 0.000 0.000 0.000 0.000 0.000 0.000 0.000 0.000 0.000 0.000 0.000 0.000 0.000 0.000 0.000 0.000 0.000 0.000 0.000 0.000 0.000 0.000 0.000 0.000 0.000 0.000 0.000 0.000 0.000 0.000 0.000 0.000 0.000 0.000 0.000 0.000 0.000 0.000 0.000 0.000 0.000 0.000 0.000 0.000 0.000 0.000 0.000 0.000 0.000 0.000 0.000 0.000 0.000 0.001 0.002 0.004 0.006 0.011 0.018 0.027 0.040 0.059 0.081 0.104 0.000 0.000 0.000 0.000 0.096 0.094 0.079
0.000 0.000 0.000 0.000 0.000 0.000 0.000 0.000 0.000 0.000 0.000 0.000 0.000 0.000 0.000 0.000 0.000 0.000 0.000 0.000 0.000 0.000 0.000 0.000 0.000 0.000 0.000 0.000 0.000 0.000 0.000 0.000 0.000 0.000 0.000 0.000 0.000 0.000 0.000 0.000 0.000 0.000 0.000 0.000 0.000 0.000 0.000 0.000 0.000 0.000 0.000 0.000 0.000 0.000 0.000 0.000 0.000 0.000 0.000 0.001 0.001 0.001 0.001 0.004 0.010 0.018 0.032 0.055 0.079 0.000 0.000 0.000 0.000 0.000 0.000 0.000 0.081
0.000 0.000 0.000 0.000 0.000 0.000 0.000 0.000 0.000 0.000 0.000 0.000 0.000 0.000 0.000 0.000 0.000 0.000 0.000 0.000 0.000 0.000 0.000 0.000 0.000 0.000 0.000 0.000 0.000 0.000 0.000 0.000 0.000 0.000 0.000 0.000 0.000 0.000 0.000 0.000 0.000 0.000 0.000 0.000 0.000 0.000 0.000 0.000 0.000 0.000 0.000 0.000 0.000 0.000 0.000 0.000 0.000 0.000 0.000 0.000 0.001 0.001 0.001 0.001 0.003 0.010 0.027 0.052 0.000 0.000 0.000 0.000 0.000 0.000 0.000 0.000 0.000
0.000 0.000 0.000 0.000 0.000 0.000 0.000 0.000 0.000 0.000 0.000 0.000 0.000 0.000 0.000 0.000 0.000 0.000 0.000 0.000 0.000 0.000 0.000 0.000 0.000 0.000 0.000 0.000 0.000 0.000 0.000 0.000 0.000 0.000 0.000 0.000 0.000 0.000 0.000 0.000 0.000 0.000 0.000 0.000 0.000 0.000 0.000 0.000 0.000 0.000 0.000 0.000 0.000 0.000 0.000 0.000 0.000 0.000 0.000 0.000 0.000 0.000 0.001 0.001 0.001 0.004 0.022 0.048 0.000 0.000 0.000 0.000 0.000 0.000 0.000 0.000 0.000
0.000 0.000 0.000 0.000 0.000 0.000 0.000 0.000 0.000 0.000 0.000 0.000 0.000 0.000 0.000 0.000 0.000 0.000 0.000 0.000 0.000 0.000 0.000 0.000 0.000 0.000 0.000 0.000 0.000 0.000 0.000 0.000 0.000 0.000 0.000 0.000 0.000 0.000 0.000 0.000 0.000 0.000 0.000 0.000 0.000 0.000 0.000 0.000 0.000 0.000 0.000 0.000 0.000 0.000 0.000 0.000 0.000 0.000 0.000 0.000 0.000 0.000 0.000 0.001 0.001 0.001 0.018 0.000 0.000 0.000 0.000 0.000 0.000 0.000 0.000 0.000 0.000
0.000 0.000 0.000 0.000 0.000 0.000 0.000 0.000 0.000 0.000 0.000 0.000 0.000 0.000 0.000 0.000 0.000 0.000 0.000 0.000 0.000 0.000 0.000 0.000 0.000 0.000 0.000 0.000 0.000 0.000 0.000 0.000 0.000 0.000 0.000 0.000 0.000 0.000 0.000 0.000 0.000 0.000 0.000 0.000 0.000 0.000 0.000 0.000 0.000 0.000 0.000 0.000 0.000 0.000 0.000 0.000 0.000 0.000 0.000 0.000 0.000 0.000 0.000 0.001 0.001 0.002 0.031 0.000 0.000 0.000 0.000 0.000 0.000 0.000 0.000 0.000 0.000
0.000 0.000 0.000 0.000 0.000 0.000 0.000 0.000 0.000 0.000 0.000 0.000 0.000 0.000 0.000 0.000 0.000 0.000 0.000 0.000 0.000 0.000 0.000 0.000 0.000 0.000 0.000 0.000 0.000 0.000 0.000 0.000 0.000 0.000 0.000 0.000 0.000 0.000 0.000 0.000 0.000 0.000 0.000 0.000 0.000 0.000 0.000 0.000 0.000 0.000 0.000 0.000 0.000 0.000 0.000 0.000 0.000 0.000 0.000 0.000 0.000 0.000 0.000 0.001 0.001 0.003 0.000 0.000 0.000 0.000 0.000 0.000 0.000 0.000 0.000 0.000 0.000
0.000 0.000 0.000 0.000 0.000 0.000 0.000 0.000 0.000 0.000 0.000 0.000 0.000 0.000 0.000 0.000 0.000 0.000 0.000 0.000 0.000 0.000 0.000 0.000 0.000 0.000 0.000 0.000 0.000 0.000 0.000 0.000 0.000 0.000 0.000 0.000 0.000 0.000 0.000 0.000 0.000 0.000 0.000 0.000 0.000 0.000 0.000 0.000 0.000 0.000 0.000 0.000 0.000 0.000 0.000 0.000 0.000 0.000 0.000 0.000 0.000 0.000 0.000 0.001 0.001 0.003 0.000 0.000 0.000 0.000 0.000 0.000 0.000 0.000 0.000 0.000 0.000
