数据/30y_3h/30y_3h_res_2/30y_3h_211-0001.wd
ncols         694
nrows         824
xllcorner     581104.939801
yllcorner     3495917.092414
cellsize      2.000000
NODATA_value  -9999.000000
[rows 714 to 747 of 824, columns 154 to 230 of 694]
0.000 0.000 0.000 0.000 0.000 0.000 0.000 0.002 0.003 0.004 0.005 0.006 0.007 0.008 0.008 0.009 0.009 0.009 0.009 0.008 0.000 0.001 0.060 0.057 0.054 0.052 0.049 0.046 0.043 0.039 0.035 0.031 0.000 0.000 0.000 0.000 0.000 0.000 0.000 0.000 0.000 0.000 0.001 0.001 0.008 0.017 0.025 0.033 0.043 0.000 0.000 0.000 0.000 0.000 0.000 0.000 0.000 0.000 0.140 0.150 0.161 0.161 0.137 0.117 0.126 0.042 0.001 0.000 0.000 0.000 0.000 0.000 0.000 0.000 0.000 0.000 0.000
0.000 0.000 0.000 0.000 0.000 0.000 0.002 0.003 0.004 0.005 0.006 0.007 0.008 0.009 0.009 0.010 0.010 0.011 0.011 0.011 0.010 0.009 0.000 0.079 0.076 0.074 0.071 0.067 0.062 0.057 0.052 0.047 0.041 0.038 0.000 0.000 0.000 0.000 0.000 0.000 0.000 0.000 0.001 0.020 0.066 0.076 0.086 0.096 0.107 0.000 0.000 0.000 0.000 0.000 0.000 0.000 0.000 0.000 0.202 0.197 0.172 0.150 0.127 0.119 0.128 0.082 0.005 0.000 0.000 0.000 0.000 0.000 0.000 0.000 0.000 0.000 0.000
0.000 0.000 0.000 0.000 0.000 0.001 0.003 0.004 0.005 0.006 0.007 0.008 0.009 0.010 0.010 0.011 0.011 0.012 0.013 0.013 0.014 0.014 0.014 0.000 0.001 0.096 0.092 0.088 0.082 0.076 0.070 0.065 0.060 0.055 0.052 0.000 0.000 0.000 0.000 0.000 0.000 0.001 0.011 0.064 0.121 0.139 0.149 0.159 0.170 0.000 0.000 0.000 0.000 0.000 0.000 0.000 0.000 0.235 0.211 0.188 0.164 0.140 0.118 0.121 0.131 0.126 0.040 0.001 0.000 0.000 0.000 0.000 0.000 0.000 0.000 0.000 0.000
0.000 0.000 0.000 0.000 0.000 0.002 0.004 0.005 0.006 0.007 0.008 0.009 0.010 0.010 0.011 0.012 0.012 0.013 0.014 0.015 0.017 0.018 0.020 0.022 0.025 0.003 0.113 0.108 0.102 0.095 0.089 0.083 0.078 0.074 0.070 0.066 0.063 0.000 0.000 0.000 0.001 0.005 0.050 0.106 0.162 0.200 0.211 0.222 0.000 0.000 0.000 0.000 0.000 0.000 0.000 0.000 0.000 0.226 0.202 0.178 0.156 0.130 0.114 0.123 0.133 0.143 0.082 0.005 0.000 0.000 0.000 0.000 0.000 0.000 0.000 0.000 0.000
0.000 0.000 0.000 0.000 0.001 0.003 0.005 0.006 0.007 0.008 0.008 0.009 0.010 0.011 0.012 0.012 0.013 0.014 0.015 0.017 0.018 0.021 0.024 0.030 0.040 0.058 0.003 0.127 0.121 0.113 0.107 0.101 0.097 0.093 0.090 0.086 0.083 0.080 0.000 0.027 0.026 0.044 0.092 0.148 0.204 0.260 0.275 0.285 0.000 0.000 0.000 0.000 0.000 0.000 0.000 0.000 0.000 0.218 0.194 0.170 0.145 0.122 0.118 0.127 0.135 0.145 0.130 0.044 0.000 0.000 0.000 0.000 0.000 0.000 0.000 0.000 0.000
0.000 0.000 0.000 0.000 0.001 0.003 0.005 0.006 0.007 0.008 0.009 0.010 0.010 0.011 0.012 0.013 0.014 0.015 0.016 0.017 0.019 0.022 0.025 0.029 0.034 0.040 0.026 0.001 0.001 0.129 0.125 0.120 0.116 0.113 0.110 0.106 0.103 0.100 0.092 0.067 0.070 0.085 0.135 0.191 0.246 0.301 0.338 0.349 0.000 0.000 0.000 0.000 0.000 0.000 0.000 0.000 0.000 0.208 0.184 0.161 0.136 0.112 0.122 0.131 0.140 0.149 0.159 0.087 0.000 0.000 0.000 0.000 0.000 0.000 0.000 0.000 0.000
0.000 0.000 0.000 0.000 0.001 0.003 0.005 0.006 0.007 0.008 0.009 0.010 0.011 0.011 0.012 0.013 0.014 0.015 0.016 0.018 0.019 0.021 0.024 0.026 0.029 0.030 0.024 0.017 0.011 0.001 0.143 0.140 0.136 0.133 0.130 0.127 0.124 0.122 0.119 0.000 0.000 0.122 0.178 0.233 0.288 0.344 0.400 0.413 0.424 0.400 0.000 0.000 0.000 0.000 0.000 0.000 0.222 0.199 0.175 0.149 0.127 0.116 0.125 0.134 0.142 0.152 0.162 0.133 0.000 0.000 0.000 0.000 0.000 0.000 0.000 0.000 0.000
0.000 0.000 0.000 0.000 0.001 0.003 0.005 0.006 0.007 0.008 0.009 0.010 0.011 0.012 0.012 0.013 0.014 0.015 0.016 0.018 0.019 0.020 0.022 0.024 0.025 0.025 0.022 0.018 0.014 0.010 0.001 0.159 0.157 0.153 0.150 0.148 0.145 0.144 0.000 0.000 0.000 0.000 0.220 0.275 0.331 0.387 0.441 0.438 0.415 0.391 0.367 0.343 0.000 0.000 0.000 0.000 0.213 0.190 0.166 0.142 0.118 0.120 0.129 0.137 0.145 0.155 0.165 0.000 0.000 0.000 0.000 0.000 0.000 0.000 0.000 0.000 0.000
0.000 0.000 0.000 0.000 0.001 0.003 0.005 0.006 0.007 0.008 0.009 0.010 0.011 0.012 0.012 0.013 0.014 0.015 0.016 0.017 0.018 0.019 0.021 0.022 0.022 0.022 0.020 0.018 0.015 0.012 0.009 0.000 0.000 0.173 0.170 0.168 0.167 0.000 0.000 0.000 0.000 0.000 0.000 0.317 0.373 0.396 0.418 0.000 0.000 0.381 0.358 0.334 0.311 0.286 0.000 0.000 0.205 0.181 0.157 0.132 0.112 0.123 0.131 0.139 0.148 0.158 0.168 0.000 0.000 0.000 0.000 0.000 0.000 0.000 0.000 0.000 0.000
0.000 0.000 0.000 0.000 0.001 0.003 0.005 0.006 0.007 0.008 0.009 0.010 0.011 0.012 0.012 0.013 0.014 0.015 0.016 0.017 0.017 0.018 0.019 0.020 0.020 0.020 0.018 0.017 0.015 0.013 0.011 0.008 0.006 0.001 0.191 0.186 0.000 0.000 0.000 0.000 0.000 0.000 0.000 0.329 0.352 0.373 0.394 0.000 0.000 0.000 0.000 0.326 0.302 0.276 0.250 0.223 0.196 0.171 0.148 0.123 0.115 0.125 0.134 0.142 0.151 0.160 0.170 0.000 0.000 0.000 0.000 0.000 0.000 0.000 0.000 0.000 0.000
0.000 0.000 0.000 0.000 0.001 0.003 0.005 0.006 0.007 0.008 0.009 0.010 0.011 0.011 0.012 0.013 0.014 0.014 0.015 0.016 0.017 0.017 0.018 0.018 0.018 0.018 0.017 0.016 0.014 0.013 0.011 0.009 0.008 0.005 0.000 0.201 0.193 0.000 0.000 0.000 0.000 0.000 0.000 0.307 0.329 0.350 0.372 0.385 0.000 0.000 0.000 0.000 0.000 0.267 0.241 0.213 0.187 0.161 0.133 0.112 0.116 0.126 0.135 0.144 0.155 0.163 0.000 0.000 0.000 0.000 0.000 0.000 0.000 0.000 0.000 0.000 0.000
0.000 0.000 0.000 0.000 0.001 0.003 0.005 0.006 0.007 0.008 0.009 0.010 0.011 0.011 0.012 0.013 0.013 0.014 0.015 0.015 0.016 0.016 0.017 0.017 0.017 0.017 0.016 0.015 0.014 0.013 0.011 0.010 0.009 0.007 0.005 0.000 0.208 0.205 0.000 0.000 0.000 0.000 0.000 0.000 0.307 0.000 0.000 0.364 0.350 0.000 0.000 0.000 0.000 0.000 0.000 0.199 0.175 0.150 0.125 0.111 0.120 0.128 0.138 0.148 0.157 0.166 0.000 0.000 0.000 0.000 0.000 0.000 0.000 0.000 0.000 0.000 0.000
0.000 0.000 0.000 0.000 0.001 0.003 0.005 0.006 0.007 0.008 0.009 0.010 0.010 0.011 0.012 0.012 0.013 0.013 0.014 0.015 0.015 0.015 0.016 0.016 0.016 0.015 0.015 0.014 0.013 0.012 0.011 0.010 0.009 0.008 0.006 0.004 0.000 0.223 0.239 0.000 0.000 0.000 0.000 0.000 0.000 0.000 0.000 0.000 0.329 0.000 0.000 0.000 0.000 0.000 0.211 0.187 0.164 0.140 0.117 0.114 0.121 0.130 0.139 0.149 0.159 0.170 0.000 0.000 0.000 0.000 0.000 0.000 0.000 0.000 0.000 0.000 0.000
0.000 0.000 0.000 0.000 0.001 0.003 0.005 0.006 0.007 0.008 0.009 0.009 0.010 0.011 0.011 0.012 0.012 0.013 0.013 0.014 0.014 0.015 0.015 0.015 0.015 0.014 0.014 0.013 0.013 0.012 0.011 0.010 0.009 0.008 0.007 0.005 0.003 0.001 0.211 0.227 0.000 0.000 0.000 0.000 0.000 0.000 0.000 0.000 0.309 0.000 0.000 0.000 0.000 0.000 0.201 0.177 0.155 0.131 0.107 0.115 0.124 0.134 0.142 0.151 0.160 0.000 0.000 0.000 0.000 0.000 0.000 0.000 0.000 0.000 0.000 0.000 0.000
0.000 0.000 0.000 0.000 0.001 0.003 0.004 0.005 0.006 0.007 0.008 0.009 0.010 0.010 0.011 0.011 0.012 0.012 0.013 0.013 0.014 0.014 0.014 0.014 0.014 0.014 0.013 0.013 0.012 0.011 0.011 0.010 0.009 0.008 0.007 0.006 0.004 0.002 0.000 0.198 0.213 0.000 0.000 0.000 0.000 0.000 0.000 0.294 0.289 0.000 0.000 0.000 0.000 0.210 0.190 0.167 0.144 0.120 0.108 0.116 0.125 0.136 0.144 0.151 0.159 0.167 0.176 0.000 0.000 0.000 0.000 0.000 0.000 0.000 0.000 0.000 0.000
0.000 0.000 0.000 0.000 0.000 0.002 0.004 0.005 0.006 0.007 0.008 0.009 0.009 0.010 0.010 0.011 0.011 0.012 0.012 0.013 0.013 0.013 0.013 0.013 0.013 0.013 0.012 0.012 0.011 0.011 0.010 0.009 0.009 0.008 0.007 0.006 0.004 0.003 0.001 0.000 0.182 0.196 0.000 0.000 0.000 0.000 0.000 0.000 0.000 0.000 0.000 0.000 0.000 0.190 0.178 0.158 0.134 0.110 0.110 0.118 0.128 0.138 0.146 0.154 0.162 0.170 0.178 0.186 0.194 0.000 0.000 0.000 0.000 0.000 0.000 0.000 0.000
0.000 0.000 0.000 0.000 0.000 0.001 0.003 0.004 0.005 0.006 0.007 0.008 0.009 0.009 0.010 0.010 0.011 0.011 0.012 0.012 0.012 0.012 0.012 0.012 0.012 0.012 0.012 0.011 0.011 0.010 0.010 0.009 0.008 0.007 0.006 0.005 0.004 0.003 0.001 0.000 0.000 0.164 0.175 0.194 0.000 0.000 0.000 0.000 0.000 0.000 0.000 0.000 0.181 0.168 0.158 0.144 0.125 0.104 0.113 0.121 0.130 0.139 0.149 0.158 0.165 0.173 0.181 0.189 0.197 0.206 0.215 0.000 0.000 0.000 0.000 0.000 0.000
0.000 0.000 0.000 0.000 0.000 0.000 0.002 0.003 0.004 0.005 0.006 0.007 0.008 0.009 0.009 0.010 0.010 0.011 0.011 0.011 0.011 0.012 0.012 0.012 0.012 0.011 0.011 0.011 0.010 0.010 0.009 0.009 0.008 0.007 0.006 0.005 0.004 0.002 0.000 0.000 0.000 0.000 0.149 0.166 0.184 0.000 0.000 0.000 0.000 0.000 0.000 0.000 0.160 0.149 0.138 0.123 0.112 0.106 0.114 0.123 0.132 0.142 0.152 0.161 0.169 0.177 0.186 0.193 0.200 0.209 0.217 0.225 0.175 0.000 0.000 0.000 0.000
0.000 0.000 0.000 0.000 0.000 0.000 0.000 0.002 0.003 0.004 0.005 0.006 0.007 0.008 0.009 0.009 0.010 0.010 0.010 0.011 0.011 0.011 0.011 0.011 0.011 0.011 0.010 0.010 0.010 0.009 0.009 0.008 0.007 0.006 0.005 0.004 0.003 0.001 0.000 0.000 0.000 0.000 0.000 0.140 0.157 0.174 0.000 0.000 0.000 0.000 0.000 0.155 0.140 0.130 0.115 0.104 0.101 0.106 0.116 0.126 0.135 0.146 0.156 0.164 0.173 0.000 0.000 0.000 0.203 0.212 0.220 0.228 0.220 0.133 0.066 0.000 0.000
0.000 0.000 0.000 0.000 0.000 0.000 0.000 0.000 0.002 0.003 0.004 0.005 0.006 0.007 0.008 0.009 0.009 0.009 0.010 0.010 0.010 0.010 0.010 0.010 0.010 0.010 0.010 0.009 0.009 0.009 0.008 0.007 0.006 0.005 0.004 0.003 0.002 0.000 0.000 0.000 0.000 0.000 0.000 0.000 0.129 0.147 0.165 0.000 0.000 0.000 0.000 0.134 0.121 0.109 0.101 0.101 0.101 0.103 0.114 0.124 0.133 0.145 0.154 0.163 0.173 0.000 0.000 0.000 0.000 0.000 0.222 0.230 0.239 0.177 0.136 0.097 0.000
0.000 0.000 0.000 0.000 0.000 0.000 0.000 0.000 0.000 0.002 0.003 0.004 0.005 0.006 0.007 0.008 0.008 0.009 0.009 0.009 0.009 0.009 0.009 0.009 0.009 0.009 0.009 0.009 0.008 0.008 0.007 0.006 0.005 0.004 0.003 0.002 0.000 0.000 0.000 0.000 0.000 0.000 0.000 0.000 0.106 0.121 0.137 0.154 0.000 0.139 0.127 0.114 0.102 0.101 0.100 0.101 0.101 0.101 0.111 0.120 0.131 0.141 0.151 0.161 0.000 0.000 0.000 0.000 0.000 0.000 0.000 0.231 0.240 0.245 0.207 0.167 0.000
0.000 0.000 0.000 0.000 0.000 0.000 0.000 0.000 0.000 0.000 0.002 0.003 0.004 0.005 0.006 0.007 0.007 0.008 0.008 0.008 0.008 0.008 0.008 0.008 0.008 0.008 0.008 0.008 0.008 0.007 0.006 0.005 0.004 0.003 0.002 0.000 0.000 0.000 0.000 0.000 0.000 0.000 0.000 0.000 0.000 0.096 0.111 0.125 0.138 0.121 0.107 0.102 0.101 0.100 0.100 0.100 0.101 0.100 0.109 0.119 0.129 0.139 0.150 0.000 0.000 0.000 0.000 0.000 0.000 0.000 0.000 0.000 0.000 0.251 0.246 0.236 0.195
0.000 0.000 0.000 0.000 0.000 0.000 0.000 0.000 0.000 0.000 0.000 0.002 0.003 0.004 0.005 0.006 0.006 0.007 0.007 0.007 0.007 0.007 0.007 0.007 0.007 0.007 0.007 0.007 0.007 0.006 0.005 0.004 0.003 0.002 0.000 0.000 0.000 0.000 0.000 0.000 0.000 0.000 0.000 0.000 0.000 0.000 0.085 0.099 0.113 0.103 0.100 0.100 0.099 0.099 0.099 0.099 0.099 0.099 0.106 0.117 0.127 0.138 0.149 0.000 0.000 0.000 0.000 0.000 0.000 0.000 0.000 0.000 0.000 0.000 0.000 0.244 0.238
0.000 0.000 0.000 0.000 0.000 0.000 0.000 0.000 0.000 0.000 0.000 0.000 0.002 0.003 0.004 0.005 0.005 0.006 0.006 0.006 0.006 0.006 0.006 0.006 0.006 0.006 0.006 0.006 0.006 0.005 0.004 0.003 0.002 0.000 0.000 0.000 0.000 0.000 0.000 0.000 0.000 0.000 0.000 0.000 0.000 0.000 0.000 0.075 0.089 0.101 0.099 0.098 0.097 0.097 0.097 0.097 0.097 0.098 0.103 0.114 0.124 0.134 0.000 0.000 0.000 0.000 0.000 0.000 0.000 0.000 0.000 0.000 0.000 0.000 0.000 0.000 0.000
0.000 0.000 0.000 0.000 0.000 0.000 0.000 0.000 0.000 0.000 0.000 0.000 0.000 0.002 0.003 0.004 0.004 0.005 0.005 0.005 0.005 0.005 0.005 0.005 0.005 0.005 0.005 0.005 0.005 0.004 0.003 0.002 0.000 0.000 0.000 0.000 0.000 0.000 0.000 0.000 0.000 0.000 0.000 0.000 0.000 0.000 0.000 0.000 0.066 0.082 0.097 0.096 0.096 0.096 0.096 0.095 0.096 0.096 0.100 0.111 0.121 0.132 0.000 0.000 0.000 0.000 0.000 0.000 0.000 0.000 0.000 0.000 0.000 0.000 0.000 0.000 0.000
0.000 0.000 0.000 0.000 0.000 0.000 0.000 0.000 0.000 0.000 0.000 0.000 0.000 0.000 0.001 0.002 0.003 0.003 0.003 0.003 0.003 0.003 0.003 0.003 0.003 0.003 0.003 0.003 0.003 0.002 0.001 0.000 0.000 0.000 0.000 0.000 0.000 0.000 0.000 0.000 0.000 0.000 0.000 0.000 0.000 0.000 0.000 0.000 0.000 0.029 0.078 0.095 0.095 0.094 0.094 0.094 0.094 0.094 0.096 0.107 0.118 0.000 0.000 0.000 0.000 0.000 0.000 0.000 0.000 0.000 0.000 0.000 0.000 0.000 0.000 0.000 0.000
0.000 0.000 0.000 0.000 0.000 0.000 0.000 0.000 0.000 0.000 0.000 0.000 0.000 0.000 0.000 0.000 0.001 0.001 0.001 0.001 0.001 0.001 0.001 0.001 0.001 0.001 0.001 0.001 0.001 0.000 0.000 0.000 0.000 0.000 0.000 0.000 0.000 0.000 0.000 0.000 0.000 0.000 0.000 0.000 0.000 0.000 0.000 0.000 0.000 0.000 0.058 0.079 0.093 0.093 0.091 0.091 0.090 0.091 0.093 0.104 0.116 0.000 0.000 0.000 0.000 0.000 0.000 0.000 0.000 0.000 0.000 0.000 0.000 0.000 0.000 0.000 0.000
0.000 0.000 0.000 0.000 0.000 0.000 0.000 0.000 0.000 0.000 0.000 0.000 0.000 0.000 0.000 0.000 0.000 0.000 0.000 0.000 0.000 0.000 0.000 0.000 0.000 0.000 0.000 0.000 0.000 0.000 0.000 0.000 0.000 0.000 0.000 0.000 0.000 0.000 0.000 0.000 0.000 0.000 0.000 0.000 0.000 0.000 0.000 0.000 0.000 0.000 0.038 0.058 0.077 0.090 0.088 0.086 0.083 0.085 0.088 0.100 0.000 0.000 0.000 0.000 0.000 0.000 0.000 0.000 0.000 0.000 0.000 0.000 0.000 0.000 0.000 0.000 0.000
0.000 0.000 0.000 0.000 0.000 0.000 0.000 0.000 0.000 0.000 0.000 0.000 0.000 0.000 0.000 0.000 0.000 0.000 0.000 0.000 0.000 0.000 0.000 0.000 0.000 0.000 0.000 0.000 0.000 0.000 0.000 0.000 0.000 0.000 0.000 0.000 0.000 0.000 0.000 0.000 0.000 0.000 0.000 0.000 0.000 0.000 0.000 0.000 0.000 0.000 0.000 0.036 0.055 0.073 0.084 0.078 0.063 0.074 0.077 0.000 0.000 0.000 0.000 0.000 0.000 0.000 0.000 0.000 0.000 0.000 0.000 0.000 0.000 0.000 0.000 0.000 0.000
0.000 0.000 0.000 0.000 0.000 0.000 0.000 0.000 0.000 0.000 0.000 0.000 0.000 0.000 0.000 0.000 0.000 0.000 0.000 0.000 0.000 0.000 0.000 0.000 0.000 0.000 0.000 0.000 0.000 0.000 0.000 0.000 0.000 0.000 0.000 0.000 0.000 0.000 0.000 0.000 0.000 0.000 0.000 0.000 0.000 0.000 0.000 0.000 0.000 0.000 0.000 0.014 0.032 0.050 0.066 0.075 0.069 0.069 0.069 0.068 0.000 0.000 0.000 0.000 0.000 0.000 0.000 0.000 0.000 0.000 0.000 0.000 0.000 0.000 0.000 0.000 0.000
0.000 0.000 0.000 0.000 0.000 0.000 0.000 0.000 0.000 0.000 0.000 0.000 0.000 0.000 0.000 0.000 0.000 0.000 0.000 0.000 0.000 0.000 0.000 0.000 0.000 0.000 0.000 0.000 0.000 0.000 0.000 0.000 0.000 0.000 0.000 0.000 0.000 0.000 0.000 0.000 0.000 0.000 0.000 0.000 0.000 0.000 0.000 0.000 0.000 0.000 0.000 0.002 0.010 0.026 0.042 0.059 0.068 0.067 0.064 0.061 0.064 0.000 0.000 0.000 0.000 0.000 0.000 0.000 0.000 0.000 0.000 0.000 0.000 0.000 0.000 0.000 0.000
0.000 0.000 0.000 0.000 0.000 0.000 0.000 0.000 0.000 0.000 0.000 0.000 0.000 0.000 0.000 0.000 0.000 0.000 0.000 0.000 0.000 0.000 0.000 0.000 0.000 0.000 0.000 0.000 0.000 0.000 0.000 0.000 0.000 0.000 0.000 0.000 0.000 0.000 0.000 0.000 0.000 0.000 0.000 0.000 0.000 0.000 0.000 0.000 0.000 0.000 0.000 0.001 0.001 0.006 0.019 0.036 0.053 0.064 0.060 0.055 0.056 0.052 0.053 0.000 0.000 0.000 0.000 0.000 0.000 0.000 0.000 0.000 0.000 0.000 0.000 0.000 0.000
0.000 0.000 0.000 0.000 0.000 0.000 0.000 0.000 0.000 0.000 0.000 0.000 0.000 0.000 0.000 0.000 0.000 0.000 0.000 0.000 0.000 0.000 0.000 0.000 0.000 0.000 0.000 0.000 0.000 0.000 0.000 0.000 0.000 0.000 0.000 0.000 0.000 0.000 0.000 0.000 0.000 0.000 0.000 0.000 0.000 0.000 0.000 0.000 0.000 0.000 0.000 0.000 0.001 0.001 0.003 0.014 0.031 0.048 0.056 0.050 0.048 0.045 0.046 0.050 0.000 0.000 0.000 0.000 0.000 0.000 0.000 0.000 0.000 0.000 0.000 0.000 0.000
0.000 0.000 0.000 0.000 0.000 0.000 0.000 0.000 0.000 0.000 0.000 0.000 0.000 0.000 0.000 0.000 0.000 0.000 0.000 0.000 0.000 0.000 0.000 0.000 0.000 0.000 0.000 0.000 0.000 0.000 0.000 0.000 0.000 0.000 0.000 0.000 0.000 0.000 0.000 0.000 0.000 0.000 0.000 0.000 0.000 0.000 0.000 0.000 0.000 0.000 0.000 0.000 0.000 0.001 0.001 0.002 0.009 0.025 0.039 0.044 0.038 0.037 0.040 0.044 0.046 0.000 0.000 0.000 0.000 0.000 0.000 0.000 0.000 0.000 0.000 0.000 0.000
