数据/30y_3h/30y_3h_res_2/30y_3h_212-0001.wd
ncols         694
nrows         824
xllcorner     581104.939801
yllcorner     3495917.092414
cellsize      2.000000
NODATA_value  -9999.000000
[rows 306 to 339 of 824, columns 462 to 538 of 694]
0.023 0.024 0.025 0.026 0.026 0.026 0.026 0.025 0.021 0.016 0.012 0.008 0.005 0.003 0.002 0.001 0.001 0.000 0.001 0.001 0.001 0.001 0.001 0.001 0.001 0.002 0.004 0.007 0.010 0.011 0.011 0.010 0.009 0.007 0.006 0.005 0.003 0.003 0.003 0.000 0.000 0.000 0.000 0.000 0.000 0.000 0.000 0.000 0.000 0.000 0.000 0.000 0.000 0.000 0.010 0.010 0.010 0.013 0.000 0.001 0.001 0.000 0.000 0.000 0.001 0.007 0.000 0.000 0.000 0.000 0.001 0.003 0.009 0.020 0.029 0.028 0.024
0.021 0.023 0.024 0.025 0.025 0.026 0.026 0.026 0.026 0.023 0.018 0.013 0.009 0.006 0.004 0.002 0.001 0.001 0.001 0.001 0.001 0.001 0.001 0.001 0.001 0.002 0.004 0.007 0.009 0.010 0.011 0.010 0.009 0.008 0.006 0.005 0.004 0.005 0.013 0.000 0.000 0.000 0.000 0.000 0.000 0.000 0.000 0.000 0.000 0.000 0.000 0.000 0.000 0.000 0.000 0.000 0.000 0.010 0.010 0.008 0.007 0.006 0.005 0.005 0.007 0.000 0.000 0.000 0.000 0.000 0.007 0.017 0.026 0.027 0.024 0.021 0.019
0.019 0.021 0.022 0.024 0.025 0.026 0.027 0.027 0.027 0.027 0.026 0.020 0.015 0.011 0.008 0.005 0.004 0.003 0.002 0.002 0.001 0.001 0.001 0.001 0.001 0.001 0.004 0.007 0.009 0.010 0.011 0.010 0.009 0.008 0.007 0.006 0.005 0.006 0.000 0.000 0.000 0.000 0.000 0.000 0.000 0.000 0.000 0.000 0.000 0.000 0.000 0.000 0.000 0.000 0.000 0.000 0.000 0.000 0.000 0.006 0.007 0.008 0.007 0.006 0.010 0.000 0.000 0.000 0.000 0.013 0.023 0.026 0.023 0.021 0.018 0.016 0.015
0.017 0.019 0.021 0.023 0.025 0.027 0.029 0.030 0.030 0.029 0.029 0.030 0.025 0.020 0.015 0.011 0.008 0.006 0.005 0.004 0.003 0.002 0.002 0.001 0.001 0.001 0.004 0.006 0.008 0.010 0.010 0.010 0.010 0.009 0.007 0.006 0.005 0.005 0.003 0.002 0.002 0.000 0.000 0.000 0.000 0.000 0.000 0.000 0.000 0.000 0.000 0.000 0.000 0.000 0.000 0.000 0.000 0.000 0.000 0.000 0.000 0.000 0.005 0.007 0.009 0.011 0.000 0.000 0.000 0.023 0.022 0.020 0.018 0.016 0.014 0.013 0.012
0.016 0.019 0.022 0.025 0.028 0.031 0.033 0.035 0.035 0.031 0.032 0.035 0.038 0.034 0.026 0.020 0.015 0.011 0.008 0.006 0.005 0.003 0.003 0.002 0.002 0.002 0.004 0.006 0.008 0.009 0.010 0.010 0.010 0.009 0.008 0.007 0.006 0.005 0.004 0.003 0.002 0.001 0.001 0.000 0.000 0.000 0.000 0.000 0.000 0.000 0.000 0.000 0.000 0.000 0.000 0.000 0.000 0.000 0.000 0.000 0.000 0.000 0.000 0.000 0.007 0.011 0.014 0.026 0.028 0.023 0.019 0.017 0.015 0.013 0.011 0.010 0.011
0.017 0.021 0.026 0.030 0.034 0.038 0.041 0.043 0.041 0.024 0.038 0.044 0.047 0.047 0.038 0.030 0.023 0.017 0.013 0.010 0.007 0.005 0.004 0.003 0.002 0.002 0.004 0.006 0.008 0.009 0.010 0.010 0.010 0.009 0.008 0.007 0.006 0.005 0.004 0.003 0.002 0.002 0.001 0.001 0.001 0.002 0.000 0.000 0.000 0.000 0.000 0.000 0.000 0.000 0.000 0.000 0.000 0.000 0.000 0.000 0.000 0.000 0.000 0.000 0.000 0.000 0.000 0.018 0.019 0.018 0.016 0.014 0.012 0.011 0.009 0.009 0.007
0.022 0.028 0.034 0.039 0.044 0.048 0.052 0.054 0.055 0.053 0.054 0.057 0.051 0.041 0.040 0.036 0.028 0.021 0.017 0.013 0.010 0.007 0.005 0.004 0.003 0.003 0.004 0.006 0.008 0.009 0.010 0.010 0.010 0.009 0.008 0.007 0.007 0.006 0.005 0.004 0.003 0.002 0.002 0.001 0.001 0.001 0.001 0.002 0.000 0.000 0.000 0.000 0.000 0.002 0.000 0.000 0.000 0.000 0.000 0.000 0.000 0.000 0.000 0.000 0.000 0.000 0.022 0.019 0.017 0.015 0.014 0.012 0.010 0.009 0.008 0.008 0.000
0.032 0.038 0.044 0.050 0.056 0.060 0.064 0.061 0.054 0.045 0.038 0.031 0.024 0.015 0.028 0.038 0.031 0.025 0.020 0.015 0.012 0.009 0.007 0.005 0.004 0.004 0.004 0.006 0.007 0.009 0.010 0.010 0.010 0.009 0.008 0.008 0.007 0.006 0.005 0.004 0.003 0.003 0.002 0.001 0.001 0.001 0.001 0.001 0.001 0.001 0.001 0.001 0.001 0.001 0.002 0.002 0.014 0.000 0.000 0.000 0.000 0.000 0.000 0.000 0.000 0.000 0.018 0.018 0.016 0.014 0.012 0.011 0.009 0.008 0.007 0.006 0.000
0.044 0.050 0.052 0.049 0.045 0.041 0.036 0.032 0.027 0.022 0.017 0.012 0.007 0.010 0.019 0.035 0.034 0.028 0.023 0.018 0.015 0.011 0.009 0.007 0.006 0.005 0.005 0.006 0.007 0.009 0.009 0.010 0.010 0.009 0.009 0.008 0.007 0.006 0.005 0.005 0.004 0.003 0.002 0.001 0.001 0.001 0.001 0.001 0.001 0.001 0.001 0.001 0.001 0.002 0.003 0.008 0.024 0.046 0.073 0.000 0.000 0.000 0.000 0.000 0.000 0.024 0.021 0.019 0.016 0.013 0.011 0.009 0.008 0.007 0.007 0.000 0.000
0.026 0.023 0.021 0.019 0.017 0.014 0.012 0.010 0.008 0.006 0.004 0.002 0.002 0.005 0.012 0.024 0.036 0.031 0.026 0.021 0.017 0.014 0.011 0.009 0.007 0.006 0.006 0.007 0.008 0.009 0.009 0.010 0.010 0.009 0.009 0.008 0.008 0.007 0.006 0.005 0.004 0.003 0.003 0.002 0.002 0.001 0.001 0.001 0.001 0.001 0.001 0.001 0.002 0.005 0.012 0.023 0.038 0.058 0.073 0.078 0.084 0.092 0.000 0.000 0.000 0.020 0.020 0.018 0.015 0.012 0.010 0.008 0.006 0.006 0.004 0.000 0.000
0.005 0.005 0.004 0.004 0.003 0.003 0.002 0.002 0.002 0.001 0.001 0.001 0.001 0.003 0.007 0.016 0.032 0.033 0.029 0.024 0.021 0.018 0.015 0.013 0.012 0.011 0.010 0.011 0.011 0.012 0.012 0.012 0.012 0.011 0.010 0.010 0.009 0.008 0.007 0.006 0.005 0.005 0.004 0.003 0.003 0.002 0.002 0.002 0.002 0.002 0.002 0.005 0.011 0.020 0.030 0.040 0.046 0.047 0.051 0.054 0.059 0.062 0.064 0.073 0.000 0.022 0.019 0.016 0.013 0.010 0.008 0.006 0.005 0.005 0.000 0.000 0.000
0.001 0.001 0.001 0.001 0.001 0.001 0.001 0.001 0.001 0.001 0.001 0.001 0.001 0.001 0.004 0.010 0.023 0.036 0.033 0.030 0.027 0.026 0.025 0.025 0.024 0.024 0.024 0.023 0.023 0.023 0.022 0.021 0.019 0.018 0.016 0.015 0.013 0.012 0.011 0.009 0.009 0.008 0.007 0.007 0.007 0.006 0.006 0.005 0.005 0.008 0.013 0.020 0.028 0.038 0.042 0.038 0.034 0.032 0.032 0.032 0.030 0.000 0.035 0.043 0.039 0.028 0.019 0.014 0.011 0.008 0.006 0.004 0.004 0.003 0.000 0.000 0.000
0.001 0.001 0.001 0.001 0.001 0.001 0.001 0.001 0.001 0.001 0.001 0.001 0.001 0.001 0.002 0.006 0.016 0.035 0.041 0.041 0.042 0.044 0.046 0.048 0.048 0.049 0.048 0.047 0.046 0.044 0.042 0.039 0.036 0.033 0.030 0.028 0.025 0.024 0.022 0.021 0.020 0.020 0.020 0.021 0.022 0.023 0.023 0.023 0.020 0.025 0.031 0.038 0.044 0.038 0.033 0.028 0.024 0.021 0.019 0.017 0.016 0.012 0.013 0.017 0.018 0.015 0.000 0.004 0.005 0.004 0.003 0.003 0.003 0.000 0.000 0.000 0.000
0.000 0.000 0.000 0.000 0.000 0.000 0.000 0.000 0.000 0.000 0.001 0.001 0.001 0.001 0.001 0.004 0.011 0.029 0.060 0.063 0.067 0.071 0.074 0.076 0.077 0.077 0.077 0.076 0.074 0.071 0.067 0.062 0.058 0.054 0.051 0.048 0.046 0.044 0.043 0.042 0.043 0.045 0.046 0.048 0.050 0.052 0.052 0.052 0.049 0.043 0.048 0.040 0.033 0.028 0.023 0.019 0.016 0.013 0.010 0.009 0.008 0.006 0.006 0.005 0.005 0.005 0.004 0.003 0.002 0.002 0.002 0.002 0.002 0.014 0.000 0.000 0.000
0.000 0.000 0.000 0.000 0.000 0.000 0.000 0.000 0.000 0.000 0.000 0.001 0.001 0.001 0.001 0.002 0.008 0.028 0.074 0.091 0.096 0.101 0.105 0.105 0.106 0.106 0.106 0.105 0.103 0.100 0.095 0.085 0.081 0.079 0.076 0.072 0.070 0.069 0.069 0.069 0.071 0.073 0.076 0.078 0.080 0.082 0.083 0.083 0.075 0.055 0.053 0.047 0.039 0.032 0.026 0.021 0.016 0.013 0.010 0.007 0.005 0.004 0.003 0.002 0.002 0.002 0.001 0.001 0.001 0.001 0.001 0.001 0.000 0.000 0.000 0.000 0.000
0.000 0.000 0.000 0.000 0.000 0.000 0.000 0.000 0.000 0.000 0.000 0.000 0.001 0.001 0.001 0.002 0.013 0.000 0.076 0.121 0.126 0.131 0.136 0.000 0.000 0.000 0.000 0.000 0.000 0.000 0.000 0.105 0.107 0.107 0.104 0.097 0.096 0.096 0.096 0.097 0.100 0.102 0.105 0.108 0.110 0.105 0.095 0.083 0.069 0.050 0.049 0.053 0.058 0.050 0.043 0.036 0.030 0.025 0.020 0.016 0.013 0.010 0.008 0.006 0.004 0.004 0.003 0.002 0.002 0.001 0.001 0.001 0.001 0.001 0.000 0.000 0.000
0.000 0.000 0.000 0.000 0.000 0.000 0.000 0.000 0.000 0.000 0.000 0.000 0.000 0.006 0.000 0.000 0.016 0.000 0.000 0.137 0.000 0.000 0.000 0.000 0.000 0.000 0.000 0.000 0.000 0.000 0.000 0.000 0.000 0.000 0.000 0.120 0.123 0.124 0.123 0.126 0.129 0.132 0.127 0.118 0.108 0.099 0.088 0.077 0.063 0.044 0.045 0.047 0.050 0.056 0.058 0.051 0.044 0.038 0.032 0.027 0.022 0.018 0.014 0.011 0.009 0.007 0.005 0.004 0.003 0.002 0.002 0.002 0.001 0.001 0.001 0.001 0.000
0.000 0.000 0.000 0.000 0.000 0.000 0.000 0.000 0.000 0.000 0.000 0.000 0.000 0.000 0.000 0.000 0.000 0.000 0.000 0.000 0.000 0.000 0.000 0.000 0.000 0.000 0.000 0.000 0.000 0.000 0.000 0.000 0.000 0.000 0.000 0.000 0.000 0.000 0.150 0.147 0.138 0.129 0.119 0.110 0.101 0.092 0.081 0.070 0.056 0.040 0.040 0.041 0.043 0.047 0.053 0.059 0.058 0.052 0.045 0.039 0.033 0.028 0.023 0.019 0.015 0.012 0.009 0.007 0.006 0.004 0.003 0.003 0.002 0.002 0.001 0.001 0.001
0.000 0.000 0.000 0.000 0.000 0.000 0.000 0.000 0.000 0.000 0.000 0.000 0.000 0.000 0.000 0.000 0.000 0.000 0.000 0.000 0.000 0.000 0.000 0.000 0.000 0.000 0.000 0.000 0.000 0.000 0.000 0.000 0.000 0.000 0.000 0.000 0.000 0.000 0.000 0.000 0.000 0.000 0.111 0.103 0.094 0.084 0.074 0.063 0.049 0.036 0.035 0.035 0.036 0.039 0.043 0.048 0.055 0.061 0.058 0.051 0.045 0.039 0.033 0.028 0.023 0.019 0.015 0.012 0.010 0.007 0.006 0.005 0.004 0.003 0.002 0.002 0.001
0.000 0.000 0.000 0.000 0.000 0.000 0.000 0.000 0.000 0.000 0.000 0.000 0.000 0.000 0.000 0.000 0.000 0.000 0.000 0.000 0.000 0.000 0.000 0.000 0.000 0.000 0.000 0.000 0.000 0.000 0.000 0.000 0.000 0.000 0.000 0.000 0.000 0.000 0.000 0.000 0.000 0.000 0.000 0.000 0.000 0.075 0.066 0.056 0.040 0.029 0.029 0.029 0.029 0.031 0.034 0.039 0.044 0.050 0.057 0.063 0.058 0.051 0.044 0.038 0.033 0.028 0.023 0.019 0.015 0.012 0.010 0.008 0.006 0.005 0.004 0.003 0.002
0.000 0.000 0.000 0.000 0.000 0.000 0.000 0.000 0.000 0.000 0.000 0.000 0.000 0.000 0.000 0.000 0.000 0.000 0.000 0.000 0.000 0.000 0.000 0.000 0.000 0.000 0.000 0.000 0.000 0.000 0.000 0.000 0.000 0.000 0.000 0.000 0.000 0.000 0.000 0.000 0.000 0.000 0.000 0.000 0.000 0.000 0.000 0.000 0.025 0.020 0.020 0.021 0.022 0.023 0.026 0.029 0.034 0.039 0.045 0.052 0.058 0.063 0.056 0.050 0.043 0.038 0.032 0.027 0.023 0.019 0.016 0.013 0.011 0.009 0.007 0.006 0.005
0.000 0.000 0.000 0.000 0.000 0.000 0.000 0.000 0.000 0.000 0.000 0.000 0.000 0.000 0.000 0.000 0.000 0.000 0.000 0.000 0.000 0.000 0.000 0.000 0.000 0.000 0.000 0.000 0.000 0.000 0.000 0.000 0.000 0.000 0.000 0.000 0.000 0.000 0.000 0.000 0.000 0.000 0.000 0.000 0.000 0.000 0.000 0.000 0.000 0.000 0.008 0.011 0.014 0.016 0.017 0.020 0.024 0.029 0.034 0.040 0.046 0.053 0.060 0.062 0.055 0.049 0.043 0.037 0.032 0.028 0.025 0.022 0.019 0.017 0.014 0.012 0.010
0.000 0.000 0.000 0.000 0.000 0.000 0.000 0.000 0.000 0.000 0.000 0.000 0.000 0.000 0.000 0.000 0.000 0.000 0.000 0.000 0.000 0.000 0.000 0.000 0.000 0.000 0.000 0.000 0.000 0.000 0.000 0.000 0.000 0.000 0.000 0.000 0.000 0.000 0.000 0.000 0.000 0.000 0.000 0.000 0.000 0.000 0.000 0.000 0.000 0.000 0.000 0.000 0.000 0.000 0.007 0.011 0.015 0.020 0.024 0.029 0.035 0.041 0.048 0.055 0.062 0.061 0.054 0.049 0.045 0.041 0.038 0.036 0.033 0.030 0.027 0.023 0.020
0.000 0.000 0.000 0.000 0.000 0.000 0.000 0.000 0.000 0.000 0.000 0.000 0.000 0.000 0.000 0.000 0.000 0.000 0.000 0.000 0.000 0.000 0.000 0.000 0.000 0.000 0.000 0.000 0.000 0.000 0.000 0.000 0.000 0.000 0.000 0.000 0.000 0.000 0.000 0.000 0.000 0.000 0.000 0.000 0.000 0.000 0.000 0.000 0.000 0.000 0.000 0.000 0.000 0.000 0.000 0.000 0.000 0.000 0.012 0.018 0.024 0.030 0.036 0.043 0.050 0.057 0.065 0.063 0.060 0.059 0.057 0.056 0.053 0.049 0.044 0.039 0.034
0.000 0.000 0.000 0.000 0.000 0.000 0.000 0.000 0.000 0.000 0.000 0.000 0.000 0.000 0.000 0.000 0.000 0.000 0.000 0.000 0.000 0.000 0.000 0.000 0.000 0.000 0.000 0.000 0.000 0.000 0.000 0.000 0.000 0.000 0.000 0.000 0.000 0.000 0.000 0.000 0.000 0.000 0.000 0.000 0.000 0.000 0.000 0.000 0.000 0.000 0.000 0.000 0.000 0.000 0.000 0.000 0.000 0.000 0.000 0.008 0.013 0.019 0.025 0.031 0.037 0.045 0.054 0.066 0.080 0.082 0.081 0.079 0.076 0.071 0.064 0.056 0.048
0.000 0.000 0.000 0.000 0.000 0.000 0.000 0.000 0.000 0.000 0.000 0.000 0.000 0.000 0.000 0.000 0.000 0.000 0.000 0.000 0.000 0.000 0.000 0.000 0.000 0.000 0.000 0.000 0.000 0.000 0.000 0.000 0.000 0.000 0.000 0.000 0.000 0.000 0.000 0.000 0.000 0.000 0.000 0.000 0.000 0.000 0.000 0.000 0.000 0.000 0.000 0.000 0.000 0.000 0.000 0.000 0.000 0.000 0.000 0.002 0.005 0.009 0.014 0.019 0.026 0.033 0.043 0.057 0.076 0.096 0.106 0.105 0.102 0.095 0.080 0.071 0.062
0.000 0.000 0.000 0.000 0.000 0.000 0.000 0.000 0.000 0.000 0.000 0.000 0.000 0.000 0.000 0.000 0.000 0.000 0.000 0.000 0.000 0.000 0.000 0.000 0.000 0.000 0.000 0.000 0.000 0.000 0.000 0.000 0.000 0.000 0.000 0.000 0.000 0.000 0.000 0.000 0.000 0.000 0.000 0.000 0.000 0.000 0.000 0.000 0.000 0.000 0.000 0.000 0.000 0.000 0.000 0.000 0.000 0.000 0.000 0.001 0.001 0.002 0.004 0.009 0.015 0.022 0.033 0.050 0.072 0.094 0.000 0.000 0.000 0.000 0.088 0.087 0.072
0.000 0.000 0.000 0.000 0.000 0.000 0.000 0.000 0.000 0.000 0.000 0.000 0.000 0.000 0.000 0.000 0.000 0.000 0.000 0.000 0.000 0.000 0.000 0.000 0.000 0.000 0.000 0.000 0.000 0.000 0.000 0.000 0.000 0.000 0.000 0.000 0.000 0.000 0.000 0.000 0.000 0.000 0.000 0.000 0.000 0.000 0.000 0.000 0.000 0.000 0.000 0.000 0.000 0.000 0.000 0.000 0.000 0.000 0.000 0.001 0.001 0.001 0.001 0.002 0.006 0.013 0.024 0.045 0.069 0.000 0.000 0.000 0.000 0.000 0.000 0.000 0.075
0.000 0.000 0.000 0.000 0.000 0.000 0.000 0.000 0.000 0.000 0.000 0.000 0.000 0.000 0.000 0.000 0.000 0.000 0.000 0.000 0.000 0.000 0.000 0.000 0.000 0.000 0.000 0.000 0.000 0.000 0.000 0.000 0.000 0.000 0.000 0.000 0.000 0.000 0.000 0.000 0.000 0.000 0.000 0.000 0.000 0.000 0.000 0.000 0.000 0.000 0.000 0.000 0.000 0.000 0.000 0.000 0.000 0.000 0.000 0.000 0.001 0.001 0.001 0.001 0.001 0.005 0.018 0.042 0.000 0.000 0.000 0.000 0.000 0.000 0.000 0.000 0.000
0.000 0.000 0.000 0.000 0.000 0.000 0.000 0.000 0.000 0.000 0.000 0.000 0.000 0.000 0.000 0.000 0.000 0.000 0.000 0.000 0.000 0.000 0.000 0.000 0.000 0.000 0.000 0.000 0.000 0.000 0.000 0.000 0.000 0.000 0.000 0.000 0.000 0.000 0.000 0.000 0.000 0.000 0.000 0.000 0.000 0.000 0.000 0.000 0.000 0.000 0.000 0.000 0.000 0.000 0.000 0.000 0.000 0.000 0.000 0.000 0.000 0.000 0.001 0.001 0.001 0.001 0.013 0.038 0.000 0.000 0.000 0.000 0.000 0.000 0.000 0.000 0.000
0.000 0.000 0.000 0.000 0.000 0.000 0.000 0.000 0.000 0.000 0.000 0.000 0.000 0.000 0.000 0.000 0.000 0.000 0.000 0.000 0.000 0.000 0.000 0.000 0.000 0.000 0.000 0.000 0.000 0.000 0.000 0.000 0.000 0.000 0.000 0.000 0.000 0.000 0.000 0.000 0.000 0.000 0.000 0.000 0.000 0.000 0.000 0.000 0.000 0.000 0.000 0.000 0.000 0.000 0.000 0.000 0.000 0.000 0.000 0.000 0.000 0.000 0.000 0.001 0.001 0.001 0.010 0.000 0.000 0.000 0.000 0.000 0.000 0.000 0.000 0.000 0.000
0.000 0.000 0.000 0.000 0.000 0.000 0.000 0.000 0.000 0.000 0.000 0.000 0.000 0.000 0.000 0.000 0.000 0.000 0.000 0.000 0.000 0.000 0.000 0.000 0.000 0.000 0.000 0.000 0.000 0.000 0.000 0.000 0.000 0.000 0.000 0.000 0.000 0.000 0.000 0.000 0.000 0.000 0.000 0.000 0.000 0.000 0.000 0.000 0.000 0.000 0.000 0.000 0.000 0.000 0.000 0.000 0.000 0.000 0.000 0.000 0.000 0.000 0.000 0.001 0.001 0.001 0.023 0.000 0.000 0.000 0.000 0.000 0.000 0.000 0.000 0.000 0.000
0.000 0.000 0.000 0.000 0.000 0.000 0.000 0.000 0.000 0.000 0.000 0.000 0.000 0.000 0.000 0.000 0.000 0.000 0.000 0.000 0.000 0.000 0.000 0.000 0.000 0.000 0.000 0.000 0.000 0.000 0.000 0.000 0.000 0.000 0.000 0.000 0.000 0.000 0.000 0.000 0.000 0.000 0.000 0.000 0.000 0.000 0.000 0.000 0.000 0.000 0.000 0.000 0.000 0.000 0.000 0.000 0.000 0.000 0.000 0.000 0.000 0.000 0.000 0.001 0.001 0.001 0.000 0.000 0.000 0.000 0.000 0.000 0.000 0.000 0.000 0.000 0.000
0.000 0.000 0.000 0.000 0.000 0.000 0.000 0.000 0.000 0.000 0.000 0.000 0.000 0.000 0.000 0.000 0.000 0.000 0.000 0.000 0.000 0.000 0.000 0.000 0.000 0.000 0.000 0.000 0.000 0.000 0.000 0.000 0.000 0.000 0.000 0.000 0.000 0.000 0.000 0.000 0.000 0.000 0.000 0.000 0.000 0.000 0.000 0.000 0.000 0.000 0.000 0.000 0.000 0.000 0.000 0.000 0.000 0.000 0.000 0.000 0.000 0.000 0.000 0.001 0.001 0.001 0.000 0.000 0.000 0.000 0.000 0.000 0.000 0.000 0.000 0.000 0.000
