数据/30y_3h/30y_3h_res_2/30y_3h_203-0001.wd
ncols         694
nrows         824
xllcorner     581104.939801
yllcorner     3495917.092414
cellsize      2.000000
NODATA_value  -9999.000000
[rows 714 to 747 of 824, columns 154 to 230 of 694]
0.000 0.000 0.000 0.000 0.000 0.000 0.000 0.002 0.003 0.004 0.005 0.006 0.007 0.008 0.009 0.009 0.009 0.009 0.009 0.008 0.001 0.001 0.065 0.062 0.057 0.056 0.053 0.050 0.047 0.043 0.039 0.035 0.000 0.000 0.000 0.000 0.000 0.000 0.000 0.000 0.000 0.000 0.001 0.009 0.028 0.038 0.048 0.059 0.071 0.000 0.000 0.000 0.000 0.000 0.000 0.000 0.000 0.000 0.168 0.179 0.189 0.189 0.166 0.146 0.155 0.071 0.003 0.000 0.000 0.000 0.000 0.000 0.000 0.000 0.000 0.000 0.000
0.000 0.000 0.000 0.000 0.000 0.000 0.002 0.003 0.004 0.005 0.006 0.007 0.008 0.009 0.010 0.010 0.011 0.011 0.011 0.011 0.011 0.010 0.001 0.082 0.079 0.078 0.075 0.071 0.066 0.062 0.057 0.052 0.046 0.043 0.000 0.000 0.000 0.000 0.000 0.000 0.000 0.000 0.002 0.050 0.091 0.101 0.111 0.121 0.132 0.000 0.000 0.000 0.000 0.000 0.000 0.000 0.000 0.000 0.231 0.226 0.202 0.179 0.156 0.148 0.158 0.112 0.026 0.000 0.000 0.000 0.000 0.000 0.000 0.000 0.000 0.000 0.000
0.000 0.000 0.000 0.000 0.000 0.001 0.003 0.004 0.005 0.006 0.007 0.008 0.009 0.010 0.011 0.011 0.012 0.012 0.013 0.014 0.014 0.015 0.014 0.000 0.001 0.099 0.096 0.092 0.087 0.081 0.075 0.070 0.065 0.061 0.057 0.000 0.000 0.000 0.000 0.000 0.000 0.002 0.037 0.091 0.146 0.164 0.174 0.185 0.195 0.000 0.000 0.000 0.000 0.000 0.000 0.000 0.000 0.263 0.240 0.217 0.194 0.170 0.147 0.150 0.160 0.156 0.071 0.002 0.000 0.000 0.000 0.000 0.000 0.000 0.000 0.000 0.000
0.000 0.000 0.000 0.000 0.000 0.002 0.004 0.005 0.006 0.007 0.008 0.009 0.010 0.011 0.011 0.012 0.013 0.014 0.015 0.016 0.017 0.018 0.020 0.022 0.025 0.003 0.117 0.112 0.107 0.100 0.094 0.088 0.084 0.080 0.076 0.072 0.069 0.000 0.000 0.000 0.002 0.023 0.077 0.132 0.188 0.228 0.239 0.248 0.000 0.000 0.000 0.000 0.000 0.000 0.000 0.000 0.000 0.255 0.231 0.208 0.184 0.161 0.144 0.153 0.163 0.172 0.114 0.029 0.000 0.000 0.000 0.000 0.000 0.000 0.000 0.000 0.000
0.000 0.000 0.000 0.000 0.001 0.003 0.005 0.006 0.007 0.008 0.009 0.009 0.010 0.011 0.012 0.013 0.014 0.015 0.016 0.017 0.019 0.021 0.024 0.030 0.040 0.059 0.004 0.131 0.126 0.118 0.112 0.107 0.103 0.099 0.096 0.092 0.089 0.086 0.000 0.033 0.036 0.066 0.119 0.174 0.230 0.286 0.301 0.311 0.000 0.000 0.000 0.000 0.000 0.000 0.000 0.000 0.000 0.246 0.222 0.199 0.175 0.151 0.147 0.156 0.166 0.175 0.159 0.073 0.000 0.000 0.000 0.000 0.000 0.000 0.000 0.000 0.000
0.000 0.000 0.000 0.000 0.001 0.003 0.005 0.006 0.007 0.008 0.009 0.010 0.011 0.012 0.012 0.013 0.014 0.015 0.016 0.018 0.020 0.022 0.025 0.029 0.034 0.040 0.026 0.001 0.001 0.134 0.130 0.126 0.123 0.119 0.116 0.113 0.110 0.107 0.099 0.073 0.082 0.108 0.161 0.216 0.272 0.328 0.363 0.375 0.000 0.000 0.000 0.000 0.000 0.000 0.000 0.000 0.000 0.237 0.213 0.189 0.166 0.142 0.150 0.159 0.169 0.178 0.187 0.118 0.000 0.000 0.000 0.000 0.000 0.000 0.000 0.000 0.000
0.000 0.000 0.000 0.000 0.001 0.003 0.005 0.006 0.007 0.008 0.009 0.010 0.011 0.012 0.013 0.014 0.014 0.015 0.017 0.018 0.020 0.022 0.024 0.026 0.029 0.031 0.024 0.017 0.012 0.001 0.149 0.146 0.143 0.139 0.136 0.133 0.131 0.128 0.126 0.000 0.000 0.147 0.203 0.259 0.315 0.371 0.427 0.437 0.449 0.425 0.000 0.000 0.000 0.000 0.000 0.000 0.251 0.228 0.204 0.180 0.156 0.144 0.153 0.162 0.172 0.181 0.190 0.163 0.000 0.000 0.000 0.000 0.000 0.000 0.000 0.000 0.000
0.000 0.000 0.000 0.000 0.001 0.003 0.005 0.006 0.007 0.008 0.009 0.010 0.011 0.012 0.013 0.014 0.015 0.016 0.017 0.018 0.019 0.021 0.022 0.024 0.025 0.025 0.022 0.018 0.015 0.010 0.001 0.165 0.164 0.160 0.157 0.154 0.152 0.150 0.000 0.000 0.000 0.000 0.245 0.301 0.357 0.413 0.467 0.464 0.439 0.416 0.392 0.368 0.000 0.000 0.000 0.000 0.242 0.218 0.195 0.171 0.147 0.147 0.157 0.165 0.175 0.184 0.194 0.000 0.000 0.000 0.000 0.000 0.000 0.000 0.000 0.000 0.000
0.000 0.000 0.000 0.000 0.001 0.003 0.005 0.006 0.007 0.008 0.009 0.010 0.011 0.012 0.013 0.014 0.015 0.015 0.016 0.017 0.019 0.020 0.021 0.022 0.022 0.022 0.020 0.018 0.015 0.012 0.009 0.001 0.000 0.180 0.177 0.174 0.174 0.000 0.000 0.000 0.000 0.000 0.000 0.343 0.400 0.423 0.443 0.000 0.000 0.407 0.383 0.358 0.334 0.310 0.000 0.000 0.233 0.209 0.186 0.161 0.141 0.150 0.159 0.168 0.177 0.187 0.197 0.000 0.000 0.000 0.000 0.000 0.000 0.000 0.000 0.000 0.000
0.000 0.000 0.000 0.000 0.001 0.003 0.005 0.006 0.007 0.008 0.009 0.010 0.011 0.012 0.013 0.014 0.014 0.015 0.016 0.017 0.018 0.019 0.019 0.020 0.020 0.020 0.018 0.017 0.015 0.013 0.011 0.008 0.006 0.000 0.197 0.193 0.000 0.000 0.000 0.000 0.000 0.000 0.000 0.357 0.378 0.399 0.421 0.000 0.000 0.000 0.000 0.349 0.325 0.300 0.274 0.248 0.223 0.199 0.176 0.152 0.143 0.153 0.162 0.171 0.180 0.190 0.200 0.000 0.000 0.000 0.000 0.000 0.000 0.000 0.000 0.000 0.000
0.000 0.000 0.000 0.000 0.001 0.003 0.005 0.006 0.007 0.008 0.009 0.010 0.011 0.012 0.013 0.013 0.014 0.015 0.015 0.016 0.017 0.018 0.018 0.019 0.019 0.018 0.017 0.016 0.014 0.013 0.011 0.009 0.008 0.005 0.000 0.208 0.200 0.000 0.000 0.000 0.000 0.000 0.000 0.333 0.355 0.376 0.397 0.410 0.000 0.000 0.000 0.000 0.000 0.290 0.265 0.238 0.213 0.189 0.167 0.142 0.146 0.155 0.164 0.173 0.183 0.192 0.000 0.000 0.000 0.000 0.000 0.000 0.000 0.000 0.000 0.000 0.000
0.000 0.000 0.000 0.000 0.001 0.003 0.005 0.006 0.007 0.008 0.009 0.010 0.011 0.012 0.012 0.013 0.014 0.014 0.015 0.016 0.016 0.017 0.017 0.017 0.017 0.017 0.016 0.015 0.014 0.013 0.011 0.010 0.009 0.007 0.005 0.000 0.215 0.212 0.000 0.000 0.000 0.000 0.000 0.000 0.331 0.000 0.000 0.390 0.377 0.000 0.000 0.000 0.000 0.000 0.000 0.226 0.202 0.179 0.155 0.139 0.148 0.157 0.166 0.176 0.185 0.194 0.000 0.000 0.000 0.000 0.000 0.000 0.000 0.000 0.000 0.000 0.000
0.000 0.000 0.000 0.000 0.001 0.003 0.005 0.006 0.007 0.008 0.009 0.010 0.011 0.011 0.012 0.013 0.013 0.014 0.014 0.015 0.015 0.016 0.016 0.016 0.016 0.016 0.015 0.014 0.013 0.012 0.011 0.010 0.009 0.008 0.006 0.004 0.000 0.230 0.247 0.000 0.000 0.000 0.000 0.000 0.000 0.000 0.000 0.000 0.356 0.000 0.000 0.000 0.000 0.000 0.237 0.214 0.191 0.168 0.144 0.141 0.149 0.158 0.168 0.177 0.186 0.197 0.000 0.000 0.000 0.000 0.000 0.000 0.000 0.000 0.000 0.000 0.000
0.000 0.000 0.000 0.000 0.001 0.003 0.005 0.006 0.007 0.008 0.009 0.009 0.010 0.011 0.012 0.012 0.013 0.013 0.014 0.014 0.015 0.015 0.015 0.015 0.015 0.015 0.014 0.013 0.013 0.012 0.011 0.010 0.009 0.008 0.007 0.005 0.003 0.001 0.219 0.235 0.000 0.000 0.000 0.000 0.000 0.000 0.000 0.000 0.336 0.000 0.000 0.000 0.000 0.000 0.228 0.204 0.181 0.158 0.133 0.142 0.151 0.160 0.169 0.177 0.187 0.000 0.000 0.000 0.000 0.000 0.000 0.000 0.000 0.000 0.000 0.000 0.000
0.000 0.000 0.000 0.000 0.001 0.003 0.004 0.005 0.006 0.007 0.008 0.009 0.010 0.010 0.011 0.012 0.012 0.013 0.013 0.013 0.014 0.014 0.014 0.014 0.014 0.014 0.013 0.013 0.012 0.011 0.011 0.010 0.009 0.008 0.007 0.006 0.004 0.002 0.000 0.205 0.220 0.000 0.000 0.000 0.000 0.000 0.000 0.321 0.316 0.000 0.000 0.000 0.000 0.237 0.217 0.194 0.170 0.147 0.135 0.144 0.152 0.162 0.170 0.178 0.186 0.192 0.201 0.000 0.000 0.000 0.000 0.000 0.000 0.000 0.000 0.000 0.000
0.000 0.000 0.000 0.000 0.000 0.002 0.004 0.005 0.006 0.007 0.008 0.009 0.009 0.010 0.011 0.011 0.012 0.012 0.012 0.013 0.013 0.013 0.013 0.013 0.013 0.013 0.013 0.012 0.011 0.011 0.010 0.009 0.009 0.008 0.007 0.006 0.004 0.003 0.001 0.000 0.190 0.204 0.000 0.000 0.000 0.000 0.000 0.000 0.000 0.000 0.000 0.000 0.000 0.216 0.204 0.184 0.160 0.137 0.137 0.145 0.154 0.163 0.171 0.180 0.188 0.195 0.203 0.210 0.219 0.000 0.000 0.000 0.000 0.000 0.000 0.000 0.000
0.000 0.000 0.000 0.000 0.000 0.001 0.003 0.004 0.005 0.006 0.007 0.008 0.009 0.009 0.010 0.011 0.011 0.011 0.012 0.012 0.012 0.012 0.013 0.012 0.012 0.012 0.012 0.011 0.011 0.010 0.010 0.009 0.008 0.007 0.006 0.005 0.004 0.003 0.001 0.000 0.000 0.173 0.185 0.203 0.000 0.000 0.000 0.000 0.000 0.000 0.000 0.000 0.206 0.195 0.183 0.171 0.150 0.130 0.139 0.148 0.157 0.165 0.174 0.183 0.191 0.199 0.206 0.213 0.221 0.228 0.238 0.000 0.000 0.000 0.000 0.000 0.000
0.000 0.000 0.000 0.000 0.000 0.000 0.002 0.003 0.004 0.005 0.006 0.007 0.008 0.009 0.009 0.010 0.010 0.011 0.011 0.011 0.012 0.012 0.012 0.012 0.012 0.011 0.011 0.011 0.010 0.010 0.009 0.009 0.008 0.007 0.006 0.005 0.004 0.002 0.000 0.000 0.000 0.000 0.159 0.177 0.195 0.000 0.000 0.000 0.000 0.000 0.000 0.000 0.186 0.174 0.162 0.149 0.137 0.131 0.141 0.150 0.159 0.168 0.177 0.186 0.195 0.202 0.210 0.217 0.224 0.232 0.240 0.248 0.199 0.000 0.000 0.000 0.000
0.000 0.000 0.000 0.000 0.000 0.000 0.000 0.002 0.003 0.004 0.005 0.006 0.007 0.008 0.009 0.009 0.010 0.010 0.010 0.011 0.011 0.011 0.011 0.011 0.011 0.011 0.010 0.010 0.010 0.009 0.009 0.008 0.007 0.006 0.005 0.004 0.003 0.001 0.000 0.000 0.000 0.000 0.000 0.151 0.168 0.186 0.000 0.000 0.000 0.000 0.000 0.177 0.164 0.153 0.140 0.129 0.127 0.131 0.141 0.151 0.161 0.171 0.180 0.189 0.198 0.000 0.000 0.000 0.226 0.235 0.243 0.251 0.243 0.156 0.088 0.000 0.000
0.000 0.000 0.000 0.000 0.000 0.000 0.000 0.000 0.002 0.003 0.004 0.005 0.006 0.007 0.008 0.009 0.009 0.009 0.010 0.010 0.010 0.010 0.010 0.010 0.010 0.010 0.010 0.009 0.009 0.009 0.008 0.007 0.006 0.005 0.004 0.003 0.002 0.000 0.000 0.000 0.000 0.000 0.000 0.000 0.140 0.159 0.177 0.000 0.000 0.000 0.000 0.157 0.144 0.132 0.125 0.125 0.126 0.129 0.139 0.149 0.159 0.168 0.179 0.189 0.199 0.000 0.000 0.000 0.000 0.000 0.245 0.254 0.262 0.200 0.158 0.119 0.000
0.000 0.000 0.000 0.000 0.000 0.000 0.000 0.000 0.000 0.002 0.003 0.004 0.005 0.006 0.007 0.008 0.008 0.009 0.009 0.009 0.009 0.009 0.009 0.009 0.009 0.009 0.009 0.009 0.008 0.008 0.007 0.006 0.005 0.004 0.003 0.002 0.000 0.000 0.000 0.000 0.000 0.000 0.000 0.000 0.118 0.134 0.151 0.169 0.000 0.160 0.149 0.137 0.124 0.124 0.124 0.124 0.125 0.126 0.136 0.146 0.156 0.166 0.176 0.186 0.000 0.000 0.000 0.000 0.000 0.000 0.000 0.254 0.264 0.268 0.229 0.189 0.000
0.000 0.000 0.000 0.000 0.000 0.000 0.000 0.000 0.000 0.000 0.002 0.003 0.004 0.005 0.006 0.007 0.007 0.008 0.008 0.008 0.008 0.008 0.008 0.008 0.008 0.008 0.008 0.008 0.008 0.007 0.006 0.005 0.004 0.003 0.002 0.000 0.000 0.000 0.000 0.000 0.000 0.000 0.000 0.000 0.000 0.110 0.125 0.141 0.157 0.142 0.129 0.123 0.123 0.123 0.123 0.123 0.124 0.124 0.133 0.143 0.153 0.164 0.174 0.000 0.000 0.000 0.000 0.000 0.000 0.000 0.000 0.000 0.000 0.273 0.268 0.257 0.216
0.000 0.000 0.000 0.000 0.000 0.000 0.000 0.000 0.000 0.000 0.000 0.002 0.003 0.004 0.005 0.006 0.006 0.007 0.007 0.007 0.007 0.007 0.007 0.007 0.007 0.007 0.007 0.007 0.007 0.006 0.005 0.004 0.003 0.002 0.000 0.000 0.000 0.000 0.000 0.000 0.000 0.000 0.000 0.000 0.000 0.000 0.101 0.116 0.133 0.125 0.123 0.122 0.122 0.121 0.122 0.122 0.123 0.123 0.130 0.140 0.151 0.162 0.172 0.000 0.000 0.000 0.000 0.000 0.000 0.000 0.000 0.000 0.000 0.000 0.000 0.264 0.259
0.000 0.000 0.000 0.000 0.000 0.000 0.000 0.000 0.000 0.000 0.000 0.000 0.002 0.003 0.004 0.005 0.005 0.006 0.006 0.006 0.006 0.006 0.006 0.006 0.006 0.006 0.006 0.006 0.006 0.005 0.004 0.003 0.002 0.000 0.000 0.000 0.000 0.000 0.000 0.000 0.000 0.000 0.000 0.000 0.000 0.000 0.000 0.093 0.109 0.123 0.121 0.121 0.120 0.120 0.121 0.121 0.121 0.121 0.126 0.137 0.148 0.159 0.000 0.000 0.000 0.000 0.000 0.000 0.000 0.000 0.000 0.000 0.000 0.000 0.000 0.000 0.000
0.000 0.000 0.000 0.000 0.000 0.000 0.000 0.000 0.000 0.000 0.000 0.000 0.000 0.002 0.003 0.004 0.004 0.005 0.005 0.005 0.005 0.005 0.005 0.005 0.005 0.005 0.005 0.005 0.005 0.004 0.003 0.002 0.000 0.000 0.000 0.000 0.000 0.000 0.000 0.000 0.000 0.000 0.000 0.000 0.000 0.000 0.000 0.000 0.087 0.105 0.119 0.119 0.118 0.119 0.119 0.119 0.119 0.119 0.123 0.134 0.146 0.157 0.000 0.000 0.000 0.000 0.000 0.000 0.000 0.000 0.000 0.000 0.000 0.000 0.000 0.000 0.000
0.000 0.000 0.000 0.000 0.000 0.000 0.000 0.000 0.000 0.000 0.000 0.000 0.000 0.000 0.001 0.002 0.003 0.003 0.003 0.003 0.003 0.003 0.003 0.003 0.003 0.003 0.003 0.003 0.003 0.002 0.001 0.000 0.000 0.000 0.000 0.000 0.000 0.000 0.000 0.000 0.000 0.000 0.000 0.000 0.000 0.000 0.000 0.000 0.000 0.069 0.101 0.117 0.117 0.116 0.117 0.116 0.116 0.117 0.119 0.131 0.142 0.000 0.000 0.000 0.000 0.000 0.000 0.000 0.000 0.000 0.000 0.000 0.000 0.000 0.000 0.000 0.000
0.000 0.000 0.000 0.000 0.000 0.000 0.000 0.000 0.000 0.000 0.000 0.000 0.000 0.000 0.000 0.000 0.001 0.001 0.001 0.001 0.001 0.001 0.001 0.001 0.001 0.001 0.001 0.001 0.001 0.000 0.000 0.000 0.000 0.000 0.000 0.000 0.000 0.000 0.000 0.000 0.000 0.000 0.000 0.000 0.000 0.000 0.000 0.000 0.000 0.000 0.080 0.101 0.115 0.114 0.114 0.113 0.113 0.113 0.115 0.127 0.139 0.000 0.000 0.000 0.000 0.000 0.000 0.000 0.000 0.000 0.000 0.000 0.000 0.000 0.000 0.000 0.000
0.000 0.000 0.000 0.000 0.000 0.000 0.000 0.000 0.000 0.000 0.000 0.000 0.000 0.000 0.000 0.000 0.000 0.000 0.000 0.000 0.000 0.000 0.000 0.000 0.000 0.000 0.000 0.000 0.000 0.000 0.000 0.000 0.000 0.000 0.000 0.000 0.000 0.000 0.000 0.000 0.000 0.000 0.000 0.000 0.000 0.000 0.000 0.000 0.000 0.000 0.058 0.078 0.098 0.111 0.110 0.108 0.106 0.107 0.110 0.122 0.000 0.000 0.000 0.000 0.000 0.000 0.000 0.000 0.000 0.000 0.000 0.000 0.000 0.000 0.000 0.000 0.000
0.000 0.000 0.000 0.000 0.000 0.000 0.000 0.000 0.000 0.000 0.000 0.000 0.000 0.000 0.000 0.000 0.000 0.000 0.000 0.000 0.000 0.000 0.000 0.000 0.000 0.000 0.000 0.000 0.000 0.000 0.000 0.000 0.000 0.000 0.000 0.000 0.000 0.000 0.000 0.000 0.000 0.000 0.000 0.000 0.000 0.000 0.000 0.000 0.000 0.000 0.000 0.056 0.076 0.094 0.105 0.101 0.090 0.097 0.099 0.000 0.000 0.000 0.000 0.000 0.000 0.000 0.000 0.000 0.000 0.000 0.000 0.000 0.000 0.000 0.000 0.000 0.000
0.000 0.000 0.000 0.000 0.000 0.000 0.000 0.000 0.000 0.000 0.000 0.000 0.000 0.000 0.000 0.000 0.000 0.000 0.000 0.000 0.000 0.000 0.000 0.000 0.000 0.000 0.000 0.000 0.000 0.000 0.000 0.000 0.000 0.000 0.000 0.000 0.000 0.000 0.000 0.000 0.000 0.000 0.000 0.000 0.000 0.000 0.000 0.000 0.000 0.000 0.000 0.034 0.053 0.070 0.088 0.096 0.091 0.091 0.090 0.087 0.000 0.000 0.000 0.000 0.000 0.000 0.000 0.000 0.000 0.000 0.000 0.000 0.000 0.000 0.000 0.000 0.000
0.000 0.000 0.000 0.000 0.000 0.000 0.000 0.000 0.000 0.000 0.000 0.000 0.000 0.000 0.000 0.000 0.000 0.000 0.000 0.000 0.000 0.000 0.000 0.000 0.000 0.000 0.000 0.000 0.000 0.000 0.000 0.000 0.000 0.000 0.000 0.000 0.000 0.000 0.000 0.000 0.000 0.000 0.000 0.000 0.000 0.000 0.000 0.000 0.000 0.000 0.000 0.011 0.029 0.047 0.063 0.080 0.090 0.087 0.084 0.079 0.081 0.000 0.000 0.000 0.000 0.000 0.000 0.000 0.000 0.000 0.000 0.000 0.000 0.000 0.000 0.000 0.000
0.000 0.000 0.000 0.000 0.000 0.000 0.000 0.000 0.000 0.000 0.000 0.000 0.000 0.000 0.000 0.000 0.000 0.000 0.000 0.000 0.000 0.000 0.000 0.000 0.000 0.000 0.000 0.000 0.000 0.000 0.000 0.000 0.000 0.000 0.000 0.000 0.000 0.000 0.000 0.000 0.000 0.000 0.000 0.000 0.000 0.000 0.000 0.000 0.000 0.000 0.000 0.001 0.007 0.023 0.040 0.057 0.074 0.083 0.078 0.072 0.071 0.066 0.066 0.000 0.000 0.000 0.000 0.000 0.000 0.000 0.000 0.000 0.000 0.000 0.000 0.000 0.000
0.000 0.000 0.000 0.000 0.000 0.000 0.000 0.000 0.000 0.000 0.000 0.000 0.000 0.000 0.000 0.000 0.000 0.000 0.000 0.000 0.000 0.000 0.000 0.000 0.000 0.000 0.000 0.000 0.000 0.000 0.000 0.000 0.000 0.000 0.000 0.000 0.000 0.000 0.000 0.000 0.000 0.000 0.000 0.000 0.000 0.000 0.000 0.000 0.000 0.000 0.000 0.000 0.001 0.003 0.016 0.033 0.050 0.066 0.073 0.065 0.062 0.058 0.059 0.062 0.000 0.000 0.000 0.000 0.000 0.000 0.000 0.000 0.000 0.000 0.000 0.000 0.000
0.000 0.000 0.000 0.000 0.000 0.000 0.000 0.000 0.000 0.000 0.000 0.000 0.000 0.000 0.000 0.000 0.000 0.000 0.000 0.000 0.000 0.000 0.000 0.000 0.000 0.000 0.000 0.000 0.000 0.000 0.000 0.000 0.000 0.000 0.000 0.000 0.000 0.000 0.000 0.000 0.000 0.000 0.000 0.000 0.000 0.000 0.000 0.000 0.000 0.000 0.000 0.000 0.000 0.001 0.002 0.010 0.026 0.041 0.055 0.058 0.051 0.049 0.052 0.054 0.056 0.000 0.000 0.000 0.000 0.000 0.000 0.000 0.000 0.000 0.000 0.000 0.000
