数据/3_resilience_value/others/res_1h_200y.asc
ncols         694
nrows         824
xllcorner     581104.93980083
yllcorner     3495917.0924138
cellsize      2
NODATA_value  -9999
[rows 544 to 577 of 824, columns 0 to 76 of 694]
0.000 0.000 0.000 0.000 0.000 0.000 0.000 0.000 0.000 0.000 0.000 0.000 0.000 0.000 0.000 0.000 0.428 0.481 0.561 0.640 0.710 0.797 0.888 0.973 1.003 1.004 1.004 1.004 1.004 1.004 1.004 1.004 0.998 0.988 0.974 0.955 0.920 0.919 0.932 0.940 0.947 0.952 0.955 0.958 0.961 0.962 0.964 0.966 0.969 0.969 0.967 0.969 0.971 0.974 0.977 0.980 0.992 0.997 0.999 1.001 1.001 1.002 1.002 1.002 1.004 1.004 1.004 1.004 1.004 1.004 1.004 1.004 1.004 1.004 1.004 1.004 1.004
0.000 0.000 0.000 0.000 0.000 0.000 0.000 0.000 0.000 0.000 0.000 0.000 0.000 0.000 0.000 1.004 0.442 0.524 0.603 0.674 0.743 0.820 0.910 0.991 1.003 1.003 1.004 1.004 1.004 1.004 1.001 1.001 0.993 0.980 0.961 0.933 0.895 0.916 0.930 0.938 0.945 0.950 0.953 0.958 0.960 0.963 0.965 0.968 0.970 0.973 0.976 0.974 0.976 0.978 0.980 0.988 0.995 0.998 0.999 0.999 1.001 1.001 1.001 1.002 1.004 1.004 1.004 1.004 1.004 1.004 1.004 1.004 1.004 1.004 1.004 1.004 1.004
0.000 0.000 0.000 0.000 0.000 0.000 0.000 0.000 0.000 0.000 0.000 0.000 0.000 0.000 0.000 0.452 0.486 0.565 0.637 0.707 0.775 0.842 0.931 1.001 1.003 1.003 1.003 1.003 1.003 1.002 0.986 0.979 0.971 0.963 0.953 0.882 0.886 0.906 0.920 0.930 0.937 0.943 0.949 0.954 0.957 0.960 0.963 0.966 0.969 0.974 0.978 0.982 0.980 0.982 0.983 0.992 0.997 0.998 0.999 0.999 0.999 1.001 1.001 1.001 1.002 1.004 1.004 1.004 1.004 1.004 1.004 1.004 1.004 1.004 1.004 1.004 1.004
0.000 0.000 0.000 0.000 0.000 0.000 0.000 0.000 0.000 0.000 0.000 0.000 0.000 0.000 1.004 0.461 0.528 0.599 0.670 0.739 0.807 0.873 0.951 1.001 1.002 1.003 1.002 1.001 0.999 0.997 0.943 0.919 0.887 0.869 0.901 0.904 0.904 0.914 0.920 0.924 0.927 0.930 0.933 0.938 0.943 0.948 0.952 0.958 0.963 0.969 0.976 0.980 0.986 0.985 0.987 0.995 0.998 0.998 0.998 0.999 0.999 0.999 1.001 1.001 1.001 1.004 1.004 1.004 1.004 1.004 1.004 1.004 1.004 1.004 1.004 1.004 1.004
0.000 0.000 0.000 0.000 0.000 0.000 0.000 0.000 0.000 0.000 0.000 0.000 0.000 0.000 0.468 0.489 0.562 0.633 0.703 0.772 0.838 0.903 0.969 0.999 1.001 1.000 0.997 0.994 0.990 0.985 0.866 0.899 0.925 0.950 0.954 0.938 0.935 0.940 0.943 0.947 0.950 0.952 0.954 0.956 0.958 0.960 0.962 0.964 0.967 0.969 0.972 0.975 0.981 0.986 0.993 0.997 0.998 0.998 0.998 0.998 0.998 0.998 0.999 1.001 1.001 1.002 1.004 1.004 1.004 1.004 1.004 1.004 1.004 1.004 1.004 1.004 1.004
0.000 0.000 0.000 0.000 0.000 0.000 0.000 0.000 0.000 0.000 0.000 0.000 0.000 0.000 0.483 0.503 0.578 0.658 0.734 0.804 0.870 0.932 0.987 0.997 0.997 0.991 0.985 0.984 0.989 0.993 0.959 0.969 0.973 0.975 0.963 0.955 0.953 0.955 0.959 0.962 0.964 0.967 0.969 0.971 0.973 0.975 0.976 0.978 0.980 0.983 0.985 0.987 0.991 0.994 0.997 0.998 0.998 0.998 0.998 0.998 0.998 0.998 0.998 0.998 1.001 1.001 1.004 1.004 1.002 1.002 1.002 1.001 1.001 1.001 1.001 1.004 1.004
0.000 0.000 0.000 0.000 0.000 0.000 0.000 0.000 0.000 0.000 0.000 0.000 0.000 0.000 0.508 0.528 0.586 0.665 0.742 0.817 0.890 0.958 0.996 0.995 0.989 0.991 0.995 0.999 1.000 1.001 0.987 0.987 0.987 0.979 0.971 0.968 0.967 0.966 0.971 0.973 0.976 0.978 0.980 0.981 0.983 0.984 0.986 0.988 0.989 0.991 0.993 0.994 0.996 0.997 0.998 0.998 0.998 0.998 0.998 0.998 0.998 0.998 0.998 0.998 0.998 0.998 1.001 1.001 1.001 1.001 1.001 1.001 1.001 1.001 1.001 1.004 1.004
0.000 0.000 0.000 0.000 0.000 0.000 0.000 0.000 0.000 0.000 0.000 0.000 0.000 0.000 0.533 0.553 0.595 0.674 0.750 0.825 0.898 0.966 1.002 1.002 1.001 1.002 1.002 1.003 1.003 1.003 0.994 0.994 0.991 0.984 0.981 0.979 0.979 0.978 0.979 0.982 0.983 0.985 0.987 0.988 0.989 0.990 0.992 0.993 0.994 0.995 0.996 0.998 0.998 0.999 1.002 0.998 0.998 0.998 0.998 0.998 0.998 0.998 0.998 0.998 0.998 0.995 0.994 1.001 1.001 1.001 1.001 1.000 1.000 1.000 1.002 1.001 1.004
0.000 0.000 0.000 0.000 0.000 0.000 0.000 0.000 0.000 0.000 0.000 0.000 0.000 0.000 0.558 0.578 0.603 0.682 0.759 0.834 0.907 0.975 1.003 1.004 1.003 1.003 1.003 1.003 1.003 1.003 0.998 0.997 0.993 0.989 0.988 0.987 0.986 0.986 0.987 0.988 0.990 0.991 0.992 0.993 0.994 0.995 0.996 0.997 0.998 0.999 0.999 0.999 0.999 0.998 0.998 0.998 0.998 0.998 0.998 0.998 0.998 0.998 0.998 0.997 0.997 0.995 0.996 0.999 1.001 1.001 1.000 1.000 1.000 1.000 1.000 1.001 1.004
0.000 0.000 0.000 0.000 0.000 0.000 0.000 0.000 0.000 0.000 0.000 0.000 0.000 0.000 0.583 0.602 0.622 0.690 0.767 0.842 0.915 0.982 1.004 1.004 1.004 1.004 1.004 1.004 1.004 1.004 1.000 0.998 0.997 0.996 0.995 0.995 0.994 0.994 0.995 0.996 0.997 0.998 0.999 0.999 1.000 1.001 1.001 1.002 1.004 1.002 0.999 0.999 0.999 0.999 0.998 0.998 0.998 0.998 0.998 0.998 0.998 0.998 0.998 0.998 0.995 0.994 0.994 0.994 1.000 1.000 1.000 1.000 1.000 1.000 1.001 1.001 1.004
0.000 0.000 0.000 0.000 0.000 0.000 0.000 0.000 0.000 0.000 0.000 0.000 0.000 1.004 0.607 0.627 0.647 0.698 0.775 0.850 0.922 0.989 1.004 1.004 1.004 1.004 1.004 1.004 1.004 1.001 1.001 1.000 0.999 0.999 0.999 0.999 0.999 0.999 0.999 0.999 1.000 1.001 1.001 1.002 1.004 1.004 1.004 1.004 1.004 1.004 1.004 1.002 0.999 0.999 0.999 0.998 0.998 0.998 0.998 0.998 0.998 0.998 0.998 0.997 0.995 0.994 0.994 0.994 0.994 1.000 1.000 1.001 1.001 1.001 1.001 1.001 1.004
0.000 0.000 0.000 0.000 0.000 0.000 0.000 0.000 0.000 0.000 0.000 0.000 0.000 1.004 0.632 0.652 0.670 0.708 0.783 0.858 0.930 0.995 1.004 1.004 1.004 1.004 1.004 1.004 1.004 1.004 1.004 1.004 1.004 1.002 1.002 1.002 1.002 1.002 1.002 1.004 1.004 1.004 1.004 1.004 1.004 1.004 1.004 1.004 1.004 1.004 1.004 1.004 1.002 0.999 0.999 0.999 0.999 0.999 0.998 0.998 0.998 0.998 0.998 0.995 0.995 0.995 0.994 0.994 0.994 0.994 1.001 1.001 1.001 1.001 1.001 1.002 1.004
0.000 0.000 0.000 0.000 0.000 0.000 0.000 0.000 0.000 0.000 0.000 0.000 0.000 1.004 0.656 0.662 0.665 0.746 0.809 0.871 0.938 1.000 1.004 1.004 1.004 1.004 1.004 1.004 1.004 1.004 1.004 1.004 1.004 1.004 1.004 1.004 1.004 1.004 1.004 1.004 1.004 1.004 1.004 1.004 1.004 1.004 1.004 1.004 1.004 1.004 1.004 1.004 1.004 1.004 1.002 0.999 0.999 0.999 0.999 0.999 0.998 0.998 0.998 0.995 0.995 0.995 0.995 0.995 0.995 0.994 0.997 1.001 1.001 1.001 1.001 1.002 1.004
0.000 0.000 0.000 0.000 0.000 0.000 0.000 0.000 0.000 0.000 0.000 0.000 0.000 1.004 0.649 0.650 0.677 0.784 0.846 0.907 0.965 1.004 1.004 1.004 1.004 1.004 1.004 1.004 1.004 1.004 1.004 1.004 1.004 1.004 1.004 1.004 1.004 1.004 1.004 1.004 1.004 1.004 1.004 1.004 1.004 1.004 1.004 1.004 1.004 1.004 1.004 1.004 1.004 1.004 1.004 1.004 1.002 0.999 0.999 0.999 0.999 0.999 0.996 0.996 0.995 0.995 0.995 0.995 0.995 0.995 0.995 1.001 1.001 1.001 1.001 1.002 1.004
0.000 0.000 0.000 0.000 0.000 0.000 0.000 0.000 0.000 0.000 0.000 0.000 0.000 1.004 0.637 0.641 0.710 0.818 0.882 0.942 0.995 1.004 1.004 1.004 1.004 1.004 1.004 1.004 1.004 1.004 1.004 1.004 1.004 1.004 1.004 1.004 1.004 1.004 1.004 1.004 1.004 1.004 1.004 1.004 1.004 1.004 1.004 1.004 1.004 1.004 1.004 1.004 1.004 1.004 1.004 1.004 1.004 1.004 1.002 0.999 0.999 0.999 0.996 0.996 0.996 0.996 0.996 0.995 0.995 0.995 0.995 0.995 1.001 1.001 1.001 1.004 1.004
0.000 0.000 0.000 0.000 0.000 0.000 0.000 0.000 0.000 0.000 0.000 0.000 0.000 0.624 0.626 0.633 0.742 0.849 0.918 0.975 1.004 1.004 1.004 1.004 1.004 1.004 1.004 1.004 1.004 1.004 1.004 1.004 1.004 1.004 1.004 1.004 1.004 1.004 1.004 1.004 1.004 1.004 1.004 1.004 1.004 1.004 1.004 1.004 1.004 1.004 1.004 1.004 1.004 1.004 1.004 1.004 1.004 1.004 1.004 1.004 1.004 1.002 0.999 0.997 0.996 0.996 0.996 0.996 0.996 0.996 0.996 0.996 0.996 1.001 1.002 1.004 1.004
0.000 0.000 0.000 0.000 0.000 0.000 0.000 0.000 0.000 0.000 0.000 0.000 0.000 0.613 0.615 0.666 0.774 0.880 0.953 1.002 1.004 1.004 1.004 1.004 1.004 1.004 1.004 1.004 1.004 1.004 1.004 1.004 1.004 1.004 1.004 1.004 1.004 1.004 1.004 1.004 1.004 1.004 1.004 1.004 1.004 1.004 1.004 1.004 1.004 1.004 1.004 1.004 1.004 1.004 1.004 1.004 1.004 1.004 1.004 1.004 1.004 1.004 1.004 1.004 1.004 1.002 0.999 0.997 0.997 0.996 0.996 0.996 0.996 0.996 1.002 1.004 1.004
0.000 0.000 0.000 0.000 0.000 0.000 0.000 0.000 0.000 0.000 0.000 0.000 0.000 0.601 0.604 0.698 0.806 0.911 0.984 1.004 1.004 1.004 1.004 1.004 1.004 1.004 1.004 1.004 1.004 1.004 1.004 1.004 1.004 1.004 1.004 1.004 1.004 1.004 1.004 1.004 1.004 1.004 1.004 1.004 1.004 1.004 1.004 1.004 1.004 1.004 1.004 1.004 1.004 1.004 1.004 1.004 1.004 1.004 1.004 1.004 1.004 1.004 1.004 1.004 1.004 1.004 1.002 0.999 0.997 0.997 0.996 0.996 0.996 0.996 0.999 1.004 1.004
0.000 0.000 0.000 0.000 0.000 0.000 0.000 0.000 0.000 0.000 0.000 0.000 0.000 0.591 0.622 0.731 0.838 0.941 1.004 1.004 1.004 1.004 1.004 1.004 1.004 1.004 1.004 1.004 1.004 1.004 1.004 1.004 1.004 1.004 1.004 1.004 1.004 1.004 1.004 1.004 1.004 1.004 1.004 1.004 1.004 1.004 1.004 1.004 1.004 1.004 1.004 1.004 1.004 1.004 1.004 1.004 1.004 1.004 1.004 1.004 1.004 1.004 1.004 1.004 1.004 1.004 1.004 1.002 0.999 0.997 0.996 0.996 0.996 0.996 0.996 1.004 1.004
0.000 0.000 0.000 0.000 0.000 0.000 0.000 0.000 0.000 0.000 0.000 0.000 0.000 0.579 0.654 0.763 0.869 0.969 1.004 1.004 1.004 1.004 1.004 1.004 1.004 1.004 1.004 1.004 1.004 1.004 1.004 1.004 1.004 1.004 1.004 1.004 1.004 1.004 1.004 1.004 1.004 1.004 1.004 1.004 1.004 1.004 1.004 1.004 1.004 1.004 1.004 1.004 1.004 1.004 1.004 1.004 1.004 1.004 1.004 1.004 1.004 1.004 1.004 1.004 1.004 1.004 1.004 1.002 0.999 0.996 0.996 0.996 0.996 0.996 0.996 0.996 1.004
0.000 0.000 0.000 0.000 0.000 0.000 0.000 0.000 0.000 0.000 0.000 0.000 0.000 0.577 0.687 0.795 0.900 0.994 1.004 1.004 1.004 1.004 1.004 1.004 1.004 1.004 1.004 1.004 1.004 1.004 1.004 1.004 1.004 1.004 1.004 1.004 1.004 1.004 1.004 1.004 1.004 1.004 1.004 1.004 1.004 1.004 1.004 1.004 1.004 1.004 1.004 1.004 1.004 1.004 1.004 1.004 1.004 1.004 1.004 1.004 1.004 1.004 1.004 1.004 1.004 1.004 1.004 1.002 0.999 0.996 0.996 0.996 0.996 0.995 0.995 0.995 0.995
0.000 0.000 0.000 0.000 0.000 0.000 0.000 0.000 0.000 0.000 0.000 0.000 0.000 0.610 0.719 0.827 0.930 1.004 1.004 1.004 1.004 1.004 1.004 1.004 1.004 1.004 1.004 1.004 1.004 1.004 1.004 1.004 1.004 1.004 1.004 1.004 1.004 1.004 1.004 1.004 1.004 1.004 1.004 1.004 1.004 1.004 1.004 1.004 1.004 1.004 1.004 1.004 1.004 1.004 1.004 1.004 1.004 1.004 1.004 1.004 1.004 1.004 1.004 1.004 1.004 1.004 1.004 1.004 1.002 0.999 0.996 0.996 0.996 0.995 0.995 0.995 0.995
0.000 0.000 0.000 0.000 0.000 0.000 0.000 0.000 0.000 0.000 0.000 0.000 0.000 0.643 0.752 0.858 0.960 1.004 1.004 1.004 1.004 1.004 1.004 1.004 1.004 1.004 1.004 1.004 1.004 1.004 1.004 1.004 1.004 1.004 1.004 1.004 1.004 1.004 1.004 1.004 1.004 1.004 1.004 1.004 1.004 1.004 1.004 1.004 1.004 1.004 1.004 1.004 1.004 1.004 1.004 1.004 1.004 1.004 1.004 1.004 1.004 1.004 1.004 1.004 1.004 1.004 1.004 1.002 0.999 0.999 0.996 0.996 0.996 0.996 0.995 0.995 0.995
0.000 0.000 0.000 0.000 0.000 0.000 0.000 0.000 0.000 0.000 0.000 0.000 0.000 1.004 0.784 0.889 0.986 1.004 1.004 1.004 1.004 1.004 1.004 1.004 1.004 1.004 1.004 1.004 1.004 1.004 1.004 1.004 1.004 1.004 1.004 1.004 1.004 1.004 1.004 1.004 1.004 1.004 1.004 1.004 1.004 1.004 1.004 1.004 1.004 1.004 1.004 1.004 1.004 1.004 1.004 1.004 1.004 1.004 1.004 1.004 1.004 1.004 1.002 0.999 0.997 0.994 0.994 0.991 0.991 0.991 0.990 0.990 0.990 0.990 0.990 0.989 0.989
0.000 0.000 0.000 0.000 0.000 0.000 0.000 0.000 0.000 0.000 0.000 0.000 0.000 0.712 0.816 0.920 1.004 1.004 1.004 1.004 1.004 1.004 1.004 1.004 1.004 1.004 1.004 1.004 1.004 1.004 1.004 1.004 1.004 1.004 1.004 1.004 1.004 1.004 1.004 1.004 1.004 1.004 1.004 1.004 1.004 1.004 1.004 1.004 1.004 1.004 1.004 1.004 1.004 1.004 1.004 1.004 1.004 1.004 1.004 1.002 0.999 0.997 0.994 0.994 0.991 0.991 0.991 0.988 0.988 0.988 0.987 0.987 0.987 0.987 0.984 0.983 0.983
0.000 0.000 0.000 0.000 0.000 0.000 0.000 0.000 0.000 0.000 0.000 0.000 0.000 0.744 0.848 0.950 1.004 1.004 1.004 1.004 1.004 1.004 1.004 1.004 1.004 1.004 1.004 1.004 1.004 1.004 1.004 1.004 1.004 1.004 1.004 1.004 1.004 1.004 1.004 1.004 1.004 1.004 1.004 1.004 1.004 1.004 1.004 1.004 1.004 1.004 1.004 1.004 1.004 1.004 1.004 1.004 1.004 1.004 1.002 0.999 0.997 0.994 0.991 0.991 0.989 0.988 0.988 0.988 0.988 0.985 0.985 0.984 0.984 0.984 0.981 0.981 0.983
0.000 0.000 0.000 0.000 0.000 0.000 0.000 0.000 0.000 0.000 0.000 0.000 0.000 0.775 0.879 0.977 1.004 1.004 1.004 1.004 1.004 1.004 1.004 1.004 1.004 1.004 1.004 1.004 1.004 1.004 1.004 1.004 1.004 1.004 1.004 1.004 1.004 1.004 1.004 1.004 1.004 1.004 1.004 1.004 1.004 1.004 1.004 1.004 1.004 1.004 1.004 1.004 1.004 1.004 1.004 1.004 1.002 0.999 0.999 0.997 0.997 0.996 0.991 0.989 0.988 0.988 0.986 0.985 0.985 0.985 0.984 0.984 0.981 0.981 0.984 0.986 0.986
0.000 0.000 0.000 0.000 0.000 0.000 0.000 0.000 0.000 0.000 0.000 0.000 1.004 0.807 0.910 1.000 1.004 1.004 1.004 1.004 1.004 1.004 1.004 1.004 1.004 1.004 1.004 1.004 1.004 1.004 1.004 1.004 1.004 1.004 1.002 1.001 1.001 1.000 0.999 0.999 0.998 0.997 0.996 0.996 1.004 1.004 1.004 1.004 1.004 1.004 1.004 1.004 1.004 1.004 1.004 1.002 0.999 0.999 0.997 0.997 0.994 0.994 0.994 0.989 0.986 0.986 0.985 0.985 0.985 0.982 0.982 0.982 0.984 0.987 0.989 0.989 0.992
0.000 0.000 0.000 0.000 0.000 0.000 0.000 0.000 0.000 0.000 0.000 0.000 0.737 0.839 0.940 1.004 1.004 1.004 1.004 1.004 1.004 1.004 1.004 1.004 1.004 1.004 1.004 1.004 1.004 1.004 1.004 0.997 1.000 1.000 1.000 1.000 0.999 0.999 0.999 0.998 0.997 0.997 0.997 0.996 1.004 1.004 1.004 1.004 1.004 1.004 1.004 1.004 1.004 1.004 1.002 0.999 0.999 0.997 0.997 0.994 0.994 0.994 0.994 0.991 0.986 0.986 0.985 0.983 0.983 0.982 0.982 0.987 0.990 0.990 0.993 0.993 0.995
0.000 0.000 0.000 0.000 0.000 0.000 0.000 0.000 0.000 0.000 0.000 0.000 0.768 0.871 0.967 1.004 1.004 1.004 1.004 1.004 1.004 1.004 1.004 1.004 1.004 1.004 1.004 1.004 1.004 1.004 0.999 0.990 0.987 0.986 0.980 0.979 0.994 0.998 0.998 0.998 0.997 0.997 0.998 0.998 1.004 1.004 1.004 1.004 1.004 1.004 1.004 1.004 1.004 1.002 0.999 0.999 0.997 0.997 0.994 0.994 0.994 0.994 0.994 0.991 0.989 0.986 0.986 0.983 0.983 0.985 0.988 0.990 0.993 0.993 0.996 0.996 0.998
0.000 0.000 0.000 0.000 0.000 0.000 0.000 0.000 0.000 0.000 0.000 1.004 0.800 0.902 0.992 1.004 1.004 1.004 1.004 1.004 1.004 1.004 1.004 1.004 1.004 1.004 1.004 1.004 1.004 1.004 0.999 0.990 0.980 0.990 1.004 0.922 0.964 0.977 0.994 0.997 0.998 0.998 0.999 0.999 1.004 1.004 1.004 1.004 1.004 1.004 1.004 1.004 1.002 0.999 0.999 0.997 0.997 0.994 0.994 0.994 0.994 0.994 0.994 0.994 0.994 0.989 0.986 0.986 0.988 0.991 0.993 0.996 0.996 0.996 0.999 0.999 1.004
0.000 0.000 0.000 0.000 0.000 0.000 0.000 0.000 0.000 0.000 0.000 0.733 0.833 0.931 0.979 1.004 1.004 1.004 1.004 1.004 1.004 1.004 1.004 1.004 1.004 1.004 1.004 1.004 1.004 1.004 0.999 0.990 0.980 0.992 1.004 1.004 1.004 0.922 0.966 0.980 0.998 0.999 0.999 1.000 1.004 1.004 1.004 1.004 1.004 1.004 1.004 1.002 0.999 0.999 0.997 0.997 0.997 0.994 0.994 0.994 0.994 0.994 0.994 0.994 0.996 0.996 0.994 0.994 0.996 0.996 0.999 1.004 1.004 1.004 1.004 1.004 1.004
0.000 0.000 0.000 0.000 0.000 0.000 0.000 0.000 0.000 0.000 1.004 0.764 0.864 0.918 0.960 0.998 1.004 1.004 1.004 1.004 1.004 1.004 1.004 1.004 1.004 1.004 1.004 1.004 1.004 1.004 0.999 0.991 0.982 0.983 1.004 1.004 1.004 1.004 1.004 0.929 0.977 0.999 1.000 1.001 1.004 1.004 1.004 1.004 1.004 1.004 1.002 1.000 0.999 0.997 0.997 0.997 0.997 0.997 0.997 0.997 0.997 0.997 0.997 0.997 0.997 0.997 0.997 0.999 1.002 1.004 1.004 1.004 1.004 1.004 1.004 1.004 1.004
0.000 0.000 0.000 0.000 0.000 0.000 0.000 0.000 0.000 0.000 0.698 0.796 0.854 0.898 0.941 0.981 1.004 1.004 1.004 1.004 1.004 1.004 1.004 1.004 1.004 1.004 1.004 1.004 1.004 1.004 1.001 0.989 0.979 0.969 1.004 1.004 1.004 1.004 1.004 1.004 0.930 0.980 0.988 0.989 1.004 1.004 1.004 1.004 1.004 1.002 1.000 1.000 0.997 0.997 0.997 0.997 0.997 0.997 0.997 0.997 0.997 0.997 0.997 0.997 0.997 0.997 0.997 0.999 1.004 1.004 1.004 1.004 1.004 1.004 1.004 1.004 1.004
