数据/LID_VS_50y/LID_VS_res/LID_VS_164-0001.wd
ncols         694
nrows         824
xllcorner     581104.939801
yllcorner     3495917.092414
cellsize      2.000000
NODATA_value  -9999.000000
[rows 714 to 747 of 824, columns 154 to 230 of 694]
0.000 0.000 0.000 0.000 0.000 0.000 0.002 0.003 0.004 0.005 0.006 0.007 0.008 0.008 0.009 0.009 0.009 0.009 0.009 0.008 0.001 0.001 0.061 0.058 0.054 0.052 0.050 0.046 0.043 0.039 0.035 0.031 0.000 0.000 0.000 0.000 0.000 0.000 0.000 0.000 0.000 0.000 0.001 0.002 0.011 0.019 0.028 0.036 0.047 0.000 0.000 0.000 0.000 0.000 0.000 0.000 0.000 0.000 0.143 0.154 0.164 0.164 0.140 0.120 0.129 0.045 0.001 0.000 0.000 0.000 0.000 0.000 0.000 0.000 0.000 0.000 0.000
0.000 0.000 0.000 0.000 0.000 0.002 0.003 0.004 0.005 0.006 0.007 0.008 0.009 0.009 0.010 0.010 0.011 0.011 0.011 0.011 0.010 0.009 0.000 0.078 0.076 0.074 0.071 0.067 0.063 0.058 0.053 0.047 0.042 0.038 0.000 0.000 0.000 0.000 0.000 0.000 0.000 0.000 0.001 0.024 0.069 0.080 0.090 0.100 0.111 0.000 0.000 0.000 0.000 0.000 0.000 0.000 0.000 0.000 0.206 0.201 0.176 0.154 0.131 0.122 0.132 0.085 0.006 0.001 0.000 0.000 0.000 0.000 0.000 0.000 0.000 0.000 0.000
0.000 0.000 0.000 0.000 0.001 0.003 0.004 0.005 0.006 0.007 0.008 0.009 0.009 0.010 0.010 0.011 0.012 0.012 0.013 0.013 0.014 0.014 0.013 0.000 0.001 0.096 0.092 0.088 0.083 0.077 0.071 0.065 0.060 0.056 0.052 0.000 0.000 0.000 0.000 0.000 0.000 0.001 0.014 0.068 0.125 0.143 0.153 0.163 0.174 0.000 0.000 0.000 0.000 0.000 0.000 0.000 0.000 0.239 0.215 0.191 0.168 0.143 0.121 0.124 0.134 0.130 0.044 0.001 0.000 0.000 0.000 0.000 0.000 0.000 0.000 0.000 0.000
0.000 0.000 0.000 0.000 0.002 0.004 0.005 0.006 0.007 0.008 0.009 0.009 0.010 0.011 0.011 0.012 0.013 0.013 0.014 0.015 0.016 0.018 0.020 0.021 0.025 0.001 0.114 0.108 0.102 0.095 0.089 0.083 0.079 0.074 0.070 0.066 0.063 0.000 0.000 0.000 0.001 0.006 0.053 0.109 0.165 0.204 0.215 0.225 0.000 0.000 0.000 0.000 0.000 0.000 0.000 0.000 0.000 0.229 0.205 0.181 0.159 0.134 0.118 0.127 0.136 0.146 0.086 0.007 0.001 0.000 0.000 0.000 0.000 0.000 0.000 0.000 0.000
0.000 0.000 0.000 0.001 0.003 0.005 0.006 0.007 0.008 0.008 0.009 0.010 0.010 0.011 0.012 0.012 0.013 0.014 0.015 0.017 0.018 0.021 0.024 0.029 0.039 0.058 0.001 0.128 0.122 0.114 0.107 0.102 0.098 0.094 0.090 0.087 0.084 0.081 0.000 0.027 0.027 0.047 0.095 0.152 0.208 0.263 0.278 0.289 0.000 0.000 0.000 0.000 0.000 0.000 0.000 0.000 0.000 0.221 0.197 0.173 0.149 0.125 0.121 0.131 0.139 0.149 0.134 0.048 0.000 0.000 0.000 0.000 0.000 0.000 0.000 0.000 0.000
0.000 0.000 0.000 0.001 0.003 0.005 0.006 0.007 0.008 0.009 0.009 0.010 0.011 0.011 0.012 0.013 0.014 0.015 0.016 0.017 0.019 0.021 0.024 0.028 0.033 0.039 0.026 0.000 0.001 0.130 0.125 0.121 0.117 0.113 0.110 0.107 0.104 0.101 0.093 0.068 0.072 0.088 0.139 0.195 0.250 0.306 0.341 0.353 0.000 0.000 0.000 0.000 0.000 0.000 0.000 0.000 0.000 0.211 0.188 0.164 0.140 0.116 0.125 0.135 0.143 0.152 0.163 0.091 0.000 0.000 0.000 0.000 0.000 0.000 0.000 0.000 0.000
0.000 0.000 0.000 0.001 0.003 0.005 0.006 0.007 0.008 0.009 0.010 0.010 0.011 0.012 0.012 0.013 0.014 0.015 0.016 0.018 0.019 0.021 0.023 0.026 0.029 0.030 0.024 0.017 0.011 0.000 0.143 0.140 0.137 0.134 0.130 0.127 0.125 0.123 0.120 0.000 0.000 0.125 0.181 0.236 0.291 0.348 0.405 0.416 0.427 0.405 0.000 0.000 0.000 0.000 0.000 0.000 0.225 0.202 0.179 0.153 0.131 0.120 0.129 0.137 0.146 0.155 0.165 0.136 0.000 0.000 0.000 0.000 0.000 0.000 0.000 0.000 0.000
0.000 0.000 0.000 0.001 0.003 0.005 0.006 0.007 0.008 0.009 0.010 0.010 0.011 0.012 0.013 0.013 0.014 0.015 0.016 0.018 0.019 0.020 0.022 0.024 0.025 0.025 0.022 0.018 0.014 0.010 0.001 0.159 0.158 0.154 0.151 0.148 0.146 0.144 0.000 0.000 0.000 0.000 0.224 0.278 0.335 0.390 0.444 0.441 0.419 0.395 0.370 0.346 0.000 0.000 0.000 0.000 0.216 0.193 0.170 0.145 0.121 0.124 0.132 0.140 0.149 0.159 0.169 0.000 0.000 0.000 0.000 0.000 0.000 0.000 0.000 0.000 0.000
0.000 0.000 0.000 0.001 0.003 0.005 0.006 0.007 0.008 0.009 0.010 0.010 0.011 0.012 0.013 0.013 0.014 0.015 0.016 0.017 0.018 0.019 0.021 0.022 0.022 0.022 0.020 0.017 0.015 0.012 0.009 0.001 0.000 0.174 0.171 0.168 0.168 0.000 0.000 0.000 0.000 0.000 0.000 0.320 0.377 0.399 0.421 0.000 0.000 0.385 0.361 0.338 0.314 0.290 0.000 0.000 0.209 0.184 0.160 0.136 0.116 0.126 0.134 0.142 0.151 0.161 0.172 0.000 0.000 0.000 0.000 0.000 0.000 0.000 0.000 0.000 0.000
0.000 0.000 0.000 0.001 0.003 0.005 0.006 0.007 0.008 0.009 0.010 0.010 0.011 0.012 0.013 0.013 0.014 0.015 0.016 0.017 0.017 0.018 0.019 0.020 0.020 0.019 0.018 0.017 0.015 0.013 0.011 0.008 0.006 0.001 0.191 0.187 0.000 0.000 0.000 0.000 0.000 0.000 0.000 0.333 0.355 0.377 0.398 0.000 0.000 0.000 0.000 0.329 0.306 0.280 0.253 0.226 0.200 0.174 0.151 0.127 0.118 0.128 0.137 0.145 0.155 0.164 0.174 0.000 0.000 0.000 0.000 0.000 0.000 0.000 0.000 0.000 0.000
0.000 0.000 0.000 0.001 0.003 0.005 0.006 0.007 0.008 0.009 0.010 0.010 0.011 0.012 0.012 0.013 0.014 0.014 0.015 0.016 0.017 0.017 0.018 0.018 0.018 0.018 0.017 0.016 0.014 0.013 0.011 0.009 0.008 0.005 0.000 0.202 0.194 0.000 0.000 0.000 0.000 0.000 0.000 0.311 0.333 0.353 0.375 0.388 0.000 0.000 0.000 0.000 0.000 0.270 0.244 0.216 0.191 0.165 0.136 0.115 0.120 0.130 0.138 0.147 0.158 0.167 0.000 0.000 0.000 0.000 0.000 0.000 0.000 0.000 0.000 0.000 0.000
0.000 0.000 0.000 0.001 0.003 0.005 0.006 0.007 0.008 0.009 0.010 0.010 0.011 0.012 0.012 0.013 0.013 0.014 0.015 0.015 0.016 0.016 0.017 0.017 0.017 0.017 0.016 0.015 0.014 0.013 0.011 0.010 0.009 0.007 0.005 0.000 0.209 0.206 0.000 0.000 0.000 0.000 0.000 0.000 0.310 0.000 0.000 0.368 0.354 0.000 0.000 0.000 0.000 0.000 0.000 0.203 0.178 0.153 0.129 0.115 0.123 0.132 0.141 0.151 0.161 0.169 0.000 0.000 0.000 0.000 0.000 0.000 0.000 0.000 0.000 0.000 0.000
0.000 0.000 0.000 0.001 0.003 0.005 0.006 0.007 0.008 0.009 0.009 0.010 0.011 0.011 0.012 0.012 0.013 0.014 0.014 0.015 0.015 0.015 0.016 0.016 0.016 0.015 0.015 0.014 0.013 0.012 0.011 0.010 0.009 0.008 0.006 0.004 0.000 0.223 0.240 0.000 0.000 0.000 0.000 0.000 0.000 0.000 0.000 0.000 0.333 0.000 0.000 0.000 0.000 0.000 0.214 0.191 0.167 0.143 0.120 0.118 0.124 0.133 0.143 0.153 0.163 0.174 0.000 0.000 0.000 0.000 0.000 0.000 0.000 0.000 0.000 0.000 0.000
0.000 0.000 0.000 0.001 0.003 0.005 0.006 0.007 0.008 0.008 0.009 0.010 0.010 0.011 0.011 0.012 0.013 0.013 0.014 0.014 0.014 0.015 0.015 0.015 0.015 0.014 0.014 0.013 0.013 0.012 0.011 0.010 0.009 0.008 0.007 0.005 0.003 0.001 0.212 0.228 0.000 0.000 0.000 0.000 0.000 0.000 0.000 0.000 0.313 0.000 0.000 0.000 0.000 0.000 0.205 0.180 0.158 0.134 0.109 0.119 0.127 0.137 0.146 0.154 0.163 0.000 0.000 0.000 0.000 0.000 0.000 0.000 0.000 0.000 0.000 0.000 0.000
0.000 0.000 0.000 0.000 0.002 0.004 0.005 0.006 0.007 0.008 0.009 0.009 0.010 0.011 0.011 0.012 0.012 0.013 0.013 0.013 0.014 0.014 0.014 0.014 0.014 0.014 0.013 0.013 0.012 0.011 0.011 0.010 0.009 0.008 0.007 0.006 0.004 0.002 0.000 0.198 0.214 0.000 0.000 0.000 0.000 0.000 0.000 0.298 0.293 0.000 0.000 0.000 0.000 0.213 0.194 0.170 0.147 0.123 0.111 0.120 0.128 0.139 0.147 0.154 0.162 0.170 0.179 0.000 0.000 0.000 0.000 0.000 0.000 0.000 0.000 0.000 0.000
0.000 0.000 0.000 0.000 0.001 0.003 0.004 0.005 0.006 0.007 0.008 0.009 0.009 0.010 0.011 0.011 0.012 0.012 0.012 0.013 0.013 0.013 0.013 0.013 0.013 0.013 0.012 0.012 0.011 0.011 0.010 0.009 0.009 0.008 0.007 0.006 0.004 0.003 0.001 0.000 0.183 0.197 0.000 0.000 0.000 0.000 0.000 0.000 0.000 0.000 0.000 0.000 0.000 0.193 0.181 0.161 0.137 0.113 0.113 0.121 0.131 0.141 0.149 0.157 0.165 0.173 0.181 0.189 0.197 0.000 0.000 0.000 0.000 0.000 0.000 0.000 0.000
0.000 0.000 0.000 0.000 0.000 0.002 0.003 0.004 0.005 0.006 0.007 0.008 0.009 0.010 0.010 0.011 0.011 0.011 0.012 0.012 0.012 0.012 0.012 0.012 0.012 0.012 0.012 0.011 0.011 0.010 0.010 0.009 0.008 0.007 0.006 0.005 0.004 0.003 0.001 0.000 0.000 0.165 0.176 0.195 0.000 0.000 0.000 0.000 0.000 0.000 0.000 0.000 0.184 0.172 0.161 0.147 0.128 0.107 0.116 0.124 0.134 0.143 0.152 0.161 0.169 0.176 0.185 0.193 0.200 0.209 0.218 0.000 0.000 0.000 0.000 0.000 0.000
0.000 0.000 0.000 0.000 0.000 0.000 0.002 0.003 0.004 0.005 0.006 0.007 0.008 0.009 0.009 0.010 0.010 0.011 0.011 0.011 0.012 0.012 0.012 0.012 0.012 0.011 0.011 0.011 0.010 0.010 0.009 0.009 0.008 0.007 0.006 0.005 0.004 0.002 0.000 0.000 0.000 0.000 0.150 0.168 0.186 0.000 0.000 0.000 0.000 0.000 0.000 0.000 0.164 0.152 0.141 0.127 0.116 0.109 0.117 0.126 0.135 0.145 0.156 0.164 0.172 0.180 0.190 0.197 0.204 0.213 0.221 0.228 0.179 0.000 0.000 0.000 0.000
0.000 0.000 0.000 0.000 0.000 0.000 0.000 0.002 0.003 0.004 0.005 0.006 0.007 0.008 0.009 0.009 0.010 0.010 0.010 0.011 0.011 0.011 0.011 0.011 0.011 0.011 0.010 0.010 0.010 0.009 0.009 0.008 0.007 0.006 0.005 0.004 0.003 0.001 0.000 0.000 0.000 0.000 0.000 0.141 0.158 0.176 0.000 0.000 0.000 0.000 0.000 0.158 0.143 0.133 0.119 0.107 0.104 0.109 0.118 0.129 0.139 0.150 0.159 0.167 0.176 0.000 0.000 0.000 0.206 0.216 0.224 0.231 0.223 0.136 0.069 0.000 0.000
0.000 0.000 0.000 0.000 0.000 0.000 0.000 0.000 0.002 0.003 0.004 0.005 0.006 0.007 0.008 0.009 0.009 0.009 0.010 0.010 0.010 0.010 0.010 0.010 0.010 0.010 0.010 0.009 0.009 0.009 0.008 0.007 0.006 0.005 0.004 0.003 0.002 0.000 0.000 0.000 0.000 0.000 0.000 0.000 0.130 0.148 0.166 0.000 0.000 0.000 0.000 0.138 0.125 0.113 0.104 0.105 0.104 0.107 0.117 0.127 0.137 0.147 0.157 0.166 0.177 0.000 0.000 0.000 0.000 0.000 0.226 0.234 0.243 0.180 0.140 0.100 0.000
0.000 0.000 0.000 0.000 0.000 0.000 0.000 0.000 0.000 0.002 0.003 0.004 0.005 0.006 0.007 0.008 0.008 0.009 0.009 0.009 0.009 0.009 0.009 0.009 0.009 0.009 0.009 0.009 0.008 0.008 0.007 0.006 0.005 0.004 0.003 0.002 0.000 0.000 0.000 0.000 0.000 0.000 0.000 0.000 0.107 0.123 0.139 0.156 0.000 0.142 0.130 0.117 0.105 0.104 0.104 0.104 0.104 0.104 0.114 0.123 0.134 0.145 0.154 0.163 0.000 0.000 0.000 0.000 0.000 0.000 0.000 0.234 0.244 0.249 0.210 0.171 0.000
0.000 0.000 0.000 0.000 0.000 0.000 0.000 0.000 0.000 0.000 0.002 0.003 0.004 0.005 0.006 0.007 0.008 0.008 0.008 0.008 0.008 0.008 0.008 0.008 0.008 0.008 0.008 0.008 0.007 0.007 0.006 0.005 0.004 0.003 0.002 0.000 0.000 0.000 0.000 0.000 0.000 0.000 0.000 0.000 0.000 0.098 0.113 0.127 0.140 0.124 0.110 0.105 0.104 0.104 0.104 0.104 0.104 0.103 0.112 0.122 0.132 0.142 0.153 0.000 0.000 0.000 0.000 0.000 0.000 0.000 0.000 0.000 0.000 0.255 0.250 0.240 0.199
0.000 0.000 0.000 0.000 0.000 0.000 0.000 0.000 0.000 0.000 0.000 0.002 0.003 0.004 0.005 0.006 0.007 0.007 0.007 0.007 0.007 0.007 0.007 0.007 0.007 0.007 0.007 0.007 0.006 0.006 0.005 0.004 0.003 0.002 0.000 0.000 0.000 0.000 0.000 0.000 0.000 0.000 0.000 0.000 0.000 0.000 0.087 0.101 0.115 0.105 0.104 0.103 0.103 0.102 0.102 0.103 0.102 0.103 0.109 0.120 0.130 0.141 0.152 0.000 0.000 0.000 0.000 0.000 0.000 0.000 0.000 0.000 0.000 0.000 0.000 0.247 0.242
0.000 0.000 0.000 0.000 0.000 0.000 0.000 0.000 0.000 0.000 0.000 0.000 0.002 0.003 0.004 0.005 0.006 0.006 0.006 0.006 0.006 0.006 0.006 0.006 0.006 0.006 0.006 0.006 0.005 0.005 0.004 0.003 0.002 0.000 0.000 0.000 0.000 0.000 0.000 0.000 0.000 0.000 0.000 0.000 0.000 0.000 0.000 0.077 0.092 0.104 0.102 0.101 0.100 0.100 0.100 0.101 0.101 0.101 0.106 0.117 0.127 0.137 0.000 0.000 0.000 0.000 0.000 0.000 0.000 0.000 0.000 0.000 0.000 0.000 0.000 0.000 0.000
0.000 0.000 0.000 0.000 0.000 0.000 0.000 0.000 0.000 0.000 0.000 0.000 0.000 0.002 0.003 0.004 0.005 0.005 0.005 0.005 0.005 0.005 0.005 0.005 0.005 0.005 0.005 0.005 0.004 0.004 0.003 0.002 0.000 0.000 0.000 0.000 0.000 0.000 0.000 0.000 0.000 0.000 0.000 0.000 0.000 0.000 0.000 0.000 0.070 0.085 0.100 0.099 0.099 0.099 0.099 0.099 0.099 0.099 0.103 0.114 0.124 0.135 0.000 0.000 0.000 0.000 0.000 0.000 0.000 0.000 0.000 0.000 0.000 0.000 0.000 0.000 0.000
0.000 0.000 0.000 0.000 0.000 0.000 0.000 0.000 0.000 0.000 0.000 0.000 0.000 0.000 0.001 0.002 0.003 0.003 0.003 0.003 0.003 0.003 0.003 0.003 0.003 0.003 0.003 0.003 0.003 0.002 0.001 0.000 0.000 0.000 0.000 0.000 0.000 0.000 0.000 0.000 0.000 0.000 0.000 0.000 0.000 0.000 0.000 0.000 0.000 0.039 0.082 0.098 0.098 0.098 0.097 0.097 0.097 0.097 0.099 0.110 0.121 0.000 0.000 0.000 0.000 0.000 0.000 0.000 0.000 0.000 0.000 0.000 0.000 0.000 0.000 0.000 0.000
0.000 0.000 0.000 0.000 0.000 0.000 0.000 0.000 0.000 0.000 0.000 0.000 0.000 0.000 0.000 0.000 0.001 0.001 0.001 0.001 0.001 0.001 0.001 0.001 0.001 0.001 0.001 0.001 0.001 0.000 0.000 0.000 0.000 0.000 0.000 0.000 0.000 0.000 0.000 0.000 0.000 0.000 0.000 0.000 0.000 0.000 0.000 0.000 0.000 0.000 0.062 0.082 0.097 0.096 0.095 0.094 0.093 0.094 0.096 0.107 0.119 0.000 0.000 0.000 0.000 0.000 0.000 0.000 0.000 0.000 0.000 0.000 0.000 0.000 0.000 0.000 0.000
0.000 0.000 0.000 0.000 0.000 0.000 0.000 0.000 0.000 0.000 0.000 0.000 0.000 0.000 0.000 0.000 0.000 0.000 0.000 0.000 0.000 0.000 0.000 0.000 0.000 0.000 0.000 0.000 0.000 0.000 0.000 0.000 0.000 0.000 0.000 0.000 0.000 0.000 0.000 0.000 0.000 0.000 0.000 0.000 0.000 0.000 0.000 0.000 0.000 0.000 0.041 0.061 0.081 0.093 0.091 0.089 0.086 0.088 0.091 0.103 0.000 0.000 0.000 0.000 0.000 0.000 0.000 0.000 0.000 0.000 0.000 0.000 0.000 0.000 0.000 0.000 0.000
0.000 0.000 0.000 0.000 0.000 0.000 0.000 0.000 0.000 0.000 0.000 0.000 0.000 0.000 0.000 0.000 0.000 0.000 0.000 0.000 0.000 0.000 0.000 0.000 0.000 0.000 0.000 0.000 0.000 0.000 0.000 0.000 0.000 0.000 0.000 0.000 0.000 0.000 0.000 0.000 0.000 0.000 0.000 0.000 0.000 0.000 0.000 0.000 0.000 0.000 0.000 0.039 0.058 0.077 0.087 0.082 0.067 0.077 0.081 0.000 0.000 0.000 0.000 0.000 0.000 0.000 0.000 0.000 0.000 0.000 0.000 0.000 0.000 0.000 0.000 0.000 0.000
0.000 0.000 0.000 0.000 0.000 0.000 0.000 0.000 0.000 0.000 0.000 0.000 0.000 0.000 0.000 0.000 0.000 0.000 0.000 0.000 0.000 0.000 0.000 0.000 0.000 0.000 0.000 0.000 0.000 0.000 0.000 0.000 0.000 0.000 0.000 0.000 0.000 0.000 0.000 0.000 0.000 0.000 0.000 0.000 0.000 0.000 0.000 0.000 0.000 0.000 0.000 0.017 0.036 0.053 0.069 0.078 0.072 0.073 0.072 0.071 0.000 0.000 0.000 0.000 0.000 0.000 0.000 0.000 0.000 0.000 0.000 0.000 0.000 0.000 0.000 0.000 0.000
0.000 0.000 0.000 0.000 0.000 0.000 0.000 0.000 0.000 0.000 0.000 0.000 0.000 0.000 0.000 0.000 0.000 0.000 0.000 0.000 0.000 0.000 0.000 0.000 0.000 0.000 0.000 0.000 0.000 0.000 0.000 0.000 0.000 0.000 0.000 0.000 0.000 0.000 0.000 0.000 0.000 0.000 0.000 0.000 0.000 0.000 0.000 0.000 0.000 0.000 0.000 0.002 0.012 0.029 0.046 0.062 0.071 0.070 0.067 0.064 0.067 0.000 0.000 0.000 0.000 0.000 0.000 0.000 0.000 0.000 0.000 0.000 0.000 0.000 0.000 0.000 0.000
0.000 0.000 0.000 0.000 0.000 0.000 0.000 0.000 0.000 0.000 0.000 0.000 0.000 0.000 0.000 0.000 0.000 0.000 0.000 0.000 0.000 0.000 0.000 0.000 0.000 0.000 0.000 0.000 0.000 0.000 0.000 0.000 0.000 0.000 0.000 0.000 0.000 0.000 0.000 0.000 0.000 0.000 0.000 0.000 0.000 0.000 0.000 0.000 0.000 0.000 0.000 0.001 0.001 0.007 0.022 0.039 0.057 0.067 0.063 0.057 0.058 0.054 0.055 0.000 0.000 0.000 0.000 0.000 0.000 0.000 0.000 0.000 0.000 0.000 0.000 0.000 0.000
0.000 0.000 0.000 0.000 0.000 0.000 0.000 0.000 0.000 0.000 0.000 0.000 0.000 0.000 0.000 0.000 0.000 0.000 0.000 0.000 0.000 0.000 0.000 0.000 0.000 0.000 0.000 0.000 0.000 0.000 0.000 0.000 0.000 0.000 0.000 0.000 0.000 0.000 0.000 0.000 0.000 0.000 0.000 0.000 0.000 0.000 0.000 0.000 0.000 0.000 0.000 0.000 0.001 0.001 0.004 0.016 0.034 0.051 0.059 0.052 0.050 0.047 0.048 0.052 0.000 0.000 0.000 0.000 0.000 0.000 0.000 0.000 0.000 0.000 0.000 0.000 0.000
0.000 0.000 0.000 0.000 0.000 0.000 0.000 0.000 0.000 0.000 0.000 0.000 0.000 0.000 0.000 0.000 0.000 0.000 0.000 0.000 0.000 0.000 0.000 0.000 0.000 0.000 0.000 0.000 0.000 0.000 0.000 0.000 0.000 0.000 0.000 0.000 0.000 0.000 0.000 0.000 0.000 0.000 0.000 0.000 0.000 0.000 0.000 0.000 0.000 0.000 0.000 0.000 0.001 0.001 0.001 0.002 0.011 0.027 0.042 0.046 0.040 0.039 0.042 0.045 0.047 0.000 0.000 0.000 0.000 0.000 0.000 0.000 0.000 0.000 0.000 0.000 0.000
