数据/LID_VS_50y/LID_VS_res/LID_VS_141-0001.wd
ncols         694
nrows         824
xllcorner     581104.939801
yllcorner     3495917.092414
cellsize      2.000000
NODATA_value  -9999.000000
[rows 442 to 475 of 824, columns 385 to 461 of 694]
0.000 0.000 0.000 0.029 0.025 0.020 0.016 0.011 0.007 0.003 0.002 0.002 0.002 0.002 0.002 0.003 0.003 0.003 0.003 0.003 0.003 0.011 0.020 0.029 0.038 0.047 0.056 0.066 0.074 0.083 0.086 0.087 0.087 0.087 0.000 0.000 0.000 0.000 0.000 0.000 0.000 0.000 0.000 0.000 0.000 0.000 0.000 0.000 0.000 0.000 0.000 0.000 0.000 0.000 0.000 0.003 0.009 0.013 0.015 0.017 0.018 0.019 0.020 0.022 0.024 0.027 0.031 0.036 0.043 0.049 0.000 0.000 0.000 0.000 0.000 0.000 0.000
0.000 0.000 0.000 0.000 0.000 0.032 0.027 0.023 0.018 0.014 0.009 0.006 0.004 0.003 0.003 0.003 0.004 0.004 0.004 0.005 0.005 0.009 0.019 0.029 0.038 0.048 0.057 0.067 0.076 0.084 0.085 0.085 0.086 0.087 0.000 0.000 0.000 0.000 0.000 0.000 0.000 0.000 0.000 0.000 0.000 0.000 0.000 0.000 0.000 0.000 0.000 0.000 0.000 0.000 0.000 0.003 0.010 0.014 0.018 0.020 0.022 0.023 0.026 0.028 0.032 0.036 0.041 0.047 0.054 0.060 0.066 0.067 0.000 0.000 0.000 0.000 0.000
0.000 0.000 0.000 0.000 0.000 0.000 0.000 0.034 0.030 0.025 0.021 0.016 0.012 0.008 0.006 0.005 0.005 0.005 0.006 0.007 0.008 0.009 0.017 0.028 0.038 0.048 0.058 0.068 0.078 0.085 0.083 0.083 0.083 0.000 0.000 0.000 0.000 0.000 0.000 0.000 0.000 0.000 0.000 0.000 0.000 0.000 0.000 0.000 0.000 0.000 0.000 0.000 0.000 0.000 0.003 0.010 0.017 0.022 0.026 0.029 0.029 0.031 0.035 0.038 0.042 0.047 0.053 0.059 0.065 0.072 0.079 0.075 0.070 0.065 0.060 0.000 0.000
0.000 0.000 0.000 0.000 0.000 0.000 0.000 0.000 0.038 0.036 0.032 0.028 0.023 0.019 0.014 0.010 0.008 0.008 0.008 0.009 0.010 0.012 0.014 0.026 0.036 0.047 0.057 0.069 0.083 0.083 0.081 0.079 0.079 0.000 0.000 0.000 0.000 0.000 0.000 0.000 0.000 0.000 0.000 0.000 0.000 0.000 0.000 0.000 0.000 0.000 0.000 0.000 0.000 0.000 0.000 0.000 0.000 0.035 0.000 0.000 0.036 0.042 0.046 0.050 0.054 0.059 0.065 0.072 0.078 0.085 0.087 0.082 0.077 0.072 0.067 0.062 0.057
0.000 0.000 0.000 0.000 0.000 0.000 0.000 0.000 0.000 0.000 0.039 0.037 0.034 0.030 0.025 0.021 0.016 0.013 0.012 0.012 0.013 0.015 0.017 0.021 0.033 0.044 0.054 0.065 0.075 0.078 0.076 0.074 0.073 0.000 0.000 0.000 0.000 0.000 0.000 0.000 0.000 0.000 0.000 0.000 0.000 0.000 0.000 0.000 0.000 0.000 0.000 0.000 0.000 0.000 0.000 0.000 0.000 0.000 0.000 0.000 0.000 0.000 0.000 0.000 0.065 0.072 0.078 0.084 0.091 0.097 0.094 0.089 0.084 0.079 0.074 0.069 0.064
0.000 0.000 0.000 0.000 0.000 0.000 0.000 0.000 0.000 0.000 0.000 0.041 0.039 0.037 0.035 0.032 0.027 0.022 0.018 0.016 0.016 0.017 0.019 0.021 0.028 0.040 0.050 0.060 0.069 0.071 0.070 0.067 0.063 0.051 0.043 0.038 0.000 0.000 0.000 0.000 0.000 0.000 0.000 0.000 0.000 0.000 0.000 0.000 0.000 0.000 0.000 0.000 0.000 0.000 0.000 0.000 0.000 0.000 0.000 0.000 0.000 0.000 0.000 0.000 0.000 0.000 0.000 0.000 0.103 0.106 0.101 0.096 0.091 0.087 0.082 0.076 0.071
0.000 0.000 0.000 0.000 0.000 0.000 0.000 0.000 0.000 0.000 0.000 0.000 0.000 0.042 0.040 0.037 0.035 0.033 0.028 0.023 0.021 0.020 0.021 0.023 0.025 0.035 0.046 0.055 0.064 0.064 0.063 0.060 0.054 0.046 0.039 0.031 0.024 0.019 0.015 0.015 0.000 0.000 0.000 0.000 0.000 0.000 0.000 0.000 0.000 0.000 0.000 0.000 0.000 0.000 0.000 0.000 0.000 0.000 0.000 0.000 0.000 0.000 0.000 0.000 0.000 0.000 0.000 0.000 0.000 0.000 0.000 0.103 0.099 0.094 0.089 0.084 0.079
0.000 0.000 0.000 0.000 0.000 0.000 0.000 0.000 0.000 0.000 0.000 0.000 0.000 0.000 0.000 0.041 0.039 0.036 0.033 0.031 0.028 0.025 0.024 0.024 0.026 0.028 0.040 0.050 0.058 0.057 0.055 0.052 0.046 0.038 0.035 0.031 0.026 0.022 0.019 0.017 0.013 0.011 0.011 0.000 0.000 0.000 0.000 0.000 0.000 0.000 0.000 0.000 0.000 0.000 0.000 0.000 0.000 0.000 0.000 0.000 0.000 0.000 0.000 0.000 0.000 0.000 0.000 0.000 0.000 0.000 0.000 0.000 0.000 0.000 0.000 0.091 0.086
0.000 0.000 0.000 0.000 0.000 0.000 0.000 0.000 0.000 0.000 0.000 0.000 0.000 0.000 0.000 0.000 0.043 0.040 0.036 0.032 0.030 0.028 0.028 0.026 0.027 0.028 0.032 0.043 0.050 0.049 0.046 0.042 0.040 0.037 0.035 0.031 0.028 0.025 0.022 0.020 0.017 0.014 0.013 0.010 0.007 0.006 0.006 0.000 0.000 0.000 0.000 0.000 0.000 0.000 0.000 0.000 0.000 0.000 0.000 0.000 0.000 0.000 0.000 0.000 0.000 0.000 0.000 0.000 0.000 0.000 0.000 0.000 0.000 0.000 0.000 0.000 0.000
0.000 0.000 0.000 0.000 0.000 0.000 0.000 0.000 0.000 0.000 0.000 0.000 0.000 0.000 0.000 0.000 0.000 0.000 0.035 0.032 0.030 0.028 0.026 0.024 0.027 0.029 0.030 0.035 0.041 0.039 0.039 0.039 0.038 0.036 0.034 0.032 0.029 0.027 0.024 0.022 0.020 0.017 0.015 0.013 0.010 0.009 0.007 0.005 0.004 0.003 0.002 0.002 0.001 0.000 0.000 0.000 0.000 0.000 0.000 0.000 0.000 0.000 0.000 0.000 0.000 0.000 0.000 0.000 0.000 0.000 0.000 0.000 0.000 0.000 0.000 0.000 0.000
0.000 0.000 0.000 0.000 0.000 0.000 0.000 0.000 0.000 0.000 0.000 0.000 0.000 0.000 0.000 0.000 0.000 0.000 0.034 0.032 0.030 0.027 0.022 0.000 0.021 0.025 0.028 0.029 0.032 0.035 0.036 0.037 0.036 0.035 0.034 0.032 0.030 0.029 0.027 0.025 0.022 0.020 0.018 0.016 0.013 0.011 0.009 0.007 0.006 0.005 0.004 0.003 0.003 0.002 0.001 0.000 0.000 0.000 0.000 0.000 0.000 0.000 0.000 0.000 0.000 0.000 0.000 0.000 0.000 0.000 0.000 0.000 0.000 0.000 0.000 0.000 0.000
0.000 0.000 0.000 0.000 0.000 0.000 0.000 0.000 0.000 0.000 0.000 0.000 0.000 0.000 0.000 0.000 0.000 0.000 0.033 0.031 0.029 0.026 0.022 0.018 0.020 0.022 0.023 0.023 0.028 0.031 0.033 0.035 0.035 0.035 0.034 0.033 0.032 0.031 0.029 0.027 0.025 0.023 0.021 0.019 0.016 0.014 0.012 0.009 0.008 0.007 0.006 0.005 0.004 0.004 0.003 0.002 0.002 0.001 0.000 0.000 0.000 0.000 0.000 0.000 0.000 0.000 0.000 0.000 0.000 0.000 0.000 0.000 0.000 0.000 0.000 0.000 0.000
0.000 0.000 0.000 0.000 0.000 0.000 0.000 0.000 0.000 0.000 0.000 0.000 0.000 0.000 0.000 0.000 0.000 0.000 0.032 0.030 0.028 0.026 0.023 0.021 0.020 0.020 0.020 0.019 0.023 0.027 0.029 0.031 0.033 0.034 0.034 0.034 0.034 0.033 0.032 0.030 0.028 0.026 0.024 0.022 0.020 0.018 0.015 0.013 0.011 0.010 0.009 0.008 0.007 0.006 0.005 0.004 0.003 0.003 0.002 0.002 0.001 0.000 0.000 0.000 0.000 0.000 0.000 0.000 0.000 0.000 0.000 0.000 0.000 0.000 0.000 0.000 0.000
0.000 0.000 0.000 0.000 0.000 0.000 0.000 0.000 0.000 0.000 0.000 0.000 0.000 0.000 0.000 0.000 0.000 0.028 0.029 0.029 0.028 0.026 0.024 0.022 0.021 0.019 0.017 0.017 0.020 0.023 0.026 0.029 0.030 0.032 0.033 0.033 0.034 0.034 0.033 0.032 0.032 0.031 0.029 0.027 0.025 0.022 0.020 0.018 0.016 0.014 0.013 0.011 0.010 0.009 0.008 0.007 0.006 0.005 0.004 0.004 0.003 0.003 0.003 0.002 0.002 0.005 0.000 0.000 0.000 0.000 0.000 0.000 0.000 0.000 0.000 0.000 0.000
0.000 0.000 0.000 0.000 0.000 0.000 0.000 0.000 0.000 0.000 0.000 0.000 0.000 0.000 0.000 0.000 0.000 0.030 0.029 0.028 0.027 0.026 0.024 0.022 0.021 0.018 0.015 0.016 0.018 0.021 0.024 0.027 0.029 0.030 0.032 0.033 0.033 0.033 0.033 0.033 0.032 0.032 0.031 0.030 0.029 0.027 0.026 0.024 0.022 0.020 0.018 0.017 0.015 0.014 0.012 0.011 0.010 0.009 0.008 0.008 0.008 0.008 0.008 0.009 0.013 0.012 0.006 0.002 0.000 0.000 0.000 0.000 0.000 0.000 0.000 0.000 0.000
0.000 0.000 0.000 0.000 0.000 0.000 0.000 0.000 0.000 0.000 0.000 0.000 0.000 0.000 0.000 0.000 0.000 0.030 0.029 0.028 0.027 0.025 0.024 0.022 0.020 0.017 0.013 0.015 0.017 0.020 0.023 0.025 0.027 0.029 0.031 0.032 0.033 0.033 0.033 0.034 0.033 0.033 0.032 0.032 0.031 0.030 0.029 0.028 0.026 0.025 0.024 0.023 0.022 0.020 0.019 0.018 0.017 0.016 0.016 0.016 0.017 0.017 0.019 0.022 0.025 0.019 0.012 0.003 0.000 0.000 0.000 0.000 0.000 0.000 0.000 0.000 0.000
0.000 0.000 0.000 0.000 0.000 0.000 0.000 0.000 0.000 0.000 0.000 0.000 0.000 0.000 0.000 0.000 0.000 0.029 0.028 0.027 0.026 0.025 0.023 0.022 0.019 0.016 0.013 0.015 0.017 0.019 0.022 0.024 0.026 0.028 0.030 0.031 0.032 0.034 0.034 0.035 0.035 0.035 0.035 0.034 0.033 0.032 0.032 0.031 0.030 0.029 0.028 0.027 0.027 0.026 0.026 0.026 0.026 0.026 0.027 0.027 0.029 0.030 0.032 0.035 0.033 0.026 0.014 0.004 0.000 0.000 0.000 0.000 0.000 0.000 0.000 0.000 0.000
0.000 0.000 0.000 0.000 0.000 0.000 0.000 0.000 0.000 0.000 0.000 0.000 0.000 0.000 0.000 0.000 0.026 0.027 0.027 0.027 0.026 0.024 0.023 0.021 0.018 0.014 0.013 0.015 0.016 0.019 0.021 0.023 0.025 0.027 0.029 0.031 0.033 0.035 0.037 0.037 0.037 0.037 0.037 0.037 0.036 0.036 0.035 0.034 0.033 0.032 0.032 0.031 0.031 0.031 0.031 0.032 0.033 0.035 0.037 0.039 0.042 0.044 0.045 0.047 0.037 0.025 0.013 0.008 0.005 0.004 0.002 0.000 0.000 0.000 0.000 0.000 0.000
0.000 0.000 0.000 0.000 0.000 0.000 0.000 0.000 0.000 0.000 0.000 0.000 0.000 0.000 0.000 0.000 0.028 0.028 0.027 0.026 0.025 0.024 0.022 0.020 0.017 0.012 0.013 0.014 0.016 0.018 0.020 0.023 0.025 0.027 0.030 0.033 0.036 0.039 0.040 0.041 0.041 0.041 0.041 0.040 0.040 0.039 0.038 0.038 0.037 0.036 0.036 0.036 0.036 0.036 0.037 0.038 0.040 0.042 0.045 0.047 0.050 0.053 0.055 0.054 0.060 0.053 0.044 0.035 0.027 0.021 0.015 0.011 0.007 0.005 0.003 0.000 0.000
0.000 0.000 0.000 0.000 0.000 0.000 0.000 0.000 0.000 0.000 0.000 0.000 0.000 0.000 0.000 0.000 0.030 0.028 0.027 0.026 0.025 0.023 0.021 0.019 0.015 0.012 0.013 0.014 0.016 0.018 0.020 0.022 0.025 0.028 0.032 0.036 0.041 0.045 0.046 0.045 0.045 0.045 0.045 0.044 0.043 0.043 0.042 0.042 0.041 0.041 0.040 0.040 0.041 0.042 0.043 0.045 0.047 0.050 0.053 0.056 0.059 0.057 0.053 0.049 0.053 0.057 0.059 0.062 0.063 0.054 0.045 0.036 0.028 0.022 0.016 0.011 0.007
0.121 0.118 0.115 0.000 0.000 0.000 0.000 0.000 0.000 0.000 0.000 0.000 0.000 0.000 0.000 0.031 0.030 0.029 0.028 0.027 0.025 0.023 0.021 0.018 0.014 0.012 0.013 0.014 0.015 0.017 0.020 0.022 0.026 0.031 0.036 0.042 0.048 0.053 0.052 0.049 0.049 0.050 0.050 0.048 0.047 0.047 0.046 0.046 0.045 0.045 0.045 0.046 0.046 0.048 0.049 0.052 0.055 0.058 0.061 0.061 0.058 0.054 0.050 0.045 0.047 0.050 0.052 0.055 0.058 0.061 0.063 0.066 0.063 0.054 0.044 0.036 0.028
0.125 0.122 0.118 0.113 0.109 0.106 0.000 0.000 0.000 0.000 0.000 0.000 0.000 0.000 0.000 0.035 0.033 0.032 0.030 0.028 0.026 0.023 0.020 0.017 0.013 0.012 0.013 0.014 0.015 0.017 0.020 0.024 0.029 0.036 0.043 0.050 0.057 0.063 0.000 0.050 0.054 0.056 0.055 0.052 0.051 0.051 0.050 0.050 0.050 0.050 0.050 0.051 0.052 0.054 0.057 0.059 0.063 0.064 0.061 0.058 0.055 0.052 0.048 0.042 0.042 0.044 0.046 0.048 0.051 0.053 0.056 0.058 0.061 0.064 0.066 0.068 0.062
0.130 0.126 0.122 0.117 0.113 0.109 0.103 0.098 0.095 0.092 0.000 0.000 0.000 0.000 0.000 0.039 0.037 0.035 0.032 0.029 0.026 0.023 0.020 0.016 0.012 0.012 0.013 0.014 0.015 0.018 0.022 0.028 0.034 0.042 0.050 0.057 0.065 0.000 0.000 0.000 0.000 0.000 0.000 0.053 0.056 0.057 0.054 0.054 0.055 0.056 0.056 0.057 0.059 0.061 0.064 0.066 0.063 0.061 0.058 0.055 0.052 0.049 0.045 0.039 0.038 0.039 0.040 0.042 0.044 0.046 0.049 0.051 0.054 0.056 0.058 0.061 0.064
0.000 0.000 0.000 0.120 0.117 0.113 0.107 0.103 0.099 0.095 0.088 0.083 0.079 0.000 0.000 0.045 0.042 0.038 0.034 0.031 0.027 0.024 0.020 0.015 0.012 0.012 0.013 0.014 0.016 0.020 0.026 0.033 0.041 0.049 0.058 0.000 0.000 0.000 0.000 0.000 0.000 0.000 0.000 0.000 0.000 0.000 0.056 0.060 0.062 0.062 0.060 0.062 0.065 0.068 0.065 0.062 0.060 0.057 0.055 0.052 0.049 0.046 0.042 0.036 0.034 0.035 0.035 0.036 0.038 0.040 0.042 0.044 0.046 0.048 0.051 0.053 0.056
0.000 0.000 0.000 0.000 0.000 0.000 0.110 0.107 0.103 0.099 0.092 0.087 0.082 0.073 0.062 0.052 0.046 0.040 0.036 0.032 0.028 0.024 0.019 0.014 0.012 0.012 0.013 0.014 0.017 0.023 0.030 0.039 0.048 0.057 0.000 0.000 0.000 0.000 0.000 0.000 0.000 0.000 0.000 0.000 0.000 0.000 0.000 0.000 0.000 0.000 0.063 0.069 0.068 0.065 0.061 0.058 0.056 0.053 0.051 0.049 0.046 0.043 0.039 0.034 0.031 0.030 0.031 0.031 0.032 0.034 0.035 0.037 0.039 0.041 0.043 0.045 0.048
0.000 0.000 0.000 0.000 0.000 0.000 0.000 0.000 0.000 0.000 0.094 0.090 0.085 0.077 0.064 0.055 0.047 0.042 0.037 0.032 0.028 0.023 0.019 0.013 0.011 0.011 0.013 0.015 0.020 0.027 0.035 0.044 0.054 0.000 0.000 0.000 0.000 0.000 0.000 0.000 0.000 0.000 0.000 0.000 0.000 0.000 0.000 0.000 0.000 0.000 0.000 0.000 0.000 0.000 0.054 0.054 0.052 0.049 0.047 0.045 0.042 0.039 0.035 0.030 0.027 0.026 0.026 0.027 0.027 0.028 0.029 0.031 0.032 0.034 0.036 0.038 0.040
0.000 0.000 0.000 0.000 0.000 0.000 0.000 0.000 0.000 0.000 0.000 0.000 0.000 0.000 0.062 0.053 0.046 0.041 0.036 0.031 0.027 0.022 0.017 0.012 0.000 0.010 0.013 0.017 0.023 0.030 0.039 0.047 0.000 0.000 0.000 0.000 0.000 0.000 0.000 0.000 0.000 0.000 0.000 0.000 0.000 0.000 0.000 0.000 0.000 0.000 0.000 0.000 0.000 0.000 0.000 0.000 0.000 0.043 0.043 0.041 0.038 0.034 0.031 0.027 0.023 0.022 0.022 0.022 0.022 0.022 0.023 0.024 0.025 0.027 0.029 0.031 0.033
0.000 0.000 0.000 0.000 0.000 0.000 0.000 0.000 0.000 0.000 0.000 0.000 0.000 0.000 0.000 0.046 0.043 0.038 0.034 0.030 0.026 0.021 0.015 0.012 0.010 0.011 0.014 0.019 0.027 0.035 0.043 0.052 0.000 0.000 0.000 0.000 0.000 0.000 0.000 0.000 0.000 0.000 0.000 0.000 0.000 0.000 0.000 0.000 0.000 0.000 0.000 0.000 0.000 0.000 0.000 0.000 0.000 0.000 0.000 0.000 0.000 0.027 0.026 0.023 0.018 0.017 0.017 0.016 0.017 0.017 0.017 0.018 0.019 0.020 0.022 0.023 0.025
0.000 0.000 0.000 0.000 0.000 0.000 0.000 0.000 0.000 0.000 0.000 0.000 0.000 0.000 0.035 0.039 0.038 0.035 0.032 0.028 0.024 0.019 0.013 0.011 0.011 0.013 0.017 0.023 0.031 0.040 0.049 0.058 0.000 0.000 0.000 0.000 0.000 0.000 0.000 0.000 0.000 0.000 0.000 0.000 0.000 0.000 0.000 0.000 0.000 0.000 0.000 0.000 0.000 0.000 0.000 0.000 0.000 0.000 0.000 0.000 0.000 0.000 0.000 0.000 0.007 0.009 0.010 0.010 0.010 0.011 0.011 0.012 0.012 0.013 0.015 0.016 0.018
0.000 0.000 0.000 0.000 0.000 0.000 0.000 0.000 0.000 0.000 0.000 0.000 0.000 0.000 0.036 0.036 0.035 0.033 0.029 0.026 0.022 0.017 0.012 0.012 0.012 0.015 0.020 0.028 0.036 0.045 0.054 0.064 0.000 0.000 0.000 0.000 0.000 0.000 0.000 0.000 0.000 0.000 0.000 0.000 0.000 0.000 0.000 0.000 0.000 0.000 0.000 0.000 0.000 0.000 0.000 0.000 0.000 0.000 0.000 0.000 0.000 0.000 0.000 0.000 0.000 0.000 0.000 0.000 0.002 0.003 0.004 0.005 0.006 0.007 0.008 0.009 0.010
0.000 0.000 0.000 0.000 0.000 0.000 0.000 0.000 0.000 0.000 0.000 0.000 0.000 0.000 0.034 0.033 0.032 0.030 0.027 0.024 0.020 0.015 0.012 0.012 0.013 0.017 0.024 0.032 0.041 0.050 0.059 0.000 0.000 0.000 0.000 0.000 0.000 0.000 0.000 0.000 0.000 0.000 0.000 0.000 0.000 0.000 0.000 0.000 0.000 0.000 0.000 0.000 0.000 0.000 0.000 0.000 0.000 0.000 0.000 0.000 0.000 0.000 0.000 0.000 0.000 0.000 0.000 0.000 0.000 0.000 0.000 0.000 0.000 0.000 0.001 0.002 0.003
0.000 0.000 0.000 0.000 0.000 0.000 0.000 0.000 0.000 0.000 0.000 0.000 0.000 0.000 0.032 0.031 0.030 0.028 0.025 0.022 0.018 0.013 0.012 0.013 0.016 0.021 0.029 0.038 0.046 0.055 0.064 0.000 0.000 0.000 0.000 0.000 0.000 0.000 0.000 0.000 0.000 0.000 0.000 0.000 0.000 0.000 0.000 0.000 0.000 0.000 0.000 0.000 0.000 0.000 0.000 0.000 0.000 0.000 0.000 0.000 0.000 0.000 0.000 0.000 0.000 0.000 0.000 0.000 0.000 0.000 0.000 0.000 0.000 0.000 0.000 0.000 0.000
0.000 0.000 0.000 0.000 0.000 0.000 0.000 0.000 0.000 0.000 0.000 0.000 0.000 0.026 0.028 0.028 0.027 0.026 0.023 0.020 0.016 0.011 0.012 0.014 0.019 0.026 0.034 0.043 0.052 0.061 0.071 0.000 0.000 0.000 0.000 0.000 0.000 0.000 0.000 0.000 0.000 0.000 0.000 0.000 0.000 0.000 0.000 0.000 0.000 0.000 0.000 0.000 0.000 0.000 0.000 0.000 0.000 0.000 0.000 0.000 0.000 0.000 0.000 0.000 0.000 0.000 0.000 0.000 0.000 0.000 0.000 0.000 0.000 0.000 0.000 0.000 0.000
0.000 0.000 0.000 0.000 0.000 0.000 0.000 0.000 0.000 0.000 0.000 0.000 0.000 0.027 0.027 0.027 0.026 0.024 0.022 0.019 0.015 0.012 0.013 0.017 0.023 0.031 0.040 0.049 0.057 0.066 0.000 0.000 0.000 0.000 0.000 0.000 0.000 0.000 0.000 0.000 0.000 0.000 0.000 0.000 0.000 0.000 0.000 0.000 0.000 0.000 0.000 0.000 0.000 0.000 0.000 0.000 0.000 0.000 0.000 0.000 0.000 0.000 0.000 0.000 0.000 0.000 0.000 0.000 0.000 0.000 0.000 0.000 0.000 0.000 0.000 0.000 0.000
