数据/LID_VS_50y/LID_VS_res/LID_VS_152-0001.wd
ncols         694
nrows         824
xllcorner     581104.939801
yllcorner     3495917.092414
cellsize      2.000000
NODATA_value  -9999.000000
[rows 306 to 339 of 824, columns 462 to 538 of 694]
0.053 0.053 0.051 0.050 0.049 0.048 0.048 0.048 0.044 0.037 0.030 0.024 0.019 0.014 0.010 0.007 0.004 0.000 0.001 0.002 0.001 0.001 0.001 0.001 0.002 0.005 0.009 0.013 0.015 0.016 0.016 0.015 0.013 0.011 0.009 0.007 0.005 0.004 0.005 0.000 0.000 0.000 0.000 0.000 0.000 0.000 0.000 0.000 0.000 0.000 0.000 0.000 0.000 0.000 0.015 0.015 0.016 0.019 0.000 0.001 0.001 0.001 0.001 0.001 0.003 0.030 0.000 0.000 0.000 0.000 0.002 0.010 0.020 0.032 0.043 0.042 0.038
0.070 0.060 0.055 0.053 0.052 0.052 0.052 0.053 0.053 0.050 0.043 0.036 0.030 0.024 0.018 0.014 0.009 0.006 0.005 0.004 0.003 0.002 0.002 0.002 0.003 0.005 0.009 0.012 0.015 0.016 0.016 0.015 0.013 0.012 0.010 0.008 0.006 0.007 0.016 0.000 0.000 0.000 0.000 0.000 0.000 0.000 0.000 0.000 0.000 0.000 0.000 0.000 0.000 0.000 0.000 0.000 0.000 0.016 0.015 0.012 0.010 0.009 0.008 0.008 0.012 0.000 0.000 0.000 0.000 0.000 0.015 0.027 0.038 0.039 0.036 0.034 0.032
0.059 0.057 0.056 0.056 0.056 0.057 0.057 0.058 0.058 0.058 0.057 0.050 0.043 0.036 0.030 0.023 0.017 0.013 0.010 0.007 0.006 0.004 0.003 0.003 0.003 0.000 0.008 0.012 0.014 0.015 0.016 0.015 0.014 0.012 0.010 0.009 0.008 0.008 0.000 0.000 0.000 0.000 0.000 0.000 0.000 0.000 0.000 0.000 0.000 0.000 0.000 0.000 0.000 0.000 0.000 0.000 0.000 0.000 0.000 0.009 0.011 0.012 0.010 0.010 0.017 0.000 0.000 0.000 0.000 0.021 0.033 0.036 0.034 0.031 0.028 0.027 0.026
0.054 0.056 0.058 0.059 0.061 0.063 0.064 0.065 0.065 0.064 0.064 0.065 0.059 0.051 0.043 0.034 0.028 0.022 0.017 0.013 0.010 0.007 0.006 0.004 0.004 0.003 0.008 0.012 0.014 0.015 0.015 0.015 0.014 0.013 0.011 0.009 0.008 0.008 0.004 0.003 0.002 0.000 0.000 0.000 0.000 0.000 0.000 0.000 0.000 0.000 0.000 0.000 0.000 0.000 0.000 0.000 0.000 0.000 0.000 0.000 0.000 0.000 0.008 0.011 0.014 0.019 0.000 0.000 0.000 0.032 0.031 0.029 0.027 0.025 0.023 0.022 0.021
0.054 0.058 0.062 0.065 0.068 0.070 0.072 0.073 0.072 0.069 0.070 0.073 0.075 0.068 0.057 0.047 0.039 0.031 0.025 0.019 0.015 0.011 0.008 0.007 0.005 0.005 0.008 0.011 0.013 0.015 0.015 0.015 0.014 0.013 0.011 0.010 0.009 0.008 0.006 0.004 0.003 0.002 0.002 0.000 0.000 0.000 0.000 0.000 0.000 0.000 0.000 0.000 0.000 0.000 0.000 0.000 0.000 0.000 0.000 0.000 0.000 0.000 0.000 0.000 0.012 0.019 0.025 0.038 0.039 0.032 0.028 0.025 0.023 0.021 0.019 0.018 0.019
0.058 0.064 0.069 0.073 0.077 0.080 0.082 0.083 0.081 0.068 0.078 0.082 0.084 0.082 0.070 0.059 0.049 0.040 0.032 0.026 0.020 0.016 0.012 0.009 0.007 0.007 0.009 0.011 0.013 0.014 0.015 0.015 0.014 0.013 0.012 0.011 0.009 0.008 0.006 0.005 0.004 0.003 0.002 0.001 0.001 0.002 0.000 0.000 0.000 0.000 0.000 0.000 0.000 0.000 0.000 0.000 0.000 0.000 0.000 0.000 0.000 0.000 0.000 0.000 0.000 0.000 0.000 0.025 0.027 0.026 0.024 0.021 0.019 0.017 0.016 0.015 0.013
0.066 0.072 0.078 0.083 0.087 0.091 0.094 0.095 0.095 0.092 0.093 0.095 0.087 0.074 0.072 0.066 0.055 0.046 0.038 0.031 0.025 0.020 0.015 0.012 0.010 0.009 0.009 0.011 0.013 0.014 0.015 0.015 0.014 0.013 0.012 0.011 0.010 0.009 0.007 0.006 0.004 0.003 0.003 0.002 0.001 0.002 0.002 0.003 0.000 0.000 0.000 0.000 0.000 0.002 0.000 0.000 0.000 0.000 0.000 0.000 0.000 0.000 0.000 0.000 0.000 0.000 0.027 0.025 0.023 0.022 0.020 0.018 0.016 0.015 0.014 0.015 0.000
0.076 0.083 0.089 0.095 0.099 0.103 0.106 0.102 0.093 0.084 0.075 0.066 0.055 0.040 0.058 0.070 0.060 0.051 0.043 0.036 0.029 0.023 0.019 0.015 0.012 0.011 0.011 0.012 0.013 0.014 0.015 0.015 0.014 0.014 0.013 0.012 0.011 0.009 0.008 0.006 0.005 0.004 0.003 0.000 0.001 0.001 0.002 0.002 0.002 0.002 0.002 0.002 0.002 0.002 0.003 0.015 0.039 0.000 0.000 0.000 0.000 0.000 0.000 0.000 0.000 0.000 0.023 0.023 0.021 0.019 0.018 0.016 0.014 0.013 0.012 0.010 0.000
0.088 0.095 0.096 0.092 0.088 0.083 0.077 0.071 0.064 0.056 0.047 0.039 0.027 0.030 0.045 0.066 0.064 0.056 0.048 0.041 0.034 0.028 0.024 0.020 0.017 0.015 0.014 0.014 0.015 0.015 0.016 0.016 0.016 0.015 0.014 0.013 0.012 0.010 0.009 0.008 0.006 0.005 0.004 0.003 0.002 0.002 0.002 0.002 0.002 0.002 0.002 0.003 0.003 0.006 0.015 0.029 0.049 0.072 0.099 0.000 0.000 0.000 0.000 0.000 0.000 0.029 0.026 0.023 0.020 0.018 0.016 0.014 0.012 0.011 0.012 0.000 0.000
0.068 0.066 0.063 0.060 0.056 0.051 0.046 0.041 0.035 0.029 0.023 0.015 0.011 0.020 0.033 0.052 0.067 0.060 0.053 0.046 0.040 0.035 0.031 0.028 0.026 0.024 0.022 0.022 0.021 0.021 0.021 0.020 0.020 0.019 0.018 0.016 0.015 0.013 0.012 0.010 0.009 0.007 0.006 0.005 0.004 0.004 0.003 0.003 0.003 0.004 0.004 0.007 0.013 0.021 0.031 0.045 0.062 0.084 0.098 0.102 0.106 0.114 0.000 0.000 0.000 0.025 0.025 0.022 0.019 0.016 0.014 0.012 0.010 0.010 0.008 0.000 0.000
0.035 0.033 0.031 0.029 0.026 0.022 0.019 0.016 0.013 0.010 0.007 0.003 0.006 0.013 0.023 0.039 0.063 0.064 0.059 0.054 0.050 0.047 0.045 0.044 0.043 0.042 0.041 0.040 0.039 0.037 0.035 0.034 0.031 0.029 0.027 0.025 0.023 0.021 0.019 0.017 0.016 0.014 0.013 0.012 0.011 0.010 0.008 0.006 0.008 0.011 0.016 0.022 0.030 0.039 0.049 0.061 0.069 0.071 0.075 0.078 0.081 0.083 0.083 0.090 0.000 0.029 0.026 0.021 0.017 0.014 0.011 0.009 0.008 0.009 0.000 0.000 0.000
0.009 0.008 0.007 0.007 0.006 0.005 0.004 0.003 0.003 0.002 0.001 0.001 0.003 0.007 0.014 0.028 0.050 0.071 0.068 0.067 0.066 0.066 0.067 0.067 0.067 0.067 0.066 0.065 0.063 0.061 0.058 0.055 0.051 0.048 0.045 0.042 0.039 0.036 0.034 0.032 0.030 0.029 0.029 0.028 0.027 0.027 0.025 0.022 0.022 0.028 0.033 0.040 0.048 0.057 0.062 0.057 0.054 0.053 0.054 0.054 0.053 0.037 0.053 0.059 0.053 0.038 0.028 0.021 0.015 0.011 0.009 0.007 0.006 0.006 0.000 0.000 0.000
0.002 0.002 0.001 0.001 0.001 0.001 0.001 0.001 0.001 0.001 0.001 0.001 0.002 0.004 0.008 0.019 0.039 0.074 0.085 0.087 0.089 0.091 0.093 0.094 0.095 0.095 0.094 0.092 0.090 0.088 0.084 0.079 0.075 0.071 0.067 0.064 0.061 0.058 0.056 0.054 0.053 0.052 0.052 0.052 0.052 0.052 0.051 0.049 0.043 0.046 0.051 0.058 0.063 0.056 0.050 0.045 0.040 0.037 0.035 0.034 0.032 0.028 0.029 0.032 0.030 0.025 0.020 0.015 0.010 0.007 0.005 0.004 0.005 0.000 0.000 0.000 0.000
0.000 0.000 0.000 0.000 0.000 0.000 0.000 0.000 0.000 0.000 0.001 0.001 0.001 0.002 0.004 0.012 0.031 0.070 0.109 0.112 0.116 0.119 0.122 0.123 0.123 0.123 0.123 0.121 0.119 0.115 0.111 0.104 0.100 0.096 0.092 0.088 0.085 0.083 0.081 0.080 0.080 0.080 0.080 0.081 0.081 0.081 0.080 0.077 0.073 0.064 0.068 0.059 0.051 0.044 0.037 0.032 0.027 0.024 0.021 0.018 0.016 0.014 0.013 0.012 0.011 0.010 0.009 0.007 0.005 0.004 0.003 0.002 0.003 0.014 0.000 0.000 0.000
0.000 0.000 0.000 0.000 0.000 0.000 0.000 0.000 0.000 0.000 0.000 0.001 0.001 0.001 0.003 0.007 0.028 0.071 0.123 0.140 0.145 0.149 0.153 0.153 0.153 0.153 0.152 0.150 0.148 0.144 0.138 0.128 0.125 0.122 0.119 0.114 0.111 0.109 0.108 0.107 0.108 0.108 0.109 0.110 0.111 0.111 0.111 0.109 0.098 0.076 0.073 0.066 0.056 0.048 0.040 0.033 0.028 0.023 0.018 0.015 0.012 0.009 0.007 0.005 0.004 0.003 0.002 0.002 0.002 0.001 0.001 0.001 0.001 0.000 0.000 0.000 0.000
0.000 0.000 0.000 0.000 0.000 0.000 0.000 0.000 0.000 0.000 0.000 0.000 0.001 0.001 0.002 0.005 0.032 0.000 0.125 0.170 0.174 0.179 0.184 0.000 0.000 0.000 0.000 0.000 0.000 0.000 0.000 0.149 0.151 0.150 0.146 0.139 0.137 0.136 0.135 0.135 0.136 0.137 0.138 0.140 0.141 0.134 0.122 0.108 0.092 0.071 0.070 0.073 0.077 0.069 0.060 0.052 0.045 0.039 0.033 0.028 0.023 0.019 0.015 0.012 0.009 0.007 0.005 0.004 0.003 0.003 0.002 0.002 0.001 0.001 0.001 0.000 0.000
0.000 0.000 0.000 0.000 0.000 0.000 0.000 0.000 0.000 0.000 0.000 0.000 0.000 0.006 0.000 0.000 0.034 0.000 0.000 0.186 0.000 0.000 0.000 0.000 0.000 0.000 0.000 0.000 0.000 0.000 0.000 0.000 0.000 0.000 0.000 0.161 0.164 0.164 0.162 0.163 0.165 0.167 0.160 0.149 0.139 0.127 0.115 0.102 0.086 0.065 0.065 0.067 0.070 0.075 0.077 0.070 0.062 0.054 0.048 0.041 0.035 0.030 0.025 0.020 0.016 0.013 0.010 0.008 0.006 0.005 0.004 0.003 0.002 0.002 0.002 0.001 0.001
0.000 0.000 0.000 0.000 0.000 0.000 0.000 0.000 0.000 0.000 0.000 0.000 0.000 0.000 0.000 0.000 0.000 0.000 0.000 0.000 0.000 0.000 0.000 0.000 0.000 0.000 0.000 0.000 0.000 0.000 0.000 0.000 0.000 0.000 0.000 0.000 0.000 0.000 0.188 0.184 0.174 0.164 0.152 0.142 0.131 0.120 0.108 0.095 0.079 0.061 0.060 0.060 0.063 0.066 0.072 0.078 0.077 0.070 0.062 0.055 0.049 0.042 0.036 0.031 0.026 0.021 0.017 0.014 0.011 0.009 0.007 0.005 0.004 0.003 0.003 0.002 0.002
0.000 0.000 0.000 0.000 0.000 0.000 0.000 0.000 0.000 0.000 0.000 0.000 0.000 0.000 0.000 0.000 0.000 0.000 0.000 0.000 0.000 0.000 0.000 0.000 0.000 0.000 0.000 0.000 0.000 0.000 0.000 0.000 0.000 0.000 0.000 0.000 0.000 0.000 0.000 0.000 0.000 0.000 0.143 0.134 0.124 0.112 0.100 0.087 0.071 0.055 0.054 0.054 0.055 0.058 0.062 0.067 0.074 0.080 0.077 0.070 0.062 0.055 0.049 0.042 0.036 0.031 0.026 0.021 0.018 0.014 0.011 0.009 0.007 0.006 0.005 0.004 0.003
0.000 0.000 0.000 0.000 0.000 0.000 0.000 0.000 0.000 0.000 0.000 0.000 0.000 0.000 0.000 0.000 0.000 0.000 0.000 0.000 0.000 0.000 0.000 0.000 0.000 0.000 0.000 0.000 0.000 0.000 0.000 0.000 0.000 0.000 0.000 0.000 0.000 0.000 0.000 0.000 0.000 0.000 0.000 0.000 0.000 0.101 0.092 0.080 0.060 0.047 0.046 0.046 0.047 0.049 0.053 0.057 0.063 0.069 0.076 0.083 0.076 0.069 0.062 0.055 0.048 0.042 0.036 0.031 0.026 0.022 0.018 0.015 0.012 0.010 0.009 0.007 0.006
0.000 0.000 0.000 0.000 0.000 0.000 0.000 0.000 0.000 0.000 0.000 0.000 0.000 0.000 0.000 0.000 0.000 0.000 0.000 0.000 0.000 0.000 0.000 0.000 0.000 0.000 0.000 0.000 0.000 0.000 0.000 0.000 0.000 0.000 0.000 0.000 0.000 0.000 0.000 0.000 0.000 0.000 0.000 0.000 0.000 0.000 0.000 0.000 0.044 0.037 0.036 0.036 0.038 0.040 0.043 0.047 0.052 0.058 0.064 0.071 0.078 0.082 0.075 0.067 0.060 0.054 0.047 0.042 0.037 0.032 0.028 0.024 0.021 0.019 0.016 0.014 0.011
0.000 0.000 0.000 0.000 0.000 0.000 0.000 0.000 0.000 0.000 0.000 0.000 0.000 0.000 0.000 0.000 0.000 0.000 0.000 0.000 0.000 0.000 0.000 0.000 0.000 0.000 0.000 0.000 0.000 0.000 0.000 0.000 0.000 0.000 0.000 0.000 0.000 0.000 0.000 0.000 0.000 0.000 0.000 0.000 0.000 0.000 0.000 0.000 0.000 0.000 0.020 0.026 0.030 0.033 0.033 0.037 0.042 0.048 0.053 0.059 0.065 0.072 0.079 0.080 0.073 0.066 0.060 0.054 0.049 0.045 0.042 0.039 0.035 0.032 0.029 0.025 0.022
0.000 0.000 0.000 0.000 0.000 0.000 0.000 0.000 0.000 0.000 0.000 0.000 0.000 0.000 0.000 0.000 0.000 0.000 0.000 0.000 0.000 0.000 0.000 0.000 0.000 0.000 0.000 0.000 0.000 0.000 0.000 0.000 0.000 0.000 0.000 0.000 0.000 0.000 0.000 0.000 0.000 0.000 0.000 0.000 0.000 0.000 0.000 0.000 0.000 0.000 0.000 0.000 0.000 0.000 0.020 0.027 0.033 0.039 0.042 0.047 0.053 0.059 0.066 0.074 0.081 0.080 0.074 0.069 0.065 0.063 0.060 0.058 0.055 0.051 0.046 0.041 0.036
0.000 0.000 0.000 0.000 0.000 0.000 0.000 0.000 0.000 0.000 0.000 0.000 0.000 0.000 0.000 0.000 0.000 0.000 0.000 0.000 0.000 0.000 0.000 0.000 0.000 0.000 0.000 0.000 0.000 0.000 0.000 0.000 0.000 0.000 0.000 0.000 0.000 0.000 0.000 0.000 0.000 0.000 0.000 0.000 0.000 0.000 0.000 0.000 0.000 0.000 0.000 0.000 0.000 0.000 0.000 0.000 0.000 0.000 0.027 0.033 0.040 0.046 0.053 0.061 0.068 0.077 0.087 0.086 0.085 0.084 0.082 0.080 0.077 0.072 0.066 0.059 0.052
0.000 0.000 0.000 0.000 0.000 0.000 0.000 0.000 0.000 0.000 0.000 0.000 0.000 0.000 0.000 0.000 0.000 0.000 0.000 0.000 0.000 0.000 0.000 0.000 0.000 0.000 0.000 0.000 0.000 0.000 0.000 0.000 0.000 0.000 0.000 0.000 0.000 0.000 0.000 0.000 0.000 0.000 0.000 0.000 0.000 0.000 0.000 0.000 0.000 0.000 0.000 0.000 0.000 0.000 0.000 0.000 0.000 0.000 0.000 0.019 0.027 0.034 0.041 0.048 0.056 0.065 0.076 0.091 0.107 0.108 0.107 0.105 0.101 0.095 0.086 0.077 0.068
0.000 0.000 0.000 0.000 0.000 0.000 0.000 0.000 0.000 0.000 0.000 0.000 0.000 0.000 0.000 0.000 0.000 0.000 0.000 0.000 0.000 0.000 0.000 0.000 0.000 0.000 0.000 0.000 0.000 0.000 0.000 0.000 0.000 0.000 0.000 0.000 0.000 0.000 0.000 0.000 0.000 0.000 0.000 0.000 0.000 0.000 0.000 0.000 0.000 0.000 0.000 0.000 0.000 0.000 0.000 0.000 0.000 0.000 0.000 0.010 0.016 0.022 0.029 0.036 0.043 0.053 0.066 0.083 0.103 0.123 0.133 0.131 0.127 0.119 0.102 0.093 0.082
0.000 0.000 0.000 0.000 0.000 0.000 0.000 0.000 0.000 0.000 0.000 0.000 0.000 0.000 0.000 0.000 0.000 0.000 0.000 0.000 0.000 0.000 0.000 0.000 0.000 0.000 0.000 0.000 0.000 0.000 0.000 0.000 0.000 0.000 0.000 0.000 0.000 0.000 0.000 0.000 0.000 0.000 0.000 0.000 0.000 0.000 0.000 0.000 0.000 0.000 0.000 0.000 0.000 0.000 0.000 0.000 0.000 0.000 0.000 0.002 0.007 0.012 0.017 0.024 0.031 0.042 0.057 0.077 0.100 0.123 0.000 0.000 0.000 0.000 0.111 0.109 0.093
0.000 0.000 0.000 0.000 0.000 0.000 0.000 0.000 0.000 0.000 0.000 0.000 0.000 0.000 0.000 0.000 0.000 0.000 0.000 0.000 0.000 0.000 0.000 0.000 0.000 0.000 0.000 0.000 0.000 0.000 0.000 0.000 0.000 0.000 0.000 0.000 0.000 0.000 0.000 0.000 0.000 0.000 0.000 0.000 0.000 0.000 0.000 0.000 0.000 0.000 0.000 0.000 0.000 0.000 0.000 0.000 0.000 0.000 0.000 0.001 0.001 0.003 0.007 0.012 0.020 0.031 0.049 0.073 0.097 0.000 0.000 0.000 0.000 0.000 0.000 0.000 0.094
0.000 0.000 0.000 0.000 0.000 0.000 0.000 0.000 0.000 0.000 0.000 0.000 0.000 0.000 0.000 0.000 0.000 0.000 0.000 0.000 0.000 0.000 0.000 0.000 0.000 0.000 0.000 0.000 0.000 0.000 0.000 0.000 0.000 0.000 0.000 0.000 0.000 0.000 0.000 0.000 0.000 0.000 0.000 0.000 0.000 0.000 0.000 0.000 0.000 0.000 0.000 0.000 0.000 0.000 0.000 0.000 0.000 0.000 0.000 0.000 0.001 0.001 0.001 0.004 0.011 0.022 0.043 0.069 0.000 0.000 0.000 0.000 0.000 0.000 0.000 0.000 0.000
0.000 0.000 0.000 0.000 0.000 0.000 0.000 0.000 0.000 0.000 0.000 0.000 0.000 0.000 0.000 0.000 0.000 0.000 0.000 0.000 0.000 0.000 0.000 0.000 0.000 0.000 0.000 0.000 0.000 0.000 0.000 0.000 0.000 0.000 0.000 0.000 0.000 0.000 0.000 0.000 0.000 0.000 0.000 0.000 0.000 0.000 0.000 0.000 0.000 0.000 0.000 0.000 0.000 0.000 0.000 0.000 0.000 0.000 0.000 0.000 0.000 0.001 0.001 0.001 0.004 0.015 0.038 0.065 0.000 0.000 0.000 0.000 0.000 0.000 0.000 0.000 0.000
0.000 0.000 0.000 0.000 0.000 0.000 0.000 0.000 0.000 0.000 0.000 0.000 0.000 0.000 0.000 0.000 0.000 0.000 0.000 0.000 0.000 0.000 0.000 0.000 0.000 0.000 0.000 0.000 0.000 0.000 0.000 0.000 0.000 0.000 0.000 0.000 0.000 0.000 0.000 0.000 0.000 0.000 0.000 0.000 0.000 0.000 0.000 0.000 0.000 0.000 0.000 0.000 0.000 0.000 0.000 0.000 0.000 0.000 0.000 0.000 0.000 0.000 0.000 0.001 0.001 0.008 0.033 0.000 0.000 0.000 0.000 0.000 0.000 0.000 0.000 0.000 0.000
0.000 0.000 0.000 0.000 0.000 0.000 0.000 0.000 0.000 0.000 0.000 0.000 0.000 0.000 0.000 0.000 0.000 0.000 0.000 0.000 0.000 0.000 0.000 0.000 0.000 0.000 0.000 0.000 0.000 0.000 0.000 0.000 0.000 0.000 0.000 0.000 0.000 0.000 0.000 0.000 0.000 0.000 0.000 0.000 0.000 0.000 0.000 0.000 0.000 0.000 0.000 0.000 0.000 0.000 0.000 0.000 0.000 0.000 0.000 0.000 0.000 0.000 0.000 0.001 0.001 0.012 0.045 0.000 0.000 0.000 0.000 0.000 0.000 0.000 0.000 0.000 0.000
0.000 0.000 0.000 0.000 0.000 0.000 0.000 0.000 0.000 0.000 0.000 0.000 0.000 0.000 0.000 0.000 0.000 0.000 0.000 0.000 0.000 0.000 0.000 0.000 0.000 0.000 0.000 0.000 0.000 0.000 0.000 0.000 0.000 0.000 0.000 0.000 0.000 0.000 0.000 0.000 0.000 0.000 0.000 0.000 0.000 0.000 0.000 0.000 0.000 0.000 0.000 0.000 0.000 0.000 0.000 0.000 0.000 0.000 0.000 0.000 0.000 0.000 0.000 0.001 0.001 0.012 0.000 0.000 0.000 0.000 0.000 0.000 0.000 0.000 0.000 0.000 0.000
0.000 0.000 0.000 0.000 0.000 0.000 0.000 0.000 0.000 0.000 0.000 0.000 0.000 0.000 0.000 0.000 0.000 0.000 0.000 0.000 0.000 0.000 0.000 0.000 0.000 0.000 0.000 0.000 0.000 0.000 0.000 0.000 0.000 0.000 0.000 0.000 0.000 0.000 0.000 0.000 0.000 0.000 0.000 0.000 0.000 0.000 0.000 0.000 0.000 0.000 0.000 0.000 0.000 0.000 0.000 0.000 0.000 0.000 0.000 0.000 0.000 0.000 0.000 0.001 0.001 0.013 0.000 0.000 0.000 0.000 0.000 0.000 0.000 0.000 0.000 0.000 0.000
