数据/LID_VS_50y/LID_VS_res/LID_VS_140-0001.wd
ncols         694
nrows         824
xllcorner     581104.939801
yllcorner     3495917.092414
cellsize      2.000000
NODATA_value  -9999.000000
[rows 306 to 339 of 824, columns 462 to 538 of 694]
0.082 0.080 0.077 0.076 0.075 0.074 0.075 0.075 0.071 0.063 0.056 0.049 0.042 0.035 0.028 0.022 0.015 0.000 0.005 0.005 0.004 0.004 0.004 0.005 0.007 0.012 0.016 0.020 0.022 0.023 0.022 0.021 0.018 0.016 0.013 0.010 0.008 0.006 0.007 0.000 0.000 0.000 0.000 0.000 0.000 0.000 0.000 0.000 0.000 0.000 0.000 0.000 0.000 0.000 0.024 0.024 0.025 0.030 0.000 0.002 0.002 0.002 0.002 0.002 0.004 0.019 0.000 0.000 0.000 0.000 0.008 0.019 0.031 0.043 0.055 0.055 0.051
0.108 0.091 0.084 0.081 0.080 0.080 0.081 0.082 0.082 0.079 0.072 0.064 0.057 0.049 0.042 0.034 0.025 0.019 0.014 0.011 0.009 0.007 0.006 0.006 0.008 0.011 0.016 0.019 0.021 0.022 0.022 0.021 0.019 0.016 0.014 0.011 0.010 0.011 0.020 0.000 0.000 0.000 0.000 0.000 0.000 0.000 0.000 0.000 0.000 0.000 0.000 0.000 0.000 0.000 0.000 0.000 0.000 0.024 0.023 0.019 0.016 0.014 0.013 0.012 0.018 0.000 0.000 0.000 0.000 0.000 0.024 0.037 0.049 0.051 0.048 0.046 0.044
0.091 0.088 0.086 0.086 0.086 0.087 0.088 0.089 0.089 0.090 0.088 0.081 0.073 0.065 0.056 0.046 0.037 0.030 0.024 0.019 0.015 0.011 0.009 0.008 0.008 0.000 0.015 0.019 0.021 0.022 0.022 0.021 0.019 0.017 0.015 0.013 0.011 0.012 0.000 0.000 0.000 0.000 0.000 0.000 0.000 0.000 0.000 0.000 0.000 0.000 0.000 0.000 0.000 0.000 0.000 0.000 0.000 0.000 0.000 0.014 0.017 0.018 0.015 0.015 0.024 0.000 0.000 0.000 0.000 0.031 0.044 0.048 0.045 0.042 0.040 0.038 0.037
0.085 0.088 0.089 0.091 0.093 0.094 0.096 0.097 0.097 0.097 0.097 0.098 0.090 0.081 0.071 0.059 0.050 0.042 0.034 0.028 0.022 0.017 0.014 0.011 0.009 0.007 0.014 0.018 0.020 0.021 0.021 0.021 0.019 0.017 0.016 0.014 0.012 0.011 0.007 0.004 0.003 0.000 0.000 0.000 0.000 0.000 0.000 0.000 0.000 0.000 0.000 0.000 0.000 0.000 0.000 0.000 0.000 0.000 0.000 0.000 0.000 0.000 0.012 0.017 0.021 0.028 0.000 0.000 0.000 0.043 0.042 0.040 0.038 0.035 0.033 0.032 0.031
0.086 0.091 0.095 0.098 0.101 0.103 0.105 0.106 0.106 0.103 0.105 0.106 0.107 0.098 0.085 0.072 0.062 0.052 0.044 0.036 0.029 0.024 0.019 0.015 0.013 0.012 0.015 0.018 0.020 0.021 0.021 0.020 0.019 0.018 0.016 0.015 0.013 0.012 0.008 0.006 0.004 0.003 0.002 0.000 0.000 0.000 0.000 0.000 0.000 0.000 0.000 0.000 0.000 0.000 0.000 0.000 0.000 0.000 0.000 0.000 0.000 0.000 0.000 0.000 0.019 0.029 0.036 0.051 0.052 0.044 0.039 0.035 0.032 0.030 0.028 0.027 0.029
0.092 0.098 0.103 0.107 0.110 0.113 0.115 0.117 0.115 0.106 0.114 0.116 0.116 0.112 0.098 0.084 0.072 0.061 0.052 0.043 0.036 0.030 0.025 0.020 0.017 0.015 0.016 0.018 0.020 0.021 0.021 0.021 0.020 0.019 0.017 0.015 0.014 0.012 0.010 0.007 0.006 0.004 0.003 0.002 0.002 0.003 0.000 0.000 0.000 0.000 0.000 0.000 0.000 0.000 0.000 0.000 0.000 0.000 0.000 0.000 0.000 0.000 0.000 0.000 0.000 0.000 0.000 0.036 0.038 0.037 0.034 0.031 0.028 0.026 0.025 0.024 0.021
0.101 0.107 0.112 0.117 0.121 0.124 0.127 0.129 0.128 0.126 0.127 0.128 0.118 0.103 0.098 0.090 0.077 0.066 0.057 0.049 0.042 0.036 0.030 0.026 0.022 0.020 0.020 0.020 0.021 0.022 0.022 0.021 0.021 0.020 0.018 0.017 0.015 0.013 0.011 0.009 0.007 0.005 0.004 0.003 0.002 0.002 0.002 0.003 0.000 0.000 0.000 0.000 0.000 0.004 0.000 0.000 0.000 0.000 0.000 0.000 0.000 0.000 0.000 0.000 0.000 0.000 0.038 0.036 0.034 0.032 0.029 0.027 0.025 0.023 0.022 0.023 0.000
0.111 0.117 0.123 0.129 0.133 0.137 0.140 0.135 0.126 0.117 0.107 0.097 0.084 0.065 0.078 0.090 0.080 0.071 0.062 0.055 0.048 0.042 0.037 0.033 0.030 0.027 0.026 0.026 0.025 0.025 0.025 0.025 0.024 0.023 0.021 0.020 0.018 0.016 0.014 0.012 0.010 0.008 0.006 0.000 0.002 0.002 0.002 0.003 0.003 0.003 0.004 0.004 0.005 0.011 0.024 0.044 0.070 0.000 0.000 0.000 0.000 0.000 0.000 0.000 0.000 0.000 0.034 0.033 0.031 0.029 0.026 0.024 0.022 0.020 0.019 0.017 0.000
0.122 0.129 0.130 0.126 0.121 0.116 0.110 0.103 0.095 0.087 0.077 0.066 0.050 0.050 0.042 0.080 0.082 0.075 0.068 0.062 0.056 0.051 0.047 0.044 0.042 0.040 0.038 0.037 0.037 0.036 0.035 0.033 0.032 0.030 0.028 0.027 0.024 0.022 0.020 0.017 0.015 0.013 0.011 0.008 0.007 0.005 0.004 0.005 0.005 0.006 0.008 0.011 0.018 0.026 0.039 0.057 0.079 0.102 0.129 0.000 0.000 0.000 0.000 0.000 0.000 0.043 0.039 0.034 0.031 0.027 0.024 0.021 0.019 0.018 0.019 0.000 0.000
0.102 0.100 0.096 0.093 0.089 0.084 0.078 0.072 0.065 0.057 0.048 0.037 0.028 0.035 0.040 0.066 0.087 0.082 0.076 0.072 0.068 0.065 0.064 0.062 0.061 0.060 0.059 0.057 0.056 0.054 0.051 0.049 0.047 0.044 0.042 0.039 0.036 0.034 0.031 0.029 0.026 0.024 0.021 0.019 0.017 0.014 0.011 0.011 0.013 0.017 0.021 0.027 0.034 0.043 0.055 0.071 0.091 0.114 0.128 0.130 0.135 0.141 0.000 0.000 0.000 0.039 0.038 0.034 0.030 0.025 0.021 0.018 0.016 0.015 0.013 0.000 0.000
0.069 0.066 0.064 0.060 0.056 0.052 0.047 0.042 0.036 0.030 0.023 0.013 0.018 0.024 0.032 0.054 0.085 0.091 0.088 0.086 0.085 0.085 0.085 0.086 0.085 0.085 0.084 0.082 0.080 0.078 0.075 0.071 0.067 0.064 0.060 0.057 0.054 0.051 0.048 0.046 0.043 0.041 0.039 0.037 0.035 0.033 0.029 0.024 0.028 0.033 0.038 0.044 0.052 0.061 0.072 0.087 0.097 0.100 0.104 0.106 0.109 0.111 0.111 0.117 0.000 0.044 0.040 0.034 0.028 0.023 0.018 0.015 0.013 0.014 0.000 0.000 0.000
0.036 0.034 0.032 0.029 0.026 0.022 0.019 0.016 0.012 0.009 0.005 0.006 0.010 0.016 0.024 0.043 0.075 0.106 0.106 0.107 0.108 0.110 0.111 0.112 0.112 0.112 0.111 0.109 0.107 0.104 0.101 0.096 0.092 0.087 0.083 0.079 0.075 0.072 0.069 0.066 0.065 0.063 0.062 0.061 0.059 0.057 0.054 0.048 0.046 0.051 0.056 0.062 0.070 0.079 0.084 0.080 0.079 0.079 0.081 0.082 0.082 0.072 0.082 0.086 0.076 0.056 0.043 0.034 0.026 0.020 0.015 0.012 0.010 0.009 0.000 0.000 0.000
0.008 0.008 0.007 0.006 0.005 0.004 0.004 0.003 0.003 0.002 0.001 0.003 0.006 0.009 0.017 0.033 0.067 0.115 0.128 0.131 0.134 0.137 0.139 0.140 0.140 0.140 0.139 0.137 0.135 0.132 0.127 0.122 0.117 0.113 0.108 0.104 0.100 0.097 0.094 0.092 0.090 0.088 0.087 0.086 0.085 0.083 0.080 0.076 0.067 0.069 0.074 0.080 0.084 0.077 0.070 0.065 0.061 0.059 0.059 0.058 0.057 0.054 0.057 0.057 0.053 0.044 0.036 0.028 0.021 0.015 0.011 0.008 0.008 0.000 0.000 0.000 0.000
0.000 0.000 0.000 0.000 0.000 0.000 0.000 0.000 0.000 0.000 0.001 0.002 0.003 0.006 0.011 0.026 0.063 0.114 0.154 0.158 0.162 0.165 0.168 0.169 0.169 0.169 0.168 0.166 0.163 0.160 0.155 0.148 0.143 0.139 0.134 0.130 0.126 0.123 0.120 0.118 0.117 0.116 0.115 0.114 0.113 0.111 0.109 0.104 0.097 0.087 0.091 0.080 0.070 0.062 0.055 0.049 0.044 0.040 0.037 0.035 0.033 0.031 0.030 0.030 0.027 0.024 0.020 0.016 0.012 0.008 0.006 0.004 0.004 0.015 0.000 0.000 0.000
0.000 0.000 0.000 0.000 0.000 0.000 0.000 0.000 0.000 0.000 0.000 0.001 0.002 0.003 0.007 0.021 0.064 0.115 0.170 0.187 0.191 0.195 0.199 0.199 0.199 0.198 0.197 0.195 0.193 0.189 0.182 0.172 0.168 0.165 0.161 0.156 0.152 0.149 0.147 0.145 0.145 0.144 0.144 0.143 0.142 0.141 0.139 0.135 0.123 0.099 0.096 0.087 0.076 0.066 0.057 0.050 0.043 0.037 0.032 0.028 0.024 0.021 0.018 0.015 0.012 0.009 0.007 0.005 0.003 0.003 0.002 0.001 0.001 0.000 0.000 0.000 0.000
0.000 0.000 0.000 0.000 0.000 0.000 0.000 0.000 0.000 0.000 0.000 0.000 0.001 0.002 0.005 0.021 0.068 0.000 0.172 0.216 0.221 0.225 0.230 0.000 0.000 0.000 0.000 0.000 0.000 0.000 0.000 0.194 0.195 0.193 0.189 0.180 0.178 0.176 0.174 0.173 0.173 0.173 0.173 0.172 0.172 0.164 0.150 0.135 0.117 0.094 0.092 0.095 0.099 0.089 0.079 0.070 0.062 0.055 0.049 0.043 0.037 0.032 0.028 0.023 0.019 0.016 0.012 0.010 0.007 0.006 0.004 0.003 0.002 0.002 0.001 0.000 0.000
0.000 0.000 0.000 0.000 0.000 0.000 0.000 0.000 0.000 0.000 0.000 0.000 0.000 0.006 0.000 0.000 0.071 0.000 0.000 0.233 0.000 0.000 0.000 0.000 0.000 0.000 0.000 0.000 0.000 0.000 0.000 0.000 0.000 0.000 0.000 0.203 0.205 0.204 0.200 0.201 0.202 0.202 0.194 0.182 0.170 0.157 0.143 0.128 0.110 0.087 0.087 0.088 0.091 0.096 0.098 0.089 0.080 0.073 0.065 0.058 0.052 0.046 0.040 0.034 0.029 0.024 0.020 0.016 0.013 0.010 0.008 0.006 0.005 0.004 0.003 0.002 0.001
0.000 0.000 0.000 0.000 0.000 0.000 0.000 0.000 0.000 0.000 0.000 0.000 0.000 0.000 0.000 0.000 0.000 0.000 0.000 0.000 0.000 0.000 0.000 0.000 0.000 0.000 0.000 0.000 0.000 0.000 0.000 0.000 0.000 0.000 0.000 0.000 0.000 0.000 0.226 0.221 0.211 0.199 0.185 0.174 0.162 0.149 0.136 0.121 0.103 0.082 0.081 0.082 0.083 0.087 0.092 0.098 0.097 0.089 0.081 0.074 0.066 0.060 0.053 0.046 0.040 0.035 0.029 0.024 0.020 0.016 0.013 0.010 0.008 0.007 0.005 0.004 0.003
0.000 0.000 0.000 0.000 0.000 0.000 0.000 0.000 0.000 0.000 0.000 0.000 0.000 0.000 0.000 0.000 0.000 0.000 0.000 0.000 0.000 0.000 0.000 0.000 0.000 0.000 0.000 0.000 0.000 0.000 0.000 0.000 0.000 0.000 0.000 0.000 0.000 0.000 0.000 0.000 0.000 0.000 0.175 0.166 0.155 0.140 0.127 0.113 0.094 0.076 0.074 0.074 0.075 0.078 0.082 0.087 0.094 0.101 0.097 0.089 0.081 0.074 0.066 0.059 0.053 0.046 0.040 0.034 0.029 0.025 0.020 0.017 0.014 0.011 0.009 0.007 0.006
0.000 0.000 0.000 0.000 0.000 0.000 0.000 0.000 0.000 0.000 0.000 0.000 0.000 0.000 0.000 0.000 0.000 0.000 0.000 0.000 0.000 0.000 0.000 0.000 0.000 0.000 0.000 0.000 0.000 0.000 0.000 0.000 0.000 0.000 0.000 0.000 0.000 0.000 0.000 0.000 0.000 0.000 0.000 0.000 0.000 0.129 0.119 0.105 0.082 0.067 0.066 0.065 0.066 0.069 0.072 0.077 0.083 0.089 0.096 0.103 0.096 0.088 0.080 0.073 0.066 0.059 0.052 0.046 0.040 0.035 0.031 0.026 0.023 0.020 0.017 0.014 0.012
0.000 0.000 0.000 0.000 0.000 0.000 0.000 0.000 0.000 0.000 0.000 0.000 0.000 0.000 0.000 0.000 0.000 0.000 0.000 0.000 0.000 0.000 0.000 0.000 0.000 0.000 0.000 0.000 0.000 0.000 0.000 0.000 0.000 0.000 0.000 0.000 0.000 0.000 0.000 0.000 0.000 0.000 0.000 0.000 0.000 0.000 0.000 0.000 0.064 0.057 0.054 0.055 0.057 0.060 0.062 0.066 0.072 0.078 0.084 0.091 0.098 0.102 0.094 0.086 0.079 0.072 0.065 0.059 0.053 0.048 0.044 0.040 0.036 0.033 0.029 0.025 0.022
0.000 0.000 0.000 0.000 0.000 0.000 0.000 0.000 0.000 0.000 0.000 0.000 0.000 0.000 0.000 0.000 0.000 0.000 0.000 0.000 0.000 0.000 0.000 0.000 0.000 0.000 0.000 0.000 0.000 0.000 0.000 0.000 0.000 0.000 0.000 0.000 0.000 0.000 0.000 0.000 0.000 0.000 0.000 0.000 0.000 0.000 0.000 0.000 0.000 0.000 0.036 0.044 0.048 0.051 0.051 0.056 0.062 0.068 0.073 0.078 0.085 0.092 0.099 0.100 0.093 0.086 0.079 0.074 0.069 0.065 0.061 0.058 0.054 0.050 0.046 0.041 0.036
0.000 0.000 0.000 0.000 0.000 0.000 0.000 0.000 0.000 0.000 0.000 0.000 0.000 0.000 0.000 0.000 0.000 0.000 0.000 0.000 0.000 0.000 0.000 0.000 0.000 0.000 0.000 0.000 0.000 0.000 0.000 0.000 0.000 0.000 0.000 0.000 0.000 0.000 0.000 0.000 0.000 0.000 0.000 0.000 0.000 0.000 0.000 0.000 0.000 0.000 0.000 0.000 0.000 0.000 0.036 0.046 0.053 0.059 0.061 0.065 0.071 0.078 0.085 0.093 0.101 0.100 0.095 0.090 0.087 0.085 0.082 0.079 0.075 0.071 0.065 0.059 0.053
0.000 0.000 0.000 0.000 0.000 0.000 0.000 0.000 0.000 0.000 0.000 0.000 0.000 0.000 0.000 0.000 0.000 0.000 0.000 0.000 0.000 0.000 0.000 0.000 0.000 0.000 0.000 0.000 0.000 0.000 0.000 0.000 0.000 0.000 0.000 0.000 0.000 0.000 0.000 0.000 0.000 0.000 0.000 0.000 0.000 0.000 0.000 0.000 0.000 0.000 0.000 0.000 0.000 0.000 0.000 0.000 0.000 0.000 0.044 0.050 0.057 0.064 0.072 0.079 0.088 0.098 0.109 0.109 0.108 0.107 0.105 0.103 0.099 0.093 0.086 0.078 0.070
0.000 0.000 0.000 0.000 0.000 0.000 0.000 0.000 0.000 0.000 0.000 0.000 0.000 0.000 0.000 0.000 0.000 0.000 0.000 0.000 0.000 0.000 0.000 0.000 0.000 0.000 0.000 0.000 0.000 0.000 0.000 0.000 0.000 0.000 0.000 0.000 0.000 0.000 0.000 0.000 0.000 0.000 0.000 0.000 0.000 0.000 0.000 0.000 0.000 0.000 0.000 0.000 0.000 0.000 0.000 0.000 0.000 0.000 0.000 0.033 0.042 0.050 0.058 0.066 0.075 0.085 0.098 0.115 0.132 0.133 0.131 0.128 0.123 0.116 0.106 0.096 0.086
0.000 0.000 0.000 0.000 0.000 0.000 0.000 0.000 0.000 0.000 0.000 0.000 0.000 0.000 0.000 0.000 0.000 0.000 0.000 0.000 0.000 0.000 0.000 0.000 0.000 0.000 0.000 0.000 0.000 0.000 0.000 0.000 0.000 0.000 0.000 0.000 0.000 0.000 0.000 0.000 0.000 0.000 0.000 0.000 0.000 0.000 0.000 0.000 0.000 0.000 0.000 0.000 0.000 0.000 0.000 0.000 0.000 0.000 0.000 0.020 0.029 0.037 0.045 0.053 0.062 0.074 0.089 0.107 0.128 0.148 0.157 0.154 0.149 0.140 0.122 0.112 0.100
0.000 0.000 0.000 0.000 0.000 0.000 0.000 0.000 0.000 0.000 0.000 0.000 0.000 0.000 0.000 0.000 0.000 0.000 0.000 0.000 0.000 0.000 0.000 0.000 0.000 0.000 0.000 0.000 0.000 0.000 0.000 0.000 0.000 0.000 0.000 0.000 0.000 0.000 0.000 0.000 0.000 0.000 0.000 0.000 0.000 0.000 0.000 0.000 0.000 0.000 0.000 0.000 0.000 0.000 0.000 0.000 0.000 0.000 0.000 0.010 0.018 0.025 0.032 0.040 0.050 0.063 0.080 0.102 0.125 0.147 0.000 0.000 0.000 0.000 0.130 0.128 0.110
0.000 0.000 0.000 0.000 0.000 0.000 0.000 0.000 0.000 0.000 0.000 0.000 0.000 0.000 0.000 0.000 0.000 0.000 0.000 0.000 0.000 0.000 0.000 0.000 0.000 0.000 0.000 0.000 0.000 0.000 0.000 0.000 0.000 0.000 0.000 0.000 0.000 0.000 0.000 0.000 0.000 0.000 0.000 0.000 0.000 0.000 0.000 0.000 0.000 0.000 0.000 0.000 0.000 0.000 0.000 0.000 0.000 0.000 0.000 0.003 0.008 0.014 0.020 0.028 0.038 0.053 0.073 0.097 0.122 0.000 0.000 0.000 0.000 0.000 0.000 0.000 0.111
0.000 0.000 0.000 0.000 0.000 0.000 0.000 0.000 0.000 0.000 0.000 0.000 0.000 0.000 0.000 0.000 0.000 0.000 0.000 0.000 0.000 0.000 0.000 0.000 0.000 0.000 0.000 0.000 0.000 0.000 0.000 0.000 0.000 0.000 0.000 0.000 0.000 0.000 0.000 0.000 0.000 0.000 0.000 0.000 0.000 0.000 0.000 0.000 0.000 0.000 0.000 0.000 0.000 0.000 0.000 0.000 0.000 0.000 0.000 0.000 0.001 0.004 0.009 0.017 0.027 0.044 0.067 0.093 0.000 0.000 0.000 0.000 0.000 0.000 0.000 0.000 0.000
0.000 0.000 0.000 0.000 0.000 0.000 0.000 0.000 0.000 0.000 0.000 0.000 0.000 0.000 0.000 0.000 0.000 0.000 0.000 0.000 0.000 0.000 0.000 0.000 0.000 0.000 0.000 0.000 0.000 0.000 0.000 0.000 0.000 0.000 0.000 0.000 0.000 0.000 0.000 0.000 0.000 0.000 0.000 0.000 0.000 0.000 0.000 0.000 0.000 0.000 0.000 0.000 0.000 0.000 0.000 0.000 0.000 0.000 0.000 0.000 0.000 0.001 0.002 0.007 0.017 0.035 0.061 0.089 0.000 0.000 0.000 0.000 0.000 0.000 0.000 0.000 0.000
0.000 0.000 0.000 0.000 0.000 0.000 0.000 0.000 0.000 0.000 0.000 0.000 0.000 0.000 0.000 0.000 0.000 0.000 0.000 0.000 0.000 0.000 0.000 0.000 0.000 0.000 0.000 0.000 0.000 0.000 0.000 0.000 0.000 0.000 0.000 0.000 0.000 0.000 0.000 0.000 0.000 0.000 0.000 0.000 0.000 0.000 0.000 0.000 0.000 0.000 0.000 0.000 0.000 0.000 0.000 0.000 0.000 0.000 0.000 0.000 0.000 0.000 0.000 0.001 0.008 0.025 0.054 0.000 0.000 0.000 0.000 0.000 0.000 0.000 0.000 0.000 0.000
0.000 0.000 0.000 0.000 0.000 0.000 0.000 0.000 0.000 0.000 0.000 0.000 0.000 0.000 0.000 0.000 0.000 0.000 0.000 0.000 0.000 0.000 0.000 0.000 0.000 0.000 0.000 0.000 0.000 0.000 0.000 0.000 0.000 0.000 0.000 0.000 0.000 0.000 0.000 0.000 0.000 0.000 0.000 0.000 0.000 0.000 0.000 0.000 0.000 0.000 0.000 0.000 0.000 0.000 0.000 0.000 0.000 0.000 0.000 0.000 0.000 0.000 0.000 0.001 0.005 0.027 0.064 0.000 0.000 0.000 0.000 0.000 0.000 0.000 0.000 0.000 0.000
0.000 0.000 0.000 0.000 0.000 0.000 0.000 0.000 0.000 0.000 0.000 0.000 0.000 0.000 0.000 0.000 0.000 0.000 0.000 0.000 0.000 0.000 0.000 0.000 0.000 0.000 0.000 0.000 0.000 0.000 0.000 0.000 0.000 0.000 0.000 0.000 0.000 0.000 0.000 0.000 0.000 0.000 0.000 0.000 0.000 0.000 0.000 0.000 0.000 0.000 0.000 0.000 0.000 0.000 0.000 0.000 0.000 0.000 0.000 0.000 0.000 0.000 0.000 0.001 0.006 0.028 0.000 0.000 0.000 0.000 0.000 0.000 0.000 0.000 0.000 0.000 0.000
0.000 0.000 0.000 0.000 0.000 0.000 0.000 0.000 0.000 0.000 0.000 0.000 0.000 0.000 0.000 0.000 0.000 0.000 0.000 0.000 0.000 0.000 0.000 0.000 0.000 0.000 0.000 0.000 0.000 0.000 0.000 0.000 0.000 0.000 0.000 0.000 0.000 0.000 0.000 0.000 0.000 0.000 0.000 0.000 0.000 0.000 0.000 0.000 0.000 0.000 0.000 0.000 0.000 0.000 0.000 0.000 0.000 0.000 0.000 0.000 0.000 0.000 0.000 0.001 0.006 0.028 0.000 0.000 0.000 0.000 0.000 0.000 0.000 0.000 0.000 0.000 0.000
