数据/LID_VS_50y/LID_VS_res/LID_VS_130-0001.wd
ncols         694
nrows         824
xllcorner     581104.939801
yllcorner     3495917.092414
cellsize      2.000000
NODATA_value  -9999.000000
[rows 442 to 475 of 824, columns 385 to 461 of 694]
0.000 0.000 0.000 0.028 0.024 0.021 0.018 0.014 0.010 0.006 0.003 0.003 0.003 0.003 0.003 0.004 0.004 0.005 0.006 0.007 0.010 0.022 0.031 0.040 0.050 0.059 0.069 0.078 0.087 0.097 0.100 0.101 0.101 0.102 0.000 0.000 0.000 0.000 0.000 0.000 0.000 0.000 0.000 0.000 0.000 0.000 0.000 0.000 0.000 0.000 0.000 0.000 0.000 0.000 0.000 0.003 0.011 0.014 0.016 0.018 0.020 0.020 0.021 0.021 0.021 0.022 0.022 0.023 0.026 0.031 0.000 0.000 0.000 0.000 0.000 0.000 0.000
0.000 0.000 0.000 0.000 0.000 0.034 0.030 0.026 0.022 0.018 0.014 0.010 0.007 0.006 0.005 0.006 0.006 0.007 0.009 0.010 0.013 0.018 0.030 0.040 0.049 0.059 0.069 0.078 0.088 0.096 0.098 0.099 0.099 0.101 0.000 0.000 0.000 0.000 0.000 0.000 0.000 0.000 0.000 0.000 0.000 0.000 0.000 0.000 0.000 0.000 0.000 0.000 0.000 0.000 0.000 0.003 0.011 0.016 0.019 0.022 0.023 0.023 0.024 0.025 0.025 0.026 0.027 0.029 0.032 0.035 0.037 0.038 0.000 0.000 0.000 0.000 0.000
0.000 0.000 0.000 0.000 0.000 0.000 0.000 0.039 0.034 0.030 0.026 0.021 0.017 0.013 0.010 0.009 0.009 0.010 0.011 0.013 0.015 0.018 0.027 0.038 0.048 0.058 0.068 0.079 0.089 0.096 0.095 0.095 0.095 0.000 0.000 0.000 0.000 0.000 0.000 0.000 0.000 0.000 0.000 0.000 0.000 0.000 0.000 0.000 0.000 0.000 0.000 0.000 0.000 0.000 0.003 0.011 0.018 0.024 0.028 0.030 0.029 0.030 0.031 0.032 0.032 0.033 0.035 0.037 0.040 0.044 0.049 0.044 0.037 0.030 0.024 0.000 0.000
0.000 0.000 0.000 0.000 0.000 0.000 0.000 0.000 0.043 0.041 0.037 0.033 0.028 0.024 0.020 0.017 0.014 0.014 0.014 0.016 0.018 0.020 0.023 0.035 0.045 0.056 0.066 0.078 0.091 0.093 0.091 0.090 0.089 0.000 0.000 0.000 0.000 0.000 0.000 0.000 0.000 0.000 0.000 0.000 0.000 0.000 0.000 0.000 0.000 0.000 0.000 0.000 0.000 0.000 0.000 0.000 0.000 0.037 0.000 0.000 0.035 0.039 0.042 0.042 0.040 0.042 0.045 0.048 0.051 0.056 0.056 0.050 0.044 0.037 0.030 0.021 0.012
0.000 0.000 0.000 0.000 0.000 0.000 0.000 0.000 0.000 0.000 0.044 0.042 0.040 0.036 0.031 0.027 0.023 0.020 0.019 0.019 0.021 0.023 0.025 0.029 0.041 0.052 0.062 0.072 0.082 0.086 0.084 0.083 0.082 0.000 0.000 0.000 0.000 0.000 0.000 0.000 0.000 0.000 0.000 0.000 0.000 0.000 0.000 0.000 0.000 0.000 0.000 0.000 0.000 0.000 0.000 0.000 0.000 0.000 0.000 0.000 0.000 0.000 0.000 0.000 0.048 0.053 0.056 0.060 0.062 0.068 0.063 0.057 0.050 0.044 0.036 0.028 0.019
0.000 0.000 0.000 0.000 0.000 0.000 0.000 0.000 0.000 0.000 0.000 0.047 0.045 0.043 0.042 0.038 0.034 0.029 0.026 0.024 0.024 0.025 0.027 0.029 0.035 0.047 0.056 0.065 0.073 0.076 0.075 0.073 0.069 0.056 0.048 0.044 0.000 0.000 0.000 0.000 0.000 0.000 0.000 0.000 0.000 0.000 0.000 0.000 0.000 0.000 0.000 0.000 0.000 0.000 0.000 0.000 0.000 0.000 0.000 0.000 0.000 0.000 0.000 0.000 0.000 0.000 0.000 0.000 0.074 0.076 0.070 0.063 0.057 0.050 0.043 0.034 0.025
0.000 0.000 0.000 0.000 0.000 0.000 0.000 0.000 0.000 0.000 0.000 0.000 0.000 0.048 0.046 0.044 0.042 0.040 0.035 0.032 0.029 0.028 0.029 0.030 0.031 0.039 0.049 0.055 0.058 0.064 0.065 0.063 0.059 0.051 0.043 0.036 0.029 0.023 0.019 0.019 0.000 0.000 0.000 0.000 0.000 0.000 0.000 0.000 0.000 0.000 0.000 0.000 0.000 0.000 0.000 0.000 0.000 0.000 0.000 0.000 0.000 0.000 0.000 0.000 0.000 0.000 0.000 0.000 0.000 0.000 0.000 0.069 0.064 0.057 0.050 0.039 0.031
0.000 0.000 0.000 0.000 0.000 0.000 0.000 0.000 0.000 0.000 0.000 0.000 0.000 0.000 0.000 0.048 0.046 0.044 0.041 0.039 0.036 0.033 0.032 0.031 0.031 0.031 0.039 0.040 0.000 0.047 0.053 0.053 0.049 0.042 0.040 0.037 0.032 0.028 0.024 0.021 0.016 0.013 0.013 0.000 0.000 0.000 0.000 0.000 0.000 0.000 0.000 0.000 0.000 0.000 0.000 0.000 0.000 0.000 0.000 0.000 0.000 0.000 0.000 0.000 0.000 0.000 0.000 0.000 0.000 0.000 0.000 0.000 0.000 0.000 0.000 0.043 0.036
0.000 0.000 0.000 0.000 0.000 0.000 0.000 0.000 0.000 0.000 0.000 0.000 0.000 0.000 0.000 0.000 0.050 0.047 0.043 0.040 0.038 0.037 0.037 0.034 0.033 0.031 0.030 0.032 0.031 0.038 0.042 0.042 0.042 0.041 0.039 0.037 0.034 0.030 0.027 0.024 0.020 0.017 0.015 0.011 0.009 0.007 0.007 0.000 0.000 0.000 0.000 0.000 0.000 0.000 0.000 0.000 0.000 0.000 0.000 0.000 0.000 0.000 0.000 0.000 0.000 0.000 0.000 0.000 0.000 0.000 0.000 0.000 0.000 0.000 0.000 0.000 0.000
0.000 0.000 0.000 0.000 0.000 0.000 0.000 0.000 0.000 0.000 0.000 0.000 0.000 0.000 0.000 0.000 0.000 0.000 0.042 0.040 0.038 0.037 0.036 0.035 0.035 0.033 0.028 0.027 0.029 0.031 0.035 0.039 0.040 0.040 0.039 0.037 0.035 0.032 0.029 0.026 0.023 0.020 0.018 0.015 0.012 0.010 0.009 0.006 0.005 0.004 0.003 0.002 0.001 0.000 0.000 0.000 0.000 0.000 0.000 0.000 0.000 0.000 0.000 0.000 0.000 0.000 0.000 0.000 0.000 0.000 0.000 0.000 0.000 0.000 0.000 0.000 0.000
0.000 0.000 0.000 0.000 0.000 0.000 0.000 0.000 0.000 0.000 0.000 0.000 0.000 0.000 0.000 0.000 0.000 0.000 0.041 0.039 0.038 0.036 0.035 0.034 0.033 0.031 0.029 0.025 0.023 0.029 0.034 0.038 0.039 0.040 0.039 0.038 0.036 0.034 0.031 0.028 0.026 0.023 0.021 0.018 0.015 0.012 0.010 0.008 0.007 0.006 0.005 0.004 0.003 0.002 0.001 0.000 0.000 0.000 0.000 0.000 0.000 0.000 0.000 0.000 0.000 0.000 0.000 0.000 0.000 0.000 0.000 0.000 0.000 0.000 0.000 0.000 0.000
0.000 0.000 0.000 0.000 0.000 0.000 0.000 0.000 0.000 0.000 0.000 0.000 0.000 0.000 0.000 0.000 0.000 0.000 0.040 0.038 0.037 0.035 0.034 0.033 0.031 0.029 0.026 0.020 0.000 0.026 0.033 0.037 0.040 0.041 0.040 0.039 0.038 0.036 0.033 0.031 0.029 0.026 0.024 0.021 0.017 0.000 0.010 0.010 0.010 0.008 0.007 0.006 0.005 0.004 0.003 0.003 0.002 0.001 0.000 0.000 0.000 0.000 0.000 0.000 0.000 0.000 0.000 0.000 0.000 0.000 0.000 0.000 0.000 0.000 0.000 0.000 0.000
0.000 0.000 0.000 0.000 0.000 0.000 0.000 0.000 0.000 0.000 0.000 0.000 0.000 0.000 0.000 0.000 0.000 0.000 0.038 0.036 0.035 0.034 0.033 0.031 0.029 0.027 0.023 0.018 0.018 0.025 0.031 0.035 0.038 0.040 0.040 0.040 0.040 0.038 0.036 0.034 0.032 0.030 0.027 0.025 0.022 0.018 0.016 0.015 0.014 0.012 0.011 0.009 0.008 0.007 0.006 0.005 0.004 0.004 0.003 0.002 0.001 0.000 0.000 0.000 0.000 0.000 0.000 0.000 0.000 0.000 0.000 0.000 0.000 0.000 0.000 0.000 0.000
0.000 0.000 0.000 0.000 0.000 0.000 0.000 0.000 0.000 0.000 0.000 0.000 0.000 0.000 0.000 0.000 0.000 0.032 0.034 0.034 0.033 0.032 0.031 0.029 0.028 0.025 0.021 0.019 0.021 0.025 0.030 0.033 0.036 0.038 0.039 0.039 0.039 0.038 0.037 0.036 0.035 0.034 0.032 0.030 0.027 0.025 0.023 0.021 0.019 0.017 0.016 0.014 0.012 0.011 0.010 0.009 0.008 0.007 0.006 0.005 0.005 0.004 0.003 0.002 0.001 0.005 0.000 0.000 0.000 0.000 0.000 0.000 0.000 0.000 0.000 0.000 0.000
0.000 0.000 0.000 0.000 0.000 0.000 0.000 0.000 0.000 0.000 0.000 0.000 0.000 0.000 0.000 0.000 0.000 0.033 0.033 0.033 0.032 0.031 0.029 0.028 0.026 0.023 0.018 0.019 0.021 0.025 0.029 0.032 0.034 0.036 0.037 0.037 0.037 0.037 0.037 0.036 0.036 0.035 0.034 0.033 0.032 0.031 0.029 0.027 0.025 0.023 0.022 0.020 0.018 0.017 0.015 0.014 0.013 0.012 0.012 0.011 0.011 0.011 0.012 0.013 0.016 0.013 0.008 0.002 0.000 0.000 0.000 0.000 0.000 0.000 0.000 0.000 0.000
0.000 0.000 0.000 0.000 0.000 0.000 0.000 0.000 0.000 0.000 0.000 0.000 0.000 0.000 0.000 0.000 0.000 0.034 0.033 0.032 0.031 0.029 0.028 0.026 0.024 0.021 0.016 0.018 0.021 0.024 0.027 0.030 0.032 0.034 0.035 0.036 0.037 0.037 0.037 0.037 0.037 0.037 0.036 0.035 0.034 0.033 0.032 0.031 0.030 0.029 0.028 0.027 0.026 0.024 0.023 0.022 0.021 0.021 0.021 0.021 0.022 0.022 0.024 0.025 0.027 0.017 0.011 0.005 0.000 0.000 0.000 0.000 0.000 0.000 0.000 0.000 0.000
0.000 0.000 0.000 0.000 0.000 0.000 0.000 0.000 0.000 0.000 0.000 0.000 0.000 0.000 0.000 0.000 0.000 0.033 0.032 0.031 0.030 0.028 0.027 0.025 0.022 0.018 0.016 0.018 0.020 0.023 0.026 0.028 0.031 0.032 0.034 0.035 0.036 0.037 0.038 0.039 0.039 0.039 0.039 0.038 0.037 0.037 0.036 0.035 0.034 0.033 0.032 0.032 0.031 0.031 0.031 0.031 0.031 0.031 0.032 0.033 0.034 0.035 0.036 0.038 0.032 0.000 0.010 0.005 0.000 0.000 0.000 0.000 0.000 0.000 0.000 0.000 0.000
0.000 0.000 0.000 0.000 0.000 0.000 0.000 0.000 0.000 0.000 0.000 0.000 0.000 0.000 0.000 0.000 0.029 0.030 0.031 0.030 0.029 0.027 0.026 0.023 0.021 0.017 0.016 0.017 0.020 0.022 0.025 0.027 0.029 0.031 0.033 0.035 0.037 0.039 0.041 0.041 0.042 0.042 0.041 0.041 0.041 0.040 0.039 0.038 0.038 0.037 0.036 0.036 0.036 0.036 0.036 0.037 0.038 0.040 0.042 0.045 0.047 0.048 0.050 0.051 0.038 0.022 0.011 0.009 0.007 0.005 0.002 0.000 0.000 0.000 0.000 0.000 0.000
0.000 0.000 0.000 0.000 0.000 0.000 0.000 0.000 0.000 0.000 0.000 0.000 0.000 0.000 0.000 0.000 0.030 0.030 0.030 0.029 0.028 0.027 0.025 0.022 0.019 0.015 0.015 0.017 0.019 0.021 0.023 0.026 0.028 0.031 0.034 0.037 0.040 0.043 0.045 0.045 0.045 0.045 0.045 0.045 0.044 0.044 0.043 0.042 0.042 0.041 0.041 0.041 0.041 0.041 0.042 0.043 0.045 0.048 0.050 0.053 0.055 0.058 0.060 0.058 0.063 0.056 0.047 0.038 0.031 0.024 0.018 0.013 0.009 0.005 0.003 0.000 0.000
0.000 0.000 0.000 0.000 0.000 0.000 0.000 0.000 0.000 0.000 0.000 0.000 0.000 0.000 0.000 0.000 0.030 0.030 0.029 0.028 0.027 0.026 0.024 0.021 0.017 0.014 0.015 0.016 0.018 0.020 0.023 0.025 0.028 0.032 0.036 0.041 0.046 0.049 0.050 0.049 0.049 0.049 0.049 0.049 0.048 0.047 0.047 0.046 0.046 0.046 0.045 0.046 0.046 0.047 0.048 0.050 0.053 0.055 0.058 0.061 0.064 0.062 0.057 0.053 0.057 0.060 0.063 0.066 0.068 0.058 0.049 0.040 0.032 0.024 0.018 0.013 0.008
0.067 0.064 0.061 0.000 0.000 0.000 0.000 0.000 0.000 0.000 0.000 0.000 0.000 0.000 0.000 0.027 0.029 0.029 0.028 0.027 0.026 0.025 0.023 0.020 0.016 0.014 0.015 0.016 0.018 0.020 0.023 0.026 0.030 0.035 0.041 0.047 0.053 0.057 0.057 0.053 0.054 0.054 0.054 0.053 0.052 0.052 0.051 0.051 0.050 0.050 0.050 0.051 0.052 0.053 0.055 0.057 0.060 0.063 0.067 0.066 0.063 0.059 0.055 0.049 0.051 0.054 0.057 0.059 0.062 0.065 0.068 0.070 0.067 0.058 0.048 0.039 0.030
0.071 0.068 0.064 0.058 0.054 0.051 0.000 0.000 0.000 0.000 0.000 0.000 0.000 0.000 0.000 0.029 0.029 0.028 0.028 0.027 0.025 0.024 0.022 0.019 0.014 0.014 0.015 0.016 0.018 0.020 0.024 0.028 0.034 0.040 0.047 0.054 0.062 0.068 0.000 0.055 0.059 0.061 0.060 0.056 0.056 0.056 0.055 0.055 0.055 0.056 0.056 0.056 0.058 0.060 0.062 0.065 0.068 0.069 0.066 0.063 0.060 0.056 0.052 0.046 0.047 0.048 0.050 0.053 0.055 0.058 0.060 0.063 0.066 0.068 0.070 0.072 0.066
0.075 0.072 0.068 0.062 0.058 0.054 0.049 0.045 0.042 0.040 0.000 0.000 0.000 0.000 0.000 0.030 0.029 0.028 0.027 0.026 0.025 0.023 0.020 0.017 0.013 0.014 0.014 0.016 0.018 0.021 0.026 0.032 0.039 0.047 0.055 0.062 0.070 0.000 0.000 0.000 0.000 0.000 0.000 0.058 0.061 0.062 0.059 0.060 0.061 0.061 0.061 0.062 0.064 0.067 0.069 0.071 0.069 0.066 0.063 0.060 0.057 0.054 0.049 0.043 0.042 0.043 0.045 0.047 0.049 0.051 0.053 0.055 0.058 0.060 0.062 0.064 0.067
0.000 0.000 0.000 0.065 0.062 0.058 0.053 0.050 0.047 0.044 0.040 0.037 0.034 0.000 0.000 0.031 0.029 0.028 0.027 0.025 0.024 0.022 0.019 0.015 0.013 0.013 0.014 0.016 0.019 0.024 0.030 0.038 0.046 0.054 0.062 0.000 0.000 0.000 0.000 0.000 0.000 0.000 0.000 0.000 0.000 0.000 0.061 0.065 0.067 0.068 0.066 0.068 0.071 0.074 0.071 0.068 0.065 0.062 0.060 0.057 0.054 0.051 0.046 0.041 0.038 0.039 0.040 0.041 0.042 0.044 0.046 0.048 0.050 0.052 0.054 0.056 0.059
0.000 0.000 0.000 0.000 0.000 0.000 0.057 0.054 0.051 0.048 0.044 0.041 0.038 0.035 0.033 0.031 0.029 0.028 0.026 0.024 0.023 0.021 0.018 0.013 0.012 0.013 0.014 0.017 0.021 0.028 0.035 0.044 0.053 0.062 0.000 0.000 0.000 0.000 0.000 0.000 0.000 0.000 0.000 0.000 0.000 0.000 0.000 0.000 0.000 0.000 0.069 0.074 0.073 0.070 0.066 0.064 0.061 0.058 0.056 0.053 0.051 0.047 0.043 0.038 0.034 0.034 0.035 0.035 0.037 0.038 0.039 0.041 0.043 0.045 0.047 0.049 0.051
0.000 0.000 0.000 0.000 0.000 0.000 0.000 0.000 0.000 0.000 0.048 0.046 0.043 0.040 0.036 0.033 0.030 0.027 0.025 0.023 0.022 0.019 0.016 0.012 0.012 0.013 0.015 0.018 0.024 0.032 0.040 0.049 0.059 0.000 0.000 0.000 0.000 0.000 0.000 0.000 0.000 0.000 0.000 0.000 0.000 0.000 0.000 0.000 0.000 0.000 0.000 0.000 0.000 0.000 0.059 0.059 0.057 0.054 0.052 0.050 0.047 0.043 0.039 0.034 0.030 0.030 0.030 0.030 0.031 0.032 0.033 0.034 0.036 0.037 0.039 0.041 0.043
0.000 0.000 0.000 0.000 0.000 0.000 0.000 0.000 0.000 0.000 0.000 0.000 0.000 0.000 0.038 0.033 0.029 0.025 0.021 0.021 0.020 0.018 0.014 0.011 0.011 0.012 0.015 0.021 0.028 0.036 0.044 0.053 0.000 0.000 0.000 0.000 0.000 0.000 0.000 0.000 0.000 0.000 0.000 0.000 0.000 0.000 0.000 0.000 0.000 0.000 0.000 0.000 0.000 0.000 0.000 0.000 0.000 0.048 0.047 0.046 0.043 0.038 0.035 0.031 0.026 0.025 0.025 0.025 0.025 0.026 0.027 0.028 0.029 0.030 0.032 0.033 0.035
0.000 0.000 0.000 0.000 0.000 0.000 0.000 0.000 0.000 0.000 0.000 0.000 0.000 0.000 0.000 0.029 0.026 0.021 0.000 0.016 0.017 0.016 0.012 0.011 0.011 0.013 0.017 0.024 0.032 0.041 0.049 0.058 0.000 0.000 0.000 0.000 0.000 0.000 0.000 0.000 0.000 0.000 0.000 0.000 0.000 0.000 0.000 0.000 0.000 0.000 0.000 0.000 0.000 0.000 0.000 0.000 0.000 0.000 0.000 0.000 0.000 0.031 0.030 0.026 0.020 0.020 0.019 0.019 0.020 0.020 0.020 0.021 0.022 0.023 0.024 0.026 0.027
0.000 0.000 0.000 0.000 0.000 0.000 0.000 0.000 0.000 0.000 0.000 0.000 0.000 0.000 0.023 0.025 0.024 0.020 0.015 0.016 0.016 0.014 0.010 0.010 0.011 0.015 0.021 0.029 0.037 0.046 0.055 0.064 0.000 0.000 0.000 0.000 0.000 0.000 0.000 0.000 0.000 0.000 0.000 0.000 0.000 0.000 0.000 0.000 0.000 0.000 0.000 0.000 0.000 0.000 0.000 0.000 0.000 0.000 0.000 0.000 0.000 0.000 0.000 0.000 0.010 0.012 0.013 0.013 0.013 0.013 0.014 0.014 0.015 0.016 0.017 0.018 0.019
0.000 0.000 0.000 0.000 0.000 0.000 0.000 0.000 0.000 0.000 0.000 0.000 0.000 0.000 0.024 0.024 0.023 0.020 0.018 0.016 0.015 0.013 0.010 0.010 0.013 0.018 0.025 0.033 0.042 0.051 0.061 0.070 0.000 0.000 0.000 0.000 0.000 0.000 0.000 0.000 0.000 0.000 0.000 0.000 0.000 0.000 0.000 0.000 0.000 0.000 0.000 0.000 0.000 0.000 0.000 0.000 0.000 0.000 0.000 0.000 0.000 0.000 0.000 0.000 0.000 0.000 0.000 0.000 0.004 0.005 0.006 0.006 0.007 0.007 0.008 0.009 0.010
0.000 0.000 0.000 0.000 0.000 0.000 0.000 0.000 0.000 0.000 0.000 0.000 0.000 0.000 0.025 0.023 0.022 0.020 0.018 0.016 0.015 0.011 0.010 0.011 0.015 0.022 0.030 0.039 0.047 0.056 0.065 0.000 0.000 0.000 0.000 0.000 0.000 0.000 0.000 0.000 0.000 0.000 0.000 0.000 0.000 0.000 0.000 0.000 0.000 0.000 0.000 0.000 0.000 0.000 0.000 0.000 0.000 0.000 0.000 0.000 0.000 0.000 0.000 0.000 0.000 0.000 0.000 0.000 0.000 0.000 0.000 0.000 0.000 0.000 0.000 0.000 0.000
0.000 0.000 0.000 0.000 0.000 0.000 0.000 0.000 0.000 0.000 0.000 0.000 0.000 0.000 0.024 0.023 0.021 0.020 0.018 0.016 0.014 0.010 0.010 0.013 0.019 0.027 0.035 0.044 0.053 0.062 0.071 0.000 0.000 0.000 0.000 0.000 0.000 0.000 0.000 0.000 0.000 0.000 0.000 0.000 0.000 0.000 0.000 0.000 0.000 0.000 0.000 0.000 0.000 0.000 0.000 0.000 0.000 0.000 0.000 0.000 0.000 0.000 0.000 0.000 0.000 0.000 0.000 0.000 0.000 0.000 0.000 0.000 0.000 0.000 0.000 0.000 0.000
0.000 0.000 0.000 0.000 0.000 0.000 0.000 0.000 0.000 0.000 0.000 0.000 0.000 0.020 0.022 0.022 0.021 0.019 0.018 0.016 0.013 0.009 0.011 0.016 0.024 0.032 0.041 0.049 0.058 0.068 0.078 0.000 0.000 0.000 0.000 0.000 0.000 0.000 0.000 0.000 0.000 0.000 0.000 0.000 0.000 0.000 0.000 0.000 0.000 0.000 0.000 0.000 0.000 0.000 0.000 0.000 0.000 0.000 0.000 0.000 0.000 0.000 0.000 0.000 0.000 0.000 0.000 0.000 0.000 0.000 0.000 0.000 0.000 0.000 0.000 0.000 0.000
0.000 0.000 0.000 0.000 0.000 0.000 0.000 0.000 0.000 0.000 0.000 0.000 0.000 0.022 0.021 0.021 0.020 0.019 0.017 0.015 0.012 0.010 0.014 0.021 0.029 0.037 0.046 0.055 0.064 0.072 0.000 0.000 0.000 0.000 0.000 0.000 0.000 0.000 0.000 0.000 0.000 0.000 0.000 0.000 0.000 0.000 0.000 0.000 0.000 0.000 0.000 0.000 0.000 0.000 0.000 0.000 0.000 0.000 0.000 0.000 0.000 0.000 0.000 0.000 0.000 0.000 0.000 0.000 0.000 0.000 0.000 0.000 0.000 0.000 0.000 0.000 0.000
