数据/LID_VS_50y/LID_VS_res/LID_VS_189-0001.wd
ncols         694
nrows         824
xllcorner     581104.939801
yllcorner     3495917.092414
cellsize      2.000000
NODATA_value  -9999.000000
[rows 714 to 747 of 824, columns 154 to 230 of 694]
0.000 0.000 0.000 0.000 0.000 0.000 0.002 0.003 0.004 0.005 0.006 0.007 0.007 0.007 0.008 0.008 0.008 0.008 0.007 0.006 0.000 0.000 0.041 0.037 0.033 0.029 0.024 0.019 0.014 0.010 0.007 0.005 0.000 0.000 0.000 0.000 0.000 0.000 0.000 0.000 0.000 0.000 0.001 0.001 0.001 0.001 0.001 0.001 0.002 0.000 0.000 0.000 0.000 0.000 0.000 0.000 0.000 0.000 0.080 0.090 0.100 0.100 0.077 0.057 0.066 0.002 0.001 0.000 0.000 0.000 0.000 0.000 0.000 0.000 0.000 0.000 0.000
0.000 0.000 0.000 0.000 0.000 0.002 0.003 0.004 0.005 0.006 0.007 0.007 0.008 0.008 0.008 0.009 0.009 0.009 0.009 0.008 0.008 0.007 0.001 0.054 0.051 0.046 0.041 0.035 0.030 0.024 0.019 0.015 0.010 0.007 0.000 0.000 0.000 0.000 0.000 0.000 0.000 0.000 0.001 0.001 0.004 0.013 0.023 0.034 0.044 0.000 0.000 0.000 0.000 0.000 0.000 0.000 0.000 0.000 0.141 0.137 0.113 0.090 0.067 0.059 0.068 0.023 0.001 0.001 0.000 0.000 0.000 0.000 0.000 0.000 0.000 0.000 0.000
0.000 0.000 0.000 0.000 0.001 0.003 0.004 0.005 0.006 0.007 0.007 0.008 0.008 0.009 0.009 0.009 0.009 0.010 0.010 0.010 0.010 0.010 0.009 0.000 0.000 0.064 0.058 0.053 0.047 0.041 0.035 0.029 0.023 0.019 0.015 0.000 0.000 0.000 0.000 0.000 0.000 0.001 0.001 0.003 0.054 0.073 0.084 0.095 0.106 0.000 0.000 0.000 0.000 0.000 0.000 0.000 0.000 0.175 0.151 0.128 0.104 0.081 0.058 0.062 0.070 0.066 0.002 0.001 0.000 0.000 0.000 0.000 0.000 0.000 0.000 0.000 0.000
0.000 0.000 0.000 0.000 0.002 0.004 0.005 0.006 0.007 0.007 0.008 0.008 0.009 0.009 0.009 0.010 0.010 0.010 0.011 0.011 0.012 0.012 0.013 0.014 0.016 0.001 0.076 0.071 0.065 0.058 0.051 0.045 0.039 0.035 0.030 0.027 0.024 0.000 0.000 0.000 0.001 0.001 0.002 0.039 0.095 0.135 0.146 0.157 0.000 0.000 0.000 0.000 0.000 0.000 0.000 0.000 0.000 0.165 0.142 0.119 0.096 0.072 0.055 0.065 0.074 0.083 0.025 0.001 0.001 0.000 0.000 0.000 0.000 0.000 0.000 0.000 0.000
0.000 0.000 0.000 0.001 0.003 0.005 0.006 0.006 0.007 0.008 0.008 0.009 0.009 0.009 0.010 0.010 0.011 0.011 0.011 0.012 0.013 0.014 0.016 0.019 0.025 0.036 0.000 0.090 0.084 0.075 0.067 0.062 0.057 0.052 0.049 0.045 0.043 0.041 0.000 0.004 0.004 0.005 0.027 0.080 0.137 0.194 0.209 0.220 0.000 0.000 0.000 0.000 0.000 0.000 0.000 0.000 0.000 0.157 0.133 0.110 0.087 0.063 0.058 0.068 0.077 0.086 0.069 0.001 0.000 0.000 0.000 0.000 0.000 0.000 0.000 0.000 0.000
0.000 0.000 0.000 0.001 0.003 0.005 0.006 0.007 0.007 0.008 0.008 0.009 0.009 0.010 0.010 0.010 0.011 0.011 0.012 0.013 0.013 0.015 0.016 0.018 0.021 0.025 0.017 0.000 0.000 0.089 0.084 0.079 0.075 0.071 0.068 0.065 0.063 0.060 0.055 0.037 0.036 0.035 0.067 0.123 0.180 0.236 0.273 0.283 0.000 0.000 0.000 0.000 0.000 0.000 0.000 0.000 0.000 0.148 0.125 0.101 0.077 0.054 0.062 0.071 0.080 0.089 0.098 0.028 0.000 0.000 0.000 0.000 0.000 0.000 0.000 0.000 0.000
0.000 0.000 0.000 0.001 0.003 0.005 0.006 0.007 0.007 0.008 0.009 0.009 0.009 0.010 0.010 0.011 0.011 0.012 0.012 0.013 0.014 0.015 0.016 0.017 0.019 0.019 0.016 0.011 0.008 0.001 0.101 0.098 0.095 0.092 0.088 0.086 0.083 0.081 0.079 0.000 0.000 0.057 0.108 0.165 0.223 0.279 0.335 0.346 0.357 0.334 0.000 0.000 0.000 0.000 0.000 0.000 0.163 0.139 0.115 0.092 0.068 0.056 0.065 0.074 0.083 0.092 0.102 0.073 0.000 0.000 0.000 0.000 0.000 0.000 0.000 0.000 0.000
0.000 0.000 0.000 0.001 0.003 0.005 0.006 0.007 0.008 0.008 0.009 0.009 0.010 0.010 0.010 0.011 0.011 0.012 0.012 0.013 0.014 0.014 0.015 0.016 0.017 0.016 0.015 0.012 0.010 0.007 0.000 0.117 0.115 0.112 0.108 0.106 0.105 0.103 0.000 0.000 0.000 0.000 0.151 0.207 0.264 0.321 0.375 0.372 0.348 0.325 0.302 0.280 0.000 0.000 0.000 0.000 0.154 0.131 0.107 0.082 0.059 0.059 0.068 0.077 0.086 0.096 0.106 0.000 0.000 0.000 0.000 0.000 0.000 0.000 0.000 0.000 0.000
0.000 0.000 0.000 0.001 0.003 0.005 0.006 0.007 0.008 0.008 0.009 0.009 0.010 0.010 0.010 0.011 0.011 0.012 0.012 0.013 0.013 0.014 0.014 0.015 0.015 0.015 0.014 0.012 0.011 0.009 0.006 0.001 0.000 0.131 0.129 0.127 0.126 0.000 0.000 0.000 0.000 0.000 0.000 0.250 0.306 0.330 0.352 0.000 0.000 0.317 0.294 0.271 0.247 0.224 0.000 0.000 0.146 0.122 0.097 0.073 0.053 0.062 0.071 0.080 0.089 0.100 0.109 0.000 0.000 0.000 0.000 0.000 0.000 0.000 0.000 0.000 0.000
0.000 0.000 0.000 0.001 0.003 0.005 0.006 0.007 0.008 0.008 0.009 0.009 0.010 0.010 0.010 0.011 0.011 0.012 0.012 0.012 0.013 0.013 0.014 0.014 0.014 0.014 0.013 0.012 0.011 0.010 0.008 0.006 0.005 0.001 0.148 0.145 0.000 0.000 0.000 0.000 0.000 0.000 0.000 0.262 0.284 0.306 0.328 0.000 0.000 0.000 0.000 0.262 0.238 0.213 0.187 0.162 0.137 0.113 0.088 0.064 0.056 0.065 0.074 0.084 0.093 0.103 0.113 0.000 0.000 0.000 0.000 0.000 0.000 0.000 0.000 0.000 0.000
0.000 0.000 0.000 0.001 0.003 0.005 0.006 0.007 0.008 0.008 0.009 0.009 0.010 0.010 0.010 0.011 0.011 0.011 0.012 0.012 0.013 0.013 0.013 0.013 0.013 0.013 0.012 0.012 0.011 0.010 0.009 0.007 0.006 0.005 0.000 0.160 0.153 0.000 0.000 0.000 0.000 0.000 0.000 0.238 0.260 0.283 0.304 0.318 0.000 0.000 0.000 0.000 0.000 0.203 0.178 0.154 0.129 0.104 0.067 0.053 0.059 0.068 0.078 0.087 0.097 0.107 0.000 0.000 0.000 0.000 0.000 0.000 0.000 0.000 0.000 0.000 0.000
0.000 0.000 0.000 0.001 0.003 0.005 0.006 0.007 0.007 0.008 0.009 0.009 0.009 0.010 0.010 0.011 0.011 0.011 0.012 0.012 0.012 0.012 0.013 0.013 0.013 0.012 0.012 0.011 0.011 0.010 0.009 0.008 0.007 0.006 0.004 0.001 0.168 0.166 0.000 0.000 0.000 0.000 0.000 0.000 0.234 0.000 0.000 0.299 0.287 0.000 0.000 0.000 0.000 0.000 0.000 0.143 0.120 0.095 0.067 0.053 0.062 0.071 0.080 0.090 0.100 0.110 0.000 0.000 0.000 0.000 0.000 0.000 0.000 0.000 0.000 0.000 0.000
0.000 0.000 0.000 0.001 0.003 0.005 0.006 0.007 0.007 0.008 0.008 0.009 0.009 0.010 0.010 0.010 0.011 0.011 0.011 0.012 0.012 0.012 0.012 0.012 0.012 0.012 0.011 0.011 0.010 0.010 0.009 0.008 0.007 0.007 0.005 0.004 0.000 0.184 0.202 0.000 0.000 0.000 0.000 0.000 0.000 0.000 0.000 0.000 0.268 0.000 0.000 0.000 0.000 0.000 0.157 0.134 0.110 0.085 0.060 0.056 0.065 0.074 0.084 0.093 0.103 0.113 0.000 0.000 0.000 0.000 0.000 0.000 0.000 0.000 0.000 0.000 0.000
0.000 0.000 0.000 0.001 0.003 0.005 0.006 0.006 0.007 0.008 0.008 0.009 0.009 0.010 0.010 0.010 0.011 0.011 0.011 0.011 0.011 0.012 0.012 0.012 0.012 0.011 0.011 0.011 0.010 0.010 0.009 0.008 0.008 0.007 0.006 0.005 0.003 0.001 0.175 0.192 0.000 0.000 0.000 0.000 0.000 0.000 0.000 0.000 0.248 0.000 0.000 0.000 0.000 0.000 0.147 0.124 0.100 0.076 0.051 0.059 0.068 0.077 0.087 0.096 0.106 0.000 0.000 0.000 0.000 0.000 0.000 0.000 0.000 0.000 0.000 0.000 0.000
0.000 0.000 0.000 0.000 0.002 0.004 0.005 0.006 0.007 0.007 0.008 0.008 0.009 0.009 0.010 0.010 0.010 0.011 0.011 0.011 0.011 0.011 0.011 0.011 0.011 0.011 0.011 0.010 0.010 0.009 0.009 0.008 0.008 0.007 0.006 0.005 0.004 0.002 0.000 0.164 0.180 0.000 0.000 0.000 0.000 0.000 0.000 0.234 0.229 0.000 0.000 0.000 0.000 0.158 0.138 0.114 0.091 0.067 0.054 0.063 0.072 0.081 0.090 0.099 0.108 0.116 0.125 0.000 0.000 0.000 0.000 0.000 0.000 0.000 0.000 0.000 0.000
0.000 0.000 0.000 0.000 0.001 0.003 0.004 0.005 0.006 0.007 0.007 0.008 0.009 0.009 0.009 0.010 0.010 0.010 0.010 0.011 0.011 0.011 0.011 0.011 0.011 0.011 0.010 0.010 0.010 0.009 0.009 0.008 0.008 0.007 0.006 0.005 0.004 0.003 0.001 0.000 0.151 0.165 0.000 0.000 0.000 0.000 0.000 0.000 0.000 0.000 0.000 0.000 0.000 0.138 0.126 0.104 0.081 0.057 0.058 0.067 0.076 0.084 0.094 0.102 0.111 0.119 0.128 0.135 0.144 0.000 0.000 0.000 0.000 0.000 0.000 0.000 0.000
0.000 0.000 0.000 0.000 0.000 0.002 0.003 0.004 0.005 0.006 0.007 0.008 0.008 0.009 0.009 0.009 0.010 0.010 0.010 0.010 0.010 0.010 0.010 0.010 0.010 0.010 0.010 0.010 0.009 0.009 0.008 0.008 0.007 0.007 0.006 0.005 0.004 0.003 0.001 0.000 0.000 0.134 0.145 0.164 0.000 0.000 0.000 0.000 0.000 0.000 0.000 0.000 0.132 0.118 0.107 0.093 0.073 0.052 0.061 0.070 0.078 0.088 0.097 0.106 0.114 0.123 0.131 0.138 0.147 0.155 0.164 0.000 0.000 0.000 0.000 0.000 0.000
0.000 0.000 0.000 0.000 0.000 0.000 0.002 0.003 0.004 0.005 0.006 0.007 0.008 0.008 0.009 0.009 0.009 0.009 0.010 0.010 0.010 0.010 0.010 0.010 0.010 0.010 0.010 0.009 0.009 0.009 0.008 0.008 0.007 0.006 0.006 0.005 0.004 0.002 0.000 0.000 0.000 0.000 0.119 0.137 0.155 0.000 0.000 0.000 0.000 0.000 0.000 0.000 0.112 0.100 0.087 0.074 0.061 0.055 0.064 0.073 0.083 0.092 0.101 0.109 0.118 0.126 0.134 0.142 0.149 0.158 0.167 0.175 0.126 0.000 0.000 0.000 0.000
0.000 0.000 0.000 0.000 0.000 0.000 0.000 0.002 0.003 0.004 0.005 0.006 0.007 0.008 0.008 0.008 0.009 0.009 0.009 0.009 0.010 0.010 0.010 0.010 0.009 0.009 0.009 0.009 0.009 0.008 0.008 0.007 0.007 0.006 0.005 0.004 0.003 0.001 0.000 0.000 0.000 0.000 0.000 0.111 0.128 0.146 0.000 0.000 0.000 0.000 0.000 0.105 0.093 0.080 0.067 0.054 0.051 0.055 0.065 0.075 0.085 0.095 0.104 0.113 0.122 0.000 0.000 0.000 0.152 0.161 0.170 0.179 0.171 0.084 0.017 0.000 0.000
0.000 0.000 0.000 0.000 0.000 0.000 0.000 0.000 0.002 0.003 0.004 0.005 0.006 0.007 0.008 0.008 0.008 0.009 0.009 0.009 0.009 0.009 0.009 0.009 0.009 0.009 0.009 0.008 0.008 0.008 0.007 0.007 0.006 0.005 0.004 0.003 0.002 0.000 0.000 0.000 0.000 0.000 0.000 0.000 0.100 0.118 0.136 0.000 0.000 0.000 0.000 0.086 0.073 0.061 0.052 0.052 0.051 0.053 0.062 0.072 0.083 0.092 0.102 0.111 0.122 0.000 0.000 0.000 0.000 0.000 0.173 0.182 0.190 0.128 0.087 0.048 0.000
0.000 0.000 0.000 0.000 0.000 0.000 0.000 0.000 0.000 0.002 0.003 0.004 0.005 0.006 0.007 0.007 0.008 0.008 0.008 0.008 0.009 0.009 0.009 0.009 0.008 0.008 0.008 0.008 0.008 0.007 0.007 0.006 0.005 0.004 0.003 0.002 0.000 0.000 0.000 0.000 0.000 0.000 0.000 0.000 0.077 0.092 0.108 0.125 0.000 0.102 0.088 0.070 0.055 0.054 0.053 0.052 0.051 0.050 0.060 0.070 0.080 0.090 0.099 0.109 0.000 0.000 0.000 0.000 0.000 0.000 0.000 0.182 0.192 0.197 0.158 0.119 0.000
0.000 0.000 0.000 0.000 0.000 0.000 0.000 0.000 0.000 0.000 0.002 0.003 0.004 0.005 0.006 0.007 0.007 0.007 0.008 0.008 0.008 0.008 0.008 0.008 0.008 0.008 0.008 0.007 0.007 0.007 0.006 0.005 0.004 0.003 0.002 0.000 0.000 0.000 0.000 0.000 0.000 0.000 0.000 0.000 0.000 0.067 0.081 0.094 0.105 0.086 0.069 0.060 0.057 0.055 0.053 0.052 0.051 0.050 0.058 0.068 0.078 0.088 0.098 0.000 0.000 0.000 0.000 0.000 0.000 0.000 0.000 0.000 0.000 0.202 0.198 0.189 0.149
0.000 0.000 0.000 0.000 0.000 0.000 0.000 0.000 0.000 0.000 0.000 0.002 0.003 0.004 0.005 0.006 0.006 0.007 0.007 0.007 0.007 0.007 0.007 0.007 0.007 0.007 0.007 0.007 0.006 0.006 0.005 0.004 0.003 0.002 0.000 0.000 0.000 0.000 0.000 0.000 0.000 0.000 0.000 0.000 0.000 0.000 0.055 0.067 0.079 0.068 0.064 0.060 0.058 0.055 0.054 0.052 0.052 0.051 0.057 0.067 0.076 0.086 0.096 0.000 0.000 0.000 0.000 0.000 0.000 0.000 0.000 0.000 0.000 0.000 0.000 0.198 0.193
0.000 0.000 0.000 0.000 0.000 0.000 0.000 0.000 0.000 0.000 0.000 0.000 0.002 0.003 0.004 0.005 0.006 0.006 0.006 0.006 0.006 0.006 0.006 0.006 0.006 0.006 0.006 0.006 0.005 0.005 0.004 0.003 0.002 0.000 0.000 0.000 0.000 0.000 0.000 0.000 0.000 0.000 0.000 0.000 0.000 0.000 0.000 0.041 0.055 0.066 0.062 0.060 0.057 0.055 0.054 0.052 0.051 0.050 0.055 0.065 0.075 0.086 0.000 0.000 0.000 0.000 0.000 0.000 0.000 0.000 0.000 0.000 0.000 0.000 0.000 0.000 0.000
0.000 0.000 0.000 0.000 0.000 0.000 0.000 0.000 0.000 0.000 0.000 0.000 0.000 0.002 0.003 0.004 0.005 0.005 0.005 0.005 0.005 0.005 0.005 0.005 0.005 0.005 0.005 0.005 0.004 0.004 0.003 0.002 0.000 0.000 0.000 0.000 0.000 0.000 0.000 0.000 0.000 0.000 0.000 0.000 0.000 0.000 0.000 0.000 0.031 0.048 0.061 0.058 0.056 0.055 0.053 0.052 0.051 0.050 0.052 0.063 0.073 0.084 0.000 0.000 0.000 0.000 0.000 0.000 0.000 0.000 0.000 0.000 0.000 0.000 0.000 0.000 0.000
0.000 0.000 0.000 0.000 0.000 0.000 0.000 0.000 0.000 0.000 0.000 0.000 0.000 0.000 0.001 0.002 0.003 0.003 0.003 0.003 0.003 0.003 0.003 0.003 0.003 0.003 0.003 0.003 0.003 0.002 0.001 0.000 0.000 0.000 0.000 0.000 0.000 0.000 0.000 0.000 0.000 0.000 0.000 0.000 0.000 0.000 0.000 0.000 0.000 0.026 0.044 0.057 0.055 0.053 0.052 0.050 0.049 0.048 0.050 0.060 0.071 0.000 0.000 0.000 0.000 0.000 0.000 0.000 0.000 0.000 0.000 0.000 0.000 0.000 0.000 0.000 0.000
0.000 0.000 0.000 0.000 0.000 0.000 0.000 0.000 0.000 0.000 0.000 0.000 0.000 0.000 0.000 0.000 0.001 0.001 0.001 0.001 0.001 0.001 0.001 0.001 0.001 0.001 0.001 0.001 0.001 0.000 0.000 0.000 0.000 0.000 0.000 0.000 0.000 0.000 0.000 0.000 0.000 0.000 0.000 0.000 0.000 0.000 0.000 0.000 0.000 0.000 0.022 0.041 0.054 0.052 0.050 0.048 0.046 0.046 0.047 0.057 0.068 0.000 0.000 0.000 0.000 0.000 0.000 0.000 0.000 0.000 0.000 0.000 0.000 0.000 0.000 0.000 0.000
0.000 0.000 0.000 0.000 0.000 0.000 0.000 0.000 0.000 0.000 0.000 0.000 0.000 0.000 0.000 0.000 0.000 0.000 0.000 0.000 0.000 0.000 0.000 0.000 0.000 0.000 0.000 0.000 0.000 0.000 0.000 0.000 0.000 0.000 0.000 0.000 0.000 0.000 0.000 0.000 0.000 0.000 0.000 0.000 0.000 0.000 0.000 0.000 0.000 0.000 0.003 0.019 0.038 0.050 0.047 0.044 0.039 0.041 0.044 0.054 0.000 0.000 0.000 0.000 0.000 0.000 0.000 0.000 0.000 0.000 0.000 0.000 0.000 0.000 0.000 0.000 0.000
0.000 0.000 0.000 0.000 0.000 0.000 0.000 0.000 0.000 0.000 0.000 0.000 0.000 0.000 0.000 0.000 0.000 0.000 0.000 0.000 0.000 0.000 0.000 0.000 0.000 0.000 0.000 0.000 0.000 0.000 0.000 0.000 0.000 0.000 0.000 0.000 0.000 0.000 0.000 0.000 0.000 0.000 0.000 0.000 0.000 0.000 0.000 0.000 0.000 0.000 0.000 0.002 0.016 0.033 0.043 0.036 0.000 0.032 0.036 0.000 0.000 0.000 0.000 0.000 0.000 0.000 0.000 0.000 0.000 0.000 0.000 0.000 0.000 0.000 0.000 0.000 0.000
0.000 0.000 0.000 0.000 0.000 0.000 0.000 0.000 0.000 0.000 0.000 0.000 0.000 0.000 0.000 0.000 0.000 0.000 0.000 0.000 0.000 0.000 0.000 0.000 0.000 0.000 0.000 0.000 0.000 0.000 0.000 0.000 0.000 0.000 0.000 0.000 0.000 0.000 0.000 0.000 0.000 0.000 0.000 0.000 0.000 0.000 0.000 0.000 0.000 0.000 0.000 0.001 0.002 0.011 0.026 0.034 0.029 0.030 0.031 0.033 0.000 0.000 0.000 0.000 0.000 0.000 0.000 0.000 0.000 0.000 0.000 0.000 0.000 0.000 0.000 0.000 0.000
0.000 0.000 0.000 0.000 0.000 0.000 0.000 0.000 0.000 0.000 0.000 0.000 0.000 0.000 0.000 0.000 0.000 0.000 0.000 0.000 0.000 0.000 0.000 0.000 0.000 0.000 0.000 0.000 0.000 0.000 0.000 0.000 0.000 0.000 0.000 0.000 0.000 0.000 0.000 0.000 0.000 0.000 0.000 0.000 0.000 0.000 0.000 0.000 0.000 0.000 0.000 0.001 0.001 0.001 0.007 0.020 0.030 0.030 0.030 0.029 0.035 0.000 0.000 0.000 0.000 0.000 0.000 0.000 0.000 0.000 0.000 0.000 0.000 0.000 0.000 0.000 0.000
0.000 0.000 0.000 0.000 0.000 0.000 0.000 0.000 0.000 0.000 0.000 0.000 0.000 0.000 0.000 0.000 0.000 0.000 0.000 0.000 0.000 0.000 0.000 0.000 0.000 0.000 0.000 0.000 0.000 0.000 0.000 0.000 0.000 0.000 0.000 0.000 0.000 0.000 0.000 0.000 0.000 0.000 0.000 0.000 0.000 0.000 0.000 0.000 0.000 0.000 0.000 0.001 0.001 0.001 0.001 0.005 0.017 0.030 0.028 0.026 0.029 0.028 0.030 0.000 0.000 0.000 0.000 0.000 0.000 0.000 0.000 0.000 0.000 0.000 0.000 0.000 0.000
0.000 0.000 0.000 0.000 0.000 0.000 0.000 0.000 0.000 0.000 0.000 0.000 0.000 0.000 0.000 0.000 0.000 0.000 0.000 0.000 0.000 0.000 0.000 0.000 0.000 0.000 0.000 0.000 0.000 0.000 0.000 0.000 0.000 0.000 0.000 0.000 0.000 0.000 0.000 0.000 0.000 0.000 0.000 0.000 0.000 0.000 0.000 0.000 0.000 0.000 0.000 0.000 0.001 0.001 0.001 0.001 0.003 0.017 0.027 0.023 0.023 0.022 0.024 0.027 0.000 0.000 0.000 0.000 0.000 0.000 0.000 0.000 0.000 0.000 0.000 0.000 0.000
0.000 0.000 0.000 0.000 0.000 0.000 0.000 0.000 0.000 0.000 0.000 0.000 0.000 0.000 0.000 0.000 0.000 0.000 0.000 0.000 0.000 0.000 0.000 0.000 0.000 0.000 0.000 0.000 0.000 0.000 0.000 0.000 0.000 0.000 0.000 0.000 0.000 0.000 0.000 0.000 0.000 0.000 0.000 0.000 0.000 0.000 0.000 0.000 0.000 0.000 0.000 0.000 0.001 0.001 0.001 0.001 0.001 0.002 0.013 0.020 0.017 0.017 0.020 0.023 0.025 0.000 0.000 0.000 0.000 0.000 0.000 0.000 0.000 0.000 0.000 0.000 0.000
