数据/LID_VS_50y/LID_VS_res/LID_VS_132-0001.wd
ncols         694
nrows         824
xllcorner     581104.939801
yllcorner     3495917.092414
cellsize      2.000000
NODATA_value  -9999.000000
[rows 714 to 747 of 824, columns 154 to 230 of 694]
0.000 0.000 0.000 0.000 0.000 0.000 0.002 0.003 0.004 0.005 0.006 0.007 0.008 0.009 0.009 0.010 0.010 0.010 0.010 0.008 0.001 0.000 0.087 0.081 0.076 0.074 0.071 0.068 0.064 0.059 0.055 0.051 0.000 0.000 0.000 0.000 0.000 0.000 0.000 0.000 0.000 0.000 0.007 0.061 0.084 0.094 0.104 0.115 0.126 0.000 0.000 0.000 0.000 0.000 0.000 0.000 0.000 0.000 0.227 0.236 0.248 0.248 0.222 0.203 0.212 0.129 0.046 0.000 0.000 0.000 0.000 0.000 0.000 0.000 0.000 0.000 0.000
0.000 0.000 0.000 0.000 0.000 0.002 0.003 0.004 0.005 0.006 0.007 0.008 0.009 0.010 0.010 0.011 0.011 0.012 0.012 0.012 0.011 0.010 0.001 0.100 0.098 0.095 0.093 0.088 0.083 0.078 0.073 0.068 0.062 0.059 0.000 0.000 0.000 0.000 0.000 0.000 0.000 0.000 0.047 0.104 0.147 0.157 0.167 0.178 0.188 0.000 0.000 0.000 0.000 0.000 0.000 0.000 0.000 0.000 0.288 0.284 0.259 0.238 0.213 0.204 0.214 0.168 0.083 0.004 0.000 0.000 0.000 0.000 0.000 0.000 0.000 0.000 0.000
0.000 0.000 0.000 0.000 0.001 0.003 0.004 0.005 0.006 0.007 0.008 0.009 0.010 0.011 0.011 0.012 0.013 0.013 0.014 0.015 0.015 0.016 0.015 0.001 0.000 0.117 0.113 0.109 0.103 0.098 0.092 0.087 0.082 0.077 0.074 0.000 0.000 0.000 0.000 0.000 0.000 0.035 0.089 0.146 0.201 0.221 0.230 0.241 0.251 0.000 0.000 0.000 0.000 0.000 0.000 0.000 0.000 0.322 0.297 0.275 0.251 0.226 0.204 0.207 0.217 0.214 0.128 0.041 0.000 0.000 0.000 0.000 0.000 0.000 0.000 0.000 0.000
0.000 0.000 0.000 0.000 0.002 0.004 0.005 0.006 0.007 0.008 0.009 0.010 0.011 0.011 0.012 0.013 0.014 0.014 0.015 0.017 0.018 0.019 0.021 0.023 0.027 0.001 0.134 0.129 0.124 0.118 0.111 0.107 0.102 0.097 0.094 0.089 0.087 0.000 0.000 0.000 0.025 0.075 0.131 0.187 0.243 0.282 0.293 0.304 0.000 0.000 0.000 0.000 0.000 0.000 0.000 0.000 0.000 0.312 0.288 0.265 0.241 0.218 0.200 0.209 0.219 0.228 0.171 0.085 0.007 0.000 0.000 0.000 0.000 0.000 0.000 0.000 0.000
0.000 0.000 0.000 0.001 0.003 0.005 0.006 0.007 0.008 0.009 0.009 0.010 0.011 0.012 0.013 0.014 0.014 0.015 0.017 0.018 0.020 0.022 0.026 0.032 0.042 0.062 0.001 0.149 0.144 0.137 0.131 0.126 0.122 0.118 0.114 0.111 0.108 0.106 0.000 0.057 0.072 0.117 0.173 0.228 0.283 0.340 0.357 0.367 0.000 0.000 0.000 0.000 0.000 0.000 0.000 0.000 0.000 0.302 0.279 0.255 0.231 0.209 0.204 0.213 0.222 0.230 0.214 0.130 0.000 0.000 0.000 0.000 0.000 0.000 0.000 0.000 0.000
0.000 0.000 0.000 0.001 0.003 0.005 0.006 0.007 0.008 0.009 0.010 0.011 0.011 0.012 0.013 0.014 0.015 0.016 0.017 0.019 0.021 0.023 0.026 0.031 0.036 0.043 0.028 0.001 0.000 0.154 0.150 0.146 0.142 0.139 0.135 0.132 0.129 0.125 0.118 0.094 0.117 0.159 0.214 0.270 0.326 0.383 0.418 0.428 0.000 0.000 0.000 0.000 0.000 0.000 0.000 0.000 0.000 0.292 0.269 0.246 0.224 0.198 0.206 0.216 0.225 0.234 0.245 0.174 0.000 0.000 0.000 0.000 0.000 0.000 0.000 0.000 0.000
0.000 0.000 0.000 0.001 0.003 0.005 0.006 0.007 0.008 0.009 0.010 0.011 0.012 0.013 0.013 0.014 0.015 0.016 0.018 0.019 0.021 0.023 0.025 0.028 0.031 0.032 0.026 0.018 0.012 0.001 0.168 0.166 0.163 0.159 0.156 0.153 0.150 0.148 0.145 0.000 0.000 0.200 0.257 0.313 0.368 0.425 0.481 0.492 0.504 0.480 0.000 0.000 0.000 0.000 0.000 0.000 0.305 0.282 0.261 0.236 0.213 0.200 0.208 0.218 0.228 0.236 0.246 0.219 0.000 0.000 0.000 0.000 0.000 0.000 0.000 0.000 0.000
0.000 0.000 0.000 0.001 0.003 0.005 0.006 0.007 0.008 0.009 0.010 0.011 0.012 0.013 0.014 0.014 0.015 0.016 0.018 0.019 0.020 0.022 0.024 0.025 0.027 0.027 0.023 0.019 0.015 0.011 0.000 0.186 0.184 0.180 0.177 0.174 0.172 0.169 0.000 0.000 0.000 0.000 0.300 0.355 0.411 0.467 0.522 0.518 0.494 0.469 0.445 0.422 0.000 0.000 0.000 0.000 0.296 0.272 0.251 0.227 0.203 0.201 0.211 0.222 0.230 0.239 0.248 0.000 0.000 0.000 0.000 0.000 0.000 0.000 0.000 0.000 0.000
0.000 0.000 0.000 0.001 0.003 0.005 0.006 0.007 0.008 0.009 0.010 0.011 0.012 0.013 0.014 0.014 0.015 0.016 0.017 0.018 0.020 0.021 0.022 0.023 0.024 0.023 0.021 0.019 0.016 0.013 0.009 0.001 0.000 0.200 0.197 0.195 0.194 0.000 0.000 0.000 0.000 0.000 0.000 0.397 0.454 0.477 0.496 0.000 0.000 0.461 0.439 0.413 0.386 0.362 0.000 0.000 0.286 0.262 0.241 0.216 0.196 0.204 0.212 0.223 0.232 0.241 0.252 0.000 0.000 0.000 0.000 0.000 0.000 0.000 0.000 0.000 0.000
0.000 0.000 0.000 0.001 0.003 0.005 0.006 0.007 0.008 0.009 0.010 0.011 0.012 0.013 0.013 0.014 0.015 0.016 0.017 0.018 0.019 0.020 0.021 0.021 0.022 0.021 0.020 0.018 0.016 0.014 0.011 0.008 0.006 0.001 0.217 0.213 0.000 0.000 0.000 0.000 0.000 0.000 0.000 0.410 0.431 0.451 0.473 0.000 0.000 0.000 0.000 0.401 0.378 0.353 0.325 0.301 0.277 0.252 0.230 0.205 0.198 0.207 0.215 0.225 0.235 0.245 0.255 0.000 0.000 0.000 0.000 0.000 0.000 0.000 0.000 0.000 0.000
0.000 0.000 0.000 0.001 0.003 0.005 0.006 0.007 0.008 0.009 0.010 0.011 0.012 0.012 0.013 0.014 0.015 0.016 0.016 0.017 0.018 0.019 0.019 0.020 0.020 0.019 0.018 0.017 0.015 0.014 0.012 0.010 0.008 0.006 0.000 0.229 0.221 0.000 0.000 0.000 0.000 0.000 0.000 0.387 0.409 0.429 0.448 0.460 0.000 0.000 0.000 0.000 0.000 0.342 0.317 0.291 0.267 0.241 0.222 0.195 0.200 0.208 0.215 0.225 0.236 0.245 0.000 0.000 0.000 0.000 0.000 0.000 0.000 0.000 0.000 0.000 0.000
0.000 0.000 0.000 0.001 0.003 0.005 0.006 0.007 0.008 0.009 0.010 0.011 0.011 0.012 0.013 0.014 0.014 0.015 0.016 0.016 0.017 0.018 0.018 0.018 0.018 0.018 0.017 0.016 0.015 0.013 0.012 0.010 0.009 0.007 0.005 0.000 0.238 0.235 0.000 0.000 0.000 0.000 0.000 0.000 0.389 0.000 0.000 0.444 0.433 0.000 0.000 0.000 0.000 0.000 0.000 0.279 0.256 0.231 0.209 0.192 0.201 0.209 0.217 0.227 0.238 0.248 0.000 0.000 0.000 0.000 0.000 0.000 0.000 0.000 0.000 0.000 0.000
0.000 0.000 0.000 0.001 0.003 0.005 0.006 0.007 0.008 0.009 0.010 0.010 0.011 0.012 0.013 0.013 0.014 0.014 0.015 0.016 0.016 0.017 0.017 0.017 0.017 0.017 0.016 0.015 0.014 0.013 0.012 0.011 0.009 0.008 0.006 0.004 0.000 0.253 0.271 0.000 0.000 0.000 0.000 0.000 0.000 0.000 0.000 0.000 0.415 0.000 0.000 0.000 0.000 0.000 0.290 0.267 0.245 0.220 0.198 0.192 0.201 0.210 0.218 0.228 0.240 0.251 0.000 0.000 0.000 0.000 0.000 0.000 0.000 0.000 0.000 0.000 0.000
0.000 0.000 0.000 0.000 0.003 0.004 0.005 0.006 0.007 0.008 0.009 0.010 0.011 0.011 0.012 0.013 0.013 0.014 0.014 0.015 0.015 0.016 0.016 0.016 0.016 0.015 0.015 0.014 0.013 0.012 0.011 0.010 0.009 0.008 0.007 0.005 0.003 0.001 0.242 0.259 0.000 0.000 0.000 0.000 0.000 0.000 0.000 0.000 0.396 0.000 0.000 0.000 0.000 0.000 0.280 0.256 0.233 0.210 0.187 0.194 0.203 0.212 0.220 0.229 0.239 0.000 0.000 0.000 0.000 0.000 0.000 0.000 0.000 0.000 0.000 0.000 0.000
0.000 0.000 0.000 0.000 0.002 0.003 0.005 0.006 0.007 0.008 0.009 0.010 0.010 0.011 0.012 0.012 0.013 0.013 0.014 0.014 0.015 0.015 0.015 0.015 0.015 0.015 0.014 0.013 0.013 0.012 0.011 0.010 0.009 0.008 0.007 0.006 0.004 0.002 0.000 0.230 0.245 0.000 0.000 0.000 0.000 0.000 0.000 0.377 0.373 0.000 0.000 0.000 0.000 0.287 0.269 0.246 0.222 0.198 0.187 0.196 0.204 0.212 0.220 0.230 0.238 0.242 0.250 0.000 0.000 0.000 0.000 0.000 0.000 0.000 0.000 0.000 0.000
0.000 0.000 0.000 0.000 0.000 0.003 0.004 0.005 0.006 0.007 0.008 0.009 0.010 0.010 0.011 0.012 0.012 0.013 0.013 0.013 0.014 0.014 0.014 0.014 0.014 0.014 0.013 0.013 0.012 0.011 0.011 0.010 0.009 0.008 0.007 0.006 0.004 0.003 0.000 0.000 0.216 0.231 0.000 0.000 0.000 0.000 0.000 0.000 0.000 0.000 0.000 0.000 0.000 0.267 0.254 0.235 0.212 0.187 0.188 0.196 0.206 0.214 0.223 0.232 0.239 0.245 0.253 0.259 0.267 0.000 0.000 0.000 0.000 0.000 0.000 0.000 0.000
0.000 0.000 0.000 0.000 0.000 0.001 0.003 0.004 0.005 0.006 0.007 0.008 0.009 0.010 0.010 0.011 0.011 0.012 0.012 0.013 0.013 0.013 0.013 0.013 0.013 0.013 0.012 0.012 0.011 0.011 0.010 0.009 0.008 0.007 0.006 0.005 0.004 0.002 0.000 0.000 0.000 0.201 0.215 0.235 0.000 0.000 0.000 0.000 0.000 0.000 0.000 0.000 0.255 0.244 0.233 0.221 0.201 0.181 0.190 0.198 0.209 0.217 0.226 0.233 0.240 0.247 0.255 0.262 0.270 0.278 0.285 0.000 0.000 0.000 0.000 0.000 0.000
0.000 0.000 0.000 0.000 0.000 0.000 0.002 0.003 0.004 0.005 0.006 0.007 0.008 0.009 0.010 0.010 0.011 0.011 0.012 0.012 0.012 0.012 0.012 0.012 0.012 0.012 0.012 0.011 0.011 0.010 0.009 0.009 0.008 0.007 0.006 0.005 0.003 0.002 0.000 0.000 0.000 0.000 0.190 0.208 0.226 0.000 0.000 0.000 0.000 0.000 0.000 0.000 0.235 0.223 0.212 0.200 0.189 0.182 0.191 0.200 0.210 0.219 0.226 0.235 0.243 0.251 0.260 0.267 0.272 0.280 0.287 0.296 0.247 0.000 0.000 0.000 0.000
0.000 0.000 0.000 0.000 0.000 0.000 0.000 0.002 0.003 0.004 0.005 0.006 0.007 0.008 0.009 0.010 0.010 0.010 0.011 0.011 0.011 0.011 0.011 0.011 0.011 0.011 0.011 0.010 0.010 0.009 0.009 0.008 0.007 0.006 0.005 0.004 0.002 0.000 0.000 0.000 0.000 0.000 0.000 0.182 0.199 0.218 0.000 0.000 0.000 0.000 0.000 0.224 0.212 0.203 0.189 0.179 0.175 0.180 0.190 0.200 0.211 0.221 0.230 0.238 0.247 0.000 0.000 0.000 0.275 0.284 0.291 0.299 0.290 0.203 0.136 0.000 0.000
0.000 0.000 0.000 0.000 0.000 0.000 0.000 0.000 0.002 0.003 0.004 0.005 0.006 0.007 0.008 0.009 0.009 0.010 0.010 0.010 0.010 0.010 0.010 0.010 0.010 0.010 0.010 0.010 0.009 0.009 0.008 0.007 0.006 0.005 0.004 0.003 0.001 0.000 0.000 0.000 0.000 0.000 0.000 0.000 0.174 0.193 0.213 0.000 0.000 0.000 0.000 0.202 0.191 0.180 0.173 0.174 0.173 0.176 0.185 0.196 0.207 0.217 0.227 0.236 0.247 0.000 0.000 0.000 0.000 0.000 0.292 0.301 0.309 0.247 0.206 0.167 0.000
0.000 0.000 0.000 0.000 0.000 0.000 0.000 0.000 0.000 0.002 0.003 0.004 0.005 0.006 0.007 0.008 0.008 0.009 0.009 0.009 0.009 0.009 0.009 0.009 0.009 0.009 0.009 0.009 0.008 0.008 0.007 0.006 0.005 0.004 0.003 0.001 0.000 0.000 0.000 0.000 0.000 0.000 0.000 0.000 0.153 0.170 0.188 0.208 0.000 0.207 0.195 0.181 0.171 0.171 0.172 0.172 0.172 0.173 0.183 0.194 0.204 0.215 0.226 0.236 0.000 0.000 0.000 0.000 0.000 0.000 0.000 0.301 0.310 0.315 0.276 0.237 0.000
0.000 0.000 0.000 0.000 0.000 0.000 0.000 0.000 0.000 0.000 0.002 0.003 0.004 0.005 0.006 0.007 0.007 0.008 0.008 0.008 0.008 0.008 0.008 0.008 0.008 0.008 0.008 0.008 0.007 0.007 0.006 0.005 0.004 0.003 0.002 0.000 0.000 0.000 0.000 0.000 0.000 0.000 0.000 0.000 0.000 0.147 0.164 0.181 0.199 0.187 0.175 0.169 0.170 0.170 0.171 0.170 0.171 0.171 0.180 0.191 0.202 0.212 0.224 0.000 0.000 0.000 0.000 0.000 0.000 0.000 0.000 0.000 0.000 0.320 0.315 0.304 0.261
0.000 0.000 0.000 0.000 0.000 0.000 0.000 0.000 0.000 0.000 0.000 0.002 0.003 0.004 0.005 0.006 0.007 0.007 0.007 0.007 0.007 0.007 0.007 0.007 0.007 0.007 0.007 0.007 0.006 0.006 0.005 0.004 0.003 0.002 0.000 0.000 0.000 0.000 0.000 0.000 0.000 0.000 0.000 0.000 0.000 0.000 0.141 0.158 0.175 0.169 0.167 0.168 0.169 0.169 0.168 0.168 0.169 0.169 0.176 0.188 0.199 0.209 0.221 0.000 0.000 0.000 0.000 0.000 0.000 0.000 0.000 0.000 0.000 0.000 0.000 0.311 0.304
0.000 0.000 0.000 0.000 0.000 0.000 0.000 0.000 0.000 0.000 0.000 0.000 0.002 0.003 0.004 0.005 0.005 0.006 0.006 0.006 0.006 0.006 0.006 0.006 0.006 0.006 0.006 0.006 0.005 0.005 0.004 0.003 0.002 0.000 0.000 0.000 0.000 0.000 0.000 0.000 0.000 0.000 0.000 0.000 0.000 0.000 0.000 0.136 0.152 0.167 0.166 0.167 0.167 0.167 0.166 0.166 0.168 0.168 0.173 0.185 0.195 0.206 0.000 0.000 0.000 0.000 0.000 0.000 0.000 0.000 0.000 0.000 0.000 0.000 0.000 0.000 0.000
0.000 0.000 0.000 0.000 0.000 0.000 0.000 0.000 0.000 0.000 0.000 0.000 0.000 0.002 0.003 0.004 0.004 0.005 0.005 0.005 0.005 0.005 0.005 0.005 0.005 0.005 0.005 0.005 0.004 0.004 0.003 0.001 0.000 0.000 0.000 0.000 0.000 0.000 0.000 0.000 0.000 0.000 0.000 0.000 0.000 0.000 0.000 0.000 0.132 0.150 0.165 0.165 0.164 0.164 0.164 0.164 0.166 0.167 0.171 0.182 0.193 0.204 0.000 0.000 0.000 0.000 0.000 0.000 0.000 0.000 0.000 0.000 0.000 0.000 0.000 0.000 0.000
0.000 0.000 0.000 0.000 0.000 0.000 0.000 0.000 0.000 0.000 0.000 0.000 0.000 0.000 0.001 0.002 0.003 0.003 0.003 0.003 0.003 0.003 0.003 0.003 0.003 0.003 0.003 0.003 0.003 0.002 0.000 0.000 0.000 0.000 0.000 0.000 0.000 0.000 0.000 0.000 0.000 0.000 0.000 0.000 0.000 0.000 0.000 0.000 0.000 0.121 0.148 0.162 0.162 0.161 0.162 0.161 0.163 0.165 0.167 0.178 0.189 0.000 0.000 0.000 0.000 0.000 0.000 0.000 0.000 0.000 0.000 0.000 0.000 0.000 0.000 0.000 0.000
0.000 0.000 0.000 0.000 0.000 0.000 0.000 0.000 0.000 0.000 0.000 0.000 0.000 0.000 0.000 0.000 0.001 0.001 0.001 0.001 0.001 0.001 0.001 0.001 0.001 0.001 0.001 0.001 0.001 0.000 0.000 0.000 0.000 0.000 0.000 0.000 0.000 0.000 0.000 0.000 0.000 0.000 0.000 0.000 0.000 0.000 0.000 0.000 0.000 0.000 0.127 0.146 0.160 0.159 0.159 0.159 0.159 0.160 0.162 0.173 0.185 0.000 0.000 0.000 0.000 0.000 0.000 0.000 0.000 0.000 0.000 0.000 0.000 0.000 0.000 0.000 0.000
0.000 0.000 0.000 0.000 0.000 0.000 0.000 0.000 0.000 0.000 0.000 0.000 0.000 0.000 0.000 0.000 0.000 0.000 0.000 0.000 0.000 0.000 0.000 0.000 0.000 0.000 0.000 0.000 0.000 0.000 0.000 0.000 0.000 0.000 0.000 0.000 0.000 0.000 0.000 0.000 0.000 0.000 0.000 0.000 0.000 0.000 0.000 0.000 0.000 0.000 0.106 0.125 0.144 0.157 0.156 0.154 0.154 0.154 0.157 0.168 0.000 0.000 0.000 0.000 0.000 0.000 0.000 0.000 0.000 0.000 0.000 0.000 0.000 0.000 0.000 0.000 0.000
0.000 0.000 0.000 0.000 0.000 0.000 0.000 0.000 0.000 0.000 0.000 0.000 0.000 0.000 0.000 0.000 0.000 0.000 0.000 0.000 0.000 0.000 0.000 0.000 0.000 0.000 0.000 0.000 0.000 0.000 0.000 0.000 0.000 0.000 0.000 0.000 0.000 0.000 0.000 0.000 0.000 0.000 0.000 0.000 0.000 0.000 0.000 0.000 0.000 0.000 0.000 0.102 0.121 0.140 0.151 0.148 0.141 0.144 0.146 0.000 0.000 0.000 0.000 0.000 0.000 0.000 0.000 0.000 0.000 0.000 0.000 0.000 0.000 0.000 0.000 0.000 0.000
0.000 0.000 0.000 0.000 0.000 0.000 0.000 0.000 0.000 0.000 0.000 0.000 0.000 0.000 0.000 0.000 0.000 0.000 0.000 0.000 0.000 0.000 0.000 0.000 0.000 0.000 0.000 0.000 0.000 0.000 0.000 0.000 0.000 0.000 0.000 0.000 0.000 0.000 0.000 0.000 0.000 0.000 0.000 0.000 0.000 0.000 0.000 0.000 0.000 0.000 0.000 0.077 0.096 0.115 0.133 0.142 0.139 0.138 0.134 0.130 0.000 0.000 0.000 0.000 0.000 0.000 0.000 0.000 0.000 0.000 0.000 0.000 0.000 0.000 0.000 0.000 0.000
0.000 0.000 0.000 0.000 0.000 0.000 0.000 0.000 0.000 0.000 0.000 0.000 0.000 0.000 0.000 0.000 0.000 0.000 0.000 0.000 0.000 0.000 0.000 0.000 0.000 0.000 0.000 0.000 0.000 0.000 0.000 0.000 0.000 0.000 0.000 0.000 0.000 0.000 0.000 0.000 0.000 0.000 0.000 0.000 0.000 0.000 0.000 0.000 0.000 0.000 0.000 0.054 0.073 0.092 0.109 0.125 0.135 0.132 0.127 0.120 0.121 0.000 0.000 0.000 0.000 0.000 0.000 0.000 0.000 0.000 0.000 0.000 0.000 0.000 0.000 0.000 0.000
0.000 0.000 0.000 0.000 0.000 0.000 0.000 0.000 0.000 0.000 0.000 0.000 0.000 0.000 0.000 0.000 0.000 0.000 0.000 0.000 0.000 0.000 0.000 0.000 0.000 0.000 0.000 0.000 0.000 0.000 0.000 0.000 0.000 0.000 0.000 0.000 0.000 0.000 0.000 0.000 0.000 0.000 0.000 0.000 0.000 0.000 0.000 0.000 0.000 0.000 0.000 0.031 0.049 0.067 0.084 0.102 0.118 0.126 0.119 0.111 0.108 0.099 0.098 0.000 0.000 0.000 0.000 0.000 0.000 0.000 0.000 0.000 0.000 0.000 0.000 0.000 0.000
0.000 0.000 0.000 0.000 0.000 0.000 0.000 0.000 0.000 0.000 0.000 0.000 0.000 0.000 0.000 0.000 0.000 0.000 0.000 0.000 0.000 0.000 0.000 0.000 0.000 0.000 0.000 0.000 0.000 0.000 0.000 0.000 0.000 0.000 0.000 0.000 0.000 0.000 0.000 0.000 0.000 0.000 0.000 0.000 0.000 0.000 0.000 0.000 0.000 0.000 0.000 0.000 0.025 0.043 0.060 0.077 0.092 0.107 0.112 0.102 0.096 0.089 0.089 0.091 0.000 0.000 0.000 0.000 0.000 0.000 0.000 0.000 0.000 0.000 0.000 0.000 0.000
0.000 0.000 0.000 0.000 0.000 0.000 0.000 0.000 0.000 0.000 0.000 0.000 0.000 0.000 0.000 0.000 0.000 0.000 0.000 0.000 0.000 0.000 0.000 0.000 0.000 0.000 0.000 0.000 0.000 0.000 0.000 0.000 0.000 0.000 0.000 0.000 0.000 0.000 0.000 0.000 0.000 0.000 0.000 0.000 0.000 0.000 0.000 0.000 0.000 0.000 0.000 0.000 0.004 0.018 0.036 0.052 0.067 0.080 0.092 0.092 0.082 0.078 0.080 0.081 0.081 0.000 0.000 0.000 0.000 0.000 0.000 0.000 0.000 0.000 0.000 0.000 0.000
