数据/LID_VS_50y/LID_VS_res/LID_VS_127-0001.wd
ncols         694
nrows         824
xllcorner     581104.939801
yllcorner     3495917.092414
cellsize      2.000000
NODATA_value  -9999.000000
[rows 544 to 577 of 824, columns 308 to 384 of 694]
0.000 0.000 0.000 0.000 0.000 0.000 0.000 0.000 0.000 0.001 0.001 0.001 0.001 0.001 0.001 0.001 0.001 0.001 0.001 0.001 0.000 0.000 0.000 0.000 0.000 0.000 0.000 0.000 0.019 0.035 0.038 0.036 0.034 0.033 0.032 0.031 0.031 0.041 0.044 0.042 0.041 0.040 0.040 0.041 0.051 0.079 0.119 0.000 0.000 0.000 0.000 0.000 0.000 0.000 0.000 0.000 0.000 0.000 0.000 0.000 0.000 0.000 0.000 0.000 0.000 0.000 0.000 0.000 0.000 0.000 0.000 0.000 0.000 0.001 0.002 0.002 0.003
0.000 0.000 0.000 0.000 0.000 0.000 0.000 0.000 0.001 0.001 0.001 0.001 0.001 0.001 0.001 0.001 0.001 0.001 0.001 0.001 0.001 0.000 0.000 0.000 0.000 0.000 0.000 0.000 0.001 0.009 0.025 0.028 0.029 0.030 0.030 0.031 0.039 0.043 0.041 0.040 0.039 0.037 0.037 0.037 0.045 0.071 0.111 0.000 0.000 0.000 0.000 0.000 0.000 0.000 0.000 0.000 0.000 0.000 0.000 0.000 0.000 0.000 0.000 0.000 0.000 0.000 0.000 0.000 0.000 0.000 0.000 0.000 0.000 0.001 0.002 0.003 0.005
0.000 0.000 0.000 0.000 0.000 0.000 0.000 0.000 0.001 0.001 0.001 0.001 0.001 0.001 0.001 0.001 0.001 0.001 0.001 0.001 0.001 0.000 0.000 0.000 0.000 0.000 0.000 0.000 0.000 0.002 0.015 0.021 0.023 0.025 0.027 0.035 0.039 0.038 0.037 0.035 0.034 0.033 0.032 0.033 0.039 0.063 0.101 0.000 0.000 0.000 0.000 0.000 0.000 0.000 0.000 0.000 0.000 0.000 0.000 0.000 0.000 0.000 0.000 0.000 0.000 0.000 0.000 0.000 0.000 0.000 0.000 0.000 0.000 0.002 0.003 0.005 0.006
0.001 0.001 0.001 0.001 0.000 0.000 0.000 0.000 0.001 0.001 0.001 0.001 0.001 0.001 0.001 0.001 0.001 0.001 0.001 0.001 0.001 0.001 0.001 0.000 0.000 0.000 0.000 0.001 0.001 0.001 0.002 0.014 0.018 0.020 0.027 0.033 0.032 0.031 0.030 0.029 0.028 0.027 0.027 0.027 0.032 0.056 0.000 0.000 0.000 0.000 0.000 0.000 0.000 0.000 0.000 0.000 0.000 0.000 0.000 0.000 0.000 0.000 0.000 0.000 0.000 0.000 0.000 0.000 0.000 0.000 0.000 0.000 0.003 0.004 0.005 0.006 0.008
0.002 0.002 0.002 0.002 0.001 0.001 0.001 0.001 0.001 0.001 0.001 0.001 0.001 0.001 0.001 0.001 0.001 0.001 0.001 0.001 0.001 0.000 0.001 0.001 0.001 0.001 0.001 0.001 0.001 0.001 0.001 0.008 0.013 0.018 0.024 0.024 0.023 0.023 0.022 0.022 0.021 0.021 0.020 0.020 0.023 0.045 0.000 0.000 0.000 0.000 0.000 0.000 0.000 0.000 0.000 0.000 0.000 0.000 0.000 0.000 0.000 0.000 0.000 0.000 0.000 0.000 0.000 0.000 0.000 0.000 0.000 0.000 0.004 0.006 0.007 0.009 0.011
0.009 0.009 0.006 0.004 0.003 0.003 0.000 0.000 0.001 0.001 0.001 0.001 0.001 0.001 0.001 0.001 0.001 0.001 0.001 0.001 0.001 0.001 0.001 0.001 0.001 0.001 0.001 0.001 0.001 0.001 0.001 0.001 0.008 0.014 0.014 0.013 0.013 0.013 0.013 0.013 0.013 0.012 0.012 0.012 0.013 0.024 0.028 0.048 0.000 0.000 0.000 0.000 0.000 0.000 0.000 0.000 0.000 0.000 0.000 0.000 0.000 0.000 0.000 0.000 0.000 0.000 0.000 0.000 0.000 0.000 0.000 0.000 0.007 0.008 0.010 0.011 0.013
0.000 0.000 0.005 0.004 0.003 0.005 0.000 0.000 0.000 0.000 0.001 0.001 0.001 0.001 0.001 0.001 0.001 0.001 0.001 0.001 0.001 0.001 0.001 0.001 0.001 0.001 0.001 0.001 0.001 0.001 0.001 0.001 0.005 0.004 0.004 0.004 0.004 0.004 0.004 0.004 0.005 0.005 0.005 0.005 0.006 0.007 0.011 0.025 0.024 0.025 0.029 0.050 0.000 0.000 0.000 0.000 0.000 0.000 0.000 0.000 0.000 0.000 0.000 0.000 0.000 0.000 0.000 0.000 0.000 0.000 0.009 0.011 0.011 0.012 0.012 0.014 0.016
0.000 0.000 0.004 0.004 0.006 0.104 0.000 0.000 0.000 0.000 0.000 0.000 0.000 0.001 0.001 0.001 0.001 0.001 0.001 0.001 0.001 0.001 0.001 0.001 0.001 0.001 0.001 0.001 0.001 0.001 0.001 0.000 0.003 0.004 0.003 0.003 0.002 0.002 0.002 0.002 0.002 0.003 0.003 0.003 0.004 0.004 0.005 0.007 0.008 0.009 0.014 0.027 0.028 0.032 0.053 0.000 0.000 0.000 0.000 0.000 0.000 0.000 0.000 0.000 0.000 0.000 0.000 0.000 0.011 0.013 0.013 0.014 0.014 0.014 0.015 0.016 0.018
0.000 0.000 0.003 0.004 0.007 0.000 0.000 0.000 0.000 0.000 0.000 0.000 0.000 0.000 0.000 0.000 0.000 0.001 0.001 0.001 0.001 0.001 0.001 0.001 0.001 0.001 0.001 0.001 0.001 0.001 0.001 0.001 0.002 0.003 0.003 0.003 0.003 0.003 0.002 0.002 0.002 0.002 0.002 0.002 0.003 0.003 0.003 0.004 0.004 0.005 0.005 0.009 0.011 0.016 0.030 0.030 0.030 0.031 0.051 0.000 0.000 0.000 0.000 0.000 0.000 0.000 0.013 0.016 0.015 0.016 0.016 0.016 0.016 0.016 0.017 0.018 0.020
0.000 0.000 0.003 0.004 0.011 0.000 0.000 0.000 0.000 0.000 0.000 0.000 0.000 0.000 0.000 0.000 0.000 0.000 0.000 0.000 0.001 0.001 0.001 0.001 0.001 0.001 0.001 0.001 0.001 0.001 0.001 0.001 0.002 0.002 0.003 0.003 0.003 0.003 0.003 0.003 0.003 0.003 0.002 0.002 0.002 0.002 0.002 0.003 0.003 0.003 0.004 0.004 0.005 0.005 0.010 0.012 0.013 0.000 0.026 0.029 0.043 0.071 0.000 0.000 0.018 0.020 0.019 0.018 0.018 0.018 0.018 0.018 0.018 0.018 0.018 0.019 0.021
0.000 0.000 0.002 0.009 0.111 0.000 0.000 0.000 0.000 0.000 0.000 0.000 0.000 0.000 0.000 0.000 0.000 0.000 0.000 0.000 0.000 0.000 0.000 0.000 0.001 0.002 0.002 0.002 0.002 0.002 0.002 0.002 0.002 0.002 0.003 0.003 0.003 0.003 0.003 0.003 0.003 0.003 0.003 0.002 0.002 0.002 0.002 0.002 0.002 0.003 0.003 0.003 0.003 0.004 0.004 0.005 0.006 0.006 0.009 0.013 0.029 0.055 0.046 0.033 0.025 0.023 0.021 0.020 0.019 0.019 0.019 0.019 0.019 0.018 0.019 0.019 0.022
0.000 0.000 0.002 0.009 0.000 0.000 0.000 0.000 0.000 0.000 0.000 0.000 0.000 0.000 0.000 0.000 0.000 0.000 0.000 0.000 0.000 0.000 0.000 0.000 0.000 0.000 0.002 0.002 0.003 0.003 0.003 0.003 0.003 0.003 0.003 0.003 0.003 0.004 0.004 0.004 0.004 0.004 0.004 0.003 0.003 0.003 0.003 0.003 0.003 0.002 0.002 0.003 0.003 0.003 0.003 0.004 0.004 0.004 0.005 0.006 0.016 0.039 0.031 0.023 0.022 0.021 0.021 0.020 0.019 0.019 0.019 0.019 0.019 0.018 0.019 0.020 0.022
0.000 0.000 0.002 0.009 0.000 0.000 0.000 0.000 0.000 0.000 0.000 0.000 0.000 0.000 0.000 0.000 0.000 0.000 0.000 0.000 0.000 0.000 0.000 0.000 0.000 0.000 0.000 0.000 0.000 0.000 0.000 0.002 0.002 0.002 0.003 0.003 0.003 0.004 0.004 0.004 0.005 0.005 0.005 0.004 0.004 0.004 0.004 0.004 0.004 0.004 0.004 0.003 0.003 0.003 0.003 0.003 0.003 0.004 0.004 0.004 0.007 0.025 0.017 0.017 0.018 0.018 0.018 0.018 0.018 0.018 0.018 0.018 0.018 0.017 0.017 0.019 0.020
0.000 0.000 0.002 0.010 0.000 0.000 0.000 0.000 0.000 0.000 0.000 0.000 0.000 0.000 0.000 0.000 0.000 0.000 0.000 0.000 0.000 0.000 0.000 0.000 0.000 0.000 0.000 0.000 0.000 0.000 0.000 0.000 0.002 0.003 0.003 0.003 0.003 0.004 0.004 0.005 0.005 0.005 0.005 0.005 0.005 0.005 0.005 0.005 0.005 0.005 0.005 0.005 0.005 0.004 0.004 0.003 0.003 0.003 0.003 0.003 0.004 0.011 0.009 0.012 0.013 0.014 0.015 0.016 0.016 0.016 0.016 0.016 0.016 0.014 0.014 0.017 0.018
0.000 0.000 0.002 0.007 0.004 0.004 0.000 0.000 0.000 0.000 0.000 0.000 0.000 0.000 0.000 0.000 0.000 0.000 0.000 0.000 0.000 0.000 0.000 0.000 0.000 0.000 0.000 0.000 0.000 0.000 0.000 0.000 0.000 0.000 0.002 0.003 0.003 0.004 0.005 0.005 0.005 0.006 0.006 0.006 0.006 0.006 0.006 0.006 0.006 0.006 0.006 0.006 0.006 0.006 0.005 0.005 0.005 0.004 0.003 0.003 0.003 0.004 0.006 0.008 0.010 0.011 0.012 0.013 0.013 0.014 0.014 0.014 0.013 0.000 0.010 0.015 0.016
0.000 0.000 0.002 0.006 0.004 0.005 0.004 0.003 0.003 0.000 0.000 0.000 0.000 0.000 0.000 0.000 0.000 0.000 0.000 0.000 0.000 0.000 0.000 0.000 0.000 0.000 0.000 0.000 0.000 0.000 0.000 0.000 0.000 0.000 0.000 0.002 0.004 0.005 0.005 0.005 0.006 0.006 0.006 0.006 0.006 0.007 0.007 0.007 0.007 0.007 0.007 0.007 0.007 0.007 0.007 0.007 0.006 0.006 0.006 0.005 0.005 0.004 0.004 0.004 0.006 0.007 0.008 0.009 0.010 0.011 0.011 0.012 0.012 0.010 0.011 0.014 0.014
0.000 0.000 0.002 0.004 0.006 0.008 0.008 0.006 0.005 0.004 0.004 0.000 0.000 0.000 0.000 0.000 0.000 0.000 0.000 0.000 0.000 0.000 0.000 0.000 0.000 0.000 0.000 0.000 0.000 0.000 0.000 0.000 0.000 0.000 0.000 0.000 0.000 0.000 0.004 0.005 0.005 0.006 0.006 0.007 0.007 0.007 0.007 0.008 0.008 0.008 0.008 0.008 0.008 0.008 0.008 0.008 0.008 0.007 0.007 0.007 0.007 0.007 0.005 0.005 0.004 0.004 0.004 0.006 0.007 0.008 0.009 0.009 0.010 0.010 0.010 0.012 0.012
0.000 0.000 0.002 0.005 0.000 0.000 0.000 0.006 0.008 0.009 0.007 0.005 0.004 0.005 0.000 0.000 0.000 0.000 0.000 0.000 0.000 0.000 0.000 0.000 0.000 0.000 0.000 0.000 0.000 0.000 0.000 0.000 0.000 0.000 0.000 0.000 0.000 0.000 0.000 0.004 0.005 0.006 0.006 0.006 0.007 0.007 0.008 0.008 0.008 0.008 0.008 0.009 0.009 0.009 0.009 0.009 0.008 0.008 0.008 0.008 0.008 0.009 0.008 0.006 0.005 0.004 0.004 0.003 0.003 0.004 0.005 0.006 0.007 0.007 0.009 0.010 0.010
0.000 0.000 0.002 0.005 0.000 0.000 0.000 0.000 0.000 0.000 0.007 0.008 0.009 0.010 0.014 0.000 0.000 0.000 0.000 0.000 0.000 0.000 0.000 0.000 0.000 0.000 0.000 0.000 0.000 0.000 0.000 0.000 0.000 0.000 0.000 0.000 0.000 0.000 0.000 0.000 0.003 0.005 0.005 0.006 0.007 0.007 0.008 0.008 0.008 0.009 0.009 0.009 0.009 0.009 0.009 0.009 0.009 0.009 0.009 0.009 0.009 0.011 0.009 0.008 0.007 0.005 0.004 0.003 0.003 0.003 0.002 0.003 0.004 0.005 0.006 0.007 0.007
0.000 0.000 0.002 0.004 0.002 0.002 0.002 0.000 0.000 0.000 0.000 0.000 0.008 0.011 0.015 0.012 0.010 0.008 0.011 0.000 0.000 0.000 0.000 0.000 0.000 0.000 0.000 0.000 0.000 0.000 0.000 0.000 0.000 0.000 0.000 0.000 0.000 0.000 0.000 0.000 0.002 0.004 0.005 0.005 0.006 0.007 0.007 0.008 0.008 0.009 0.009 0.009 0.009 0.010 0.010 0.010 0.010 0.010 0.010 0.010 0.011 0.013 0.011 0.010 0.008 0.007 0.005 0.005 0.004 0.004 0.003 0.003 0.002 0.002 0.003 0.003 0.000
0.000 0.000 0.002 0.003 0.004 0.000 0.002 0.001 0.001 0.003 0.000 0.000 0.000 0.000 0.000 0.009 0.009 0.009 0.010 0.008 0.007 0.006 0.007 0.038 0.000 0.000 0.000 0.000 0.000 0.000 0.000 0.000 0.000 0.000 0.000 0.000 0.000 0.000 0.000 0.000 0.002 0.003 0.004 0.005 0.006 0.006 0.007 0.008 0.008 0.009 0.009 0.009 0.010 0.010 0.010 0.010 0.011 0.011 0.011 0.011 0.012 0.015 0.013 0.012 0.010 0.008 0.007 0.006 0.005 0.005 0.004 0.004 0.003 0.003 0.003 0.003 0.002
0.000 0.000 0.001 0.003 0.118 0.000 0.000 0.002 0.003 0.004 0.003 0.002 0.003 0.000 0.000 0.000 0.007 0.009 0.009 0.008 0.008 0.008 0.012 0.000 0.000 0.000 0.000 0.000 0.000 0.000 0.000 0.000 0.000 0.000 0.000 0.000 0.000 0.000 0.000 0.000 0.001 0.002 0.003 0.004 0.005 0.006 0.007 0.007 0.008 0.008 0.009 0.009 0.010 0.010 0.011 0.011 0.011 0.012 0.012 0.012 0.013 0.017 0.015 0.014 0.012 0.010 0.009 0.008 0.007 0.006 0.005 0.005 0.005 0.005 0.004 0.003 0.003
0.000 0.000 0.001 0.060 0.000 0.000 0.000 0.000 0.000 0.000 0.002 0.002 0.003 0.002 0.003 0.000 0.000 0.000 0.006 0.007 0.007 0.008 0.016 0.000 0.000 0.000 0.000 0.000 0.000 0.000 0.000 0.000 0.000 0.000 0.000 0.000 0.000 0.000 0.000 0.000 0.001 0.002 0.003 0.004 0.005 0.006 0.007 0.007 0.008 0.008 0.009 0.010 0.011 0.012 0.012 0.013 0.013 0.013 0.013 0.014 0.015 0.019 0.018 0.016 0.014 0.012 0.011 0.010 0.009 0.008 0.007 0.007 0.009 0.004 0.004 0.000 0.003
0.000 0.000 0.001 0.000 0.000 0.000 0.000 0.000 0.000 0.000 0.000 0.004 0.000 0.002 0.000 0.000 0.000 0.000 0.005 0.006 0.006 0.008 0.018 0.000 0.000 0.000 0.000 0.000 0.000 0.000 0.000 0.000 0.000 0.000 0.000 0.000 0.000 0.000 0.000 0.000 0.001 0.002 0.003 0.003 0.005 0.006 0.007 0.008 0.008 0.009 0.011 0.013 0.014 0.016 0.016 0.016 0.016 0.016 0.016 0.016 0.018 0.022 0.020 0.019 0.017 0.015 0.013 0.012 0.010 0.009 0.009 0.011 0.008 0.005 0.005 0.003 0.004
0.000 0.000 0.001 0.000 0.000 0.000 0.000 0.000 0.000 0.000 0.000 0.000 0.000 0.000 0.000 0.000 0.000 0.000 0.000 0.005 0.006 0.009 0.021 0.000 0.000 0.000 0.000 0.000 0.000 0.000 0.000 0.000 0.000 0.000 0.000 0.000 0.000 0.000 0.000 0.000 0.001 0.001 0.002 0.003 0.005 0.004 0.006 0.008 0.008 0.011 0.025 0.026 0.027 0.027 0.022 0.020 0.020 0.020 0.020 0.020 0.021 0.026 0.024 0.022 0.020 0.018 0.016 0.014 0.012 0.011 0.013 0.012 0.007 0.006 0.005 0.005 0.004
0.000 0.000 0.001 0.000 0.000 0.000 0.000 0.000 0.000 0.000 0.000 0.000 0.000 0.000 0.000 0.000 0.000 0.000 0.000 0.000 0.004 0.009 0.015 0.019 0.000 0.000 0.000 0.000 0.000 0.000 0.000 0.000 0.000 0.000 0.000 0.000 0.000 0.000 0.000 0.000 0.001 0.001 0.001 0.003 0.003 0.003 0.004 0.006 0.009 0.021 0.054 0.000 0.000 0.000 0.019 0.024 0.027 0.029 0.025 0.024 0.026 0.031 0.028 0.026 0.023 0.020 0.018 0.016 0.015 0.016 0.017 0.011 0.006 0.006 0.006 0.006 0.005
0.000 0.000 0.000 0.000 0.000 0.000 0.000 0.000 0.000 0.000 0.000 0.000 0.000 0.000 0.000 0.000 0.000 0.000 0.000 0.000 0.000 0.000 0.009 0.013 0.011 0.015 0.000 0.000 0.000 0.000 0.000 0.000 0.000 0.000 0.000 0.000 0.000 0.000 0.000 0.000 0.001 0.001 0.002 0.002 0.002 0.002 0.002 0.004 0.007 0.036 0.075 0.000 0.000 0.000 0.000 0.000 0.000 0.000 0.021 0.028 0.033 0.037 0.033 0.029 0.026 0.023 0.021 0.020 0.020 0.023 0.017 0.010 0.008 0.007 0.007 0.007 0.006
0.000 0.000 0.000 0.000 0.000 0.000 0.000 0.000 0.000 0.000 0.000 0.000 0.000 0.000 0.000 0.000 0.000 0.000 0.000 0.000 0.000 0.000 0.006 0.008 0.009 0.011 0.008 0.007 0.000 0.000 0.000 0.000 0.000 0.000 0.000 0.000 0.000 0.000 0.000 0.000 0.001 0.001 0.001 0.001 0.001 0.001 0.001 0.002 0.005 0.039 0.088 0.000 0.000 0.000 0.000 0.000 0.000 0.000 0.000 0.000 0.000 0.040 0.035 0.031 0.028 0.025 0.024 0.024 0.029 0.023 0.016 0.009 0.009 0.008 0.008 0.008 0.007
0.000 0.000 0.000 0.000 0.000 0.000 0.000 0.000 0.000 0.000 0.000 0.000 0.000 0.000 0.000 0.000 0.000 0.000 0.000 0.000 0.000 0.000 0.003 0.006 0.007 0.008 0.006 0.003 0.000 0.000 0.000 0.000 0.000 0.000 0.000 0.000 0.000 0.000 0.000 0.000 0.000 0.000 0.000 0.000 0.001 0.001 0.001 0.001 0.005 0.042 0.000 0.000 0.000 0.000 0.000 0.000 0.000 0.000 0.000 0.000 0.000 0.000 0.029 0.029 0.028 0.027 0.028 0.033 0.029 0.023 0.015 0.010 0.010 0.010 0.009 0.009 0.008
0.000 0.000 0.000 0.000 0.000 0.000 0.000 0.000 0.000 0.000 0.000 0.000 0.000 0.000 0.000 0.000 0.000 0.000 0.000 0.000 0.000 0.000 0.002 0.000 0.000 0.000 0.000 0.000 0.000 0.000 0.000 0.000 0.000 0.000 0.000 0.000 0.000 0.000 0.000 0.000 0.000 0.000 0.000 0.000 0.000 0.001 0.001 0.001 0.007 0.045 0.000 0.000 0.000 0.000 0.000 0.000 0.000 0.000 0.000 0.000 0.000 0.007 0.025 0.027 0.028 0.030 0.035 0.035 0.028 0.022 0.013 0.011 0.011 0.011 0.010 0.010 0.009
0.000 0.000 0.000 0.000 0.000 0.000 0.000 0.000 0.000 0.000 0.000 0.000 0.000 0.000 0.000 0.000 0.000 0.000 0.000 0.000 0.000 0.000 0.000 0.000 0.000 0.000 0.000 0.000 0.000 0.000 0.000 0.000 0.000 0.000 0.000 0.000 0.000 0.000 0.000 0.000 0.000 0.000 0.000 0.000 0.000 0.000 0.001 0.001 0.011 0.000 0.000 0.000 0.000 0.000 0.000 0.000 0.000 0.000 0.000 0.000 0.000 0.008 0.023 0.027 0.030 0.035 0.039 0.033 0.027 0.020 0.013 0.012 0.012 0.011 0.011 0.011 0.010
0.000 0.000 0.000 0.000 0.000 0.000 0.000 0.000 0.000 0.000 0.000 0.000 0.000 0.000 0.000 0.000 0.000 0.000 0.000 0.000 0.000 0.000 0.000 0.000 0.000 0.000 0.000 0.000 0.000 0.000 0.000 0.000 0.000 0.000 0.000 0.000 0.000 0.000 0.000 0.000 0.000 0.000 0.000 0.000 0.000 0.000 0.000 0.001 0.014 0.000 0.000 0.000 0.000 0.000 0.000 0.000 0.000 0.000 0.000 0.000 0.000 0.009 0.022 0.028 0.034 0.041 0.037 0.031 0.025 0.017 0.013 0.013 0.011 0.011 0.011 0.011 0.011
0.000 0.000 0.000 0.000 0.000 0.000 0.000 0.000 0.000 0.000 0.000 0.000 0.000 0.000 0.000 0.000 0.000 0.000 0.000 0.000 0.000 0.000 0.000 0.000 0.000 0.000 0.000 0.000 0.000 0.000 0.000 0.000 0.000 0.000 0.000 0.000 0.000 0.000 0.000 0.000 0.000 0.000 0.000 0.000 0.000 0.000 0.000 0.003 0.000 0.000 0.000 0.000 0.000 0.000 0.000 0.000 0.000 0.000 0.000 0.000 0.000 0.010 0.023 0.031 0.041 0.039 0.034 0.029 0.023 0.014 0.013 0.011 0.000 0.010 0.011 0.012 0.011
0.000 0.000 0.000 0.000 0.000 0.000 0.000 0.000 0.000 0.000 0.000 0.000 0.000 0.000 0.000 0.000 0.000 0.000 0.000 0.000 0.000 0.000 0.000 0.000 0.000 0.000 0.000 0.000 0.000 0.000 0.000 0.000 0.000 0.000 0.000 0.000 0.000 0.000 0.000 0.000 0.000 0.000 0.000 0.000 0.000 0.000 0.000 0.003 0.000 0.000 0.000 0.000 0.000 0.000 0.000 0.000 0.000 0.000 0.000 0.000 0.001 0.013 0.028 0.039 0.040 0.037 0.032 0.027 0.019 0.014 0.013 0.012 0.010 0.011 0.012 0.012 0.012
