数据/LID_VS_50y/LID_VS_res/LID_VS_134-0001.wd
ncols         694
nrows         824
xllcorner     581104.939801
yllcorner     3495917.092414
cellsize      2.000000
NODATA_value  -9999.000000
[rows 714 to 747 of 824, columns 154 to 230 of 694]
0.000 0.000 0.000 0.000 0.000 0.000 0.002 0.003 0.004 0.005 0.006 0.007 0.008 0.009 0.009 0.010 0.010 0.010 0.009 0.008 0.000 0.000 0.085 0.079 0.074 0.072 0.069 0.066 0.061 0.057 0.053 0.048 0.000 0.000 0.000 0.000 0.000 0.000 0.000 0.000 0.000 0.000 0.005 0.058 0.079 0.090 0.100 0.111 0.121 0.000 0.000 0.000 0.000 0.000 0.000 0.000 0.000 0.000 0.222 0.232 0.243 0.243 0.218 0.199 0.208 0.124 0.042 0.000 0.000 0.000 0.000 0.000 0.000 0.000 0.000 0.000 0.000
0.000 0.000 0.000 0.000 0.000 0.002 0.003 0.004 0.005 0.006 0.007 0.008 0.009 0.010 0.010 0.011 0.011 0.012 0.012 0.012 0.011 0.010 0.000 0.098 0.096 0.093 0.090 0.086 0.081 0.076 0.071 0.065 0.060 0.056 0.000 0.000 0.000 0.000 0.000 0.000 0.000 0.000 0.044 0.100 0.143 0.153 0.163 0.174 0.184 0.000 0.000 0.000 0.000 0.000 0.000 0.000 0.000 0.000 0.284 0.279 0.255 0.233 0.209 0.200 0.210 0.164 0.079 0.003 0.000 0.000 0.000 0.000 0.000 0.000 0.000 0.000 0.000
0.000 0.000 0.000 0.000 0.001 0.003 0.004 0.005 0.006 0.007 0.008 0.009 0.010 0.011 0.011 0.012 0.012 0.013 0.014 0.014 0.015 0.015 0.014 0.001 0.000 0.114 0.111 0.107 0.101 0.096 0.090 0.085 0.080 0.075 0.072 0.000 0.000 0.000 0.000 0.000 0.000 0.031 0.085 0.142 0.197 0.216 0.226 0.237 0.247 0.000 0.000 0.000 0.000 0.000 0.000 0.000 0.000 0.317 0.293 0.270 0.246 0.223 0.199 0.203 0.212 0.209 0.124 0.037 0.000 0.000 0.000 0.000 0.000 0.000 0.000 0.000 0.000
0.000 0.000 0.000 0.000 0.002 0.004 0.005 0.006 0.007 0.008 0.009 0.010 0.010 0.011 0.012 0.013 0.013 0.014 0.015 0.016 0.018 0.019 0.021 0.023 0.027 0.001 0.132 0.127 0.122 0.115 0.109 0.104 0.099 0.095 0.091 0.087 0.085 0.000 0.000 0.000 0.021 0.071 0.126 0.182 0.238 0.277 0.289 0.300 0.000 0.000 0.000 0.000 0.000 0.000 0.000 0.000 0.000 0.308 0.284 0.261 0.237 0.213 0.196 0.205 0.215 0.224 0.166 0.081 0.005 0.000 0.000 0.000 0.000 0.000 0.000 0.000 0.000
0.000 0.000 0.000 0.001 0.003 0.005 0.006 0.007 0.008 0.009 0.009 0.010 0.011 0.012 0.012 0.013 0.014 0.015 0.016 0.018 0.020 0.022 0.026 0.031 0.042 0.062 0.001 0.147 0.142 0.134 0.129 0.124 0.119 0.116 0.112 0.108 0.106 0.103 0.000 0.055 0.069 0.113 0.168 0.224 0.279 0.336 0.352 0.362 0.000 0.000 0.000 0.000 0.000 0.000 0.000 0.000 0.000 0.298 0.274 0.251 0.226 0.204 0.199 0.208 0.218 0.226 0.210 0.126 0.000 0.000 0.000 0.000 0.000 0.000 0.000 0.000 0.000
0.000 0.000 0.000 0.001 0.003 0.005 0.006 0.007 0.008 0.009 0.010 0.011 0.011 0.012 0.013 0.014 0.015 0.016 0.017 0.019 0.021 0.023 0.026 0.030 0.036 0.042 0.028 0.001 0.001 0.151 0.148 0.143 0.140 0.136 0.132 0.129 0.127 0.123 0.116 0.092 0.113 0.155 0.210 0.266 0.322 0.379 0.414 0.425 0.000 0.000 0.000 0.000 0.000 0.000 0.000 0.000 0.000 0.288 0.265 0.242 0.219 0.194 0.202 0.212 0.221 0.229 0.240 0.170 0.000 0.000 0.000 0.000 0.000 0.000 0.000 0.000 0.000
0.000 0.000 0.000 0.001 0.003 0.005 0.006 0.007 0.008 0.009 0.010 0.011 0.012 0.012 0.013 0.014 0.015 0.016 0.017 0.019 0.021 0.023 0.025 0.028 0.031 0.032 0.026 0.018 0.012 0.000 0.166 0.163 0.161 0.157 0.153 0.151 0.148 0.146 0.142 0.000 0.000 0.196 0.253 0.309 0.364 0.421 0.476 0.488 0.500 0.476 0.000 0.000 0.000 0.000 0.000 0.000 0.301 0.278 0.256 0.232 0.209 0.195 0.204 0.214 0.223 0.232 0.242 0.215 0.000 0.000 0.000 0.000 0.000 0.000 0.000 0.000 0.000
0.000 0.000 0.000 0.001 0.003 0.005 0.006 0.007 0.008 0.009 0.010 0.011 0.012 0.013 0.013 0.014 0.015 0.016 0.017 0.019 0.020 0.022 0.024 0.025 0.027 0.027 0.023 0.019 0.015 0.011 0.000 0.183 0.181 0.177 0.175 0.172 0.169 0.167 0.000 0.000 0.000 0.000 0.296 0.351 0.407 0.462 0.517 0.514 0.491 0.465 0.441 0.418 0.000 0.000 0.000 0.000 0.292 0.268 0.246 0.222 0.199 0.197 0.207 0.217 0.226 0.234 0.244 0.000 0.000 0.000 0.000 0.000 0.000 0.000 0.000 0.000 0.000
0.000 0.000 0.000 0.001 0.003 0.005 0.006 0.007 0.008 0.009 0.010 0.011 0.012 0.013 0.013 0.014 0.015 0.016 0.017 0.018 0.020 0.021 0.022 0.023 0.024 0.023 0.021 0.019 0.016 0.013 0.009 0.001 0.000 0.197 0.195 0.193 0.191 0.000 0.000 0.000 0.000 0.000 0.000 0.394 0.450 0.473 0.492 0.000 0.000 0.457 0.434 0.409 0.382 0.358 0.000 0.000 0.282 0.258 0.236 0.212 0.193 0.199 0.208 0.219 0.228 0.237 0.248 0.000 0.000 0.000 0.000 0.000 0.000 0.000 0.000 0.000 0.000
0.000 0.000 0.000 0.001 0.003 0.005 0.006 0.007 0.008 0.009 0.010 0.011 0.012 0.012 0.013 0.014 0.015 0.016 0.017 0.018 0.019 0.020 0.021 0.021 0.021 0.021 0.020 0.018 0.016 0.014 0.011 0.008 0.006 0.001 0.214 0.211 0.000 0.000 0.000 0.000 0.000 0.000 0.000 0.406 0.427 0.447 0.468 0.000 0.000 0.000 0.000 0.397 0.374 0.349 0.322 0.297 0.273 0.249 0.225 0.201 0.194 0.203 0.211 0.220 0.230 0.240 0.251 0.000 0.000 0.000 0.000 0.000 0.000 0.000 0.000 0.000 0.000
0.000 0.000 0.000 0.001 0.003 0.005 0.006 0.007 0.008 0.009 0.010 0.011 0.012 0.012 0.013 0.014 0.015 0.015 0.016 0.017 0.018 0.019 0.019 0.020 0.020 0.019 0.018 0.017 0.015 0.014 0.012 0.010 0.008 0.006 0.000 0.226 0.219 0.000 0.000 0.000 0.000 0.000 0.000 0.383 0.405 0.425 0.444 0.457 0.000 0.000 0.000 0.000 0.000 0.338 0.313 0.287 0.263 0.237 0.217 0.191 0.196 0.204 0.211 0.221 0.232 0.241 0.000 0.000 0.000 0.000 0.000 0.000 0.000 0.000 0.000 0.000 0.000
0.000 0.000 0.000 0.001 0.003 0.005 0.006 0.007 0.008 0.009 0.010 0.011 0.011 0.012 0.013 0.013 0.014 0.015 0.016 0.016 0.017 0.018 0.018 0.018 0.018 0.018 0.017 0.016 0.015 0.013 0.012 0.010 0.009 0.007 0.005 0.000 0.236 0.233 0.000 0.000 0.000 0.000 0.000 0.000 0.385 0.000 0.000 0.440 0.429 0.000 0.000 0.000 0.000 0.000 0.000 0.275 0.251 0.228 0.205 0.188 0.196 0.205 0.213 0.223 0.234 0.243 0.000 0.000 0.000 0.000 0.000 0.000 0.000 0.000 0.000 0.000 0.000
0.000 0.000 0.000 0.001 0.003 0.005 0.006 0.007 0.008 0.009 0.010 0.010 0.011 0.012 0.012 0.013 0.014 0.014 0.015 0.016 0.016 0.017 0.017 0.017 0.017 0.016 0.016 0.015 0.014 0.013 0.012 0.010 0.009 0.008 0.006 0.004 0.000 0.251 0.268 0.000 0.000 0.000 0.000 0.000 0.000 0.000 0.000 0.000 0.410 0.000 0.000 0.000 0.000 0.000 0.286 0.263 0.240 0.216 0.194 0.188 0.197 0.206 0.214 0.224 0.235 0.247 0.000 0.000 0.000 0.000 0.000 0.000 0.000 0.000 0.000 0.000 0.000
0.000 0.000 0.000 0.001 0.003 0.004 0.006 0.007 0.008 0.008 0.009 0.010 0.011 0.011 0.012 0.013 0.013 0.014 0.014 0.015 0.015 0.016 0.016 0.016 0.016 0.015 0.015 0.014 0.013 0.012 0.011 0.010 0.009 0.008 0.007 0.005 0.003 0.001 0.240 0.257 0.000 0.000 0.000 0.000 0.000 0.000 0.000 0.000 0.391 0.000 0.000 0.000 0.000 0.000 0.276 0.252 0.228 0.205 0.182 0.190 0.199 0.208 0.216 0.225 0.235 0.000 0.000 0.000 0.000 0.000 0.000 0.000 0.000 0.000 0.000 0.000 0.000
0.000 0.000 0.000 0.000 0.002 0.004 0.005 0.006 0.007 0.008 0.009 0.010 0.010 0.011 0.012 0.012 0.013 0.013 0.014 0.014 0.014 0.015 0.015 0.015 0.015 0.014 0.014 0.013 0.013 0.012 0.011 0.010 0.009 0.008 0.007 0.006 0.004 0.002 0.000 0.227 0.243 0.000 0.000 0.000 0.000 0.000 0.000 0.373 0.369 0.000 0.000 0.000 0.000 0.284 0.265 0.242 0.218 0.194 0.183 0.191 0.200 0.208 0.216 0.226 0.234 0.238 0.246 0.000 0.000 0.000 0.000 0.000 0.000 0.000 0.000 0.000 0.000
0.000 0.000 0.000 0.000 0.001 0.003 0.004 0.005 0.006 0.007 0.008 0.009 0.010 0.010 0.011 0.012 0.012 0.013 0.013 0.013 0.014 0.014 0.014 0.014 0.014 0.014 0.013 0.013 0.012 0.011 0.011 0.010 0.009 0.008 0.007 0.006 0.004 0.003 0.001 0.000 0.213 0.228 0.000 0.000 0.000 0.000 0.000 0.000 0.000 0.000 0.000 0.000 0.000 0.263 0.251 0.231 0.208 0.184 0.184 0.192 0.202 0.210 0.219 0.228 0.235 0.241 0.249 0.256 0.263 0.000 0.000 0.000 0.000 0.000 0.000 0.000 0.000
0.000 0.000 0.000 0.000 0.000 0.002 0.003 0.004 0.005 0.006 0.007 0.008 0.009 0.010 0.010 0.011 0.011 0.012 0.012 0.013 0.013 0.013 0.013 0.013 0.013 0.013 0.012 0.012 0.011 0.011 0.010 0.009 0.008 0.007 0.006 0.005 0.004 0.003 0.000 0.000 0.000 0.198 0.213 0.232 0.000 0.000 0.000 0.000 0.000 0.000 0.000 0.000 0.252 0.240 0.229 0.217 0.197 0.178 0.186 0.194 0.205 0.213 0.222 0.229 0.236 0.243 0.251 0.259 0.266 0.274 0.282 0.000 0.000 0.000 0.000 0.000 0.000
0.000 0.000 0.000 0.000 0.000 0.000 0.002 0.003 0.004 0.005 0.006 0.007 0.008 0.009 0.010 0.010 0.011 0.011 0.012 0.012 0.012 0.012 0.012 0.012 0.012 0.012 0.012 0.011 0.011 0.010 0.009 0.009 0.008 0.007 0.006 0.005 0.004 0.002 0.000 0.000 0.000 0.000 0.187 0.205 0.224 0.000 0.000 0.000 0.000 0.000 0.000 0.000 0.231 0.220 0.208 0.196 0.184 0.179 0.187 0.196 0.207 0.216 0.223 0.231 0.239 0.248 0.256 0.262 0.269 0.276 0.284 0.292 0.243 0.000 0.000 0.000 0.000
0.000 0.000 0.000 0.000 0.000 0.000 0.000 0.002 0.003 0.004 0.005 0.006 0.007 0.008 0.009 0.010 0.010 0.010 0.011 0.011 0.011 0.011 0.011 0.011 0.011 0.011 0.011 0.010 0.010 0.009 0.009 0.008 0.007 0.006 0.005 0.004 0.003 0.001 0.000 0.000 0.000 0.000 0.000 0.179 0.197 0.216 0.000 0.000 0.000 0.000 0.000 0.220 0.209 0.199 0.186 0.176 0.171 0.177 0.186 0.196 0.207 0.217 0.226 0.234 0.243 0.000 0.000 0.000 0.271 0.280 0.287 0.295 0.287 0.199 0.132 0.000 0.000
0.000 0.000 0.000 0.000 0.000 0.000 0.000 0.000 0.002 0.003 0.004 0.005 0.006 0.007 0.008 0.009 0.009 0.010 0.010 0.010 0.010 0.010 0.010 0.010 0.010 0.010 0.010 0.010 0.009 0.009 0.008 0.007 0.006 0.005 0.004 0.003 0.002 0.000 0.000 0.000 0.000 0.000 0.000 0.000 0.171 0.190 0.210 0.000 0.000 0.000 0.000 0.199 0.188 0.176 0.169 0.170 0.170 0.172 0.182 0.192 0.203 0.213 0.224 0.233 0.243 0.000 0.000 0.000 0.000 0.000 0.289 0.297 0.306 0.243 0.202 0.163 0.000
0.000 0.000 0.000 0.000 0.000 0.000 0.000 0.000 0.000 0.002 0.003 0.004 0.005 0.006 0.007 0.008 0.008 0.009 0.009 0.009 0.009 0.009 0.009 0.009 0.009 0.009 0.009 0.009 0.008 0.008 0.007 0.006 0.005 0.004 0.003 0.002 0.000 0.000 0.000 0.000 0.000 0.000 0.000 0.000 0.150 0.167 0.185 0.205 0.000 0.203 0.191 0.178 0.167 0.167 0.168 0.168 0.168 0.169 0.180 0.190 0.200 0.211 0.222 0.232 0.000 0.000 0.000 0.000 0.000 0.000 0.000 0.297 0.307 0.311 0.273 0.233 0.000
0.000 0.000 0.000 0.000 0.000 0.000 0.000 0.000 0.000 0.000 0.002 0.003 0.004 0.005 0.006 0.007 0.008 0.008 0.008 0.008 0.008 0.008 0.008 0.008 0.008 0.008 0.008 0.008 0.007 0.007 0.006 0.005 0.004 0.003 0.002 0.000 0.000 0.000 0.000 0.000 0.000 0.000 0.000 0.000 0.000 0.144 0.161 0.178 0.196 0.183 0.171 0.166 0.166 0.167 0.167 0.167 0.167 0.167 0.176 0.187 0.198 0.208 0.220 0.000 0.000 0.000 0.000 0.000 0.000 0.000 0.000 0.000 0.000 0.317 0.312 0.301 0.258
0.000 0.000 0.000 0.000 0.000 0.000 0.000 0.000 0.000 0.000 0.000 0.002 0.003 0.004 0.005 0.006 0.007 0.007 0.007 0.007 0.007 0.007 0.007 0.007 0.007 0.007 0.007 0.007 0.006 0.006 0.005 0.004 0.003 0.002 0.000 0.000 0.000 0.000 0.000 0.000 0.000 0.000 0.000 0.000 0.000 0.000 0.138 0.155 0.171 0.165 0.164 0.165 0.165 0.165 0.164 0.164 0.165 0.165 0.173 0.184 0.195 0.206 0.217 0.000 0.000 0.000 0.000 0.000 0.000 0.000 0.000 0.000 0.000 0.000 0.000 0.308 0.301
0.000 0.000 0.000 0.000 0.000 0.000 0.000 0.000 0.000 0.000 0.000 0.000 0.002 0.003 0.004 0.005 0.006 0.006 0.006 0.006 0.006 0.006 0.006 0.006 0.006 0.006 0.006 0.006 0.005 0.005 0.004 0.003 0.002 0.000 0.000 0.000 0.000 0.000 0.000 0.000 0.000 0.000 0.000 0.000 0.000 0.000 0.000 0.133 0.149 0.163 0.163 0.164 0.163 0.163 0.163 0.163 0.164 0.165 0.170 0.181 0.192 0.202 0.000 0.000 0.000 0.000 0.000 0.000 0.000 0.000 0.000 0.000 0.000 0.000 0.000 0.000 0.000
0.000 0.000 0.000 0.000 0.000 0.000 0.000 0.000 0.000 0.000 0.000 0.000 0.000 0.002 0.003 0.004 0.005 0.005 0.005 0.005 0.005 0.005 0.005 0.005 0.005 0.005 0.005 0.005 0.004 0.004 0.003 0.002 0.000 0.000 0.000 0.000 0.000 0.000 0.000 0.000 0.000 0.000 0.000 0.000 0.000 0.000 0.000 0.000 0.128 0.146 0.162 0.162 0.161 0.160 0.160 0.161 0.162 0.164 0.167 0.178 0.189 0.200 0.000 0.000 0.000 0.000 0.000 0.000 0.000 0.000 0.000 0.000 0.000 0.000 0.000 0.000 0.000
0.000 0.000 0.000 0.000 0.000 0.000 0.000 0.000 0.000 0.000 0.000 0.000 0.000 0.000 0.001 0.002 0.003 0.003 0.003 0.003 0.003 0.003 0.003 0.003 0.003 0.003 0.003 0.003 0.003 0.002 0.001 0.000 0.000 0.000 0.000 0.000 0.000 0.000 0.000 0.000 0.000 0.000 0.000 0.000 0.000 0.000 0.000 0.000 0.000 0.117 0.144 0.159 0.159 0.157 0.158 0.158 0.159 0.161 0.163 0.174 0.185 0.000 0.000 0.000 0.000 0.000 0.000 0.000 0.000 0.000 0.000 0.000 0.000 0.000 0.000 0.000 0.000
0.000 0.000 0.000 0.000 0.000 0.000 0.000 0.000 0.000 0.000 0.000 0.000 0.000 0.000 0.000 0.000 0.001 0.001 0.001 0.001 0.001 0.001 0.001 0.001 0.001 0.001 0.001 0.001 0.001 0.000 0.000 0.000 0.000 0.000 0.000 0.000 0.000 0.000 0.000 0.000 0.000 0.000 0.000 0.000 0.000 0.000 0.000 0.000 0.000 0.000 0.124 0.143 0.157 0.156 0.156 0.155 0.156 0.157 0.158 0.170 0.181 0.000 0.000 0.000 0.000 0.000 0.000 0.000 0.000 0.000 0.000 0.000 0.000 0.000 0.000 0.000 0.000
0.000 0.000 0.000 0.000 0.000 0.000 0.000 0.000 0.000 0.000 0.000 0.000 0.000 0.000 0.000 0.000 0.000 0.000 0.000 0.000 0.000 0.000 0.000 0.000 0.000 0.000 0.000 0.000 0.000 0.000 0.000 0.000 0.000 0.000 0.000 0.000 0.000 0.000 0.000 0.000 0.000 0.000 0.000 0.000 0.000 0.000 0.000 0.000 0.000 0.000 0.102 0.121 0.141 0.154 0.152 0.151 0.150 0.151 0.154 0.165 0.000 0.000 0.000 0.000 0.000 0.000 0.000 0.000 0.000 0.000 0.000 0.000 0.000 0.000 0.000 0.000 0.000
0.000 0.000 0.000 0.000 0.000 0.000 0.000 0.000 0.000 0.000 0.000 0.000 0.000 0.000 0.000 0.000 0.000 0.000 0.000 0.000 0.000 0.000 0.000 0.000 0.000 0.000 0.000 0.000 0.000 0.000 0.000 0.000 0.000 0.000 0.000 0.000 0.000 0.000 0.000 0.000 0.000 0.000 0.000 0.000 0.000 0.000 0.000 0.000 0.000 0.000 0.000 0.098 0.118 0.136 0.148 0.144 0.137 0.141 0.143 0.000 0.000 0.000 0.000 0.000 0.000 0.000 0.000 0.000 0.000 0.000 0.000 0.000 0.000 0.000 0.000 0.000 0.000
0.000 0.000 0.000 0.000 0.000 0.000 0.000 0.000 0.000 0.000 0.000 0.000 0.000 0.000 0.000 0.000 0.000 0.000 0.000 0.000 0.000 0.000 0.000 0.000 0.000 0.000 0.000 0.000 0.000 0.000 0.000 0.000 0.000 0.000 0.000 0.000 0.000 0.000 0.000 0.000 0.000 0.000 0.000 0.000 0.000 0.000 0.000 0.000 0.000 0.000 0.000 0.073 0.093 0.112 0.130 0.139 0.135 0.135 0.131 0.127 0.000 0.000 0.000 0.000 0.000 0.000 0.000 0.000 0.000 0.000 0.000 0.000 0.000 0.000 0.000 0.000 0.000
0.000 0.000 0.000 0.000 0.000 0.000 0.000 0.000 0.000 0.000 0.000 0.000 0.000 0.000 0.000 0.000 0.000 0.000 0.000 0.000 0.000 0.000 0.000 0.000 0.000 0.000 0.000 0.000 0.000 0.000 0.000 0.000 0.000 0.000 0.000 0.000 0.000 0.000 0.000 0.000 0.000 0.000 0.000 0.000 0.000 0.000 0.000 0.000 0.000 0.000 0.000 0.050 0.070 0.088 0.105 0.122 0.132 0.129 0.124 0.117 0.118 0.000 0.000 0.000 0.000 0.000 0.000 0.000 0.000 0.000 0.000 0.000 0.000 0.000 0.000 0.000 0.000
0.000 0.000 0.000 0.000 0.000 0.000 0.000 0.000 0.000 0.000 0.000 0.000 0.000 0.000 0.000 0.000 0.000 0.000 0.000 0.000 0.000 0.000 0.000 0.000 0.000 0.000 0.000 0.000 0.000 0.000 0.000 0.000 0.000 0.000 0.000 0.000 0.000 0.000 0.000 0.000 0.000 0.000 0.000 0.000 0.000 0.000 0.000 0.000 0.000 0.000 0.000 0.028 0.046 0.064 0.081 0.099 0.114 0.123 0.116 0.108 0.105 0.096 0.096 0.000 0.000 0.000 0.000 0.000 0.000 0.000 0.000 0.000 0.000 0.000 0.000 0.000 0.000
0.000 0.000 0.000 0.000 0.000 0.000 0.000 0.000 0.000 0.000 0.000 0.000 0.000 0.000 0.000 0.000 0.000 0.000 0.000 0.000 0.000 0.000 0.000 0.000 0.000 0.000 0.000 0.000 0.000 0.000 0.000 0.000 0.000 0.000 0.000 0.000 0.000 0.000 0.000 0.000 0.000 0.000 0.000 0.000 0.000 0.000 0.000 0.000 0.000 0.000 0.000 0.000 0.022 0.040 0.057 0.074 0.089 0.104 0.109 0.099 0.094 0.087 0.087 0.089 0.000 0.000 0.000 0.000 0.000 0.000 0.000 0.000 0.000 0.000 0.000 0.000 0.000
0.000 0.000 0.000 0.000 0.000 0.000 0.000 0.000 0.000 0.000 0.000 0.000 0.000 0.000 0.000 0.000 0.000 0.000 0.000 0.000 0.000 0.000 0.000 0.000 0.000 0.000 0.000 0.000 0.000 0.000 0.000 0.000 0.000 0.000 0.000 0.000 0.000 0.000 0.000 0.000 0.000 0.000 0.000 0.000 0.000 0.000 0.000 0.000 0.000 0.000 0.000 0.000 0.003 0.015 0.032 0.049 0.064 0.078 0.089 0.089 0.080 0.076 0.078 0.079 0.079 0.000 0.000 0.000 0.000 0.000 0.000 0.000 0.000 0.000 0.000 0.000 0.000
