数据/LID_VS_50y/LID_VS_res/LID_VS_146-0001.wd
ncols         694
nrows         824
xllcorner     581104.939801
yllcorner     3495917.092414
cellsize      2.000000
NODATA_value  -9999.000000
[rows 306 to 339 of 824, columns 462 to 538 of 694]
0.068 0.067 0.064 0.063 0.062 0.061 0.061 0.062 0.057 0.050 0.043 0.036 0.030 0.024 0.018 0.014 0.009 0.000 0.003 0.003 0.002 0.002 0.002 0.003 0.005 0.007 0.012 0.016 0.018 0.020 0.019 0.018 0.016 0.013 0.011 0.008 0.006 0.005 0.006 0.000 0.000 0.000 0.000 0.000 0.000 0.000 0.000 0.000 0.000 0.000 0.000 0.000 0.000 0.000 0.019 0.019 0.020 0.024 0.000 0.001 0.001 0.001 0.001 0.002 0.004 0.028 0.000 0.000 0.000 0.000 0.005 0.015 0.026 0.038 0.050 0.050 0.045
0.090 0.076 0.070 0.067 0.066 0.066 0.067 0.067 0.068 0.065 0.057 0.050 0.043 0.036 0.030 0.023 0.016 0.012 0.009 0.007 0.005 0.004 0.003 0.004 0.005 0.007 0.012 0.016 0.018 0.019 0.019 0.018 0.016 0.014 0.012 0.010 0.008 0.009 0.018 0.000 0.000 0.000 0.000 0.000 0.000 0.000 0.000 0.000 0.000 0.000 0.000 0.000 0.000 0.000 0.000 0.000 0.000 0.019 0.019 0.015 0.013 0.012 0.010 0.010 0.015 0.000 0.000 0.000 0.000 0.000 0.020 0.033 0.044 0.045 0.043 0.040 0.038
0.076 0.073 0.071 0.071 0.071 0.072 0.073 0.074 0.074 0.074 0.073 0.066 0.059 0.051 0.043 0.035 0.027 0.021 0.017 0.013 0.010 0.007 0.006 0.005 0.005 0.000 0.012 0.015 0.017 0.018 0.018 0.018 0.016 0.014 0.012 0.011 0.009 0.010 0.000 0.000 0.000 0.000 0.000 0.000 0.000 0.000 0.000 0.000 0.000 0.000 0.000 0.000 0.000 0.000 0.000 0.000 0.000 0.000 0.000 0.011 0.014 0.015 0.013 0.013 0.020 0.000 0.000 0.000 0.000 0.027 0.039 0.043 0.040 0.037 0.035 0.033 0.032
0.071 0.073 0.074 0.076 0.077 0.079 0.081 0.081 0.082 0.081 0.081 0.083 0.075 0.067 0.058 0.047 0.039 0.032 0.025 0.020 0.016 0.012 0.009 0.007 0.006 0.005 0.011 0.015 0.017 0.018 0.018 0.018 0.016 0.015 0.013 0.011 0.010 0.009 0.005 0.003 0.002 0.000 0.000 0.000 0.000 0.000 0.000 0.000 0.000 0.000 0.000 0.000 0.000 0.000 0.000 0.000 0.000 0.000 0.000 0.000 0.000 0.000 0.010 0.014 0.018 0.023 0.000 0.000 0.000 0.038 0.037 0.035 0.033 0.030 0.028 0.027 0.026
0.071 0.075 0.079 0.082 0.085 0.088 0.089 0.090 0.090 0.087 0.088 0.091 0.092 0.084 0.072 0.060 0.051 0.042 0.034 0.027 0.022 0.017 0.013 0.010 0.009 0.008 0.011 0.014 0.016 0.017 0.018 0.017 0.017 0.015 0.014 0.012 0.011 0.009 0.006 0.005 0.003 0.002 0.002 0.000 0.000 0.000 0.000 0.000 0.000 0.000 0.000 0.000 0.000 0.000 0.000 0.000 0.000 0.000 0.000 0.000 0.000 0.000 0.000 0.000 0.015 0.024 0.031 0.045 0.046 0.038 0.034 0.031 0.028 0.026 0.024 0.023 0.024
0.076 0.082 0.087 0.091 0.095 0.098 0.100 0.101 0.099 0.088 0.097 0.101 0.101 0.098 0.084 0.071 0.060 0.050 0.042 0.034 0.028 0.022 0.018 0.014 0.012 0.010 0.012 0.014 0.016 0.017 0.018 0.017 0.017 0.016 0.014 0.013 0.011 0.010 0.008 0.006 0.004 0.003 0.002 0.001 0.001 0.002 0.000 0.000 0.000 0.000 0.000 0.000 0.000 0.000 0.000 0.000 0.000 0.000 0.000 0.000 0.000 0.000 0.000 0.000 0.000 0.000 0.000 0.031 0.033 0.032 0.029 0.026 0.024 0.022 0.021 0.020 0.017
0.084 0.091 0.096 0.101 0.105 0.109 0.111 0.113 0.113 0.110 0.111 0.113 0.104 0.089 0.085 0.077 0.065 0.055 0.047 0.039 0.033 0.027 0.022 0.018 0.015 0.013 0.013 0.015 0.016 0.017 0.018 0.018 0.017 0.016 0.015 0.013 0.012 0.010 0.009 0.007 0.005 0.004 0.003 0.002 0.001 0.002 0.002 0.003 0.000 0.000 0.000 0.000 0.000 0.002 0.000 0.000 0.000 0.000 0.000 0.000 0.000 0.000 0.000 0.000 0.000 0.000 0.033 0.030 0.029 0.027 0.025 0.023 0.021 0.019 0.018 0.019 0.000
0.095 0.101 0.107 0.112 0.117 0.121 0.124 0.119 0.111 0.101 0.092 0.083 0.071 0.053 0.065 0.077 0.068 0.059 0.051 0.044 0.037 0.031 0.027 0.023 0.019 0.017 0.016 0.017 0.017 0.018 0.018 0.018 0.018 0.017 0.016 0.015 0.013 0.012 0.010 0.008 0.006 0.005 0.004 0.000 0.001 0.002 0.002 0.003 0.002 0.003 0.003 0.003 0.003 0.004 0.011 0.029 0.054 0.000 0.000 0.000 0.000 0.000 0.000 0.000 0.000 0.000 0.028 0.028 0.026 0.024 0.022 0.020 0.018 0.017 0.016 0.014 0.000
0.106 0.113 0.114 0.110 0.106 0.100 0.094 0.088 0.080 0.072 0.063 0.053 0.039 0.039 0.027 0.067 0.069 0.062 0.056 0.049 0.043 0.038 0.034 0.030 0.027 0.025 0.023 0.023 0.023 0.023 0.023 0.022 0.021 0.020 0.019 0.018 0.016 0.014 0.012 0.011 0.009 0.007 0.006 0.004 0.004 0.003 0.003 0.003 0.003 0.003 0.004 0.005 0.008 0.015 0.026 0.042 0.064 0.088 0.114 0.000 0.000 0.000 0.000 0.000 0.000 0.036 0.032 0.029 0.026 0.023 0.020 0.018 0.016 0.015 0.015 0.000 0.000
0.086 0.084 0.081 0.077 0.073 0.068 0.063 0.057 0.051 0.044 0.036 0.026 0.019 0.026 0.029 0.053 0.072 0.067 0.061 0.056 0.052 0.048 0.045 0.043 0.042 0.040 0.039 0.038 0.036 0.035 0.034 0.032 0.031 0.029 0.027 0.025 0.023 0.021 0.019 0.017 0.015 0.013 0.011 0.010 0.008 0.007 0.005 0.005 0.006 0.008 0.011 0.016 0.023 0.032 0.043 0.058 0.077 0.099 0.113 0.116 0.121 0.128 0.000 0.000 0.000 0.032 0.031 0.028 0.024 0.021 0.017 0.015 0.013 0.013 0.011 0.000 0.000
0.053 0.051 0.048 0.045 0.041 0.037 0.033 0.029 0.024 0.019 0.014 0.007 0.011 0.016 0.022 0.041 0.069 0.074 0.070 0.067 0.065 0.064 0.064 0.064 0.063 0.063 0.062 0.060 0.059 0.057 0.054 0.051 0.048 0.045 0.042 0.039 0.037 0.034 0.032 0.029 0.027 0.026 0.024 0.022 0.021 0.019 0.017 0.013 0.017 0.022 0.027 0.033 0.041 0.049 0.060 0.074 0.083 0.086 0.089 0.092 0.095 0.097 0.097 0.104 0.000 0.037 0.033 0.028 0.023 0.018 0.015 0.012 0.011 0.012 0.000 0.000 0.000
0.021 0.020 0.018 0.016 0.014 0.012 0.010 0.008 0.006 0.005 0.002 0.003 0.006 0.010 0.016 0.031 0.058 0.085 0.084 0.084 0.085 0.087 0.088 0.089 0.089 0.089 0.088 0.087 0.085 0.082 0.079 0.075 0.071 0.067 0.063 0.060 0.056 0.053 0.050 0.048 0.047 0.045 0.045 0.044 0.043 0.042 0.039 0.034 0.033 0.039 0.044 0.051 0.058 0.067 0.073 0.068 0.066 0.066 0.067 0.068 0.068 0.056 0.067 0.073 0.065 0.047 0.036 0.027 0.021 0.016 0.012 0.009 0.008 0.007 0.000 0.000 0.000
0.003 0.003 0.003 0.003 0.002 0.002 0.002 0.002 0.001 0.001 0.001 0.002 0.003 0.006 0.011 0.023 0.049 0.092 0.105 0.108 0.110 0.113 0.116 0.117 0.117 0.117 0.116 0.115 0.112 0.109 0.105 0.100 0.096 0.091 0.087 0.084 0.080 0.077 0.074 0.072 0.071 0.070 0.069 0.069 0.068 0.068 0.066 0.062 0.055 0.057 0.062 0.069 0.073 0.066 0.060 0.054 0.050 0.048 0.047 0.046 0.045 0.041 0.043 0.045 0.042 0.035 0.028 0.021 0.016 0.011 0.008 0.006 0.007 0.000 0.000 0.000 0.000
0.000 0.000 0.000 0.000 0.000 0.000 0.000 0.000 0.000 0.000 0.001 0.001 0.002 0.003 0.007 0.016 0.044 0.091 0.130 0.134 0.138 0.142 0.145 0.146 0.146 0.146 0.145 0.143 0.141 0.137 0.132 0.126 0.121 0.117 0.113 0.109 0.105 0.102 0.100 0.099 0.098 0.098 0.097 0.097 0.097 0.096 0.094 0.091 0.085 0.075 0.079 0.069 0.060 0.052 0.046 0.040 0.035 0.031 0.028 0.026 0.024 0.022 0.021 0.020 0.019 0.017 0.014 0.011 0.008 0.006 0.004 0.003 0.004 0.015 0.000 0.000 0.000
0.000 0.000 0.000 0.000 0.000 0.000 0.000 0.000 0.000 0.000 0.000 0.001 0.001 0.002 0.004 0.011 0.044 0.092 0.146 0.163 0.167 0.172 0.175 0.175 0.176 0.175 0.174 0.173 0.170 0.166 0.160 0.150 0.146 0.143 0.140 0.135 0.131 0.129 0.127 0.126 0.126 0.126 0.126 0.126 0.126 0.126 0.125 0.122 0.110 0.087 0.084 0.076 0.066 0.057 0.048 0.041 0.035 0.029 0.025 0.021 0.017 0.014 0.011 0.009 0.007 0.005 0.004 0.003 0.002 0.002 0.001 0.001 0.001 0.000 0.000 0.000 0.000
0.000 0.000 0.000 0.000 0.000 0.000 0.000 0.000 0.000 0.000 0.000 0.000 0.001 0.001 0.003 0.009 0.048 0.000 0.148 0.192 0.197 0.201 0.206 0.000 0.000 0.000 0.000 0.000 0.000 0.000 0.000 0.171 0.173 0.171 0.167 0.159 0.157 0.156 0.154 0.154 0.154 0.155 0.155 0.156 0.156 0.149 0.136 0.121 0.104 0.082 0.081 0.083 0.088 0.078 0.069 0.061 0.054 0.047 0.040 0.035 0.029 0.025 0.020 0.017 0.013 0.011 0.008 0.006 0.005 0.004 0.003 0.002 0.002 0.001 0.001 0.000 0.000
0.000 0.000 0.000 0.000 0.000 0.000 0.000 0.000 0.000 0.000 0.000 0.000 0.000 0.006 0.000 0.000 0.051 0.000 0.000 0.209 0.000 0.000 0.000 0.000 0.000 0.000 0.000 0.000 0.000 0.000 0.000 0.000 0.000 0.000 0.000 0.182 0.184 0.184 0.181 0.182 0.183 0.184 0.177 0.166 0.154 0.142 0.129 0.115 0.098 0.076 0.076 0.077 0.080 0.085 0.087 0.079 0.071 0.063 0.056 0.049 0.043 0.037 0.032 0.027 0.022 0.018 0.014 0.011 0.009 0.007 0.006 0.004 0.003 0.003 0.002 0.002 0.001
0.000 0.000 0.000 0.000 0.000 0.000 0.000 0.000 0.000 0.000 0.000 0.000 0.000 0.000 0.000 0.000 0.000 0.000 0.000 0.000 0.000 0.000 0.000 0.000 0.000 0.000 0.000 0.000 0.000 0.000 0.000 0.000 0.000 0.000 0.000 0.000 0.000 0.000 0.207 0.202 0.192 0.181 0.169 0.158 0.147 0.134 0.122 0.108 0.091 0.071 0.071 0.071 0.073 0.076 0.082 0.088 0.087 0.079 0.072 0.064 0.057 0.051 0.044 0.038 0.033 0.027 0.023 0.019 0.015 0.012 0.010 0.008 0.006 0.005 0.004 0.003 0.002
0.000 0.000 0.000 0.000 0.000 0.000 0.000 0.000 0.000 0.000 0.000 0.000 0.000 0.000 0.000 0.000 0.000 0.000 0.000 0.000 0.000 0.000 0.000 0.000 0.000 0.000 0.000 0.000 0.000 0.000 0.000 0.000 0.000 0.000 0.000 0.000 0.000 0.000 0.000 0.000 0.000 0.000 0.159 0.150 0.139 0.126 0.114 0.100 0.082 0.065 0.064 0.064 0.065 0.068 0.072 0.077 0.084 0.090 0.087 0.079 0.072 0.064 0.057 0.051 0.044 0.038 0.033 0.028 0.023 0.019 0.016 0.013 0.010 0.008 0.007 0.005 0.004
0.000 0.000 0.000 0.000 0.000 0.000 0.000 0.000 0.000 0.000 0.000 0.000 0.000 0.000 0.000 0.000 0.000 0.000 0.000 0.000 0.000 0.000 0.000 0.000 0.000 0.000 0.000 0.000 0.000 0.000 0.000 0.000 0.000 0.000 0.000 0.000 0.000 0.000 0.000 0.000 0.000 0.000 0.000 0.000 0.000 0.115 0.105 0.092 0.071 0.057 0.056 0.055 0.056 0.059 0.062 0.067 0.073 0.079 0.086 0.093 0.086 0.078 0.071 0.064 0.057 0.050 0.044 0.038 0.033 0.028 0.024 0.020 0.017 0.015 0.012 0.010 0.008
0.000 0.000 0.000 0.000 0.000 0.000 0.000 0.000 0.000 0.000 0.000 0.000 0.000 0.000 0.000 0.000 0.000 0.000 0.000 0.000 0.000 0.000 0.000 0.000 0.000 0.000 0.000 0.000 0.000 0.000 0.000 0.000 0.000 0.000 0.000 0.000 0.000 0.000 0.000 0.000 0.000 0.000 0.000 0.000 0.000 0.000 0.000 0.000 0.054 0.047 0.044 0.045 0.047 0.050 0.052 0.057 0.062 0.068 0.074 0.081 0.088 0.092 0.085 0.077 0.070 0.063 0.056 0.050 0.045 0.040 0.036 0.032 0.029 0.026 0.022 0.019 0.016
0.000 0.000 0.000 0.000 0.000 0.000 0.000 0.000 0.000 0.000 0.000 0.000 0.000 0.000 0.000 0.000 0.000 0.000 0.000 0.000 0.000 0.000 0.000 0.000 0.000 0.000 0.000 0.000 0.000 0.000 0.000 0.000 0.000 0.000 0.000 0.000 0.000 0.000 0.000 0.000 0.000 0.000 0.000 0.000 0.000 0.000 0.000 0.000 0.000 0.000 0.028 0.034 0.038 0.042 0.042 0.046 0.052 0.058 0.063 0.069 0.075 0.082 0.089 0.090 0.083 0.076 0.070 0.064 0.059 0.055 0.052 0.048 0.045 0.041 0.038 0.033 0.029
0.000 0.000 0.000 0.000 0.000 0.000 0.000 0.000 0.000 0.000 0.000 0.000 0.000 0.000 0.000 0.000 0.000 0.000 0.000 0.000 0.000 0.000 0.000 0.000 0.000 0.000 0.000 0.000 0.000 0.000 0.000 0.000 0.000 0.000 0.000 0.000 0.000 0.000 0.000 0.000 0.000 0.000 0.000 0.000 0.000 0.000 0.000 0.000 0.000 0.000 0.000 0.000 0.000 0.000 0.028 0.036 0.043 0.049 0.051 0.056 0.062 0.069 0.076 0.083 0.091 0.090 0.084 0.080 0.077 0.074 0.072 0.069 0.065 0.061 0.056 0.051 0.045
0.000 0.000 0.000 0.000 0.000 0.000 0.000 0.000 0.000 0.000 0.000 0.000 0.000 0.000 0.000 0.000 0.000 0.000 0.000 0.000 0.000 0.000 0.000 0.000 0.000 0.000 0.000 0.000 0.000 0.000 0.000 0.000 0.000 0.000 0.000 0.000 0.000 0.000 0.000 0.000 0.000 0.000 0.000 0.000 0.000 0.000 0.000 0.000 0.000 0.000 0.000 0.000 0.000 0.000 0.000 0.000 0.000 0.000 0.036 0.042 0.048 0.055 0.062 0.070 0.078 0.087 0.098 0.098 0.097 0.096 0.094 0.092 0.088 0.083 0.076 0.069 0.062
0.000 0.000 0.000 0.000 0.000 0.000 0.000 0.000 0.000 0.000 0.000 0.000 0.000 0.000 0.000 0.000 0.000 0.000 0.000 0.000 0.000 0.000 0.000 0.000 0.000 0.000 0.000 0.000 0.000 0.000 0.000 0.000 0.000 0.000 0.000 0.000 0.000 0.000 0.000 0.000 0.000 0.000 0.000 0.000 0.000 0.000 0.000 0.000 0.000 0.000 0.000 0.000 0.000 0.000 0.000 0.000 0.000 0.000 0.000 0.026 0.035 0.042 0.049 0.057 0.065 0.075 0.088 0.103 0.120 0.121 0.120 0.117 0.113 0.106 0.096 0.087 0.077
0.000 0.000 0.000 0.000 0.000 0.000 0.000 0.000 0.000 0.000 0.000 0.000 0.000 0.000 0.000 0.000 0.000 0.000 0.000 0.000 0.000 0.000 0.000 0.000 0.000 0.000 0.000 0.000 0.000 0.000 0.000 0.000 0.000 0.000 0.000 0.000 0.000 0.000 0.000 0.000 0.000 0.000 0.000 0.000 0.000 0.000 0.000 0.000 0.000 0.000 0.000 0.000 0.000 0.000 0.000 0.000 0.000 0.000 0.000 0.015 0.022 0.030 0.037 0.044 0.053 0.064 0.078 0.096 0.116 0.136 0.146 0.143 0.139 0.130 0.113 0.103 0.092
0.000 0.000 0.000 0.000 0.000 0.000 0.000 0.000 0.000 0.000 0.000 0.000 0.000 0.000 0.000 0.000 0.000 0.000 0.000 0.000 0.000 0.000 0.000 0.000 0.000 0.000 0.000 0.000 0.000 0.000 0.000 0.000 0.000 0.000 0.000 0.000 0.000 0.000 0.000 0.000 0.000 0.000 0.000 0.000 0.000 0.000 0.000 0.000 0.000 0.000 0.000 0.000 0.000 0.000 0.000 0.000 0.000 0.000 0.000 0.006 0.012 0.018 0.025 0.032 0.041 0.053 0.069 0.090 0.113 0.136 0.000 0.000 0.000 0.000 0.121 0.119 0.102
0.000 0.000 0.000 0.000 0.000 0.000 0.000 0.000 0.000 0.000 0.000 0.000 0.000 0.000 0.000 0.000 0.000 0.000 0.000 0.000 0.000 0.000 0.000 0.000 0.000 0.000 0.000 0.000 0.000 0.000 0.000 0.000 0.000 0.000 0.000 0.000 0.000 0.000 0.000 0.000 0.000 0.000 0.000 0.000 0.000 0.000 0.000 0.000 0.000 0.000 0.000 0.000 0.000 0.000 0.000 0.000 0.000 0.000 0.000 0.001 0.003 0.008 0.013 0.020 0.029 0.042 0.062 0.086 0.110 0.000 0.000 0.000 0.000 0.000 0.000 0.000 0.103
0.000 0.000 0.000 0.000 0.000 0.000 0.000 0.000 0.000 0.000 0.000 0.000 0.000 0.000 0.000 0.000 0.000 0.000 0.000 0.000 0.000 0.000 0.000 0.000 0.000 0.000 0.000 0.000 0.000 0.000 0.000 0.000 0.000 0.000 0.000 0.000 0.000 0.000 0.000 0.000 0.000 0.000 0.000 0.000 0.000 0.000 0.000 0.000 0.000 0.000 0.000 0.000 0.000 0.000 0.000 0.000 0.000 0.000 0.000 0.000 0.001 0.001 0.004 0.010 0.019 0.033 0.055 0.082 0.000 0.000 0.000 0.000 0.000 0.000 0.000 0.000 0.000
0.000 0.000 0.000 0.000 0.000 0.000 0.000 0.000 0.000 0.000 0.000 0.000 0.000 0.000 0.000 0.000 0.000 0.000 0.000 0.000 0.000 0.000 0.000 0.000 0.000 0.000 0.000 0.000 0.000 0.000 0.000 0.000 0.000 0.000 0.000 0.000 0.000 0.000 0.000 0.000 0.000 0.000 0.000 0.000 0.000 0.000 0.000 0.000 0.000 0.000 0.000 0.000 0.000 0.000 0.000 0.000 0.000 0.000 0.000 0.000 0.000 0.001 0.001 0.003 0.010 0.025 0.050 0.078 0.000 0.000 0.000 0.000 0.000 0.000 0.000 0.000 0.000
0.000 0.000 0.000 0.000 0.000 0.000 0.000 0.000 0.000 0.000 0.000 0.000 0.000 0.000 0.000 0.000 0.000 0.000 0.000 0.000 0.000 0.000 0.000 0.000 0.000 0.000 0.000 0.000 0.000 0.000 0.000 0.000 0.000 0.000 0.000 0.000 0.000 0.000 0.000 0.000 0.000 0.000 0.000 0.000 0.000 0.000 0.000 0.000 0.000 0.000 0.000 0.000 0.000 0.000 0.000 0.000 0.000 0.000 0.000 0.000 0.000 0.000 0.000 0.001 0.003 0.017 0.044 0.000 0.000 0.000 0.000 0.000 0.000 0.000 0.000 0.000 0.000
0.000 0.000 0.000 0.000 0.000 0.000 0.000 0.000 0.000 0.000 0.000 0.000 0.000 0.000 0.000 0.000 0.000 0.000 0.000 0.000 0.000 0.000 0.000 0.000 0.000 0.000 0.000 0.000 0.000 0.000 0.000 0.000 0.000 0.000 0.000 0.000 0.000 0.000 0.000 0.000 0.000 0.000 0.000 0.000 0.000 0.000 0.000 0.000 0.000 0.000 0.000 0.000 0.000 0.000 0.000 0.000 0.000 0.000 0.000 0.000 0.000 0.000 0.000 0.001 0.003 0.020 0.055 0.000 0.000 0.000 0.000 0.000 0.000 0.000 0.000 0.000 0.000
0.000 0.000 0.000 0.000 0.000 0.000 0.000 0.000 0.000 0.000 0.000 0.000 0.000 0.000 0.000 0.000 0.000 0.000 0.000 0.000 0.000 0.000 0.000 0.000 0.000 0.000 0.000 0.000 0.000 0.000 0.000 0.000 0.000 0.000 0.000 0.000 0.000 0.000 0.000 0.000 0.000 0.000 0.000 0.000 0.000 0.000 0.000 0.000 0.000 0.000 0.000 0.000 0.000 0.000 0.000 0.000 0.000 0.000 0.000 0.000 0.000 0.000 0.000 0.001 0.003 0.020 0.000 0.000 0.000 0.000 0.000 0.000 0.000 0.000 0.000 0.000 0.000
0.000 0.000 0.000 0.000 0.000 0.000 0.000 0.000 0.000 0.000 0.000 0.000 0.000 0.000 0.000 0.000 0.000 0.000 0.000 0.000 0.000 0.000 0.000 0.000 0.000 0.000 0.000 0.000 0.000 0.000 0.000 0.000 0.000 0.000 0.000 0.000 0.000 0.000 0.000 0.000 0.000 0.000 0.000 0.000 0.000 0.000 0.000 0.000 0.000 0.000 0.000 0.000 0.000 0.000 0.000 0.000 0.000 0.000 0.000 0.000 0.000 0.000 0.000 0.001 0.003 0.021 0.000 0.000 0.000 0.000 0.000 0.000 0.000 0.000 0.000 0.000 0.000
