数据/150y_3h/150y_3h_res_2/150y_3h_172-0001.wd
ncols         694
nrows         824
xllcorner     581104.939801
yllcorner     3495917.092414
cellsize      2.000000
NODATA_value  -9999.000000
[rows 442 to 475 of 824, columns 385 to 461 of 694]
0.000 0.000 0.000 0.038 0.035 0.033 0.030 0.027 0.024 0.020 0.017 0.013 0.011 0.010 0.010 0.011 0.013 0.015 0.017 0.020 0.024 0.036 0.047 0.057 0.068 0.078 0.088 0.098 0.108 0.119 0.122 0.124 0.126 0.126 0.000 0.000 0.000 0.000 0.000 0.000 0.000 0.000 0.000 0.000 0.000 0.000 0.000 0.000 0.000 0.000 0.000 0.000 0.000 0.000 0.000 0.006 0.014 0.018 0.021 0.023 0.024 0.025 0.026 0.026 0.026 0.026 0.026 0.026 0.028 0.032 0.000 0.000 0.000 0.000 0.000 0.000 0.000
0.000 0.000 0.000 0.000 0.000 0.046 0.042 0.040 0.036 0.033 0.029 0.025 0.021 0.018 0.016 0.016 0.017 0.018 0.020 0.023 0.025 0.032 0.044 0.055 0.066 0.076 0.087 0.097 0.107 0.117 0.119 0.120 0.122 0.124 0.000 0.000 0.000 0.000 0.000 0.000 0.000 0.000 0.000 0.000 0.000 0.000 0.000 0.000 0.000 0.000 0.000 0.000 0.000 0.000 0.000 0.008 0.015 0.020 0.024 0.027 0.028 0.029 0.030 0.030 0.030 0.030 0.030 0.031 0.032 0.033 0.032 0.031 0.000 0.000 0.000 0.000 0.000
0.000 0.000 0.000 0.000 0.000 0.000 0.000 0.052 0.049 0.045 0.041 0.037 0.032 0.029 0.025 0.023 0.022 0.022 0.024 0.026 0.028 0.031 0.040 0.053 0.064 0.074 0.085 0.096 0.106 0.114 0.114 0.114 0.114 0.000 0.000 0.000 0.000 0.000 0.000 0.000 0.000 0.000 0.000 0.000 0.000 0.000 0.000 0.000 0.000 0.000 0.000 0.000 0.000 0.000 0.009 0.017 0.024 0.029 0.034 0.036 0.034 0.035 0.037 0.037 0.037 0.036 0.037 0.038 0.039 0.040 0.043 0.036 0.026 0.016 0.003 0.000 0.000
0.000 0.000 0.000 0.000 0.000 0.000 0.000 0.000 0.057 0.055 0.052 0.048 0.044 0.040 0.036 0.032 0.030 0.028 0.028 0.029 0.031 0.033 0.036 0.048 0.060 0.071 0.082 0.094 0.107 0.110 0.108 0.108 0.107 0.000 0.000 0.000 0.000 0.000 0.000 0.000 0.000 0.000 0.000 0.000 0.000 0.000 0.000 0.000 0.000 0.000 0.000 0.000 0.000 0.000 0.000 0.000 0.000 0.043 0.000 0.000 0.041 0.045 0.047 0.047 0.044 0.044 0.046 0.047 0.048 0.050 0.049 0.041 0.032 0.022 0.009 0.000 0.000
0.000 0.000 0.000 0.000 0.000 0.000 0.000 0.000 0.000 0.000 0.059 0.057 0.055 0.051 0.047 0.042 0.039 0.036 0.034 0.033 0.034 0.036 0.038 0.042 0.055 0.066 0.077 0.087 0.098 0.101 0.100 0.099 0.098 0.000 0.000 0.000 0.000 0.000 0.000 0.000 0.000 0.000 0.000 0.000 0.000 0.000 0.000 0.000 0.000 0.000 0.000 0.000 0.000 0.000 0.000 0.000 0.000 0.000 0.000 0.000 0.000 0.000 0.000 0.000 0.050 0.055 0.057 0.058 0.058 0.061 0.055 0.046 0.037 0.027 0.015 0.002 0.000
0.000 0.000 0.000 0.000 0.000 0.000 0.000 0.000 0.000 0.000 0.000 0.062 0.060 0.059 0.057 0.053 0.049 0.045 0.042 0.039 0.038 0.038 0.039 0.041 0.048 0.060 0.070 0.080 0.088 0.091 0.090 0.088 0.083 0.068 0.058 0.053 0.000 0.000 0.000 0.000 0.000 0.000 0.000 0.000 0.000 0.000 0.000 0.000 0.000 0.000 0.000 0.000 0.000 0.000 0.000 0.000 0.000 0.000 0.000 0.000 0.000 0.000 0.000 0.000 0.000 0.000 0.000 0.000 0.067 0.069 0.062 0.051 0.043 0.033 0.021 0.005 0.000
0.000 0.000 0.000 0.000 0.000 0.000 0.000 0.000 0.000 0.000 0.000 0.000 0.000 0.063 0.062 0.059 0.058 0.055 0.051 0.047 0.044 0.042 0.042 0.042 0.043 0.052 0.062 0.070 0.076 0.079 0.079 0.077 0.071 0.062 0.053 0.045 0.035 0.029 0.024 0.024 0.000 0.000 0.000 0.000 0.000 0.000 0.000 0.000 0.000 0.000 0.000 0.000 0.000 0.000 0.000 0.000 0.000 0.000 0.000 0.000 0.000 0.000 0.000 0.000 0.000 0.000 0.000 0.000 0.000 0.000 0.000 0.055 0.048 0.040 0.028 0.011 0.000
0.000 0.000 0.000 0.000 0.000 0.000 0.000 0.000 0.000 0.000 0.000 0.000 0.000 0.000 0.000 0.064 0.061 0.059 0.056 0.054 0.051 0.047 0.045 0.044 0.043 0.043 0.052 0.055 0.043 0.063 0.067 0.065 0.060 0.052 0.048 0.044 0.038 0.033 0.029 0.026 0.021 0.018 0.017 0.000 0.000 0.000 0.000 0.000 0.000 0.000 0.000 0.000 0.000 0.000 0.000 0.000 0.000 0.000 0.000 0.000 0.000 0.000 0.000 0.000 0.000 0.000 0.000 0.000 0.000 0.000 0.000 0.000 0.000 0.000 0.000 0.001 0.000
0.000 0.000 0.000 0.000 0.000 0.000 0.000 0.000 0.000 0.000 0.000 0.000 0.000 0.000 0.000 0.000 0.065 0.063 0.058 0.055 0.052 0.051 0.050 0.047 0.044 0.042 0.042 0.046 0.047 0.052 0.055 0.053 0.052 0.050 0.047 0.044 0.040 0.036 0.033 0.029 0.026 0.022 0.020 0.016 0.013 0.010 0.010 0.000 0.000 0.000 0.000 0.000 0.000 0.000 0.000 0.000 0.000 0.000 0.000 0.000 0.000 0.000 0.000 0.000 0.000 0.000 0.000 0.000 0.000 0.000 0.000 0.000 0.000 0.000 0.000 0.000 0.000
0.000 0.000 0.000 0.000 0.000 0.000 0.000 0.000 0.000 0.000 0.000 0.000 0.000 0.000 0.000 0.000 0.000 0.000 0.056 0.054 0.052 0.050 0.048 0.047 0.046 0.044 0.040 0.039 0.042 0.043 0.046 0.049 0.049 0.048 0.047 0.044 0.041 0.038 0.035 0.032 0.029 0.026 0.024 0.020 0.017 0.014 0.012 0.009 0.007 0.006 0.005 0.004 0.003 0.002 0.001 0.000 0.000 0.000 0.000 0.000 0.000 0.000 0.000 0.000 0.000 0.000 0.000 0.000 0.000 0.000 0.000 0.000 0.000 0.000 0.000 0.000 0.000
0.000 0.000 0.000 0.000 0.000 0.000 0.000 0.000 0.000 0.000 0.000 0.000 0.000 0.000 0.000 0.000 0.000 0.000 0.054 0.052 0.050 0.049 0.047 0.045 0.044 0.041 0.038 0.035 0.032 0.038 0.043 0.046 0.047 0.047 0.046 0.045 0.043 0.040 0.038 0.035 0.032 0.030 0.027 0.024 0.021 0.016 0.014 0.012 0.010 0.009 0.008 0.007 0.006 0.005 0.004 0.003 0.002 0.000 0.000 0.000 0.000 0.000 0.000 0.000 0.000 0.000 0.000 0.000 0.000 0.000 0.000 0.000 0.000 0.000 0.000 0.000 0.000
0.000 0.000 0.000 0.000 0.000 0.000 0.000 0.000 0.000 0.000 0.000 0.000 0.000 0.000 0.000 0.000 0.000 0.000 0.052 0.050 0.049 0.047 0.045 0.043 0.041 0.038 0.034 0.026 0.000 0.032 0.040 0.044 0.047 0.047 0.047 0.046 0.044 0.043 0.041 0.038 0.036 0.034 0.031 0.028 0.023 0.000 0.014 0.015 0.014 0.013 0.012 0.011 0.009 0.008 0.007 0.006 0.005 0.003 0.002 0.001 0.000 0.000 0.000 0.000 0.000 0.000 0.000 0.000 0.000 0.000 0.000 0.000 0.000 0.000 0.000 0.000 0.000
0.000 0.000 0.000 0.000 0.000 0.000 0.000 0.000 0.000 0.000 0.000 0.000 0.000 0.000 0.000 0.000 0.000 0.000 0.049 0.048 0.047 0.045 0.043 0.041 0.038 0.035 0.030 0.024 0.022 0.031 0.037 0.041 0.044 0.046 0.047 0.047 0.047 0.046 0.044 0.042 0.040 0.038 0.036 0.033 0.030 0.025 0.023 0.022 0.021 0.019 0.018 0.016 0.014 0.013 0.011 0.010 0.009 0.007 0.006 0.005 0.004 0.001 0.000 0.000 0.000 0.000 0.000 0.000 0.000 0.000 0.000 0.000 0.000 0.000 0.000 0.000 0.000
0.000 0.000 0.000 0.000 0.000 0.000 0.000 0.000 0.000 0.000 0.000 0.000 0.000 0.000 0.000 0.000 0.000 0.042 0.045 0.045 0.044 0.043 0.041 0.039 0.036 0.032 0.027 0.024 0.025 0.030 0.035 0.039 0.042 0.044 0.045 0.046 0.046 0.046 0.046 0.045 0.044 0.044 0.042 0.039 0.037 0.034 0.031 0.030 0.028 0.026 0.024 0.023 0.021 0.019 0.018 0.016 0.015 0.014 0.013 0.012 0.011 0.010 0.009 0.009 0.010 0.013 0.006 0.000 0.000 0.000 0.000 0.000 0.000 0.000 0.000 0.000 0.000
0.000 0.000 0.000 0.000 0.000 0.000 0.000 0.000 0.000 0.000 0.000 0.000 0.000 0.000 0.000 0.000 0.000 0.043 0.043 0.043 0.042 0.041 0.039 0.037 0.034 0.030 0.024 0.024 0.026 0.030 0.034 0.038 0.040 0.042 0.044 0.045 0.046 0.046 0.046 0.046 0.046 0.046 0.045 0.044 0.042 0.041 0.040 0.038 0.036 0.034 0.032 0.031 0.029 0.027 0.026 0.025 0.024 0.023 0.022 0.022 0.022 0.022 0.022 0.022 0.024 0.020 0.013 0.007 0.000 0.000 0.000 0.000 0.000 0.000 0.000 0.000 0.000
0.000 0.000 0.000 0.000 0.000 0.000 0.000 0.000 0.000 0.000 0.000 0.000 0.000 0.000 0.000 0.000 0.000 0.043 0.042 0.041 0.040 0.039 0.037 0.035 0.031 0.027 0.022 0.024 0.027 0.030 0.033 0.036 0.039 0.041 0.043 0.045 0.046 0.047 0.048 0.048 0.048 0.048 0.048 0.047 0.046 0.045 0.044 0.043 0.042 0.041 0.041 0.039 0.038 0.036 0.035 0.034 0.034 0.033 0.033 0.033 0.034 0.034 0.034 0.035 0.035 0.023 0.017 0.010 0.000 0.000 0.000 0.000 0.000 0.000 0.000 0.000 0.000
0.000 0.000 0.000 0.000 0.000 0.000 0.000 0.000 0.000 0.000 0.000 0.000 0.000 0.000 0.000 0.000 0.000 0.042 0.041 0.040 0.039 0.037 0.035 0.033 0.030 0.025 0.022 0.024 0.027 0.030 0.033 0.036 0.038 0.041 0.043 0.045 0.047 0.049 0.050 0.051 0.051 0.051 0.051 0.050 0.050 0.049 0.048 0.047 0.046 0.046 0.045 0.045 0.044 0.044 0.044 0.045 0.045 0.045 0.045 0.046 0.046 0.047 0.047 0.048 0.040 0.000 0.014 0.008 0.000 0.000 0.000 0.000 0.000 0.000 0.000 0.000 0.000
0.000 0.000 0.000 0.000 0.000 0.000 0.000 0.000 0.000 0.000 0.000 0.000 0.000 0.000 0.000 0.000 0.037 0.039 0.039 0.039 0.037 0.036 0.034 0.031 0.028 0.023 0.022 0.024 0.027 0.030 0.033 0.035 0.038 0.041 0.044 0.047 0.050 0.053 0.054 0.055 0.055 0.055 0.055 0.054 0.054 0.053 0.052 0.051 0.051 0.050 0.050 0.050 0.049 0.050 0.050 0.051 0.052 0.054 0.056 0.057 0.059 0.060 0.061 0.061 0.047 0.028 0.016 0.014 0.010 0.007 0.003 0.000 0.000 0.000 0.000 0.000 0.000
0.000 0.000 0.000 0.000 0.000 0.000 0.000 0.000 0.000 0.000 0.000 0.000 0.000 0.000 0.000 0.000 0.039 0.039 0.038 0.037 0.036 0.035 0.033 0.030 0.026 0.021 0.022 0.024 0.027 0.030 0.033 0.036 0.039 0.043 0.047 0.051 0.055 0.058 0.059 0.059 0.059 0.059 0.059 0.059 0.058 0.057 0.056 0.056 0.055 0.055 0.055 0.055 0.055 0.055 0.056 0.058 0.059 0.061 0.063 0.065 0.068 0.070 0.071 0.069 0.073 0.065 0.056 0.047 0.038 0.030 0.023 0.017 0.012 0.008 0.004 0.001 0.000
0.000 0.000 0.000 0.000 0.000 0.000 0.000 0.000 0.000 0.000 0.000 0.000 0.000 0.000 0.000 0.000 0.039 0.038 0.038 0.037 0.035 0.034 0.031 0.028 0.024 0.021 0.022 0.024 0.027 0.030 0.033 0.037 0.042 0.046 0.052 0.057 0.062 0.065 0.065 0.064 0.064 0.064 0.064 0.063 0.062 0.062 0.061 0.060 0.060 0.060 0.060 0.060 0.061 0.061 0.063 0.064 0.066 0.069 0.071 0.074 0.076 0.073 0.068 0.064 0.067 0.070 0.073 0.076 0.077 0.067 0.057 0.047 0.038 0.030 0.022 0.016 0.011
0.066 0.063 0.061 0.000 0.000 0.000 0.000 0.000 0.000 0.000 0.000 0.000 0.000 0.000 0.000 0.036 0.037 0.037 0.037 0.036 0.034 0.033 0.030 0.027 0.023 0.021 0.023 0.025 0.027 0.031 0.035 0.040 0.045 0.051 0.058 0.064 0.070 0.074 0.072 0.068 0.069 0.069 0.069 0.067 0.067 0.066 0.065 0.065 0.065 0.065 0.065 0.066 0.066 0.068 0.070 0.072 0.074 0.077 0.079 0.078 0.075 0.070 0.066 0.059 0.061 0.064 0.066 0.069 0.071 0.074 0.076 0.078 0.075 0.065 0.055 0.044 0.035
0.070 0.067 0.064 0.061 0.058 0.055 0.000 0.000 0.000 0.000 0.000 0.000 0.000 0.000 0.000 0.038 0.038 0.037 0.036 0.035 0.034 0.032 0.029 0.026 0.021 0.021 0.023 0.025 0.029 0.033 0.038 0.044 0.051 0.058 0.065 0.072 0.079 0.085 0.000 0.070 0.074 0.076 0.075 0.071 0.071 0.071 0.070 0.070 0.070 0.070 0.071 0.071 0.073 0.074 0.076 0.079 0.082 0.082 0.079 0.076 0.072 0.068 0.063 0.056 0.057 0.058 0.060 0.062 0.064 0.067 0.069 0.071 0.073 0.075 0.077 0.078 0.071
0.075 0.072 0.069 0.065 0.062 0.059 0.056 0.053 0.050 0.048 0.000 0.000 0.000 0.000 0.000 0.040 0.038 0.037 0.036 0.034 0.033 0.031 0.028 0.024 0.020 0.021 0.023 0.027 0.031 0.036 0.042 0.049 0.057 0.065 0.072 0.080 0.087 0.000 0.000 0.000 0.000 0.000 0.000 0.072 0.076 0.077 0.074 0.075 0.076 0.076 0.076 0.077 0.079 0.081 0.084 0.085 0.082 0.079 0.076 0.072 0.069 0.065 0.060 0.053 0.052 0.053 0.054 0.056 0.058 0.060 0.062 0.063 0.065 0.067 0.069 0.070 0.072
0.000 0.000 0.000 0.069 0.066 0.064 0.060 0.057 0.055 0.053 0.050 0.047 0.045 0.000 0.000 0.040 0.039 0.037 0.036 0.034 0.032 0.030 0.027 0.022 0.020 0.022 0.024 0.029 0.034 0.041 0.048 0.056 0.064 0.072 0.080 0.000 0.000 0.000 0.000 0.000 0.000 0.000 0.000 0.000 0.000 0.000 0.076 0.080 0.082 0.083 0.081 0.083 0.086 0.088 0.085 0.081 0.078 0.075 0.072 0.069 0.065 0.061 0.056 0.050 0.048 0.048 0.049 0.050 0.051 0.053 0.054 0.056 0.058 0.059 0.061 0.062 0.063
0.000 0.000 0.000 0.000 0.000 0.000 0.064 0.062 0.060 0.057 0.054 0.052 0.049 0.046 0.043 0.041 0.039 0.037 0.035 0.033 0.031 0.028 0.025 0.021 0.020 0.022 0.026 0.032 0.039 0.046 0.054 0.062 0.071 0.080 0.000 0.000 0.000 0.000 0.000 0.000 0.000 0.000 0.000 0.000 0.000 0.000 0.000 0.000 0.000 0.000 0.084 0.089 0.088 0.085 0.080 0.077 0.074 0.071 0.068 0.065 0.062 0.058 0.053 0.047 0.043 0.043 0.043 0.044 0.045 0.046 0.047 0.049 0.050 0.051 0.053 0.054 0.055
0.000 0.000 0.000 0.000 0.000 0.000 0.000 0.000 0.000 0.000 0.058 0.056 0.054 0.051 0.047 0.043 0.040 0.037 0.034 0.032 0.030 0.027 0.024 0.018 0.018 0.022 0.029 0.036 0.043 0.051 0.060 0.069 0.078 0.000 0.000 0.000 0.000 0.000 0.000 0.000 0.000 0.000 0.000 0.000 0.000 0.000 0.000 0.000 0.000 0.000 0.000 0.000 0.000 0.000 0.073 0.073 0.070 0.066 0.064 0.061 0.058 0.054 0.049 0.043 0.039 0.038 0.038 0.038 0.039 0.040 0.040 0.041 0.043 0.044 0.045 0.046 0.047
0.000 0.000 0.000 0.000 0.000 0.000 0.000 0.000 0.000 0.000 0.000 0.000 0.000 0.000 0.048 0.043 0.039 0.034 0.029 0.029 0.027 0.025 0.021 0.016 0.000 0.023 0.032 0.040 0.049 0.057 0.065 0.074 0.000 0.000 0.000 0.000 0.000 0.000 0.000 0.000 0.000 0.000 0.000 0.000 0.000 0.000 0.000 0.000 0.000 0.000 0.000 0.000 0.000 0.000 0.000 0.000 0.000 0.060 0.059 0.057 0.054 0.048 0.044 0.039 0.034 0.033 0.032 0.032 0.033 0.033 0.034 0.034 0.035 0.036 0.037 0.037 0.038
0.000 0.000 0.000 0.000 0.000 0.000 0.000 0.000 0.000 0.000 0.000 0.000 0.000 0.000 0.000 0.039 0.035 0.029 0.000 0.023 0.025 0.023 0.019 0.018 0.020 0.028 0.037 0.046 0.054 0.063 0.071 0.080 0.000 0.000 0.000 0.000 0.000 0.000 0.000 0.000 0.000 0.000 0.000 0.000 0.000 0.000 0.000 0.000 0.000 0.000 0.000 0.000 0.000 0.000 0.000 0.000 0.000 0.000 0.000 0.000 0.000 0.041 0.039 0.035 0.027 0.026 0.026 0.026 0.026 0.026 0.026 0.027 0.027 0.028 0.028 0.029 0.029
0.000 0.000 0.000 0.000 0.000 0.000 0.000 0.000 0.000 0.000 0.000 0.000 0.000 0.000 0.033 0.035 0.033 0.028 0.023 0.023 0.023 0.022 0.019 0.021 0.026 0.034 0.043 0.051 0.060 0.069 0.077 0.086 0.000 0.000 0.000 0.000 0.000 0.000 0.000 0.000 0.000 0.000 0.000 0.000 0.000 0.000 0.000 0.000 0.000 0.000 0.000 0.000 0.000 0.000 0.000 0.000 0.000 0.000 0.000 0.000 0.000 0.000 0.000 0.000 0.015 0.018 0.019 0.019 0.019 0.019 0.019 0.019 0.019 0.019 0.019 0.019 0.019
0.000 0.000 0.000 0.000 0.000 0.000 0.000 0.000 0.000 0.000 0.000 0.000 0.000 0.000 0.035 0.034 0.032 0.030 0.027 0.025 0.024 0.022 0.020 0.025 0.032 0.040 0.048 0.057 0.066 0.074 0.083 0.093 0.000 0.000 0.000 0.000 0.000 0.000 0.000 0.000 0.000 0.000 0.000 0.000 0.000 0.000 0.000 0.000 0.000 0.000 0.000 0.000 0.000 0.000 0.000 0.000 0.000 0.000 0.000 0.000 0.000 0.000 0.000 0.000 0.000 0.000 0.000 0.000 0.008 0.009 0.010 0.010 0.010 0.009 0.008 0.007 0.006
0.000 0.000 0.000 0.000 0.000 0.000 0.000 0.000 0.000 0.000 0.000 0.000 0.000 0.000 0.036 0.035 0.033 0.031 0.029 0.027 0.025 0.023 0.023 0.030 0.037 0.045 0.054 0.062 0.071 0.080 0.088 0.000 0.000 0.000 0.000 0.000 0.000 0.000 0.000 0.000 0.000 0.000 0.000 0.000 0.000 0.000 0.000 0.000 0.000 0.000 0.000 0.000 0.000 0.000 0.000 0.000 0.000 0.000 0.000 0.000 0.000 0.000 0.000 0.000 0.000 0.000 0.000 0.000 0.000 0.000 0.000 0.000 0.000 0.000 0.000 0.000 0.000
0.000 0.000 0.000 0.000 0.000 0.000 0.000 0.000 0.000 0.000 0.000 0.000 0.000 0.000 0.037 0.035 0.034 0.032 0.030 0.028 0.026 0.024 0.027 0.034 0.042 0.051 0.059 0.068 0.077 0.086 0.094 0.000 0.000 0.000 0.000 0.000 0.000 0.000 0.000 0.000 0.000 0.000 0.000 0.000 0.000 0.000 0.000 0.000 0.000 0.000 0.000 0.000 0.000 0.000 0.000 0.000 0.000 0.000 0.000 0.000 0.000 0.000 0.000 0.000 0.000 0.000 0.000 0.000 0.000 0.000 0.000 0.000 0.000 0.000 0.000 0.000 0.000
0.000 0.000 0.000 0.000 0.000 0.000 0.000 0.000 0.000 0.000 0.000 0.000 0.000 0.035 0.036 0.036 0.035 0.033 0.031 0.030 0.027 0.025 0.032 0.039 0.047 0.056 0.065 0.073 0.082 0.091 0.101 0.000 0.000 0.000 0.000 0.000 0.000 0.000 0.000 0.000 0.000 0.000 0.000 0.000 0.000 0.000 0.000 0.000 0.000 0.000 0.000 0.000 0.000 0.000 0.000 0.000 0.000 0.000 0.000 0.000 0.000 0.000 0.000 0.000 0.000 0.000 0.000 0.000 0.000 0.000 0.000 0.000 0.000 0.000 0.000 0.000 0.000
0.000 0.000 0.000 0.000 0.000 0.000 0.000 0.000 0.000 0.000 0.000 0.000 0.000 0.038 0.037 0.036 0.035 0.034 0.032 0.031 0.028 0.029 0.036 0.044 0.053 0.061 0.070 0.079 0.087 0.096 0.000 0.000 0.000 0.000 0.000 0.000 0.000 0.000 0.000 0.000 0.000 0.000 0.000 0.000 0.000 0.000 0.000 0.000 0.000 0.000 0.000 0.000 0.000 0.000 0.000 0.000 0.000 0.000 0.000 0.000 0.000 0.000 0.000 0.000 0.000 0.000 0.000 0.000 0.000 0.000 0.000 0.000 0.000 0.000 0.000 0.000 0.000
