数据/150y_3h/150y_3h_res_2/150y_3h_192-0001.wd
ncols         694
nrows         824
xllcorner     581104.939801
yllcorner     3495917.092414
cellsize      2.000000
NODATA_value  -9999.000000
[rows 714 to 747 of 824, columns 154 to 230 of 694]
0.000 0.000 0.000 0.000 0.000 0.002 0.003 0.004 0.005 0.006 0.007 0.008 0.009 0.009 0.009 0.010 0.010 0.010 0.010 0.008 0.001 0.001 0.079 0.074 0.069 0.068 0.065 0.062 0.058 0.053 0.049 0.045 0.000 0.000 0.000 0.000 0.000 0.000 0.000 0.000 0.000 0.000 0.003 0.053 0.074 0.085 0.095 0.106 0.116 0.000 0.000 0.000 0.000 0.000 0.000 0.000 0.000 0.000 0.216 0.226 0.237 0.237 0.213 0.194 0.202 0.118 0.037 0.001 0.000 0.000 0.000 0.000 0.000 0.000 0.000 0.000 0.000
0.000 0.000 0.000 0.000 0.001 0.003 0.004 0.005 0.006 0.007 0.008 0.009 0.009 0.010 0.010 0.011 0.011 0.012 0.012 0.012 0.011 0.010 0.001 0.093 0.092 0.089 0.086 0.082 0.077 0.072 0.067 0.062 0.057 0.053 0.000 0.000 0.000 0.000 0.000 0.000 0.000 0.002 0.039 0.094 0.138 0.148 0.158 0.169 0.180 0.000 0.000 0.000 0.000 0.000 0.000 0.000 0.000 0.000 0.278 0.273 0.250 0.227 0.203 0.195 0.205 0.159 0.074 0.002 0.000 0.000 0.000 0.000 0.000 0.000 0.000 0.000 0.000
0.000 0.000 0.000 0.000 0.002 0.004 0.005 0.006 0.007 0.008 0.009 0.009 0.010 0.011 0.011 0.012 0.013 0.013 0.014 0.014 0.015 0.015 0.014 0.001 0.001 0.110 0.107 0.103 0.097 0.092 0.086 0.081 0.076 0.072 0.068 0.000 0.000 0.000 0.000 0.000 0.002 0.027 0.080 0.136 0.192 0.211 0.222 0.232 0.243 0.000 0.000 0.000 0.000 0.000 0.000 0.000 0.000 0.311 0.287 0.265 0.240 0.217 0.194 0.197 0.207 0.203 0.118 0.032 0.000 0.000 0.000 0.000 0.000 0.000 0.000 0.000 0.000
0.000 0.000 0.000 0.001 0.003 0.005 0.006 0.007 0.008 0.008 0.009 0.010 0.011 0.011 0.012 0.013 0.014 0.014 0.015 0.016 0.018 0.019 0.021 0.023 0.027 0.004 0.128 0.123 0.118 0.111 0.106 0.101 0.095 0.092 0.088 0.084 0.081 0.000 0.000 0.000 0.017 0.066 0.122 0.178 0.234 0.273 0.284 0.295 0.000 0.000 0.000 0.000 0.000 0.000 0.000 0.000 0.000 0.302 0.278 0.255 0.231 0.208 0.191 0.200 0.209 0.219 0.160 0.076 0.004 0.000 0.000 0.000 0.000 0.000 0.000 0.000 0.000
0.000 0.000 0.000 0.001 0.003 0.005 0.006 0.007 0.008 0.009 0.010 0.010 0.011 0.012 0.013 0.013 0.014 0.015 0.016 0.018 0.020 0.022 0.026 0.031 0.042 0.062 0.004 0.143 0.138 0.130 0.125 0.120 0.116 0.112 0.108 0.105 0.102 0.100 0.000 0.051 0.065 0.110 0.164 0.220 0.276 0.332 0.348 0.358 0.000 0.000 0.000 0.000 0.000 0.000 0.000 0.000 0.000 0.293 0.268 0.245 0.221 0.199 0.193 0.202 0.212 0.221 0.205 0.120 0.000 0.000 0.000 0.000 0.000 0.000 0.000 0.000 0.000
0.000 0.000 0.000 0.001 0.003 0.005 0.006 0.007 0.008 0.009 0.010 0.011 0.012 0.012 0.013 0.014 0.015 0.016 0.017 0.019 0.021 0.023 0.026 0.030 0.036 0.042 0.028 0.001 0.001 0.148 0.144 0.139 0.136 0.133 0.129 0.126 0.123 0.120 0.113 0.088 0.110 0.151 0.206 0.262 0.318 0.374 0.410 0.421 0.000 0.000 0.000 0.000 0.000 0.000 0.000 0.000 0.000 0.283 0.259 0.236 0.213 0.188 0.197 0.206 0.215 0.225 0.234 0.164 0.000 0.000 0.000 0.000 0.000 0.000 0.000 0.000 0.000
0.000 0.000 0.000 0.001 0.003 0.005 0.006 0.007 0.008 0.009 0.010 0.011 0.012 0.013 0.013 0.014 0.015 0.016 0.018 0.019 0.021 0.023 0.025 0.028 0.031 0.032 0.026 0.018 0.012 0.001 0.162 0.160 0.157 0.153 0.150 0.147 0.144 0.142 0.139 0.000 0.000 0.192 0.249 0.304 0.360 0.416 0.472 0.484 0.495 0.471 0.000 0.000 0.000 0.000 0.000 0.000 0.296 0.273 0.250 0.226 0.204 0.190 0.199 0.209 0.217 0.227 0.237 0.209 0.000 0.000 0.000 0.000 0.000 0.000 0.000 0.000 0.000
0.000 0.000 0.000 0.001 0.003 0.005 0.006 0.007 0.008 0.009 0.010 0.011 0.012 0.013 0.014 0.014 0.015 0.016 0.018 0.019 0.020 0.022 0.024 0.025 0.027 0.026 0.023 0.019 0.015 0.011 0.000 0.180 0.177 0.174 0.171 0.168 0.166 0.164 0.000 0.000 0.000 0.000 0.292 0.347 0.403 0.459 0.513 0.510 0.486 0.462 0.438 0.414 0.000 0.000 0.000 0.000 0.287 0.263 0.240 0.217 0.193 0.192 0.202 0.212 0.220 0.230 0.239 0.000 0.000 0.000 0.000 0.000 0.000 0.000 0.000 0.000 0.000
0.000 0.000 0.000 0.001 0.003 0.005 0.006 0.007 0.008 0.009 0.010 0.011 0.012 0.013 0.014 0.014 0.015 0.016 0.017 0.018 0.020 0.021 0.022 0.023 0.024 0.023 0.021 0.019 0.016 0.013 0.009 0.001 0.000 0.194 0.191 0.189 0.187 0.000 0.000 0.000 0.000 0.000 0.000 0.389 0.445 0.468 0.488 0.000 0.000 0.453 0.430 0.404 0.379 0.354 0.000 0.000 0.277 0.253 0.230 0.206 0.187 0.195 0.203 0.214 0.223 0.232 0.243 0.000 0.000 0.000 0.000 0.000 0.000 0.000 0.000 0.000 0.000
0.000 0.000 0.000 0.001 0.003 0.005 0.006 0.007 0.008 0.009 0.010 0.011 0.012 0.013 0.014 0.014 0.015 0.016 0.017 0.018 0.019 0.020 0.021 0.021 0.021 0.021 0.020 0.018 0.016 0.014 0.011 0.008 0.006 0.000 0.211 0.207 0.000 0.000 0.000 0.000 0.000 0.000 0.000 0.402 0.423 0.444 0.465 0.000 0.000 0.000 0.000 0.394 0.370 0.344 0.318 0.292 0.268 0.244 0.220 0.196 0.189 0.197 0.206 0.215 0.225 0.235 0.246 0.000 0.000 0.000 0.000 0.000 0.000 0.000 0.000 0.000 0.000
0.000 0.000 0.000 0.001 0.003 0.005 0.006 0.007 0.008 0.009 0.010 0.011 0.012 0.013 0.013 0.014 0.015 0.016 0.016 0.017 0.018 0.019 0.019 0.020 0.020 0.019 0.018 0.017 0.015 0.014 0.012 0.010 0.008 0.006 0.001 0.223 0.216 0.000 0.000 0.000 0.000 0.000 0.000 0.379 0.401 0.421 0.441 0.452 0.000 0.000 0.000 0.000 0.000 0.334 0.309 0.282 0.258 0.233 0.211 0.186 0.190 0.198 0.206 0.216 0.227 0.236 0.000 0.000 0.000 0.000 0.000 0.000 0.000 0.000 0.000 0.000 0.000
0.000 0.000 0.000 0.001 0.003 0.005 0.006 0.007 0.008 0.009 0.010 0.011 0.012 0.012 0.013 0.014 0.014 0.015 0.016 0.016 0.017 0.018 0.018 0.018 0.018 0.018 0.017 0.016 0.015 0.013 0.012 0.011 0.009 0.008 0.005 0.001 0.232 0.229 0.000 0.000 0.000 0.000 0.000 0.000 0.379 0.000 0.000 0.434 0.423 0.000 0.000 0.000 0.000 0.000 0.000 0.270 0.246 0.223 0.199 0.183 0.191 0.200 0.208 0.218 0.229 0.238 0.000 0.000 0.000 0.000 0.000 0.000 0.000 0.000 0.000 0.000 0.000
0.000 0.000 0.000 0.001 0.003 0.005 0.006 0.007 0.008 0.009 0.010 0.011 0.011 0.012 0.013 0.013 0.014 0.015 0.015 0.016 0.016 0.017 0.017 0.017 0.017 0.017 0.016 0.015 0.014 0.013 0.012 0.011 0.010 0.008 0.007 0.005 0.000 0.247 0.265 0.000 0.000 0.000 0.000 0.000 0.000 0.000 0.000 0.000 0.404 0.000 0.000 0.000 0.000 0.000 0.281 0.259 0.235 0.211 0.189 0.183 0.192 0.202 0.210 0.219 0.230 0.242 0.000 0.000 0.000 0.000 0.000 0.000 0.000 0.000 0.000 0.000 0.000
0.000 0.000 0.000 0.001 0.003 0.005 0.006 0.007 0.008 0.009 0.010 0.010 0.011 0.012 0.012 0.013 0.013 0.014 0.015 0.015 0.015 0.016 0.016 0.016 0.016 0.016 0.015 0.014 0.014 0.013 0.012 0.011 0.010 0.009 0.007 0.006 0.004 0.000 0.237 0.253 0.000 0.000 0.000 0.000 0.000 0.000 0.000 0.000 0.384 0.000 0.000 0.000 0.000 0.000 0.271 0.248 0.224 0.201 0.178 0.186 0.195 0.203 0.211 0.220 0.230 0.000 0.000 0.000 0.000 0.000 0.000 0.000 0.000 0.000 0.000 0.000 0.000
0.000 0.000 0.000 0.001 0.003 0.005 0.006 0.007 0.008 0.008 0.009 0.010 0.011 0.011 0.012 0.012 0.013 0.013 0.014 0.014 0.015 0.015 0.015 0.015 0.015 0.015 0.014 0.014 0.013 0.012 0.011 0.011 0.010 0.009 0.007 0.006 0.005 0.003 0.001 0.224 0.240 0.000 0.000 0.000 0.000 0.000 0.000 0.367 0.363 0.000 0.000 0.000 0.000 0.280 0.260 0.237 0.214 0.190 0.178 0.187 0.195 0.203 0.212 0.221 0.229 0.234 0.242 0.000 0.000 0.000 0.000 0.000 0.000 0.000 0.000 0.000 0.000
0.000 0.000 0.000 0.000 0.002 0.004 0.005 0.006 0.007 0.008 0.009 0.010 0.010 0.011 0.011 0.012 0.012 0.013 0.013 0.014 0.014 0.014 0.014 0.014 0.014 0.014 0.013 0.013 0.012 0.012 0.011 0.010 0.009 0.008 0.007 0.006 0.005 0.003 0.001 0.000 0.210 0.225 0.000 0.000 0.000 0.000 0.000 0.000 0.000 0.000 0.000 0.000 0.000 0.258 0.247 0.227 0.203 0.179 0.179 0.188 0.198 0.206 0.215 0.223 0.230 0.237 0.245 0.251 0.259 0.000 0.000 0.000 0.000 0.000 0.000 0.000 0.000
0.000 0.000 0.000 0.000 0.001 0.003 0.004 0.005 0.006 0.007 0.008 0.009 0.010 0.010 0.011 0.011 0.012 0.012 0.013 0.013 0.013 0.013 0.013 0.013 0.013 0.013 0.013 0.012 0.012 0.011 0.011 0.010 0.009 0.008 0.007 0.006 0.005 0.003 0.001 0.000 0.000 0.195 0.210 0.229 0.000 0.000 0.000 0.000 0.000 0.000 0.000 0.000 0.247 0.236 0.225 0.213 0.193 0.173 0.181 0.190 0.200 0.209 0.217 0.225 0.232 0.240 0.247 0.255 0.263 0.270 0.278 0.000 0.000 0.000 0.000 0.000 0.000
0.000 0.000 0.000 0.000 0.000 0.002 0.003 0.004 0.005 0.006 0.007 0.008 0.009 0.010 0.010 0.011 0.011 0.012 0.012 0.012 0.012 0.013 0.013 0.013 0.013 0.012 0.012 0.012 0.011 0.011 0.010 0.009 0.009 0.008 0.007 0.006 0.005 0.003 0.001 0.000 0.000 0.000 0.184 0.202 0.221 0.000 0.000 0.000 0.000 0.000 0.000 0.000 0.227 0.216 0.204 0.192 0.180 0.175 0.183 0.192 0.202 0.211 0.219 0.227 0.235 0.243 0.252 0.259 0.265 0.273 0.280 0.289 0.239 0.000 0.000 0.000 0.000
0.000 0.000 0.000 0.000 0.000 0.000 0.002 0.003 0.004 0.005 0.006 0.007 0.008 0.009 0.010 0.010 0.011 0.011 0.011 0.012 0.012 0.012 0.012 0.012 0.012 0.012 0.011 0.011 0.011 0.010 0.009 0.009 0.008 0.007 0.006 0.005 0.004 0.002 0.000 0.000 0.000 0.000 0.000 0.177 0.194 0.213 0.000 0.000 0.000 0.000 0.000 0.217 0.205 0.194 0.182 0.171 0.167 0.173 0.182 0.192 0.203 0.213 0.222 0.230 0.239 0.000 0.000 0.000 0.268 0.276 0.283 0.291 0.283 0.196 0.129 0.000 0.000
0.000 0.000 0.000 0.000 0.000 0.000 0.000 0.002 0.003 0.004 0.005 0.006 0.007 0.008 0.009 0.009 0.010 0.010 0.011 0.011 0.011 0.011 0.011 0.011 0.011 0.011 0.011 0.010 0.010 0.009 0.009 0.008 0.007 0.006 0.005 0.004 0.003 0.001 0.000 0.000 0.000 0.000 0.000 0.000 0.168 0.187 0.207 0.000 0.000 0.000 0.000 0.195 0.184 0.172 0.166 0.166 0.166 0.168 0.178 0.188 0.199 0.209 0.220 0.228 0.239 0.000 0.000 0.000 0.000 0.000 0.286 0.294 0.302 0.240 0.199 0.159 0.000
0.000 0.000 0.000 0.000 0.000 0.000 0.000 0.000 0.002 0.003 0.004 0.005 0.006 0.007 0.008 0.009 0.009 0.010 0.010 0.010 0.010 0.010 0.010 0.010 0.010 0.010 0.010 0.010 0.009 0.009 0.008 0.007 0.006 0.005 0.004 0.003 0.002 0.000 0.000 0.000 0.000 0.000 0.000 0.000 0.146 0.163 0.182 0.201 0.000 0.200 0.187 0.174 0.163 0.164 0.164 0.164 0.165 0.166 0.176 0.186 0.197 0.207 0.218 0.228 0.000 0.000 0.000 0.000 0.000 0.000 0.000 0.294 0.303 0.308 0.269 0.230 0.000
0.000 0.000 0.000 0.000 0.000 0.000 0.000 0.000 0.000 0.002 0.003 0.004 0.005 0.006 0.007 0.008 0.008 0.009 0.009 0.009 0.009 0.009 0.009 0.009 0.009 0.009 0.009 0.009 0.008 0.008 0.007 0.006 0.005 0.004 0.003 0.002 0.000 0.000 0.000 0.000 0.000 0.000 0.000 0.000 0.000 0.141 0.158 0.175 0.192 0.180 0.167 0.162 0.163 0.163 0.163 0.163 0.163 0.163 0.172 0.183 0.194 0.204 0.216 0.000 0.000 0.000 0.000 0.000 0.000 0.000 0.000 0.000 0.000 0.314 0.308 0.297 0.255
0.000 0.000 0.000 0.000 0.000 0.000 0.000 0.000 0.000 0.000 0.002 0.003 0.004 0.005 0.006 0.007 0.008 0.008 0.008 0.008 0.008 0.008 0.008 0.008 0.008 0.008 0.008 0.008 0.008 0.007 0.006 0.005 0.004 0.003 0.002 0.000 0.000 0.000 0.000 0.000 0.000 0.000 0.000 0.000 0.000 0.000 0.134 0.151 0.167 0.162 0.161 0.161 0.162 0.161 0.161 0.161 0.162 0.162 0.169 0.180 0.191 0.202 0.213 0.000 0.000 0.000 0.000 0.000 0.000 0.000 0.000 0.000 0.000 0.000 0.000 0.304 0.298
0.000 0.000 0.000 0.000 0.000 0.000 0.000 0.000 0.000 0.000 0.000 0.002 0.003 0.004 0.005 0.006 0.007 0.007 0.007 0.007 0.007 0.007 0.007 0.007 0.007 0.007 0.007 0.007 0.007 0.006 0.005 0.004 0.003 0.002 0.000 0.000 0.000 0.000 0.000 0.000 0.000 0.000 0.000 0.000 0.000 0.000 0.000 0.129 0.145 0.160 0.159 0.160 0.160 0.159 0.159 0.159 0.160 0.161 0.167 0.177 0.188 0.198 0.000 0.000 0.000 0.000 0.000 0.000 0.000 0.000 0.000 0.000 0.000 0.000 0.000 0.000 0.000
0.000 0.000 0.000 0.000 0.000 0.000 0.000 0.000 0.000 0.000 0.000 0.000 0.002 0.003 0.004 0.005 0.006 0.006 0.006 0.006 0.006 0.006 0.006 0.006 0.006 0.006 0.006 0.006 0.006 0.005 0.004 0.003 0.002 0.000 0.000 0.000 0.000 0.000 0.000 0.000 0.000 0.000 0.000 0.000 0.000 0.000 0.000 0.000 0.124 0.142 0.158 0.158 0.157 0.157 0.157 0.157 0.158 0.160 0.163 0.175 0.186 0.196 0.000 0.000 0.000 0.000 0.000 0.000 0.000 0.000 0.000 0.000 0.000 0.000 0.000 0.000 0.000
0.000 0.000 0.000 0.000 0.000 0.000 0.000 0.000 0.000 0.000 0.000 0.000 0.000 0.002 0.003 0.004 0.005 0.005 0.005 0.005 0.005 0.005 0.005 0.005 0.005 0.005 0.005 0.005 0.005 0.004 0.003 0.002 0.000 0.000 0.000 0.000 0.000 0.000 0.000 0.000 0.000 0.000 0.000 0.000 0.000 0.000 0.000 0.000 0.000 0.113 0.140 0.155 0.155 0.154 0.155 0.154 0.156 0.157 0.160 0.171 0.181 0.000 0.000 0.000 0.000 0.000 0.000 0.000 0.000 0.000 0.000 0.000 0.000 0.000 0.000 0.000 0.000
0.000 0.000 0.000 0.000 0.000 0.000 0.000 0.000 0.000 0.000 0.000 0.000 0.000 0.000 0.001 0.002 0.003 0.003 0.003 0.003 0.003 0.003 0.003 0.003 0.003 0.003 0.003 0.003 0.003 0.002 0.001 0.000 0.000 0.000 0.000 0.000 0.000 0.000 0.000 0.000 0.000 0.000 0.000 0.000 0.000 0.000 0.000 0.000 0.000 0.000 0.120 0.139 0.153 0.152 0.152 0.152 0.152 0.153 0.155 0.166 0.178 0.000 0.000 0.000 0.000 0.000 0.000 0.000 0.000 0.000 0.000 0.000 0.000 0.000 0.000 0.000 0.000
0.000 0.000 0.000 0.000 0.000 0.000 0.000 0.000 0.000 0.000 0.000 0.000 0.000 0.000 0.000 0.000 0.001 0.001 0.001 0.001 0.001 0.001 0.001 0.001 0.001 0.001 0.001 0.001 0.001 0.000 0.000 0.000 0.000 0.000 0.000 0.000 0.000 0.000 0.000 0.000 0.000 0.000 0.000 0.000 0.000 0.000 0.000 0.000 0.000 0.000 0.098 0.118 0.137 0.150 0.149 0.148 0.146 0.147 0.150 0.161 0.000 0.000 0.000 0.000 0.000 0.000 0.000 0.000 0.000 0.000 0.000 0.000 0.000 0.000 0.000 0.000 0.000
0.000 0.000 0.000 0.000 0.000 0.000 0.000 0.000 0.000 0.000 0.000 0.000 0.000 0.000 0.000 0.000 0.000 0.000 0.000 0.000 0.000 0.000 0.000 0.000 0.000 0.000 0.000 0.000 0.000 0.000 0.000 0.000 0.000 0.000 0.000 0.000 0.000 0.000 0.000 0.000 0.000 0.000 0.000 0.000 0.000 0.000 0.000 0.000 0.000 0.000 0.000 0.095 0.114 0.133 0.145 0.141 0.133 0.137 0.139 0.000 0.000 0.000 0.000 0.000 0.000 0.000 0.000 0.000 0.000 0.000 0.000 0.000 0.000 0.000 0.000 0.000 0.000
0.000 0.000 0.000 0.000 0.000 0.000 0.000 0.000 0.000 0.000 0.000 0.000 0.000 0.000 0.000 0.000 0.000 0.000 0.000 0.000 0.000 0.000 0.000 0.000 0.000 0.000 0.000 0.000 0.000 0.000 0.000 0.000 0.000 0.000 0.000 0.000 0.000 0.000 0.000 0.000 0.000 0.000 0.000 0.000 0.000 0.000 0.000 0.000 0.000 0.000 0.000 0.070 0.090 0.109 0.126 0.136 0.132 0.131 0.128 0.124 0.000 0.000 0.000 0.000 0.000 0.000 0.000 0.000 0.000 0.000 0.000 0.000 0.000 0.000 0.000 0.000 0.000
0.000 0.000 0.000 0.000 0.000 0.000 0.000 0.000 0.000 0.000 0.000 0.000 0.000 0.000 0.000 0.000 0.000 0.000 0.000 0.000 0.000 0.000 0.000 0.000 0.000 0.000 0.000 0.000 0.000 0.000 0.000 0.000 0.000 0.000 0.000 0.000 0.000 0.000 0.000 0.000 0.000 0.000 0.000 0.000 0.000 0.000 0.000 0.000 0.000 0.000 0.000 0.047 0.067 0.085 0.102 0.119 0.129 0.126 0.121 0.115 0.116 0.000 0.000 0.000 0.000 0.000 0.000 0.000 0.000 0.000 0.000 0.000 0.000 0.000 0.000 0.000 0.000
0.000 0.000 0.000 0.000 0.000 0.000 0.000 0.000 0.000 0.000 0.000 0.000 0.000 0.000 0.000 0.000 0.000 0.000 0.000 0.000 0.000 0.000 0.000 0.000 0.000 0.000 0.000 0.000 0.000 0.000 0.000 0.000 0.000 0.000 0.000 0.000 0.000 0.000 0.000 0.000 0.000 0.000 0.000 0.000 0.000 0.000 0.000 0.000 0.000 0.000 0.000 0.025 0.043 0.061 0.078 0.096 0.112 0.120 0.114 0.105 0.103 0.094 0.094 0.000 0.000 0.000 0.000 0.000 0.000 0.000 0.000 0.000 0.000 0.000 0.000 0.000 0.000
0.000 0.000 0.000 0.000 0.000 0.000 0.000 0.000 0.000 0.000 0.000 0.000 0.000 0.000 0.000 0.000 0.000 0.000 0.000 0.000 0.000 0.000 0.000 0.000 0.000 0.000 0.000 0.000 0.000 0.000 0.000 0.000 0.000 0.000 0.000 0.000 0.000 0.000 0.000 0.000 0.000 0.000 0.000 0.000 0.000 0.000 0.000 0.000 0.000 0.000 0.000 0.000 0.019 0.037 0.054 0.071 0.087 0.101 0.106 0.097 0.091 0.085 0.085 0.087 0.000 0.000 0.000 0.000 0.000 0.000 0.000 0.000 0.000 0.000 0.000 0.000 0.000
0.000 0.000 0.000 0.000 0.000 0.000 0.000 0.000 0.000 0.000 0.000 0.000 0.000 0.000 0.000 0.000 0.000 0.000 0.000 0.000 0.000 0.000 0.000 0.000 0.000 0.000 0.000 0.000 0.000 0.000 0.000 0.000 0.000 0.000 0.000 0.000 0.000 0.000 0.000 0.000 0.000 0.000 0.000 0.000 0.000 0.000 0.000 0.000 0.000 0.000 0.000 0.000 0.002 0.013 0.030 0.046 0.061 0.075 0.087 0.087 0.078 0.074 0.076 0.078 0.078 0.000 0.000 0.000 0.000 0.000 0.000 0.000 0.000 0.000 0.000 0.000 0.000
