数据/150y_3h/150y_3h_res_2/150y_3h_180-0001.wd
ncols         694
nrows         824
xllcorner     581104.939801
yllcorner     3495917.092414
cellsize      2.000000
NODATA_value  -9999.000000
[rows 306 to 339 of 824, columns 462 to 538 of 694]
0.113 0.110 0.108 0.106 0.105 0.105 0.106 0.107 0.102 0.094 0.086 0.078 0.070 0.062 0.053 0.044 0.031 0.000 0.012 0.012 0.011 0.012 0.017 0.024 0.030 0.035 0.039 0.042 0.044 0.043 0.042 0.039 0.035 0.030 0.026 0.021 0.017 0.015 0.016 0.000 0.000 0.000 0.000 0.000 0.000 0.000 0.000 0.000 0.000 0.000 0.000 0.000 0.000 0.000 0.037 0.037 0.039 0.043 0.000 0.005 0.006 0.006 0.006 0.006 0.009 0.018 0.000 0.000 0.000 0.000 0.013 0.025 0.037 0.051 0.063 0.063 0.058
0.145 0.123 0.115 0.112 0.112 0.112 0.113 0.113 0.114 0.111 0.103 0.095 0.086 0.077 0.068 0.058 0.045 0.035 0.028 0.023 0.019 0.018 0.020 0.024 0.030 0.034 0.038 0.041 0.042 0.042 0.041 0.038 0.035 0.031 0.027 0.024 0.021 0.023 0.032 0.000 0.000 0.000 0.000 0.000 0.000 0.000 0.000 0.000 0.000 0.000 0.000 0.000 0.000 0.000 0.000 0.000 0.000 0.036 0.034 0.026 0.022 0.020 0.018 0.017 0.024 0.000 0.000 0.000 0.000 0.000 0.030 0.044 0.056 0.058 0.055 0.053 0.051
0.124 0.120 0.118 0.117 0.118 0.119 0.120 0.121 0.122 0.122 0.120 0.112 0.103 0.094 0.083 0.072 0.060 0.050 0.042 0.035 0.029 0.026 0.025 0.026 0.030 0.034 0.037 0.040 0.041 0.041 0.040 0.038 0.035 0.032 0.029 0.026 0.024 0.025 0.000 0.000 0.000 0.000 0.000 0.000 0.000 0.000 0.000 0.000 0.000 0.000 0.000 0.000 0.000 0.000 0.000 0.000 0.000 0.000 0.000 0.020 0.024 0.024 0.021 0.021 0.031 0.000 0.000 0.000 0.000 0.038 0.051 0.055 0.052 0.049 0.047 0.045 0.044
0.117 0.120 0.122 0.124 0.125 0.127 0.129 0.130 0.130 0.129 0.130 0.130 0.121 0.110 0.098 0.085 0.074 0.064 0.054 0.046 0.039 0.034 0.031 0.030 0.032 0.034 0.037 0.039 0.040 0.040 0.039 0.038 0.036 0.033 0.030 0.027 0.025 0.023 0.014 0.010 0.007 0.000 0.000 0.000 0.000 0.000 0.000 0.000 0.000 0.000 0.000 0.000 0.000 0.000 0.000 0.000 0.000 0.000 0.000 0.000 0.000 0.000 0.016 0.023 0.027 0.035 0.000 0.000 0.000 0.050 0.049 0.047 0.045 0.042 0.040 0.039 0.038
0.119 0.123 0.128 0.131 0.134 0.136 0.138 0.139 0.139 0.137 0.138 0.138 0.137 0.127 0.113 0.098 0.087 0.075 0.065 0.056 0.048 0.042 0.038 0.036 0.035 0.036 0.038 0.039 0.040 0.040 0.039 0.038 0.036 0.034 0.031 0.029 0.026 0.023 0.018 0.013 0.010 0.006 0.005 0.000 0.000 0.000 0.000 0.000 0.000 0.000 0.000 0.000 0.000 0.000 0.000 0.000 0.000 0.000 0.000 0.000 0.000 0.000 0.000 0.000 0.025 0.037 0.046 0.061 0.061 0.052 0.046 0.042 0.039 0.037 0.035 0.034 0.035
0.125 0.131 0.136 0.140 0.143 0.146 0.148 0.150 0.149 0.141 0.147 0.148 0.146 0.140 0.125 0.110 0.097 0.085 0.074 0.065 0.057 0.051 0.046 0.043 0.041 0.041 0.041 0.041 0.042 0.042 0.041 0.040 0.038 0.036 0.034 0.031 0.028 0.025 0.021 0.017 0.013 0.010 0.007 0.004 0.003 0.004 0.000 0.000 0.000 0.000 0.000 0.000 0.000 0.000 0.000 0.000 0.000 0.000 0.000 0.000 0.000 0.000 0.000 0.000 0.000 0.000 0.000 0.045 0.047 0.045 0.041 0.038 0.035 0.033 0.031 0.030 0.027
0.134 0.140 0.145 0.150 0.154 0.157 0.160 0.161 0.160 0.159 0.159 0.159 0.148 0.130 0.125 0.117 0.103 0.092 0.082 0.073 0.066 0.060 0.055 0.052 0.050 0.049 0.049 0.048 0.048 0.047 0.046 0.045 0.043 0.041 0.038 0.036 0.033 0.030 0.026 0.022 0.018 0.014 0.011 0.008 0.005 0.004 0.004 0.006 0.000 0.000 0.000 0.000 0.006 0.024 0.000 0.000 0.000 0.000 0.000 0.000 0.000 0.000 0.000 0.000 0.000 0.000 0.047 0.044 0.042 0.039 0.036 0.033 0.031 0.029 0.028 0.029 0.000
0.145 0.150 0.156 0.161 0.165 0.169 0.171 0.166 0.158 0.148 0.138 0.127 0.112 0.090 0.105 0.119 0.109 0.099 0.090 0.082 0.076 0.071 0.067 0.065 0.064 0.063 0.062 0.061 0.061 0.059 0.058 0.055 0.053 0.050 0.048 0.045 0.042 0.038 0.034 0.031 0.027 0.023 0.019 0.015 0.010 0.006 0.006 0.008 0.008 0.009 0.011 0.015 0.022 0.034 0.050 0.071 0.097 0.000 0.000 0.000 0.000 0.000 0.000 0.000 0.000 0.000 0.043 0.042 0.039 0.036 0.033 0.030 0.027 0.026 0.025 0.022 0.000
0.155 0.162 0.163 0.158 0.154 0.148 0.141 0.135 0.127 0.116 0.106 0.094 0.074 0.075 0.075 0.112 0.114 0.107 0.100 0.095 0.090 0.087 0.085 0.083 0.082 0.081 0.080 0.079 0.078 0.077 0.075 0.072 0.069 0.066 0.062 0.059 0.055 0.052 0.048 0.044 0.040 0.036 0.032 0.028 0.023 0.018 0.015 0.017 0.019 0.022 0.026 0.032 0.039 0.049 0.064 0.083 0.106 0.128 0.154 0.000 0.000 0.000 0.000 0.000 0.000 0.054 0.049 0.044 0.039 0.034 0.030 0.027 0.024 0.023 0.024 0.000 0.000
0.135 0.133 0.129 0.125 0.121 0.115 0.109 0.102 0.094 0.086 0.076 0.061 0.050 0.059 0.069 0.098 0.122 0.117 0.113 0.110 0.108 0.107 0.106 0.106 0.105 0.105 0.104 0.102 0.100 0.098 0.095 0.092 0.088 0.085 0.081 0.077 0.073 0.069 0.065 0.062 0.058 0.054 0.051 0.047 0.043 0.038 0.031 0.032 0.035 0.039 0.043 0.049 0.056 0.066 0.079 0.096 0.117 0.139 0.153 0.154 0.158 0.165 0.000 0.000 0.000 0.050 0.048 0.044 0.039 0.033 0.028 0.024 0.021 0.020 0.018 0.000 0.000
0.101 0.098 0.095 0.092 0.087 0.083 0.077 0.071 0.064 0.055 0.046 0.029 0.037 0.045 0.058 0.086 0.123 0.132 0.130 0.130 0.130 0.130 0.131 0.131 0.131 0.130 0.129 0.128 0.126 0.123 0.119 0.115 0.111 0.106 0.101 0.097 0.093 0.089 0.085 0.082 0.079 0.076 0.073 0.069 0.066 0.062 0.055 0.048 0.052 0.056 0.061 0.066 0.074 0.083 0.095 0.111 0.122 0.125 0.128 0.130 0.132 0.134 0.133 0.139 0.000 0.056 0.051 0.044 0.038 0.031 0.025 0.020 0.018 0.019 0.000 0.000 0.000
0.068 0.065 0.062 0.059 0.055 0.050 0.046 0.040 0.035 0.027 0.018 0.018 0.025 0.033 0.047 0.075 0.115 0.150 0.152 0.153 0.155 0.157 0.158 0.158 0.158 0.158 0.157 0.155 0.153 0.149 0.145 0.141 0.136 0.131 0.126 0.121 0.116 0.112 0.108 0.104 0.101 0.099 0.096 0.094 0.091 0.087 0.082 0.074 0.070 0.074 0.079 0.084 0.091 0.100 0.106 0.103 0.102 0.103 0.104 0.105 0.105 0.097 0.104 0.106 0.094 0.071 0.055 0.044 0.036 0.028 0.021 0.017 0.014 0.013 0.000 0.000 0.000
0.035 0.033 0.030 0.027 0.024 0.020 0.017 0.013 0.010 0.006 0.005 0.010 0.015 0.023 0.037 0.065 0.110 0.162 0.176 0.179 0.182 0.184 0.186 0.187 0.187 0.186 0.185 0.183 0.180 0.177 0.172 0.167 0.161 0.157 0.152 0.147 0.142 0.137 0.133 0.130 0.127 0.124 0.121 0.118 0.116 0.113 0.108 0.102 0.092 0.092 0.096 0.102 0.106 0.098 0.090 0.085 0.082 0.081 0.080 0.080 0.079 0.076 0.078 0.077 0.070 0.059 0.048 0.038 0.030 0.022 0.016 0.012 0.012 0.000 0.000 0.000 0.000
0.005 0.005 0.004 0.003 0.001 0.000 0.000 0.000 0.000 0.000 0.002 0.005 0.009 0.015 0.028 0.059 0.108 0.162 0.202 0.206 0.210 0.213 0.215 0.216 0.216 0.215 0.214 0.212 0.209 0.205 0.199 0.192 0.187 0.183 0.178 0.172 0.167 0.163 0.159 0.156 0.154 0.151 0.149 0.147 0.144 0.141 0.136 0.130 0.122 0.110 0.113 0.101 0.091 0.081 0.073 0.067 0.061 0.058 0.055 0.053 0.051 0.049 0.049 0.047 0.042 0.037 0.031 0.025 0.019 0.014 0.009 0.006 0.006 0.017 0.000 0.000 0.000
0.000 0.000 0.000 0.000 0.000 0.000 0.000 0.000 0.000 0.000 0.000 0.002 0.005 0.009 0.022 0.057 0.110 0.163 0.218 0.235 0.239 0.243 0.246 0.246 0.245 0.244 0.243 0.241 0.238 0.233 0.227 0.217 0.213 0.209 0.204 0.198 0.193 0.189 0.186 0.183 0.181 0.179 0.177 0.175 0.173 0.170 0.167 0.161 0.147 0.121 0.118 0.108 0.096 0.085 0.075 0.067 0.060 0.054 0.049 0.044 0.040 0.037 0.034 0.030 0.025 0.019 0.014 0.010 0.007 0.005 0.003 0.002 0.001 0.000 0.000 0.000 0.000
0.000 0.000 0.000 0.000 0.000 0.000 0.000 0.000 0.000 0.000 0.000 0.001 0.002 0.006 0.019 0.057 0.113 0.000 0.220 0.264 0.268 0.273 0.277 0.000 0.000 0.000 0.000 0.000 0.000 0.000 0.000 0.238 0.239 0.237 0.232 0.222 0.219 0.216 0.213 0.211 0.209 0.208 0.206 0.204 0.202 0.193 0.178 0.160 0.141 0.116 0.114 0.116 0.119 0.109 0.098 0.089 0.080 0.073 0.066 0.060 0.054 0.049 0.044 0.039 0.033 0.027 0.022 0.017 0.013 0.010 0.007 0.005 0.004 0.003 0.002 0.001 0.000
0.000 0.000 0.000 0.000 0.000 0.000 0.000 0.000 0.000 0.000 0.000 0.000 0.001 0.010 0.000 0.000 0.115 0.000 0.000 0.281 0.000 0.000 0.000 0.000 0.000 0.000 0.000 0.000 0.000 0.000 0.000 0.000 0.000 0.000 0.000 0.244 0.246 0.244 0.239 0.238 0.238 0.237 0.227 0.214 0.200 0.186 0.170 0.153 0.134 0.109 0.109 0.109 0.112 0.116 0.118 0.108 0.099 0.091 0.083 0.076 0.069 0.062 0.056 0.050 0.043 0.037 0.031 0.026 0.021 0.017 0.013 0.010 0.008 0.006 0.004 0.003 0.002
0.000 0.000 0.000 0.000 0.000 0.000 0.000 0.000 0.000 0.000 0.000 0.000 0.000 0.000 0.000 0.000 0.000 0.000 0.000 0.000 0.000 0.000 0.000 0.000 0.000 0.000 0.000 0.000 0.000 0.000 0.000 0.000 0.000 0.000 0.000 0.000 0.000 0.000 0.263 0.258 0.246 0.233 0.218 0.205 0.192 0.177 0.162 0.146 0.126 0.104 0.103 0.102 0.104 0.107 0.112 0.117 0.116 0.108 0.100 0.092 0.084 0.077 0.070 0.063 0.056 0.049 0.042 0.036 0.031 0.025 0.021 0.017 0.014 0.011 0.008 0.007 0.005
0.000 0.000 0.000 0.000 0.000 0.000 0.000 0.000 0.000 0.000 0.000 0.000 0.000 0.000 0.000 0.000 0.000 0.000 0.000 0.000 0.000 0.000 0.000 0.000 0.000 0.000 0.000 0.000 0.000 0.000 0.000 0.000 0.000 0.000 0.000 0.000 0.000 0.000 0.000 0.000 0.000 0.000 0.207 0.197 0.184 0.168 0.154 0.137 0.116 0.097 0.095 0.094 0.095 0.098 0.102 0.107 0.113 0.120 0.116 0.108 0.099 0.092 0.084 0.076 0.069 0.061 0.055 0.048 0.042 0.036 0.031 0.026 0.022 0.018 0.015 0.012 0.010
0.000 0.000 0.000 0.000 0.000 0.000 0.000 0.000 0.000 0.000 0.000 0.000 0.000 0.000 0.000 0.000 0.000 0.000 0.000 0.000 0.000 0.000 0.000 0.000 0.000 0.000 0.000 0.000 0.000 0.000 0.000 0.000 0.000 0.000 0.000 0.000 0.000 0.000 0.000 0.000 0.000 0.000 0.000 0.000 0.000 0.156 0.145 0.129 0.104 0.087 0.085 0.085 0.086 0.088 0.091 0.096 0.102 0.108 0.115 0.122 0.115 0.106 0.098 0.090 0.082 0.075 0.068 0.061 0.055 0.049 0.044 0.039 0.034 0.030 0.026 0.022 0.019
0.000 0.000 0.000 0.000 0.000 0.000 0.000 0.000 0.000 0.000 0.000 0.000 0.000 0.000 0.000 0.000 0.000 0.000 0.000 0.000 0.000 0.000 0.000 0.000 0.000 0.000 0.000 0.000 0.000 0.000 0.000 0.000 0.000 0.000 0.000 0.000 0.000 0.000 0.000 0.000 0.000 0.000 0.000 0.000 0.000 0.000 0.000 0.000 0.085 0.076 0.073 0.074 0.076 0.079 0.081 0.085 0.091 0.097 0.103 0.109 0.116 0.120 0.112 0.104 0.096 0.088 0.081 0.075 0.069 0.064 0.059 0.055 0.050 0.046 0.041 0.037 0.032
0.000 0.000 0.000 0.000 0.000 0.000 0.000 0.000 0.000 0.000 0.000 0.000 0.000 0.000 0.000 0.000 0.000 0.000 0.000 0.000 0.000 0.000 0.000 0.000 0.000 0.000 0.000 0.000 0.000 0.000 0.000 0.000 0.000 0.000 0.000 0.000 0.000 0.000 0.000 0.000 0.000 0.000 0.000 0.000 0.000 0.000 0.000 0.000 0.000 0.000 0.054 0.063 0.068 0.071 0.069 0.074 0.080 0.087 0.091 0.096 0.103 0.109 0.116 0.118 0.110 0.103 0.096 0.091 0.086 0.082 0.078 0.074 0.070 0.065 0.060 0.054 0.048
0.000 0.000 0.000 0.000 0.000 0.000 0.000 0.000 0.000 0.000 0.000 0.000 0.000 0.000 0.000 0.000 0.000 0.000 0.000 0.000 0.000 0.000 0.000 0.000 0.000 0.000 0.000 0.000 0.000 0.000 0.000 0.000 0.000 0.000 0.000 0.000 0.000 0.000 0.000 0.000 0.000 0.000 0.000 0.000 0.000 0.000 0.000 0.000 0.000 0.000 0.000 0.000 0.000 0.000 0.052 0.064 0.072 0.078 0.078 0.082 0.088 0.095 0.102 0.110 0.119 0.118 0.113 0.108 0.105 0.103 0.100 0.096 0.092 0.087 0.080 0.073 0.066
0.000 0.000 0.000 0.000 0.000 0.000 0.000 0.000 0.000 0.000 0.000 0.000 0.000 0.000 0.000 0.000 0.000 0.000 0.000 0.000 0.000 0.000 0.000 0.000 0.000 0.000 0.000 0.000 0.000 0.000 0.000 0.000 0.000 0.000 0.000 0.000 0.000 0.000 0.000 0.000 0.000 0.000 0.000 0.000 0.000 0.000 0.000 0.000 0.000 0.000 0.000 0.000 0.000 0.000 0.000 0.000 0.000 0.000 0.060 0.066 0.073 0.080 0.088 0.096 0.105 0.116 0.128 0.128 0.127 0.126 0.124 0.120 0.116 0.109 0.101 0.092 0.083
0.000 0.000 0.000 0.000 0.000 0.000 0.000 0.000 0.000 0.000 0.000 0.000 0.000 0.000 0.000 0.000 0.000 0.000 0.000 0.000 0.000 0.000 0.000 0.000 0.000 0.000 0.000 0.000 0.000 0.000 0.000 0.000 0.000 0.000 0.000 0.000 0.000 0.000 0.000 0.000 0.000 0.000 0.000 0.000 0.000 0.000 0.000 0.000 0.000 0.000 0.000 0.000 0.000 0.000 0.000 0.000 0.000 0.000 0.000 0.046 0.056 0.065 0.074 0.082 0.092 0.103 0.117 0.134 0.151 0.152 0.149 0.146 0.140 0.132 0.121 0.110 0.099
0.000 0.000 0.000 0.000 0.000 0.000 0.000 0.000 0.000 0.000 0.000 0.000 0.000 0.000 0.000 0.000 0.000 0.000 0.000 0.000 0.000 0.000 0.000 0.000 0.000 0.000 0.000 0.000 0.000 0.000 0.000 0.000 0.000 0.000 0.000 0.000 0.000 0.000 0.000 0.000 0.000 0.000 0.000 0.000 0.000 0.000 0.000 0.000 0.000 0.000 0.000 0.000 0.000 0.000 0.000 0.000 0.000 0.000 0.000 0.031 0.042 0.051 0.060 0.069 0.079 0.092 0.107 0.126 0.147 0.167 0.176 0.172 0.166 0.157 0.137 0.126 0.113
0.000 0.000 0.000 0.000 0.000 0.000 0.000 0.000 0.000 0.000 0.000 0.000 0.000 0.000 0.000 0.000 0.000 0.000 0.000 0.000 0.000 0.000 0.000 0.000 0.000 0.000 0.000 0.000 0.000 0.000 0.000 0.000 0.000 0.000 0.000 0.000 0.000 0.000 0.000 0.000 0.000 0.000 0.000 0.000 0.000 0.000 0.000 0.000 0.000 0.000 0.000 0.000 0.000 0.000 0.000 0.000 0.000 0.000 0.000 0.018 0.028 0.037 0.046 0.055 0.067 0.081 0.099 0.121 0.144 0.167 0.000 0.000 0.000 0.000 0.145 0.142 0.123
0.000 0.000 0.000 0.000 0.000 0.000 0.000 0.000 0.000 0.000 0.000 0.000 0.000 0.000 0.000 0.000 0.000 0.000 0.000 0.000 0.000 0.000 0.000 0.000 0.000 0.000 0.000 0.000 0.000 0.000 0.000 0.000 0.000 0.000 0.000 0.000 0.000 0.000 0.000 0.000 0.000 0.000 0.000 0.000 0.000 0.000 0.000 0.000 0.000 0.000 0.000 0.000 0.000 0.000 0.000 0.000 0.000 0.000 0.000 0.009 0.016 0.024 0.033 0.043 0.055 0.071 0.092 0.116 0.141 0.000 0.000 0.000 0.000 0.000 0.000 0.000 0.124
0.000 0.000 0.000 0.000 0.000 0.000 0.000 0.000 0.000 0.000 0.000 0.000 0.000 0.000 0.000 0.000 0.000 0.000 0.000 0.000 0.000 0.000 0.000 0.000 0.000 0.000 0.000 0.000 0.000 0.000 0.000 0.000 0.000 0.000 0.000 0.000 0.000 0.000 0.000 0.000 0.000 0.000 0.000 0.000 0.000 0.000 0.000 0.000 0.000 0.000 0.000 0.000 0.000 0.000 0.000 0.000 0.000 0.000 0.000 0.001 0.006 0.013 0.020 0.030 0.043 0.062 0.085 0.112 0.000 0.000 0.000 0.000 0.000 0.000 0.000 0.000 0.000
0.000 0.000 0.000 0.000 0.000 0.000 0.000 0.000 0.000 0.000 0.000 0.000 0.000 0.000 0.000 0.000 0.000 0.000 0.000 0.000 0.000 0.000 0.000 0.000 0.000 0.000 0.000 0.000 0.000 0.000 0.000 0.000 0.000 0.000 0.000 0.000 0.000 0.000 0.000 0.000 0.000 0.000 0.000 0.000 0.000 0.000 0.000 0.000 0.000 0.000 0.000 0.000 0.000 0.000 0.000 0.000 0.000 0.000 0.000 0.000 0.000 0.003 0.009 0.018 0.032 0.053 0.079 0.107 0.000 0.000 0.000 0.000 0.000 0.000 0.000 0.000 0.000
0.000 0.000 0.000 0.000 0.000 0.000 0.000 0.000 0.000 0.000 0.000 0.000 0.000 0.000 0.000 0.000 0.000 0.000 0.000 0.000 0.000 0.000 0.000 0.000 0.000 0.000 0.000 0.000 0.000 0.000 0.000 0.000 0.000 0.000 0.000 0.000 0.000 0.000 0.000 0.000 0.000 0.000 0.000 0.000 0.000 0.000 0.000 0.000 0.000 0.000 0.000 0.000 0.000 0.000 0.000 0.000 0.000 0.000 0.000 0.000 0.000 0.000 0.001 0.006 0.018 0.041 0.071 0.000 0.000 0.000 0.000 0.000 0.000 0.000 0.000 0.000 0.000
0.000 0.000 0.000 0.000 0.000 0.000 0.000 0.000 0.000 0.000 0.000 0.000 0.000 0.000 0.000 0.000 0.000 0.000 0.000 0.000 0.000 0.000 0.000 0.000 0.000 0.000 0.000 0.000 0.000 0.000 0.000 0.000 0.000 0.000 0.000 0.000 0.000 0.000 0.000 0.000 0.000 0.000 0.000 0.000 0.000 0.000 0.000 0.000 0.000 0.000 0.000 0.000 0.000 0.000 0.000 0.000 0.000 0.000 0.000 0.000 0.000 0.000 0.001 0.004 0.013 0.041 0.079 0.000 0.000 0.000 0.000 0.000 0.000 0.000 0.000 0.000 0.000
0.000 0.000 0.000 0.000 0.000 0.000 0.000 0.000 0.000 0.000 0.000 0.000 0.000 0.000 0.000 0.000 0.000 0.000 0.000 0.000 0.000 0.000 0.000 0.000 0.000 0.000 0.000 0.000 0.000 0.000 0.000 0.000 0.000 0.000 0.000 0.000 0.000 0.000 0.000 0.000 0.000 0.000 0.000 0.000 0.000 0.000 0.000 0.000 0.000 0.000 0.000 0.000 0.000 0.000 0.000 0.000 0.000 0.000 0.000 0.000 0.000 0.000 0.001 0.004 0.013 0.041 0.000 0.000 0.000 0.000 0.000 0.000 0.000 0.000 0.000 0.000 0.000
0.000 0.000 0.000 0.000 0.000 0.000 0.000 0.000 0.000 0.000 0.000 0.000 0.000 0.000 0.000 0.000 0.000 0.000 0.000 0.000 0.000 0.000 0.000 0.000 0.000 0.000 0.000 0.000 0.000 0.000 0.000 0.000 0.000 0.000 0.000 0.000 0.000 0.000 0.000 0.000 0.000 0.000 0.000 0.000 0.000 0.000 0.000 0.000 0.000 0.000 0.000 0.000 0.000 0.000 0.000 0.000 0.000 0.000 0.000 0.000 0.000 0.000 0.000 0.004 0.013 0.041 0.000 0.000 0.000 0.000 0.000 0.000 0.000 0.000 0.000 0.000 0.000
