数据/150y_3h/150y_3h_res_2/150y_3h_176-0001.wd
ncols         694
nrows         824
xllcorner     581104.939801
yllcorner     3495917.092414
cellsize      2.000000
NODATA_value  -9999.000000
[rows 306 to 339 of 824, columns 462 to 538 of 694]
0.116 0.114 0.111 0.109 0.108 0.108 0.109 0.110 0.105 0.097 0.089 0.081 0.072 0.064 0.056 0.046 0.033 0.000 0.013 0.013 0.012 0.013 0.017 0.024 0.030 0.036 0.040 0.043 0.044 0.044 0.042 0.039 0.035 0.031 0.026 0.022 0.018 0.015 0.016 0.000 0.000 0.000 0.000 0.000 0.000 0.000 0.000 0.000 0.000 0.000 0.000 0.000 0.000 0.000 0.036 0.036 0.037 0.042 0.000 0.004 0.003 0.002 0.000 0.000 0.000 0.000 0.000 0.000 0.000 0.000 0.011 0.023 0.035 0.048 0.061 0.061 0.056
0.148 0.127 0.119 0.116 0.115 0.115 0.116 0.117 0.117 0.114 0.106 0.098 0.089 0.080 0.070 0.060 0.047 0.037 0.030 0.024 0.020 0.019 0.020 0.025 0.030 0.035 0.039 0.041 0.043 0.043 0.041 0.039 0.035 0.032 0.028 0.024 0.021 0.023 0.032 0.000 0.000 0.000 0.000 0.000 0.000 0.000 0.000 0.000 0.000 0.000 0.000 0.000 0.000 0.000 0.000 0.000 0.000 0.034 0.032 0.025 0.021 0.019 0.016 0.014 0.016 0.000 0.000 0.000 0.000 0.000 0.027 0.041 0.053 0.056 0.053 0.051 0.049
0.127 0.123 0.121 0.121 0.121 0.122 0.123 0.124 0.125 0.125 0.123 0.115 0.106 0.096 0.085 0.074 0.062 0.052 0.043 0.036 0.030 0.027 0.026 0.027 0.030 0.034 0.038 0.040 0.041 0.041 0.040 0.038 0.036 0.032 0.029 0.026 0.024 0.025 0.000 0.000 0.000 0.000 0.000 0.000 0.000 0.000 0.000 0.000 0.000 0.000 0.000 0.000 0.000 0.000 0.000 0.000 0.000 0.000 0.000 0.019 0.022 0.022 0.018 0.016 0.019 0.000 0.000 0.000 0.000 0.034 0.047 0.052 0.049 0.047 0.044 0.043 0.042
0.121 0.123 0.125 0.127 0.129 0.130 0.132 0.133 0.133 0.132 0.133 0.133 0.124 0.113 0.101 0.087 0.076 0.066 0.056 0.047 0.040 0.035 0.032 0.031 0.033 0.035 0.037 0.039 0.040 0.041 0.040 0.038 0.036 0.033 0.030 0.027 0.025 0.023 0.014 0.010 0.007 0.000 0.000 0.000 0.000 0.000 0.000 0.000 0.000 0.000 0.000 0.000 0.000 0.000 0.000 0.000 0.000 0.000 0.000 0.000 0.000 0.000 0.013 0.015 0.013 0.006 0.000 0.000 0.000 0.046 0.046 0.044 0.042 0.040 0.038 0.037 0.036
0.122 0.127 0.130 0.134 0.137 0.139 0.141 0.142 0.142 0.140 0.140 0.141 0.140 0.130 0.115 0.101 0.089 0.077 0.067 0.058 0.050 0.044 0.039 0.037 0.036 0.037 0.038 0.040 0.040 0.040 0.040 0.038 0.037 0.034 0.032 0.029 0.026 0.023 0.018 0.013 0.010 0.006 0.005 0.000 0.000 0.000 0.000 0.000 0.000 0.000 0.000 0.000 0.000 0.000 0.000 0.000 0.000 0.000 0.000 0.000 0.000 0.000 0.000 0.000 0.004 0.000 0.025 0.050 0.054 0.047 0.042 0.039 0.037 0.035 0.033 0.032 0.034
0.128 0.134 0.139 0.143 0.146 0.149 0.151 0.152 0.152 0.145 0.150 0.150 0.148 0.143 0.127 0.112 0.099 0.087 0.076 0.067 0.059 0.053 0.048 0.044 0.042 0.042 0.042 0.042 0.043 0.042 0.041 0.040 0.039 0.036 0.034 0.031 0.029 0.025 0.021 0.017 0.013 0.010 0.007 0.004 0.003 0.004 0.000 0.000 0.000 0.000 0.000 0.000 0.000 0.000 0.000 0.000 0.000 0.000 0.000 0.000 0.000 0.000 0.000 0.000 0.000 0.000 0.000 0.040 0.042 0.041 0.038 0.035 0.033 0.031 0.030 0.029 0.026
0.137 0.143 0.148 0.153 0.157 0.160 0.163 0.164 0.163 0.161 0.162 0.161 0.150 0.132 0.127 0.119 0.106 0.094 0.084 0.075 0.068 0.062 0.057 0.054 0.052 0.051 0.050 0.050 0.049 0.048 0.047 0.046 0.044 0.041 0.039 0.036 0.033 0.030 0.026 0.022 0.018 0.015 0.011 0.008 0.005 0.005 0.004 0.007 0.000 0.000 0.000 0.000 0.007 0.025 0.000 0.000 0.000 0.000 0.000 0.000 0.000 0.000 0.000 0.000 0.000 0.000 0.047 0.043 0.040 0.037 0.035 0.032 0.030 0.028 0.027 0.028 0.000
0.148 0.153 0.159 0.165 0.168 0.172 0.175 0.169 0.161 0.151 0.141 0.129 0.114 0.092 0.108 0.122 0.111 0.101 0.092 0.085 0.078 0.073 0.070 0.067 0.066 0.065 0.064 0.063 0.062 0.061 0.059 0.057 0.054 0.051 0.049 0.046 0.042 0.039 0.035 0.031 0.027 0.023 0.019 0.015 0.011 0.007 0.006 0.008 0.008 0.009 0.011 0.016 0.023 0.035 0.051 0.072 0.098 0.000 0.000 0.000 0.000 0.000 0.000 0.000 0.000 0.000 0.043 0.042 0.039 0.036 0.032 0.029 0.027 0.025 0.024 0.022 0.000
0.159 0.165 0.166 0.161 0.156 0.151 0.144 0.137 0.130 0.120 0.109 0.096 0.077 0.077 0.077 0.114 0.117 0.109 0.103 0.097 0.093 0.089 0.087 0.085 0.084 0.083 0.082 0.081 0.080 0.079 0.076 0.074 0.070 0.067 0.063 0.060 0.056 0.052 0.049 0.045 0.041 0.037 0.033 0.029 0.024 0.018 0.016 0.017 0.020 0.023 0.027 0.032 0.040 0.050 0.065 0.084 0.107 0.129 0.155 0.000 0.000 0.000 0.000 0.000 0.000 0.054 0.049 0.044 0.039 0.035 0.030 0.027 0.024 0.023 0.024 0.000 0.000
0.138 0.136 0.133 0.128 0.124 0.118 0.112 0.105 0.097 0.088 0.078 0.063 0.052 0.061 0.071 0.101 0.125 0.120 0.116 0.113 0.111 0.110 0.109 0.108 0.108 0.107 0.106 0.104 0.102 0.100 0.097 0.094 0.090 0.086 0.082 0.078 0.074 0.070 0.066 0.063 0.059 0.055 0.052 0.048 0.044 0.039 0.031 0.032 0.036 0.040 0.044 0.050 0.057 0.067 0.080 0.097 0.118 0.140 0.153 0.155 0.159 0.165 0.000 0.000 0.000 0.050 0.049 0.044 0.039 0.033 0.028 0.024 0.021 0.020 0.018 0.000 0.000
0.104 0.102 0.098 0.094 0.090 0.085 0.080 0.074 0.067 0.058 0.048 0.031 0.038 0.047 0.061 0.088 0.126 0.135 0.133 0.133 0.133 0.133 0.134 0.134 0.133 0.133 0.132 0.130 0.128 0.125 0.121 0.117 0.113 0.108 0.103 0.099 0.094 0.090 0.087 0.083 0.080 0.077 0.074 0.071 0.067 0.063 0.056 0.049 0.053 0.057 0.062 0.067 0.074 0.084 0.096 0.112 0.123 0.126 0.129 0.131 0.133 0.135 0.134 0.140 0.000 0.057 0.052 0.045 0.038 0.031 0.025 0.021 0.018 0.018 0.000 0.000 0.000
0.072 0.069 0.065 0.062 0.057 0.053 0.048 0.043 0.037 0.030 0.019 0.020 0.026 0.035 0.049 0.077 0.118 0.153 0.154 0.156 0.158 0.159 0.160 0.161 0.161 0.160 0.159 0.157 0.155 0.151 0.147 0.142 0.138 0.133 0.128 0.123 0.118 0.113 0.109 0.105 0.102 0.100 0.097 0.095 0.092 0.088 0.083 0.075 0.071 0.075 0.079 0.085 0.092 0.101 0.107 0.104 0.103 0.103 0.105 0.106 0.106 0.098 0.105 0.107 0.095 0.071 0.056 0.045 0.036 0.028 0.022 0.017 0.014 0.012 0.000 0.000 0.000
0.038 0.036 0.033 0.030 0.026 0.023 0.019 0.015 0.011 0.007 0.005 0.011 0.016 0.024 0.039 0.068 0.113 0.164 0.179 0.182 0.184 0.187 0.189 0.189 0.189 0.188 0.187 0.185 0.182 0.179 0.174 0.168 0.163 0.158 0.153 0.148 0.143 0.139 0.135 0.131 0.128 0.125 0.122 0.119 0.117 0.114 0.109 0.103 0.093 0.093 0.097 0.103 0.107 0.098 0.091 0.086 0.083 0.081 0.081 0.081 0.079 0.077 0.078 0.078 0.071 0.060 0.048 0.039 0.030 0.023 0.016 0.012 0.011 0.000 0.000 0.000 0.000
0.007 0.006 0.005 0.003 0.001 0.000 0.000 0.000 0.000 0.000 0.002 0.005 0.009 0.016 0.030 0.062 0.111 0.164 0.205 0.209 0.213 0.216 0.218 0.218 0.218 0.217 0.216 0.214 0.211 0.207 0.201 0.194 0.189 0.184 0.179 0.174 0.169 0.165 0.161 0.158 0.155 0.153 0.150 0.148 0.145 0.142 0.137 0.131 0.123 0.111 0.114 0.102 0.091 0.082 0.074 0.067 0.062 0.058 0.056 0.054 0.052 0.050 0.049 0.048 0.043 0.037 0.031 0.025 0.019 0.014 0.009 0.006 0.005 0.014 0.000 0.000 0.000
0.000 0.000 0.000 0.000 0.000 0.000 0.000 0.000 0.000 0.000 0.000 0.003 0.005 0.010 0.023 0.059 0.112 0.166 0.220 0.237 0.241 0.245 0.248 0.248 0.248 0.247 0.245 0.243 0.240 0.235 0.229 0.218 0.215 0.211 0.206 0.200 0.195 0.191 0.187 0.185 0.183 0.181 0.179 0.176 0.174 0.171 0.167 0.162 0.148 0.122 0.118 0.109 0.097 0.086 0.076 0.068 0.060 0.054 0.049 0.045 0.041 0.038 0.034 0.030 0.025 0.020 0.015 0.010 0.007 0.005 0.003 0.002 0.001 0.000 0.000 0.000 0.000
0.000 0.000 0.000 0.000 0.000 0.000 0.000 0.000 0.000 0.000 0.000 0.001 0.003 0.007 0.020 0.060 0.115 0.000 0.222 0.266 0.271 0.275 0.280 0.000 0.000 0.000 0.000 0.000 0.000 0.000 0.000 0.240 0.241 0.239 0.234 0.224 0.221 0.218 0.214 0.212 0.210 0.209 0.207 0.205 0.204 0.194 0.178 0.161 0.142 0.117 0.115 0.117 0.120 0.109 0.099 0.089 0.081 0.073 0.066 0.060 0.055 0.050 0.044 0.039 0.034 0.028 0.022 0.018 0.014 0.010 0.008 0.006 0.004 0.003 0.002 0.001 0.000
0.000 0.000 0.000 0.000 0.000 0.000 0.000 0.000 0.000 0.000 0.000 0.000 0.001 0.010 0.000 0.000 0.118 0.000 0.000 0.283 0.000 0.000 0.000 0.000 0.000 0.000 0.000 0.000 0.000 0.000 0.000 0.000 0.000 0.000 0.000 0.246 0.247 0.245 0.240 0.239 0.239 0.238 0.228 0.215 0.201 0.187 0.171 0.154 0.135 0.110 0.110 0.110 0.113 0.117 0.118 0.109 0.100 0.091 0.084 0.076 0.070 0.063 0.057 0.051 0.044 0.038 0.032 0.027 0.022 0.017 0.014 0.011 0.008 0.006 0.004 0.003 0.002
0.000 0.000 0.000 0.000 0.000 0.000 0.000 0.000 0.000 0.000 0.000 0.000 0.000 0.000 0.000 0.000 0.000 0.000 0.000 0.000 0.000 0.000 0.000 0.000 0.000 0.000 0.000 0.000 0.000 0.000 0.000 0.000 0.000 0.000 0.000 0.000 0.000 0.000 0.265 0.259 0.248 0.235 0.219 0.207 0.193 0.178 0.163 0.147 0.127 0.105 0.103 0.103 0.105 0.108 0.113 0.118 0.117 0.108 0.100 0.092 0.085 0.078 0.070 0.063 0.056 0.050 0.043 0.037 0.031 0.026 0.021 0.017 0.014 0.011 0.009 0.007 0.005
0.000 0.000 0.000 0.000 0.000 0.000 0.000 0.000 0.000 0.000 0.000 0.000 0.000 0.000 0.000 0.000 0.000 0.000 0.000 0.000 0.000 0.000 0.000 0.000 0.000 0.000 0.000 0.000 0.000 0.000 0.000 0.000 0.000 0.000 0.000 0.000 0.000 0.000 0.000 0.000 0.000 0.000 0.208 0.198 0.185 0.169 0.154 0.138 0.117 0.098 0.096 0.095 0.096 0.099 0.102 0.107 0.114 0.120 0.117 0.108 0.100 0.092 0.084 0.077 0.069 0.062 0.055 0.049 0.042 0.037 0.032 0.027 0.023 0.019 0.015 0.013 0.010
0.000 0.000 0.000 0.000 0.000 0.000 0.000 0.000 0.000 0.000 0.000 0.000 0.000 0.000 0.000 0.000 0.000 0.000 0.000 0.000 0.000 0.000 0.000 0.000 0.000 0.000 0.000 0.000 0.000 0.000 0.000 0.000 0.000 0.000 0.000 0.000 0.000 0.000 0.000 0.000 0.000 0.000 0.000 0.000 0.000 0.156 0.145 0.130 0.105 0.088 0.086 0.086 0.087 0.089 0.092 0.097 0.102 0.109 0.116 0.123 0.115 0.107 0.099 0.091 0.083 0.075 0.068 0.062 0.055 0.050 0.044 0.039 0.035 0.031 0.026 0.023 0.019
0.000 0.000 0.000 0.000 0.000 0.000 0.000 0.000 0.000 0.000 0.000 0.000 0.000 0.000 0.000 0.000 0.000 0.000 0.000 0.000 0.000 0.000 0.000 0.000 0.000 0.000 0.000 0.000 0.000 0.000 0.000 0.000 0.000 0.000 0.000 0.000 0.000 0.000 0.000 0.000 0.000 0.000 0.000 0.000 0.000 0.000 0.000 0.000 0.085 0.077 0.073 0.075 0.077 0.080 0.082 0.086 0.091 0.098 0.104 0.110 0.117 0.121 0.113 0.105 0.097 0.089 0.082 0.076 0.070 0.065 0.060 0.056 0.051 0.047 0.042 0.037 0.032
0.000 0.000 0.000 0.000 0.000 0.000 0.000 0.000 0.000 0.000 0.000 0.000 0.000 0.000 0.000 0.000 0.000 0.000 0.000 0.000 0.000 0.000 0.000 0.000 0.000 0.000 0.000 0.000 0.000 0.000 0.000 0.000 0.000 0.000 0.000 0.000 0.000 0.000 0.000 0.000 0.000 0.000 0.000 0.000 0.000 0.000 0.000 0.000 0.000 0.000 0.055 0.064 0.068 0.071 0.070 0.075 0.081 0.087 0.092 0.097 0.103 0.110 0.117 0.118 0.111 0.104 0.097 0.092 0.087 0.083 0.079 0.075 0.071 0.066 0.061 0.055 0.049
0.000 0.000 0.000 0.000 0.000 0.000 0.000 0.000 0.000 0.000 0.000 0.000 0.000 0.000 0.000 0.000 0.000 0.000 0.000 0.000 0.000 0.000 0.000 0.000 0.000 0.000 0.000 0.000 0.000 0.000 0.000 0.000 0.000 0.000 0.000 0.000 0.000 0.000 0.000 0.000 0.000 0.000 0.000 0.000 0.000 0.000 0.000 0.000 0.000 0.000 0.000 0.000 0.000 0.000 0.053 0.064 0.072 0.078 0.079 0.083 0.089 0.096 0.103 0.111 0.119 0.119 0.113 0.109 0.106 0.104 0.101 0.097 0.093 0.087 0.081 0.074 0.066
0.000 0.000 0.000 0.000 0.000 0.000 0.000 0.000 0.000 0.000 0.000 0.000 0.000 0.000 0.000 0.000 0.000 0.000 0.000 0.000 0.000 0.000 0.000 0.000 0.000 0.000 0.000 0.000 0.000 0.000 0.000 0.000 0.000 0.000 0.000 0.000 0.000 0.000 0.000 0.000 0.000 0.000 0.000 0.000 0.000 0.000 0.000 0.000 0.000 0.000 0.000 0.000 0.000 0.000 0.000 0.000 0.000 0.000 0.061 0.066 0.073 0.081 0.089 0.097 0.106 0.116 0.128 0.129 0.128 0.127 0.125 0.121 0.116 0.110 0.102 0.093 0.084
0.000 0.000 0.000 0.000 0.000 0.000 0.000 0.000 0.000 0.000 0.000 0.000 0.000 0.000 0.000 0.000 0.000 0.000 0.000 0.000 0.000 0.000 0.000 0.000 0.000 0.000 0.000 0.000 0.000 0.000 0.000 0.000 0.000 0.000 0.000 0.000 0.000 0.000 0.000 0.000 0.000 0.000 0.000 0.000 0.000 0.000 0.000 0.000 0.000 0.000 0.000 0.000 0.000 0.000 0.000 0.000 0.000 0.000 0.000 0.046 0.057 0.066 0.074 0.083 0.093 0.104 0.118 0.135 0.152 0.152 0.150 0.146 0.141 0.133 0.122 0.111 0.100
0.000 0.000 0.000 0.000 0.000 0.000 0.000 0.000 0.000 0.000 0.000 0.000 0.000 0.000 0.000 0.000 0.000 0.000 0.000 0.000 0.000 0.000 0.000 0.000 0.000 0.000 0.000 0.000 0.000 0.000 0.000 0.000 0.000 0.000 0.000 0.000 0.000 0.000 0.000 0.000 0.000 0.000 0.000 0.000 0.000 0.000 0.000 0.000 0.000 0.000 0.000 0.000 0.000 0.000 0.000 0.000 0.000 0.000 0.000 0.031 0.042 0.052 0.060 0.070 0.080 0.093 0.108 0.127 0.148 0.168 0.176 0.173 0.167 0.157 0.138 0.127 0.114
0.000 0.000 0.000 0.000 0.000 0.000 0.000 0.000 0.000 0.000 0.000 0.000 0.000 0.000 0.000 0.000 0.000 0.000 0.000 0.000 0.000 0.000 0.000 0.000 0.000 0.000 0.000 0.000 0.000 0.000 0.000 0.000 0.000 0.000 0.000 0.000 0.000 0.000 0.000 0.000 0.000 0.000 0.000 0.000 0.000 0.000 0.000 0.000 0.000 0.000 0.000 0.000 0.000 0.000 0.000 0.000 0.000 0.000 0.000 0.019 0.029 0.038 0.047 0.056 0.067 0.082 0.100 0.122 0.145 0.168 0.000 0.000 0.000 0.000 0.146 0.143 0.124
0.000 0.000 0.000 0.000 0.000 0.000 0.000 0.000 0.000 0.000 0.000 0.000 0.000 0.000 0.000 0.000 0.000 0.000 0.000 0.000 0.000 0.000 0.000 0.000 0.000 0.000 0.000 0.000 0.000 0.000 0.000 0.000 0.000 0.000 0.000 0.000 0.000 0.000 0.000 0.000 0.000 0.000 0.000 0.000 0.000 0.000 0.000 0.000 0.000 0.000 0.000 0.000 0.000 0.000 0.000 0.000 0.000 0.000 0.000 0.009 0.017 0.025 0.034 0.043 0.055 0.072 0.093 0.117 0.142 0.000 0.000 0.000 0.000 0.000 0.000 0.000 0.124
0.000 0.000 0.000 0.000 0.000 0.000 0.000 0.000 0.000 0.000 0.000 0.000 0.000 0.000 0.000 0.000 0.000 0.000 0.000 0.000 0.000 0.000 0.000 0.000 0.000 0.000 0.000 0.000 0.000 0.000 0.000 0.000 0.000 0.000 0.000 0.000 0.000 0.000 0.000 0.000 0.000 0.000 0.000 0.000 0.000 0.000 0.000 0.000 0.000 0.000 0.000 0.000 0.000 0.000 0.000 0.000 0.000 0.000 0.000 0.001 0.006 0.013 0.021 0.031 0.044 0.063 0.086 0.113 0.000 0.000 0.000 0.000 0.000 0.000 0.000 0.000 0.000
0.000 0.000 0.000 0.000 0.000 0.000 0.000 0.000 0.000 0.000 0.000 0.000 0.000 0.000 0.000 0.000 0.000 0.000 0.000 0.000 0.000 0.000 0.000 0.000 0.000 0.000 0.000 0.000 0.000 0.000 0.000 0.000 0.000 0.000 0.000 0.000 0.000 0.000 0.000 0.000 0.000 0.000 0.000 0.000 0.000 0.000 0.000 0.000 0.000 0.000 0.000 0.000 0.000 0.000 0.000 0.000 0.000 0.000 0.000 0.000 0.000 0.003 0.009 0.019 0.033 0.054 0.080 0.108 0.000 0.000 0.000 0.000 0.000 0.000 0.000 0.000 0.000
0.000 0.000 0.000 0.000 0.000 0.000 0.000 0.000 0.000 0.000 0.000 0.000 0.000 0.000 0.000 0.000 0.000 0.000 0.000 0.000 0.000 0.000 0.000 0.000 0.000 0.000 0.000 0.000 0.000 0.000 0.000 0.000 0.000 0.000 0.000 0.000 0.000 0.000 0.000 0.000 0.000 0.000 0.000 0.000 0.000 0.000 0.000 0.000 0.000 0.000 0.000 0.000 0.000 0.000 0.000 0.000 0.000 0.000 0.000 0.000 0.000 0.000 0.001 0.007 0.019 0.042 0.072 0.000 0.000 0.000 0.000 0.000 0.000 0.000 0.000 0.000 0.000
0.000 0.000 0.000 0.000 0.000 0.000 0.000 0.000 0.000 0.000 0.000 0.000 0.000 0.000 0.000 0.000 0.000 0.000 0.000 0.000 0.000 0.000 0.000 0.000 0.000 0.000 0.000 0.000 0.000 0.000 0.000 0.000 0.000 0.000 0.000 0.000 0.000 0.000 0.000 0.000 0.000 0.000 0.000 0.000 0.000 0.000 0.000 0.000 0.000 0.000 0.000 0.000 0.000 0.000 0.000 0.000 0.000 0.000 0.000 0.000 0.000 0.000 0.001 0.004 0.013 0.042 0.080 0.000 0.000 0.000 0.000 0.000 0.000 0.000 0.000 0.000 0.000
0.000 0.000 0.000 0.000 0.000 0.000 0.000 0.000 0.000 0.000 0.000 0.000 0.000 0.000 0.000 0.000 0.000 0.000 0.000 0.000 0.000 0.000 0.000 0.000 0.000 0.000 0.000 0.000 0.000 0.000 0.000 0.000 0.000 0.000 0.000 0.000 0.000 0.000 0.000 0.000 0.000 0.000 0.000 0.000 0.000 0.000 0.000 0.000 0.000 0.000 0.000 0.000 0.000 0.000 0.000 0.000 0.000 0.000 0.000 0.000 0.000 0.000 0.001 0.004 0.013 0.042 0.000 0.000 0.000 0.000 0.000 0.000 0.000 0.000 0.000 0.000 0.000
0.000 0.000 0.000 0.000 0.000 0.000 0.000 0.000 0.000 0.000 0.000 0.000 0.000 0.000 0.000 0.000 0.000 0.000 0.000 0.000 0.000 0.000 0.000 0.000 0.000 0.000 0.000 0.000 0.000 0.000 0.000 0.000 0.000 0.000 0.000 0.000 0.000 0.000 0.000 0.000 0.000 0.000 0.000 0.000 0.000 0.000 0.000 0.000 0.000 0.000 0.000 0.000 0.000 0.000 0.000 0.000 0.000 0.000 0.000 0.000 0.000 0.000 0.000 0.004 0.013 0.042 0.000 0.000 0.000 0.000 0.000 0.000 0.000 0.000 0.000 0.000 0.000
