数据/150y_3h/150y_3h_res_2/150y_3h_181-0001.wd
ncols         694
nrows         824
xllcorner     581104.939801
yllcorner     3495917.092414
cellsize      2.000000
NODATA_value  -9999.000000
[rows 306 to 339 of 824, columns 462 to 538 of 694]
0.112 0.109 0.106 0.105 0.104 0.104 0.105 0.106 0.101 0.093 0.085 0.077 0.069 0.061 0.053 0.044 0.035 0.027 0.021 0.016 0.012 0.012 0.016 0.023 0.029 0.034 0.038 0.041 0.043 0.043 0.041 0.038 0.034 0.030 0.026 0.021 0.017 0.015 0.016 0.000 0.000 0.000 0.000 0.000 0.000 0.000 0.000 0.000 0.000 0.000 0.000 0.000 0.000 0.000 0.037 0.037 0.039 0.043 0.000 0.005 0.006 0.006 0.006 0.006 0.010 0.028 0.000 0.000 0.000 0.000 0.013 0.025 0.038 0.051 0.063 0.064 0.059
0.143 0.122 0.114 0.111 0.110 0.111 0.112 0.112 0.113 0.110 0.102 0.094 0.085 0.077 0.068 0.058 0.047 0.039 0.031 0.025 0.020 0.018 0.019 0.023 0.027 0.030 0.036 0.039 0.041 0.041 0.040 0.038 0.035 0.031 0.027 0.023 0.021 0.022 0.032 0.000 0.000 0.000 0.000 0.000 0.000 0.000 0.000 0.000 0.000 0.000 0.000 0.000 0.000 0.000 0.000 0.000 0.000 0.036 0.034 0.026 0.022 0.020 0.018 0.017 0.025 0.000 0.000 0.000 0.000 0.000 0.030 0.045 0.057 0.058 0.056 0.053 0.052
0.122 0.119 0.117 0.116 0.117 0.118 0.119 0.120 0.121 0.121 0.120 0.111 0.102 0.093 0.083 0.072 0.060 0.051 0.043 0.035 0.029 0.025 0.024 0.024 0.023 0.000 0.031 0.037 0.040 0.040 0.039 0.038 0.035 0.032 0.029 0.025 0.023 0.025 0.000 0.000 0.000 0.000 0.000 0.000 0.000 0.000 0.000 0.000 0.000 0.000 0.000 0.000 0.000 0.000 0.000 0.000 0.000 0.000 0.000 0.020 0.024 0.025 0.021 0.021 0.031 0.000 0.000 0.000 0.000 0.039 0.052 0.056 0.052 0.049 0.047 0.045 0.044
0.116 0.119 0.121 0.122 0.124 0.126 0.128 0.129 0.129 0.129 0.129 0.129 0.120 0.110 0.098 0.085 0.074 0.064 0.055 0.046 0.039 0.033 0.029 0.027 0.025 0.021 0.030 0.036 0.038 0.039 0.039 0.038 0.035 0.033 0.030 0.027 0.025 0.023 0.014 0.009 0.007 0.000 0.000 0.000 0.000 0.000 0.000 0.000 0.000 0.000 0.000 0.000 0.000 0.000 0.000 0.000 0.000 0.000 0.000 0.000 0.000 0.000 0.016 0.023 0.028 0.036 0.000 0.000 0.000 0.051 0.051 0.048 0.045 0.042 0.040 0.039 0.038
0.118 0.122 0.126 0.130 0.133 0.135 0.137 0.138 0.138 0.136 0.137 0.137 0.136 0.126 0.112 0.098 0.086 0.075 0.065 0.056 0.048 0.041 0.036 0.033 0.030 0.029 0.032 0.036 0.038 0.039 0.039 0.038 0.036 0.034 0.031 0.029 0.026 0.023 0.017 0.013 0.010 0.006 0.005 0.000 0.000 0.000 0.000 0.000 0.000 0.000 0.000 0.000 0.000 0.000 0.000 0.000 0.000 0.000 0.000 0.000 0.000 0.000 0.000 0.000 0.025 0.038 0.047 0.062 0.063 0.053 0.048 0.044 0.040 0.037 0.035 0.034 0.035
0.124 0.129 0.135 0.139 0.142 0.145 0.147 0.149 0.148 0.140 0.146 0.147 0.145 0.139 0.124 0.109 0.096 0.085 0.074 0.065 0.057 0.050 0.044 0.040 0.037 0.036 0.037 0.039 0.040 0.041 0.041 0.040 0.038 0.036 0.034 0.031 0.028 0.025 0.021 0.017 0.013 0.010 0.007 0.004 0.003 0.004 0.000 0.000 0.000 0.000 0.000 0.000 0.000 0.000 0.000 0.000 0.000 0.000 0.000 0.000 0.000 0.000 0.000 0.000 0.000 0.000 0.000 0.046 0.048 0.046 0.043 0.039 0.036 0.033 0.031 0.030 0.027
0.133 0.139 0.144 0.149 0.153 0.156 0.159 0.160 0.160 0.158 0.158 0.158 0.147 0.129 0.124 0.116 0.103 0.091 0.081 0.073 0.065 0.059 0.054 0.050 0.047 0.046 0.046 0.047 0.047 0.047 0.046 0.045 0.043 0.041 0.038 0.036 0.033 0.029 0.025 0.022 0.018 0.014 0.011 0.007 0.004 0.004 0.004 0.006 0.000 0.000 0.000 0.000 0.006 0.024 0.000 0.000 0.000 0.000 0.000 0.000 0.000 0.000 0.000 0.000 0.000 0.000 0.046 0.044 0.042 0.040 0.038 0.035 0.032 0.030 0.028 0.029 0.000
0.144 0.149 0.155 0.160 0.164 0.168 0.171 0.165 0.157 0.147 0.137 0.126 0.111 0.089 0.105 0.119 0.108 0.098 0.089 0.082 0.075 0.070 0.066 0.063 0.062 0.061 0.060 0.060 0.060 0.059 0.057 0.055 0.053 0.050 0.048 0.045 0.041 0.038 0.034 0.030 0.026 0.022 0.017 0.000 0.006 0.005 0.006 0.008 0.008 0.008 0.011 0.015 0.022 0.034 0.050 0.071 0.096 0.000 0.000 0.000 0.000 0.000 0.000 0.000 0.000 0.000 0.040 0.040 0.039 0.037 0.034 0.031 0.029 0.027 0.025 0.022 0.000
0.154 0.161 0.162 0.157 0.153 0.147 0.140 0.134 0.126 0.116 0.105 0.093 0.074 0.074 0.074 0.111 0.113 0.106 0.099 0.094 0.089 0.086 0.083 0.082 0.080 0.079 0.079 0.078 0.078 0.076 0.074 0.072 0.069 0.065 0.062 0.058 0.055 0.051 0.047 0.043 0.040 0.035 0.031 0.026 0.022 0.017 0.015 0.017 0.019 0.022 0.026 0.032 0.039 0.049 0.064 0.083 0.106 0.128 0.154 0.000 0.000 0.000 0.000 0.000 0.000 0.050 0.045 0.041 0.037 0.034 0.031 0.028 0.026 0.024 0.024 0.000 0.000
0.134 0.132 0.128 0.124 0.120 0.114 0.108 0.101 0.093 0.085 0.075 0.060 0.049 0.058 0.068 0.098 0.121 0.116 0.112 0.109 0.107 0.106 0.105 0.104 0.104 0.103 0.103 0.101 0.099 0.097 0.094 0.092 0.088 0.084 0.080 0.076 0.072 0.068 0.065 0.061 0.057 0.054 0.050 0.046 0.042 0.037 0.030 0.031 0.035 0.039 0.043 0.049 0.056 0.066 0.079 0.096 0.117 0.139 0.152 0.154 0.158 0.164 0.000 0.000 0.000 0.045 0.044 0.039 0.035 0.031 0.028 0.025 0.023 0.021 0.018 0.000 0.000
0.100 0.097 0.094 0.091 0.086 0.082 0.076 0.070 0.063 0.055 0.045 0.029 0.036 0.045 0.058 0.085 0.122 0.131 0.129 0.129 0.129 0.129 0.130 0.130 0.130 0.130 0.129 0.127 0.125 0.122 0.119 0.115 0.111 0.106 0.101 0.097 0.092 0.089 0.085 0.081 0.078 0.075 0.072 0.069 0.065 0.061 0.055 0.047 0.052 0.056 0.061 0.066 0.073 0.083 0.095 0.111 0.122 0.124 0.128 0.130 0.132 0.133 0.132 0.138 0.000 0.052 0.045 0.038 0.032 0.028 0.024 0.021 0.019 0.020 0.000 0.000 0.000
0.067 0.064 0.061 0.058 0.054 0.049 0.045 0.040 0.034 0.027 0.017 0.018 0.024 0.032 0.046 0.074 0.114 0.149 0.151 0.152 0.154 0.156 0.157 0.157 0.157 0.157 0.156 0.154 0.152 0.149 0.145 0.140 0.135 0.131 0.126 0.121 0.116 0.111 0.107 0.103 0.101 0.098 0.096 0.093 0.090 0.086 0.081 0.074 0.070 0.074 0.078 0.084 0.091 0.100 0.106 0.103 0.102 0.102 0.104 0.105 0.104 0.097 0.104 0.106 0.092 0.067 0.048 0.036 0.028 0.023 0.020 0.017 0.015 0.014 0.000 0.000 0.000
0.034 0.032 0.029 0.026 0.023 0.020 0.016 0.013 0.010 0.006 0.004 0.009 0.015 0.022 0.036 0.064 0.109 0.161 0.175 0.178 0.181 0.183 0.185 0.186 0.186 0.185 0.184 0.182 0.180 0.176 0.172 0.166 0.161 0.156 0.151 0.146 0.141 0.137 0.133 0.129 0.126 0.123 0.121 0.118 0.115 0.112 0.108 0.102 0.091 0.092 0.096 0.102 0.106 0.097 0.090 0.085 0.082 0.080 0.080 0.079 0.078 0.076 0.077 0.076 0.067 0.051 0.000 0.017 0.017 0.016 0.014 0.012 0.013 0.000 0.000 0.000 0.000
0.005 0.005 0.004 0.003 0.001 0.000 0.000 0.000 0.000 0.000 0.002 0.005 0.009 0.015 0.028 0.058 0.107 0.161 0.202 0.205 0.209 0.212 0.215 0.215 0.215 0.214 0.213 0.211 0.208 0.204 0.199 0.192 0.187 0.182 0.177 0.172 0.167 0.163 0.159 0.156 0.153 0.151 0.149 0.146 0.144 0.140 0.136 0.130 0.121 0.110 0.113 0.101 0.090 0.081 0.073 0.066 0.061 0.058 0.055 0.053 0.051 0.049 0.048 0.046 0.041 0.034 0.023 0.016 0.012 0.010 0.008 0.007 0.006 0.017 0.000 0.000 0.000
0.000 0.000 0.000 0.000 0.000 0.000 0.000 0.000 0.000 0.000 0.000 0.002 0.005 0.009 0.021 0.056 0.109 0.162 0.217 0.234 0.238 0.242 0.245 0.245 0.244 0.244 0.242 0.240 0.237 0.233 0.227 0.216 0.212 0.209 0.204 0.198 0.193 0.189 0.185 0.183 0.181 0.179 0.177 0.175 0.173 0.170 0.166 0.161 0.147 0.121 0.117 0.108 0.096 0.085 0.075 0.067 0.059 0.053 0.048 0.044 0.040 0.037 0.033 0.029 0.024 0.018 0.013 0.009 0.007 0.005 0.003 0.002 0.001 0.000 0.000 0.000 0.000
0.000 0.000 0.000 0.000 0.000 0.000 0.000 0.000 0.000 0.000 0.000 0.001 0.002 0.006 0.018 0.056 0.112 0.000 0.219 0.263 0.267 0.272 0.276 0.000 0.000 0.000 0.000 0.000 0.000 0.000 0.000 0.238 0.239 0.237 0.231 0.222 0.219 0.216 0.212 0.210 0.209 0.207 0.206 0.204 0.202 0.192 0.177 0.160 0.141 0.116 0.114 0.116 0.119 0.108 0.098 0.088 0.080 0.072 0.066 0.060 0.054 0.049 0.043 0.038 0.032 0.027 0.021 0.017 0.013 0.010 0.007 0.005 0.004 0.003 0.002 0.001 0.000
0.000 0.000 0.000 0.000 0.000 0.000 0.000 0.000 0.000 0.000 0.000 0.000 0.001 0.010 0.000 0.000 0.114 0.000 0.000 0.280 0.000 0.000 0.000 0.000 0.000 0.000 0.000 0.000 0.000 0.000 0.000 0.000 0.000 0.000 0.000 0.244 0.245 0.243 0.238 0.237 0.237 0.236 0.226 0.213 0.200 0.185 0.170 0.153 0.134 0.109 0.109 0.109 0.112 0.116 0.117 0.108 0.099 0.090 0.083 0.075 0.069 0.062 0.056 0.049 0.043 0.037 0.031 0.026 0.021 0.017 0.013 0.010 0.008 0.006 0.004 0.003 0.002
0.000 0.000 0.000 0.000 0.000 0.000 0.000 0.000 0.000 0.000 0.000 0.000 0.000 0.000 0.000 0.000 0.000 0.000 0.000 0.000 0.000 0.000 0.000 0.000 0.000 0.000 0.000 0.000 0.000 0.000 0.000 0.000 0.000 0.000 0.000 0.000 0.000 0.000 0.263 0.257 0.246 0.233 0.218 0.205 0.192 0.177 0.162 0.145 0.126 0.104 0.102 0.102 0.104 0.107 0.112 0.117 0.116 0.108 0.099 0.091 0.084 0.076 0.069 0.062 0.055 0.048 0.042 0.036 0.031 0.026 0.021 0.017 0.014 0.011 0.008 0.006 0.005
0.000 0.000 0.000 0.000 0.000 0.000 0.000 0.000 0.000 0.000 0.000 0.000 0.000 0.000 0.000 0.000 0.000 0.000 0.000 0.000 0.000 0.000 0.000 0.000 0.000 0.000 0.000 0.000 0.000 0.000 0.000 0.000 0.000 0.000 0.000 0.000 0.000 0.000 0.000 0.000 0.000 0.000 0.206 0.197 0.184 0.167 0.153 0.137 0.116 0.097 0.095 0.094 0.095 0.098 0.101 0.107 0.113 0.119 0.116 0.107 0.099 0.091 0.083 0.075 0.068 0.060 0.053 0.047 0.041 0.036 0.031 0.027 0.023 0.019 0.016 0.013 0.010
0.000 0.000 0.000 0.000 0.000 0.000 0.000 0.000 0.000 0.000 0.000 0.000 0.000 0.000 0.000 0.000 0.000 0.000 0.000 0.000 0.000 0.000 0.000 0.000 0.000 0.000 0.000 0.000 0.000 0.000 0.000 0.000 0.000 0.000 0.000 0.000 0.000 0.000 0.000 0.000 0.000 0.000 0.000 0.000 0.000 0.155 0.144 0.128 0.104 0.087 0.085 0.085 0.086 0.088 0.091 0.096 0.101 0.108 0.115 0.122 0.114 0.105 0.097 0.088 0.080 0.073 0.065 0.059 0.053 0.048 0.043 0.039 0.035 0.031 0.027 0.023 0.019
0.000 0.000 0.000 0.000 0.000 0.000 0.000 0.000 0.000 0.000 0.000 0.000 0.000 0.000 0.000 0.000 0.000 0.000 0.000 0.000 0.000 0.000 0.000 0.000 0.000 0.000 0.000 0.000 0.000 0.000 0.000 0.000 0.000 0.000 0.000 0.000 0.000 0.000 0.000 0.000 0.000 0.000 0.000 0.000 0.000 0.000 0.000 0.000 0.085 0.076 0.073 0.074 0.076 0.079 0.081 0.085 0.090 0.097 0.103 0.109 0.115 0.119 0.110 0.101 0.092 0.085 0.078 0.072 0.067 0.062 0.058 0.055 0.051 0.047 0.043 0.038 0.033
0.000 0.000 0.000 0.000 0.000 0.000 0.000 0.000 0.000 0.000 0.000 0.000 0.000 0.000 0.000 0.000 0.000 0.000 0.000 0.000 0.000 0.000 0.000 0.000 0.000 0.000 0.000 0.000 0.000 0.000 0.000 0.000 0.000 0.000 0.000 0.000 0.000 0.000 0.000 0.000 0.000 0.000 0.000 0.000 0.000 0.000 0.000 0.000 0.000 0.000 0.054 0.063 0.068 0.070 0.069 0.074 0.080 0.086 0.091 0.096 0.101 0.107 0.112 0.112 0.104 0.097 0.091 0.086 0.083 0.080 0.077 0.074 0.070 0.066 0.061 0.056 0.050
0.000 0.000 0.000 0.000 0.000 0.000 0.000 0.000 0.000 0.000 0.000 0.000 0.000 0.000 0.000 0.000 0.000 0.000 0.000 0.000 0.000 0.000 0.000 0.000 0.000 0.000 0.000 0.000 0.000 0.000 0.000 0.000 0.000 0.000 0.000 0.000 0.000 0.000 0.000 0.000 0.000 0.000 0.000 0.000 0.000 0.000 0.000 0.000 0.000 0.000 0.000 0.000 0.000 0.000 0.052 0.063 0.072 0.077 0.078 0.082 0.087 0.092 0.096 0.102 0.110 0.110 0.106 0.103 0.102 0.100 0.098 0.096 0.092 0.087 0.081 0.075 0.067
0.000 0.000 0.000 0.000 0.000 0.000 0.000 0.000 0.000 0.000 0.000 0.000 0.000 0.000 0.000 0.000 0.000 0.000 0.000 0.000 0.000 0.000 0.000 0.000 0.000 0.000 0.000 0.000 0.000 0.000 0.000 0.000 0.000 0.000 0.000 0.000 0.000 0.000 0.000 0.000 0.000 0.000 0.000 0.000 0.000 0.000 0.000 0.000 0.000 0.000 0.000 0.000 0.000 0.000 0.000 0.000 0.000 0.000 0.060 0.065 0.070 0.075 0.073 0.083 0.094 0.107 0.121 0.123 0.123 0.123 0.122 0.120 0.116 0.110 0.102 0.093 0.085
0.000 0.000 0.000 0.000 0.000 0.000 0.000 0.000 0.000 0.000 0.000 0.000 0.000 0.000 0.000 0.000 0.000 0.000 0.000 0.000 0.000 0.000 0.000 0.000 0.000 0.000 0.000 0.000 0.000 0.000 0.000 0.000 0.000 0.000 0.000 0.000 0.000 0.000 0.000 0.000 0.000 0.000 0.000 0.000 0.000 0.000 0.000 0.000 0.000 0.000 0.000 0.000 0.000 0.000 0.000 0.000 0.000 0.000 0.000 0.044 0.052 0.053 0.000 0.062 0.079 0.094 0.110 0.129 0.147 0.149 0.147 0.145 0.140 0.133 0.122 0.111 0.101
0.000 0.000 0.000 0.000 0.000 0.000 0.000 0.000 0.000 0.000 0.000 0.000 0.000 0.000 0.000 0.000 0.000 0.000 0.000 0.000 0.000 0.000 0.000 0.000 0.000 0.000 0.000 0.000 0.000 0.000 0.000 0.000 0.000 0.000 0.000 0.000 0.000 0.000 0.000 0.000 0.000 0.000 0.000 0.000 0.000 0.000 0.000 0.000 0.000 0.000 0.000 0.000 0.000 0.000 0.000 0.000 0.000 0.000 0.000 0.029 0.037 0.038 0.033 0.051 0.067 0.083 0.101 0.122 0.144 0.164 0.174 0.171 0.166 0.157 0.138 0.127 0.115
0.000 0.000 0.000 0.000 0.000 0.000 0.000 0.000 0.000 0.000 0.000 0.000 0.000 0.000 0.000 0.000 0.000 0.000 0.000 0.000 0.000 0.000 0.000 0.000 0.000 0.000 0.000 0.000 0.000 0.000 0.000 0.000 0.000 0.000 0.000 0.000 0.000 0.000 0.000 0.000 0.000 0.000 0.000 0.000 0.000 0.000 0.000 0.000 0.000 0.000 0.000 0.000 0.000 0.000 0.000 0.000 0.000 0.000 0.000 0.017 0.024 0.027 0.029 0.041 0.056 0.073 0.094 0.117 0.141 0.164 0.000 0.000 0.000 0.000 0.146 0.144 0.125
0.000 0.000 0.000 0.000 0.000 0.000 0.000 0.000 0.000 0.000 0.000 0.000 0.000 0.000 0.000 0.000 0.000 0.000 0.000 0.000 0.000 0.000 0.000 0.000 0.000 0.000 0.000 0.000 0.000 0.000 0.000 0.000 0.000 0.000 0.000 0.000 0.000 0.000 0.000 0.000 0.000 0.000 0.000 0.000 0.000 0.000 0.000 0.000 0.000 0.000 0.000 0.000 0.000 0.000 0.000 0.000 0.000 0.000 0.000 0.007 0.013 0.017 0.022 0.032 0.046 0.065 0.088 0.113 0.138 0.000 0.000 0.000 0.000 0.000 0.000 0.000 0.125
0.000 0.000 0.000 0.000 0.000 0.000 0.000 0.000 0.000 0.000 0.000 0.000 0.000 0.000 0.000 0.000 0.000 0.000 0.000 0.000 0.000 0.000 0.000 0.000 0.000 0.000 0.000 0.000 0.000 0.000 0.000 0.000 0.000 0.000 0.000 0.000 0.000 0.000 0.000 0.000 0.000 0.000 0.000 0.000 0.000 0.000 0.000 0.000 0.000 0.000 0.000 0.000 0.000 0.000 0.000 0.000 0.000 0.000 0.000 0.001 0.005 0.009 0.014 0.023 0.038 0.057 0.082 0.109 0.000 0.000 0.000 0.000 0.000 0.000 0.000 0.000 0.000
0.000 0.000 0.000 0.000 0.000 0.000 0.000 0.000 0.000 0.000 0.000 0.000 0.000 0.000 0.000 0.000 0.000 0.000 0.000 0.000 0.000 0.000 0.000 0.000 0.000 0.000 0.000 0.000 0.000 0.000 0.000 0.000 0.000 0.000 0.000 0.000 0.000 0.000 0.000 0.000 0.000 0.000 0.000 0.000 0.000 0.000 0.000 0.000 0.000 0.000 0.000 0.000 0.000 0.000 0.000 0.000 0.000 0.000 0.000 0.000 0.000 0.003 0.008 0.016 0.029 0.050 0.077 0.104 0.000 0.000 0.000 0.000 0.000 0.000 0.000 0.000 0.000
0.000 0.000 0.000 0.000 0.000 0.000 0.000 0.000 0.000 0.000 0.000 0.000 0.000 0.000 0.000 0.000 0.000 0.000 0.000 0.000 0.000 0.000 0.000 0.000 0.000 0.000 0.000 0.000 0.000 0.000 0.000 0.000 0.000 0.000 0.000 0.000 0.000 0.000 0.000 0.000 0.000 0.000 0.000 0.000 0.000 0.000 0.000 0.000 0.000 0.000 0.000 0.000 0.000 0.000 0.000 0.000 0.000 0.000 0.000 0.000 0.000 0.000 0.001 0.007 0.019 0.041 0.070 0.000 0.000 0.000 0.000 0.000 0.000 0.000 0.000 0.000 0.000
0.000 0.000 0.000 0.000 0.000 0.000 0.000 0.000 0.000 0.000 0.000 0.000 0.000 0.000 0.000 0.000 0.000 0.000 0.000 0.000 0.000 0.000 0.000 0.000 0.000 0.000 0.000 0.000 0.000 0.000 0.000 0.000 0.000 0.000 0.000 0.000 0.000 0.000 0.000 0.000 0.000 0.000 0.000 0.000 0.000 0.000 0.000 0.000 0.000 0.000 0.000 0.000 0.000 0.000 0.000 0.000 0.000 0.000 0.000 0.000 0.000 0.000 0.001 0.005 0.014 0.042 0.079 0.000 0.000 0.000 0.000 0.000 0.000 0.000 0.000 0.000 0.000
0.000 0.000 0.000 0.000 0.000 0.000 0.000 0.000 0.000 0.000 0.000 0.000 0.000 0.000 0.000 0.000 0.000 0.000 0.000 0.000 0.000 0.000 0.000 0.000 0.000 0.000 0.000 0.000 0.000 0.000 0.000 0.000 0.000 0.000 0.000 0.000 0.000 0.000 0.000 0.000 0.000 0.000 0.000 0.000 0.000 0.000 0.000 0.000 0.000 0.000 0.000 0.000 0.000 0.000 0.000 0.000 0.000 0.000 0.000 0.000 0.000 0.000 0.001 0.005 0.015 0.043 0.000 0.000 0.000 0.000 0.000 0.000 0.000 0.000 0.000 0.000 0.000
0.000 0.000 0.000 0.000 0.000 0.000 0.000 0.000 0.000 0.000 0.000 0.000 0.000 0.000 0.000 0.000 0.000 0.000 0.000 0.000 0.000 0.000 0.000 0.000 0.000 0.000 0.000 0.000 0.000 0.000 0.000 0.000 0.000 0.000 0.000 0.000 0.000 0.000 0.000 0.000 0.000 0.000 0.000 0.000 0.000 0.000 0.000 0.000 0.000 0.000 0.000 0.000 0.000 0.000 0.000 0.000 0.000 0.000 0.000 0.000 0.000 0.000 0.000 0.004 0.015 0.044 0.000 0.000 0.000 0.000 0.000 0.000 0.000 0.000 0.000 0.000 0.000
