数据/150y_3h/150y_3h_res_2/150y_3h_249-0001.wd
ncols         694
nrows         824
xllcorner     581104.939801
yllcorner     3495917.092414
cellsize      2.000000
NODATA_value  -9999.000000
[rows 408 to 441 of 824, columns 385 to 461 of 694]
0.000 0.000 0.000 0.000 0.000 0.000 0.000 0.000 0.000 0.000 0.000 0.000 0.000 0.000 0.000 0.000 0.000 0.000 0.000 0.000 0.000 0.000 0.000 0.000 0.000 0.000 0.000 0.000 0.000 0.000 0.000 0.000 0.002 0.003 0.009 0.019 0.026 0.026 0.026 0.027 0.027 0.027 0.027 0.000 0.000 0.000 0.000 0.000 0.000 0.000 0.023 0.023 0.023 0.023 0.023 0.021 0.016 0.012 0.007 0.003 0.002 0.001 0.001 0.001 0.001 0.000 0.000 0.000 0.000 0.000 0.000 0.000 0.000 0.000 0.000 0.000 0.000
0.000 0.000 0.000 0.000 0.000 0.000 0.000 0.000 0.000 0.000 0.000 0.000 0.000 0.000 0.000 0.000 0.000 0.000 0.000 0.000 0.000 0.000 0.000 0.000 0.000 0.000 0.000 0.000 0.000 0.000 0.000 0.001 0.002 0.004 0.011 0.020 0.026 0.026 0.026 0.026 0.026 0.026 0.027 0.000 0.000 0.000 0.000 0.000 0.000 0.023 0.023 0.023 0.023 0.023 0.023 0.023 0.023 0.019 0.015 0.010 0.006 0.002 0.001 0.001 0.001 0.001 0.000 0.000 0.000 0.000 0.000 0.000 0.000 0.000 0.000 0.000 0.000
0.000 0.000 0.000 0.000 0.000 0.000 0.000 0.000 0.000 0.000 0.000 0.000 0.000 0.000 0.000 0.000 0.000 0.000 0.000 0.000 0.000 0.000 0.000 0.000 0.000 0.000 0.000 0.000 0.000 0.000 0.000 0.001 0.002 0.004 0.012 0.022 0.026 0.026 0.026 0.026 0.026 0.026 0.027 0.000 0.000 0.000 0.000 0.000 0.000 0.023 0.023 0.023 0.023 0.023 0.023 0.023 0.023 0.023 0.022 0.018 0.013 0.009 0.004 0.002 0.001 0.001 0.001 0.000 0.000 0.000 0.000 0.000 0.000 0.000 0.000 0.000 0.000
0.000 0.000 0.000 0.000 0.000 0.000 0.000 0.000 0.000 0.000 0.000 0.000 0.000 0.000 0.000 0.000 0.000 0.000 0.000 0.000 0.000 0.000 0.000 0.000 0.000 0.000 0.000 0.000 0.000 0.000 0.000 0.001 0.002 0.005 0.014 0.023 0.026 0.026 0.026 0.026 0.026 0.026 0.027 0.000 0.000 0.000 0.000 0.000 0.000 0.023 0.023 0.023 0.023 0.023 0.023 0.023 0.023 0.023 0.023 0.023 0.020 0.016 0.011 0.007 0.003 0.001 0.001 0.001 0.001 0.000 0.000 0.000 0.000 0.000 0.000 0.000 0.000
0.000 0.000 0.000 0.000 0.000 0.000 0.000 0.000 0.000 0.000 0.000 0.000 0.000 0.000 0.000 0.000 0.000 0.000 0.000 0.000 0.000 0.000 0.000 0.000 0.000 0.000 0.000 0.000 0.000 0.000 0.000 0.001 0.002 0.007 0.015 0.024 0.026 0.026 0.026 0.026 0.026 0.025 0.000 0.000 0.000 0.000 0.000 0.000 0.000 0.023 0.023 0.023 0.023 0.023 0.023 0.023 0.023 0.023 0.023 0.023 0.023 0.023 0.019 0.014 0.009 0.005 0.002 0.001 0.001 0.001 0.000 0.000 0.000 0.000 0.000 0.000 0.000
0.000 0.000 0.000 0.000 0.000 0.000 0.000 0.000 0.000 0.000 0.000 0.000 0.000 0.000 0.000 0.000 0.000 0.000 0.000 0.000 0.000 0.000 0.000 0.000 0.000 0.000 0.000 0.000 0.000 0.000 0.001 0.001 0.002 0.008 0.017 0.025 0.025 0.025 0.025 0.025 0.025 0.025 0.000 0.000 0.000 0.000 0.000 0.000 0.023 0.023 0.023 0.023 0.023 0.023 0.023 0.023 0.023 0.023 0.023 0.023 0.023 0.023 0.023 0.021 0.017 0.012 0.007 0.003 0.002 0.001 0.001 0.000 0.000 0.000 0.000 0.000 0.000
0.000 0.000 0.000 0.000 0.000 0.000 0.000 0.000 0.000 0.000 0.000 0.000 0.000 0.000 0.000 0.000 0.000 0.000 0.000 0.000 0.000 0.000 0.000 0.000 0.000 0.000 0.000 0.000 0.000 0.000 0.001 0.002 0.003 0.010 0.018 0.024 0.025 0.025 0.025 0.025 0.025 0.025 0.000 0.000 0.000 0.000 0.000 0.000 0.022 0.022 0.023 0.023 0.023 0.023 0.023 0.023 0.023 0.023 0.023 0.023 0.023 0.023 0.023 0.022 0.022 0.019 0.015 0.010 0.005 0.002 0.001 0.001 0.001 0.000 0.000 0.000 0.000
0.000 0.000 0.000 0.000 0.000 0.000 0.000 0.000 0.000 0.000 0.000 0.000 0.000 0.000 0.000 0.000 0.000 0.000 0.000 0.000 0.000 0.000 0.000 0.000 0.000 0.000 0.000 0.000 0.000 0.000 0.001 0.002 0.004 0.011 0.020 0.024 0.024 0.025 0.025 0.025 0.025 0.000 0.000 0.000 0.000 0.000 0.000 0.000 0.022 0.022 0.022 0.023 0.022 0.023 0.023 0.023 0.023 0.023 0.023 0.023 0.023 0.023 0.022 0.022 0.022 0.022 0.022 0.017 0.012 0.008 0.004 0.002 0.001 0.001 0.000 0.000 0.000
0.000 0.000 0.000 0.000 0.000 0.000 0.000 0.000 0.000 0.000 0.000 0.000 0.000 0.000 0.000 0.000 0.000 0.000 0.000 0.000 0.000 0.000 0.000 0.000 0.000 0.000 0.000 0.000 0.000 0.000 0.001 0.002 0.005 0.013 0.022 0.024 0.025 0.024 0.025 0.025 0.025 0.000 0.000 0.000 0.000 0.000 0.000 0.022 0.022 0.022 0.022 0.023 0.022 0.023 0.023 0.023 0.023 0.023 0.023 0.022 0.022 0.022 0.022 0.022 0.022 0.022 0.022 0.021 0.019 0.015 0.010 0.005 0.002 0.001 0.001 0.000 0.000
0.000 0.000 0.000 0.000 0.000 0.000 0.000 0.000 0.000 0.000 0.000 0.000 0.000 0.000 0.000 0.000 0.000 0.000 0.000 0.000 0.000 0.000 0.000 0.000 0.000 0.000 0.000 0.000 0.001 0.001 0.001 0.002 0.006 0.014 0.023 0.024 0.024 0.024 0.025 0.025 0.025 0.000 0.000 0.000 0.000 0.000 0.000 0.022 0.022 0.022 0.022 0.022 0.023 0.022 0.023 0.022 0.022 0.022 0.022 0.022 0.022 0.022 0.022 0.022 0.022 0.022 0.021 0.021 0.021 0.021 0.017 0.012 0.007 0.003 0.001 0.001 0.000
0.000 0.000 0.000 0.000 0.000 0.000 0.000 0.000 0.000 0.000 0.000 0.000 0.000 0.000 0.000 0.000 0.000 0.000 0.000 0.000 0.000 0.000 0.000 0.000 0.000 0.000 0.000 0.000 0.001 0.001 0.001 0.002 0.008 0.016 0.024 0.024 0.024 0.024 0.024 0.025 0.025 0.000 0.000 0.000 0.000 0.000 0.000 0.022 0.022 0.022 0.022 0.022 0.022 0.022 0.022 0.022 0.022 0.022 0.022 0.022 0.022 0.022 0.022 0.022 0.022 0.021 0.021 0.021 0.021 0.020 0.020 0.019 0.014 0.009 0.005 0.002 0.001
0.000 0.000 0.000 0.000 0.000 0.000 0.000 0.000 0.000 0.000 0.000 0.000 0.000 0.000 0.000 0.000 0.000 0.000 0.000 0.000 0.000 0.000 0.000 0.000 0.000 0.000 0.000 0.000 0.001 0.001 0.001 0.003 0.009 0.018 0.024 0.024 0.024 0.024 0.024 0.024 0.025 0.000 0.000 0.000 0.000 0.000 0.000 0.022 0.022 0.022 0.022 0.022 0.022 0.022 0.022 0.022 0.022 0.022 0.022 0.022 0.022 0.022 0.022 0.021 0.021 0.021 0.021 0.020 0.020 0.020 0.019 0.019 0.019 0.016 0.011 0.006 0.002
0.000 0.000 0.000 0.000 0.000 0.000 0.000 0.000 0.000 0.000 0.000 0.000 0.000 0.000 0.000 0.000 0.000 0.000 0.000 0.000 0.000 0.000 0.000 0.000 0.000 0.000 0.000 0.000 0.001 0.001 0.002 0.004 0.010 0.019 0.024 0.024 0.024 0.024 0.024 0.024 0.024 0.000 0.000 0.000 0.000 0.000 0.022 0.022 0.022 0.022 0.022 0.022 0.022 0.022 0.022 0.022 0.022 0.022 0.022 0.022 0.022 0.021 0.021 0.021 0.021 0.021 0.020 0.020 0.020 0.019 0.019 0.019 0.018 0.017 0.017 0.013 0.008
0.000 0.000 0.000 0.000 0.000 0.000 0.000 0.000 0.000 0.000 0.000 0.000 0.000 0.000 0.000 0.000 0.000 0.000 0.000 0.000 0.000 0.000 0.000 0.000 0.000 0.000 0.000 0.000 0.001 0.001 0.002 0.004 0.012 0.020 0.024 0.024 0.024 0.024 0.024 0.024 0.024 0.000 0.000 0.000 0.000 0.000 0.022 0.022 0.022 0.022 0.022 0.022 0.022 0.022 0.022 0.022 0.022 0.022 0.022 0.022 0.021 0.021 0.021 0.021 0.021 0.020 0.020 0.020 0.019 0.019 0.018 0.018 0.017 0.017 0.016 0.015 0.014
0.000 0.000 0.000 0.000 0.000 0.000 0.000 0.000 0.000 0.000 0.000 0.000 0.000 0.000 0.000 0.000 0.000 0.000 0.000 0.000 0.000 0.000 0.000 0.000 0.000 0.000 0.000 0.001 0.001 0.001 0.002 0.005 0.013 0.022 0.024 0.024 0.024 0.024 0.024 0.024 0.024 0.000 0.000 0.000 0.000 0.000 0.022 0.022 0.022 0.022 0.022 0.022 0.022 0.022 0.022 0.022 0.022 0.022 0.021 0.021 0.021 0.021 0.021 0.020 0.020 0.020 0.020 0.019 0.019 0.018 0.018 0.017 0.017 0.016 0.015 0.015 0.014
0.000 0.000 0.000 0.000 0.000 0.000 0.000 0.000 0.000 0.000 0.000 0.000 0.000 0.000 0.000 0.000 0.000 0.000 0.000 0.000 0.000 0.000 0.000 0.000 0.000 0.000 0.000 0.001 0.001 0.001 0.002 0.006 0.014 0.023 0.023 0.024 0.024 0.024 0.024 0.024 0.024 0.024 0.023 0.000 0.000 0.000 0.000 0.000 0.022 0.022 0.022 0.022 0.022 0.022 0.022 0.022 0.022 0.021 0.021 0.021 0.021 0.021 0.020 0.020 0.020 0.019 0.019 0.019 0.018 0.018 0.017 0.017 0.016 0.015 0.015 0.014 0.013
0.000 0.000 0.000 0.000 0.000 0.000 0.000 0.000 0.000 0.000 0.000 0.000 0.000 0.000 0.000 0.000 0.000 0.000 0.000 0.000 0.000 0.000 0.000 0.000 0.000 0.000 0.000 0.001 0.001 0.001 0.002 0.007 0.016 0.023 0.023 0.023 0.023 0.023 0.023 0.023 0.023 0.023 0.023 0.023 0.023 0.023 0.000 0.022 0.022 0.022 0.022 0.022 0.022 0.022 0.022 0.022 0.021 0.021 0.021 0.021 0.021 0.020 0.020 0.020 0.019 0.019 0.019 0.018 0.018 0.017 0.016 0.016 0.015 0.014 0.013 0.012 0.011
0.000 0.000 0.000 0.000 0.000 0.000 0.000 0.000 0.000 0.000 0.000 0.000 0.000 0.000 0.000 0.000 0.000 0.000 0.000 0.000 0.000 0.000 0.000 0.000 0.000 0.000 0.000 0.001 0.001 0.001 0.002 0.008 0.017 0.023 0.023 0.023 0.023 0.023 0.023 0.023 0.023 0.023 0.023 0.023 0.023 0.023 0.022 0.022 0.022 0.022 0.022 0.022 0.022 0.022 0.021 0.021 0.021 0.021 0.021 0.020 0.020 0.020 0.019 0.019 0.019 0.018 0.018 0.017 0.017 0.016 0.016 0.015 0.014 0.013 0.012 0.010 0.008
0.000 0.000 0.000 0.000 0.000 0.000 0.000 0.000 0.000 0.000 0.000 0.000 0.000 0.000 0.000 0.000 0.000 0.000 0.000 0.000 0.000 0.000 0.000 0.000 0.000 0.000 0.000 0.001 0.001 0.001 0.003 0.010 0.019 0.023 0.023 0.023 0.023 0.023 0.023 0.023 0.000 0.023 0.023 0.023 0.023 0.023 0.022 0.022 0.022 0.022 0.022 0.022 0.022 0.021 0.021 0.021 0.021 0.021 0.020 0.020 0.020 0.019 0.019 0.019 0.018 0.018 0.017 0.017 0.016 0.015 0.014 0.014 0.012 0.011 0.009 0.007 0.007
0.000 0.000 0.000 0.000 0.000 0.000 0.000 0.000 0.000 0.000 0.000 0.000 0.000 0.000 0.000 0.000 0.000 0.000 0.000 0.000 0.000 0.000 0.000 0.000 0.000 0.000 0.000 0.001 0.001 0.002 0.004 0.012 0.021 0.023 0.023 0.023 0.023 0.023 0.023 0.000 0.000 0.000 0.000 0.000 0.023 0.023 0.022 0.022 0.022 0.022 0.022 0.022 0.021 0.021 0.021 0.021 0.021 0.020 0.020 0.020 0.019 0.019 0.018 0.018 0.017 0.017 0.016 0.016 0.015 0.014 0.013 0.012 0.010 0.008 0.007 0.007 0.007
0.000 0.000 0.000 0.000 0.000 0.000 0.000 0.000 0.000 0.000 0.000 0.000 0.000 0.000 0.000 0.000 0.000 0.000 0.000 0.000 0.000 0.000 0.000 0.000 0.000 0.000 0.001 0.001 0.001 0.002 0.005 0.013 0.022 0.023 0.023 0.023 0.023 0.023 0.000 0.000 0.000 0.000 0.000 0.000 0.000 0.000 0.022 0.022 0.022 0.022 0.021 0.021 0.021 0.021 0.021 0.020 0.020 0.020 0.020 0.019 0.019 0.018 0.018 0.017 0.017 0.016 0.015 0.014 0.013 0.012 0.010 0.008 0.008 0.008 0.008 0.008 0.009
0.000 0.000 0.000 0.000 0.000 0.000 0.000 0.000 0.000 0.000 0.000 0.000 0.000 0.000 0.000 0.000 0.000 0.000 0.000 0.000 0.000 0.000 0.000 0.000 0.000 0.000 0.001 0.001 0.001 0.002 0.006 0.015 0.022 0.023 0.023 0.023 0.023 0.023 0.000 0.000 0.000 0.000 0.000 0.000 0.000 0.000 0.022 0.022 0.022 0.021 0.021 0.021 0.021 0.021 0.020 0.020 0.020 0.019 0.019 0.019 0.018 0.017 0.017 0.016 0.015 0.015 0.014 0.012 0.011 0.009 0.008 0.008 0.008 0.008 0.009 0.011 0.016
0.000 0.000 0.000 0.000 0.000 0.000 0.000 0.000 0.000 0.000 0.000 0.000 0.000 0.000 0.000 0.000 0.000 0.000 0.000 0.000 0.000 0.000 0.000 0.000 0.000 0.000 0.001 0.001 0.001 0.002 0.008 0.016 0.022 0.022 0.022 0.022 0.022 0.000 0.000 0.000 0.000 0.000 0.021 0.021 0.021 0.022 0.021 0.021 0.021 0.021 0.021 0.021 0.021 0.021 0.020 0.020 0.019 0.019 0.018 0.018 0.017 0.017 0.016 0.015 0.014 0.013 0.011 0.009 0.008 0.008 0.008 0.008 0.009 0.011 0.015 0.021 0.027
0.000 0.000 0.000 0.000 0.000 0.000 0.000 0.000 0.000 0.000 0.000 0.000 0.000 0.000 0.000 0.000 0.000 0.000 0.000 0.000 0.000 0.000 0.000 0.000 0.000 0.000 0.001 0.001 0.001 0.003 0.010 0.018 0.022 0.022 0.022 0.022 0.022 0.000 0.000 0.000 0.000 0.000 0.000 0.021 0.021 0.022 0.021 0.021 0.021 0.021 0.021 0.021 0.021 0.020 0.020 0.019 0.019 0.018 0.018 0.017 0.016 0.015 0.014 0.013 0.012 0.010 0.008 0.008 0.008 0.008 0.009 0.010 0.014 0.019 0.026 0.033 0.040
0.000 0.000 0.000 0.000 0.000 0.000 0.000 0.000 0.000 0.000 0.000 0.000 0.000 0.000 0.000 0.000 0.000 0.000 0.000 0.000 0.000 0.000 0.000 0.000 0.000 0.000 0.001 0.001 0.002 0.004 0.011 0.020 0.022 0.022 0.022 0.022 0.022 0.000 0.000 0.000 0.000 0.000 0.000 0.000 0.000 0.000 0.021 0.021 0.021 0.021 0.021 0.021 0.020 0.020 0.020 0.019 0.018 0.018 0.017 0.016 0.015 0.014 0.012 0.011 0.008 0.008 0.008 0.008 0.009 0.010 0.013 0.018 0.025 0.031 0.038 0.046 0.050
0.000 0.000 0.000 0.000 0.000 0.000 0.000 0.000 0.000 0.000 0.000 0.000 0.000 0.000 0.000 0.000 0.000 0.000 0.000 0.000 0.000 0.000 0.000 0.000 0.000 0.001 0.001 0.001 0.002 0.005 0.013 0.022 0.022 0.022 0.022 0.022 0.000 0.000 0.000 0.000 0.000 0.000 0.000 0.000 0.000 0.000 0.000 0.000 0.021 0.021 0.021 0.021 0.020 0.020 0.019 0.018 0.018 0.017 0.016 0.014 0.013 0.011 0.009 0.009 0.008 0.009 0.009 0.010 0.012 0.017 0.023 0.030 0.037 0.044 0.051 0.059 0.058
0.000 0.000 0.000 0.000 0.000 0.000 0.000 0.000 0.000 0.000 0.000 0.000 0.000 0.000 0.000 0.000 0.000 0.000 0.000 0.000 0.000 0.000 0.000 0.000 0.000 0.001 0.001 0.001 0.002 0.006 0.014 0.022 0.022 0.022 0.022 0.023 0.000 0.000 0.000 0.000 0.000 0.000 0.000 0.000 0.000 0.000 0.000 0.000 0.000 0.000 0.000 0.020 0.020 0.020 0.019 0.018 0.017 0.015 0.014 0.012 0.009 0.009 0.009 0.009 0.009 0.010 0.012 0.016 0.022 0.029 0.036 0.043 0.050 0.057 0.064 0.069 0.065
0.000 0.000 0.000 0.000 0.000 0.000 0.000 0.000 0.000 0.000 0.000 0.000 0.000 0.000 0.000 0.000 0.000 0.000 0.003 0.000 0.000 0.000 0.000 0.000 0.000 0.001 0.001 0.002 0.003 0.008 0.016 0.022 0.022 0.022 0.022 0.022 0.000 0.000 0.000 0.000 0.000 0.000 0.000 0.000 0.000 0.000 0.000 0.000 0.000 0.000 0.000 0.000 0.000 0.000 0.018 0.017 0.015 0.013 0.010 0.009 0.009 0.009 0.009 0.010 0.011 0.015 0.021 0.027 0.034 0.041 0.049 0.056 0.063 0.070 0.077 0.077 0.072
0.001 0.000 0.000 0.000 0.000 0.000 0.000 0.000 0.000 0.000 0.000 0.000 0.000 0.000 0.000 0.000 0.000 0.001 0.002 0.002 0.004 0.000 0.000 0.000 0.000 0.001 0.002 0.002 0.004 0.009 0.018 0.022 0.022 0.022 0.022 0.022 0.000 0.000 0.000 0.000 0.000 0.000 0.000 0.000 0.000 0.000 0.000 0.000 0.000 0.000 0.000 0.000 0.000 0.000 0.000 0.000 0.010 0.009 0.009 0.009 0.009 0.010 0.011 0.014 0.020 0.026 0.033 0.040 0.047 0.054 0.062 0.069 0.076 0.083 0.089 0.084 0.080
0.001 0.001 0.000 0.000 0.000 0.000 0.000 0.000 0.000 0.000 0.000 0.000 0.000 0.000 0.000 0.000 0.000 0.001 0.002 0.002 0.003 0.005 0.000 0.000 0.000 0.002 0.003 0.003 0.005 0.011 0.019 0.022 0.022 0.022 0.022 0.000 0.000 0.000 0.000 0.000 0.000 0.000 0.000 0.000 0.000 0.000 0.000 0.000 0.000 0.000 0.000 0.000 0.000 0.000 0.000 0.000 0.007 0.008 0.009 0.009 0.011 0.013 0.018 0.025 0.032 0.039 0.046 0.053 0.060 0.067 0.075 0.082 0.089 0.097 0.096 0.092 0.087
0.001 0.001 0.001 0.001 0.000 0.000 0.000 0.000 0.000 0.000 0.000 0.000 0.000 0.000 0.001 0.001 0.001 0.001 0.002 0.002 0.003 0.004 0.004 0.004 0.004 0.004 0.004 0.004 0.006 0.012 0.021 0.022 0.022 0.022 0.022 0.000 0.000 0.000 0.000 0.000 0.000 0.000 0.000 0.000 0.000 0.000 0.000 0.000 0.000 0.000 0.000 0.000 0.000 0.000 0.000 0.000 0.007 0.008 0.010 0.012 0.017 0.023 0.030 0.037 0.044 0.052 0.059 0.066 0.073 0.081 0.088 0.096 0.102 0.109 0.104 0.099 0.095
0.006 0.002 0.001 0.001 0.001 0.001 0.000 0.000 0.000 0.000 0.000 0.000 0.001 0.001 0.001 0.001 0.001 0.001 0.001 0.002 0.003 0.003 0.003 0.004 0.004 0.004 0.004 0.004 0.007 0.014 0.022 0.022 0.022 0.022 0.022 0.000 0.000 0.000 0.000 0.000 0.000 0.000 0.000 0.000 0.000 0.000 0.000 0.000 0.000 0.000 0.000 0.000 0.000 0.000 0.000 0.002 0.007 0.010 0.015 0.022 0.029 0.036 0.043 0.050 0.057 0.065 0.072 0.079 0.086 0.093 0.101 0.108 0.115 0.116 0.111 0.108 0.103
0.017 0.012 0.007 0.003 0.001 0.001 0.001 0.001 0.000 0.000 0.000 0.001 0.001 0.001 0.001 0.001 0.001 0.001 0.001 0.002 0.002 0.003 0.003 0.003 0.004 0.004 0.004 0.005 0.008 0.015 0.021 0.021 0.021 0.022 0.022 0.000 0.000 0.000 0.000 0.000 0.000 0.000 0.000 0.000 0.000 0.000 0.000 0.000 0.000 0.000 0.000 0.000 0.000 0.000 0.000 0.006 0.013 0.020 0.027 0.034 0.041 0.049 0.056 0.063 0.071 0.078 0.085 0.092 0.100 0.107 0.114 0.000 0.000 0.124 0.119 0.115 0.110
0.000 0.000 0.016 0.012 0.007 0.003 0.001 0.001 0.001 0.001 0.001 0.001 0.001 0.001 0.001 0.001 0.001 0.001 0.001 0.001 0.002 0.002 0.003 0.003 0.003 0.004 0.004 0.005 0.008 0.016 0.021 0.021 0.021 0.021 0.000 0.000 0.000 0.000 0.000 0.000 0.000 0.000 0.000 0.000 0.000 0.000 0.000 0.000 0.000 0.000 0.000 0.000 0.000 0.000 0.000 0.019 0.026 0.033 0.040 0.047 0.054 0.061 0.069 0.076 0.084 0.091 0.098 0.105 0.112 0.120 0.000 0.000 0.000 0.000 0.000 0.123 0.119
