数据/150y_3h/150y_3h_res_2/150y_3h_223-0001.wd
ncols         694
nrows         824
xllcorner     581104.939801
yllcorner     3495917.092414
cellsize      2.000000
NODATA_value  -9999.000000
[rows 306 to 339 of 824, columns 462 to 538 of 694]
0.019 0.021 0.022 0.023 0.024 0.024 0.024 0.023 0.019 0.014 0.010 0.007 0.004 0.003 0.002 0.001 0.001 0.000 0.001 0.001 0.001 0.001 0.001 0.001 0.001 0.002 0.004 0.007 0.010 0.011 0.011 0.010 0.009 0.007 0.006 0.005 0.004 0.003 0.003 0.000 0.000 0.000 0.000 0.000 0.000 0.000 0.000 0.000 0.000 0.000 0.000 0.000 0.000 0.000 0.010 0.010 0.011 0.014 0.000 0.001 0.001 0.001 0.001 0.001 0.004 0.034 0.000 0.000 0.000 0.000 0.001 0.003 0.010 0.021 0.030 0.029 0.025
0.000 0.018 0.020 0.022 0.023 0.023 0.024 0.024 0.023 0.021 0.015 0.011 0.008 0.005 0.003 0.002 0.001 0.001 0.001 0.001 0.001 0.001 0.001 0.001 0.001 0.002 0.004 0.007 0.009 0.011 0.011 0.010 0.009 0.008 0.007 0.005 0.004 0.005 0.014 0.000 0.000 0.000 0.000 0.000 0.000 0.000 0.000 0.000 0.000 0.000 0.000 0.000 0.000 0.000 0.000 0.000 0.000 0.011 0.011 0.008 0.007 0.006 0.005 0.005 0.009 0.000 0.000 0.000 0.000 0.000 0.007 0.018 0.027 0.028 0.025 0.022 0.020
0.011 0.016 0.019 0.021 0.022 0.023 0.024 0.024 0.025 0.025 0.024 0.018 0.014 0.010 0.006 0.004 0.003 0.002 0.002 0.001 0.001 0.001 0.001 0.001 0.001 0.000 0.004 0.007 0.009 0.010 0.011 0.010 0.010 0.008 0.007 0.006 0.005 0.006 0.000 0.000 0.000 0.000 0.000 0.000 0.000 0.000 0.000 0.000 0.000 0.000 0.000 0.000 0.000 0.000 0.000 0.000 0.000 0.000 0.000 0.006 0.007 0.008 0.007 0.007 0.012 0.000 0.000 0.000 0.000 0.014 0.024 0.027 0.024 0.021 0.019 0.017 0.015
0.013 0.016 0.019 0.021 0.023 0.024 0.026 0.027 0.028 0.029 0.030 0.031 0.025 0.019 0.014 0.009 0.007 0.005 0.004 0.003 0.002 0.002 0.001 0.001 0.001 0.001 0.004 0.006 0.009 0.010 0.011 0.010 0.010 0.009 0.007 0.006 0.006 0.005 0.003 0.002 0.002 0.000 0.000 0.000 0.000 0.000 0.000 0.000 0.000 0.000 0.000 0.000 0.000 0.000 0.000 0.000 0.000 0.000 0.000 0.000 0.000 0.000 0.005 0.007 0.010 0.013 0.000 0.000 0.000 0.024 0.023 0.021 0.019 0.017 0.015 0.013 0.012
0.014 0.016 0.019 0.022 0.025 0.027 0.030 0.032 0.034 0.036 0.037 0.039 0.040 0.034 0.026 0.018 0.013 0.010 0.007 0.005 0.004 0.003 0.002 0.002 0.001 0.002 0.004 0.006 0.008 0.010 0.010 0.010 0.010 0.009 0.008 0.007 0.006 0.005 0.004 0.003 0.002 0.001 0.001 0.000 0.000 0.000 0.000 0.000 0.000 0.000 0.000 0.000 0.000 0.000 0.000 0.000 0.000 0.000 0.000 0.000 0.000 0.000 0.000 0.000 0.008 0.013 0.016 0.028 0.029 0.024 0.020 0.018 0.015 0.013 0.012 0.011 0.011
0.015 0.018 0.022 0.026 0.030 0.034 0.038 0.041 0.044 0.046 0.048 0.049 0.050 0.048 0.038 0.028 0.021 0.015 0.011 0.008 0.006 0.004 0.003 0.003 0.002 0.002 0.004 0.006 0.008 0.009 0.010 0.010 0.010 0.009 0.008 0.007 0.006 0.006 0.004 0.003 0.003 0.002 0.001 0.001 0.001 0.002 0.000 0.000 0.000 0.000 0.000 0.000 0.000 0.000 0.000 0.000 0.000 0.000 0.000 0.000 0.000 0.000 0.000 0.000 0.000 0.000 0.000 0.018 0.019 0.018 0.016 0.015 0.013 0.011 0.010 0.009 0.007
0.019 0.024 0.029 0.035 0.039 0.044 0.048 0.052 0.056 0.058 0.060 0.061 0.054 0.042 0.040 0.034 0.025 0.019 0.014 0.011 0.008 0.006 0.005 0.004 0.003 0.003 0.004 0.006 0.008 0.009 0.010 0.010 0.010 0.009 0.008 0.008 0.007 0.006 0.005 0.004 0.003 0.002 0.002 0.001 0.001 0.001 0.001 0.002 0.000 0.000 0.000 0.000 0.001 0.002 0.000 0.000 0.000 0.000 0.000 0.000 0.000 0.000 0.000 0.000 0.000 0.000 0.021 0.019 0.017 0.015 0.014 0.012 0.011 0.009 0.008 0.009 0.000
0.027 0.034 0.040 0.046 0.051 0.056 0.060 0.058 0.053 0.047 0.040 0.033 0.025 0.015 0.025 0.034 0.028 0.022 0.017 0.014 0.010 0.008 0.006 0.005 0.004 0.003 0.005 0.006 0.008 0.009 0.010 0.010 0.010 0.009 0.009 0.008 0.007 0.006 0.005 0.004 0.003 0.003 0.002 0.000 0.001 0.001 0.001 0.001 0.001 0.001 0.001 0.001 0.001 0.002 0.002 0.002 0.012 0.000 0.000 0.000 0.000 0.000 0.000 0.000 0.000 0.000 0.018 0.017 0.016 0.014 0.012 0.010 0.009 0.008 0.007 0.006 0.000
0.039 0.045 0.047 0.044 0.040 0.036 0.032 0.028 0.024 0.020 0.015 0.011 0.006 0.008 0.000 0.028 0.029 0.024 0.020 0.016 0.013 0.010 0.008 0.006 0.005 0.004 0.005 0.006 0.008 0.009 0.009 0.010 0.010 0.009 0.009 0.008 0.007 0.007 0.006 0.005 0.004 0.003 0.002 0.001 0.001 0.001 0.001 0.001 0.001 0.001 0.001 0.001 0.001 0.002 0.003 0.007 0.021 0.043 0.070 0.000 0.000 0.000 0.000 0.000 0.000 0.023 0.020 0.018 0.015 0.013 0.011 0.009 0.008 0.007 0.007 0.000 0.000
0.021 0.019 0.017 0.015 0.013 0.011 0.010 0.008 0.006 0.005 0.004 0.002 0.002 0.004 0.006 0.019 0.031 0.027 0.023 0.019 0.016 0.012 0.010 0.008 0.006 0.005 0.006 0.006 0.008 0.009 0.009 0.010 0.010 0.010 0.009 0.008 0.008 0.007 0.006 0.005 0.004 0.004 0.003 0.002 0.002 0.001 0.001 0.001 0.001 0.001 0.001 0.001 0.002 0.004 0.011 0.021 0.036 0.056 0.070 0.075 0.082 0.090 0.000 0.000 0.000 0.019 0.019 0.017 0.014 0.012 0.009 0.008 0.006 0.006 0.004 0.000 0.000
0.004 0.004 0.003 0.003 0.003 0.002 0.002 0.002 0.001 0.001 0.001 0.001 0.001 0.002 0.005 0.013 0.028 0.030 0.026 0.022 0.019 0.016 0.013 0.011 0.010 0.009 0.009 0.009 0.010 0.010 0.011 0.011 0.011 0.010 0.010 0.009 0.009 0.008 0.007 0.006 0.005 0.004 0.004 0.003 0.003 0.002 0.002 0.001 0.002 0.002 0.002 0.004 0.009 0.018 0.028 0.038 0.044 0.045 0.048 0.052 0.057 0.060 0.063 0.072 0.000 0.021 0.019 0.016 0.013 0.010 0.008 0.006 0.005 0.005 0.000 0.000 0.000
0.001 0.001 0.001 0.001 0.001 0.001 0.001 0.001 0.001 0.001 0.001 0.001 0.001 0.001 0.003 0.009 0.020 0.033 0.030 0.027 0.024 0.022 0.021 0.020 0.020 0.019 0.019 0.019 0.019 0.019 0.019 0.018 0.017 0.016 0.014 0.013 0.012 0.011 0.010 0.008 0.008 0.007 0.006 0.006 0.006 0.005 0.005 0.004 0.004 0.006 0.011 0.018 0.026 0.036 0.040 0.036 0.032 0.030 0.030 0.030 0.028 0.000 0.034 0.042 0.038 0.027 0.019 0.014 0.010 0.008 0.006 0.004 0.004 0.003 0.000 0.000 0.000
0.001 0.001 0.001 0.001 0.001 0.001 0.001 0.001 0.001 0.001 0.001 0.001 0.001 0.001 0.002 0.005 0.014 0.032 0.037 0.036 0.037 0.038 0.040 0.041 0.042 0.042 0.042 0.041 0.040 0.039 0.037 0.034 0.031 0.029 0.026 0.024 0.022 0.020 0.019 0.018 0.017 0.017 0.017 0.017 0.018 0.019 0.020 0.020 0.017 0.022 0.028 0.036 0.041 0.036 0.031 0.026 0.023 0.020 0.017 0.016 0.015 0.011 0.012 0.016 0.017 0.014 0.000 0.004 0.004 0.004 0.003 0.003 0.003 0.000 0.000 0.000 0.000
0.001 0.001 0.001 0.001 0.001 0.000 0.000 0.000 0.000 0.000 0.001 0.001 0.001 0.001 0.001 0.003 0.009 0.026 0.053 0.057 0.061 0.065 0.068 0.069 0.070 0.070 0.070 0.069 0.068 0.065 0.062 0.056 0.052 0.049 0.046 0.043 0.041 0.039 0.038 0.038 0.039 0.040 0.042 0.044 0.046 0.048 0.049 0.049 0.047 0.041 0.045 0.038 0.031 0.026 0.021 0.018 0.014 0.012 0.010 0.008 0.007 0.006 0.005 0.005 0.005 0.004 0.004 0.003 0.002 0.002 0.002 0.002 0.002 0.014 0.000 0.000 0.000
0.000 0.000 0.000 0.000 0.000 0.000 0.000 0.000 0.000 0.000 0.000 0.001 0.001 0.001 0.001 0.002 0.007 0.024 0.067 0.084 0.089 0.094 0.098 0.099 0.099 0.099 0.099 0.098 0.097 0.094 0.089 0.079 0.076 0.074 0.071 0.067 0.065 0.064 0.064 0.065 0.066 0.069 0.071 0.074 0.076 0.079 0.080 0.080 0.072 0.052 0.051 0.045 0.037 0.030 0.024 0.019 0.015 0.012 0.009 0.007 0.005 0.004 0.003 0.002 0.002 0.001 0.001 0.001 0.001 0.001 0.001 0.001 0.001 0.000 0.000 0.000 0.000
0.000 0.000 0.000 0.000 0.000 0.000 0.000 0.000 0.000 0.000 0.000 0.001 0.001 0.001 0.001 0.002 0.011 0.000 0.070 0.114 0.119 0.124 0.129 0.000 0.000 0.000 0.000 0.000 0.000 0.000 0.000 0.099 0.101 0.101 0.098 0.091 0.090 0.091 0.091 0.093 0.095 0.098 0.101 0.104 0.107 0.102 0.091 0.080 0.066 0.047 0.047 0.050 0.055 0.048 0.041 0.034 0.029 0.024 0.019 0.015 0.012 0.009 0.007 0.005 0.004 0.003 0.002 0.002 0.002 0.001 0.001 0.001 0.001 0.001 0.001 0.001 0.000
0.000 0.000 0.000 0.000 0.000 0.000 0.000 0.000 0.000 0.000 0.000 0.000 0.001 0.006 0.000 0.000 0.015 0.000 0.000 0.131 0.000 0.000 0.000 0.000 0.000 0.000 0.000 0.000 0.000 0.000 0.000 0.000 0.000 0.000 0.000 0.114 0.117 0.119 0.118 0.121 0.125 0.128 0.123 0.114 0.105 0.095 0.085 0.074 0.060 0.042 0.042 0.044 0.048 0.053 0.056 0.049 0.042 0.036 0.031 0.025 0.021 0.017 0.013 0.010 0.008 0.006 0.005 0.004 0.003 0.002 0.002 0.001 0.001 0.001 0.001 0.001 0.001
0.000 0.000 0.000 0.000 0.000 0.000 0.000 0.000 0.000 0.000 0.000 0.000 0.000 0.000 0.000 0.000 0.000 0.000 0.000 0.000 0.000 0.000 0.000 0.000 0.000 0.000 0.000 0.000 0.000 0.000 0.000 0.000 0.000 0.000 0.000 0.000 0.000 0.000 0.146 0.142 0.134 0.125 0.115 0.107 0.098 0.088 0.078 0.067 0.054 0.038 0.038 0.039 0.041 0.045 0.050 0.056 0.056 0.049 0.043 0.037 0.031 0.026 0.022 0.018 0.014 0.011 0.009 0.007 0.005 0.004 0.003 0.003 0.002 0.002 0.001 0.001 0.001
0.000 0.000 0.000 0.000 0.000 0.000 0.000 0.000 0.000 0.000 0.000 0.000 0.000 0.000 0.000 0.000 0.000 0.000 0.000 0.000 0.000 0.000 0.000 0.000 0.000 0.000 0.000 0.000 0.000 0.000 0.000 0.000 0.000 0.000 0.000 0.000 0.000 0.000 0.000 0.000 0.000 0.000 0.107 0.099 0.090 0.080 0.071 0.060 0.046 0.033 0.033 0.033 0.034 0.037 0.041 0.046 0.052 0.059 0.056 0.049 0.043 0.037 0.031 0.026 0.022 0.018 0.014 0.011 0.009 0.007 0.005 0.004 0.003 0.003 0.002 0.002 0.001
0.000 0.000 0.000 0.000 0.000 0.000 0.000 0.000 0.000 0.000 0.000 0.000 0.000 0.000 0.000 0.000 0.000 0.000 0.000 0.000 0.000 0.000 0.000 0.000 0.000 0.000 0.000 0.000 0.000 0.000 0.000 0.000 0.000 0.000 0.000 0.000 0.000 0.000 0.000 0.000 0.000 0.000 0.000 0.000 0.000 0.071 0.063 0.053 0.037 0.027 0.027 0.027 0.027 0.029 0.032 0.036 0.042 0.048 0.054 0.061 0.055 0.048 0.042 0.036 0.031 0.026 0.022 0.018 0.014 0.011 0.009 0.007 0.006 0.005 0.004 0.003 0.002
0.000 0.000 0.000 0.000 0.000 0.000 0.000 0.000 0.000 0.000 0.000 0.000 0.000 0.000 0.000 0.000 0.000 0.000 0.000 0.000 0.000 0.000 0.000 0.000 0.000 0.000 0.000 0.000 0.000 0.000 0.000 0.000 0.000 0.000 0.000 0.000 0.000 0.000 0.000 0.000 0.000 0.000 0.000 0.000 0.000 0.000 0.000 0.000 0.023 0.018 0.018 0.019 0.020 0.021 0.024 0.027 0.032 0.037 0.043 0.049 0.056 0.061 0.054 0.047 0.041 0.036 0.030 0.026 0.021 0.018 0.015 0.012 0.010 0.008 0.007 0.006 0.004
0.000 0.000 0.000 0.000 0.000 0.000 0.000 0.000 0.000 0.000 0.000 0.000 0.000 0.000 0.000 0.000 0.000 0.000 0.000 0.000 0.000 0.000 0.000 0.000 0.000 0.000 0.000 0.000 0.000 0.000 0.000 0.000 0.000 0.000 0.000 0.000 0.000 0.000 0.000 0.000 0.000 0.000 0.000 0.000 0.000 0.000 0.000 0.000 0.000 0.000 0.007 0.010 0.012 0.014 0.015 0.018 0.022 0.027 0.032 0.038 0.044 0.051 0.058 0.059 0.052 0.046 0.040 0.035 0.031 0.027 0.023 0.020 0.018 0.015 0.013 0.011 0.009
0.000 0.000 0.000 0.000 0.000 0.000 0.000 0.000 0.000 0.000 0.000 0.000 0.000 0.000 0.000 0.000 0.000 0.000 0.000 0.000 0.000 0.000 0.000 0.000 0.000 0.000 0.000 0.000 0.000 0.000 0.000 0.000 0.000 0.000 0.000 0.000 0.000 0.000 0.000 0.000 0.000 0.000 0.000 0.000 0.000 0.000 0.000 0.000 0.000 0.000 0.000 0.000 0.000 0.000 0.006 0.009 0.013 0.018 0.022 0.027 0.033 0.039 0.045 0.052 0.058 0.057 0.052 0.047 0.042 0.039 0.036 0.034 0.031 0.028 0.025 0.022 0.018
0.000 0.000 0.000 0.000 0.000 0.000 0.000 0.000 0.000 0.000 0.000 0.000 0.000 0.000 0.000 0.000 0.000 0.000 0.000 0.000 0.000 0.000 0.000 0.000 0.000 0.000 0.000 0.000 0.000 0.000 0.000 0.000 0.000 0.000 0.000 0.000 0.000 0.000 0.000 0.000 0.000 0.000 0.000 0.000 0.000 0.000 0.000 0.000 0.000 0.000 0.000 0.000 0.000 0.000 0.000 0.000 0.000 0.000 0.011 0.016 0.022 0.027 0.031 0.038 0.045 0.054 0.062 0.061 0.058 0.057 0.055 0.053 0.051 0.047 0.042 0.037 0.032
0.000 0.000 0.000 0.000 0.000 0.000 0.000 0.000 0.000 0.000 0.000 0.000 0.000 0.000 0.000 0.000 0.000 0.000 0.000 0.000 0.000 0.000 0.000 0.000 0.000 0.000 0.000 0.000 0.000 0.000 0.000 0.000 0.000 0.000 0.000 0.000 0.000 0.000 0.000 0.000 0.000 0.000 0.000 0.000 0.000 0.000 0.000 0.000 0.000 0.000 0.000 0.000 0.000 0.000 0.000 0.000 0.000 0.000 0.000 0.007 0.011 0.015 0.000 0.023 0.033 0.041 0.051 0.063 0.078 0.079 0.078 0.077 0.074 0.069 0.061 0.054 0.046
0.000 0.000 0.000 0.000 0.000 0.000 0.000 0.000 0.000 0.000 0.000 0.000 0.000 0.000 0.000 0.000 0.000 0.000 0.000 0.000 0.000 0.000 0.000 0.000 0.000 0.000 0.000 0.000 0.000 0.000 0.000 0.000 0.000 0.000 0.000 0.000 0.000 0.000 0.000 0.000 0.000 0.000 0.000 0.000 0.000 0.000 0.000 0.000 0.000 0.000 0.000 0.000 0.000 0.000 0.000 0.000 0.000 0.000 0.000 0.001 0.003 0.006 0.007 0.014 0.022 0.030 0.040 0.054 0.073 0.093 0.103 0.103 0.099 0.093 0.078 0.069 0.060
0.000 0.000 0.000 0.000 0.000 0.000 0.000 0.000 0.000 0.000 0.000 0.000 0.000 0.000 0.000 0.000 0.000 0.000 0.000 0.000 0.000 0.000 0.000 0.000 0.000 0.000 0.000 0.000 0.000 0.000 0.000 0.000 0.000 0.000 0.000 0.000 0.000 0.000 0.000 0.000 0.000 0.000 0.000 0.000 0.000 0.000 0.000 0.000 0.000 0.000 0.000 0.000 0.000 0.000 0.000 0.000 0.000 0.000 0.000 0.001 0.001 0.001 0.003 0.007 0.013 0.020 0.031 0.047 0.069 0.092 0.000 0.000 0.000 0.000 0.086 0.085 0.070
0.000 0.000 0.000 0.000 0.000 0.000 0.000 0.000 0.000 0.000 0.000 0.000 0.000 0.000 0.000 0.000 0.000 0.000 0.000 0.000 0.000 0.000 0.000 0.000 0.000 0.000 0.000 0.000 0.000 0.000 0.000 0.000 0.000 0.000 0.000 0.000 0.000 0.000 0.000 0.000 0.000 0.000 0.000 0.000 0.000 0.000 0.000 0.000 0.000 0.000 0.000 0.000 0.000 0.000 0.000 0.000 0.000 0.000 0.000 0.001 0.001 0.001 0.001 0.002 0.005 0.011 0.022 0.043 0.066 0.000 0.000 0.000 0.000 0.000 0.000 0.000 0.073
0.000 0.000 0.000 0.000 0.000 0.000 0.000 0.000 0.000 0.000 0.000 0.000 0.000 0.000 0.000 0.000 0.000 0.000 0.000 0.000 0.000 0.000 0.000 0.000 0.000 0.000 0.000 0.000 0.000 0.000 0.000 0.000 0.000 0.000 0.000 0.000 0.000 0.000 0.000 0.000 0.000 0.000 0.000 0.000 0.000 0.000 0.000 0.000 0.000 0.000 0.000 0.000 0.000 0.000 0.000 0.000 0.000 0.000 0.000 0.001 0.001 0.001 0.001 0.001 0.001 0.004 0.016 0.040 0.000 0.000 0.000 0.000 0.000 0.000 0.000 0.000 0.000
0.000 0.000 0.000 0.000 0.000 0.000 0.000 0.000 0.000 0.000 0.000 0.000 0.000 0.000 0.000 0.000 0.000 0.000 0.000 0.000 0.000 0.000 0.000 0.000 0.000 0.000 0.000 0.000 0.000 0.000 0.000 0.000 0.000 0.000 0.000 0.000 0.000 0.000 0.000 0.000 0.000 0.000 0.000 0.000 0.000 0.000 0.000 0.000 0.000 0.000 0.000 0.000 0.000 0.000 0.000 0.000 0.000 0.000 0.000 0.000 0.000 0.001 0.001 0.001 0.001 0.001 0.011 0.035 0.000 0.000 0.000 0.000 0.000 0.000 0.000 0.000 0.000
0.000 0.000 0.000 0.000 0.000 0.000 0.000 0.000 0.000 0.000 0.000 0.000 0.000 0.000 0.000 0.000 0.000 0.000 0.000 0.000 0.000 0.000 0.000 0.000 0.000 0.000 0.000 0.000 0.000 0.000 0.000 0.000 0.000 0.000 0.000 0.000 0.000 0.000 0.000 0.000 0.000 0.000 0.000 0.000 0.000 0.000 0.000 0.000 0.000 0.000 0.000 0.000 0.000 0.000 0.000 0.000 0.000 0.000 0.000 0.000 0.000 0.000 0.001 0.001 0.001 0.001 0.009 0.000 0.000 0.000 0.000 0.000 0.000 0.000 0.000 0.000 0.000
0.000 0.000 0.000 0.000 0.000 0.000 0.000 0.000 0.000 0.000 0.000 0.000 0.000 0.000 0.000 0.000 0.000 0.000 0.000 0.000 0.000 0.000 0.000 0.000 0.000 0.000 0.000 0.000 0.000 0.000 0.000 0.000 0.000 0.000 0.000 0.000 0.000 0.000 0.000 0.000 0.000 0.000 0.000 0.000 0.000 0.000 0.000 0.000 0.000 0.000 0.000 0.000 0.000 0.000 0.000 0.000 0.000 0.000 0.000 0.000 0.000 0.000 0.001 0.001 0.001 0.001 0.021 0.000 0.000 0.000 0.000 0.000 0.000 0.000 0.000 0.000 0.000
0.000 0.000 0.000 0.000 0.000 0.000 0.000 0.000 0.000 0.000 0.000 0.000 0.000 0.000 0.000 0.000 0.000 0.000 0.000 0.000 0.000 0.000 0.000 0.000 0.000 0.000 0.000 0.000 0.000 0.000 0.000 0.000 0.000 0.000 0.000 0.000 0.000 0.000 0.000 0.000 0.000 0.000 0.000 0.000 0.000 0.000 0.000 0.000 0.000 0.000 0.000 0.000 0.000 0.000 0.000 0.000 0.000 0.000 0.000 0.000 0.000 0.000 0.001 0.001 0.001 0.001 0.000 0.000 0.000 0.000 0.000 0.000 0.000 0.000 0.000 0.000 0.000
0.000 0.000 0.000 0.000 0.000 0.000 0.000 0.000 0.000 0.000 0.000 0.000 0.000 0.000 0.000 0.000 0.000 0.000 0.000 0.000 0.000 0.000 0.000 0.000 0.000 0.000 0.000 0.000 0.000 0.000 0.000 0.000 0.000 0.000 0.000 0.000 0.000 0.000 0.000 0.000 0.000 0.000 0.000 0.000 0.000 0.000 0.000 0.000 0.000 0.000 0.000 0.000 0.000 0.000 0.000 0.000 0.000 0.000 0.000 0.000 0.000 0.000 0.000 0.001 0.001 0.001 0.000 0.000 0.000 0.000 0.000 0.000 0.000 0.000 0.000 0.000 0.000
