数据/150y_3h/150y_3h_res_2/150y_3h_222-0001.wd
ncols         694
nrows         824
xllcorner     581104.939801
yllcorner     3495917.092414
cellsize      2.000000
NODATA_value  -9999.000000
[rows 714 to 747 of 824, columns 154 to 230 of 694]
0.000 0.000 0.000 0.000 0.000 0.002 0.003 0.004 0.005 0.006 0.007 0.008 0.008 0.009 0.009 0.009 0.009 0.009 0.009 0.008 0.000 0.001 0.060 0.057 0.053 0.051 0.049 0.045 0.042 0.038 0.034 0.030 0.000 0.000 0.000 0.000 0.000 0.000 0.000 0.000 0.000 0.000 0.001 0.001 0.005 0.013 0.022 0.030 0.039 0.000 0.000 0.000 0.000 0.000 0.000 0.000 0.000 0.000 0.136 0.146 0.157 0.156 0.132 0.112 0.122 0.037 0.001 0.001 0.000 0.000 0.000 0.000 0.000 0.000 0.000 0.000 0.000
0.000 0.000 0.000 0.000 0.001 0.003 0.004 0.005 0.006 0.007 0.008 0.008 0.009 0.009 0.010 0.010 0.011 0.011 0.011 0.011 0.011 0.010 0.001 0.077 0.075 0.073 0.070 0.066 0.061 0.056 0.051 0.046 0.040 0.037 0.000 0.000 0.000 0.000 0.000 0.000 0.000 0.001 0.001 0.017 0.061 0.072 0.082 0.092 0.103 0.000 0.000 0.000 0.000 0.000 0.000 0.000 0.000 0.000 0.198 0.193 0.168 0.146 0.122 0.114 0.123 0.078 0.004 0.001 0.000 0.000 0.000 0.000 0.000 0.000 0.000 0.000 0.000
0.000 0.000 0.000 0.000 0.002 0.004 0.005 0.006 0.007 0.008 0.008 0.009 0.010 0.010 0.011 0.011 0.012 0.012 0.013 0.014 0.014 0.015 0.013 0.001 0.001 0.095 0.091 0.087 0.081 0.075 0.069 0.064 0.059 0.054 0.050 0.000 0.000 0.000 0.000 0.000 0.001 0.001 0.008 0.059 0.117 0.135 0.145 0.155 0.166 0.000 0.000 0.000 0.000 0.000 0.000 0.000 0.000 0.231 0.207 0.184 0.160 0.136 0.113 0.117 0.126 0.121 0.036 0.001 0.000 0.000 0.000 0.000 0.000 0.000 0.000 0.000 0.000
0.000 0.000 0.000 0.001 0.003 0.005 0.006 0.007 0.007 0.008 0.009 0.009 0.010 0.011 0.011 0.012 0.013 0.013 0.014 0.015 0.017 0.018 0.020 0.022 0.025 0.003 0.113 0.107 0.101 0.094 0.088 0.082 0.077 0.073 0.069 0.065 0.062 0.000 0.000 0.000 0.001 0.004 0.046 0.102 0.157 0.196 0.207 0.217 0.000 0.000 0.000 0.000 0.000 0.000 0.000 0.000 0.000 0.221 0.198 0.174 0.151 0.126 0.110 0.119 0.129 0.138 0.078 0.004 0.001 0.000 0.000 0.000 0.000 0.000 0.000 0.000 0.000
0.000 0.000 0.000 0.001 0.003 0.005 0.006 0.007 0.008 0.009 0.009 0.010 0.011 0.011 0.012 0.013 0.013 0.014 0.015 0.017 0.018 0.021 0.024 0.030 0.040 0.058 0.003 0.126 0.121 0.112 0.106 0.100 0.096 0.092 0.088 0.085 0.082 0.079 0.000 0.026 0.024 0.041 0.088 0.144 0.199 0.255 0.270 0.280 0.000 0.000 0.000 0.000 0.000 0.000 0.000 0.000 0.000 0.214 0.189 0.165 0.142 0.117 0.114 0.123 0.131 0.141 0.126 0.039 0.000 0.000 0.000 0.000 0.000 0.000 0.000 0.000 0.000
0.000 0.000 0.000 0.001 0.003 0.005 0.006 0.007 0.008 0.009 0.010 0.010 0.011 0.012 0.012 0.013 0.014 0.015 0.016 0.018 0.019 0.022 0.025 0.029 0.034 0.040 0.026 0.001 0.000 0.128 0.123 0.119 0.115 0.112 0.108 0.105 0.102 0.099 0.091 0.066 0.069 0.082 0.131 0.186 0.241 0.297 0.333 0.345 0.000 0.000 0.000 0.000 0.000 0.000 0.000 0.000 0.000 0.204 0.180 0.157 0.132 0.108 0.118 0.127 0.135 0.145 0.154 0.083 0.000 0.000 0.000 0.000 0.000 0.000 0.000 0.000 0.000
0.000 0.000 0.000 0.001 0.003 0.005 0.006 0.007 0.008 0.009 0.010 0.010 0.011 0.012 0.013 0.013 0.014 0.015 0.016 0.018 0.019 0.021 0.024 0.026 0.029 0.030 0.024 0.017 0.011 0.001 0.142 0.139 0.135 0.132 0.129 0.126 0.123 0.121 0.118 0.000 0.000 0.117 0.173 0.228 0.284 0.339 0.395 0.408 0.419 0.396 0.000 0.000 0.000 0.000 0.000 0.000 0.218 0.195 0.171 0.145 0.123 0.112 0.121 0.130 0.138 0.148 0.158 0.128 0.000 0.000 0.000 0.000 0.000 0.000 0.000 0.000 0.000
0.000 0.000 0.000 0.001 0.003 0.005 0.006 0.007 0.008 0.009 0.010 0.011 0.011 0.012 0.013 0.014 0.014 0.015 0.016 0.018 0.019 0.021 0.022 0.024 0.025 0.025 0.022 0.018 0.014 0.010 0.001 0.158 0.156 0.152 0.149 0.146 0.144 0.142 0.000 0.000 0.000 0.000 0.216 0.270 0.326 0.382 0.437 0.434 0.410 0.387 0.362 0.339 0.000 0.000 0.000 0.000 0.209 0.186 0.162 0.137 0.114 0.116 0.125 0.133 0.141 0.151 0.161 0.000 0.000 0.000 0.000 0.000 0.000 0.000 0.000 0.000 0.000
0.000 0.000 0.000 0.001 0.003 0.005 0.006 0.007 0.008 0.009 0.010 0.011 0.011 0.012 0.013 0.014 0.014 0.015 0.016 0.017 0.018 0.020 0.021 0.022 0.022 0.022 0.020 0.018 0.015 0.012 0.009 0.001 0.000 0.172 0.169 0.167 0.166 0.000 0.000 0.000 0.000 0.000 0.000 0.313 0.368 0.392 0.414 0.000 0.000 0.377 0.354 0.330 0.307 0.282 0.000 0.000 0.201 0.177 0.153 0.128 0.109 0.119 0.127 0.135 0.144 0.153 0.164 0.000 0.000 0.000 0.000 0.000 0.000 0.000 0.000 0.000 0.000
0.000 0.000 0.000 0.001 0.003 0.005 0.006 0.007 0.008 0.009 0.010 0.011 0.011 0.012 0.013 0.013 0.014 0.015 0.016 0.017 0.018 0.019 0.019 0.020 0.020 0.020 0.018 0.017 0.015 0.013 0.011 0.008 0.006 0.001 0.189 0.185 0.000 0.000 0.000 0.000 0.000 0.000 0.000 0.326 0.347 0.369 0.390 0.000 0.000 0.000 0.000 0.322 0.298 0.273 0.246 0.219 0.192 0.167 0.144 0.118 0.111 0.121 0.129 0.138 0.147 0.156 0.167 0.000 0.000 0.000 0.000 0.000 0.000 0.000 0.000 0.000 0.000
0.000 0.000 0.000 0.001 0.003 0.005 0.006 0.007 0.008 0.009 0.010 0.011 0.011 0.012 0.013 0.013 0.014 0.015 0.015 0.016 0.017 0.017 0.018 0.018 0.018 0.018 0.017 0.016 0.014 0.013 0.011 0.009 0.008 0.005 0.000 0.200 0.192 0.000 0.000 0.000 0.000 0.000 0.000 0.302 0.325 0.346 0.368 0.381 0.000 0.000 0.000 0.000 0.000 0.262 0.237 0.209 0.183 0.158 0.128 0.108 0.113 0.123 0.131 0.141 0.150 0.160 0.000 0.000 0.000 0.000 0.000 0.000 0.000 0.000 0.000 0.000 0.000
0.000 0.000 0.000 0.001 0.003 0.005 0.006 0.007 0.008 0.009 0.010 0.010 0.011 0.012 0.012 0.013 0.014 0.014 0.015 0.015 0.016 0.016 0.017 0.017 0.017 0.017 0.016 0.015 0.014 0.013 0.011 0.010 0.009 0.007 0.005 0.000 0.207 0.204 0.000 0.000 0.000 0.000 0.000 0.000 0.302 0.000 0.000 0.360 0.346 0.000 0.000 0.000 0.000 0.000 0.000 0.195 0.171 0.146 0.122 0.108 0.117 0.125 0.134 0.144 0.154 0.162 0.000 0.000 0.000 0.000 0.000 0.000 0.000 0.000 0.000 0.000 0.000
0.000 0.000 0.000 0.001 0.003 0.005 0.006 0.007 0.008 0.009 0.010 0.010 0.011 0.011 0.012 0.013 0.013 0.014 0.014 0.015 0.015 0.016 0.016 0.016 0.016 0.016 0.015 0.014 0.013 0.012 0.011 0.010 0.009 0.008 0.006 0.004 0.001 0.221 0.238 0.000 0.000 0.000 0.000 0.000 0.000 0.000 0.000 0.000 0.326 0.000 0.000 0.000 0.000 0.000 0.207 0.183 0.160 0.136 0.114 0.110 0.117 0.126 0.136 0.145 0.156 0.166 0.000 0.000 0.000 0.000 0.000 0.000 0.000 0.000 0.000 0.000 0.000
0.000 0.000 0.000 0.001 0.003 0.005 0.006 0.007 0.008 0.009 0.009 0.010 0.011 0.011 0.012 0.012 0.013 0.013 0.014 0.014 0.014 0.015 0.015 0.015 0.015 0.015 0.014 0.013 0.013 0.012 0.011 0.010 0.009 0.008 0.007 0.006 0.004 0.000 0.210 0.226 0.000 0.000 0.000 0.000 0.000 0.000 0.000 0.000 0.305 0.000 0.000 0.000 0.000 0.000 0.197 0.174 0.151 0.127 0.103 0.111 0.121 0.130 0.139 0.147 0.156 0.000 0.000 0.000 0.000 0.000 0.000 0.000 0.000 0.000 0.000 0.000 0.000
0.000 0.000 0.000 0.001 0.003 0.005 0.006 0.007 0.008 0.008 0.009 0.010 0.010 0.011 0.011 0.012 0.012 0.013 0.013 0.013 0.014 0.014 0.014 0.014 0.014 0.014 0.013 0.013 0.012 0.012 0.011 0.010 0.009 0.008 0.007 0.006 0.005 0.003 0.001 0.196 0.212 0.000 0.000 0.000 0.000 0.000 0.000 0.290 0.285 0.000 0.000 0.000 0.000 0.207 0.186 0.164 0.140 0.116 0.104 0.112 0.122 0.132 0.140 0.148 0.156 0.163 0.173 0.000 0.000 0.000 0.000 0.000 0.000 0.000 0.000 0.000 0.000
0.000 0.000 0.000 0.000 0.002 0.004 0.005 0.006 0.007 0.008 0.009 0.009 0.010 0.010 0.011 0.011 0.012 0.012 0.013 0.013 0.013 0.013 0.013 0.013 0.013 0.013 0.013 0.012 0.012 0.011 0.010 0.010 0.009 0.008 0.007 0.006 0.005 0.003 0.001 0.000 0.181 0.195 0.000 0.000 0.000 0.000 0.000 0.000 0.000 0.000 0.000 0.000 0.000 0.187 0.175 0.154 0.131 0.106 0.106 0.115 0.125 0.134 0.143 0.151 0.159 0.167 0.176 0.183 0.192 0.000 0.000 0.000 0.000 0.000 0.000 0.000 0.000
0.000 0.000 0.000 0.000 0.001 0.003 0.004 0.005 0.006 0.007 0.008 0.009 0.009 0.010 0.010 0.011 0.011 0.012 0.012 0.012 0.012 0.013 0.013 0.013 0.013 0.012 0.012 0.012 0.011 0.011 0.010 0.009 0.009 0.008 0.007 0.006 0.005 0.003 0.001 0.000 0.000 0.163 0.174 0.192 0.000 0.000 0.000 0.000 0.000 0.000 0.000 0.000 0.178 0.165 0.155 0.140 0.121 0.100 0.109 0.118 0.127 0.135 0.146 0.155 0.162 0.170 0.179 0.187 0.195 0.203 0.213 0.000 0.000 0.000 0.000 0.000 0.000
0.000 0.000 0.000 0.000 0.000 0.002 0.003 0.004 0.005 0.006 0.007 0.008 0.009 0.009 0.010 0.010 0.011 0.011 0.011 0.012 0.012 0.012 0.012 0.012 0.012 0.012 0.011 0.011 0.011 0.010 0.010 0.009 0.008 0.008 0.007 0.006 0.005 0.003 0.001 0.000 0.000 0.000 0.147 0.165 0.183 0.000 0.000 0.000 0.000 0.000 0.000 0.000 0.157 0.146 0.134 0.121 0.109 0.102 0.111 0.120 0.129 0.139 0.149 0.157 0.166 0.174 0.183 0.190 0.198 0.207 0.215 0.223 0.174 0.000 0.000 0.000 0.000
0.000 0.000 0.000 0.000 0.000 0.000 0.002 0.003 0.004 0.005 0.006 0.007 0.008 0.009 0.009 0.010 0.010 0.011 0.011 0.011 0.011 0.011 0.011 0.011 0.011 0.011 0.011 0.011 0.010 0.010 0.009 0.009 0.008 0.007 0.006 0.005 0.004 0.002 0.000 0.000 0.000 0.000 0.000 0.138 0.155 0.173 0.000 0.000 0.000 0.000 0.000 0.152 0.137 0.127 0.112 0.101 0.098 0.102 0.113 0.122 0.133 0.143 0.153 0.161 0.170 0.000 0.000 0.000 0.201 0.210 0.218 0.226 0.218 0.132 0.065 0.000 0.000
0.000 0.000 0.000 0.000 0.000 0.000 0.000 0.002 0.003 0.004 0.005 0.006 0.007 0.008 0.009 0.009 0.010 0.010 0.010 0.010 0.011 0.011 0.011 0.011 0.011 0.010 0.010 0.010 0.010 0.009 0.009 0.008 0.007 0.006 0.005 0.004 0.003 0.001 0.000 0.000 0.000 0.000 0.000 0.000 0.127 0.145 0.163 0.000 0.000 0.000 0.000 0.131 0.119 0.106 0.097 0.098 0.097 0.100 0.111 0.120 0.130 0.141 0.151 0.160 0.170 0.000 0.000 0.000 0.000 0.000 0.220 0.229 0.238 0.176 0.135 0.096 0.000
0.000 0.000 0.000 0.000 0.000 0.000 0.000 0.000 0.002 0.003 0.004 0.005 0.006 0.007 0.008 0.009 0.009 0.009 0.010 0.010 0.010 0.010 0.010 0.010 0.010 0.010 0.010 0.009 0.009 0.009 0.008 0.007 0.006 0.005 0.004 0.003 0.002 0.000 0.000 0.000 0.000 0.000 0.000 0.000 0.104 0.119 0.135 0.152 0.000 0.136 0.124 0.111 0.099 0.097 0.097 0.098 0.097 0.098 0.108 0.117 0.127 0.138 0.149 0.158 0.000 0.000 0.000 0.000 0.000 0.000 0.000 0.229 0.239 0.244 0.206 0.167 0.000
0.000 0.000 0.000 0.000 0.000 0.000 0.000 0.000 0.000 0.002 0.003 0.004 0.005 0.006 0.007 0.008 0.008 0.009 0.009 0.009 0.009 0.009 0.009 0.009 0.009 0.009 0.009 0.009 0.008 0.008 0.007 0.006 0.005 0.004 0.003 0.002 0.000 0.000 0.000 0.000 0.000 0.000 0.000 0.000 0.000 0.094 0.109 0.123 0.135 0.118 0.104 0.098 0.098 0.097 0.097 0.097 0.098 0.097 0.106 0.115 0.126 0.136 0.147 0.000 0.000 0.000 0.000 0.000 0.000 0.000 0.000 0.000 0.000 0.250 0.246 0.236 0.195
0.000 0.000 0.000 0.000 0.000 0.000 0.000 0.000 0.000 0.000 0.002 0.003 0.004 0.005 0.006 0.007 0.008 0.008 0.008 0.008 0.008 0.008 0.008 0.008 0.008 0.008 0.008 0.008 0.008 0.007 0.006 0.005 0.004 0.003 0.002 0.000 0.000 0.000 0.000 0.000 0.000 0.000 0.000 0.000 0.000 0.000 0.083 0.097 0.110 0.100 0.097 0.096 0.096 0.096 0.095 0.096 0.096 0.096 0.103 0.114 0.124 0.134 0.146 0.000 0.000 0.000 0.000 0.000 0.000 0.000 0.000 0.000 0.000 0.000 0.000 0.244 0.239
0.000 0.000 0.000 0.000 0.000 0.000 0.000 0.000 0.000 0.000 0.000 0.002 0.003 0.004 0.005 0.006 0.007 0.007 0.007 0.007 0.007 0.007 0.007 0.007 0.007 0.007 0.007 0.007 0.007 0.006 0.005 0.004 0.003 0.002 0.000 0.000 0.000 0.000 0.000 0.000 0.000 0.000 0.000 0.000 0.000 0.000 0.000 0.072 0.087 0.098 0.096 0.095 0.094 0.094 0.094 0.094 0.094 0.095 0.100 0.111 0.121 0.131 0.000 0.000 0.000 0.000 0.000 0.000 0.000 0.000 0.000 0.000 0.000 0.000 0.000 0.000 0.000
0.000 0.000 0.000 0.000 0.000 0.000 0.000 0.000 0.000 0.000 0.000 0.000 0.002 0.003 0.004 0.005 0.006 0.006 0.006 0.006 0.006 0.006 0.006 0.006 0.006 0.006 0.006 0.006 0.006 0.005 0.004 0.003 0.002 0.000 0.000 0.000 0.000 0.000 0.000 0.000 0.000 0.000 0.000 0.000 0.000 0.000 0.000 0.000 0.064 0.079 0.094 0.093 0.093 0.093 0.092 0.092 0.093 0.093 0.097 0.108 0.118 0.128 0.000 0.000 0.000 0.000 0.000 0.000 0.000 0.000 0.000 0.000 0.000 0.000 0.000 0.000 0.000
0.000 0.000 0.000 0.000 0.000 0.000 0.000 0.000 0.000 0.000 0.000 0.000 0.000 0.002 0.003 0.004 0.005 0.005 0.005 0.005 0.005 0.005 0.005 0.005 0.005 0.005 0.005 0.005 0.005 0.004 0.003 0.002 0.000 0.000 0.000 0.000 0.000 0.000 0.000 0.000 0.000 0.000 0.000 0.000 0.000 0.000 0.000 0.000 0.000 0.026 0.075 0.092 0.092 0.091 0.091 0.091 0.091 0.091 0.093 0.104 0.115 0.000 0.000 0.000 0.000 0.000 0.000 0.000 0.000 0.000 0.000 0.000 0.000 0.000 0.000 0.000 0.000
0.000 0.000 0.000 0.000 0.000 0.000 0.000 0.000 0.000 0.000 0.000 0.000 0.000 0.000 0.001 0.002 0.003 0.003 0.003 0.003 0.003 0.003 0.003 0.003 0.003 0.003 0.003 0.003 0.003 0.002 0.001 0.000 0.000 0.000 0.000 0.000 0.000 0.000 0.000 0.000 0.000 0.000 0.000 0.000 0.000 0.000 0.000 0.000 0.000 0.000 0.055 0.076 0.090 0.090 0.088 0.088 0.087 0.088 0.090 0.101 0.113 0.000 0.000 0.000 0.000 0.000 0.000 0.000 0.000 0.000 0.000 0.000 0.000 0.000 0.000 0.000 0.000
0.000 0.000 0.000 0.000 0.000 0.000 0.000 0.000 0.000 0.000 0.000 0.000 0.000 0.000 0.000 0.000 0.001 0.001 0.001 0.001 0.001 0.001 0.001 0.001 0.001 0.001 0.001 0.001 0.001 0.000 0.000 0.000 0.000 0.000 0.000 0.000 0.000 0.000 0.000 0.000 0.000 0.000 0.000 0.000 0.000 0.000 0.000 0.000 0.000 0.000 0.035 0.055 0.075 0.087 0.085 0.083 0.080 0.082 0.085 0.097 0.000 0.000 0.000 0.000 0.000 0.000 0.000 0.000 0.000 0.000 0.000 0.000 0.000 0.000 0.000 0.000 0.000
0.000 0.000 0.000 0.000 0.000 0.000 0.000 0.000 0.000 0.000 0.000 0.000 0.000 0.000 0.000 0.000 0.000 0.000 0.000 0.000 0.000 0.000 0.000 0.000 0.000 0.000 0.000 0.000 0.000 0.000 0.000 0.000 0.000 0.000 0.000 0.000 0.000 0.000 0.000 0.000 0.000 0.000 0.000 0.000 0.000 0.000 0.000 0.000 0.000 0.000 0.000 0.033 0.052 0.070 0.081 0.075 0.059 0.071 0.074 0.000 0.000 0.000 0.000 0.000 0.000 0.000 0.000 0.000 0.000 0.000 0.000 0.000 0.000 0.000 0.000 0.000 0.000
0.000 0.000 0.000 0.000 0.000 0.000 0.000 0.000 0.000 0.000 0.000 0.000 0.000 0.000 0.000 0.000 0.000 0.000 0.000 0.000 0.000 0.000 0.000 0.000 0.000 0.000 0.000 0.000 0.000 0.000 0.000 0.000 0.000 0.000 0.000 0.000 0.000 0.000 0.000 0.000 0.000 0.000 0.000 0.000 0.000 0.000 0.000 0.000 0.000 0.000 0.000 0.011 0.030 0.047 0.063 0.071 0.066 0.066 0.066 0.065 0.000 0.000 0.000 0.000 0.000 0.000 0.000 0.000 0.000 0.000 0.000 0.000 0.000 0.000 0.000 0.000 0.000
0.000 0.000 0.000 0.000 0.000 0.000 0.000 0.000 0.000 0.000 0.000 0.000 0.000 0.000 0.000 0.000 0.000 0.000 0.000 0.000 0.000 0.000 0.000 0.000 0.000 0.000 0.000 0.000 0.000 0.000 0.000 0.000 0.000 0.000 0.000 0.000 0.000 0.000 0.000 0.000 0.000 0.000 0.000 0.000 0.000 0.000 0.000 0.000 0.000 0.000 0.000 0.001 0.008 0.023 0.039 0.055 0.065 0.064 0.061 0.058 0.062 0.000 0.000 0.000 0.000 0.000 0.000 0.000 0.000 0.000 0.000 0.000 0.000 0.000 0.000 0.000 0.000
0.000 0.000 0.000 0.000 0.000 0.000 0.000 0.000 0.000 0.000 0.000 0.000 0.000 0.000 0.000 0.000 0.000 0.000 0.000 0.000 0.000 0.000 0.000 0.000 0.000 0.000 0.000 0.000 0.000 0.000 0.000 0.000 0.000 0.000 0.000 0.000 0.000 0.000 0.000 0.000 0.000 0.000 0.000 0.000 0.000 0.000 0.000 0.000 0.000 0.000 0.000 0.001 0.001 0.004 0.016 0.033 0.050 0.061 0.057 0.052 0.053 0.049 0.051 0.000 0.000 0.000 0.000 0.000 0.000 0.000 0.000 0.000 0.000 0.000 0.000 0.000 0.000
0.000 0.000 0.000 0.000 0.000 0.000 0.000 0.000 0.000 0.000 0.000 0.000 0.000 0.000 0.000 0.000 0.000 0.000 0.000 0.000 0.000 0.000 0.000 0.000 0.000 0.000 0.000 0.000 0.000 0.000 0.000 0.000 0.000 0.000 0.000 0.000 0.000 0.000 0.000 0.000 0.000 0.000 0.000 0.000 0.000 0.000 0.000 0.000 0.000 0.000 0.000 0.000 0.001 0.001 0.002 0.011 0.028 0.045 0.053 0.047 0.045 0.042 0.044 0.048 0.000 0.000 0.000 0.000 0.000 0.000 0.000 0.000 0.000 0.000 0.000 0.000 0.000
0.000 0.000 0.000 0.000 0.000 0.000 0.000 0.000 0.000 0.000 0.000 0.000 0.000 0.000 0.000 0.000 0.000 0.000 0.000 0.000 0.000 0.000 0.000 0.000 0.000 0.000 0.000 0.000 0.000 0.000 0.000 0.000 0.000 0.000 0.000 0.000 0.000 0.000 0.000 0.000 0.000 0.000 0.000 0.000 0.000 0.000 0.000 0.000 0.000 0.000 0.000 0.000 0.001 0.001 0.001 0.001 0.007 0.022 0.037 0.041 0.036 0.035 0.038 0.042 0.044 0.000 0.000 0.000 0.000 0.000 0.000 0.000 0.000 0.000 0.000 0.000 0.000
