数据/150y_3h/150y_3h_res_2/150y_3h_207-0001.wd
ncols         694
nrows         824
xllcorner     581104.939801
yllcorner     3495917.092414
cellsize      2.000000
NODATA_value  -9999.000000
[rows 442 to 475 of 824, columns 385 to 461 of 694]
0.000 0.000 0.000 0.043 0.039 0.033 0.027 0.021 0.016 0.010 0.006 0.003 0.002 0.002 0.002 0.002 0.002 0.002 0.002 0.002 0.002 0.004 0.011 0.019 0.028 0.037 0.046 0.055 0.063 0.072 0.075 0.075 0.075 0.076 0.000 0.000 0.000 0.000 0.000 0.000 0.000 0.000 0.000 0.000 0.000 0.000 0.000 0.000 0.000 0.000 0.000 0.000 0.000 0.000 0.000 0.009 0.017 0.024 0.031 0.038 0.045 0.052 0.059 0.066 0.073 0.080 0.087 0.094 0.101 0.108 0.000 0.000 0.000 0.000 0.000 0.000 0.000
0.000 0.000 0.000 0.000 0.000 0.043 0.038 0.032 0.026 0.020 0.015 0.010 0.006 0.003 0.003 0.003 0.002 0.002 0.002 0.002 0.002 0.004 0.011 0.020 0.029 0.038 0.047 0.056 0.065 0.074 0.074 0.074 0.074 0.075 0.000 0.000 0.000 0.000 0.000 0.000 0.000 0.000 0.000 0.000 0.000 0.000 0.000 0.000 0.000 0.000 0.000 0.000 0.000 0.005 0.014 0.022 0.029 0.036 0.044 0.051 0.057 0.064 0.072 0.079 0.086 0.092 0.100 0.107 0.114 0.121 0.128 0.130 0.000 0.000 0.000 0.000 0.000
0.000 0.000 0.000 0.000 0.000 0.000 0.000 0.042 0.036 0.031 0.026 0.020 0.015 0.010 0.006 0.004 0.003 0.003 0.003 0.003 0.003 0.004 0.010 0.020 0.029 0.039 0.049 0.058 0.068 0.075 0.074 0.072 0.072 0.000 0.000 0.000 0.000 0.000 0.000 0.000 0.000 0.000 0.000 0.000 0.000 0.000 0.000 0.000 0.000 0.000 0.000 0.000 0.007 0.019 0.027 0.035 0.042 0.049 0.056 0.063 0.070 0.077 0.084 0.092 0.098 0.105 0.113 0.120 0.127 0.134 0.141 0.137 0.132 0.127 0.124 0.000 0.000
0.000 0.000 0.000 0.000 0.000 0.000 0.000 0.000 0.044 0.041 0.036 0.031 0.026 0.021 0.015 0.011 0.007 0.005 0.005 0.005 0.006 0.006 0.008 0.018 0.028 0.038 0.049 0.060 0.076 0.074 0.072 0.070 0.070 0.000 0.000 0.000 0.000 0.000 0.000 0.000 0.000 0.000 0.000 0.000 0.000 0.000 0.000 0.000 0.000 0.000 0.000 0.000 0.007 0.000 0.000 0.000 0.000 0.062 0.000 0.000 0.083 0.090 0.097 0.105 0.111 0.119 0.126 0.133 0.140 0.147 0.149 0.145 0.140 0.136 0.130 0.125 0.121
0.000 0.000 0.000 0.000 0.000 0.000 0.000 0.000 0.000 0.000 0.042 0.039 0.036 0.031 0.026 0.021 0.016 0.011 0.008 0.007 0.008 0.009 0.011 0.015 0.026 0.036 0.047 0.057 0.067 0.069 0.068 0.066 0.065 0.000 0.000 0.000 0.000 0.000 0.000 0.000 0.000 0.000 0.000 0.000 0.000 0.000 0.000 0.000 0.000 0.000 0.000 0.000 0.012 0.000 0.000 0.000 0.000 0.000 0.000 0.000 0.000 0.000 0.000 0.000 0.124 0.132 0.139 0.146 0.153 0.160 0.157 0.152 0.147 0.143 0.138 0.133 0.128
0.000 0.000 0.000 0.000 0.000 0.000 0.000 0.000 0.000 0.000 0.000 0.043 0.041 0.038 0.036 0.031 0.026 0.020 0.015 0.012 0.011 0.012 0.013 0.015 0.022 0.033 0.043 0.053 0.062 0.064 0.062 0.060 0.055 0.045 0.038 0.033 0.000 0.000 0.000 0.000 0.000 0.000 0.000 0.000 0.000 0.000 0.000 0.000 0.000 0.000 0.000 0.000 0.000 0.000 0.000 0.000 0.000 0.000 0.000 0.000 0.000 0.000 0.000 0.000 0.000 0.000 0.000 0.000 0.166 0.169 0.164 0.160 0.155 0.150 0.146 0.140 0.136
0.000 0.000 0.000 0.000 0.000 0.000 0.000 0.000 0.000 0.000 0.000 0.000 0.000 0.042 0.040 0.036 0.033 0.030 0.025 0.020 0.016 0.015 0.015 0.017 0.019 0.028 0.039 0.048 0.057 0.057 0.056 0.053 0.048 0.041 0.033 0.027 0.020 0.016 0.013 0.013 0.000 0.000 0.000 0.000 0.000 0.000 0.000 0.000 0.000 0.000 0.000 0.000 0.000 0.000 0.000 0.000 0.000 0.000 0.000 0.000 0.000 0.000 0.000 0.000 0.000 0.000 0.000 0.000 0.000 0.000 0.000 0.167 0.162 0.158 0.153 0.148 0.143
0.000 0.000 0.000 0.000 0.000 0.000 0.000 0.000 0.000 0.000 0.000 0.000 0.000 0.000 0.000 0.040 0.037 0.034 0.030 0.027 0.023 0.020 0.018 0.019 0.020 0.022 0.034 0.043 0.052 0.051 0.049 0.045 0.040 0.033 0.030 0.027 0.023 0.019 0.017 0.015 0.011 0.009 0.009 0.000 0.000 0.000 0.000 0.000 0.000 0.000 0.000 0.000 0.000 0.000 0.000 0.000 0.000 0.000 0.000 0.000 0.000 0.000 0.000 0.000 0.000 0.000 0.000 0.000 0.000 0.000 0.000 0.000 0.000 0.000 0.000 0.155 0.151
0.000 0.000 0.000 0.000 0.000 0.000 0.000 0.000 0.000 0.000 0.000 0.000 0.000 0.000 0.000 0.000 0.040 0.037 0.032 0.029 0.026 0.024 0.023 0.021 0.021 0.023 0.026 0.037 0.045 0.043 0.041 0.036 0.034 0.032 0.030 0.027 0.024 0.022 0.019 0.017 0.014 0.012 0.010 0.008 0.006 0.005 0.005 0.000 0.000 0.000 0.000 0.000 0.000 0.000 0.000 0.000 0.000 0.000 0.000 0.000 0.000 0.000 0.000 0.000 0.000 0.000 0.000 0.000 0.000 0.000 0.000 0.000 0.000 0.000 0.000 0.000 0.000
0.000 0.000 0.000 0.000 0.000 0.000 0.000 0.000 0.000 0.000 0.000 0.000 0.000 0.000 0.000 0.000 0.000 0.000 0.031 0.029 0.026 0.024 0.022 0.019 0.022 0.024 0.025 0.030 0.036 0.034 0.034 0.033 0.033 0.031 0.030 0.028 0.025 0.023 0.021 0.019 0.017 0.015 0.013 0.011 0.009 0.007 0.006 0.004 0.003 0.002 0.002 0.002 0.002 0.002 0.001 0.000 0.000 0.000 0.000 0.000 0.000 0.000 0.000 0.000 0.000 0.000 0.000 0.000 0.000 0.000 0.000 0.000 0.000 0.000 0.000 0.000 0.000
0.000 0.000 0.000 0.000 0.000 0.000 0.000 0.000 0.000 0.000 0.000 0.000 0.000 0.000 0.000 0.000 0.000 0.000 0.030 0.028 0.026 0.023 0.019 0.000 0.018 0.021 0.023 0.024 0.028 0.030 0.031 0.032 0.031 0.031 0.030 0.028 0.027 0.025 0.023 0.021 0.019 0.017 0.015 0.013 0.011 0.009 0.008 0.006 0.005 0.004 0.003 0.003 0.003 0.002 0.002 0.002 0.002 0.001 0.000 0.000 0.000 0.000 0.000 0.000 0.000 0.000 0.000 0.000 0.000 0.000 0.000 0.000 0.000 0.000 0.000 0.000 0.000
0.000 0.000 0.000 0.000 0.000 0.000 0.000 0.000 0.000 0.000 0.000 0.000 0.000 0.000 0.000 0.000 0.000 0.000 0.030 0.028 0.026 0.023 0.019 0.016 0.017 0.018 0.019 0.019 0.023 0.026 0.029 0.030 0.031 0.031 0.030 0.030 0.028 0.027 0.026 0.024 0.022 0.020 0.018 0.016 0.014 0.012 0.009 0.007 0.006 0.006 0.005 0.004 0.004 0.003 0.003 0.003 0.003 0.002 0.002 0.002 0.001 0.000 0.000 0.000 0.000 0.000 0.000 0.000 0.000 0.000 0.000 0.000 0.000 0.000 0.000 0.000 0.000
0.000 0.000 0.000 0.000 0.000 0.000 0.000 0.000 0.000 0.000 0.000 0.000 0.000 0.000 0.000 0.000 0.000 0.000 0.029 0.027 0.025 0.023 0.021 0.018 0.017 0.017 0.016 0.015 0.019 0.022 0.025 0.027 0.029 0.030 0.030 0.031 0.031 0.030 0.028 0.027 0.025 0.023 0.021 0.019 0.017 0.015 0.013 0.011 0.009 0.008 0.007 0.006 0.006 0.005 0.004 0.004 0.004 0.003 0.003 0.003 0.002 0.002 0.002 0.001 0.000 0.000 0.000 0.000 0.000 0.000 0.000 0.000 0.000 0.000 0.000 0.000 0.000
0.000 0.000 0.000 0.000 0.000 0.000 0.000 0.000 0.000 0.000 0.000 0.000 0.000 0.000 0.000 0.000 0.000 0.025 0.026 0.026 0.025 0.023 0.021 0.019 0.018 0.016 0.014 0.014 0.016 0.019 0.022 0.025 0.027 0.028 0.029 0.030 0.030 0.030 0.029 0.029 0.028 0.027 0.025 0.023 0.021 0.019 0.017 0.015 0.014 0.012 0.011 0.009 0.008 0.008 0.007 0.006 0.005 0.005 0.004 0.004 0.004 0.003 0.003 0.003 0.003 0.005 0.002 0.001 0.000 0.000 0.000 0.000 0.000 0.000 0.000 0.000 0.000
0.000 0.000 0.000 0.000 0.000 0.000 0.000 0.000 0.000 0.000 0.000 0.000 0.000 0.000 0.000 0.000 0.000 0.027 0.026 0.025 0.024 0.023 0.021 0.020 0.018 0.016 0.012 0.013 0.015 0.018 0.021 0.023 0.025 0.027 0.028 0.029 0.029 0.030 0.030 0.029 0.029 0.028 0.027 0.026 0.025 0.024 0.023 0.021 0.019 0.017 0.016 0.014 0.013 0.012 0.010 0.009 0.009 0.008 0.007 0.007 0.007 0.007 0.007 0.008 0.011 0.010 0.005 0.002 0.002 0.000 0.000 0.000 0.000 0.000 0.000 0.000 0.000
0.000 0.000 0.000 0.000 0.000 0.000 0.000 0.000 0.000 0.000 0.000 0.000 0.000 0.000 0.000 0.000 0.000 0.028 0.026 0.025 0.024 0.023 0.021 0.020 0.018 0.015 0.011 0.012 0.014 0.017 0.020 0.022 0.024 0.026 0.027 0.028 0.029 0.030 0.030 0.030 0.030 0.029 0.029 0.028 0.027 0.026 0.025 0.024 0.023 0.022 0.021 0.020 0.019 0.017 0.016 0.015 0.014 0.014 0.013 0.014 0.014 0.015 0.016 0.019 0.023 0.017 0.010 0.003 0.002 0.000 0.000 0.000 0.000 0.000 0.000 0.000 0.000
0.000 0.000 0.000 0.000 0.000 0.000 0.000 0.000 0.000 0.000 0.000 0.000 0.000 0.000 0.000 0.000 0.000 0.028 0.027 0.026 0.024 0.023 0.021 0.019 0.017 0.013 0.011 0.012 0.014 0.017 0.019 0.021 0.023 0.025 0.027 0.028 0.029 0.030 0.031 0.031 0.031 0.031 0.031 0.031 0.030 0.029 0.028 0.027 0.027 0.026 0.025 0.024 0.023 0.023 0.023 0.023 0.023 0.023 0.023 0.024 0.026 0.027 0.029 0.032 0.030 0.023 0.012 0.003 0.001 0.000 0.000 0.000 0.000 0.000 0.000 0.000 0.000
0.000 0.000 0.000 0.000 0.000 0.000 0.000 0.000 0.000 0.000 0.000 0.000 0.000 0.000 0.000 0.000 0.027 0.027 0.027 0.026 0.024 0.023 0.021 0.019 0.016 0.012 0.011 0.012 0.014 0.016 0.018 0.020 0.022 0.024 0.026 0.028 0.030 0.032 0.033 0.034 0.034 0.034 0.034 0.033 0.033 0.032 0.031 0.031 0.030 0.029 0.028 0.028 0.027 0.027 0.028 0.028 0.029 0.031 0.033 0.036 0.039 0.041 0.042 0.045 0.035 0.023 0.011 0.007 0.005 0.003 0.002 0.002 0.000 0.000 0.000 0.000 0.000
0.000 0.000 0.000 0.000 0.000 0.000 0.000 0.000 0.000 0.000 0.000 0.000 0.000 0.000 0.000 0.000 0.030 0.029 0.028 0.027 0.025 0.023 0.021 0.019 0.016 0.011 0.012 0.013 0.014 0.016 0.018 0.020 0.022 0.024 0.027 0.030 0.033 0.036 0.037 0.037 0.037 0.037 0.037 0.037 0.036 0.036 0.035 0.034 0.033 0.033 0.032 0.032 0.032 0.032 0.033 0.034 0.036 0.038 0.041 0.044 0.047 0.050 0.052 0.052 0.057 0.050 0.041 0.033 0.025 0.019 0.014 0.010 0.006 0.004 0.003 0.002 0.000
0.000 0.000 0.000 0.000 0.000 0.000 0.000 0.000 0.000 0.000 0.000 0.000 0.000 0.000 0.000 0.000 0.033 0.032 0.030 0.028 0.026 0.024 0.022 0.019 0.015 0.012 0.012 0.013 0.014 0.016 0.017 0.020 0.022 0.025 0.029 0.034 0.038 0.042 0.042 0.042 0.041 0.041 0.041 0.041 0.040 0.039 0.039 0.038 0.037 0.037 0.037 0.037 0.037 0.038 0.039 0.041 0.043 0.046 0.049 0.053 0.056 0.054 0.050 0.046 0.050 0.054 0.056 0.059 0.060 0.051 0.042 0.034 0.026 0.020 0.014 0.010 0.007
0.143 0.139 0.137 0.000 0.000 0.000 0.000 0.000 0.000 0.000 0.000 0.000 0.000 0.000 0.000 0.038 0.037 0.035 0.033 0.031 0.028 0.025 0.023 0.019 0.015 0.013 0.013 0.013 0.014 0.016 0.018 0.020 0.024 0.029 0.034 0.040 0.046 0.050 0.049 0.046 0.046 0.046 0.046 0.045 0.044 0.043 0.043 0.042 0.042 0.042 0.041 0.042 0.042 0.044 0.046 0.048 0.051 0.054 0.058 0.057 0.055 0.051 0.047 0.042 0.044 0.047 0.050 0.052 0.055 0.058 0.061 0.063 0.061 0.051 0.042 0.033 0.026
0.147 0.144 0.140 0.135 0.131 0.128 0.000 0.000 0.000 0.000 0.000 0.000 0.000 0.000 0.000 0.043 0.041 0.039 0.036 0.033 0.030 0.027 0.024 0.020 0.014 0.013 0.014 0.014 0.015 0.016 0.019 0.023 0.028 0.034 0.041 0.048 0.055 0.061 0.000 0.047 0.051 0.052 0.052 0.048 0.048 0.048 0.047 0.046 0.046 0.047 0.047 0.047 0.048 0.050 0.053 0.056 0.059 0.060 0.058 0.055 0.052 0.049 0.045 0.039 0.040 0.041 0.043 0.045 0.048 0.051 0.053 0.056 0.059 0.061 0.063 0.066 0.060
0.151 0.148 0.144 0.139 0.135 0.131 0.125 0.120 0.116 0.114 0.000 0.000 0.000 0.000 0.000 0.048 0.046 0.043 0.039 0.036 0.032 0.028 0.024 0.020 0.015 0.014 0.014 0.015 0.016 0.018 0.021 0.027 0.033 0.041 0.049 0.056 0.063 0.000 0.000 0.000 0.000 0.000 0.000 0.049 0.053 0.053 0.050 0.051 0.052 0.052 0.052 0.053 0.055 0.057 0.060 0.062 0.060 0.057 0.055 0.052 0.049 0.046 0.042 0.037 0.036 0.036 0.038 0.039 0.041 0.044 0.046 0.048 0.051 0.053 0.056 0.058 0.061
0.000 0.000 0.000 0.142 0.139 0.135 0.129 0.125 0.121 0.116 0.109 0.103 0.100 0.000 0.000 0.054 0.051 0.047 0.042 0.038 0.034 0.030 0.025 0.020 0.016 0.015 0.015 0.016 0.017 0.020 0.026 0.032 0.040 0.048 0.057 0.000 0.000 0.000 0.000 0.000 0.000 0.000 0.000 0.000 0.000 0.000 0.052 0.056 0.058 0.058 0.056 0.058 0.062 0.065 0.062 0.059 0.056 0.054 0.052 0.049 0.046 0.043 0.039 0.034 0.032 0.032 0.033 0.034 0.035 0.037 0.039 0.041 0.044 0.046 0.048 0.050 0.053
0.000 0.000 0.000 0.000 0.000 0.000 0.132 0.129 0.125 0.120 0.112 0.107 0.101 0.090 0.078 0.064 0.056 0.050 0.045 0.040 0.035 0.030 0.025 0.019 0.017 0.016 0.016 0.017 0.019 0.024 0.031 0.039 0.048 0.056 0.000 0.000 0.000 0.000 0.000 0.000 0.000 0.000 0.000 0.000 0.000 0.000 0.000 0.000 0.000 0.000 0.059 0.065 0.064 0.061 0.057 0.055 0.053 0.050 0.048 0.046 0.043 0.040 0.036 0.031 0.028 0.028 0.028 0.029 0.030 0.031 0.033 0.035 0.037 0.039 0.041 0.043 0.045
0.000 0.000 0.000 0.000 0.000 0.000 0.000 0.000 0.000 0.000 0.114 0.111 0.104 0.094 0.079 0.067 0.058 0.051 0.046 0.040 0.035 0.030 0.025 0.018 0.017 0.016 0.017 0.018 0.023 0.029 0.037 0.046 0.055 0.000 0.000 0.000 0.000 0.000 0.000 0.000 0.000 0.000 0.000 0.000 0.000 0.000 0.000 0.000 0.000 0.000 0.000 0.000 0.000 0.000 0.051 0.050 0.049 0.046 0.044 0.042 0.039 0.036 0.033 0.028 0.025 0.024 0.024 0.024 0.025 0.026 0.027 0.028 0.030 0.031 0.033 0.035 0.038
0.000 0.000 0.000 0.000 0.000 0.000 0.000 0.000 0.000 0.000 0.000 0.000 0.000 0.000 0.076 0.065 0.057 0.051 0.045 0.040 0.035 0.030 0.023 0.018 0.017 0.017 0.018 0.021 0.027 0.034 0.043 0.051 0.000 0.000 0.000 0.000 0.000 0.000 0.000 0.000 0.000 0.000 0.000 0.000 0.000 0.000 0.000 0.000 0.000 0.000 0.000 0.000 0.000 0.000 0.000 0.000 0.000 0.040 0.039 0.038 0.036 0.032 0.029 0.025 0.021 0.020 0.020 0.020 0.020 0.020 0.021 0.022 0.023 0.025 0.026 0.028 0.030
0.000 0.000 0.000 0.000 0.000 0.000 0.000 0.000 0.000 0.000 0.000 0.000 0.000 0.000 0.000 0.057 0.053 0.048 0.043 0.039 0.034 0.028 0.022 0.018 0.017 0.018 0.020 0.025 0.032 0.040 0.048 0.057 0.000 0.000 0.000 0.000 0.000 0.000 0.000 0.000 0.000 0.000 0.000 0.000 0.000 0.000 0.000 0.000 0.000 0.000 0.000 0.000 0.000 0.000 0.000 0.000 0.000 0.000 0.000 0.000 0.000 0.025 0.024 0.021 0.016 0.015 0.015 0.015 0.015 0.015 0.015 0.016 0.017 0.018 0.019 0.021 0.023
0.000 0.000 0.000 0.000 0.000 0.000 0.000 0.000 0.000 0.000 0.000 0.000 0.000 0.000 0.045 0.049 0.048 0.045 0.041 0.037 0.032 0.026 0.020 0.018 0.018 0.019 0.024 0.030 0.038 0.046 0.055 0.063 0.000 0.000 0.000 0.000 0.000 0.000 0.000 0.000 0.000 0.000 0.000 0.000 0.000 0.000 0.000 0.000 0.000 0.000 0.000 0.000 0.000 0.000 0.000 0.000 0.000 0.000 0.000 0.000 0.000 0.000 0.000 0.000 0.006 0.007 0.008 0.008 0.009 0.009 0.009 0.010 0.011 0.011 0.013 0.014 0.015
0.000 0.000 0.000 0.000 0.000 0.000 0.000 0.000 0.000 0.000 0.000 0.000 0.000 0.000 0.045 0.045 0.044 0.042 0.039 0.035 0.030 0.024 0.019 0.018 0.019 0.022 0.028 0.036 0.044 0.052 0.061 0.071 0.000 0.000 0.000 0.000 0.000 0.000 0.000 0.000 0.000 0.000 0.000 0.000 0.000 0.000 0.000 0.000 0.000 0.000 0.000 0.000 0.000 0.000 0.000 0.000 0.000 0.000 0.000 0.000 0.000 0.000 0.000 0.000 0.000 0.000 0.000 0.000 0.002 0.003 0.003 0.004 0.004 0.005 0.006 0.007 0.008
0.000 0.000 0.000 0.000 0.000 0.000 0.000 0.000 0.000 0.000 0.000 0.000 0.000 0.000 0.044 0.043 0.041 0.039 0.036 0.032 0.028 0.022 0.019 0.019 0.022 0.027 0.033 0.041 0.050 0.058 0.067 0.000 0.000 0.000 0.000 0.000 0.000 0.000 0.000 0.000 0.000 0.000 0.000 0.000 0.000 0.000 0.000 0.000 0.000 0.000 0.000 0.000 0.000 0.000 0.000 0.000 0.000 0.000 0.000 0.000 0.000 0.000 0.000 0.000 0.000 0.000 0.000 0.000 0.000 0.000 0.000 0.001 0.001 0.001 0.001 0.001 0.002
0.000 0.000 0.000 0.000 0.000 0.000 0.000 0.000 0.000 0.000 0.000 0.000 0.000 0.000 0.041 0.040 0.039 0.037 0.034 0.030 0.026 0.020 0.019 0.021 0.025 0.031 0.039 0.047 0.055 0.064 0.073 0.000 0.000 0.000 0.000 0.000 0.000 0.000 0.000 0.000 0.000 0.000 0.000 0.000 0.000 0.000 0.000 0.000 0.000 0.000 0.000 0.000 0.000 0.000 0.000 0.000 0.000 0.000 0.000 0.000 0.000 0.000 0.000 0.000 0.000 0.000 0.000 0.000 0.000 0.000 0.000 0.000 0.000 0.000 0.000 0.001 0.001
0.000 0.000 0.000 0.000 0.000 0.000 0.000 0.000 0.000 0.000 0.000 0.000 0.000 0.035 0.037 0.037 0.036 0.034 0.032 0.028 0.024 0.019 0.020 0.024 0.029 0.037 0.044 0.053 0.061 0.070 0.080 0.000 0.000 0.000 0.000 0.000 0.000 0.000 0.000 0.000 0.000 0.000 0.000 0.000 0.000 0.000 0.000 0.000 0.000 0.000 0.000 0.000 0.000 0.000 0.000 0.000 0.000 0.000 0.000 0.000 0.000 0.000 0.000 0.000 0.000 0.000 0.000 0.000 0.000 0.000 0.000 0.000 0.000 0.000 0.000 0.000 0.000
0.000 0.000 0.000 0.000 0.000 0.000 0.000 0.000 0.000 0.000 0.000 0.000 0.000 0.036 0.036 0.036 0.034 0.033 0.030 0.027 0.022 0.020 0.023 0.028 0.034 0.042 0.050 0.059 0.067 0.076 0.000 0.000 0.000 0.000 0.000 0.000 0.000 0.000 0.000 0.000 0.000 0.000 0.000 0.000 0.000 0.000 0.000 0.000 0.000 0.000 0.000 0.000 0.000 0.000 0.000 0.000 0.000 0.000 0.000 0.000 0.000 0.000 0.000 0.000 0.000 0.000 0.000 0.000 0.000 0.000 0.000 0.000 0.000 0.000 0.000 0.000 0.000
