数据/150y_3h/150y_3h_res_2/150y_3h_196-0001.wd
ncols         694
nrows         824
xllcorner     581104.939801
yllcorner     3495917.092414
cellsize      2.000000
NODATA_value  -9999.000000
[rows 306 to 339 of 824, columns 462 to 538 of 694]
0.080 0.078 0.076 0.074 0.073 0.073 0.073 0.074 0.069 0.062 0.055 0.047 0.041 0.034 0.027 0.021 0.014 0.000 0.005 0.005 0.004 0.004 0.004 0.005 0.008 0.013 0.018 0.021 0.023 0.024 0.023 0.022 0.019 0.016 0.013 0.011 0.008 0.007 0.007 0.000 0.000 0.000 0.000 0.000 0.000 0.000 0.000 0.000 0.000 0.000 0.000 0.000 0.000 0.000 0.028 0.029 0.030 0.035 0.000 0.003 0.004 0.004 0.005 0.006 0.016 0.046 0.000 0.000 0.000 0.000 0.010 0.022 0.034 0.047 0.060 0.060 0.055
0.105 0.089 0.082 0.079 0.079 0.079 0.079 0.080 0.081 0.078 0.070 0.063 0.055 0.048 0.040 0.032 0.024 0.018 0.014 0.011 0.008 0.007 0.006 0.006 0.009 0.013 0.017 0.020 0.023 0.023 0.023 0.022 0.020 0.017 0.015 0.012 0.010 0.011 0.020 0.000 0.000 0.000 0.000 0.000 0.000 0.000 0.000 0.000 0.000 0.000 0.000 0.000 0.000 0.000 0.000 0.000 0.000 0.029 0.028 0.022 0.019 0.017 0.015 0.016 0.026 0.000 0.000 0.000 0.000 0.000 0.027 0.041 0.053 0.055 0.052 0.050 0.048
0.089 0.086 0.084 0.084 0.084 0.085 0.086 0.087 0.088 0.088 0.087 0.079 0.071 0.063 0.055 0.045 0.036 0.029 0.023 0.018 0.014 0.011 0.009 0.008 0.009 0.013 0.017 0.020 0.022 0.023 0.023 0.022 0.020 0.018 0.016 0.013 0.012 0.013 0.000 0.000 0.000 0.000 0.000 0.000 0.000 0.000 0.000 0.000 0.000 0.000 0.000 0.000 0.000 0.000 0.000 0.000 0.000 0.000 0.000 0.017 0.020 0.021 0.018 0.019 0.030 0.000 0.000 0.000 0.000 0.034 0.047 0.051 0.048 0.045 0.043 0.041 0.041
0.084 0.086 0.087 0.089 0.091 0.093 0.094 0.095 0.095 0.095 0.095 0.097 0.089 0.080 0.069 0.058 0.049 0.041 0.033 0.027 0.021 0.017 0.014 0.011 0.011 0.012 0.016 0.019 0.021 0.022 0.022 0.022 0.020 0.018 0.016 0.014 0.013 0.012 0.007 0.004 0.003 0.000 0.000 0.000 0.000 0.000 0.000 0.000 0.000 0.000 0.000 0.000 0.000 0.000 0.000 0.000 0.000 0.000 0.000 0.000 0.000 0.000 0.015 0.021 0.027 0.035 0.000 0.000 0.000 0.046 0.045 0.043 0.041 0.038 0.036 0.035 0.034
0.085 0.089 0.093 0.096 0.099 0.102 0.103 0.104 0.104 0.101 0.103 0.105 0.105 0.097 0.084 0.071 0.061 0.051 0.043 0.035 0.029 0.023 0.019 0.015 0.013 0.013 0.016 0.019 0.021 0.022 0.022 0.021 0.020 0.019 0.017 0.015 0.014 0.012 0.009 0.006 0.005 0.003 0.002 0.000 0.000 0.000 0.000 0.000 0.000 0.000 0.000 0.000 0.000 0.000 0.000 0.000 0.000 0.000 0.000 0.000 0.000 0.000 0.000 0.000 0.025 0.036 0.044 0.056 0.056 0.047 0.042 0.038 0.035 0.033 0.031 0.030 0.032
0.090 0.096 0.101 0.105 0.109 0.111 0.114 0.115 0.113 0.104 0.112 0.114 0.114 0.111 0.096 0.082 0.070 0.060 0.051 0.042 0.035 0.029 0.024 0.020 0.017 0.016 0.017 0.019 0.021 0.022 0.022 0.022 0.021 0.019 0.018 0.016 0.014 0.012 0.010 0.008 0.006 0.004 0.003 0.002 0.002 0.003 0.000 0.000 0.000 0.000 0.000 0.000 0.000 0.000 0.000 0.000 0.000 0.000 0.000 0.000 0.000 0.000 0.000 0.000 0.000 0.000 0.000 0.039 0.042 0.040 0.036 0.033 0.031 0.028 0.027 0.026 0.024
0.099 0.105 0.110 0.115 0.119 0.123 0.125 0.127 0.127 0.124 0.125 0.126 0.117 0.101 0.096 0.088 0.076 0.065 0.056 0.048 0.041 0.035 0.030 0.025 0.022 0.020 0.020 0.021 0.022 0.022 0.023 0.022 0.022 0.020 0.019 0.017 0.016 0.014 0.011 0.009 0.007 0.006 0.004 0.003 0.002 0.002 0.002 0.003 0.000 0.000 0.000 0.000 0.001 0.006 0.000 0.000 0.000 0.000 0.000 0.000 0.000 0.000 0.000 0.000 0.000 0.000 0.040 0.037 0.035 0.034 0.031 0.029 0.027 0.025 0.024 0.025 0.000
0.109 0.115 0.121 0.127 0.131 0.135 0.138 0.133 0.124 0.115 0.106 0.096 0.083 0.063 0.077 0.089 0.079 0.070 0.061 0.054 0.047 0.041 0.036 0.032 0.029 0.027 0.026 0.026 0.026 0.026 0.026 0.025 0.025 0.023 0.022 0.020 0.018 0.016 0.014 0.012 0.010 0.008 0.006 0.004 0.002 0.002 0.002 0.003 0.003 0.004 0.004 0.004 0.005 0.012 0.026 0.046 0.072 0.000 0.000 0.000 0.000 0.000 0.000 0.000 0.000 0.000 0.035 0.035 0.033 0.030 0.028 0.025 0.023 0.022 0.021 0.018 0.000
0.120 0.127 0.128 0.124 0.119 0.114 0.108 0.101 0.094 0.085 0.076 0.065 0.049 0.049 0.040 0.079 0.081 0.074 0.067 0.061 0.055 0.050 0.046 0.043 0.041 0.039 0.038 0.037 0.037 0.036 0.035 0.034 0.032 0.031 0.029 0.027 0.025 0.022 0.020 0.018 0.015 0.013 0.011 0.009 0.007 0.005 0.005 0.005 0.006 0.007 0.009 0.012 0.019 0.028 0.041 0.059 0.081 0.104 0.131 0.000 0.000 0.000 0.000 0.000 0.000 0.044 0.040 0.036 0.032 0.028 0.025 0.022 0.020 0.019 0.020 0.000 0.000
0.100 0.098 0.095 0.091 0.087 0.082 0.076 0.070 0.063 0.056 0.047 0.035 0.027 0.034 0.039 0.065 0.086 0.080 0.075 0.071 0.067 0.064 0.062 0.061 0.060 0.059 0.058 0.057 0.055 0.053 0.051 0.049 0.047 0.044 0.042 0.039 0.037 0.034 0.032 0.029 0.026 0.024 0.022 0.019 0.017 0.015 0.011 0.012 0.014 0.018 0.022 0.028 0.035 0.045 0.057 0.073 0.093 0.116 0.130 0.132 0.137 0.144 0.000 0.000 0.000 0.040 0.039 0.035 0.031 0.026 0.022 0.019 0.017 0.016 0.014 0.000 0.000
0.067 0.065 0.062 0.058 0.054 0.050 0.045 0.040 0.035 0.029 0.022 0.012 0.017 0.023 0.031 0.052 0.084 0.090 0.087 0.085 0.084 0.084 0.084 0.084 0.084 0.084 0.083 0.082 0.080 0.078 0.075 0.071 0.067 0.064 0.060 0.057 0.054 0.051 0.048 0.046 0.044 0.042 0.040 0.038 0.036 0.033 0.029 0.024 0.029 0.034 0.039 0.045 0.053 0.062 0.074 0.088 0.099 0.102 0.106 0.108 0.111 0.113 0.113 0.119 0.000 0.046 0.041 0.036 0.030 0.024 0.019 0.016 0.014 0.015 0.000 0.000 0.000
0.034 0.032 0.030 0.027 0.024 0.021 0.018 0.015 0.012 0.009 0.005 0.006 0.010 0.015 0.023 0.042 0.073 0.104 0.104 0.105 0.107 0.108 0.110 0.111 0.111 0.111 0.110 0.109 0.107 0.104 0.100 0.096 0.092 0.087 0.083 0.079 0.076 0.072 0.069 0.067 0.065 0.064 0.062 0.061 0.060 0.058 0.054 0.049 0.046 0.052 0.057 0.063 0.070 0.080 0.085 0.082 0.080 0.081 0.082 0.084 0.084 0.075 0.084 0.088 0.078 0.058 0.045 0.035 0.028 0.021 0.016 0.013 0.011 0.010 0.000 0.000 0.000
0.008 0.007 0.007 0.006 0.005 0.004 0.004 0.003 0.002 0.002 0.001 0.003 0.005 0.009 0.016 0.032 0.066 0.113 0.127 0.130 0.133 0.135 0.138 0.139 0.139 0.139 0.138 0.137 0.134 0.131 0.127 0.122 0.117 0.113 0.108 0.104 0.100 0.097 0.094 0.092 0.090 0.089 0.087 0.086 0.085 0.084 0.081 0.076 0.068 0.070 0.074 0.081 0.085 0.078 0.071 0.066 0.062 0.061 0.060 0.060 0.059 0.056 0.059 0.059 0.055 0.046 0.037 0.029 0.022 0.016 0.011 0.009 0.009 0.000 0.000 0.000 0.000
0.001 0.001 0.001 0.001 0.001 0.000 0.000 0.000 0.000 0.000 0.001 0.001 0.003 0.005 0.011 0.025 0.062 0.112 0.153 0.157 0.161 0.164 0.167 0.168 0.168 0.168 0.167 0.165 0.163 0.159 0.154 0.147 0.143 0.139 0.134 0.130 0.126 0.123 0.120 0.119 0.117 0.116 0.115 0.115 0.113 0.112 0.109 0.105 0.098 0.088 0.091 0.081 0.071 0.063 0.056 0.049 0.045 0.041 0.038 0.036 0.035 0.033 0.032 0.031 0.029 0.025 0.021 0.017 0.013 0.009 0.006 0.005 0.005 0.016 0.000 0.000 0.000
0.000 0.000 0.000 0.000 0.000 0.000 0.000 0.000 0.000 0.000 0.000 0.001 0.002 0.003 0.007 0.020 0.063 0.114 0.168 0.185 0.190 0.194 0.197 0.197 0.198 0.197 0.196 0.195 0.192 0.188 0.182 0.172 0.168 0.165 0.161 0.156 0.152 0.149 0.147 0.146 0.145 0.145 0.144 0.144 0.143 0.142 0.140 0.136 0.123 0.099 0.096 0.088 0.077 0.067 0.058 0.050 0.044 0.038 0.033 0.029 0.025 0.022 0.019 0.017 0.013 0.010 0.008 0.005 0.004 0.003 0.002 0.002 0.001 0.000 0.000 0.000 0.000
0.000 0.000 0.000 0.000 0.000 0.000 0.000 0.000 0.000 0.000 0.000 0.001 0.001 0.002 0.005 0.020 0.067 0.000 0.170 0.215 0.219 0.224 0.229 0.000 0.000 0.000 0.000 0.000 0.000 0.000 0.000 0.193 0.195 0.193 0.189 0.181 0.178 0.176 0.174 0.173 0.173 0.173 0.173 0.173 0.173 0.164 0.151 0.135 0.117 0.094 0.093 0.095 0.099 0.089 0.080 0.071 0.063 0.056 0.050 0.044 0.038 0.033 0.029 0.025 0.021 0.017 0.013 0.010 0.008 0.006 0.005 0.004 0.003 0.002 0.002 0.001 0.000
0.000 0.000 0.000 0.000 0.000 0.000 0.000 0.000 0.000 0.000 0.000 0.000 0.001 0.006 0.000 0.000 0.070 0.000 0.000 0.232 0.000 0.000 0.000 0.000 0.000 0.000 0.000 0.000 0.000 0.000 0.000 0.000 0.000 0.000 0.000 0.203 0.205 0.204 0.201 0.201 0.202 0.202 0.194 0.182 0.170 0.157 0.144 0.129 0.111 0.088 0.088 0.089 0.092 0.097 0.099 0.090 0.081 0.073 0.066 0.059 0.053 0.047 0.041 0.035 0.030 0.025 0.021 0.017 0.014 0.011 0.009 0.007 0.005 0.004 0.003 0.002 0.002
0.000 0.000 0.000 0.000 0.000 0.000 0.000 0.000 0.000 0.000 0.000 0.000 0.000 0.000 0.000 0.000 0.000 0.000 0.000 0.000 0.000 0.000 0.000 0.000 0.000 0.000 0.000 0.000 0.000 0.000 0.000 0.000 0.000 0.000 0.000 0.000 0.000 0.000 0.226 0.221 0.211 0.199 0.186 0.175 0.163 0.150 0.136 0.121 0.103 0.083 0.082 0.082 0.084 0.088 0.093 0.099 0.098 0.090 0.082 0.075 0.068 0.061 0.054 0.048 0.042 0.036 0.031 0.026 0.021 0.017 0.014 0.011 0.009 0.007 0.006 0.004 0.004
0.000 0.000 0.000 0.000 0.000 0.000 0.000 0.000 0.000 0.000 0.000 0.000 0.000 0.000 0.000 0.000 0.000 0.000 0.000 0.000 0.000 0.000 0.000 0.000 0.000 0.000 0.000 0.000 0.000 0.000 0.000 0.000 0.000 0.000 0.000 0.000 0.000 0.000 0.000 0.000 0.000 0.000 0.176 0.167 0.155 0.141 0.128 0.113 0.094 0.076 0.075 0.075 0.076 0.079 0.083 0.088 0.095 0.102 0.098 0.090 0.083 0.075 0.068 0.061 0.054 0.048 0.042 0.036 0.031 0.026 0.022 0.018 0.015 0.013 0.010 0.008 0.007
0.000 0.000 0.000 0.000 0.000 0.000 0.000 0.000 0.000 0.000 0.000 0.000 0.000 0.000 0.000 0.000 0.000 0.000 0.000 0.000 0.000 0.000 0.000 0.000 0.000 0.000 0.000 0.000 0.000 0.000 0.000 0.000 0.000 0.000 0.000 0.000 0.000 0.000 0.000 0.000 0.000 0.000 0.000 0.000 0.000 0.129 0.119 0.105 0.083 0.068 0.066 0.066 0.067 0.070 0.073 0.078 0.084 0.090 0.097 0.104 0.098 0.089 0.082 0.074 0.067 0.060 0.054 0.048 0.042 0.037 0.032 0.028 0.025 0.021 0.018 0.016 0.013
0.000 0.000 0.000 0.000 0.000 0.000 0.000 0.000 0.000 0.000 0.000 0.000 0.000 0.000 0.000 0.000 0.000 0.000 0.000 0.000 0.000 0.000 0.000 0.000 0.000 0.000 0.000 0.000 0.000 0.000 0.000 0.000 0.000 0.000 0.000 0.000 0.000 0.000 0.000 0.000 0.000 0.000 0.000 0.000 0.000 0.000 0.000 0.000 0.065 0.057 0.055 0.055 0.058 0.060 0.063 0.067 0.073 0.079 0.086 0.092 0.099 0.103 0.096 0.088 0.080 0.073 0.067 0.061 0.055 0.051 0.046 0.042 0.039 0.035 0.031 0.027 0.024
0.000 0.000 0.000 0.000 0.000 0.000 0.000 0.000 0.000 0.000 0.000 0.000 0.000 0.000 0.000 0.000 0.000 0.000 0.000 0.000 0.000 0.000 0.000 0.000 0.000 0.000 0.000 0.000 0.000 0.000 0.000 0.000 0.000 0.000 0.000 0.000 0.000 0.000 0.000 0.000 0.000 0.000 0.000 0.000 0.000 0.000 0.000 0.000 0.000 0.000 0.037 0.044 0.049 0.052 0.052 0.057 0.063 0.069 0.074 0.080 0.086 0.093 0.100 0.102 0.094 0.087 0.081 0.076 0.071 0.067 0.064 0.060 0.057 0.053 0.048 0.043 0.038
0.000 0.000 0.000 0.000 0.000 0.000 0.000 0.000 0.000 0.000 0.000 0.000 0.000 0.000 0.000 0.000 0.000 0.000 0.000 0.000 0.000 0.000 0.000 0.000 0.000 0.000 0.000 0.000 0.000 0.000 0.000 0.000 0.000 0.000 0.000 0.000 0.000 0.000 0.000 0.000 0.000 0.000 0.000 0.000 0.000 0.000 0.000 0.000 0.000 0.000 0.000 0.000 0.000 0.000 0.037 0.047 0.054 0.060 0.062 0.066 0.072 0.079 0.087 0.094 0.103 0.102 0.097 0.093 0.090 0.087 0.085 0.082 0.078 0.074 0.068 0.062 0.055
0.000 0.000 0.000 0.000 0.000 0.000 0.000 0.000 0.000 0.000 0.000 0.000 0.000 0.000 0.000 0.000 0.000 0.000 0.000 0.000 0.000 0.000 0.000 0.000 0.000 0.000 0.000 0.000 0.000 0.000 0.000 0.000 0.000 0.000 0.000 0.000 0.000 0.000 0.000 0.000 0.000 0.000 0.000 0.000 0.000 0.000 0.000 0.000 0.000 0.000 0.000 0.000 0.000 0.000 0.000 0.000 0.000 0.000 0.045 0.051 0.058 0.065 0.073 0.081 0.090 0.100 0.111 0.112 0.111 0.110 0.108 0.106 0.101 0.096 0.088 0.080 0.072
0.000 0.000 0.000 0.000 0.000 0.000 0.000 0.000 0.000 0.000 0.000 0.000 0.000 0.000 0.000 0.000 0.000 0.000 0.000 0.000 0.000 0.000 0.000 0.000 0.000 0.000 0.000 0.000 0.000 0.000 0.000 0.000 0.000 0.000 0.000 0.000 0.000 0.000 0.000 0.000 0.000 0.000 0.000 0.000 0.000 0.000 0.000 0.000 0.000 0.000 0.000 0.000 0.000 0.000 0.000 0.000 0.000 0.000 0.000 0.034 0.043 0.052 0.060 0.068 0.077 0.088 0.101 0.117 0.135 0.136 0.134 0.131 0.126 0.119 0.108 0.098 0.088
0.000 0.000 0.000 0.000 0.000 0.000 0.000 0.000 0.000 0.000 0.000 0.000 0.000 0.000 0.000 0.000 0.000 0.000 0.000 0.000 0.000 0.000 0.000 0.000 0.000 0.000 0.000 0.000 0.000 0.000 0.000 0.000 0.000 0.000 0.000 0.000 0.000 0.000 0.000 0.000 0.000 0.000 0.000 0.000 0.000 0.000 0.000 0.000 0.000 0.000 0.000 0.000 0.000 0.000 0.000 0.000 0.000 0.000 0.000 0.021 0.030 0.038 0.046 0.055 0.064 0.076 0.091 0.110 0.131 0.151 0.160 0.157 0.152 0.143 0.125 0.114 0.102
0.000 0.000 0.000 0.000 0.000 0.000 0.000 0.000 0.000 0.000 0.000 0.000 0.000 0.000 0.000 0.000 0.000 0.000 0.000 0.000 0.000 0.000 0.000 0.000 0.000 0.000 0.000 0.000 0.000 0.000 0.000 0.000 0.000 0.000 0.000 0.000 0.000 0.000 0.000 0.000 0.000 0.000 0.000 0.000 0.000 0.000 0.000 0.000 0.000 0.000 0.000 0.000 0.000 0.000 0.000 0.000 0.000 0.000 0.000 0.011 0.019 0.026 0.034 0.042 0.052 0.065 0.083 0.105 0.128 0.150 0.000 0.000 0.000 0.000 0.133 0.131 0.113
0.000 0.000 0.000 0.000 0.000 0.000 0.000 0.000 0.000 0.000 0.000 0.000 0.000 0.000 0.000 0.000 0.000 0.000 0.000 0.000 0.000 0.000 0.000 0.000 0.000 0.000 0.000 0.000 0.000 0.000 0.000 0.000 0.000 0.000 0.000 0.000 0.000 0.000 0.000 0.000 0.000 0.000 0.000 0.000 0.000 0.000 0.000 0.000 0.000 0.000 0.000 0.000 0.000 0.000 0.000 0.000 0.000 0.000 0.000 0.003 0.008 0.015 0.022 0.030 0.041 0.055 0.076 0.100 0.125 0.000 0.000 0.000 0.000 0.000 0.000 0.000 0.114
0.000 0.000 0.000 0.000 0.000 0.000 0.000 0.000 0.000 0.000 0.000 0.000 0.000 0.000 0.000 0.000 0.000 0.000 0.000 0.000 0.000 0.000 0.000 0.000 0.000 0.000 0.000 0.000 0.000 0.000 0.000 0.000 0.000 0.000 0.000 0.000 0.000 0.000 0.000 0.000 0.000 0.000 0.000 0.000 0.000 0.000 0.000 0.000 0.000 0.000 0.000 0.000 0.000 0.000 0.000 0.000 0.000 0.000 0.000 0.001 0.002 0.005 0.011 0.018 0.030 0.046 0.070 0.096 0.000 0.000 0.000 0.000 0.000 0.000 0.000 0.000 0.000
0.000 0.000 0.000 0.000 0.000 0.000 0.000 0.000 0.000 0.000 0.000 0.000 0.000 0.000 0.000 0.000 0.000 0.000 0.000 0.000 0.000 0.000 0.000 0.000 0.000 0.000 0.000 0.000 0.000 0.000 0.000 0.000 0.000 0.000 0.000 0.000 0.000 0.000 0.000 0.000 0.000 0.000 0.000 0.000 0.000 0.000 0.000 0.000 0.000 0.000 0.000 0.000 0.000 0.000 0.000 0.000 0.000 0.000 0.000 0.000 0.000 0.001 0.003 0.009 0.020 0.038 0.064 0.092 0.000 0.000 0.000 0.000 0.000 0.000 0.000 0.000 0.000
0.000 0.000 0.000 0.000 0.000 0.000 0.000 0.000 0.000 0.000 0.000 0.000 0.000 0.000 0.000 0.000 0.000 0.000 0.000 0.000 0.000 0.000 0.000 0.000 0.000 0.000 0.000 0.000 0.000 0.000 0.000 0.000 0.000 0.000 0.000 0.000 0.000 0.000 0.000 0.000 0.000 0.000 0.000 0.000 0.000 0.000 0.000 0.000 0.000 0.000 0.000 0.000 0.000 0.000 0.000 0.000 0.000 0.000 0.000 0.000 0.000 0.000 0.001 0.002 0.009 0.028 0.057 0.000 0.000 0.000 0.000 0.000 0.000 0.000 0.000 0.000 0.000
0.000 0.000 0.000 0.000 0.000 0.000 0.000 0.000 0.000 0.000 0.000 0.000 0.000 0.000 0.000 0.000 0.000 0.000 0.000 0.000 0.000 0.000 0.000 0.000 0.000 0.000 0.000 0.000 0.000 0.000 0.000 0.000 0.000 0.000 0.000 0.000 0.000 0.000 0.000 0.000 0.000 0.000 0.000 0.000 0.000 0.000 0.000 0.000 0.000 0.000 0.000 0.000 0.000 0.000 0.000 0.000 0.000 0.000 0.000 0.000 0.000 0.000 0.001 0.002 0.007 0.030 0.066 0.000 0.000 0.000 0.000 0.000 0.000 0.000 0.000 0.000 0.000
0.000 0.000 0.000 0.000 0.000 0.000 0.000 0.000 0.000 0.000 0.000 0.000 0.000 0.000 0.000 0.000 0.000 0.000 0.000 0.000 0.000 0.000 0.000 0.000 0.000 0.000 0.000 0.000 0.000 0.000 0.000 0.000 0.000 0.000 0.000 0.000 0.000 0.000 0.000 0.000 0.000 0.000 0.000 0.000 0.000 0.000 0.000 0.000 0.000 0.000 0.000 0.000 0.000 0.000 0.000 0.000 0.000 0.000 0.000 0.000 0.000 0.000 0.001 0.002 0.007 0.030 0.000 0.000 0.000 0.000 0.000 0.000 0.000 0.000 0.000 0.000 0.000
0.000 0.000 0.000 0.000 0.000 0.000 0.000 0.000 0.000 0.000 0.000 0.000 0.000 0.000 0.000 0.000 0.000 0.000 0.000 0.000 0.000 0.000 0.000 0.000 0.000 0.000 0.000 0.000 0.000 0.000 0.000 0.000 0.000 0.000 0.000 0.000 0.000 0.000 0.000 0.000 0.000 0.000 0.000 0.000 0.000 0.000 0.000 0.000 0.000 0.000 0.000 0.000 0.000 0.000 0.000 0.000 0.000 0.000 0.000 0.000 0.000 0.000 0.000 0.002 0.007 0.031 0.000 0.000 0.000 0.000 0.000 0.000 0.000 0.000 0.000 0.000 0.000
