数据/150y_3h/150y_3h_res_2/150y_3h_170-0001.wd
ncols         694
nrows         824
xllcorner     581104.939801
yllcorner     3495917.092414
cellsize      2.000000
NODATA_value  -9999.000000
[rows 442 to 475 of 824, columns 385 to 461 of 694]
0.000 0.000 0.000 0.031 0.029 0.029 0.027 0.025 0.022 0.019 0.016 0.013 0.011 0.011 0.012 0.013 0.014 0.016 0.019 0.021 0.026 0.038 0.049 0.060 0.070 0.081 0.091 0.101 0.112 0.122 0.126 0.127 0.129 0.130 0.000 0.000 0.000 0.000 0.000 0.000 0.000 0.000 0.000 0.000 0.000 0.000 0.000 0.000 0.000 0.000 0.000 0.000 0.000 0.000 0.000 0.006 0.014 0.018 0.020 0.022 0.024 0.024 0.025 0.025 0.025 0.024 0.023 0.023 0.023 0.026 0.000 0.000 0.000 0.000 0.000 0.000 0.000
0.000 0.000 0.000 0.000 0.000 0.043 0.040 0.038 0.035 0.032 0.028 0.025 0.021 0.019 0.017 0.017 0.018 0.020 0.022 0.024 0.027 0.034 0.047 0.058 0.069 0.079 0.089 0.100 0.109 0.120 0.122 0.123 0.125 0.128 0.000 0.000 0.000 0.000 0.000 0.000 0.000 0.000 0.000 0.000 0.000 0.000 0.000 0.000 0.000 0.000 0.000 0.000 0.000 0.000 0.000 0.007 0.015 0.020 0.023 0.026 0.027 0.028 0.028 0.028 0.028 0.027 0.026 0.026 0.026 0.025 0.021 0.017 0.000 0.000 0.000 0.000 0.000
0.000 0.000 0.000 0.000 0.000 0.000 0.000 0.051 0.048 0.044 0.040 0.037 0.033 0.029 0.026 0.024 0.023 0.024 0.025 0.027 0.030 0.033 0.042 0.055 0.066 0.077 0.087 0.098 0.108 0.116 0.117 0.117 0.118 0.000 0.000 0.000 0.000 0.000 0.000 0.000 0.000 0.000 0.000 0.000 0.000 0.000 0.000 0.000 0.000 0.000 0.000 0.000 0.000 0.000 0.005 0.015 0.022 0.028 0.032 0.034 0.033 0.034 0.035 0.035 0.034 0.032 0.032 0.031 0.030 0.029 0.028 0.019 0.006 0.000 0.000 0.000 0.000
0.000 0.000 0.000 0.000 0.000 0.000 0.000 0.000 0.056 0.055 0.052 0.048 0.044 0.040 0.036 0.033 0.031 0.029 0.030 0.031 0.033 0.035 0.038 0.050 0.062 0.073 0.084 0.096 0.109 0.112 0.111 0.110 0.110 0.000 0.000 0.000 0.000 0.000 0.000 0.000 0.000 0.000 0.000 0.000 0.000 0.000 0.000 0.000 0.000 0.000 0.000 0.000 0.000 0.000 0.000 0.000 0.000 0.041 0.000 0.000 0.039 0.043 0.045 0.044 0.040 0.039 0.039 0.038 0.036 0.036 0.033 0.022 0.008 0.000 0.000 0.000 0.000
0.000 0.000 0.000 0.000 0.000 0.000 0.000 0.000 0.000 0.000 0.059 0.058 0.056 0.051 0.047 0.043 0.040 0.037 0.035 0.035 0.036 0.037 0.039 0.044 0.057 0.068 0.079 0.090 0.100 0.103 0.102 0.102 0.100 0.000 0.000 0.000 0.000 0.000 0.000 0.000 0.000 0.000 0.000 0.000 0.000 0.000 0.000 0.000 0.000 0.000 0.000 0.000 0.000 0.000 0.000 0.000 0.000 0.000 0.000 0.000 0.000 0.000 0.000 0.000 0.045 0.048 0.049 0.048 0.044 0.045 0.037 0.026 0.011 0.000 0.000 0.000 0.000
0.000 0.000 0.000 0.000 0.000 0.000 0.000 0.000 0.000 0.000 0.000 0.062 0.061 0.059 0.057 0.054 0.050 0.046 0.043 0.041 0.040 0.040 0.041 0.043 0.050 0.062 0.072 0.082 0.091 0.093 0.092 0.090 0.085 0.070 0.060 0.054 0.000 0.000 0.000 0.000 0.000 0.000 0.000 0.000 0.000 0.000 0.000 0.000 0.000 0.000 0.000 0.000 0.000 0.000 0.000 0.000 0.000 0.000 0.000 0.000 0.000 0.000 0.000 0.000 0.000 0.000 0.000 0.000 0.051 0.052 0.043 0.027 0.012 0.000 0.000 0.000 0.000
0.000 0.000 0.000 0.000 0.000 0.000 0.000 0.000 0.000 0.000 0.000 0.000 0.000 0.064 0.062 0.060 0.058 0.056 0.052 0.048 0.045 0.044 0.043 0.044 0.045 0.054 0.064 0.071 0.078 0.081 0.081 0.079 0.073 0.063 0.054 0.046 0.036 0.030 0.025 0.025 0.000 0.000 0.000 0.000 0.000 0.000 0.000 0.000 0.000 0.000 0.000 0.000 0.000 0.000 0.000 0.000 0.000 0.000 0.000 0.000 0.000 0.000 0.000 0.000 0.000 0.000 0.000 0.000 0.000 0.000 0.000 0.021 0.005 0.000 0.000 0.000 0.000
0.000 0.000 0.000 0.000 0.000 0.000 0.000 0.000 0.000 0.000 0.000 0.000 0.000 0.000 0.000 0.064 0.062 0.060 0.057 0.055 0.052 0.049 0.046 0.045 0.045 0.045 0.053 0.057 0.046 0.065 0.068 0.067 0.062 0.054 0.050 0.045 0.039 0.034 0.030 0.028 0.022 0.018 0.018 0.000 0.000 0.000 0.000 0.000 0.000 0.000 0.000 0.000 0.000 0.000 0.000 0.000 0.000 0.000 0.000 0.000 0.000 0.000 0.000 0.000 0.000 0.000 0.000 0.000 0.000 0.000 0.000 0.000 0.000 0.000 0.000 0.000 0.000
0.000 0.000 0.000 0.000 0.000 0.000 0.000 0.000 0.000 0.000 0.000 0.000 0.000 0.000 0.000 0.000 0.066 0.064 0.059 0.056 0.053 0.052 0.051 0.048 0.046 0.044 0.043 0.048 0.049 0.054 0.056 0.054 0.053 0.051 0.049 0.045 0.041 0.037 0.034 0.030 0.027 0.023 0.021 0.017 0.013 0.011 0.011 0.000 0.000 0.000 0.000 0.000 0.000 0.000 0.000 0.000 0.000 0.000 0.000 0.000 0.000 0.000 0.000 0.000 0.000 0.000 0.000 0.000 0.000 0.000 0.000 0.000 0.000 0.000 0.000 0.000 0.000
0.000 0.000 0.000 0.000 0.000 0.000 0.000 0.000 0.000 0.000 0.000 0.000 0.000 0.000 0.000 0.000 0.000 0.000 0.057 0.055 0.053 0.051 0.050 0.049 0.047 0.045 0.041 0.041 0.043 0.044 0.047 0.050 0.051 0.050 0.048 0.045 0.042 0.039 0.036 0.033 0.030 0.027 0.024 0.021 0.018 0.015 0.013 0.010 0.008 0.006 0.005 0.004 0.003 0.002 0.001 0.000 0.000 0.000 0.000 0.000 0.000 0.000 0.000 0.000 0.000 0.000 0.000 0.000 0.000 0.000 0.000 0.000 0.000 0.000 0.000 0.000 0.000
0.000 0.000 0.000 0.000 0.000 0.000 0.000 0.000 0.000 0.000 0.000 0.000 0.000 0.000 0.000 0.000 0.000 0.000 0.055 0.053 0.052 0.050 0.048 0.047 0.045 0.043 0.040 0.036 0.033 0.040 0.044 0.047 0.049 0.049 0.048 0.046 0.044 0.041 0.039 0.036 0.034 0.031 0.028 0.025 0.022 0.017 0.014 0.012 0.011 0.010 0.008 0.007 0.006 0.005 0.004 0.002 0.001 0.000 0.000 0.000 0.000 0.000 0.000 0.000 0.000 0.000 0.000 0.000 0.000 0.000 0.000 0.000 0.000 0.000 0.000 0.000 0.000
0.000 0.000 0.000 0.000 0.000 0.000 0.000 0.000 0.000 0.000 0.000 0.000 0.000 0.000 0.000 0.000 0.000 0.000 0.053 0.051 0.050 0.048 0.046 0.044 0.042 0.039 0.035 0.027 0.000 0.033 0.041 0.046 0.048 0.049 0.048 0.047 0.046 0.044 0.042 0.040 0.037 0.035 0.032 0.029 0.024 0.000 0.015 0.016 0.015 0.014 0.013 0.011 0.010 0.008 0.007 0.005 0.004 0.003 0.001 0.000 0.000 0.000 0.000 0.000 0.000 0.000 0.000 0.000 0.000 0.000 0.000 0.000 0.000 0.000 0.000 0.000 0.000
0.000 0.000 0.000 0.000 0.000 0.000 0.000 0.000 0.000 0.000 0.000 0.000 0.000 0.000 0.000 0.000 0.000 0.000 0.050 0.049 0.048 0.046 0.044 0.042 0.039 0.036 0.031 0.025 0.023 0.032 0.038 0.043 0.045 0.047 0.048 0.048 0.048 0.047 0.046 0.044 0.042 0.040 0.037 0.034 0.031 0.026 0.024 0.023 0.022 0.020 0.019 0.017 0.015 0.013 0.012 0.010 0.009 0.007 0.006 0.004 0.001 0.000 0.000 0.000 0.000 0.000 0.000 0.000 0.000 0.000 0.000 0.000 0.000 0.000 0.000 0.000 0.000
0.000 0.000 0.000 0.000 0.000 0.000 0.000 0.000 0.000 0.000 0.000 0.000 0.000 0.000 0.000 0.000 0.000 0.043 0.046 0.046 0.045 0.044 0.042 0.040 0.037 0.033 0.028 0.025 0.026 0.031 0.036 0.040 0.043 0.045 0.046 0.047 0.048 0.048 0.047 0.047 0.046 0.045 0.043 0.041 0.038 0.035 0.033 0.031 0.029 0.027 0.026 0.024 0.022 0.020 0.018 0.017 0.015 0.014 0.013 0.011 0.010 0.008 0.005 0.003 0.004 0.007 0.000 0.000 0.000 0.000 0.000 0.000 0.000 0.000 0.000 0.000 0.000
0.000 0.000 0.000 0.000 0.000 0.000 0.000 0.000 0.000 0.000 0.000 0.000 0.000 0.000 0.000 0.000 0.000 0.044 0.044 0.044 0.043 0.042 0.040 0.038 0.035 0.031 0.025 0.025 0.027 0.031 0.035 0.039 0.042 0.044 0.045 0.047 0.047 0.048 0.048 0.048 0.048 0.047 0.047 0.045 0.044 0.043 0.041 0.039 0.038 0.036 0.034 0.032 0.030 0.028 0.027 0.025 0.024 0.023 0.022 0.021 0.021 0.020 0.020 0.020 0.021 0.018 0.010 0.002 0.000 0.000 0.000 0.000 0.000 0.000 0.000 0.000 0.000
0.000 0.000 0.000 0.000 0.000 0.000 0.000 0.000 0.000 0.000 0.000 0.000 0.000 0.000 0.000 0.000 0.000 0.044 0.043 0.042 0.041 0.040 0.038 0.036 0.032 0.028 0.023 0.025 0.028 0.031 0.035 0.038 0.041 0.043 0.045 0.047 0.048 0.049 0.050 0.050 0.050 0.050 0.050 0.049 0.048 0.047 0.046 0.045 0.044 0.043 0.042 0.041 0.039 0.038 0.036 0.035 0.034 0.034 0.033 0.033 0.033 0.033 0.033 0.034 0.033 0.021 0.014 0.005 0.000 0.000 0.000 0.000 0.000 0.000 0.000 0.000 0.000
0.000 0.000 0.000 0.000 0.000 0.000 0.000 0.000 0.000 0.000 0.000 0.000 0.000 0.000 0.000 0.000 0.000 0.043 0.042 0.041 0.040 0.038 0.036 0.034 0.030 0.026 0.023 0.025 0.028 0.031 0.034 0.037 0.040 0.043 0.045 0.048 0.050 0.052 0.053 0.053 0.054 0.053 0.053 0.052 0.052 0.051 0.050 0.049 0.048 0.047 0.047 0.046 0.046 0.045 0.045 0.045 0.045 0.045 0.045 0.046 0.046 0.046 0.047 0.047 0.039 0.000 0.012 0.005 0.000 0.000 0.000 0.000 0.000 0.000 0.000 0.000 0.000
0.000 0.000 0.000 0.000 0.000 0.000 0.000 0.000 0.000 0.000 0.000 0.000 0.000 0.000 0.000 0.000 0.039 0.040 0.040 0.040 0.038 0.037 0.035 0.032 0.029 0.024 0.023 0.025 0.028 0.031 0.034 0.037 0.040 0.044 0.047 0.050 0.053 0.055 0.057 0.057 0.057 0.057 0.057 0.056 0.056 0.055 0.054 0.053 0.053 0.052 0.051 0.051 0.051 0.051 0.051 0.052 0.053 0.054 0.056 0.057 0.059 0.060 0.060 0.060 0.046 0.027 0.015 0.011 0.008 0.004 0.000 0.000 0.000 0.000 0.000 0.000 0.000
0.000 0.000 0.000 0.000 0.000 0.000 0.000 0.000 0.000 0.000 0.000 0.000 0.000 0.000 0.000 0.000 0.041 0.040 0.040 0.039 0.037 0.036 0.034 0.031 0.027 0.022 0.024 0.026 0.028 0.031 0.034 0.038 0.042 0.046 0.050 0.054 0.058 0.061 0.062 0.062 0.062 0.062 0.061 0.061 0.060 0.059 0.059 0.058 0.057 0.057 0.056 0.056 0.056 0.057 0.057 0.058 0.060 0.061 0.063 0.065 0.067 0.069 0.070 0.068 0.072 0.064 0.054 0.045 0.036 0.028 0.021 0.015 0.010 0.005 0.001 0.000 0.000
0.000 0.000 0.000 0.000 0.000 0.000 0.000 0.000 0.000 0.000 0.000 0.000 0.000 0.000 0.000 0.000 0.041 0.040 0.039 0.038 0.037 0.035 0.033 0.030 0.026 0.022 0.024 0.026 0.029 0.032 0.036 0.040 0.045 0.050 0.055 0.060 0.065 0.068 0.068 0.067 0.067 0.067 0.066 0.065 0.064 0.064 0.063 0.062 0.062 0.062 0.061 0.062 0.062 0.063 0.064 0.065 0.067 0.069 0.071 0.074 0.076 0.073 0.068 0.063 0.066 0.069 0.071 0.074 0.074 0.065 0.054 0.044 0.035 0.027 0.019 0.013 0.007
0.057 0.055 0.053 0.000 0.000 0.000 0.000 0.000 0.000 0.000 0.000 0.000 0.000 0.000 0.000 0.039 0.040 0.039 0.039 0.038 0.036 0.034 0.032 0.029 0.024 0.023 0.024 0.027 0.030 0.033 0.038 0.043 0.049 0.055 0.062 0.068 0.073 0.077 0.075 0.071 0.071 0.072 0.072 0.070 0.069 0.068 0.068 0.067 0.067 0.067 0.067 0.067 0.068 0.069 0.070 0.072 0.075 0.077 0.080 0.078 0.074 0.070 0.065 0.059 0.060 0.063 0.065 0.067 0.069 0.072 0.073 0.075 0.071 0.060 0.049 0.039 0.029
0.062 0.060 0.058 0.055 0.053 0.051 0.000 0.000 0.000 0.000 0.000 0.000 0.000 0.000 0.000 0.041 0.040 0.040 0.039 0.037 0.036 0.034 0.031 0.027 0.023 0.023 0.025 0.028 0.032 0.036 0.042 0.048 0.055 0.062 0.069 0.075 0.082 0.088 0.000 0.073 0.077 0.078 0.078 0.073 0.073 0.073 0.072 0.072 0.072 0.072 0.072 0.073 0.074 0.075 0.077 0.080 0.082 0.083 0.079 0.076 0.072 0.067 0.062 0.055 0.056 0.057 0.058 0.060 0.062 0.064 0.066 0.067 0.069 0.070 0.070 0.071 0.063
0.067 0.064 0.062 0.060 0.058 0.056 0.053 0.051 0.049 0.048 0.000 0.000 0.000 0.000 0.000 0.043 0.041 0.040 0.039 0.037 0.035 0.033 0.030 0.026 0.022 0.024 0.026 0.030 0.034 0.040 0.046 0.054 0.061 0.069 0.077 0.084 0.091 0.000 0.000 0.000 0.000 0.000 0.000 0.075 0.078 0.079 0.076 0.077 0.078 0.078 0.078 0.078 0.080 0.082 0.085 0.086 0.083 0.079 0.076 0.072 0.069 0.064 0.059 0.053 0.051 0.052 0.053 0.054 0.055 0.057 0.058 0.059 0.061 0.062 0.062 0.063 0.063
0.000 0.000 0.000 0.064 0.063 0.060 0.058 0.056 0.054 0.052 0.050 0.048 0.046 0.000 0.000 0.044 0.042 0.040 0.039 0.037 0.035 0.032 0.029 0.025 0.023 0.025 0.028 0.033 0.038 0.045 0.052 0.060 0.068 0.076 0.085 0.000 0.000 0.000 0.000 0.000 0.000 0.000 0.000 0.000 0.000 0.000 0.078 0.082 0.084 0.085 0.082 0.084 0.087 0.089 0.086 0.082 0.079 0.076 0.072 0.069 0.065 0.061 0.056 0.050 0.047 0.047 0.047 0.048 0.049 0.050 0.051 0.052 0.053 0.054 0.054 0.054 0.054
0.000 0.000 0.000 0.000 0.000 0.000 0.063 0.061 0.059 0.057 0.055 0.052 0.050 0.048 0.046 0.044 0.043 0.041 0.038 0.036 0.034 0.032 0.028 0.024 0.023 0.026 0.030 0.036 0.043 0.050 0.058 0.067 0.075 0.084 0.000 0.000 0.000 0.000 0.000 0.000 0.000 0.000 0.000 0.000 0.000 0.000 0.000 0.000 0.000 0.000 0.085 0.091 0.089 0.086 0.081 0.078 0.075 0.071 0.068 0.065 0.062 0.057 0.053 0.046 0.043 0.042 0.042 0.042 0.043 0.043 0.044 0.044 0.045 0.045 0.045 0.045 0.045
0.000 0.000 0.000 0.000 0.000 0.000 0.000 0.000 0.000 0.000 0.059 0.057 0.055 0.053 0.049 0.046 0.043 0.040 0.037 0.035 0.033 0.031 0.027 0.022 0.021 0.026 0.033 0.041 0.048 0.056 0.065 0.073 0.083 0.000 0.000 0.000 0.000 0.000 0.000 0.000 0.000 0.000 0.000 0.000 0.000 0.000 0.000 0.000 0.000 0.000 0.000 0.000 0.000 0.000 0.074 0.073 0.071 0.067 0.064 0.061 0.058 0.053 0.049 0.043 0.038 0.037 0.037 0.036 0.036 0.037 0.037 0.037 0.037 0.037 0.037 0.036 0.035
0.000 0.000 0.000 0.000 0.000 0.000 0.000 0.000 0.000 0.000 0.000 0.000 0.000 0.000 0.051 0.047 0.042 0.038 0.032 0.032 0.031 0.029 0.025 0.020 0.000 0.028 0.037 0.046 0.054 0.062 0.071 0.079 0.000 0.000 0.000 0.000 0.000 0.000 0.000 0.000 0.000 0.000 0.000 0.000 0.000 0.000 0.000 0.000 0.000 0.000 0.000 0.000 0.000 0.000 0.000 0.000 0.000 0.060 0.059 0.057 0.054 0.048 0.044 0.038 0.033 0.032 0.031 0.031 0.030 0.030 0.030 0.029 0.029 0.028 0.027 0.026 0.024
0.000 0.000 0.000 0.000 0.000 0.000 0.000 0.000 0.000 0.000 0.000 0.000 0.000 0.000 0.000 0.043 0.039 0.032 0.000 0.026 0.029 0.027 0.023 0.022 0.025 0.034 0.043 0.051 0.060 0.068 0.077 0.085 0.000 0.000 0.000 0.000 0.000 0.000 0.000 0.000 0.000 0.000 0.000 0.000 0.000 0.000 0.000 0.000 0.000 0.000 0.000 0.000 0.000 0.000 0.000 0.000 0.000 0.000 0.000 0.000 0.000 0.040 0.039 0.034 0.027 0.025 0.025 0.024 0.024 0.023 0.022 0.021 0.020 0.019 0.017 0.014 0.010
0.000 0.000 0.000 0.000 0.000 0.000 0.000 0.000 0.000 0.000 0.000 0.000 0.000 0.000 0.039 0.039 0.037 0.033 0.028 0.028 0.028 0.027 0.023 0.026 0.032 0.040 0.049 0.057 0.066 0.074 0.083 0.092 0.000 0.000 0.000 0.000 0.000 0.000 0.000 0.000 0.000 0.000 0.000 0.000 0.000 0.000 0.000 0.000 0.000 0.000 0.000 0.000 0.000 0.000 0.000 0.000 0.000 0.000 0.000 0.000 0.000 0.000 0.000 0.000 0.014 0.017 0.017 0.017 0.016 0.015 0.014 0.012 0.009 0.005 0.002 0.000 0.000
0.000 0.000 0.000 0.000 0.000 0.000 0.000 0.000 0.000 0.000 0.000 0.000 0.000 0.000 0.041 0.040 0.038 0.035 0.033 0.031 0.030 0.028 0.026 0.031 0.038 0.046 0.055 0.063 0.072 0.081 0.089 0.099 0.000 0.000 0.000 0.000 0.000 0.000 0.000 0.000 0.000 0.000 0.000 0.000 0.000 0.000 0.000 0.000 0.000 0.000 0.000 0.000 0.000 0.000 0.000 0.000 0.000 0.000 0.000 0.000 0.000 0.000 0.000 0.000 0.000 0.000 0.000 0.000 0.004 0.003 0.001 0.000 0.000 0.000 0.000 0.000 0.000
0.000 0.000 0.000 0.000 0.000 0.000 0.000 0.000 0.000 0.000 0.000 0.000 0.000 0.000 0.043 0.041 0.040 0.038 0.036 0.034 0.032 0.029 0.030 0.036 0.044 0.052 0.060 0.069 0.078 0.086 0.095 0.000 0.000 0.000 0.000 0.000 0.000 0.000 0.000 0.000 0.000 0.000 0.000 0.000 0.000 0.000 0.000 0.000 0.000 0.000 0.000 0.000 0.000 0.000 0.000 0.000 0.000 0.000 0.000 0.000 0.000 0.000 0.000 0.000 0.000 0.000 0.000 0.000 0.000 0.000 0.000 0.000 0.000 0.000 0.000 0.000 0.000
0.000 0.000 0.000 0.000 0.000 0.000 0.000 0.000 0.000 0.000 0.000 0.000 0.000 0.000 0.044 0.043 0.041 0.039 0.038 0.036 0.033 0.031 0.034 0.041 0.049 0.057 0.066 0.075 0.083 0.092 0.101 0.000 0.000 0.000 0.000 0.000 0.000 0.000 0.000 0.000 0.000 0.000 0.000 0.000 0.000 0.000 0.000 0.000 0.000 0.000 0.000 0.000 0.000 0.000 0.000 0.000 0.000 0.000 0.000 0.000 0.000 0.000 0.000 0.000 0.000 0.000 0.000 0.000 0.000 0.000 0.000 0.000 0.000 0.000 0.000 0.000 0.000
0.000 0.000 0.000 0.000 0.000 0.000 0.000 0.000 0.000 0.000 0.000 0.000 0.000 0.044 0.044 0.043 0.042 0.041 0.039 0.037 0.035 0.032 0.039 0.047 0.055 0.063 0.072 0.080 0.089 0.098 0.108 0.000 0.000 0.000 0.000 0.000 0.000 0.000 0.000 0.000 0.000 0.000 0.000 0.000 0.000 0.000 0.000 0.000 0.000 0.000 0.000 0.000 0.000 0.000 0.000 0.000 0.000 0.000 0.000 0.000 0.000 0.000 0.000 0.000 0.000 0.000 0.000 0.000 0.000 0.000 0.000 0.000 0.000 0.000 0.000 0.000 0.000
0.000 0.000 0.000 0.000 0.000 0.000 0.000 0.000 0.000 0.000 0.000 0.000 0.000 0.046 0.045 0.045 0.043 0.042 0.040 0.038 0.036 0.036 0.044 0.052 0.060 0.069 0.077 0.086 0.094 0.103 0.000 0.000 0.000 0.000 0.000 0.000 0.000 0.000 0.000 0.000 0.000 0.000 0.000 0.000 0.000 0.000 0.000 0.000 0.000 0.000 0.000 0.000 0.000 0.000 0.000 0.000 0.000 0.000 0.000 0.000 0.000 0.000 0.000 0.000 0.000 0.000 0.000 0.000 0.000 0.000 0.000 0.000 0.000 0.000 0.000 0.000 0.000
