数据/150y_3h/150y_3h_res_2/150y_3h_214-0001.wd
ncols         694
nrows         824
xllcorner     581104.939801
yllcorner     3495917.092414
cellsize      2.000000
NODATA_value  -9999.000000
[rows 714 to 747 of 824, columns 154 to 230 of 694]
0.000 0.000 0.000 0.000 0.000 0.002 0.003 0.004 0.005 0.006 0.007 0.008 0.008 0.009 0.009 0.009 0.009 0.009 0.009 0.008 0.000 0.001 0.064 0.060 0.056 0.054 0.052 0.049 0.045 0.041 0.037 0.034 0.000 0.000 0.000 0.000 0.000 0.000 0.000 0.000 0.000 0.000 0.001 0.005 0.024 0.033 0.043 0.054 0.065 0.000 0.000 0.000 0.000 0.000 0.000 0.000 0.000 0.000 0.162 0.173 0.184 0.183 0.160 0.140 0.149 0.065 0.002 0.001 0.000 0.000 0.000 0.000 0.000 0.000 0.000 0.000 0.000
0.000 0.000 0.000 0.000 0.001 0.003 0.004 0.005 0.006 0.007 0.008 0.008 0.009 0.009 0.010 0.010 0.011 0.011 0.011 0.011 0.011 0.010 0.001 0.080 0.079 0.076 0.074 0.069 0.065 0.060 0.055 0.050 0.044 0.041 0.000 0.000 0.000 0.000 0.000 0.000 0.000 0.001 0.002 0.045 0.086 0.095 0.106 0.117 0.127 0.000 0.000 0.000 0.000 0.000 0.000 0.000 0.000 0.000 0.225 0.220 0.197 0.174 0.151 0.143 0.152 0.107 0.021 0.001 0.000 0.000 0.000 0.000 0.000 0.000 0.000 0.000 0.000
0.000 0.000 0.000 0.000 0.002 0.004 0.005 0.006 0.007 0.008 0.008 0.009 0.010 0.010 0.011 0.011 0.012 0.013 0.013 0.014 0.014 0.015 0.014 0.001 0.001 0.098 0.095 0.090 0.085 0.079 0.074 0.068 0.063 0.059 0.055 0.000 0.000 0.000 0.000 0.000 0.001 0.001 0.031 0.085 0.141 0.159 0.169 0.180 0.190 0.000 0.000 0.000 0.000 0.000 0.000 0.000 0.000 0.258 0.235 0.212 0.188 0.165 0.141 0.145 0.155 0.151 0.065 0.001 0.000 0.000 0.000 0.000 0.000 0.000 0.000 0.000 0.000
0.000 0.000 0.000 0.001 0.003 0.005 0.006 0.007 0.007 0.008 0.009 0.010 0.010 0.011 0.011 0.012 0.013 0.014 0.015 0.016 0.017 0.018 0.020 0.022 0.025 0.003 0.116 0.110 0.105 0.098 0.092 0.086 0.082 0.078 0.073 0.070 0.067 0.000 0.000 0.000 0.001 0.018 0.071 0.127 0.183 0.223 0.233 0.243 0.000 0.000 0.000 0.000 0.000 0.000 0.000 0.000 0.000 0.250 0.226 0.202 0.179 0.155 0.139 0.148 0.158 0.167 0.109 0.024 0.001 0.000 0.000 0.000 0.000 0.000 0.000 0.000 0.000
0.000 0.000 0.000 0.001 0.003 0.005 0.006 0.007 0.008 0.009 0.009 0.010 0.011 0.011 0.012 0.013 0.014 0.015 0.016 0.017 0.019 0.021 0.024 0.030 0.040 0.059 0.003 0.130 0.124 0.117 0.110 0.105 0.101 0.097 0.093 0.090 0.087 0.084 0.000 0.031 0.033 0.062 0.113 0.169 0.225 0.281 0.296 0.306 0.000 0.000 0.000 0.000 0.000 0.000 0.000 0.000 0.000 0.241 0.217 0.193 0.170 0.146 0.142 0.151 0.160 0.170 0.154 0.068 0.000 0.000 0.000 0.000 0.000 0.000 0.000 0.000 0.000
0.000 0.000 0.000 0.001 0.003 0.005 0.006 0.007 0.008 0.009 0.010 0.010 0.011 0.012 0.012 0.013 0.014 0.015 0.016 0.018 0.020 0.022 0.025 0.029 0.034 0.040 0.026 0.001 0.001 0.132 0.128 0.124 0.121 0.117 0.114 0.110 0.107 0.104 0.096 0.071 0.079 0.104 0.156 0.211 0.267 0.323 0.360 0.370 0.000 0.000 0.000 0.000 0.000 0.000 0.000 0.000 0.000 0.231 0.208 0.185 0.161 0.137 0.145 0.154 0.164 0.173 0.182 0.113 0.000 0.000 0.000 0.000 0.000 0.000 0.000 0.000 0.000
0.000 0.000 0.000 0.001 0.003 0.005 0.006 0.007 0.008 0.009 0.010 0.011 0.011 0.012 0.013 0.014 0.015 0.016 0.017 0.018 0.020 0.022 0.024 0.026 0.029 0.030 0.024 0.017 0.011 0.001 0.147 0.144 0.140 0.137 0.134 0.131 0.129 0.126 0.123 0.000 0.000 0.143 0.197 0.254 0.310 0.365 0.421 0.433 0.443 0.420 0.000 0.000 0.000 0.000 0.000 0.000 0.246 0.223 0.199 0.174 0.152 0.139 0.148 0.157 0.166 0.176 0.185 0.158 0.000 0.000 0.000 0.000 0.000 0.000 0.000 0.000 0.000
0.000 0.000 0.000 0.001 0.003 0.005 0.006 0.007 0.008 0.009 0.010 0.011 0.011 0.012 0.013 0.014 0.015 0.016 0.017 0.018 0.019 0.021 0.022 0.024 0.025 0.025 0.022 0.018 0.014 0.010 0.000 0.163 0.161 0.157 0.154 0.152 0.150 0.148 0.000 0.000 0.000 0.000 0.240 0.296 0.352 0.407 0.462 0.458 0.435 0.411 0.387 0.363 0.000 0.000 0.000 0.000 0.237 0.213 0.190 0.166 0.142 0.142 0.151 0.160 0.170 0.179 0.189 0.000 0.000 0.000 0.000 0.000 0.000 0.000 0.000 0.000 0.000
0.000 0.000 0.000 0.001 0.003 0.005 0.006 0.007 0.008 0.009 0.010 0.011 0.011 0.012 0.013 0.014 0.015 0.015 0.016 0.017 0.019 0.020 0.021 0.022 0.022 0.022 0.020 0.018 0.015 0.012 0.009 0.001 0.000 0.177 0.175 0.172 0.171 0.000 0.000 0.000 0.000 0.000 0.000 0.339 0.395 0.418 0.438 0.000 0.000 0.402 0.378 0.353 0.329 0.305 0.000 0.000 0.228 0.204 0.180 0.156 0.136 0.145 0.154 0.163 0.173 0.182 0.192 0.000 0.000 0.000 0.000 0.000 0.000 0.000 0.000 0.000 0.000
0.000 0.000 0.000 0.001 0.003 0.005 0.006 0.007 0.008 0.009 0.010 0.011 0.011 0.012 0.013 0.014 0.014 0.015 0.016 0.017 0.018 0.019 0.019 0.020 0.020 0.020 0.018 0.017 0.015 0.013 0.011 0.008 0.006 0.001 0.195 0.191 0.000 0.000 0.000 0.000 0.000 0.000 0.000 0.351 0.374 0.394 0.416 0.000 0.000 0.000 0.000 0.344 0.319 0.295 0.269 0.243 0.219 0.194 0.171 0.147 0.139 0.148 0.157 0.166 0.176 0.185 0.195 0.000 0.000 0.000 0.000 0.000 0.000 0.000 0.000 0.000 0.000
0.000 0.000 0.000 0.001 0.003 0.005 0.006 0.007 0.008 0.009 0.010 0.011 0.011 0.012 0.013 0.013 0.014 0.015 0.015 0.016 0.017 0.018 0.018 0.019 0.019 0.018 0.017 0.016 0.014 0.013 0.011 0.009 0.008 0.005 0.000 0.206 0.198 0.000 0.000 0.000 0.000 0.000 0.000 0.328 0.349 0.371 0.392 0.405 0.000 0.000 0.000 0.000 0.000 0.285 0.260 0.233 0.209 0.184 0.161 0.137 0.141 0.150 0.159 0.169 0.178 0.187 0.000 0.000 0.000 0.000 0.000 0.000 0.000 0.000 0.000 0.000 0.000
0.000 0.000 0.000 0.001 0.003 0.005 0.006 0.007 0.008 0.009 0.010 0.010 0.011 0.012 0.012 0.013 0.014 0.014 0.015 0.016 0.016 0.017 0.017 0.017 0.017 0.017 0.016 0.015 0.014 0.013 0.011 0.010 0.009 0.007 0.005 0.000 0.213 0.210 0.000 0.000 0.000 0.000 0.000 0.000 0.326 0.000 0.000 0.385 0.371 0.000 0.000 0.000 0.000 0.000 0.000 0.221 0.198 0.174 0.150 0.134 0.143 0.152 0.161 0.171 0.180 0.189 0.000 0.000 0.000 0.000 0.000 0.000 0.000 0.000 0.000 0.000 0.000
0.000 0.000 0.000 0.001 0.003 0.005 0.006 0.007 0.008 0.009 0.010 0.010 0.011 0.011 0.012 0.013 0.013 0.014 0.014 0.015 0.015 0.016 0.016 0.016 0.016 0.016 0.015 0.014 0.013 0.012 0.011 0.010 0.009 0.008 0.006 0.004 0.001 0.227 0.244 0.000 0.000 0.000 0.000 0.000 0.000 0.000 0.000 0.000 0.351 0.000 0.000 0.000 0.000 0.000 0.232 0.210 0.187 0.163 0.140 0.136 0.145 0.154 0.163 0.172 0.182 0.192 0.000 0.000 0.000 0.000 0.000 0.000 0.000 0.000 0.000 0.000 0.000
0.000 0.000 0.000 0.001 0.003 0.005 0.006 0.007 0.008 0.009 0.009 0.010 0.011 0.011 0.012 0.012 0.013 0.013 0.014 0.014 0.015 0.015 0.015 0.015 0.015 0.015 0.014 0.014 0.013 0.012 0.011 0.010 0.009 0.008 0.007 0.006 0.004 0.000 0.216 0.232 0.000 0.000 0.000 0.000 0.000 0.000 0.000 0.000 0.331 0.000 0.000 0.000 0.000 0.000 0.223 0.199 0.176 0.153 0.129 0.137 0.146 0.156 0.164 0.173 0.182 0.000 0.000 0.000 0.000 0.000 0.000 0.000 0.000 0.000 0.000 0.000 0.000
0.000 0.000 0.000 0.001 0.003 0.005 0.006 0.007 0.008 0.008 0.009 0.010 0.010 0.011 0.011 0.012 0.012 0.013 0.013 0.014 0.014 0.014 0.014 0.014 0.014 0.014 0.013 0.013 0.012 0.012 0.011 0.010 0.009 0.008 0.007 0.006 0.005 0.003 0.001 0.203 0.218 0.000 0.000 0.000 0.000 0.000 0.000 0.316 0.311 0.000 0.000 0.000 0.000 0.232 0.213 0.189 0.166 0.142 0.130 0.139 0.148 0.157 0.165 0.174 0.182 0.188 0.197 0.000 0.000 0.000 0.000 0.000 0.000 0.000 0.000 0.000 0.000
0.000 0.000 0.000 0.000 0.002 0.004 0.005 0.006 0.007 0.008 0.009 0.009 0.010 0.010 0.011 0.011 0.012 0.012 0.013 0.013 0.013 0.013 0.013 0.013 0.013 0.013 0.013 0.012 0.012 0.011 0.010 0.010 0.009 0.008 0.007 0.006 0.005 0.003 0.001 0.000 0.188 0.202 0.000 0.000 0.000 0.000 0.000 0.000 0.000 0.000 0.000 0.000 0.000 0.212 0.200 0.179 0.156 0.132 0.132 0.141 0.150 0.159 0.167 0.176 0.184 0.191 0.199 0.207 0.215 0.000 0.000 0.000 0.000 0.000 0.000 0.000 0.000
0.000 0.000 0.000 0.000 0.001 0.003 0.004 0.005 0.006 0.007 0.008 0.009 0.009 0.010 0.010 0.011 0.011 0.012 0.012 0.012 0.012 0.013 0.013 0.013 0.013 0.012 0.012 0.012 0.011 0.011 0.010 0.009 0.009 0.008 0.007 0.006 0.005 0.003 0.001 0.000 0.000 0.170 0.182 0.201 0.000 0.000 0.000 0.000 0.000 0.000 0.000 0.000 0.202 0.190 0.179 0.166 0.145 0.125 0.135 0.143 0.152 0.161 0.170 0.179 0.187 0.194 0.202 0.210 0.218 0.226 0.234 0.000 0.000 0.000 0.000 0.000 0.000
0.000 0.000 0.000 0.000 0.000 0.002 0.003 0.004 0.005 0.006 0.007 0.008 0.009 0.009 0.010 0.010 0.011 0.011 0.011 0.012 0.012 0.012 0.012 0.012 0.012 0.012 0.011 0.011 0.011 0.010 0.010 0.009 0.008 0.008 0.007 0.006 0.005 0.003 0.001 0.000 0.000 0.000 0.156 0.174 0.192 0.000 0.000 0.000 0.000 0.000 0.000 0.000 0.182 0.170 0.157 0.145 0.133 0.127 0.137 0.146 0.155 0.163 0.173 0.182 0.190 0.198 0.206 0.213 0.220 0.229 0.237 0.245 0.196 0.000 0.000 0.000 0.000
0.000 0.000 0.000 0.000 0.000 0.000 0.002 0.003 0.004 0.005 0.006 0.007 0.008 0.009 0.009 0.010 0.010 0.011 0.011 0.011 0.011 0.011 0.011 0.011 0.011 0.011 0.011 0.011 0.010 0.010 0.009 0.009 0.008 0.007 0.006 0.005 0.004 0.002 0.000 0.000 0.000 0.000 0.000 0.148 0.165 0.183 0.000 0.000 0.000 0.000 0.000 0.173 0.161 0.149 0.136 0.125 0.122 0.126 0.137 0.147 0.157 0.167 0.176 0.185 0.194 0.000 0.000 0.000 0.223 0.232 0.240 0.248 0.240 0.153 0.086 0.000 0.000
0.000 0.000 0.000 0.000 0.000 0.000 0.000 0.002 0.003 0.004 0.005 0.006 0.007 0.008 0.009 0.009 0.010 0.010 0.010 0.010 0.011 0.011 0.011 0.011 0.011 0.010 0.010 0.010 0.010 0.009 0.009 0.008 0.007 0.006 0.005 0.004 0.003 0.001 0.000 0.000 0.000 0.000 0.000 0.000 0.138 0.156 0.174 0.000 0.000 0.000 0.000 0.153 0.140 0.128 0.121 0.121 0.122 0.124 0.134 0.145 0.155 0.164 0.175 0.184 0.195 0.000 0.000 0.000 0.000 0.000 0.243 0.251 0.260 0.197 0.156 0.116 0.000
0.000 0.000 0.000 0.000 0.000 0.000 0.000 0.000 0.002 0.003 0.004 0.005 0.006 0.007 0.008 0.009 0.009 0.009 0.010 0.010 0.010 0.010 0.010 0.010 0.010 0.010 0.010 0.009 0.009 0.009 0.008 0.007 0.006 0.005 0.004 0.003 0.002 0.000 0.000 0.000 0.000 0.000 0.000 0.000 0.115 0.131 0.148 0.166 0.000 0.157 0.145 0.132 0.120 0.120 0.120 0.120 0.121 0.122 0.132 0.142 0.152 0.162 0.172 0.182 0.000 0.000 0.000 0.000 0.000 0.000 0.000 0.251 0.261 0.265 0.226 0.187 0.000
0.000 0.000 0.000 0.000 0.000 0.000 0.000 0.000 0.000 0.002 0.003 0.004 0.005 0.006 0.007 0.008 0.008 0.009 0.009 0.009 0.009 0.009 0.009 0.009 0.009 0.009 0.009 0.009 0.008 0.008 0.007 0.006 0.005 0.004 0.003 0.002 0.000 0.000 0.000 0.000 0.000 0.000 0.000 0.000 0.000 0.107 0.122 0.138 0.153 0.138 0.125 0.120 0.119 0.119 0.119 0.120 0.120 0.120 0.129 0.139 0.149 0.159 0.170 0.000 0.000 0.000 0.000 0.000 0.000 0.000 0.000 0.000 0.000 0.271 0.266 0.255 0.214
0.000 0.000 0.000 0.000 0.000 0.000 0.000 0.000 0.000 0.000 0.002 0.003 0.004 0.005 0.006 0.007 0.008 0.008 0.008 0.008 0.008 0.008 0.008 0.008 0.008 0.008 0.008 0.008 0.008 0.007 0.006 0.005 0.004 0.003 0.002 0.000 0.000 0.000 0.000 0.000 0.000 0.000 0.000 0.000 0.000 0.000 0.098 0.113 0.129 0.121 0.119 0.118 0.118 0.118 0.118 0.118 0.118 0.119 0.126 0.137 0.147 0.157 0.168 0.000 0.000 0.000 0.000 0.000 0.000 0.000 0.000 0.000 0.000 0.000 0.000 0.263 0.257
0.000 0.000 0.000 0.000 0.000 0.000 0.000 0.000 0.000 0.000 0.000 0.002 0.003 0.004 0.005 0.006 0.007 0.007 0.007 0.007 0.007 0.007 0.007 0.007 0.007 0.007 0.007 0.007 0.007 0.006 0.005 0.004 0.003 0.002 0.000 0.000 0.000 0.000 0.000 0.000 0.000 0.000 0.000 0.000 0.000 0.000 0.000 0.089 0.106 0.119 0.118 0.117 0.116 0.116 0.117 0.117 0.117 0.117 0.122 0.133 0.144 0.155 0.000 0.000 0.000 0.000 0.000 0.000 0.000 0.000 0.000 0.000 0.000 0.000 0.000 0.000 0.000
0.000 0.000 0.000 0.000 0.000 0.000 0.000 0.000 0.000 0.000 0.000 0.000 0.002 0.003 0.004 0.005 0.006 0.006 0.006 0.006 0.006 0.006 0.006 0.006 0.006 0.006 0.006 0.006 0.006 0.005 0.004 0.003 0.002 0.000 0.000 0.000 0.000 0.000 0.000 0.000 0.000 0.000 0.000 0.000 0.000 0.000 0.000 0.000 0.083 0.101 0.115 0.115 0.115 0.115 0.115 0.115 0.115 0.115 0.119 0.130 0.141 0.153 0.000 0.000 0.000 0.000 0.000 0.000 0.000 0.000 0.000 0.000 0.000 0.000 0.000 0.000 0.000
0.000 0.000 0.000 0.000 0.000 0.000 0.000 0.000 0.000 0.000 0.000 0.000 0.000 0.002 0.003 0.004 0.005 0.005 0.005 0.005 0.005 0.005 0.005 0.005 0.005 0.005 0.005 0.005 0.005 0.004 0.003 0.002 0.000 0.000 0.000 0.000 0.000 0.000 0.000 0.000 0.000 0.000 0.000 0.000 0.000 0.000 0.000 0.000 0.000 0.064 0.097 0.113 0.113 0.112 0.113 0.112 0.112 0.113 0.115 0.127 0.138 0.000 0.000 0.000 0.000 0.000 0.000 0.000 0.000 0.000 0.000 0.000 0.000 0.000 0.000 0.000 0.000
0.000 0.000 0.000 0.000 0.000 0.000 0.000 0.000 0.000 0.000 0.000 0.000 0.000 0.000 0.001 0.002 0.003 0.003 0.003 0.003 0.003 0.003 0.003 0.003 0.003 0.003 0.003 0.003 0.003 0.002 0.001 0.000 0.000 0.000 0.000 0.000 0.000 0.000 0.000 0.000 0.000 0.000 0.000 0.000 0.000 0.000 0.000 0.000 0.000 0.000 0.076 0.097 0.111 0.110 0.110 0.109 0.109 0.109 0.111 0.123 0.135 0.000 0.000 0.000 0.000 0.000 0.000 0.000 0.000 0.000 0.000 0.000 0.000 0.000 0.000 0.000 0.000
0.000 0.000 0.000 0.000 0.000 0.000 0.000 0.000 0.000 0.000 0.000 0.000 0.000 0.000 0.000 0.000 0.001 0.001 0.001 0.001 0.001 0.001 0.001 0.001 0.001 0.001 0.001 0.001 0.001 0.000 0.000 0.000 0.000 0.000 0.000 0.000 0.000 0.000 0.000 0.000 0.000 0.000 0.000 0.000 0.000 0.000 0.000 0.000 0.000 0.000 0.054 0.075 0.094 0.107 0.106 0.104 0.102 0.103 0.106 0.118 0.000 0.000 0.000 0.000 0.000 0.000 0.000 0.000 0.000 0.000 0.000 0.000 0.000 0.000 0.000 0.000 0.000
0.000 0.000 0.000 0.000 0.000 0.000 0.000 0.000 0.000 0.000 0.000 0.000 0.000 0.000 0.000 0.000 0.000 0.000 0.000 0.000 0.000 0.000 0.000 0.000 0.000 0.000 0.000 0.000 0.000 0.000 0.000 0.000 0.000 0.000 0.000 0.000 0.000 0.000 0.000 0.000 0.000 0.000 0.000 0.000 0.000 0.000 0.000 0.000 0.000 0.000 0.000 0.053 0.072 0.090 0.101 0.096 0.085 0.092 0.095 0.000 0.000 0.000 0.000 0.000 0.000 0.000 0.000 0.000 0.000 0.000 0.000 0.000 0.000 0.000 0.000 0.000 0.000
0.000 0.000 0.000 0.000 0.000 0.000 0.000 0.000 0.000 0.000 0.000 0.000 0.000 0.000 0.000 0.000 0.000 0.000 0.000 0.000 0.000 0.000 0.000 0.000 0.000 0.000 0.000 0.000 0.000 0.000 0.000 0.000 0.000 0.000 0.000 0.000 0.000 0.000 0.000 0.000 0.000 0.000 0.000 0.000 0.000 0.000 0.000 0.000 0.000 0.000 0.000 0.031 0.049 0.067 0.084 0.092 0.087 0.087 0.086 0.083 0.000 0.000 0.000 0.000 0.000 0.000 0.000 0.000 0.000 0.000 0.000 0.000 0.000 0.000 0.000 0.000 0.000
0.000 0.000 0.000 0.000 0.000 0.000 0.000 0.000 0.000 0.000 0.000 0.000 0.000 0.000 0.000 0.000 0.000 0.000 0.000 0.000 0.000 0.000 0.000 0.000 0.000 0.000 0.000 0.000 0.000 0.000 0.000 0.000 0.000 0.000 0.000 0.000 0.000 0.000 0.000 0.000 0.000 0.000 0.000 0.000 0.000 0.000 0.000 0.000 0.000 0.000 0.000 0.008 0.026 0.043 0.059 0.076 0.086 0.083 0.080 0.076 0.078 0.000 0.000 0.000 0.000 0.000 0.000 0.000 0.000 0.000 0.000 0.000 0.000 0.000 0.000 0.000 0.000
0.000 0.000 0.000 0.000 0.000 0.000 0.000 0.000 0.000 0.000 0.000 0.000 0.000 0.000 0.000 0.000 0.000 0.000 0.000 0.000 0.000 0.000 0.000 0.000 0.000 0.000 0.000 0.000 0.000 0.000 0.000 0.000 0.000 0.000 0.000 0.000 0.000 0.000 0.000 0.000 0.000 0.000 0.000 0.000 0.000 0.000 0.000 0.000 0.000 0.000 0.000 0.001 0.004 0.019 0.036 0.053 0.070 0.079 0.075 0.068 0.068 0.063 0.064 0.000 0.000 0.000 0.000 0.000 0.000 0.000 0.000 0.000 0.000 0.000 0.000 0.000 0.000
0.000 0.000 0.000 0.000 0.000 0.000 0.000 0.000 0.000 0.000 0.000 0.000 0.000 0.000 0.000 0.000 0.000 0.000 0.000 0.000 0.000 0.000 0.000 0.000 0.000 0.000 0.000 0.000 0.000 0.000 0.000 0.000 0.000 0.000 0.000 0.000 0.000 0.000 0.000 0.000 0.000 0.000 0.000 0.000 0.000 0.000 0.000 0.000 0.000 0.000 0.000 0.000 0.001 0.002 0.012 0.029 0.046 0.062 0.069 0.062 0.059 0.055 0.056 0.059 0.000 0.000 0.000 0.000 0.000 0.000 0.000 0.000 0.000 0.000 0.000 0.000 0.000
0.000 0.000 0.000 0.000 0.000 0.000 0.000 0.000 0.000 0.000 0.000 0.000 0.000 0.000 0.000 0.000 0.000 0.000 0.000 0.000 0.000 0.000 0.000 0.000 0.000 0.000 0.000 0.000 0.000 0.000 0.000 0.000 0.000 0.000 0.000 0.000 0.000 0.000 0.000 0.000 0.000 0.000 0.000 0.000 0.000 0.000 0.000 0.000 0.000 0.000 0.000 0.000 0.001 0.001 0.001 0.007 0.022 0.038 0.052 0.055 0.048 0.047 0.049 0.052 0.053 0.000 0.000 0.000 0.000 0.000 0.000 0.000 0.000 0.000 0.000 0.000 0.000
