数据/150y_3h/150y_3h_res_2/150y_3h_158-0001.wd
ncols         694
nrows         824
xllcorner     581104.939801
yllcorner     3495917.092414
cellsize      2.000000
NODATA_value  -9999.000000
[rows 544 to 577 of 824, columns 308 to 384 of 694]
0.001 0.001 0.000 0.000 0.000 0.000 0.000 0.000 0.000 0.001 0.002 0.002 0.002 0.002 0.002 0.003 0.003 0.003 0.003 0.003 0.003 0.003 0.003 0.003 0.003 0.003 0.003 0.005 0.045 0.067 0.069 0.065 0.062 0.060 0.058 0.057 0.062 0.079 0.085 0.084 0.084 0.086 0.094 0.110 0.140 0.178 0.220 0.000 0.000 0.000 0.000 0.000 0.000 0.000 0.000 0.000 0.000 0.000 0.000 0.000 0.000 0.000 0.000 0.000 0.000 0.000 0.000 0.000 0.000 0.000 0.000 0.000 0.000 0.000 0.000 0.000 0.000
0.001 0.001 0.001 0.000 0.000 0.000 0.000 0.000 0.001 0.002 0.003 0.004 0.004 0.004 0.004 0.004 0.003 0.003 0.002 0.002 0.002 0.002 0.002 0.002 0.003 0.003 0.003 0.003 0.014 0.031 0.052 0.055 0.055 0.055 0.055 0.059 0.076 0.082 0.081 0.081 0.081 0.082 0.088 0.103 0.130 0.168 0.210 0.000 0.000 0.000 0.000 0.000 0.000 0.000 0.000 0.000 0.000 0.000 0.000 0.000 0.000 0.000 0.000 0.000 0.000 0.000 0.000 0.000 0.000 0.000 0.000 0.000 0.000 0.000 0.000 0.000 0.000
0.001 0.001 0.001 0.001 0.001 0.001 0.000 0.000 0.002 0.003 0.004 0.005 0.005 0.006 0.006 0.005 0.005 0.004 0.003 0.003 0.002 0.002 0.001 0.002 0.002 0.002 0.002 0.002 0.002 0.008 0.034 0.043 0.046 0.049 0.053 0.069 0.078 0.077 0.077 0.077 0.077 0.078 0.082 0.094 0.119 0.157 0.199 0.000 0.000 0.000 0.000 0.000 0.000 0.000 0.000 0.000 0.000 0.000 0.000 0.000 0.000 0.000 0.000 0.000 0.000 0.000 0.000 0.000 0.000 0.000 0.000 0.000 0.000 0.000 0.000 0.000 0.000
0.003 0.003 0.002 0.002 0.002 0.002 0.001 0.001 0.003 0.004 0.005 0.006 0.007 0.007 0.007 0.007 0.006 0.006 0.005 0.004 0.003 0.003 0.003 0.003 0.003 0.002 0.002 0.002 0.002 0.003 0.011 0.030 0.036 0.043 0.060 0.071 0.072 0.072 0.072 0.072 0.072 0.073 0.076 0.086 0.108 0.145 0.000 0.000 0.000 0.000 0.000 0.000 0.000 0.000 0.000 0.000 0.000 0.000 0.000 0.000 0.000 0.000 0.000 0.000 0.000 0.000 0.000 0.000 0.000 0.000 0.000 0.000 0.003 0.003 0.001 0.000 0.000
0.008 0.007 0.006 0.006 0.005 0.003 0.004 0.004 0.004 0.006 0.007 0.008 0.008 0.009 0.009 0.009 0.008 0.007 0.007 0.006 0.006 0.030 0.020 0.014 0.010 0.008 0.006 0.004 0.003 0.003 0.004 0.020 0.031 0.051 0.065 0.066 0.067 0.068 0.068 0.068 0.068 0.068 0.070 0.076 0.093 0.128 0.000 0.000 0.000 0.000 0.000 0.000 0.000 0.000 0.000 0.000 0.000 0.000 0.000 0.000 0.000 0.000 0.000 0.000 0.000 0.000 0.000 0.000 0.000 0.000 0.000 0.000 0.008 0.009 0.008 0.005 0.001
0.029 0.028 0.019 0.013 0.009 0.009 0.000 0.000 0.006 0.011 0.010 0.010 0.012 0.012 0.012 0.012 0.011 0.010 0.009 0.008 0.009 0.022 0.020 0.016 0.013 0.011 0.008 0.007 0.005 0.004 0.003 0.005 0.044 0.062 0.064 0.064 0.064 0.064 0.064 0.063 0.063 0.063 0.064 0.065 0.061 0.095 0.103 0.128 0.000 0.000 0.000 0.000 0.000 0.000 0.000 0.000 0.000 0.000 0.000 0.000 0.000 0.000 0.000 0.000 0.000 0.000 0.000 0.000 0.000 0.000 0.000 0.000 0.015 0.016 0.015 0.013 0.010
0.000 0.000 0.014 0.012 0.010 0.017 0.000 0.000 0.000 0.000 0.012 0.018 0.023 0.019 0.017 0.017 0.017 0.016 0.014 0.012 0.013 0.019 0.019 0.017 0.015 0.013 0.011 0.009 0.007 0.006 0.013 0.082 0.084 0.072 0.065 0.063 0.062 0.061 0.059 0.059 0.058 0.058 0.058 0.059 0.060 0.075 0.085 0.100 0.096 0.097 0.106 0.130 0.000 0.000 0.000 0.000 0.000 0.000 0.000 0.000 0.000 0.000 0.000 0.000 0.000 0.000 0.000 0.000 0.000 0.000 0.023 0.027 0.024 0.023 0.021 0.020 0.017
0.000 0.000 0.011 0.012 0.020 0.123 0.000 0.000 0.000 0.000 0.000 0.000 0.000 0.021 0.029 0.034 0.037 0.028 0.022 0.020 0.019 0.020 0.020 0.019 0.018 0.016 0.014 0.012 0.011 0.018 0.088 0.140 0.112 0.096 0.083 0.072 0.063 0.056 0.054 0.054 0.053 0.052 0.052 0.052 0.053 0.060 0.067 0.076 0.078 0.081 0.089 0.103 0.100 0.108 0.132 0.000 0.000 0.000 0.000 0.000 0.000 0.000 0.000 0.000 0.000 0.000 0.000 0.000 0.029 0.033 0.031 0.030 0.029 0.028 0.026 0.024 0.023
0.000 0.000 0.009 0.012 0.022 0.000 0.000 0.000 0.000 0.000 0.000 0.000 0.000 0.000 0.000 0.000 0.000 0.028 0.036 0.039 0.030 0.026 0.025 0.025 0.024 0.021 0.019 0.019 0.034 0.051 0.083 0.109 0.103 0.095 0.089 0.081 0.074 0.067 0.060 0.053 0.047 0.046 0.046 0.046 0.046 0.048 0.052 0.058 0.061 0.064 0.070 0.078 0.082 0.090 0.103 0.097 0.093 0.090 0.112 0.000 0.000 0.000 0.000 0.000 0.000 0.000 0.038 0.041 0.038 0.037 0.035 0.034 0.033 0.031 0.030 0.028 0.027
0.000 0.000 0.008 0.012 0.034 0.000 0.000 0.000 0.000 0.000 0.000 0.000 0.000 0.000 0.000 0.000 0.000 0.000 0.000 0.000 0.031 0.040 0.046 0.050 0.038 0.033 0.037 0.045 0.047 0.059 0.079 0.094 0.095 0.092 0.089 0.084 0.079 0.074 0.069 0.064 0.058 0.052 0.046 0.041 0.039 0.040 0.041 0.043 0.045 0.047 0.052 0.058 0.063 0.070 0.078 0.078 0.075 0.055 0.083 0.089 0.109 0.135 0.000 0.000 0.050 0.052 0.047 0.045 0.043 0.040 0.039 0.037 0.035 0.034 0.032 0.030 0.030
0.000 0.000 0.007 0.028 0.139 0.000 0.000 0.000 0.000 0.000 0.000 0.000 0.000 0.000 0.000 0.000 0.000 0.000 0.000 0.000 0.000 0.000 0.000 0.000 0.042 0.065 0.056 0.053 0.056 0.066 0.079 0.087 0.089 0.089 0.087 0.085 0.082 0.078 0.074 0.070 0.066 0.061 0.057 0.052 0.046 0.040 0.035 0.033 0.034 0.034 0.036 0.040 0.044 0.050 0.057 0.059 0.059 0.056 0.065 0.074 0.094 0.115 0.098 0.078 0.062 0.056 0.052 0.048 0.045 0.043 0.041 0.039 0.037 0.035 0.033 0.032 0.031
0.000 0.000 0.007 0.028 0.000 0.000 0.000 0.000 0.000 0.000 0.000 0.000 0.000 0.000 0.000 0.000 0.000 0.000 0.000 0.000 0.000 0.000 0.000 0.000 0.000 0.000 0.048 0.058 0.066 0.076 0.085 0.084 0.084 0.085 0.085 0.084 0.082 0.080 0.077 0.074 0.071 0.067 0.063 0.059 0.055 0.050 0.045 0.040 0.034 0.029 0.027 0.028 0.030 0.034 0.039 0.042 0.044 0.045 0.049 0.058 0.078 0.096 0.082 0.066 0.061 0.056 0.052 0.049 0.046 0.043 0.041 0.039 0.037 0.036 0.034 0.032 0.031
0.000 0.000 0.007 0.029 0.000 0.000 0.000 0.000 0.000 0.000 0.000 0.000 0.000 0.000 0.000 0.000 0.000 0.000 0.000 0.000 0.000 0.000 0.000 0.000 0.000 0.000 0.000 0.000 0.000 0.000 0.000 0.075 0.078 0.082 0.082 0.082 0.081 0.081 0.079 0.077 0.074 0.071 0.068 0.064 0.060 0.056 0.052 0.048 0.043 0.039 0.034 0.029 0.025 0.024 0.026 0.028 0.030 0.032 0.035 0.043 0.061 0.078 0.063 0.059 0.056 0.053 0.050 0.047 0.045 0.042 0.040 0.039 0.037 0.035 0.033 0.032 0.029
0.000 0.000 0.007 0.029 0.000 0.000 0.000 0.000 0.000 0.000 0.000 0.000 0.000 0.000 0.000 0.000 0.000 0.000 0.000 0.000 0.000 0.000 0.000 0.000 0.000 0.000 0.000 0.000 0.000 0.000 0.000 0.000 0.072 0.084 0.080 0.079 0.079 0.081 0.081 0.079 0.076 0.073 0.070 0.067 0.064 0.060 0.057 0.053 0.049 0.045 0.041 0.038 0.034 0.031 0.027 0.023 0.022 0.023 0.024 0.029 0.044 0.058 0.050 0.050 0.049 0.048 0.046 0.044 0.042 0.040 0.038 0.037 0.035 0.033 0.031 0.030 0.025
0.000 0.000 0.006 0.022 0.013 0.012 0.000 0.000 0.000 0.000 0.000 0.000 0.000 0.000 0.000 0.000 0.000 0.000 0.000 0.000 0.000 0.000 0.000 0.000 0.000 0.000 0.000 0.000 0.000 0.000 0.000 0.000 0.000 0.000 0.070 0.073 0.078 0.082 0.082 0.080 0.077 0.074 0.071 0.068 0.065 0.062 0.059 0.056 0.053 0.050 0.046 0.043 0.040 0.037 0.034 0.032 0.028 0.025 0.021 0.020 0.028 0.038 0.041 0.042 0.042 0.041 0.040 0.039 0.038 0.036 0.035 0.034 0.032 0.030 0.028 0.027 0.020
0.000 0.000 0.006 0.017 0.013 0.014 0.011 0.009 0.010 0.000 0.000 0.000 0.000 0.000 0.000 0.000 0.000 0.000 0.000 0.000 0.000 0.000 0.000 0.000 0.000 0.000 0.000 0.000 0.000 0.000 0.000 0.000 0.000 0.000 0.000 0.068 0.082 0.088 0.081 0.078 0.075 0.073 0.070 0.068 0.065 0.063 0.060 0.058 0.055 0.052 0.050 0.047 0.044 0.042 0.040 0.037 0.035 0.032 0.029 0.026 0.027 0.031 0.031 0.033 0.034 0.034 0.034 0.033 0.033 0.032 0.031 0.030 0.029 0.027 0.025 0.022 0.014
0.000 0.000 0.006 0.013 0.018 0.023 0.024 0.018 0.015 0.012 0.014 0.000 0.000 0.000 0.000 0.000 0.000 0.000 0.000 0.000 0.000 0.000 0.000 0.000 0.000 0.000 0.000 0.000 0.000 0.000 0.000 0.000 0.000 0.000 0.000 0.000 0.000 0.000 0.070 0.071 0.071 0.069 0.067 0.066 0.064 0.062 0.060 0.058 0.056 0.054 0.052 0.049 0.047 0.045 0.043 0.041 0.039 0.037 0.034 0.032 0.033 0.036 0.033 0.030 0.026 0.026 0.027 0.027 0.027 0.027 0.026 0.026 0.024 0.022 0.020 0.015 0.006
0.000 0.000 0.005 0.013 0.000 0.000 0.000 0.018 0.023 0.026 0.020 0.015 0.012 0.015 0.000 0.000 0.000 0.000 0.000 0.000 0.000 0.000 0.000 0.000 0.000 0.000 0.000 0.000 0.000 0.000 0.000 0.000 0.000 0.000 0.000 0.000 0.000 0.000 0.000 0.062 0.062 0.062 0.062 0.061 0.061 0.060 0.059 0.057 0.056 0.054 0.053 0.051 0.049 0.048 0.046 0.044 0.042 0.040 0.038 0.037 0.039 0.042 0.038 0.034 0.031 0.028 0.025 0.021 0.021 0.021 0.021 0.020 0.019 0.017 0.014 0.007 0.001
0.000 0.000 0.005 0.013 0.000 0.000 0.000 0.000 0.000 0.000 0.020 0.025 0.027 0.025 0.022 0.000 0.000 0.000 0.000 0.000 0.000 0.000 0.000 0.000 0.000 0.000 0.000 0.000 0.000 0.000 0.000 0.000 0.000 0.000 0.000 0.000 0.000 0.000 0.000 0.000 0.045 0.051 0.055 0.056 0.057 0.057 0.056 0.056 0.055 0.054 0.053 0.052 0.050 0.049 0.047 0.046 0.045 0.043 0.042 0.041 0.044 0.048 0.043 0.040 0.037 0.040 0.032 0.027 0.022 0.018 0.015 0.014 0.013 0.011 0.007 0.002 0.000
0.000 0.000 0.004 0.010 0.006 0.006 0.006 0.000 0.000 0.000 0.000 0.000 0.021 0.022 0.016 0.003 0.000 0.000 0.000 0.000 0.000 0.000 0.000 0.000 0.000 0.000 0.000 0.000 0.000 0.000 0.000 0.000 0.000 0.000 0.000 0.000 0.000 0.000 0.000 0.000 0.034 0.042 0.047 0.050 0.052 0.053 0.053 0.054 0.053 0.053 0.052 0.052 0.051 0.050 0.049 0.049 0.048 0.047 0.046 0.045 0.048 0.054 0.049 0.045 0.042 0.041 0.036 0.031 0.026 0.022 0.018 0.014 0.010 0.006 0.004 0.001 0.000
0.000 0.000 0.004 0.008 0.009 0.000 0.006 0.003 0.001 0.000 0.000 0.000 0.000 0.000 0.000 0.000 0.000 0.000 0.000 0.000 0.000 0.000 0.000 0.000 0.000 0.000 0.000 0.000 0.000 0.000 0.000 0.000 0.000 0.000 0.000 0.000 0.000 0.000 0.000 0.000 0.025 0.034 0.040 0.044 0.047 0.049 0.050 0.051 0.051 0.051 0.051 0.051 0.052 0.052 0.052 0.052 0.051 0.050 0.050 0.050 0.053 0.060 0.055 0.051 0.047 0.044 0.040 0.035 0.031 0.026 0.022 0.017 0.013 0.009 0.005 0.002 0.000
0.000 0.000 0.003 0.006 0.048 0.000 0.000 0.001 0.000 0.000 0.000 0.000 0.000 0.000 0.000 0.000 0.000 0.000 0.000 0.000 0.000 0.000 0.000 0.000 0.000 0.000 0.000 0.000 0.000 0.000 0.000 0.000 0.000 0.000 0.000 0.000 0.000 0.000 0.000 0.000 0.018 0.027 0.033 0.038 0.042 0.045 0.047 0.048 0.049 0.050 0.051 0.053 0.055 0.056 0.056 0.056 0.055 0.055 0.054 0.055 0.059 0.066 0.061 0.057 0.053 0.049 0.044 0.040 0.035 0.030 0.026 0.021 0.018 0.013 0.007 0.003 0.000
0.000 0.000 0.001 0.020 0.000 0.000 0.000 0.000 0.000 0.000 0.000 0.000 0.000 0.000 0.000 0.000 0.000 0.000 0.000 0.000 0.000 0.000 0.000 0.000 0.000 0.000 0.000 0.000 0.000 0.000 0.000 0.000 0.000 0.000 0.000 0.000 0.000 0.000 0.000 0.000 0.014 0.021 0.027 0.033 0.038 0.042 0.044 0.046 0.048 0.050 0.054 0.058 0.061 0.062 0.062 0.062 0.061 0.060 0.060 0.061 0.065 0.073 0.068 0.063 0.058 0.054 0.049 0.044 0.039 0.035 0.030 0.027 0.025 0.013 0.008 0.000 0.000
0.000 0.000 0.000 0.000 0.000 0.000 0.000 0.000 0.000 0.000 0.000 0.000 0.000 0.000 0.000 0.000 0.000 0.000 0.000 0.000 0.000 0.000 0.000 0.000 0.000 0.000 0.000 0.000 0.000 0.000 0.000 0.000 0.000 0.000 0.000 0.000 0.000 0.000 0.000 0.000 0.010 0.017 0.023 0.029 0.035 0.040 0.044 0.045 0.048 0.054 0.064 0.069 0.072 0.073 0.070 0.069 0.068 0.068 0.067 0.068 0.072 0.080 0.075 0.070 0.064 0.059 0.054 0.049 0.044 0.040 0.036 0.036 0.025 0.015 0.010 0.004 0.001
0.000 0.000 0.000 0.000 0.000 0.000 0.000 0.000 0.000 0.000 0.000 0.000 0.000 0.000 0.000 0.000 0.000 0.000 0.000 0.000 0.000 0.000 0.000 0.000 0.000 0.000 0.000 0.000 0.000 0.000 0.000 0.000 0.000 0.000 0.000 0.000 0.000 0.000 0.000 0.000 0.007 0.012 0.017 0.023 0.033 0.031 0.037 0.045 0.050 0.065 0.086 0.087 0.089 0.088 0.077 0.075 0.076 0.077 0.075 0.075 0.079 0.088 0.082 0.076 0.070 0.064 0.059 0.054 0.049 0.046 0.045 0.038 0.023 0.017 0.011 0.005 0.001
0.000 0.000 0.000 0.000 0.000 0.000 0.000 0.000 0.000 0.000 0.000 0.000 0.000 0.000 0.000 0.000 0.000 0.000 0.000 0.000 0.000 0.000 0.000 0.000 0.000 0.000 0.000 0.000 0.000 0.000 0.000 0.000 0.000 0.000 0.000 0.000 0.000 0.000 0.000 0.000 0.004 0.008 0.013 0.022 0.018 0.022 0.028 0.037 0.057 0.085 0.117 0.000 0.000 0.000 0.071 0.083 0.088 0.089 0.080 0.081 0.088 0.096 0.088 0.081 0.074 0.068 0.063 0.058 0.055 0.054 0.050 0.037 0.025 0.018 0.012 0.005 0.001
0.000 0.000 0.000 0.000 0.000 0.000 0.000 0.000 0.000 0.000 0.000 0.000 0.000 0.000 0.000 0.000 0.000 0.000 0.000 0.000 0.000 0.000 0.000 0.000 0.000 0.000 0.000 0.000 0.000 0.000 0.000 0.000 0.000 0.000 0.000 0.000 0.000 0.000 0.000 0.000 0.003 0.005 0.011 0.011 0.010 0.014 0.020 0.029 0.056 0.101 0.139 0.000 0.000 0.000 0.000 0.000 0.000 0.000 0.076 0.090 0.099 0.102 0.092 0.084 0.077 0.071 0.066 0.063 0.062 0.061 0.049 0.034 0.026 0.019 0.013 0.006 0.001
0.000 0.000 0.000 0.000 0.000 0.000 0.000 0.000 0.000 0.000 0.000 0.000 0.000 0.000 0.000 0.000 0.000 0.000 0.000 0.000 0.000 0.000 0.000 0.000 0.000 0.000 0.000 0.000 0.000 0.000 0.000 0.000 0.000 0.000 0.000 0.000 0.000 0.000 0.000 0.000 0.001 0.004 0.005 0.003 0.005 0.009 0.013 0.023 0.056 0.104 0.153 0.000 0.000 0.000 0.000 0.000 0.000 0.000 0.000 0.000 0.000 0.102 0.091 0.083 0.077 0.072 0.069 0.068 0.070 0.059 0.047 0.032 0.026 0.020 0.014 0.006 0.001
0.000 0.000 0.000 0.000 0.000 0.000 0.000 0.000 0.000 0.000 0.000 0.000 0.000 0.000 0.000 0.000 0.000 0.000 0.000 0.000 0.000 0.000 0.000 0.000 0.000 0.000 0.000 0.000 0.000 0.000 0.000 0.000 0.000 0.000 0.000 0.000 0.000 0.000 0.000 0.000 0.000 0.000 0.000 0.000 0.002 0.004 0.008 0.019 0.059 0.107 0.000 0.000 0.000 0.000 0.000 0.000 0.000 0.000 0.000 0.000 0.000 0.000 0.077 0.077 0.075 0.073 0.073 0.075 0.068 0.057 0.043 0.033 0.027 0.021 0.014 0.006 0.001
0.000 0.000 0.000 0.000 0.000 0.000 0.000 0.000 0.000 0.000 0.000 0.000 0.000 0.000 0.000 0.000 0.000 0.000 0.000 0.000 0.000 0.000 0.000 0.000 0.000 0.000 0.000 0.000 0.000 0.000 0.000 0.000 0.000 0.000 0.000 0.000 0.000 0.000 0.000 0.000 0.000 0.000 0.000 0.000 0.000 0.002 0.005 0.016 0.061 0.111 0.000 0.000 0.000 0.000 0.000 0.000 0.000 0.000 0.000 0.000 0.000 0.041 0.065 0.071 0.073 0.074 0.078 0.075 0.065 0.053 0.039 0.032 0.026 0.020 0.013 0.005 0.000
0.000 0.000 0.000 0.000 0.000 0.000 0.000 0.000 0.000 0.000 0.000 0.000 0.000 0.000 0.000 0.000 0.000 0.000 0.000 0.000 0.000 0.000 0.000 0.000 0.000 0.000 0.000 0.000 0.000 0.000 0.000 0.000 0.000 0.000 0.000 0.000 0.000 0.000 0.000 0.000 0.000 0.000 0.000 0.000 0.000 0.000 0.003 0.015 0.065 0.000 0.000 0.000 0.000 0.000 0.000 0.000 0.000 0.000 0.000 0.000 0.000 0.044 0.060 0.068 0.073 0.078 0.079 0.071 0.060 0.048 0.037 0.031 0.025 0.019 0.011 0.003 0.000
0.000 0.000 0.000 0.000 0.000 0.000 0.000 0.000 0.000 0.000 0.000 0.000 0.000 0.000 0.000 0.000 0.000 0.000 0.000 0.000 0.000 0.000 0.000 0.000 0.000 0.000 0.000 0.000 0.000 0.000 0.000 0.000 0.000 0.000 0.000 0.000 0.000 0.000 0.000 0.000 0.000 0.000 0.000 0.000 0.000 0.000 0.000 0.016 0.067 0.000 0.000 0.000 0.000 0.000 0.000 0.000 0.000 0.000 0.000 0.000 0.000 0.045 0.059 0.067 0.075 0.081 0.074 0.066 0.056 0.043 0.035 0.029 0.022 0.015 0.007 0.001 0.000
0.000 0.000 0.000 0.000 0.000 0.000 0.000 0.000 0.000 0.000 0.000 0.000 0.000 0.000 0.000 0.000 0.000 0.000 0.000 0.000 0.000 0.000 0.000 0.000 0.000 0.000 0.000 0.000 0.000 0.000 0.000 0.000 0.000 0.000 0.000 0.000 0.000 0.000 0.000 0.000 0.000 0.000 0.000 0.000 0.000 0.000 0.000 0.011 0.000 0.000 0.000 0.000 0.000 0.000 0.000 0.000 0.000 0.000 0.000 0.000 0.000 0.045 0.060 0.069 0.079 0.075 0.069 0.060 0.050 0.037 0.032 0.025 0.000 0.007 0.001 0.000 0.000
0.000 0.000 0.000 0.000 0.000 0.000 0.000 0.000 0.000 0.000 0.000 0.000 0.000 0.000 0.000 0.000 0.000 0.000 0.000 0.000 0.000 0.000 0.000 0.000 0.000 0.000 0.000 0.000 0.000 0.000 0.000 0.000 0.000 0.000 0.000 0.000 0.000 0.000 0.000 0.000 0.000 0.000 0.000 0.000 0.000 0.000 0.000 0.004 0.000 0.000 0.000 0.000 0.000 0.000 0.000 0.000 0.000 0.000 0.000 0.000 0.000 0.047 0.063 0.074 0.075 0.070 0.063 0.055 0.043 0.034 0.029 0.021 0.011 0.003 0.000 0.000 0.000
