数据/150y_3h/150y_3h_res_2/150y_3h_291-0001.wd
ncols         694
nrows         824
xllcorner     581104.939801
yllcorner     3495917.092414
cellsize      2.000000
NODATA_value  -9999.000000
[rows 442 to 475 of 824, columns 385 to 461 of 694]
0.000 0.000 0.000 0.020 0.016 0.010 0.006 0.002 0.001 0.001 0.001 0.001 0.001 0.001 0.001 0.001 0.001 0.001 0.001 0.001 0.001 0.002 0.002 0.003 0.003 0.003 0.004 0.004 0.006 0.012 0.015 0.015 0.015 0.015 0.000 0.000 0.000 0.000 0.000 0.000 0.000 0.000 0.000 0.000 0.000 0.000 0.000 0.000 0.000 0.000 0.000 0.006 0.014 0.021 0.028 0.035 0.043 0.049 0.057 0.064 0.071 0.079 0.086 0.093 0.101 0.108 0.114 0.122 0.129 0.137 0.000 0.000 0.000 0.000 0.000 0.000 0.000
0.000 0.000 0.000 0.000 0.000 0.021 0.016 0.010 0.005 0.002 0.001 0.001 0.001 0.001 0.001 0.001 0.001 0.001 0.001 0.001 0.001 0.001 0.002 0.002 0.003 0.003 0.003 0.004 0.006 0.013 0.014 0.014 0.014 0.015 0.000 0.000 0.000 0.000 0.000 0.000 0.000 0.000 0.000 0.000 0.000 0.000 0.000 0.000 0.000 0.005 0.012 0.019 0.027 0.034 0.041 0.048 0.055 0.063 0.070 0.077 0.084 0.091 0.099 0.106 0.113 0.120 0.127 0.136 0.142 0.149 0.157 0.158 0.000 0.000 0.000 0.000 0.000
0.000 0.000 0.000 0.000 0.000 0.000 0.000 0.019 0.014 0.009 0.004 0.002 0.001 0.001 0.001 0.001 0.001 0.001 0.001 0.001 0.001 0.001 0.002 0.002 0.003 0.003 0.003 0.004 0.006 0.013 0.013 0.013 0.013 0.000 0.000 0.000 0.000 0.000 0.000 0.000 0.000 0.000 0.000 0.000 0.000 0.000 0.000 0.003 0.011 0.018 0.025 0.032 0.040 0.047 0.054 0.061 0.069 0.075 0.083 0.090 0.097 0.105 0.112 0.119 0.127 0.134 0.141 0.148 0.154 0.162 0.169 0.166 0.161 0.157 0.153 0.000 0.000
0.000 0.000 0.000 0.000 0.000 0.000 0.000 0.000 0.021 0.019 0.014 0.009 0.004 0.002 0.001 0.001 0.001 0.001 0.001 0.001 0.001 0.001 0.001 0.002 0.002 0.003 0.003 0.003 0.004 0.012 0.012 0.012 0.012 0.000 0.000 0.000 0.000 0.000 0.000 0.000 0.000 0.000 0.000 0.000 0.000 0.000 0.009 0.016 0.024 0.031 0.038 0.045 0.052 0.000 0.000 0.000 0.000 0.089 0.000 0.000 0.111 0.118 0.125 0.133 0.139 0.146 0.154 0.162 0.169 0.175 0.178 0.173 0.169 0.165 0.160 0.156 0.152
0.000 0.000 0.000 0.000 0.000 0.000 0.000 0.000 0.000 0.000 0.019 0.017 0.014 0.009 0.005 0.002 0.001 0.001 0.001 0.001 0.001 0.001 0.001 0.001 0.002 0.002 0.003 0.003 0.005 0.011 0.011 0.011 0.011 0.000 0.000 0.000 0.000 0.000 0.000 0.000 0.000 0.000 0.000 0.000 0.000 0.000 0.000 0.000 0.000 0.044 0.051 0.058 0.065 0.000 0.000 0.000 0.000 0.000 0.000 0.000 0.000 0.000 0.000 0.000 0.153 0.160 0.167 0.174 0.181 0.188 0.185 0.181 0.176 0.171 0.167 0.163 0.159
0.000 0.000 0.000 0.000 0.000 0.000 0.000 0.000 0.000 0.000 0.000 0.021 0.019 0.016 0.014 0.010 0.005 0.002 0.001 0.001 0.001 0.001 0.001 0.001 0.001 0.002 0.002 0.003 0.006 0.010 0.010 0.010 0.009 0.007 0.006 0.005 0.000 0.000 0.000 0.000 0.000 0.000 0.000 0.000 0.000 0.000 0.000 0.000 0.000 0.000 0.000 0.000 0.000 0.000 0.000 0.000 0.000 0.000 0.000 0.000 0.000 0.000 0.000 0.000 0.000 0.000 0.000 0.000 0.194 0.197 0.193 0.188 0.184 0.180 0.175 0.171 0.166
0.000 0.000 0.000 0.000 0.000 0.000 0.000 0.000 0.000 0.000 0.000 0.000 0.000 0.020 0.018 0.015 0.012 0.009 0.004 0.002 0.001 0.001 0.001 0.001 0.001 0.002 0.002 0.003 0.006 0.008 0.008 0.008 0.007 0.006 0.004 0.003 0.002 0.002 0.002 0.002 0.000 0.000 0.000 0.000 0.000 0.000 0.000 0.000 0.000 0.000 0.000 0.000 0.000 0.000 0.000 0.000 0.000 0.000 0.000 0.000 0.000 0.000 0.000 0.000 0.000 0.000 0.000 0.000 0.000 0.000 0.000 0.196 0.191 0.186 0.182 0.177 0.173
0.000 0.000 0.000 0.000 0.000 0.000 0.000 0.000 0.000 0.000 0.000 0.000 0.000 0.000 0.000 0.018 0.015 0.012 0.009 0.006 0.003 0.002 0.001 0.001 0.001 0.001 0.002 0.002 0.004 0.006 0.007 0.006 0.005 0.003 0.003 0.003 0.003 0.002 0.002 0.002 0.002 0.002 0.002 0.000 0.000 0.000 0.000 0.000 0.000 0.000 0.000 0.000 0.000 0.000 0.000 0.000 0.000 0.000 0.000 0.000 0.000 0.000 0.000 0.000 0.000 0.000 0.000 0.000 0.000 0.000 0.000 0.000 0.000 0.000 0.000 0.185 0.181
0.000 0.000 0.000 0.000 0.000 0.000 0.000 0.000 0.000 0.000 0.000 0.000 0.000 0.000 0.000 0.000 0.018 0.016 0.011 0.008 0.005 0.003 0.002 0.002 0.001 0.001 0.001 0.002 0.003 0.004 0.005 0.004 0.004 0.004 0.004 0.003 0.003 0.003 0.003 0.003 0.002 0.002 0.002 0.002 0.002 0.002 0.002 0.000 0.000 0.000 0.000 0.000 0.000 0.000 0.000 0.000 0.000 0.000 0.000 0.000 0.000 0.000 0.000 0.000 0.000 0.000 0.000 0.000 0.000 0.000 0.000 0.000 0.000 0.000 0.000 0.000 0.000
0.000 0.000 0.000 0.000 0.000 0.000 0.000 0.000 0.000 0.000 0.000 0.000 0.000 0.000 0.000 0.000 0.000 0.000 0.011 0.008 0.006 0.004 0.003 0.002 0.002 0.002 0.001 0.002 0.003 0.003 0.003 0.004 0.004 0.004 0.004 0.004 0.003 0.003 0.003 0.003 0.003 0.003 0.003 0.002 0.002 0.002 0.002 0.002 0.002 0.002 0.002 0.002 0.002 0.002 0.001 0.000 0.000 0.000 0.000 0.000 0.000 0.000 0.000 0.000 0.000 0.000 0.000 0.000 0.000 0.000 0.000 0.000 0.000 0.000 0.000 0.000 0.000
0.000 0.000 0.000 0.000 0.000 0.000 0.000 0.000 0.000 0.000 0.000 0.000 0.000 0.000 0.000 0.000 0.000 0.000 0.010 0.008 0.006 0.004 0.003 0.000 0.002 0.002 0.002 0.002 0.002 0.003 0.003 0.004 0.004 0.004 0.004 0.004 0.004 0.003 0.003 0.003 0.003 0.003 0.003 0.003 0.003 0.002 0.002 0.002 0.002 0.002 0.002 0.002 0.002 0.002 0.002 0.002 0.002 0.001 0.000 0.000 0.000 0.000 0.000 0.000 0.000 0.000 0.000 0.000 0.000 0.000 0.000 0.000 0.000 0.000 0.000 0.000 0.000
0.000 0.000 0.000 0.000 0.000 0.000 0.000 0.000 0.000 0.000 0.000 0.000 0.000 0.000 0.000 0.000 0.000 0.000 0.010 0.008 0.006 0.005 0.004 0.003 0.003 0.003 0.002 0.002 0.001 0.003 0.003 0.004 0.004 0.004 0.004 0.004 0.004 0.004 0.004 0.004 0.003 0.003 0.003 0.003 0.003 0.001 0.002 0.002 0.002 0.002 0.002 0.002 0.002 0.002 0.002 0.002 0.002 0.002 0.002 0.002 0.001 0.000 0.000 0.000 0.000 0.000 0.000 0.000 0.000 0.000 0.000 0.000 0.000 0.000 0.000 0.000 0.000
0.000 0.000 0.000 0.000 0.000 0.000 0.000 0.000 0.000 0.000 0.000 0.000 0.000 0.000 0.000 0.000 0.000 0.000 0.010 0.008 0.006 0.005 0.004 0.003 0.003 0.003 0.002 0.002 0.002 0.003 0.003 0.004 0.004 0.004 0.004 0.004 0.005 0.005 0.005 0.004 0.004 0.004 0.004 0.004 0.003 0.002 0.002 0.002 0.002 0.002 0.002 0.002 0.002 0.002 0.002 0.002 0.002 0.002 0.002 0.002 0.002 0.002 0.002 0.001 0.000 0.000 0.000 0.000 0.000 0.000 0.000 0.000 0.000 0.000 0.000 0.000 0.000
0.000 0.000 0.000 0.000 0.000 0.000 0.000 0.000 0.000 0.000 0.000 0.000 0.000 0.000 0.000 0.000 0.000 0.007 0.008 0.008 0.006 0.005 0.004 0.004 0.003 0.003 0.002 0.002 0.002 0.003 0.003 0.004 0.004 0.004 0.004 0.004 0.005 0.005 0.005 0.005 0.005 0.005 0.005 0.004 0.004 0.003 0.003 0.003 0.003 0.003 0.003 0.003 0.003 0.003 0.003 0.003 0.003 0.003 0.003 0.002 0.002 0.002 0.002 0.002 0.002 0.002 0.001 0.001 0.000 0.000 0.000 0.000 0.000 0.000 0.000 0.000 0.000
0.000 0.000 0.000 0.000 0.000 0.000 0.000 0.000 0.000 0.000 0.000 0.000 0.000 0.000 0.000 0.000 0.000 0.008 0.008 0.007 0.006 0.005 0.004 0.004 0.003 0.003 0.002 0.002 0.002 0.003 0.003 0.004 0.004 0.004 0.004 0.004 0.005 0.005 0.005 0.005 0.005 0.005 0.005 0.005 0.005 0.004 0.004 0.004 0.004 0.004 0.004 0.003 0.003 0.003 0.003 0.003 0.003 0.003 0.003 0.003 0.003 0.003 0.002 0.002 0.003 0.003 0.002 0.002 0.002 0.000 0.000 0.000 0.000 0.000 0.000 0.000 0.000
0.000 0.000 0.000 0.000 0.000 0.000 0.000 0.000 0.000 0.000 0.000 0.000 0.000 0.000 0.000 0.000 0.000 0.009 0.008 0.007 0.006 0.005 0.004 0.004 0.003 0.003 0.002 0.002 0.002 0.003 0.003 0.004 0.004 0.004 0.004 0.004 0.005 0.005 0.005 0.005 0.005 0.005 0.005 0.005 0.005 0.005 0.005 0.005 0.005 0.005 0.005 0.004 0.004 0.004 0.004 0.004 0.004 0.004 0.003 0.003 0.003 0.003 0.003 0.003 0.005 0.003 0.003 0.002 0.002 0.000 0.000 0.000 0.000 0.000 0.000 0.000 0.000
0.000 0.000 0.000 0.000 0.000 0.000 0.000 0.000 0.000 0.000 0.000 0.000 0.000 0.000 0.000 0.000 0.000 0.009 0.008 0.007 0.006 0.005 0.004 0.004 0.003 0.003 0.002 0.002 0.002 0.003 0.003 0.004 0.004 0.004 0.004 0.004 0.005 0.005 0.005 0.005 0.005 0.005 0.005 0.005 0.005 0.005 0.005 0.005 0.005 0.005 0.005 0.005 0.005 0.005 0.005 0.005 0.005 0.005 0.004 0.004 0.004 0.004 0.004 0.006 0.006 0.002 0.002 0.001 0.001 0.000 0.000 0.000 0.000 0.000 0.000 0.000 0.000
0.000 0.000 0.000 0.000 0.000 0.000 0.000 0.000 0.000 0.000 0.000 0.000 0.000 0.000 0.000 0.000 0.007 0.008 0.008 0.007 0.006 0.005 0.004 0.004 0.003 0.002 0.002 0.002 0.002 0.003 0.003 0.004 0.004 0.004 0.004 0.004 0.005 0.005 0.005 0.005 0.005 0.005 0.005 0.005 0.005 0.005 0.005 0.005 0.005 0.005 0.005 0.005 0.005 0.005 0.005 0.005 0.005 0.005 0.005 0.005 0.006 0.007 0.010 0.014 0.007 0.003 0.002 0.002 0.001 0.001 0.001 0.001 0.000 0.000 0.000 0.000 0.000
0.000 0.000 0.000 0.000 0.000 0.000 0.000 0.000 0.000 0.000 0.000 0.000 0.000 0.000 0.000 0.000 0.008 0.008 0.008 0.007 0.006 0.005 0.004 0.004 0.003 0.002 0.002 0.002 0.002 0.003 0.003 0.004 0.004 0.004 0.004 0.004 0.005 0.005 0.006 0.006 0.006 0.006 0.006 0.006 0.006 0.006 0.006 0.006 0.006 0.006 0.006 0.006 0.006 0.006 0.006 0.006 0.006 0.006 0.006 0.008 0.011 0.015 0.018 0.018 0.022 0.018 0.012 0.008 0.006 0.004 0.003 0.002 0.001 0.001 0.001 0.001 0.000
0.000 0.000 0.000 0.000 0.000 0.000 0.000 0.000 0.000 0.000 0.000 0.000 0.000 0.000 0.000 0.000 0.009 0.008 0.008 0.007 0.006 0.005 0.004 0.004 0.003 0.002 0.002 0.002 0.002 0.003 0.003 0.004 0.004 0.004 0.004 0.004 0.005 0.007 0.008 0.008 0.008 0.007 0.007 0.007 0.007 0.007 0.007 0.007 0.007 0.006 0.006 0.006 0.006 0.006 0.006 0.006 0.007 0.008 0.011 0.015 0.020 0.019 0.017 0.014 0.016 0.020 0.022 0.023 0.025 0.019 0.013 0.009 0.006 0.004 0.003 0.002 0.001
0.039 0.037 0.035 0.000 0.000 0.000 0.000 0.000 0.000 0.000 0.000 0.000 0.000 0.000 0.000 0.007 0.008 0.008 0.008 0.007 0.006 0.005 0.004 0.004 0.002 0.002 0.002 0.002 0.002 0.003 0.003 0.004 0.004 0.004 0.004 0.005 0.009 0.013 0.013 0.011 0.010 0.010 0.010 0.009 0.009 0.008 0.008 0.008 0.008 0.007 0.007 0.007 0.007 0.007 0.007 0.008 0.011 0.015 0.019 0.020 0.019 0.017 0.015 0.011 0.012 0.013 0.015 0.017 0.020 0.023 0.024 0.026 0.025 0.018 0.013 0.009 0.006
0.044 0.042 0.040 0.038 0.036 0.034 0.000 0.000 0.000 0.000 0.000 0.000 0.000 0.000 0.000 0.009 0.009 0.008 0.008 0.007 0.006 0.005 0.004 0.004 0.002 0.002 0.002 0.002 0.002 0.003 0.003 0.004 0.004 0.004 0.006 0.010 0.017 0.024 0.000 0.011 0.013 0.014 0.014 0.012 0.011 0.011 0.010 0.010 0.009 0.009 0.009 0.009 0.009 0.009 0.011 0.014 0.018 0.021 0.019 0.018 0.017 0.015 0.013 0.010 0.010 0.010 0.010 0.011 0.013 0.015 0.017 0.019 0.022 0.025 0.026 0.028 0.024
0.048 0.047 0.044 0.042 0.040 0.038 0.036 0.033 0.031 0.029 0.000 0.000 0.000 0.000 0.000 0.011 0.010 0.009 0.008 0.007 0.006 0.005 0.004 0.004 0.002 0.002 0.002 0.002 0.002 0.003 0.003 0.004 0.004 0.006 0.012 0.018 0.026 0.000 0.000 0.000 0.000 0.000 0.000 0.012 0.014 0.015 0.012 0.012 0.012 0.012 0.011 0.011 0.012 0.014 0.018 0.021 0.020 0.018 0.017 0.016 0.015 0.013 0.012 0.009 0.008 0.008 0.008 0.008 0.008 0.009 0.010 0.012 0.014 0.017 0.019 0.021 0.024
0.000 0.000 0.000 0.047 0.045 0.043 0.040 0.038 0.036 0.034 0.031 0.028 0.026 0.000 0.000 0.015 0.013 0.011 0.009 0.007 0.006 0.005 0.004 0.003 0.002 0.002 0.002 0.002 0.002 0.003 0.003 0.004 0.006 0.012 0.020 0.000 0.000 0.000 0.000 0.000 0.000 0.000 0.000 0.000 0.000 0.000 0.013 0.015 0.016 0.017 0.014 0.015 0.017 0.021 0.020 0.018 0.017 0.016 0.015 0.014 0.013 0.011 0.010 0.007 0.006 0.006 0.006 0.006 0.006 0.006 0.006 0.007 0.008 0.010 0.011 0.013 0.016
0.000 0.000 0.000 0.000 0.000 0.000 0.045 0.043 0.041 0.039 0.035 0.033 0.030 0.027 0.022 0.019 0.016 0.013 0.010 0.008 0.006 0.005 0.004 0.002 0.002 0.002 0.002 0.002 0.002 0.003 0.003 0.005 0.011 0.020 0.000 0.000 0.000 0.000 0.000 0.000 0.000 0.000 0.000 0.000 0.000 0.000 0.000 0.000 0.000 0.000 0.016 0.020 0.020 0.018 0.016 0.015 0.014 0.013 0.012 0.011 0.010 0.009 0.008 0.006 0.005 0.005 0.005 0.005 0.005 0.005 0.005 0.005 0.005 0.006 0.006 0.007 0.009
0.000 0.000 0.000 0.000 0.000 0.000 0.000 0.000 0.000 0.000 0.040 0.037 0.035 0.031 0.026 0.021 0.018 0.014 0.011 0.009 0.007 0.006 0.004 0.002 0.002 0.002 0.002 0.002 0.002 0.003 0.004 0.008 0.018 0.000 0.000 0.000 0.000 0.000 0.000 0.000 0.000 0.000 0.000 0.000 0.000 0.000 0.000 0.000 0.000 0.000 0.000 0.000 0.000 0.000 0.011 0.011 0.011 0.010 0.009 0.008 0.008 0.007 0.006 0.005 0.004 0.004 0.004 0.004 0.004 0.004 0.004 0.004 0.004 0.004 0.004 0.004 0.004
0.000 0.000 0.000 0.000 0.000 0.000 0.000 0.000 0.000 0.000 0.000 0.000 0.000 0.000 0.027 0.022 0.018 0.015 0.012 0.009 0.007 0.006 0.004 0.002 0.001 0.002 0.002 0.002 0.002 0.003 0.004 0.010 0.000 0.000 0.000 0.000 0.000 0.000 0.000 0.000 0.000 0.000 0.000 0.000 0.000 0.000 0.000 0.000 0.000 0.000 0.000 0.000 0.000 0.000 0.000 0.000 0.000 0.005 0.005 0.005 0.005 0.005 0.004 0.003 0.003 0.003 0.003 0.003 0.003 0.003 0.003 0.003 0.003 0.003 0.003 0.003 0.003
0.000 0.000 0.000 0.000 0.000 0.000 0.000 0.000 0.000 0.000 0.000 0.000 0.000 0.000 0.000 0.020 0.017 0.014 0.011 0.008 0.007 0.006 0.003 0.002 0.002 0.002 0.002 0.002 0.002 0.003 0.006 0.013 0.000 0.000 0.000 0.000 0.000 0.000 0.000 0.000 0.000 0.000 0.000 0.000 0.000 0.000 0.000 0.000 0.000 0.000 0.000 0.000 0.000 0.000 0.000 0.000 0.000 0.000 0.000 0.000 0.000 0.002 0.002 0.002 0.002 0.002 0.002 0.002 0.002 0.002 0.002 0.002 0.002 0.002 0.002 0.002 0.002
0.000 0.000 0.000 0.000 0.000 0.000 0.000 0.000 0.000 0.000 0.000 0.000 0.000 0.000 0.015 0.017 0.016 0.013 0.010 0.008 0.007 0.005 0.003 0.003 0.003 0.003 0.003 0.003 0.003 0.004 0.010 0.019 0.000 0.000 0.000 0.000 0.000 0.000 0.000 0.000 0.000 0.000 0.000 0.000 0.000 0.000 0.000 0.000 0.000 0.000 0.000 0.000 0.000 0.000 0.000 0.000 0.000 0.000 0.000 0.000 0.000 0.000 0.000 0.000 0.001 0.001 0.001 0.001 0.001 0.001 0.001 0.001 0.001 0.001 0.001 0.001 0.001
0.000 0.000 0.000 0.000 0.000 0.000 0.000 0.000 0.000 0.000 0.000 0.000 0.000 0.000 0.016 0.016 0.015 0.013 0.010 0.008 0.007 0.005 0.003 0.003 0.003 0.003 0.003 0.003 0.004 0.008 0.017 0.026 0.000 0.000 0.000 0.000 0.000 0.000 0.000 0.000 0.000 0.000 0.000 0.000 0.000 0.000 0.000 0.000 0.000 0.000 0.000 0.000 0.000 0.000 0.000 0.000 0.000 0.000 0.000 0.000 0.000 0.000 0.000 0.000 0.000 0.000 0.000 0.000 0.001 0.001 0.001 0.001 0.001 0.001 0.001 0.001 0.001
0.000 0.000 0.000 0.000 0.000 0.000 0.000 0.000 0.000 0.000 0.000 0.000 0.000 0.000 0.017 0.015 0.014 0.012 0.010 0.009 0.007 0.004 0.003 0.003 0.003 0.003 0.003 0.004 0.006 0.014 0.022 0.000 0.000 0.000 0.000 0.000 0.000 0.000 0.000 0.000 0.000 0.000 0.000 0.000 0.000 0.000 0.000 0.000 0.000 0.000 0.000 0.000 0.000 0.000 0.000 0.000 0.000 0.000 0.000 0.000 0.000 0.000 0.000 0.000 0.000 0.000 0.000 0.000 0.000 0.000 0.000 0.001 0.001 0.001 0.001 0.001 0.001
0.000 0.000 0.000 0.000 0.000 0.000 0.000 0.000 0.000 0.000 0.000 0.000 0.000 0.000 0.016 0.015 0.014 0.012 0.011 0.009 0.007 0.004 0.003 0.003 0.003 0.003 0.004 0.006 0.012 0.021 0.029 0.000 0.000 0.000 0.000 0.000 0.000 0.000 0.000 0.000 0.000 0.000 0.000 0.000 0.000 0.000 0.000 0.000 0.000 0.000 0.000 0.000 0.000 0.000 0.000 0.000 0.000 0.000 0.000 0.000 0.000 0.000 0.000 0.000 0.000 0.000 0.000 0.000 0.000 0.000 0.000 0.000 0.000 0.000 0.000 0.001 0.001
0.000 0.000 0.000 0.000 0.000 0.000 0.000 0.000 0.000 0.000 0.000 0.000 0.000 0.013 0.014 0.014 0.013 0.012 0.011 0.009 0.006 0.003 0.003 0.003 0.003 0.003 0.005 0.011 0.019 0.028 0.037 0.000 0.000 0.000 0.000 0.000 0.000 0.000 0.000 0.000 0.000 0.000 0.000 0.000 0.000 0.000 0.000 0.000 0.000 0.000 0.000 0.000 0.000 0.000 0.000 0.000 0.000 0.000 0.000 0.000 0.000 0.000 0.000 0.000 0.000 0.000 0.000 0.000 0.000 0.000 0.000 0.000 0.000 0.000 0.000 0.000 0.000
0.000 0.000 0.000 0.000 0.000 0.000 0.000 0.000 0.000 0.000 0.000 0.000 0.000 0.014 0.014 0.014 0.013 0.012 0.010 0.008 0.006 0.004 0.004 0.004 0.004 0.005 0.010 0.018 0.027 0.035 0.000 0.000 0.000 0.000 0.000 0.000 0.000 0.000 0.000 0.000 0.000 0.000 0.000 0.000 0.000 0.000 0.000 0.000 0.000 0.000 0.000 0.000 0.000 0.000 0.000 0.000 0.000 0.000 0.000 0.000 0.000 0.000 0.000 0.000 0.000 0.000 0.000 0.000 0.000 0.000 0.000 0.000 0.000 0.000 0.000 0.000 0.000
