数据/150y_3h/150y_3h_res_2/150y_3h_234-0001.wd
ncols         694
nrows         824
xllcorner     581104.939801
yllcorner     3495917.092414
cellsize      2.000000
NODATA_value  -9999.000000
[rows 306 to 339 of 824, columns 462 to 538 of 694]
0.014 0.015 0.016 0.017 0.017 0.017 0.017 0.016 0.013 0.009 0.006 0.003 0.002 0.001 0.001 0.001 0.001 0.000 0.001 0.001 0.001 0.001 0.001 0.001 0.001 0.001 0.003 0.005 0.007 0.009 0.009 0.008 0.007 0.006 0.005 0.004 0.003 0.002 0.003 0.000 0.000 0.000 0.000 0.000 0.000 0.000 0.000 0.000 0.000 0.000 0.000 0.000 0.000 0.000 0.010 0.010 0.010 0.013 0.000 0.001 0.001 0.001 0.001 0.001 0.004 0.034 0.000 0.000 0.000 0.000 0.001 0.002 0.007 0.018 0.026 0.026 0.022
0.012 0.014 0.015 0.016 0.016 0.016 0.016 0.016 0.016 0.014 0.009 0.006 0.004 0.003 0.002 0.001 0.001 0.001 0.001 0.001 0.001 0.001 0.001 0.001 0.001 0.001 0.003 0.005 0.007 0.008 0.009 0.008 0.008 0.006 0.005 0.004 0.004 0.004 0.013 0.000 0.000 0.000 0.000 0.000 0.000 0.000 0.000 0.000 0.000 0.000 0.000 0.000 0.000 0.000 0.000 0.000 0.000 0.010 0.010 0.008 0.007 0.006 0.005 0.005 0.008 0.000 0.000 0.000 0.000 0.000 0.005 0.015 0.024 0.024 0.021 0.019 0.017
0.011 0.012 0.014 0.015 0.016 0.016 0.016 0.017 0.016 0.016 0.015 0.011 0.007 0.005 0.003 0.002 0.001 0.001 0.001 0.001 0.001 0.001 0.001 0.001 0.001 0.000 0.003 0.005 0.007 0.008 0.009 0.008 0.008 0.007 0.006 0.005 0.004 0.005 0.000 0.000 0.000 0.000 0.000 0.000 0.000 0.000 0.000 0.000 0.000 0.000 0.000 0.000 0.000 0.000 0.000 0.000 0.000 0.000 0.000 0.006 0.007 0.008 0.007 0.007 0.011 0.000 0.000 0.000 0.000 0.011 0.020 0.023 0.021 0.018 0.016 0.014 0.013
0.009 0.011 0.013 0.014 0.015 0.016 0.017 0.017 0.017 0.017 0.017 0.017 0.014 0.011 0.008 0.005 0.004 0.003 0.002 0.002 0.001 0.001 0.001 0.001 0.001 0.001 0.003 0.005 0.007 0.008 0.008 0.008 0.008 0.007 0.006 0.005 0.005 0.005 0.003 0.002 0.002 0.000 0.000 0.000 0.000 0.000 0.000 0.000 0.000 0.000 0.000 0.000 0.000 0.000 0.000 0.000 0.000 0.000 0.000 0.000 0.000 0.000 0.005 0.007 0.009 0.012 0.000 0.000 0.000 0.020 0.019 0.017 0.016 0.014 0.012 0.011 0.010
0.009 0.010 0.012 0.014 0.015 0.017 0.018 0.019 0.020 0.017 0.018 0.021 0.025 0.022 0.017 0.012 0.009 0.006 0.004 0.003 0.002 0.002 0.001 0.001 0.001 0.001 0.003 0.005 0.006 0.008 0.008 0.008 0.008 0.007 0.006 0.005 0.005 0.005 0.003 0.002 0.002 0.001 0.001 0.000 0.000 0.000 0.000 0.000 0.000 0.000 0.000 0.000 0.000 0.000 0.000 0.000 0.000 0.000 0.000 0.000 0.000 0.000 0.000 0.000 0.007 0.012 0.014 0.023 0.025 0.020 0.016 0.014 0.012 0.011 0.010 0.009 0.009
0.008 0.010 0.012 0.015 0.017 0.020 0.022 0.024 0.023 0.000 0.023 0.030 0.034 0.035 0.028 0.020 0.015 0.011 0.007 0.005 0.003 0.003 0.002 0.001 0.001 0.001 0.003 0.005 0.006 0.007 0.008 0.008 0.008 0.007 0.006 0.006 0.005 0.005 0.004 0.003 0.002 0.002 0.001 0.001 0.001 0.002 0.000 0.000 0.000 0.000 0.000 0.000 0.000 0.000 0.000 0.000 0.000 0.000 0.000 0.000 0.000 0.000 0.000 0.000 0.000 0.000 0.000 0.014 0.015 0.015 0.013 0.012 0.010 0.009 0.008 0.008 0.006
0.009 0.012 0.015 0.019 0.024 0.028 0.031 0.035 0.037 0.036 0.038 0.042 0.038 0.029 0.030 0.026 0.019 0.014 0.010 0.007 0.005 0.004 0.003 0.002 0.002 0.002 0.003 0.005 0.006 0.007 0.008 0.008 0.008 0.007 0.007 0.006 0.005 0.005 0.004 0.003 0.003 0.002 0.002 0.001 0.001 0.001 0.001 0.002 0.000 0.000 0.000 0.000 0.001 0.002 0.000 0.000 0.000 0.000 0.000 0.000 0.000 0.000 0.000 0.000 0.000 0.000 0.016 0.015 0.013 0.012 0.011 0.010 0.008 0.008 0.007 0.007 0.000
0.013 0.018 0.024 0.029 0.034 0.039 0.043 0.041 0.035 0.029 0.023 0.018 0.014 0.009 0.020 0.028 0.022 0.017 0.012 0.009 0.007 0.005 0.004 0.003 0.002 0.002 0.003 0.005 0.006 0.007 0.008 0.008 0.008 0.007 0.007 0.006 0.006 0.005 0.004 0.004 0.003 0.002 0.002 0.001 0.001 0.001 0.001 0.001 0.001 0.001 0.001 0.001 0.001 0.001 0.001 0.001 0.003 0.000 0.000 0.000 0.000 0.000 0.000 0.000 0.000 0.000 0.013 0.013 0.012 0.011 0.010 0.008 0.007 0.006 0.006 0.005 0.000
0.023 0.029 0.030 0.028 0.024 0.021 0.018 0.015 0.012 0.009 0.007 0.005 0.002 0.005 0.012 0.025 0.024 0.019 0.015 0.011 0.008 0.006 0.005 0.003 0.003 0.002 0.003 0.005 0.006 0.007 0.007 0.008 0.008 0.007 0.007 0.006 0.006 0.005 0.004 0.004 0.003 0.003 0.002 0.001 0.001 0.001 0.001 0.001 0.001 0.001 0.001 0.001 0.001 0.001 0.001 0.002 0.007 0.025 0.053 0.000 0.000 0.000 0.000 0.000 0.000 0.017 0.015 0.013 0.012 0.010 0.008 0.007 0.006 0.006 0.006 0.000 0.000
0.009 0.008 0.007 0.006 0.005 0.004 0.003 0.003 0.002 0.002 0.002 0.001 0.001 0.002 0.007 0.016 0.025 0.021 0.017 0.013 0.010 0.008 0.006 0.004 0.004 0.003 0.003 0.005 0.006 0.007 0.007 0.008 0.008 0.007 0.007 0.006 0.006 0.005 0.005 0.004 0.004 0.003 0.002 0.002 0.001 0.001 0.001 0.001 0.001 0.001 0.001 0.001 0.001 0.001 0.002 0.009 0.021 0.038 0.054 0.061 0.070 0.080 0.000 0.000 0.000 0.014 0.014 0.012 0.010 0.009 0.007 0.006 0.005 0.005 0.004 0.000 0.000
0.002 0.002 0.001 0.001 0.001 0.001 0.001 0.001 0.001 0.001 0.001 0.001 0.001 0.001 0.003 0.010 0.022 0.023 0.019 0.015 0.012 0.010 0.007 0.006 0.005 0.004 0.004 0.005 0.006 0.007 0.007 0.008 0.008 0.008 0.007 0.007 0.006 0.006 0.005 0.004 0.004 0.003 0.003 0.002 0.002 0.001 0.001 0.001 0.001 0.001 0.001 0.001 0.002 0.007 0.016 0.025 0.030 0.029 0.032 0.038 0.046 0.054 0.060 0.069 0.000 0.017 0.014 0.011 0.009 0.007 0.006 0.005 0.004 0.004 0.000 0.000 0.000
0.001 0.001 0.001 0.001 0.001 0.001 0.001 0.001 0.001 0.001 0.001 0.001 0.001 0.001 0.002 0.006 0.015 0.024 0.021 0.018 0.015 0.012 0.010 0.009 0.008 0.007 0.007 0.008 0.008 0.009 0.009 0.009 0.009 0.009 0.008 0.007 0.007 0.006 0.005 0.005 0.004 0.004 0.003 0.003 0.003 0.002 0.002 0.002 0.002 0.002 0.003 0.007 0.015 0.024 0.028 0.024 0.021 0.018 0.017 0.018 0.022 0.029 0.035 0.040 0.035 0.023 0.015 0.010 0.007 0.005 0.004 0.003 0.003 0.003 0.000 0.000 0.000
0.001 0.001 0.001 0.001 0.001 0.001 0.001 0.001 0.001 0.001 0.001 0.001 0.001 0.001 0.001 0.003 0.009 0.022 0.024 0.022 0.020 0.020 0.020 0.020 0.020 0.019 0.019 0.019 0.019 0.019 0.018 0.017 0.016 0.014 0.013 0.011 0.010 0.009 0.008 0.007 0.007 0.006 0.006 0.006 0.006 0.006 0.007 0.007 0.006 0.009 0.016 0.024 0.029 0.025 0.021 0.017 0.014 0.012 0.010 0.008 0.008 0.007 0.008 0.010 0.009 0.008 0.006 0.004 0.003 0.003 0.002 0.002 0.003 0.000 0.000 0.000 0.000
0.001 0.001 0.001 0.001 0.001 0.000 0.000 0.000 0.000 0.000 0.001 0.001 0.001 0.001 0.001 0.002 0.006 0.016 0.033 0.035 0.037 0.041 0.043 0.045 0.045 0.045 0.045 0.045 0.043 0.042 0.039 0.034 0.030 0.028 0.025 0.023 0.021 0.019 0.018 0.017 0.018 0.019 0.021 0.024 0.026 0.029 0.031 0.032 0.032 0.028 0.033 0.027 0.021 0.017 0.014 0.011 0.009 0.007 0.005 0.004 0.004 0.003 0.003 0.003 0.003 0.003 0.002 0.002 0.002 0.001 0.001 0.001 0.002 0.014 0.000 0.000 0.000
0.000 0.000 0.000 0.000 0.000 0.000 0.000 0.000 0.000 0.000 0.000 0.001 0.001 0.001 0.001 0.001 0.004 0.013 0.043 0.060 0.065 0.069 0.073 0.074 0.075 0.075 0.074 0.073 0.072 0.069 0.065 0.055 0.051 0.049 0.046 0.043 0.040 0.039 0.039 0.041 0.043 0.046 0.050 0.053 0.057 0.060 0.063 0.064 0.057 0.039 0.038 0.033 0.026 0.021 0.016 0.013 0.010 0.007 0.005 0.004 0.003 0.002 0.002 0.001 0.001 0.001 0.001 0.001 0.001 0.001 0.001 0.001 0.001 0.000 0.000 0.000 0.000
0.000 0.000 0.000 0.000 0.000 0.000 0.000 0.000 0.000 0.000 0.000 0.001 0.001 0.001 0.001 0.001 0.009 0.000 0.045 0.089 0.094 0.099 0.105 0.000 0.000 0.000 0.000 0.000 0.000 0.000 0.000 0.073 0.075 0.075 0.072 0.065 0.064 0.065 0.066 0.069 0.072 0.076 0.080 0.083 0.087 0.083 0.074 0.064 0.052 0.034 0.034 0.038 0.042 0.036 0.030 0.024 0.020 0.016 0.012 0.009 0.007 0.005 0.004 0.003 0.002 0.002 0.002 0.001 0.001 0.001 0.001 0.001 0.001 0.001 0.001 0.001 0.000
0.000 0.000 0.000 0.000 0.000 0.000 0.000 0.000 0.000 0.000 0.000 0.000 0.001 0.006 0.000 0.000 0.012 0.000 0.000 0.106 0.000 0.000 0.000 0.000 0.000 0.000 0.000 0.000 0.000 0.000 0.000 0.000 0.000 0.000 0.000 0.088 0.091 0.093 0.094 0.097 0.101 0.105 0.101 0.093 0.085 0.077 0.067 0.057 0.046 0.029 0.029 0.031 0.035 0.040 0.043 0.037 0.031 0.026 0.021 0.017 0.014 0.011 0.008 0.006 0.005 0.004 0.003 0.002 0.002 0.001 0.001 0.001 0.001 0.001 0.001 0.001 0.001
0.000 0.000 0.000 0.000 0.000 0.000 0.000 0.000 0.000 0.000 0.000 0.000 0.000 0.000 0.000 0.000 0.000 0.000 0.000 0.000 0.000 0.000 0.000 0.000 0.000 0.000 0.000 0.000 0.000 0.000 0.000 0.000 0.000 0.000 0.000 0.000 0.000 0.000 0.122 0.118 0.111 0.103 0.094 0.086 0.078 0.070 0.061 0.051 0.039 0.026 0.025 0.026 0.028 0.032 0.037 0.043 0.043 0.037 0.031 0.026 0.022 0.018 0.014 0.011 0.009 0.007 0.005 0.004 0.003 0.002 0.002 0.002 0.001 0.001 0.001 0.001 0.001
0.000 0.000 0.000 0.000 0.000 0.000 0.000 0.000 0.000 0.000 0.000 0.000 0.000 0.000 0.000 0.000 0.000 0.000 0.000 0.000 0.000 0.000 0.000 0.000 0.000 0.000 0.000 0.000 0.000 0.000 0.000 0.000 0.000 0.000 0.000 0.000 0.000 0.000 0.000 0.000 0.000 0.000 0.086 0.079 0.071 0.062 0.054 0.044 0.032 0.022 0.021 0.021 0.022 0.024 0.028 0.033 0.039 0.045 0.043 0.037 0.031 0.026 0.022 0.018 0.014 0.011 0.009 0.007 0.005 0.004 0.003 0.003 0.002 0.002 0.001 0.001 0.001
0.000 0.000 0.000 0.000 0.000 0.000 0.000 0.000 0.000 0.000 0.000 0.000 0.000 0.000 0.000 0.000 0.000 0.000 0.000 0.000 0.000 0.000 0.000 0.000 0.000 0.000 0.000 0.000 0.000 0.000 0.000 0.000 0.000 0.000 0.000 0.000 0.000 0.000 0.000 0.000 0.000 0.000 0.000 0.000 0.000 0.054 0.046 0.037 0.024 0.017 0.016 0.016 0.017 0.018 0.020 0.024 0.029 0.035 0.041 0.047 0.042 0.036 0.031 0.026 0.021 0.018 0.014 0.011 0.009 0.007 0.005 0.004 0.003 0.003 0.002 0.002 0.001
0.000 0.000 0.000 0.000 0.000 0.000 0.000 0.000 0.000 0.000 0.000 0.000 0.000 0.000 0.000 0.000 0.000 0.000 0.000 0.000 0.000 0.000 0.000 0.000 0.000 0.000 0.000 0.000 0.000 0.000 0.000 0.000 0.000 0.000 0.000 0.000 0.000 0.000 0.000 0.000 0.000 0.000 0.000 0.000 0.000 0.000 0.000 0.000 0.012 0.009 0.010 0.010 0.011 0.011 0.013 0.016 0.019 0.024 0.030 0.036 0.043 0.047 0.041 0.035 0.030 0.025 0.021 0.017 0.014 0.011 0.009 0.007 0.006 0.005 0.004 0.003 0.002
0.000 0.000 0.000 0.000 0.000 0.000 0.000 0.000 0.000 0.000 0.000 0.000 0.000 0.000 0.000 0.000 0.000 0.000 0.000 0.000 0.000 0.000 0.000 0.000 0.000 0.000 0.000 0.000 0.000 0.000 0.000 0.000 0.000 0.000 0.000 0.000 0.000 0.000 0.000 0.000 0.000 0.000 0.000 0.000 0.000 0.000 0.000 0.000 0.000 0.000 0.002 0.003 0.004 0.004 0.006 0.008 0.011 0.014 0.019 0.025 0.031 0.038 0.045 0.046 0.040 0.035 0.029 0.025 0.021 0.017 0.014 0.012 0.010 0.008 0.007 0.006 0.005
0.000 0.000 0.000 0.000 0.000 0.000 0.000 0.000 0.000 0.000 0.000 0.000 0.000 0.000 0.000 0.000 0.000 0.000 0.000 0.000 0.000 0.000 0.000 0.000 0.000 0.000 0.000 0.000 0.000 0.000 0.000 0.000 0.000 0.000 0.000 0.000 0.000 0.000 0.000 0.000 0.000 0.000 0.000 0.000 0.000 0.000 0.000 0.000 0.000 0.000 0.000 0.000 0.000 0.000 0.001 0.001 0.003 0.006 0.010 0.015 0.020 0.027 0.033 0.040 0.046 0.045 0.039 0.034 0.030 0.026 0.023 0.020 0.018 0.016 0.014 0.012 0.010
0.000 0.000 0.000 0.000 0.000 0.000 0.000 0.000 0.000 0.000 0.000 0.000 0.000 0.000 0.000 0.000 0.000 0.000 0.000 0.000 0.000 0.000 0.000 0.000 0.000 0.000 0.000 0.000 0.000 0.000 0.000 0.000 0.000 0.000 0.000 0.000 0.000 0.000 0.000 0.000 0.000 0.000 0.000 0.000 0.000 0.000 0.000 0.000 0.000 0.000 0.000 0.000 0.000 0.000 0.000 0.000 0.000 0.000 0.003 0.006 0.011 0.016 0.022 0.028 0.034 0.042 0.049 0.046 0.042 0.039 0.037 0.035 0.033 0.030 0.027 0.023 0.019
0.000 0.000 0.000 0.000 0.000 0.000 0.000 0.000 0.000 0.000 0.000 0.000 0.000 0.000 0.000 0.000 0.000 0.000 0.000 0.000 0.000 0.000 0.000 0.000 0.000 0.000 0.000 0.000 0.000 0.000 0.000 0.000 0.000 0.000 0.000 0.000 0.000 0.000 0.000 0.000 0.000 0.000 0.000 0.000 0.000 0.000 0.000 0.000 0.000 0.000 0.000 0.000 0.000 0.000 0.000 0.000 0.000 0.000 0.000 0.001 0.003 0.007 0.012 0.017 0.023 0.030 0.037 0.046 0.058 0.058 0.057 0.056 0.054 0.051 0.044 0.038 0.032
0.000 0.000 0.000 0.000 0.000 0.000 0.000 0.000 0.000 0.000 0.000 0.000 0.000 0.000 0.000 0.000 0.000 0.000 0.000 0.000 0.000 0.000 0.000 0.000 0.000 0.000 0.000 0.000 0.000 0.000 0.000 0.000 0.000 0.000 0.000 0.000 0.000 0.000 0.000 0.000 0.000 0.000 0.000 0.000 0.000 0.000 0.000 0.000 0.000 0.000 0.000 0.000 0.000 0.000 0.000 0.000 0.000 0.000 0.000 0.001 0.001 0.001 0.003 0.007 0.013 0.019 0.026 0.036 0.052 0.071 0.082 0.082 0.079 0.074 0.060 0.053 0.045
0.000 0.000 0.000 0.000 0.000 0.000 0.000 0.000 0.000 0.000 0.000 0.000 0.000 0.000 0.000 0.000 0.000 0.000 0.000 0.000 0.000 0.000 0.000 0.000 0.000 0.000 0.000 0.000 0.000 0.000 0.000 0.000 0.000 0.000 0.000 0.000 0.000 0.000 0.000 0.000 0.000 0.000 0.000 0.000 0.000 0.000 0.000 0.000 0.000 0.000 0.000 0.000 0.000 0.000 0.000 0.000 0.000 0.000 0.000 0.001 0.001 0.001 0.001 0.001 0.004 0.009 0.016 0.028 0.047 0.069 0.000 0.000 0.000 0.000 0.068 0.068 0.055
0.000 0.000 0.000 0.000 0.000 0.000 0.000 0.000 0.000 0.000 0.000 0.000 0.000 0.000 0.000 0.000 0.000 0.000 0.000 0.000 0.000 0.000 0.000 0.000 0.000 0.000 0.000 0.000 0.000 0.000 0.000 0.000 0.000 0.000 0.000 0.000 0.000 0.000 0.000 0.000 0.000 0.000 0.000 0.000 0.000 0.000 0.000 0.000 0.000 0.000 0.000 0.000 0.000 0.000 0.000 0.000 0.000 0.000 0.000 0.001 0.001 0.001 0.001 0.001 0.001 0.002 0.008 0.022 0.044 0.000 0.000 0.000 0.000 0.000 0.000 0.000 0.058
0.000 0.000 0.000 0.000 0.000 0.000 0.000 0.000 0.000 0.000 0.000 0.000 0.000 0.000 0.000 0.000 0.000 0.000 0.000 0.000 0.000 0.000 0.000 0.000 0.000 0.000 0.000 0.000 0.000 0.000 0.000 0.000 0.000 0.000 0.000 0.000 0.000 0.000 0.000 0.000 0.000 0.000 0.000 0.000 0.000 0.000 0.000 0.000 0.000 0.000 0.000 0.000 0.000 0.000 0.000 0.000 0.000 0.000 0.000 0.001 0.001 0.001 0.001 0.001 0.001 0.001 0.003 0.018 0.000 0.000 0.000 0.000 0.000 0.000 0.000 0.000 0.000
0.000 0.000 0.000 0.000 0.000 0.000 0.000 0.000 0.000 0.000 0.000 0.000 0.000 0.000 0.000 0.000 0.000 0.000 0.000 0.000 0.000 0.000 0.000 0.000 0.000 0.000 0.000 0.000 0.000 0.000 0.000 0.000 0.000 0.000 0.000 0.000 0.000 0.000 0.000 0.000 0.000 0.000 0.000 0.000 0.000 0.000 0.000 0.000 0.000 0.000 0.000 0.000 0.000 0.000 0.000 0.000 0.000 0.000 0.000 0.000 0.000 0.001 0.001 0.001 0.001 0.001 0.002 0.014 0.000 0.000 0.000 0.000 0.000 0.000 0.000 0.000 0.000
0.000 0.000 0.000 0.000 0.000 0.000 0.000 0.000 0.000 0.000 0.000 0.000 0.000 0.000 0.000 0.000 0.000 0.000 0.000 0.000 0.000 0.000 0.000 0.000 0.000 0.000 0.000 0.000 0.000 0.000 0.000 0.000 0.000 0.000 0.000 0.000 0.000 0.000 0.000 0.000 0.000 0.000 0.000 0.000 0.000 0.000 0.000 0.000 0.000 0.000 0.000 0.000 0.000 0.000 0.000 0.000 0.000 0.000 0.000 0.000 0.000 0.000 0.001 0.001 0.001 0.001 0.003 0.000 0.000 0.000 0.000 0.000 0.000 0.000 0.000 0.000 0.000
0.000 0.000 0.000 0.000 0.000 0.000 0.000 0.000 0.000 0.000 0.000 0.000 0.000 0.000 0.000 0.000 0.000 0.000 0.000 0.000 0.000 0.000 0.000 0.000 0.000 0.000 0.000 0.000 0.000 0.000 0.000 0.000 0.000 0.000 0.000 0.000 0.000 0.000 0.000 0.000 0.000 0.000 0.000 0.000 0.000 0.000 0.000 0.000 0.000 0.000 0.000 0.000 0.000 0.000 0.000 0.000 0.000 0.000 0.000 0.000 0.000 0.000 0.001 0.001 0.001 0.001 0.016 0.000 0.000 0.000 0.000 0.000 0.000 0.000 0.000 0.000 0.000
0.000 0.000 0.000 0.000 0.000 0.000 0.000 0.000 0.000 0.000 0.000 0.000 0.000 0.000 0.000 0.000 0.000 0.000 0.000 0.000 0.000 0.000 0.000 0.000 0.000 0.000 0.000 0.000 0.000 0.000 0.000 0.000 0.000 0.000 0.000 0.000 0.000 0.000 0.000 0.000 0.000 0.000 0.000 0.000 0.000 0.000 0.000 0.000 0.000 0.000 0.000 0.000 0.000 0.000 0.000 0.000 0.000 0.000 0.000 0.000 0.000 0.000 0.001 0.001 0.001 0.001 0.000 0.000 0.000 0.000 0.000 0.000 0.000 0.000 0.000 0.000 0.000
0.000 0.000 0.000 0.000 0.000 0.000 0.000 0.000 0.000 0.000 0.000 0.000 0.000 0.000 0.000 0.000 0.000 0.000 0.000 0.000 0.000 0.000 0.000 0.000 0.000 0.000 0.000 0.000 0.000 0.000 0.000 0.000 0.000 0.000 0.000 0.000 0.000 0.000 0.000 0.000 0.000 0.000 0.000 0.000 0.000 0.000 0.000 0.000 0.000 0.000 0.000 0.000 0.000 0.000 0.000 0.000 0.000 0.000 0.000 0.000 0.000 0.000 0.000 0.001 0.001 0.001 0.000 0.000 0.000 0.000 0.000 0.000 0.000 0.000 0.000 0.000 0.000
