数据/150y_3h/150y_3h_res_2/150y_3h_238-0001.wd
ncols         694
nrows         824
xllcorner     581104.939801
yllcorner     3495917.092414
cellsize      2.000000
NODATA_value  -9999.000000
[rows 714 to 747 of 824, columns 154 to 230 of 694]
0.000 0.000 0.000 0.000 0.000 0.002 0.003 0.004 0.005 0.006 0.007 0.007 0.008 0.008 0.009 0.009 0.009 0.009 0.008 0.007 0.000 0.000 0.049 0.044 0.041 0.038 0.034 0.031 0.027 0.022 0.018 0.015 0.000 0.000 0.000 0.000 0.000 0.000 0.000 0.000 0.000 0.000 0.001 0.001 0.001 0.001 0.001 0.002 0.004 0.000 0.000 0.000 0.000 0.000 0.000 0.000 0.000 0.000 0.092 0.103 0.114 0.114 0.091 0.071 0.079 0.004 0.001 0.001 0.000 0.000 0.000 0.000 0.000 0.000 0.000 0.000 0.000
0.000 0.000 0.000 0.000 0.001 0.003 0.004 0.005 0.006 0.007 0.008 0.008 0.009 0.009 0.009 0.010 0.010 0.010 0.010 0.010 0.009 0.008 0.000 0.065 0.062 0.058 0.055 0.050 0.045 0.039 0.034 0.029 0.024 0.020 0.000 0.000 0.000 0.000 0.000 0.000 0.000 0.001 0.001 0.001 0.018 0.028 0.037 0.048 0.058 0.000 0.000 0.000 0.000 0.000 0.000 0.000 0.000 0.000 0.156 0.151 0.127 0.104 0.082 0.073 0.082 0.035 0.001 0.001 0.000 0.000 0.000 0.000 0.000 0.000 0.000 0.000 0.000
0.000 0.000 0.000 0.000 0.002 0.004 0.005 0.006 0.007 0.008 0.008 0.009 0.009 0.010 0.010 0.010 0.011 0.011 0.012 0.012 0.012 0.012 0.011 0.000 0.000 0.079 0.074 0.069 0.064 0.057 0.051 0.046 0.040 0.036 0.032 0.000 0.000 0.000 0.000 0.000 0.001 0.001 0.001 0.016 0.070 0.090 0.100 0.110 0.121 0.000 0.000 0.000 0.000 0.000 0.000 0.000 0.000 0.189 0.166 0.142 0.119 0.095 0.072 0.075 0.084 0.080 0.003 0.001 0.000 0.000 0.000 0.000 0.000 0.000 0.000 0.000 0.000
0.000 0.000 0.000 0.001 0.003 0.005 0.006 0.007 0.007 0.008 0.009 0.009 0.010 0.010 0.011 0.011 0.012 0.012 0.013 0.013 0.014 0.015 0.016 0.017 0.020 0.002 0.094 0.088 0.083 0.076 0.069 0.063 0.058 0.053 0.049 0.046 0.043 0.000 0.000 0.000 0.001 0.001 0.006 0.056 0.113 0.153 0.163 0.174 0.000 0.000 0.000 0.000 0.000 0.000 0.000 0.000 0.000 0.180 0.156 0.132 0.110 0.086 0.069 0.078 0.087 0.096 0.037 0.001 0.001 0.000 0.000 0.000 0.000 0.000 0.000 0.000 0.000
0.000 0.000 0.000 0.001 0.003 0.005 0.006 0.007 0.008 0.008 0.009 0.009 0.010 0.011 0.011 0.012 0.012 0.013 0.014 0.014 0.016 0.017 0.019 0.023 0.031 0.045 0.002 0.107 0.102 0.093 0.086 0.081 0.076 0.072 0.068 0.066 0.063 0.060 0.000 0.014 0.011 0.014 0.043 0.098 0.156 0.212 0.227 0.237 0.000 0.000 0.000 0.000 0.000 0.000 0.000 0.000 0.000 0.171 0.147 0.123 0.100 0.077 0.072 0.081 0.090 0.099 0.083 0.003 0.000 0.000 0.000 0.000 0.000 0.000 0.000 0.000 0.000
0.000 0.000 0.000 0.001 0.003 0.005 0.006 0.007 0.008 0.009 0.009 0.010 0.010 0.011 0.011 0.012 0.013 0.013 0.014 0.015 0.016 0.018 0.020 0.023 0.027 0.031 0.021 0.001 0.000 0.109 0.103 0.099 0.095 0.092 0.088 0.085 0.083 0.080 0.073 0.051 0.051 0.050 0.085 0.141 0.197 0.253 0.289 0.300 0.000 0.000 0.000 0.000 0.000 0.000 0.000 0.000 0.000 0.162 0.138 0.115 0.092 0.067 0.076 0.085 0.093 0.102 0.112 0.041 0.000 0.000 0.000 0.000 0.000 0.000 0.000 0.000 0.000
0.000 0.000 0.000 0.001 0.003 0.005 0.006 0.007 0.008 0.009 0.009 0.010 0.011 0.011 0.012 0.012 0.013 0.014 0.014 0.015 0.016 0.018 0.019 0.021 0.023 0.024 0.019 0.014 0.009 0.000 0.122 0.118 0.115 0.111 0.109 0.106 0.103 0.102 0.099 0.000 0.000 0.074 0.126 0.183 0.240 0.296 0.352 0.363 0.373 0.351 0.000 0.000 0.000 0.000 0.000 0.000 0.178 0.154 0.130 0.105 0.083 0.069 0.079 0.088 0.097 0.106 0.115 0.087 0.000 0.000 0.000 0.000 0.000 0.000 0.000 0.000 0.000
0.000 0.000 0.000 0.001 0.003 0.005 0.006 0.007 0.008 0.009 0.010 0.010 0.011 0.011 0.012 0.012 0.013 0.014 0.015 0.015 0.016 0.017 0.018 0.019 0.020 0.020 0.018 0.015 0.012 0.008 0.000 0.138 0.135 0.132 0.129 0.127 0.124 0.123 0.000 0.000 0.000 0.000 0.169 0.225 0.281 0.338 0.392 0.389 0.365 0.342 0.319 0.296 0.000 0.000 0.000 0.000 0.169 0.145 0.121 0.097 0.072 0.073 0.082 0.091 0.100 0.110 0.119 0.000 0.000 0.000 0.000 0.000 0.000 0.000 0.000 0.000 0.000
0.000 0.000 0.000 0.001 0.003 0.005 0.006 0.007 0.008 0.009 0.010 0.010 0.011 0.011 0.012 0.012 0.013 0.014 0.014 0.015 0.016 0.017 0.017 0.018 0.018 0.018 0.017 0.015 0.013 0.011 0.008 0.000 0.001 0.152 0.149 0.147 0.145 0.000 0.000 0.000 0.000 0.000 0.000 0.267 0.323 0.347 0.368 0.000 0.000 0.333 0.310 0.286 0.262 0.239 0.000 0.000 0.160 0.136 0.112 0.087 0.066 0.075 0.085 0.095 0.104 0.113 0.123 0.000 0.000 0.000 0.000 0.000 0.000 0.000 0.000 0.000 0.000
0.000 0.000 0.000 0.001 0.003 0.005 0.006 0.007 0.008 0.009 0.010 0.010 0.011 0.011 0.012 0.012 0.013 0.014 0.014 0.015 0.015 0.016 0.016 0.017 0.017 0.017 0.016 0.014 0.013 0.011 0.009 0.007 0.005 0.000 0.169 0.165 0.000 0.000 0.000 0.000 0.000 0.000 0.000 0.280 0.301 0.323 0.345 0.000 0.000 0.000 0.000 0.278 0.255 0.229 0.202 0.177 0.152 0.126 0.102 0.078 0.069 0.078 0.088 0.098 0.108 0.117 0.127 0.000 0.000 0.000 0.000 0.000 0.000 0.000 0.000 0.000 0.000
0.000 0.000 0.000 0.001 0.003 0.005 0.006 0.007 0.008 0.009 0.010 0.010 0.011 0.011 0.012 0.012 0.013 0.013 0.014 0.014 0.015 0.015 0.016 0.016 0.016 0.015 0.015 0.014 0.013 0.012 0.010 0.009 0.007 0.005 0.001 0.180 0.172 0.000 0.000 0.000 0.000 0.000 0.000 0.256 0.277 0.299 0.321 0.335 0.000 0.000 0.000 0.000 0.000 0.219 0.193 0.167 0.143 0.118 0.085 0.067 0.072 0.082 0.092 0.102 0.111 0.120 0.000 0.000 0.000 0.000 0.000 0.000 0.000 0.000 0.000 0.000 0.000
0.000 0.000 0.000 0.001 0.003 0.005 0.006 0.007 0.008 0.009 0.009 0.010 0.011 0.011 0.012 0.012 0.013 0.013 0.013 0.014 0.014 0.015 0.015 0.015 0.015 0.015 0.014 0.013 0.012 0.011 0.010 0.009 0.008 0.007 0.005 0.000 0.188 0.185 0.000 0.000 0.000 0.000 0.000 0.000 0.254 0.000 0.000 0.316 0.303 0.000 0.000 0.000 0.000 0.000 0.000 0.157 0.133 0.109 0.082 0.067 0.077 0.086 0.095 0.104 0.114 0.123 0.000 0.000 0.000 0.000 0.000 0.000 0.000 0.000 0.000 0.000 0.000
0.000 0.000 0.000 0.001 0.003 0.005 0.006 0.007 0.008 0.009 0.009 0.010 0.010 0.011 0.011 0.012 0.012 0.013 0.013 0.013 0.014 0.014 0.014 0.014 0.014 0.014 0.013 0.013 0.012 0.011 0.010 0.010 0.009 0.008 0.006 0.004 0.001 0.203 0.220 0.000 0.000 0.000 0.000 0.000 0.000 0.000 0.000 0.000 0.283 0.000 0.000 0.000 0.000 0.000 0.169 0.146 0.123 0.100 0.074 0.070 0.079 0.088 0.097 0.107 0.116 0.126 0.000 0.000 0.000 0.000 0.000 0.000 0.000 0.000 0.000 0.000 0.000
0.000 0.000 0.000 0.001 0.003 0.005 0.006 0.007 0.008 0.008 0.009 0.010 0.010 0.011 0.011 0.011 0.012 0.012 0.013 0.013 0.013 0.013 0.014 0.014 0.013 0.013 0.013 0.012 0.012 0.011 0.010 0.010 0.009 0.008 0.007 0.006 0.004 0.000 0.192 0.208 0.000 0.000 0.000 0.000 0.000 0.000 0.000 0.000 0.264 0.000 0.000 0.000 0.000 0.000 0.160 0.137 0.113 0.090 0.064 0.073 0.082 0.091 0.100 0.109 0.118 0.000 0.000 0.000 0.000 0.000 0.000 0.000 0.000 0.000 0.000 0.000 0.000
0.000 0.000 0.000 0.001 0.003 0.005 0.006 0.007 0.007 0.008 0.009 0.009 0.010 0.010 0.011 0.011 0.012 0.012 0.012 0.012 0.013 0.013 0.013 0.013 0.013 0.013 0.012 0.012 0.011 0.011 0.010 0.009 0.009 0.008 0.007 0.006 0.005 0.003 0.001 0.180 0.195 0.000 0.000 0.000 0.000 0.000 0.000 0.249 0.244 0.000 0.000 0.000 0.000 0.170 0.150 0.127 0.103 0.080 0.067 0.075 0.084 0.093 0.102 0.111 0.120 0.129 0.137 0.000 0.000 0.000 0.000 0.000 0.000 0.000 0.000 0.000 0.000
0.000 0.000 0.000 0.000 0.002 0.004 0.005 0.006 0.007 0.008 0.008 0.009 0.009 0.010 0.010 0.011 0.011 0.011 0.012 0.012 0.012 0.012 0.012 0.012 0.012 0.012 0.012 0.011 0.011 0.010 0.010 0.009 0.009 0.008 0.007 0.006 0.005 0.003 0.001 0.000 0.166 0.180 0.000 0.000 0.000 0.000 0.000 0.000 0.000 0.000 0.000 0.000 0.000 0.150 0.137 0.118 0.093 0.069 0.069 0.078 0.088 0.097 0.105 0.114 0.123 0.132 0.140 0.148 0.157 0.000 0.000 0.000 0.000 0.000 0.000 0.000 0.000
0.000 0.000 0.000 0.000 0.001 0.003 0.004 0.005 0.006 0.007 0.008 0.009 0.009 0.010 0.010 0.010 0.011 0.011 0.011 0.012 0.012 0.012 0.012 0.012 0.012 0.012 0.011 0.011 0.011 0.010 0.010 0.009 0.008 0.008 0.007 0.006 0.005 0.003 0.001 0.000 0.000 0.147 0.158 0.176 0.000 0.000 0.000 0.000 0.000 0.000 0.000 0.000 0.142 0.129 0.117 0.105 0.083 0.064 0.073 0.082 0.091 0.099 0.109 0.118 0.126 0.135 0.144 0.152 0.160 0.168 0.177 0.000 0.000 0.000 0.000 0.000 0.000
0.000 0.000 0.000 0.000 0.000 0.002 0.003 0.004 0.005 0.006 0.007 0.008 0.009 0.009 0.010 0.010 0.010 0.011 0.011 0.011 0.011 0.011 0.011 0.011 0.011 0.011 0.011 0.010 0.010 0.010 0.009 0.009 0.008 0.007 0.007 0.006 0.005 0.003 0.001 0.000 0.000 0.000 0.131 0.149 0.167 0.000 0.000 0.000 0.000 0.000 0.000 0.000 0.123 0.110 0.099 0.085 0.073 0.067 0.076 0.085 0.093 0.102 0.112 0.121 0.130 0.139 0.148 0.156 0.163 0.171 0.180 0.189 0.140 0.000 0.000 0.000 0.000
0.000 0.000 0.000 0.000 0.000 0.000 0.002 0.003 0.004 0.005 0.006 0.007 0.008 0.009 0.009 0.009 0.010 0.010 0.010 0.011 0.011 0.011 0.011 0.011 0.011 0.011 0.010 0.010 0.010 0.009 0.009 0.008 0.008 0.007 0.006 0.005 0.004 0.002 0.000 0.000 0.000 0.000 0.000 0.123 0.139 0.156 0.000 0.000 0.000 0.000 0.000 0.116 0.103 0.090 0.079 0.066 0.063 0.067 0.077 0.087 0.096 0.106 0.115 0.124 0.134 0.000 0.000 0.000 0.165 0.174 0.183 0.192 0.185 0.099 0.031 0.000 0.000
0.000 0.000 0.000 0.000 0.000 0.000 0.000 0.002 0.003 0.004 0.005 0.006 0.007 0.008 0.009 0.009 0.009 0.010 0.010 0.010 0.010 0.010 0.010 0.010 0.010 0.010 0.010 0.010 0.009 0.009 0.008 0.008 0.007 0.006 0.005 0.004 0.003 0.001 0.000 0.000 0.000 0.000 0.000 0.000 0.111 0.128 0.146 0.000 0.000 0.000 0.000 0.097 0.084 0.071 0.063 0.063 0.064 0.066 0.076 0.086 0.095 0.105 0.115 0.125 0.136 0.000 0.000 0.000 0.000 0.000 0.187 0.195 0.205 0.143 0.102 0.063 0.000
0.000 0.000 0.000 0.000 0.000 0.000 0.000 0.000 0.002 0.003 0.004 0.005 0.006 0.007 0.008 0.008 0.009 0.009 0.009 0.009 0.010 0.010 0.010 0.010 0.010 0.009 0.009 0.009 0.009 0.008 0.008 0.007 0.006 0.005 0.004 0.003 0.002 0.000 0.000 0.000 0.000 0.000 0.000 0.000 0.087 0.102 0.118 0.134 0.000 0.110 0.095 0.079 0.065 0.064 0.063 0.062 0.062 0.063 0.073 0.083 0.094 0.104 0.113 0.124 0.000 0.000 0.000 0.000 0.000 0.000 0.000 0.196 0.206 0.211 0.173 0.134 0.000
0.000 0.000 0.000 0.000 0.000 0.000 0.000 0.000 0.000 0.002 0.003 0.004 0.005 0.006 0.007 0.008 0.008 0.008 0.009 0.009 0.009 0.009 0.009 0.009 0.009 0.009 0.009 0.008 0.008 0.008 0.007 0.006 0.005 0.004 0.003 0.002 0.000 0.000 0.000 0.000 0.000 0.000 0.000 0.000 0.000 0.077 0.090 0.103 0.113 0.093 0.076 0.068 0.065 0.064 0.063 0.062 0.062 0.062 0.071 0.081 0.091 0.101 0.111 0.000 0.000 0.000 0.000 0.000 0.000 0.000 0.000 0.000 0.000 0.217 0.213 0.204 0.164
0.000 0.000 0.000 0.000 0.000 0.000 0.000 0.000 0.000 0.000 0.002 0.003 0.004 0.005 0.006 0.007 0.007 0.008 0.008 0.008 0.008 0.008 0.008 0.008 0.008 0.008 0.008 0.008 0.007 0.007 0.006 0.005 0.004 0.003 0.002 0.000 0.000 0.000 0.000 0.000 0.000 0.000 0.000 0.000 0.000 0.000 0.064 0.076 0.087 0.075 0.071 0.068 0.066 0.064 0.063 0.063 0.062 0.062 0.069 0.079 0.089 0.099 0.109 0.000 0.000 0.000 0.000 0.000 0.000 0.000 0.000 0.000 0.000 0.000 0.000 0.213 0.208
0.000 0.000 0.000 0.000 0.000 0.000 0.000 0.000 0.000 0.000 0.000 0.002 0.003 0.004 0.005 0.006 0.007 0.007 0.007 0.007 0.007 0.007 0.007 0.007 0.007 0.007 0.007 0.007 0.007 0.006 0.005 0.004 0.003 0.002 0.000 0.000 0.000 0.000 0.000 0.000 0.000 0.000 0.000 0.000 0.000 0.000 0.000 0.049 0.062 0.073 0.069 0.067 0.066 0.064 0.064 0.063 0.063 0.063 0.068 0.078 0.088 0.098 0.000 0.000 0.000 0.000 0.000 0.000 0.000 0.000 0.000 0.000 0.000 0.000 0.000 0.000 0.000
0.000 0.000 0.000 0.000 0.000 0.000 0.000 0.000 0.000 0.000 0.000 0.000 0.002 0.003 0.004 0.005 0.006 0.006 0.006 0.006 0.006 0.006 0.006 0.006 0.006 0.006 0.006 0.006 0.006 0.005 0.004 0.003 0.002 0.000 0.000 0.000 0.000 0.000 0.000 0.000 0.000 0.000 0.000 0.000 0.000 0.000 0.000 0.000 0.038 0.053 0.067 0.066 0.065 0.064 0.063 0.063 0.063 0.063 0.066 0.076 0.087 0.097 0.000 0.000 0.000 0.000 0.000 0.000 0.000 0.000 0.000 0.000 0.000 0.000 0.000 0.000 0.000
0.000 0.000 0.000 0.000 0.000 0.000 0.000 0.000 0.000 0.000 0.000 0.000 0.000 0.002 0.003 0.004 0.005 0.005 0.005 0.005 0.005 0.005 0.005 0.005 0.005 0.005 0.005 0.005 0.005 0.004 0.003 0.002 0.000 0.000 0.000 0.000 0.000 0.000 0.000 0.000 0.000 0.000 0.000 0.000 0.000 0.000 0.000 0.000 0.000 0.000 0.049 0.064 0.064 0.063 0.063 0.062 0.062 0.062 0.063 0.074 0.084 0.000 0.000 0.000 0.000 0.000 0.000 0.000 0.000 0.000 0.000 0.000 0.000 0.000 0.000 0.000 0.000
0.000 0.000 0.000 0.000 0.000 0.000 0.000 0.000 0.000 0.000 0.000 0.000 0.000 0.000 0.001 0.002 0.003 0.003 0.003 0.003 0.003 0.003 0.003 0.003 0.003 0.003 0.003 0.003 0.003 0.002 0.001 0.000 0.000 0.000 0.000 0.000 0.000 0.000 0.000 0.000 0.000 0.000 0.000 0.000 0.000 0.000 0.000 0.000 0.000 0.000 0.028 0.049 0.063 0.062 0.062 0.061 0.061 0.061 0.061 0.071 0.082 0.000 0.000 0.000 0.000 0.000 0.000 0.000 0.000 0.000 0.000 0.000 0.000 0.000 0.000 0.000 0.000
0.000 0.000 0.000 0.000 0.000 0.000 0.000 0.000 0.000 0.000 0.000 0.000 0.000 0.000 0.000 0.000 0.001 0.001 0.001 0.001 0.001 0.001 0.001 0.001 0.001 0.001 0.001 0.001 0.001 0.000 0.000 0.000 0.000 0.000 0.000 0.000 0.000 0.000 0.000 0.000 0.000 0.000 0.000 0.000 0.000 0.000 0.000 0.000 0.000 0.000 0.008 0.028 0.048 0.061 0.060 0.059 0.059 0.059 0.059 0.068 0.000 0.000 0.000 0.000 0.000 0.000 0.000 0.000 0.000 0.000 0.000 0.000 0.000 0.000 0.000 0.000 0.000
0.000 0.000 0.000 0.000 0.000 0.000 0.000 0.000 0.000 0.000 0.000 0.000 0.000 0.000 0.000 0.000 0.000 0.000 0.000 0.000 0.000 0.000 0.000 0.000 0.000 0.000 0.000 0.000 0.000 0.000 0.000 0.000 0.000 0.000 0.000 0.000 0.000 0.000 0.000 0.000 0.000 0.000 0.000 0.000 0.000 0.000 0.000 0.000 0.000 0.000 0.000 0.007 0.026 0.046 0.059 0.057 0.056 0.055 0.055 0.000 0.000 0.000 0.000 0.000 0.000 0.000 0.000 0.000 0.000 0.000 0.000 0.000 0.000 0.000 0.000 0.000 0.000
0.000 0.000 0.000 0.000 0.000 0.000 0.000 0.000 0.000 0.000 0.000 0.000 0.000 0.000 0.000 0.000 0.000 0.000 0.000 0.000 0.000 0.000 0.000 0.000 0.000 0.000 0.000 0.000 0.000 0.000 0.000 0.000 0.000 0.000 0.000 0.000 0.000 0.000 0.000 0.000 0.000 0.000 0.000 0.000 0.000 0.000 0.000 0.000 0.000 0.000 0.000 0.001 0.004 0.024 0.043 0.055 0.053 0.051 0.048 0.046 0.000 0.000 0.000 0.000 0.000 0.000 0.000 0.000 0.000 0.000 0.000 0.000 0.000 0.000 0.000 0.000 0.000
0.000 0.000 0.000 0.000 0.000 0.000 0.000 0.000 0.000 0.000 0.000 0.000 0.000 0.000 0.000 0.000 0.000 0.000 0.000 0.000 0.000 0.000 0.000 0.000 0.000 0.000 0.000 0.000 0.000 0.000 0.000 0.000 0.000 0.000 0.000 0.000 0.000 0.000 0.000 0.000 0.000 0.000 0.000 0.000 0.000 0.000 0.000 0.000 0.000 0.000 0.000 0.001 0.001 0.002 0.020 0.039 0.050 0.047 0.043 0.039 0.041 0.000 0.000 0.000 0.000 0.000 0.000 0.000 0.000 0.000 0.000 0.000 0.000 0.000 0.000 0.000 0.000
0.000 0.000 0.000 0.000 0.000 0.000 0.000 0.000 0.000 0.000 0.000 0.000 0.000 0.000 0.000 0.000 0.000 0.000 0.000 0.000 0.000 0.000 0.000 0.000 0.000 0.000 0.000 0.000 0.000 0.000 0.000 0.000 0.000 0.000 0.000 0.000 0.000 0.000 0.000 0.000 0.000 0.000 0.000 0.000 0.000 0.000 0.000 0.000 0.000 0.000 0.000 0.001 0.001 0.001 0.001 0.012 0.033 0.042 0.038 0.032 0.032 0.028 0.029 0.000 0.000 0.000 0.000 0.000 0.000 0.000 0.000 0.000 0.000 0.000 0.000 0.000 0.000
0.000 0.000 0.000 0.000 0.000 0.000 0.000 0.000 0.000 0.000 0.000 0.000 0.000 0.000 0.000 0.000 0.000 0.000 0.000 0.000 0.000 0.000 0.000 0.000 0.000 0.000 0.000 0.000 0.000 0.000 0.000 0.000 0.000 0.000 0.000 0.000 0.000 0.000 0.000 0.000 0.000 0.000 0.000 0.000 0.000 0.000 0.000 0.000 0.000 0.000 0.000 0.000 0.001 0.001 0.001 0.001 0.005 0.024 0.032 0.026 0.024 0.022 0.024 0.027 0.000 0.000 0.000 0.000 0.000 0.000 0.000 0.000 0.000 0.000 0.000 0.000 0.000
0.000 0.000 0.000 0.000 0.000 0.000 0.000 0.000 0.000 0.000 0.000 0.000 0.000 0.000 0.000 0.000 0.000 0.000 0.000 0.000 0.000 0.000 0.000 0.000 0.000 0.000 0.000 0.000 0.000 0.000 0.000 0.000 0.000 0.000 0.000 0.000 0.000 0.000 0.000 0.000 0.000 0.000 0.000 0.000 0.000 0.000 0.000 0.000 0.000 0.000 0.000 0.000 0.001 0.001 0.001 0.001 0.001 0.002 0.014 0.020 0.017 0.017 0.020 0.023 0.026 0.000 0.000 0.000 0.000 0.000 0.000 0.000 0.000 0.000 0.000 0.000 0.000
