数据/150y_3h/150y_3h_res_2/150y_3h_278-0001.wd
ncols         694
nrows         824
xllcorner     581104.939801
yllcorner     3495917.092414
cellsize      2.000000
NODATA_value  -9999.000000
[rows 714 to 747 of 824, columns 154 to 230 of 694]
0.000 0.000 0.000 0.000 0.000 0.002 0.003 0.004 0.004 0.005 0.005 0.005 0.005 0.005 0.005 0.005 0.005 0.004 0.004 0.003 0.000 0.001 0.029 0.022 0.017 0.013 0.008 0.004 0.002 0.001 0.001 0.001 0.000 0.000 0.000 0.000 0.000 0.000 0.000 0.000 0.000 0.000 0.001 0.001 0.001 0.001 0.001 0.001 0.001 0.000 0.000 0.000 0.000 0.000 0.000 0.000 0.000 0.000 0.049 0.060 0.069 0.068 0.047 0.030 0.039 0.001 0.001 0.001 0.000 0.000 0.000 0.000 0.000 0.000 0.000 0.000 0.000
0.000 0.000 0.000 0.000 0.001 0.003 0.004 0.004 0.005 0.005 0.005 0.005 0.005 0.005 0.005 0.005 0.005 0.005 0.005 0.004 0.004 0.003 0.001 0.033 0.030 0.022 0.015 0.009 0.005 0.002 0.001 0.001 0.001 0.001 0.000 0.000 0.000 0.000 0.000 0.000 0.000 0.001 0.001 0.001 0.001 0.001 0.001 0.002 0.006 0.000 0.000 0.000 0.000 0.000 0.000 0.000 0.000 0.000 0.112 0.107 0.084 0.059 0.037 0.030 0.040 0.003 0.001 0.001 0.000 0.000 0.000 0.000 0.000 0.000 0.000 0.000 0.000
0.000 0.000 0.000 0.000 0.002 0.004 0.004 0.005 0.005 0.005 0.005 0.005 0.006 0.006 0.006 0.006 0.006 0.005 0.005 0.005 0.005 0.004 0.003 0.000 0.000 0.029 0.022 0.016 0.010 0.006 0.003 0.001 0.001 0.001 0.001 0.000 0.000 0.000 0.000 0.000 0.001 0.001 0.001 0.001 0.017 0.035 0.045 0.057 0.067 0.000 0.000 0.000 0.000 0.000 0.000 0.000 0.000 0.145 0.121 0.098 0.075 0.051 0.028 0.032 0.041 0.037 0.001 0.001 0.000 0.000 0.000 0.000 0.000 0.000 0.000 0.000 0.000
0.000 0.000 0.000 0.001 0.003 0.004 0.004 0.005 0.005 0.005 0.006 0.006 0.006 0.006 0.006 0.006 0.006 0.006 0.006 0.005 0.005 0.005 0.005 0.004 0.003 0.000 0.030 0.024 0.019 0.013 0.008 0.004 0.002 0.001 0.001 0.001 0.001 0.000 0.000 0.000 0.001 0.001 0.001 0.003 0.058 0.098 0.109 0.120 0.000 0.000 0.000 0.000 0.000 0.000 0.000 0.000 0.000 0.136 0.113 0.089 0.066 0.043 0.025 0.035 0.044 0.053 0.002 0.001 0.001 0.000 0.000 0.000 0.000 0.000 0.000 0.000 0.000
0.000 0.000 0.000 0.001 0.003 0.004 0.005 0.005 0.005 0.005 0.006 0.006 0.006 0.006 0.006 0.006 0.006 0.006 0.006 0.006 0.006 0.005 0.005 0.005 0.004 0.000 0.001 0.036 0.032 0.024 0.016 0.010 0.006 0.003 0.001 0.001 0.001 0.001 0.000 0.001 0.001 0.001 0.001 0.043 0.100 0.157 0.173 0.183 0.000 0.000 0.000 0.000 0.000 0.000 0.000 0.000 0.000 0.128 0.104 0.081 0.057 0.034 0.029 0.038 0.047 0.056 0.040 0.001 0.000 0.000 0.000 0.000 0.000 0.000 0.000 0.000 0.000
0.000 0.000 0.000 0.001 0.003 0.004 0.005 0.005 0.005 0.006 0.006 0.006 0.006 0.006 0.006 0.006 0.006 0.006 0.006 0.006 0.006 0.006 0.006 0.005 0.005 0.004 0.003 0.000 0.001 0.031 0.024 0.018 0.012 0.008 0.004 0.002 0.001 0.001 0.001 0.001 0.001 0.001 0.029 0.086 0.142 0.199 0.236 0.246 0.000 0.000 0.000 0.000 0.000 0.000 0.000 0.000 0.000 0.119 0.096 0.072 0.048 0.026 0.033 0.041 0.050 0.059 0.069 0.003 0.000 0.000 0.000 0.000 0.000 0.000 0.000 0.000 0.000
0.000 0.000 0.000 0.001 0.003 0.004 0.005 0.005 0.005 0.006 0.006 0.006 0.006 0.006 0.006 0.006 0.006 0.007 0.006 0.006 0.006 0.006 0.006 0.006 0.005 0.005 0.005 0.004 0.003 0.001 0.033 0.028 0.022 0.017 0.012 0.008 0.004 0.003 0.003 0.000 0.000 0.018 0.072 0.128 0.185 0.241 0.298 0.309 0.320 0.297 0.000 0.000 0.000 0.000 0.000 0.000 0.132 0.110 0.087 0.063 0.040 0.028 0.036 0.045 0.054 0.063 0.072 0.044 0.000 0.000 0.000 0.000 0.000 0.000 0.000 0.000 0.000
0.000 0.000 0.000 0.001 0.003 0.004 0.005 0.005 0.006 0.006 0.006 0.006 0.006 0.006 0.007 0.007 0.007 0.007 0.007 0.007 0.007 0.006 0.006 0.006 0.006 0.005 0.005 0.005 0.004 0.003 0.000 0.041 0.038 0.030 0.024 0.020 0.017 0.016 0.000 0.000 0.000 0.000 0.114 0.170 0.226 0.283 0.338 0.335 0.312 0.289 0.265 0.242 0.000 0.000 0.000 0.000 0.124 0.102 0.078 0.053 0.031 0.031 0.040 0.049 0.057 0.066 0.076 0.000 0.000 0.000 0.000 0.000 0.000 0.000 0.000 0.000 0.000
0.000 0.000 0.000 0.001 0.003 0.004 0.005 0.005 0.006 0.006 0.006 0.006 0.006 0.007 0.007 0.007 0.007 0.007 0.007 0.007 0.007 0.007 0.006 0.006 0.006 0.006 0.006 0.005 0.005 0.004 0.003 0.001 0.001 0.044 0.040 0.037 0.036 0.000 0.000 0.000 0.000 0.000 0.000 0.213 0.269 0.292 0.314 0.000 0.000 0.280 0.256 0.233 0.211 0.186 0.000 0.000 0.116 0.093 0.069 0.045 0.026 0.034 0.043 0.052 0.061 0.070 0.079 0.000 0.000 0.000 0.000 0.000 0.000 0.000 0.000 0.000 0.000
0.000 0.000 0.000 0.001 0.003 0.004 0.005 0.005 0.006 0.006 0.006 0.006 0.006 0.007 0.007 0.007 0.007 0.007 0.007 0.007 0.007 0.007 0.007 0.007 0.006 0.006 0.006 0.006 0.005 0.005 0.004 0.004 0.003 0.001 0.057 0.054 0.000 0.000 0.000 0.000 0.000 0.000 0.000 0.224 0.247 0.269 0.291 0.000 0.000 0.000 0.000 0.225 0.201 0.178 0.154 0.131 0.107 0.083 0.059 0.037 0.028 0.037 0.046 0.055 0.065 0.074 0.083 0.000 0.000 0.000 0.000 0.000 0.000 0.000 0.000 0.000 0.000
0.000 0.000 0.000 0.001 0.003 0.004 0.005 0.005 0.006 0.006 0.006 0.006 0.006 0.007 0.007 0.007 0.007 0.007 0.007 0.007 0.007 0.007 0.007 0.007 0.007 0.006 0.006 0.006 0.006 0.005 0.005 0.005 0.004 0.003 0.001 0.069 0.063 0.000 0.000 0.000 0.000 0.000 0.000 0.201 0.223 0.244 0.265 0.279 0.000 0.000 0.000 0.000 0.000 0.169 0.145 0.121 0.098 0.074 0.051 0.027 0.031 0.040 0.049 0.058 0.069 0.077 0.000 0.000 0.000 0.000 0.000 0.000 0.000 0.000 0.000 0.000 0.000
0.000 0.000 0.000 0.001 0.003 0.004 0.005 0.005 0.006 0.006 0.006 0.006 0.007 0.007 0.007 0.007 0.007 0.007 0.007 0.007 0.007 0.007 0.007 0.007 0.007 0.006 0.006 0.006 0.006 0.006 0.005 0.005 0.005 0.004 0.003 0.001 0.080 0.080 0.000 0.000 0.000 0.000 0.000 0.000 0.199 0.000 0.000 0.260 0.246 0.000 0.000 0.000 0.000 0.000 0.000 0.113 0.089 0.065 0.043 0.025 0.034 0.043 0.053 0.063 0.072 0.081 0.000 0.000 0.000 0.000 0.000 0.000 0.000 0.000 0.000 0.000 0.000
0.000 0.000 0.000 0.001 0.003 0.004 0.005 0.005 0.006 0.006 0.006 0.006 0.007 0.007 0.007 0.007 0.007 0.007 0.007 0.007 0.007 0.007 0.007 0.007 0.007 0.007 0.006 0.006 0.006 0.006 0.006 0.005 0.005 0.004 0.004 0.003 0.001 0.100 0.120 0.000 0.000 0.000 0.000 0.000 0.000 0.000 0.000 0.000 0.228 0.000 0.000 0.000 0.000 0.000 0.127 0.103 0.080 0.057 0.032 0.029 0.038 0.046 0.056 0.066 0.075 0.085 0.000 0.000 0.000 0.000 0.000 0.000 0.000 0.000 0.000 0.000 0.000
0.000 0.000 0.000 0.001 0.003 0.004 0.005 0.005 0.006 0.006 0.006 0.006 0.006 0.007 0.007 0.007 0.007 0.007 0.007 0.007 0.007 0.007 0.007 0.007 0.007 0.007 0.006 0.006 0.006 0.006 0.006 0.005 0.005 0.005 0.004 0.004 0.003 0.001 0.095 0.115 0.000 0.000 0.000 0.000 0.000 0.000 0.000 0.000 0.208 0.000 0.000 0.000 0.000 0.000 0.118 0.095 0.071 0.047 0.024 0.032 0.041 0.050 0.060 0.069 0.079 0.000 0.000 0.000 0.000 0.000 0.000 0.000 0.000 0.000 0.000 0.000 0.000
0.000 0.000 0.000 0.001 0.003 0.004 0.005 0.005 0.005 0.006 0.006 0.006 0.006 0.007 0.007 0.007 0.007 0.007 0.007 0.007 0.007 0.007 0.007 0.007 0.007 0.007 0.007 0.006 0.006 0.006 0.006 0.006 0.005 0.005 0.005 0.004 0.004 0.003 0.000 0.090 0.109 0.000 0.000 0.000 0.000 0.000 0.000 0.194 0.188 0.000 0.000 0.000 0.000 0.129 0.109 0.086 0.062 0.039 0.026 0.035 0.045 0.054 0.063 0.073 0.081 0.091 0.100 0.000 0.000 0.000 0.000 0.000 0.000 0.000 0.000 0.000 0.000
0.000 0.000 0.000 0.000 0.002 0.004 0.004 0.005 0.005 0.006 0.006 0.006 0.006 0.006 0.007 0.007 0.007 0.007 0.007 0.007 0.007 0.007 0.007 0.007 0.007 0.007 0.006 0.006 0.006 0.006 0.006 0.006 0.005 0.005 0.005 0.004 0.004 0.003 0.001 0.000 0.083 0.101 0.000 0.000 0.000 0.000 0.000 0.000 0.000 0.000 0.000 0.000 0.000 0.109 0.097 0.077 0.053 0.030 0.030 0.040 0.049 0.058 0.067 0.076 0.085 0.094 0.103 0.112 0.121 0.000 0.000 0.000 0.000 0.000 0.000 0.000 0.000
0.000 0.000 0.000 0.000 0.001 0.003 0.004 0.005 0.005 0.005 0.006 0.006 0.006 0.006 0.006 0.007 0.007 0.007 0.007 0.007 0.007 0.007 0.007 0.007 0.007 0.007 0.006 0.006 0.006 0.006 0.006 0.006 0.005 0.005 0.005 0.004 0.004 0.003 0.001 0.000 0.000 0.073 0.090 0.110 0.000 0.000 0.000 0.000 0.000 0.000 0.000 0.000 0.103 0.090 0.078 0.066 0.045 0.025 0.034 0.043 0.052 0.061 0.070 0.079 0.088 0.097 0.107 0.116 0.125 0.134 0.144 0.000 0.000 0.000 0.000 0.000 0.000
0.000 0.000 0.000 0.000 0.000 0.002 0.003 0.004 0.005 0.005 0.005 0.006 0.006 0.006 0.006 0.006 0.007 0.007 0.007 0.007 0.007 0.007 0.007 0.007 0.007 0.007 0.006 0.006 0.006 0.006 0.006 0.006 0.005 0.005 0.005 0.004 0.004 0.003 0.001 0.000 0.000 0.000 0.065 0.085 0.105 0.000 0.000 0.000 0.000 0.000 0.000 0.000 0.083 0.071 0.059 0.046 0.034 0.028 0.037 0.046 0.055 0.064 0.073 0.083 0.092 0.101 0.110 0.119 0.128 0.138 0.147 0.156 0.107 0.000 0.000 0.000 0.000
0.000 0.000 0.000 0.000 0.000 0.000 0.002 0.003 0.004 0.005 0.005 0.005 0.006 0.006 0.006 0.006 0.006 0.007 0.007 0.007 0.007 0.007 0.007 0.007 0.007 0.006 0.006 0.006 0.006 0.006 0.006 0.005 0.005 0.005 0.005 0.004 0.004 0.002 0.000 0.000 0.000 0.000 0.000 0.061 0.080 0.099 0.000 0.000 0.000 0.000 0.000 0.076 0.064 0.051 0.038 0.026 0.023 0.027 0.037 0.047 0.058 0.068 0.077 0.086 0.095 0.000 0.000 0.000 0.132 0.141 0.150 0.160 0.152 0.067 0.003 0.000 0.000
0.000 0.000 0.000 0.000 0.000 0.000 0.000 0.002 0.003 0.004 0.005 0.005 0.005 0.006 0.006 0.006 0.006 0.006 0.006 0.006 0.007 0.007 0.006 0.006 0.006 0.006 0.006 0.006 0.006 0.006 0.006 0.005 0.005 0.005 0.004 0.004 0.003 0.001 0.000 0.000 0.000 0.000 0.000 0.000 0.055 0.074 0.093 0.000 0.000 0.000 0.000 0.057 0.045 0.032 0.024 0.024 0.023 0.025 0.035 0.045 0.055 0.066 0.076 0.086 0.096 0.000 0.000 0.000 0.000 0.000 0.154 0.163 0.173 0.112 0.072 0.033 0.000
0.000 0.000 0.000 0.000 0.000 0.000 0.000 0.000 0.002 0.003 0.004 0.005 0.005 0.005 0.006 0.006 0.006 0.006 0.006 0.006 0.006 0.006 0.006 0.006 0.006 0.006 0.006 0.006 0.006 0.006 0.005 0.005 0.005 0.004 0.004 0.003 0.002 0.000 0.000 0.000 0.000 0.000 0.000 0.000 0.033 0.050 0.067 0.085 0.000 0.072 0.058 0.042 0.028 0.026 0.025 0.025 0.024 0.024 0.033 0.043 0.053 0.064 0.073 0.084 0.000 0.000 0.000 0.000 0.000 0.000 0.000 0.164 0.174 0.180 0.143 0.105 0.000
0.000 0.000 0.000 0.000 0.000 0.000 0.000 0.000 0.000 0.002 0.003 0.004 0.005 0.005 0.005 0.006 0.006 0.006 0.006 0.006 0.006 0.006 0.006 0.006 0.006 0.006 0.006 0.006 0.006 0.005 0.005 0.005 0.004 0.004 0.003 0.002 0.000 0.000 0.000 0.000 0.000 0.000 0.000 0.000 0.000 0.027 0.042 0.057 0.071 0.054 0.039 0.031 0.029 0.027 0.026 0.025 0.024 0.024 0.032 0.041 0.052 0.061 0.072 0.000 0.000 0.000 0.000 0.000 0.000 0.000 0.000 0.000 0.000 0.188 0.184 0.176 0.138
0.000 0.000 0.000 0.000 0.000 0.000 0.000 0.000 0.000 0.000 0.002 0.003 0.004 0.005 0.005 0.005 0.005 0.006 0.006 0.006 0.006 0.006 0.006 0.006 0.006 0.006 0.006 0.005 0.005 0.005 0.005 0.004 0.004 0.003 0.002 0.000 0.000 0.000 0.000 0.000 0.000 0.000 0.000 0.000 0.000 0.000 0.018 0.032 0.046 0.037 0.034 0.032 0.029 0.028 0.026 0.025 0.024 0.024 0.030 0.040 0.050 0.059 0.070 0.000 0.000 0.000 0.000 0.000 0.000 0.000 0.000 0.000 0.000 0.000 0.000 0.186 0.183
0.000 0.000 0.000 0.000 0.000 0.000 0.000 0.000 0.000 0.000 0.000 0.002 0.003 0.004 0.005 0.005 0.005 0.005 0.005 0.005 0.005 0.005 0.005 0.005 0.005 0.005 0.005 0.005 0.005 0.005 0.004 0.004 0.003 0.002 0.000 0.000 0.000 0.000 0.000 0.000 0.000 0.000 0.000 0.000 0.000 0.000 0.000 0.008 0.022 0.035 0.033 0.031 0.029 0.028 0.027 0.025 0.024 0.024 0.028 0.038 0.048 0.058 0.000 0.000 0.000 0.000 0.000 0.000 0.000 0.000 0.000 0.000 0.000 0.000 0.000 0.000 0.000
0.000 0.000 0.000 0.000 0.000 0.000 0.000 0.000 0.000 0.000 0.000 0.000 0.002 0.003 0.004 0.004 0.005 0.005 0.005 0.005 0.005 0.005 0.005 0.005 0.005 0.005 0.005 0.005 0.005 0.004 0.004 0.003 0.002 0.000 0.000 0.000 0.000 0.000 0.000 0.000 0.000 0.000 0.000 0.000 0.000 0.000 0.000 0.000 0.003 0.018 0.032 0.030 0.029 0.027 0.026 0.025 0.024 0.024 0.026 0.036 0.046 0.056 0.000 0.000 0.000 0.000 0.000 0.000 0.000 0.000 0.000 0.000 0.000 0.000 0.000 0.000 0.000
0.000 0.000 0.000 0.000 0.000 0.000 0.000 0.000 0.000 0.000 0.000 0.000 0.000 0.002 0.003 0.004 0.004 0.004 0.004 0.004 0.004 0.004 0.004 0.004 0.004 0.004 0.004 0.004 0.004 0.004 0.003 0.002 0.000 0.000 0.000 0.000 0.000 0.000 0.000 0.000 0.000 0.000 0.000 0.000 0.000 0.000 0.000 0.000 0.000 0.000 0.016 0.029 0.028 0.027 0.026 0.025 0.024 0.023 0.024 0.034 0.045 0.000 0.000 0.000 0.000 0.000 0.000 0.000 0.000 0.000 0.000 0.000 0.000 0.000 0.000 0.000 0.000
0.000 0.000 0.000 0.000 0.000 0.000 0.000 0.000 0.000 0.000 0.000 0.000 0.000 0.000 0.001 0.002 0.003 0.003 0.003 0.003 0.003 0.003 0.003 0.003 0.003 0.003 0.003 0.003 0.003 0.002 0.001 0.000 0.000 0.000 0.000 0.000 0.000 0.000 0.000 0.000 0.000 0.000 0.000 0.000 0.000 0.000 0.000 0.000 0.000 0.000 0.002 0.014 0.027 0.026 0.025 0.024 0.024 0.023 0.023 0.032 0.043 0.000 0.000 0.000 0.000 0.000 0.000 0.000 0.000 0.000 0.000 0.000 0.000 0.000 0.000 0.000 0.000
0.000 0.000 0.000 0.000 0.000 0.000 0.000 0.000 0.000 0.000 0.000 0.000 0.000 0.000 0.000 0.000 0.001 0.001 0.001 0.001 0.001 0.001 0.001 0.001 0.001 0.001 0.001 0.001 0.001 0.000 0.000 0.000 0.000 0.000 0.000 0.000 0.000 0.000 0.000 0.000 0.000 0.000 0.000 0.000 0.000 0.000 0.000 0.000 0.000 0.000 0.001 0.002 0.012 0.025 0.024 0.023 0.023 0.022 0.022 0.030 0.000 0.000 0.000 0.000 0.000 0.000 0.000 0.000 0.000 0.000 0.000 0.000 0.000 0.000 0.000 0.000 0.000
0.000 0.000 0.000 0.000 0.000 0.000 0.000 0.000 0.000 0.000 0.000 0.000 0.000 0.000 0.000 0.000 0.000 0.000 0.000 0.000 0.000 0.000 0.000 0.000 0.000 0.000 0.000 0.000 0.000 0.000 0.000 0.000 0.000 0.000 0.000 0.000 0.000 0.000 0.000 0.000 0.000 0.000 0.000 0.000 0.000 0.000 0.000 0.000 0.000 0.000 0.000 0.001 0.001 0.010 0.023 0.022 0.021 0.021 0.020 0.000 0.000 0.000 0.000 0.000 0.000 0.000 0.000 0.000 0.000 0.000 0.000 0.000 0.000 0.000 0.000 0.000 0.000
0.000 0.000 0.000 0.000 0.000 0.000 0.000 0.000 0.000 0.000 0.000 0.000 0.000 0.000 0.000 0.000 0.000 0.000 0.000 0.000 0.000 0.000 0.000 0.000 0.000 0.000 0.000 0.000 0.000 0.000 0.000 0.000 0.000 0.000 0.000 0.000 0.000 0.000 0.000 0.000 0.000 0.000 0.000 0.000 0.000 0.000 0.000 0.000 0.000 0.000 0.000 0.001 0.001 0.001 0.008 0.021 0.020 0.018 0.017 0.018 0.000 0.000 0.000 0.000 0.000 0.000 0.000 0.000 0.000 0.000 0.000 0.000 0.000 0.000 0.000 0.000 0.000
0.000 0.000 0.000 0.000 0.000 0.000 0.000 0.000 0.000 0.000 0.000 0.000 0.000 0.000 0.000 0.000 0.000 0.000 0.000 0.000 0.000 0.000 0.000 0.000 0.000 0.000 0.000 0.000 0.000 0.000 0.000 0.000 0.000 0.000 0.000 0.000 0.000 0.000 0.000 0.000 0.000 0.000 0.000 0.000 0.000 0.000 0.000 0.000 0.000 0.000 0.000 0.001 0.001 0.001 0.001 0.005 0.018 0.016 0.015 0.014 0.019 0.000 0.000 0.000 0.000 0.000 0.000 0.000 0.000 0.000 0.000 0.000 0.000 0.000 0.000 0.000 0.000
0.000 0.000 0.000 0.000 0.000 0.000 0.000 0.000 0.000 0.000 0.000 0.000 0.000 0.000 0.000 0.000 0.000 0.000 0.000 0.000 0.000 0.000 0.000 0.000 0.000 0.000 0.000 0.000 0.000 0.000 0.000 0.000 0.000 0.000 0.000 0.000 0.000 0.000 0.000 0.000 0.000 0.000 0.000 0.000 0.000 0.000 0.000 0.000 0.000 0.000 0.000 0.001 0.001 0.001 0.001 0.001 0.003 0.015 0.013 0.010 0.014 0.013 0.015 0.000 0.000 0.000 0.000 0.000 0.000 0.000 0.000 0.000 0.000 0.000 0.000 0.000 0.000
0.000 0.000 0.000 0.000 0.000 0.000 0.000 0.000 0.000 0.000 0.000 0.000 0.000 0.000 0.000 0.000 0.000 0.000 0.000 0.000 0.000 0.000 0.000 0.000 0.000 0.000 0.000 0.000 0.000 0.000 0.000 0.000 0.000 0.000 0.000 0.000 0.000 0.000 0.000 0.000 0.000 0.000 0.000 0.000 0.000 0.000 0.000 0.000 0.000 0.000 0.000 0.000 0.001 0.001 0.001 0.001 0.001 0.003 0.011 0.009 0.009 0.009 0.011 0.014 0.000 0.000 0.000 0.000 0.000 0.000 0.000 0.000 0.000 0.000 0.000 0.000 0.000
0.000 0.000 0.000 0.000 0.000 0.000 0.000 0.000 0.000 0.000 0.000 0.000 0.000 0.000 0.000 0.000 0.000 0.000 0.000 0.000 0.000 0.000 0.000 0.000 0.000 0.000 0.000 0.000 0.000 0.000 0.000 0.000 0.000 0.000 0.000 0.000 0.000 0.000 0.000 0.000 0.000 0.000 0.000 0.000 0.000 0.000 0.000 0.000 0.000 0.000 0.000 0.000 0.001 0.001 0.001 0.001 0.001 0.001 0.002 0.006 0.005 0.006 0.009 0.011 0.013 0.000 0.000 0.000 0.000 0.000 0.000 0.000 0.000 0.000 0.000 0.000 0.000
