数据/150y_3h/150y_3h_res_2/150y_3h_219-0001.wd
ncols         694
nrows         824
xllcorner     581104.939801
yllcorner     3495917.092414
cellsize      2.000000
NODATA_value  -9999.000000
[rows 714 to 747 of 824, columns 154 to 230 of 694]
0.000 0.000 0.000 0.000 0.000 0.002 0.003 0.004 0.005 0.006 0.007 0.008 0.008 0.009 0.009 0.009 0.009 0.009 0.009 0.008 0.000 0.001 0.071 0.069 0.066 0.063 0.058 0.052 0.046 0.041 0.035 0.031 0.000 0.000 0.000 0.000 0.000 0.000 0.000 0.000 0.000 0.000 0.001 0.002 0.015 0.023 0.032 0.041 0.051 0.000 0.000 0.000 0.000 0.000 0.000 0.000 0.000 0.000 0.148 0.159 0.169 0.169 0.146 0.125 0.134 0.050 0.001 0.001 0.000 0.000 0.000 0.000 0.000 0.000 0.000 0.000 0.000
0.000 0.000 0.000 0.000 0.001 0.003 0.004 0.005 0.006 0.007 0.008 0.008 0.009 0.009 0.010 0.010 0.011 0.011 0.011 0.011 0.011 0.010 0.001 0.088 0.086 0.082 0.078 0.072 0.066 0.060 0.053 0.047 0.041 0.037 0.000 0.000 0.000 0.000 0.000 0.000 0.000 0.001 0.001 0.029 0.074 0.085 0.094 0.105 0.117 0.000 0.000 0.000 0.000 0.000 0.000 0.000 0.000 0.000 0.211 0.206 0.182 0.158 0.136 0.127 0.137 0.090 0.010 0.001 0.000 0.000 0.000 0.000 0.000 0.000 0.000 0.000 0.000
0.000 0.000 0.000 0.000 0.002 0.004 0.005 0.006 0.007 0.008 0.008 0.009 0.010 0.010 0.011 0.011 0.012 0.012 0.013 0.014 0.014 0.015 0.014 0.001 0.001 0.103 0.098 0.092 0.085 0.078 0.072 0.065 0.060 0.055 0.051 0.000 0.000 0.000 0.000 0.000 0.001 0.001 0.017 0.073 0.129 0.147 0.157 0.168 0.179 0.000 0.000 0.000 0.000 0.000 0.000 0.000 0.000 0.244 0.220 0.197 0.173 0.148 0.126 0.129 0.139 0.136 0.049 0.001 0.000 0.000 0.000 0.000 0.000 0.000 0.000 0.000 0.000
0.000 0.000 0.000 0.001 0.003 0.005 0.006 0.007 0.007 0.008 0.009 0.010 0.010 0.011 0.011 0.012 0.013 0.014 0.015 0.016 0.017 0.018 0.020 0.022 0.025 0.003 0.118 0.111 0.105 0.097 0.090 0.084 0.078 0.074 0.069 0.065 0.062 0.000 0.000 0.000 0.001 0.008 0.057 0.114 0.170 0.210 0.220 0.230 0.000 0.000 0.000 0.000 0.000 0.000 0.000 0.000 0.000 0.235 0.211 0.186 0.165 0.139 0.123 0.132 0.141 0.151 0.093 0.011 0.001 0.000 0.000 0.000 0.000 0.000 0.000 0.000 0.000
0.000 0.000 0.000 0.001 0.003 0.005 0.006 0.007 0.008 0.009 0.009 0.010 0.011 0.011 0.012 0.013 0.014 0.015 0.016 0.017 0.019 0.021 0.024 0.030 0.040 0.058 0.003 0.130 0.124 0.115 0.108 0.102 0.097 0.093 0.090 0.086 0.083 0.080 0.000 0.028 0.028 0.050 0.100 0.157 0.212 0.268 0.283 0.294 0.000 0.000 0.000 0.000 0.000 0.000 0.000 0.000 0.000 0.226 0.203 0.179 0.154 0.130 0.127 0.136 0.145 0.154 0.139 0.053 0.000 0.000 0.000 0.000 0.000 0.000 0.000 0.000 0.000
0.000 0.000 0.000 0.001 0.003 0.005 0.006 0.007 0.008 0.009 0.010 0.010 0.011 0.012 0.012 0.013 0.014 0.015 0.016 0.018 0.019 0.022 0.025 0.029 0.034 0.040 0.026 0.001 0.000 0.130 0.125 0.121 0.117 0.113 0.110 0.106 0.103 0.100 0.093 0.067 0.073 0.092 0.143 0.199 0.254 0.310 0.346 0.357 0.000 0.000 0.000 0.000 0.000 0.000 0.000 0.000 0.000 0.216 0.193 0.169 0.146 0.121 0.130 0.139 0.149 0.158 0.167 0.096 0.000 0.000 0.000 0.000 0.000 0.000 0.000 0.000 0.000
0.000 0.000 0.000 0.001 0.003 0.005 0.006 0.007 0.008 0.009 0.010 0.011 0.011 0.012 0.013 0.014 0.014 0.015 0.017 0.018 0.020 0.021 0.024 0.026 0.029 0.030 0.024 0.017 0.011 0.001 0.143 0.140 0.137 0.133 0.130 0.127 0.124 0.122 0.119 0.000 0.000 0.130 0.185 0.241 0.296 0.353 0.409 0.421 0.431 0.408 0.000 0.000 0.000 0.000 0.000 0.000 0.231 0.207 0.184 0.159 0.135 0.125 0.134 0.142 0.151 0.160 0.170 0.141 0.000 0.000 0.000 0.000 0.000 0.000 0.000 0.000 0.000
0.000 0.000 0.000 0.001 0.003 0.005 0.006 0.007 0.008 0.009 0.010 0.011 0.011 0.012 0.013 0.014 0.015 0.016 0.017 0.018 0.019 0.021 0.022 0.024 0.025 0.025 0.022 0.018 0.014 0.010 0.001 0.159 0.157 0.153 0.150 0.148 0.145 0.144 0.000 0.000 0.000 0.000 0.227 0.283 0.338 0.395 0.449 0.446 0.423 0.399 0.375 0.350 0.000 0.000 0.000 0.000 0.222 0.198 0.174 0.151 0.127 0.128 0.137 0.145 0.154 0.164 0.173 0.000 0.000 0.000 0.000 0.000 0.000 0.000 0.000 0.000 0.000
0.000 0.000 0.000 0.001 0.003 0.005 0.006 0.007 0.008 0.009 0.010 0.011 0.011 0.012 0.013 0.014 0.014 0.015 0.016 0.017 0.018 0.020 0.021 0.022 0.022 0.022 0.020 0.018 0.015 0.012 0.009 0.001 0.000 0.173 0.170 0.168 0.167 0.000 0.000 0.000 0.000 0.000 0.000 0.325 0.381 0.405 0.426 0.000 0.000 0.390 0.365 0.341 0.317 0.294 0.000 0.000 0.213 0.189 0.165 0.141 0.121 0.131 0.140 0.147 0.156 0.167 0.177 0.000 0.000 0.000 0.000 0.000 0.000 0.000 0.000 0.000 0.000
0.000 0.000 0.000 0.001 0.003 0.005 0.006 0.007 0.008 0.009 0.010 0.011 0.011 0.012 0.013 0.014 0.014 0.015 0.016 0.017 0.018 0.019 0.019 0.020 0.020 0.020 0.018 0.017 0.015 0.013 0.011 0.008 0.006 0.001 0.191 0.186 0.000 0.000 0.000 0.000 0.000 0.000 0.000 0.338 0.360 0.381 0.403 0.000 0.000 0.000 0.000 0.333 0.309 0.284 0.256 0.230 0.205 0.178 0.156 0.133 0.123 0.133 0.142 0.150 0.160 0.170 0.179 0.000 0.000 0.000 0.000 0.000 0.000 0.000 0.000 0.000 0.000
0.000 0.000 0.000 0.001 0.003 0.005 0.006 0.007 0.008 0.009 0.010 0.011 0.011 0.012 0.013 0.013 0.014 0.015 0.015 0.016 0.017 0.018 0.018 0.018 0.018 0.018 0.017 0.016 0.014 0.013 0.011 0.009 0.008 0.005 0.000 0.202 0.193 0.000 0.000 0.000 0.000 0.000 0.000 0.315 0.337 0.358 0.380 0.392 0.000 0.000 0.000 0.000 0.000 0.273 0.248 0.220 0.195 0.169 0.142 0.121 0.125 0.135 0.144 0.152 0.162 0.172 0.000 0.000 0.000 0.000 0.000 0.000 0.000 0.000 0.000 0.000 0.000
0.000 0.000 0.000 0.001 0.003 0.005 0.006 0.007 0.008 0.009 0.010 0.010 0.011 0.012 0.012 0.013 0.014 0.014 0.015 0.016 0.016 0.017 0.017 0.017 0.017 0.017 0.016 0.015 0.014 0.013 0.011 0.010 0.009 0.007 0.005 0.000 0.209 0.206 0.000 0.000 0.000 0.000 0.000 0.000 0.315 0.000 0.000 0.372 0.359 0.000 0.000 0.000 0.000 0.000 0.000 0.207 0.183 0.159 0.133 0.119 0.128 0.137 0.146 0.156 0.165 0.175 0.000 0.000 0.000 0.000 0.000 0.000 0.000 0.000 0.000 0.000 0.000
0.000 0.000 0.000 0.001 0.003 0.005 0.006 0.007 0.008 0.009 0.010 0.010 0.011 0.011 0.012 0.013 0.013 0.014 0.014 0.015 0.015 0.016 0.016 0.016 0.016 0.016 0.015 0.014 0.013 0.012 0.011 0.010 0.009 0.008 0.006 0.004 0.001 0.224 0.241 0.000 0.000 0.000 0.000 0.000 0.000 0.000 0.000 0.000 0.339 0.000 0.000 0.000 0.000 0.000 0.219 0.195 0.172 0.148 0.124 0.123 0.130 0.137 0.148 0.158 0.168 0.178 0.000 0.000 0.000 0.000 0.000 0.000 0.000 0.000 0.000 0.000 0.000
0.000 0.000 0.000 0.001 0.003 0.005 0.006 0.007 0.008 0.009 0.009 0.010 0.011 0.011 0.012 0.012 0.013 0.013 0.014 0.014 0.015 0.015 0.015 0.015 0.015 0.015 0.014 0.014 0.013 0.012 0.011 0.010 0.009 0.008 0.007 0.006 0.004 0.000 0.213 0.228 0.000 0.000 0.000 0.000 0.000 0.000 0.000 0.000 0.319 0.000 0.000 0.000 0.000 0.000 0.210 0.185 0.162 0.139 0.114 0.123 0.131 0.141 0.150 0.159 0.169 0.000 0.000 0.000 0.000 0.000 0.000 0.000 0.000 0.000 0.000 0.000 0.000
0.000 0.000 0.000 0.001 0.003 0.005 0.006 0.007 0.008 0.008 0.009 0.010 0.010 0.011 0.011 0.012 0.012 0.013 0.013 0.014 0.014 0.014 0.014 0.014 0.014 0.014 0.013 0.013 0.012 0.012 0.011 0.010 0.009 0.008 0.007 0.006 0.005 0.003 0.001 0.199 0.214 0.000 0.000 0.000 0.000 0.000 0.000 0.304 0.298 0.000 0.000 0.000 0.000 0.218 0.200 0.176 0.152 0.128 0.116 0.125 0.133 0.144 0.153 0.160 0.168 0.175 0.184 0.000 0.000 0.000 0.000 0.000 0.000 0.000 0.000 0.000 0.000
0.000 0.000 0.000 0.000 0.002 0.004 0.005 0.006 0.007 0.008 0.009 0.009 0.010 0.010 0.011 0.011 0.012 0.012 0.013 0.013 0.013 0.013 0.013 0.013 0.013 0.013 0.013 0.012 0.012 0.011 0.010 0.010 0.009 0.008 0.007 0.006 0.005 0.003 0.001 0.000 0.184 0.198 0.000 0.000 0.000 0.000 0.000 0.000 0.000 0.000 0.000 0.000 0.000 0.199 0.186 0.167 0.143 0.118 0.118 0.126 0.136 0.146 0.154 0.161 0.170 0.178 0.187 0.194 0.203 0.000 0.000 0.000 0.000 0.000 0.000 0.000 0.000
0.000 0.000 0.000 0.000 0.001 0.003 0.004 0.005 0.006 0.007 0.008 0.009 0.009 0.010 0.010 0.011 0.011 0.012 0.012 0.012 0.012 0.013 0.013 0.013 0.013 0.012 0.012 0.012 0.011 0.011 0.010 0.009 0.009 0.008 0.007 0.006 0.005 0.003 0.001 0.000 0.000 0.167 0.178 0.196 0.000 0.000 0.000 0.000 0.000 0.000 0.000 0.000 0.190 0.177 0.166 0.153 0.133 0.113 0.121 0.130 0.139 0.149 0.157 0.166 0.174 0.182 0.190 0.198 0.206 0.215 0.224 0.000 0.000 0.000 0.000 0.000 0.000
0.000 0.000 0.000 0.000 0.000 0.002 0.003 0.004 0.005 0.006 0.007 0.008 0.009 0.009 0.010 0.010 0.011 0.011 0.011 0.012 0.012 0.012 0.012 0.012 0.012 0.012 0.011 0.011 0.011 0.010 0.010 0.009 0.008 0.008 0.007 0.006 0.005 0.003 0.001 0.000 0.000 0.000 0.151 0.169 0.187 0.000 0.000 0.000 0.000 0.000 0.000 0.000 0.170 0.157 0.147 0.132 0.121 0.114 0.123 0.131 0.141 0.151 0.161 0.170 0.177 0.184 0.194 0.202 0.209 0.218 0.227 0.235 0.185 0.000 0.000 0.000 0.000
0.000 0.000 0.000 0.000 0.000 0.000 0.002 0.003 0.004 0.005 0.006 0.007 0.008 0.009 0.009 0.010 0.010 0.011 0.011 0.011 0.011 0.011 0.011 0.011 0.011 0.011 0.011 0.011 0.010 0.010 0.009 0.009 0.008 0.007 0.006 0.005 0.004 0.002 0.000 0.000 0.000 0.000 0.000 0.143 0.160 0.178 0.000 0.000 0.000 0.000 0.000 0.162 0.149 0.137 0.125 0.112 0.110 0.114 0.123 0.133 0.144 0.155 0.164 0.172 0.180 0.000 0.000 0.000 0.212 0.221 0.229 0.237 0.229 0.143 0.076 0.000 0.000
0.000 0.000 0.000 0.000 0.000 0.000 0.000 0.002 0.003 0.004 0.005 0.006 0.007 0.008 0.009 0.009 0.010 0.010 0.010 0.010 0.011 0.011 0.011 0.011 0.011 0.010 0.010 0.010 0.010 0.009 0.009 0.008 0.007 0.006 0.005 0.004 0.003 0.001 0.000 0.000 0.000 0.000 0.000 0.000 0.132 0.151 0.169 0.000 0.000 0.000 0.000 0.143 0.129 0.118 0.109 0.110 0.110 0.112 0.122 0.132 0.143 0.153 0.163 0.171 0.183 0.000 0.000 0.000 0.000 0.000 0.232 0.240 0.249 0.187 0.146 0.107 0.000
0.000 0.000 0.000 0.000 0.000 0.000 0.000 0.000 0.002 0.003 0.004 0.005 0.006 0.007 0.008 0.009 0.009 0.009 0.010 0.010 0.010 0.010 0.010 0.010 0.010 0.010 0.010 0.009 0.009 0.009 0.008 0.007 0.006 0.005 0.004 0.003 0.002 0.000 0.000 0.000 0.000 0.000 0.000 0.000 0.109 0.125 0.141 0.159 0.000 0.147 0.134 0.122 0.110 0.110 0.109 0.109 0.109 0.109 0.119 0.129 0.139 0.150 0.159 0.168 0.000 0.000 0.000 0.000 0.000 0.000 0.000 0.240 0.250 0.255 0.217 0.178 0.000
0.000 0.000 0.000 0.000 0.000 0.000 0.000 0.000 0.000 0.002 0.003 0.004 0.005 0.006 0.007 0.008 0.008 0.009 0.009 0.009 0.009 0.009 0.009 0.009 0.009 0.009 0.009 0.009 0.008 0.008 0.007 0.006 0.005 0.004 0.003 0.002 0.000 0.000 0.000 0.000 0.000 0.000 0.000 0.000 0.000 0.101 0.115 0.130 0.144 0.128 0.115 0.109 0.109 0.109 0.109 0.109 0.109 0.108 0.116 0.126 0.137 0.147 0.158 0.000 0.000 0.000 0.000 0.000 0.000 0.000 0.000 0.000 0.000 0.261 0.257 0.247 0.206
0.000 0.000 0.000 0.000 0.000 0.000 0.000 0.000 0.000 0.000 0.002 0.003 0.004 0.005 0.006 0.007 0.008 0.008 0.008 0.008 0.008 0.008 0.008 0.008 0.008 0.008 0.008 0.008 0.008 0.007 0.006 0.005 0.004 0.003 0.002 0.000 0.000 0.000 0.000 0.000 0.000 0.000 0.000 0.000 0.000 0.000 0.090 0.105 0.119 0.110 0.109 0.108 0.107 0.107 0.107 0.108 0.108 0.108 0.114 0.125 0.135 0.146 0.157 0.000 0.000 0.000 0.000 0.000 0.000 0.000 0.000 0.000 0.000 0.000 0.000 0.255 0.249
0.000 0.000 0.000 0.000 0.000 0.000 0.000 0.000 0.000 0.000 0.000 0.002 0.003 0.004 0.005 0.006 0.007 0.007 0.007 0.007 0.007 0.007 0.007 0.007 0.007 0.007 0.007 0.007 0.007 0.006 0.005 0.004 0.003 0.002 0.000 0.000 0.000 0.000 0.000 0.000 0.000 0.000 0.000 0.000 0.000 0.000 0.000 0.081 0.096 0.109 0.107 0.106 0.105 0.105 0.105 0.105 0.106 0.106 0.112 0.122 0.132 0.142 0.000 0.000 0.000 0.000 0.000 0.000 0.000 0.000 0.000 0.000 0.000 0.000 0.000 0.000 0.000
0.000 0.000 0.000 0.000 0.000 0.000 0.000 0.000 0.000 0.000 0.000 0.000 0.002 0.003 0.004 0.005 0.006 0.006 0.006 0.006 0.006 0.006 0.006 0.006 0.006 0.006 0.006 0.006 0.006 0.005 0.004 0.003 0.002 0.000 0.000 0.000 0.000 0.000 0.000 0.000 0.000 0.000 0.000 0.000 0.000 0.000 0.000 0.000 0.074 0.090 0.105 0.104 0.104 0.104 0.104 0.104 0.104 0.104 0.107 0.118 0.129 0.140 0.000 0.000 0.000 0.000 0.000 0.000 0.000 0.000 0.000 0.000 0.000 0.000 0.000 0.000 0.000
0.000 0.000 0.000 0.000 0.000 0.000 0.000 0.000 0.000 0.000 0.000 0.000 0.000 0.002 0.003 0.004 0.005 0.005 0.005 0.005 0.005 0.005 0.005 0.005 0.005 0.005 0.005 0.005 0.005 0.004 0.003 0.002 0.000 0.000 0.000 0.000 0.000 0.000 0.000 0.000 0.000 0.000 0.000 0.000 0.000 0.000 0.000 0.000 0.000 0.050 0.087 0.103 0.103 0.102 0.102 0.102 0.102 0.102 0.104 0.115 0.126 0.000 0.000 0.000 0.000 0.000 0.000 0.000 0.000 0.000 0.000 0.000 0.000 0.000 0.000 0.000 0.000
0.000 0.000 0.000 0.000 0.000 0.000 0.000 0.000 0.000 0.000 0.000 0.000 0.000 0.000 0.001 0.002 0.003 0.003 0.003 0.003 0.003 0.003 0.003 0.003 0.003 0.003 0.003 0.003 0.003 0.002 0.001 0.000 0.000 0.000 0.000 0.000 0.000 0.000 0.000 0.000 0.000 0.000 0.000 0.000 0.000 0.000 0.000 0.000 0.000 0.000 0.067 0.087 0.101 0.101 0.100 0.099 0.098 0.099 0.101 0.112 0.124 0.000 0.000 0.000 0.000 0.000 0.000 0.000 0.000 0.000 0.000 0.000 0.000 0.000 0.000 0.000 0.000
0.000 0.000 0.000 0.000 0.000 0.000 0.000 0.000 0.000 0.000 0.000 0.000 0.000 0.000 0.000 0.000 0.001 0.001 0.001 0.001 0.001 0.001 0.001 0.001 0.001 0.001 0.001 0.001 0.001 0.000 0.000 0.000 0.000 0.000 0.000 0.000 0.000 0.000 0.000 0.000 0.000 0.000 0.000 0.000 0.000 0.000 0.000 0.000 0.000 0.000 0.046 0.066 0.085 0.098 0.096 0.094 0.092 0.093 0.096 0.108 0.000 0.000 0.000 0.000 0.000 0.000 0.000 0.000 0.000 0.000 0.000 0.000 0.000 0.000 0.000 0.000 0.000
0.000 0.000 0.000 0.000 0.000 0.000 0.000 0.000 0.000 0.000 0.000 0.000 0.000 0.000 0.000 0.000 0.000 0.000 0.000 0.000 0.000 0.000 0.000 0.000 0.000 0.000 0.000 0.000 0.000 0.000 0.000 0.000 0.000 0.000 0.000 0.000 0.000 0.000 0.000 0.000 0.000 0.000 0.000 0.000 0.000 0.000 0.000 0.000 0.000 0.000 0.000 0.044 0.063 0.081 0.092 0.087 0.074 0.083 0.086 0.000 0.000 0.000 0.000 0.000 0.000 0.000 0.000 0.000 0.000 0.000 0.000 0.000 0.000 0.000 0.000 0.000 0.000
0.000 0.000 0.000 0.000 0.000 0.000 0.000 0.000 0.000 0.000 0.000 0.000 0.000 0.000 0.000 0.000 0.000 0.000 0.000 0.000 0.000 0.000 0.000 0.000 0.000 0.000 0.000 0.000 0.000 0.000 0.000 0.000 0.000 0.000 0.000 0.000 0.000 0.000 0.000 0.000 0.000 0.000 0.000 0.000 0.000 0.000 0.000 0.000 0.000 0.000 0.000 0.022 0.040 0.058 0.074 0.083 0.077 0.078 0.077 0.075 0.000 0.000 0.000 0.000 0.000 0.000 0.000 0.000 0.000 0.000 0.000 0.000 0.000 0.000 0.000 0.000 0.000
0.000 0.000 0.000 0.000 0.000 0.000 0.000 0.000 0.000 0.000 0.000 0.000 0.000 0.000 0.000 0.000 0.000 0.000 0.000 0.000 0.000 0.000 0.000 0.000 0.000 0.000 0.000 0.000 0.000 0.000 0.000 0.000 0.000 0.000 0.000 0.000 0.000 0.000 0.000 0.000 0.000 0.000 0.000 0.000 0.000 0.000 0.000 0.000 0.000 0.000 0.000 0.003 0.017 0.034 0.050 0.067 0.076 0.074 0.071 0.068 0.070 0.000 0.000 0.000 0.000 0.000 0.000 0.000 0.000 0.000 0.000 0.000 0.000 0.000 0.000 0.000 0.000
0.000 0.000 0.000 0.000 0.000 0.000 0.000 0.000 0.000 0.000 0.000 0.000 0.000 0.000 0.000 0.000 0.000 0.000 0.000 0.000 0.000 0.000 0.000 0.000 0.000 0.000 0.000 0.000 0.000 0.000 0.000 0.000 0.000 0.000 0.000 0.000 0.000 0.000 0.000 0.000 0.000 0.000 0.000 0.000 0.000 0.000 0.000 0.000 0.000 0.000 0.000 0.001 0.002 0.010 0.027 0.044 0.061 0.071 0.066 0.061 0.061 0.056 0.057 0.000 0.000 0.000 0.000 0.000 0.000 0.000 0.000 0.000 0.000 0.000 0.000 0.000 0.000
0.000 0.000 0.000 0.000 0.000 0.000 0.000 0.000 0.000 0.000 0.000 0.000 0.000 0.000 0.000 0.000 0.000 0.000 0.000 0.000 0.000 0.000 0.000 0.000 0.000 0.000 0.000 0.000 0.000 0.000 0.000 0.000 0.000 0.000 0.000 0.000 0.000 0.000 0.000 0.000 0.000 0.000 0.000 0.000 0.000 0.000 0.000 0.000 0.000 0.000 0.000 0.000 0.001 0.001 0.005 0.020 0.038 0.054 0.062 0.055 0.052 0.049 0.050 0.053 0.000 0.000 0.000 0.000 0.000 0.000 0.000 0.000 0.000 0.000 0.000 0.000 0.000
0.000 0.000 0.000 0.000 0.000 0.000 0.000 0.000 0.000 0.000 0.000 0.000 0.000 0.000 0.000 0.000 0.000 0.000 0.000 0.000 0.000 0.000 0.000 0.000 0.000 0.000 0.000 0.000 0.000 0.000 0.000 0.000 0.000 0.000 0.000 0.000 0.000 0.000 0.000 0.000 0.000 0.000 0.000 0.000 0.000 0.000 0.000 0.000 0.000 0.000 0.000 0.000 0.001 0.001 0.001 0.002 0.014 0.030 0.045 0.048 0.042 0.041 0.044 0.047 0.049 0.000 0.000 0.000 0.000 0.000 0.000 0.000 0.000 0.000 0.000 0.000 0.000
