数据/150y_3h/150y_3h_res_2/150y_3h_171-0001.wd
ncols         694
nrows         824
xllcorner     581104.939801
yllcorner     3495917.092414
cellsize      2.000000
NODATA_value  -9999.000000
[rows 714 to 747 of 824, columns 154 to 230 of 694]
0.000 0.000 0.000 0.000 0.000 0.000 0.002 0.003 0.004 0.005 0.006 0.007 0.008 0.009 0.010 0.010 0.011 0.011 0.010 0.009 0.001 0.001 0.105 0.100 0.095 0.092 0.089 0.085 0.081 0.077 0.072 0.069 0.000 0.000 0.000 0.000 0.000 0.000 0.000 0.000 0.000 0.000 0.038 0.090 0.113 0.125 0.136 0.146 0.156 0.000 0.000 0.000 0.000 0.000 0.000 0.000 0.000 0.000 0.260 0.269 0.284 0.277 0.259 0.239 0.245 0.161 0.078 0.012 0.000 0.000 0.000 0.000 0.000 0.000 0.000 0.000 0.000
0.000 0.000 0.000 0.000 0.000 0.002 0.003 0.004 0.005 0.006 0.007 0.008 0.009 0.010 0.011 0.012 0.012 0.013 0.013 0.013 0.012 0.011 0.000 0.119 0.116 0.114 0.110 0.106 0.101 0.097 0.091 0.087 0.080 0.077 0.000 0.000 0.000 0.000 0.000 0.000 0.000 0.024 0.076 0.136 0.178 0.188 0.198 0.209 0.220 0.000 0.000 0.000 0.000 0.000 0.000 0.000 0.000 0.000 0.324 0.317 0.295 0.271 0.248 0.241 0.250 0.207 0.117 0.033 0.000 0.000 0.000 0.000 0.000 0.000 0.000 0.000 0.000
0.000 0.000 0.000 0.000 0.001 0.003 0.004 0.005 0.006 0.007 0.008 0.009 0.010 0.011 0.012 0.013 0.013 0.014 0.015 0.016 0.017 0.017 0.016 0.001 0.002 0.135 0.131 0.127 0.122 0.116 0.111 0.105 0.100 0.097 0.093 0.000 0.000 0.000 0.000 0.000 0.019 0.062 0.122 0.177 0.231 0.248 0.260 0.271 0.283 0.000 0.000 0.000 0.000 0.000 0.000 0.000 0.000 0.353 0.330 0.307 0.285 0.264 0.240 0.241 0.248 0.244 0.161 0.074 0.000 0.000 0.000 0.000 0.000 0.000 0.000 0.000 0.000
0.000 0.000 0.000 0.000 0.002 0.004 0.005 0.006 0.007 0.008 0.009 0.010 0.011 0.012 0.013 0.014 0.015 0.016 0.017 0.018 0.020 0.021 0.023 0.025 0.030 0.005 0.152 0.147 0.142 0.136 0.130 0.125 0.121 0.116 0.112 0.108 0.105 0.000 0.000 0.000 0.052 0.106 0.162 0.217 0.270 0.312 0.325 0.335 0.000 0.000 0.000 0.000 0.000 0.000 0.000 0.000 0.000 0.346 0.324 0.299 0.278 0.251 0.237 0.248 0.253 0.261 0.203 0.120 0.036 0.000 0.000 0.000 0.000 0.000 0.000 0.000 0.000
0.000 0.000 0.000 0.001 0.003 0.004 0.005 0.007 0.008 0.008 0.009 0.010 0.011 0.012 0.013 0.014 0.015 0.017 0.018 0.020 0.022 0.024 0.028 0.035 0.047 0.068 0.005 0.167 0.162 0.155 0.149 0.145 0.141 0.136 0.132 0.129 0.126 0.124 0.000 0.079 0.098 0.149 0.203 0.257 0.316 0.371 0.386 0.396 0.000 0.000 0.000 0.000 0.000 0.000 0.000 0.000 0.000 0.335 0.313 0.289 0.268 0.245 0.235 0.246 0.258 0.266 0.249 0.163 0.000 0.000 0.000 0.000 0.000 0.000 0.000 0.000 0.000
0.000 0.000 0.000 0.001 0.003 0.005 0.006 0.007 0.008 0.009 0.010 0.011 0.012 0.013 0.014 0.015 0.016 0.017 0.019 0.021 0.023 0.025 0.029 0.034 0.040 0.047 0.030 0.001 0.000 0.172 0.168 0.165 0.161 0.157 0.154 0.150 0.147 0.144 0.136 0.113 0.143 0.191 0.245 0.301 0.358 0.414 0.452 0.461 0.000 0.000 0.000 0.000 0.000 0.000 0.000 0.000 0.000 0.327 0.303 0.282 0.255 0.233 0.242 0.248 0.256 0.267 0.276 0.207 0.000 0.000 0.000 0.000 0.000 0.000 0.000 0.000 0.000
0.000 0.000 0.000 0.001 0.003 0.005 0.006 0.007 0.008 0.009 0.010 0.011 0.012 0.013 0.014 0.015 0.016 0.018 0.019 0.021 0.023 0.025 0.028 0.031 0.034 0.036 0.028 0.020 0.013 0.001 0.187 0.185 0.182 0.178 0.174 0.172 0.168 0.166 0.162 0.000 0.000 0.233 0.286 0.343 0.401 0.458 0.514 0.521 0.528 0.507 0.000 0.000 0.000 0.000 0.000 0.000 0.337 0.317 0.292 0.269 0.247 0.233 0.241 0.250 0.261 0.272 0.279 0.249 0.000 0.000 0.000 0.000 0.000 0.000 0.000 0.000 0.000
0.000 0.000 0.000 0.001 0.003 0.005 0.006 0.007 0.008 0.009 0.010 0.011 0.012 0.013 0.014 0.015 0.017 0.018 0.019 0.021 0.022 0.024 0.026 0.028 0.029 0.029 0.026 0.021 0.017 0.012 0.001 0.205 0.204 0.199 0.196 0.192 0.191 0.188 0.000 0.000 0.000 0.000 0.326 0.384 0.441 0.498 0.552 0.547 0.524 0.502 0.480 0.455 0.000 0.000 0.000 0.000 0.326 0.305 0.281 0.259 0.233 0.239 0.245 0.249 0.263 0.274 0.280 0.000 0.000 0.000 0.000 0.000 0.000 0.000 0.000 0.000 0.000
0.000 0.000 0.000 0.001 0.003 0.005 0.006 0.007 0.008 0.009 0.010 0.011 0.012 0.013 0.014 0.015 0.016 0.018 0.019 0.020 0.022 0.023 0.024 0.025 0.026 0.026 0.023 0.021 0.018 0.014 0.010 0.001 0.001 0.219 0.216 0.214 0.213 0.000 0.000 0.000 0.000 0.000 0.000 0.426 0.485 0.508 0.529 0.000 0.000 0.493 0.468 0.442 0.417 0.392 0.000 0.000 0.317 0.296 0.273 0.252 0.227 0.235 0.245 0.255 0.266 0.276 0.284 0.000 0.000 0.000 0.000 0.000 0.000 0.000 0.000 0.000 0.000
0.000 0.000 0.000 0.001 0.003 0.005 0.006 0.007 0.008 0.009 0.010 0.011 0.012 0.013 0.014 0.015 0.016 0.017 0.018 0.019 0.021 0.022 0.023 0.023 0.024 0.023 0.022 0.020 0.017 0.015 0.012 0.009 0.006 0.000 0.236 0.233 0.000 0.000 0.000 0.000 0.000 0.000 0.000 0.434 0.461 0.484 0.506 0.000 0.000 0.000 0.000 0.431 0.406 0.381 0.358 0.332 0.308 0.289 0.258 0.240 0.229 0.236 0.249 0.257 0.265 0.277 0.284 0.000 0.000 0.000 0.000 0.000 0.000 0.000 0.000 0.000 0.000
0.000 0.000 0.000 0.001 0.003 0.005 0.006 0.007 0.008 0.009 0.010 0.011 0.012 0.013 0.014 0.015 0.016 0.017 0.018 0.019 0.020 0.020 0.021 0.022 0.022 0.021 0.020 0.019 0.017 0.015 0.013 0.011 0.009 0.006 0.001 0.248 0.241 0.000 0.000 0.000 0.000 0.000 0.000 0.414 0.438 0.458 0.480 0.491 0.000 0.000 0.000 0.000 0.000 0.373 0.350 0.325 0.298 0.273 0.256 0.231 0.228 0.239 0.251 0.259 0.269 0.279 0.000 0.000 0.000 0.000 0.000 0.000 0.000 0.000 0.000 0.000 0.000
0.000 0.000 0.000 0.001 0.003 0.005 0.006 0.007 0.008 0.009 0.010 0.011 0.012 0.013 0.014 0.014 0.015 0.016 0.017 0.018 0.019 0.019 0.020 0.020 0.020 0.020 0.019 0.018 0.016 0.015 0.013 0.011 0.010 0.008 0.005 0.000 0.257 0.255 0.000 0.000 0.000 0.000 0.000 0.000 0.417 0.000 0.000 0.472 0.461 0.000 0.000 0.000 0.000 0.000 0.000 0.313 0.287 0.266 0.243 0.224 0.232 0.240 0.251 0.260 0.269 0.277 0.000 0.000 0.000 0.000 0.000 0.000 0.000 0.000 0.000 0.000 0.000
0.000 0.000 0.000 0.000 0.002 0.004 0.006 0.007 0.008 0.009 0.010 0.011 0.011 0.012 0.013 0.014 0.015 0.016 0.016 0.017 0.018 0.018 0.018 0.019 0.019 0.018 0.017 0.016 0.015 0.014 0.013 0.011 0.010 0.008 0.007 0.005 0.000 0.272 0.289 0.000 0.000 0.000 0.000 0.000 0.000 0.000 0.000 0.000 0.445 0.000 0.000 0.000 0.000 0.000 0.319 0.297 0.275 0.251 0.229 0.225 0.234 0.239 0.251 0.261 0.269 0.281 0.000 0.000 0.000 0.000 0.000 0.000 0.000 0.000 0.000 0.000 0.000
0.000 0.000 0.000 0.000 0.002 0.003 0.005 0.006 0.007 0.008 0.009 0.010 0.011 0.012 0.013 0.013 0.014 0.015 0.016 0.016 0.017 0.017 0.017 0.017 0.017 0.017 0.016 0.016 0.015 0.014 0.012 0.011 0.010 0.009 0.007 0.006 0.004 0.000 0.262 0.278 0.000 0.000 0.000 0.000 0.000 0.000 0.000 0.000 0.429 0.000 0.000 0.000 0.000 0.000 0.309 0.287 0.263 0.242 0.216 0.224 0.231 0.240 0.253 0.262 0.268 0.000 0.000 0.000 0.000 0.000 0.000 0.000 0.000 0.000 0.000 0.000 0.000
0.000 0.000 0.000 0.000 0.000 0.003 0.004 0.006 0.007 0.008 0.009 0.010 0.011 0.011 0.012 0.013 0.014 0.014 0.015 0.015 0.016 0.016 0.016 0.016 0.016 0.016 0.015 0.015 0.014 0.013 0.012 0.011 0.010 0.009 0.007 0.006 0.005 0.003 0.001 0.249 0.266 0.000 0.000 0.000 0.000 0.000 0.000 0.413 0.408 0.000 0.000 0.000 0.000 0.316 0.296 0.274 0.252 0.228 0.215 0.225 0.234 0.245 0.255 0.259 0.265 0.272 0.281 0.000 0.000 0.000 0.000 0.000 0.000 0.000 0.000 0.000 0.000
0.000 0.000 0.000 0.000 0.000 0.002 0.003 0.005 0.006 0.007 0.008 0.009 0.010 0.011 0.012 0.012 0.013 0.013 0.014 0.014 0.015 0.015 0.015 0.015 0.015 0.015 0.014 0.014 0.013 0.012 0.011 0.010 0.009 0.008 0.007 0.006 0.005 0.003 0.001 0.000 0.236 0.251 0.000 0.000 0.000 0.000 0.000 0.000 0.000 0.000 0.000 0.000 0.000 0.297 0.285 0.264 0.240 0.218 0.218 0.230 0.236 0.244 0.253 0.258 0.266 0.276 0.281 0.288 0.297 0.000 0.000 0.000 0.000 0.000 0.000 0.000 0.000
0.000 0.000 0.000 0.000 0.000 0.000 0.002 0.004 0.005 0.006 0.007 0.008 0.009 0.010 0.011 0.012 0.012 0.013 0.013 0.014 0.014 0.014 0.014 0.014 0.014 0.014 0.013 0.013 0.012 0.012 0.011 0.010 0.009 0.008 0.007 0.006 0.005 0.003 0.001 0.000 0.000 0.221 0.235 0.254 0.000 0.000 0.000 0.000 0.000 0.000 0.000 0.000 0.288 0.275 0.265 0.251 0.231 0.210 0.219 0.230 0.235 0.243 0.253 0.262 0.272 0.279 0.283 0.292 0.299 0.303 0.313 0.000 0.000 0.000 0.000 0.000 0.000
0.000 0.000 0.000 0.000 0.000 0.000 0.001 0.003 0.004 0.005 0.007 0.008 0.009 0.009 0.010 0.011 0.011 0.012 0.012 0.013 0.013 0.013 0.013 0.013 0.013 0.013 0.013 0.012 0.012 0.011 0.010 0.009 0.008 0.007 0.006 0.005 0.004 0.002 0.000 0.000 0.000 0.000 0.209 0.228 0.247 0.000 0.000 0.000 0.000 0.000 0.000 0.000 0.265 0.256 0.241 0.229 0.215 0.211 0.221 0.232 0.237 0.244 0.256 0.265 0.273 0.281 0.284 0.292 0.301 0.307 0.316 0.325 0.273 0.000 0.000 0.000 0.000
0.000 0.000 0.000 0.000 0.000 0.000 0.000 0.001 0.003 0.004 0.006 0.007 0.008 0.009 0.009 0.010 0.011 0.011 0.011 0.012 0.012 0.012 0.012 0.012 0.012 0.012 0.012 0.011 0.011 0.010 0.009 0.008 0.007 0.006 0.005 0.004 0.003 0.001 0.000 0.000 0.000 0.000 0.000 0.203 0.222 0.242 0.000 0.000 0.000 0.000 0.000 0.252 0.244 0.230 0.221 0.205 0.203 0.207 0.219 0.232 0.237 0.248 0.257 0.267 0.276 0.000 0.000 0.000 0.304 0.310 0.318 0.327 0.318 0.230 0.161 0.000 0.000
0.000 0.000 0.000 0.000 0.000 0.000 0.000 0.000 0.002 0.003 0.005 0.006 0.007 0.008 0.008 0.009 0.010 0.010 0.011 0.011 0.011 0.011 0.011 0.011 0.011 0.011 0.011 0.010 0.010 0.009 0.008 0.007 0.006 0.005 0.004 0.003 0.002 0.000 0.000 0.000 0.000 0.000 0.000 0.000 0.197 0.216 0.236 0.000 0.000 0.000 0.000 0.231 0.220 0.208 0.204 0.201 0.202 0.201 0.216 0.228 0.237 0.249 0.256 0.267 0.274 0.000 0.000 0.000 0.000 0.000 0.319 0.328 0.337 0.274 0.232 0.193 0.000
0.000 0.000 0.000 0.000 0.000 0.000 0.000 0.000 0.000 0.002 0.003 0.005 0.006 0.007 0.007 0.008 0.009 0.009 0.010 0.010 0.010 0.010 0.010 0.010 0.010 0.010 0.010 0.009 0.009 0.008 0.007 0.006 0.005 0.004 0.003 0.002 0.000 0.000 0.000 0.000 0.000 0.000 0.000 0.000 0.176 0.193 0.211 0.230 0.000 0.234 0.221 0.211 0.196 0.199 0.199 0.200 0.198 0.197 0.211 0.222 0.234 0.245 0.253 0.266 0.000 0.000 0.000 0.000 0.000 0.000 0.000 0.328 0.338 0.341 0.302 0.263 0.000
0.000 0.000 0.000 0.000 0.000 0.000 0.000 0.000 0.000 0.000 0.002 0.003 0.004 0.005 0.006 0.007 0.008 0.008 0.009 0.009 0.009 0.009 0.009 0.009 0.009 0.009 0.009 0.008 0.008 0.007 0.006 0.005 0.004 0.003 0.002 0.000 0.000 0.000 0.000 0.000 0.000 0.000 0.000 0.000 0.000 0.170 0.187 0.206 0.227 0.213 0.201 0.196 0.195 0.197 0.197 0.199 0.195 0.196 0.206 0.219 0.229 0.240 0.249 0.000 0.000 0.000 0.000 0.000 0.000 0.000 0.000 0.000 0.000 0.346 0.341 0.330 0.288
0.000 0.000 0.000 0.000 0.000 0.000 0.000 0.000 0.000 0.000 0.000 0.002 0.003 0.004 0.005 0.006 0.007 0.007 0.008 0.008 0.008 0.008 0.008 0.008 0.008 0.008 0.008 0.007 0.007 0.006 0.005 0.004 0.003 0.002 0.000 0.000 0.000 0.000 0.000 0.000 0.000 0.000 0.000 0.000 0.000 0.000 0.166 0.183 0.202 0.195 0.197 0.194 0.194 0.195 0.196 0.197 0.195 0.196 0.205 0.217 0.228 0.238 0.249 0.000 0.000 0.000 0.000 0.000 0.000 0.000 0.000 0.000 0.000 0.000 0.000 0.337 0.331
0.000 0.000 0.000 0.000 0.000 0.000 0.000 0.000 0.000 0.000 0.000 0.000 0.001 0.003 0.004 0.005 0.006 0.006 0.007 0.007 0.007 0.007 0.007 0.007 0.007 0.007 0.007 0.006 0.006 0.005 0.004 0.003 0.002 0.000 0.000 0.000 0.000 0.000 0.000 0.000 0.000 0.000 0.000 0.000 0.000 0.000 0.000 0.160 0.179 0.193 0.193 0.192 0.192 0.193 0.194 0.193 0.193 0.193 0.200 0.212 0.224 0.235 0.000 0.000 0.000 0.000 0.000 0.000 0.000 0.000 0.000 0.000 0.000 0.000 0.000 0.000 0.000
0.000 0.000 0.000 0.000 0.000 0.000 0.000 0.000 0.000 0.000 0.000 0.000 0.000 0.001 0.002 0.003 0.004 0.005 0.005 0.006 0.006 0.006 0.006 0.006 0.006 0.006 0.006 0.005 0.005 0.004 0.003 0.002 0.000 0.000 0.000 0.000 0.000 0.000 0.000 0.000 0.000 0.000 0.000 0.000 0.000 0.000 0.000 0.000 0.156 0.175 0.190 0.191 0.191 0.191 0.190 0.191 0.191 0.191 0.196 0.208 0.219 0.230 0.000 0.000 0.000 0.000 0.000 0.000 0.000 0.000 0.000 0.000 0.000 0.000 0.000 0.000 0.000
0.000 0.000 0.000 0.000 0.000 0.000 0.000 0.000 0.000 0.000 0.000 0.000 0.000 0.000 0.000 0.001 0.002 0.003 0.004 0.004 0.004 0.005 0.005 0.005 0.005 0.005 0.004 0.004 0.003 0.003 0.001 0.000 0.000 0.000 0.000 0.000 0.000 0.000 0.000 0.000 0.000 0.000 0.000 0.000 0.000 0.000 0.000 0.000 0.000 0.149 0.173 0.190 0.189 0.189 0.187 0.189 0.190 0.190 0.192 0.203 0.215 0.000 0.000 0.000 0.000 0.000 0.000 0.000 0.000 0.000 0.000 0.000 0.000 0.000 0.000 0.000 0.000
0.000 0.000 0.000 0.000 0.000 0.000 0.000 0.000 0.000 0.000 0.000 0.000 0.000 0.000 0.000 0.000 0.000 0.001 0.002 0.002 0.003 0.003 0.003 0.003 0.003 0.003 0.003 0.002 0.002 0.000 0.000 0.000 0.000 0.000 0.000 0.000 0.000 0.000 0.000 0.000 0.000 0.000 0.000 0.000 0.000 0.000 0.000 0.000 0.000 0.000 0.153 0.173 0.186 0.184 0.184 0.184 0.186 0.187 0.188 0.200 0.212 0.000 0.000 0.000 0.000 0.000 0.000 0.000 0.000 0.000 0.000 0.000 0.000 0.000 0.000 0.000 0.000
0.000 0.000 0.000 0.000 0.000 0.000 0.000 0.000 0.000 0.000 0.000 0.000 0.000 0.000 0.000 0.000 0.000 0.000 0.000 0.000 0.000 0.001 0.001 0.001 0.001 0.001 0.000 0.000 0.000 0.000 0.000 0.000 0.000 0.000 0.000 0.000 0.000 0.000 0.000 0.000 0.000 0.000 0.000 0.000 0.000 0.000 0.000 0.000 0.000 0.000 0.134 0.152 0.169 0.182 0.180 0.179 0.180 0.180 0.182 0.194 0.000 0.000 0.000 0.000 0.000 0.000 0.000 0.000 0.000 0.000 0.000 0.000 0.000 0.000 0.000 0.000 0.000
0.000 0.000 0.000 0.000 0.000 0.000 0.000 0.000 0.000 0.000 0.000 0.000 0.000 0.000 0.000 0.000 0.000 0.000 0.000 0.000 0.000 0.000 0.000 0.000 0.000 0.000 0.000 0.000 0.000 0.000 0.000 0.000 0.000 0.000 0.000 0.000 0.000 0.000 0.000 0.000 0.000 0.000 0.000 0.000 0.000 0.000 0.000 0.000 0.000 0.000 0.000 0.128 0.147 0.165 0.176 0.174 0.167 0.170 0.171 0.000 0.000 0.000 0.000 0.000 0.000 0.000 0.000 0.000 0.000 0.000 0.000 0.000 0.000 0.000 0.000 0.000 0.000
0.000 0.000 0.000 0.000 0.000 0.000 0.000 0.000 0.000 0.000 0.000 0.000 0.000 0.000 0.000 0.000 0.000 0.000 0.000 0.000 0.000 0.000 0.000 0.000 0.000 0.000 0.000 0.000 0.000 0.000 0.000 0.000 0.000 0.000 0.000 0.000 0.000 0.000 0.000 0.000 0.000 0.000 0.000 0.000 0.000 0.000 0.000 0.000 0.000 0.000 0.000 0.104 0.124 0.141 0.159 0.169 0.165 0.163 0.159 0.153 0.000 0.000 0.000 0.000 0.000 0.000 0.000 0.000 0.000 0.000 0.000 0.000 0.000 0.000 0.000 0.000 0.000
0.000 0.000 0.000 0.000 0.000 0.000 0.000 0.000 0.000 0.000 0.000 0.000 0.000 0.000 0.000 0.000 0.000 0.000 0.000 0.000 0.000 0.000 0.000 0.000 0.000 0.000 0.000 0.000 0.000 0.000 0.000 0.000 0.000 0.000 0.000 0.000 0.000 0.000 0.000 0.000 0.000 0.000 0.000 0.000 0.000 0.000 0.000 0.000 0.000 0.000 0.000 0.078 0.098 0.115 0.134 0.151 0.160 0.156 0.149 0.142 0.141 0.000 0.000 0.000 0.000 0.000 0.000 0.000 0.000 0.000 0.000 0.000 0.000 0.000 0.000 0.000 0.000
0.000 0.000 0.000 0.000 0.000 0.000 0.000 0.000 0.000 0.000 0.000 0.000 0.000 0.000 0.000 0.000 0.000 0.000 0.000 0.000 0.000 0.000 0.000 0.000 0.000 0.000 0.000 0.000 0.000 0.000 0.000 0.000 0.000 0.000 0.000 0.000 0.000 0.000 0.000 0.000 0.000 0.000 0.000 0.000 0.000 0.000 0.000 0.000 0.000 0.000 0.000 0.054 0.073 0.092 0.108 0.124 0.141 0.148 0.141 0.131 0.127 0.116 0.115 0.000 0.000 0.000 0.000 0.000 0.000 0.000 0.000 0.000 0.000 0.000 0.000 0.000 0.000
0.000 0.000 0.000 0.000 0.000 0.000 0.000 0.000 0.000 0.000 0.000 0.000 0.000 0.000 0.000 0.000 0.000 0.000 0.000 0.000 0.000 0.000 0.000 0.000 0.000 0.000 0.000 0.000 0.000 0.000 0.000 0.000 0.000 0.000 0.000 0.000 0.000 0.000 0.000 0.000 0.000 0.000 0.000 0.000 0.000 0.000 0.000 0.000 0.000 0.000 0.000 0.000 0.048 0.066 0.083 0.099 0.114 0.128 0.132 0.121 0.114 0.106 0.104 0.105 0.000 0.000 0.000 0.000 0.000 0.000 0.000 0.000 0.000 0.000 0.000 0.000 0.000
0.000 0.000 0.000 0.000 0.000 0.000 0.000 0.000 0.000 0.000 0.000 0.000 0.000 0.000 0.000 0.000 0.000 0.000 0.000 0.000 0.000 0.000 0.000 0.000 0.000 0.000 0.000 0.000 0.000 0.000 0.000 0.000 0.000 0.000 0.000 0.000 0.000 0.000 0.000 0.000 0.000 0.000 0.000 0.000 0.000 0.000 0.000 0.000 0.000 0.000 0.000 0.000 0.023 0.042 0.059 0.074 0.087 0.100 0.110 0.109 0.099 0.094 0.094 0.095 0.094 0.000 0.000 0.000 0.000 0.000 0.000 0.000 0.000 0.000 0.000 0.000 0.000
