数据/150y_3h/150y_3h_res_2/150y_3h_226-0001.wd
ncols         694
nrows         824
xllcorner     581104.939801
yllcorner     3495917.092414
cellsize      2.000000
NODATA_value  -9999.000000
[rows 442 to 475 of 824, columns 385 to 461 of 694]
0.000 0.000 0.000 0.032 0.028 0.022 0.017 0.012 0.008 0.003 0.002 0.001 0.001 0.001 0.001 0.001 0.001 0.001 0.001 0.001 0.001 0.002 0.002 0.003 0.004 0.005 0.009 0.016 0.024 0.032 0.036 0.036 0.036 0.037 0.000 0.000 0.000 0.000 0.000 0.000 0.000 0.000 0.000 0.000 0.000 0.000 0.000 0.000 0.000 0.000 0.000 0.000 0.000 0.007 0.015 0.023 0.030 0.037 0.045 0.052 0.059 0.066 0.073 0.080 0.088 0.095 0.101 0.110 0.116 0.124 0.000 0.000 0.000 0.000 0.000 0.000 0.000
0.000 0.000 0.000 0.000 0.000 0.033 0.028 0.023 0.017 0.012 0.007 0.003 0.002 0.001 0.001 0.001 0.001 0.001 0.001 0.001 0.001 0.001 0.002 0.003 0.003 0.005 0.010 0.016 0.023 0.032 0.034 0.034 0.035 0.036 0.000 0.000 0.000 0.000 0.000 0.000 0.000 0.000 0.000 0.000 0.000 0.000 0.000 0.000 0.000 0.000 0.000 0.002 0.012 0.020 0.028 0.035 0.043 0.050 0.058 0.065 0.072 0.079 0.086 0.093 0.101 0.108 0.116 0.123 0.129 0.137 0.143 0.146 0.000 0.000 0.000 0.000 0.000
0.000 0.000 0.000 0.000 0.000 0.000 0.000 0.033 0.028 0.023 0.017 0.012 0.007 0.003 0.002 0.001 0.001 0.001 0.001 0.001 0.001 0.001 0.002 0.002 0.003 0.005 0.009 0.015 0.020 0.031 0.032 0.032 0.033 0.000 0.000 0.000 0.000 0.000 0.000 0.000 0.000 0.000 0.000 0.000 0.000 0.000 0.000 0.000 0.000 0.000 0.007 0.015 0.024 0.033 0.041 0.049 0.056 0.063 0.071 0.078 0.085 0.092 0.099 0.107 0.114 0.121 0.128 0.135 0.143 0.150 0.157 0.153 0.148 0.144 0.139 0.000 0.000
0.000 0.000 0.000 0.000 0.000 0.000 0.000 0.000 0.035 0.033 0.028 0.022 0.017 0.012 0.008 0.003 0.002 0.001 0.001 0.001 0.001 0.001 0.001 0.002 0.003 0.005 0.009 0.012 0.000 0.027 0.029 0.030 0.030 0.000 0.000 0.000 0.000 0.000 0.000 0.000 0.000 0.000 0.000 0.000 0.000 0.000 0.000 0.000 0.002 0.013 0.021 0.028 0.035 0.000 0.000 0.000 0.000 0.076 0.000 0.000 0.098 0.105 0.113 0.119 0.127 0.134 0.141 0.148 0.156 0.163 0.165 0.161 0.156 0.151 0.147 0.142 0.137
0.000 0.000 0.000 0.000 0.000 0.000 0.000 0.000 0.000 0.000 0.033 0.031 0.028 0.023 0.017 0.012 0.007 0.003 0.002 0.002 0.002 0.002 0.001 0.001 0.003 0.005 0.008 0.012 0.017 0.025 0.026 0.027 0.027 0.000 0.000 0.000 0.000 0.000 0.000 0.000 0.000 0.000 0.000 0.000 0.000 0.000 0.000 0.000 0.000 0.026 0.034 0.041 0.048 0.000 0.000 0.000 0.000 0.000 0.000 0.000 0.000 0.000 0.000 0.000 0.140 0.147 0.154 0.161 0.169 0.176 0.173 0.169 0.164 0.159 0.154 0.150 0.145
0.000 0.000 0.000 0.000 0.000 0.000 0.000 0.000 0.000 0.000 0.000 0.035 0.033 0.030 0.027 0.022 0.016 0.011 0.006 0.003 0.002 0.002 0.002 0.002 0.002 0.005 0.008 0.012 0.018 0.023 0.024 0.024 0.023 0.019 0.016 0.014 0.000 0.000 0.000 0.000 0.000 0.000 0.000 0.000 0.000 0.000 0.000 0.000 0.000 0.000 0.000 0.000 0.000 0.000 0.000 0.000 0.000 0.000 0.000 0.000 0.000 0.000 0.000 0.000 0.000 0.000 0.000 0.000 0.182 0.185 0.180 0.176 0.171 0.167 0.162 0.157 0.153
0.000 0.000 0.000 0.000 0.000 0.000 0.000 0.000 0.000 0.000 0.000 0.000 0.000 0.033 0.031 0.027 0.024 0.020 0.014 0.009 0.004 0.003 0.003 0.002 0.002 0.004 0.008 0.012 0.016 0.020 0.021 0.021 0.020 0.017 0.013 0.010 0.007 0.006 0.005 0.005 0.000 0.000 0.000 0.000 0.000 0.000 0.000 0.000 0.000 0.000 0.000 0.000 0.000 0.000 0.000 0.000 0.000 0.000 0.000 0.000 0.000 0.000 0.000 0.000 0.000 0.000 0.000 0.000 0.000 0.000 0.000 0.183 0.179 0.174 0.170 0.164 0.160
0.000 0.000 0.000 0.000 0.000 0.000 0.000 0.000 0.000 0.000 0.000 0.000 0.000 0.000 0.000 0.030 0.027 0.024 0.020 0.016 0.011 0.006 0.004 0.003 0.003 0.003 0.006 0.009 0.000 0.015 0.017 0.017 0.016 0.012 0.012 0.011 0.009 0.008 0.007 0.006 0.005 0.004 0.004 0.000 0.000 0.000 0.000 0.000 0.000 0.000 0.000 0.000 0.000 0.000 0.000 0.000 0.000 0.000 0.000 0.000 0.000 0.000 0.000 0.000 0.000 0.000 0.000 0.000 0.000 0.000 0.000 0.000 0.000 0.000 0.000 0.172 0.168
0.000 0.000 0.000 0.000 0.000 0.000 0.000 0.000 0.000 0.000 0.000 0.000 0.000 0.000 0.000 0.000 0.030 0.027 0.022 0.018 0.014 0.010 0.008 0.005 0.004 0.004 0.004 0.008 0.010 0.012 0.014 0.013 0.013 0.013 0.012 0.012 0.011 0.009 0.008 0.008 0.006 0.005 0.005 0.004 0.003 0.002 0.002 0.000 0.000 0.000 0.000 0.000 0.000 0.000 0.000 0.000 0.000 0.000 0.000 0.000 0.000 0.000 0.000 0.000 0.000 0.000 0.000 0.000 0.000 0.000 0.000 0.000 0.000 0.000 0.000 0.000 0.000
0.000 0.000 0.000 0.000 0.000 0.000 0.000 0.000 0.000 0.000 0.000 0.000 0.000 0.000 0.000 0.000 0.000 0.000 0.020 0.018 0.015 0.012 0.009 0.007 0.007 0.006 0.005 0.007 0.010 0.009 0.011 0.012 0.013 0.013 0.013 0.012 0.012 0.011 0.010 0.009 0.008 0.007 0.006 0.005 0.004 0.003 0.003 0.002 0.002 0.002 0.002 0.002 0.002 0.002 0.001 0.000 0.000 0.000 0.000 0.000 0.000 0.000 0.000 0.000 0.000 0.000 0.000 0.000 0.000 0.000 0.000 0.000 0.000 0.000 0.000 0.000 0.000
0.000 0.000 0.000 0.000 0.000 0.000 0.000 0.000 0.000 0.000 0.000 0.000 0.000 0.000 0.000 0.000 0.000 0.000 0.020 0.017 0.015 0.012 0.010 0.007 0.007 0.007 0.007 0.006 0.007 0.009 0.011 0.013 0.013 0.014 0.014 0.013 0.013 0.012 0.011 0.010 0.009 0.008 0.007 0.006 0.006 0.004 0.004 0.003 0.003 0.002 0.002 0.002 0.002 0.002 0.002 0.002 0.002 0.001 0.000 0.000 0.000 0.000 0.000 0.000 0.000 0.000 0.000 0.000 0.000 0.000 0.000 0.000 0.000 0.000 0.000 0.000 0.000
0.000 0.000 0.000 0.000 0.000 0.000 0.000 0.000 0.000 0.000 0.000 0.000 0.000 0.000 0.000 0.000 0.000 0.000 0.019 0.017 0.015 0.013 0.010 0.008 0.007 0.007 0.007 0.005 0.000 0.009 0.011 0.013 0.014 0.015 0.015 0.015 0.015 0.014 0.013 0.012 0.011 0.010 0.009 0.008 0.007 0.000 0.003 0.004 0.003 0.003 0.003 0.003 0.003 0.003 0.002 0.002 0.002 0.002 0.002 0.002 0.001 0.000 0.000 0.000 0.000 0.000 0.000 0.000 0.000 0.000 0.000 0.000 0.000 0.000 0.000 0.000 0.000
0.000 0.000 0.000 0.000 0.000 0.000 0.000 0.000 0.000 0.000 0.000 0.000 0.000 0.000 0.000 0.000 0.000 0.000 0.018 0.017 0.015 0.013 0.011 0.009 0.008 0.007 0.006 0.004 0.005 0.008 0.011 0.013 0.014 0.015 0.016 0.016 0.017 0.016 0.015 0.015 0.013 0.012 0.011 0.010 0.009 0.007 0.006 0.005 0.005 0.004 0.004 0.004 0.003 0.003 0.003 0.003 0.003 0.002 0.002 0.002 0.002 0.002 0.002 0.001 0.000 0.000 0.000 0.000 0.000 0.000 0.000 0.000 0.000 0.000 0.000 0.000 0.000
0.000 0.000 0.000 0.000 0.000 0.000 0.000 0.000 0.000 0.000 0.000 0.000 0.000 0.000 0.000 0.000 0.000 0.015 0.017 0.016 0.015 0.013 0.011 0.010 0.008 0.007 0.005 0.005 0.006 0.008 0.010 0.012 0.014 0.015 0.016 0.016 0.017 0.017 0.017 0.016 0.016 0.015 0.014 0.013 0.012 0.010 0.009 0.008 0.007 0.006 0.006 0.005 0.005 0.004 0.004 0.004 0.003 0.003 0.003 0.003 0.003 0.003 0.002 0.002 0.002 0.003 0.001 0.001 0.000 0.000 0.000 0.000 0.000 0.000 0.000 0.000 0.000
0.000 0.000 0.000 0.000 0.000 0.000 0.000 0.000 0.000 0.000 0.000 0.000 0.000 0.000 0.000 0.000 0.000 0.017 0.016 0.016 0.015 0.013 0.012 0.010 0.009 0.007 0.005 0.005 0.006 0.008 0.010 0.011 0.013 0.014 0.015 0.016 0.016 0.017 0.017 0.017 0.016 0.016 0.016 0.015 0.014 0.014 0.013 0.011 0.010 0.009 0.008 0.008 0.007 0.006 0.005 0.005 0.005 0.004 0.004 0.004 0.004 0.004 0.004 0.004 0.006 0.005 0.002 0.002 0.002 0.000 0.000 0.000 0.000 0.000 0.000 0.000 0.000
0.000 0.000 0.000 0.000 0.000 0.000 0.000 0.000 0.000 0.000 0.000 0.000 0.000 0.000 0.000 0.000 0.000 0.018 0.017 0.016 0.015 0.013 0.012 0.010 0.009 0.007 0.004 0.005 0.006 0.008 0.009 0.011 0.012 0.014 0.015 0.016 0.016 0.017 0.017 0.017 0.017 0.017 0.017 0.016 0.016 0.015 0.015 0.014 0.013 0.013 0.012 0.011 0.010 0.009 0.008 0.008 0.007 0.007 0.007 0.007 0.007 0.007 0.008 0.011 0.014 0.008 0.004 0.003 0.002 0.000 0.000 0.000 0.000 0.000 0.000 0.000 0.000
0.000 0.000 0.000 0.000 0.000 0.000 0.000 0.000 0.000 0.000 0.000 0.000 0.000 0.000 0.000 0.000 0.000 0.018 0.017 0.016 0.015 0.013 0.012 0.011 0.009 0.006 0.004 0.005 0.006 0.008 0.009 0.011 0.012 0.013 0.014 0.015 0.016 0.017 0.018 0.018 0.018 0.018 0.018 0.018 0.018 0.017 0.017 0.016 0.016 0.015 0.014 0.014 0.013 0.013 0.012 0.012 0.012 0.012 0.013 0.013 0.015 0.017 0.019 0.022 0.020 0.000 0.004 0.002 0.001 0.000 0.000 0.000 0.000 0.000 0.000 0.000 0.000
0.000 0.000 0.000 0.000 0.000 0.000 0.000 0.000 0.000 0.000 0.000 0.000 0.000 0.000 0.000 0.000 0.017 0.018 0.017 0.016 0.015 0.014 0.012 0.011 0.009 0.005 0.005 0.005 0.006 0.008 0.009 0.010 0.012 0.013 0.014 0.015 0.016 0.018 0.019 0.020 0.020 0.020 0.020 0.020 0.020 0.019 0.019 0.018 0.018 0.017 0.017 0.016 0.016 0.016 0.016 0.016 0.017 0.019 0.021 0.024 0.027 0.030 0.032 0.034 0.025 0.012 0.005 0.004 0.003 0.002 0.002 0.001 0.000 0.000 0.000 0.000 0.000
0.000 0.000 0.000 0.000 0.000 0.000 0.000 0.000 0.000 0.000 0.000 0.000 0.000 0.000 0.000 0.000 0.020 0.019 0.018 0.017 0.016 0.014 0.013 0.011 0.008 0.005 0.005 0.006 0.006 0.007 0.009 0.010 0.011 0.013 0.014 0.016 0.018 0.021 0.022 0.023 0.023 0.023 0.023 0.023 0.023 0.022 0.022 0.021 0.021 0.020 0.020 0.020 0.019 0.020 0.020 0.021 0.023 0.026 0.029 0.032 0.036 0.039 0.042 0.041 0.046 0.040 0.032 0.025 0.019 0.014 0.010 0.007 0.004 0.003 0.002 0.001 0.000
0.000 0.000 0.000 0.000 0.000 0.000 0.000 0.000 0.000 0.000 0.000 0.000 0.000 0.000 0.000 0.000 0.023 0.021 0.020 0.018 0.017 0.015 0.013 0.011 0.008 0.005 0.006 0.006 0.007 0.007 0.008 0.010 0.011 0.013 0.015 0.019 0.023 0.026 0.027 0.027 0.026 0.027 0.027 0.026 0.026 0.025 0.025 0.024 0.024 0.024 0.023 0.023 0.024 0.024 0.026 0.028 0.030 0.034 0.037 0.041 0.045 0.043 0.040 0.036 0.040 0.044 0.047 0.049 0.051 0.042 0.034 0.026 0.020 0.015 0.010 0.007 0.004
0.111 0.108 0.106 0.000 0.000 0.000 0.000 0.000 0.000 0.000 0.000 0.000 0.000 0.000 0.000 0.027 0.026 0.024 0.022 0.020 0.018 0.016 0.014 0.011 0.008 0.006 0.006 0.007 0.007 0.008 0.009 0.010 0.012 0.014 0.019 0.025 0.030 0.035 0.034 0.030 0.030 0.031 0.031 0.030 0.029 0.029 0.028 0.028 0.028 0.028 0.028 0.028 0.028 0.030 0.032 0.035 0.038 0.042 0.046 0.046 0.044 0.041 0.037 0.032 0.035 0.037 0.040 0.042 0.046 0.049 0.051 0.054 0.052 0.043 0.034 0.026 0.020
0.115 0.112 0.109 0.105 0.102 0.099 0.000 0.000 0.000 0.000 0.000 0.000 0.000 0.000 0.000 0.032 0.030 0.028 0.026 0.023 0.020 0.018 0.015 0.012 0.008 0.007 0.007 0.007 0.007 0.008 0.009 0.010 0.014 0.019 0.025 0.032 0.039 0.045 0.000 0.031 0.035 0.037 0.037 0.033 0.033 0.033 0.032 0.032 0.032 0.032 0.032 0.033 0.034 0.036 0.039 0.042 0.046 0.048 0.046 0.044 0.041 0.039 0.035 0.030 0.030 0.032 0.034 0.036 0.039 0.041 0.044 0.047 0.050 0.052 0.054 0.057 0.051
0.120 0.117 0.113 0.109 0.106 0.102 0.098 0.094 0.091 0.088 0.000 0.000 0.000 0.000 0.000 0.037 0.034 0.032 0.029 0.026 0.022 0.019 0.016 0.012 0.008 0.008 0.008 0.008 0.008 0.008 0.010 0.013 0.018 0.026 0.033 0.040 0.048 0.000 0.000 0.000 0.000 0.000 0.000 0.034 0.038 0.038 0.036 0.036 0.037 0.037 0.037 0.038 0.040 0.043 0.047 0.049 0.047 0.045 0.043 0.041 0.039 0.036 0.033 0.028 0.027 0.028 0.029 0.030 0.032 0.035 0.037 0.039 0.042 0.045 0.047 0.049 0.052
0.000 0.000 0.000 0.113 0.110 0.107 0.102 0.099 0.095 0.092 0.086 0.081 0.078 0.000 0.000 0.042 0.039 0.035 0.032 0.028 0.024 0.021 0.017 0.012 0.009 0.009 0.009 0.008 0.009 0.010 0.012 0.018 0.025 0.033 0.041 0.000 0.000 0.000 0.000 0.000 0.000 0.000 0.000 0.000 0.000 0.000 0.037 0.041 0.043 0.044 0.042 0.044 0.047 0.051 0.048 0.046 0.044 0.042 0.040 0.038 0.036 0.034 0.030 0.026 0.024 0.024 0.025 0.025 0.027 0.028 0.030 0.032 0.035 0.037 0.039 0.042 0.044
0.000 0.000 0.000 0.000 0.000 0.000 0.106 0.103 0.100 0.095 0.089 0.085 0.080 0.071 0.061 0.050 0.044 0.038 0.033 0.029 0.025 0.021 0.017 0.012 0.010 0.010 0.009 0.009 0.010 0.012 0.017 0.024 0.032 0.041 0.000 0.000 0.000 0.000 0.000 0.000 0.000 0.000 0.000 0.000 0.000 0.000 0.000 0.000 0.000 0.000 0.045 0.050 0.050 0.047 0.044 0.042 0.041 0.039 0.037 0.035 0.033 0.031 0.028 0.023 0.021 0.021 0.021 0.021 0.022 0.023 0.024 0.026 0.028 0.030 0.032 0.034 0.037
0.000 0.000 0.000 0.000 0.000 0.000 0.000 0.000 0.000 0.000 0.092 0.088 0.083 0.075 0.063 0.053 0.045 0.039 0.033 0.029 0.025 0.021 0.017 0.012 0.010 0.009 0.009 0.010 0.011 0.015 0.023 0.031 0.040 0.000 0.000 0.000 0.000 0.000 0.000 0.000 0.000 0.000 0.000 0.000 0.000 0.000 0.000 0.000 0.000 0.000 0.000 0.000 0.000 0.000 0.038 0.038 0.037 0.034 0.033 0.031 0.030 0.027 0.025 0.021 0.018 0.018 0.017 0.017 0.018 0.018 0.019 0.020 0.022 0.023 0.025 0.027 0.029
0.000 0.000 0.000 0.000 0.000 0.000 0.000 0.000 0.000 0.000 0.000 0.000 0.000 0.000 0.061 0.052 0.044 0.037 0.029 0.026 0.024 0.020 0.016 0.011 0.000 0.008 0.010 0.011 0.014 0.021 0.028 0.037 0.000 0.000 0.000 0.000 0.000 0.000 0.000 0.000 0.000 0.000 0.000 0.000 0.000 0.000 0.000 0.000 0.000 0.000 0.000 0.000 0.000 0.000 0.000 0.000 0.000 0.029 0.029 0.028 0.026 0.023 0.021 0.018 0.015 0.014 0.014 0.014 0.014 0.014 0.014 0.015 0.016 0.017 0.018 0.020 0.022
0.000 0.000 0.000 0.000 0.000 0.000 0.000 0.000 0.000 0.000 0.000 0.000 0.000 0.000 0.000 0.044 0.039 0.031 0.000 0.020 0.021 0.019 0.014 0.012 0.010 0.010 0.011 0.014 0.019 0.026 0.035 0.043 0.000 0.000 0.000 0.000 0.000 0.000 0.000 0.000 0.000 0.000 0.000 0.000 0.000 0.000 0.000 0.000 0.000 0.000 0.000 0.000 0.000 0.000 0.000 0.000 0.000 0.000 0.000 0.000 0.000 0.017 0.017 0.014 0.011 0.010 0.010 0.010 0.010 0.010 0.010 0.010 0.010 0.011 0.012 0.013 0.015
0.000 0.000 0.000 0.000 0.000 0.000 0.000 0.000 0.000 0.000 0.000 0.000 0.000 0.000 0.035 0.037 0.035 0.029 0.022 0.021 0.020 0.018 0.013 0.012 0.012 0.012 0.013 0.018 0.025 0.033 0.041 0.050 0.000 0.000 0.000 0.000 0.000 0.000 0.000 0.000 0.000 0.000 0.000 0.000 0.000 0.000 0.000 0.000 0.000 0.000 0.000 0.000 0.000 0.000 0.000 0.000 0.000 0.000 0.000 0.000 0.000 0.000 0.000 0.000 0.003 0.003 0.004 0.004 0.004 0.005 0.005 0.005 0.005 0.006 0.006 0.007 0.008
0.000 0.000 0.000 0.000 0.000 0.000 0.000 0.000 0.000 0.000 0.000 0.000 0.000 0.000 0.036 0.035 0.033 0.029 0.025 0.023 0.020 0.017 0.013 0.013 0.013 0.014 0.017 0.023 0.031 0.039 0.048 0.057 0.000 0.000 0.000 0.000 0.000 0.000 0.000 0.000 0.000 0.000 0.000 0.000 0.000 0.000 0.000 0.000 0.000 0.000 0.000 0.000 0.000 0.000 0.000 0.000 0.000 0.000 0.000 0.000 0.000 0.000 0.000 0.000 0.000 0.000 0.000 0.000 0.001 0.001 0.001 0.001 0.001 0.001 0.001 0.002 0.002
0.000 0.000 0.000 0.000 0.000 0.000 0.000 0.000 0.000 0.000 0.000 0.000 0.000 0.000 0.035 0.034 0.032 0.029 0.026 0.023 0.020 0.016 0.014 0.014 0.014 0.016 0.022 0.029 0.037 0.046 0.054 0.000 0.000 0.000 0.000 0.000 0.000 0.000 0.000 0.000 0.000 0.000 0.000 0.000 0.000 0.000 0.000 0.000 0.000 0.000 0.000 0.000 0.000 0.000 0.000 0.000 0.000 0.000 0.000 0.000 0.000 0.000 0.000 0.000 0.000 0.000 0.000 0.000 0.000 0.000 0.000 0.001 0.001 0.001 0.001 0.001 0.001
0.000 0.000 0.000 0.000 0.000 0.000 0.000 0.000 0.000 0.000 0.000 0.000 0.000 0.000 0.034 0.033 0.031 0.029 0.026 0.023 0.020 0.015 0.014 0.014 0.016 0.021 0.027 0.035 0.044 0.052 0.061 0.000 0.000 0.000 0.000 0.000 0.000 0.000 0.000 0.000 0.000 0.000 0.000 0.000 0.000 0.000 0.000 0.000 0.000 0.000 0.000 0.000 0.000 0.000 0.000 0.000 0.000 0.000 0.000 0.000 0.000 0.000 0.000 0.000 0.000 0.000 0.000 0.000 0.000 0.000 0.000 0.000 0.000 0.000 0.000 0.001 0.001
0.000 0.000 0.000 0.000 0.000 0.000 0.000 0.000 0.000 0.000 0.000 0.000 0.000 0.029 0.031 0.031 0.030 0.028 0.026 0.023 0.019 0.014 0.014 0.016 0.020 0.026 0.034 0.042 0.050 0.059 0.068 0.000 0.000 0.000 0.000 0.000 0.000 0.000 0.000 0.000 0.000 0.000 0.000 0.000 0.000 0.000 0.000 0.000 0.000 0.000 0.000 0.000 0.000 0.000 0.000 0.000 0.000 0.000 0.000 0.000 0.000 0.000 0.000 0.000 0.000 0.000 0.000 0.000 0.000 0.000 0.000 0.000 0.000 0.000 0.000 0.000 0.000
0.000 0.000 0.000 0.000 0.000 0.000 0.000 0.000 0.000 0.000 0.000 0.000 0.000 0.031 0.030 0.030 0.029 0.027 0.025 0.022 0.018 0.014 0.016 0.019 0.024 0.032 0.040 0.048 0.057 0.065 0.000 0.000 0.000 0.000 0.000 0.000 0.000 0.000 0.000 0.000 0.000 0.000 0.000 0.000 0.000 0.000 0.000 0.000 0.000 0.000 0.000 0.000 0.000 0.000 0.000 0.000 0.000 0.000 0.000 0.000 0.000 0.000 0.000 0.000 0.000 0.000 0.000 0.000 0.000 0.000 0.000 0.000 0.000 0.000 0.000 0.000 0.000
