数据/150y_3h/150y_3h_res_2/150y_3h_166-0001.wd
ncols         694
nrows         824
xllcorner     581104.939801
yllcorner     3495917.092414
cellsize      2.000000
NODATA_value  -9999.000000
[rows 544 to 577 of 824, columns 308 to 384 of 694]
0.001 0.001 0.000 0.000 0.000 0.000 0.000 0.000 0.000 0.001 0.001 0.001 0.001 0.001 0.001 0.001 0.001 0.001 0.001 0.001 0.001 0.001 0.001 0.001 0.001 0.001 0.001 0.001 0.031 0.051 0.053 0.050 0.048 0.046 0.044 0.044 0.046 0.059 0.063 0.062 0.061 0.061 0.064 0.073 0.096 0.132 0.174 0.000 0.000 0.000 0.000 0.000 0.000 0.000 0.000 0.000 0.000 0.000 0.000 0.000 0.000 0.000 0.000 0.000 0.000 0.000 0.000 0.000 0.000 0.000 0.000 0.000 0.000 0.002 0.003 0.005 0.007
0.001 0.001 0.001 0.000 0.000 0.000 0.000 0.000 0.001 0.001 0.001 0.001 0.001 0.001 0.001 0.001 0.001 0.001 0.001 0.001 0.001 0.001 0.001 0.001 0.001 0.001 0.001 0.001 0.006 0.019 0.038 0.041 0.042 0.042 0.042 0.044 0.056 0.061 0.060 0.058 0.057 0.057 0.059 0.067 0.087 0.123 0.165 0.000 0.000 0.000 0.000 0.000 0.000 0.000 0.000 0.000 0.000 0.000 0.000 0.000 0.000 0.000 0.000 0.000 0.000 0.000 0.000 0.000 0.000 0.000 0.000 0.000 0.000 0.003 0.006 0.008 0.010
0.001 0.001 0.001 0.001 0.001 0.001 0.000 0.000 0.001 0.001 0.001 0.001 0.001 0.001 0.001 0.001 0.001 0.001 0.001 0.001 0.001 0.001 0.001 0.001 0.001 0.001 0.001 0.001 0.001 0.003 0.024 0.031 0.034 0.036 0.039 0.050 0.056 0.055 0.054 0.053 0.053 0.052 0.054 0.060 0.078 0.112 0.154 0.000 0.000 0.000 0.000 0.000 0.000 0.000 0.000 0.000 0.000 0.000 0.000 0.000 0.000 0.000 0.000 0.000 0.000 0.000 0.000 0.000 0.000 0.000 0.000 0.000 0.000 0.006 0.008 0.011 0.014
0.002 0.001 0.001 0.001 0.001 0.001 0.001 0.001 0.001 0.001 0.001 0.001 0.001 0.001 0.001 0.001 0.001 0.001 0.001 0.001 0.001 0.001 0.001 0.001 0.001 0.001 0.001 0.001 0.001 0.001 0.005 0.021 0.026 0.030 0.041 0.049 0.048 0.048 0.048 0.048 0.047 0.047 0.048 0.052 0.068 0.102 0.000 0.000 0.000 0.000 0.000 0.000 0.000 0.000 0.000 0.000 0.000 0.000 0.000 0.000 0.000 0.000 0.000 0.000 0.000 0.000 0.000 0.000 0.000 0.000 0.000 0.000 0.007 0.010 0.012 0.014 0.017
0.005 0.004 0.004 0.003 0.003 0.002 0.002 0.002 0.001 0.001 0.001 0.001 0.001 0.001 0.001 0.001 0.001 0.001 0.001 0.001 0.001 0.000 0.001 0.001 0.001 0.001 0.001 0.001 0.001 0.001 0.001 0.013 0.020 0.030 0.039 0.040 0.041 0.041 0.041 0.042 0.042 0.042 0.042 0.044 0.054 0.087 0.000 0.000 0.000 0.000 0.000 0.000 0.000 0.000 0.000 0.000 0.000 0.000 0.000 0.000 0.000 0.000 0.000 0.000 0.000 0.000 0.000 0.000 0.000 0.000 0.000 0.000 0.010 0.013 0.016 0.018 0.021
0.019 0.019 0.012 0.008 0.006 0.005 0.000 0.000 0.001 0.002 0.001 0.001 0.001 0.001 0.001 0.001 0.001 0.001 0.001 0.001 0.001 0.001 0.001 0.001 0.001 0.001 0.001 0.001 0.001 0.001 0.001 0.002 0.017 0.030 0.032 0.034 0.035 0.035 0.036 0.036 0.036 0.036 0.036 0.035 0.023 0.058 0.066 0.090 0.000 0.000 0.000 0.000 0.000 0.000 0.000 0.000 0.000 0.000 0.000 0.000 0.000 0.000 0.000 0.000 0.000 0.000 0.000 0.000 0.000 0.000 0.000 0.000 0.015 0.018 0.020 0.022 0.025
0.000 0.000 0.009 0.008 0.007 0.011 0.000 0.000 0.000 0.000 0.001 0.002 0.002 0.001 0.001 0.001 0.001 0.001 0.001 0.001 0.001 0.001 0.001 0.001 0.001 0.001 0.001 0.001 0.001 0.001 0.003 0.033 0.040 0.034 0.031 0.031 0.031 0.031 0.031 0.031 0.032 0.031 0.031 0.031 0.030 0.040 0.049 0.064 0.062 0.063 0.071 0.095 0.000 0.000 0.000 0.000 0.000 0.000 0.000 0.000 0.000 0.000 0.000 0.000 0.000 0.000 0.000 0.000 0.000 0.000 0.021 0.025 0.023 0.023 0.024 0.025 0.028
0.000 0.000 0.007 0.008 0.013 0.113 0.000 0.000 0.000 0.000 0.000 0.000 0.000 0.002 0.002 0.002 0.003 0.002 0.001 0.001 0.001 0.001 0.001 0.001 0.001 0.001 0.001 0.001 0.001 0.001 0.035 0.083 0.066 0.055 0.047 0.039 0.033 0.028 0.027 0.027 0.027 0.027 0.027 0.027 0.026 0.028 0.033 0.042 0.044 0.047 0.055 0.069 0.069 0.076 0.100 0.000 0.000 0.000 0.000 0.000 0.000 0.000 0.000 0.000 0.000 0.000 0.000 0.000 0.024 0.028 0.027 0.028 0.027 0.027 0.028 0.029 0.031
0.000 0.000 0.006 0.008 0.014 0.000 0.000 0.000 0.000 0.000 0.000 0.000 0.000 0.000 0.000 0.000 0.000 0.002 0.003 0.003 0.002 0.002 0.002 0.002 0.002 0.001 0.001 0.001 0.003 0.006 0.032 0.060 0.057 0.053 0.049 0.044 0.040 0.036 0.032 0.027 0.023 0.022 0.022 0.022 0.022 0.022 0.023 0.025 0.028 0.031 0.037 0.046 0.051 0.059 0.074 0.070 0.067 0.064 0.084 0.000 0.000 0.000 0.000 0.000 0.000 0.000 0.029 0.032 0.031 0.031 0.031 0.031 0.030 0.030 0.030 0.031 0.034
0.000 0.000 0.005 0.008 0.021 0.000 0.000 0.000 0.000 0.000 0.000 0.000 0.000 0.000 0.000 0.000 0.000 0.000 0.000 0.000 0.003 0.003 0.004 0.004 0.003 0.003 0.003 0.005 0.005 0.009 0.028 0.046 0.048 0.048 0.047 0.045 0.043 0.040 0.037 0.034 0.031 0.027 0.023 0.019 0.018 0.018 0.017 0.017 0.018 0.019 0.022 0.028 0.033 0.041 0.050 0.052 0.049 0.024 0.055 0.060 0.079 0.106 0.000 0.000 0.036 0.039 0.036 0.035 0.034 0.034 0.033 0.033 0.032 0.032 0.032 0.033 0.036
0.000 0.000 0.005 0.018 0.124 0.000 0.000 0.000 0.000 0.000 0.000 0.000 0.000 0.000 0.000 0.000 0.000 0.000 0.000 0.000 0.000 0.000 0.000 0.000 0.004 0.008 0.007 0.007 0.008 0.012 0.025 0.037 0.042 0.044 0.044 0.044 0.043 0.042 0.040 0.038 0.036 0.033 0.030 0.027 0.024 0.020 0.015 0.013 0.013 0.014 0.015 0.017 0.020 0.024 0.031 0.034 0.035 0.032 0.038 0.045 0.065 0.088 0.075 0.058 0.046 0.042 0.040 0.038 0.037 0.036 0.035 0.034 0.034 0.033 0.033 0.034 0.037
0.000 0.000 0.004 0.018 0.000 0.000 0.000 0.000 0.000 0.000 0.000 0.000 0.000 0.000 0.000 0.000 0.000 0.000 0.000 0.000 0.000 0.000 0.000 0.000 0.000 0.000 0.006 0.008 0.011 0.016 0.027 0.032 0.037 0.040 0.041 0.042 0.043 0.042 0.041 0.040 0.038 0.037 0.034 0.032 0.029 0.026 0.023 0.020 0.016 0.013 0.012 0.013 0.014 0.016 0.018 0.020 0.021 0.022 0.025 0.031 0.049 0.070 0.059 0.047 0.044 0.042 0.040 0.038 0.037 0.036 0.035 0.035 0.034 0.034 0.034 0.035 0.037
0.000 0.000 0.004 0.018 0.000 0.000 0.000 0.000 0.000 0.000 0.000 0.000 0.000 0.000 0.000 0.000 0.000 0.000 0.000 0.000 0.000 0.000 0.000 0.000 0.000 0.000 0.000 0.000 0.000 0.000 0.000 0.029 0.032 0.037 0.039 0.041 0.042 0.042 0.042 0.041 0.040 0.039 0.037 0.035 0.033 0.031 0.028 0.026 0.023 0.021 0.019 0.016 0.013 0.012 0.013 0.014 0.015 0.015 0.016 0.020 0.035 0.054 0.042 0.041 0.040 0.039 0.038 0.037 0.036 0.035 0.035 0.034 0.034 0.033 0.033 0.034 0.035
0.000 0.000 0.004 0.018 0.000 0.000 0.000 0.000 0.000 0.000 0.000 0.000 0.000 0.000 0.000 0.000 0.000 0.000 0.000 0.000 0.000 0.000 0.000 0.000 0.000 0.000 0.000 0.000 0.000 0.000 0.000 0.000 0.029 0.038 0.038 0.038 0.040 0.041 0.042 0.042 0.041 0.040 0.039 0.037 0.036 0.034 0.032 0.030 0.028 0.026 0.024 0.022 0.020 0.018 0.016 0.013 0.012 0.012 0.013 0.014 0.022 0.037 0.032 0.034 0.034 0.034 0.034 0.034 0.034 0.033 0.033 0.033 0.032 0.032 0.032 0.034 0.034
0.000 0.000 0.004 0.014 0.008 0.008 0.000 0.000 0.000 0.000 0.000 0.000 0.000 0.000 0.000 0.000 0.000 0.000 0.000 0.000 0.000 0.000 0.000 0.000 0.000 0.000 0.000 0.000 0.000 0.000 0.000 0.000 0.000 0.000 0.032 0.034 0.038 0.041 0.043 0.043 0.042 0.041 0.040 0.039 0.037 0.036 0.034 0.032 0.031 0.029 0.028 0.026 0.025 0.023 0.022 0.020 0.018 0.015 0.012 0.011 0.014 0.020 0.024 0.027 0.029 0.029 0.030 0.030 0.030 0.030 0.030 0.030 0.030 0.030 0.030 0.032 0.031
0.000 0.000 0.004 0.011 0.008 0.008 0.007 0.005 0.006 0.000 0.000 0.000 0.000 0.000 0.000 0.000 0.000 0.000 0.000 0.000 0.000 0.000 0.000 0.000 0.000 0.000 0.000 0.000 0.000 0.000 0.000 0.000 0.000 0.000 0.000 0.031 0.040 0.046 0.043 0.042 0.041 0.040 0.040 0.039 0.038 0.037 0.035 0.034 0.033 0.032 0.031 0.029 0.028 0.027 0.025 0.024 0.022 0.020 0.018 0.016 0.015 0.017 0.018 0.020 0.022 0.024 0.025 0.026 0.026 0.027 0.027 0.027 0.027 0.027 0.028 0.030 0.028
0.000 0.000 0.003 0.008 0.011 0.014 0.015 0.011 0.009 0.007 0.008 0.000 0.000 0.000 0.000 0.000 0.000 0.000 0.000 0.000 0.000 0.000 0.000 0.000 0.000 0.000 0.000 0.000 0.000 0.000 0.000 0.000 0.000 0.000 0.000 0.000 0.000 0.000 0.036 0.037 0.038 0.038 0.038 0.038 0.037 0.037 0.036 0.035 0.034 0.033 0.032 0.032 0.031 0.029 0.028 0.027 0.026 0.024 0.022 0.021 0.021 0.022 0.020 0.019 0.016 0.017 0.019 0.021 0.022 0.022 0.023 0.023 0.023 0.024 0.025 0.026 0.025
0.000 0.000 0.003 0.008 0.000 0.000 0.000 0.011 0.014 0.016 0.012 0.009 0.007 0.010 0.000 0.000 0.000 0.000 0.000 0.000 0.000 0.000 0.000 0.000 0.000 0.000 0.000 0.000 0.000 0.000 0.000 0.000 0.000 0.000 0.000 0.000 0.000 0.000 0.000 0.032 0.033 0.034 0.035 0.035 0.036 0.036 0.035 0.035 0.035 0.034 0.034 0.033 0.032 0.031 0.030 0.029 0.028 0.026 0.025 0.024 0.025 0.028 0.025 0.023 0.020 0.020 0.019 0.016 0.016 0.017 0.018 0.019 0.019 0.020 0.021 0.022 0.021
0.000 0.000 0.003 0.008 0.000 0.000 0.000 0.000 0.000 0.000 0.012 0.015 0.017 0.019 0.026 0.000 0.000 0.000 0.000 0.000 0.000 0.000 0.000 0.000 0.000 0.000 0.000 0.000 0.000 0.000 0.000 0.000 0.000 0.000 0.000 0.000 0.000 0.000 0.000 0.000 0.023 0.028 0.031 0.032 0.033 0.034 0.034 0.034 0.034 0.034 0.034 0.034 0.033 0.032 0.031 0.030 0.030 0.029 0.028 0.027 0.029 0.033 0.030 0.028 0.028 0.034 0.027 0.022 0.018 0.015 0.013 0.013 0.014 0.015 0.017 0.017 0.015
0.000 0.000 0.003 0.006 0.004 0.004 0.004 0.000 0.000 0.000 0.000 0.000 0.015 0.021 0.027 0.021 0.017 0.015 0.020 0.000 0.000 0.000 0.000 0.000 0.000 0.000 0.000 0.000 0.000 0.000 0.000 0.000 0.000 0.000 0.000 0.000 0.000 0.000 0.000 0.000 0.017 0.022 0.026 0.029 0.030 0.032 0.032 0.033 0.034 0.034 0.034 0.034 0.033 0.033 0.033 0.032 0.032 0.031 0.031 0.030 0.033 0.038 0.035 0.033 0.032 0.033 0.029 0.025 0.022 0.019 0.016 0.013 0.011 0.010 0.012 0.011 0.000
0.000 0.000 0.002 0.005 0.009 0.000 0.004 0.003 0.002 0.005 0.000 0.000 0.000 0.000 0.000 0.016 0.016 0.016 0.018 0.014 0.012 0.011 0.017 0.053 0.000 0.000 0.000 0.000 0.000 0.000 0.000 0.000 0.000 0.000 0.000 0.000 0.000 0.000 0.000 0.000 0.012 0.017 0.022 0.025 0.027 0.029 0.030 0.032 0.032 0.033 0.033 0.033 0.034 0.034 0.034 0.034 0.034 0.034 0.033 0.034 0.037 0.043 0.040 0.038 0.036 0.035 0.032 0.029 0.025 0.022 0.019 0.017 0.014 0.013 0.011 0.009 0.007
0.000 0.000 0.002 0.013 0.146 0.000 0.000 0.003 0.005 0.006 0.005 0.004 0.006 0.000 0.000 0.000 0.012 0.017 0.016 0.014 0.013 0.014 0.024 0.000 0.000 0.000 0.000 0.000 0.000 0.000 0.000 0.000 0.000 0.000 0.000 0.000 0.000 0.000 0.000 0.000 0.009 0.014 0.018 0.021 0.024 0.027 0.029 0.030 0.031 0.032 0.033 0.034 0.035 0.036 0.037 0.037 0.037 0.037 0.037 0.038 0.041 0.048 0.045 0.043 0.040 0.038 0.035 0.032 0.029 0.026 0.023 0.021 0.019 0.017 0.013 0.010 0.008
0.000 0.000 0.007 0.146 0.000 0.000 0.000 0.000 0.000 0.000 0.004 0.004 0.006 0.005 0.009 0.000 0.000 0.000 0.010 0.012 0.012 0.015 0.029 0.000 0.000 0.000 0.000 0.000 0.000 0.000 0.000 0.000 0.000 0.000 0.000 0.000 0.000 0.000 0.000 0.000 0.006 0.010 0.014 0.018 0.022 0.025 0.027 0.028 0.030 0.032 0.035 0.038 0.040 0.042 0.042 0.042 0.042 0.042 0.042 0.043 0.047 0.055 0.051 0.048 0.045 0.043 0.039 0.036 0.033 0.030 0.027 0.026 0.027 0.017 0.013 0.000 0.008
0.000 0.000 0.007 0.000 0.000 0.000 0.000 0.000 0.000 0.000 0.000 0.007 0.000 0.005 0.000 0.000 0.000 0.000 0.009 0.010 0.011 0.015 0.032 0.000 0.000 0.000 0.000 0.000 0.000 0.000 0.000 0.000 0.000 0.000 0.000 0.000 0.000 0.000 0.000 0.000 0.005 0.009 0.012 0.016 0.020 0.024 0.027 0.028 0.030 0.034 0.043 0.048 0.051 0.052 0.050 0.049 0.048 0.048 0.048 0.049 0.053 0.062 0.058 0.054 0.051 0.047 0.044 0.041 0.037 0.035 0.033 0.035 0.026 0.019 0.016 0.012 0.011
0.000 0.000 0.006 0.000 0.000 0.000 0.000 0.000 0.000 0.000 0.000 0.000 0.000 0.000 0.000 0.000 0.000 0.000 0.000 0.008 0.010 0.017 0.034 0.000 0.000 0.000 0.000 0.000 0.000 0.000 0.000 0.000 0.000 0.000 0.000 0.000 0.000 0.000 0.000 0.000 0.003 0.006 0.009 0.012 0.019 0.018 0.023 0.028 0.031 0.045 0.066 0.067 0.068 0.067 0.057 0.055 0.056 0.057 0.055 0.056 0.060 0.069 0.065 0.060 0.056 0.052 0.048 0.045 0.042 0.041 0.042 0.037 0.025 0.021 0.018 0.015 0.013
0.000 0.000 0.004 0.004 0.000 0.000 0.000 0.000 0.000 0.000 0.000 0.000 0.000 0.000 0.000 0.000 0.000 0.000 0.000 0.000 0.008 0.017 0.025 0.030 0.000 0.000 0.000 0.000 0.000 0.000 0.000 0.000 0.000 0.000 0.000 0.000 0.000 0.000 0.000 0.000 0.002 0.004 0.006 0.013 0.010 0.012 0.016 0.022 0.037 0.065 0.098 0.000 0.000 0.000 0.052 0.062 0.067 0.069 0.061 0.062 0.068 0.077 0.071 0.066 0.061 0.057 0.053 0.050 0.048 0.049 0.047 0.036 0.026 0.023 0.020 0.018 0.016
0.000 0.000 0.002 0.002 0.003 0.000 0.000 0.000 0.000 0.000 0.000 0.000 0.000 0.000 0.000 0.000 0.000 0.000 0.000 0.000 0.000 0.000 0.017 0.022 0.019 0.025 0.000 0.000 0.000 0.000 0.000 0.000 0.000 0.000 0.000 0.000 0.000 0.000 0.000 0.000 0.002 0.003 0.006 0.006 0.005 0.008 0.011 0.016 0.036 0.081 0.120 0.000 0.000 0.000 0.000 0.000 0.000 0.000 0.057 0.070 0.080 0.083 0.076 0.069 0.064 0.060 0.057 0.055 0.056 0.057 0.047 0.034 0.028 0.025 0.022 0.020 0.018
0.000 0.000 0.000 0.001 0.001 0.000 0.000 0.000 0.000 0.000 0.000 0.000 0.000 0.000 0.000 0.000 0.000 0.000 0.000 0.000 0.000 0.000 0.011 0.015 0.016 0.020 0.018 0.023 0.000 0.000 0.000 0.000 0.000 0.000 0.000 0.000 0.000 0.000 0.000 0.000 0.001 0.003 0.004 0.002 0.003 0.004 0.007 0.012 0.037 0.085 0.133 0.000 0.000 0.000 0.000 0.000 0.000 0.000 0.000 0.000 0.000 0.085 0.076 0.070 0.065 0.062 0.061 0.062 0.065 0.056 0.045 0.033 0.030 0.027 0.024 0.022 0.020
0.000 0.000 0.000 0.000 0.000 0.000 0.000 0.000 0.000 0.000 0.000 0.000 0.000 0.000 0.000 0.000 0.000 0.000 0.000 0.000 0.000 0.000 0.007 0.012 0.015 0.018 0.019 0.020 0.016 0.000 0.000 0.000 0.000 0.000 0.000 0.000 0.000 0.000 0.000 0.000 0.000 0.000 0.000 0.000 0.001 0.002 0.004 0.009 0.040 0.088 0.000 0.000 0.000 0.000 0.000 0.000 0.000 0.000 0.000 0.000 0.000 0.000 0.065 0.066 0.065 0.064 0.066 0.070 0.064 0.054 0.042 0.034 0.031 0.028 0.025 0.023 0.021
0.000 0.000 0.000 0.000 0.000 0.000 0.000 0.000 0.000 0.000 0.000 0.000 0.000 0.000 0.000 0.000 0.000 0.000 0.000 0.000 0.000 0.000 0.007 0.000 0.000 0.000 0.000 0.000 0.004 0.000 0.000 0.000 0.000 0.000 0.000 0.000 0.000 0.000 0.000 0.000 0.000 0.000 0.000 0.000 0.000 0.001 0.002 0.007 0.043 0.091 0.000 0.000 0.000 0.000 0.000 0.000 0.000 0.000 0.000 0.000 0.000 0.033 0.056 0.062 0.064 0.067 0.072 0.070 0.061 0.051 0.039 0.035 0.031 0.029 0.026 0.024 0.023
0.000 0.000 0.000 0.000 0.000 0.000 0.000 0.000 0.000 0.000 0.000 0.000 0.000 0.000 0.000 0.000 0.000 0.000 0.000 0.000 0.000 0.000 0.000 0.000 0.000 0.000 0.000 0.000 0.000 0.000 0.000 0.000 0.000 0.000 0.000 0.000 0.000 0.000 0.000 0.000 0.000 0.000 0.000 0.000 0.000 0.000 0.002 0.008 0.046 0.000 0.000 0.000 0.000 0.000 0.000 0.000 0.000 0.000 0.000 0.000 0.000 0.037 0.053 0.061 0.066 0.072 0.075 0.067 0.058 0.048 0.038 0.035 0.031 0.029 0.027 0.025 0.024
0.000 0.000 0.000 0.000 0.000 0.000 0.000 0.000 0.000 0.000 0.000 0.000 0.000 0.000 0.000 0.000 0.000 0.000 0.000 0.000 0.000 0.000 0.000 0.000 0.000 0.000 0.000 0.000 0.000 0.000 0.000 0.000 0.000 0.000 0.000 0.000 0.000 0.000 0.000 0.000 0.000 0.000 0.000 0.000 0.000 0.000 0.001 0.010 0.049 0.000 0.000 0.000 0.000 0.000 0.000 0.000 0.000 0.000 0.000 0.000 0.000 0.040 0.053 0.062 0.070 0.077 0.071 0.064 0.054 0.043 0.037 0.034 0.028 0.027 0.026 0.025 0.024
0.000 0.000 0.000 0.000 0.000 0.000 0.000 0.000 0.000 0.000 0.000 0.000 0.000 0.000 0.000 0.000 0.000 0.000 0.000 0.000 0.000 0.000 0.000 0.000 0.000 0.000 0.000 0.000 0.000 0.000 0.000 0.000 0.000 0.000 0.000 0.000 0.000 0.000 0.000 0.000 0.000 0.000 0.000 0.000 0.000 0.000 0.000 0.015 0.000 0.000 0.000 0.000 0.000 0.000 0.000 0.000 0.000 0.000 0.000 0.000 0.002 0.042 0.056 0.066 0.077 0.073 0.067 0.060 0.050 0.039 0.035 0.029 0.000 0.023 0.025 0.025 0.025
0.000 0.000 0.000 0.000 0.000 0.000 0.000 0.000 0.000 0.000 0.000 0.000 0.000 0.000 0.000 0.000 0.000 0.000 0.000 0.000 0.000 0.000 0.000 0.000 0.000 0.000 0.000 0.000 0.000 0.000 0.000 0.000 0.000 0.000 0.000 0.000 0.000 0.000 0.000 0.000 0.000 0.000 0.000 0.000 0.000 0.000 0.000 0.018 0.000 0.000 0.000 0.000 0.000 0.000 0.000 0.000 0.000 0.000 0.000 0.000 0.005 0.047 0.062 0.073 0.074 0.069 0.063 0.055 0.045 0.038 0.034 0.029 0.023 0.024 0.025 0.026 0.025
