数据/150y_3h/150y_3h_res_2/150y_3h_169-0001.wd
ncols         694
nrows         824
xllcorner     581104.939801
yllcorner     3495917.092414
cellsize      2.000000
NODATA_value  -9999.000000
[rows 442 to 475 of 824, columns 385 to 461 of 694]
0.000 0.000 0.000 0.026 0.025 0.026 0.025 0.023 0.021 0.018 0.015 0.013 0.011 0.011 0.012 0.013 0.015 0.017 0.019 0.022 0.027 0.039 0.050 0.061 0.071 0.082 0.093 0.103 0.113 0.123 0.128 0.129 0.130 0.132 0.000 0.000 0.000 0.000 0.000 0.000 0.000 0.000 0.000 0.000 0.000 0.000 0.000 0.000 0.000 0.000 0.000 0.000 0.000 0.000 0.000 0.006 0.014 0.017 0.020 0.022 0.023 0.024 0.024 0.024 0.024 0.023 0.022 0.021 0.020 0.022 0.000 0.000 0.000 0.000 0.000 0.000 0.000
0.000 0.000 0.000 0.000 0.000 0.041 0.038 0.037 0.034 0.031 0.028 0.024 0.021 0.019 0.018 0.018 0.019 0.020 0.023 0.025 0.028 0.035 0.048 0.059 0.070 0.080 0.091 0.101 0.111 0.121 0.123 0.124 0.127 0.130 0.000 0.000 0.000 0.000 0.000 0.000 0.000 0.000 0.000 0.000 0.000 0.000 0.000 0.000 0.000 0.000 0.000 0.000 0.000 0.000 0.000 0.006 0.014 0.019 0.023 0.025 0.026 0.027 0.027 0.027 0.026 0.025 0.024 0.023 0.022 0.020 0.014 0.008 0.000 0.000 0.000 0.000 0.000
0.000 0.000 0.000 0.000 0.000 0.000 0.000 0.050 0.047 0.043 0.040 0.036 0.033 0.029 0.026 0.024 0.024 0.025 0.026 0.028 0.031 0.033 0.043 0.056 0.067 0.078 0.089 0.099 0.109 0.118 0.118 0.118 0.119 0.000 0.000 0.000 0.000 0.000 0.000 0.000 0.000 0.000 0.000 0.000 0.000 0.000 0.000 0.000 0.000 0.000 0.000 0.000 0.000 0.000 0.002 0.013 0.021 0.027 0.031 0.033 0.032 0.032 0.033 0.033 0.032 0.030 0.028 0.027 0.024 0.022 0.018 0.006 0.000 0.000 0.000 0.000 0.000
0.000 0.000 0.000 0.000 0.000 0.000 0.000 0.000 0.056 0.055 0.052 0.048 0.044 0.040 0.036 0.033 0.031 0.030 0.030 0.032 0.034 0.036 0.038 0.051 0.063 0.074 0.086 0.097 0.110 0.113 0.112 0.112 0.111 0.000 0.000 0.000 0.000 0.000 0.000 0.000 0.000 0.000 0.000 0.000 0.000 0.000 0.000 0.000 0.000 0.000 0.000 0.000 0.000 0.000 0.000 0.000 0.000 0.040 0.000 0.000 0.037 0.041 0.043 0.042 0.037 0.036 0.035 0.033 0.029 0.026 0.020 0.005 0.000 0.000 0.000 0.000 0.000
0.000 0.000 0.000 0.000 0.000 0.000 0.000 0.000 0.000 0.000 0.059 0.058 0.056 0.052 0.047 0.043 0.040 0.037 0.036 0.036 0.036 0.038 0.040 0.045 0.058 0.069 0.080 0.091 0.101 0.105 0.104 0.103 0.101 0.000 0.000 0.000 0.000 0.000 0.000 0.000 0.000 0.000 0.000 0.000 0.000 0.000 0.000 0.000 0.000 0.000 0.000 0.000 0.000 0.000 0.000 0.000 0.000 0.000 0.000 0.000 0.000 0.000 0.000 0.000 0.041 0.044 0.044 0.042 0.034 0.032 0.021 0.005 0.000 0.000 0.000 0.000 0.000
0.000 0.000 0.000 0.000 0.000 0.000 0.000 0.000 0.000 0.000 0.000 0.062 0.061 0.059 0.058 0.054 0.050 0.046 0.043 0.041 0.040 0.041 0.042 0.044 0.051 0.063 0.073 0.083 0.092 0.094 0.093 0.091 0.086 0.071 0.061 0.055 0.000 0.000 0.000 0.000 0.000 0.000 0.000 0.000 0.000 0.000 0.000 0.000 0.000 0.000 0.000 0.000 0.000 0.000 0.000 0.000 0.000 0.000 0.000 0.000 0.000 0.000 0.000 0.000 0.000 0.000 0.000 0.000 0.036 0.036 0.024 0.005 0.000 0.000 0.000 0.000 0.000
0.000 0.000 0.000 0.000 0.000 0.000 0.000 0.000 0.000 0.000 0.000 0.000 0.000 0.064 0.062 0.060 0.058 0.056 0.052 0.048 0.045 0.044 0.044 0.044 0.046 0.054 0.064 0.072 0.079 0.082 0.082 0.080 0.074 0.064 0.055 0.047 0.037 0.030 0.026 0.025 0.000 0.000 0.000 0.000 0.000 0.000 0.000 0.000 0.000 0.000 0.000 0.000 0.000 0.000 0.000 0.000 0.000 0.000 0.000 0.000 0.000 0.000 0.000 0.000 0.000 0.000 0.000 0.000 0.000 0.000 0.000 0.000 0.000 0.000 0.000 0.000 0.000
0.000 0.000 0.000 0.000 0.000 0.000 0.000 0.000 0.000 0.000 0.000 0.000 0.000 0.000 0.000 0.064 0.062 0.060 0.057 0.055 0.052 0.048 0.046 0.045 0.045 0.045 0.054 0.058 0.047 0.066 0.069 0.068 0.063 0.054 0.051 0.046 0.040 0.035 0.031 0.028 0.022 0.019 0.019 0.000 0.000 0.000 0.000 0.000 0.000 0.000 0.000 0.000 0.000 0.000 0.000 0.000 0.000 0.000 0.000 0.000 0.000 0.000 0.000 0.000 0.000 0.000 0.000 0.000 0.000 0.000 0.000 0.000 0.000 0.000 0.000 0.000 0.000
0.000 0.000 0.000 0.000 0.000 0.000 0.000 0.000 0.000 0.000 0.000 0.000 0.000 0.000 0.000 0.000 0.066 0.064 0.059 0.055 0.053 0.050 0.049 0.046 0.044 0.043 0.044 0.049 0.050 0.055 0.058 0.055 0.054 0.052 0.050 0.046 0.042 0.038 0.034 0.031 0.027 0.024 0.021 0.017 0.014 0.011 0.011 0.000 0.000 0.000 0.000 0.000 0.000 0.000 0.000 0.000 0.000 0.000 0.000 0.000 0.000 0.000 0.000 0.000 0.000 0.000 0.000 0.000 0.000 0.000 0.000 0.000 0.000 0.000 0.000 0.000 0.000
0.000 0.000 0.000 0.000 0.000 0.000 0.000 0.000 0.000 0.000 0.000 0.000 0.000 0.000 0.000 0.000 0.000 0.000 0.056 0.054 0.051 0.048 0.045 0.040 0.043 0.043 0.041 0.042 0.046 0.046 0.049 0.051 0.052 0.051 0.049 0.046 0.043 0.040 0.037 0.034 0.031 0.028 0.025 0.022 0.019 0.016 0.014 0.010 0.008 0.006 0.005 0.004 0.003 0.002 0.001 0.000 0.000 0.000 0.000 0.000 0.000 0.000 0.000 0.000 0.000 0.000 0.000 0.000 0.000 0.000 0.000 0.000 0.000 0.000 0.000 0.000 0.000
0.000 0.000 0.000 0.000 0.000 0.000 0.000 0.000 0.000 0.000 0.000 0.000 0.000 0.000 0.000 0.000 0.000 0.000 0.054 0.052 0.049 0.045 0.037 0.000 0.034 0.038 0.039 0.038 0.040 0.044 0.047 0.049 0.050 0.050 0.048 0.047 0.044 0.042 0.039 0.037 0.034 0.031 0.029 0.026 0.023 0.020 0.018 0.015 0.012 0.010 0.008 0.007 0.006 0.005 0.003 0.002 0.001 0.000 0.000 0.000 0.000 0.000 0.000 0.000 0.000 0.000 0.000 0.000 0.000 0.000 0.000 0.000 0.000 0.000 0.000 0.000 0.000
0.000 0.000 0.000 0.000 0.000 0.000 0.000 0.000 0.000 0.000 0.000 0.000 0.000 0.000 0.000 0.000 0.000 0.000 0.052 0.049 0.046 0.042 0.036 0.030 0.032 0.034 0.035 0.033 0.038 0.042 0.046 0.049 0.050 0.050 0.049 0.048 0.046 0.044 0.042 0.040 0.038 0.036 0.033 0.031 0.028 0.025 0.022 0.019 0.017 0.014 0.012 0.011 0.010 0.008 0.007 0.005 0.004 0.002 0.000 0.000 0.000 0.000 0.000 0.000 0.000 0.000 0.000 0.000 0.000 0.000 0.000 0.000 0.000 0.000 0.000 0.000 0.000
0.000 0.000 0.000 0.000 0.000 0.000 0.000 0.000 0.000 0.000 0.000 0.000 0.000 0.000 0.000 0.000 0.000 0.000 0.049 0.047 0.045 0.041 0.037 0.034 0.033 0.033 0.032 0.030 0.035 0.039 0.043 0.046 0.047 0.048 0.049 0.049 0.048 0.047 0.046 0.044 0.042 0.040 0.038 0.036 0.034 0.031 0.028 0.025 0.023 0.020 0.018 0.017 0.015 0.013 0.012 0.010 0.008 0.007 0.005 0.003 0.000 0.000 0.000 0.000 0.000 0.000 0.000 0.000 0.000 0.000 0.000 0.000 0.000 0.000 0.000 0.000 0.000
0.000 0.000 0.000 0.000 0.000 0.000 0.000 0.000 0.000 0.000 0.000 0.000 0.000 0.000 0.000 0.000 0.000 0.044 0.045 0.045 0.043 0.041 0.038 0.035 0.033 0.031 0.029 0.029 0.033 0.037 0.040 0.043 0.045 0.046 0.047 0.048 0.048 0.048 0.048 0.047 0.047 0.046 0.044 0.042 0.040 0.038 0.035 0.032 0.030 0.028 0.026 0.024 0.022 0.020 0.019 0.017 0.015 0.014 0.012 0.010 0.008 0.005 0.002 0.000 0.001 0.002 0.000 0.000 0.000 0.000 0.000 0.000 0.000 0.000 0.000 0.000 0.000
0.000 0.000 0.000 0.000 0.000 0.000 0.000 0.000 0.000 0.000 0.000 0.000 0.000 0.000 0.000 0.000 0.000 0.045 0.045 0.044 0.042 0.040 0.038 0.035 0.033 0.030 0.027 0.028 0.032 0.035 0.038 0.041 0.043 0.044 0.046 0.047 0.048 0.048 0.049 0.049 0.049 0.048 0.048 0.047 0.046 0.044 0.043 0.040 0.038 0.036 0.034 0.032 0.030 0.029 0.027 0.025 0.024 0.023 0.021 0.020 0.020 0.019 0.019 0.019 0.022 0.018 0.008 0.000 0.000 0.000 0.000 0.000 0.000 0.000 0.000 0.000 0.000
0.000 0.000 0.000 0.000 0.000 0.000 0.000 0.000 0.000 0.000 0.000 0.000 0.000 0.000 0.000 0.000 0.000 0.045 0.044 0.043 0.041 0.040 0.037 0.035 0.032 0.029 0.025 0.027 0.030 0.033 0.036 0.039 0.041 0.043 0.045 0.047 0.049 0.050 0.051 0.051 0.051 0.051 0.051 0.050 0.049 0.048 0.047 0.046 0.044 0.043 0.042 0.041 0.039 0.038 0.036 0.035 0.034 0.033 0.033 0.032 0.032 0.032 0.033 0.034 0.036 0.028 0.019 0.003 0.000 0.000 0.000 0.000 0.000 0.000 0.000 0.000 0.000
0.000 0.000 0.000 0.000 0.000 0.000 0.000 0.000 0.000 0.000 0.000 0.000 0.000 0.000 0.000 0.000 0.000 0.044 0.043 0.042 0.041 0.039 0.037 0.034 0.031 0.027 0.025 0.027 0.029 0.032 0.035 0.038 0.040 0.043 0.046 0.048 0.051 0.052 0.054 0.055 0.055 0.055 0.054 0.054 0.053 0.052 0.051 0.050 0.049 0.048 0.047 0.046 0.046 0.045 0.045 0.045 0.045 0.045 0.045 0.045 0.045 0.046 0.046 0.048 0.044 0.035 0.022 0.004 0.000 0.000 0.000 0.000 0.000 0.000 0.000 0.000 0.000
0.000 0.000 0.000 0.000 0.000 0.000 0.000 0.000 0.000 0.000 0.000 0.000 0.000 0.000 0.000 0.000 0.040 0.042 0.042 0.041 0.040 0.038 0.036 0.033 0.030 0.025 0.024 0.026 0.029 0.031 0.034 0.038 0.041 0.044 0.048 0.051 0.054 0.057 0.058 0.059 0.059 0.059 0.058 0.058 0.057 0.056 0.055 0.054 0.053 0.052 0.052 0.051 0.051 0.051 0.051 0.052 0.053 0.054 0.055 0.057 0.058 0.059 0.060 0.061 0.049 0.035 0.021 0.013 0.006 0.001 0.000 0.000 0.000 0.000 0.000 0.000 0.000
0.000 0.000 0.000 0.000 0.000 0.000 0.000 0.000 0.000 0.000 0.000 0.000 0.000 0.000 0.000 0.000 0.042 0.042 0.041 0.040 0.039 0.037 0.035 0.032 0.028 0.023 0.024 0.026 0.029 0.032 0.035 0.038 0.042 0.047 0.051 0.056 0.060 0.062 0.063 0.063 0.063 0.063 0.063 0.062 0.061 0.060 0.059 0.058 0.058 0.057 0.057 0.056 0.056 0.057 0.057 0.058 0.060 0.061 0.063 0.065 0.067 0.069 0.070 0.068 0.072 0.065 0.055 0.044 0.035 0.027 0.020 0.013 0.008 0.002 0.000 0.000 0.000
0.000 0.000 0.000 0.000 0.000 0.000 0.000 0.000 0.000 0.000 0.000 0.000 0.000 0.000 0.000 0.000 0.042 0.042 0.041 0.040 0.038 0.036 0.034 0.031 0.027 0.023 0.025 0.027 0.029 0.032 0.036 0.041 0.046 0.051 0.056 0.062 0.066 0.069 0.070 0.068 0.068 0.068 0.067 0.066 0.065 0.065 0.064 0.063 0.063 0.062 0.062 0.062 0.062 0.063 0.064 0.065 0.067 0.069 0.071 0.073 0.075 0.072 0.067 0.063 0.066 0.069 0.071 0.072 0.073 0.062 0.051 0.041 0.032 0.023 0.016 0.009 0.002
0.055 0.053 0.051 0.000 0.000 0.000 0.000 0.000 0.000 0.000 0.000 0.000 0.000 0.000 0.000 0.041 0.041 0.041 0.040 0.039 0.038 0.036 0.033 0.030 0.025 0.023 0.025 0.027 0.031 0.034 0.039 0.044 0.050 0.057 0.063 0.069 0.075 0.079 0.077 0.073 0.073 0.073 0.073 0.071 0.070 0.069 0.068 0.068 0.067 0.067 0.067 0.067 0.068 0.069 0.071 0.072 0.074 0.077 0.079 0.078 0.074 0.069 0.064 0.058 0.060 0.062 0.064 0.065 0.067 0.069 0.070 0.071 0.067 0.056 0.044 0.033 0.024
0.059 0.057 0.055 0.053 0.052 0.050 0.000 0.000 0.000 0.000 0.000 0.000 0.000 0.000 0.000 0.043 0.042 0.042 0.041 0.039 0.037 0.035 0.032 0.029 0.024 0.024 0.026 0.029 0.033 0.038 0.043 0.049 0.056 0.063 0.070 0.077 0.084 0.090 0.000 0.074 0.078 0.079 0.079 0.074 0.074 0.074 0.073 0.072 0.073 0.073 0.073 0.073 0.074 0.076 0.077 0.080 0.082 0.082 0.079 0.075 0.071 0.067 0.061 0.055 0.055 0.056 0.057 0.058 0.060 0.061 0.062 0.063 0.064 0.065 0.064 0.064 0.055
0.064 0.062 0.060 0.058 0.057 0.055 0.053 0.052 0.050 0.048 0.000 0.000 0.000 0.000 0.000 0.045 0.044 0.043 0.041 0.040 0.038 0.035 0.032 0.028 0.024 0.026 0.028 0.032 0.036 0.042 0.048 0.055 0.063 0.070 0.078 0.085 0.093 0.000 0.000 0.000 0.000 0.000 0.000 0.076 0.079 0.080 0.077 0.077 0.078 0.079 0.078 0.079 0.081 0.082 0.085 0.086 0.082 0.079 0.075 0.072 0.068 0.064 0.058 0.052 0.050 0.051 0.051 0.052 0.053 0.054 0.055 0.055 0.056 0.056 0.056 0.055 0.054
0.000 0.000 0.000 0.063 0.061 0.060 0.058 0.057 0.055 0.053 0.051 0.049 0.048 0.000 0.000 0.047 0.045 0.044 0.042 0.040 0.038 0.035 0.032 0.028 0.025 0.027 0.031 0.035 0.041 0.047 0.054 0.062 0.070 0.078 0.086 0.000 0.000 0.000 0.000 0.000 0.000 0.000 0.000 0.000 0.000 0.000 0.079 0.083 0.085 0.085 0.083 0.085 0.087 0.090 0.086 0.082 0.079 0.075 0.072 0.068 0.065 0.060 0.055 0.049 0.046 0.046 0.046 0.046 0.046 0.047 0.047 0.048 0.048 0.048 0.047 0.046 0.044
0.000 0.000 0.000 0.000 0.000 0.000 0.063 0.061 0.060 0.058 0.056 0.055 0.053 0.051 0.049 0.048 0.047 0.045 0.043 0.041 0.039 0.036 0.032 0.027 0.027 0.030 0.034 0.040 0.046 0.053 0.061 0.069 0.078 0.086 0.000 0.000 0.000 0.000 0.000 0.000 0.000 0.000 0.000 0.000 0.000 0.000 0.000 0.000 0.000 0.000 0.086 0.091 0.090 0.086 0.081 0.078 0.075 0.071 0.068 0.065 0.061 0.057 0.052 0.045 0.041 0.041 0.040 0.040 0.040 0.040 0.040 0.040 0.040 0.039 0.038 0.036 0.034
0.000 0.000 0.000 0.000 0.000 0.000 0.000 0.000 0.000 0.000 0.061 0.059 0.058 0.056 0.054 0.051 0.049 0.047 0.045 0.043 0.040 0.036 0.032 0.027 0.030 0.033 0.038 0.045 0.052 0.059 0.068 0.076 0.085 0.000 0.000 0.000 0.000 0.000 0.000 0.000 0.000 0.000 0.000 0.000 0.000 0.000 0.000 0.000 0.000 0.000 0.000 0.000 0.000 0.000 0.074 0.073 0.071 0.066 0.064 0.061 0.057 0.053 0.048 0.042 0.037 0.036 0.035 0.034 0.034 0.034 0.033 0.032 0.031 0.030 0.028 0.025 0.021
0.000 0.000 0.000 0.000 0.000 0.000 0.000 0.000 0.000 0.000 0.000 0.000 0.000 0.000 0.057 0.054 0.051 0.049 0.047 0.044 0.041 0.037 0.033 0.029 0.033 0.037 0.043 0.050 0.058 0.066 0.074 0.082 0.000 0.000 0.000 0.000 0.000 0.000 0.000 0.000 0.000 0.000 0.000 0.000 0.000 0.000 0.000 0.000 0.000 0.000 0.000 0.000 0.000 0.000 0.000 0.000 0.000 0.059 0.059 0.057 0.053 0.047 0.043 0.038 0.032 0.031 0.030 0.029 0.028 0.027 0.026 0.024 0.022 0.020 0.016 0.011 0.004
0.000 0.000 0.000 0.000 0.000 0.000 0.000 0.000 0.000 0.000 0.000 0.000 0.000 0.000 0.000 0.053 0.051 0.051 0.051 0.046 0.042 0.037 0.033 0.032 0.036 0.042 0.048 0.056 0.064 0.072 0.080 0.089 0.000 0.000 0.000 0.000 0.000 0.000 0.000 0.000 0.000 0.000 0.000 0.000 0.000 0.000 0.000 0.000 0.000 0.000 0.000 0.000 0.000 0.000 0.000 0.000 0.000 0.000 0.000 0.000 0.000 0.039 0.038 0.033 0.026 0.024 0.023 0.022 0.021 0.019 0.018 0.015 0.012 0.006 0.001 0.000 0.000
0.000 0.000 0.000 0.000 0.000 0.000 0.000 0.000 0.000 0.000 0.000 0.000 0.000 0.000 0.049 0.050 0.050 0.050 0.048 0.045 0.041 0.037 0.033 0.035 0.040 0.046 0.054 0.061 0.070 0.078 0.087 0.095 0.000 0.000 0.000 0.000 0.000 0.000 0.000 0.000 0.000 0.000 0.000 0.000 0.000 0.000 0.000 0.000 0.000 0.000 0.000 0.000 0.000 0.000 0.000 0.000 0.000 0.000 0.000 0.000 0.000 0.000 0.000 0.000 0.013 0.015 0.015 0.015 0.013 0.011 0.006 0.002 0.000 0.000 0.000 0.000 0.000
0.000 0.000 0.000 0.000 0.000 0.000 0.000 0.000 0.000 0.000 0.000 0.000 0.000 0.000 0.051 0.051 0.050 0.049 0.047 0.044 0.041 0.037 0.034 0.038 0.044 0.051 0.059 0.067 0.075 0.084 0.093 0.102 0.000 0.000 0.000 0.000 0.000 0.000 0.000 0.000 0.000 0.000 0.000 0.000 0.000 0.000 0.000 0.000 0.000 0.000 0.000 0.000 0.000 0.000 0.000 0.000 0.000 0.000 0.000 0.000 0.000 0.000 0.000 0.000 0.000 0.000 0.000 0.000 0.001 0.000 0.000 0.000 0.000 0.000 0.000 0.000 0.000
0.000 0.000 0.000 0.000 0.000 0.000 0.000 0.000 0.000 0.000 0.000 0.000 0.000 0.000 0.052 0.051 0.050 0.048 0.046 0.044 0.041 0.037 0.037 0.042 0.049 0.056 0.064 0.073 0.081 0.090 0.098 0.000 0.000 0.000 0.000 0.000 0.000 0.000 0.000 0.000 0.000 0.000 0.000 0.000 0.000 0.000 0.000 0.000 0.000 0.000 0.000 0.000 0.000 0.000 0.000 0.000 0.000 0.000 0.000 0.000 0.000 0.000 0.000 0.000 0.000 0.000 0.000 0.000 0.000 0.000 0.000 0.000 0.000 0.000 0.000 0.000 0.000
0.000 0.000 0.000 0.000 0.000 0.000 0.000 0.000 0.000 0.000 0.000 0.000 0.000 0.000 0.052 0.051 0.049 0.048 0.046 0.044 0.041 0.037 0.040 0.046 0.054 0.061 0.070 0.078 0.087 0.096 0.104 0.000 0.000 0.000 0.000 0.000 0.000 0.000 0.000 0.000 0.000 0.000 0.000 0.000 0.000 0.000 0.000 0.000 0.000 0.000 0.000 0.000 0.000 0.000 0.000 0.000 0.000 0.000 0.000 0.000 0.000 0.000 0.000 0.000 0.000 0.000 0.000 0.000 0.000 0.000 0.000 0.000 0.000 0.000 0.000 0.000 0.000
0.000 0.000 0.000 0.000 0.000 0.000 0.000 0.000 0.000 0.000 0.000 0.000 0.000 0.049 0.050 0.050 0.049 0.048 0.046 0.043 0.041 0.038 0.044 0.051 0.058 0.067 0.075 0.084 0.092 0.102 0.111 0.000 0.000 0.000 0.000 0.000 0.000 0.000 0.000 0.000 0.000 0.000 0.000 0.000 0.000 0.000 0.000 0.000 0.000 0.000 0.000 0.000 0.000 0.000 0.000 0.000 0.000 0.000 0.000 0.000 0.000 0.000 0.000 0.000 0.000 0.000 0.000 0.000 0.000 0.000 0.000 0.000 0.000 0.000 0.000 0.000 0.000
0.000 0.000 0.000 0.000 0.000 0.000 0.000 0.000 0.000 0.000 0.000 0.000 0.000 0.052 0.051 0.050 0.049 0.048 0.046 0.044 0.041 0.041 0.048 0.055 0.063 0.072 0.080 0.089 0.098 0.106 0.000 0.000 0.000 0.000 0.000 0.000 0.000 0.000 0.000 0.000 0.000 0.000 0.000 0.000 0.000 0.000 0.000 0.000 0.000 0.000 0.000 0.000 0.000 0.000 0.000 0.000 0.000 0.000 0.000 0.000 0.000 0.000 0.000 0.000 0.000 0.000 0.000 0.000 0.000 0.000 0.000 0.000 0.000 0.000 0.000 0.000 0.000
