数据/150y_3h/150y_3h_res_2/150y_3h_195-0001.wd
ncols         694
nrows         824
xllcorner     581104.939801
yllcorner     3495917.092414
cellsize      2.000000
NODATA_value  -9999.000000
[rows 306 to 339 of 824, columns 462 to 538 of 694]
0.082 0.080 0.078 0.076 0.075 0.075 0.075 0.076 0.071 0.064 0.057 0.050 0.043 0.036 0.029 0.023 0.017 0.011 0.008 0.006 0.005 0.004 0.005 0.006 0.009 0.014 0.018 0.022 0.024 0.025 0.024 0.022 0.020 0.017 0.014 0.011 0.009 0.007 0.007 0.000 0.000 0.000 0.000 0.000 0.000 0.000 0.000 0.000 0.000 0.000 0.000 0.000 0.000 0.000 0.029 0.030 0.031 0.036 0.000 0.004 0.004 0.005 0.005 0.006 0.017 0.047 0.000 0.000 0.000 0.000 0.011 0.023 0.035 0.048 0.060 0.061 0.056
0.108 0.091 0.084 0.082 0.081 0.081 0.082 0.082 0.083 0.080 0.073 0.065 0.058 0.050 0.042 0.034 0.026 0.020 0.015 0.012 0.009 0.007 0.007 0.007 0.010 0.013 0.018 0.021 0.023 0.024 0.024 0.022 0.020 0.018 0.015 0.012 0.010 0.012 0.021 0.000 0.000 0.000 0.000 0.000 0.000 0.000 0.000 0.000 0.000 0.000 0.000 0.000 0.000 0.000 0.000 0.000 0.000 0.030 0.029 0.023 0.019 0.018 0.016 0.016 0.026 0.000 0.000 0.000 0.000 0.000 0.027 0.041 0.053 0.055 0.053 0.050 0.049
0.091 0.088 0.087 0.086 0.087 0.088 0.089 0.090 0.090 0.091 0.089 0.082 0.074 0.066 0.057 0.047 0.038 0.031 0.025 0.019 0.015 0.012 0.010 0.009 0.009 0.000 0.017 0.020 0.023 0.023 0.023 0.022 0.020 0.018 0.016 0.014 0.012 0.013 0.000 0.000 0.000 0.000 0.000 0.000 0.000 0.000 0.000 0.000 0.000 0.000 0.000 0.000 0.000 0.000 0.000 0.000 0.000 0.000 0.000 0.017 0.021 0.022 0.019 0.020 0.031 0.000 0.000 0.000 0.000 0.035 0.048 0.052 0.049 0.046 0.044 0.042 0.041
0.086 0.088 0.090 0.091 0.093 0.095 0.097 0.098 0.098 0.098 0.098 0.099 0.091 0.082 0.072 0.060 0.051 0.042 0.035 0.028 0.022 0.018 0.014 0.012 0.011 0.008 0.016 0.020 0.022 0.023 0.023 0.022 0.021 0.019 0.017 0.015 0.013 0.012 0.007 0.005 0.004 0.000 0.000 0.000 0.000 0.000 0.000 0.000 0.000 0.000 0.000 0.000 0.000 0.000 0.000 0.000 0.000 0.000 0.000 0.000 0.000 0.000 0.015 0.022 0.028 0.036 0.000 0.000 0.000 0.047 0.047 0.044 0.041 0.039 0.037 0.035 0.035
0.087 0.091 0.095 0.099 0.101 0.104 0.106 0.107 0.106 0.104 0.106 0.107 0.108 0.099 0.086 0.073 0.063 0.053 0.044 0.037 0.030 0.024 0.020 0.016 0.014 0.013 0.016 0.019 0.021 0.023 0.023 0.022 0.021 0.019 0.017 0.016 0.014 0.012 0.009 0.006 0.005 0.003 0.002 0.000 0.000 0.000 0.000 0.000 0.000 0.000 0.000 0.000 0.000 0.000 0.000 0.000 0.000 0.000 0.000 0.000 0.000 0.000 0.000 0.000 0.025 0.038 0.046 0.059 0.059 0.049 0.043 0.039 0.036 0.033 0.031 0.030 0.032
0.093 0.098 0.103 0.107 0.111 0.114 0.116 0.117 0.116 0.107 0.115 0.117 0.117 0.113 0.099 0.084 0.072 0.062 0.052 0.044 0.037 0.030 0.025 0.021 0.018 0.017 0.018 0.020 0.022 0.022 0.023 0.022 0.021 0.020 0.018 0.017 0.015 0.013 0.010 0.008 0.006 0.004 0.003 0.002 0.002 0.003 0.000 0.000 0.000 0.000 0.000 0.000 0.000 0.000 0.000 0.000 0.000 0.000 0.000 0.000 0.000 0.000 0.000 0.000 0.000 0.000 0.000 0.041 0.044 0.042 0.038 0.035 0.032 0.029 0.027 0.026 0.024
0.101 0.107 0.113 0.118 0.122 0.125 0.128 0.129 0.129 0.127 0.128 0.129 0.119 0.103 0.099 0.091 0.078 0.067 0.058 0.050 0.043 0.036 0.031 0.027 0.024 0.022 0.021 0.022 0.023 0.024 0.024 0.023 0.022 0.021 0.020 0.018 0.016 0.014 0.012 0.010 0.008 0.006 0.004 0.003 0.002 0.002 0.002 0.004 0.000 0.000 0.000 0.000 0.001 0.007 0.000 0.000 0.000 0.000 0.000 0.000 0.000 0.000 0.000 0.000 0.000 0.000 0.041 0.039 0.037 0.036 0.033 0.031 0.028 0.026 0.024 0.025 0.000
0.112 0.118 0.124 0.129 0.133 0.137 0.140 0.136 0.127 0.117 0.108 0.098 0.085 0.066 0.079 0.091 0.081 0.072 0.063 0.056 0.049 0.043 0.038 0.034 0.031 0.029 0.028 0.028 0.028 0.028 0.028 0.027 0.026 0.025 0.023 0.021 0.020 0.017 0.015 0.013 0.011 0.009 0.007 0.000 0.002 0.002 0.003 0.004 0.004 0.004 0.004 0.004 0.007 0.015 0.028 0.049 0.075 0.000 0.000 0.000 0.000 0.000 0.000 0.000 0.000 0.000 0.035 0.035 0.034 0.032 0.030 0.027 0.025 0.023 0.021 0.019 0.000
0.123 0.129 0.131 0.127 0.122 0.117 0.110 0.104 0.096 0.088 0.078 0.067 0.051 0.051 0.043 0.081 0.083 0.076 0.069 0.063 0.058 0.053 0.049 0.046 0.044 0.042 0.041 0.041 0.040 0.039 0.038 0.036 0.035 0.033 0.031 0.029 0.027 0.024 0.022 0.019 0.017 0.015 0.012 0.010 0.008 0.006 0.005 0.006 0.007 0.008 0.010 0.014 0.021 0.030 0.043 0.061 0.084 0.107 0.134 0.000 0.000 0.000 0.000 0.000 0.000 0.043 0.039 0.035 0.032 0.029 0.027 0.024 0.022 0.020 0.020 0.000 0.000
0.103 0.100 0.097 0.093 0.089 0.084 0.079 0.073 0.066 0.058 0.049 0.037 0.029 0.036 0.041 0.067 0.088 0.083 0.078 0.073 0.070 0.067 0.066 0.065 0.064 0.063 0.062 0.061 0.059 0.057 0.055 0.053 0.050 0.047 0.045 0.042 0.040 0.037 0.034 0.032 0.029 0.026 0.024 0.022 0.019 0.017 0.013 0.013 0.016 0.020 0.025 0.030 0.038 0.047 0.059 0.076 0.096 0.119 0.132 0.135 0.139 0.146 0.000 0.000 0.000 0.039 0.037 0.034 0.030 0.027 0.024 0.021 0.019 0.017 0.015 0.000 0.000
0.070 0.067 0.064 0.061 0.057 0.052 0.048 0.042 0.037 0.031 0.023 0.013 0.018 0.025 0.033 0.055 0.087 0.093 0.090 0.089 0.088 0.088 0.088 0.088 0.088 0.088 0.087 0.086 0.084 0.081 0.078 0.075 0.071 0.067 0.063 0.060 0.057 0.054 0.052 0.049 0.047 0.045 0.043 0.041 0.039 0.036 0.032 0.027 0.031 0.036 0.041 0.047 0.055 0.064 0.076 0.091 0.102 0.105 0.108 0.111 0.114 0.115 0.115 0.122 0.000 0.044 0.038 0.032 0.028 0.024 0.020 0.018 0.016 0.016 0.000 0.000 0.000
0.037 0.035 0.032 0.030 0.026 0.023 0.020 0.016 0.013 0.010 0.005 0.007 0.011 0.016 0.024 0.044 0.076 0.108 0.108 0.109 0.111 0.112 0.114 0.115 0.115 0.115 0.114 0.113 0.111 0.108 0.104 0.100 0.095 0.091 0.087 0.083 0.079 0.076 0.073 0.070 0.068 0.067 0.066 0.064 0.063 0.061 0.057 0.051 0.049 0.054 0.059 0.065 0.073 0.082 0.088 0.084 0.083 0.083 0.085 0.086 0.086 0.077 0.086 0.090 0.079 0.057 0.040 0.030 0.024 0.019 0.016 0.014 0.013 0.011 0.000 0.000 0.000
0.009 0.008 0.008 0.007 0.006 0.005 0.004 0.003 0.003 0.002 0.001 0.003 0.006 0.010 0.017 0.035 0.069 0.117 0.131 0.134 0.137 0.140 0.142 0.143 0.143 0.143 0.142 0.141 0.138 0.135 0.131 0.126 0.121 0.116 0.112 0.108 0.104 0.101 0.098 0.095 0.094 0.092 0.091 0.089 0.088 0.087 0.084 0.079 0.070 0.072 0.077 0.083 0.087 0.080 0.073 0.068 0.065 0.063 0.063 0.062 0.062 0.059 0.061 0.061 0.055 0.041 0.000 0.014 0.014 0.013 0.011 0.010 0.010 0.000 0.000 0.000 0.000
0.002 0.002 0.001 0.001 0.001 0.000 0.000 0.000 0.000 0.000 0.001 0.002 0.003 0.006 0.012 0.027 0.066 0.116 0.157 0.161 0.165 0.168 0.171 0.172 0.172 0.172 0.171 0.169 0.167 0.163 0.158 0.151 0.146 0.142 0.138 0.134 0.130 0.127 0.124 0.122 0.121 0.120 0.119 0.118 0.116 0.115 0.112 0.107 0.100 0.090 0.093 0.083 0.073 0.065 0.057 0.051 0.046 0.043 0.040 0.038 0.036 0.034 0.034 0.033 0.030 0.025 0.018 0.012 0.009 0.008 0.007 0.005 0.005 0.016 0.000 0.000 0.000
0.000 0.000 0.000 0.000 0.000 0.000 0.000 0.000 0.000 0.000 0.000 0.001 0.002 0.003 0.008 0.022 0.067 0.118 0.173 0.190 0.194 0.198 0.201 0.202 0.202 0.201 0.200 0.199 0.196 0.192 0.186 0.176 0.172 0.169 0.165 0.160 0.156 0.153 0.151 0.149 0.148 0.148 0.147 0.147 0.146 0.144 0.142 0.138 0.126 0.102 0.098 0.090 0.079 0.069 0.060 0.052 0.045 0.040 0.035 0.031 0.027 0.024 0.021 0.018 0.014 0.011 0.008 0.006 0.004 0.003 0.002 0.002 0.001 0.000 0.000 0.000 0.000
0.000 0.000 0.000 0.000 0.000 0.000 0.000 0.000 0.000 0.000 0.000 0.001 0.001 0.002 0.005 0.022 0.071 0.000 0.175 0.219 0.224 0.228 0.233 0.000 0.000 0.000 0.000 0.000 0.000 0.000 0.000 0.197 0.199 0.197 0.193 0.184 0.182 0.180 0.178 0.177 0.177 0.177 0.176 0.176 0.175 0.167 0.153 0.138 0.120 0.096 0.095 0.097 0.101 0.091 0.082 0.073 0.065 0.058 0.051 0.046 0.040 0.035 0.031 0.026 0.022 0.018 0.014 0.011 0.009 0.007 0.005 0.004 0.003 0.002 0.002 0.001 0.000
0.000 0.000 0.000 0.000 0.000 0.000 0.000 0.000 0.000 0.000 0.000 0.000 0.001 0.006 0.000 0.000 0.074 0.000 0.000 0.236 0.000 0.000 0.000 0.000 0.000 0.000 0.000 0.000 0.000 0.000 0.000 0.000 0.000 0.000 0.000 0.207 0.209 0.208 0.204 0.205 0.206 0.206 0.198 0.185 0.173 0.160 0.146 0.131 0.113 0.090 0.090 0.091 0.094 0.099 0.101 0.092 0.083 0.075 0.068 0.061 0.055 0.048 0.043 0.037 0.032 0.027 0.022 0.018 0.015 0.012 0.009 0.007 0.005 0.004 0.003 0.002 0.002
0.000 0.000 0.000 0.000 0.000 0.000 0.000 0.000 0.000 0.000 0.000 0.000 0.000 0.000 0.000 0.000 0.000 0.000 0.000 0.000 0.000 0.000 0.000 0.000 0.000 0.000 0.000 0.000 0.000 0.000 0.000 0.000 0.000 0.000 0.000 0.000 0.000 0.000 0.230 0.225 0.214 0.203 0.189 0.178 0.166 0.152 0.139 0.124 0.105 0.085 0.084 0.084 0.086 0.090 0.095 0.101 0.100 0.092 0.084 0.077 0.069 0.062 0.056 0.049 0.043 0.037 0.032 0.027 0.022 0.019 0.015 0.012 0.010 0.008 0.006 0.005 0.004
0.000 0.000 0.000 0.000 0.000 0.000 0.000 0.000 0.000 0.000 0.000 0.000 0.000 0.000 0.000 0.000 0.000 0.000 0.000 0.000 0.000 0.000 0.000 0.000 0.000 0.000 0.000 0.000 0.000 0.000 0.000 0.000 0.000 0.000 0.000 0.000 0.000 0.000 0.000 0.000 0.000 0.000 0.179 0.170 0.158 0.143 0.130 0.116 0.096 0.078 0.077 0.077 0.078 0.081 0.085 0.090 0.097 0.104 0.100 0.092 0.084 0.077 0.069 0.062 0.055 0.049 0.043 0.037 0.032 0.027 0.023 0.020 0.016 0.014 0.011 0.009 0.007
0.000 0.000 0.000 0.000 0.000 0.000 0.000 0.000 0.000 0.000 0.000 0.000 0.000 0.000 0.000 0.000 0.000 0.000 0.000 0.000 0.000 0.000 0.000 0.000 0.000 0.000 0.000 0.000 0.000 0.000 0.000 0.000 0.000 0.000 0.000 0.000 0.000 0.000 0.000 0.000 0.000 0.000 0.000 0.000 0.000 0.132 0.122 0.107 0.085 0.070 0.068 0.068 0.069 0.071 0.075 0.080 0.086 0.092 0.099 0.106 0.099 0.091 0.083 0.075 0.068 0.061 0.054 0.048 0.043 0.038 0.034 0.030 0.027 0.023 0.020 0.017 0.014
0.000 0.000 0.000 0.000 0.000 0.000 0.000 0.000 0.000 0.000 0.000 0.000 0.000 0.000 0.000 0.000 0.000 0.000 0.000 0.000 0.000 0.000 0.000 0.000 0.000 0.000 0.000 0.000 0.000 0.000 0.000 0.000 0.000 0.000 0.000 0.000 0.000 0.000 0.000 0.000 0.000 0.000 0.000 0.000 0.000 0.000 0.000 0.000 0.067 0.059 0.056 0.057 0.059 0.062 0.065 0.069 0.075 0.081 0.087 0.094 0.101 0.105 0.096 0.088 0.080 0.073 0.066 0.060 0.056 0.051 0.048 0.044 0.041 0.037 0.034 0.030 0.025
0.000 0.000 0.000 0.000 0.000 0.000 0.000 0.000 0.000 0.000 0.000 0.000 0.000 0.000 0.000 0.000 0.000 0.000 0.000 0.000 0.000 0.000 0.000 0.000 0.000 0.000 0.000 0.000 0.000 0.000 0.000 0.000 0.000 0.000 0.000 0.000 0.000 0.000 0.000 0.000 0.000 0.000 0.000 0.000 0.000 0.000 0.000 0.000 0.000 0.000 0.039 0.046 0.051 0.054 0.054 0.059 0.065 0.071 0.076 0.081 0.087 0.094 0.099 0.100 0.092 0.085 0.079 0.075 0.071 0.068 0.065 0.063 0.059 0.056 0.051 0.046 0.041
0.000 0.000 0.000 0.000 0.000 0.000 0.000 0.000 0.000 0.000 0.000 0.000 0.000 0.000 0.000 0.000 0.000 0.000 0.000 0.000 0.000 0.000 0.000 0.000 0.000 0.000 0.000 0.000 0.000 0.000 0.000 0.000 0.000 0.000 0.000 0.000 0.000 0.000 0.000 0.000 0.000 0.000 0.000 0.000 0.000 0.000 0.000 0.000 0.000 0.000 0.000 0.000 0.000 0.000 0.038 0.048 0.056 0.062 0.064 0.068 0.073 0.079 0.083 0.090 0.098 0.098 0.094 0.091 0.089 0.088 0.086 0.084 0.081 0.076 0.071 0.065 0.058
0.000 0.000 0.000 0.000 0.000 0.000 0.000 0.000 0.000 0.000 0.000 0.000 0.000 0.000 0.000 0.000 0.000 0.000 0.000 0.000 0.000 0.000 0.000 0.000 0.000 0.000 0.000 0.000 0.000 0.000 0.000 0.000 0.000 0.000 0.000 0.000 0.000 0.000 0.000 0.000 0.000 0.000 0.000 0.000 0.000 0.000 0.000 0.000 0.000 0.000 0.000 0.000 0.000 0.000 0.000 0.000 0.000 0.000 0.047 0.052 0.058 0.063 0.063 0.072 0.083 0.095 0.109 0.110 0.111 0.111 0.110 0.108 0.104 0.099 0.091 0.083 0.075
0.000 0.000 0.000 0.000 0.000 0.000 0.000 0.000 0.000 0.000 0.000 0.000 0.000 0.000 0.000 0.000 0.000 0.000 0.000 0.000 0.000 0.000 0.000 0.000 0.000 0.000 0.000 0.000 0.000 0.000 0.000 0.000 0.000 0.000 0.000 0.000 0.000 0.000 0.000 0.000 0.000 0.000 0.000 0.000 0.000 0.000 0.000 0.000 0.000 0.000 0.000 0.000 0.000 0.000 0.000 0.000 0.000 0.000 0.000 0.034 0.042 0.044 0.000 0.053 0.068 0.083 0.098 0.117 0.135 0.137 0.135 0.133 0.129 0.122 0.111 0.101 0.091
0.000 0.000 0.000 0.000 0.000 0.000 0.000 0.000 0.000 0.000 0.000 0.000 0.000 0.000 0.000 0.000 0.000 0.000 0.000 0.000 0.000 0.000 0.000 0.000 0.000 0.000 0.000 0.000 0.000 0.000 0.000 0.000 0.000 0.000 0.000 0.000 0.000 0.000 0.000 0.000 0.000 0.000 0.000 0.000 0.000 0.000 0.000 0.000 0.000 0.000 0.000 0.000 0.000 0.000 0.000 0.000 0.000 0.000 0.000 0.021 0.028 0.031 0.027 0.043 0.057 0.072 0.090 0.110 0.131 0.152 0.162 0.159 0.155 0.146 0.128 0.117 0.105
0.000 0.000 0.000 0.000 0.000 0.000 0.000 0.000 0.000 0.000 0.000 0.000 0.000 0.000 0.000 0.000 0.000 0.000 0.000 0.000 0.000 0.000 0.000 0.000 0.000 0.000 0.000 0.000 0.000 0.000 0.000 0.000 0.000 0.000 0.000 0.000 0.000 0.000 0.000 0.000 0.000 0.000 0.000 0.000 0.000 0.000 0.000 0.000 0.000 0.000 0.000 0.000 0.000 0.000 0.000 0.000 0.000 0.000 0.000 0.011 0.017 0.020 0.023 0.033 0.046 0.062 0.082 0.105 0.128 0.151 0.000 0.000 0.000 0.000 0.136 0.134 0.115
0.000 0.000 0.000 0.000 0.000 0.000 0.000 0.000 0.000 0.000 0.000 0.000 0.000 0.000 0.000 0.000 0.000 0.000 0.000 0.000 0.000 0.000 0.000 0.000 0.000 0.000 0.000 0.000 0.000 0.000 0.000 0.000 0.000 0.000 0.000 0.000 0.000 0.000 0.000 0.000 0.000 0.000 0.000 0.000 0.000 0.000 0.000 0.000 0.000 0.000 0.000 0.000 0.000 0.000 0.000 0.000 0.000 0.000 0.000 0.004 0.008 0.012 0.016 0.024 0.037 0.054 0.076 0.101 0.126 0.000 0.000 0.000 0.000 0.000 0.000 0.000 0.116
0.000 0.000 0.000 0.000 0.000 0.000 0.000 0.000 0.000 0.000 0.000 0.000 0.000 0.000 0.000 0.000 0.000 0.000 0.000 0.000 0.000 0.000 0.000 0.000 0.000 0.000 0.000 0.000 0.000 0.000 0.000 0.000 0.000 0.000 0.000 0.000 0.000 0.000 0.000 0.000 0.000 0.000 0.000 0.000 0.000 0.000 0.000 0.000 0.000 0.000 0.000 0.000 0.000 0.000 0.000 0.000 0.000 0.000 0.000 0.001 0.002 0.005 0.009 0.016 0.028 0.047 0.071 0.097 0.000 0.000 0.000 0.000 0.000 0.000 0.000 0.000 0.000
0.000 0.000 0.000 0.000 0.000 0.000 0.000 0.000 0.000 0.000 0.000 0.000 0.000 0.000 0.000 0.000 0.000 0.000 0.000 0.000 0.000 0.000 0.000 0.000 0.000 0.000 0.000 0.000 0.000 0.000 0.000 0.000 0.000 0.000 0.000 0.000 0.000 0.000 0.000 0.000 0.000 0.000 0.000 0.000 0.000 0.000 0.000 0.000 0.000 0.000 0.000 0.000 0.000 0.000 0.000 0.000 0.000 0.000 0.000 0.000 0.000 0.001 0.004 0.010 0.021 0.040 0.065 0.093 0.000 0.000 0.000 0.000 0.000 0.000 0.000 0.000 0.000
0.000 0.000 0.000 0.000 0.000 0.000 0.000 0.000 0.000 0.000 0.000 0.000 0.000 0.000 0.000 0.000 0.000 0.000 0.000 0.000 0.000 0.000 0.000 0.000 0.000 0.000 0.000 0.000 0.000 0.000 0.000 0.000 0.000 0.000 0.000 0.000 0.000 0.000 0.000 0.000 0.000 0.000 0.000 0.000 0.000 0.000 0.000 0.000 0.000 0.000 0.000 0.000 0.000 0.000 0.000 0.000 0.000 0.000 0.000 0.000 0.000 0.000 0.001 0.003 0.012 0.031 0.059 0.000 0.000 0.000 0.000 0.000 0.000 0.000 0.000 0.000 0.000
0.000 0.000 0.000 0.000 0.000 0.000 0.000 0.000 0.000 0.000 0.000 0.000 0.000 0.000 0.000 0.000 0.000 0.000 0.000 0.000 0.000 0.000 0.000 0.000 0.000 0.000 0.000 0.000 0.000 0.000 0.000 0.000 0.000 0.000 0.000 0.000 0.000 0.000 0.000 0.000 0.000 0.000 0.000 0.000 0.000 0.000 0.000 0.000 0.000 0.000 0.000 0.000 0.000 0.000 0.000 0.000 0.000 0.000 0.000 0.000 0.000 0.000 0.001 0.002 0.008 0.033 0.070 0.000 0.000 0.000 0.000 0.000 0.000 0.000 0.000 0.000 0.000
0.000 0.000 0.000 0.000 0.000 0.000 0.000 0.000 0.000 0.000 0.000 0.000 0.000 0.000 0.000 0.000 0.000 0.000 0.000 0.000 0.000 0.000 0.000 0.000 0.000 0.000 0.000 0.000 0.000 0.000 0.000 0.000 0.000 0.000 0.000 0.000 0.000 0.000 0.000 0.000 0.000 0.000 0.000 0.000 0.000 0.000 0.000 0.000 0.000 0.000 0.000 0.000 0.000 0.000 0.000 0.000 0.000 0.000 0.000 0.000 0.000 0.000 0.001 0.002 0.008 0.034 0.000 0.000 0.000 0.000 0.000 0.000 0.000 0.000 0.000 0.000 0.000
0.000 0.000 0.000 0.000 0.000 0.000 0.000 0.000 0.000 0.000 0.000 0.000 0.000 0.000 0.000 0.000 0.000 0.000 0.000 0.000 0.000 0.000 0.000 0.000 0.000 0.000 0.000 0.000 0.000 0.000 0.000 0.000 0.000 0.000 0.000 0.000 0.000 0.000 0.000 0.000 0.000 0.000 0.000 0.000 0.000 0.000 0.000 0.000 0.000 0.000 0.000 0.000 0.000 0.000 0.000 0.000 0.000 0.000 0.000 0.000 0.000 0.000 0.000 0.002 0.008 0.035 0.000 0.000 0.000 0.000 0.000 0.000 0.000 0.000 0.000 0.000 0.000
