数据/2hours/0.1-2h-150y/coupled-198-0001.wd
ncols         694
nrows         824
xllcorner     581104.939801
yllcorner     3495917.092414
cellsize      2.000000
NODATA_value  -9999.000000
[rows 680 to 713 of 824, columns 154 to 230 of 694]
0.000 0.000 0.000 0.000 0.000 0.000 0.000 0.000 0.000 0.000 0.000 0.001 0.001 0.000 0.000 0.000 0.001 0.001 0.001 0.001 0.001 0.002 0.001 0.001 0.002 0.002 0.000 0.002 0.002 0.000 0.000 0.000 0.000 0.000 0.000 0.000 0.000 0.000 0.000 0.001 0.001 0.001 0.001 0.001 0.002 0.002 0.002 0.001 0.002 0.006 0.006 0.016 0.001 0.001 0.001 0.001 0.001 0.001 0.001 0.001 0.001 0.001 0.001 0.001 0.000 0.000 0.000 0.000 0.000 0.000 0.000 0.000 0.000 0.000 0.000 0.000 0.000
0.000 0.000 0.000 0.000 0.000 0.000 0.000 0.000 0.000 0.001 0.001 0.001 0.001 0.001 0.001 0.000 0.001 0.001 0.001 0.001 0.001 0.012 0.029 0.000 0.041 0.018 0.001 0.001 0.000 0.000 0.000 0.000 0.000 0.000 0.000 0.000 0.000 0.000 0.001 0.001 0.001 0.001 0.001 0.001 0.001 0.001 0.001 0.001 0.001 0.001 0.001 0.006 0.009 0.008 0.001 0.001 0.001 0.001 0.001 0.001 0.001 0.001 0.001 0.001 0.000 0.000 0.000 0.000 0.000 0.000 0.000 0.000 0.000 0.000 0.000 0.000 0.000
0.000 0.000 0.000 0.000 0.001 0.001 0.001 0.001 0.001 0.001 0.001 0.001 0.001 0.001 0.001 0.001 0.001 0.001 0.001 0.001 0.002 0.036 0.000 0.000 0.000 0.000 0.025 0.001 0.000 0.000 0.000 0.000 0.000 0.000 0.000 0.000 0.000 0.001 0.001 0.001 0.001 0.001 0.001 0.001 0.001 0.001 0.001 0.001 0.001 0.001 0.001 0.001 0.001 0.007 0.017 0.002 0.001 0.001 0.001 0.001 0.001 0.001 0.001 0.001 0.000 0.000 0.000 0.000 0.000 0.000 0.000 0.000 0.000 0.000 0.000 0.000 0.000
0.001 0.000 0.001 0.001 0.001 0.001 0.001 0.001 0.001 0.001 0.001 0.001 0.001 0.001 0.001 0.001 0.001 0.001 0.001 0.001 0.002 0.000 0.000 0.000 0.000 0.000 0.000 0.026 0.002 0.001 0.000 0.000 0.000 0.000 0.000 0.000 0.000 0.001 0.001 0.001 0.001 0.001 0.001 0.001 0.001 0.000 0.001 0.001 0.001 0.001 0.001 0.001 0.001 0.001 0.006 0.007 0.017 0.001 0.001 0.001 0.001 0.001 0.001 0.001 0.000 0.000 0.000 0.000 0.000 0.000 0.000 0.000 0.000 0.000 0.000 0.000 0.000
0.001 0.001 0.001 0.001 0.001 0.001 0.001 0.001 0.001 0.001 0.001 0.001 0.001 0.001 0.001 0.001 0.001 0.001 0.001 0.001 0.002 0.000 0.000 0.000 0.000 0.000 0.000 0.000 0.049 0.027 0.002 0.000 0.000 0.000 0.000 0.000 0.001 0.001 0.001 0.001 0.001 0.001 0.001 0.001 0.000 0.000 0.000 0.000 0.001 0.001 0.001 0.001 0.001 0.001 0.001 0.001 0.007 0.008 0.018 0.001 0.001 0.001 0.001 0.001 0.001 0.001 0.000 0.000 0.000 0.000 0.000 0.000 0.000 0.000 0.000 0.000 0.000
0.001 0.001 0.001 0.001 0.001 0.001 0.001 0.001 0.001 0.001 0.001 0.001 0.001 0.001 0.001 0.001 0.001 0.001 0.001 0.001 0.001 0.001 0.000 0.000 0.000 0.000 0.000 0.000 0.000 0.000 0.049 0.027 0.002 0.000 0.000 0.001 0.001 0.001 0.001 0.001 0.001 0.001 0.001 0.001 0.000 0.002 0.003 0.004 0.000 0.000 0.001 0.001 0.001 0.001 0.001 0.001 0.001 0.001 0.008 0.010 0.009 0.001 0.001 0.001 0.001 0.001 0.001 0.001 0.000 0.000 0.000 0.000 0.000 0.000 0.000 0.000 0.000
0.001 0.001 0.001 0.001 0.001 0.001 0.001 0.001 0.001 0.001 0.001 0.001 0.001 0.001 0.001 0.001 0.001 0.001 0.001 0.001 0.001 0.002 0.000 0.000 0.000 0.000 0.000 0.000 0.000 0.000 0.000 0.000 0.027 0.002 0.000 0.001 0.001 0.001 0.001 0.001 0.001 0.001 0.001 0.000 0.000 0.001 0.001 0.001 0.001 0.014 0.000 0.000 0.001 0.001 0.001 0.001 0.001 0.001 0.001 0.002 0.008 0.019 0.001 0.001 0.001 0.001 0.001 0.000 0.001 0.001 0.000 0.000 0.000 0.000 0.000 0.000 0.000
0.001 0.001 0.001 0.001 0.001 0.001 0.001 0.001 0.001 0.001 0.001 0.001 0.001 0.001 0.001 0.001 0.001 0.001 0.001 0.001 0.001 0.001 0.001 0.001 0.000 0.000 0.000 0.000 0.000 0.000 0.000 0.000 0.000 0.027 0.002 0.001 0.001 0.001 0.001 0.001 0.001 0.001 0.000 0.000 0.001 0.001 0.001 0.001 0.001 0.008 0.000 0.000 0.000 0.000 0.001 0.001 0.001 0.001 0.001 0.001 0.001 0.008 0.008 0.018 0.001 0.001 0.001 0.001 0.001 0.001 0.001 0.001 0.000 0.000 0.000 0.000 0.000
0.001 0.001 0.001 0.001 0.001 0.001 0.001 0.001 0.001 0.001 0.001 0.001 0.001 0.001 0.001 0.001 0.001 0.001 0.025 0.000 0.000 0.001 0.001 0.001 0.002 0.000 0.000 0.000 0.000 0.000 0.000 0.000 0.000 0.000 0.001 0.001 0.001 0.001 0.001 0.001 0.001 0.001 0.000 0.001 0.001 0.001 0.001 0.001 0.001 0.001 0.008 0.000 0.000 0.007 0.000 0.000 0.001 0.001 0.001 0.001 0.001 0.001 0.002 0.008 0.009 0.019 0.001 0.001 0.001 0.001 0.001 0.001 0.001 0.001 0.001 0.001 0.000
0.001 0.001 0.001 0.001 0.001 0.001 0.001 0.001 0.001 0.001 0.001 0.001 0.001 0.001 0.001 0.001 0.001 0.025 0.000 0.000 0.000 0.000 0.001 0.002 0.017 0.048 0.000 0.109 0.000 0.000 0.000 0.000 0.000 0.007 0.002 0.001 0.001 0.001 0.001 0.001 0.001 0.000 0.000 0.001 0.001 0.001 0.001 0.001 0.001 0.001 0.001 0.001 0.001 0.001 0.001 0.008 0.000 0.000 0.001 0.001 0.001 0.001 0.001 0.001 0.002 0.008 0.011 0.009 0.001 0.001 0.001 0.001 0.001 0.001 0.001 0.001 0.001
0.005 0.001 0.001 0.001 0.001 0.001 0.001 0.001 0.001 0.001 0.001 0.001 0.001 0.001 0.001 0.001 0.001 0.000 0.000 0.000 0.000 0.000 0.000 0.000 0.040 0.071 0.102 0.133 0.000 0.000 0.000 0.000 0.093 0.071 0.017 0.001 0.001 0.001 0.001 0.001 0.001 0.003 0.005 0.000 0.000 0.001 0.001 0.001 0.001 0.001 0.001 0.001 0.001 0.001 0.001 0.001 0.001 0.002 0.001 0.001 0.001 0.001 0.001 0.001 0.001 0.001 0.002 0.009 0.022 0.001 0.001 0.001 0.001 0.001 0.001 0.001 0.001
0.006 0.008 0.001 0.001 0.001 0.001 0.001 0.001 0.001 0.001 0.001 0.001 0.001 0.001 0.001 0.001 0.001 0.000 0.000 0.000 0.000 0.000 0.000 0.000 0.000 0.094 0.125 0.156 0.186 0.000 0.000 0.000 0.156 0.115 0.047 0.001 0.000 0.033 0.001 0.001 0.001 0.001 0.003 0.004 0.005 0.000 0.000 0.001 0.001 0.001 0.001 0.001 0.001 0.001 0.001 0.001 0.001 0.002 0.000 0.000 0.000 0.001 0.001 0.001 0.001 0.001 0.001 0.002 0.014 0.040 0.069 0.052 0.028 0.001 0.001 0.001 0.001
0.030 0.044 0.033 0.004 0.001 0.001 0.001 0.001 0.001 0.001 0.001 0.001 0.001 0.001 0.001 0.001 0.001 0.000 0.000 0.000 0.000 0.000 0.000 0.000 0.000 0.000 0.000 0.180 0.211 0.239 0.266 0.241 0.212 0.144 0.077 0.000 0.000 0.000 0.033 0.001 0.001 0.001 0.001 0.002 0.003 0.004 0.005 0.000 0.001 0.001 0.001 0.001 0.001 0.001 0.001 0.001 0.002 0.000 0.000 0.000 0.000 0.000 0.001 0.001 0.001 0.001 0.001 0.001 0.006 0.040 0.075 0.029 0.001 0.001 0.001 0.001 0.001
0.054 0.067 0.080 0.057 0.028 0.001 0.001 0.001 0.001 0.001 0.001 0.001 0.001 0.001 0.001 0.001 0.001 0.001 0.001 0.000 0.000 0.000 0.000 0.000 0.000 0.000 0.000 0.000 0.233 0.262 0.293 0.303 0.243 0.176 0.108 0.000 0.000 0.000 0.000 0.033 0.001 0.001 0.001 0.001 0.001 0.002 0.003 0.002 0.001 0.001 0.001 0.001 0.001 0.001 0.001 0.001 0.001 0.000 0.000 0.000 0.000 0.000 0.001 0.001 0.001 0.001 0.001 0.001 0.015 0.051 0.074 0.015 0.001 0.001 0.001 0.001 0.001
0.079 0.092 0.105 0.111 0.082 0.053 0.025 0.001 0.001 0.001 0.001 0.001 0.001 0.001 0.000 0.001 0.001 0.001 0.001 0.001 0.000 0.000 0.000 0.000 0.000 0.000 0.000 0.000 0.000 0.268 0.303 0.317 0.270 0.201 0.000 0.000 0.000 0.000 0.000 0.057 0.001 0.001 0.001 0.001 0.001 0.001 0.001 0.001 0.001 0.001 0.001 0.001 0.001 0.001 0.001 0.001 0.000 0.000 0.000 0.000 0.000 0.000 0.001 0.001 0.001 0.001 0.001 0.001 0.027 0.062 0.055 0.001 0.001 0.001 0.001 0.001 0.001
0.103 0.117 0.130 0.143 0.136 0.107 0.077 0.049 0.020 0.001 0.001 0.001 0.001 0.000 0.000 0.000 0.000 0.001 0.001 0.001 0.001 0.000 0.000 0.000 0.000 0.000 0.000 0.000 0.235 0.271 0.297 0.300 0.294 0.000 0.000 0.000 0.000 0.000 0.148 0.081 0.012 0.001 0.001 0.001 0.001 0.001 0.001 0.001 0.001 0.001 0.001 0.001 0.001 0.001 0.001 0.001 0.000 0.000 0.000 0.000 0.000 0.000 0.001 0.001 0.001 0.001 0.001 0.003 0.039 0.074 0.035 0.001 0.001 0.001 0.001 0.001 0.001
0.127 0.140 0.154 0.167 0.180 0.161 0.131 0.102 0.074 0.045 0.001 0.001 0.000 0.000 0.000 0.000 0.000 0.000 0.000 0.001 0.001 0.001 0.033 0.000 0.000 0.000 0.000 0.000 0.238 0.271 0.278 0.279 0.282 0.000 0.000 0.000 0.000 0.000 0.000 0.104 0.037 0.001 0.001 0.001 0.001 0.001 0.001 0.001 0.001 0.001 0.001 0.001 0.001 0.001 0.001 0.001 0.000 0.000 0.000 0.000 0.000 0.000 0.001 0.001 0.001 0.001 0.001 0.013 0.050 0.074 0.016 0.001 0.001 0.001 0.001 0.001 0.001
0.152 0.165 0.178 0.192 0.204 0.214 0.185 0.156 0.127 0.095 0.040 0.001 0.000 0.000 0.000 0.000 0.000 0.000 0.000 0.001 0.001 0.002 0.036 0.069 0.000 0.000 0.000 0.208 0.240 0.257 0.257 0.260 0.000 0.000 0.000 0.000 0.000 0.000 0.000 0.000 0.000 0.022 0.008 0.001 0.001 0.001 0.001 0.001 0.001 0.001 0.001 0.001 0.001 0.001 0.001 0.001 0.000 0.000 0.000 0.000 0.000 0.000 0.001 0.001 0.001 0.001 0.001 0.025 0.060 0.054 0.001 0.001 0.001 0.001 0.001 0.001 0.001
0.180 0.192 0.203 0.215 0.228 0.242 0.239 0.210 0.181 0.138 0.082 0.000 0.000 0.000 0.000 0.000 0.000 0.000 0.000 0.000 0.000 0.000 0.038 0.071 0.105 0.140 0.173 0.208 0.236 0.237 0.239 0.000 0.000 0.000 0.000 0.000 0.000 0.000 0.000 0.000 0.000 0.041 0.027 0.013 0.001 0.001 0.001 0.001 0.001 0.001 0.001 0.001 0.001 0.001 0.001 0.014 0.000 0.000 0.000 0.000 0.000 0.000 0.001 0.001 0.001 0.001 0.001 0.035 0.072 0.034 0.001 0.001 0.001 0.001 0.001 0.001 0.001
0.211 0.221 0.232 0.242 0.253 0.265 0.279 0.265 0.234 0.181 0.000 0.000 0.000 0.000 0.000 0.000 0.000 0.000 0.000 0.000 0.000 0.000 0.039 0.073 0.108 0.142 0.176 0.210 0.216 0.217 0.220 0.000 0.000 0.000 0.000 0.000 0.000 0.000 0.000 0.000 0.000 0.060 0.000 0.032 0.018 0.005 0.001 0.001 0.001 0.001 0.001 0.001 0.001 0.001 0.001 0.025 0.000 0.000 0.000 0.000 0.000 0.001 0.001 0.001 0.001 0.001 0.009 0.046 0.072 0.014 0.001 0.001 0.001 0.001 0.001 0.001 0.001
0.240 0.251 0.261 0.272 0.282 0.293 0.304 0.316 0.279 0.224 0.168 0.113 0.000 0.000 0.000 0.000 0.000 0.000 0.000 0.000 0.000 0.000 0.000 0.000 0.110 0.143 0.178 0.195 0.197 0.199 0.000 0.000 0.000 0.000 0.206 0.000 0.000 0.000 0.000 0.000 0.000 0.000 0.000 0.000 0.000 0.024 0.010 0.001 0.001 0.001 0.001 0.001 0.001 0.001 0.002 0.036 0.000 0.000 0.000 0.000 0.000 0.001 0.001 0.001 0.001 0.001 0.020 0.057 0.052 0.001 0.001 0.001 0.001 0.001 0.001 0.001 0.000
0.270 0.280 0.291 0.301 0.312 0.323 0.334 0.343 0.319 0.266 0.211 0.156 0.102 0.000 0.000 0.000 0.000 0.000 0.000 0.000 0.000 0.000 0.000 0.000 0.000 0.144 0.174 0.176 0.176 0.000 0.000 0.000 0.000 0.183 0.186 0.188 0.164 0.000 0.000 0.000 0.000 0.000 0.000 0.000 0.000 0.000 0.030 0.016 0.001 0.001 0.001 0.001 0.013 0.000 0.000 0.048 0.000 0.000 0.000 0.000 0.000 0.001 0.001 0.001 0.001 0.001 0.032 0.068 0.032 0.001 0.001 0.001 0.001 0.001 0.000 0.000 0.000
0.000 0.309 0.320 0.331 0.342 0.352 0.363 0.349 0.322 0.294 0.254 0.198 0.143 0.090 0.033 0.000 0.000 0.000 0.000 0.000 0.000 0.000 0.000 0.000 0.000 0.146 0.155 0.155 0.156 0.000 0.000 0.000 0.000 0.164 0.167 0.169 0.169 0.120 0.000 0.000 0.000 0.000 0.000 0.000 0.000 0.000 0.000 0.000 0.001 0.001 0.001 0.001 0.000 0.000 0.000 0.000 0.000 0.000 0.000 0.000 0.000 0.001 0.001 0.001 0.001 0.006 0.043 0.071 0.013 0.001 0.001 0.001 0.001 0.000 0.000 0.000 0.000
0.000 0.000 0.350 0.360 0.371 0.382 0.373 0.352 0.325 0.297 0.270 0.241 0.185 0.131 0.076 0.022 0.000 0.000 0.000 0.000 0.000 0.000 0.000 0.000 0.115 0.133 0.134 0.136 0.000 0.000 0.000 0.000 0.144 0.144 0.146 0.148 0.150 0.144 0.075 0.008 0.000 0.000 0.000 0.000 0.000 0.000 0.000 0.000 0.000 0.001 0.001 0.001 0.000 0.000 0.000 0.000 0.000 0.000 0.000 0.000 0.001 0.001 0.001 0.001 0.001 0.017 0.054 0.051 0.001 0.001 0.001 0.001 0.000 0.000 0.000 0.000 0.000
0.000 0.000 0.000 0.389 0.400 0.393 0.383 0.356 0.328 0.301 0.272 0.245 0.217 0.173 0.119 0.063 0.008 0.000 0.000 0.000 0.000 0.000 0.000 0.082 0.112 0.113 0.115 0.000 0.000 0.000 0.000 0.123 0.125 0.126 0.128 0.130 0.130 0.132 0.099 0.032 0.001 0.000 0.000 0.000 0.000 0.000 0.000 0.000 0.000 0.001 0.001 0.001 0.000 0.000 0.000 0.000 0.000 0.000 0.000 0.000 0.001 0.001 0.001 0.001 0.001 0.028 0.065 0.031 0.001 0.001 0.001 0.001 0.000 0.000 0.000 0.000 0.000
0.000 0.000 0.000 0.000 0.413 0.403 0.386 0.359 0.331 0.303 0.276 0.248 0.220 0.191 0.161 0.107 0.051 0.001 0.001 0.000 0.000 0.000 0.000 0.084 0.092 0.093 0.000 0.000 0.000 0.000 0.000 0.103 0.104 0.106 0.107 0.109 0.110 0.112 0.114 0.055 0.001 0.001 0.000 0.000 0.000 0.000 0.000 0.000 0.001 0.001 0.001 0.001 0.000 0.000 0.000 0.000 0.000 0.000 0.000 0.000 0.001 0.001 0.001 0.001 0.003 0.039 0.069 0.012 0.001 0.001 0.001 0.001 0.000 0.000 0.000 0.000 0.000
0.000 0.000 0.000 0.000 0.000 0.413 0.389 0.361 0.333 0.306 0.279 0.251 0.223 0.195 0.168 0.140 0.094 0.039 0.001 0.001 0.000 0.000 0.052 0.070 0.072 0.073 0.000 0.000 0.000 0.000 0.000 0.083 0.085 0.087 0.089 0.089 0.091 0.093 0.093 0.079 0.011 0.001 0.001 0.001 0.000 0.000 0.000 0.001 0.001 0.001 0.001 0.001 0.001 0.000 0.000 0.000 0.000 0.000 0.000 0.000 0.001 0.001 0.001 0.001 0.011 0.049 0.048 0.001 0.001 0.001 0.001 0.000 0.000 0.000 0.000 0.000 0.000
0.000 0.000 0.000 0.000 0.000 0.000 0.000 0.364 0.336 0.310 0.282 0.254 0.226 0.198 0.170 0.143 0.116 0.082 0.026 0.001 0.001 0.020 0.050 0.051 0.052 0.000 0.000 0.000 0.000 0.000 0.000 0.000 0.065 0.066 0.068 0.070 0.071 0.073 0.075 0.076 0.036 0.001 0.001 0.001 0.001 0.000 0.001 0.001 0.001 0.001 0.001 0.001 0.001 0.000 0.000 0.000 0.000 0.000 0.000 0.001 0.001 0.001 0.001 0.001 0.023 0.059 0.028 0.001 0.001 0.001 0.001 0.000 0.000 0.000 0.000 0.000 0.000
0.000 0.000 0.000 0.000 0.000 0.000 0.000 0.000 0.338 0.312 0.284 0.256 0.229 0.201 0.174 0.146 0.118 0.090 0.063 0.014 0.001 0.022 0.031 0.032 0.000 0.000 0.000 0.000 0.000 0.000 0.000 0.000 0.000 0.000 0.049 0.051 0.051 0.054 0.055 0.057 0.057 0.001 0.001 0.001 0.001 0.001 0.001 0.001 0.001 0.001 0.001 0.001 0.014 0.000 0.000 0.000 0.000 0.000 0.000 0.001 0.001 0.001 0.001 0.001 0.033 0.065 0.009 0.001 0.001 0.001 0.001 0.000 0.000 0.000 0.000 0.000 0.000
0.000 0.000 0.000 0.000 0.000 0.000 0.000 0.000 0.000 0.315 0.287 0.260 0.001 0.001 0.178 0.149 0.121 0.093 0.066 0.037 0.001 0.008 0.009 0.010 0.011 0.013 0.000 0.000 0.000 0.000 0.000 0.000 0.000 0.000 0.028 0.031 0.033 0.033 0.035 0.036 0.039 0.014 0.001 0.001 0.001 0.001 0.001 0.001 0.001 0.001 0.001 0.001 0.000 0.000 0.000 0.000 0.000 0.000 0.000 0.001 0.001 0.001 0.001 0.005 0.044 0.044 0.001 0.001 0.001 0.001 0.001 0.000 0.000 0.000 0.000 0.000 0.000
0.000 0.000 0.000 0.000 0.000 0.000 0.000 0.000 0.000 0.000 0.001 0.000 0.003 0.003 0.001 0.001 0.124 0.096 0.068 0.040 0.014 0.008 0.005 0.003 0.002 0.001 0.001 0.000 0.000 0.000 0.000 0.000 0.000 0.000 0.010 0.000 0.012 0.014 0.016 0.017 0.019 0.020 0.001 0.001 0.001 0.001 0.001 0.001 0.001 0.001 0.001 0.001 0.000 0.000 0.000 0.000 0.000 0.000 0.000 0.001 0.001 0.001 0.001 0.015 0.054 0.024 0.001 0.001 0.001 0.001 0.000 0.000 0.000 0.000 0.000 0.000 0.000
0.000 0.000 0.000 0.000 0.000 0.000 0.000 0.000 0.000 0.002 0.003 0.004 0.005 0.005 0.005 0.004 0.000 0.098 0.071 0.040 0.023 0.015 0.011 0.007 0.004 0.002 0.001 0.001 0.000 0.000 0.000 0.000 0.000 0.000 0.000 0.000 0.000 0.000 0.006 0.003 0.002 0.001 0.001 0.001 0.001 0.001 0.001 0.001 0.001 0.001 0.014 0.027 0.000 0.000 0.000 0.000 0.000 0.000 0.001 0.001 0.001 0.001 0.001 0.026 0.062 0.005 0.001 0.001 0.001 0.001 0.000 0.000 0.000 0.000 0.000 0.000 0.000
0.000 0.000 0.000 0.000 0.000 0.000 0.000 0.000 0.002 0.003 0.004 0.005 0.006 0.006 0.006 0.006 0.005 0.001 0.001 0.049 0.036 0.028 0.021 0.018 0.011 0.006 0.003 0.001 0.001 0.001 0.000 0.000 0.000 0.000 0.000 0.000 0.000 0.000 0.000 0.009 0.007 0.002 0.001 0.001 0.001 0.001 0.001 0.001 0.001 0.012 0.000 0.000 0.000 0.000 0.000 0.000 0.000 0.000 0.001 0.001 0.001 0.003 0.016 0.036 0.041 0.001 0.001 0.001 0.001 0.001 0.000 0.000 0.000 0.000 0.000 0.000 0.000
0.000 0.000 0.000 0.000 0.000 0.000 0.000 0.002 0.003 0.004 0.005 0.006 0.006 0.007 0.007 0.007 0.007 0.006 0.005 0.000 0.051 0.046 0.036 0.027 0.019 0.013 0.008 0.004 0.001 0.001 0.001 0.000 0.000 0.000 0.000 0.000 0.000 0.000 0.000 0.000 0.000 0.002 0.001 0.001 0.001 0.001 0.001 0.001 0.001 0.000 0.000 0.000 0.000 0.000 0.000 0.000 0.000 0.000 0.015 0.027 0.037 0.045 0.055 0.060 0.022 0.001 0.001 0.001 0.001 0.001 0.000 0.000 0.000 0.000 0.000 0.000 0.000
