数据/2hours/0.1-2h-150y/coupled-175-0001.wd
ncols         694
nrows         824
xllcorner     581104.939801
yllcorner     3495917.092414
cellsize      2.000000
NODATA_value  -9999.000000
[rows 442 to 475 of 824, columns 462 to 538 of 694]
0.000 0.137 0.133 0.129 0.125 0.120 0.116 0.111 0.107 0.102 0.099 0.091 0.083 0.073 0.064 0.054 0.046 0.037 0.028 0.019 0.010 0.001 0.000 0.000 0.000 0.000 0.000 0.000 0.000 0.000 0.000 0.000 0.000 0.000 0.000 0.000 0.000 0.000 0.000 0.000 0.000 0.000 0.000 0.000 0.000 0.000 0.000 0.001 0.001 0.001 0.002 0.005 0.009 0.016 0.000 0.000 0.000 0.000 0.000 0.000 0.000 0.000 0.000 0.000 0.001 0.001 0.001 0.000 0.000 0.000 0.000 0.000 0.000 0.000 0.000 0.000 0.000
0.000 0.000 0.000 0.000 0.132 0.128 0.122 0.118 0.114 0.110 0.101 0.092 0.083 0.074 0.065 0.055 0.048 0.038 0.029 0.021 0.012 0.003 0.000 0.000 0.000 0.000 0.000 0.000 0.000 0.000 0.000 0.000 0.000 0.000 0.000 0.000 0.000 0.000 0.000 0.000 0.000 0.000 0.000 0.000 0.000 0.000 0.000 0.001 0.001 0.001 0.002 0.005 0.009 0.016 0.000 0.000 0.000 0.000 0.000 0.000 0.000 0.000 0.000 0.000 0.001 0.001 0.001 0.018 0.000 0.000 0.000 0.000 0.000 0.000 0.000 0.000 0.000
0.000 0.000 0.000 0.000 0.000 0.000 0.000 0.127 0.119 0.111 0.102 0.093 0.085 0.075 0.066 0.058 0.048 0.039 0.031 0.022 0.014 0.004 0.000 0.000 0.000 0.000 0.000 0.000 0.000 0.000 0.000 0.000 0.000 0.000 0.000 0.000 0.000 0.000 0.000 0.000 0.000 0.000 0.000 0.000 0.000 0.000 0.000 0.001 0.001 0.001 0.002 0.006 0.009 0.014 0.000 0.000 0.000 0.000 0.000 0.000 0.000 0.000 0.000 0.001 0.001 0.001 0.001 0.000 0.000 0.000 0.000 0.000 0.000 0.000 0.000 0.000 0.000
0.166 0.000 0.000 0.000 0.000 0.000 0.000 0.000 0.000 0.113 0.103 0.094 0.085 0.077 0.067 0.058 0.049 0.041 0.032 0.024 0.015 0.006 0.000 0.000 0.000 0.000 0.000 0.000 0.000 0.000 0.000 0.000 0.000 0.000 0.000 0.000 0.000 0.000 0.000 0.000 0.000 0.000 0.000 0.000 0.000 0.000 0.001 0.001 0.001 0.001 0.002 0.006 0.009 0.012 0.000 0.000 0.000 0.000 0.000 0.000 0.000 0.000 0.000 0.001 0.001 0.001 0.001 0.000 0.000 0.000 0.000 0.000 0.000 0.000 0.000 0.000 0.000
0.173 0.169 0.164 0.160 0.000 0.000 0.000 0.000 0.000 0.113 0.104 0.095 0.086 0.077 0.068 0.059 0.050 0.042 0.033 0.025 0.016 0.007 0.000 0.000 0.000 0.000 0.000 0.000 0.000 0.000 0.000 0.000 0.000 0.000 0.000 0.000 0.000 0.000 0.000 0.000 0.000 0.000 0.000 0.000 0.000 0.000 0.001 0.001 0.001 0.001 0.004 0.008 0.013 0.013 0.000 0.000 0.000 0.000 0.000 0.000 0.000 0.000 0.000 0.001 0.001 0.001 0.000 0.000 0.000 0.000 0.000 0.000 0.000 0.000 0.000 0.000 0.000
0.181 0.176 0.173 0.167 0.160 0.151 0.142 0.000 0.123 0.114 0.106 0.096 0.087 0.078 0.069 0.060 0.051 0.042 0.034 0.026 0.018 0.008 0.000 0.000 0.000 0.000 0.000 0.000 0.000 0.000 0.000 0.000 0.000 0.000 0.000 0.000 0.000 0.000 0.000 0.000 0.000 0.000 0.000 0.000 0.000 0.000 0.001 0.001 0.001 0.002 0.006 0.012 0.020 0.019 0.000 0.000 0.000 0.000 0.000 0.000 0.000 0.000 0.000 0.001 0.001 0.001 0.000 0.000 0.000 0.000 0.000 0.000 0.000 0.000 0.000 0.000 0.000
0.188 0.183 0.179 0.170 0.162 0.153 0.143 0.134 0.125 0.115 0.107 0.097 0.087 0.079 0.070 0.062 0.051 0.044 0.035 0.000 0.000 0.000 0.000 0.000 0.000 0.000 0.000 0.000 0.000 0.000 0.000 0.000 0.000 0.000 0.000 0.000 0.000 0.000 0.000 0.000 0.000 0.000 0.000 0.000 0.000 0.001 0.001 0.001 0.001 0.003 0.008 0.014 0.025 0.000 0.000 0.000 0.000 0.000 0.000 0.000 0.000 0.000 0.001 0.001 0.001 0.001 0.000 0.000 0.000 0.000 0.000 0.000 0.000 0.000 0.000 0.000 0.000
0.194 0.189 0.180 0.173 0.163 0.154 0.145 0.136 0.126 0.117 0.106 0.098 0.088 0.080 0.071 0.063 0.054 0.045 0.036 0.000 0.000 0.000 0.000 0.000 0.000 0.000 0.000 0.000 0.000 0.000 0.000 0.000 0.000 0.000 0.000 0.000 0.000 0.000 0.000 0.000 0.000 0.000 0.000 0.000 0.000 0.001 0.001 0.001 0.002 0.004 0.010 0.017 0.026 0.000 0.000 0.000 0.000 0.000 0.000 0.000 0.000 0.000 0.001 0.001 0.001 0.001 0.000 0.000 0.000 0.000 0.000 0.000 0.000 0.000 0.000 0.000 0.000
0.000 0.000 0.182 0.173 0.165 0.156 0.147 0.136 0.128 0.118 0.109 0.100 0.090 0.081 0.073 0.064 0.055 0.047 0.037 0.027 0.016 0.006 0.000 0.000 0.000 0.000 0.000 0.000 0.000 0.000 0.000 0.000 0.000 0.000 0.000 0.000 0.000 0.000 0.000 0.000 0.000 0.000 0.000 0.000 0.001 0.001 0.001 0.001 0.003 0.006 0.012 0.020 0.026 0.000 0.000 0.000 0.000 0.000 0.000 0.000 0.000 0.001 0.001 0.001 0.001 0.001 0.001 0.005 0.000 0.000 0.000 0.000 0.000 0.000 0.092 0.107 0.120
0.000 0.000 0.000 0.000 0.000 0.000 0.148 0.138 0.128 0.119 0.110 0.101 0.091 0.082 0.075 0.066 0.057 0.048 0.038 0.028 0.017 0.007 0.000 0.000 0.000 0.000 0.000 0.000 0.000 0.000 0.000 0.000 0.000 0.000 0.000 0.000 0.000 0.000 0.000 0.000 0.000 0.000 0.000 0.000 0.001 0.001 0.002 0.002 0.003 0.007 0.014 0.025 0.000 0.000 0.000 0.000 0.000 0.000 0.000 0.000 0.000 0.001 0.001 0.001 0.001 0.002 0.000 0.002 0.008 0.022 0.036 0.000 0.000 0.076 0.090 0.104 0.118
0.000 0.000 0.000 0.000 0.000 0.000 0.000 0.000 0.000 0.120 0.111 0.102 0.093 0.084 0.076 0.068 0.058 0.049 0.039 0.029 0.018 0.008 0.000 0.000 0.000 0.000 0.000 0.000 0.000 0.000 0.000 0.000 0.000 0.000 0.000 0.000 0.000 0.000 0.000 0.000 0.000 0.000 0.000 0.001 0.001 0.002 0.002 0.003 0.005 0.008 0.015 0.027 0.000 0.000 0.000 0.000 0.000 0.000 0.000 0.000 0.001 0.001 0.001 0.001 0.001 0.002 0.000 0.000 0.000 0.019 0.032 0.045 0.059 0.074 0.087 0.101 0.000
0.000 0.000 0.000 0.000 0.000 0.000 0.000 0.000 0.000 0.000 0.000 0.000 0.000 0.087 0.077 0.069 0.060 0.051 0.041 0.029 0.017 0.006 0.000 0.000 0.000 0.000 0.000 0.000 0.000 0.000 0.000 0.000 0.000 0.000 0.000 0.000 0.000 0.000 0.000 0.000 0.000 0.000 0.000 0.001 0.002 0.003 0.003 0.004 0.006 0.010 0.017 0.027 0.000 0.000 0.000 0.000 0.000 0.000 0.000 0.000 0.001 0.001 0.001 0.001 0.001 0.000 0.000 0.000 0.003 0.016 0.000 0.000 0.057 0.071 0.085 0.098 0.112
0.000 0.000 0.000 0.000 0.000 0.000 0.000 0.000 0.000 0.000 0.000 0.000 0.000 0.000 0.000 0.000 0.061 0.052 0.047 0.041 0.028 0.019 0.013 0.009 0.005 0.004 0.003 0.002 0.002 0.002 0.002 0.002 0.002 0.002 0.002 0.002 0.002 0.002 0.002 0.002 0.002 0.001 0.002 0.004 0.004 0.004 0.005 0.005 0.007 0.012 0.019 0.026 0.000 0.000 0.000 0.000 0.000 0.000 0.000 0.000 0.001 0.001 0.001 0.001 0.000 0.000 0.000 0.000 0.000 0.000 0.000 0.000 0.054 0.067 0.082 0.096 0.110
0.000 0.000 0.000 0.000 0.000 0.000 0.000 0.000 0.000 0.000 0.000 0.000 0.000 0.000 0.000 0.000 0.000 0.000 0.000 0.000 0.051 0.048 0.043 0.035 0.020 0.013 0.011 0.009 0.009 0.008 0.007 0.006 0.005 0.004 0.004 0.004 0.004 0.003 0.003 0.003 0.003 0.003 0.003 0.005 0.005 0.005 0.006 0.006 0.008 0.013 0.023 0.000 0.000 0.000 0.000 0.000 0.000 0.000 0.000 0.001 0.001 0.001 0.001 0.001 0.000 0.000 0.000 0.000 0.000 0.000 0.000 0.000 0.051 0.065 0.000 0.000 0.000
0.000 0.000 0.000 0.000 0.000 0.000 0.000 0.000 0.000 0.000 0.000 0.000 0.000 0.000 0.000 0.000 0.000 0.000 0.000 0.000 0.000 0.000 0.000 0.000 0.029 0.025 0.025 0.018 0.012 0.011 0.009 0.007 0.006 0.006 0.005 0.005 0.005 0.005 0.005 0.004 0.004 0.004 0.007 0.006 0.006 0.006 0.006 0.007 0.009 0.014 0.024 0.000 0.000 0.000 0.000 0.000 0.000 0.000 0.000 0.001 0.001 0.001 0.001 0.000 0.000 0.000 0.000 0.000 0.000 0.000 0.000 0.000 0.000 0.000 0.000 0.000 0.104
0.000 0.000 0.000 0.000 0.000 0.000 0.000 0.000 0.000 0.000 0.000 0.000 0.000 0.000 0.000 0.000 0.000 0.000 0.000 0.000 0.000 0.000 0.000 0.000 0.000 0.000 0.000 0.014 0.012 0.008 0.007 0.006 0.006 0.006 0.005 0.005 0.005 0.005 0.005 0.005 0.005 0.005 0.007 0.007 0.007 0.007 0.007 0.007 0.010 0.016 0.023 0.000 0.000 0.000 0.000 0.000 0.000 0.000 0.001 0.001 0.001 0.001 0.001 0.015 0.000 0.000 0.000 0.000 0.000 0.000 0.000 0.000 0.000 0.000 0.000 0.000 0.000
0.000 0.000 0.000 0.000 0.000 0.000 0.000 0.000 0.000 0.000 0.000 0.000 0.000 0.000 0.000 0.000 0.000 0.000 0.000 0.000 0.000 0.000 0.000 0.000 0.000 0.000 0.000 0.012 0.011 0.007 0.005 0.005 0.005 0.005 0.005 0.005 0.005 0.005 0.005 0.005 0.005 0.007 0.007 0.007 0.007 0.007 0.007 0.007 0.011 0.019 0.000 0.000 0.000 0.000 0.000 0.000 0.000 0.001 0.001 0.001 0.001 0.001 0.001 0.000 0.000 0.001 0.004 0.000 0.000 0.000 0.000 0.000 0.000 0.000 0.000 0.000 0.097
0.001 0.001 0.000 0.000 0.000 0.000 0.000 0.000 0.000 0.000 0.000 0.000 0.000 0.000 0.000 0.000 0.000 0.000 0.000 0.000 0.000 0.000 0.000 0.000 0.000 0.000 0.000 0.009 0.008 0.007 0.005 0.004 0.004 0.004 0.004 0.004 0.005 0.005 0.005 0.005 0.005 0.007 0.007 0.007 0.007 0.007 0.007 0.007 0.010 0.019 0.000 0.000 0.000 0.000 0.000 0.000 0.000 0.001 0.001 0.001 0.001 0.001 0.000 0.000 0.000 0.000 0.001 0.005 0.000 0.000 0.000 0.000 0.000 0.000 0.000 0.000 0.093
0.001 0.001 0.001 0.001 0.001 0.001 0.000 0.000 0.000 0.000 0.000 0.000 0.000 0.000 0.000 0.000 0.000 0.000 0.000 0.000 0.000 0.000 0.000 0.000 0.000 0.000 0.000 0.006 0.007 0.006 0.005 0.004 0.003 0.003 0.003 0.004 0.004 0.004 0.004 0.004 0.005 0.006 0.006 0.006 0.006 0.006 0.006 0.007 0.010 0.018 0.000 0.000 0.000 0.000 0.000 0.000 0.001 0.001 0.001 0.001 0.001 0.001 0.001 0.005 0.000 0.000 0.001 0.002 0.002 0.003 0.008 0.020 0.000 0.000 0.000 0.075 0.090
0.001 0.001 0.001 0.001 0.001 0.001 0.001 0.001 0.001 0.000 0.000 0.000 0.000 0.000 0.000 0.000 0.000 0.000 0.000 0.000 0.000 0.000 0.000 0.000 0.000 0.000 0.000 0.005 0.006 0.006 0.005 0.004 0.004 0.003 0.003 0.003 0.003 0.003 0.004 0.004 0.006 0.006 0.006 0.006 0.006 0.005 0.005 0.006 0.011 0.017 0.000 0.000 0.000 0.000 0.000 0.000 0.001 0.001 0.001 0.001 0.001 0.001 0.001 0.002 0.002 0.002 0.002 0.002 0.002 0.002 0.006 0.017 0.030 0.000 0.000 0.073 0.087
0.003 0.002 0.001 0.001 0.001 0.001 0.001 0.001 0.001 0.001 0.001 0.001 0.000 0.000 0.000 0.000 0.000 0.000 0.000 0.000 0.000 0.000 0.000 0.000 0.000 0.000 0.000 0.004 0.005 0.005 0.005 0.005 0.004 0.003 0.003 0.002 0.003 0.003 0.003 0.003 0.004 0.005 0.005 0.005 0.004 0.004 0.004 0.005 0.010 0.000 0.000 0.000 0.000 0.000 0.000 0.000 0.001 0.001 0.001 0.001 0.001 0.001 0.002 0.002 0.002 0.002 0.002 0.002 0.002 0.002 0.004 0.014 0.028 0.042 0.055 0.070 0.085
0.018 0.012 0.008 0.006 0.003 0.002 0.001 0.000 0.001 0.001 0.001 0.001 0.001 0.001 0.001 0.000 0.000 0.000 0.000 0.000 0.000 0.000 0.000 0.000 0.000 0.000 0.000 0.003 0.004 0.005 0.005 0.005 0.004 0.004 0.003 0.002 0.002 0.002 0.002 0.004 0.004 0.004 0.004 0.004 0.004 0.003 0.003 0.003 0.009 0.000 0.000 0.000 0.000 0.000 0.000 0.001 0.001 0.001 0.001 0.001 0.001 0.001 0.003 0.000 0.000 0.000 0.000 0.001 0.001 0.001 0.001 0.011 0.025 0.039 0.053 0.067 0.000
0.026 0.028 0.030 0.023 0.017 0.012 0.008 0.005 0.003 0.001 0.001 0.001 0.001 0.001 0.001 0.001 0.001 0.001 0.001 0.000 0.000 0.000 0.000 0.000 0.000 0.000 0.000 0.003 0.004 0.005 0.005 0.005 0.005 0.004 0.004 0.003 0.002 0.002 0.002 0.003 0.003 0.003 0.003 0.003 0.003 0.002 0.002 0.003 0.007 0.000 0.000 0.000 0.000 0.000 0.000 0.001 0.001 0.001 0.001 0.001 0.001 0.002 0.003 0.000 0.000 0.000 0.000 0.001 0.000 0.001 0.001 0.009 0.022 0.036 0.050 0.064 0.000
0.019 0.020 0.022 0.026 0.029 0.031 0.029 0.022 0.016 0.011 0.007 0.005 0.002 0.001 0.001 0.001 0.001 0.001 0.001 0.001 0.001 0.001 0.000 0.000 0.000 0.000 0.000 0.002 0.004 0.004 0.005 0.005 0.005 0.004 0.004 0.003 0.002 0.002 0.002 0.002 0.002 0.002 0.002 0.002 0.002 0.002 0.002 0.003 0.000 0.000 0.000 0.000 0.000 0.000 0.000 0.001 0.001 0.001 0.001 0.001 0.001 0.003 0.000 0.000 0.000 0.000 0.000 0.000 0.000 0.001 0.000 0.000 0.020 0.033 0.047 0.000 0.000
0.011 0.013 0.016 0.019 0.021 0.023 0.025 0.027 0.030 0.032 0.028 0.020 0.015 0.010 0.007 0.004 0.002 0.001 0.001 0.001 0.001 0.001 0.001 0.001 0.001 0.000 0.000 0.002 0.003 0.004 0.005 0.005 0.005 0.004 0.004 0.003 0.003 0.003 0.002 0.001 0.001 0.001 0.001 0.001 0.001 0.001 0.001 0.001 0.000 0.000 0.000 0.000 0.000 0.000 0.001 0.001 0.001 0.001 0.001 0.001 0.001 0.002 0.000 0.000 0.000 0.000 0.000 0.000 0.000 0.000 0.000 0.000 0.000 0.029 0.042 0.000 0.000
0.005 0.007 0.008 0.010 0.012 0.014 0.017 0.020 0.022 0.024 0.026 0.029 0.031 0.033 0.026 0.019 0.014 0.009 0.006 0.004 0.002 0.001 0.001 0.001 0.001 0.001 0.001 0.002 0.003 0.004 0.004 0.005 0.005 0.004 0.004 0.004 0.004 0.003 0.003 0.003 0.001 0.001 0.001 0.001 0.001 0.001 0.001 0.001 0.000 0.000 0.000 0.000 0.000 0.000 0.001 0.001 0.001 0.001 0.001 0.001 0.001 0.002 0.000 0.000 0.000 0.000 0.000 0.000 0.000 0.000 0.000 0.000 0.000 0.025 0.036 0.046 0.000
0.003 0.003 0.003 0.004 0.005 0.007 0.009 0.012 0.013 0.015 0.018 0.021 0.023 0.025 0.028 0.030 0.032 0.033 0.025 0.018 0.013 0.008 0.006 0.003 0.001 0.001 0.001 0.002 0.003 0.003 0.004 0.004 0.005 0.005 0.005 0.004 0.004 0.004 0.003 0.003 0.002 0.001 0.001 0.001 0.001 0.000 0.001 0.000 0.000 0.000 0.000 0.000 0.000 0.000 0.001 0.001 0.001 0.001 0.001 0.002 0.000 0.000 0.000 0.000 0.000 0.000 0.000 0.000 0.000 0.000 0.000 0.000 0.000 0.021 0.032 0.039 0.039
0.002 0.002 0.002 0.002 0.002 0.002 0.003 0.004 0.006 0.008 0.011 0.013 0.015 0.017 0.019 0.022 0.024 0.027 0.029 0.031 0.033 0.031 0.023 0.017 0.011 0.007 0.005 0.002 0.003 0.003 0.004 0.005 0.005 0.005 0.005 0.005 0.004 0.004 0.003 0.003 0.003 0.001 0.001 0.001 0.001 0.001 0.001 0.000 0.000 0.000 0.000 0.000 0.000 0.000 0.001 0.001 0.001 0.001 0.001 0.001 0.000 0.010 0.000 0.000 0.000 0.000 0.000 0.000 0.000 0.000 0.000 0.000 0.013 0.021 0.032 0.000 0.000
0.001 0.001 0.001 0.001 0.001 0.001 0.001 0.001 0.001 0.002 0.003 0.005 0.007 0.009 0.012 0.014 0.016 0.018 0.021 0.023 0.025 0.028 0.030 0.031 0.033 0.026 0.018 0.010 0.006 0.006 0.006 0.005 0.005 0.005 0.005 0.005 0.004 0.004 0.004 0.004 0.004 0.003 0.001 0.001 0.001 0.001 0.001 0.000 0.000 0.000 0.000 0.000 0.000 0.001 0.001 0.001 0.001 0.001 0.001 0.000 0.000 0.007 0.020 0.034 0.000 0.000 0.000 0.000 0.000 0.000 0.000 0.000 0.014 0.023 0.031 0.000 0.000
0.001 0.001 0.001 0.001 0.001 0.001 0.001 0.001 0.001 0.001 0.001 0.001 0.001 0.002 0.004 0.006 0.008 0.010 0.013 0.015 0.017 0.019 0.022 0.023 0.024 0.024 0.021 0.015 0.012 0.009 0.007 0.006 0.005 0.005 0.005 0.000 0.003 0.004 0.004 0.004 0.006 0.009 0.009 0.009 0.009 0.008 0.000 0.000 0.000 0.000 0.000 0.000 0.000 0.001 0.001 0.001 0.001 0.001 0.001 0.006 0.000 0.005 0.018 0.000 0.000 0.012 0.000 0.000 0.000 0.000 0.000 0.004 0.016 0.027 0.000 0.000 0.000
0.001 0.001 0.001 0.001 0.001 0.001 0.001 0.001 0.001 0.001 0.001 0.001 0.001 0.001 0.001 0.001 0.002 0.003 0.005 0.007 0.009 0.012 0.013 0.014 0.013 0.011 0.013 0.015 0.013 0.009 0.008 0.007 0.006 0.005 0.005 0.003 0.004 0.004 0.005 0.007 0.016 0.030 0.031 0.029 0.028 0.029 0.000 0.000 0.000 0.000 0.000 0.000 0.000 0.001 0.001 0.001 0.001 0.001 0.001 0.002 0.003 0.004 0.014 0.000 0.005 0.008 0.014 0.025 0.038 0.000 0.000 0.000 0.018 0.029 0.000 0.000 0.000
0.001 0.001 0.001 0.001 0.001 0.001 0.001 0.001 0.001 0.001 0.001 0.001 0.001 0.001 0.001 0.001 0.001 0.001 0.001 0.001 0.003 0.003 0.004 0.005 0.008 0.010 0.013 0.017 0.014 0.009 0.008 0.007 0.006 0.006 0.005 0.005 0.005 0.007 0.023 0.039 0.048 0.059 0.066 0.068 0.058 0.050 0.040 0.036 0.032 0.000 0.000 0.000 0.000 0.001 0.001 0.001 0.001 0.001 0.002 0.002 0.003 0.004 0.008 0.008 0.007 0.008 0.012 0.022 0.035 0.000 0.000 0.000 0.021 0.029 0.045 0.000 0.000
0.001 0.001 0.001 0.001 0.001 0.001 0.001 0.001 0.001 0.001 0.001 0.001 0.001 0.001 0.001 0.001 0.001 0.001 0.001 0.001 0.001 0.002 0.003 0.005 0.007 0.009 0.012 0.017 0.014 0.011 0.008 0.007 0.007 0.007 0.007 0.012 0.024 0.034 0.043 0.058 0.070 0.079 0.095 0.098 0.000 0.000 0.060 0.059 0.052 0.039 0.034 0.033 0.000 0.005 0.005 0.004 0.001 0.001 0.003 0.003 0.004 0.004 0.006 0.006 0.007 0.008 0.010 0.019 0.031 0.000 0.000 0.017 0.026 0.000 0.042 0.056 0.000
0.001 0.001 0.001 0.001 0.001 0.001 0.001 0.001 0.001 0.001 0.001 0.001 0.001 0.001 0.001 0.001 0.001 0.001 0.001 0.001 0.001 0.001 0.003 0.004 0.006 0.008 0.012 0.017 0.015 0.013 0.010 0.007 0.009 0.014 0.023 0.029 0.046 0.059 0.069 0.081 0.091 0.109 0.109 0.000 0.000 0.000 0.000 0.000 0.000 0.058 0.057 0.053 0.040 0.032 0.027 0.021 0.016 0.011 0.006 0.005 0.006 0.006 0.007 0.008 0.008 0.009 0.010 0.016 0.024 0.030 0.000 0.017 0.027 0.000 0.000 0.052 0.000
