数据/2hours/0.1-2h-150y/coupled-178-0001.wd
ncols         694
nrows         824
xllcorner     581104.939801
yllcorner     3495917.092414
cellsize      2.000000
NODATA_value  -9999.000000
[rows 680 to 713 of 824, columns 154 to 230 of 694]
0.000 0.000 0.000 0.000 0.000 0.000 0.000 0.000 0.000 0.000 0.000 0.001 0.001 0.000 0.000 0.000 0.001 0.001 0.001 0.001 0.001 0.002 0.001 0.001 0.002 0.002 0.000 0.002 0.002 0.000 0.000 0.000 0.000 0.000 0.000 0.000 0.000 0.000 0.000 0.001 0.001 0.002 0.004 0.005 0.006 0.006 0.004 0.003 0.004 0.010 0.011 0.022 0.001 0.001 0.001 0.001 0.001 0.001 0.001 0.001 0.001 0.001 0.001 0.001 0.000 0.000 0.000 0.000 0.000 0.000 0.000 0.000 0.000 0.000 0.000 0.000 0.000
0.000 0.000 0.000 0.000 0.000 0.000 0.000 0.000 0.000 0.001 0.001 0.001 0.001 0.001 0.001 0.000 0.001 0.001 0.001 0.001 0.001 0.013 0.030 0.000 0.042 0.018 0.001 0.001 0.000 0.000 0.000 0.000 0.000 0.000 0.000 0.000 0.000 0.000 0.001 0.001 0.001 0.001 0.002 0.003 0.004 0.004 0.003 0.002 0.002 0.002 0.004 0.010 0.014 0.013 0.001 0.001 0.001 0.001 0.001 0.001 0.001 0.001 0.001 0.001 0.000 0.000 0.000 0.000 0.000 0.000 0.000 0.000 0.000 0.000 0.000 0.000 0.000
0.000 0.000 0.000 0.000 0.001 0.001 0.001 0.001 0.001 0.001 0.001 0.001 0.001 0.001 0.001 0.001 0.001 0.001 0.001 0.001 0.003 0.037 0.000 0.000 0.000 0.000 0.025 0.001 0.000 0.000 0.000 0.000 0.000 0.000 0.000 0.000 0.000 0.001 0.001 0.001 0.001 0.001 0.001 0.001 0.002 0.002 0.002 0.001 0.001 0.001 0.001 0.002 0.004 0.012 0.023 0.003 0.001 0.001 0.001 0.001 0.001 0.001 0.001 0.001 0.000 0.000 0.000 0.000 0.000 0.000 0.000 0.000 0.000 0.000 0.000 0.000 0.000
0.001 0.000 0.001 0.001 0.001 0.001 0.001 0.001 0.001 0.001 0.001 0.001 0.001 0.001 0.001 0.001 0.001 0.001 0.001 0.001 0.002 0.000 0.000 0.000 0.000 0.000 0.000 0.026 0.002 0.001 0.000 0.000 0.000 0.000 0.000 0.000 0.000 0.001 0.001 0.001 0.001 0.001 0.001 0.001 0.002 0.000 0.001 0.001 0.001 0.001 0.001 0.001 0.001 0.004 0.011 0.012 0.023 0.002 0.001 0.001 0.001 0.001 0.001 0.001 0.000 0.000 0.000 0.000 0.000 0.000 0.000 0.000 0.000 0.000 0.000 0.000 0.000
0.001 0.001 0.001 0.001 0.001 0.001 0.001 0.001 0.001 0.001 0.001 0.001 0.001 0.001 0.001 0.001 0.001 0.001 0.001 0.001 0.002 0.000 0.000 0.000 0.000 0.000 0.000 0.000 0.049 0.027 0.002 0.000 0.000 0.000 0.000 0.000 0.001 0.001 0.001 0.001 0.001 0.001 0.001 0.001 0.000 0.000 0.000 0.000 0.001 0.001 0.001 0.001 0.001 0.001 0.002 0.004 0.011 0.013 0.024 0.001 0.001 0.001 0.001 0.001 0.001 0.001 0.000 0.000 0.000 0.000 0.000 0.000 0.000 0.000 0.000 0.000 0.000
0.001 0.001 0.001 0.001 0.001 0.001 0.001 0.001 0.001 0.001 0.001 0.001 0.001 0.001 0.001 0.001 0.001 0.001 0.001 0.001 0.002 0.002 0.000 0.000 0.000 0.000 0.000 0.000 0.000 0.000 0.049 0.027 0.002 0.000 0.000 0.001 0.001 0.001 0.001 0.001 0.001 0.001 0.001 0.001 0.000 0.002 0.003 0.004 0.000 0.000 0.001 0.001 0.001 0.001 0.001 0.001 0.002 0.004 0.012 0.015 0.014 0.001 0.001 0.001 0.001 0.001 0.001 0.001 0.000 0.000 0.000 0.000 0.000 0.000 0.000 0.000 0.000
0.001 0.001 0.001 0.001 0.001 0.001 0.001 0.001 0.001 0.001 0.001 0.001 0.001 0.001 0.001 0.001 0.001 0.001 0.001 0.001 0.001 0.002 0.000 0.000 0.000 0.000 0.000 0.000 0.000 0.000 0.000 0.000 0.027 0.002 0.000 0.001 0.001 0.001 0.001 0.001 0.001 0.001 0.001 0.000 0.000 0.001 0.001 0.001 0.001 0.014 0.000 0.000 0.001 0.001 0.001 0.001 0.001 0.001 0.003 0.006 0.014 0.025 0.001 0.001 0.001 0.001 0.001 0.000 0.001 0.001 0.000 0.000 0.000 0.000 0.000 0.000 0.000
0.001 0.001 0.001 0.001 0.001 0.001 0.001 0.001 0.001 0.001 0.001 0.001 0.001 0.001 0.001 0.001 0.001 0.001 0.001 0.001 0.002 0.002 0.001 0.002 0.000 0.000 0.000 0.000 0.000 0.000 0.000 0.000 0.000 0.027 0.002 0.001 0.001 0.001 0.001 0.001 0.001 0.001 0.000 0.000 0.001 0.001 0.001 0.001 0.001 0.008 0.000 0.000 0.000 0.000 0.001 0.001 0.001 0.001 0.001 0.001 0.005 0.013 0.014 0.024 0.001 0.001 0.001 0.001 0.001 0.001 0.001 0.001 0.000 0.000 0.000 0.000 0.000
0.001 0.001 0.001 0.001 0.001 0.001 0.001 0.001 0.001 0.001 0.001 0.001 0.001 0.001 0.001 0.001 0.001 0.001 0.025 0.000 0.000 0.002 0.002 0.002 0.004 0.000 0.000 0.000 0.000 0.000 0.000 0.000 0.000 0.000 0.001 0.001 0.001 0.001 0.001 0.001 0.001 0.001 0.000 0.001 0.001 0.001 0.001 0.001 0.001 0.001 0.008 0.000 0.000 0.007 0.000 0.000 0.001 0.001 0.001 0.001 0.001 0.003 0.005 0.012 0.014 0.026 0.001 0.001 0.001 0.001 0.001 0.001 0.001 0.001 0.001 0.001 0.000
0.001 0.001 0.001 0.001 0.001 0.001 0.001 0.001 0.001 0.001 0.001 0.001 0.001 0.001 0.001 0.001 0.001 0.025 0.000 0.000 0.000 0.000 0.001 0.003 0.024 0.054 0.000 0.117 0.000 0.000 0.000 0.000 0.000 0.013 0.002 0.001 0.001 0.001 0.001 0.001 0.001 0.000 0.000 0.001 0.001 0.001 0.001 0.001 0.001 0.001 0.001 0.001 0.001 0.001 0.001 0.008 0.000 0.000 0.001 0.001 0.001 0.001 0.001 0.003 0.006 0.014 0.019 0.021 0.001 0.001 0.001 0.001 0.001 0.001 0.001 0.001 0.001
0.009 0.001 0.001 0.001 0.001 0.001 0.001 0.001 0.001 0.001 0.001 0.001 0.001 0.001 0.001 0.001 0.001 0.000 0.000 0.000 0.000 0.000 0.000 0.000 0.046 0.078 0.109 0.140 0.000 0.000 0.000 0.000 0.100 0.077 0.025 0.001 0.001 0.001 0.001 0.001 0.001 0.003 0.005 0.000 0.000 0.001 0.001 0.001 0.001 0.001 0.001 0.001 0.001 0.001 0.001 0.001 0.001 0.002 0.001 0.001 0.001 0.001 0.001 0.001 0.001 0.004 0.011 0.030 0.059 0.033 0.001 0.001 0.001 0.001 0.001 0.001 0.001
0.011 0.014 0.001 0.001 0.001 0.001 0.001 0.001 0.001 0.001 0.001 0.001 0.001 0.001 0.001 0.001 0.001 0.000 0.000 0.000 0.000 0.000 0.000 0.000 0.000 0.101 0.132 0.162 0.193 0.000 0.000 0.000 0.163 0.123 0.055 0.001 0.000 0.033 0.001 0.001 0.001 0.001 0.003 0.004 0.005 0.000 0.000 0.001 0.001 0.001 0.001 0.001 0.001 0.001 0.001 0.001 0.001 0.002 0.000 0.000 0.000 0.001 0.001 0.001 0.001 0.001 0.006 0.024 0.053 0.082 0.111 0.094 0.070 0.043 0.006 0.001 0.001
0.035 0.048 0.038 0.009 0.001 0.001 0.001 0.001 0.001 0.001 0.001 0.001 0.001 0.001 0.001 0.001 0.001 0.000 0.000 0.000 0.000 0.000 0.000 0.000 0.000 0.000 0.000 0.186 0.216 0.247 0.271 0.249 0.219 0.153 0.084 0.000 0.000 0.000 0.033 0.001 0.001 0.001 0.001 0.002 0.003 0.004 0.005 0.000 0.001 0.001 0.001 0.001 0.001 0.001 0.001 0.001 0.002 0.000 0.000 0.000 0.000 0.000 0.001 0.001 0.001 0.001 0.001 0.018 0.048 0.082 0.118 0.072 0.001 0.001 0.001 0.001 0.001
0.060 0.072 0.086 0.063 0.033 0.005 0.001 0.001 0.001 0.001 0.001 0.001 0.001 0.001 0.001 0.001 0.001 0.001 0.001 0.000 0.000 0.000 0.000 0.000 0.000 0.000 0.000 0.000 0.239 0.271 0.301 0.311 0.250 0.182 0.115 0.000 0.000 0.000 0.000 0.033 0.001 0.001 0.001 0.001 0.001 0.002 0.003 0.002 0.001 0.001 0.001 0.001 0.001 0.001 0.001 0.001 0.001 0.000 0.000 0.000 0.000 0.000 0.001 0.001 0.001 0.001 0.001 0.023 0.058 0.094 0.117 0.058 0.001 0.001 0.001 0.001 0.001
0.084 0.097 0.111 0.116 0.088 0.059 0.030 0.001 0.001 0.001 0.001 0.001 0.001 0.001 0.000 0.001 0.001 0.001 0.001 0.001 0.000 0.000 0.000 0.000 0.000 0.000 0.000 0.000 0.000 0.275 0.309 0.326 0.276 0.208 0.000 0.000 0.000 0.000 0.000 0.057 0.001 0.001 0.001 0.001 0.001 0.001 0.001 0.001 0.001 0.001 0.001 0.001 0.001 0.001 0.001 0.001 0.000 0.000 0.000 0.000 0.000 0.000 0.001 0.001 0.001 0.001 0.001 0.034 0.069 0.106 0.097 0.038 0.001 0.001 0.001 0.001 0.001
0.108 0.121 0.134 0.148 0.142 0.112 0.083 0.055 0.025 0.001 0.001 0.001 0.001 0.000 0.000 0.000 0.000 0.001 0.001 0.001 0.001 0.000 0.000 0.000 0.000 0.000 0.000 0.000 0.243 0.277 0.304 0.305 0.300 0.000 0.000 0.000 0.000 0.000 0.148 0.081 0.012 0.001 0.001 0.001 0.001 0.001 0.001 0.001 0.001 0.001 0.001 0.001 0.001 0.001 0.001 0.001 0.000 0.000 0.000 0.000 0.000 0.000 0.001 0.001 0.001 0.001 0.008 0.045 0.081 0.117 0.077 0.019 0.001 0.001 0.001 0.001 0.001
0.132 0.145 0.159 0.172 0.185 0.166 0.136 0.107 0.078 0.050 0.003 0.001 0.000 0.000 0.000 0.000 0.000 0.000 0.000 0.001 0.001 0.005 0.040 0.000 0.000 0.000 0.000 0.000 0.245 0.279 0.285 0.287 0.287 0.000 0.000 0.000 0.000 0.000 0.000 0.104 0.037 0.001 0.001 0.001 0.001 0.001 0.001 0.001 0.001 0.001 0.001 0.001 0.001 0.001 0.001 0.001 0.000 0.000 0.000 0.000 0.000 0.000 0.001 0.001 0.001 0.001 0.020 0.056 0.092 0.117 0.058 0.002 0.001 0.001 0.001 0.001 0.001
0.157 0.170 0.183 0.196 0.209 0.219 0.191 0.161 0.132 0.101 0.046 0.001 0.000 0.000 0.000 0.000 0.000 0.000 0.000 0.001 0.001 0.007 0.042 0.076 0.000 0.000 0.000 0.213 0.246 0.264 0.265 0.266 0.000 0.000 0.000 0.000 0.000 0.000 0.000 0.000 0.000 0.022 0.008 0.001 0.001 0.001 0.001 0.001 0.001 0.001 0.001 0.001 0.001 0.001 0.001 0.001 0.000 0.000 0.000 0.000 0.000 0.000 0.001 0.001 0.001 0.001 0.030 0.067 0.103 0.096 0.038 0.001 0.001 0.001 0.001 0.001 0.001
0.186 0.197 0.208 0.221 0.233 0.247 0.244 0.216 0.186 0.144 0.088 0.000 0.000 0.000 0.000 0.000 0.000 0.000 0.000 0.000 0.000 0.000 0.045 0.079 0.112 0.146 0.181 0.215 0.242 0.243 0.245 0.000 0.000 0.000 0.000 0.000 0.000 0.000 0.000 0.000 0.000 0.041 0.027 0.013 0.001 0.001 0.001 0.001 0.001 0.001 0.001 0.001 0.001 0.001 0.001 0.014 0.000 0.000 0.000 0.000 0.000 0.000 0.001 0.001 0.001 0.006 0.041 0.077 0.113 0.076 0.018 0.001 0.001 0.001 0.001 0.001 0.001
0.216 0.226 0.237 0.248 0.258 0.271 0.284 0.269 0.240 0.186 0.000 0.000 0.000 0.000 0.000 0.000 0.000 0.000 0.000 0.000 0.000 0.000 0.046 0.080 0.114 0.148 0.181 0.216 0.223 0.226 0.226 0.000 0.000 0.000 0.000 0.000 0.000 0.000 0.000 0.000 0.000 0.060 0.000 0.032 0.018 0.005 0.001 0.001 0.001 0.001 0.001 0.001 0.001 0.001 0.001 0.025 0.000 0.000 0.000 0.000 0.000 0.001 0.001 0.001 0.001 0.015 0.052 0.088 0.114 0.055 0.002 0.001 0.001 0.001 0.001 0.001 0.001
0.245 0.255 0.266 0.278 0.288 0.298 0.309 0.321 0.284 0.229 0.173 0.119 0.000 0.000 0.000 0.000 0.000 0.000 0.000 0.000 0.000 0.000 0.000 0.000 0.115 0.150 0.183 0.202 0.203 0.204 0.000 0.000 0.000 0.000 0.207 0.000 0.000 0.000 0.000 0.000 0.000 0.000 0.000 0.000 0.000 0.024 0.010 0.001 0.001 0.001 0.001 0.001 0.001 0.001 0.002 0.036 0.000 0.000 0.000 0.000 0.000 0.001 0.001 0.001 0.001 0.026 0.062 0.098 0.094 0.035 0.001 0.001 0.001 0.001 0.001 0.001 0.000
0.275 0.284 0.296 0.306 0.318 0.328 0.340 0.349 0.325 0.271 0.216 0.162 0.107 0.000 0.000 0.000 0.000 0.000 0.000 0.000 0.000 0.000 0.000 0.000 0.000 0.150 0.180 0.182 0.184 0.000 0.000 0.000 0.000 0.184 0.187 0.189 0.165 0.000 0.000 0.000 0.000 0.000 0.000 0.000 0.000 0.000 0.030 0.016 0.001 0.001 0.001 0.001 0.013 0.000 0.000 0.048 0.000 0.000 0.000 0.000 0.000 0.001 0.001 0.001 0.003 0.037 0.073 0.109 0.073 0.016 0.001 0.001 0.001 0.001 0.000 0.000 0.000
0.000 0.315 0.326 0.336 0.347 0.357 0.368 0.354 0.327 0.300 0.259 0.204 0.149 0.094 0.038 0.000 0.000 0.000 0.000 0.000 0.000 0.000 0.000 0.000 0.000 0.153 0.160 0.162 0.164 0.000 0.000 0.000 0.000 0.165 0.167 0.169 0.171 0.120 0.000 0.000 0.000 0.000 0.000 0.000 0.000 0.000 0.000 0.000 0.001 0.001 0.001 0.001 0.000 0.000 0.000 0.000 0.000 0.000 0.000 0.000 0.000 0.001 0.001 0.001 0.010 0.047 0.083 0.112 0.053 0.001 0.001 0.001 0.001 0.000 0.000 0.000 0.000
0.000 0.000 0.354 0.365 0.376 0.387 0.378 0.358 0.330 0.303 0.275 0.245 0.192 0.136 0.081 0.026 0.000 0.000 0.000 0.000 0.000 0.000 0.000 0.000 0.120 0.138 0.140 0.141 0.000 0.000 0.000 0.000 0.145 0.146 0.148 0.149 0.150 0.144 0.076 0.009 0.000 0.000 0.000 0.000 0.000 0.000 0.000 0.000 0.000 0.001 0.001 0.001 0.000 0.000 0.000 0.000 0.000 0.000 0.000 0.000 0.001 0.001 0.001 0.001 0.021 0.057 0.094 0.091 0.033 0.001 0.001 0.001 0.000 0.000 0.000 0.000 0.000
0.000 0.000 0.000 0.395 0.405 0.398 0.388 0.361 0.333 0.305 0.278 0.250 0.223 0.179 0.124 0.069 0.014 0.000 0.000 0.000 0.000 0.000 0.000 0.088 0.118 0.120 0.121 0.000 0.000 0.000 0.000 0.123 0.126 0.127 0.129 0.130 0.132 0.133 0.100 0.033 0.001 0.000 0.000 0.000 0.000 0.000 0.000 0.000 0.000 0.001 0.001 0.001 0.000 0.000 0.000 0.000 0.000 0.000 0.000 0.000 0.001 0.001 0.001 0.001 0.032 0.067 0.104 0.070 0.013 0.001 0.001 0.001 0.000 0.000 0.000 0.000 0.000
0.000 0.000 0.000 0.000 0.418 0.408 0.391 0.364 0.336 0.308 0.280 0.253 0.225 0.197 0.167 0.112 0.056 0.002 0.001 0.000 0.000 0.000 0.000 0.090 0.097 0.099 0.000 0.000 0.000 0.000 0.000 0.104 0.105 0.107 0.108 0.110 0.111 0.113 0.114 0.055 0.001 0.001 0.000 0.000 0.000 0.000 0.000 0.000 0.001 0.001 0.001 0.001 0.000 0.000 0.000 0.000 0.000 0.000 0.000 0.000 0.001 0.001 0.001 0.005 0.042 0.079 0.109 0.050 0.001 0.001 0.001 0.001 0.000 0.000 0.000 0.000 0.000
0.000 0.000 0.000 0.000 0.000 0.418 0.394 0.366 0.338 0.311 0.283 0.256 0.229 0.200 0.174 0.145 0.099 0.043 0.001 0.001 0.000 0.000 0.058 0.077 0.078 0.079 0.000 0.000 0.000 0.000 0.000 0.085 0.085 0.087 0.089 0.090 0.092 0.094 0.094 0.080 0.011 0.001 0.001 0.001 0.000 0.000 0.000 0.001 0.001 0.001 0.001 0.001 0.001 0.000 0.000 0.000 0.000 0.000 0.000 0.000 0.001 0.001 0.001 0.014 0.053 0.089 0.088 0.030 0.001 0.001 0.001 0.000 0.000 0.000 0.000 0.000 0.000
0.000 0.000 0.000 0.000 0.000 0.000 0.000 0.369 0.341 0.314 0.287 0.259 0.231 0.203 0.175 0.149 0.120 0.086 0.032 0.001 0.001 0.026 0.056 0.057 0.059 0.000 0.000 0.000 0.000 0.000 0.000 0.000 0.066 0.067 0.069 0.071 0.072 0.074 0.075 0.077 0.036 0.001 0.001 0.001 0.001 0.000 0.001 0.001 0.001 0.001 0.001 0.001 0.001 0.000 0.000 0.000 0.000 0.000 0.000 0.001 0.001 0.001 0.001 0.027 0.063 0.099 0.068 0.011 0.001 0.001 0.001 0.000 0.000 0.000 0.000 0.000 0.000
0.000 0.000 0.000 0.000 0.000 0.000 0.000 0.000 0.344 0.317 0.289 0.261 0.234 0.206 0.179 0.151 0.123 0.095 0.068 0.018 0.001 0.028 0.036 0.037 0.000 0.000 0.000 0.000 0.000 0.000 0.000 0.000 0.000 0.000 0.050 0.051 0.052 0.054 0.055 0.057 0.057 0.001 0.001 0.001 0.001 0.001 0.001 0.001 0.001 0.001 0.001 0.001 0.014 0.000 0.000 0.000 0.000 0.000 0.000 0.001 0.001 0.001 0.002 0.037 0.073 0.105 0.047 0.001 0.001 0.001 0.001 0.000 0.000 0.000 0.000 0.000 0.000
0.000 0.000 0.000 0.000 0.000 0.000 0.000 0.000 0.000 0.320 0.292 0.265 0.001 0.001 0.183 0.155 0.126 0.098 0.070 0.042 0.003 0.013 0.014 0.015 0.014 0.016 0.000 0.000 0.000 0.000 0.000 0.000 0.000 0.000 0.029 0.031 0.033 0.034 0.035 0.037 0.039 0.016 0.001 0.001 0.001 0.001 0.001 0.001 0.001 0.001 0.001 0.001 0.000 0.000 0.000 0.000 0.000 0.000 0.000 0.001 0.001 0.001 0.009 0.048 0.084 0.084 0.027 0.001 0.001 0.001 0.001 0.000 0.000 0.000 0.000 0.000 0.000
0.000 0.000 0.000 0.000 0.000 0.000 0.000 0.000 0.000 0.000 0.001 0.000 0.003 0.003 0.001 0.000 0.130 0.101 0.073 0.044 0.018 0.013 0.009 0.006 0.004 0.003 0.001 0.000 0.000 0.000 0.000 0.000 0.000 0.000 0.010 0.000 0.013 0.015 0.016 0.018 0.019 0.020 0.001 0.001 0.001 0.001 0.001 0.001 0.001 0.001 0.001 0.001 0.000 0.000 0.000 0.000 0.000 0.000 0.000 0.001 0.001 0.001 0.019 0.055 0.092 0.063 0.006 0.001 0.001 0.001 0.000 0.000 0.000 0.000 0.000 0.000 0.000
0.000 0.000 0.000 0.000 0.000 0.000 0.000 0.000 0.000 0.002 0.003 0.004 0.005 0.005 0.005 0.004 0.000 0.103 0.076 0.045 0.028 0.021 0.016 0.012 0.008 0.005 0.002 0.001 0.000 0.000 0.000 0.000 0.000 0.000 0.000 0.000 0.000 0.000 0.007 0.004 0.002 0.001 0.001 0.001 0.001 0.001 0.001 0.001 0.001 0.001 0.014 0.027 0.000 0.000 0.000 0.000 0.000 0.000 0.001 0.001 0.001 0.007 0.027 0.063 0.098 0.041 0.001 0.001 0.001 0.001 0.000 0.000 0.000 0.000 0.000 0.000 0.000
0.000 0.000 0.000 0.000 0.000 0.000 0.000 0.000 0.002 0.003 0.004 0.005 0.006 0.006 0.006 0.006 0.005 0.001 0.000 0.055 0.043 0.035 0.028 0.025 0.017 0.012 0.007 0.004 0.001 0.001 0.000 0.000 0.000 0.000 0.000 0.000 0.000 0.000 0.000 0.010 0.008 0.003 0.002 0.001 0.001 0.001 0.001 0.001 0.001 0.012 0.000 0.000 0.000 0.000 0.000 0.000 0.000 0.000 0.002 0.009 0.022 0.035 0.050 0.071 0.074 0.021 0.001 0.001 0.001 0.001 0.000 0.000 0.000 0.000 0.000 0.000 0.000
0.000 0.000 0.000 0.000 0.000 0.000 0.000 0.002 0.003 0.004 0.005 0.006 0.007 0.007 0.008 0.008 0.008 0.007 0.006 0.001 0.060 0.054 0.047 0.038 0.028 0.022 0.018 0.013 0.010 0.004 0.001 0.000 0.000 0.000 0.000 0.000 0.000 0.000 0.000 0.000 0.000 0.002 0.002 0.002 0.001 0.001 0.001 0.001 0.001 0.000 0.000 0.000 0.000 0.000 0.000 0.000 0.000 0.000 0.055 0.064 0.073 0.085 0.096 0.099 0.055 0.002 0.001 0.001 0.001 0.001 0.000 0.000 0.000 0.000 0.000 0.000 0.000
