数据/2hours/0.1-2h-150y/coupled-119-0001.wd
ncols         694
nrows         824
xllcorner     581104.939801
yllcorner     3495917.092414
cellsize      2.000000
NODATA_value  -9999.000000
[rows 680 to 713 of 824, columns 154 to 230 of 694]
0.000 0.000 0.000 0.000 0.000 0.000 0.000 0.000 0.000 0.000 0.000 0.001 0.011 0.000 0.000 0.000 0.028 0.044 0.117 0.109 0.147 0.199 0.171 0.133 0.122 0.115 0.000 0.105 0.165 0.000 0.000 0.000 0.000 0.000 0.000 0.000 0.000 0.000 0.000 0.004 0.194 0.086 0.083 0.110 0.011 0.185 0.294 0.211 0.167 0.182 0.366 0.564 0.565 0.000 0.000 0.000 0.001 0.007 0.018 0.001 0.010 0.090 0.005 0.001 0.000 0.000 0.000 0.000 0.000 0.000 0.000 0.000 0.000 0.000 0.000 0.000 0.000
0.000 0.000 0.000 0.000 0.000 0.000 0.000 0.000 0.000 0.001 0.001 0.007 0.051 0.059 0.058 0.000 0.016 0.021 0.068 0.111 0.188 0.231 0.230 0.000 0.160 0.136 0.098 0.150 0.000 0.000 0.000 0.000 0.000 0.000 0.000 0.000 0.000 0.000 0.188 0.200 0.264 0.225 0.213 0.184 0.171 0.203 0.424 0.245 0.099 0.220 0.320 0.292 0.726 0.771 0.159 0.000 0.000 0.000 0.000 0.007 0.000 0.181 0.001 0.001 0.000 0.000 0.000 0.000 0.000 0.000 0.000 0.000 0.000 0.000 0.000 0.000 0.000
0.000 0.000 0.000 0.000 0.000 0.001 0.001 0.001 0.001 0.001 0.002 0.033 0.051 0.051 0.053 0.026 0.000 0.029 0.066 0.130 0.226 0.257 0.000 0.000 0.000 0.000 0.168 0.178 0.000 0.000 0.000 0.000 0.000 0.000 0.000 0.000 0.000 0.205 0.264 0.329 0.244 0.378 0.356 0.189 0.274 0.222 0.453 0.372 0.133 0.185 0.213 0.083 0.265 0.715 0.891 0.578 0.498 0.308 0.192 0.200 0.315 0.051 0.001 0.001 0.000 0.000 0.000 0.000 0.000 0.000 0.000 0.000 0.000 0.000 0.000 0.000 0.000
0.000 0.000 0.000 0.000 0.001 0.002 0.002 0.002 0.002 0.004 0.012 0.030 0.063 0.037 0.062 0.063 0.023 0.060 0.106 0.180 0.227 0.000 0.000 0.000 0.000 0.000 0.000 0.302 0.220 0.300 0.000 0.000 0.000 0.000 0.000 0.000 0.000 0.119 0.278 0.262 0.418 0.454 0.333 0.335 0.384 0.000 0.376 0.538 0.282 0.255 0.221 0.144 0.241 0.266 0.346 0.658 0.676 0.607 0.362 0.412 0.152 0.006 0.003 0.001 0.000 0.000 0.000 0.000 0.000 0.000 0.000 0.000 0.000 0.000 0.000 0.000 0.000
0.034 0.004 0.001 0.002 0.003 0.003 0.003 0.003 0.005 0.018 0.021 0.022 0.076 0.049 0.091 0.085 0.081 0.114 0.149 0.221 0.242 0.000 0.000 0.000 0.000 0.000 0.000 0.000 0.336 0.362 0.330 0.000 0.000 0.000 0.000 0.000 0.114 0.008 0.077 0.071 0.110 0.203 0.043 0.076 0.000 0.000 0.000 0.000 0.764 0.345 0.437 0.308 0.400 0.436 0.365 0.265 0.300 0.422 0.223 0.376 0.068 0.001 0.011 0.013 0.001 0.001 0.000 0.000 0.000 0.000 0.000 0.000 0.000 0.000 0.000 0.000 0.000
0.015 0.020 0.007 0.003 0.004 0.004 0.004 0.006 0.016 0.034 0.025 0.022 0.083 0.076 0.100 0.104 0.131 0.156 0.207 0.248 0.269 0.309 0.000 0.000 0.000 0.000 0.000 0.000 0.000 0.000 0.332 0.313 0.302 0.000 0.000 0.271 0.283 0.057 0.004 0.140 0.073 0.155 0.003 0.055 0.000 0.165 0.122 0.089 0.000 0.000 0.161 0.441 0.415 0.505 0.321 0.302 0.395 0.235 0.059 0.309 0.306 0.073 0.048 0.146 0.021 0.002 0.001 0.001 0.000 0.000 0.000 0.000 0.000 0.000 0.000 0.000 0.000
0.010 0.012 0.005 0.006 0.005 0.005 0.006 0.009 0.023 0.042 0.033 0.034 0.085 0.087 0.097 0.124 0.151 0.192 0.239 0.254 0.303 0.324 0.000 0.000 0.000 0.000 0.000 0.000 0.000 0.000 0.000 0.000 0.403 0.300 0.000 0.308 0.435 0.219 0.015 0.076 0.192 0.177 0.000 0.000 0.000 0.133 0.133 0.141 0.172 0.207 0.000 0.000 0.274 0.421 0.413 0.389 0.303 0.356 0.444 0.203 0.408 0.349 0.234 0.331 0.235 0.056 0.012 0.002 0.001 0.001 0.000 0.000 0.000 0.000 0.000 0.000 0.000
0.056 0.014 0.007 0.011 0.009 0.009 0.010 0.012 0.025 0.057 0.057 0.043 0.070 0.094 0.109 0.130 0.166 0.213 0.241 0.275 0.302 0.323 0.397 0.389 0.000 0.000 0.000 0.000 0.000 0.000 0.000 0.000 0.000 0.332 0.465 0.385 0.379 0.213 0.276 0.193 0.183 0.233 0.000 0.000 0.128 0.126 0.127 0.144 0.142 0.141 0.000 0.000 0.000 0.000 0.312 0.526 0.470 0.533 0.437 0.173 0.336 0.281 0.420 0.585 0.381 0.299 0.066 0.128 0.003 0.002 0.001 0.001 0.000 0.000 0.000 0.000 0.000
0.083 0.034 0.020 0.021 0.020 0.014 0.008 0.011 0.038 0.084 0.071 0.031 0.067 0.088 0.119 0.140 0.173 0.209 0.251 0.000 0.000 0.331 0.362 0.369 0.358 0.000 0.000 0.000 0.000 0.000 0.000 0.000 0.000 0.000 0.482 0.411 0.314 0.225 0.311 0.371 0.365 0.298 0.000 0.165 0.124 0.104 0.119 0.118 0.110 0.116 0.120 0.000 0.000 0.281 0.000 0.000 0.477 0.455 0.287 0.342 0.418 0.423 0.387 0.450 0.586 0.535 0.305 0.291 0.164 0.058 0.038 0.005 0.003 0.004 0.001 0.001 0.000
0.110 0.083 0.088 0.078 0.083 0.034 0.011 0.020 0.054 0.094 0.069 0.033 0.059 0.085 0.133 0.141 0.183 0.223 0.000 0.000 0.000 0.000 0.419 0.436 0.438 0.521 0.000 0.586 0.000 0.000 0.000 0.000 0.000 0.386 0.463 0.297 0.265 0.121 0.076 0.179 0.180 0.000 0.000 0.141 0.099 0.075 0.105 0.111 0.089 0.086 0.099 0.177 0.193 0.270 0.183 0.144 0.000 0.000 0.365 0.369 0.482 0.330 0.272 0.400 0.490 0.425 0.393 0.522 0.353 0.321 0.223 0.208 0.151 0.047 0.039 0.078 0.106
0.142 0.123 0.127 0.144 0.110 0.046 0.013 0.029 0.063 0.092 0.062 0.038 0.056 0.100 0.141 0.161 0.194 0.000 0.000 0.000 0.000 0.000 0.000 0.000 0.512 0.559 0.586 0.636 0.000 0.000 0.000 0.000 0.533 0.476 0.476 0.382 0.220 0.144 0.163 0.155 0.068 0.090 0.095 0.000 0.000 0.002 0.073 0.131 0.118 0.156 0.140 0.185 0.215 0.245 0.126 0.182 0.306 0.363 0.369 0.410 0.345 0.320 0.329 0.390 0.409 0.362 0.385 0.514 0.485 0.551 0.459 0.419 0.373 0.353 0.301 0.298 0.276
0.148 0.187 0.194 0.134 0.067 0.032 0.020 0.065 0.069 0.088 0.068 0.055 0.062 0.107 0.147 0.173 0.211 0.000 0.000 0.000 0.000 0.000 0.000 0.000 0.000 0.582 0.629 0.651 0.675 0.000 0.000 0.000 0.580 0.514 0.508 0.405 0.000 0.207 0.100 0.127 0.129 0.166 0.129 0.257 0.234 0.000 0.000 0.198 0.140 0.132 0.204 0.219 0.163 0.173 0.159 0.217 0.246 0.271 0.000 0.000 0.000 0.246 0.319 0.285 0.285 0.449 0.494 0.549 0.566 0.649 0.657 0.634 0.619 0.598 0.567 0.509 0.468
0.194 0.228 0.217 0.186 0.149 0.109 0.092 0.140 0.098 0.114 0.091 0.080 0.073 0.092 0.134 0.166 0.190 0.000 0.000 0.000 0.000 0.000 0.000 0.000 0.000 0.000 0.000 0.667 0.739 0.729 0.764 0.729 0.561 0.471 0.529 0.000 0.000 0.000 0.046 0.088 0.124 0.194 0.190 0.211 0.233 0.115 0.110 0.000 0.076 0.130 0.171 0.175 0.221 0.181 0.167 0.241 0.263 0.000 0.000 0.000 0.000 0.000 0.346 0.359 0.427 0.489 0.531 0.523 0.526 0.625 0.666 0.571 0.471 0.508 0.481 0.459 0.348
0.239 0.263 0.258 0.212 0.188 0.174 0.176 0.190 0.146 0.151 0.102 0.101 0.081 0.080 0.120 0.133 0.166 0.204 0.223 0.000 0.000 0.000 0.000 0.000 0.000 0.000 0.000 0.000 0.724 0.756 0.771 0.777 0.667 0.546 0.533 0.000 0.000 0.000 0.000 0.255 0.205 0.123 0.146 0.230 0.153 0.105 0.139 0.132 0.085 0.112 0.181 0.216 0.172 0.264 0.148 0.208 0.256 0.000 0.000 0.000 0.000 0.000 0.277 0.338 0.418 0.420 0.476 0.549 0.638 0.664 0.638 0.590 0.468 0.395 0.401 0.336 0.313
0.261 0.283 0.279 0.274 0.250 0.238 0.234 0.236 0.193 0.177 0.127 0.114 0.082 0.084 0.000 0.124 0.158 0.167 0.255 0.290 0.000 0.000 0.000 0.000 0.000 0.000 0.000 0.000 0.000 0.859 0.780 0.763 0.724 0.656 0.000 0.000 0.000 0.000 0.000 0.349 0.310 0.140 0.197 0.131 0.130 0.098 0.126 0.101 0.104 0.091 0.185 0.165 0.204 0.171 0.273 0.258 0.000 0.000 0.000 0.000 0.000 0.000 0.398 0.449 0.391 0.458 0.575 0.591 0.592 0.613 0.622 0.587 0.492 0.473 0.313 0.256 0.260
0.280 0.291 0.290 0.304 0.307 0.293 0.284 0.278 0.244 0.230 0.172 0.129 0.084 0.000 0.000 0.000 0.000 0.204 0.247 0.280 0.331 0.000 0.000 0.000 0.000 0.000 0.000 0.000 0.632 0.810 0.799 0.784 0.733 0.000 0.000 0.000 0.000 0.000 0.421 0.293 0.306 0.226 0.142 0.171 0.144 0.063 0.084 0.147 0.095 0.105 0.125 0.187 0.222 0.201 0.218 0.278 0.000 0.000 0.000 0.000 0.000 0.000 0.367 0.473 0.532 0.584 0.524 0.528 0.591 0.640 0.618 0.546 0.530 0.374 0.340 0.267 0.135
0.308 0.315 0.316 0.330 0.350 0.343 0.336 0.332 0.301 0.291 0.250 0.182 0.000 0.000 0.000 0.000 0.000 0.000 0.000 0.283 0.358 0.369 0.381 0.000 0.000 0.000 0.000 0.000 0.681 0.677 0.746 0.799 0.767 0.000 0.000 0.000 0.000 0.000 0.000 0.315 0.220 0.174 0.187 0.183 0.117 0.088 0.064 0.132 0.132 0.136 0.137 0.087 0.220 0.237 0.266 0.258 0.000 0.000 0.000 0.000 0.000 0.000 0.456 0.520 0.499 0.486 0.527 0.592 0.662 0.678 0.562 0.533 0.474 0.391 0.277 0.299 0.080
0.331 0.340 0.348 0.361 0.375 0.395 0.388 0.384 0.357 0.332 0.292 0.226 0.000 0.000 0.000 0.000 0.000 0.000 0.000 0.290 0.322 0.342 0.357 0.401 0.000 0.000 0.000 0.610 0.696 0.652 0.659 0.716 0.000 0.000 0.000 0.000 0.000 0.000 0.000 0.000 0.000 0.208 0.110 0.160 0.091 0.139 0.101 0.143 0.179 0.093 0.157 0.065 0.155 0.144 0.250 0.303 0.000 0.000 0.000 0.000 0.000 0.000 0.394 0.464 0.504 0.557 0.595 0.657 0.666 0.578 0.522 0.599 0.480 0.360 0.307 0.236 0.146
0.357 0.369 0.377 0.387 0.398 0.419 0.434 0.424 0.405 0.369 0.330 0.000 0.000 0.000 0.000 0.000 0.000 0.000 0.000 0.000 0.000 0.000 0.373 0.407 0.462 0.508 0.584 0.598 0.621 0.649 0.669 0.000 0.000 0.000 0.000 0.000 0.000 0.000 0.000 0.000 0.000 0.156 0.182 0.184 0.159 0.169 0.105 0.100 0.162 0.112 0.041 0.172 0.109 0.201 0.238 0.282 0.000 0.000 0.000 0.000 0.000 0.000 0.457 0.466 0.461 0.502 0.621 0.634 0.636 0.624 0.592 0.515 0.405 0.479 0.381 0.265 0.156
0.391 0.400 0.407 0.416 0.422 0.439 0.464 0.461 0.442 0.393 0.000 0.000 0.000 0.000 0.000 0.000 0.000 0.000 0.000 0.000 0.000 0.000 0.385 0.405 0.442 0.474 0.505 0.616 0.587 0.597 0.614 0.000 0.000 0.000 0.000 0.000 0.000 0.000 0.000 0.000 0.000 0.171 0.000 0.158 0.199 0.211 0.109 0.094 0.106 0.154 0.062 0.097 0.148 0.204 0.273 0.302 0.000 0.000 0.000 0.000 0.000 0.391 0.408 0.446 0.496 0.534 0.566 0.656 0.642 0.618 0.645 0.477 0.419 0.413 0.329 0.272 0.195
0.430 0.435 0.441 0.450 0.456 0.467 0.485 0.504 0.473 0.422 0.366 0.312 0.000 0.000 0.000 0.000 0.000 0.000 0.000 0.000 0.000 0.000 0.000 0.000 0.383 0.455 0.513 0.573 0.561 0.586 0.000 0.000 0.000 0.000 0.316 0.000 0.000 0.000 0.000 0.000 0.000 0.000 0.000 0.000 0.000 0.240 0.169 0.107 0.048 0.108 0.157 0.164 0.195 0.198 0.247 0.335 0.000 0.000 0.000 0.000 0.000 0.381 0.422 0.434 0.465 0.543 0.620 0.625 0.619 0.593 0.566 0.417 0.479 0.330 0.307 0.296 0.000
0.468 0.474 0.478 0.486 0.495 0.504 0.518 0.531 0.511 0.464 0.413 0.361 0.309 0.000 0.000 0.000 0.000 0.000 0.000 0.000 0.000 0.000 0.000 0.000 0.000 0.506 0.508 0.540 0.570 0.000 0.000 0.000 0.000 0.321 0.296 0.308 0.267 0.000 0.000 0.000 0.000 0.000 0.000 0.000 0.000 0.000 0.216 0.092 0.049 0.122 0.195 0.223 0.252 0.000 0.000 0.354 0.000 0.000 0.000 0.000 0.000 0.377 0.442 0.478 0.514 0.551 0.615 0.681 0.608 0.528 0.587 0.533 0.368 0.316 0.000 0.000 0.000
0.000 0.511 0.517 0.523 0.532 0.542 0.553 0.541 0.518 0.496 0.461 0.413 0.367 0.326 0.282 0.000 0.000 0.000 0.000 0.000 0.000 0.000 0.000 0.000 0.000 0.536 0.545 0.502 0.542 0.000 0.000 0.000 0.000 0.312 0.293 0.294 0.274 0.207 0.000 0.000 0.000 0.000 0.000 0.000 0.000 0.000 0.000 0.000 0.036 0.070 0.129 0.139 0.000 0.000 0.000 0.000 0.000 0.000 0.000 0.000 0.000 0.428 0.486 0.515 0.530 0.599 0.609 0.597 0.567 0.586 0.475 0.443 0.316 0.000 0.000 0.000 0.000
0.000 0.000 0.553 0.560 0.568 0.577 0.569 0.549 0.524 0.502 0.480 0.459 0.411 0.364 0.309 0.239 0.000 0.000 0.000 0.000 0.000 0.000 0.000 0.000 0.519 0.443 0.487 0.457 0.000 0.000 0.000 0.000 0.286 0.285 0.261 0.266 0.249 0.256 0.191 0.123 0.000 0.000 0.000 0.000 0.000 0.000 0.000 0.000 0.000 0.099 0.120 0.118 0.000 0.000 0.000 0.000 0.000 0.000 0.000 0.000 0.398 0.462 0.501 0.547 0.517 0.566 0.622 0.620 0.581 0.563 0.519 0.359 0.000 0.000 0.000 0.000 0.000
0.000 0.000 0.000 0.593 0.602 0.594 0.582 0.555 0.529 0.506 0.484 0.463 0.441 0.402 0.345 0.280 0.215 0.000 0.000 0.000 0.000 0.000 0.000 0.381 0.376 0.504 0.462 0.000 0.000 0.000 0.000 0.266 0.261 0.256 0.241 0.240 0.240 0.252 0.223 0.159 0.126 0.000 0.000 0.000 0.000 0.000 0.000 0.000 0.000 0.075 0.147 0.190 0.000 0.000 0.000 0.000 0.000 0.000 0.000 0.000 0.429 0.450 0.510 0.512 0.581 0.571 0.572 0.533 0.524 0.501 0.493 0.502 0.000 0.000 0.000 0.000 0.000
0.000 0.000 0.000 0.000 0.619 0.608 0.589 0.561 0.535 0.510 0.487 0.465 0.444 0.420 0.388 0.328 0.271 0.224 0.183 0.000 0.000 0.000 0.000 0.365 0.437 0.389 0.000 0.000 0.000 0.000 0.000 0.237 0.223 0.227 0.209 0.206 0.211 0.214 0.245 0.181 0.140 0.040 0.000 0.000 0.000 0.000 0.000 0.000 0.226 0.092 0.154 0.247 0.000 0.000 0.000 0.000 0.000 0.000 0.000 0.000 0.489 0.480 0.488 0.576 0.568 0.549 0.565 0.538 0.553 0.573 0.544 0.476 0.000 0.000 0.000 0.000 0.000
0.000 0.000 0.000 0.000 0.000 0.623 0.596 0.568 0.541 0.516 0.492 0.469 0.446 0.421 0.395 0.366 0.320 0.266 0.217 0.187 0.000 0.000 0.367 0.400 0.345 0.402 0.000 0.000 0.000 0.000 0.000 0.196 0.183 0.181 0.181 0.175 0.177 0.197 0.216 0.208 0.154 0.083 0.049 0.049 0.000 0.000 0.000 0.013 0.204 0.128 0.117 0.074 0.117 0.000 0.000 0.000 0.000 0.000 0.000 0.000 0.495 0.486 0.539 0.565 0.607 0.609 0.567 0.523 0.556 0.522 0.451 0.000 0.000 0.000 0.000 0.000 0.000
0.000 0.000 0.000 0.000 0.000 0.000 0.000 0.573 0.546 0.519 0.494 0.469 0.446 0.423 0.400 0.374 0.344 0.310 0.266 0.237 0.291 0.348 0.369 0.365 0.366 0.000 0.000 0.000 0.000 0.000 0.000 0.000 0.155 0.152 0.161 0.161 0.166 0.190 0.219 0.230 0.193 0.153 0.112 0.100 0.096 0.000 0.006 0.000 0.048 0.209 0.150 0.093 0.165 0.000 0.000 0.000 0.000 0.000 0.000 0.378 0.415 0.498 0.563 0.631 0.648 0.638 0.588 0.586 0.554 0.455 0.397 0.000 0.000 0.000 0.000 0.000 0.000
0.000 0.000 0.000 0.000 0.000 0.000 0.000 0.000 0.548 0.521 0.495 0.469 0.447 0.425 0.405 0.378 0.349 0.318 0.295 0.271 0.284 0.331 0.349 0.338 0.000 0.000 0.000 0.000 0.000 0.000 0.000 0.000 0.000 0.000 0.167 0.162 0.173 0.178 0.217 0.205 0.208 0.159 0.106 0.090 0.096 0.085 0.048 0.021 0.003 0.080 0.147 0.101 0.046 0.000 0.000 0.000 0.000 0.000 0.000 0.401 0.369 0.456 0.534 0.575 0.617 0.646 0.595 0.519 0.448 0.363 0.283 0.000 0.000 0.000 0.000 0.000 0.000
0.000 0.000 0.000 0.000 0.000 0.000 0.000 0.000 0.000 0.522 0.496 0.469 0.000 0.001 0.414 0.386 0.356 0.321 0.291 0.275 0.264 0.299 0.302 0.299 0.284 0.266 0.000 0.000 0.000 0.000 0.000 0.000 0.000 0.000 0.134 0.138 0.153 0.202 0.228 0.218 0.212 0.174 0.130 0.117 0.137 0.124 0.124 0.149 0.130 0.114 0.146 0.147 0.000 0.000 0.000 0.000 0.000 0.000 0.000 0.349 0.392 0.455 0.481 0.534 0.584 0.560 0.483 0.434 0.378 0.323 0.371 0.000 0.000 0.000 0.000 0.000 0.000
0.000 0.000 0.000 0.000 0.000 0.000 0.000 0.000 0.000 0.000 0.001 0.001 0.002 0.003 0.001 0.000 0.366 0.331 0.287 0.263 0.255 0.263 0.280 0.273 0.265 0.247 0.239 0.000 0.000 0.000 0.000 0.000 0.000 0.000 0.135 0.000 0.146 0.187 0.211 0.221 0.215 0.201 0.150 0.166 0.179 0.188 0.200 0.186 0.167 0.193 0.215 0.226 0.000 0.000 0.000 0.000 0.000 0.000 0.000 0.327 0.357 0.422 0.486 0.562 0.606 0.546 0.520 0.463 0.376 0.322 0.000 0.000 0.000 0.000 0.000 0.000 0.000
0.000 0.000 0.000 0.000 0.000 0.000 0.000 0.000 0.000 0.002 0.003 0.004 0.004 0.005 0.005 0.004 0.001 0.343 0.298 0.258 0.262 0.269 0.279 0.277 0.270 0.264 0.264 0.269 0.000 0.000 0.000 0.000 0.000 0.000 0.000 0.000 0.000 0.000 0.218 0.192 0.199 0.171 0.168 0.203 0.198 0.234 0.237 0.241 0.235 0.259 0.252 0.256 0.000 0.000 0.000 0.000 0.000 0.000 0.387 0.395 0.376 0.424 0.481 0.572 0.606 0.564 0.507 0.453 0.356 0.263 0.000 0.000 0.000 0.000 0.000 0.000 0.000
0.000 0.000 0.000 0.000 0.000 0.000 0.000 0.000 0.002 0.003 0.004 0.005 0.006 0.006 0.007 0.007 0.006 0.001 0.000 0.291 0.282 0.285 0.280 0.284 0.279 0.283 0.283 0.281 0.270 0.265 0.000 0.000 0.000 0.000 0.000 0.000 0.000 0.000 0.000 0.208 0.208 0.191 0.204 0.251 0.244 0.283 0.296 0.307 0.294 0.305 0.000 0.000 0.000 0.000 0.000 0.000 0.000 0.000 0.468 0.446 0.427 0.447 0.483 0.509 0.537 0.484 0.425 0.366 0.291 0.145 0.000 0.000 0.000 0.000 0.000 0.000 0.000
0.000 0.000 0.000 0.000 0.000 0.000 0.000 0.002 0.003 0.004 0.005 0.006 0.007 0.008 0.008 0.009 0.008 0.008 0.007 0.001 0.303 0.303 0.302 0.302 0.302 0.299 0.296 0.296 0.293 0.288 0.287 0.000 0.000 0.000 0.000 0.000 0.000 0.000 0.000 0.000 0.000 0.218 0.243 0.310 0.314 0.332 0.350 0.371 0.365 0.000 0.000 0.000 0.000 0.000 0.000 0.000 0.000 0.000 0.556 0.510 0.486 0.498 0.498 0.490 0.458 0.409 0.339 0.324 0.321 0.265 0.000 0.000 0.000 0.000 0.000 0.000 0.000
