数据/2hours/0.1-2h-150y/coupled-168-0001.wd
ncols         694
nrows         824
xllcorner     581104.939801
yllcorner     3495917.092414
cellsize      2.000000
NODATA_value  -9999.000000
[rows 680 to 713 of 824, columns 154 to 230 of 694]
0.000 0.000 0.000 0.000 0.000 0.000 0.000 0.000 0.000 0.000 0.000 0.001 0.001 0.000 0.000 0.000 0.001 0.001 0.001 0.001 0.001 0.004 0.002 0.001 0.002 0.002 0.000 0.002 0.002 0.000 0.000 0.000 0.000 0.000 0.000 0.000 0.000 0.000 0.000 0.004 0.006 0.008 0.009 0.011 0.011 0.011 0.008 0.007 0.008 0.015 0.017 0.029 0.002 0.001 0.001 0.001 0.001 0.001 0.001 0.001 0.001 0.001 0.001 0.001 0.000 0.000 0.000 0.000 0.000 0.000 0.000 0.000 0.000 0.000 0.000 0.000 0.000
0.000 0.000 0.000 0.000 0.000 0.000 0.000 0.000 0.000 0.001 0.001 0.001 0.001 0.001 0.001 0.000 0.001 0.001 0.001 0.001 0.001 0.016 0.034 0.000 0.042 0.018 0.001 0.001 0.000 0.000 0.000 0.000 0.000 0.000 0.000 0.000 0.000 0.000 0.001 0.002 0.004 0.006 0.007 0.009 0.010 0.009 0.007 0.005 0.005 0.006 0.008 0.017 0.019 0.018 0.002 0.001 0.001 0.001 0.001 0.001 0.001 0.001 0.001 0.001 0.000 0.000 0.000 0.000 0.000 0.000 0.000 0.000 0.000 0.000 0.000 0.000 0.000
0.000 0.000 0.000 0.000 0.001 0.001 0.001 0.001 0.001 0.001 0.001 0.001 0.001 0.001 0.001 0.001 0.001 0.001 0.001 0.001 0.005 0.040 0.000 0.000 0.000 0.000 0.025 0.001 0.000 0.000 0.000 0.000 0.000 0.000 0.000 0.000 0.000 0.001 0.001 0.001 0.003 0.004 0.006 0.008 0.009 0.008 0.006 0.004 0.004 0.003 0.003 0.006 0.010 0.020 0.032 0.005 0.001 0.001 0.001 0.001 0.001 0.001 0.001 0.001 0.000 0.000 0.000 0.000 0.000 0.000 0.000 0.000 0.000 0.000 0.000 0.000 0.000
0.001 0.000 0.001 0.001 0.001 0.001 0.001 0.001 0.001 0.001 0.001 0.001 0.001 0.001 0.001 0.001 0.001 0.001 0.001 0.001 0.005 0.000 0.000 0.000 0.000 0.000 0.000 0.026 0.002 0.001 0.000 0.000 0.000 0.000 0.000 0.000 0.000 0.001 0.001 0.001 0.002 0.003 0.005 0.007 0.009 0.000 0.002 0.001 0.001 0.001 0.001 0.001 0.003 0.010 0.018 0.021 0.033 0.002 0.001 0.001 0.001 0.001 0.001 0.001 0.000 0.000 0.000 0.000 0.000 0.000 0.000 0.000 0.000 0.000 0.000 0.000 0.000
0.001 0.001 0.001 0.001 0.001 0.001 0.001 0.001 0.001 0.001 0.001 0.001 0.001 0.001 0.001 0.001 0.001 0.001 0.001 0.001 0.005 0.000 0.000 0.000 0.000 0.000 0.000 0.000 0.049 0.027 0.002 0.000 0.000 0.000 0.000 0.000 0.001 0.001 0.001 0.001 0.001 0.003 0.005 0.007 0.000 0.000 0.000 0.000 0.001 0.001 0.001 0.001 0.001 0.002 0.007 0.011 0.019 0.020 0.032 0.001 0.001 0.001 0.001 0.001 0.001 0.001 0.000 0.000 0.000 0.000 0.000 0.000 0.000 0.000 0.000 0.000 0.000
0.001 0.001 0.001 0.001 0.001 0.001 0.001 0.001 0.001 0.001 0.001 0.001 0.001 0.001 0.001 0.001 0.001 0.001 0.001 0.001 0.003 0.003 0.000 0.000 0.000 0.000 0.000 0.000 0.000 0.000 0.049 0.027 0.002 0.000 0.000 0.001 0.001 0.001 0.001 0.001 0.001 0.002 0.004 0.006 0.000 0.002 0.003 0.004 0.000 0.000 0.001 0.001 0.001 0.001 0.001 0.002 0.007 0.010 0.019 0.021 0.019 0.001 0.001 0.001 0.001 0.001 0.001 0.001 0.000 0.000 0.000 0.000 0.000 0.000 0.000 0.000 0.000
0.001 0.001 0.001 0.001 0.001 0.001 0.001 0.001 0.001 0.001 0.001 0.001 0.001 0.001 0.001 0.001 0.001 0.001 0.001 0.001 0.002 0.004 0.000 0.000 0.000 0.000 0.000 0.000 0.000 0.000 0.000 0.000 0.027 0.002 0.000 0.001 0.001 0.001 0.001 0.001 0.001 0.002 0.003 0.000 0.000 0.001 0.001 0.001 0.001 0.014 0.000 0.000 0.001 0.001 0.001 0.001 0.001 0.002 0.007 0.011 0.020 0.033 0.006 0.001 0.001 0.001 0.001 0.000 0.001 0.001 0.000 0.000 0.000 0.000 0.000 0.000 0.000
0.001 0.001 0.001 0.001 0.001 0.001 0.001 0.001 0.001 0.001 0.001 0.001 0.001 0.001 0.001 0.001 0.001 0.001 0.001 0.001 0.003 0.003 0.003 0.003 0.000 0.000 0.000 0.000 0.000 0.000 0.000 0.000 0.000 0.027 0.002 0.001 0.001 0.001 0.001 0.001 0.001 0.002 0.000 0.000 0.001 0.001 0.001 0.001 0.001 0.008 0.000 0.000 0.000 0.000 0.001 0.001 0.001 0.001 0.001 0.003 0.011 0.020 0.023 0.036 0.001 0.001 0.001 0.001 0.001 0.001 0.001 0.001 0.000 0.000 0.000 0.000 0.000
0.001 0.001 0.001 0.001 0.001 0.001 0.001 0.001 0.001 0.001 0.001 0.001 0.001 0.001 0.001 0.001 0.001 0.001 0.025 0.000 0.000 0.003 0.003 0.003 0.009 0.000 0.000 0.000 0.000 0.000 0.000 0.000 0.000 0.000 0.001 0.001 0.001 0.001 0.001 0.001 0.001 0.001 0.000 0.001 0.001 0.001 0.001 0.001 0.001 0.001 0.008 0.000 0.000 0.007 0.000 0.000 0.001 0.001 0.001 0.001 0.003 0.009 0.013 0.021 0.023 0.037 0.001 0.001 0.001 0.001 0.001 0.001 0.001 0.001 0.001 0.001 0.000
0.001 0.001 0.001 0.001 0.001 0.001 0.001 0.001 0.001 0.001 0.001 0.001 0.001 0.001 0.001 0.001 0.001 0.025 0.000 0.000 0.000 0.000 0.002 0.006 0.031 0.062 0.000 0.124 0.000 0.000 0.000 0.000 0.000 0.019 0.003 0.001 0.001 0.001 0.001 0.001 0.001 0.000 0.000 0.001 0.001 0.001 0.001 0.001 0.001 0.001 0.001 0.001 0.001 0.001 0.001 0.008 0.000 0.000 0.001 0.001 0.001 0.001 0.003 0.008 0.014 0.027 0.046 0.054 0.001 0.001 0.001 0.001 0.001 0.001 0.001 0.001 0.001
0.014 0.001 0.001 0.001 0.001 0.001 0.001 0.001 0.001 0.001 0.001 0.001 0.001 0.001 0.001 0.001 0.001 0.000 0.000 0.000 0.000 0.000 0.000 0.000 0.054 0.085 0.117 0.148 0.000 0.000 0.000 0.000 0.107 0.084 0.031 0.001 0.001 0.001 0.001 0.001 0.001 0.003 0.005 0.000 0.000 0.001 0.001 0.001 0.001 0.001 0.001 0.001 0.001 0.001 0.001 0.001 0.001 0.002 0.001 0.001 0.001 0.001 0.001 0.001 0.005 0.016 0.040 0.069 0.100 0.075 0.001 0.001 0.001 0.001 0.001 0.001 0.001
0.016 0.018 0.001 0.001 0.001 0.001 0.001 0.001 0.001 0.001 0.001 0.001 0.001 0.001 0.001 0.001 0.001 0.000 0.000 0.000 0.000 0.000 0.000 0.000 0.000 0.109 0.139 0.170 0.202 0.000 0.000 0.000 0.170 0.130 0.062 0.002 0.000 0.033 0.001 0.001 0.001 0.001 0.003 0.004 0.005 0.000 0.000 0.001 0.001 0.001 0.001 0.001 0.001 0.001 0.001 0.001 0.001 0.002 0.000 0.000 0.000 0.001 0.001 0.001 0.002 0.013 0.035 0.065 0.095 0.124 0.152 0.135 0.111 0.083 0.047 0.007 0.001
0.040 0.053 0.043 0.014 0.001 0.001 0.001 0.001 0.001 0.001 0.001 0.001 0.001 0.001 0.001 0.001 0.001 0.000 0.000 0.000 0.000 0.000 0.000 0.000 0.000 0.000 0.000 0.193 0.225 0.256 0.279 0.256 0.227 0.160 0.093 0.000 0.000 0.000 0.033 0.001 0.001 0.001 0.001 0.002 0.003 0.004 0.005 0.000 0.001 0.001 0.001 0.001 0.001 0.001 0.001 0.001 0.002 0.000 0.000 0.000 0.000 0.000 0.001 0.001 0.001 0.009 0.031 0.060 0.089 0.124 0.159 0.112 0.024 0.001 0.001 0.001 0.001
0.064 0.077 0.091 0.068 0.038 0.010 0.001 0.001 0.001 0.001 0.001 0.001 0.001 0.001 0.001 0.001 0.001 0.001 0.001 0.000 0.000 0.000 0.000 0.000 0.000 0.000 0.000 0.000 0.247 0.278 0.310 0.319 0.258 0.190 0.123 0.000 0.000 0.000 0.000 0.033 0.001 0.001 0.001 0.001 0.001 0.002 0.003 0.003 0.001 0.001 0.001 0.001 0.001 0.001 0.001 0.001 0.001 0.000 0.000 0.000 0.000 0.000 0.001 0.001 0.001 0.005 0.029 0.064 0.099 0.135 0.158 0.098 0.016 0.001 0.001 0.001 0.001
0.089 0.102 0.116 0.121 0.092 0.064 0.035 0.005 0.001 0.001 0.001 0.001 0.001 0.001 0.000 0.001 0.001 0.001 0.001 0.001 0.000 0.000 0.000 0.000 0.000 0.000 0.000 0.000 0.000 0.283 0.317 0.333 0.283 0.216 0.000 0.000 0.000 0.000 0.000 0.057 0.001 0.001 0.001 0.001 0.001 0.001 0.001 0.001 0.001 0.001 0.001 0.001 0.001 0.001 0.001 0.001 0.000 0.000 0.000 0.000 0.000 0.000 0.001 0.001 0.001 0.005 0.041 0.076 0.111 0.146 0.138 0.079 0.004 0.001 0.001 0.001 0.001
0.113 0.126 0.139 0.153 0.147 0.117 0.087 0.060 0.030 0.002 0.001 0.001 0.001 0.000 0.000 0.000 0.000 0.001 0.001 0.001 0.001 0.000 0.000 0.000 0.000 0.000 0.000 0.000 0.250 0.285 0.313 0.315 0.307 0.000 0.000 0.000 0.000 0.000 0.148 0.081 0.012 0.001 0.001 0.001 0.001 0.001 0.001 0.001 0.001 0.001 0.001 0.001 0.001 0.001 0.001 0.001 0.000 0.000 0.000 0.000 0.000 0.000 0.001 0.001 0.001 0.016 0.051 0.087 0.122 0.158 0.118 0.060 0.001 0.001 0.001 0.001 0.001
0.137 0.151 0.164 0.177 0.190 0.171 0.141 0.112 0.083 0.055 0.009 0.001 0.000 0.000 0.000 0.000 0.000 0.000 0.000 0.001 0.001 0.013 0.047 0.000 0.000 0.000 0.000 0.000 0.252 0.287 0.292 0.295 0.296 0.000 0.000 0.000 0.000 0.000 0.000 0.104 0.037 0.001 0.001 0.001 0.001 0.001 0.001 0.001 0.001 0.001 0.001 0.001 0.001 0.001 0.001 0.001 0.000 0.000 0.000 0.000 0.000 0.000 0.001 0.001 0.001 0.025 0.061 0.097 0.133 0.157 0.098 0.040 0.001 0.001 0.001 0.001 0.001
0.162 0.174 0.188 0.201 0.213 0.224 0.196 0.166 0.137 0.106 0.051 0.001 0.000 0.000 0.000 0.000 0.000 0.000 0.000 0.001 0.001 0.014 0.049 0.083 0.000 0.000 0.000 0.219 0.254 0.272 0.273 0.274 0.000 0.000 0.000 0.000 0.000 0.000 0.000 0.000 0.000 0.022 0.008 0.001 0.001 0.001 0.001 0.001 0.001 0.001 0.001 0.001 0.001 0.001 0.001 0.001 0.000 0.000 0.000 0.000 0.000 0.000 0.001 0.001 0.003 0.035 0.071 0.107 0.143 0.137 0.078 0.021 0.001 0.001 0.001 0.001 0.001
0.191 0.202 0.213 0.226 0.238 0.251 0.249 0.221 0.192 0.148 0.093 0.000 0.000 0.000 0.000 0.000 0.000 0.000 0.000 0.000 0.000 0.000 0.051 0.085 0.119 0.153 0.187 0.222 0.250 0.251 0.253 0.000 0.000 0.000 0.000 0.000 0.000 0.000 0.000 0.000 0.000 0.041 0.027 0.013 0.001 0.001 0.001 0.001 0.001 0.001 0.001 0.001 0.001 0.001 0.001 0.014 0.000 0.000 0.000 0.000 0.000 0.000 0.001 0.001 0.009 0.045 0.082 0.118 0.153 0.116 0.057 0.002 0.001 0.001 0.001 0.001 0.001
0.221 0.231 0.242 0.253 0.263 0.275 0.288 0.274 0.245 0.190 0.000 0.000 0.000 0.000 0.000 0.000 0.000 0.000 0.000 0.000 0.000 0.000 0.053 0.087 0.120 0.155 0.189 0.224 0.230 0.232 0.234 0.000 0.000 0.000 0.000 0.000 0.000 0.000 0.000 0.000 0.000 0.060 0.000 0.032 0.018 0.005 0.001 0.001 0.001 0.001 0.001 0.001 0.001 0.001 0.001 0.025 0.000 0.000 0.000 0.000 0.000 0.001 0.001 0.001 0.018 0.055 0.092 0.128 0.154 0.095 0.036 0.001 0.001 0.001 0.001 0.001 0.001
0.250 0.261 0.271 0.283 0.293 0.304 0.314 0.327 0.289 0.234 0.178 0.124 0.000 0.000 0.000 0.000 0.000 0.000 0.000 0.000 0.000 0.000 0.000 0.000 0.122 0.157 0.191 0.208 0.211 0.212 0.000 0.000 0.000 0.000 0.207 0.000 0.000 0.000 0.000 0.000 0.000 0.000 0.000 0.000 0.000 0.024 0.010 0.001 0.001 0.001 0.001 0.001 0.001 0.001 0.002 0.036 0.000 0.000 0.000 0.000 0.000 0.001 0.001 0.001 0.030 0.066 0.102 0.138 0.134 0.074 0.017 0.001 0.001 0.001 0.001 0.001 0.000
0.280 0.290 0.301 0.311 0.323 0.333 0.345 0.354 0.329 0.276 0.221 0.166 0.111 0.000 0.000 0.000 0.000 0.000 0.000 0.000 0.000 0.000 0.000 0.000 0.000 0.158 0.188 0.189 0.191 0.000 0.000 0.000 0.000 0.187 0.189 0.190 0.166 0.000 0.000 0.000 0.000 0.000 0.000 0.000 0.000 0.000 0.030 0.016 0.001 0.001 0.001 0.001 0.013 0.000 0.000 0.048 0.000 0.000 0.000 0.000 0.000 0.001 0.001 0.007 0.041 0.077 0.112 0.149 0.113 0.054 0.002 0.001 0.001 0.001 0.000 0.000 0.000
0.000 0.319 0.330 0.341 0.352 0.362 0.373 0.360 0.333 0.304 0.264 0.209 0.154 0.099 0.044 0.000 0.000 0.000 0.000 0.000 0.000 0.000 0.000 0.000 0.000 0.160 0.167 0.168 0.171 0.000 0.000 0.000 0.000 0.166 0.168 0.170 0.171 0.122 0.000 0.000 0.000 0.000 0.000 0.000 0.000 0.000 0.000 0.000 0.001 0.001 0.001 0.001 0.000 0.000 0.000 0.000 0.000 0.000 0.000 0.000 0.000 0.001 0.001 0.015 0.051 0.087 0.123 0.151 0.092 0.033 0.001 0.001 0.001 0.000 0.000 0.000 0.000
0.000 0.000 0.359 0.371 0.381 0.392 0.383 0.363 0.335 0.308 0.280 0.251 0.197 0.141 0.086 0.032 0.000 0.000 0.000 0.000 0.000 0.000 0.000 0.000 0.126 0.145 0.147 0.148 0.000 0.000 0.000 0.000 0.145 0.147 0.149 0.150 0.151 0.145 0.078 0.009 0.000 0.000 0.000 0.000 0.000 0.000 0.000 0.000 0.000 0.001 0.001 0.001 0.000 0.000 0.000 0.000 0.000 0.000 0.000 0.000 0.001 0.001 0.001 0.026 0.063 0.097 0.134 0.132 0.072 0.014 0.001 0.001 0.000 0.000 0.000 0.000 0.000
0.000 0.000 0.000 0.399 0.410 0.404 0.394 0.366 0.338 0.311 0.282 0.255 0.228 0.184 0.129 0.074 0.019 0.000 0.000 0.000 0.000 0.000 0.000 0.094 0.124 0.126 0.128 0.000 0.000 0.000 0.000 0.124 0.126 0.128 0.129 0.131 0.132 0.134 0.101 0.033 0.001 0.000 0.000 0.000 0.000 0.000 0.000 0.000 0.000 0.001 0.001 0.001 0.000 0.000 0.000 0.000 0.000 0.000 0.000 0.000 0.001 0.001 0.002 0.037 0.073 0.110 0.145 0.112 0.052 0.002 0.001 0.001 0.000 0.000 0.000 0.000 0.000
0.000 0.000 0.000 0.000 0.422 0.413 0.396 0.369 0.341 0.313 0.286 0.258 0.230 0.202 0.172 0.117 0.061 0.006 0.001 0.000 0.000 0.000 0.000 0.096 0.103 0.105 0.000 0.000 0.000 0.000 0.000 0.104 0.107 0.108 0.110 0.110 0.112 0.114 0.115 0.057 0.001 0.001 0.000 0.000 0.000 0.000 0.000 0.000 0.001 0.001 0.001 0.001 0.000 0.000 0.000 0.000 0.000 0.000 0.000 0.000 0.001 0.001 0.010 0.048 0.084 0.120 0.150 0.091 0.033 0.001 0.001 0.001 0.000 0.000 0.000 0.000 0.000
0.000 0.000 0.000 0.000 0.000 0.423 0.399 0.371 0.343 0.316 0.288 0.261 0.234 0.205 0.178 0.150 0.103 0.048 0.001 0.001 0.000 0.000 0.064 0.083 0.085 0.085 0.000 0.000 0.000 0.000 0.000 0.086 0.086 0.089 0.089 0.092 0.093 0.094 0.096 0.081 0.013 0.001 0.001 0.001 0.000 0.000 0.000 0.001 0.001 0.001 0.001 0.001 0.001 0.000 0.000 0.000 0.000 0.000 0.000 0.000 0.001 0.001 0.021 0.058 0.094 0.131 0.129 0.071 0.014 0.001 0.001 0.000 0.000 0.000 0.000 0.000 0.000
0.000 0.000 0.000 0.000 0.000 0.000 0.000 0.374 0.346 0.319 0.291 0.264 0.236 0.208 0.180 0.153 0.125 0.091 0.036 0.001 0.001 0.032 0.062 0.063 0.064 0.000 0.000 0.000 0.000 0.000 0.000 0.000 0.067 0.069 0.070 0.072 0.073 0.074 0.076 0.078 0.037 0.001 0.001 0.001 0.001 0.000 0.001 0.001 0.001 0.001 0.001 0.001 0.001 0.000 0.000 0.000 0.000 0.000 0.000 0.001 0.001 0.001 0.032 0.069 0.105 0.140 0.109 0.051 0.001 0.001 0.001 0.000 0.000 0.000 0.000 0.000 0.000
0.000 0.000 0.000 0.000 0.000 0.000 0.000 0.000 0.349 0.322 0.294 0.266 0.239 0.211 0.183 0.156 0.128 0.100 0.072 0.023 0.001 0.034 0.042 0.043 0.000 0.000 0.000 0.000 0.000 0.000 0.000 0.000 0.000 0.000 0.050 0.052 0.053 0.056 0.056 0.059 0.059 0.001 0.001 0.001 0.001 0.001 0.001 0.001 0.001 0.001 0.001 0.001 0.014 0.000 0.000 0.000 0.000 0.000 0.000 0.001 0.001 0.005 0.042 0.078 0.115 0.147 0.088 0.031 0.001 0.001 0.001 0.000 0.000 0.000 0.000 0.000 0.000
0.000 0.000 0.000 0.000 0.000 0.000 0.000 0.000 0.000 0.326 0.297 0.270 0.001 0.001 0.187 0.159 0.131 0.103 0.075 0.046 0.008 0.018 0.019 0.019 0.018 0.019 0.000 0.000 0.000 0.000 0.000 0.000 0.000 0.000 0.030 0.033 0.034 0.035 0.037 0.038 0.040 0.017 0.001 0.001 0.001 0.001 0.001 0.001 0.001 0.001 0.001 0.001 0.000 0.000 0.000 0.000 0.000 0.000 0.000 0.001 0.001 0.014 0.051 0.087 0.123 0.125 0.067 0.011 0.001 0.001 0.001 0.000 0.000 0.000 0.000 0.000 0.000
0.000 0.000 0.000 0.000 0.000 0.000 0.000 0.000 0.000 0.000 0.001 0.000 0.003 0.003 0.001 0.000 0.135 0.106 0.078 0.048 0.022 0.017 0.013 0.010 0.007 0.005 0.001 0.000 0.000 0.000 0.000 0.000 0.000 0.000 0.012 0.000 0.014 0.016 0.017 0.019 0.021 0.022 0.001 0.001 0.001 0.001 0.001 0.001 0.001 0.001 0.001 0.001 0.000 0.000 0.000 0.000 0.000 0.000 0.000 0.001 0.004 0.022 0.059 0.096 0.132 0.103 0.046 0.001 0.001 0.001 0.000 0.000 0.000 0.000 0.000 0.000 0.000
0.000 0.000 0.000 0.000 0.000 0.000 0.000 0.000 0.000 0.002 0.003 0.004 0.005 0.005 0.005 0.004 0.000 0.107 0.080 0.049 0.033 0.026 0.021 0.017 0.012 0.008 0.004 0.001 0.000 0.000 0.000 0.000 0.000 0.000 0.000 0.000 0.000 0.000 0.008 0.005 0.003 0.002 0.001 0.001 0.001 0.001 0.001 0.001 0.001 0.001 0.014 0.027 0.000 0.000 0.000 0.000 0.000 0.000 0.007 0.017 0.032 0.045 0.068 0.104 0.139 0.080 0.027 0.001 0.001 0.001 0.000 0.000 0.000 0.000 0.000 0.000 0.000
0.000 0.000 0.000 0.000 0.000 0.000 0.000 0.000 0.002 0.003 0.004 0.005 0.006 0.006 0.006 0.006 0.005 0.001 0.000 0.059 0.048 0.041 0.034 0.030 0.023 0.016 0.011 0.008 0.002 0.001 0.000 0.000 0.000 0.000 0.000 0.000 0.000 0.000 0.000 0.012 0.009 0.004 0.002 0.002 0.001 0.001 0.001 0.001 0.001 0.012 0.000 0.000 0.000 0.000 0.000 0.000 0.000 0.000 0.040 0.054 0.067 0.081 0.094 0.115 0.117 0.057 0.006 0.001 0.001 0.001 0.000 0.000 0.000 0.000 0.000 0.000 0.000
0.000 0.000 0.000 0.000 0.000 0.000 0.000 0.002 0.003 0.004 0.005 0.006 0.007 0.007 0.008 0.008 0.008 0.007 0.006 0.001 0.065 0.060 0.052 0.044 0.033 0.028 0.021 0.018 0.012 0.009 0.002 0.000 0.000 0.000 0.000 0.000 0.000 0.000 0.000 0.000 0.000 0.003 0.002 0.002 0.002 0.001 0.001 0.001 0.003 0.000 0.000 0.000 0.000 0.000 0.000 0.000 0.000 0.000 0.097 0.107 0.118 0.129 0.140 0.144 0.102 0.035 0.001 0.001 0.001 0.001 0.000 0.000 0.000 0.000 0.000 0.000 0.000
