数据/2hours/0.1-2h-150y/coupled-123-0001.wd
ncols         694
nrows         824
xllcorner     581104.939801
yllcorner     3495917.092414
cellsize      2.000000
NODATA_value  -9999.000000
[rows 714 to 747 of 824, columns 154 to 230 of 694]
0.000 0.000 0.000 0.000 0.000 0.000 0.002 0.003 0.004 0.005 0.006 0.007 0.008 0.009 0.010 0.010 0.011 0.011 0.010 0.009 0.001 0.001 0.346 0.347 0.343 0.335 0.333 0.331 0.326 0.327 0.331 0.334 0.000 0.000 0.000 0.000 0.000 0.000 0.000 0.000 0.000 0.000 0.351 0.401 0.422 0.431 0.439 0.452 0.466 0.000 0.000 0.000 0.000 0.000 0.000 0.000 0.000 0.000 0.516 0.522 0.527 0.535 0.508 0.476 0.491 0.417 0.334 0.248 0.214 0.155 0.000 0.000 0.000 0.000 0.000 0.000 0.000
0.000 0.000 0.000 0.000 0.000 0.002 0.003 0.004 0.005 0.006 0.007 0.008 0.009 0.010 0.011 0.011 0.012 0.013 0.013 0.013 0.012 0.011 0.001 0.366 0.368 0.360 0.355 0.354 0.350 0.351 0.348 0.345 0.334 0.329 0.000 0.000 0.000 0.000 0.000 0.000 0.000 0.337 0.390 0.447 0.487 0.496 0.505 0.515 0.527 0.000 0.000 0.000 0.000 0.000 0.000 0.000 0.000 0.000 0.565 0.562 0.557 0.522 0.503 0.473 0.493 0.450 0.366 0.289 0.201 0.127 0.000 0.000 0.000 0.000 0.000 0.000 0.000
0.000 0.000 0.000 0.000 0.001 0.003 0.004 0.005 0.006 0.007 0.008 0.009 0.010 0.011 0.012 0.013 0.013 0.014 0.015 0.016 0.016 0.017 0.016 0.001 0.002 0.381 0.377 0.373 0.369 0.369 0.366 0.363 0.353 0.349 0.348 0.000 0.000 0.000 0.000 0.000 0.331 0.380 0.436 0.487 0.544 0.561 0.567 0.580 0.583 0.000 0.000 0.000 0.000 0.000 0.000 0.000 0.000 0.596 0.568 0.548 0.537 0.503 0.486 0.474 0.495 0.490 0.399 0.323 0.240 0.000 0.000 0.000 0.000 0.000 0.000 0.000 0.000
0.000 0.000 0.000 0.000 0.002 0.004 0.005 0.006 0.007 0.008 0.009 0.010 0.011 0.012 0.013 0.014 0.014 0.016 0.017 0.018 0.019 0.021 0.023 0.025 0.029 0.005 0.397 0.395 0.390 0.386 0.383 0.380 0.375 0.373 0.374 0.371 0.375 0.000 0.000 0.000 0.361 0.423 0.474 0.531 0.590 0.623 0.637 0.646 0.000 0.000 0.000 0.000 0.000 0.000 0.000 0.000 0.000 0.583 0.554 0.537 0.510 0.501 0.471 0.470 0.482 0.499 0.447 0.371 0.293 0.000 0.000 0.000 0.000 0.000 0.000 0.000 0.000
0.000 0.000 0.000 0.001 0.003 0.005 0.006 0.007 0.008 0.009 0.009 0.010 0.011 0.012 0.013 0.014 0.015 0.017 0.018 0.020 0.021 0.024 0.028 0.034 0.046 0.068 0.005 0.415 0.411 0.409 0.402 0.401 0.397 0.397 0.397 0.393 0.393 0.391 0.000 0.379 0.409 0.464 0.520 0.576 0.628 0.681 0.698 0.710 0.000 0.000 0.000 0.000 0.000 0.000 0.000 0.000 0.000 0.583 0.556 0.525 0.494 0.481 0.455 0.487 0.501 0.511 0.487 0.420 0.000 0.000 0.000 0.000 0.000 0.000 0.000 0.000 0.000
0.000 0.000 0.000 0.001 0.003 0.005 0.006 0.007 0.008 0.009 0.010 0.011 0.012 0.013 0.014 0.015 0.016 0.017 0.019 0.020 0.023 0.025 0.029 0.033 0.039 0.046 0.030 0.001 0.001 0.427 0.424 0.422 0.414 0.417 0.413 0.410 0.411 0.410 0.409 0.401 0.451 0.507 0.557 0.616 0.674 0.728 0.761 0.773 0.000 0.000 0.000 0.000 0.000 0.000 0.000 0.000 0.000 0.576 0.545 0.524 0.494 0.477 0.463 0.491 0.503 0.521 0.517 0.465 0.000 0.000 0.000 0.000 0.000 0.000 0.000 0.000 0.000
0.000 0.000 0.000 0.001 0.003 0.005 0.006 0.007 0.008 0.009 0.010 0.011 0.012 0.013 0.014 0.015 0.016 0.018 0.019 0.021 0.023 0.025 0.027 0.030 0.034 0.035 0.028 0.020 0.013 0.000 0.447 0.444 0.438 0.435 0.431 0.431 0.433 0.429 0.431 0.000 0.000 0.544 0.601 0.657 0.713 0.769 0.823 0.835 0.840 0.817 0.000 0.000 0.000 0.000 0.000 0.000 0.588 0.564 0.550 0.518 0.491 0.479 0.482 0.491 0.500 0.506 0.511 0.497 0.000 0.000 0.000 0.000 0.000 0.000 0.000 0.000 0.000
0.000 0.000 0.000 0.001 0.003 0.005 0.006 0.007 0.008 0.009 0.010 0.011 0.012 0.013 0.014 0.015 0.016 0.018 0.019 0.021 0.022 0.024 0.026 0.028 0.029 0.029 0.025 0.021 0.017 0.012 0.001 0.461 0.458 0.453 0.448 0.455 0.454 0.449 0.000 0.000 0.000 0.000 0.640 0.703 0.758 0.814 0.865 0.864 0.837 0.806 0.771 0.743 0.000 0.000 0.000 0.000 0.574 0.543 0.528 0.499 0.474 0.473 0.472 0.472 0.493 0.492 0.486 0.000 0.000 0.000 0.000 0.000 0.000 0.000 0.000 0.000 0.000
0.000 0.000 0.000 0.001 0.003 0.005 0.006 0.007 0.008 0.009 0.010 0.011 0.012 0.013 0.014 0.015 0.016 0.018 0.019 0.020 0.021 0.023 0.024 0.025 0.026 0.025 0.023 0.020 0.017 0.014 0.010 0.001 0.001 0.472 0.473 0.474 0.466 0.000 0.000 0.000 0.000 0.000 0.000 0.744 0.801 0.827 0.847 0.000 0.000 0.790 0.763 0.732 0.691 0.651 0.000 0.000 0.565 0.539 0.515 0.486 0.473 0.474 0.472 0.468 0.483 0.485 0.490 0.000 0.000 0.000 0.000 0.000 0.000 0.000 0.000 0.000 0.000
0.000 0.000 0.000 0.001 0.003 0.005 0.006 0.007 0.008 0.009 0.010 0.011 0.012 0.013 0.014 0.015 0.016 0.017 0.018 0.019 0.020 0.022 0.022 0.023 0.023 0.023 0.021 0.019 0.017 0.015 0.012 0.009 0.006 0.000 0.500 0.497 0.000 0.000 0.000 0.000 0.000 0.000 0.000 0.762 0.782 0.805 0.825 0.000 0.000 0.000 0.000 0.713 0.675 0.639 0.614 0.584 0.559 0.536 0.511 0.487 0.480 0.480 0.478 0.490 0.486 0.483 0.495 0.000 0.000 0.000 0.000 0.000 0.000 0.000 0.000 0.000 0.000
0.000 0.000 0.000 0.001 0.003 0.005 0.006 0.007 0.008 0.009 0.010 0.011 0.012 0.013 0.014 0.015 0.016 0.017 0.018 0.019 0.019 0.020 0.021 0.021 0.021 0.021 0.020 0.018 0.017 0.015 0.013 0.011 0.009 0.006 0.001 0.519 0.504 0.000 0.000 0.000 0.000 0.000 0.000 0.739 0.762 0.784 0.804 0.810 0.000 0.000 0.000 0.000 0.000 0.612 0.603 0.582 0.552 0.535 0.477 0.475 0.481 0.491 0.490 0.488 0.481 0.501 0.000 0.000 0.000 0.000 0.000 0.000 0.000 0.000 0.000 0.000 0.000
0.000 0.000 0.000 0.001 0.003 0.005 0.006 0.007 0.008 0.009 0.010 0.011 0.012 0.013 0.014 0.014 0.015 0.016 0.017 0.018 0.018 0.019 0.020 0.020 0.020 0.019 0.018 0.017 0.016 0.015 0.013 0.011 0.010 0.008 0.005 0.001 0.505 0.493 0.000 0.000 0.000 0.000 0.000 0.000 0.744 0.000 0.000 0.783 0.766 0.000 0.000 0.000 0.000 0.000 0.000 0.574 0.551 0.519 0.496 0.472 0.469 0.483 0.486 0.491 0.496 0.504 0.000 0.000 0.000 0.000 0.000 0.000 0.000 0.000 0.000 0.000 0.000
0.000 0.000 0.000 0.000 0.002 0.004 0.006 0.007 0.008 0.009 0.010 0.011 0.011 0.012 0.013 0.014 0.015 0.015 0.016 0.017 0.017 0.018 0.018 0.019 0.018 0.018 0.017 0.016 0.015 0.014 0.013 0.011 0.010 0.008 0.007 0.005 0.000 0.504 0.518 0.000 0.000 0.000 0.000 0.000 0.000 0.000 0.000 0.000 0.738 0.000 0.000 0.000 0.000 0.000 0.576 0.550 0.538 0.521 0.492 0.474 0.477 0.484 0.493 0.499 0.497 0.506 0.000 0.000 0.000 0.000 0.000 0.000 0.000 0.000 0.000 0.000 0.000
0.000 0.000 0.000 0.000 0.002 0.003 0.005 0.006 0.007 0.008 0.009 0.010 0.011 0.012 0.013 0.013 0.014 0.015 0.015 0.016 0.017 0.017 0.017 0.017 0.017 0.017 0.016 0.015 0.015 0.014 0.012 0.011 0.010 0.009 0.007 0.006 0.004 0.000 0.491 0.512 0.000 0.000 0.000 0.000 0.000 0.000 0.000 0.000 0.710 0.000 0.000 0.000 0.000 0.000 0.578 0.533 0.513 0.505 0.470 0.474 0.479 0.492 0.508 0.506 0.521 0.000 0.000 0.000 0.000 0.000 0.000 0.000 0.000 0.000 0.000 0.000 0.000
0.000 0.000 0.000 0.000 0.000 0.003 0.004 0.006 0.007 0.008 0.009 0.010 0.011 0.011 0.012 0.013 0.013 0.014 0.015 0.015 0.016 0.016 0.016 0.016 0.016 0.016 0.015 0.015 0.014 0.013 0.012 0.011 0.010 0.009 0.007 0.006 0.005 0.003 0.001 0.485 0.509 0.000 0.000 0.000 0.000 0.000 0.000 0.685 0.682 0.000 0.000 0.000 0.000 0.582 0.553 0.525 0.502 0.487 0.474 0.487 0.492 0.495 0.508 0.514 0.517 0.529 0.544 0.000 0.000 0.000 0.000 0.000 0.000 0.000 0.000 0.000 0.000
0.000 0.000 0.000 0.000 0.000 0.002 0.003 0.005 0.006 0.007 0.008 0.009 0.010 0.011 0.011 0.012 0.013 0.013 0.014 0.014 0.015 0.015 0.015 0.015 0.015 0.015 0.014 0.014 0.013 0.012 0.011 0.010 0.009 0.008 0.007 0.006 0.005 0.003 0.001 0.000 0.482 0.504 0.000 0.000 0.000 0.000 0.000 0.000 0.000 0.000 0.000 0.000 0.000 0.558 0.542 0.513 0.497 0.477 0.475 0.492 0.506 0.500 0.497 0.508 0.519 0.532 0.537 0.553 0.575 0.000 0.000 0.000 0.000 0.000 0.000 0.000 0.000
0.000 0.000 0.000 0.000 0.000 0.000 0.002 0.004 0.005 0.006 0.007 0.008 0.009 0.010 0.011 0.011 0.012 0.013 0.013 0.013 0.014 0.014 0.014 0.014 0.014 0.014 0.013 0.013 0.012 0.012 0.011 0.010 0.009 0.008 0.007 0.006 0.005 0.003 0.001 0.000 0.000 0.477 0.488 0.509 0.000 0.000 0.000 0.000 0.000 0.000 0.000 0.000 0.532 0.543 0.516 0.515 0.491 0.475 0.479 0.492 0.506 0.507 0.514 0.524 0.534 0.551 0.553 0.555 0.568 0.562 0.572 0.000 0.000 0.000 0.000 0.000 0.000
0.000 0.000 0.000 0.000 0.000 0.000 0.001 0.003 0.004 0.005 0.007 0.008 0.009 0.009 0.010 0.011 0.011 0.012 0.012 0.013 0.013 0.013 0.013 0.013 0.013 0.013 0.012 0.012 0.011 0.011 0.010 0.009 0.008 0.007 0.006 0.005 0.004 0.002 0.000 0.000 0.000 0.000 0.465 0.484 0.501 0.000 0.000 0.000 0.000 0.000 0.000 0.000 0.514 0.521 0.506 0.498 0.484 0.474 0.489 0.495 0.503 0.512 0.526 0.533 0.543 0.558 0.552 0.561 0.564 0.573 0.578 0.577 0.533 0.000 0.000 0.000 0.000
0.000 0.000 0.000 0.000 0.000 0.000 0.000 0.001 0.003 0.004 0.006 0.007 0.008 0.009 0.009 0.010 0.011 0.011 0.011 0.012 0.012 0.012 0.012 0.012 0.012 0.012 0.012 0.011 0.011 0.010 0.009 0.008 0.007 0.006 0.005 0.004 0.003 0.001 0.000 0.000 0.000 0.000 0.000 0.457 0.480 0.502 0.000 0.000 0.000 0.000 0.000 0.509 0.492 0.496 0.473 0.468 0.477 0.470 0.484 0.505 0.506 0.511 0.530 0.531 0.538 0.000 0.000 0.000 0.565 0.576 0.579 0.580 0.569 0.478 0.405 0.000 0.000
0.000 0.000 0.000 0.000 0.000 0.000 0.000 0.000 0.002 0.003 0.005 0.006 0.007 0.008 0.008 0.009 0.010 0.010 0.011 0.011 0.011 0.011 0.011 0.011 0.011 0.011 0.011 0.010 0.010 0.009 0.008 0.007 0.006 0.005 0.004 0.003 0.002 0.000 0.000 0.000 0.000 0.000 0.000 0.000 0.457 0.474 0.500 0.000 0.000 0.000 0.000 0.490 0.481 0.463 0.458 0.464 0.467 0.469 0.482 0.489 0.497 0.514 0.523 0.520 0.543 0.000 0.000 0.000 0.000 0.000 0.565 0.571 0.585 0.520 0.477 0.443 0.000
0.000 0.000 0.000 0.000 0.000 0.000 0.000 0.000 0.000 0.002 0.003 0.005 0.006 0.007 0.007 0.008 0.009 0.009 0.010 0.010 0.010 0.010 0.010 0.010 0.010 0.010 0.010 0.009 0.009 0.008 0.007 0.006 0.005 0.004 0.003 0.002 0.000 0.000 0.000 0.000 0.000 0.000 0.000 0.000 0.436 0.455 0.483 0.495 0.000 0.498 0.485 0.460 0.457 0.457 0.451 0.458 0.458 0.457 0.473 0.482 0.501 0.513 0.518 0.534 0.000 0.000 0.000 0.000 0.000 0.000 0.000 0.578 0.585 0.587 0.541 0.507 0.000
0.000 0.000 0.000 0.000 0.000 0.000 0.000 0.000 0.000 0.000 0.002 0.003 0.004 0.005 0.006 0.007 0.008 0.008 0.009 0.009 0.009 0.009 0.009 0.009 0.009 0.009 0.009 0.008 0.008 0.007 0.006 0.005 0.004 0.003 0.002 0.000 0.000 0.000 0.000 0.000 0.000 0.000 0.000 0.000 0.000 0.438 0.455 0.468 0.485 0.477 0.463 0.448 0.441 0.449 0.454 0.449 0.452 0.446 0.472 0.471 0.484 0.495 0.512 0.000 0.000 0.000 0.000 0.000 0.000 0.000 0.000 0.000 0.000 0.588 0.581 0.561 0.504
0.000 0.000 0.000 0.000 0.000 0.000 0.000 0.000 0.000 0.000 0.000 0.002 0.003 0.004 0.005 0.006 0.007 0.007 0.008 0.008 0.008 0.008 0.008 0.008 0.008 0.008 0.008 0.007 0.007 0.006 0.005 0.004 0.003 0.002 0.000 0.000 0.000 0.000 0.000 0.000 0.000 0.000 0.000 0.000 0.000 0.000 0.429 0.453 0.462 0.455 0.460 0.451 0.443 0.446 0.445 0.445 0.445 0.450 0.467 0.471 0.485 0.498 0.511 0.000 0.000 0.000 0.000 0.000 0.000 0.000 0.000 0.000 0.000 0.000 0.000 0.559 0.546
0.000 0.000 0.000 0.000 0.000 0.000 0.000 0.000 0.000 0.000 0.000 0.000 0.001 0.003 0.004 0.005 0.006 0.006 0.007 0.007 0.007 0.007 0.007 0.007 0.007 0.007 0.007 0.006 0.006 0.005 0.004 0.003 0.002 0.000 0.000 0.000 0.000 0.000 0.000 0.000 0.000 0.000 0.000 0.000 0.000 0.000 0.000 0.435 0.449 0.455 0.449 0.450 0.443 0.443 0.437 0.450 0.454 0.455 0.461 0.465 0.483 0.483 0.000 0.000 0.000 0.000 0.000 0.000 0.000 0.000 0.000 0.000 0.000 0.000 0.000 0.000 0.000
0.000 0.000 0.000 0.000 0.000 0.000 0.000 0.000 0.000 0.000 0.000 0.000 0.000 0.001 0.002 0.003 0.004 0.005 0.005 0.006 0.006 0.006 0.006 0.006 0.006 0.006 0.006 0.005 0.005 0.004 0.003 0.002 0.000 0.000 0.000 0.000 0.000 0.000 0.000 0.000 0.000 0.000 0.000 0.000 0.000 0.000 0.000 0.000 0.433 0.446 0.448 0.451 0.444 0.442 0.440 0.438 0.449 0.463 0.453 0.464 0.483 0.482 0.000 0.000 0.000 0.000 0.000 0.000 0.000 0.000 0.000 0.000 0.000 0.000 0.000 0.000 0.000
0.000 0.000 0.000 0.000 0.000 0.000 0.000 0.000 0.000 0.000 0.000 0.000 0.000 0.000 0.000 0.002 0.002 0.003 0.004 0.004 0.005 0.005 0.005 0.005 0.005 0.005 0.004 0.004 0.003 0.003 0.001 0.000 0.000 0.000 0.000 0.000 0.000 0.000 0.000 0.000 0.000 0.000 0.000 0.000 0.000 0.000 0.000 0.000 0.000 0.425 0.440 0.446 0.448 0.441 0.426 0.436 0.435 0.452 0.449 0.455 0.467 0.000 0.000 0.000 0.000 0.000 0.000 0.000 0.000 0.000 0.000 0.000 0.000 0.000 0.000 0.000 0.000
0.000 0.000 0.000 0.000 0.000 0.000 0.000 0.000 0.000 0.000 0.000 0.000 0.000 0.000 0.000 0.000 0.000 0.001 0.002 0.003 0.003 0.003 0.003 0.003 0.003 0.003 0.003 0.002 0.002 0.000 0.000 0.000 0.000 0.000 0.000 0.000 0.000 0.000 0.000 0.000 0.000 0.000 0.000 0.000 0.000 0.000 0.000 0.000 0.000 0.000 0.407 0.419 0.438 0.439 0.437 0.429 0.438 0.434 0.438 0.443 0.456 0.000 0.000 0.000 0.000 0.000 0.000 0.000 0.000 0.000 0.000 0.000 0.000 0.000 0.000 0.000 0.000
0.000 0.000 0.000 0.000 0.000 0.000 0.000 0.000 0.000 0.000 0.000 0.000 0.000 0.000 0.000 0.000 0.000 0.000 0.000 0.000 0.001 0.001 0.001 0.001 0.001 0.001 0.000 0.000 0.000 0.000 0.000 0.000 0.000 0.000 0.000 0.000 0.000 0.000 0.000 0.000 0.000 0.000 0.000 0.000 0.000 0.000 0.000 0.000 0.000 0.000 0.386 0.390 0.412 0.426 0.433 0.431 0.429 0.429 0.432 0.437 0.000 0.000 0.000 0.000 0.000 0.000 0.000 0.000 0.000 0.000 0.000 0.000 0.000 0.000 0.000 0.000 0.000
0.000 0.000 0.000 0.000 0.000 0.000 0.000 0.000 0.000 0.000 0.000 0.000 0.000 0.000 0.000 0.000 0.000 0.000 0.000 0.000 0.000 0.000 0.000 0.000 0.000 0.000 0.000 0.000 0.000 0.000 0.000 0.000 0.000 0.000 0.000 0.000 0.000 0.000 0.000 0.000 0.000 0.000 0.000 0.000 0.000 0.000 0.000 0.000 0.000 0.000 0.000 0.380 0.395 0.410 0.427 0.415 0.428 0.420 0.411 0.000 0.000 0.000 0.000 0.000 0.000 0.000 0.000 0.000 0.000 0.000 0.000 0.000 0.000 0.000 0.000 0.000 0.000
0.000 0.000 0.000 0.000 0.000 0.000 0.000 0.000 0.000 0.000 0.000 0.000 0.000 0.000 0.000 0.000 0.000 0.000 0.000 0.000 0.000 0.000 0.000 0.000 0.000 0.000 0.000 0.000 0.000 0.000 0.000 0.000 0.000 0.000 0.000 0.000 0.000 0.000 0.000 0.000 0.000 0.000 0.000 0.000 0.000 0.000 0.000 0.000 0.000 0.000 0.000 0.354 0.368 0.384 0.397 0.410 0.396 0.403 0.388 0.378 0.000 0.000 0.000 0.000 0.000 0.000 0.000 0.000 0.000 0.000 0.000 0.000 0.000 0.000 0.000 0.000 0.000
0.000 0.000 0.000 0.000 0.000 0.000 0.000 0.000 0.000 0.000 0.000 0.000 0.000 0.000 0.000 0.000 0.000 0.000 0.000 0.000 0.000 0.000 0.000 0.000 0.000 0.000 0.000 0.000 0.000 0.000 0.000 0.000 0.000 0.000 0.000 0.000 0.000 0.000 0.000 0.000 0.000 0.000 0.000 0.000 0.000 0.000 0.000 0.000 0.000 0.000 0.000 0.323 0.336 0.360 0.381 0.397 0.399 0.390 0.379 0.371 0.373 0.000 0.000 0.000 0.000 0.000 0.000 0.000 0.000 0.000 0.000 0.000 0.000 0.000 0.000 0.000 0.000
0.000 0.000 0.000 0.000 0.000 0.000 0.000 0.000 0.000 0.000 0.000 0.000 0.000 0.000 0.000 0.000 0.000 0.000 0.000 0.000 0.000 0.000 0.000 0.000 0.000 0.000 0.000 0.000 0.000 0.000 0.000 0.000 0.000 0.000 0.000 0.000 0.000 0.000 0.000 0.000 0.000 0.000 0.000 0.000 0.000 0.000 0.000 0.000 0.000 0.000 0.000 0.302 0.320 0.337 0.353 0.366 0.371 0.379 0.367 0.359 0.360 0.352 0.351 0.000 0.000 0.000 0.000 0.000 0.000 0.000 0.000 0.000 0.000 0.000 0.000 0.000 0.000
0.000 0.000 0.000 0.000 0.000 0.000 0.000 0.000 0.000 0.000 0.000 0.000 0.000 0.000 0.000 0.000 0.000 0.000 0.000 0.000 0.000 0.000 0.000 0.000 0.000 0.000 0.000 0.000 0.000 0.000 0.000 0.000 0.000 0.000 0.000 0.000 0.000 0.000 0.000 0.000 0.000 0.000 0.000 0.000 0.000 0.000 0.000 0.000 0.000 0.000 0.000 0.000 0.297 0.315 0.321 0.333 0.340 0.355 0.362 0.348 0.347 0.343 0.349 0.362 0.000 0.000 0.000 0.000 0.000 0.000 0.000 0.000 0.000 0.000 0.000 0.000 0.000
0.000 0.000 0.000 0.000 0.000 0.000 0.000 0.000 0.000 0.000 0.000 0.000 0.000 0.000 0.000 0.000 0.000 0.000 0.000 0.000 0.000 0.000 0.000 0.000 0.000 0.000 0.000 0.000 0.000 0.000 0.000 0.000 0.000 0.000 0.000 0.000 0.000 0.000 0.000 0.000 0.000 0.000 0.000 0.000 0.000 0.000 0.000 0.000 0.000 0.000 0.000 0.000 0.273 0.286 0.299 0.307 0.318 0.332 0.346 0.342 0.338 0.337 0.351 0.355 0.369 0.000 0.000 0.000 0.000 0.000 0.000 0.000 0.000 0.000 0.000 0.000 0.000
