数据/2hours/0.1-2h-150y/coupled-135-0001.wd
ncols         694
nrows         824
xllcorner     581104.939801
yllcorner     3495917.092414
cellsize      2.000000
NODATA_value  -9999.000000
[rows 714 to 747 of 824, columns 154 to 230 of 694]
0.000 0.000 0.000 0.000 0.000 0.000 0.002 0.003 0.004 0.005 0.006 0.007 0.008 0.009 0.009 0.010 0.010 0.010 0.010 0.008 0.001 0.001 0.200 0.201 0.194 0.191 0.189 0.187 0.183 0.178 0.174 0.173 0.000 0.000 0.000 0.000 0.000 0.000 0.000 0.000 0.000 0.000 0.185 0.241 0.264 0.274 0.285 0.296 0.306 0.000 0.000 0.000 0.000 0.000 0.000 0.000 0.000 0.000 0.377 0.389 0.400 0.398 0.377 0.355 0.365 0.280 0.196 0.120 0.061 0.011 0.000 0.000 0.000 0.000 0.000 0.000 0.000
0.000 0.000 0.000 0.000 0.000 0.002 0.003 0.004 0.005 0.006 0.007 0.008 0.009 0.010 0.010 0.011 0.012 0.012 0.012 0.012 0.011 0.010 0.001 0.218 0.218 0.213 0.210 0.204 0.203 0.198 0.197 0.192 0.186 0.186 0.000 0.000 0.000 0.000 0.000 0.000 0.000 0.171 0.228 0.284 0.327 0.338 0.347 0.358 0.369 0.000 0.000 0.000 0.000 0.000 0.000 0.000 0.000 0.000 0.437 0.433 0.410 0.387 0.363 0.356 0.367 0.322 0.236 0.154 0.067 0.002 0.000 0.000 0.000 0.000 0.000 0.000 0.000
0.000 0.000 0.000 0.000 0.001 0.003 0.004 0.005 0.006 0.007 0.008 0.009 0.010 0.011 0.011 0.012 0.013 0.013 0.014 0.015 0.015 0.016 0.015 0.001 0.001 0.238 0.234 0.226 0.222 0.218 0.217 0.211 0.207 0.203 0.198 0.000 0.000 0.000 0.000 0.000 0.163 0.212 0.268 0.324 0.380 0.399 0.410 0.421 0.432 0.000 0.000 0.000 0.000 0.000 0.000 0.000 0.000 0.465 0.443 0.422 0.398 0.374 0.351 0.355 0.365 0.363 0.278 0.193 0.107 0.000 0.000 0.000 0.000 0.000 0.000 0.000 0.000
0.000 0.000 0.000 0.000 0.002 0.004 0.005 0.006 0.007 0.008 0.009 0.010 0.011 0.011 0.012 0.013 0.014 0.015 0.016 0.017 0.018 0.020 0.022 0.024 0.028 0.004 0.257 0.251 0.244 0.238 0.235 0.229 0.227 0.222 0.217 0.214 0.212 0.000 0.000 0.000 0.198 0.254 0.310 0.365 0.421 0.461 0.471 0.483 0.000 0.000 0.000 0.000 0.000 0.000 0.000 0.000 0.000 0.456 0.436 0.411 0.387 0.363 0.346 0.356 0.366 0.376 0.319 0.235 0.150 0.000 0.000 0.000 0.000 0.000 0.000 0.000 0.000
0.000 0.000 0.000 0.001 0.003 0.005 0.006 0.007 0.008 0.009 0.009 0.010 0.011 0.012 0.013 0.014 0.015 0.016 0.017 0.018 0.020 0.023 0.026 0.032 0.043 0.063 0.004 0.272 0.265 0.259 0.254 0.251 0.249 0.241 0.238 0.236 0.233 0.231 0.000 0.215 0.241 0.295 0.350 0.406 0.462 0.519 0.534 0.544 0.000 0.000 0.000 0.000 0.000 0.000 0.000 0.000 0.000 0.448 0.426 0.400 0.378 0.353 0.347 0.359 0.368 0.378 0.361 0.275 0.000 0.000 0.000 0.000 0.000 0.000 0.000 0.000 0.000
0.000 0.000 0.000 0.001 0.003 0.005 0.006 0.007 0.008 0.009 0.010 0.011 0.012 0.012 0.013 0.014 0.015 0.016 0.018 0.019 0.021 0.024 0.027 0.031 0.037 0.043 0.028 0.002 0.001 0.277 0.274 0.269 0.265 0.258 0.257 0.256 0.252 0.250 0.246 0.239 0.285 0.336 0.392 0.448 0.504 0.560 0.595 0.605 0.000 0.000 0.000 0.000 0.000 0.000 0.000 0.000 0.000 0.439 0.415 0.392 0.369 0.342 0.350 0.359 0.368 0.378 0.389 0.317 0.000 0.000 0.000 0.000 0.000 0.000 0.000 0.000 0.000
0.000 0.000 0.000 0.001 0.003 0.005 0.006 0.007 0.008 0.009 0.010 0.011 0.012 0.013 0.014 0.015 0.016 0.017 0.018 0.020 0.021 0.023 0.026 0.029 0.031 0.033 0.026 0.019 0.013 0.001 0.291 0.288 0.284 0.278 0.277 0.275 0.274 0.272 0.270 0.000 0.000 0.378 0.433 0.490 0.547 0.602 0.657 0.667 0.674 0.649 0.000 0.000 0.000 0.000 0.000 0.000 0.450 0.428 0.405 0.380 0.358 0.344 0.354 0.363 0.372 0.379 0.391 0.361 0.000 0.000 0.000 0.000 0.000 0.000 0.000 0.000 0.000
0.000 0.000 0.000 0.001 0.003 0.005 0.006 0.007 0.008 0.009 0.010 0.011 0.012 0.013 0.014 0.015 0.016 0.017 0.018 0.019 0.021 0.022 0.024 0.026 0.027 0.027 0.024 0.020 0.016 0.011 0.000 0.308 0.304 0.298 0.296 0.295 0.295 0.294 0.000 0.000 0.000 0.000 0.477 0.532 0.589 0.644 0.697 0.691 0.665 0.638 0.612 0.587 0.000 0.000 0.000 0.000 0.441 0.417 0.394 0.369 0.347 0.346 0.355 0.363 0.373 0.383 0.394 0.000 0.000 0.000 0.000 0.000 0.000 0.000 0.000 0.000 0.000
0.000 0.000 0.000 0.001 0.003 0.005 0.006 0.007 0.008 0.009 0.010 0.011 0.012 0.013 0.014 0.015 0.016 0.017 0.018 0.019 0.020 0.021 0.023 0.024 0.024 0.024 0.022 0.019 0.016 0.013 0.009 0.001 0.000 0.317 0.316 0.313 0.315 0.000 0.000 0.000 0.000 0.000 0.000 0.576 0.632 0.655 0.677 0.000 0.000 0.629 0.603 0.574 0.546 0.518 0.000 0.000 0.431 0.407 0.385 0.360 0.338 0.349 0.356 0.366 0.377 0.386 0.397 0.000 0.000 0.000 0.000 0.000 0.000 0.000 0.000 0.000 0.000
0.000 0.000 0.000 0.001 0.003 0.005 0.006 0.007 0.008 0.009 0.010 0.011 0.012 0.013 0.014 0.015 0.015 0.016 0.017 0.018 0.019 0.020 0.021 0.022 0.022 0.021 0.020 0.018 0.016 0.014 0.012 0.009 0.006 0.000 0.334 0.330 0.000 0.000 0.000 0.000 0.000 0.000 0.000 0.589 0.611 0.633 0.654 0.000 0.000 0.000 0.000 0.562 0.535 0.505 0.476 0.449 0.421 0.399 0.376 0.351 0.342 0.349 0.358 0.367 0.377 0.388 0.400 0.000 0.000 0.000 0.000 0.000 0.000 0.000 0.000 0.000 0.000
0.000 0.000 0.000 0.001 0.003 0.005 0.006 0.007 0.008 0.009 0.010 0.011 0.012 0.013 0.014 0.014 0.015 0.016 0.017 0.018 0.018 0.019 0.020 0.020 0.020 0.020 0.019 0.017 0.016 0.014 0.012 0.010 0.008 0.006 0.001 0.344 0.336 0.000 0.000 0.000 0.000 0.000 0.000 0.567 0.588 0.611 0.631 0.645 0.000 0.000 0.000 0.000 0.000 0.493 0.465 0.436 0.412 0.388 0.374 0.337 0.340 0.352 0.361 0.371 0.380 0.390 0.000 0.000 0.000 0.000 0.000 0.000 0.000 0.000 0.000 0.000 0.000
0.000 0.000 0.000 0.001 0.003 0.005 0.006 0.007 0.008 0.009 0.010 0.011 0.012 0.013 0.013 0.014 0.015 0.015 0.016 0.017 0.018 0.018 0.019 0.019 0.019 0.018 0.018 0.016 0.015 0.014 0.012 0.011 0.009 0.008 0.005 0.001 0.358 0.361 0.000 0.000 0.000 0.000 0.000 0.000 0.567 0.000 0.000 0.626 0.615 0.000 0.000 0.000 0.000 0.000 0.000 0.422 0.398 0.372 0.350 0.329 0.339 0.349 0.361 0.373 0.381 0.390 0.000 0.000 0.000 0.000 0.000 0.000 0.000 0.000 0.000 0.000 0.000
0.000 0.000 0.000 0.001 0.003 0.005 0.006 0.007 0.008 0.009 0.010 0.011 0.012 0.012 0.013 0.014 0.014 0.015 0.016 0.016 0.017 0.017 0.017 0.018 0.017 0.017 0.016 0.016 0.015 0.014 0.012 0.011 0.010 0.008 0.007 0.005 0.000 0.390 0.410 0.000 0.000 0.000 0.000 0.000 0.000 0.000 0.000 0.000 0.595 0.000 0.000 0.000 0.000 0.000 0.431 0.408 0.385 0.357 0.333 0.329 0.341 0.351 0.363 0.375 0.385 0.393 0.000 0.000 0.000 0.000 0.000 0.000 0.000 0.000 0.000 0.000 0.000
0.000 0.000 0.000 0.001 0.003 0.005 0.006 0.007 0.008 0.009 0.010 0.010 0.011 0.012 0.013 0.013 0.014 0.014 0.015 0.015 0.016 0.016 0.016 0.017 0.016 0.016 0.016 0.015 0.014 0.013 0.012 0.011 0.010 0.009 0.007 0.006 0.004 0.000 0.378 0.390 0.000 0.000 0.000 0.000 0.000 0.000 0.000 0.000 0.576 0.000 0.000 0.000 0.000 0.000 0.420 0.397 0.373 0.350 0.327 0.333 0.342 0.353 0.362 0.373 0.385 0.000 0.000 0.000 0.000 0.000 0.000 0.000 0.000 0.000 0.000 0.000 0.000
0.000 0.000 0.000 0.001 0.003 0.005 0.006 0.007 0.008 0.008 0.009 0.010 0.011 0.011 0.012 0.013 0.013 0.014 0.014 0.015 0.015 0.015 0.016 0.016 0.015 0.015 0.015 0.014 0.013 0.013 0.012 0.011 0.010 0.009 0.007 0.006 0.005 0.003 0.001 0.359 0.379 0.000 0.000 0.000 0.000 0.000 0.000 0.559 0.554 0.000 0.000 0.000 0.000 0.425 0.406 0.386 0.362 0.339 0.329 0.337 0.345 0.358 0.364 0.374 0.384 0.388 0.394 0.000 0.000 0.000 0.000 0.000 0.000 0.000 0.000 0.000 0.000
0.000 0.000 0.000 0.000 0.002 0.004 0.005 0.006 0.007 0.008 0.009 0.010 0.010 0.011 0.012 0.012 0.013 0.013 0.014 0.014 0.014 0.015 0.015 0.015 0.015 0.014 0.014 0.013 0.013 0.012 0.011 0.010 0.009 0.008 0.007 0.006 0.005 0.003 0.001 0.000 0.356 0.374 0.000 0.000 0.000 0.000 0.000 0.000 0.000 0.000 0.000 0.000 0.000 0.402 0.391 0.373 0.351 0.329 0.330 0.337 0.346 0.356 0.365 0.375 0.384 0.391 0.396 0.403 0.412 0.000 0.000 0.000 0.000 0.000 0.000 0.000 0.000
0.000 0.000 0.000 0.000 0.001 0.003 0.004 0.005 0.006 0.007 0.008 0.009 0.010 0.010 0.011 0.012 0.012 0.013 0.013 0.013 0.014 0.014 0.014 0.014 0.014 0.013 0.013 0.013 0.012 0.011 0.011 0.010 0.009 0.008 0.007 0.006 0.005 0.003 0.001 0.000 0.000 0.342 0.353 0.371 0.000 0.000 0.000 0.000 0.000 0.000 0.000 0.000 0.391 0.381 0.373 0.362 0.342 0.323 0.331 0.342 0.350 0.358 0.367 0.375 0.385 0.394 0.402 0.408 0.415 0.421 0.431 0.000 0.000 0.000 0.000 0.000 0.000
0.000 0.000 0.000 0.000 0.000 0.002 0.003 0.004 0.005 0.006 0.007 0.008 0.009 0.010 0.010 0.011 0.011 0.012 0.012 0.013 0.013 0.013 0.013 0.013 0.013 0.013 0.012 0.012 0.011 0.011 0.010 0.009 0.009 0.008 0.007 0.006 0.005 0.003 0.001 0.000 0.000 0.000 0.327 0.344 0.364 0.000 0.000 0.000 0.000 0.000 0.000 0.000 0.373 0.362 0.354 0.342 0.331 0.322 0.330 0.340 0.352 0.361 0.368 0.380 0.387 0.396 0.406 0.413 0.418 0.425 0.432 0.437 0.388 0.000 0.000 0.000 0.000
0.000 0.000 0.000 0.000 0.000 0.000 0.002 0.003 0.004 0.005 0.006 0.007 0.008 0.009 0.010 0.010 0.011 0.011 0.012 0.012 0.012 0.012 0.012 0.012 0.012 0.012 0.012 0.011 0.011 0.010 0.009 0.009 0.008 0.007 0.006 0.005 0.004 0.002 0.000 0.000 0.000 0.000 0.000 0.321 0.339 0.356 0.000 0.000 0.000 0.000 0.000 0.365 0.354 0.343 0.333 0.317 0.315 0.318 0.327 0.339 0.350 0.362 0.370 0.384 0.390 0.000 0.000 0.000 0.421 0.429 0.434 0.440 0.431 0.341 0.273 0.000 0.000
0.000 0.000 0.000 0.000 0.000 0.000 0.000 0.002 0.003 0.004 0.005 0.006 0.007 0.008 0.009 0.010 0.010 0.010 0.011 0.011 0.011 0.011 0.011 0.011 0.011 0.011 0.011 0.010 0.010 0.009 0.009 0.008 0.007 0.006 0.005 0.004 0.003 0.001 0.000 0.000 0.000 0.000 0.000 0.000 0.311 0.330 0.346 0.000 0.000 0.000 0.000 0.338 0.328 0.318 0.315 0.310 0.313 0.316 0.327 0.339 0.346 0.360 0.367 0.379 0.390 0.000 0.000 0.000 0.000 0.000 0.435 0.443 0.449 0.384 0.343 0.304 0.000
0.000 0.000 0.000 0.000 0.000 0.000 0.000 0.000 0.002 0.003 0.004 0.005 0.006 0.007 0.008 0.009 0.009 0.010 0.010 0.010 0.010 0.010 0.010 0.010 0.010 0.010 0.010 0.010 0.009 0.009 0.008 0.007 0.006 0.005 0.004 0.003 0.002 0.000 0.000 0.000 0.000 0.000 0.000 0.000 0.290 0.310 0.324 0.342 0.000 0.348 0.332 0.320 0.308 0.313 0.313 0.312 0.311 0.312 0.320 0.334 0.342 0.356 0.362 0.374 0.000 0.000 0.000 0.000 0.000 0.000 0.000 0.439 0.447 0.452 0.413 0.374 0.000
0.000 0.000 0.000 0.000 0.000 0.000 0.000 0.000 0.000 0.002 0.003 0.004 0.005 0.006 0.007 0.008 0.008 0.009 0.009 0.009 0.009 0.009 0.009 0.009 0.009 0.009 0.009 0.009 0.008 0.008 0.007 0.006 0.005 0.004 0.003 0.002 0.000 0.000 0.000 0.000 0.000 0.000 0.000 0.000 0.000 0.294 0.303 0.321 0.341 0.324 0.311 0.305 0.306 0.307 0.308 0.307 0.308 0.310 0.319 0.334 0.341 0.352 0.361 0.000 0.000 0.000 0.000 0.000 0.000 0.000 0.000 0.000 0.000 0.457 0.453 0.440 0.397
0.000 0.000 0.000 0.000 0.000 0.000 0.000 0.000 0.000 0.000 0.002 0.003 0.004 0.005 0.006 0.007 0.008 0.008 0.008 0.008 0.008 0.008 0.008 0.008 0.008 0.008 0.008 0.008 0.008 0.007 0.006 0.005 0.004 0.003 0.002 0.000 0.000 0.000 0.000 0.000 0.000 0.000 0.000 0.000 0.000 0.000 0.283 0.296 0.316 0.307 0.307 0.305 0.302 0.305 0.304 0.305 0.309 0.307 0.314 0.329 0.335 0.348 0.358 0.000 0.000 0.000 0.000 0.000 0.000 0.000 0.000 0.000 0.000 0.000 0.000 0.448 0.440
0.000 0.000 0.000 0.000 0.000 0.000 0.000 0.000 0.000 0.000 0.000 0.002 0.003 0.004 0.005 0.006 0.007 0.007 0.007 0.007 0.007 0.007 0.007 0.007 0.007 0.007 0.007 0.007 0.007 0.006 0.005 0.004 0.003 0.002 0.000 0.000 0.000 0.000 0.000 0.000 0.000 0.000 0.000 0.000 0.000 0.000 0.000 0.273 0.293 0.303 0.302 0.301 0.296 0.301 0.301 0.304 0.306 0.306 0.310 0.324 0.331 0.344 0.000 0.000 0.000 0.000 0.000 0.000 0.000 0.000 0.000 0.000 0.000 0.000 0.000 0.000 0.000
0.000 0.000 0.000 0.000 0.000 0.000 0.000 0.000 0.000 0.000 0.000 0.000 0.002 0.003 0.004 0.005 0.006 0.006 0.006 0.006 0.006 0.006 0.006 0.006 0.006 0.006 0.006 0.006 0.006 0.005 0.004 0.003 0.002 0.000 0.000 0.000 0.000 0.000 0.000 0.000 0.000 0.000 0.000 0.000 0.000 0.000 0.000 0.000 0.269 0.284 0.301 0.300 0.297 0.296 0.303 0.300 0.301 0.301 0.305 0.321 0.329 0.343 0.000 0.000 0.000 0.000 0.000 0.000 0.000 0.000 0.000 0.000 0.000 0.000 0.000 0.000 0.000
0.000 0.000 0.000 0.000 0.000 0.000 0.000 0.000 0.000 0.000 0.000 0.000 0.000 0.002 0.003 0.004 0.005 0.005 0.005 0.005 0.005 0.005 0.005 0.005 0.005 0.005 0.005 0.005 0.005 0.004 0.003 0.002 0.000 0.000 0.000 0.000 0.000 0.000 0.000 0.000 0.000 0.000 0.000 0.000 0.000 0.000 0.000 0.000 0.000 0.244 0.282 0.300 0.296 0.297 0.300 0.300 0.296 0.299 0.300 0.314 0.323 0.000 0.000 0.000 0.000 0.000 0.000 0.000 0.000 0.000 0.000 0.000 0.000 0.000 0.000 0.000 0.000
0.000 0.000 0.000 0.000 0.000 0.000 0.000 0.000 0.000 0.000 0.000 0.000 0.000 0.000 0.001 0.002 0.003 0.003 0.003 0.003 0.003 0.003 0.003 0.003 0.003 0.003 0.003 0.003 0.003 0.002 0.001 0.000 0.000 0.000 0.000 0.000 0.000 0.000 0.000 0.000 0.000 0.000 0.000 0.000 0.000 0.000 0.000 0.000 0.000 0.000 0.260 0.282 0.292 0.295 0.297 0.297 0.295 0.295 0.296 0.308 0.320 0.000 0.000 0.000 0.000 0.000 0.000 0.000 0.000 0.000 0.000 0.000 0.000 0.000 0.000 0.000 0.000
0.000 0.000 0.000 0.000 0.000 0.000 0.000 0.000 0.000 0.000 0.000 0.000 0.000 0.000 0.000 0.000 0.001 0.001 0.001 0.001 0.001 0.001 0.001 0.001 0.001 0.001 0.001 0.001 0.001 0.000 0.000 0.000 0.000 0.000 0.000 0.000 0.000 0.000 0.000 0.000 0.000 0.000 0.000 0.000 0.000 0.000 0.000 0.000 0.000 0.000 0.239 0.262 0.276 0.295 0.292 0.292 0.296 0.291 0.293 0.304 0.000 0.000 0.000 0.000 0.000 0.000 0.000 0.000 0.000 0.000 0.000 0.000 0.000 0.000 0.000 0.000 0.000
0.000 0.000 0.000 0.000 0.000 0.000 0.000 0.000 0.000 0.000 0.000 0.000 0.000 0.000 0.000 0.000 0.000 0.000 0.000 0.000 0.000 0.000 0.000 0.000 0.000 0.000 0.000 0.000 0.000 0.000 0.000 0.000 0.000 0.000 0.000 0.000 0.000 0.000 0.000 0.000 0.000 0.000 0.000 0.000 0.000 0.000 0.000 0.000 0.000 0.000 0.000 0.241 0.254 0.276 0.288 0.285 0.268 0.282 0.283 0.000 0.000 0.000 0.000 0.000 0.000 0.000 0.000 0.000 0.000 0.000 0.000 0.000 0.000 0.000 0.000 0.000 0.000
0.000 0.000 0.000 0.000 0.000 0.000 0.000 0.000 0.000 0.000 0.000 0.000 0.000 0.000 0.000 0.000 0.000 0.000 0.000 0.000 0.000 0.000 0.000 0.000 0.000 0.000 0.000 0.000 0.000 0.000 0.000 0.000 0.000 0.000 0.000 0.000 0.000 0.000 0.000 0.000 0.000 0.000 0.000 0.000 0.000 0.000 0.000 0.000 0.000 0.000 0.000 0.219 0.233 0.252 0.275 0.285 0.281 0.275 0.272 0.264 0.000 0.000 0.000 0.000 0.000 0.000 0.000 0.000 0.000 0.000 0.000 0.000 0.000 0.000 0.000 0.000 0.000
0.000 0.000 0.000 0.000 0.000 0.000 0.000 0.000 0.000 0.000 0.000 0.000 0.000 0.000 0.000 0.000 0.000 0.000 0.000 0.000 0.000 0.000 0.000 0.000 0.000 0.000 0.000 0.000 0.000 0.000 0.000 0.000 0.000 0.000 0.000 0.000 0.000 0.000 0.000 0.000 0.000 0.000 0.000 0.000 0.000 0.000 0.000 0.000 0.000 0.000 0.000 0.192 0.211 0.231 0.254 0.272 0.277 0.272 0.265 0.255 0.260 0.000 0.000 0.000 0.000 0.000 0.000 0.000 0.000 0.000 0.000 0.000 0.000 0.000 0.000 0.000 0.000
0.000 0.000 0.000 0.000 0.000 0.000 0.000 0.000 0.000 0.000 0.000 0.000 0.000 0.000 0.000 0.000 0.000 0.000 0.000 0.000 0.000 0.000 0.000 0.000 0.000 0.000 0.000 0.000 0.000 0.000 0.000 0.000 0.000 0.000 0.000 0.000 0.000 0.000 0.000 0.000 0.000 0.000 0.000 0.000 0.000 0.000 0.000 0.000 0.000 0.000 0.000 0.169 0.191 0.212 0.233 0.245 0.259 0.265 0.255 0.247 0.251 0.249 0.255 0.000 0.000 0.000 0.000 0.000 0.000 0.000 0.000 0.000 0.000 0.000 0.000 0.000 0.000
0.000 0.000 0.000 0.000 0.000 0.000 0.000 0.000 0.000 0.000 0.000 0.000 0.000 0.000 0.000 0.000 0.000 0.000 0.000 0.000 0.000 0.000 0.000 0.000 0.000 0.000 0.000 0.000 0.000 0.000 0.000 0.000 0.000 0.000 0.000 0.000 0.000 0.000 0.000 0.000 0.000 0.000 0.000 0.000 0.000 0.000 0.000 0.000 0.000 0.000 0.000 0.000 0.175 0.189 0.205 0.217 0.234 0.246 0.252 0.242 0.241 0.245 0.252 0.262 0.000 0.000 0.000 0.000 0.000 0.000 0.000 0.000 0.000 0.000 0.000 0.000 0.000
0.000 0.000 0.000 0.000 0.000 0.000 0.000 0.000 0.000 0.000 0.000 0.000 0.000 0.000 0.000 0.000 0.000 0.000 0.000 0.000 0.000 0.000 0.000 0.000 0.000 0.000 0.000 0.000 0.000 0.000 0.000 0.000 0.000 0.000 0.000 0.000 0.000 0.000 0.000 0.000 0.000 0.000 0.000 0.000 0.000 0.000 0.000 0.000 0.000 0.000 0.000 0.000 0.151 0.169 0.183 0.194 0.206 0.222 0.235 0.237 0.236 0.239 0.247 0.257 0.268 0.000 0.000 0.000 0.000 0.000 0.000 0.000 0.000 0.000 0.000 0.000 0.000
