数据/2hours/0.1-2h-150y/coupled-118-0001.wd
ncols         694
nrows         824
xllcorner     581104.939801
yllcorner     3495917.092414
cellsize      2.000000
NODATA_value  -9999.000000
[rows 680 to 713 of 824, columns 154 to 230 of 694]
0.000 0.000 0.000 0.000 0.000 0.000 0.000 0.000 0.000 0.000 0.000 0.000 0.043 0.000 0.000 0.000 0.061 0.090 0.098 0.139 0.168 0.253 0.212 0.192 0.146 0.149 0.000 0.326 0.148 0.000 0.000 0.000 0.000 0.000 0.000 0.000 0.000 0.000 0.000 0.009 0.003 0.043 0.071 0.030 0.145 0.216 0.254 0.382 0.431 0.572 0.324 0.004 0.091 0.000 0.000 0.002 0.024 0.033 0.004 0.007 0.013 0.000 0.024 0.001 0.000 0.000 0.000 0.000 0.000 0.000 0.000 0.000 0.000 0.000 0.000 0.000 0.000
0.000 0.000 0.000 0.000 0.000 0.000 0.000 0.000 0.000 0.000 0.000 0.038 0.030 0.020 0.060 0.000 0.092 0.107 0.116 0.164 0.200 0.227 0.256 0.000 0.191 0.145 0.242 0.263 0.000 0.000 0.000 0.000 0.000 0.000 0.000 0.000 0.000 0.000 0.161 0.045 0.025 0.069 0.001 0.006 0.206 0.182 0.183 0.219 0.443 0.551 0.536 0.093 0.309 0.142 0.000 0.000 0.006 0.031 0.039 0.003 0.045 0.000 0.076 0.001 0.000 0.000 0.000 0.000 0.000 0.000 0.000 0.000 0.000 0.000 0.000 0.000 0.000
0.000 0.000 0.000 0.000 0.000 0.000 0.000 0.000 0.000 0.000 0.003 0.061 0.043 0.064 0.047 0.081 0.076 0.110 0.142 0.185 0.227 0.228 0.000 0.000 0.000 0.000 0.281 0.240 0.000 0.000 0.000 0.000 0.000 0.000 0.000 0.000 0.000 0.342 0.253 0.198 0.108 0.000 0.044 0.158 0.119 0.128 0.236 0.165 0.279 0.383 0.830 0.327 0.177 0.171 0.061 0.188 0.066 0.000 0.006 0.013 0.013 0.084 0.100 0.001 0.000 0.000 0.000 0.000 0.000 0.000 0.000 0.000 0.000 0.000 0.000 0.000 0.000
0.000 0.000 0.000 0.000 0.000 0.000 0.000 0.000 0.000 0.001 0.019 0.053 0.029 0.085 0.064 0.093 0.083 0.125 0.189 0.252 0.287 0.000 0.000 0.000 0.000 0.000 0.000 0.233 0.281 0.216 0.000 0.000 0.000 0.000 0.000 0.000 0.000 0.151 0.202 0.201 0.108 0.049 0.060 0.238 0.047 0.000 0.090 0.031 0.170 0.501 0.406 1.045 0.659 0.475 0.193 0.328 0.129 0.249 0.000 0.097 0.075 0.407 0.021 0.001 0.000 0.000 0.000 0.000 0.000 0.000 0.000 0.000 0.000 0.000 0.000 0.000 0.000
0.000 0.000 0.000 0.000 0.000 0.000 0.000 0.001 0.001 0.006 0.034 0.048 0.026 0.072 0.069 0.086 0.091 0.180 0.245 0.243 0.288 0.000 0.000 0.000 0.000 0.000 0.000 0.000 0.349 0.405 0.450 0.000 0.000 0.000 0.000 0.000 0.056 0.089 0.169 0.295 0.224 0.074 0.172 0.281 0.000 0.000 0.000 0.000 0.032 0.161 0.348 0.415 0.795 0.932 0.635 0.588 0.592 0.698 0.637 0.718 0.567 0.141 0.010 0.001 0.001 0.001 0.000 0.000 0.000 0.000 0.000 0.000 0.000 0.000 0.000 0.000 0.000
0.000 0.000 0.000 0.000 0.001 0.002 0.002 0.002 0.002 0.010 0.048 0.053 0.030 0.090 0.084 0.095 0.155 0.212 0.232 0.256 0.294 0.289 0.000 0.000 0.000 0.000 0.000 0.000 0.000 0.000 0.692 0.463 0.243 0.000 0.000 0.125 0.035 0.069 0.206 0.271 0.269 0.297 0.244 0.297 0.000 0.150 0.172 0.214 0.000 0.000 0.181 0.308 0.421 0.436 0.686 0.773 0.826 0.750 0.688 0.591 0.279 0.046 0.048 0.082 0.002 0.001 0.001 0.001 0.000 0.000 0.000 0.000 0.000 0.000 0.000 0.000 0.000
0.038 0.003 0.002 0.002 0.002 0.003 0.003 0.003 0.004 0.010 0.052 0.070 0.050 0.096 0.108 0.116 0.175 0.227 0.248 0.279 0.292 0.335 0.000 0.000 0.000 0.000 0.000 0.000 0.000 0.000 0.000 0.000 0.253 0.164 0.000 0.234 0.023 0.052 0.040 0.091 0.140 0.111 0.112 0.000 0.000 0.171 0.195 0.202 0.209 0.244 0.000 0.000 0.318 0.412 0.376 0.514 0.385 0.483 0.293 0.228 0.159 0.255 0.345 0.046 0.130 0.074 0.004 0.000 0.001 0.001 0.000 0.000 0.000 0.000 0.000 0.000 0.000
0.053 0.042 0.010 0.004 0.004 0.004 0.004 0.004 0.005 0.013 0.057 0.077 0.066 0.089 0.113 0.142 0.194 0.242 0.263 0.289 0.343 0.357 0.394 0.423 0.000 0.000 0.000 0.000 0.000 0.000 0.000 0.000 0.000 0.237 0.201 0.170 0.040 0.008 0.004 0.056 0.025 0.019 0.000 0.000 0.188 0.192 0.187 0.175 0.170 0.189 0.000 0.000 0.000 0.000 0.187 0.069 0.027 0.274 0.266 0.057 0.084 0.300 0.444 0.270 0.466 0.203 0.200 0.091 0.003 0.001 0.001 0.001 0.000 0.000 0.000 0.000 0.000
0.071 0.027 0.006 0.007 0.006 0.006 0.006 0.006 0.009 0.037 0.078 0.055 0.079 0.088 0.126 0.149 0.197 0.259 0.291 0.000 0.000 0.393 0.408 0.464 0.474 0.000 0.000 0.000 0.000 0.000 0.000 0.000 0.000 0.000 0.218 0.155 0.274 0.151 0.000 0.015 0.095 0.000 0.000 0.203 0.200 0.178 0.151 0.157 0.152 0.158 0.150 0.000 0.000 0.291 0.000 0.000 0.146 0.041 0.011 0.009 0.147 0.146 0.279 0.222 0.373 0.405 0.379 0.300 0.100 0.013 0.016 0.015 0.003 0.002 0.002 0.002 0.000
0.087 0.055 0.019 0.012 0.009 0.007 0.007 0.010 0.034 0.088 0.068 0.037 0.076 0.083 0.130 0.154 0.205 0.250 0.000 0.000 0.000 0.000 0.433 0.476 0.534 0.545 0.000 0.635 0.000 0.000 0.000 0.000 0.000 0.462 0.545 0.197 0.003 0.000 0.006 0.000 0.002 0.000 0.000 0.202 0.170 0.143 0.148 0.137 0.151 0.158 0.192 0.183 0.228 0.305 0.290 0.280 0.000 0.000 0.008 0.136 0.242 0.137 0.325 0.391 0.414 0.565 0.449 0.508 0.345 0.272 0.208 0.120 0.186 0.222 0.051 0.001 0.007
0.110 0.076 0.052 0.066 0.045 0.015 0.009 0.017 0.065 0.100 0.051 0.027 0.062 0.095 0.134 0.155 0.189 0.000 0.000 0.000 0.000 0.000 0.000 0.000 0.538 0.573 0.613 0.683 0.000 0.000 0.000 0.000 0.291 0.507 0.501 0.406 0.084 0.071 0.000 0.022 0.007 0.071 0.252 0.000 0.000 0.112 0.121 0.135 0.127 0.151 0.173 0.248 0.221 0.236 0.249 0.251 0.256 0.147 0.141 0.204 0.150 0.139 0.263 0.308 0.366 0.367 0.496 0.573 0.497 0.517 0.447 0.360 0.380 0.364 0.337 0.311 0.281
0.119 0.149 0.157 0.130 0.074 0.038 0.012 0.034 0.089 0.099 0.046 0.035 0.059 0.092 0.132 0.155 0.183 0.000 0.000 0.000 0.000 0.000 0.000 0.000 0.000 0.611 0.707 0.703 0.715 0.000 0.000 0.000 0.560 0.445 0.446 0.421 0.000 0.469 0.379 0.329 0.135 0.121 0.165 0.072 0.000 0.000 0.000 0.122 0.136 0.119 0.177 0.194 0.288 0.253 0.218 0.276 0.325 0.293 0.000 0.000 0.000 0.242 0.346 0.366 0.389 0.488 0.584 0.486 0.501 0.592 0.640 0.617 0.580 0.583 0.550 0.477 0.426
0.175 0.214 0.192 0.141 0.090 0.048 0.012 0.073 0.116 0.126 0.075 0.032 0.058 0.077 0.121 0.129 0.163 0.000 0.000 0.000 0.000 0.000 0.000 0.000 0.000 0.000 0.000 0.709 0.688 0.679 0.727 0.701 0.794 0.501 0.513 0.000 0.000 0.000 0.329 0.200 0.155 0.161 0.251 0.058 0.097 0.200 0.204 0.000 0.104 0.124 0.186 0.185 0.218 0.287 0.292 0.319 0.272 0.000 0.000 0.000 0.000 0.000 0.311 0.359 0.362 0.526 0.498 0.446 0.503 0.599 0.689 0.605 0.485 0.472 0.447 0.399 0.357
0.208 0.225 0.222 0.181 0.142 0.109 0.084 0.154 0.163 0.168 0.103 0.047 0.065 0.065 0.105 0.114 0.157 0.234 0.320 0.000 0.000 0.000 0.000 0.000 0.000 0.000 0.000 0.000 0.710 0.817 0.842 0.770 0.741 0.599 0.560 0.000 0.000 0.000 0.000 0.426 0.166 0.140 0.266 0.159 0.165 0.212 0.210 0.254 0.168 0.130 0.197 0.210 0.270 0.210 0.282 0.273 0.250 0.000 0.000 0.000 0.000 0.000 0.384 0.387 0.450 0.545 0.398 0.478 0.600 0.686 0.672 0.557 0.468 0.429 0.396 0.292 0.248
0.238 0.241 0.233 0.232 0.207 0.185 0.184 0.217 0.187 0.195 0.135 0.073 0.040 0.056 0.000 0.102 0.154 0.251 0.314 0.360 0.000 0.000 0.000 0.000 0.000 0.000 0.000 0.000 0.000 0.821 0.856 0.827 0.757 0.803 0.000 0.000 0.000 0.000 0.000 0.392 0.232 0.222 0.197 0.185 0.151 0.180 0.291 0.232 0.119 0.131 0.149 0.215 0.246 0.270 0.222 0.260 0.000 0.000 0.000 0.000 0.000 0.000 0.350 0.323 0.428 0.377 0.410 0.576 0.625 0.664 0.603 0.542 0.511 0.435 0.324 0.215 0.189
0.260 0.259 0.258 0.273 0.273 0.247 0.235 0.243 0.213 0.221 0.176 0.149 0.065 0.000 0.000 0.000 0.000 0.265 0.308 0.356 0.372 0.000 0.000 0.000 0.000 0.000 0.000 0.000 0.696 0.770 0.805 0.773 0.748 0.000 0.000 0.000 0.000 0.000 0.366 0.327 0.295 0.202 0.181 0.136 0.095 0.265 0.301 0.167 0.111 0.090 0.180 0.160 0.220 0.219 0.263 0.285 0.000 0.000 0.000 0.000 0.000 0.000 0.373 0.407 0.512 0.555 0.629 0.640 0.614 0.620 0.608 0.623 0.472 0.403 0.335 0.258 0.176
0.281 0.279 0.282 0.304 0.321 0.297 0.276 0.276 0.260 0.268 0.242 0.175 0.000 0.000 0.000 0.000 0.000 0.000 0.000 0.319 0.363 0.389 0.422 0.000 0.000 0.000 0.000 0.000 0.668 0.763 0.726 0.720 0.782 0.000 0.000 0.000 0.000 0.000 0.000 0.372 0.263 0.216 0.238 0.258 0.270 0.239 0.189 0.165 0.114 0.091 0.190 0.176 0.214 0.157 0.222 0.262 0.000 0.000 0.000 0.000 0.000 0.000 0.342 0.455 0.494 0.548 0.583 0.550 0.605 0.686 0.635 0.486 0.528 0.393 0.330 0.273 0.183
0.300 0.300 0.306 0.329 0.343 0.347 0.324 0.315 0.303 0.299 0.283 0.229 0.000 0.000 0.000 0.000 0.000 0.000 0.000 0.326 0.354 0.389 0.432 0.427 0.000 0.000 0.000 0.684 0.638 0.727 0.689 0.630 0.000 0.000 0.000 0.000 0.000 0.000 0.000 0.000 0.000 0.305 0.276 0.265 0.221 0.244 0.206 0.147 0.120 0.118 0.100 0.282 0.135 0.254 0.225 0.290 0.000 0.000 0.000 0.000 0.000 0.000 0.433 0.447 0.459 0.471 0.473 0.585 0.667 0.667 0.562 0.510 0.497 0.392 0.323 0.304 0.198
0.324 0.328 0.331 0.352 0.366 0.373 0.376 0.363 0.353 0.331 0.304 0.000 0.000 0.000 0.000 0.000 0.000 0.000 0.000 0.000 0.000 0.000 0.404 0.447 0.491 0.458 0.558 0.685 0.664 0.723 0.687 0.000 0.000 0.000 0.000 0.000 0.000 0.000 0.000 0.000 0.000 0.298 0.195 0.233 0.225 0.204 0.226 0.174 0.130 0.184 0.211 0.153 0.183 0.168 0.221 0.267 0.000 0.000 0.000 0.000 0.000 0.000 0.471 0.457 0.465 0.534 0.625 0.644 0.681 0.612 0.514 0.569 0.478 0.291 0.300 0.240 0.186
0.356 0.360 0.361 0.380 0.393 0.400 0.418 0.413 0.397 0.356 0.000 0.000 0.000 0.000 0.000 0.000 0.000 0.000 0.000 0.000 0.000 0.000 0.382 0.429 0.511 0.486 0.582 0.638 0.667 0.654 0.714 0.000 0.000 0.000 0.000 0.000 0.000 0.000 0.000 0.000 0.000 0.370 0.000 0.318 0.278 0.255 0.166 0.148 0.212 0.149 0.128 0.165 0.187 0.202 0.249 0.275 0.000 0.000 0.000 0.000 0.000 0.403 0.475 0.504 0.550 0.571 0.542 0.586 0.585 0.569 0.562 0.435 0.362 0.429 0.184 0.187 0.136
0.392 0.395 0.395 0.408 0.425 0.433 0.445 0.463 0.435 0.390 0.338 0.287 0.000 0.000 0.000 0.000 0.000 0.000 0.000 0.000 0.000 0.000 0.000 0.000 0.604 0.526 0.583 0.643 0.693 0.636 0.000 0.000 0.000 0.000 0.209 0.000 0.000 0.000 0.000 0.000 0.000 0.000 0.000 0.000 0.000 0.238 0.284 0.257 0.199 0.194 0.136 0.197 0.211 0.270 0.284 0.305 0.000 0.000 0.000 0.000 0.000 0.326 0.434 0.552 0.551 0.538 0.576 0.608 0.594 0.525 0.547 0.495 0.485 0.313 0.241 0.152 0.000
0.423 0.434 0.434 0.441 0.456 0.467 0.478 0.492 0.475 0.433 0.386 0.340 0.295 0.000 0.000 0.000 0.000 0.000 0.000 0.000 0.000 0.000 0.000 0.000 0.000 0.601 0.598 0.588 0.614 0.000 0.000 0.000 0.000 0.208 0.200 0.200 0.179 0.000 0.000 0.000 0.000 0.000 0.000 0.000 0.000 0.000 0.270 0.244 0.273 0.243 0.179 0.156 0.182 0.000 0.000 0.333 0.000 0.000 0.000 0.000 0.000 0.345 0.453 0.443 0.498 0.549 0.589 0.610 0.616 0.634 0.574 0.432 0.298 0.309 0.000 0.000 0.000
0.000 0.476 0.480 0.480 0.490 0.500 0.511 0.501 0.482 0.465 0.433 0.388 0.344 0.301 0.250 0.000 0.000 0.000 0.000 0.000 0.000 0.000 0.000 0.000 0.000 0.563 0.566 0.622 0.592 0.000 0.000 0.000 0.000 0.183 0.181 0.177 0.181 0.127 0.000 0.000 0.000 0.000 0.000 0.000 0.000 0.000 0.000 0.000 0.168 0.150 0.188 0.134 0.000 0.000 0.000 0.000 0.000 0.000 0.000 0.000 0.000 0.495 0.465 0.519 0.535 0.574 0.634 0.655 0.600 0.544 0.489 0.470 0.372 0.000 0.000 0.000 0.000
0.000 0.000 0.524 0.525 0.528 0.536 0.527 0.510 0.489 0.471 0.453 0.433 0.388 0.342 0.286 0.221 0.000 0.000 0.000 0.000 0.000 0.000 0.000 0.000 0.493 0.557 0.553 0.638 0.000 0.000 0.000 0.000 0.169 0.153 0.170 0.146 0.169 0.141 0.061 0.008 0.000 0.000 0.000 0.000 0.000 0.000 0.000 0.000 0.000 0.096 0.152 0.124 0.000 0.000 0.000 0.000 0.000 0.000 0.000 0.000 0.399 0.454 0.509 0.573 0.631 0.638 0.648 0.641 0.599 0.548 0.431 0.367 0.000 0.000 0.000 0.000 0.000
0.000 0.000 0.000 0.566 0.569 0.557 0.544 0.519 0.497 0.477 0.459 0.440 0.420 0.383 0.326 0.264 0.209 0.000 0.000 0.000 0.000 0.000 0.000 0.445 0.483 0.474 0.516 0.000 0.000 0.000 0.000 0.134 0.149 0.132 0.141 0.126 0.135 0.124 0.091 0.008 0.000 0.000 0.000 0.000 0.000 0.000 0.000 0.000 0.000 0.079 0.102 0.085 0.000 0.000 0.000 0.000 0.000 0.000 0.000 0.000 0.385 0.406 0.444 0.524 0.603 0.650 0.670 0.635 0.588 0.507 0.423 0.334 0.000 0.000 0.000 0.000 0.000
0.000 0.000 0.000 0.000 0.589 0.575 0.556 0.529 0.506 0.484 0.463 0.442 0.420 0.396 0.362 0.305 0.253 0.205 0.166 0.000 0.000 0.000 0.000 0.441 0.485 0.481 0.000 0.000 0.000 0.000 0.000 0.111 0.119 0.107 0.103 0.095 0.103 0.108 0.108 0.055 0.012 0.002 0.000 0.000 0.000 0.000 0.000 0.000 0.011 0.084 0.039 0.161 0.000 0.000 0.000 0.000 0.000 0.000 0.000 0.000 0.372 0.396 0.466 0.506 0.543 0.648 0.681 0.602 0.560 0.521 0.399 0.250 0.000 0.000 0.000 0.000 0.000
0.000 0.000 0.000 0.000 0.000 0.589 0.563 0.537 0.512 0.488 0.465 0.442 0.419 0.396 0.369 0.343 0.302 0.252 0.207 0.194 0.000 0.000 0.384 0.434 0.400 0.447 0.000 0.000 0.000 0.000 0.000 0.116 0.099 0.089 0.084 0.077 0.076 0.079 0.095 0.136 0.099 0.070 0.053 0.041 0.000 0.000 0.000 0.009 0.000 0.067 0.040 0.091 0.045 0.000 0.000 0.000 0.000 0.000 0.000 0.000 0.413 0.459 0.480 0.512 0.603 0.656 0.638 0.588 0.523 0.502 0.431 0.000 0.000 0.000 0.000 0.000 0.000
0.000 0.000 0.000 0.000 0.000 0.000 0.000 0.540 0.515 0.490 0.466 0.441 0.419 0.396 0.373 0.349 0.324 0.293 0.253 0.253 0.321 0.349 0.390 0.387 0.431 0.000 0.000 0.000 0.000 0.000 0.000 0.000 0.111 0.076 0.047 0.037 0.044 0.063 0.159 0.145 0.124 0.063 0.025 0.026 0.038 0.000 0.029 0.063 0.000 0.039 0.001 0.060 0.069 0.000 0.000 0.000 0.000 0.000 0.000 0.427 0.433 0.504 0.458 0.516 0.604 0.653 0.607 0.536 0.546 0.458 0.364 0.000 0.000 0.000 0.000 0.000 0.000
0.000 0.000 0.000 0.000 0.000 0.000 0.000 0.000 0.517 0.492 0.466 0.440 0.419 0.398 0.375 0.350 0.325 0.299 0.286 0.284 0.324 0.352 0.354 0.348 0.000 0.000 0.000 0.000 0.000 0.000 0.000 0.000 0.000 0.000 0.026 0.022 0.029 0.103 0.148 0.138 0.164 0.088 0.059 0.087 0.072 0.116 0.058 0.101 0.114 0.092 0.151 0.200 0.192 0.000 0.000 0.000 0.000 0.000 0.000 0.459 0.461 0.469 0.535 0.575 0.608 0.619 0.546 0.550 0.541 0.455 0.373 0.000 0.000 0.000 0.000 0.000 0.000
0.000 0.000 0.000 0.000 0.000 0.000 0.000 0.000 0.000 0.495 0.468 0.441 0.000 0.000 0.374 0.351 0.326 0.298 0.276 0.292 0.296 0.349 0.323 0.329 0.307 0.305 0.000 0.000 0.000 0.000 0.000 0.000 0.000 0.000 0.029 0.014 0.036 0.137 0.152 0.145 0.146 0.109 0.076 0.111 0.145 0.143 0.150 0.163 0.231 0.189 0.238 0.269 0.000 0.000 0.000 0.000 0.000 0.000 0.000 0.526 0.502 0.473 0.526 0.601 0.619 0.573 0.516 0.507 0.477 0.431 0.469 0.000 0.000 0.000 0.000 0.000 0.000
0.000 0.000 0.000 0.000 0.000 0.000 0.000 0.000 0.000 0.000 0.000 0.001 0.002 0.003 0.000 0.000 0.323 0.301 0.272 0.259 0.286 0.306 0.326 0.299 0.288 0.258 0.234 0.000 0.000 0.000 0.000 0.000 0.000 0.000 0.043 0.000 0.051 0.147 0.164 0.164 0.155 0.136 0.097 0.104 0.179 0.184 0.213 0.211 0.299 0.259 0.285 0.291 0.000 0.000 0.000 0.000 0.000 0.000 0.000 0.543 0.505 0.518 0.546 0.559 0.597 0.547 0.505 0.466 0.436 0.424 0.000 0.000 0.000 0.000 0.000 0.000 0.000
0.000 0.000 0.000 0.000 0.000 0.000 0.000 0.000 0.000 0.001 0.003 0.003 0.004 0.005 0.005 0.004 0.001 0.299 0.274 0.250 0.254 0.284 0.291 0.291 0.272 0.259 0.255 0.256 0.000 0.000 0.000 0.000 0.000 0.000 0.000 0.000 0.000 0.000 0.185 0.161 0.140 0.132 0.113 0.110 0.185 0.217 0.263 0.259 0.340 0.338 0.320 0.327 0.000 0.000 0.000 0.000 0.000 0.000 0.404 0.477 0.525 0.559 0.549 0.587 0.623 0.553 0.515 0.482 0.474 0.415 0.000 0.000 0.000 0.000 0.000 0.000 0.000
0.000 0.000 0.000 0.000 0.000 0.000 0.000 0.000 0.002 0.003 0.004 0.005 0.006 0.006 0.007 0.007 0.006 0.001 0.000 0.261 0.253 0.263 0.270 0.277 0.266 0.269 0.265 0.264 0.255 0.250 0.000 0.000 0.000 0.000 0.000 0.000 0.000 0.000 0.000 0.152 0.141 0.130 0.134 0.166 0.201 0.247 0.313 0.323 0.355 0.402 0.000 0.000 0.000 0.000 0.000 0.000 0.000 0.000 0.442 0.447 0.492 0.534 0.554 0.598 0.613 0.530 0.495 0.430 0.345 0.287 0.000 0.000 0.000 0.000 0.000 0.000 0.000
0.000 0.000 0.000 0.000 0.000 0.000 0.000 0.001 0.003 0.004 0.005 0.006 0.007 0.008 0.008 0.008 0.008 0.008 0.007 0.001 0.268 0.269 0.274 0.277 0.274 0.279 0.279 0.278 0.272 0.272 0.264 0.000 0.000 0.000 0.000 0.000 0.000 0.000 0.000 0.000 0.000 0.136 0.185 0.246 0.247 0.284 0.340 0.370 0.407 0.000 0.000 0.000 0.000 0.000 0.000 0.000 0.000 0.000 0.496 0.489 0.501 0.533 0.567 0.578 0.550 0.457 0.405 0.348 0.274 0.266 0.000 0.000 0.000 0.000 0.000 0.000 0.000
