数据/2hours/0.1-2h-150y/coupled-125-0001.wd
ncols         694
nrows         824
xllcorner     581104.939801
yllcorner     3495917.092414
cellsize      2.000000
NODATA_value  -9999.000000
[rows 714 to 747 of 824, columns 154 to 230 of 694]
0.000 0.000 0.000 0.000 0.000 0.000 0.002 0.003 0.004 0.005 0.006 0.007 0.008 0.009 0.010 0.010 0.010 0.011 0.010 0.009 0.001 0.001 0.325 0.323 0.321 0.320 0.313 0.313 0.305 0.307 0.308 0.310 0.000 0.000 0.000 0.000 0.000 0.000 0.000 0.000 0.000 0.000 0.325 0.379 0.400 0.407 0.415 0.427 0.437 0.000 0.000 0.000 0.000 0.000 0.000 0.000 0.000 0.000 0.507 0.514 0.524 0.523 0.498 0.470 0.488 0.402 0.314 0.244 0.195 0.136 0.000 0.000 0.000 0.000 0.000 0.000 0.000
0.000 0.000 0.000 0.000 0.000 0.002 0.003 0.004 0.005 0.006 0.007 0.008 0.009 0.010 0.011 0.011 0.012 0.012 0.013 0.013 0.012 0.011 0.001 0.343 0.343 0.342 0.336 0.334 0.327 0.330 0.327 0.326 0.314 0.309 0.000 0.000 0.000 0.000 0.000 0.000 0.000 0.311 0.367 0.421 0.460 0.470 0.478 0.488 0.499 0.000 0.000 0.000 0.000 0.000 0.000 0.000 0.000 0.000 0.561 0.560 0.537 0.511 0.491 0.469 0.483 0.437 0.358 0.276 0.189 0.106 0.000 0.000 0.000 0.000 0.000 0.000 0.000
0.000 0.000 0.000 0.000 0.001 0.003 0.004 0.005 0.006 0.007 0.008 0.009 0.010 0.011 0.012 0.012 0.013 0.014 0.015 0.016 0.016 0.017 0.016 0.001 0.002 0.358 0.355 0.354 0.348 0.346 0.342 0.341 0.332 0.330 0.327 0.000 0.000 0.000 0.000 0.000 0.314 0.355 0.409 0.461 0.517 0.531 0.542 0.553 0.561 0.000 0.000 0.000 0.000 0.000 0.000 0.000 0.000 0.586 0.562 0.547 0.530 0.499 0.480 0.474 0.486 0.484 0.392 0.309 0.218 0.000 0.000 0.000 0.000 0.000 0.000 0.000 0.000
0.000 0.000 0.000 0.000 0.002 0.004 0.005 0.006 0.007 0.008 0.009 0.010 0.011 0.012 0.013 0.013 0.014 0.015 0.016 0.018 0.019 0.021 0.023 0.025 0.029 0.005 0.376 0.374 0.369 0.365 0.358 0.358 0.354 0.356 0.351 0.347 0.350 0.000 0.000 0.000 0.342 0.397 0.450 0.505 0.557 0.596 0.606 0.618 0.000 0.000 0.000 0.000 0.000 0.000 0.000 0.000 0.000 0.583 0.554 0.535 0.509 0.488 0.472 0.474 0.481 0.498 0.440 0.358 0.273 0.000 0.000 0.000 0.000 0.000 0.000 0.000 0.000
0.000 0.000 0.000 0.001 0.003 0.005 0.006 0.007 0.008 0.009 0.010 0.010 0.011 0.012 0.013 0.014 0.015 0.016 0.018 0.019 0.021 0.024 0.028 0.034 0.046 0.067 0.005 0.392 0.390 0.385 0.380 0.380 0.376 0.376 0.371 0.368 0.368 0.367 0.000 0.356 0.387 0.440 0.494 0.547 0.600 0.655 0.669 0.680 0.000 0.000 0.000 0.000 0.000 0.000 0.000 0.000 0.000 0.575 0.549 0.527 0.499 0.476 0.466 0.480 0.486 0.503 0.485 0.404 0.000 0.000 0.000 0.000 0.000 0.000 0.000 0.000 0.000
0.000 0.000 0.000 0.001 0.003 0.005 0.006 0.007 0.008 0.009 0.010 0.011 0.012 0.013 0.014 0.015 0.016 0.017 0.018 0.020 0.022 0.025 0.028 0.033 0.039 0.046 0.030 0.001 0.001 0.403 0.404 0.401 0.396 0.393 0.388 0.387 0.389 0.387 0.384 0.379 0.431 0.484 0.534 0.589 0.644 0.698 0.734 0.744 0.000 0.000 0.000 0.000 0.000 0.000 0.000 0.000 0.000 0.569 0.539 0.516 0.491 0.466 0.465 0.488 0.491 0.513 0.514 0.449 0.000 0.000 0.000 0.000 0.000 0.000 0.000 0.000 0.000
0.000 0.000 0.000 0.001 0.003 0.005 0.006 0.007 0.008 0.009 0.010 0.011 0.012 0.013 0.014 0.015 0.016 0.017 0.019 0.020 0.022 0.024 0.027 0.030 0.033 0.035 0.028 0.020 0.013 0.000 0.423 0.421 0.419 0.414 0.410 0.409 0.407 0.406 0.406 0.000 0.000 0.522 0.576 0.631 0.687 0.740 0.796 0.806 0.814 0.789 0.000 0.000 0.000 0.000 0.000 0.000 0.577 0.555 0.530 0.504 0.481 0.470 0.473 0.488 0.493 0.506 0.509 0.490 0.000 0.000 0.000 0.000 0.000 0.000 0.000 0.000 0.000
0.000 0.000 0.000 0.001 0.003 0.005 0.006 0.007 0.008 0.009 0.010 0.011 0.012 0.013 0.014 0.015 0.016 0.017 0.019 0.020 0.022 0.024 0.025 0.027 0.029 0.029 0.025 0.021 0.017 0.011 0.001 0.442 0.440 0.432 0.431 0.429 0.424 0.423 0.000 0.000 0.000 0.000 0.617 0.674 0.730 0.783 0.837 0.833 0.807 0.777 0.747 0.719 0.000 0.000 0.000 0.000 0.567 0.539 0.519 0.494 0.469 0.469 0.472 0.478 0.491 0.498 0.503 0.000 0.000 0.000 0.000 0.000 0.000 0.000 0.000 0.000 0.000
0.000 0.000 0.000 0.001 0.003 0.005 0.006 0.007 0.008 0.009 0.010 0.011 0.012 0.013 0.014 0.015 0.016 0.017 0.018 0.020 0.021 0.022 0.024 0.025 0.026 0.025 0.023 0.020 0.017 0.014 0.010 0.001 0.001 0.453 0.452 0.450 0.445 0.000 0.000 0.000 0.000 0.000 0.000 0.716 0.771 0.794 0.814 0.000 0.000 0.765 0.739 0.707 0.675 0.645 0.000 0.000 0.557 0.527 0.505 0.481 0.460 0.467 0.470 0.473 0.488 0.495 0.498 0.000 0.000 0.000 0.000 0.000 0.000 0.000 0.000 0.000 0.000
0.000 0.000 0.000 0.001 0.003 0.005 0.006 0.007 0.008 0.009 0.010 0.011 0.012 0.013 0.014 0.015 0.016 0.017 0.018 0.019 0.020 0.021 0.022 0.023 0.023 0.022 0.021 0.019 0.017 0.015 0.012 0.009 0.006 0.000 0.477 0.473 0.000 0.000 0.000 0.000 0.000 0.000 0.000 0.730 0.749 0.770 0.788 0.000 0.000 0.000 0.000 0.695 0.665 0.631 0.600 0.565 0.547 0.522 0.501 0.476 0.470 0.472 0.477 0.483 0.495 0.491 0.501 0.000 0.000 0.000 0.000 0.000 0.000 0.000 0.000 0.000 0.000
0.000 0.000 0.000 0.001 0.003 0.005 0.006 0.007 0.008 0.009 0.010 0.011 0.012 0.013 0.014 0.015 0.016 0.016 0.017 0.018 0.019 0.020 0.021 0.021 0.021 0.021 0.020 0.018 0.016 0.015 0.013 0.011 0.009 0.006 0.001 0.499 0.487 0.000 0.000 0.000 0.000 0.000 0.000 0.703 0.724 0.745 0.763 0.769 0.000 0.000 0.000 0.000 0.000 0.611 0.589 0.556 0.533 0.514 0.496 0.465 0.472 0.475 0.480 0.489 0.496 0.510 0.000 0.000 0.000 0.000 0.000 0.000 0.000 0.000 0.000 0.000 0.000
0.000 0.000 0.000 0.001 0.003 0.005 0.006 0.007 0.008 0.009 0.010 0.011 0.012 0.013 0.014 0.014 0.015 0.016 0.017 0.017 0.018 0.019 0.019 0.020 0.020 0.019 0.018 0.017 0.016 0.014 0.013 0.011 0.010 0.008 0.005 0.001 0.494 0.483 0.000 0.000 0.000 0.000 0.000 0.000 0.705 0.000 0.000 0.741 0.721 0.000 0.000 0.000 0.000 0.000 0.000 0.552 0.522 0.505 0.477 0.462 0.471 0.480 0.481 0.490 0.496 0.505 0.000 0.000 0.000 0.000 0.000 0.000 0.000 0.000 0.000 0.000 0.000
0.000 0.000 0.000 0.001 0.003 0.005 0.006 0.007 0.008 0.009 0.010 0.011 0.011 0.012 0.013 0.014 0.015 0.015 0.016 0.017 0.017 0.018 0.018 0.018 0.018 0.018 0.017 0.016 0.015 0.014 0.013 0.011 0.010 0.008 0.007 0.005 0.000 0.497 0.511 0.000 0.000 0.000 0.000 0.000 0.000 0.000 0.000 0.000 0.691 0.000 0.000 0.000 0.000 0.000 0.567 0.541 0.517 0.495 0.465 0.464 0.468 0.483 0.483 0.489 0.495 0.506 0.000 0.000 0.000 0.000 0.000 0.000 0.000 0.000 0.000 0.000 0.000
0.000 0.000 0.000 0.000 0.002 0.004 0.005 0.007 0.008 0.008 0.009 0.010 0.011 0.012 0.013 0.013 0.014 0.015 0.015 0.016 0.016 0.017 0.017 0.017 0.017 0.017 0.016 0.015 0.014 0.013 0.012 0.011 0.010 0.009 0.007 0.006 0.004 0.000 0.489 0.507 0.000 0.000 0.000 0.000 0.000 0.000 0.000 0.000 0.663 0.000 0.000 0.000 0.000 0.000 0.560 0.525 0.503 0.481 0.454 0.459 0.472 0.482 0.485 0.496 0.502 0.000 0.000 0.000 0.000 0.000 0.000 0.000 0.000 0.000 0.000 0.000 0.000
0.000 0.000 0.000 0.000 0.002 0.003 0.005 0.006 0.007 0.008 0.009 0.010 0.011 0.011 0.012 0.013 0.013 0.014 0.015 0.015 0.015 0.016 0.016 0.016 0.016 0.016 0.015 0.014 0.014 0.013 0.012 0.011 0.010 0.009 0.007 0.006 0.005 0.003 0.001 0.484 0.503 0.000 0.000 0.000 0.000 0.000 0.000 0.639 0.636 0.000 0.000 0.000 0.000 0.559 0.545 0.513 0.483 0.468 0.456 0.463 0.475 0.486 0.484 0.492 0.502 0.514 0.512 0.000 0.000 0.000 0.000 0.000 0.000 0.000 0.000 0.000 0.000
0.000 0.000 0.000 0.000 0.000 0.002 0.004 0.005 0.006 0.008 0.008 0.009 0.010 0.011 0.012 0.012 0.013 0.013 0.014 0.014 0.015 0.015 0.015 0.015 0.015 0.015 0.014 0.014 0.013 0.012 0.011 0.010 0.009 0.008 0.007 0.006 0.005 0.003 0.001 0.000 0.473 0.494 0.000 0.000 0.000 0.000 0.000 0.000 0.000 0.000 0.000 0.000 0.000 0.532 0.518 0.502 0.478 0.458 0.461 0.470 0.481 0.485 0.489 0.495 0.504 0.514 0.521 0.529 0.544 0.000 0.000 0.000 0.000 0.000 0.000 0.000 0.000
0.000 0.000 0.000 0.000 0.000 0.001 0.003 0.004 0.006 0.007 0.008 0.009 0.010 0.010 0.011 0.012 0.012 0.013 0.013 0.013 0.014 0.014 0.014 0.014 0.014 0.014 0.013 0.013 0.012 0.011 0.011 0.010 0.009 0.008 0.007 0.006 0.005 0.003 0.001 0.000 0.000 0.465 0.475 0.496 0.000 0.000 0.000 0.000 0.000 0.000 0.000 0.000 0.513 0.508 0.498 0.491 0.471 0.452 0.460 0.471 0.481 0.488 0.496 0.501 0.513 0.521 0.525 0.532 0.537 0.539 0.546 0.000 0.000 0.000 0.000 0.000 0.000
0.000 0.000 0.000 0.000 0.000 0.000 0.002 0.003 0.005 0.006 0.007 0.008 0.009 0.010 0.010 0.011 0.011 0.012 0.012 0.013 0.013 0.013 0.013 0.013 0.013 0.013 0.012 0.012 0.011 0.011 0.010 0.009 0.008 0.007 0.006 0.005 0.004 0.002 0.000 0.000 0.000 0.000 0.452 0.469 0.484 0.000 0.000 0.000 0.000 0.000 0.000 0.000 0.492 0.486 0.476 0.467 0.454 0.448 0.461 0.471 0.482 0.489 0.497 0.502 0.517 0.526 0.528 0.538 0.538 0.544 0.546 0.550 0.505 0.000 0.000 0.000 0.000
0.000 0.000 0.000 0.000 0.000 0.000 0.000 0.002 0.004 0.005 0.006 0.007 0.008 0.009 0.010 0.010 0.011 0.011 0.011 0.012 0.012 0.012 0.012 0.012 0.012 0.012 0.012 0.011 0.011 0.010 0.009 0.008 0.007 0.006 0.005 0.004 0.003 0.001 0.000 0.000 0.000 0.000 0.000 0.440 0.460 0.483 0.000 0.000 0.000 0.000 0.000 0.479 0.470 0.458 0.444 0.441 0.442 0.446 0.458 0.466 0.478 0.485 0.495 0.502 0.512 0.000 0.000 0.000 0.534 0.546 0.549 0.554 0.545 0.453 0.385 0.000 0.000
0.000 0.000 0.000 0.000 0.000 0.000 0.000 0.000 0.002 0.004 0.005 0.006 0.007 0.008 0.009 0.009 0.010 0.010 0.011 0.011 0.011 0.011 0.011 0.011 0.011 0.011 0.011 0.010 0.010 0.009 0.008 0.007 0.006 0.005 0.004 0.003 0.002 0.000 0.000 0.000 0.000 0.000 0.000 0.000 0.436 0.455 0.477 0.000 0.000 0.000 0.000 0.463 0.448 0.436 0.428 0.429 0.440 0.438 0.453 0.462 0.470 0.484 0.496 0.503 0.513 0.000 0.000 0.000 0.000 0.000 0.543 0.552 0.561 0.498 0.452 0.412 0.000
0.000 0.000 0.000 0.000 0.000 0.000 0.000 0.000 0.001 0.003 0.004 0.005 0.006 0.007 0.008 0.008 0.009 0.009 0.010 0.010 0.010 0.010 0.010 0.010 0.010 0.010 0.010 0.009 0.009 0.008 0.007 0.006 0.005 0.004 0.003 0.002 0.000 0.000 0.000 0.000 0.000 0.000 0.000 0.000 0.413 0.432 0.453 0.463 0.000 0.473 0.457 0.441 0.423 0.427 0.429 0.428 0.434 0.432 0.445 0.459 0.472 0.483 0.493 0.501 0.000 0.000 0.000 0.000 0.000 0.000 0.000 0.553 0.562 0.559 0.518 0.477 0.000
0.000 0.000 0.000 0.000 0.000 0.000 0.000 0.000 0.000 0.001 0.003 0.004 0.005 0.006 0.007 0.008 0.008 0.008 0.009 0.009 0.009 0.009 0.009 0.009 0.009 0.009 0.009 0.008 0.008 0.007 0.006 0.005 0.004 0.003 0.002 0.000 0.000 0.000 0.000 0.000 0.000 0.000 0.000 0.000 0.000 0.411 0.424 0.441 0.457 0.447 0.438 0.421 0.423 0.423 0.428 0.427 0.426 0.427 0.443 0.451 0.467 0.469 0.483 0.000 0.000 0.000 0.000 0.000 0.000 0.000 0.000 0.000 0.000 0.562 0.555 0.536 0.484
0.000 0.000 0.000 0.000 0.000 0.000 0.000 0.000 0.000 0.000 0.001 0.002 0.004 0.005 0.006 0.006 0.007 0.008 0.008 0.008 0.008 0.008 0.008 0.008 0.008 0.008 0.008 0.007 0.007 0.006 0.005 0.004 0.003 0.002 0.000 0.000 0.000 0.000 0.000 0.000 0.000 0.000 0.000 0.000 0.000 0.000 0.398 0.420 0.438 0.427 0.430 0.424 0.421 0.427 0.418 0.423 0.425 0.428 0.441 0.447 0.465 0.470 0.479 0.000 0.000 0.000 0.000 0.000 0.000 0.000 0.000 0.000 0.000 0.000 0.000 0.536 0.527
0.000 0.000 0.000 0.000 0.000 0.000 0.000 0.000 0.000 0.000 0.000 0.000 0.002 0.003 0.004 0.005 0.006 0.006 0.007 0.007 0.007 0.007 0.007 0.007 0.007 0.007 0.007 0.007 0.006 0.005 0.004 0.003 0.002 0.000 0.000 0.000 0.000 0.000 0.000 0.000 0.000 0.000 0.000 0.000 0.000 0.000 0.000 0.402 0.418 0.426 0.427 0.430 0.419 0.420 0.415 0.422 0.426 0.430 0.437 0.444 0.457 0.457 0.000 0.000 0.000 0.000 0.000 0.000 0.000 0.000 0.000 0.000 0.000 0.000 0.000 0.000 0.000
0.000 0.000 0.000 0.000 0.000 0.000 0.000 0.000 0.000 0.000 0.000 0.000 0.000 0.002 0.003 0.004 0.005 0.005 0.006 0.006 0.006 0.006 0.006 0.006 0.006 0.006 0.006 0.005 0.005 0.004 0.003 0.002 0.000 0.000 0.000 0.000 0.000 0.000 0.000 0.000 0.000 0.000 0.000 0.000 0.000 0.000 0.000 0.000 0.404 0.415 0.422 0.423 0.424 0.420 0.418 0.416 0.428 0.429 0.430 0.438 0.459 0.457 0.000 0.000 0.000 0.000 0.000 0.000 0.000 0.000 0.000 0.000 0.000 0.000 0.000 0.000 0.000
0.000 0.000 0.000 0.000 0.000 0.000 0.000 0.000 0.000 0.000 0.000 0.000 0.000 0.000 0.001 0.002 0.003 0.004 0.005 0.005 0.005 0.005 0.005 0.005 0.005 0.005 0.005 0.004 0.004 0.003 0.002 0.000 0.000 0.000 0.000 0.000 0.000 0.000 0.000 0.000 0.000 0.000 0.000 0.000 0.000 0.000 0.000 0.000 0.000 0.378 0.416 0.419 0.421 0.416 0.412 0.415 0.420 0.421 0.429 0.432 0.445 0.000 0.000 0.000 0.000 0.000 0.000 0.000 0.000 0.000 0.000 0.000 0.000 0.000 0.000 0.000 0.000
0.000 0.000 0.000 0.000 0.000 0.000 0.000 0.000 0.000 0.000 0.000 0.000 0.000 0.000 0.000 0.000 0.001 0.002 0.003 0.003 0.003 0.003 0.003 0.003 0.003 0.003 0.003 0.003 0.002 0.001 0.000 0.000 0.000 0.000 0.000 0.000 0.000 0.000 0.000 0.000 0.000 0.000 0.000 0.000 0.000 0.000 0.000 0.000 0.000 0.000 0.380 0.398 0.417 0.411 0.414 0.411 0.418 0.416 0.422 0.426 0.435 0.000 0.000 0.000 0.000 0.000 0.000 0.000 0.000 0.000 0.000 0.000 0.000 0.000 0.000 0.000 0.000
0.000 0.000 0.000 0.000 0.000 0.000 0.000 0.000 0.000 0.000 0.000 0.000 0.000 0.000 0.000 0.000 0.000 0.000 0.000 0.001 0.001 0.001 0.001 0.001 0.001 0.001 0.001 0.001 0.000 0.000 0.000 0.000 0.000 0.000 0.000 0.000 0.000 0.000 0.000 0.000 0.000 0.000 0.000 0.000 0.000 0.000 0.000 0.000 0.000 0.000 0.349 0.374 0.393 0.407 0.410 0.406 0.414 0.412 0.408 0.412 0.000 0.000 0.000 0.000 0.000 0.000 0.000 0.000 0.000 0.000 0.000 0.000 0.000 0.000 0.000 0.000 0.000
0.000 0.000 0.000 0.000 0.000 0.000 0.000 0.000 0.000 0.000 0.000 0.000 0.000 0.000 0.000 0.000 0.000 0.000 0.000 0.000 0.000 0.000 0.000 0.000 0.000 0.000 0.000 0.000 0.000 0.000 0.000 0.000 0.000 0.000 0.000 0.000 0.000 0.000 0.000 0.000 0.000 0.000 0.000 0.000 0.000 0.000 0.000 0.000 0.000 0.000 0.000 0.357 0.374 0.389 0.401 0.400 0.386 0.398 0.390 0.000 0.000 0.000 0.000 0.000 0.000 0.000 0.000 0.000 0.000 0.000 0.000 0.000 0.000 0.000 0.000 0.000 0.000
0.000 0.000 0.000 0.000 0.000 0.000 0.000 0.000 0.000 0.000 0.000 0.000 0.000 0.000 0.000 0.000 0.000 0.000 0.000 0.000 0.000 0.000 0.000 0.000 0.000 0.000 0.000 0.000 0.000 0.000 0.000 0.000 0.000 0.000 0.000 0.000 0.000 0.000 0.000 0.000 0.000 0.000 0.000 0.000 0.000 0.000 0.000 0.000 0.000 0.000 0.000 0.330 0.345 0.364 0.384 0.392 0.386 0.385 0.378 0.371 0.000 0.000 0.000 0.000 0.000 0.000 0.000 0.000 0.000 0.000 0.000 0.000 0.000 0.000 0.000 0.000 0.000
0.000 0.000 0.000 0.000 0.000 0.000 0.000 0.000 0.000 0.000 0.000 0.000 0.000 0.000 0.000 0.000 0.000 0.000 0.000 0.000 0.000 0.000 0.000 0.000 0.000 0.000 0.000 0.000 0.000 0.000 0.000 0.000 0.000 0.000 0.000 0.000 0.000 0.000 0.000 0.000 0.000 0.000 0.000 0.000 0.000 0.000 0.000 0.000 0.000 0.000 0.000 0.306 0.323 0.343 0.360 0.379 0.379 0.376 0.367 0.359 0.364 0.000 0.000 0.000 0.000 0.000 0.000 0.000 0.000 0.000 0.000 0.000 0.000 0.000 0.000 0.000 0.000
0.000 0.000 0.000 0.000 0.000 0.000 0.000 0.000 0.000 0.000 0.000 0.000 0.000 0.000 0.000 0.000 0.000 0.000 0.000 0.000 0.000 0.000 0.000 0.000 0.000 0.000 0.000 0.000 0.000 0.000 0.000 0.000 0.000 0.000 0.000 0.000 0.000 0.000 0.000 0.000 0.000 0.000 0.000 0.000 0.000 0.000 0.000 0.000 0.000 0.000 0.000 0.288 0.302 0.323 0.333 0.350 0.355 0.366 0.358 0.352 0.352 0.346 0.348 0.000 0.000 0.000 0.000 0.000 0.000 0.000 0.000 0.000 0.000 0.000 0.000 0.000 0.000
0.000 0.000 0.000 0.000 0.000 0.000 0.000 0.000 0.000 0.000 0.000 0.000 0.000 0.000 0.000 0.000 0.000 0.000 0.000 0.000 0.000 0.000 0.000 0.000 0.000 0.000 0.000 0.000 0.000 0.000 0.000 0.000 0.000 0.000 0.000 0.000 0.000 0.000 0.000 0.000 0.000 0.000 0.000 0.000 0.000 0.000 0.000 0.000 0.000 0.000 0.000 0.000 0.281 0.294 0.305 0.318 0.332 0.346 0.355 0.338 0.341 0.337 0.348 0.359 0.000 0.000 0.000 0.000 0.000 0.000 0.000 0.000 0.000 0.000 0.000 0.000 0.000
0.000 0.000 0.000 0.000 0.000 0.000 0.000 0.000 0.000 0.000 0.000 0.000 0.000 0.000 0.000 0.000 0.000 0.000 0.000 0.000 0.000 0.000 0.000 0.000 0.000 0.000 0.000 0.000 0.000 0.000 0.000 0.000 0.000 0.000 0.000 0.000 0.000 0.000 0.000 0.000 0.000 0.000 0.000 0.000 0.000 0.000 0.000 0.000 0.000 0.000 0.000 0.000 0.255 0.271 0.287 0.296 0.310 0.325 0.337 0.338 0.332 0.333 0.346 0.351 0.363 0.000 0.000 0.000 0.000 0.000 0.000 0.000 0.000 0.000 0.000 0.000 0.000
