数据/2hours/0.1-2h-150y/coupled-229-0001.wd
ncols         694
nrows         824
xllcorner     581104.939801
yllcorner     3495917.092414
cellsize      2.000000
NODATA_value  -9999.000000
[rows 680 to 713 of 824, columns 154 to 230 of 694]
0.000 0.000 0.000 0.000 0.000 0.000 0.000 0.000 0.000 0.000 0.000 0.001 0.001 0.000 0.000 0.000 0.001 0.001 0.001 0.001 0.001 0.002 0.001 0.001 0.002 0.002 0.000 0.002 0.002 0.000 0.000 0.000 0.000 0.000 0.000 0.000 0.000 0.000 0.000 0.001 0.001 0.001 0.001 0.001 0.001 0.002 0.001 0.001 0.001 0.005 0.006 0.015 0.001 0.001 0.001 0.001 0.001 0.001 0.001 0.001 0.001 0.001 0.001 0.001 0.000 0.000 0.000 0.000 0.000 0.000 0.000 0.000 0.000 0.000 0.000 0.000 0.000
0.000 0.000 0.000 0.000 0.000 0.000 0.000 0.000 0.000 0.001 0.001 0.001 0.001 0.001 0.001 0.000 0.001 0.001 0.001 0.001 0.001 0.012 0.029 0.000 0.041 0.018 0.001 0.001 0.000 0.000 0.000 0.000 0.000 0.000 0.000 0.000 0.000 0.000 0.001 0.001 0.001 0.001 0.001 0.001 0.001 0.001 0.001 0.001 0.001 0.001 0.001 0.005 0.007 0.007 0.001 0.001 0.001 0.001 0.001 0.001 0.001 0.001 0.001 0.001 0.000 0.000 0.000 0.000 0.000 0.000 0.000 0.000 0.000 0.000 0.000 0.000 0.000
0.000 0.000 0.000 0.000 0.001 0.001 0.001 0.001 0.001 0.001 0.001 0.001 0.001 0.001 0.001 0.001 0.001 0.001 0.001 0.001 0.002 0.036 0.000 0.000 0.000 0.000 0.025 0.001 0.000 0.000 0.000 0.000 0.000 0.000 0.000 0.000 0.000 0.001 0.001 0.001 0.001 0.001 0.001 0.001 0.001 0.001 0.001 0.001 0.001 0.001 0.001 0.001 0.001 0.006 0.016 0.002 0.001 0.001 0.001 0.001 0.001 0.001 0.001 0.001 0.000 0.000 0.000 0.000 0.000 0.000 0.000 0.000 0.000 0.000 0.000 0.000 0.000
0.001 0.000 0.001 0.001 0.001 0.001 0.001 0.001 0.001 0.001 0.001 0.001 0.001 0.001 0.001 0.001 0.001 0.001 0.001 0.001 0.002 0.000 0.000 0.000 0.000 0.000 0.000 0.026 0.002 0.001 0.000 0.000 0.000 0.000 0.000 0.000 0.000 0.001 0.001 0.001 0.001 0.001 0.001 0.001 0.001 0.000 0.001 0.001 0.001 0.001 0.001 0.001 0.001 0.001 0.006 0.007 0.016 0.001 0.001 0.001 0.001 0.001 0.001 0.001 0.000 0.000 0.000 0.000 0.000 0.000 0.000 0.000 0.000 0.000 0.000 0.000 0.000
0.001 0.001 0.001 0.001 0.001 0.001 0.001 0.001 0.001 0.001 0.001 0.001 0.001 0.001 0.001 0.001 0.001 0.001 0.001 0.001 0.002 0.000 0.000 0.000 0.000 0.000 0.000 0.000 0.049 0.027 0.002 0.000 0.000 0.000 0.000 0.000 0.001 0.001 0.001 0.001 0.001 0.001 0.001 0.001 0.000 0.000 0.000 0.000 0.001 0.001 0.001 0.001 0.001 0.001 0.001 0.001 0.006 0.007 0.017 0.001 0.001 0.001 0.001 0.001 0.001 0.001 0.000 0.000 0.000 0.000 0.000 0.000 0.000 0.000 0.000 0.000 0.000
0.001 0.001 0.001 0.001 0.001 0.001 0.001 0.001 0.001 0.001 0.001 0.001 0.001 0.001 0.001 0.001 0.001 0.001 0.001 0.001 0.001 0.001 0.000 0.000 0.000 0.000 0.000 0.000 0.000 0.000 0.049 0.027 0.002 0.000 0.000 0.001 0.001 0.001 0.001 0.001 0.001 0.001 0.001 0.001 0.000 0.002 0.003 0.004 0.000 0.000 0.001 0.001 0.001 0.001 0.001 0.001 0.001 0.001 0.007 0.009 0.008 0.001 0.001 0.001 0.001 0.001 0.001 0.001 0.000 0.000 0.000 0.000 0.000 0.000 0.000 0.000 0.000
0.001 0.001 0.001 0.001 0.001 0.001 0.001 0.001 0.001 0.001 0.001 0.001 0.001 0.001 0.001 0.001 0.001 0.001 0.001 0.001 0.001 0.002 0.000 0.000 0.000 0.000 0.000 0.000 0.000 0.000 0.000 0.000 0.027 0.002 0.000 0.001 0.001 0.001 0.001 0.001 0.001 0.001 0.001 0.000 0.000 0.001 0.001 0.001 0.001 0.014 0.000 0.000 0.001 0.001 0.001 0.001 0.001 0.001 0.001 0.001 0.007 0.017 0.001 0.001 0.001 0.001 0.001 0.000 0.001 0.001 0.000 0.000 0.000 0.000 0.000 0.000 0.000
0.001 0.001 0.001 0.001 0.001 0.001 0.001 0.001 0.001 0.001 0.001 0.001 0.001 0.001 0.001 0.001 0.001 0.001 0.001 0.001 0.001 0.001 0.001 0.001 0.000 0.000 0.000 0.000 0.000 0.000 0.000 0.000 0.000 0.027 0.002 0.001 0.001 0.001 0.001 0.001 0.001 0.001 0.000 0.000 0.001 0.001 0.001 0.001 0.001 0.008 0.000 0.000 0.000 0.000 0.001 0.001 0.001 0.001 0.001 0.001 0.001 0.006 0.007 0.017 0.001 0.001 0.001 0.001 0.001 0.001 0.001 0.001 0.000 0.000 0.000 0.000 0.000
0.001 0.001 0.001 0.001 0.001 0.001 0.001 0.001 0.001 0.001 0.001 0.001 0.001 0.001 0.001 0.001 0.001 0.001 0.025 0.000 0.000 0.001 0.001 0.001 0.002 0.000 0.000 0.000 0.000 0.000 0.000 0.000 0.000 0.000 0.001 0.001 0.001 0.001 0.001 0.001 0.001 0.001 0.000 0.001 0.001 0.001 0.001 0.001 0.001 0.001 0.008 0.000 0.000 0.007 0.000 0.000 0.001 0.001 0.001 0.001 0.001 0.001 0.001 0.007 0.008 0.017 0.001 0.001 0.001 0.001 0.001 0.001 0.001 0.001 0.001 0.001 0.000
0.001 0.001 0.001 0.001 0.001 0.001 0.001 0.001 0.001 0.001 0.001 0.001 0.001 0.001 0.001 0.001 0.001 0.025 0.000 0.000 0.000 0.000 0.001 0.002 0.015 0.046 0.000 0.108 0.000 0.000 0.000 0.000 0.000 0.006 0.002 0.001 0.001 0.001 0.001 0.001 0.001 0.000 0.000 0.001 0.001 0.001 0.001 0.001 0.001 0.001 0.001 0.001 0.001 0.001 0.001 0.008 0.000 0.000 0.001 0.001 0.001 0.001 0.001 0.001 0.002 0.007 0.009 0.008 0.001 0.001 0.001 0.001 0.001 0.001 0.001 0.001 0.001
0.002 0.001 0.001 0.001 0.001 0.001 0.001 0.001 0.001 0.001 0.001 0.001 0.001 0.001 0.001 0.001 0.001 0.000 0.000 0.000 0.000 0.000 0.000 0.000 0.038 0.069 0.100 0.132 0.000 0.000 0.000 0.000 0.090 0.068 0.015 0.001 0.001 0.001 0.001 0.001 0.001 0.003 0.005 0.000 0.000 0.001 0.001 0.001 0.001 0.001 0.001 0.001 0.001 0.001 0.001 0.001 0.001 0.002 0.001 0.001 0.001 0.001 0.001 0.001 0.001 0.001 0.002 0.008 0.018 0.001 0.001 0.001 0.001 0.001 0.001 0.001 0.001
0.003 0.004 0.001 0.001 0.001 0.001 0.001 0.001 0.001 0.001 0.001 0.001 0.001 0.001 0.001 0.001 0.001 0.000 0.000 0.000 0.000 0.000 0.000 0.000 0.000 0.091 0.124 0.152 0.185 0.000 0.000 0.000 0.153 0.113 0.047 0.001 0.000 0.033 0.001 0.001 0.001 0.001 0.003 0.004 0.005 0.000 0.000 0.001 0.001 0.001 0.001 0.001 0.001 0.001 0.001 0.001 0.001 0.002 0.000 0.000 0.000 0.001 0.001 0.001 0.001 0.001 0.001 0.001 0.008 0.019 0.048 0.031 0.008 0.001 0.001 0.001 0.001
0.026 0.040 0.029 0.001 0.001 0.001 0.001 0.001 0.001 0.001 0.001 0.001 0.001 0.001 0.001 0.001 0.001 0.000 0.000 0.000 0.000 0.000 0.000 0.000 0.000 0.000 0.000 0.178 0.207 0.239 0.261 0.239 0.211 0.144 0.076 0.000 0.000 0.000 0.033 0.001 0.001 0.001 0.001 0.002 0.003 0.004 0.005 0.000 0.001 0.001 0.001 0.001 0.001 0.001 0.001 0.001 0.002 0.000 0.000 0.000 0.000 0.000 0.001 0.001 0.001 0.001 0.001 0.001 0.001 0.019 0.055 0.009 0.001 0.001 0.001 0.001 0.001
0.051 0.064 0.077 0.054 0.025 0.001 0.001 0.001 0.001 0.001 0.001 0.001 0.001 0.001 0.001 0.001 0.001 0.001 0.001 0.000 0.000 0.000 0.000 0.000 0.000 0.000 0.000 0.000 0.230 0.262 0.292 0.303 0.241 0.174 0.105 0.000 0.000 0.000 0.000 0.033 0.001 0.001 0.001 0.001 0.001 0.002 0.003 0.002 0.001 0.001 0.001 0.001 0.001 0.001 0.001 0.001 0.001 0.000 0.000 0.000 0.000 0.000 0.001 0.001 0.001 0.001 0.001 0.001 0.001 0.031 0.053 0.001 0.001 0.001 0.001 0.001 0.001
0.075 0.087 0.101 0.107 0.078 0.049 0.021 0.001 0.001 0.001 0.001 0.001 0.001 0.001 0.000 0.001 0.001 0.001 0.001 0.001 0.000 0.000 0.000 0.000 0.000 0.000 0.000 0.000 0.000 0.265 0.300 0.317 0.267 0.199 0.000 0.000 0.000 0.000 0.000 0.057 0.001 0.001 0.001 0.001 0.001 0.001 0.001 0.001 0.001 0.001 0.001 0.001 0.001 0.001 0.001 0.001 0.000 0.000 0.000 0.000 0.000 0.000 0.001 0.001 0.001 0.001 0.001 0.001 0.006 0.042 0.035 0.001 0.001 0.001 0.001 0.001 0.001
0.099 0.113 0.126 0.138 0.132 0.103 0.074 0.045 0.017 0.001 0.001 0.001 0.001 0.000 0.000 0.000 0.000 0.001 0.001 0.001 0.001 0.000 0.000 0.000 0.000 0.000 0.000 0.000 0.234 0.267 0.295 0.298 0.291 0.000 0.000 0.000 0.000 0.000 0.148 0.081 0.013 0.001 0.001 0.001 0.001 0.001 0.001 0.001 0.001 0.001 0.001 0.001 0.001 0.001 0.001 0.001 0.000 0.000 0.000 0.000 0.000 0.000 0.001 0.001 0.001 0.001 0.001 0.001 0.018 0.054 0.016 0.001 0.001 0.001 0.001 0.001 0.001
0.124 0.138 0.149 0.163 0.177 0.158 0.128 0.099 0.070 0.040 0.001 0.001 0.000 0.000 0.000 0.000 0.000 0.000 0.000 0.001 0.001 0.001 0.031 0.000 0.000 0.000 0.000 0.000 0.236 0.270 0.276 0.278 0.280 0.000 0.000 0.000 0.000 0.000 0.000 0.104 0.036 0.001 0.001 0.001 0.001 0.001 0.001 0.001 0.001 0.001 0.001 0.001 0.001 0.001 0.001 0.001 0.000 0.000 0.000 0.000 0.000 0.000 0.001 0.001 0.001 0.001 0.001 0.001 0.029 0.054 0.001 0.001 0.001 0.001 0.001 0.001 0.001
0.149 0.160 0.174 0.188 0.200 0.211 0.182 0.153 0.124 0.091 0.037 0.001 0.000 0.000 0.000 0.000 0.000 0.000 0.000 0.001 0.001 0.001 0.034 0.068 0.000 0.000 0.000 0.205 0.238 0.255 0.257 0.259 0.000 0.000 0.000 0.000 0.000 0.000 0.000 0.000 0.000 0.021 0.008 0.001 0.001 0.001 0.001 0.001 0.001 0.001 0.001 0.001 0.001 0.001 0.001 0.001 0.000 0.000 0.000 0.000 0.000 0.000 0.001 0.001 0.001 0.001 0.001 0.003 0.040 0.034 0.001 0.001 0.001 0.001 0.001 0.001 0.001
0.178 0.188 0.199 0.211 0.225 0.239 0.237 0.207 0.177 0.134 0.080 0.000 0.000 0.000 0.000 0.000 0.000 0.000 0.000 0.000 0.000 0.000 0.035 0.069 0.104 0.139 0.172 0.206 0.234 0.235 0.237 0.000 0.000 0.000 0.000 0.000 0.000 0.000 0.000 0.000 0.000 0.041 0.027 0.013 0.001 0.001 0.001 0.001 0.001 0.001 0.001 0.001 0.001 0.001 0.001 0.014 0.000 0.000 0.000 0.000 0.000 0.000 0.001 0.001 0.001 0.001 0.001 0.014 0.051 0.013 0.001 0.001 0.001 0.001 0.001 0.001 0.001
0.206 0.217 0.229 0.239 0.250 0.262 0.275 0.260 0.232 0.177 0.000 0.000 0.000 0.000 0.000 0.000 0.000 0.000 0.000 0.000 0.000 0.000 0.037 0.071 0.105 0.140 0.174 0.208 0.215 0.216 0.218 0.000 0.000 0.000 0.000 0.000 0.000 0.000 0.000 0.000 0.000 0.060 0.000 0.033 0.019 0.005 0.001 0.001 0.001 0.001 0.001 0.001 0.001 0.001 0.001 0.025 0.000 0.000 0.000 0.000 0.000 0.001 0.001 0.001 0.001 0.001 0.001 0.025 0.052 0.001 0.001 0.001 0.001 0.001 0.001 0.001 0.001
0.236 0.247 0.258 0.268 0.279 0.289 0.300 0.313 0.275 0.219 0.165 0.111 0.000 0.000 0.000 0.000 0.000 0.000 0.000 0.000 0.000 0.000 0.000 0.000 0.107 0.142 0.176 0.193 0.195 0.197 0.000 0.000 0.000 0.000 0.205 0.000 0.000 0.000 0.000 0.000 0.000 0.000 0.000 0.000 0.000 0.024 0.010 0.001 0.001 0.001 0.001 0.001 0.001 0.001 0.002 0.036 0.000 0.000 0.000 0.000 0.000 0.001 0.001 0.001 0.001 0.001 0.001 0.036 0.032 0.001 0.001 0.001 0.001 0.001 0.001 0.001 0.000
0.266 0.277 0.287 0.298 0.308 0.318 0.330 0.339 0.316 0.263 0.207 0.152 0.097 0.000 0.000 0.000 0.000 0.000 0.000 0.000 0.000 0.000 0.000 0.000 0.000 0.144 0.171 0.174 0.175 0.000 0.000 0.000 0.000 0.184 0.186 0.187 0.163 0.000 0.000 0.000 0.000 0.000 0.000 0.000 0.000 0.000 0.029 0.016 0.001 0.001 0.001 0.001 0.013 0.000 0.000 0.048 0.000 0.000 0.000 0.000 0.000 0.001 0.001 0.001 0.001 0.001 0.011 0.048 0.013 0.001 0.001 0.001 0.001 0.001 0.000 0.000 0.000
0.000 0.305 0.316 0.327 0.338 0.348 0.359 0.345 0.318 0.290 0.250 0.195 0.140 0.086 0.030 0.000 0.000 0.000 0.000 0.000 0.000 0.000 0.000 0.000 0.000 0.145 0.152 0.154 0.156 0.000 0.000 0.000 0.000 0.164 0.167 0.168 0.169 0.119 0.000 0.000 0.000 0.000 0.000 0.000 0.000 0.000 0.000 0.000 0.001 0.001 0.001 0.001 0.000 0.000 0.000 0.000 0.000 0.000 0.000 0.000 0.000 0.001 0.001 0.001 0.001 0.001 0.022 0.051 0.001 0.001 0.001 0.001 0.001 0.000 0.000 0.000 0.000
0.000 0.000 0.345 0.356 0.367 0.378 0.369 0.349 0.321 0.295 0.266 0.238 0.183 0.127 0.074 0.017 0.000 0.000 0.000 0.000 0.000 0.000 0.000 0.000 0.112 0.130 0.133 0.135 0.000 0.000 0.000 0.000 0.144 0.144 0.147 0.148 0.149 0.143 0.075 0.008 0.000 0.000 0.000 0.000 0.000 0.000 0.000 0.000 0.000 0.001 0.001 0.001 0.000 0.000 0.000 0.000 0.000 0.000 0.000 0.000 0.001 0.001 0.001 0.001 0.001 0.001 0.033 0.031 0.001 0.001 0.001 0.001 0.000 0.000 0.000 0.000 0.000
0.000 0.000 0.000 0.386 0.396 0.389 0.379 0.352 0.324 0.297 0.270 0.241 0.213 0.169 0.115 0.059 0.005 0.000 0.000 0.000 0.000 0.000 0.000 0.081 0.109 0.111 0.113 0.000 0.000 0.000 0.000 0.123 0.124 0.125 0.128 0.129 0.129 0.131 0.099 0.032 0.001 0.000 0.000 0.000 0.000 0.000 0.000 0.000 0.000 0.001 0.001 0.001 0.000 0.000 0.000 0.000 0.000 0.000 0.000 0.000 0.001 0.001 0.001 0.001 0.001 0.007 0.044 0.011 0.001 0.001 0.001 0.001 0.000 0.000 0.000 0.000 0.000
0.000 0.000 0.000 0.000 0.409 0.400 0.381 0.354 0.327 0.299 0.272 0.245 0.216 0.188 0.158 0.103 0.048 0.001 0.001 0.000 0.000 0.000 0.000 0.083 0.089 0.091 0.000 0.000 0.000 0.000 0.000 0.103 0.104 0.106 0.106 0.108 0.110 0.112 0.113 0.054 0.001 0.001 0.000 0.000 0.000 0.000 0.000 0.000 0.001 0.001 0.001 0.001 0.000 0.000 0.000 0.000 0.000 0.000 0.000 0.000 0.001 0.001 0.001 0.001 0.001 0.018 0.049 0.001 0.001 0.001 0.001 0.001 0.000 0.000 0.000 0.000 0.000
0.000 0.000 0.000 0.000 0.000 0.410 0.385 0.357 0.330 0.302 0.275 0.247 0.220 0.191 0.164 0.136 0.090 0.036 0.001 0.001 0.000 0.000 0.050 0.069 0.070 0.072 0.000 0.000 0.000 0.000 0.000 0.083 0.085 0.087 0.089 0.089 0.090 0.093 0.093 0.078 0.011 0.001 0.001 0.001 0.000 0.000 0.000 0.001 0.001 0.001 0.001 0.001 0.001 0.000 0.000 0.000 0.000 0.000 0.000 0.000 0.001 0.001 0.001 0.001 0.001 0.029 0.028 0.001 0.001 0.001 0.001 0.000 0.000 0.000 0.000 0.000 0.000
0.000 0.000 0.000 0.000 0.000 0.000 0.000 0.360 0.333 0.305 0.278 0.250 0.222 0.194 0.167 0.139 0.112 0.078 0.023 0.001 0.001 0.019 0.048 0.049 0.050 0.000 0.000 0.000 0.000 0.000 0.000 0.000 0.065 0.066 0.068 0.070 0.070 0.073 0.074 0.075 0.035 0.001 0.001 0.001 0.001 0.000 0.001 0.001 0.001 0.001 0.001 0.001 0.001 0.000 0.000 0.000 0.000 0.000 0.000 0.001 0.001 0.001 0.001 0.001 0.003 0.039 0.009 0.001 0.001 0.001 0.001 0.000 0.000 0.000 0.000 0.000 0.000
0.000 0.000 0.000 0.000 0.000 0.000 0.000 0.000 0.335 0.308 0.281 0.253 0.226 0.197 0.170 0.142 0.114 0.087 0.059 0.010 0.001 0.020 0.029 0.030 0.000 0.000 0.000 0.000 0.000 0.000 0.000 0.000 0.000 0.000 0.048 0.050 0.051 0.053 0.054 0.056 0.057 0.001 0.001 0.001 0.001 0.001 0.001 0.001 0.001 0.001 0.001 0.001 0.014 0.000 0.000 0.000 0.000 0.000 0.000 0.001 0.001 0.001 0.001 0.001 0.013 0.046 0.001 0.001 0.001 0.001 0.001 0.000 0.000 0.000 0.000 0.000 0.000
0.000 0.000 0.000 0.000 0.000 0.000 0.000 0.000 0.000 0.311 0.284 0.256 0.000 0.000 0.173 0.146 0.117 0.090 0.062 0.034 0.001 0.006 0.007 0.009 0.010 0.011 0.000 0.000 0.000 0.000 0.000 0.000 0.000 0.000 0.029 0.030 0.032 0.033 0.034 0.036 0.038 0.014 0.001 0.001 0.001 0.001 0.001 0.001 0.001 0.001 0.001 0.001 0.000 0.000 0.000 0.000 0.000 0.000 0.000 0.001 0.001 0.001 0.001 0.001 0.023 0.025 0.001 0.001 0.001 0.001 0.001 0.000 0.000 0.000 0.000 0.000 0.000
0.000 0.000 0.000 0.000 0.000 0.000 0.000 0.000 0.000 0.000 0.001 0.001 0.003 0.003 0.001 0.000 0.120 0.092 0.065 0.036 0.011 0.006 0.004 0.002 0.001 0.001 0.001 0.000 0.000 0.000 0.000 0.000 0.000 0.000 0.009 0.000 0.012 0.014 0.015 0.017 0.018 0.019 0.001 0.001 0.001 0.001 0.001 0.001 0.001 0.001 0.001 0.001 0.000 0.000 0.000 0.000 0.000 0.000 0.000 0.001 0.001 0.001 0.001 0.001 0.033 0.005 0.001 0.001 0.001 0.001 0.000 0.000 0.000 0.000 0.000 0.000 0.000
0.000 0.000 0.000 0.000 0.000 0.000 0.000 0.000 0.000 0.002 0.003 0.003 0.004 0.004 0.003 0.003 0.001 0.095 0.067 0.037 0.020 0.012 0.008 0.005 0.003 0.001 0.001 0.001 0.000 0.000 0.000 0.000 0.000 0.000 0.000 0.000 0.000 0.000 0.006 0.003 0.002 0.001 0.001 0.001 0.001 0.001 0.001 0.001 0.001 0.001 0.014 0.027 0.000 0.000 0.000 0.000 0.000 0.000 0.001 0.001 0.001 0.001 0.001 0.006 0.042 0.001 0.001 0.001 0.001 0.001 0.000 0.000 0.000 0.000 0.000 0.000 0.000
0.000 0.000 0.000 0.000 0.000 0.000 0.000 0.000 0.002 0.003 0.004 0.004 0.004 0.004 0.004 0.004 0.003 0.000 0.001 0.044 0.031 0.023 0.017 0.014 0.007 0.003 0.001 0.001 0.001 0.001 0.000 0.000 0.000 0.000 0.000 0.000 0.000 0.000 0.000 0.009 0.007 0.002 0.001 0.001 0.001 0.001 0.001 0.001 0.001 0.012 0.000 0.000 0.000 0.000 0.000 0.000 0.000 0.000 0.001 0.001 0.001 0.001 0.001 0.015 0.020 0.001 0.001 0.001 0.001 0.001 0.000 0.000 0.000 0.000 0.000 0.000 0.000
0.000 0.000 0.000 0.000 0.000 0.000 0.000 0.002 0.003 0.004 0.004 0.004 0.005 0.005 0.005 0.004 0.004 0.003 0.003 0.001 0.043 0.038 0.028 0.018 0.000 0.003 0.001 0.001 0.001 0.001 0.001 0.000 0.000 0.000 0.000 0.000 0.000 0.000 0.000 0.000 0.000 0.002 0.001 0.001 0.001 0.001 0.001 0.001 0.001 0.000 0.000 0.000 0.000 0.000 0.000 0.000 0.000 0.000 0.001 0.004 0.009 0.022 0.036 0.035 0.002 0.001 0.001 0.001 0.001 0.001 0.000 0.000 0.000 0.000 0.000 0.000 0.000
