数据/2hours/0.1-2h-150y/coupled-133-0001.wd
ncols         694
nrows         824
xllcorner     581104.939801
yllcorner     3495917.092414
cellsize      2.000000
NODATA_value  -9999.000000
[rows 408 to 441 of 824, columns 385 to 461 of 694]
0.000 0.000 0.000 0.000 0.000 0.000 0.000 0.000 0.000 0.000 0.000 0.000 0.000 0.000 0.000 0.000 0.000 0.000 0.000 0.000 0.000 0.000 0.000 0.000 0.000 0.000 0.000 0.000 0.000 0.000 0.000 0.000 0.063 0.066 0.081 0.091 0.101 0.100 0.092 0.101 0.106 0.103 0.109 0.000 0.000 0.000 0.000 0.000 0.000 0.000 0.043 0.042 0.041 0.041 0.041 0.038 0.034 0.029 0.024 0.019 0.015 0.010 0.006 0.001 0.000 0.000 0.000 0.000 0.000 0.000 0.000 0.000 0.000 0.000 0.000 0.000 0.000
0.000 0.000 0.000 0.000 0.000 0.000 0.000 0.000 0.000 0.000 0.000 0.000 0.000 0.000 0.000 0.000 0.000 0.000 0.000 0.000 0.000 0.000 0.000 0.000 0.000 0.000 0.000 0.000 0.000 0.000 0.000 0.061 0.064 0.075 0.080 0.092 0.100 0.102 0.101 0.109 0.106 0.107 0.103 0.000 0.000 0.000 0.000 0.000 0.000 0.042 0.042 0.042 0.042 0.041 0.042 0.042 0.041 0.037 0.032 0.027 0.021 0.017 0.012 0.008 0.003 0.000 0.000 0.000 0.000 0.000 0.000 0.000 0.000 0.000 0.000 0.000 0.000
0.000 0.000 0.000 0.000 0.000 0.000 0.000 0.000 0.000 0.000 0.000 0.000 0.000 0.000 0.000 0.000 0.000 0.000 0.000 0.000 0.000 0.000 0.000 0.000 0.000 0.000 0.000 0.000 0.000 0.000 0.000 0.059 0.066 0.076 0.087 0.094 0.103 0.100 0.106 0.106 0.105 0.104 0.111 0.000 0.000 0.000 0.000 0.000 0.000 0.041 0.042 0.041 0.042 0.042 0.042 0.041 0.041 0.041 0.039 0.035 0.029 0.024 0.019 0.015 0.010 0.005 0.000 0.000 0.000 0.000 0.000 0.000 0.000 0.000 0.000 0.000 0.000
0.000 0.000 0.000 0.000 0.000 0.000 0.000 0.000 0.000 0.000 0.000 0.000 0.000 0.000 0.000 0.000 0.000 0.000 0.000 0.000 0.000 0.000 0.000 0.000 0.000 0.000 0.000 0.000 0.000 0.000 0.000 0.061 0.075 0.081 0.086 0.096 0.105 0.104 0.104 0.104 0.107 0.108 0.111 0.000 0.000 0.000 0.000 0.000 0.000 0.042 0.042 0.041 0.042 0.041 0.041 0.041 0.040 0.041 0.041 0.040 0.037 0.031 0.026 0.021 0.017 0.012 0.007 0.002 0.000 0.000 0.000 0.000 0.000 0.000 0.000 0.000 0.000
0.000 0.000 0.000 0.000 0.000 0.000 0.000 0.000 0.000 0.000 0.000 0.000 0.000 0.000 0.000 0.000 0.000 0.000 0.000 0.000 0.000 0.000 0.000 0.000 0.000 0.000 0.000 0.000 0.000 0.000 0.000 0.069 0.078 0.082 0.093 0.101 0.105 0.103 0.107 0.104 0.103 0.103 0.000 0.000 0.000 0.000 0.000 0.000 0.000 0.040 0.041 0.042 0.041 0.042 0.041 0.042 0.041 0.040 0.040 0.040 0.040 0.039 0.034 0.028 0.023 0.019 0.013 0.009 0.004 0.000 0.000 0.000 0.000 0.000 0.000 0.000 0.000
0.000 0.000 0.000 0.000 0.000 0.000 0.000 0.000 0.000 0.000 0.000 0.000 0.000 0.000 0.000 0.000 0.000 0.000 0.000 0.000 0.000 0.000 0.000 0.000 0.000 0.000 0.000 0.000 0.000 0.000 0.076 0.077 0.080 0.082 0.093 0.097 0.108 0.106 0.106 0.107 0.107 0.107 0.000 0.000 0.000 0.000 0.000 0.000 0.041 0.040 0.041 0.041 0.041 0.041 0.040 0.041 0.041 0.040 0.040 0.039 0.039 0.039 0.038 0.036 0.030 0.025 0.021 0.015 0.010 0.006 0.000 0.000 0.000 0.000 0.000 0.000 0.000
0.000 0.000 0.000 0.000 0.000 0.000 0.000 0.000 0.000 0.000 0.000 0.000 0.000 0.000 0.000 0.000 0.000 0.000 0.000 0.000 0.000 0.000 0.000 0.000 0.000 0.000 0.000 0.000 0.000 0.000 0.067 0.070 0.078 0.081 0.087 0.095 0.103 0.105 0.106 0.104 0.102 0.105 0.000 0.000 0.000 0.000 0.000 0.000 0.041 0.041 0.041 0.041 0.041 0.041 0.041 0.040 0.041 0.040 0.040 0.039 0.039 0.038 0.038 0.037 0.037 0.032 0.027 0.022 0.017 0.012 0.007 0.002 0.000 0.000 0.000 0.000 0.000
0.000 0.000 0.000 0.000 0.000 0.000 0.000 0.000 0.000 0.000 0.000 0.000 0.000 0.000 0.000 0.000 0.000 0.000 0.000 0.000 0.000 0.000 0.000 0.000 0.000 0.000 0.000 0.000 0.000 0.000 0.064 0.068 0.076 0.086 0.093 0.100 0.100 0.102 0.108 0.103 0.100 0.000 0.000 0.000 0.000 0.000 0.000 0.000 0.042 0.042 0.042 0.042 0.041 0.041 0.041 0.041 0.040 0.040 0.040 0.038 0.038 0.039 0.037 0.037 0.036 0.035 0.034 0.029 0.023 0.018 0.014 0.008 0.003 0.000 0.000 0.000 0.000
0.000 0.000 0.000 0.000 0.000 0.000 0.000 0.000 0.000 0.000 0.000 0.000 0.000 0.000 0.000 0.000 0.000 0.000 0.000 0.000 0.000 0.000 0.000 0.000 0.000 0.000 0.000 0.000 0.000 0.000 0.067 0.076 0.078 0.090 0.098 0.103 0.105 0.107 0.105 0.099 0.094 0.000 0.000 0.000 0.000 0.000 0.000 0.046 0.044 0.043 0.042 0.042 0.042 0.041 0.040 0.040 0.040 0.039 0.039 0.039 0.038 0.037 0.037 0.036 0.036 0.035 0.034 0.033 0.030 0.025 0.020 0.015 0.010 0.004 0.000 0.000 0.000
0.000 0.000 0.000 0.000 0.000 0.000 0.000 0.000 0.000 0.000 0.000 0.000 0.000 0.000 0.000 0.000 0.000 0.000 0.000 0.000 0.000 0.000 0.000 0.000 0.000 0.000 0.000 0.000 0.043 0.063 0.074 0.082 0.089 0.094 0.103 0.105 0.105 0.104 0.099 0.095 0.096 0.000 0.000 0.000 0.000 0.000 0.000 0.046 0.045 0.044 0.044 0.044 0.043 0.042 0.042 0.040 0.040 0.039 0.038 0.038 0.038 0.037 0.037 0.036 0.036 0.034 0.033 0.032 0.032 0.031 0.027 0.021 0.016 0.011 0.005 0.000 0.000
0.000 0.000 0.000 0.000 0.000 0.000 0.000 0.000 0.000 0.000 0.000 0.000 0.000 0.000 0.000 0.000 0.000 0.000 0.000 0.000 0.000 0.000 0.000 0.000 0.000 0.000 0.000 0.000 0.059 0.064 0.072 0.079 0.090 0.097 0.105 0.106 0.099 0.098 0.095 0.095 0.107 0.000 0.000 0.000 0.000 0.000 0.000 0.046 0.046 0.045 0.044 0.044 0.043 0.044 0.043 0.041 0.039 0.038 0.038 0.038 0.037 0.037 0.036 0.036 0.036 0.034 0.033 0.031 0.031 0.030 0.029 0.028 0.022 0.017 0.011 0.006 0.001
0.000 0.000 0.000 0.000 0.000 0.000 0.000 0.000 0.000 0.000 0.000 0.000 0.000 0.000 0.000 0.000 0.000 0.000 0.000 0.000 0.000 0.000 0.000 0.000 0.000 0.000 0.000 0.000 0.064 0.067 0.071 0.080 0.090 0.101 0.106 0.106 0.104 0.099 0.096 0.099 0.098 0.000 0.000 0.000 0.000 0.000 0.000 0.046 0.046 0.046 0.045 0.044 0.043 0.043 0.043 0.042 0.040 0.039 0.038 0.038 0.037 0.036 0.035 0.035 0.035 0.034 0.032 0.031 0.030 0.029 0.028 0.027 0.026 0.023 0.018 0.012 0.006
0.000 0.000 0.000 0.000 0.000 0.000 0.000 0.000 0.000 0.000 0.000 0.000 0.000 0.000 0.000 0.000 0.000 0.000 0.000 0.000 0.000 0.000 0.000 0.000 0.000 0.000 0.000 0.000 0.051 0.070 0.072 0.086 0.092 0.099 0.105 0.098 0.099 0.094 0.097 0.104 0.093 0.000 0.000 0.000 0.000 0.000 0.047 0.047 0.046 0.046 0.045 0.044 0.044 0.044 0.044 0.043 0.042 0.039 0.038 0.037 0.036 0.036 0.035 0.035 0.035 0.033 0.032 0.030 0.029 0.029 0.027 0.026 0.025 0.024 0.023 0.018 0.012
0.000 0.000 0.000 0.000 0.000 0.000 0.000 0.000 0.000 0.000 0.000 0.000 0.000 0.000 0.000 0.000 0.000 0.000 0.000 0.000 0.000 0.000 0.000 0.000 0.000 0.000 0.000 0.000 0.050 0.064 0.077 0.083 0.096 0.095 0.099 0.094 0.091 0.096 0.086 0.095 0.092 0.000 0.000 0.000 0.000 0.000 0.046 0.046 0.046 0.046 0.046 0.045 0.044 0.044 0.044 0.044 0.042 0.040 0.038 0.037 0.036 0.035 0.035 0.034 0.033 0.033 0.031 0.030 0.029 0.027 0.026 0.026 0.025 0.023 0.022 0.020 0.018
0.000 0.000 0.000 0.000 0.000 0.000 0.000 0.000 0.000 0.000 0.000 0.000 0.000 0.000 0.000 0.000 0.000 0.000 0.000 0.000 0.000 0.000 0.000 0.000 0.000 0.000 0.000 0.042 0.055 0.058 0.077 0.088 0.093 0.101 0.095 0.099 0.094 0.098 0.096 0.095 0.091 0.000 0.000 0.000 0.000 0.000 0.047 0.047 0.046 0.046 0.046 0.046 0.045 0.044 0.044 0.044 0.043 0.040 0.038 0.036 0.035 0.035 0.034 0.034 0.033 0.032 0.030 0.029 0.027 0.026 0.025 0.024 0.023 0.022 0.021 0.019 0.017
0.000 0.000 0.000 0.000 0.000 0.000 0.000 0.000 0.000 0.000 0.000 0.000 0.000 0.000 0.000 0.000 0.000 0.000 0.000 0.000 0.000 0.000 0.000 0.000 0.000 0.000 0.000 0.041 0.050 0.062 0.076 0.084 0.092 0.098 0.096 0.096 0.095 0.098 0.095 0.100 0.095 0.092 0.097 0.000 0.000 0.000 0.000 0.000 0.046 0.046 0.045 0.045 0.045 0.045 0.044 0.043 0.043 0.041 0.038 0.036 0.035 0.034 0.033 0.033 0.032 0.031 0.029 0.027 0.027 0.025 0.024 0.023 0.022 0.021 0.019 0.018 0.016
0.000 0.000 0.000 0.000 0.000 0.000 0.000 0.000 0.000 0.000 0.000 0.000 0.000 0.000 0.000 0.000 0.000 0.000 0.000 0.000 0.000 0.000 0.000 0.000 0.000 0.000 0.000 0.043 0.058 0.061 0.074 0.080 0.093 0.105 0.101 0.108 0.098 0.105 0.100 0.097 0.095 0.092 0.090 0.087 0.085 0.086 0.000 0.053 0.049 0.047 0.046 0.045 0.045 0.044 0.044 0.043 0.042 0.040 0.038 0.036 0.034 0.033 0.032 0.031 0.031 0.030 0.028 0.027 0.025 0.024 0.023 0.022 0.021 0.019 0.018 0.016 0.014
0.000 0.000 0.000 0.000 0.000 0.000 0.000 0.000 0.000 0.000 0.000 0.000 0.000 0.000 0.000 0.000 0.000 0.000 0.000 0.000 0.000 0.000 0.000 0.000 0.000 0.000 0.000 0.052 0.063 0.070 0.074 0.086 0.099 0.113 0.105 0.101 0.098 0.103 0.102 0.102 0.096 0.091 0.088 0.083 0.082 0.080 0.072 0.059 0.051 0.048 0.047 0.046 0.045 0.044 0.044 0.043 0.042 0.040 0.038 0.035 0.033 0.032 0.031 0.030 0.030 0.029 0.027 0.026 0.024 0.023 0.022 0.021 0.019 0.018 0.016 0.013 0.011
0.000 0.000 0.000 0.000 0.000 0.000 0.000 0.000 0.000 0.000 0.000 0.000 0.000 0.000 0.000 0.000 0.000 0.000 0.000 0.000 0.000 0.000 0.000 0.000 0.000 0.000 0.000 0.053 0.068 0.071 0.084 0.090 0.108 0.137 0.103 0.103 0.098 0.108 0.102 0.106 0.000 0.091 0.088 0.084 0.080 0.077 0.069 0.059 0.053 0.049 0.047 0.045 0.045 0.045 0.043 0.043 0.041 0.039 0.037 0.035 0.033 0.032 0.031 0.030 0.029 0.028 0.026 0.024 0.023 0.022 0.020 0.019 0.017 0.015 0.012 0.009 0.009
0.000 0.000 0.000 0.000 0.000 0.000 0.000 0.000 0.000 0.000 0.000 0.000 0.000 0.000 0.000 0.000 0.000 0.000 0.000 0.000 0.000 0.000 0.000 0.000 0.000 0.000 0.000 0.050 0.067 0.077 0.080 0.091 0.103 0.106 0.100 0.100 0.101 0.101 0.101 0.000 0.000 0.000 0.000 0.000 0.080 0.077 0.066 0.057 0.052 0.049 0.047 0.045 0.045 0.044 0.043 0.043 0.041 0.038 0.036 0.034 0.032 0.031 0.030 0.029 0.028 0.026 0.025 0.023 0.021 0.020 0.018 0.016 0.014 0.011 0.010 0.009 0.009
0.000 0.000 0.000 0.000 0.000 0.000 0.000 0.000 0.000 0.000 0.000 0.000 0.000 0.000 0.000 0.000 0.000 0.000 0.000 0.000 0.000 0.000 0.000 0.000 0.000 0.000 0.049 0.054 0.068 0.072 0.085 0.091 0.103 0.103 0.098 0.101 0.092 0.105 0.000 0.000 0.000 0.000 0.000 0.000 0.000 0.000 0.056 0.053 0.051 0.049 0.047 0.046 0.044 0.044 0.043 0.042 0.040 0.037 0.034 0.033 0.031 0.030 0.029 0.028 0.027 0.025 0.023 0.021 0.019 0.017 0.015 0.012 0.011 0.010 0.010 0.010 0.010
0.000 0.000 0.000 0.000 0.000 0.000 0.000 0.000 0.000 0.000 0.000 0.000 0.000 0.000 0.000 0.000 0.000 0.000 0.000 0.000 0.000 0.000 0.000 0.000 0.000 0.000 0.054 0.055 0.071 0.077 0.082 0.090 0.100 0.099 0.098 0.096 0.097 0.094 0.000 0.000 0.000 0.000 0.000 0.000 0.000 0.000 0.051 0.050 0.050 0.049 0.047 0.046 0.045 0.043 0.042 0.041 0.038 0.036 0.034 0.032 0.030 0.029 0.028 0.026 0.025 0.023 0.021 0.018 0.016 0.013 0.011 0.011 0.011 0.010 0.010 0.011 0.013
0.000 0.000 0.000 0.000 0.000 0.000 0.000 0.000 0.000 0.000 0.000 0.000 0.000 0.000 0.000 0.000 0.000 0.000 0.000 0.000 0.000 0.000 0.000 0.000 0.000 0.000 0.056 0.062 0.071 0.080 0.087 0.097 0.101 0.107 0.104 0.104 0.096 0.000 0.000 0.000 0.000 0.000 0.053 0.054 0.053 0.051 0.050 0.050 0.050 0.050 0.047 0.046 0.044 0.042 0.042 0.041 0.038 0.035 0.033 0.031 0.029 0.027 0.026 0.025 0.023 0.020 0.018 0.014 0.012 0.012 0.012 0.011 0.011 0.011 0.012 0.015 0.021
0.000 0.000 0.000 0.000 0.000 0.000 0.000 0.000 0.000 0.000 0.000 0.000 0.000 0.000 0.000 0.000 0.000 0.000 0.000 0.000 0.000 0.000 0.000 0.000 0.000 0.000 0.058 0.064 0.081 0.079 0.092 0.095 0.104 0.100 0.100 0.097 0.101 0.000 0.000 0.000 0.000 0.000 0.000 0.055 0.053 0.051 0.051 0.051 0.050 0.049 0.048 0.046 0.044 0.042 0.041 0.039 0.036 0.034 0.031 0.030 0.028 0.026 0.024 0.023 0.020 0.016 0.013 0.012 0.012 0.012 0.012 0.012 0.013 0.015 0.018 0.024 0.031
0.000 0.000 0.000 0.000 0.000 0.000 0.000 0.000 0.000 0.000 0.000 0.000 0.000 0.000 0.000 0.000 0.000 0.000 0.000 0.000 0.000 0.000 0.000 0.000 0.000 0.000 0.061 0.067 0.081 0.089 0.093 0.096 0.105 0.102 0.106 0.096 0.106 0.000 0.000 0.000 0.000 0.000 0.000 0.000 0.000 0.000 0.051 0.050 0.049 0.049 0.048 0.046 0.044 0.042 0.041 0.038 0.035 0.032 0.030 0.028 0.026 0.024 0.021 0.019 0.014 0.014 0.013 0.013 0.012 0.013 0.013 0.015 0.017 0.022 0.028 0.036 0.040
0.000 0.000 0.000 0.000 0.000 0.000 0.000 0.000 0.000 0.000 0.000 0.000 0.000 0.000 0.000 0.000 0.000 0.000 0.000 0.000 0.000 0.000 0.000 0.000 0.000 0.056 0.063 0.077 0.078 0.088 0.089 0.102 0.099 0.101 0.104 0.101 0.000 0.000 0.000 0.000 0.000 0.000 0.000 0.000 0.000 0.000 0.000 0.000 0.048 0.048 0.047 0.045 0.044 0.043 0.040 0.036 0.033 0.030 0.028 0.026 0.023 0.020 0.017 0.015 0.014 0.014 0.013 0.013 0.014 0.015 0.017 0.021 0.027 0.034 0.041 0.048 0.048
0.093 0.000 0.000 0.000 0.000 0.074 0.068 0.061 0.052 0.042 0.000 0.000 0.000 0.000 0.000 0.000 0.000 0.000 0.000 0.000 0.000 0.000 0.000 0.000 0.000 0.060 0.061 0.074 0.079 0.087 0.089 0.097 0.096 0.097 0.092 0.093 0.000 0.000 0.000 0.000 0.000 0.000 0.000 0.000 0.000 0.000 0.000 0.000 0.000 0.000 0.000 0.046 0.045 0.043 0.037 0.034 0.031 0.028 0.025 0.022 0.018 0.017 0.016 0.015 0.014 0.014 0.014 0.015 0.018 0.021 0.027 0.033 0.040 0.047 0.055 0.059 0.055
0.104 0.102 0.097 0.093 0.089 0.084 0.079 0.071 0.062 0.052 0.040 0.030 0.025 0.021 0.016 0.017 0.020 0.000 0.008 0.000 0.000 0.000 0.000 0.000 0.000 0.057 0.059 0.066 0.078 0.085 0.093 0.096 0.095 0.094 0.091 0.092 0.000 0.000 0.000 0.000 0.000 0.000 0.000 0.000 0.000 0.000 0.000 0.000 0.000 0.000 0.000 0.000 0.000 0.000 0.034 0.032 0.027 0.024 0.020 0.018 0.017 0.017 0.016 0.016 0.015 0.016 0.018 0.021 0.026 0.032 0.039 0.046 0.054 0.061 0.068 0.068 0.063
0.116 0.114 0.109 0.105 0.100 0.094 0.089 0.081 0.072 0.063 0.051 0.042 0.035 0.030 0.025 0.020 0.018 0.015 0.013 0.013 0.017 0.000 0.000 0.000 0.000 0.053 0.059 0.064 0.072 0.085 0.097 0.096 0.096 0.092 0.094 0.092 0.000 0.000 0.000 0.000 0.000 0.000 0.000 0.000 0.000 0.000 0.000 0.000 0.000 0.000 0.000 0.000 0.000 0.000 0.000 0.000 0.020 0.018 0.018 0.017 0.017 0.017 0.017 0.017 0.018 0.021 0.025 0.031 0.038 0.045 0.053 0.061 0.068 0.075 0.080 0.075 0.070
0.131 0.125 0.121 0.117 0.111 0.105 0.099 0.092 0.083 0.073 0.063 0.053 0.045 0.039 0.034 0.028 0.019 0.018 0.016 0.016 0.019 0.023 0.000 0.000 0.000 0.046 0.061 0.067 0.072 0.082 0.094 0.096 0.093 0.093 0.088 0.000 0.000 0.000 0.000 0.000 0.000 0.000 0.000 0.000 0.000 0.000 0.000 0.000 0.000 0.000 0.000 0.000 0.000 0.000 0.000 0.000 0.015 0.016 0.017 0.017 0.018 0.018 0.019 0.021 0.024 0.030 0.037 0.044 0.052 0.060 0.068 0.075 0.081 0.089 0.088 0.083 0.078
0.142 0.137 0.134 0.128 0.123 0.118 0.110 0.103 0.094 0.084 0.073 0.064 0.056 0.049 0.043 0.036 0.028 0.020 0.020 0.020 0.021 0.023 0.024 0.025 0.030 0.041 0.055 0.067 0.078 0.083 0.090 0.092 0.092 0.090 0.091 0.000 0.000 0.000 0.000 0.000 0.000 0.000 0.000 0.000 0.000 0.000 0.000 0.000 0.000 0.000 0.000 0.000 0.000 0.000 0.000 0.000 0.013 0.015 0.017 0.018 0.019 0.021 0.023 0.028 0.034 0.042 0.050 0.058 0.066 0.074 0.081 0.088 0.095 0.101 0.095 0.091 0.085
0.153 0.150 0.145 0.141 0.135 0.128 0.122 0.113 0.104 0.094 0.084 0.074 0.066 0.059 0.052 0.045 0.037 0.029 0.023 0.023 0.023 0.025 0.026 0.027 0.033 0.041 0.051 0.064 0.077 0.087 0.092 0.095 0.097 0.092 0.096 0.000 0.000 0.000 0.000 0.000 0.000 0.000 0.000 0.000 0.000 0.000 0.000 0.000 0.000 0.000 0.000 0.000 0.000 0.000 0.000 0.001 0.012 0.015 0.018 0.021 0.023 0.027 0.032 0.039 0.047 0.055 0.064 0.072 0.080 0.087 0.095 0.101 0.108 0.109 0.103 0.098 0.093
0.166 0.161 0.157 0.153 0.148 0.141 0.133 0.124 0.114 0.104 0.094 0.084 0.075 0.068 0.061 0.054 0.046 0.038 0.029 0.026 0.026 0.026 0.026 0.031 0.033 0.039 0.050 0.065 0.073 0.085 0.095 0.094 0.097 0.100 0.100 0.000 0.000 0.000 0.000 0.000 0.000 0.000 0.000 0.000 0.000 0.000 0.000 0.000 0.000 0.000 0.000 0.000 0.000 0.000 0.000 0.003 0.013 0.018 0.022 0.026 0.031 0.038 0.045 0.054 0.062 0.070 0.078 0.085 0.093 0.100 0.108 0.000 0.000 0.115 0.111 0.106 0.100
0.000 0.000 0.169 0.165 0.160 0.153 0.144 0.133 0.123 0.113 0.103 0.093 0.085 0.077 0.070 0.063 0.056 0.048 0.040 0.031 0.030 0.029 0.029 0.032 0.036 0.044 0.052 0.064 0.071 0.082 0.092 0.093 0.093 0.100 0.000 0.000 0.000 0.000 0.000 0.000 0.000 0.000 0.000 0.000 0.000 0.000 0.000 0.000 0.000 0.000 0.000 0.000 0.000 0.000 0.000 0.012 0.020 0.026 0.032 0.038 0.045 0.052 0.061 0.068 0.077 0.084 0.092 0.099 0.106 0.113 0.000 0.000 0.000 0.000 0.000 0.113 0.108
