数据/2hours/0.1-2h-150y/coupled-120-0001.wd
ncols         694
nrows         824
xllcorner     581104.939801
yllcorner     3495917.092414
cellsize      2.000000
NODATA_value  -9999.000000
[rows 442 to 475 of 824, columns 385 to 461 of 694]
0.000 0.000 0.000 0.184 0.178 0.175 0.174 0.167 0.164 0.156 0.150 0.143 0.138 0.130 0.122 0.113 0.102 0.090 0.075 0.059 0.051 0.056 0.060 0.066 0.078 0.085 0.095 0.101 0.113 0.109 0.111 0.117 0.119 0.117 0.000 0.000 0.000 0.000 0.000 0.000 0.000 0.000 0.000 0.000 0.000 0.000 0.000 0.000 0.000 0.000 0.000 0.000 0.000 0.000 0.000 0.001 0.008 0.011 0.014 0.016 0.019 0.023 0.028 0.034 0.040 0.046 0.053 0.060 0.067 0.074 0.000 0.000 0.000 0.000 0.000 0.000 0.000
0.000 0.000 0.000 0.000 0.000 0.187 0.180 0.177 0.173 0.166 0.158 0.153 0.146 0.139 0.131 0.122 0.110 0.096 0.085 0.071 0.063 0.060 0.058 0.071 0.075 0.085 0.090 0.094 0.100 0.113 0.116 0.118 0.109 0.108 0.000 0.000 0.000 0.000 0.000 0.000 0.000 0.000 0.000 0.000 0.000 0.000 0.000 0.000 0.000 0.000 0.000 0.000 0.000 0.000 0.000 0.001 0.009 0.014 0.019 0.024 0.029 0.035 0.041 0.048 0.054 0.060 0.067 0.074 0.080 0.086 0.092 0.093 0.000 0.000 0.000 0.000 0.000
0.000 0.000 0.000 0.000 0.000 0.000 0.000 0.186 0.183 0.175 0.169 0.163 0.156 0.149 0.140 0.129 0.117 0.106 0.095 0.084 0.072 0.064 0.067 0.075 0.077 0.092 0.092 0.100 0.098 0.102 0.113 0.104 0.098 0.000 0.000 0.000 0.000 0.000 0.000 0.000 0.000 0.000 0.000 0.000 0.000 0.000 0.000 0.000 0.000 0.000 0.000 0.000 0.000 0.000 0.002 0.012 0.019 0.025 0.031 0.037 0.041 0.048 0.054 0.061 0.067 0.074 0.080 0.087 0.093 0.099 0.105 0.099 0.094 0.088 0.083 0.000 0.000
0.000 0.000 0.000 0.000 0.000 0.000 0.000 0.000 0.190 0.187 0.176 0.170 0.165 0.157 0.148 0.140 0.129 0.121 0.112 0.102 0.093 0.085 0.075 0.078 0.082 0.088 0.097 0.105 0.102 0.105 0.104 0.104 0.103 0.000 0.000 0.000 0.000 0.000 0.000 0.000 0.000 0.000 0.000 0.000 0.000 0.000 0.000 0.000 0.000 0.000 0.000 0.000 0.000 0.000 0.000 0.000 0.000 0.039 0.000 0.000 0.053 0.061 0.067 0.074 0.080 0.087 0.093 0.100 0.105 0.112 0.113 0.107 0.101 0.095 0.090 0.084 0.078
0.000 0.000 0.000 0.000 0.000 0.000 0.000 0.000 0.000 0.000 0.180 0.179 0.178 0.169 0.162 0.152 0.141 0.131 0.125 0.119 0.111 0.100 0.099 0.087 0.091 0.090 0.100 0.101 0.108 0.102 0.097 0.097 0.100 0.000 0.000 0.000 0.000 0.000 0.000 0.000 0.000 0.000 0.000 0.000 0.000 0.000 0.000 0.000 0.000 0.000 0.000 0.000 0.000 0.000 0.000 0.000 0.000 0.000 0.000 0.000 0.000 0.000 0.000 0.000 0.093 0.100 0.106 0.113 0.118 0.125 0.120 0.114 0.108 0.102 0.097 0.091 0.086
0.000 0.000 0.000 0.000 0.000 0.000 0.000 0.000 0.000 0.000 0.000 0.186 0.182 0.175 0.169 0.159 0.150 0.145 0.139 0.126 0.118 0.114 0.111 0.108 0.103 0.103 0.108 0.111 0.111 0.110 0.100 0.089 0.085 0.069 0.056 0.059 0.000 0.000 0.000 0.000 0.000 0.000 0.000 0.000 0.000 0.000 0.000 0.000 0.000 0.000 0.000 0.000 0.000 0.000 0.000 0.000 0.000 0.000 0.000 0.000 0.000 0.000 0.000 0.000 0.000 0.000 0.000 0.000 0.131 0.133 0.127 0.121 0.115 0.110 0.104 0.099 0.093
0.000 0.000 0.000 0.000 0.000 0.000 0.000 0.000 0.000 0.000 0.000 0.000 0.000 0.176 0.173 0.165 0.157 0.149 0.138 0.127 0.125 0.118 0.112 0.114 0.110 0.116 0.114 0.125 0.120 0.118 0.108 0.097 0.076 0.068 0.055 0.050 0.043 0.038 0.028 0.030 0.000 0.000 0.000 0.000 0.000 0.000 0.000 0.000 0.000 0.000 0.000 0.000 0.000 0.000 0.000 0.000 0.000 0.000 0.000 0.000 0.000 0.000 0.000 0.000 0.000 0.000 0.000 0.000 0.000 0.000 0.000 0.128 0.122 0.116 0.111 0.105 0.100
0.000 0.000 0.000 0.000 0.000 0.000 0.000 0.000 0.000 0.000 0.000 0.000 0.000 0.000 0.000 0.166 0.156 0.150 0.137 0.126 0.123 0.120 0.116 0.113 0.116 0.112 0.116 0.126 0.134 0.125 0.115 0.115 0.090 0.072 0.063 0.051 0.046 0.045 0.041 0.042 0.044 0.043 0.058 0.000 0.000 0.000 0.000 0.000 0.000 0.000 0.000 0.000 0.000 0.000 0.000 0.000 0.000 0.000 0.000 0.000 0.000 0.000 0.000 0.000 0.000 0.000 0.000 0.000 0.000 0.000 0.000 0.000 0.000 0.000 0.000 0.112 0.107
0.000 0.000 0.000 0.000 0.000 0.000 0.000 0.000 0.000 0.000 0.000 0.000 0.000 0.000 0.000 0.000 0.157 0.150 0.131 0.125 0.123 0.119 0.117 0.114 0.114 0.109 0.113 0.113 0.126 0.112 0.113 0.102 0.109 0.099 0.082 0.069 0.063 0.065 0.070 0.063 0.056 0.054 0.064 0.069 0.072 0.074 0.071 0.000 0.000 0.000 0.000 0.000 0.000 0.000 0.000 0.000 0.000 0.000 0.000 0.000 0.000 0.000 0.000 0.000 0.000 0.000 0.000 0.000 0.000 0.000 0.000 0.000 0.000 0.000 0.000 0.000 0.000
0.000 0.000 0.000 0.000 0.000 0.000 0.000 0.000 0.000 0.000 0.000 0.000 0.000 0.000 0.000 0.000 0.000 0.000 0.132 0.124 0.120 0.122 0.119 0.123 0.127 0.118 0.120 0.109 0.114 0.115 0.116 0.108 0.111 0.094 0.098 0.091 0.078 0.077 0.086 0.084 0.077 0.073 0.081 0.085 0.081 0.082 0.081 0.075 0.065 0.060 0.059 0.049 0.046 0.049 0.055 0.000 0.000 0.000 0.000 0.000 0.000 0.000 0.000 0.000 0.000 0.000 0.000 0.000 0.000 0.000 0.000 0.000 0.000 0.000 0.000 0.000 0.000
0.000 0.000 0.000 0.000 0.000 0.000 0.000 0.000 0.000 0.000 0.000 0.000 0.000 0.000 0.000 0.000 0.000 0.000 0.120 0.120 0.117 0.119 0.116 0.124 0.114 0.109 0.112 0.111 0.117 0.115 0.123 0.117 0.115 0.116 0.111 0.100 0.092 0.094 0.104 0.108 0.102 0.095 0.095 0.094 0.096 0.095 0.089 0.081 0.080 0.076 0.065 0.056 0.061 0.063 0.060 0.056 0.058 0.060 0.000 0.000 0.000 0.000 0.000 0.000 0.000 0.000 0.000 0.000 0.000 0.000 0.000 0.000 0.000 0.000 0.000 0.000 0.000
0.000 0.000 0.000 0.000 0.000 0.000 0.000 0.000 0.000 0.000 0.000 0.000 0.000 0.000 0.000 0.000 0.000 0.000 0.129 0.122 0.120 0.116 0.121 0.117 0.115 0.113 0.110 0.102 0.112 0.105 0.124 0.125 0.132 0.124 0.120 0.117 0.111 0.110 0.112 0.113 0.109 0.110 0.115 0.109 0.107 0.107 0.098 0.096 0.092 0.088 0.076 0.067 0.074 0.075 0.070 0.069 0.070 0.071 0.076 0.084 0.089 0.000 0.000 0.000 0.000 0.000 0.000 0.000 0.000 0.000 0.000 0.000 0.000 0.000 0.000 0.000 0.000
0.000 0.000 0.000 0.000 0.000 0.000 0.000 0.000 0.000 0.000 0.000 0.000 0.000 0.000 0.000 0.000 0.000 0.000 0.124 0.124 0.118 0.115 0.111 0.106 0.113 0.112 0.117 0.107 0.115 0.116 0.109 0.114 0.119 0.119 0.132 0.129 0.124 0.125 0.124 0.126 0.128 0.124 0.124 0.120 0.117 0.116 0.114 0.114 0.105 0.098 0.088 0.082 0.087 0.086 0.083 0.083 0.083 0.084 0.088 0.091 0.098 0.095 0.092 0.092 0.091 0.000 0.000 0.000 0.000 0.000 0.000 0.000 0.000 0.000 0.000 0.000 0.000
0.000 0.000 0.000 0.000 0.000 0.000 0.000 0.000 0.000 0.000 0.000 0.000 0.000 0.000 0.000 0.000 0.000 0.116 0.123 0.119 0.112 0.112 0.116 0.109 0.108 0.109 0.112 0.116 0.118 0.121 0.129 0.135 0.136 0.139 0.140 0.131 0.134 0.135 0.130 0.132 0.133 0.133 0.138 0.135 0.128 0.128 0.128 0.122 0.117 0.109 0.099 0.098 0.099 0.096 0.097 0.097 0.096 0.098 0.101 0.103 0.106 0.104 0.105 0.103 0.100 0.096 0.085 0.075 0.065 0.000 0.000 0.000 0.000 0.000 0.000 0.000 0.000
0.000 0.000 0.000 0.000 0.000 0.000 0.000 0.000 0.000 0.000 0.000 0.000 0.000 0.000 0.000 0.000 0.000 0.131 0.127 0.115 0.113 0.118 0.118 0.117 0.119 0.112 0.107 0.111 0.118 0.125 0.126 0.135 0.135 0.139 0.141 0.136 0.139 0.143 0.138 0.133 0.133 0.137 0.138 0.138 0.142 0.139 0.137 0.131 0.131 0.121 0.117 0.112 0.109 0.108 0.108 0.107 0.109 0.111 0.111 0.112 0.115 0.113 0.114 0.116 0.113 0.104 0.092 0.081 0.068 0.054 0.044 0.037 0.000 0.000 0.000 0.000 0.000
0.000 0.000 0.000 0.000 0.000 0.000 0.000 0.000 0.000 0.000 0.000 0.000 0.000 0.000 0.000 0.000 0.000 0.136 0.128 0.123 0.121 0.114 0.123 0.127 0.131 0.127 0.120 0.117 0.126 0.131 0.132 0.140 0.142 0.149 0.146 0.147 0.153 0.151 0.144 0.140 0.138 0.138 0.146 0.144 0.145 0.144 0.144 0.137 0.137 0.130 0.129 0.121 0.120 0.122 0.120 0.119 0.121 0.125 0.123 0.120 0.119 0.122 0.124 0.122 0.125 0.110 0.092 0.083 0.073 0.051 0.044 0.033 0.017 0.001 0.000 0.000 0.000
0.000 0.000 0.000 0.000 0.000 0.000 0.000 0.000 0.000 0.000 0.000 0.000 0.000 0.000 0.000 0.000 0.000 0.130 0.133 0.136 0.132 0.120 0.122 0.129 0.127 0.129 0.130 0.137 0.144 0.138 0.147 0.148 0.146 0.162 0.161 0.149 0.151 0.151 0.150 0.148 0.151 0.147 0.144 0.146 0.149 0.149 0.146 0.143 0.139 0.135 0.133 0.125 0.128 0.132 0.132 0.131 0.135 0.136 0.134 0.134 0.133 0.132 0.135 0.134 0.130 0.124 0.096 0.081 0.065 0.048 0.039 0.026 0.012 0.006 0.003 0.000 0.000
0.000 0.000 0.000 0.000 0.000 0.000 0.000 0.000 0.000 0.000 0.000 0.000 0.000 0.000 0.000 0.000 0.151 0.149 0.155 0.143 0.137 0.138 0.134 0.134 0.120 0.116 0.123 0.127 0.140 0.150 0.160 0.153 0.151 0.164 0.167 0.164 0.156 0.157 0.153 0.154 0.156 0.150 0.148 0.150 0.153 0.152 0.147 0.145 0.139 0.142 0.139 0.134 0.139 0.141 0.138 0.137 0.144 0.146 0.142 0.141 0.142 0.144 0.145 0.145 0.131 0.112 0.093 0.080 0.073 0.063 0.054 0.042 0.032 0.024 0.017 0.010 0.006
0.000 0.000 0.000 0.000 0.000 0.000 0.000 0.000 0.000 0.000 0.000 0.000 0.000 0.000 0.000 0.000 0.147 0.152 0.150 0.150 0.135 0.128 0.118 0.124 0.123 0.121 0.138 0.144 0.153 0.158 0.158 0.156 0.159 0.159 0.160 0.168 0.167 0.167 0.168 0.164 0.164 0.158 0.154 0.158 0.156 0.153 0.153 0.151 0.147 0.148 0.145 0.144 0.146 0.145 0.145 0.146 0.151 0.150 0.147 0.147 0.146 0.148 0.152 0.149 0.153 0.145 0.132 0.119 0.111 0.095 0.088 0.073 0.063 0.054 0.044 0.035 0.025
0.000 0.000 0.000 0.000 0.000 0.000 0.000 0.000 0.000 0.000 0.000 0.000 0.000 0.000 0.000 0.000 0.194 0.175 0.171 0.155 0.160 0.162 0.152 0.143 0.143 0.127 0.133 0.148 0.148 0.164 0.173 0.167 0.177 0.177 0.171 0.167 0.172 0.171 0.174 0.173 0.171 0.167 0.164 0.165 0.163 0.162 0.160 0.157 0.153 0.152 0.151 0.152 0.151 0.149 0.152 0.154 0.156 0.154 0.153 0.155 0.154 0.149 0.146 0.142 0.145 0.147 0.149 0.148 0.150 0.136 0.126 0.112 0.102 0.094 0.081 0.070 0.059
0.390 0.391 0.368 0.000 0.000 0.000 0.000 0.000 0.000 0.000 0.000 0.000 0.000 0.000 0.000 0.196 0.201 0.197 0.185 0.183 0.179 0.185 0.172 0.163 0.163 0.163 0.174 0.174 0.171 0.171 0.176 0.186 0.184 0.182 0.175 0.177 0.182 0.186 0.184 0.179 0.174 0.170 0.170 0.169 0.168 0.167 0.164 0.161 0.157 0.155 0.156 0.158 0.158 0.158 0.161 0.162 0.162 0.160 0.160 0.156 0.150 0.146 0.142 0.133 0.135 0.137 0.139 0.139 0.143 0.143 0.147 0.147 0.144 0.136 0.124 0.111 0.100
0.400 0.391 0.369 0.355 0.345 0.334 0.000 0.000 0.000 0.000 0.000 0.000 0.000 0.000 0.000 0.228 0.210 0.203 0.206 0.204 0.202 0.202 0.190 0.171 0.156 0.166 0.169 0.173 0.183 0.193 0.195 0.197 0.195 0.194 0.195 0.195 0.195 0.201 0.000 0.176 0.178 0.177 0.176 0.174 0.174 0.173 0.168 0.164 0.161 0.160 0.160 0.161 0.164 0.168 0.167 0.166 0.165 0.163 0.160 0.156 0.147 0.143 0.138 0.128 0.129 0.129 0.131 0.132 0.134 0.134 0.138 0.138 0.143 0.148 0.148 0.150 0.143
0.404 0.394 0.353 0.349 0.343 0.334 0.335 0.344 0.331 0.324 0.000 0.000 0.000 0.000 0.000 0.233 0.222 0.219 0.226 0.223 0.223 0.221 0.217 0.206 0.202 0.210 0.224 0.215 0.230 0.224 0.219 0.222 0.220 0.213 0.207 0.204 0.205 0.000 0.000 0.000 0.000 0.000 0.000 0.178 0.181 0.181 0.174 0.171 0.169 0.168 0.167 0.167 0.169 0.171 0.170 0.168 0.164 0.159 0.155 0.152 0.145 0.139 0.135 0.125 0.123 0.124 0.124 0.126 0.126 0.125 0.129 0.132 0.137 0.139 0.138 0.142 0.145
0.000 0.000 0.000 0.358 0.356 0.341 0.345 0.332 0.330 0.318 0.320 0.311 0.299 0.000 0.000 0.229 0.227 0.235 0.213 0.210 0.203 0.204 0.204 0.191 0.187 0.211 0.205 0.208 0.216 0.233 0.239 0.237 0.233 0.245 0.232 0.000 0.000 0.000 0.000 0.000 0.000 0.000 0.000 0.000 0.000 0.000 0.176 0.178 0.178 0.178 0.173 0.173 0.175 0.175 0.167 0.161 0.160 0.158 0.152 0.144 0.141 0.136 0.128 0.119 0.116 0.118 0.117 0.119 0.118 0.120 0.122 0.127 0.130 0.128 0.129 0.134 0.136
0.000 0.000 0.000 0.000 0.000 0.000 0.341 0.349 0.338 0.326 0.327 0.305 0.297 0.282 0.267 0.253 0.259 0.259 0.240 0.232 0.217 0.240 0.230 0.220 0.211 0.220 0.224 0.229 0.230 0.237 0.239 0.244 0.260 0.261 0.000 0.000 0.000 0.000 0.000 0.000 0.000 0.000 0.000 0.000 0.000 0.000 0.000 0.000 0.000 0.000 0.172 0.176 0.175 0.171 0.163 0.158 0.156 0.152 0.150 0.143 0.139 0.133 0.124 0.116 0.113 0.113 0.114 0.113 0.114 0.115 0.115 0.117 0.116 0.118 0.122 0.126 0.126
0.000 0.000 0.000 0.000 0.000 0.000 0.000 0.000 0.000 0.000 0.328 0.317 0.300 0.289 0.277 0.273 0.272 0.266 0.265 0.256 0.251 0.234 0.230 0.215 0.226 0.223 0.217 0.221 0.223 0.226 0.237 0.240 0.258 0.000 0.000 0.000 0.000 0.000 0.000 0.000 0.000 0.000 0.000 0.000 0.000 0.000 0.000 0.000 0.000 0.000 0.000 0.000 0.000 0.000 0.157 0.156 0.153 0.149 0.144 0.137 0.134 0.127 0.119 0.111 0.104 0.103 0.105 0.105 0.104 0.105 0.104 0.105 0.107 0.110 0.113 0.115 0.115
0.000 0.000 0.000 0.000 0.000 0.000 0.000 0.000 0.000 0.000 0.000 0.000 0.000 0.000 0.292 0.273 0.259 0.257 0.245 0.233 0.232 0.239 0.215 0.206 0.227 0.224 0.230 0.241 0.247 0.242 0.243 0.244 0.000 0.000 0.000 0.000 0.000 0.000 0.000 0.000 0.000 0.000 0.000 0.000 0.000 0.000 0.000 0.000 0.000 0.000 0.000 0.000 0.000 0.000 0.000 0.000 0.000 0.142 0.137 0.134 0.127 0.120 0.115 0.106 0.096 0.095 0.096 0.097 0.096 0.095 0.097 0.097 0.098 0.099 0.100 0.102 0.105
0.000 0.000 0.000 0.000 0.000 0.000 0.000 0.000 0.000 0.000 0.000 0.000 0.000 0.000 0.000 0.255 0.261 0.266 0.242 0.244 0.232 0.219 0.219 0.229 0.240 0.219 0.223 0.244 0.230 0.240 0.255 0.250 0.000 0.000 0.000 0.000 0.000 0.000 0.000 0.000 0.000 0.000 0.000 0.000 0.000 0.000 0.000 0.000 0.000 0.000 0.000 0.000 0.000 0.000 0.000 0.000 0.000 0.000 0.000 0.000 0.000 0.118 0.113 0.103 0.089 0.090 0.091 0.092 0.090 0.088 0.086 0.085 0.084 0.086 0.090 0.094 0.098
0.000 0.000 0.000 0.000 0.000 0.000 0.000 0.000 0.000 0.000 0.000 0.000 0.000 0.000 0.229 0.225 0.242 0.256 0.251 0.251 0.249 0.252 0.234 0.244 0.231 0.240 0.245 0.270 0.267 0.267 0.268 0.261 0.000 0.000 0.000 0.000 0.000 0.000 0.000 0.000 0.000 0.000 0.000 0.000 0.000 0.000 0.000 0.000 0.000 0.000 0.000 0.000 0.000 0.000 0.000 0.000 0.000 0.000 0.000 0.000 0.000 0.000 0.000 0.000 0.072 0.077 0.081 0.082 0.076 0.076 0.075 0.072 0.073 0.077 0.081 0.086 0.091
0.000 0.000 0.000 0.000 0.000 0.000 0.000 0.000 0.000 0.000 0.000 0.000 0.000 0.000 0.236 0.224 0.246 0.261 0.251 0.242 0.249 0.251 0.257 0.231 0.227 0.216 0.256 0.260 0.257 0.268 0.272 0.297 0.000 0.000 0.000 0.000 0.000 0.000 0.000 0.000 0.000 0.000 0.000 0.000 0.000 0.000 0.000 0.000 0.000 0.000 0.000 0.000 0.000 0.000 0.000 0.000 0.000 0.000 0.000 0.000 0.000 0.000 0.000 0.000 0.000 0.000 0.000 0.000 0.058 0.062 0.064 0.066 0.071 0.075 0.080 0.083 0.085
0.000 0.000 0.000 0.000 0.000 0.000 0.000 0.000 0.000 0.000 0.000 0.000 0.000 0.000 0.251 0.254 0.265 0.262 0.248 0.238 0.240 0.255 0.259 0.249 0.229 0.252 0.270 0.275 0.288 0.288 0.295 0.000 0.000 0.000 0.000 0.000 0.000 0.000 0.000 0.000 0.000 0.000 0.000 0.000 0.000 0.000 0.000 0.000 0.000 0.000 0.000 0.000 0.000 0.000 0.000 0.000 0.000 0.000 0.000 0.000 0.000 0.000 0.000 0.000 0.000 0.000 0.000 0.000 0.000 0.000 0.000 0.060 0.068 0.072 0.076 0.076 0.077
0.000 0.000 0.000 0.000 0.000 0.000 0.000 0.000 0.000 0.000 0.000 0.000 0.000 0.000 0.259 0.261 0.263 0.243 0.247 0.261 0.252 0.251 0.247 0.245 0.247 0.275 0.273 0.271 0.299 0.297 0.307 0.000 0.000 0.000 0.000 0.000 0.000 0.000 0.000 0.000 0.000 0.000 0.000 0.000 0.000 0.000 0.000 0.000 0.000 0.000 0.000 0.000 0.000 0.000 0.000 0.000 0.000 0.000 0.000 0.000 0.000 0.000 0.000 0.000 0.000 0.000 0.000 0.000 0.000 0.000 0.000 0.000 0.000 0.000 0.000 0.066 0.067
0.000 0.000 0.000 0.000 0.000 0.000 0.000 0.000 0.000 0.000 0.000 0.000 0.000 0.279 0.268 0.269 0.260 0.265 0.268 0.279 0.279 0.268 0.282 0.265 0.266 0.278 0.272 0.283 0.295 0.312 0.326 0.000 0.000 0.000 0.000 0.000 0.000 0.000 0.000 0.000 0.000 0.000 0.000 0.000 0.000 0.000 0.000 0.000 0.000 0.000 0.000 0.000 0.000 0.000 0.000 0.000 0.000 0.000 0.000 0.000 0.000 0.000 0.000 0.000 0.000 0.000 0.000 0.000 0.000 0.000 0.000 0.000 0.000 0.000 0.000 0.000 0.050
0.000 0.000 0.000 0.000 0.000 0.000 0.000 0.000 0.000 0.000 0.000 0.000 0.000 0.264 0.277 0.268 0.246 0.255 0.270 0.281 0.254 0.270 0.254 0.276 0.300 0.296 0.294 0.298 0.303 0.306 0.000 0.000 0.000 0.000 0.000 0.000 0.000 0.000 0.000 0.000 0.000 0.000 0.000 0.000 0.000 0.000 0.000 0.000 0.000 0.000 0.000 0.000 0.000 0.000 0.000 0.000 0.000 0.000 0.000 0.000 0.000 0.000 0.000 0.000 0.000 0.000 0.000 0.000 0.000 0.000 0.000 0.000 0.000 0.000 0.000 0.000 0.033
