数据/2hours/0.1-2h-150y/coupled-122-0001.wd
ncols         694
nrows         824
xllcorner     581104.939801
yllcorner     3495917.092414
cellsize      2.000000
NODATA_value  -9999.000000
[rows 544 to 577 of 824, columns 385 to 461 of 694]
0.215 0.227 0.248 0.257 0.254 0.249 0.256 0.255 0.266 0.287 0.000 0.000 0.000 0.000 0.000 0.000 0.000 0.000 0.000 0.000 0.000 0.000 0.000 0.000 0.000 0.000 0.000 0.000 0.000 0.000 0.000 0.000 0.000 0.000 0.000 0.000 0.000 0.000 0.000 0.000 0.000 0.000 0.000 0.000 0.000 0.000 0.000 0.000 0.007 0.082 0.109 0.187 0.267 0.349 0.402 0.478 0.547 0.000 0.000 0.000 0.000 0.000 0.000 0.000 0.000 0.000 0.000 0.000 0.000 0.000 0.000 0.000 0.000 0.000 0.000 0.000 0.000
0.169 0.198 0.228 0.270 0.273 0.240 0.248 0.232 0.238 0.234 0.000 0.000 0.000 0.000 0.000 0.000 0.000 0.000 0.000 0.000 0.000 0.000 0.000 0.000 0.000 0.000 0.000 0.000 0.000 0.000 0.000 0.000 0.000 0.000 0.000 0.000 0.000 0.000 0.000 0.000 0.000 0.000 0.000 0.000 0.000 0.000 0.000 0.001 0.006 0.084 0.115 0.195 0.277 0.358 0.436 0.506 0.583 0.000 0.000 0.000 0.000 0.000 0.000 0.000 0.000 0.000 0.000 0.000 0.000 0.000 0.000 0.000 0.000 0.000 0.000 0.000 0.000
0.169 0.196 0.208 0.219 0.243 0.253 0.230 0.241 0.231 0.237 0.000 0.000 0.000 0.000 0.000 0.000 0.000 0.000 0.000 0.000 0.000 0.000 0.000 0.000 0.000 0.000 0.000 0.000 0.000 0.000 0.000 0.000 0.000 0.000 0.000 0.000 0.000 0.000 0.000 0.000 0.000 0.000 0.000 0.000 0.000 0.000 0.000 0.002 0.057 0.073 0.172 0.257 0.305 0.379 0.461 0.529 0.595 0.000 0.000 0.000 0.000 0.000 0.000 0.000 0.000 0.000 0.000 0.000 0.000 0.000 0.000 0.000 0.000 0.000 0.000 0.000 0.000
0.178 0.181 0.195 0.218 0.220 0.227 0.234 0.227 0.243 0.000 0.000 0.000 0.000 0.000 0.000 0.000 0.000 0.000 0.000 0.000 0.000 0.000 0.000 0.000 0.000 0.000 0.000 0.000 0.000 0.000 0.000 0.000 0.000 0.000 0.000 0.000 0.000 0.000 0.000 0.000 0.000 0.000 0.000 0.000 0.000 0.000 0.001 0.008 0.035 0.114 0.193 0.289 0.337 0.413 0.488 0.556 0.624 0.000 0.000 0.000 0.000 0.000 0.000 0.000 0.000 0.000 0.000 0.000 0.000 0.000 0.000 0.000 0.000 0.000 0.000 0.000 0.000
0.143 0.188 0.210 0.234 0.227 0.230 0.227 0.251 0.247 0.000 0.000 0.000 0.000 0.000 0.000 0.000 0.000 0.000 0.000 0.000 0.000 0.000 0.000 0.000 0.000 0.000 0.000 0.000 0.000 0.000 0.000 0.000 0.000 0.000 0.000 0.000 0.000 0.000 0.000 0.000 0.000 0.000 0.000 0.000 0.000 0.000 0.001 0.008 0.066 0.135 0.231 0.295 0.368 0.441 0.508 0.576 0.654 0.000 0.000 0.000 0.000 0.000 0.000 0.000 0.000 0.000 0.000 0.000 0.000 0.000 0.000 0.000 0.000 0.000 0.000 0.000 0.000
0.152 0.164 0.201 0.230 0.244 0.226 0.225 0.232 0.246 0.255 0.224 0.204 0.218 0.000 0.000 0.000 0.000 0.000 0.000 0.000 0.000 0.000 0.000 0.000 0.000 0.000 0.000 0.000 0.000 0.000 0.000 0.000 0.000 0.000 0.000 0.000 0.000 0.000 0.000 0.000 0.000 0.000 0.000 0.000 0.000 0.000 0.002 0.023 0.124 0.192 0.238 0.311 0.402 0.488 0.553 0.619 0.000 0.000 0.000 0.000 0.000 0.000 0.000 0.000 0.000 0.000 0.000 0.000 0.000 0.000 0.000 0.000 0.000 0.000 0.000 0.000 0.000
0.174 0.170 0.171 0.211 0.221 0.212 0.204 0.215 0.235 0.235 0.216 0.200 0.211 0.217 0.229 0.243 0.000 0.000 0.000 0.000 0.000 0.000 0.000 0.000 0.000 0.000 0.000 0.000 0.000 0.000 0.000 0.000 0.000 0.000 0.000 0.000 0.000 0.000 0.000 0.000 0.000 0.000 0.000 0.000 0.000 0.001 0.003 0.029 0.114 0.215 0.292 0.375 0.438 0.522 0.586 0.662 0.000 0.000 0.000 0.000 0.000 0.000 0.000 0.000 0.000 0.000 0.000 0.000 0.000 0.000 0.000 0.000 0.000 0.000 0.000 0.000 0.000
0.111 0.152 0.169 0.173 0.198 0.211 0.210 0.206 0.210 0.218 0.213 0.202 0.205 0.211 0.222 0.236 0.000 0.000 0.000 0.000 0.000 0.000 0.000 0.000 0.000 0.000 0.000 0.000 0.000 0.000 0.000 0.000 0.000 0.000 0.000 0.000 0.000 0.000 0.000 0.000 0.000 0.000 0.000 0.000 0.000 0.001 0.005 0.080 0.166 0.247 0.347 0.405 0.471 0.558 0.614 0.687 0.000 0.000 0.000 0.000 0.000 0.000 0.000 0.000 0.000 0.000 0.000 0.000 0.000 0.000 0.000 0.000 0.000 0.000 0.000 0.000 0.000
0.090 0.124 0.158 0.155 0.150 0.186 0.196 0.200 0.210 0.210 0.204 0.197 0.199 0.203 0.210 0.215 0.201 0.200 0.000 0.000 0.000 0.000 0.000 0.000 0.000 0.000 0.000 0.000 0.000 0.000 0.000 0.000 0.000 0.000 0.000 0.000 0.000 0.000 0.000 0.000 0.000 0.000 0.000 0.001 0.001 0.002 0.009 0.121 0.195 0.265 0.362 0.415 0.485 0.552 0.627 0.724 0.000 0.000 0.000 0.000 0.000 0.000 0.000 0.000 0.000 0.000 0.000 0.000 0.000 0.000 0.000 0.000 0.000 0.000 0.000 0.000 0.000
0.072 0.084 0.114 0.133 0.000 0.168 0.174 0.180 0.176 0.180 0.187 0.201 0.197 0.203 0.205 0.196 0.198 0.187 0.000 0.000 0.000 0.000 0.000 0.000 0.000 0.000 0.000 0.000 0.000 0.000 0.000 0.000 0.000 0.000 0.000 0.000 0.000 0.000 0.000 0.000 0.000 0.000 0.001 0.001 0.001 0.003 0.038 0.183 0.206 0.316 0.379 0.451 0.506 0.564 0.630 0.000 0.000 0.000 0.000 0.000 0.000 0.000 0.000 0.000 0.000 0.000 0.000 0.000 0.000 0.000 0.000 0.000 0.000 0.000 0.000 0.000 0.000
0.071 0.067 0.110 0.141 0.149 0.145 0.144 0.144 0.153 0.167 0.186 0.191 0.199 0.199 0.186 0.179 0.177 0.172 0.168 0.000 0.000 0.000 0.000 0.000 0.000 0.000 0.000 0.000 0.000 0.000 0.000 0.000 0.000 0.000 0.000 0.000 0.000 0.000 0.000 0.000 0.000 0.000 0.001 0.001 0.002 0.008 0.125 0.200 0.271 0.340 0.405 0.468 0.523 0.584 0.631 0.000 0.000 0.000 0.000 0.000 0.000 0.000 0.000 0.000 0.000 0.000 0.000 0.000 0.000 0.000 0.000 0.000 0.000 0.000 0.000 0.000 0.000
0.094 0.089 0.102 0.126 0.133 0.143 0.141 0.145 0.164 0.172 0.171 0.185 0.193 0.184 0.165 0.172 0.167 0.172 0.161 0.000 0.000 0.000 0.000 0.000 0.000 0.000 0.000 0.000 0.000 0.000 0.000 0.000 0.000 0.000 0.000 0.000 0.000 0.000 0.000 0.000 0.000 0.001 0.001 0.002 0.040 0.047 0.145 0.219 0.293 0.333 0.407 0.477 0.538 0.582 0.630 0.000 0.000 0.000 0.000 0.000 0.000 0.000 0.000 0.000 0.000 0.000 0.000 0.000 0.000 0.000 0.000 0.000 0.000 0.000 0.000 0.000 0.000
0.123 0.080 0.081 0.116 0.122 0.127 0.150 0.163 0.158 0.168 0.174 0.175 0.185 0.168 0.160 0.166 0.163 0.157 0.163 0.000 0.000 0.000 0.000 0.000 0.000 0.000 0.000 0.000 0.000 0.000 0.000 0.000 0.000 0.000 0.000 0.000 0.000 0.000 0.000 0.000 0.000 0.001 0.001 0.041 0.096 0.000 0.000 0.000 0.000 0.349 0.422 0.460 0.522 0.581 0.646 0.000 0.000 0.000 0.000 0.000 0.000 0.000 0.000 0.000 0.000 0.000 0.000 0.000 0.000 0.000 0.000 0.000 0.000 0.000 0.000 0.000 0.000
0.113 0.077 0.078 0.092 0.111 0.123 0.144 0.157 0.154 0.160 0.161 0.170 0.176 0.166 0.158 0.157 0.158 0.151 0.157 0.000 0.000 0.000 0.000 0.000 0.000 0.000 0.000 0.000 0.000 0.000 0.000 0.000 0.000 0.000 0.000 0.000 0.000 0.000 0.000 0.000 0.001 0.001 0.006 0.056 0.128 0.000 0.000 0.000 0.000 0.394 0.443 0.470 0.532 0.592 0.000 0.000 0.000 0.000 0.000 0.000 0.000 0.000 0.000 0.000 0.000 0.000 0.000 0.000 0.000 0.000 0.000 0.000 0.000 0.000 0.000 0.000 0.000
0.092 0.070 0.073 0.085 0.110 0.124 0.138 0.150 0.143 0.147 0.152 0.154 0.165 0.160 0.149 0.153 0.154 0.143 0.142 0.137 0.136 0.149 0.000 0.000 0.000 0.000 0.000 0.000 0.000 0.000 0.000 0.000 0.000 0.000 0.000 0.000 0.000 0.000 0.000 0.001 0.001 0.001 0.027 0.077 0.000 0.000 0.000 0.000 0.000 0.375 0.441 0.483 0.538 0.593 0.000 0.000 0.000 0.000 0.000 0.000 0.000 0.000 0.000 0.000 0.000 0.000 0.000 0.000 0.000 0.000 0.000 0.000 0.000 0.000 0.000 0.000 0.000
0.086 0.077 0.061 0.076 0.096 0.097 0.000 0.136 0.132 0.135 0.141 0.147 0.149 0.145 0.140 0.142 0.139 0.128 0.129 0.133 0.130 0.134 0.129 0.117 0.111 0.107 0.000 0.000 0.000 0.000 0.000 0.000 0.000 0.000 0.000 0.000 0.000 0.000 0.001 0.001 0.001 0.001 0.019 0.091 0.000 0.000 0.000 0.000 0.000 0.384 0.456 0.515 0.560 0.617 0.000 0.000 0.000 0.000 0.000 0.000 0.000 0.000 0.000 0.000 0.000 0.000 0.000 0.000 0.000 0.000 0.000 0.000 0.000 0.000 0.000 0.000 0.000
0.072 0.064 0.044 0.066 0.075 0.083 0.112 0.118 0.122 0.129 0.142 0.149 0.138 0.141 0.147 0.147 0.139 0.129 0.127 0.125 0.126 0.126 0.119 0.109 0.107 0.109 0.113 0.127 0.143 0.000 0.000 0.000 0.000 0.000 0.000 0.000 0.000 0.000 0.001 0.001 0.001 0.003 0.055 0.115 0.000 0.000 0.000 0.000 0.364 0.411 0.482 0.548 0.580 0.631 0.000 0.000 0.000 0.000 0.000 0.000 0.000 0.000 0.000 0.000 0.000 0.000 0.000 0.000 0.000 0.000 0.000 0.000 0.000 0.000 0.000 0.000 0.000
0.073 0.068 0.047 0.052 0.067 0.082 0.109 0.123 0.118 0.120 0.142 0.146 0.133 0.138 0.149 0.131 0.126 0.122 0.120 0.119 0.126 0.114 0.109 0.107 0.103 0.113 0.110 0.120 0.135 0.133 0.112 0.077 0.000 0.000 0.000 0.000 0.000 0.001 0.001 0.001 0.002 0.014 0.048 0.099 0.000 0.000 0.000 0.000 0.432 0.450 0.493 0.547 0.596 0.643 0.000 0.000 0.000 0.000 0.000 0.000 0.000 0.000 0.000 0.000 0.000 0.000 0.000 0.000 0.000 0.000 0.000 0.000 0.000 0.000 0.000 0.000 0.000
0.070 0.053 0.042 0.033 0.062 0.073 0.103 0.126 0.120 0.110 0.116 0.126 0.129 0.135 0.133 0.118 0.109 0.115 0.112 0.108 0.112 0.110 0.099 0.095 0.100 0.112 0.114 0.110 0.122 0.128 0.110 0.081 0.088 0.110 0.000 0.000 0.000 0.006 0.007 0.016 0.025 0.044 0.077 0.000 0.000 0.000 0.000 0.000 0.426 0.492 0.520 0.531 0.604 0.000 0.000 0.000 0.000 0.000 0.000 0.000 0.000 0.000 0.000 0.000 0.000 0.000 0.000 0.000 0.000 0.000 0.000 0.000 0.000 0.000 0.000 0.000 0.000
0.052 0.033 0.017 0.032 0.057 0.059 0.084 0.113 0.124 0.115 0.111 0.115 0.123 0.111 0.086 0.078 0.081 0.102 0.104 0.100 0.101 0.093 0.085 0.082 0.094 0.103 0.104 0.112 0.115 0.129 0.108 0.080 0.079 0.092 0.081 0.064 0.054 0.060 0.061 0.048 0.036 0.033 0.110 0.000 0.000 0.000 0.000 0.280 0.351 0.466 0.492 0.520 0.590 0.000 0.000 0.000 0.000 0.000 0.000 0.000 0.000 0.000 0.000 0.000 0.000 0.000 0.000 0.000 0.000 0.000 0.000 0.000 0.000 0.000 0.000 0.000 0.000
0.043 0.045 0.017 0.031 0.034 0.041 0.071 0.105 0.136 0.119 0.100 0.110 0.109 0.081 0.050 0.047 0.063 0.086 0.099 0.094 0.093 0.094 0.076 0.067 0.084 0.099 0.095 0.102 0.118 0.132 0.097 0.059 0.063 0.073 0.071 0.052 0.059 0.077 0.071 0.061 0.048 0.044 0.106 0.000 0.000 0.000 0.000 0.286 0.338 0.443 0.495 0.523 0.586 0.000 0.000 0.000 0.000 0.000 0.000 0.000 0.000 0.000 0.000 0.000 0.000 0.000 0.000 0.000 0.000 0.000 0.000 0.000 0.000 0.000 0.000 0.000 0.000
0.050 0.029 0.011 0.040 0.035 0.038 0.064 0.106 0.163 0.140 0.118 0.130 0.134 0.086 0.052 0.057 0.072 0.080 0.093 0.109 0.112 0.094 0.074 0.071 0.087 0.103 0.098 0.107 0.133 0.137 0.066 0.034 0.042 0.055 0.053 0.041 0.044 0.077 0.093 0.074 0.049 0.052 0.040 0.000 0.000 0.000 0.000 0.348 0.344 0.438 0.508 0.520 0.597 0.000 0.000 0.000 0.000 0.000 0.000 0.000 0.000 0.000 0.000 0.000 0.000 0.000 0.000 0.000 0.000 0.000 0.000 0.000 0.000 0.000 0.000 0.000 0.000
0.075 0.014 0.024 0.052 0.049 0.052 0.067 0.130 0.181 0.138 0.121 0.153 0.152 0.090 0.052 0.056 0.076 0.078 0.094 0.129 0.139 0.103 0.071 0.072 0.084 0.110 0.113 0.121 0.147 0.125 0.048 0.024 0.035 0.044 0.045 0.033 0.029 0.100 0.129 0.092 0.055 0.020 0.101 0.044 0.121 0.220 0.000 0.269 0.330 0.439 0.489 0.539 0.000 0.000 0.000 0.000 0.000 0.000 0.000 0.000 0.000 0.000 0.000 0.000 0.000 0.000 0.000 0.000 0.000 0.000 0.000 0.000 0.000 0.000 0.000 0.000 0.000
0.102 0.050 0.055 0.055 0.047 0.046 0.044 0.141 0.189 0.121 0.120 0.175 0.155 0.090 0.060 0.056 0.068 0.087 0.111 0.161 0.166 0.105 0.057 0.051 0.069 0.110 0.141 0.139 0.140 0.095 0.044 0.023 0.037 0.047 0.046 0.028 0.015 0.114 0.153 0.107 0.058 0.009 0.035 0.054 0.172 0.189 0.209 0.248 0.367 0.454 0.484 0.543 0.000 0.000 0.000 0.000 0.000 0.000 0.000 0.000 0.000 0.000 0.000 0.000 0.000 0.000 0.000 0.000 0.000 0.000 0.000 0.000 0.000 0.000 0.000 0.000 0.000
0.106 0.100 0.050 0.021 0.056 0.033 0.028 0.134 0.196 0.122 0.134 0.192 0.143 0.091 0.067 0.068 0.072 0.098 0.139 0.188 0.168 0.072 0.036 0.045 0.061 0.105 0.172 0.159 0.112 0.075 0.056 0.034 0.038 0.048 0.036 0.024 0.004 0.133 0.164 0.125 0.065 0.013 0.035 0.069 0.175 0.211 0.219 0.322 0.389 0.459 0.494 0.558 0.000 0.000 0.000 0.000 0.000 0.000 0.000 0.000 0.000 0.000 0.000 0.000 0.000 0.000 0.000 0.000 0.000 0.000 0.000 0.000 0.000 0.000 0.000 0.000 0.000
0.113 0.124 0.034 0.047 0.037 0.008 0.037 0.151 0.187 0.127 0.145 0.191 0.153 0.088 0.059 0.067 0.077 0.119 0.157 0.207 0.127 0.054 0.023 0.039 0.069 0.113 0.184 0.149 0.091 0.068 0.073 0.068 0.049 0.042 0.024 0.014 0.001 0.134 0.177 0.152 0.074 0.001 0.082 0.068 0.188 0.267 0.277 0.354 0.386 0.446 0.509 0.558 0.000 0.000 0.000 0.000 0.000 0.000 0.000 0.000 0.000 0.000 0.000 0.000 0.000 0.000 0.000 0.000 0.000 0.000 0.000 0.000 0.000 0.000 0.000 0.000 0.000
0.151 0.159 0.080 0.076 0.036 0.011 0.053 0.176 0.170 0.117 0.142 0.151 0.149 0.093 0.051 0.062 0.069 0.114 0.157 0.205 0.117 0.037 0.028 0.063 0.092 0.128 0.191 0.130 0.076 0.064 0.084 0.097 0.057 0.035 0.024 0.021 0.000 0.122 0.184 0.193 0.087 0.001 0.115 0.178 0.192 0.278 0.295 0.367 0.392 0.450 0.535 0.000 0.000 0.000 0.000 0.000 0.000 0.000 0.000 0.000 0.000 0.000 0.000 0.000 0.000 0.000 0.000 0.000 0.000 0.000 0.000 0.000 0.000 0.000 0.000 0.000 0.000
0.212 0.191 0.071 0.028 0.028 0.036 0.108 0.194 0.181 0.141 0.146 0.120 0.104 0.081 0.052 0.054 0.071 0.117 0.135 0.185 0.142 0.039 0.034 0.067 0.093 0.139 0.198 0.123 0.075 0.069 0.086 0.109 0.063 0.034 0.023 0.042 0.022 0.044 0.159 0.235 0.134 0.083 0.158 0.199 0.174 0.248 0.311 0.353 0.406 0.453 0.534 0.000 0.000 0.000 0.000 0.000 0.000 0.000 0.000 0.000 0.000 0.000 0.000 0.000 0.000 0.000 0.000 0.000 0.000 0.000 0.000 0.000 0.000 0.000 0.000 0.000 0.000
0.172 0.146 0.054 0.043 0.054 0.080 0.135 0.226 0.178 0.157 0.151 0.126 0.120 0.100 0.063 0.043 0.084 0.135 0.145 0.167 0.157 0.052 0.036 0.063 0.098 0.138 0.190 0.130 0.095 0.075 0.087 0.119 0.073 0.035 0.023 0.043 0.005 0.001 0.162 0.288 0.195 0.104 0.217 0.243 0.210 0.299 0.335 0.361 0.376 0.424 0.515 0.000 0.000 0.000 0.000 0.000 0.000 0.000 0.000 0.000 0.000 0.000 0.000 0.000 0.000 0.000 0.000 0.000 0.000 0.000 0.000 0.000 0.000 0.000 0.000 0.000 0.000
0.200 0.170 0.067 0.073 0.077 0.105 0.163 0.231 0.170 0.141 0.139 0.104 0.128 0.127 0.085 0.060 0.077 0.121 0.161 0.182 0.153 0.069 0.044 0.072 0.106 0.152 0.187 0.127 0.100 0.092 0.097 0.120 0.078 0.038 0.032 0.061 0.014 0.025 0.109 0.307 0.248 0.172 0.206 0.246 0.287 0.297 0.370 0.381 0.418 0.430 0.471 0.000 0.000 0.000 0.000 0.000 0.000 0.000 0.000 0.000 0.000 0.000 0.000 0.000 0.000 0.000 0.000 0.000 0.000 0.000 0.000 0.000 0.000 0.000 0.000 0.000 0.000
0.204 0.146 0.069 0.084 0.081 0.114 0.190 0.242 0.162 0.158 0.149 0.131 0.130 0.147 0.108 0.068 0.062 0.106 0.154 0.180 0.156 0.097 0.049 0.070 0.117 0.162 0.183 0.142 0.113 0.089 0.096 0.121 0.083 0.043 0.058 0.049 0.009 0.000 0.203 0.362 0.308 0.208 0.184 0.216 0.277 0.318 0.370 0.412 0.447 0.453 0.489 0.000 0.000 0.000 0.000 0.000 0.000 0.000 0.000 0.000 0.000 0.000 0.000 0.000 0.000 0.000 0.000 0.000 0.000 0.000 0.000 0.000 0.000 0.000 0.000 0.000 0.000
0.206 0.137 0.110 0.106 0.083 0.135 0.219 0.220 0.170 0.159 0.193 0.161 0.154 0.169 0.164 0.108 0.087 0.127 0.158 0.166 0.144 0.105 0.072 0.090 0.128 0.165 0.177 0.159 0.130 0.088 0.100 0.121 0.092 0.039 0.061 0.002 0.000 0.000 0.232 0.369 0.361 0.217 0.187 0.174 0.267 0.338 0.390 0.437 0.483 0.522 0.000 0.000 0.000 0.000 0.000 0.000 0.000 0.000 0.000 0.000 0.000 0.000 0.000 0.000 0.000 0.000 0.000 0.000 0.000 0.000 0.000 0.000 0.000 0.000 0.000 0.000 0.000
0.201 0.148 0.137 0.103 0.122 0.184 0.221 0.226 0.170 0.178 0.179 0.158 0.155 0.171 0.159 0.114 0.103 0.146 0.180 0.170 0.155 0.125 0.093 0.096 0.123 0.161 0.191 0.156 0.118 0.103 0.115 0.119 0.082 0.051 0.060 0.016 0.000 0.017 0.278 0.414 0.370 0.242 0.242 0.252 0.261 0.319 0.416 0.485 0.555 0.576 0.000 0.000 0.000 0.000 0.000 0.000 0.000 0.000 0.000 0.000 0.000 0.000 0.000 0.000 0.000 0.000 0.000 0.000 0.000 0.000 0.000 0.000 0.000 0.000 0.000 0.000 0.000
0.179 0.188 0.170 0.145 0.157 0.205 0.214 0.189 0.176 0.183 0.185 0.158 0.143 0.160 0.154 0.125 0.134 0.165 0.175 0.176 0.172 0.142 0.117 0.110 0.142 0.181 0.183 0.153 0.113 0.099 0.107 0.109 0.077 0.067 0.043 0.004 0.000 0.116 0.317 0.474 0.371 0.257 0.270 0.260 0.275 0.334 0.439 0.522 0.581 0.641 0.000 0.000 0.000 0.000 0.000 0.000 0.000 0.000 0.000 0.000 0.000 0.000 0.000 0.000 0.000 0.000 0.000 0.000 0.000 0.000 0.000 0.000 0.000 0.000 0.000 0.000 0.000
