数据/2hours/0.1-2h-150y/coupled-170-0001.wd
ncols         694
nrows         824
xllcorner     581104.939801
yllcorner     3495917.092414
cellsize      2.000000
NODATA_value  -9999.000000
[rows 680 to 713 of 824, columns 154 to 230 of 694]
0.000 0.000 0.000 0.000 0.000 0.000 0.000 0.000 0.000 0.000 0.000 0.001 0.001 0.000 0.000 0.000 0.001 0.001 0.001 0.001 0.001 0.004 0.002 0.001 0.002 0.002 0.000 0.002 0.002 0.000 0.000 0.000 0.000 0.000 0.000 0.000 0.000 0.000 0.000 0.003 0.005 0.006 0.008 0.009 0.010 0.010 0.007 0.006 0.007 0.014 0.015 0.027 0.002 0.001 0.001 0.001 0.001 0.001 0.001 0.001 0.001 0.001 0.001 0.001 0.000 0.000 0.000 0.000 0.000 0.000 0.000 0.000 0.000 0.000 0.000 0.000 0.000
0.000 0.000 0.000 0.000 0.000 0.000 0.000 0.000 0.000 0.001 0.001 0.001 0.001 0.001 0.001 0.000 0.001 0.001 0.001 0.001 0.001 0.015 0.033 0.000 0.042 0.018 0.001 0.001 0.000 0.000 0.000 0.000 0.000 0.000 0.000 0.000 0.000 0.000 0.001 0.001 0.003 0.004 0.006 0.007 0.008 0.008 0.006 0.004 0.004 0.005 0.007 0.015 0.018 0.017 0.002 0.001 0.001 0.001 0.001 0.001 0.001 0.001 0.001 0.001 0.000 0.000 0.000 0.000 0.000 0.000 0.000 0.000 0.000 0.000 0.000 0.000 0.000
0.000 0.000 0.000 0.000 0.001 0.001 0.001 0.001 0.001 0.001 0.001 0.001 0.001 0.001 0.001 0.001 0.001 0.001 0.001 0.001 0.005 0.039 0.000 0.000 0.000 0.000 0.025 0.001 0.000 0.000 0.000 0.000 0.000 0.000 0.000 0.000 0.000 0.001 0.001 0.001 0.001 0.003 0.004 0.006 0.007 0.006 0.005 0.003 0.003 0.003 0.003 0.005 0.009 0.018 0.029 0.004 0.001 0.001 0.001 0.001 0.001 0.001 0.001 0.001 0.000 0.000 0.000 0.000 0.000 0.000 0.000 0.000 0.000 0.000 0.000 0.000 0.000
0.001 0.000 0.001 0.001 0.001 0.001 0.001 0.001 0.001 0.001 0.001 0.001 0.001 0.001 0.001 0.001 0.001 0.001 0.001 0.001 0.004 0.000 0.000 0.000 0.000 0.000 0.000 0.026 0.002 0.001 0.000 0.000 0.000 0.000 0.000 0.000 0.000 0.001 0.001 0.001 0.001 0.002 0.003 0.005 0.007 0.000 0.001 0.001 0.001 0.001 0.001 0.001 0.002 0.008 0.016 0.018 0.030 0.002 0.001 0.001 0.001 0.001 0.001 0.001 0.000 0.000 0.000 0.000 0.000 0.000 0.000 0.000 0.000 0.000 0.000 0.000 0.000
0.001 0.001 0.001 0.001 0.001 0.001 0.001 0.001 0.001 0.001 0.001 0.001 0.001 0.001 0.001 0.001 0.001 0.001 0.001 0.001 0.004 0.000 0.000 0.000 0.000 0.000 0.000 0.000 0.049 0.027 0.002 0.000 0.000 0.000 0.000 0.000 0.001 0.001 0.001 0.001 0.001 0.001 0.003 0.005 0.000 0.000 0.000 0.000 0.001 0.001 0.001 0.001 0.001 0.001 0.005 0.008 0.017 0.018 0.030 0.001 0.001 0.001 0.001 0.001 0.001 0.001 0.000 0.000 0.000 0.000 0.000 0.000 0.000 0.000 0.000 0.000 0.000
0.001 0.001 0.001 0.001 0.001 0.001 0.001 0.001 0.001 0.001 0.001 0.001 0.001 0.001 0.001 0.001 0.001 0.001 0.001 0.001 0.003 0.003 0.000 0.000 0.000 0.000 0.000 0.000 0.000 0.000 0.049 0.027 0.002 0.000 0.000 0.001 0.001 0.001 0.001 0.001 0.001 0.001 0.002 0.004 0.000 0.002 0.003 0.004 0.000 0.000 0.001 0.001 0.001 0.001 0.001 0.001 0.005 0.008 0.017 0.020 0.018 0.001 0.001 0.001 0.001 0.001 0.001 0.001 0.000 0.000 0.000 0.000 0.000 0.000 0.000 0.000 0.000
0.001 0.001 0.001 0.001 0.001 0.001 0.001 0.001 0.001 0.001 0.001 0.001 0.001 0.001 0.001 0.001 0.001 0.001 0.001 0.001 0.002 0.004 0.000 0.000 0.000 0.000 0.000 0.000 0.000 0.000 0.000 0.000 0.027 0.002 0.000 0.001 0.001 0.001 0.001 0.001 0.001 0.001 0.002 0.000 0.000 0.001 0.001 0.001 0.001 0.014 0.000 0.000 0.001 0.001 0.001 0.001 0.001 0.001 0.006 0.010 0.020 0.031 0.004 0.001 0.001 0.001 0.001 0.000 0.001 0.001 0.000 0.000 0.000 0.000 0.000 0.000 0.000
0.001 0.001 0.001 0.001 0.001 0.001 0.001 0.001 0.001 0.001 0.001 0.001 0.001 0.001 0.001 0.001 0.001 0.001 0.001 0.001 0.002 0.003 0.002 0.003 0.000 0.000 0.000 0.000 0.000 0.000 0.000 0.000 0.000 0.027 0.002 0.001 0.001 0.001 0.001 0.001 0.001 0.001 0.000 0.000 0.001 0.001 0.001 0.001 0.001 0.008 0.000 0.000 0.000 0.000 0.001 0.001 0.001 0.001 0.001 0.002 0.009 0.018 0.020 0.032 0.001 0.001 0.001 0.001 0.001 0.001 0.001 0.001 0.000 0.000 0.000 0.000 0.000
0.001 0.001 0.001 0.001 0.001 0.001 0.001 0.001 0.001 0.001 0.001 0.001 0.001 0.001 0.001 0.001 0.001 0.001 0.025 0.000 0.000 0.003 0.002 0.003 0.007 0.000 0.000 0.000 0.000 0.000 0.000 0.000 0.000 0.000 0.001 0.001 0.001 0.001 0.001 0.001 0.001 0.001 0.000 0.001 0.001 0.001 0.001 0.001 0.001 0.001 0.008 0.000 0.000 0.007 0.000 0.000 0.001 0.001 0.001 0.001 0.002 0.006 0.010 0.018 0.019 0.032 0.001 0.001 0.001 0.001 0.001 0.001 0.001 0.001 0.001 0.001 0.000
0.001 0.001 0.001 0.001 0.001 0.001 0.001 0.001 0.001 0.001 0.001 0.001 0.001 0.001 0.001 0.001 0.001 0.025 0.000 0.000 0.000 0.000 0.002 0.005 0.029 0.059 0.000 0.122 0.000 0.000 0.000 0.000 0.000 0.017 0.002 0.001 0.001 0.001 0.001 0.001 0.001 0.000 0.000 0.001 0.001 0.001 0.001 0.001 0.001 0.001 0.001 0.001 0.001 0.001 0.001 0.008 0.000 0.000 0.001 0.001 0.001 0.001 0.002 0.006 0.010 0.022 0.038 0.046 0.001 0.001 0.001 0.001 0.001 0.001 0.001 0.001 0.001
0.013 0.001 0.001 0.001 0.001 0.001 0.001 0.001 0.001 0.001 0.001 0.001 0.001 0.001 0.001 0.001 0.001 0.000 0.000 0.000 0.000 0.000 0.000 0.000 0.052 0.083 0.114 0.145 0.000 0.000 0.000 0.000 0.105 0.082 0.029 0.001 0.001 0.001 0.001 0.001 0.001 0.003 0.005 0.000 0.000 0.001 0.001 0.001 0.001 0.001 0.001 0.001 0.001 0.001 0.001 0.001 0.001 0.002 0.001 0.001 0.001 0.001 0.001 0.001 0.003 0.012 0.032 0.062 0.092 0.067 0.001 0.001 0.001 0.001 0.001 0.001 0.001
0.015 0.017 0.001 0.001 0.001 0.001 0.001 0.001 0.001 0.001 0.001 0.001 0.001 0.001 0.001 0.001 0.001 0.000 0.000 0.000 0.000 0.000 0.000 0.000 0.000 0.107 0.137 0.168 0.199 0.000 0.000 0.000 0.168 0.128 0.060 0.002 0.000 0.033 0.001 0.001 0.001 0.001 0.003 0.004 0.005 0.000 0.000 0.001 0.001 0.001 0.001 0.001 0.001 0.001 0.001 0.001 0.001 0.002 0.000 0.000 0.000 0.001 0.001 0.001 0.001 0.007 0.028 0.057 0.086 0.115 0.144 0.127 0.102 0.074 0.037 0.003 0.001
0.039 0.052 0.042 0.012 0.001 0.001 0.001 0.001 0.001 0.001 0.001 0.001 0.001 0.001 0.001 0.001 0.001 0.000 0.000 0.000 0.000 0.000 0.000 0.000 0.000 0.000 0.000 0.191 0.223 0.254 0.277 0.254 0.225 0.158 0.091 0.000 0.000 0.000 0.033 0.001 0.001 0.001 0.001 0.002 0.003 0.004 0.005 0.000 0.001 0.001 0.001 0.001 0.001 0.001 0.001 0.001 0.002 0.000 0.000 0.000 0.000 0.000 0.001 0.001 0.001 0.006 0.022 0.051 0.081 0.115 0.151 0.104 0.016 0.001 0.001 0.001 0.001
0.063 0.076 0.090 0.067 0.037 0.009 0.001 0.001 0.001 0.001 0.001 0.001 0.001 0.001 0.001 0.001 0.001 0.001 0.001 0.000 0.000 0.000 0.000 0.000 0.000 0.000 0.000 0.000 0.245 0.276 0.307 0.317 0.256 0.188 0.121 0.000 0.000 0.000 0.000 0.033 0.001 0.001 0.001 0.001 0.001 0.002 0.003 0.002 0.001 0.001 0.001 0.001 0.001 0.001 0.001 0.001 0.001 0.000 0.000 0.000 0.000 0.000 0.001 0.001 0.001 0.001 0.022 0.056 0.091 0.127 0.150 0.090 0.005 0.001 0.001 0.001 0.001
0.087 0.101 0.115 0.119 0.091 0.063 0.034 0.004 0.001 0.001 0.001 0.001 0.001 0.001 0.000 0.001 0.001 0.001 0.001 0.001 0.000 0.000 0.000 0.000 0.000 0.000 0.000 0.000 0.000 0.281 0.315 0.331 0.281 0.214 0.000 0.000 0.000 0.000 0.000 0.057 0.001 0.001 0.001 0.001 0.001 0.001 0.001 0.001 0.001 0.001 0.001 0.001 0.001 0.001 0.001 0.001 0.000 0.000 0.000 0.000 0.000 0.000 0.001 0.001 0.001 0.001 0.033 0.067 0.103 0.139 0.130 0.071 0.001 0.001 0.001 0.001 0.001
0.112 0.125 0.138 0.152 0.146 0.116 0.086 0.059 0.029 0.001 0.001 0.001 0.001 0.000 0.000 0.000 0.000 0.001 0.001 0.001 0.001 0.000 0.000 0.000 0.000 0.000 0.000 0.000 0.248 0.283 0.311 0.313 0.305 0.000 0.000 0.000 0.000 0.000 0.148 0.081 0.012 0.001 0.001 0.001 0.001 0.001 0.001 0.001 0.001 0.001 0.001 0.001 0.001 0.001 0.001 0.001 0.000 0.000 0.000 0.000 0.000 0.000 0.001 0.001 0.001 0.006 0.043 0.078 0.114 0.149 0.110 0.052 0.001 0.001 0.001 0.001 0.001
0.136 0.149 0.162 0.176 0.189 0.170 0.140 0.111 0.082 0.053 0.008 0.001 0.000 0.000 0.000 0.000 0.000 0.000 0.000 0.001 0.001 0.011 0.045 0.000 0.000 0.000 0.000 0.000 0.250 0.285 0.290 0.293 0.294 0.000 0.000 0.000 0.000 0.000 0.000 0.104 0.037 0.001 0.001 0.001 0.001 0.001 0.001 0.001 0.001 0.001 0.001 0.001 0.001 0.001 0.001 0.001 0.000 0.000 0.000 0.000 0.000 0.000 0.001 0.001 0.001 0.016 0.053 0.089 0.124 0.148 0.090 0.033 0.001 0.001 0.001 0.001 0.001
0.161 0.173 0.187 0.200 0.212 0.223 0.195 0.165 0.136 0.105 0.050 0.001 0.000 0.000 0.000 0.000 0.000 0.000 0.000 0.001 0.001 0.012 0.047 0.081 0.000 0.000 0.000 0.217 0.252 0.270 0.271 0.272 0.000 0.000 0.000 0.000 0.000 0.000 0.000 0.000 0.000 0.022 0.008 0.001 0.001 0.001 0.001 0.001 0.001 0.001 0.001 0.001 0.001 0.001 0.001 0.001 0.000 0.000 0.000 0.000 0.000 0.000 0.001 0.001 0.001 0.026 0.063 0.098 0.134 0.128 0.069 0.012 0.001 0.001 0.001 0.001 0.001
0.190 0.200 0.212 0.225 0.237 0.250 0.248 0.219 0.190 0.147 0.092 0.000 0.000 0.000 0.000 0.000 0.000 0.000 0.000 0.000 0.000 0.000 0.050 0.083 0.117 0.151 0.185 0.220 0.248 0.249 0.251 0.000 0.000 0.000 0.000 0.000 0.000 0.000 0.000 0.000 0.000 0.041 0.027 0.013 0.001 0.001 0.001 0.001 0.001 0.001 0.001 0.001 0.001 0.001 0.001 0.014 0.000 0.000 0.000 0.000 0.000 0.000 0.001 0.001 0.004 0.036 0.073 0.109 0.145 0.107 0.049 0.001 0.001 0.001 0.001 0.001 0.001
0.220 0.230 0.241 0.252 0.262 0.274 0.287 0.273 0.244 0.189 0.000 0.000 0.000 0.000 0.000 0.000 0.000 0.000 0.000 0.000 0.000 0.000 0.051 0.086 0.119 0.153 0.187 0.222 0.228 0.230 0.232 0.000 0.000 0.000 0.000 0.000 0.000 0.000 0.000 0.000 0.000 0.060 0.000 0.032 0.018 0.005 0.001 0.001 0.001 0.001 0.001 0.001 0.001 0.001 0.001 0.025 0.000 0.000 0.000 0.000 0.000 0.001 0.001 0.001 0.010 0.046 0.083 0.119 0.145 0.086 0.028 0.001 0.001 0.001 0.001 0.001 0.001
0.249 0.259 0.270 0.282 0.292 0.303 0.313 0.325 0.288 0.233 0.177 0.123 0.000 0.000 0.000 0.000 0.000 0.000 0.000 0.000 0.000 0.000 0.000 0.000 0.120 0.155 0.189 0.206 0.209 0.210 0.000 0.000 0.000 0.000 0.207 0.000 0.000 0.000 0.000 0.000 0.000 0.000 0.000 0.000 0.000 0.024 0.010 0.001 0.001 0.001 0.001 0.001 0.001 0.001 0.002 0.036 0.000 0.000 0.000 0.000 0.000 0.001 0.001 0.001 0.020 0.057 0.093 0.129 0.125 0.066 0.008 0.001 0.001 0.001 0.001 0.001 0.000
0.279 0.289 0.300 0.310 0.322 0.332 0.344 0.352 0.328 0.275 0.220 0.165 0.110 0.000 0.000 0.000 0.000 0.000 0.000 0.000 0.000 0.000 0.000 0.000 0.000 0.156 0.186 0.187 0.189 0.000 0.000 0.000 0.000 0.186 0.188 0.190 0.166 0.000 0.000 0.000 0.000 0.000 0.000 0.000 0.000 0.000 0.030 0.016 0.001 0.001 0.001 0.001 0.013 0.000 0.000 0.048 0.000 0.000 0.000 0.000 0.000 0.001 0.001 0.002 0.031 0.068 0.103 0.140 0.104 0.045 0.001 0.001 0.001 0.001 0.000 0.000 0.000
0.000 0.318 0.329 0.340 0.351 0.361 0.372 0.359 0.332 0.303 0.263 0.208 0.152 0.098 0.043 0.000 0.000 0.000 0.000 0.000 0.000 0.000 0.000 0.000 0.000 0.158 0.165 0.166 0.169 0.000 0.000 0.000 0.000 0.165 0.167 0.170 0.171 0.122 0.000 0.000 0.000 0.000 0.000 0.000 0.000 0.000 0.000 0.000 0.001 0.001 0.001 0.001 0.000 0.000 0.000 0.000 0.000 0.000 0.000 0.000 0.000 0.001 0.001 0.006 0.042 0.078 0.114 0.143 0.083 0.025 0.001 0.001 0.001 0.000 0.000 0.000 0.000
0.000 0.000 0.359 0.370 0.380 0.391 0.382 0.362 0.334 0.307 0.279 0.250 0.196 0.140 0.085 0.030 0.000 0.000 0.000 0.000 0.000 0.000 0.000 0.000 0.125 0.143 0.145 0.146 0.000 0.000 0.000 0.000 0.145 0.147 0.148 0.150 0.151 0.145 0.078 0.009 0.000 0.000 0.000 0.000 0.000 0.000 0.000 0.000 0.000 0.001 0.001 0.001 0.000 0.000 0.000 0.000 0.000 0.000 0.000 0.000 0.001 0.001 0.001 0.016 0.053 0.088 0.125 0.122 0.063 0.008 0.001 0.001 0.000 0.000 0.000 0.000 0.000
0.000 0.000 0.000 0.398 0.409 0.402 0.392 0.364 0.337 0.310 0.281 0.254 0.227 0.183 0.128 0.073 0.018 0.000 0.000 0.000 0.000 0.000 0.000 0.092 0.122 0.124 0.126 0.000 0.000 0.000 0.000 0.124 0.126 0.128 0.129 0.131 0.132 0.134 0.100 0.033 0.001 0.000 0.000 0.000 0.000 0.000 0.000 0.000 0.000 0.001 0.001 0.001 0.000 0.000 0.000 0.000 0.000 0.000 0.000 0.000 0.001 0.001 0.001 0.028 0.064 0.100 0.136 0.102 0.044 0.001 0.001 0.001 0.000 0.000 0.000 0.000 0.000
0.000 0.000 0.000 0.000 0.421 0.412 0.395 0.367 0.340 0.312 0.284 0.257 0.229 0.201 0.171 0.116 0.060 0.005 0.001 0.000 0.000 0.000 0.000 0.094 0.102 0.104 0.000 0.000 0.000 0.000 0.000 0.104 0.107 0.107 0.110 0.110 0.112 0.114 0.115 0.057 0.001 0.001 0.000 0.000 0.000 0.000 0.000 0.000 0.001 0.001 0.001 0.001 0.000 0.000 0.000 0.000 0.000 0.000 0.000 0.000 0.001 0.001 0.003 0.039 0.075 0.111 0.141 0.082 0.024 0.001 0.001 0.001 0.000 0.000 0.000 0.000 0.000
0.000 0.000 0.000 0.000 0.000 0.422 0.398 0.370 0.342 0.315 0.287 0.260 0.233 0.204 0.177 0.148 0.102 0.046 0.001 0.001 0.000 0.000 0.063 0.081 0.084 0.083 0.000 0.000 0.000 0.000 0.000 0.086 0.086 0.088 0.089 0.091 0.093 0.094 0.096 0.081 0.013 0.001 0.001 0.001 0.000 0.000 0.000 0.001 0.001 0.001 0.001 0.001 0.001 0.000 0.000 0.000 0.000 0.000 0.000 0.000 0.001 0.001 0.011 0.049 0.085 0.121 0.121 0.061 0.005 0.001 0.001 0.000 0.000 0.000 0.000 0.000 0.000
0.000 0.000 0.000 0.000 0.000 0.000 0.000 0.373 0.345 0.318 0.290 0.263 0.235 0.207 0.179 0.152 0.124 0.090 0.035 0.001 0.001 0.031 0.060 0.062 0.063 0.000 0.000 0.000 0.000 0.000 0.000 0.000 0.067 0.069 0.069 0.072 0.073 0.074 0.076 0.077 0.037 0.001 0.001 0.001 0.001 0.000 0.001 0.001 0.001 0.001 0.001 0.001 0.001 0.000 0.000 0.000 0.000 0.000 0.000 0.001 0.001 0.001 0.023 0.060 0.095 0.131 0.100 0.042 0.001 0.001 0.001 0.000 0.000 0.000 0.000 0.000 0.000
0.000 0.000 0.000 0.000 0.000 0.000 0.000 0.000 0.348 0.321 0.293 0.265 0.238 0.210 0.182 0.155 0.127 0.099 0.071 0.022 0.001 0.033 0.041 0.042 0.000 0.000 0.000 0.000 0.000 0.000 0.000 0.000 0.000 0.000 0.050 0.051 0.053 0.055 0.056 0.058 0.058 0.001 0.001 0.001 0.001 0.001 0.001 0.001 0.001 0.001 0.001 0.001 0.014 0.000 0.000 0.000 0.000 0.000 0.000 0.001 0.001 0.001 0.032 0.069 0.105 0.137 0.079 0.023 0.001 0.001 0.001 0.000 0.000 0.000 0.000 0.000 0.000
0.000 0.000 0.000 0.000 0.000 0.000 0.000 0.000 0.000 0.325 0.296 0.269 0.001 0.001 0.186 0.158 0.130 0.102 0.074 0.045 0.007 0.017 0.018 0.018 0.017 0.018 0.000 0.000 0.000 0.000 0.000 0.000 0.000 0.000 0.030 0.032 0.034 0.035 0.037 0.038 0.040 0.016 0.001 0.001 0.001 0.001 0.001 0.001 0.001 0.001 0.001 0.001 0.000 0.000 0.000 0.000 0.000 0.000 0.000 0.001 0.001 0.006 0.041 0.076 0.112 0.116 0.058 0.003 0.001 0.001 0.001 0.000 0.000 0.000 0.000 0.000 0.000
0.000 0.000 0.000 0.000 0.000 0.000 0.000 0.000 0.000 0.000 0.001 0.000 0.003 0.003 0.001 0.000 0.134 0.104 0.077 0.047 0.021 0.016 0.012 0.009 0.006 0.004 0.001 0.000 0.000 0.000 0.000 0.000 0.000 0.000 0.011 0.000 0.014 0.016 0.017 0.018 0.020 0.021 0.001 0.001 0.001 0.001 0.001 0.001 0.001 0.001 0.001 0.001 0.000 0.000 0.000 0.000 0.000 0.000 0.000 0.001 0.001 0.012 0.048 0.084 0.121 0.091 0.037 0.001 0.001 0.001 0.000 0.000 0.000 0.000 0.000 0.000 0.000
0.000 0.000 0.000 0.000 0.000 0.000 0.000 0.000 0.000 0.002 0.003 0.004 0.005 0.005 0.005 0.004 0.000 0.106 0.079 0.048 0.032 0.025 0.020 0.016 0.011 0.007 0.004 0.001 0.000 0.000 0.000 0.000 0.000 0.000 0.000 0.000 0.000 0.000 0.008 0.004 0.003 0.002 0.001 0.001 0.001 0.001 0.001 0.001 0.001 0.001 0.014 0.027 0.000 0.000 0.000 0.000 0.000 0.000 0.002 0.008 0.016 0.031 0.056 0.093 0.128 0.068 0.017 0.001 0.001 0.001 0.000 0.000 0.000 0.000 0.000 0.000 0.000
0.000 0.000 0.000 0.000 0.000 0.000 0.000 0.000 0.002 0.003 0.004 0.005 0.006 0.006 0.006 0.006 0.005 0.001 0.000 0.058 0.047 0.039 0.032 0.029 0.021 0.015 0.010 0.007 0.002 0.001 0.000 0.000 0.000 0.000 0.000 0.000 0.000 0.000 0.000 0.011 0.009 0.003 0.002 0.001 0.001 0.001 0.001 0.001 0.001 0.012 0.000 0.000 0.000 0.000 0.000 0.000 0.000 0.000 0.026 0.041 0.056 0.070 0.084 0.105 0.106 0.044 0.002 0.001 0.001 0.001 0.000 0.000 0.000 0.000 0.000 0.000 0.000
0.000 0.000 0.000 0.000 0.000 0.000 0.000 0.002 0.003 0.004 0.005 0.006 0.007 0.007 0.008 0.008 0.008 0.007 0.006 0.001 0.064 0.059 0.051 0.043 0.032 0.027 0.020 0.017 0.011 0.008 0.002 0.000 0.000 0.000 0.000 0.000 0.000 0.000 0.000 0.000 0.000 0.003 0.002 0.002 0.001 0.001 0.001 0.001 0.001 0.000 0.000 0.000 0.000 0.000 0.000 0.000 0.000 0.000 0.083 0.095 0.106 0.117 0.127 0.132 0.090 0.020 0.001 0.001 0.001 0.001 0.000 0.000 0.000 0.000 0.000 0.000 0.000
