数据/2hours/0.1-2h-150y/coupled-155-0001.wd
ncols         694
nrows         824
xllcorner     581104.939801
yllcorner     3495917.092414
cellsize      2.000000
NODATA_value  -9999.000000
[rows 408 to 441 of 824, columns 385 to 461 of 694]
0.000 0.000 0.000 0.000 0.000 0.000 0.000 0.000 0.000 0.000 0.000 0.000 0.000 0.000 0.000 0.000 0.000 0.000 0.000 0.000 0.000 0.000 0.000 0.000 0.000 0.000 0.000 0.000 0.000 0.000 0.000 0.000 0.022 0.029 0.038 0.047 0.056 0.053 0.045 0.054 0.055 0.055 0.056 0.000 0.000 0.000 0.000 0.000 0.000 0.000 0.029 0.029 0.029 0.029 0.029 0.026 0.021 0.017 0.012 0.008 0.003 0.001 0.001 0.001 0.000 0.000 0.000 0.000 0.000 0.000 0.000 0.000 0.000 0.000 0.000 0.000 0.000
0.000 0.000 0.000 0.000 0.000 0.000 0.000 0.000 0.000 0.000 0.000 0.000 0.000 0.000 0.000 0.000 0.000 0.000 0.000 0.000 0.000 0.000 0.000 0.000 0.000 0.000 0.000 0.000 0.000 0.000 0.000 0.010 0.023 0.029 0.042 0.049 0.055 0.053 0.053 0.054 0.056 0.054 0.058 0.000 0.000 0.000 0.000 0.000 0.000 0.029 0.028 0.029 0.029 0.029 0.029 0.028 0.028 0.025 0.020 0.015 0.011 0.006 0.002 0.001 0.001 0.000 0.000 0.000 0.000 0.000 0.000 0.000 0.000 0.000 0.000 0.000 0.000
0.000 0.000 0.000 0.000 0.000 0.000 0.000 0.000 0.000 0.000 0.000 0.000 0.000 0.000 0.000 0.000 0.000 0.000 0.000 0.000 0.000 0.000 0.000 0.000 0.000 0.000 0.000 0.000 0.000 0.000 0.000 0.011 0.024 0.034 0.041 0.051 0.057 0.054 0.054 0.057 0.058 0.055 0.053 0.000 0.000 0.000 0.000 0.000 0.000 0.028 0.028 0.028 0.028 0.029 0.029 0.029 0.028 0.028 0.027 0.023 0.018 0.013 0.008 0.004 0.001 0.001 0.000 0.000 0.000 0.000 0.000 0.000 0.000 0.000 0.000 0.000 0.000
0.000 0.000 0.000 0.000 0.000 0.000 0.000 0.000 0.000 0.000 0.000 0.000 0.000 0.000 0.000 0.000 0.000 0.000 0.000 0.000 0.000 0.000 0.000 0.000 0.000 0.000 0.000 0.000 0.000 0.000 0.000 0.014 0.026 0.036 0.046 0.051 0.056 0.052 0.055 0.055 0.057 0.052 0.057 0.000 0.000 0.000 0.000 0.000 0.000 0.029 0.029 0.029 0.028 0.029 0.029 0.028 0.028 0.028 0.028 0.028 0.025 0.020 0.016 0.010 0.006 0.002 0.001 0.001 0.000 0.000 0.000 0.000 0.000 0.000 0.000 0.000 0.000
0.000 0.000 0.000 0.000 0.000 0.000 0.000 0.000 0.000 0.000 0.000 0.000 0.000 0.000 0.000 0.000 0.000 0.000 0.000 0.000 0.000 0.000 0.000 0.000 0.000 0.000 0.000 0.000 0.000 0.000 0.000 0.016 0.028 0.037 0.045 0.056 0.055 0.056 0.052 0.056 0.056 0.059 0.000 0.000 0.000 0.000 0.000 0.000 0.000 0.029 0.029 0.028 0.029 0.028 0.029 0.028 0.028 0.028 0.027 0.028 0.027 0.027 0.022 0.018 0.013 0.008 0.003 0.001 0.001 0.000 0.000 0.000 0.000 0.000 0.000 0.000 0.000
0.000 0.000 0.000 0.000 0.000 0.000 0.000 0.000 0.000 0.000 0.000 0.000 0.000 0.000 0.000 0.000 0.000 0.000 0.000 0.000 0.000 0.000 0.000 0.000 0.000 0.000 0.000 0.000 0.000 0.000 0.011 0.019 0.028 0.041 0.045 0.057 0.055 0.054 0.052 0.054 0.054 0.057 0.000 0.000 0.000 0.000 0.000 0.000 0.028 0.028 0.028 0.029 0.028 0.028 0.028 0.028 0.028 0.028 0.028 0.028 0.027 0.027 0.027 0.025 0.020 0.015 0.010 0.005 0.001 0.001 0.000 0.000 0.000 0.000 0.000 0.000 0.000
0.000 0.000 0.000 0.000 0.000 0.000 0.000 0.000 0.000 0.000 0.000 0.000 0.000 0.000 0.000 0.000 0.000 0.000 0.000 0.000 0.000 0.000 0.000 0.000 0.000 0.000 0.000 0.000 0.000 0.000 0.014 0.022 0.029 0.041 0.050 0.056 0.054 0.053 0.052 0.053 0.056 0.056 0.000 0.000 0.000 0.000 0.000 0.000 0.029 0.029 0.028 0.029 0.028 0.029 0.029 0.028 0.028 0.028 0.027 0.028 0.027 0.027 0.026 0.026 0.026 0.022 0.017 0.012 0.007 0.003 0.001 0.001 0.000 0.000 0.000 0.000 0.000
0.000 0.000 0.000 0.000 0.000 0.000 0.000 0.000 0.000 0.000 0.000 0.000 0.000 0.000 0.000 0.000 0.000 0.000 0.000 0.000 0.000 0.000 0.000 0.000 0.000 0.000 0.000 0.000 0.000 0.000 0.016 0.025 0.031 0.041 0.052 0.056 0.057 0.056 0.054 0.053 0.055 0.000 0.000 0.000 0.000 0.000 0.000 0.000 0.029 0.028 0.028 0.029 0.028 0.029 0.028 0.028 0.027 0.027 0.027 0.027 0.027 0.026 0.026 0.026 0.025 0.025 0.024 0.019 0.014 0.009 0.004 0.001 0.001 0.000 0.000 0.000 0.000
0.000 0.000 0.000 0.000 0.000 0.000 0.000 0.000 0.000 0.000 0.000 0.000 0.000 0.000 0.000 0.000 0.000 0.000 0.000 0.000 0.000 0.000 0.000 0.000 0.000 0.000 0.000 0.000 0.000 0.000 0.017 0.027 0.034 0.042 0.051 0.055 0.057 0.055 0.056 0.053 0.054 0.000 0.000 0.000 0.000 0.000 0.000 0.029 0.029 0.029 0.028 0.029 0.029 0.028 0.028 0.028 0.028 0.027 0.027 0.027 0.027 0.026 0.026 0.025 0.025 0.025 0.024 0.023 0.021 0.016 0.011 0.006 0.002 0.001 0.000 0.000 0.000
0.000 0.000 0.000 0.000 0.000 0.000 0.000 0.000 0.000 0.000 0.000 0.000 0.000 0.000 0.000 0.000 0.000 0.000 0.000 0.000 0.000 0.000 0.000 0.000 0.000 0.000 0.000 0.000 0.003 0.011 0.019 0.029 0.037 0.042 0.052 0.054 0.054 0.053 0.054 0.052 0.052 0.000 0.000 0.000 0.000 0.000 0.000 0.029 0.030 0.029 0.028 0.028 0.029 0.029 0.027 0.028 0.027 0.027 0.027 0.027 0.026 0.026 0.025 0.025 0.024 0.024 0.024 0.023 0.022 0.022 0.018 0.013 0.008 0.003 0.001 0.000 0.000
0.000 0.000 0.000 0.000 0.000 0.000 0.000 0.000 0.000 0.000 0.000 0.000 0.000 0.000 0.000 0.000 0.000 0.000 0.000 0.000 0.000 0.000 0.000 0.000 0.000 0.000 0.000 0.000 0.004 0.012 0.020 0.030 0.038 0.045 0.052 0.052 0.052 0.052 0.052 0.053 0.052 0.000 0.000 0.000 0.000 0.000 0.000 0.029 0.029 0.028 0.029 0.029 0.028 0.028 0.028 0.028 0.028 0.027 0.027 0.026 0.026 0.026 0.025 0.024 0.024 0.023 0.023 0.022 0.022 0.021 0.020 0.019 0.014 0.009 0.004 0.001 0.001
0.000 0.000 0.000 0.000 0.000 0.000 0.000 0.000 0.000 0.000 0.000 0.000 0.000 0.000 0.000 0.000 0.000 0.000 0.000 0.000 0.000 0.000 0.000 0.000 0.000 0.000 0.000 0.000 0.006 0.015 0.021 0.031 0.040 0.047 0.054 0.053 0.053 0.053 0.052 0.053 0.054 0.000 0.000 0.000 0.000 0.000 0.000 0.029 0.029 0.030 0.029 0.029 0.028 0.028 0.028 0.028 0.027 0.027 0.026 0.026 0.026 0.025 0.025 0.024 0.023 0.023 0.023 0.022 0.021 0.021 0.020 0.019 0.019 0.016 0.011 0.006 0.001
0.000 0.000 0.000 0.000 0.000 0.000 0.000 0.000 0.000 0.000 0.000 0.000 0.000 0.000 0.000 0.000 0.000 0.000 0.000 0.000 0.000 0.000 0.000 0.000 0.000 0.000 0.000 0.000 0.008 0.016 0.022 0.033 0.042 0.050 0.055 0.055 0.053 0.054 0.053 0.053 0.052 0.000 0.000 0.000 0.000 0.000 0.030 0.030 0.029 0.029 0.029 0.028 0.029 0.028 0.027 0.027 0.027 0.027 0.026 0.025 0.026 0.025 0.025 0.024 0.023 0.022 0.022 0.022 0.021 0.021 0.019 0.019 0.018 0.017 0.016 0.012 0.007
0.000 0.000 0.000 0.000 0.000 0.000 0.000 0.000 0.000 0.000 0.000 0.000 0.000 0.000 0.000 0.000 0.000 0.000 0.000 0.000 0.000 0.000 0.000 0.000 0.000 0.000 0.000 0.000 0.009 0.017 0.025 0.034 0.043 0.052 0.054 0.055 0.055 0.055 0.054 0.055 0.053 0.000 0.000 0.000 0.000 0.000 0.030 0.030 0.030 0.029 0.030 0.029 0.028 0.028 0.028 0.027 0.027 0.026 0.026 0.026 0.025 0.024 0.024 0.023 0.022 0.022 0.022 0.021 0.020 0.020 0.019 0.018 0.017 0.016 0.016 0.014 0.013
0.000 0.000 0.000 0.000 0.000 0.000 0.000 0.000 0.000 0.000 0.000 0.000 0.000 0.000 0.000 0.000 0.000 0.000 0.000 0.000 0.000 0.000 0.000 0.000 0.000 0.000 0.000 0.003 0.010 0.018 0.027 0.034 0.044 0.055 0.055 0.055 0.056 0.054 0.056 0.055 0.055 0.000 0.000 0.000 0.000 0.000 0.029 0.029 0.030 0.030 0.030 0.029 0.029 0.029 0.027 0.027 0.027 0.027 0.026 0.025 0.025 0.024 0.023 0.023 0.022 0.022 0.021 0.020 0.020 0.019 0.018 0.017 0.016 0.016 0.014 0.014 0.013
0.000 0.000 0.000 0.000 0.000 0.000 0.000 0.000 0.000 0.000 0.000 0.000 0.000 0.000 0.000 0.000 0.000 0.000 0.000 0.000 0.000 0.000 0.000 0.000 0.000 0.000 0.000 0.004 0.011 0.020 0.028 0.038 0.046 0.055 0.057 0.055 0.056 0.055 0.054 0.054 0.053 0.051 0.051 0.000 0.000 0.000 0.000 0.000 0.030 0.030 0.030 0.030 0.029 0.028 0.028 0.027 0.027 0.026 0.026 0.025 0.025 0.024 0.023 0.022 0.022 0.021 0.020 0.019 0.019 0.018 0.017 0.016 0.016 0.015 0.014 0.013 0.011
0.000 0.000 0.000 0.000 0.000 0.000 0.000 0.000 0.000 0.000 0.000 0.000 0.000 0.000 0.000 0.000 0.000 0.000 0.000 0.000 0.000 0.000 0.000 0.000 0.000 0.000 0.000 0.005 0.012 0.022 0.030 0.039 0.048 0.055 0.055 0.056 0.055 0.054 0.054 0.053 0.052 0.050 0.049 0.046 0.043 0.042 0.000 0.033 0.031 0.031 0.030 0.030 0.029 0.029 0.028 0.027 0.026 0.026 0.025 0.024 0.024 0.024 0.022 0.021 0.021 0.020 0.019 0.018 0.018 0.017 0.016 0.015 0.015 0.014 0.013 0.011 0.010
0.000 0.000 0.000 0.000 0.000 0.000 0.000 0.000 0.000 0.000 0.000 0.000 0.000 0.000 0.000 0.000 0.000 0.000 0.000 0.000 0.000 0.000 0.000 0.000 0.000 0.000 0.000 0.007 0.015 0.023 0.032 0.041 0.051 0.056 0.056 0.055 0.056 0.054 0.053 0.053 0.052 0.049 0.049 0.045 0.043 0.041 0.037 0.034 0.032 0.031 0.031 0.030 0.029 0.028 0.028 0.027 0.026 0.026 0.025 0.024 0.023 0.023 0.022 0.021 0.020 0.019 0.019 0.018 0.017 0.016 0.015 0.014 0.013 0.012 0.011 0.009 0.008
0.000 0.000 0.000 0.000 0.000 0.000 0.000 0.000 0.000 0.000 0.000 0.000 0.000 0.000 0.000 0.000 0.000 0.000 0.000 0.000 0.000 0.000 0.000 0.000 0.000 0.000 0.000 0.008 0.016 0.025 0.034 0.043 0.053 0.059 0.056 0.055 0.054 0.055 0.055 0.054 0.000 0.048 0.046 0.045 0.042 0.039 0.037 0.034 0.033 0.031 0.031 0.030 0.029 0.028 0.027 0.026 0.025 0.025 0.024 0.024 0.023 0.022 0.021 0.020 0.019 0.018 0.018 0.017 0.016 0.015 0.014 0.013 0.012 0.010 0.008 0.006 0.007
0.000 0.000 0.000 0.000 0.000 0.000 0.000 0.000 0.000 0.000 0.000 0.000 0.000 0.000 0.000 0.000 0.000 0.000 0.000 0.000 0.000 0.000 0.000 0.000 0.000 0.000 0.000 0.010 0.018 0.027 0.035 0.045 0.053 0.056 0.055 0.054 0.054 0.055 0.056 0.000 0.000 0.000 0.000 0.000 0.040 0.039 0.035 0.034 0.032 0.031 0.030 0.030 0.029 0.028 0.027 0.026 0.025 0.025 0.024 0.023 0.022 0.021 0.020 0.019 0.018 0.017 0.017 0.016 0.015 0.014 0.013 0.011 0.009 0.007 0.007 0.008 0.011
0.000 0.000 0.000 0.000 0.000 0.000 0.000 0.000 0.000 0.000 0.000 0.000 0.000 0.000 0.000 0.000 0.000 0.000 0.000 0.000 0.000 0.000 0.000 0.000 0.000 0.000 0.003 0.012 0.020 0.028 0.037 0.045 0.054 0.053 0.053 0.053 0.053 0.054 0.000 0.000 0.000 0.000 0.000 0.000 0.000 0.000 0.033 0.033 0.032 0.031 0.030 0.030 0.029 0.027 0.027 0.026 0.025 0.024 0.023 0.022 0.021 0.020 0.019 0.018 0.017 0.017 0.016 0.015 0.013 0.012 0.010 0.008 0.007 0.008 0.010 0.015 0.021
0.000 0.000 0.000 0.000 0.000 0.000 0.000 0.000 0.000 0.000 0.000 0.000 0.000 0.000 0.000 0.000 0.000 0.000 0.000 0.000 0.000 0.000 0.000 0.000 0.000 0.000 0.004 0.013 0.022 0.029 0.038 0.047 0.054 0.053 0.053 0.052 0.053 0.052 0.000 0.000 0.000 0.000 0.000 0.000 0.000 0.000 0.032 0.032 0.031 0.031 0.030 0.029 0.028 0.027 0.026 0.025 0.024 0.023 0.022 0.021 0.020 0.019 0.018 0.017 0.016 0.015 0.014 0.013 0.011 0.009 0.008 0.008 0.010 0.014 0.020 0.026 0.034
0.000 0.000 0.000 0.000 0.000 0.000 0.000 0.000 0.000 0.000 0.000 0.000 0.000 0.000 0.000 0.000 0.000 0.000 0.000 0.000 0.000 0.000 0.000 0.000 0.000 0.000 0.006 0.014 0.022 0.032 0.039 0.048 0.052 0.053 0.052 0.052 0.051 0.000 0.000 0.000 0.000 0.000 0.031 0.031 0.032 0.031 0.031 0.031 0.031 0.030 0.029 0.029 0.028 0.026 0.026 0.024 0.023 0.022 0.022 0.020 0.019 0.018 0.017 0.016 0.014 0.013 0.012 0.010 0.008 0.009 0.010 0.014 0.019 0.025 0.033 0.039 0.047
0.000 0.000 0.000 0.000 0.000 0.000 0.000 0.000 0.000 0.000 0.000 0.000 0.000 0.000 0.000 0.000 0.000 0.000 0.000 0.000 0.000 0.000 0.000 0.000 0.000 0.000 0.007 0.015 0.023 0.032 0.041 0.049 0.052 0.054 0.052 0.052 0.051 0.000 0.000 0.000 0.000 0.000 0.000 0.031 0.032 0.031 0.031 0.032 0.031 0.029 0.029 0.028 0.027 0.026 0.025 0.024 0.023 0.022 0.021 0.019 0.018 0.017 0.016 0.014 0.012 0.010 0.008 0.009 0.010 0.013 0.018 0.024 0.031 0.038 0.045 0.053 0.060
0.000 0.000 0.000 0.000 0.000 0.000 0.000 0.000 0.000 0.000 0.000 0.000 0.000 0.000 0.000 0.000 0.000 0.000 0.000 0.000 0.000 0.000 0.000 0.000 0.000 0.000 0.008 0.017 0.025 0.032 0.042 0.052 0.054 0.054 0.053 0.053 0.052 0.000 0.000 0.000 0.000 0.000 0.000 0.000 0.000 0.000 0.031 0.031 0.030 0.030 0.029 0.027 0.026 0.026 0.025 0.024 0.022 0.021 0.019 0.018 0.017 0.015 0.013 0.011 0.009 0.009 0.010 0.013 0.017 0.023 0.030 0.036 0.044 0.051 0.059 0.066 0.070
0.000 0.000 0.000 0.000 0.000 0.000 0.000 0.000 0.000 0.000 0.000 0.000 0.000 0.000 0.000 0.000 0.000 0.000 0.000 0.000 0.000 0.000 0.000 0.000 0.000 0.002 0.008 0.018 0.026 0.034 0.042 0.053 0.054 0.053 0.053 0.053 0.000 0.000 0.000 0.000 0.000 0.000 0.000 0.000 0.000 0.000 0.000 0.000 0.030 0.029 0.028 0.027 0.026 0.025 0.024 0.023 0.021 0.020 0.018 0.016 0.014 0.012 0.010 0.010 0.010 0.013 0.016 0.022 0.028 0.036 0.043 0.050 0.057 0.065 0.072 0.079 0.078
0.002 0.000 0.000 0.000 0.000 0.001 0.001 0.001 0.001 0.001 0.000 0.000 0.000 0.000 0.000 0.000 0.000 0.000 0.000 0.000 0.000 0.000 0.000 0.000 0.000 0.003 0.010 0.017 0.027 0.037 0.045 0.053 0.054 0.053 0.054 0.054 0.000 0.000 0.000 0.000 0.000 0.000 0.000 0.000 0.000 0.000 0.000 0.000 0.000 0.000 0.000 0.026 0.026 0.025 0.024 0.022 0.020 0.018 0.016 0.014 0.011 0.010 0.011 0.013 0.016 0.022 0.028 0.035 0.042 0.049 0.056 0.064 0.071 0.077 0.085 0.090 0.086
0.012 0.006 0.003 0.001 0.001 0.001 0.001 0.001 0.001 0.001 0.001 0.001 0.001 0.001 0.001 0.001 0.001 0.000 0.001 0.000 0.000 0.000 0.000 0.000 0.000 0.004 0.012 0.018 0.030 0.040 0.048 0.054 0.055 0.055 0.055 0.055 0.000 0.000 0.000 0.000 0.000 0.000 0.000 0.000 0.000 0.000 0.000 0.000 0.000 0.000 0.000 0.000 0.000 0.000 0.022 0.021 0.018 0.015 0.012 0.011 0.011 0.013 0.016 0.021 0.027 0.034 0.040 0.048 0.055 0.062 0.070 0.076 0.084 0.091 0.099 0.098 0.093
0.022 0.017 0.012 0.007 0.004 0.002 0.001 0.001 0.001 0.001 0.001 0.001 0.001 0.001 0.001 0.001 0.001 0.001 0.001 0.001 0.001 0.000 0.000 0.000 0.000 0.004 0.012 0.021 0.031 0.040 0.048 0.055 0.055 0.055 0.056 0.055 0.000 0.000 0.000 0.000 0.000 0.000 0.000 0.000 0.000 0.000 0.000 0.000 0.000 0.000 0.000 0.000 0.000 0.000 0.000 0.000 0.012 0.011 0.011 0.013 0.015 0.019 0.026 0.032 0.039 0.046 0.053 0.061 0.068 0.075 0.083 0.091 0.097 0.105 0.110 0.106 0.101
0.033 0.028 0.022 0.017 0.012 0.008 0.004 0.002 0.001 0.001 0.001 0.001 0.001 0.001 0.001 0.001 0.001 0.001 0.001 0.001 0.001 0.001 0.000 0.000 0.000 0.005 0.014 0.023 0.033 0.041 0.048 0.052 0.052 0.055 0.060 0.000 0.000 0.000 0.000 0.000 0.000 0.000 0.000 0.000 0.000 0.000 0.000 0.000 0.000 0.000 0.000 0.000 0.000 0.000 0.000 0.000 0.010 0.012 0.014 0.018 0.024 0.030 0.038 0.045 0.052 0.059 0.067 0.075 0.082 0.089 0.096 0.104 0.111 0.117 0.117 0.112 0.108
0.044 0.039 0.033 0.028 0.022 0.017 0.012 0.008 0.004 0.001 0.001 0.001 0.001 0.001 0.001 0.001 0.001 0.001 0.001 0.001 0.001 0.001 0.001 0.001 0.001 0.007 0.018 0.024 0.031 0.039 0.048 0.049 0.050 0.053 0.057 0.000 0.000 0.000 0.000 0.000 0.000 0.000 0.000 0.000 0.000 0.000 0.000 0.000 0.000 0.000 0.000 0.000 0.000 0.000 0.000 0.000 0.013 0.017 0.023 0.029 0.036 0.043 0.050 0.058 0.066 0.073 0.081 0.088 0.095 0.103 0.110 0.117 0.123 0.130 0.125 0.120 0.115
0.055 0.049 0.044 0.039 0.033 0.028 0.022 0.017 0.012 0.008 0.004 0.001 0.001 0.001 0.001 0.001 0.001 0.001 0.001 0.001 0.001 0.001 0.001 0.001 0.001 0.011 0.016 0.021 0.030 0.039 0.049 0.049 0.050 0.050 0.053 0.000 0.000 0.000 0.000 0.000 0.000 0.000 0.000 0.000 0.000 0.000 0.000 0.000 0.000 0.000 0.000 0.000 0.000 0.000 0.000 0.016 0.022 0.028 0.035 0.042 0.049 0.056 0.064 0.070 0.079 0.086 0.093 0.102 0.109 0.116 0.123 0.130 0.137 0.138 0.132 0.127 0.121
0.065 0.060 0.055 0.050 0.044 0.038 0.033 0.028 0.022 0.017 0.012 0.007 0.003 0.001 0.001 0.001 0.001 0.001 0.001 0.001 0.001 0.001 0.001 0.001 0.002 0.013 0.014 0.023 0.034 0.042 0.048 0.050 0.051 0.048 0.049 0.000 0.000 0.000 0.000 0.000 0.000 0.000 0.000 0.000 0.000 0.000 0.000 0.000 0.000 0.000 0.000 0.000 0.000 0.000 0.000 0.027 0.035 0.041 0.048 0.055 0.063 0.070 0.077 0.085 0.092 0.099 0.107 0.115 0.122 0.129 0.137 0.000 0.000 0.144 0.139 0.134 0.129
0.000 0.000 0.066 0.060 0.055 0.049 0.044 0.038 0.033 0.027 0.021 0.016 0.011 0.006 0.002 0.001 0.001 0.001 0.001 0.001 0.001 0.001 0.001 0.001 0.003 0.008 0.020 0.023 0.033 0.044 0.048 0.044 0.044 0.048 0.000 0.000 0.000 0.000 0.000 0.000 0.000 0.000 0.000 0.000 0.000 0.000 0.000 0.000 0.000 0.000 0.003 0.010 0.000 0.000 0.000 0.040 0.047 0.054 0.062 0.069 0.076 0.083 0.090 0.098 0.106 0.112 0.120 0.128 0.135 0.141 0.000 0.000 0.000 0.000 0.000 0.141 0.137
