数据/2hours/0.1-2h-150y/coupled-156-0001.wd
ncols         694
nrows         824
xllcorner     581104.939801
yllcorner     3495917.092414
cellsize      2.000000
NODATA_value  -9999.000000
[rows 714 to 747 of 824, columns 154 to 230 of 694]
0.000 0.000 0.000 0.000 0.000 0.000 0.002 0.003 0.004 0.005 0.006 0.007 0.008 0.009 0.009 0.009 0.009 0.009 0.009 0.008 0.001 0.001 0.075 0.069 0.055 0.042 0.037 0.033 0.028 0.020 0.019 0.013 0.000 0.000 0.000 0.000 0.000 0.000 0.000 0.000 0.000 0.000 0.005 0.050 0.073 0.084 0.096 0.106 0.116 0.000 0.000 0.000 0.000 0.000 0.000 0.000 0.000 0.000 0.212 0.221 0.232 0.232 0.207 0.187 0.196 0.112 0.030 0.001 0.001 0.001 0.000 0.000 0.000 0.000 0.000 0.000 0.000
0.000 0.000 0.000 0.000 0.000 0.002 0.003 0.004 0.005 0.006 0.007 0.008 0.009 0.009 0.010 0.010 0.011 0.011 0.011 0.011 0.011 0.010 0.000 0.093 0.087 0.075 0.057 0.052 0.044 0.036 0.033 0.026 0.021 0.022 0.000 0.000 0.000 0.000 0.000 0.000 0.000 0.001 0.035 0.092 0.136 0.147 0.158 0.169 0.180 0.000 0.000 0.000 0.000 0.000 0.000 0.000 0.000 0.000 0.274 0.269 0.244 0.222 0.198 0.191 0.200 0.154 0.070 0.001 0.001 0.001 0.000 0.000 0.000 0.000 0.000 0.000 0.000
0.000 0.000 0.000 0.000 0.001 0.003 0.004 0.005 0.006 0.007 0.008 0.009 0.010 0.010 0.011 0.011 0.012 0.013 0.013 0.014 0.014 0.015 0.014 0.001 0.001 0.117 0.101 0.082 0.061 0.055 0.050 0.043 0.040 0.039 0.035 0.000 0.000 0.000 0.000 0.000 0.001 0.023 0.077 0.134 0.190 0.209 0.220 0.231 0.242 0.000 0.000 0.000 0.000 0.000 0.000 0.000 0.000 0.307 0.283 0.260 0.236 0.213 0.190 0.192 0.202 0.199 0.114 0.029 0.001 0.000 0.000 0.000 0.000 0.000 0.000 0.000 0.000
0.000 0.000 0.000 0.000 0.002 0.004 0.005 0.006 0.007 0.008 0.009 0.009 0.010 0.011 0.012 0.012 0.013 0.014 0.015 0.016 0.017 0.018 0.020 0.022 0.026 0.004 0.139 0.119 0.093 0.074 0.069 0.063 0.060 0.057 0.050 0.046 0.044 0.000 0.000 0.000 0.010 0.062 0.119 0.176 0.232 0.271 0.282 0.293 0.000 0.000 0.000 0.000 0.000 0.000 0.000 0.000 0.000 0.297 0.273 0.250 0.226 0.203 0.187 0.196 0.205 0.215 0.157 0.075 0.002 0.000 0.000 0.000 0.000 0.000 0.000 0.000 0.000
0.000 0.000 0.000 0.001 0.003 0.005 0.006 0.007 0.008 0.008 0.009 0.010 0.011 0.011 0.012 0.013 0.014 0.015 0.016 0.017 0.019 0.021 0.025 0.030 0.041 0.059 0.004 0.146 0.125 0.100 0.089 0.084 0.081 0.076 0.071 0.068 0.064 0.061 0.000 0.030 0.052 0.105 0.162 0.218 0.273 0.329 0.345 0.355 0.000 0.000 0.000 0.000 0.000 0.000 0.000 0.000 0.000 0.287 0.264 0.240 0.216 0.194 0.188 0.198 0.208 0.218 0.202 0.118 0.000 0.000 0.000 0.000 0.000 0.000 0.000 0.000 0.000
0.000 0.000 0.000 0.001 0.003 0.005 0.006 0.007 0.008 0.009 0.010 0.010 0.011 0.012 0.013 0.013 0.014 0.015 0.017 0.018 0.020 0.022 0.025 0.029 0.035 0.041 0.027 0.001 0.000 0.114 0.108 0.103 0.099 0.094 0.091 0.089 0.084 0.081 0.075 0.061 0.095 0.147 0.204 0.259 0.315 0.372 0.407 0.418 0.000 0.000 0.000 0.000 0.000 0.000 0.000 0.000 0.000 0.277 0.254 0.232 0.208 0.185 0.193 0.202 0.212 0.221 0.231 0.162 0.000 0.000 0.000 0.000 0.000 0.000 0.000 0.000 0.000
0.000 0.000 0.000 0.001 0.003 0.005 0.006 0.007 0.008 0.009 0.010 0.011 0.011 0.012 0.013 0.014 0.015 0.016 0.017 0.018 0.020 0.022 0.024 0.027 0.030 0.031 0.025 0.017 0.012 0.001 0.126 0.122 0.118 0.111 0.110 0.108 0.105 0.102 0.101 0.000 0.000 0.189 0.246 0.301 0.358 0.414 0.470 0.480 0.491 0.466 0.000 0.000 0.000 0.000 0.000 0.000 0.289 0.266 0.244 0.221 0.199 0.185 0.194 0.205 0.213 0.224 0.234 0.207 0.000 0.000 0.000 0.000 0.000 0.000 0.000 0.000 0.000
0.000 0.000 0.000 0.001 0.003 0.005 0.006 0.007 0.008 0.009 0.010 0.011 0.012 0.012 0.013 0.014 0.015 0.016 0.017 0.018 0.020 0.021 0.023 0.024 0.026 0.026 0.022 0.019 0.015 0.010 0.000 0.142 0.137 0.130 0.129 0.127 0.125 0.123 0.000 0.000 0.000 0.000 0.288 0.344 0.400 0.456 0.510 0.507 0.482 0.457 0.431 0.407 0.000 0.000 0.000 0.000 0.279 0.255 0.233 0.210 0.187 0.186 0.197 0.207 0.217 0.225 0.236 0.000 0.000 0.000 0.000 0.000 0.000 0.000 0.000 0.000 0.000
0.000 0.000 0.000 0.001 0.003 0.005 0.006 0.007 0.008 0.009 0.010 0.011 0.012 0.012 0.013 0.014 0.015 0.016 0.017 0.018 0.019 0.020 0.021 0.022 0.023 0.022 0.020 0.018 0.015 0.012 0.009 0.000 0.000 0.150 0.149 0.147 0.146 0.000 0.000 0.000 0.000 0.000 0.000 0.386 0.442 0.465 0.487 0.000 0.000 0.447 0.423 0.397 0.370 0.346 0.000 0.000 0.268 0.244 0.222 0.198 0.180 0.188 0.198 0.209 0.218 0.227 0.239 0.000 0.000 0.000 0.000 0.000 0.000 0.000 0.000 0.000 0.000
0.000 0.000 0.000 0.001 0.003 0.005 0.006 0.007 0.008 0.009 0.010 0.011 0.012 0.012 0.013 0.014 0.015 0.015 0.016 0.017 0.018 0.019 0.020 0.020 0.021 0.020 0.019 0.017 0.015 0.013 0.011 0.008 0.006 0.001 0.169 0.167 0.000 0.000 0.000 0.000 0.000 0.000 0.000 0.398 0.420 0.442 0.464 0.000 0.000 0.000 0.000 0.386 0.360 0.334 0.307 0.282 0.258 0.235 0.212 0.188 0.181 0.190 0.200 0.211 0.220 0.231 0.241 0.000 0.000 0.000 0.000 0.000 0.000 0.000 0.000 0.000 0.000
0.000 0.000 0.000 0.001 0.003 0.005 0.006 0.007 0.008 0.009 0.010 0.011 0.011 0.012 0.013 0.014 0.014 0.015 0.016 0.017 0.017 0.018 0.019 0.019 0.019 0.018 0.017 0.016 0.015 0.013 0.012 0.010 0.008 0.006 0.000 0.185 0.178 0.000 0.000 0.000 0.000 0.000 0.000 0.375 0.397 0.419 0.440 0.454 0.000 0.000 0.000 0.000 0.000 0.324 0.298 0.272 0.247 0.223 0.203 0.177 0.182 0.190 0.200 0.209 0.220 0.230 0.000 0.000 0.000 0.000 0.000 0.000 0.000 0.000 0.000 0.000 0.000
0.000 0.000 0.000 0.001 0.003 0.005 0.006 0.007 0.008 0.009 0.010 0.011 0.011 0.012 0.013 0.013 0.014 0.015 0.015 0.016 0.016 0.017 0.017 0.018 0.017 0.017 0.016 0.015 0.014 0.013 0.012 0.010 0.009 0.007 0.005 0.000 0.195 0.193 0.000 0.000 0.000 0.000 0.000 0.000 0.375 0.000 0.000 0.436 0.426 0.000 0.000 0.000 0.000 0.000 0.000 0.261 0.237 0.213 0.189 0.172 0.183 0.191 0.201 0.211 0.221 0.231 0.000 0.000 0.000 0.000 0.000 0.000 0.000 0.000 0.000 0.000 0.000
0.000 0.000 0.000 0.001 0.003 0.005 0.006 0.007 0.008 0.009 0.010 0.010 0.011 0.012 0.012 0.013 0.014 0.014 0.015 0.015 0.016 0.016 0.016 0.016 0.016 0.016 0.015 0.015 0.014 0.013 0.012 0.010 0.009 0.008 0.006 0.004 0.000 0.211 0.230 0.000 0.000 0.000 0.000 0.000 0.000 0.000 0.000 0.000 0.407 0.000 0.000 0.000 0.000 0.000 0.275 0.252 0.228 0.203 0.180 0.173 0.183 0.193 0.202 0.212 0.223 0.233 0.000 0.000 0.000 0.000 0.000 0.000 0.000 0.000 0.000 0.000 0.000
0.000 0.000 0.000 0.001 0.003 0.005 0.006 0.007 0.008 0.009 0.009 0.010 0.011 0.011 0.012 0.013 0.013 0.014 0.014 0.015 0.015 0.015 0.015 0.015 0.015 0.015 0.015 0.014 0.013 0.012 0.011 0.010 0.009 0.008 0.007 0.006 0.004 0.000 0.205 0.220 0.000 0.000 0.000 0.000 0.000 0.000 0.000 0.000 0.388 0.000 0.000 0.000 0.000 0.000 0.264 0.242 0.219 0.194 0.171 0.179 0.188 0.196 0.204 0.214 0.224 0.000 0.000 0.000 0.000 0.000 0.000 0.000 0.000 0.000 0.000 0.000 0.000
0.000 0.000 0.000 0.001 0.003 0.005 0.006 0.007 0.008 0.008 0.009 0.010 0.010 0.011 0.012 0.012 0.013 0.013 0.014 0.014 0.014 0.014 0.015 0.015 0.014 0.014 0.014 0.013 0.013 0.012 0.011 0.010 0.009 0.008 0.007 0.006 0.005 0.003 0.001 0.193 0.208 0.000 0.000 0.000 0.000 0.000 0.000 0.374 0.368 0.000 0.000 0.000 0.000 0.272 0.254 0.230 0.208 0.184 0.172 0.181 0.190 0.198 0.207 0.217 0.224 0.230 0.238 0.000 0.000 0.000 0.000 0.000 0.000 0.000 0.000 0.000 0.000
0.000 0.000 0.000 0.000 0.002 0.004 0.005 0.006 0.007 0.008 0.009 0.009 0.010 0.011 0.011 0.012 0.012 0.013 0.013 0.013 0.014 0.014 0.014 0.014 0.014 0.013 0.013 0.013 0.012 0.011 0.011 0.010 0.009 0.008 0.007 0.006 0.005 0.003 0.001 0.000 0.181 0.205 0.000 0.000 0.000 0.000 0.000 0.000 0.000 0.000 0.000 0.000 0.000 0.250 0.240 0.220 0.196 0.172 0.172 0.183 0.194 0.202 0.211 0.220 0.226 0.234 0.242 0.252 0.260 0.000 0.000 0.000 0.000 0.000 0.000 0.000 0.000
0.000 0.000 0.000 0.000 0.001 0.003 0.004 0.005 0.006 0.007 0.008 0.009 0.010 0.010 0.011 0.011 0.012 0.012 0.012 0.013 0.013 0.013 0.013 0.013 0.013 0.013 0.012 0.012 0.011 0.011 0.010 0.009 0.009 0.008 0.007 0.006 0.005 0.003 0.001 0.000 0.000 0.183 0.203 0.221 0.000 0.000 0.000 0.000 0.000 0.000 0.000 0.000 0.236 0.226 0.216 0.205 0.187 0.166 0.174 0.185 0.196 0.206 0.214 0.223 0.229 0.238 0.246 0.255 0.265 0.277 0.286 0.000 0.000 0.000 0.000 0.000 0.000
0.000 0.000 0.000 0.000 0.000 0.002 0.003 0.004 0.005 0.006 0.007 0.008 0.009 0.010 0.010 0.011 0.011 0.011 0.012 0.012 0.012 0.012 0.012 0.012 0.012 0.012 0.012 0.011 0.011 0.010 0.010 0.009 0.008 0.008 0.007 0.006 0.005 0.003 0.001 0.000 0.000 0.000 0.178 0.192 0.205 0.000 0.000 0.000 0.000 0.000 0.000 0.000 0.217 0.206 0.196 0.184 0.174 0.171 0.178 0.186 0.199 0.209 0.218 0.225 0.232 0.242 0.252 0.261 0.270 0.280 0.290 0.300 0.252 0.000 0.000 0.000 0.000
0.000 0.000 0.000 0.000 0.000 0.000 0.002 0.003 0.004 0.005 0.006 0.007 0.008 0.009 0.010 0.010 0.010 0.011 0.011 0.011 0.012 0.012 0.012 0.012 0.012 0.011 0.011 0.011 0.010 0.010 0.009 0.009 0.008 0.007 0.006 0.005 0.004 0.002 0.000 0.000 0.000 0.000 0.000 0.161 0.178 0.197 0.000 0.000 0.000 0.000 0.000 0.208 0.196 0.186 0.175 0.165 0.161 0.168 0.177 0.186 0.198 0.209 0.219 0.226 0.236 0.000 0.000 0.000 0.275 0.285 0.295 0.305 0.297 0.212 0.146 0.000 0.000
0.000 0.000 0.000 0.000 0.000 0.000 0.000 0.002 0.003 0.004 0.005 0.006 0.007 0.008 0.009 0.009 0.010 0.010 0.010 0.011 0.011 0.011 0.011 0.011 0.011 0.011 0.010 0.010 0.010 0.009 0.009 0.008 0.007 0.006 0.005 0.004 0.003 0.001 0.000 0.000 0.000 0.000 0.000 0.000 0.154 0.174 0.197 0.000 0.000 0.000 0.000 0.186 0.175 0.164 0.158 0.160 0.159 0.161 0.171 0.181 0.192 0.205 0.215 0.224 0.234 0.000 0.000 0.000 0.000 0.000 0.299 0.308 0.318 0.257 0.218 0.181 0.000
0.000 0.000 0.000 0.000 0.000 0.000 0.000 0.000 0.002 0.003 0.004 0.005 0.006 0.007 0.008 0.009 0.009 0.009 0.010 0.010 0.010 0.010 0.010 0.010 0.010 0.010 0.010 0.009 0.009 0.009 0.008 0.007 0.006 0.005 0.004 0.003 0.002 0.000 0.000 0.000 0.000 0.000 0.000 0.000 0.135 0.154 0.172 0.192 0.000 0.191 0.178 0.164 0.153 0.156 0.156 0.157 0.158 0.159 0.170 0.180 0.189 0.202 0.216 0.225 0.000 0.000 0.000 0.000 0.000 0.000 0.000 0.309 0.320 0.326 0.290 0.251 0.000
0.000 0.000 0.000 0.000 0.000 0.000 0.000 0.000 0.000 0.002 0.003 0.004 0.005 0.006 0.007 0.008 0.008 0.009 0.009 0.009 0.009 0.009 0.009 0.009 0.009 0.009 0.009 0.009 0.008 0.008 0.007 0.006 0.005 0.004 0.003 0.002 0.000 0.000 0.000 0.000 0.000 0.000 0.000 0.000 0.000 0.135 0.150 0.168 0.182 0.171 0.160 0.154 0.157 0.159 0.154 0.157 0.155 0.158 0.167 0.177 0.188 0.198 0.213 0.000 0.000 0.000 0.000 0.000 0.000 0.000 0.000 0.000 0.000 0.334 0.330 0.323 0.285
0.000 0.000 0.000 0.000 0.000 0.000 0.000 0.000 0.000 0.000 0.002 0.003 0.004 0.005 0.006 0.007 0.008 0.008 0.008 0.008 0.008 0.008 0.008 0.008 0.008 0.008 0.008 0.008 0.008 0.007 0.006 0.005 0.004 0.003 0.002 0.000 0.000 0.000 0.000 0.000 0.000 0.000 0.000 0.000 0.000 0.000 0.120 0.141 0.155 0.153 0.153 0.153 0.157 0.153 0.152 0.152 0.152 0.154 0.164 0.174 0.188 0.195 0.211 0.000 0.000 0.000 0.000 0.000 0.000 0.000 0.000 0.000 0.000 0.000 0.000 0.334 0.329
0.000 0.000 0.000 0.000 0.000 0.000 0.000 0.000 0.000 0.000 0.000 0.002 0.003 0.004 0.005 0.006 0.007 0.007 0.007 0.007 0.007 0.007 0.007 0.007 0.007 0.007 0.007 0.007 0.007 0.006 0.005 0.004 0.003 0.002 0.000 0.000 0.000 0.000 0.000 0.000 0.000 0.000 0.000 0.000 0.000 0.000 0.000 0.120 0.134 0.151 0.150 0.153 0.152 0.150 0.150 0.149 0.154 0.156 0.165 0.173 0.185 0.191 0.000 0.000 0.000 0.000 0.000 0.000 0.000 0.000 0.000 0.000 0.000 0.000 0.000 0.000 0.000
0.000 0.000 0.000 0.000 0.000 0.000 0.000 0.000 0.000 0.000 0.000 0.000 0.002 0.003 0.004 0.005 0.006 0.006 0.006 0.006 0.006 0.006 0.006 0.006 0.006 0.006 0.006 0.006 0.006 0.005 0.004 0.003 0.002 0.000 0.000 0.000 0.000 0.000 0.000 0.000 0.000 0.000 0.000 0.000 0.000 0.000 0.000 0.000 0.114 0.133 0.150 0.151 0.148 0.150 0.149 0.152 0.152 0.156 0.161 0.171 0.181 0.190 0.000 0.000 0.000 0.000 0.000 0.000 0.000 0.000 0.000 0.000 0.000 0.000 0.000 0.000 0.000
0.000 0.000 0.000 0.000 0.000 0.000 0.000 0.000 0.000 0.000 0.000 0.000 0.000 0.002 0.003 0.004 0.005 0.005 0.005 0.005 0.005 0.005 0.005 0.005 0.005 0.005 0.005 0.005 0.005 0.004 0.003 0.002 0.000 0.000 0.000 0.000 0.000 0.000 0.000 0.000 0.000 0.000 0.000 0.000 0.000 0.000 0.000 0.000 0.000 0.098 0.131 0.143 0.144 0.144 0.149 0.147 0.150 0.153 0.157 0.166 0.177 0.000 0.000 0.000 0.000 0.000 0.000 0.000 0.000 0.000 0.000 0.000 0.000 0.000 0.000 0.000 0.000
0.000 0.000 0.000 0.000 0.000 0.000 0.000 0.000 0.000 0.000 0.000 0.000 0.000 0.000 0.001 0.002 0.003 0.003 0.003 0.003 0.003 0.003 0.003 0.003 0.003 0.003 0.003 0.003 0.003 0.002 0.001 0.000 0.000 0.000 0.000 0.000 0.000 0.000 0.000 0.000 0.000 0.000 0.000 0.000 0.000 0.000 0.000 0.000 0.000 0.000 0.110 0.125 0.143 0.143 0.150 0.146 0.150 0.151 0.153 0.158 0.169 0.000 0.000 0.000 0.000 0.000 0.000 0.000 0.000 0.000 0.000 0.000 0.000 0.000 0.000 0.000 0.000
0.000 0.000 0.000 0.000 0.000 0.000 0.000 0.000 0.000 0.000 0.000 0.000 0.000 0.000 0.000 0.000 0.001 0.001 0.001 0.001 0.001 0.001 0.001 0.001 0.001 0.001 0.001 0.001 0.001 0.000 0.000 0.000 0.000 0.000 0.000 0.000 0.000 0.000 0.000 0.000 0.000 0.000 0.000 0.000 0.000 0.000 0.000 0.000 0.000 0.000 0.087 0.107 0.131 0.142 0.145 0.145 0.140 0.145 0.146 0.154 0.000 0.000 0.000 0.000 0.000 0.000 0.000 0.000 0.000 0.000 0.000 0.000 0.000 0.000 0.000 0.000 0.000
0.000 0.000 0.000 0.000 0.000 0.000 0.000 0.000 0.000 0.000 0.000 0.000 0.000 0.000 0.000 0.000 0.000 0.000 0.000 0.000 0.000 0.000 0.000 0.000 0.000 0.000 0.000 0.000 0.000 0.000 0.000 0.000 0.000 0.000 0.000 0.000 0.000 0.000 0.000 0.000 0.000 0.000 0.000 0.000 0.000 0.000 0.000 0.000 0.000 0.000 0.000 0.089 0.108 0.124 0.142 0.139 0.124 0.135 0.140 0.000 0.000 0.000 0.000 0.000 0.000 0.000 0.000 0.000 0.000 0.000 0.000 0.000 0.000 0.000 0.000 0.000 0.000
0.000 0.000 0.000 0.000 0.000 0.000 0.000 0.000 0.000 0.000 0.000 0.000 0.000 0.000 0.000 0.000 0.000 0.000 0.000 0.000 0.000 0.000 0.000 0.000 0.000 0.000 0.000 0.000 0.000 0.000 0.000 0.000 0.000 0.000 0.000 0.000 0.000 0.000 0.000 0.000 0.000 0.000 0.000 0.000 0.000 0.000 0.000 0.000 0.000 0.000 0.000 0.056 0.079 0.099 0.122 0.133 0.127 0.128 0.125 0.119 0.000 0.000 0.000 0.000 0.000 0.000 0.000 0.000 0.000 0.000 0.000 0.000 0.000 0.000 0.000 0.000 0.000
0.000 0.000 0.000 0.000 0.000 0.000 0.000 0.000 0.000 0.000 0.000 0.000 0.000 0.000 0.000 0.000 0.000 0.000 0.000 0.000 0.000 0.000 0.000 0.000 0.000 0.000 0.000 0.000 0.000 0.000 0.000 0.000 0.000 0.000 0.000 0.000 0.000 0.000 0.000 0.000 0.000 0.000 0.000 0.000 0.000 0.000 0.000 0.000 0.000 0.000 0.000 0.035 0.061 0.080 0.096 0.115 0.123 0.124 0.116 0.109 0.115 0.000 0.000 0.000 0.000 0.000 0.000 0.000 0.000 0.000 0.000 0.000 0.000 0.000 0.000 0.000 0.000
0.000 0.000 0.000 0.000 0.000 0.000 0.000 0.000 0.000 0.000 0.000 0.000 0.000 0.000 0.000 0.000 0.000 0.000 0.000 0.000 0.000 0.000 0.000 0.000 0.000 0.000 0.000 0.000 0.000 0.000 0.000 0.000 0.000 0.000 0.000 0.000 0.000 0.000 0.000 0.000 0.000 0.000 0.000 0.000 0.000 0.000 0.000 0.000 0.000 0.000 0.000 0.020 0.037 0.055 0.075 0.095 0.107 0.116 0.112 0.102 0.103 0.092 0.092 0.000 0.000 0.000 0.000 0.000 0.000 0.000 0.000 0.000 0.000 0.000 0.000 0.000 0.000
0.000 0.000 0.000 0.000 0.000 0.000 0.000 0.000 0.000 0.000 0.000 0.000 0.000 0.000 0.000 0.000 0.000 0.000 0.000 0.000 0.000 0.000 0.000 0.000 0.000 0.000 0.000 0.000 0.000 0.000 0.000 0.000 0.000 0.000 0.000 0.000 0.000 0.000 0.000 0.000 0.000 0.000 0.000 0.000 0.000 0.000 0.000 0.000 0.000 0.000 0.000 0.000 0.011 0.032 0.049 0.065 0.085 0.098 0.100 0.096 0.090 0.082 0.087 0.089 0.000 0.000 0.000 0.000 0.000 0.000 0.000 0.000 0.000 0.000 0.000 0.000 0.000
0.000 0.000 0.000 0.000 0.000 0.000 0.000 0.000 0.000 0.000 0.000 0.000 0.000 0.000 0.000 0.000 0.000 0.000 0.000 0.000 0.000 0.000 0.000 0.000 0.000 0.000 0.000 0.000 0.000 0.000 0.000 0.000 0.000 0.000 0.000 0.000 0.000 0.000 0.000 0.000 0.000 0.000 0.000 0.000 0.000 0.000 0.000 0.000 0.000 0.000 0.000 0.000 0.001 0.016 0.027 0.040 0.055 0.070 0.088 0.085 0.077 0.077 0.078 0.087 0.094 0.000 0.000 0.000 0.000 0.000 0.000 0.000 0.000 0.000 0.000 0.000 0.000
