数据/2hours/0.1-2h-150y/coupled-116-0001.wd
ncols         694
nrows         824
xllcorner     581104.939801
yllcorner     3495917.092414
cellsize      2.000000
NODATA_value  -9999.000000
[rows 680 to 713 of 824, columns 154 to 230 of 694]
0.000 0.000 0.000 0.000 0.000 0.000 0.000 0.000 0.000 0.000 0.000 0.000 0.000 0.000 0.000 0.000 0.073 0.082 0.117 0.162 0.157 0.211 0.170 0.170 0.156 0.103 0.000 0.127 0.135 0.000 0.000 0.000 0.000 0.000 0.000 0.000 0.000 0.000 0.000 0.043 0.297 0.215 0.082 0.219 0.224 0.191 0.172 0.104 0.369 0.297 0.018 0.397 0.455 0.937 0.260 0.105 0.000 0.000 0.000 0.312 0.364 0.012 0.001 0.001 0.000 0.000 0.000 0.000 0.000 0.000 0.000 0.000 0.000 0.000 0.000 0.000 0.000
0.000 0.000 0.000 0.000 0.000 0.000 0.000 0.000 0.000 0.000 0.000 0.000 0.000 0.003 0.063 0.000 0.092 0.099 0.132 0.143 0.180 0.228 0.252 0.000 0.151 0.199 0.197 0.117 0.000 0.000 0.000 0.000 0.000 0.000 0.000 0.000 0.000 0.000 0.314 0.169 0.251 0.095 0.172 0.186 0.126 0.077 0.155 0.069 0.181 0.401 0.026 0.042 0.296 0.306 0.739 0.710 0.410 0.226 0.371 0.247 0.073 0.000 0.001 0.001 0.000 0.000 0.000 0.000 0.000 0.000 0.000 0.000 0.000 0.000 0.000 0.000 0.000
0.000 0.000 0.000 0.000 0.000 0.000 0.000 0.000 0.000 0.000 0.000 0.000 0.001 0.053 0.048 0.054 0.108 0.095 0.141 0.164 0.210 0.236 0.000 0.000 0.000 0.000 0.266 0.123 0.000 0.000 0.000 0.000 0.000 0.000 0.000 0.000 0.000 0.026 0.128 0.158 0.087 0.139 0.003 0.068 0.010 0.018 0.083 0.000 0.063 0.386 0.333 0.002 0.241 0.209 0.108 0.377 0.510 0.452 0.479 0.225 0.067 0.005 0.003 0.001 0.000 0.000 0.000 0.000 0.000 0.000 0.000 0.000 0.000 0.000 0.000 0.000 0.000
0.000 0.000 0.000 0.000 0.000 0.000 0.000 0.000 0.000 0.000 0.000 0.000 0.003 0.073 0.069 0.091 0.112 0.109 0.146 0.192 0.229 0.000 0.000 0.000 0.000 0.000 0.000 0.300 0.341 0.326 0.000 0.000 0.000 0.000 0.000 0.000 0.000 0.000 0.115 0.198 0.170 0.147 0.356 0.246 0.116 0.000 0.041 0.074 0.000 0.125 0.581 0.499 0.384 0.161 0.149 0.059 0.065 0.049 0.183 0.028 0.002 0.215 0.005 0.001 0.000 0.000 0.000 0.000 0.000 0.000 0.000 0.000 0.000 0.000 0.000 0.000 0.000
0.000 0.000 0.000 0.000 0.000 0.000 0.000 0.000 0.000 0.000 0.000 0.000 0.011 0.075 0.080 0.111 0.099 0.126 0.173 0.216 0.250 0.000 0.000 0.000 0.000 0.000 0.000 0.000 0.369 0.454 0.429 0.000 0.000 0.000 0.000 0.000 0.489 0.147 0.215 0.038 0.161 0.213 0.234 0.152 0.000 0.000 0.000 0.000 0.020 0.022 0.114 0.588 0.650 0.273 0.179 0.325 0.190 0.135 0.430 0.480 0.174 0.303 0.028 0.002 0.001 0.001 0.000 0.000 0.000 0.000 0.000 0.000 0.000 0.000 0.000 0.000 0.000
0.000 0.000 0.000 0.000 0.000 0.000 0.000 0.000 0.000 0.000 0.000 0.000 0.023 0.068 0.078 0.109 0.109 0.158 0.186 0.223 0.285 0.317 0.000 0.000 0.000 0.000 0.000 0.000 0.000 0.000 0.340 0.263 0.441 0.000 0.000 0.258 0.530 0.264 0.278 0.188 0.135 0.419 0.240 0.026 0.000 0.142 0.160 0.131 0.000 0.000 0.000 0.026 0.528 0.647 0.568 0.612 0.546 0.408 0.480 0.596 0.549 0.248 0.142 0.198 0.005 0.003 0.000 0.000 0.000 0.000 0.000 0.000 0.000 0.000 0.000 0.000 0.000
0.000 0.000 0.000 0.000 0.000 0.000 0.000 0.000 0.000 0.000 0.000 0.000 0.033 0.060 0.072 0.107 0.124 0.168 0.198 0.251 0.283 0.318 0.000 0.000 0.000 0.000 0.000 0.000 0.000 0.000 0.000 0.000 0.379 0.162 0.000 0.086 0.381 0.428 0.430 0.380 0.387 0.381 0.212 0.000 0.000 0.148 0.099 0.108 0.118 0.117 0.000 0.000 0.551 0.683 0.663 0.730 0.615 0.528 0.490 0.521 0.416 0.214 0.320 0.083 0.297 0.044 0.002 0.000 0.001 0.000 0.000 0.000 0.000 0.000 0.000 0.000 0.000
0.000 0.000 0.000 0.000 0.000 0.000 0.000 0.000 0.000 0.000 0.000 0.000 0.037 0.068 0.073 0.112 0.149 0.177 0.222 0.268 0.299 0.286 0.297 0.290 0.000 0.000 0.000 0.000 0.000 0.000 0.000 0.000 0.000 0.235 0.171 0.061 0.174 0.246 0.130 0.417 0.515 0.529 0.000 0.000 0.134 0.125 0.112 0.095 0.095 0.124 0.000 0.000 0.000 0.000 0.277 0.220 0.159 0.150 0.353 0.282 0.277 0.097 0.433 0.458 0.511 0.127 0.067 0.095 0.076 0.000 0.000 0.000 0.000 0.000 0.000 0.000 0.000
0.005 0.000 0.000 0.000 0.000 0.000 0.000 0.000 0.000 0.000 0.000 0.002 0.033 0.086 0.105 0.139 0.170 0.195 0.248 0.000 0.000 0.275 0.283 0.340 0.394 0.000 0.000 0.000 0.000 0.000 0.000 0.000 0.000 0.000 0.272 0.273 0.066 0.194 0.037 0.104 0.200 0.287 0.000 0.083 0.114 0.119 0.100 0.108 0.114 0.151 0.188 0.000 0.000 0.322 0.000 0.000 0.226 0.326 0.206 0.216 0.146 0.079 0.218 0.418 0.503 0.290 0.279 0.305 0.237 0.195 0.020 0.003 0.002 0.000 0.000 0.000 0.000
0.039 0.003 0.000 0.000 0.000 0.000 0.001 0.002 0.003 0.007 0.009 0.007 0.053 0.106 0.115 0.149 0.180 0.211 0.000 0.000 0.000 0.000 0.297 0.375 0.467 0.527 0.000 0.569 0.000 0.000 0.000 0.000 0.000 0.000 0.000 0.305 0.194 0.228 0.188 0.000 0.139 0.000 0.000 0.077 0.120 0.111 0.099 0.117 0.101 0.147 0.151 0.227 0.211 0.318 0.298 0.298 0.000 0.000 0.026 0.018 0.033 0.000 0.199 0.456 0.418 0.421 0.469 0.546 0.511 0.404 0.267 0.201 0.110 0.062 0.037 0.024 0.100
0.073 0.047 0.016 0.000 0.000 0.001 0.002 0.004 0.009 0.009 0.009 0.021 0.071 0.105 0.134 0.158 0.191 0.000 0.000 0.000 0.000 0.000 0.000 0.000 0.521 0.550 0.562 0.560 0.000 0.000 0.000 0.000 0.603 0.213 0.203 0.296 0.108 0.157 0.170 0.001 0.076 0.000 0.140 0.000 0.000 0.104 0.085 0.083 0.077 0.127 0.161 0.209 0.278 0.223 0.168 0.272 0.202 0.156 0.006 0.008 0.009 0.000 0.168 0.237 0.358 0.461 0.474 0.548 0.617 0.568 0.463 0.424 0.384 0.341 0.299 0.201 0.293
0.082 0.087 0.061 0.042 0.005 0.003 0.004 0.008 0.011 0.012 0.017 0.040 0.068 0.103 0.136 0.167 0.196 0.000 0.000 0.000 0.000 0.000 0.000 0.000 0.000 0.568 0.575 0.580 0.607 0.000 0.000 0.000 0.672 0.517 0.436 0.000 0.000 0.157 0.200 0.034 0.018 0.099 0.180 0.106 0.073 0.000 0.000 0.060 0.050 0.079 0.157 0.213 0.257 0.230 0.228 0.317 0.291 0.236 0.000 0.000 0.000 0.006 0.263 0.301 0.438 0.498 0.496 0.572 0.625 0.603 0.610 0.608 0.586 0.567 0.499 0.456 0.437
0.106 0.117 0.104 0.073 0.037 0.012 0.013 0.016 0.016 0.020 0.036 0.061 0.061 0.091 0.127 0.159 0.191 0.000 0.000 0.000 0.000 0.000 0.000 0.000 0.000 0.000 0.000 0.598 0.706 0.828 0.691 0.642 0.608 0.628 0.525 0.000 0.000 0.000 0.111 0.000 0.064 0.195 0.052 0.063 0.129 0.269 0.234 0.000 0.124 0.049 0.145 0.216 0.224 0.211 0.254 0.311 0.363 0.000 0.000 0.000 0.000 0.000 0.263 0.313 0.490 0.455 0.481 0.555 0.567 0.566 0.643 0.647 0.551 0.432 0.377 0.377 0.368
0.129 0.140 0.151 0.128 0.102 0.080 0.072 0.050 0.024 0.030 0.050 0.061 0.065 0.074 0.131 0.153 0.174 0.199 0.226 0.000 0.000 0.000 0.000 0.000 0.000 0.000 0.000 0.000 0.698 0.772 0.725 0.754 0.633 0.634 0.611 0.000 0.000 0.000 0.000 0.211 0.267 0.068 0.000 0.019 0.200 0.270 0.183 0.123 0.117 0.066 0.108 0.200 0.251 0.239 0.237 0.291 0.335 0.000 0.000 0.000 0.000 0.000 0.395 0.517 0.430 0.423 0.555 0.560 0.560 0.608 0.696 0.618 0.515 0.410 0.274 0.266 0.268
0.152 0.163 0.177 0.186 0.165 0.145 0.115 0.080 0.048 0.028 0.064 0.064 0.063 0.061 0.000 0.160 0.188 0.192 0.240 0.305 0.000 0.000 0.000 0.000 0.000 0.000 0.000 0.000 0.000 0.749 0.705 0.821 0.688 0.488 0.000 0.000 0.000 0.000 0.000 0.238 0.332 0.174 0.014 0.156 0.189 0.203 0.158 0.085 0.110 0.084 0.105 0.153 0.269 0.253 0.281 0.303 0.000 0.000 0.000 0.000 0.000 0.000 0.412 0.374 0.370 0.502 0.516 0.577 0.609 0.655 0.679 0.529 0.492 0.395 0.288 0.214 0.171
0.177 0.188 0.203 0.222 0.224 0.201 0.174 0.148 0.121 0.074 0.058 0.063 0.068 0.000 0.000 0.000 0.000 0.190 0.253 0.300 0.344 0.000 0.000 0.000 0.000 0.000 0.000 0.000 0.760 0.782 0.760 0.792 0.750 0.000 0.000 0.000 0.000 0.000 0.394 0.312 0.215 0.233 0.210 0.143 0.161 0.204 0.124 0.076 0.094 0.048 0.134 0.132 0.189 0.266 0.276 0.343 0.000 0.000 0.000 0.000 0.000 0.000 0.382 0.465 0.531 0.548 0.604 0.647 0.571 0.634 0.600 0.521 0.485 0.350 0.210 0.240 0.129
0.202 0.215 0.231 0.251 0.271 0.255 0.227 0.203 0.179 0.143 0.093 0.052 0.000 0.000 0.000 0.000 0.000 0.000 0.000 0.317 0.337 0.340 0.359 0.000 0.000 0.000 0.000 0.000 0.739 0.769 0.809 0.848 0.782 0.000 0.000 0.000 0.000 0.000 0.000 0.285 0.225 0.232 0.172 0.142 0.260 0.233 0.034 0.048 0.101 0.082 0.074 0.249 0.106 0.278 0.231 0.284 0.000 0.000 0.000 0.000 0.000 0.000 0.431 0.436 0.487 0.552 0.607 0.532 0.550 0.637 0.582 0.528 0.358 0.307 0.268 0.166 0.124
0.229 0.241 0.258 0.278 0.297 0.309 0.280 0.255 0.232 0.199 0.144 0.093 0.000 0.000 0.000 0.000 0.000 0.000 0.000 0.324 0.332 0.353 0.349 0.387 0.000 0.000 0.000 0.614 0.745 0.651 0.737 0.805 0.000 0.000 0.000 0.000 0.000 0.000 0.000 0.000 0.000 0.212 0.216 0.278 0.269 0.069 0.067 0.074 0.060 0.076 0.136 0.097 0.243 0.236 0.228 0.280 0.000 0.000 0.000 0.000 0.000 0.000 0.378 0.448 0.516 0.568 0.535 0.500 0.604 0.659 0.572 0.452 0.327 0.334 0.234 0.222 0.060
0.260 0.271 0.284 0.303 0.322 0.338 0.336 0.308 0.283 0.241 0.188 0.000 0.000 0.000 0.000 0.000 0.000 0.000 0.000 0.000 0.000 0.000 0.391 0.390 0.408 0.545 0.614 0.624 0.772 0.678 0.747 0.000 0.000 0.000 0.000 0.000 0.000 0.000 0.000 0.000 0.000 0.277 0.340 0.240 0.111 0.101 0.140 0.055 0.006 0.109 0.138 0.116 0.194 0.196 0.302 0.333 0.000 0.000 0.000 0.000 0.000 0.000 0.416 0.500 0.515 0.487 0.498 0.597 0.663 0.572 0.426 0.402 0.367 0.274 0.288 0.160 0.082
0.290 0.301 0.314 0.330 0.346 0.362 0.376 0.362 0.334 0.281 0.000 0.000 0.000 0.000 0.000 0.000 0.000 0.000 0.000 0.000 0.000 0.000 0.367 0.403 0.416 0.524 0.602 0.602 0.639 0.638 0.673 0.000 0.000 0.000 0.000 0.000 0.000 0.000 0.000 0.000 0.000 0.253 0.000 0.139 0.132 0.159 0.124 0.073 0.036 0.084 0.114 0.119 0.149 0.201 0.277 0.308 0.000 0.000 0.000 0.000 0.000 0.293 0.447 0.482 0.487 0.522 0.562 0.567 0.598 0.455 0.359 0.499 0.475 0.289 0.367 0.157 0.060
0.319 0.331 0.344 0.359 0.374 0.389 0.401 0.413 0.376 0.320 0.262 0.205 0.000 0.000 0.000 0.000 0.000 0.000 0.000 0.000 0.000 0.000 0.000 0.000 0.449 0.495 0.550 0.658 0.639 0.718 0.000 0.000 0.000 0.000 0.000 0.000 0.000 0.000 0.000 0.000 0.000 0.000 0.000 0.000 0.000 0.136 0.096 0.118 0.100 0.029 0.102 0.089 0.144 0.224 0.240 0.329 0.000 0.000 0.000 0.000 0.000 0.318 0.372 0.421 0.506 0.539 0.581 0.605 0.619 0.570 0.465 0.492 0.382 0.122 0.329 0.102 0.000
0.349 0.361 0.374 0.388 0.402 0.416 0.428 0.438 0.414 0.361 0.306 0.253 0.205 0.000 0.000 0.000 0.000 0.000 0.000 0.000 0.000 0.000 0.000 0.000 0.000 0.476 0.516 0.523 0.577 0.000 0.000 0.000 0.000 0.000 0.000 0.000 0.000 0.000 0.000 0.000 0.000 0.000 0.000 0.000 0.000 0.000 0.062 0.098 0.120 0.004 0.045 0.094 0.251 0.000 0.000 0.323 0.000 0.000 0.000 0.000 0.000 0.359 0.364 0.413 0.445 0.553 0.563 0.594 0.576 0.485 0.347 0.199 0.322 0.415 0.000 0.000 0.000
0.000 0.392 0.405 0.418 0.431 0.444 0.456 0.443 0.416 0.390 0.353 0.304 0.261 0.221 0.173 0.000 0.000 0.000 0.000 0.000 0.000 0.000 0.000 0.000 0.000 0.434 0.435 0.452 0.447 0.000 0.000 0.000 0.000 0.000 0.000 0.000 0.000 0.000 0.000 0.000 0.000 0.000 0.000 0.000 0.000 0.000 0.000 0.000 0.108 0.078 0.009 0.033 0.000 0.000 0.000 0.000 0.000 0.000 0.000 0.000 0.000 0.338 0.392 0.436 0.502 0.538 0.549 0.563 0.507 0.469 0.370 0.354 0.221 0.000 0.000 0.000 0.000
0.000 0.000 0.435 0.448 0.460 0.472 0.465 0.445 0.419 0.394 0.372 0.352 0.308 0.264 0.218 0.167 0.000 0.000 0.000 0.000 0.000 0.000 0.000 0.000 0.286 0.426 0.420 0.381 0.000 0.000 0.000 0.000 0.000 0.000 0.000 0.000 0.000 0.000 0.000 0.000 0.000 0.000 0.000 0.000 0.000 0.000 0.000 0.000 0.000 0.138 0.015 0.083 0.000 0.000 0.000 0.000 0.000 0.000 0.000 0.000 0.352 0.371 0.387 0.457 0.551 0.544 0.568 0.547 0.476 0.408 0.444 0.427 0.000 0.000 0.000 0.000 0.000
0.000 0.000 0.000 0.478 0.490 0.484 0.475 0.449 0.423 0.399 0.378 0.360 0.339 0.305 0.255 0.199 0.138 0.000 0.000 0.000 0.000 0.000 0.000 0.341 0.372 0.463 0.510 0.000 0.000 0.000 0.000 0.000 0.000 0.000 0.000 0.000 0.000 0.000 0.000 0.000 0.000 0.000 0.000 0.000 0.000 0.000 0.000 0.000 0.000 0.172 0.097 0.127 0.000 0.000 0.000 0.000 0.000 0.000 0.000 0.000 0.399 0.397 0.414 0.430 0.447 0.525 0.553 0.537 0.482 0.396 0.372 0.274 0.000 0.000 0.000 0.000 0.000
0.000 0.000 0.000 0.000 0.504 0.495 0.479 0.453 0.428 0.404 0.382 0.363 0.346 0.328 0.301 0.246 0.191 0.137 0.090 0.000 0.000 0.000 0.000 0.366 0.383 0.394 0.000 0.000 0.000 0.000 0.000 0.000 0.000 0.000 0.000 0.000 0.000 0.000 0.007 0.000 0.000 0.000 0.000 0.000 0.000 0.000 0.000 0.000 0.070 0.140 0.049 0.113 0.000 0.000 0.000 0.000 0.000 0.000 0.000 0.000 0.445 0.484 0.450 0.430 0.458 0.516 0.560 0.493 0.397 0.386 0.395 0.452 0.000 0.000 0.000 0.000 0.000
0.000 0.000 0.000 0.000 0.000 0.506 0.483 0.458 0.433 0.410 0.387 0.367 0.350 0.334 0.314 0.287 0.245 0.202 0.163 0.141 0.000 0.000 0.390 0.383 0.354 0.308 0.000 0.000 0.000 0.000 0.000 0.000 0.000 0.000 0.000 0.000 0.000 0.004 0.025 0.018 0.000 0.000 0.000 0.000 0.000 0.000 0.000 0.107 0.101 0.125 0.114 0.100 0.165 0.000 0.000 0.000 0.000 0.000 0.000 0.000 0.487 0.479 0.443 0.479 0.534 0.583 0.584 0.516 0.442 0.380 0.397 0.000 0.000 0.000 0.000 0.000 0.000
0.000 0.000 0.000 0.000 0.000 0.000 0.000 0.463 0.439 0.415 0.392 0.370 0.353 0.337 0.320 0.296 0.274 0.255 0.206 0.145 0.189 0.276 0.388 0.346 0.376 0.000 0.000 0.000 0.000 0.000 0.000 0.000 0.000 0.000 0.000 0.000 0.000 0.015 0.011 0.007 0.003 0.000 0.000 0.000 0.000 0.000 0.011 0.114 0.100 0.131 0.165 0.113 0.238 0.000 0.000 0.000 0.000 0.000 0.000 0.205 0.413 0.421 0.471 0.475 0.521 0.588 0.563 0.488 0.403 0.376 0.367 0.000 0.000 0.000 0.000 0.000 0.000
0.000 0.000 0.000 0.000 0.000 0.000 0.000 0.000 0.444 0.419 0.395 0.372 0.356 0.342 0.329 0.304 0.286 0.271 0.246 0.188 0.171 0.267 0.297 0.332 0.000 0.000 0.000 0.000 0.000 0.000 0.000 0.000 0.000 0.000 0.000 0.000 0.003 0.015 0.005 0.010 0.010 0.000 0.000 0.003 0.015 0.027 0.008 0.083 0.133 0.159 0.165 0.163 0.278 0.000 0.000 0.000 0.000 0.000 0.000 0.186 0.309 0.405 0.467 0.490 0.536 0.606 0.558 0.478 0.423 0.381 0.255 0.000 0.000 0.000 0.000 0.000 0.000
0.000 0.000 0.000 0.000 0.000 0.000 0.000 0.000 0.000 0.424 0.399 0.373 0.000 0.000 0.337 0.311 0.294 0.283 0.259 0.215 0.177 0.205 0.241 0.244 0.200 0.168 0.000 0.000 0.000 0.000 0.000 0.000 0.000 0.000 0.000 0.000 0.003 0.010 0.005 0.008 0.020 0.049 0.036 0.032 0.030 0.045 0.032 0.041 0.086 0.186 0.167 0.191 0.000 0.000 0.000 0.000 0.000 0.000 0.000 0.235 0.289 0.391 0.435 0.482 0.557 0.564 0.544 0.492 0.401 0.197 0.011 0.000 0.000 0.000 0.000 0.000 0.000
0.000 0.000 0.000 0.000 0.000 0.000 0.000 0.000 0.000 0.000 0.000 0.001 0.002 0.002 0.000 0.001 0.294 0.277 0.269 0.230 0.183 0.192 0.186 0.192 0.175 0.168 0.185 0.000 0.000 0.000 0.000 0.000 0.000 0.000 0.000 0.000 0.002 0.005 0.005 0.013 0.058 0.072 0.032 0.041 0.051 0.075 0.059 0.089 0.082 0.142 0.137 0.147 0.000 0.000 0.000 0.000 0.000 0.000 0.000 0.347 0.340 0.369 0.391 0.490 0.515 0.489 0.434 0.398 0.379 0.243 0.000 0.000 0.000 0.000 0.000 0.000 0.000
0.000 0.000 0.000 0.000 0.000 0.000 0.000 0.000 0.000 0.000 0.002 0.003 0.004 0.004 0.004 0.004 0.001 0.272 0.263 0.246 0.220 0.207 0.204 0.200 0.194 0.192 0.194 0.170 0.000 0.000 0.000 0.000 0.000 0.000 0.000 0.000 0.000 0.000 0.006 0.032 0.050 0.056 0.066 0.061 0.082 0.104 0.111 0.138 0.124 0.162 0.166 0.158 0.000 0.000 0.000 0.000 0.000 0.000 0.463 0.458 0.451 0.389 0.412 0.469 0.484 0.410 0.374 0.352 0.291 0.216 0.000 0.000 0.000 0.000 0.000 0.000 0.000
0.000 0.000 0.000 0.000 0.000 0.000 0.000 0.000 0.000 0.002 0.004 0.005 0.006 0.006 0.006 0.006 0.006 0.001 0.000 0.263 0.250 0.242 0.238 0.232 0.228 0.220 0.207 0.188 0.182 0.191 0.000 0.000 0.000 0.000 0.000 0.000 0.000 0.000 0.000 0.072 0.087 0.076 0.117 0.120 0.144 0.156 0.186 0.209 0.193 0.197 0.000 0.000 0.000 0.000 0.000 0.000 0.000 0.000 0.469 0.481 0.504 0.460 0.476 0.489 0.462 0.401 0.374 0.334 0.316 0.302 0.000 0.000 0.000 0.000 0.000 0.000 0.000
0.000 0.000 0.000 0.000 0.000 0.000 0.000 0.000 0.002 0.004 0.005 0.006 0.007 0.008 0.008 0.008 0.008 0.008 0.007 0.001 0.263 0.266 0.265 0.257 0.250 0.240 0.226 0.211 0.206 0.215 0.216 0.000 0.000 0.000 0.000 0.000 0.000 0.000 0.000 0.000 0.000 0.114 0.157 0.193 0.198 0.211 0.239 0.266 0.268 0.000 0.000 0.000 0.000 0.000 0.000 0.000 0.000 0.000 0.481 0.510 0.523 0.538 0.538 0.541 0.477 0.401 0.381 0.356 0.294 0.261 0.000 0.000 0.000 0.000 0.000 0.000 0.000
