数据/2hours/0.1-2h-150y/coupled-159-0001.wd
ncols         694
nrows         824
xllcorner     581104.939801
yllcorner     3495917.092414
cellsize      2.000000
NODATA_value  -9999.000000
[rows 442 to 475 of 824, columns 462 to 538 of 694]
0.000 0.135 0.131 0.126 0.122 0.118 0.113 0.109 0.105 0.100 0.096 0.089 0.080 0.070 0.061 0.052 0.043 0.035 0.025 0.017 0.008 0.000 0.000 0.000 0.000 0.000 0.000 0.000 0.000 0.000 0.000 0.000 0.000 0.000 0.000 0.000 0.000 0.000 0.000 0.000 0.000 0.000 0.000 0.000 0.000 0.000 0.000 0.001 0.001 0.002 0.006 0.013 0.020 0.031 0.000 0.000 0.000 0.000 0.000 0.000 0.000 0.000 0.000 0.000 0.001 0.001 0.002 0.000 0.000 0.000 0.000 0.000 0.000 0.000 0.000 0.000 0.000
0.000 0.000 0.000 0.000 0.129 0.125 0.120 0.117 0.111 0.108 0.098 0.090 0.081 0.072 0.062 0.053 0.045 0.036 0.027 0.018 0.009 0.000 0.000 0.000 0.000 0.000 0.000 0.000 0.000 0.000 0.000 0.000 0.000 0.000 0.000 0.000 0.000 0.000 0.000 0.000 0.000 0.000 0.000 0.000 0.000 0.000 0.000 0.001 0.001 0.004 0.008 0.012 0.018 0.029 0.000 0.000 0.000 0.000 0.000 0.000 0.000 0.000 0.000 0.000 0.001 0.001 0.002 0.019 0.000 0.000 0.000 0.000 0.000 0.000 0.000 0.000 0.000
0.000 0.000 0.000 0.000 0.000 0.000 0.000 0.124 0.117 0.108 0.100 0.091 0.082 0.073 0.064 0.055 0.046 0.037 0.028 0.019 0.010 0.000 0.000 0.000 0.000 0.000 0.000 0.000 0.000 0.000 0.000 0.000 0.000 0.000 0.000 0.000 0.000 0.000 0.000 0.000 0.000 0.000 0.000 0.000 0.000 0.000 0.000 0.001 0.002 0.004 0.008 0.013 0.018 0.025 0.000 0.000 0.000 0.000 0.000 0.000 0.000 0.000 0.000 0.001 0.001 0.001 0.001 0.000 0.000 0.000 0.000 0.000 0.000 0.000 0.000 0.000 0.000
0.163 0.000 0.000 0.000 0.000 0.000 0.000 0.000 0.000 0.110 0.101 0.093 0.083 0.074 0.065 0.056 0.047 0.039 0.029 0.021 0.012 0.003 0.000 0.000 0.000 0.000 0.000 0.000 0.000 0.000 0.000 0.000 0.000 0.000 0.000 0.000 0.000 0.000 0.000 0.000 0.000 0.000 0.000 0.000 0.000 0.000 0.001 0.001 0.002 0.004 0.007 0.012 0.017 0.020 0.000 0.000 0.000 0.000 0.000 0.000 0.000 0.000 0.000 0.001 0.001 0.002 0.001 0.000 0.000 0.000 0.000 0.000 0.000 0.000 0.000 0.000 0.000
0.170 0.167 0.162 0.158 0.000 0.000 0.000 0.000 0.000 0.111 0.103 0.093 0.084 0.075 0.066 0.056 0.048 0.040 0.031 0.022 0.014 0.004 0.000 0.000 0.000 0.000 0.000 0.000 0.000 0.000 0.000 0.000 0.000 0.000 0.000 0.000 0.000 0.000 0.000 0.000 0.000 0.000 0.000 0.000 0.000 0.000 0.001 0.001 0.002 0.005 0.010 0.016 0.022 0.021 0.000 0.000 0.000 0.000 0.000 0.000 0.000 0.000 0.000 0.001 0.001 0.002 0.000 0.000 0.000 0.000 0.000 0.000 0.000 0.000 0.000 0.000 0.000
0.178 0.175 0.170 0.166 0.159 0.150 0.141 0.000 0.121 0.112 0.104 0.094 0.085 0.076 0.067 0.057 0.049 0.040 0.032 0.024 0.015 0.005 0.000 0.000 0.000 0.000 0.000 0.000 0.000 0.000 0.000 0.000 0.000 0.000 0.000 0.000 0.000 0.000 0.000 0.000 0.000 0.000 0.000 0.000 0.000 0.000 0.001 0.001 0.004 0.008 0.015 0.023 0.032 0.029 0.000 0.000 0.000 0.000 0.000 0.000 0.000 0.000 0.000 0.001 0.001 0.003 0.000 0.000 0.000 0.000 0.000 0.000 0.000 0.000 0.000 0.000 0.000
0.186 0.182 0.177 0.168 0.160 0.152 0.142 0.133 0.123 0.113 0.104 0.094 0.086 0.076 0.067 0.058 0.050 0.041 0.032 0.000 0.000 0.000 0.000 0.000 0.000 0.000 0.000 0.000 0.000 0.000 0.000 0.000 0.000 0.000 0.000 0.000 0.000 0.000 0.000 0.000 0.000 0.000 0.000 0.000 0.000 0.001 0.001 0.002 0.005 0.011 0.018 0.028 0.039 0.000 0.000 0.000 0.000 0.000 0.000 0.000 0.000 0.000 0.001 0.001 0.001 0.004 0.000 0.000 0.000 0.000 0.000 0.000 0.000 0.000 0.000 0.000 0.000
0.193 0.187 0.179 0.171 0.161 0.153 0.144 0.134 0.125 0.115 0.105 0.096 0.086 0.078 0.069 0.060 0.051 0.043 0.034 0.000 0.000 0.000 0.000 0.000 0.000 0.000 0.000 0.000 0.000 0.000 0.000 0.000 0.000 0.000 0.000 0.000 0.000 0.000 0.000 0.000 0.000 0.000 0.000 0.000 0.000 0.001 0.001 0.002 0.006 0.013 0.022 0.031 0.041 0.000 0.000 0.000 0.000 0.000 0.000 0.000 0.000 0.000 0.001 0.001 0.001 0.004 0.000 0.000 0.000 0.000 0.000 0.000 0.000 0.000 0.000 0.000 0.000
0.000 0.000 0.181 0.172 0.163 0.154 0.145 0.135 0.127 0.115 0.106 0.097 0.087 0.079 0.070 0.061 0.053 0.044 0.035 0.025 0.013 0.005 0.000 0.000 0.000 0.000 0.000 0.000 0.000 0.000 0.000 0.000 0.000 0.000 0.000 0.000 0.000 0.000 0.000 0.000 0.000 0.000 0.000 0.000 0.001 0.001 0.001 0.003 0.008 0.016 0.025 0.034 0.042 0.000 0.000 0.000 0.000 0.000 0.000 0.000 0.000 0.001 0.001 0.001 0.002 0.004 0.008 0.020 0.000 0.000 0.000 0.000 0.000 0.000 0.115 0.129 0.143
0.000 0.000 0.000 0.000 0.000 0.000 0.146 0.137 0.128 0.117 0.108 0.098 0.089 0.080 0.072 0.063 0.054 0.046 0.036 0.025 0.015 0.005 0.000 0.000 0.000 0.000 0.000 0.000 0.000 0.000 0.000 0.000 0.000 0.000 0.000 0.000 0.000 0.000 0.000 0.000 0.000 0.000 0.000 0.000 0.001 0.001 0.002 0.004 0.010 0.018 0.028 0.040 0.000 0.000 0.000 0.000 0.000 0.000 0.000 0.000 0.000 0.001 0.001 0.001 0.003 0.006 0.000 0.018 0.031 0.044 0.057 0.000 0.000 0.099 0.113 0.127 0.141
0.000 0.000 0.000 0.000 0.000 0.000 0.000 0.000 0.000 0.117 0.109 0.100 0.090 0.082 0.073 0.064 0.056 0.047 0.037 0.027 0.016 0.005 0.000 0.000 0.000 0.000 0.000 0.000 0.000 0.000 0.000 0.000 0.000 0.000 0.000 0.000 0.000 0.000 0.000 0.000 0.000 0.000 0.000 0.001 0.001 0.002 0.003 0.006 0.012 0.020 0.030 0.042 0.000 0.000 0.000 0.000 0.000 0.000 0.000 0.000 0.001 0.001 0.001 0.002 0.003 0.006 0.000 0.000 0.000 0.042 0.055 0.068 0.082 0.096 0.111 0.124 0.000
0.000 0.000 0.000 0.000 0.000 0.000 0.000 0.000 0.000 0.000 0.000 0.000 0.000 0.084 0.074 0.067 0.057 0.048 0.039 0.028 0.015 0.005 0.000 0.000 0.000 0.000 0.000 0.000 0.000 0.000 0.000 0.000 0.000 0.000 0.000 0.000 0.000 0.000 0.000 0.000 0.000 0.000 0.000 0.001 0.002 0.002 0.004 0.007 0.013 0.021 0.031 0.042 0.000 0.000 0.000 0.000 0.000 0.000 0.000 0.000 0.001 0.001 0.002 0.003 0.005 0.000 0.000 0.000 0.026 0.040 0.000 0.000 0.079 0.093 0.108 0.121 0.135
0.000 0.000 0.000 0.000 0.000 0.000 0.000 0.000 0.000 0.000 0.000 0.000 0.000 0.000 0.000 0.000 0.059 0.050 0.045 0.039 0.026 0.017 0.011 0.008 0.005 0.003 0.002 0.002 0.002 0.002 0.002 0.002 0.002 0.002 0.002 0.002 0.002 0.002 0.001 0.001 0.001 0.001 0.001 0.003 0.003 0.004 0.005 0.009 0.015 0.023 0.032 0.041 0.000 0.000 0.000 0.000 0.000 0.000 0.000 0.000 0.001 0.001 0.002 0.005 0.000 0.000 0.000 0.000 0.000 0.000 0.000 0.000 0.077 0.090 0.105 0.119 0.133
0.000 0.000 0.000 0.000 0.000 0.000 0.000 0.000 0.000 0.000 0.000 0.000 0.000 0.000 0.000 0.000 0.000 0.000 0.000 0.000 0.048 0.045 0.040 0.032 0.018 0.012 0.010 0.008 0.008 0.007 0.006 0.005 0.004 0.004 0.004 0.003 0.003 0.003 0.003 0.003 0.002 0.002 0.003 0.004 0.004 0.005 0.006 0.010 0.016 0.025 0.036 0.000 0.000 0.000 0.000 0.000 0.000 0.000 0.000 0.001 0.001 0.001 0.003 0.005 0.000 0.000 0.000 0.000 0.000 0.000 0.000 0.000 0.073 0.088 0.000 0.000 0.000
0.000 0.000 0.000 0.000 0.000 0.000 0.000 0.000 0.000 0.000 0.000 0.000 0.000 0.000 0.000 0.000 0.000 0.000 0.000 0.000 0.000 0.000 0.000 0.000 0.027 0.023 0.024 0.017 0.012 0.010 0.008 0.007 0.006 0.005 0.005 0.005 0.004 0.004 0.004 0.004 0.004 0.003 0.006 0.005 0.005 0.006 0.007 0.011 0.018 0.026 0.037 0.000 0.000 0.000 0.000 0.000 0.000 0.000 0.000 0.001 0.001 0.001 0.005 0.000 0.000 0.000 0.000 0.000 0.000 0.000 0.000 0.000 0.000 0.000 0.000 0.000 0.128
0.000 0.000 0.000 0.000 0.000 0.000 0.000 0.000 0.000 0.000 0.000 0.000 0.000 0.000 0.000 0.000 0.000 0.000 0.000 0.000 0.000 0.000 0.000 0.000 0.000 0.000 0.000 0.013 0.011 0.007 0.006 0.006 0.005 0.005 0.005 0.005 0.005 0.005 0.005 0.004 0.004 0.004 0.006 0.006 0.006 0.006 0.008 0.012 0.020 0.028 0.036 0.000 0.000 0.000 0.000 0.000 0.000 0.000 0.001 0.001 0.001 0.002 0.005 0.019 0.000 0.000 0.000 0.000 0.000 0.000 0.000 0.000 0.000 0.000 0.000 0.000 0.000
0.000 0.000 0.000 0.000 0.000 0.000 0.000 0.000 0.000 0.000 0.000 0.000 0.000 0.000 0.000 0.000 0.000 0.000 0.000 0.000 0.000 0.000 0.000 0.000 0.000 0.000 0.000 0.011 0.009 0.006 0.004 0.004 0.004 0.004 0.004 0.005 0.005 0.005 0.005 0.005 0.004 0.006 0.006 0.006 0.006 0.006 0.008 0.014 0.022 0.033 0.000 0.000 0.000 0.000 0.000 0.000 0.000 0.001 0.001 0.001 0.001 0.002 0.004 0.000 0.000 0.001 0.008 0.000 0.000 0.000 0.000 0.000 0.000 0.000 0.000 0.000 0.120
0.001 0.001 0.000 0.000 0.000 0.000 0.000 0.000 0.000 0.000 0.000 0.000 0.000 0.000 0.000 0.000 0.000 0.000 0.000 0.000 0.000 0.000 0.000 0.000 0.000 0.000 0.000 0.008 0.007 0.006 0.005 0.003 0.003 0.004 0.004 0.004 0.004 0.004 0.004 0.004 0.004 0.006 0.006 0.006 0.006 0.006 0.009 0.015 0.023 0.034 0.000 0.000 0.000 0.000 0.000 0.000 0.000 0.001 0.001 0.001 0.001 0.004 0.000 0.000 0.000 0.000 0.005 0.013 0.000 0.000 0.000 0.000 0.000 0.000 0.000 0.000 0.116
0.001 0.001 0.001 0.001 0.001 0.001 0.000 0.000 0.000 0.000 0.000 0.000 0.000 0.000 0.000 0.000 0.000 0.000 0.000 0.000 0.000 0.000 0.000 0.000 0.000 0.000 0.000 0.006 0.006 0.006 0.005 0.004 0.003 0.003 0.003 0.003 0.004 0.004 0.004 0.004 0.005 0.006 0.006 0.006 0.006 0.006 0.010 0.016 0.024 0.033 0.000 0.000 0.000 0.000 0.000 0.000 0.001 0.001 0.001 0.001 0.002 0.004 0.008 0.016 0.000 0.000 0.006 0.010 0.013 0.020 0.031 0.044 0.000 0.000 0.000 0.099 0.113
0.002 0.001 0.001 0.001 0.001 0.001 0.001 0.001 0.001 0.000 0.000 0.000 0.000 0.000 0.000 0.000 0.000 0.000 0.000 0.000 0.000 0.000 0.000 0.000 0.000 0.000 0.000 0.004 0.005 0.005 0.005 0.004 0.003 0.003 0.002 0.003 0.003 0.003 0.003 0.003 0.006 0.005 0.005 0.005 0.005 0.006 0.010 0.017 0.027 0.033 0.000 0.000 0.000 0.000 0.000 0.000 0.001 0.001 0.001 0.001 0.003 0.006 0.008 0.011 0.012 0.012 0.010 0.010 0.012 0.018 0.029 0.041 0.054 0.000 0.000 0.096 0.109
0.014 0.009 0.005 0.003 0.002 0.001 0.001 0.001 0.001 0.001 0.001 0.001 0.000 0.000 0.000 0.000 0.000 0.000 0.000 0.000 0.000 0.000 0.000 0.000 0.000 0.000 0.000 0.003 0.005 0.005 0.005 0.004 0.004 0.003 0.002 0.002 0.002 0.002 0.002 0.003 0.004 0.004 0.004 0.004 0.004 0.006 0.010 0.018 0.029 0.000 0.000 0.000 0.000 0.000 0.000 0.000 0.001 0.001 0.001 0.002 0.004 0.008 0.011 0.010 0.010 0.010 0.010 0.009 0.010 0.015 0.026 0.038 0.052 0.065 0.080 0.093 0.107
0.042 0.033 0.024 0.017 0.012 0.008 0.005 0.003 0.001 0.001 0.001 0.001 0.001 0.001 0.001 0.000 0.000 0.000 0.000 0.000 0.000 0.000 0.000 0.000 0.000 0.000 0.000 0.003 0.004 0.004 0.005 0.004 0.004 0.003 0.003 0.002 0.002 0.002 0.002 0.003 0.003 0.003 0.003 0.003 0.003 0.006 0.011 0.019 0.029 0.000 0.000 0.000 0.000 0.000 0.000 0.001 0.001 0.001 0.002 0.003 0.006 0.010 0.016 0.000 0.000 0.000 0.000 0.003 0.005 0.012 0.023 0.036 0.049 0.064 0.076 0.090 0.000
0.054 0.056 0.057 0.047 0.037 0.029 0.023 0.017 0.012 0.008 0.005 0.002 0.001 0.001 0.001 0.001 0.001 0.001 0.001 0.000 0.000 0.000 0.000 0.000 0.000 0.000 0.000 0.003 0.004 0.004 0.004 0.004 0.004 0.004 0.003 0.002 0.002 0.001 0.002 0.003 0.002 0.002 0.002 0.002 0.003 0.007 0.015 0.023 0.029 0.000 0.000 0.000 0.000 0.000 0.000 0.001 0.001 0.001 0.002 0.004 0.007 0.012 0.017 0.000 0.000 0.000 0.000 0.002 0.000 0.009 0.021 0.034 0.048 0.061 0.074 0.088 0.000
0.046 0.047 0.049 0.051 0.052 0.055 0.055 0.046 0.038 0.030 0.023 0.017 0.011 0.007 0.004 0.002 0.001 0.001 0.001 0.001 0.001 0.001 0.000 0.000 0.000 0.000 0.000 0.002 0.003 0.004 0.004 0.004 0.004 0.004 0.003 0.003 0.002 0.002 0.001 0.001 0.001 0.001 0.001 0.002 0.004 0.011 0.020 0.030 0.000 0.000 0.000 0.000 0.000 0.000 0.000 0.001 0.001 0.002 0.003 0.005 0.008 0.016 0.000 0.000 0.000 0.000 0.000 0.000 0.000 0.006 0.000 0.000 0.045 0.058 0.071 0.000 0.000
0.037 0.039 0.041 0.042 0.044 0.047 0.051 0.054 0.057 0.060 0.056 0.046 0.037 0.028 0.021 0.015 0.010 0.007 0.004 0.002 0.001 0.001 0.001 0.001 0.001 0.000 0.000 0.002 0.003 0.004 0.004 0.004 0.004 0.004 0.003 0.003 0.003 0.002 0.002 0.001 0.001 0.001 0.001 0.002 0.007 0.016 0.025 0.033 0.000 0.000 0.000 0.000 0.000 0.000 0.001 0.001 0.001 0.003 0.005 0.007 0.009 0.016 0.000 0.000 0.000 0.000 0.000 0.000 0.000 0.000 0.000 0.000 0.000 0.055 0.068 0.000 0.000
0.030 0.031 0.032 0.034 0.036 0.040 0.043 0.046 0.049 0.052 0.055 0.057 0.059 0.060 0.052 0.042 0.033 0.025 0.019 0.014 0.010 0.006 0.003 0.001 0.001 0.001 0.001 0.002 0.003 0.003 0.004 0.004 0.004 0.004 0.004 0.004 0.003 0.003 0.003 0.003 0.002 0.001 0.001 0.002 0.010 0.019 0.026 0.035 0.000 0.000 0.000 0.000 0.000 0.000 0.001 0.001 0.002 0.004 0.006 0.010 0.009 0.015 0.000 0.000 0.000 0.000 0.000 0.000 0.000 0.000 0.000 0.000 0.000 0.051 0.064 0.073 0.000
0.021 0.022 0.024 0.027 0.030 0.033 0.036 0.038 0.041 0.044 0.047 0.049 0.050 0.052 0.054 0.056 0.057 0.059 0.050 0.041 0.033 0.025 0.019 0.013 0.008 0.004 0.002 0.002 0.003 0.003 0.004 0.004 0.004 0.004 0.004 0.004 0.004 0.004 0.005 0.007 0.008 0.008 0.007 0.007 0.008 0.017 0.027 0.000 0.000 0.000 0.000 0.000 0.000 0.000 0.001 0.002 0.003 0.005 0.008 0.014 0.000 0.000 0.000 0.000 0.000 0.000 0.000 0.000 0.000 0.000 0.000 0.000 0.000 0.049 0.061 0.067 0.065
0.015 0.016 0.018 0.020 0.022 0.025 0.028 0.031 0.034 0.037 0.038 0.040 0.042 0.044 0.046 0.047 0.050 0.053 0.056 0.059 0.061 0.058 0.048 0.038 0.028 0.020 0.013 0.006 0.005 0.005 0.005 0.005 0.005 0.005 0.005 0.005 0.005 0.007 0.014 0.024 0.034 0.033 0.031 0.027 0.023 0.021 0.023 0.000 0.000 0.000 0.000 0.000 0.000 0.000 0.001 0.002 0.004 0.006 0.010 0.014 0.000 0.037 0.000 0.000 0.000 0.000 0.000 0.000 0.000 0.000 0.000 0.000 0.038 0.048 0.061 0.000 0.000
0.009 0.011 0.013 0.014 0.016 0.018 0.021 0.023 0.025 0.027 0.029 0.031 0.034 0.035 0.037 0.039 0.042 0.045 0.048 0.051 0.053 0.056 0.057 0.057 0.056 0.047 0.033 0.020 0.013 0.011 0.010 0.008 0.008 0.008 0.008 0.007 0.013 0.029 0.043 0.055 0.063 0.064 0.061 0.061 0.059 0.055 0.045 0.000 0.000 0.000 0.000 0.000 0.000 0.001 0.002 0.003 0.005 0.007 0.012 0.000 0.000 0.030 0.044 0.061 0.000 0.000 0.000 0.000 0.000 0.000 0.000 0.000 0.035 0.047 0.059 0.000 0.000
0.002 0.004 0.006 0.009 0.011 0.013 0.015 0.016 0.018 0.019 0.021 0.023 0.024 0.026 0.029 0.032 0.035 0.038 0.041 0.043 0.045 0.046 0.047 0.047 0.046 0.043 0.036 0.028 0.021 0.016 0.014 0.013 0.013 0.020 0.027 0.025 0.043 0.053 0.065 0.076 0.088 0.093 0.090 0.088 0.086 0.087 0.000 0.000 0.000 0.000 0.000 0.000 0.000 0.001 0.003 0.005 0.007 0.009 0.012 0.021 0.000 0.026 0.041 0.000 0.000 0.035 0.000 0.000 0.000 0.000 0.000 0.023 0.036 0.048 0.000 0.000 0.000
0.001 0.001 0.001 0.001 0.003 0.004 0.006 0.008 0.010 0.012 0.014 0.015 0.017 0.020 0.022 0.025 0.027 0.030 0.033 0.035 0.037 0.037 0.036 0.034 0.031 0.026 0.026 0.028 0.025 0.022 0.023 0.028 0.034 0.038 0.048 0.062 0.071 0.084 0.095 0.104 0.114 0.122 0.121 0.120 0.113 0.110 0.000 0.000 0.000 0.000 0.000 0.000 0.000 0.001 0.003 0.006 0.009 0.011 0.013 0.019 0.023 0.027 0.039 0.000 0.023 0.032 0.042 0.055 0.069 0.000 0.000 0.000 0.036 0.050 0.000 0.000 0.000
0.001 0.001 0.001 0.001 0.001 0.001 0.001 0.002 0.003 0.005 0.008 0.010 0.012 0.014 0.016 0.018 0.020 0.022 0.024 0.026 0.026 0.024 0.022 0.020 0.023 0.024 0.027 0.035 0.032 0.029 0.029 0.040 0.054 0.062 0.069 0.079 0.093 0.106 0.120 0.131 0.138 0.148 0.152 0.147 0.141 0.129 0.113 0.105 0.101 0.000 0.000 0.000 0.000 0.011 0.006 0.009 0.013 0.014 0.015 0.017 0.020 0.025 0.032 0.032 0.030 0.034 0.042 0.054 0.068 0.000 0.000 0.000 0.039 0.051 0.068 0.000 0.000
0.001 0.001 0.001 0.001 0.001 0.001 0.001 0.001 0.001 0.001 0.001 0.003 0.006 0.008 0.011 0.013 0.015 0.016 0.016 0.015 0.013 0.015 0.017 0.019 0.021 0.023 0.030 0.042 0.045 0.047 0.050 0.060 0.070 0.080 0.092 0.105 0.118 0.133 0.142 0.154 0.167 0.169 0.183 0.176 0.000 0.000 0.135 0.131 0.123 0.105 0.097 0.096 0.000 0.045 0.040 0.032 0.020 0.018 0.020 0.019 0.020 0.021 0.025 0.028 0.030 0.036 0.044 0.054 0.066 0.000 0.000 0.038 0.047 0.000 0.067 0.081 0.000
0.001 0.001 0.001 0.001 0.001 0.001 0.001 0.001 0.001 0.001 0.001 0.001 0.001 0.001 0.003 0.005 0.006 0.006 0.006 0.009 0.011 0.013 0.015 0.017 0.020 0.026 0.044 0.062 0.068 0.070 0.075 0.081 0.091 0.103 0.114 0.129 0.146 0.153 0.171 0.182 0.185 0.202 0.205 0.000 0.000 0.000 0.000 0.000 0.000 0.123 0.121 0.116 0.095 0.080 0.069 0.059 0.049 0.038 0.026 0.023 0.023 0.023 0.024 0.024 0.026 0.031 0.039 0.050 0.058 0.065 0.000 0.039 0.050 0.000 0.000 0.077 0.000
