数据/2hours/0.1-2h-150y/coupled-190-0001.wd
ncols         694
nrows         824
xllcorner     581104.939801
yllcorner     3495917.092414
cellsize      2.000000
NODATA_value  -9999.000000
[rows 714 to 747 of 824, columns 154 to 230 of 694]
0.000 0.000 0.000 0.000 0.000 0.000 0.002 0.003 0.004 0.005 0.006 0.007 0.007 0.008 0.008 0.008 0.008 0.008 0.008 0.007 0.000 0.000 0.055 0.050 0.040 0.028 0.022 0.018 0.013 0.007 0.005 0.001 0.000 0.000 0.000 0.000 0.000 0.000 0.000 0.000 0.000 0.000 0.001 0.001 0.001 0.001 0.001 0.001 0.001 0.000 0.000 0.000 0.000 0.000 0.000 0.000 0.000 0.000 0.087 0.097 0.111 0.110 0.089 0.063 0.071 0.001 0.001 0.001 0.001 0.001 0.000 0.000 0.000 0.000 0.000 0.000 0.000
0.000 0.000 0.000 0.000 0.000 0.002 0.003 0.004 0.005 0.006 0.007 0.008 0.008 0.009 0.009 0.009 0.010 0.010 0.010 0.010 0.009 0.008 0.000 0.072 0.066 0.056 0.039 0.034 0.026 0.017 0.013 0.007 0.005 0.002 0.000 0.000 0.000 0.000 0.000 0.000 0.000 0.001 0.001 0.001 0.012 0.020 0.028 0.041 0.050 0.000 0.000 0.000 0.000 0.000 0.000 0.000 0.000 0.000 0.155 0.150 0.124 0.102 0.080 0.070 0.075 0.025 0.001 0.001 0.001 0.001 0.000 0.000 0.000 0.000 0.000 0.000 0.000
0.000 0.000 0.000 0.000 0.001 0.003 0.004 0.005 0.006 0.007 0.008 0.008 0.009 0.009 0.010 0.010 0.010 0.011 0.011 0.012 0.012 0.012 0.011 0.000 0.001 0.089 0.076 0.058 0.036 0.028 0.023 0.016 0.012 0.008 0.005 0.000 0.000 0.000 0.000 0.000 0.001 0.001 0.001 0.008 0.061 0.082 0.092 0.103 0.111 0.000 0.000 0.000 0.000 0.000 0.000 0.000 0.000 0.188 0.165 0.142 0.117 0.094 0.069 0.073 0.080 0.076 0.001 0.001 0.001 0.000 0.000 0.000 0.000 0.000 0.000 0.000 0.000
0.000 0.000 0.000 0.000 0.002 0.004 0.005 0.006 0.007 0.008 0.008 0.009 0.009 0.010 0.010 0.011 0.011 0.012 0.012 0.013 0.014 0.015 0.016 0.017 0.019 0.002 0.107 0.090 0.066 0.042 0.036 0.027 0.024 0.017 0.013 0.009 0.004 0.000 0.000 0.000 0.001 0.001 0.001 0.048 0.107 0.147 0.157 0.169 0.000 0.000 0.000 0.000 0.000 0.000 0.000 0.000 0.000 0.180 0.154 0.128 0.109 0.085 0.065 0.074 0.083 0.093 0.030 0.001 0.001 0.000 0.000 0.000 0.000 0.000 0.000 0.000 0.000
0.000 0.000 0.000 0.001 0.003 0.005 0.006 0.007 0.007 0.008 0.009 0.009 0.010 0.010 0.011 0.011 0.012 0.012 0.013 0.014 0.015 0.017 0.019 0.023 0.030 0.044 0.002 0.113 0.095 0.067 0.050 0.045 0.037 0.029 0.024 0.019 0.016 0.012 0.000 0.001 0.001 0.001 0.035 0.092 0.150 0.205 0.221 0.230 0.000 0.000 0.000 0.000 0.000 0.000 0.000 0.000 0.000 0.171 0.146 0.117 0.098 0.073 0.071 0.077 0.084 0.094 0.082 0.001 0.000 0.000 0.000 0.000 0.000 0.000 0.000 0.000 0.000
0.000 0.000 0.000 0.001 0.003 0.005 0.006 0.007 0.008 0.008 0.009 0.009 0.010 0.011 0.011 0.012 0.012 0.013 0.014 0.015 0.016 0.017 0.019 0.022 0.026 0.030 0.020 0.001 0.001 0.076 0.067 0.058 0.048 0.041 0.037 0.034 0.031 0.029 0.025 0.015 0.016 0.030 0.079 0.133 0.191 0.245 0.281 0.292 0.000 0.000 0.000 0.000 0.000 0.000 0.000 0.000 0.000 0.159 0.136 0.113 0.090 0.064 0.073 0.082 0.090 0.098 0.108 0.035 0.000 0.000 0.000 0.000 0.000 0.000 0.000 0.000 0.000
0.000 0.000 0.000 0.001 0.003 0.005 0.006 0.007 0.008 0.009 0.009 0.010 0.010 0.011 0.011 0.012 0.013 0.013 0.014 0.015 0.016 0.017 0.019 0.020 0.022 0.023 0.019 0.013 0.009 0.000 0.082 0.074 0.067 0.054 0.052 0.052 0.050 0.050 0.046 0.000 0.000 0.063 0.119 0.175 0.231 0.287 0.343 0.353 0.363 0.340 0.000 0.000 0.000 0.000 0.000 0.000 0.181 0.152 0.130 0.102 0.081 0.068 0.075 0.086 0.097 0.106 0.113 0.085 0.000 0.000 0.000 0.000 0.000 0.000 0.000 0.000 0.000
0.000 0.000 0.000 0.001 0.003 0.005 0.006 0.007 0.008 0.009 0.009 0.010 0.010 0.011 0.012 0.012 0.013 0.013 0.014 0.015 0.016 0.017 0.018 0.019 0.020 0.020 0.017 0.015 0.012 0.008 0.001 0.090 0.083 0.071 0.070 0.070 0.068 0.069 0.000 0.000 0.000 0.000 0.160 0.217 0.273 0.329 0.383 0.378 0.355 0.333 0.310 0.287 0.000 0.000 0.000 0.000 0.167 0.142 0.121 0.098 0.069 0.071 0.081 0.092 0.101 0.109 0.119 0.000 0.000 0.000 0.000 0.000 0.000 0.000 0.000 0.000 0.000
0.000 0.000 0.000 0.001 0.003 0.005 0.006 0.007 0.008 0.009 0.009 0.010 0.011 0.011 0.012 0.012 0.013 0.013 0.014 0.015 0.015 0.016 0.017 0.017 0.018 0.017 0.016 0.014 0.012 0.010 0.007 0.001 0.001 0.092 0.090 0.088 0.088 0.000 0.000 0.000 0.000 0.000 0.000 0.260 0.316 0.338 0.358 0.000 0.000 0.325 0.301 0.278 0.255 0.231 0.000 0.000 0.161 0.136 0.108 0.086 0.067 0.073 0.085 0.097 0.107 0.116 0.124 0.000 0.000 0.000 0.000 0.000 0.000 0.000 0.000 0.000 0.000
0.000 0.000 0.000 0.001 0.003 0.005 0.006 0.007 0.008 0.009 0.009 0.010 0.011 0.011 0.012 0.012 0.013 0.013 0.014 0.014 0.015 0.015 0.016 0.016 0.016 0.016 0.015 0.014 0.013 0.011 0.009 0.007 0.005 0.001 0.110 0.106 0.000 0.000 0.000 0.000 0.000 0.000 0.000 0.273 0.294 0.314 0.336 0.000 0.000 0.000 0.000 0.270 0.246 0.223 0.195 0.175 0.150 0.123 0.099 0.080 0.070 0.082 0.093 0.102 0.111 0.120 0.127 0.000 0.000 0.000 0.000 0.000 0.000 0.000 0.000 0.000 0.000
0.000 0.000 0.000 0.001 0.003 0.005 0.006 0.007 0.008 0.009 0.009 0.010 0.010 0.011 0.012 0.012 0.013 0.013 0.013 0.014 0.014 0.015 0.015 0.015 0.015 0.015 0.014 0.013 0.012 0.011 0.010 0.009 0.007 0.005 0.001 0.123 0.117 0.000 0.000 0.000 0.000 0.000 0.000 0.249 0.271 0.292 0.313 0.327 0.000 0.000 0.000 0.000 0.000 0.216 0.187 0.164 0.142 0.118 0.082 0.068 0.072 0.085 0.097 0.107 0.116 0.125 0.000 0.000 0.000 0.000 0.000 0.000 0.000 0.000 0.000 0.000 0.000
0.000 0.000 0.000 0.001 0.003 0.005 0.006 0.007 0.008 0.009 0.009 0.010 0.010 0.011 0.011 0.012 0.012 0.013 0.013 0.014 0.014 0.014 0.014 0.015 0.015 0.014 0.014 0.013 0.012 0.011 0.010 0.009 0.008 0.007 0.005 0.000 0.137 0.136 0.000 0.000 0.000 0.000 0.000 0.000 0.246 0.000 0.000 0.307 0.295 0.000 0.000 0.000 0.000 0.000 0.000 0.154 0.134 0.113 0.083 0.067 0.082 0.094 0.102 0.108 0.116 0.125 0.000 0.000 0.000 0.000 0.000 0.000 0.000 0.000 0.000 0.000 0.000
0.000 0.000 0.000 0.001 0.003 0.005 0.006 0.007 0.008 0.009 0.009 0.010 0.010 0.011 0.011 0.012 0.012 0.012 0.013 0.013 0.013 0.014 0.014 0.014 0.014 0.014 0.013 0.012 0.012 0.011 0.010 0.009 0.008 0.007 0.006 0.004 0.001 0.155 0.175 0.000 0.000 0.000 0.000 0.000 0.000 0.000 0.000 0.000 0.276 0.000 0.000 0.000 0.000 0.000 0.170 0.143 0.123 0.101 0.072 0.073 0.085 0.092 0.101 0.110 0.118 0.126 0.000 0.000 0.000 0.000 0.000 0.000 0.000 0.000 0.000 0.000 0.000
0.000 0.000 0.000 0.001 0.003 0.005 0.006 0.007 0.008 0.008 0.009 0.009 0.010 0.010 0.011 0.011 0.012 0.012 0.012 0.013 0.013 0.013 0.013 0.013 0.013 0.013 0.013 0.012 0.011 0.011 0.010 0.009 0.009 0.008 0.007 0.006 0.004 0.000 0.147 0.165 0.000 0.000 0.000 0.000 0.000 0.000 0.000 0.000 0.256 0.000 0.000 0.000 0.000 0.000 0.161 0.137 0.114 0.093 0.063 0.078 0.087 0.097 0.107 0.116 0.123 0.000 0.000 0.000 0.000 0.000 0.000 0.000 0.000 0.000 0.000 0.000 0.000
0.000 0.000 0.000 0.001 0.003 0.005 0.006 0.007 0.007 0.008 0.009 0.009 0.010 0.010 0.011 0.011 0.011 0.012 0.012 0.012 0.012 0.013 0.013 0.013 0.013 0.012 0.012 0.012 0.011 0.011 0.010 0.009 0.009 0.008 0.007 0.006 0.005 0.003 0.001 0.139 0.157 0.000 0.000 0.000 0.000 0.000 0.000 0.242 0.236 0.000 0.000 0.000 0.000 0.170 0.150 0.128 0.100 0.081 0.072 0.079 0.087 0.098 0.107 0.117 0.127 0.138 0.147 0.000 0.000 0.000 0.000 0.000 0.000 0.000 0.000 0.000 0.000
0.000 0.000 0.000 0.000 0.002 0.004 0.005 0.006 0.007 0.008 0.008 0.009 0.009 0.010 0.010 0.011 0.011 0.011 0.012 0.012 0.012 0.012 0.012 0.012 0.012 0.012 0.012 0.011 0.011 0.010 0.010 0.009 0.009 0.008 0.007 0.006 0.005 0.003 0.001 0.000 0.126 0.140 0.000 0.000 0.000 0.000 0.000 0.000 0.000 0.000 0.000 0.000 0.000 0.149 0.137 0.120 0.094 0.069 0.071 0.079 0.091 0.101 0.110 0.122 0.133 0.142 0.152 0.163 0.174 0.000 0.000 0.000 0.000 0.000 0.000 0.000 0.000
0.000 0.000 0.000 0.000 0.001 0.003 0.004 0.005 0.006 0.007 0.008 0.008 0.009 0.009 0.010 0.010 0.011 0.011 0.011 0.011 0.012 0.012 0.012 0.012 0.012 0.011 0.011 0.011 0.010 0.010 0.009 0.009 0.008 0.008 0.007 0.006 0.005 0.003 0.001 0.000 0.000 0.108 0.122 0.141 0.000 0.000 0.000 0.000 0.000 0.000 0.000 0.000 0.137 0.126 0.115 0.102 0.081 0.066 0.078 0.086 0.094 0.103 0.113 0.125 0.135 0.146 0.158 0.169 0.179 0.189 0.199 0.000 0.000 0.000 0.000 0.000 0.000
0.000 0.000 0.000 0.000 0.000 0.002 0.003 0.004 0.005 0.006 0.007 0.008 0.008 0.009 0.009 0.010 0.010 0.010 0.011 0.011 0.011 0.011 0.011 0.011 0.011 0.011 0.011 0.010 0.010 0.010 0.009 0.009 0.008 0.007 0.007 0.006 0.005 0.003 0.001 0.000 0.000 0.000 0.095 0.113 0.132 0.000 0.000 0.000 0.000 0.000 0.000 0.000 0.119 0.105 0.097 0.084 0.070 0.065 0.077 0.086 0.094 0.103 0.114 0.124 0.135 0.150 0.163 0.174 0.183 0.192 0.202 0.213 0.164 0.000 0.000 0.000 0.000
0.000 0.000 0.000 0.000 0.000 0.000 0.002 0.003 0.004 0.005 0.006 0.007 0.008 0.008 0.009 0.009 0.010 0.010 0.010 0.010 0.011 0.011 0.011 0.011 0.011 0.010 0.010 0.010 0.010 0.009 0.009 0.008 0.008 0.007 0.006 0.005 0.004 0.002 0.000 0.000 0.000 0.000 0.000 0.087 0.104 0.122 0.000 0.000 0.000 0.000 0.000 0.110 0.094 0.085 0.075 0.062 0.058 0.062 0.073 0.083 0.093 0.105 0.116 0.126 0.137 0.000 0.000 0.000 0.186 0.196 0.206 0.217 0.210 0.125 0.060 0.000 0.000
0.000 0.000 0.000 0.000 0.000 0.000 0.000 0.002 0.003 0.004 0.005 0.006 0.007 0.008 0.008 0.009 0.009 0.009 0.010 0.010 0.010 0.010 0.010 0.010 0.010 0.010 0.010 0.009 0.009 0.009 0.008 0.008 0.007 0.006 0.005 0.004 0.003 0.001 0.000 0.000 0.000 0.000 0.000 0.000 0.078 0.096 0.117 0.000 0.000 0.000 0.000 0.089 0.076 0.063 0.058 0.060 0.059 0.062 0.075 0.084 0.094 0.105 0.115 0.128 0.142 0.000 0.000 0.000 0.000 0.000 0.211 0.221 0.231 0.171 0.132 0.095 0.000
0.000 0.000 0.000 0.000 0.000 0.000 0.000 0.000 0.002 0.003 0.004 0.005 0.006 0.007 0.008 0.008 0.009 0.009 0.009 0.009 0.009 0.010 0.010 0.010 0.009 0.009 0.009 0.009 0.009 0.008 0.008 0.007 0.006 0.005 0.004 0.003 0.002 0.000 0.000 0.000 0.000 0.000 0.000 0.000 0.055 0.073 0.091 0.108 0.000 0.095 0.081 0.070 0.056 0.053 0.056 0.057 0.059 0.058 0.071 0.083 0.094 0.103 0.114 0.127 0.000 0.000 0.000 0.000 0.000 0.000 0.000 0.223 0.234 0.242 0.205 0.168 0.000
0.000 0.000 0.000 0.000 0.000 0.000 0.000 0.000 0.000 0.002 0.003 0.004 0.005 0.006 0.007 0.008 0.008 0.008 0.009 0.009 0.009 0.009 0.009 0.009 0.009 0.009 0.009 0.008 0.008 0.008 0.007 0.006 0.005 0.004 0.003 0.002 0.000 0.000 0.000 0.000 0.000 0.000 0.000 0.000 0.000 0.049 0.065 0.081 0.096 0.079 0.063 0.060 0.057 0.056 0.054 0.054 0.058 0.057 0.067 0.078 0.089 0.100 0.111 0.000 0.000 0.000 0.000 0.000 0.000 0.000 0.000 0.000 0.000 0.250 0.247 0.241 0.204
0.000 0.000 0.000 0.000 0.000 0.000 0.000 0.000 0.000 0.000 0.002 0.003 0.004 0.005 0.006 0.007 0.007 0.008 0.008 0.008 0.008 0.008 0.008 0.008 0.008 0.008 0.008 0.008 0.007 0.007 0.006 0.005 0.004 0.003 0.002 0.000 0.000 0.000 0.000 0.000 0.000 0.000 0.000 0.000 0.000 0.000 0.044 0.056 0.071 0.063 0.063 0.062 0.057 0.058 0.053 0.053 0.055 0.055 0.065 0.076 0.086 0.097 0.107 0.000 0.000 0.000 0.000 0.000 0.000 0.000 0.000 0.000 0.000 0.000 0.000 0.252 0.249
0.000 0.000 0.000 0.000 0.000 0.000 0.000 0.000 0.000 0.000 0.000 0.002 0.003 0.004 0.005 0.006 0.007 0.007 0.007 0.007 0.007 0.007 0.007 0.007 0.007 0.007 0.007 0.007 0.007 0.006 0.005 0.004 0.003 0.002 0.000 0.000 0.000 0.000 0.000 0.000 0.000 0.000 0.000 0.000 0.000 0.000 0.000 0.033 0.047 0.061 0.062 0.057 0.054 0.055 0.054 0.054 0.056 0.059 0.064 0.077 0.087 0.097 0.000 0.000 0.000 0.000 0.000 0.000 0.000 0.000 0.000 0.000 0.000 0.000 0.000 0.000 0.000
0.000 0.000 0.000 0.000 0.000 0.000 0.000 0.000 0.000 0.000 0.000 0.000 0.002 0.003 0.004 0.005 0.006 0.006 0.006 0.006 0.006 0.006 0.006 0.006 0.006 0.006 0.006 0.006 0.006 0.005 0.004 0.003 0.002 0.000 0.000 0.000 0.000 0.000 0.000 0.000 0.000 0.000 0.000 0.000 0.000 0.000 0.000 0.000 0.021 0.042 0.060 0.054 0.056 0.056 0.051 0.054 0.059 0.063 0.066 0.076 0.087 0.097 0.000 0.000 0.000 0.000 0.000 0.000 0.000 0.000 0.000 0.000 0.000 0.000 0.000 0.000 0.000
0.000 0.000 0.000 0.000 0.000 0.000 0.000 0.000 0.000 0.000 0.000 0.000 0.000 0.002 0.003 0.004 0.005 0.005 0.005 0.005 0.005 0.005 0.005 0.005 0.005 0.005 0.005 0.005 0.005 0.004 0.003 0.002 0.000 0.000 0.000 0.000 0.000 0.000 0.000 0.000 0.000 0.000 0.000 0.000 0.000 0.000 0.000 0.000 0.000 0.000 0.040 0.053 0.056 0.054 0.053 0.054 0.057 0.060 0.060 0.071 0.084 0.000 0.000 0.000 0.000 0.000 0.000 0.000 0.000 0.000 0.000 0.000 0.000 0.000 0.000 0.000 0.000
0.000 0.000 0.000 0.000 0.000 0.000 0.000 0.000 0.000 0.000 0.000 0.000 0.000 0.000 0.001 0.002 0.003 0.003 0.003 0.003 0.003 0.003 0.003 0.003 0.003 0.003 0.003 0.003 0.003 0.002 0.001 0.000 0.000 0.000 0.000 0.000 0.000 0.000 0.000 0.000 0.000 0.000 0.000 0.000 0.000 0.000 0.000 0.000 0.000 0.000 0.017 0.037 0.051 0.050 0.054 0.053 0.057 0.056 0.057 0.067 0.078 0.000 0.000 0.000 0.000 0.000 0.000 0.000 0.000 0.000 0.000 0.000 0.000 0.000 0.000 0.000 0.000
0.000 0.000 0.000 0.000 0.000 0.000 0.000 0.000 0.000 0.000 0.000 0.000 0.000 0.000 0.000 0.000 0.001 0.001 0.001 0.001 0.001 0.001 0.001 0.001 0.001 0.001 0.001 0.001 0.001 0.000 0.000 0.000 0.000 0.000 0.000 0.000 0.000 0.000 0.000 0.000 0.000 0.000 0.000 0.000 0.000 0.000 0.000 0.000 0.000 0.000 0.002 0.023 0.036 0.050 0.050 0.051 0.051 0.055 0.055 0.068 0.000 0.000 0.000 0.000 0.000 0.000 0.000 0.000 0.000 0.000 0.000 0.000 0.000 0.000 0.000 0.000 0.000
0.000 0.000 0.000 0.000 0.000 0.000 0.000 0.000 0.000 0.000 0.000 0.000 0.000 0.000 0.000 0.000 0.000 0.000 0.000 0.000 0.000 0.000 0.000 0.000 0.000 0.000 0.000 0.000 0.000 0.000 0.000 0.000 0.000 0.000 0.000 0.000 0.000 0.000 0.000 0.000 0.000 0.000 0.000 0.000 0.000 0.000 0.000 0.000 0.000 0.000 0.000 0.001 0.016 0.038 0.048 0.048 0.038 0.045 0.046 0.000 0.000 0.000 0.000 0.000 0.000 0.000 0.000 0.000 0.000 0.000 0.000 0.000 0.000 0.000 0.000 0.000 0.000
0.000 0.000 0.000 0.000 0.000 0.000 0.000 0.000 0.000 0.000 0.000 0.000 0.000 0.000 0.000 0.000 0.000 0.000 0.000 0.000 0.000 0.000 0.000 0.000 0.000 0.000 0.000 0.000 0.000 0.000 0.000 0.000 0.000 0.000 0.000 0.000 0.000 0.000 0.000 0.000 0.000 0.000 0.000 0.000 0.000 0.000 0.000 0.000 0.000 0.000 0.000 0.001 0.001 0.013 0.032 0.046 0.041 0.042 0.042 0.040 0.000 0.000 0.000 0.000 0.000 0.000 0.000 0.000 0.000 0.000 0.000 0.000 0.000 0.000 0.000 0.000 0.000
0.000 0.000 0.000 0.000 0.000 0.000 0.000 0.000 0.000 0.000 0.000 0.000 0.000 0.000 0.000 0.000 0.000 0.000 0.000 0.000 0.000 0.000 0.000 0.000 0.000 0.000 0.000 0.000 0.000 0.000 0.000 0.000 0.000 0.000 0.000 0.000 0.000 0.000 0.000 0.000 0.000 0.000 0.000 0.000 0.000 0.000 0.000 0.000 0.000 0.000 0.000 0.001 0.001 0.001 0.010 0.029 0.038 0.041 0.036 0.037 0.039 0.000 0.000 0.000 0.000 0.000 0.000 0.000 0.000 0.000 0.000 0.000 0.000 0.000 0.000 0.000 0.000
0.000 0.000 0.000 0.000 0.000 0.000 0.000 0.000 0.000 0.000 0.000 0.000 0.000 0.000 0.000 0.000 0.000 0.000 0.000 0.000 0.000 0.000 0.000 0.000 0.000 0.000 0.000 0.000 0.000 0.000 0.000 0.000 0.000 0.000 0.000 0.000 0.000 0.000 0.000 0.000 0.000 0.000 0.000 0.000 0.000 0.000 0.000 0.000 0.000 0.000 0.000 0.001 0.001 0.001 0.001 0.007 0.026 0.036 0.036 0.030 0.030 0.029 0.028 0.000 0.000 0.000 0.000 0.000 0.000 0.000 0.000 0.000 0.000 0.000 0.000 0.000 0.000
0.000 0.000 0.000 0.000 0.000 0.000 0.000 0.000 0.000 0.000 0.000 0.000 0.000 0.000 0.000 0.000 0.000 0.000 0.000 0.000 0.000 0.000 0.000 0.000 0.000 0.000 0.000 0.000 0.000 0.000 0.000 0.000 0.000 0.000 0.000 0.000 0.000 0.000 0.000 0.000 0.000 0.000 0.000 0.000 0.000 0.000 0.000 0.000 0.000 0.000 0.000 0.000 0.001 0.003 0.003 0.003 0.003 0.022 0.030 0.023 0.025 0.023 0.022 0.024 0.000 0.000 0.000 0.000 0.000 0.000 0.000 0.000 0.000 0.000 0.000 0.000 0.000
0.000 0.000 0.000 0.000 0.000 0.000 0.000 0.000 0.000 0.000 0.000 0.000 0.000 0.000 0.000 0.000 0.000 0.000 0.000 0.000 0.000 0.000 0.000 0.000 0.000 0.000 0.000 0.000 0.000 0.000 0.000 0.000 0.000 0.000 0.000 0.000 0.000 0.000 0.000 0.000 0.000 0.000 0.000 0.000 0.000 0.000 0.000 0.000 0.000 0.000 0.000 0.000 0.001 0.003 0.003 0.003 0.003 0.002 0.013 0.020 0.016 0.015 0.017 0.021 0.024 0.000 0.000 0.000 0.000 0.000 0.000 0.000 0.000 0.000 0.000 0.000 0.000
