数据/2hours/0.1-2h-150y/coupled-143-0001.wd
ncols         694
nrows         824
xllcorner     581104.939801
yllcorner     3495917.092414
cellsize      2.000000
NODATA_value  -9999.000000
[rows 714 to 747 of 824, columns 154 to 230 of 694]
0.000 0.000 0.000 0.000 0.000 0.000 0.002 0.003 0.004 0.005 0.006 0.007 0.008 0.009 0.009 0.010 0.010 0.010 0.009 0.008 0.001 0.001 0.127 0.124 0.117 0.110 0.109 0.104 0.100 0.092 0.091 0.088 0.000 0.000 0.000 0.000 0.000 0.000 0.000 0.000 0.000 0.000 0.093 0.148 0.171 0.181 0.193 0.203 0.214 0.000 0.000 0.000 0.000 0.000 0.000 0.000 0.000 0.000 0.301 0.313 0.323 0.324 0.300 0.278 0.288 0.201 0.118 0.040 0.001 0.001 0.000 0.000 0.000 0.000 0.000 0.000 0.000
0.000 0.000 0.000 0.000 0.000 0.002 0.003 0.004 0.005 0.006 0.007 0.008 0.009 0.010 0.010 0.011 0.011 0.012 0.012 0.012 0.011 0.010 0.001 0.143 0.141 0.134 0.129 0.125 0.120 0.112 0.112 0.108 0.102 0.099 0.000 0.000 0.000 0.000 0.000 0.000 0.000 0.078 0.135 0.190 0.234 0.245 0.256 0.266 0.276 0.000 0.000 0.000 0.000 0.000 0.000 0.000 0.000 0.000 0.362 0.357 0.336 0.313 0.289 0.280 0.290 0.245 0.159 0.072 0.001 0.001 0.000 0.000 0.000 0.000 0.000 0.000 0.000
0.000 0.000 0.000 0.000 0.001 0.003 0.004 0.005 0.006 0.007 0.008 0.009 0.010 0.011 0.011 0.012 0.012 0.013 0.014 0.014 0.015 0.015 0.014 0.001 0.001 0.163 0.155 0.148 0.140 0.134 0.133 0.128 0.125 0.122 0.119 0.000 0.000 0.000 0.000 0.000 0.074 0.122 0.177 0.233 0.288 0.308 0.319 0.329 0.339 0.000 0.000 0.000 0.000 0.000 0.000 0.000 0.000 0.393 0.370 0.347 0.324 0.302 0.277 0.282 0.292 0.287 0.200 0.117 0.028 0.000 0.000 0.000 0.000 0.000 0.000 0.000 0.000
0.000 0.000 0.000 0.000 0.002 0.004 0.005 0.006 0.007 0.008 0.009 0.010 0.010 0.011 0.012 0.013 0.013 0.014 0.015 0.016 0.018 0.019 0.021 0.023 0.027 0.004 0.183 0.173 0.163 0.156 0.152 0.148 0.144 0.141 0.136 0.131 0.130 0.000 0.000 0.000 0.110 0.164 0.219 0.276 0.331 0.371 0.381 0.391 0.000 0.000 0.000 0.000 0.000 0.000 0.000 0.000 0.000 0.381 0.357 0.335 0.312 0.289 0.274 0.282 0.293 0.303 0.247 0.160 0.070 0.000 0.000 0.000 0.000 0.000 0.000 0.000 0.000
0.000 0.000 0.000 0.001 0.003 0.005 0.006 0.007 0.008 0.009 0.009 0.010 0.011 0.012 0.013 0.013 0.014 0.015 0.016 0.018 0.020 0.022 0.025 0.031 0.042 0.061 0.004 0.197 0.186 0.176 0.170 0.167 0.163 0.160 0.154 0.151 0.148 0.144 0.000 0.123 0.152 0.206 0.262 0.317 0.373 0.429 0.444 0.454 0.000 0.000 0.000 0.000 0.000 0.000 0.000 0.000 0.000 0.371 0.347 0.323 0.301 0.277 0.275 0.284 0.294 0.304 0.289 0.203 0.000 0.000 0.000 0.000 0.000 0.000 0.000 0.000 0.000
0.000 0.000 0.000 0.001 0.003 0.005 0.006 0.007 0.008 0.009 0.010 0.011 0.011 0.012 0.013 0.014 0.015 0.016 0.017 0.019 0.021 0.023 0.026 0.030 0.036 0.042 0.028 0.001 0.001 0.194 0.190 0.186 0.183 0.179 0.174 0.171 0.167 0.164 0.158 0.148 0.194 0.248 0.304 0.359 0.415 0.470 0.505 0.515 0.000 0.000 0.000 0.000 0.000 0.000 0.000 0.000 0.000 0.358 0.335 0.311 0.289 0.266 0.274 0.284 0.295 0.305 0.315 0.248 0.000 0.000 0.000 0.000 0.000 0.000 0.000 0.000 0.000
0.000 0.000 0.000 0.001 0.003 0.005 0.006 0.007 0.008 0.009 0.010 0.011 0.012 0.012 0.013 0.014 0.015 0.016 0.017 0.019 0.021 0.023 0.025 0.028 0.031 0.032 0.026 0.018 0.012 0.001 0.210 0.206 0.202 0.197 0.196 0.191 0.188 0.186 0.182 0.000 0.000 0.289 0.346 0.401 0.458 0.512 0.568 0.577 0.585 0.559 0.000 0.000 0.000 0.000 0.000 0.000 0.371 0.348 0.326 0.301 0.277 0.264 0.274 0.286 0.296 0.305 0.317 0.292 0.000 0.000 0.000 0.000 0.000 0.000 0.000 0.000 0.000
0.000 0.000 0.000 0.001 0.003 0.005 0.006 0.007 0.008 0.009 0.010 0.011 0.012 0.013 0.013 0.014 0.015 0.016 0.017 0.019 0.020 0.022 0.024 0.025 0.027 0.026 0.023 0.019 0.015 0.011 0.001 0.225 0.223 0.219 0.217 0.213 0.210 0.208 0.000 0.000 0.000 0.000 0.388 0.444 0.500 0.555 0.608 0.602 0.576 0.549 0.521 0.496 0.000 0.000 0.000 0.000 0.363 0.339 0.315 0.291 0.267 0.266 0.274 0.285 0.295 0.306 0.315 0.000 0.000 0.000 0.000 0.000 0.000 0.000 0.000 0.000 0.000
0.000 0.000 0.000 0.001 0.003 0.005 0.006 0.007 0.008 0.009 0.010 0.011 0.012 0.013 0.013 0.014 0.015 0.016 0.017 0.018 0.020 0.021 0.022 0.023 0.024 0.023 0.021 0.019 0.016 0.013 0.009 0.001 0.000 0.240 0.236 0.233 0.230 0.000 0.000 0.000 0.000 0.000 0.000 0.487 0.543 0.565 0.586 0.000 0.000 0.538 0.512 0.487 0.461 0.435 0.000 0.000 0.355 0.330 0.307 0.282 0.261 0.270 0.278 0.287 0.295 0.305 0.314 0.000 0.000 0.000 0.000 0.000 0.000 0.000 0.000 0.000 0.000
0.000 0.000 0.000 0.001 0.003 0.005 0.006 0.007 0.008 0.009 0.010 0.011 0.012 0.013 0.013 0.014 0.015 0.016 0.017 0.018 0.019 0.020 0.021 0.021 0.021 0.021 0.020 0.018 0.016 0.014 0.011 0.008 0.006 0.000 0.258 0.255 0.000 0.000 0.000 0.000 0.000 0.000 0.000 0.499 0.521 0.542 0.564 0.000 0.000 0.000 0.000 0.476 0.450 0.425 0.397 0.371 0.344 0.320 0.298 0.273 0.265 0.273 0.281 0.289 0.298 0.306 0.316 0.000 0.000 0.000 0.000 0.000 0.000 0.000 0.000 0.000 0.000
0.000 0.000 0.000 0.001 0.003 0.005 0.006 0.007 0.008 0.009 0.010 0.011 0.012 0.012 0.013 0.014 0.015 0.015 0.016 0.017 0.018 0.019 0.019 0.020 0.020 0.019 0.018 0.017 0.015 0.014 0.012 0.010 0.008 0.006 0.001 0.274 0.272 0.000 0.000 0.000 0.000 0.000 0.000 0.476 0.497 0.519 0.542 0.557 0.000 0.000 0.000 0.000 0.000 0.413 0.388 0.360 0.334 0.309 0.293 0.263 0.267 0.276 0.285 0.292 0.301 0.307 0.000 0.000 0.000 0.000 0.000 0.000 0.000 0.000 0.000 0.000 0.000
0.000 0.000 0.000 0.001 0.003 0.005 0.006 0.007 0.008 0.009 0.010 0.011 0.012 0.012 0.013 0.014 0.014 0.015 0.016 0.016 0.017 0.018 0.018 0.018 0.018 0.018 0.017 0.016 0.015 0.013 0.012 0.011 0.009 0.008 0.005 0.001 0.289 0.285 0.000 0.000 0.000 0.000 0.000 0.000 0.473 0.000 0.000 0.539 0.529 0.000 0.000 0.000 0.000 0.000 0.000 0.345 0.322 0.296 0.275 0.258 0.266 0.277 0.286 0.295 0.304 0.311 0.000 0.000 0.000 0.000 0.000 0.000 0.000 0.000 0.000 0.000 0.000
0.000 0.000 0.000 0.001 0.003 0.005 0.006 0.007 0.008 0.009 0.010 0.011 0.011 0.012 0.013 0.013 0.014 0.015 0.015 0.016 0.016 0.017 0.017 0.017 0.017 0.017 0.016 0.015 0.014 0.013 0.012 0.011 0.010 0.008 0.007 0.005 0.000 0.300 0.315 0.000 0.000 0.000 0.000 0.000 0.000 0.000 0.000 0.000 0.511 0.000 0.000 0.000 0.000 0.000 0.351 0.330 0.310 0.287 0.264 0.261 0.269 0.277 0.287 0.297 0.305 0.313 0.000 0.000 0.000 0.000 0.000 0.000 0.000 0.000 0.000 0.000 0.000
0.000 0.000 0.000 0.001 0.003 0.005 0.006 0.007 0.008 0.009 0.010 0.010 0.011 0.012 0.012 0.013 0.013 0.014 0.014 0.015 0.015 0.016 0.016 0.016 0.016 0.016 0.015 0.014 0.014 0.013 0.012 0.011 0.010 0.009 0.007 0.006 0.004 0.000 0.292 0.313 0.000 0.000 0.000 0.000 0.000 0.000 0.000 0.000 0.493 0.000 0.000 0.000 0.000 0.000 0.345 0.320 0.297 0.275 0.254 0.263 0.272 0.279 0.285 0.296 0.307 0.000 0.000 0.000 0.000 0.000 0.000 0.000 0.000 0.000 0.000 0.000 0.000
0.000 0.000 0.000 0.001 0.003 0.005 0.006 0.007 0.008 0.008 0.009 0.010 0.011 0.011 0.012 0.012 0.013 0.013 0.014 0.014 0.015 0.015 0.015 0.015 0.015 0.015 0.014 0.014 0.013 0.012 0.011 0.011 0.010 0.009 0.007 0.006 0.005 0.003 0.001 0.289 0.306 0.000 0.000 0.000 0.000 0.000 0.000 0.481 0.475 0.000 0.000 0.000 0.000 0.357 0.335 0.311 0.286 0.264 0.253 0.262 0.271 0.279 0.286 0.294 0.307 0.315 0.324 0.000 0.000 0.000 0.000 0.000 0.000 0.000 0.000 0.000 0.000
0.000 0.000 0.000 0.000 0.002 0.004 0.005 0.006 0.007 0.008 0.009 0.009 0.010 0.011 0.011 0.012 0.012 0.013 0.013 0.014 0.014 0.014 0.014 0.014 0.014 0.014 0.013 0.013 0.012 0.012 0.011 0.010 0.009 0.008 0.007 0.006 0.005 0.003 0.001 0.000 0.273 0.284 0.000 0.000 0.000 0.000 0.000 0.000 0.000 0.000 0.000 0.000 0.000 0.334 0.319 0.298 0.273 0.250 0.251 0.260 0.270 0.280 0.288 0.296 0.307 0.316 0.326 0.332 0.341 0.000 0.000 0.000 0.000 0.000 0.000 0.000 0.000
0.000 0.000 0.000 0.000 0.001 0.003 0.004 0.005 0.006 0.007 0.008 0.009 0.010 0.010 0.011 0.011 0.012 0.012 0.013 0.013 0.013 0.013 0.013 0.013 0.013 0.013 0.013 0.012 0.012 0.011 0.011 0.010 0.009 0.008 0.007 0.006 0.005 0.003 0.001 0.000 0.000 0.254 0.272 0.293 0.000 0.000 0.000 0.000 0.000 0.000 0.000 0.000 0.321 0.311 0.298 0.284 0.262 0.244 0.256 0.264 0.274 0.284 0.292 0.301 0.311 0.319 0.329 0.336 0.342 0.349 0.359 0.000 0.000 0.000 0.000 0.000 0.000
0.000 0.000 0.000 0.000 0.000 0.002 0.003 0.004 0.005 0.006 0.007 0.008 0.009 0.010 0.010 0.011 0.011 0.012 0.012 0.012 0.012 0.013 0.013 0.013 0.013 0.012 0.012 0.012 0.011 0.011 0.010 0.009 0.009 0.008 0.007 0.006 0.005 0.003 0.001 0.000 0.000 0.000 0.248 0.268 0.289 0.000 0.000 0.000 0.000 0.000 0.000 0.000 0.302 0.291 0.278 0.267 0.254 0.248 0.259 0.268 0.278 0.288 0.296 0.305 0.312 0.323 0.333 0.341 0.345 0.353 0.361 0.368 0.320 0.000 0.000 0.000 0.000
0.000 0.000 0.000 0.000 0.000 0.000 0.002 0.003 0.004 0.005 0.006 0.007 0.008 0.009 0.010 0.010 0.011 0.011 0.011 0.012 0.012 0.012 0.012 0.012 0.012 0.012 0.011 0.011 0.011 0.010 0.009 0.009 0.008 0.007 0.006 0.005 0.004 0.002 0.000 0.000 0.000 0.000 0.000 0.244 0.262 0.282 0.000 0.000 0.000 0.000 0.000 0.295 0.281 0.269 0.255 0.244 0.243 0.249 0.258 0.267 0.278 0.288 0.298 0.308 0.315 0.000 0.000 0.000 0.345 0.356 0.364 0.372 0.365 0.279 0.213 0.000 0.000
0.000 0.000 0.000 0.000 0.000 0.000 0.000 0.002 0.003 0.004 0.005 0.006 0.007 0.008 0.009 0.009 0.010 0.010 0.011 0.011 0.011 0.011 0.011 0.011 0.011 0.011 0.011 0.010 0.010 0.009 0.009 0.008 0.007 0.006 0.005 0.004 0.003 0.001 0.000 0.000 0.000 0.000 0.000 0.000 0.235 0.253 0.273 0.000 0.000 0.000 0.000 0.266 0.255 0.244 0.237 0.239 0.241 0.247 0.257 0.265 0.274 0.284 0.294 0.308 0.316 0.000 0.000 0.000 0.000 0.000 0.367 0.376 0.386 0.323 0.284 0.244 0.000
0.000 0.000 0.000 0.000 0.000 0.000 0.000 0.000 0.002 0.003 0.004 0.005 0.006 0.007 0.008 0.009 0.009 0.010 0.010 0.010 0.010 0.010 0.010 0.010 0.010 0.010 0.010 0.010 0.009 0.009 0.008 0.007 0.006 0.005 0.004 0.003 0.002 0.000 0.000 0.000 0.000 0.000 0.000 0.000 0.209 0.230 0.249 0.269 0.000 0.269 0.258 0.246 0.235 0.236 0.239 0.237 0.243 0.243 0.252 0.261 0.267 0.282 0.292 0.305 0.000 0.000 0.000 0.000 0.000 0.000 0.000 0.377 0.387 0.392 0.355 0.315 0.000
0.000 0.000 0.000 0.000 0.000 0.000 0.000 0.000 0.000 0.002 0.003 0.004 0.005 0.006 0.007 0.008 0.008 0.009 0.009 0.009 0.009 0.009 0.009 0.009 0.009 0.009 0.009 0.009 0.008 0.008 0.007 0.006 0.005 0.004 0.003 0.002 0.000 0.000 0.000 0.000 0.000 0.000 0.000 0.000 0.000 0.208 0.220 0.238 0.263 0.250 0.240 0.235 0.234 0.236 0.235 0.233 0.236 0.239 0.244 0.258 0.263 0.280 0.292 0.000 0.000 0.000 0.000 0.000 0.000 0.000 0.000 0.000 0.000 0.399 0.395 0.385 0.345
0.000 0.000 0.000 0.000 0.000 0.000 0.000 0.000 0.000 0.000 0.002 0.003 0.004 0.005 0.006 0.007 0.008 0.008 0.008 0.008 0.008 0.008 0.008 0.008 0.008 0.008 0.008 0.008 0.008 0.007 0.006 0.005 0.004 0.003 0.002 0.000 0.000 0.000 0.000 0.000 0.000 0.000 0.000 0.000 0.000 0.000 0.193 0.213 0.237 0.233 0.236 0.233 0.233 0.232 0.233 0.235 0.235 0.234 0.239 0.253 0.260 0.275 0.289 0.000 0.000 0.000 0.000 0.000 0.000 0.000 0.000 0.000 0.000 0.000 0.000 0.394 0.388
0.000 0.000 0.000 0.000 0.000 0.000 0.000 0.000 0.000 0.000 0.000 0.002 0.003 0.004 0.005 0.006 0.007 0.007 0.007 0.007 0.007 0.007 0.007 0.007 0.007 0.007 0.007 0.007 0.007 0.006 0.005 0.004 0.003 0.002 0.000 0.000 0.000 0.000 0.000 0.000 0.000 0.000 0.000 0.000 0.000 0.000 0.000 0.198 0.217 0.236 0.235 0.233 0.233 0.232 0.234 0.232 0.234 0.229 0.233 0.248 0.258 0.270 0.000 0.000 0.000 0.000 0.000 0.000 0.000 0.000 0.000 0.000 0.000 0.000 0.000 0.000 0.000
0.000 0.000 0.000 0.000 0.000 0.000 0.000 0.000 0.000 0.000 0.000 0.000 0.002 0.003 0.004 0.005 0.006 0.006 0.006 0.006 0.006 0.006 0.006 0.006 0.006 0.006 0.006 0.006 0.006 0.005 0.004 0.003 0.002 0.000 0.000 0.000 0.000 0.000 0.000 0.000 0.000 0.000 0.000 0.000 0.000 0.000 0.000 0.000 0.198 0.217 0.229 0.233 0.226 0.231 0.229 0.230 0.231 0.230 0.232 0.246 0.256 0.270 0.000 0.000 0.000 0.000 0.000 0.000 0.000 0.000 0.000 0.000 0.000 0.000 0.000 0.000 0.000
0.000 0.000 0.000 0.000 0.000 0.000 0.000 0.000 0.000 0.000 0.000 0.000 0.000 0.002 0.003 0.004 0.005 0.005 0.005 0.005 0.005 0.005 0.005 0.005 0.005 0.005 0.005 0.005 0.005 0.004 0.003 0.002 0.000 0.000 0.000 0.000 0.000 0.000 0.000 0.000 0.000 0.000 0.000 0.000 0.000 0.000 0.000 0.000 0.000 0.183 0.212 0.230 0.223 0.229 0.230 0.229 0.229 0.227 0.228 0.240 0.252 0.000 0.000 0.000 0.000 0.000 0.000 0.000 0.000 0.000 0.000 0.000 0.000 0.000 0.000 0.000 0.000
0.000 0.000 0.000 0.000 0.000 0.000 0.000 0.000 0.000 0.000 0.000 0.000 0.000 0.000 0.001 0.002 0.003 0.003 0.003 0.003 0.003 0.003 0.003 0.003 0.003 0.003 0.003 0.003 0.003 0.002 0.001 0.000 0.000 0.000 0.000 0.000 0.000 0.000 0.000 0.000 0.000 0.000 0.000 0.000 0.000 0.000 0.000 0.000 0.000 0.000 0.185 0.209 0.221 0.224 0.229 0.223 0.224 0.222 0.223 0.235 0.248 0.000 0.000 0.000 0.000 0.000 0.000 0.000 0.000 0.000 0.000 0.000 0.000 0.000 0.000 0.000 0.000
0.000 0.000 0.000 0.000 0.000 0.000 0.000 0.000 0.000 0.000 0.000 0.000 0.000 0.000 0.000 0.000 0.001 0.001 0.001 0.001 0.001 0.001 0.001 0.001 0.001 0.001 0.001 0.001 0.001 0.000 0.000 0.000 0.000 0.000 0.000 0.000 0.000 0.000 0.000 0.000 0.000 0.000 0.000 0.000 0.000 0.000 0.000 0.000 0.000 0.000 0.160 0.183 0.202 0.222 0.224 0.222 0.220 0.220 0.219 0.232 0.000 0.000 0.000 0.000 0.000 0.000 0.000 0.000 0.000 0.000 0.000 0.000 0.000 0.000 0.000 0.000 0.000
0.000 0.000 0.000 0.000 0.000 0.000 0.000 0.000 0.000 0.000 0.000 0.000 0.000 0.000 0.000 0.000 0.000 0.000 0.000 0.000 0.000 0.000 0.000 0.000 0.000 0.000 0.000 0.000 0.000 0.000 0.000 0.000 0.000 0.000 0.000 0.000 0.000 0.000 0.000 0.000 0.000 0.000 0.000 0.000 0.000 0.000 0.000 0.000 0.000 0.000 0.000 0.160 0.183 0.204 0.218 0.215 0.200 0.213 0.217 0.000 0.000 0.000 0.000 0.000 0.000 0.000 0.000 0.000 0.000 0.000 0.000 0.000 0.000 0.000 0.000 0.000 0.000
0.000 0.000 0.000 0.000 0.000 0.000 0.000 0.000 0.000 0.000 0.000 0.000 0.000 0.000 0.000 0.000 0.000 0.000 0.000 0.000 0.000 0.000 0.000 0.000 0.000 0.000 0.000 0.000 0.000 0.000 0.000 0.000 0.000 0.000 0.000 0.000 0.000 0.000 0.000 0.000 0.000 0.000 0.000 0.000 0.000 0.000 0.000 0.000 0.000 0.000 0.000 0.141 0.161 0.179 0.197 0.207 0.203 0.203 0.204 0.195 0.000 0.000 0.000 0.000 0.000 0.000 0.000 0.000 0.000 0.000 0.000 0.000 0.000 0.000 0.000 0.000 0.000
0.000 0.000 0.000 0.000 0.000 0.000 0.000 0.000 0.000 0.000 0.000 0.000 0.000 0.000 0.000 0.000 0.000 0.000 0.000 0.000 0.000 0.000 0.000 0.000 0.000 0.000 0.000 0.000 0.000 0.000 0.000 0.000 0.000 0.000 0.000 0.000 0.000 0.000 0.000 0.000 0.000 0.000 0.000 0.000 0.000 0.000 0.000 0.000 0.000 0.000 0.000 0.119 0.138 0.158 0.176 0.192 0.203 0.199 0.195 0.187 0.188 0.000 0.000 0.000 0.000 0.000 0.000 0.000 0.000 0.000 0.000 0.000 0.000 0.000 0.000 0.000 0.000
0.000 0.000 0.000 0.000 0.000 0.000 0.000 0.000 0.000 0.000 0.000 0.000 0.000 0.000 0.000 0.000 0.000 0.000 0.000 0.000 0.000 0.000 0.000 0.000 0.000 0.000 0.000 0.000 0.000 0.000 0.000 0.000 0.000 0.000 0.000 0.000 0.000 0.000 0.000 0.000 0.000 0.000 0.000 0.000 0.000 0.000 0.000 0.000 0.000 0.000 0.000 0.098 0.116 0.135 0.155 0.170 0.188 0.192 0.188 0.171 0.175 0.173 0.174 0.000 0.000 0.000 0.000 0.000 0.000 0.000 0.000 0.000 0.000 0.000 0.000 0.000 0.000
0.000 0.000 0.000 0.000 0.000 0.000 0.000 0.000 0.000 0.000 0.000 0.000 0.000 0.000 0.000 0.000 0.000 0.000 0.000 0.000 0.000 0.000 0.000 0.000 0.000 0.000 0.000 0.000 0.000 0.000 0.000 0.000 0.000 0.000 0.000 0.000 0.000 0.000 0.000 0.000 0.000 0.000 0.000 0.000 0.000 0.000 0.000 0.000 0.000 0.000 0.000 0.000 0.092 0.109 0.125 0.142 0.158 0.173 0.177 0.172 0.167 0.165 0.169 0.183 0.000 0.000 0.000 0.000 0.000 0.000 0.000 0.000 0.000 0.000 0.000 0.000 0.000
0.000 0.000 0.000 0.000 0.000 0.000 0.000 0.000 0.000 0.000 0.000 0.000 0.000 0.000 0.000 0.000 0.000 0.000 0.000 0.000 0.000 0.000 0.000 0.000 0.000 0.000 0.000 0.000 0.000 0.000 0.000 0.000 0.000 0.000 0.000 0.000 0.000 0.000 0.000 0.000 0.000 0.000 0.000 0.000 0.000 0.000 0.000 0.000 0.000 0.000 0.000 0.000 0.071 0.089 0.103 0.115 0.129 0.147 0.164 0.161 0.160 0.158 0.172 0.183 0.193 0.000 0.000 0.000 0.000 0.000 0.000 0.000 0.000 0.000 0.000 0.000 0.000
