数据/2hours/0.1-2h-150y/coupled-189-0001.wd
ncols         694
nrows         824
xllcorner     581104.939801
yllcorner     3495917.092414
cellsize      2.000000
NODATA_value  -9999.000000
[rows 714 to 747 of 824, columns 154 to 230 of 694]
0.000 0.000 0.000 0.000 0.000 0.000 0.002 0.003 0.004 0.005 0.006 0.007 0.008 0.008 0.008 0.008 0.009 0.008 0.008 0.007 0.000 0.000 0.056 0.050 0.037 0.021 0.017 0.013 0.011 0.007 0.005 0.003 0.000 0.000 0.000 0.000 0.000 0.000 0.000 0.000 0.000 0.000 0.001 0.002 0.001 0.001 0.001 0.001 0.001 0.000 0.000 0.000 0.000 0.000 0.000 0.000 0.000 0.000 0.091 0.102 0.114 0.114 0.092 0.067 0.074 0.001 0.001 0.001 0.001 0.001 0.000 0.000 0.000 0.000 0.000 0.000 0.000
0.000 0.000 0.000 0.000 0.000 0.002 0.003 0.004 0.005 0.006 0.007 0.008 0.008 0.009 0.009 0.009 0.010 0.010 0.010 0.010 0.009 0.008 0.000 0.072 0.066 0.055 0.035 0.030 0.023 0.017 0.012 0.009 0.006 0.003 0.000 0.000 0.000 0.000 0.000 0.000 0.000 0.001 0.001 0.002 0.013 0.020 0.029 0.042 0.051 0.000 0.000 0.000 0.000 0.000 0.000 0.000 0.000 0.000 0.160 0.154 0.127 0.105 0.084 0.073 0.078 0.028 0.001 0.001 0.001 0.001 0.000 0.000 0.000 0.000 0.000 0.000 0.000
0.000 0.000 0.000 0.000 0.001 0.003 0.004 0.005 0.006 0.007 0.008 0.008 0.009 0.009 0.010 0.010 0.011 0.011 0.011 0.012 0.012 0.012 0.011 0.000 0.001 0.090 0.076 0.059 0.035 0.028 0.023 0.019 0.014 0.010 0.007 0.000 0.000 0.000 0.000 0.000 0.001 0.001 0.001 0.008 0.064 0.084 0.094 0.106 0.113 0.000 0.000 0.000 0.000 0.000 0.000 0.000 0.000 0.190 0.166 0.143 0.119 0.096 0.070 0.075 0.083 0.079 0.001 0.001 0.001 0.000 0.000 0.000 0.000 0.000 0.000 0.000 0.000
0.000 0.000 0.000 0.000 0.002 0.004 0.005 0.006 0.007 0.008 0.008 0.009 0.009 0.010 0.010 0.011 0.011 0.012 0.013 0.013 0.014 0.015 0.016 0.017 0.020 0.002 0.109 0.092 0.068 0.043 0.038 0.031 0.026 0.020 0.015 0.010 0.005 0.000 0.000 0.000 0.001 0.001 0.002 0.050 0.109 0.150 0.160 0.170 0.000 0.000 0.000 0.000 0.000 0.000 0.000 0.000 0.000 0.183 0.158 0.131 0.111 0.087 0.067 0.075 0.086 0.096 0.034 0.001 0.001 0.000 0.000 0.000 0.000 0.000 0.000 0.000 0.000
0.000 0.000 0.000 0.001 0.003 0.005 0.006 0.007 0.007 0.008 0.009 0.009 0.010 0.010 0.011 0.011 0.012 0.013 0.013 0.014 0.015 0.017 0.019 0.023 0.031 0.045 0.002 0.115 0.097 0.070 0.054 0.048 0.040 0.032 0.027 0.022 0.019 0.015 0.000 0.001 0.001 0.001 0.037 0.094 0.152 0.207 0.221 0.232 0.000 0.000 0.000 0.000 0.000 0.000 0.000 0.000 0.000 0.174 0.148 0.121 0.100 0.075 0.074 0.081 0.087 0.095 0.083 0.002 0.000 0.000 0.000 0.000 0.000 0.000 0.000 0.000 0.000
0.000 0.000 0.000 0.001 0.003 0.005 0.006 0.007 0.008 0.008 0.009 0.010 0.010 0.011 0.011 0.012 0.013 0.013 0.014 0.015 0.016 0.018 0.020 0.023 0.026 0.031 0.020 0.001 0.000 0.080 0.070 0.061 0.052 0.045 0.039 0.037 0.034 0.031 0.028 0.016 0.018 0.033 0.082 0.136 0.191 0.249 0.282 0.294 0.000 0.000 0.000 0.000 0.000 0.000 0.000 0.000 0.000 0.161 0.138 0.115 0.092 0.066 0.073 0.085 0.092 0.100 0.110 0.039 0.000 0.000 0.000 0.000 0.000 0.000 0.000 0.000 0.000
0.000 0.000 0.000 0.001 0.003 0.005 0.006 0.007 0.008 0.009 0.009 0.010 0.010 0.011 0.012 0.012 0.013 0.013 0.014 0.015 0.016 0.018 0.019 0.021 0.023 0.024 0.019 0.014 0.009 0.000 0.084 0.077 0.069 0.058 0.054 0.055 0.052 0.053 0.049 0.000 0.000 0.066 0.121 0.177 0.233 0.288 0.344 0.355 0.366 0.342 0.000 0.000 0.000 0.000 0.000 0.000 0.183 0.155 0.131 0.104 0.082 0.069 0.076 0.087 0.098 0.105 0.114 0.087 0.000 0.000 0.000 0.000 0.000 0.000 0.000 0.000 0.000
0.000 0.000 0.000 0.001 0.003 0.005 0.006 0.007 0.008 0.009 0.009 0.010 0.011 0.011 0.012 0.012 0.013 0.014 0.014 0.015 0.016 0.017 0.018 0.019 0.020 0.020 0.018 0.015 0.012 0.008 0.000 0.093 0.086 0.074 0.073 0.072 0.071 0.072 0.000 0.000 0.000 0.000 0.162 0.220 0.274 0.330 0.384 0.380 0.357 0.335 0.312 0.289 0.000 0.000 0.000 0.000 0.169 0.145 0.122 0.101 0.070 0.072 0.083 0.093 0.102 0.110 0.118 0.000 0.000 0.000 0.000 0.000 0.000 0.000 0.000 0.000 0.000
0.000 0.000 0.000 0.001 0.003 0.005 0.006 0.007 0.008 0.009 0.009 0.010 0.011 0.011 0.012 0.012 0.013 0.014 0.014 0.015 0.016 0.016 0.017 0.018 0.018 0.018 0.016 0.015 0.013 0.011 0.008 0.000 0.001 0.096 0.092 0.091 0.090 0.000 0.000 0.000 0.000 0.000 0.000 0.262 0.317 0.340 0.360 0.000 0.000 0.327 0.303 0.279 0.255 0.234 0.000 0.000 0.162 0.139 0.111 0.087 0.069 0.074 0.085 0.096 0.107 0.116 0.124 0.000 0.000 0.000 0.000 0.000 0.000 0.000 0.000 0.000 0.000
0.000 0.000 0.000 0.001 0.003 0.005 0.006 0.007 0.008 0.009 0.010 0.010 0.011 0.011 0.012 0.012 0.013 0.013 0.014 0.015 0.015 0.016 0.016 0.017 0.017 0.016 0.015 0.014 0.013 0.011 0.009 0.007 0.005 0.000 0.113 0.107 0.000 0.000 0.000 0.000 0.000 0.000 0.000 0.276 0.296 0.317 0.338 0.000 0.000 0.000 0.000 0.271 0.249 0.225 0.198 0.176 0.152 0.125 0.102 0.081 0.071 0.083 0.092 0.101 0.111 0.120 0.126 0.000 0.000 0.000 0.000 0.000 0.000 0.000 0.000 0.000 0.000
0.000 0.000 0.000 0.001 0.003 0.005 0.006 0.007 0.008 0.009 0.009 0.010 0.011 0.011 0.012 0.012 0.013 0.013 0.014 0.014 0.015 0.015 0.015 0.016 0.016 0.015 0.015 0.014 0.013 0.011 0.010 0.009 0.007 0.005 0.001 0.123 0.116 0.000 0.000 0.000 0.000 0.000 0.000 0.252 0.272 0.294 0.314 0.328 0.000 0.000 0.000 0.000 0.000 0.218 0.188 0.165 0.142 0.120 0.082 0.069 0.072 0.085 0.096 0.105 0.114 0.123 0.000 0.000 0.000 0.000 0.000 0.000 0.000 0.000 0.000 0.000 0.000
0.000 0.000 0.000 0.001 0.003 0.005 0.006 0.007 0.008 0.009 0.009 0.010 0.010 0.011 0.011 0.012 0.012 0.013 0.013 0.014 0.014 0.014 0.015 0.015 0.015 0.014 0.014 0.013 0.012 0.011 0.010 0.009 0.008 0.007 0.005 0.000 0.135 0.134 0.000 0.000 0.000 0.000 0.000 0.000 0.248 0.000 0.000 0.309 0.297 0.000 0.000 0.000 0.000 0.000 0.000 0.156 0.135 0.114 0.083 0.066 0.082 0.094 0.102 0.107 0.115 0.123 0.000 0.000 0.000 0.000 0.000 0.000 0.000 0.000 0.000 0.000 0.000
0.000 0.000 0.000 0.001 0.003 0.005 0.006 0.007 0.008 0.009 0.009 0.010 0.010 0.011 0.011 0.012 0.012 0.013 0.013 0.013 0.014 0.014 0.014 0.014 0.014 0.014 0.013 0.013 0.012 0.011 0.010 0.010 0.009 0.008 0.006 0.004 0.001 0.152 0.172 0.000 0.000 0.000 0.000 0.000 0.000 0.000 0.000 0.000 0.277 0.000 0.000 0.000 0.000 0.000 0.170 0.144 0.123 0.101 0.073 0.073 0.086 0.091 0.099 0.108 0.116 0.123 0.000 0.000 0.000 0.000 0.000 0.000 0.000 0.000 0.000 0.000 0.000
0.000 0.000 0.000 0.001 0.003 0.005 0.006 0.007 0.008 0.008 0.009 0.010 0.010 0.011 0.011 0.011 0.012 0.012 0.013 0.013 0.013 0.013 0.013 0.013 0.013 0.013 0.013 0.012 0.012 0.011 0.010 0.010 0.009 0.008 0.007 0.006 0.004 0.000 0.143 0.161 0.000 0.000 0.000 0.000 0.000 0.000 0.000 0.000 0.258 0.000 0.000 0.000 0.000 0.000 0.161 0.137 0.114 0.093 0.062 0.077 0.086 0.095 0.106 0.113 0.121 0.000 0.000 0.000 0.000 0.000 0.000 0.000 0.000 0.000 0.000 0.000 0.000
0.000 0.000 0.000 0.001 0.003 0.005 0.006 0.007 0.007 0.008 0.009 0.009 0.010 0.010 0.011 0.011 0.012 0.012 0.012 0.012 0.013 0.013 0.013 0.013 0.013 0.013 0.012 0.012 0.011 0.011 0.010 0.009 0.009 0.008 0.007 0.006 0.005 0.003 0.001 0.135 0.153 0.000 0.000 0.000 0.000 0.000 0.000 0.244 0.238 0.000 0.000 0.000 0.000 0.171 0.151 0.129 0.101 0.079 0.071 0.078 0.086 0.097 0.106 0.115 0.125 0.136 0.144 0.000 0.000 0.000 0.000 0.000 0.000 0.000 0.000 0.000 0.000
0.000 0.000 0.000 0.000 0.002 0.004 0.005 0.006 0.007 0.008 0.008 0.009 0.009 0.010 0.010 0.011 0.011 0.011 0.012 0.012 0.012 0.012 0.012 0.012 0.012 0.012 0.012 0.011 0.011 0.010 0.010 0.009 0.009 0.008 0.007 0.006 0.005 0.003 0.001 0.000 0.123 0.137 0.000 0.000 0.000 0.000 0.000 0.000 0.000 0.000 0.000 0.000 0.000 0.152 0.140 0.123 0.094 0.069 0.069 0.078 0.090 0.099 0.108 0.119 0.131 0.139 0.148 0.160 0.172 0.000 0.000 0.000 0.000 0.000 0.000 0.000 0.000
0.000 0.000 0.000 0.000 0.001 0.003 0.004 0.005 0.006 0.007 0.008 0.008 0.009 0.010 0.010 0.010 0.011 0.011 0.011 0.011 0.012 0.012 0.012 0.012 0.012 0.011 0.011 0.011 0.011 0.010 0.010 0.009 0.008 0.008 0.007 0.006 0.005 0.003 0.001 0.000 0.000 0.105 0.119 0.138 0.000 0.000 0.000 0.000 0.000 0.000 0.000 0.000 0.142 0.129 0.118 0.106 0.083 0.065 0.076 0.084 0.092 0.102 0.112 0.123 0.134 0.144 0.155 0.167 0.178 0.188 0.195 0.000 0.000 0.000 0.000 0.000 0.000
0.000 0.000 0.000 0.000 0.000 0.002 0.003 0.004 0.005 0.006 0.007 0.008 0.009 0.009 0.010 0.010 0.010 0.011 0.011 0.011 0.011 0.011 0.011 0.011 0.011 0.011 0.011 0.010 0.010 0.010 0.009 0.009 0.008 0.007 0.007 0.006 0.005 0.003 0.001 0.000 0.000 0.000 0.095 0.112 0.131 0.000 0.000 0.000 0.000 0.000 0.000 0.000 0.126 0.111 0.103 0.088 0.073 0.066 0.075 0.082 0.091 0.101 0.111 0.122 0.133 0.146 0.160 0.172 0.181 0.191 0.200 0.211 0.164 0.000 0.000 0.000 0.000
0.000 0.000 0.000 0.000 0.000 0.000 0.002 0.003 0.004 0.005 0.006 0.007 0.008 0.009 0.009 0.009 0.010 0.010 0.010 0.010 0.011 0.011 0.011 0.011 0.011 0.010 0.010 0.010 0.010 0.009 0.009 0.008 0.008 0.007 0.006 0.005 0.004 0.002 0.000 0.000 0.000 0.000 0.000 0.088 0.105 0.125 0.000 0.000 0.000 0.000 0.000 0.117 0.102 0.091 0.081 0.067 0.061 0.063 0.072 0.080 0.092 0.103 0.112 0.123 0.134 0.000 0.000 0.000 0.184 0.194 0.205 0.216 0.209 0.126 0.062 0.000 0.000
0.000 0.000 0.000 0.000 0.000 0.000 0.000 0.002 0.003 0.004 0.005 0.006 0.007 0.008 0.008 0.009 0.009 0.010 0.010 0.010 0.010 0.010 0.010 0.010 0.010 0.010 0.010 0.009 0.009 0.009 0.008 0.008 0.007 0.006 0.005 0.004 0.003 0.001 0.000 0.000 0.000 0.000 0.000 0.000 0.081 0.100 0.121 0.000 0.000 0.000 0.000 0.098 0.083 0.071 0.064 0.065 0.064 0.064 0.074 0.082 0.092 0.102 0.113 0.126 0.141 0.000 0.000 0.000 0.000 0.000 0.210 0.221 0.231 0.172 0.135 0.098 0.000
0.000 0.000 0.000 0.000 0.000 0.000 0.000 0.000 0.002 0.003 0.004 0.005 0.006 0.007 0.008 0.008 0.009 0.009 0.009 0.009 0.010 0.010 0.010 0.010 0.010 0.009 0.009 0.009 0.009 0.008 0.008 0.007 0.006 0.005 0.004 0.003 0.002 0.000 0.000 0.000 0.000 0.000 0.000 0.000 0.060 0.078 0.096 0.115 0.000 0.100 0.087 0.077 0.064 0.063 0.063 0.063 0.062 0.060 0.072 0.083 0.092 0.101 0.111 0.124 0.000 0.000 0.000 0.000 0.000 0.000 0.000 0.223 0.234 0.243 0.207 0.170 0.000
0.000 0.000 0.000 0.000 0.000 0.000 0.000 0.000 0.000 0.002 0.003 0.004 0.005 0.006 0.007 0.008 0.008 0.008 0.009 0.009 0.009 0.009 0.009 0.009 0.009 0.009 0.009 0.008 0.008 0.008 0.007 0.006 0.005 0.004 0.003 0.002 0.000 0.000 0.000 0.000 0.000 0.000 0.000 0.000 0.000 0.055 0.071 0.088 0.103 0.084 0.071 0.068 0.065 0.063 0.062 0.060 0.061 0.059 0.067 0.077 0.088 0.099 0.109 0.000 0.000 0.000 0.000 0.000 0.000 0.000 0.000 0.000 0.000 0.252 0.249 0.243 0.207
0.000 0.000 0.000 0.000 0.000 0.000 0.000 0.000 0.000 0.000 0.002 0.003 0.004 0.005 0.006 0.007 0.007 0.008 0.008 0.008 0.008 0.008 0.008 0.008 0.008 0.008 0.008 0.008 0.007 0.007 0.006 0.005 0.004 0.003 0.002 0.000 0.000 0.000 0.000 0.000 0.000 0.000 0.000 0.000 0.000 0.000 0.051 0.064 0.080 0.071 0.071 0.070 0.065 0.063 0.059 0.058 0.058 0.059 0.066 0.075 0.085 0.095 0.104 0.000 0.000 0.000 0.000 0.000 0.000 0.000 0.000 0.000 0.000 0.000 0.000 0.255 0.253
0.000 0.000 0.000 0.000 0.000 0.000 0.000 0.000 0.000 0.000 0.000 0.002 0.003 0.004 0.005 0.006 0.007 0.007 0.007 0.007 0.007 0.007 0.007 0.007 0.007 0.007 0.007 0.007 0.007 0.006 0.005 0.004 0.003 0.002 0.000 0.000 0.000 0.000 0.000 0.000 0.000 0.000 0.000 0.000 0.000 0.000 0.000 0.041 0.058 0.072 0.071 0.065 0.062 0.063 0.060 0.058 0.059 0.061 0.065 0.075 0.085 0.095 0.000 0.000 0.000 0.000 0.000 0.000 0.000 0.000 0.000 0.000 0.000 0.000 0.000 0.000 0.000
0.000 0.000 0.000 0.000 0.000 0.000 0.000 0.000 0.000 0.000 0.000 0.000 0.002 0.003 0.004 0.005 0.006 0.006 0.006 0.006 0.006 0.006 0.006 0.006 0.006 0.006 0.006 0.006 0.006 0.005 0.004 0.003 0.002 0.000 0.000 0.000 0.000 0.000 0.000 0.000 0.000 0.000 0.000 0.000 0.000 0.000 0.000 0.000 0.033 0.055 0.069 0.063 0.063 0.062 0.057 0.060 0.061 0.064 0.065 0.075 0.085 0.094 0.000 0.000 0.000 0.000 0.000 0.000 0.000 0.000 0.000 0.000 0.000 0.000 0.000 0.000 0.000
0.000 0.000 0.000 0.000 0.000 0.000 0.000 0.000 0.000 0.000 0.000 0.000 0.000 0.002 0.003 0.004 0.005 0.005 0.005 0.005 0.005 0.005 0.005 0.005 0.005 0.005 0.005 0.005 0.005 0.004 0.003 0.002 0.000 0.000 0.000 0.000 0.000 0.000 0.000 0.000 0.000 0.000 0.000 0.000 0.000 0.000 0.000 0.000 0.000 0.027 0.052 0.062 0.064 0.059 0.056 0.058 0.060 0.063 0.061 0.071 0.083 0.000 0.000 0.000 0.000 0.000 0.000 0.000 0.000 0.000 0.000 0.000 0.000 0.000 0.000 0.000 0.000
0.000 0.000 0.000 0.000 0.000 0.000 0.000 0.000 0.000 0.000 0.000 0.000 0.000 0.000 0.001 0.002 0.003 0.003 0.003 0.003 0.003 0.003 0.003 0.003 0.003 0.003 0.003 0.003 0.003 0.002 0.001 0.000 0.000 0.000 0.000 0.000 0.000 0.000 0.000 0.000 0.000 0.000 0.000 0.000 0.000 0.000 0.000 0.000 0.000 0.000 0.026 0.044 0.058 0.056 0.058 0.056 0.060 0.059 0.058 0.068 0.078 0.000 0.000 0.000 0.000 0.000 0.000 0.000 0.000 0.000 0.000 0.000 0.000 0.000 0.000 0.000 0.000
0.000 0.000 0.000 0.000 0.000 0.000 0.000 0.000 0.000 0.000 0.000 0.000 0.000 0.000 0.000 0.000 0.001 0.001 0.001 0.001 0.001 0.001 0.001 0.001 0.001 0.001 0.001 0.001 0.001 0.000 0.000 0.000 0.000 0.000 0.000 0.000 0.000 0.000 0.000 0.000 0.000 0.000 0.000 0.000 0.000 0.000 0.000 0.000 0.000 0.000 0.004 0.025 0.043 0.057 0.054 0.054 0.054 0.056 0.054 0.067 0.000 0.000 0.000 0.000 0.000 0.000 0.000 0.000 0.000 0.000 0.000 0.000 0.000 0.000 0.000 0.000 0.000
0.000 0.000 0.000 0.000 0.000 0.000 0.000 0.000 0.000 0.000 0.000 0.000 0.000 0.000 0.000 0.000 0.000 0.000 0.000 0.000 0.000 0.000 0.000 0.000 0.000 0.000 0.000 0.000 0.000 0.000 0.000 0.000 0.000 0.000 0.000 0.000 0.000 0.000 0.000 0.000 0.000 0.000 0.000 0.000 0.000 0.000 0.000 0.000 0.000 0.000 0.000 0.002 0.026 0.043 0.052 0.052 0.037 0.047 0.046 0.000 0.000 0.000 0.000 0.000 0.000 0.000 0.000 0.000 0.000 0.000 0.000 0.000 0.000 0.000 0.000 0.000 0.000
0.000 0.000 0.000 0.000 0.000 0.000 0.000 0.000 0.000 0.000 0.000 0.000 0.000 0.000 0.000 0.000 0.000 0.000 0.000 0.000 0.000 0.000 0.000 0.000 0.000 0.000 0.000 0.000 0.000 0.000 0.000 0.000 0.000 0.000 0.000 0.000 0.000 0.000 0.000 0.000 0.000 0.000 0.000 0.000 0.000 0.000 0.000 0.000 0.000 0.000 0.000 0.001 0.001 0.017 0.036 0.048 0.041 0.041 0.041 0.037 0.000 0.000 0.000 0.000 0.000 0.000 0.000 0.000 0.000 0.000 0.000 0.000 0.000 0.000 0.000 0.000 0.000
0.000 0.000 0.000 0.000 0.000 0.000 0.000 0.000 0.000 0.000 0.000 0.000 0.000 0.000 0.000 0.000 0.000 0.000 0.000 0.000 0.000 0.000 0.000 0.000 0.000 0.000 0.000 0.000 0.000 0.000 0.000 0.000 0.000 0.000 0.000 0.000 0.000 0.000 0.000 0.000 0.000 0.000 0.000 0.000 0.000 0.000 0.000 0.000 0.000 0.000 0.000 0.001 0.001 0.001 0.009 0.029 0.037 0.039 0.034 0.034 0.037 0.000 0.000 0.000 0.000 0.000 0.000 0.000 0.000 0.000 0.000 0.000 0.000 0.000 0.000 0.000 0.000
0.000 0.000 0.000 0.000 0.000 0.000 0.000 0.000 0.000 0.000 0.000 0.000 0.000 0.000 0.000 0.000 0.000 0.000 0.000 0.000 0.000 0.000 0.000 0.000 0.000 0.000 0.000 0.000 0.000 0.000 0.000 0.000 0.000 0.000 0.000 0.000 0.000 0.000 0.000 0.000 0.000 0.000 0.000 0.000 0.000 0.000 0.000 0.000 0.000 0.000 0.000 0.001 0.001 0.001 0.001 0.005 0.024 0.035 0.034 0.026 0.028 0.027 0.026 0.000 0.000 0.000 0.000 0.000 0.000 0.000 0.000 0.000 0.000 0.000 0.000 0.000 0.000
0.000 0.000 0.000 0.000 0.000 0.000 0.000 0.000 0.000 0.000 0.000 0.000 0.000 0.000 0.000 0.000 0.000 0.000 0.000 0.000 0.000 0.000 0.000 0.000 0.000 0.000 0.000 0.000 0.000 0.000 0.000 0.000 0.000 0.000 0.000 0.000 0.000 0.000 0.000 0.000 0.000 0.000 0.000 0.000 0.000 0.000 0.000 0.000 0.000 0.000 0.000 0.000 0.001 0.003 0.003 0.003 0.003 0.019 0.027 0.021 0.024 0.021 0.021 0.023 0.000 0.000 0.000 0.000 0.000 0.000 0.000 0.000 0.000 0.000 0.000 0.000 0.000
0.000 0.000 0.000 0.000 0.000 0.000 0.000 0.000 0.000 0.000 0.000 0.000 0.000 0.000 0.000 0.000 0.000 0.000 0.000 0.000 0.000 0.000 0.000 0.000 0.000 0.000 0.000 0.000 0.000 0.000 0.000 0.000 0.000 0.000 0.000 0.000 0.000 0.000 0.000 0.000 0.000 0.000 0.000 0.000 0.000 0.000 0.000 0.000 0.000 0.000 0.000 0.000 0.001 0.003 0.003 0.003 0.003 0.002 0.010 0.018 0.015 0.014 0.016 0.019 0.024 0.000 0.000 0.000 0.000 0.000 0.000 0.000 0.000 0.000 0.000 0.000 0.000
