数据/200y_3h/200y_3h_res_2/200y_3h_182-0001.wd
ncols         694
nrows         824
xllcorner     581104.939801
yllcorner     3495917.092414
cellsize      2.000000
NODATA_value  -9999.000000
[rows 306 to 339 of 824, columns 462 to 538 of 694]
0.112 0.110 0.107 0.106 0.105 0.105 0.106 0.107 0.102 0.094 0.087 0.078 0.070 0.062 0.054 0.045 0.036 0.027 0.022 0.017 0.013 0.013 0.018 0.024 0.030 0.035 0.039 0.042 0.044 0.044 0.042 0.039 0.035 0.031 0.026 0.022 0.018 0.015 0.016 0.000 0.000 0.000 0.000 0.000 0.000 0.000 0.000 0.000 0.000 0.000 0.000 0.000 0.000 0.000 0.040 0.040 0.042 0.047 0.000 0.006 0.007 0.007 0.007 0.008 0.018 0.047 0.000 0.000 0.000 0.000 0.015 0.027 0.040 0.053 0.066 0.066 0.062
0.144 0.123 0.115 0.112 0.112 0.112 0.113 0.114 0.115 0.112 0.103 0.095 0.087 0.078 0.069 0.059 0.048 0.039 0.032 0.026 0.021 0.019 0.020 0.025 0.029 0.031 0.037 0.041 0.042 0.042 0.041 0.039 0.036 0.032 0.028 0.024 0.021 0.023 0.033 0.000 0.000 0.000 0.000 0.000 0.000 0.000 0.000 0.000 0.000 0.000 0.000 0.000 0.000 0.000 0.000 0.000 0.000 0.039 0.037 0.028 0.024 0.022 0.019 0.019 0.028 0.000 0.000 0.000 0.000 0.000 0.031 0.046 0.058 0.061 0.058 0.056 0.054
0.123 0.119 0.118 0.117 0.118 0.119 0.120 0.122 0.122 0.122 0.121 0.112 0.104 0.094 0.084 0.073 0.061 0.052 0.044 0.036 0.030 0.026 0.025 0.025 0.024 0.000 0.032 0.038 0.041 0.041 0.040 0.039 0.036 0.033 0.029 0.026 0.024 0.025 0.000 0.000 0.000 0.000 0.000 0.000 0.000 0.000 0.000 0.000 0.000 0.000 0.000 0.000 0.000 0.000 0.000 0.000 0.000 0.000 0.000 0.022 0.025 0.026 0.022 0.023 0.034 0.000 0.000 0.000 0.000 0.040 0.052 0.057 0.054 0.051 0.049 0.048 0.047
0.117 0.120 0.122 0.124 0.125 0.127 0.129 0.130 0.130 0.130 0.130 0.131 0.121 0.111 0.099 0.086 0.075 0.065 0.056 0.047 0.040 0.034 0.031 0.029 0.026 0.022 0.031 0.037 0.039 0.040 0.040 0.039 0.036 0.034 0.031 0.028 0.026 0.023 0.015 0.010 0.008 0.000 0.000 0.000 0.000 0.000 0.000 0.000 0.000 0.000 0.000 0.000 0.000 0.000 0.000 0.000 0.000 0.000 0.000 0.000 0.000 0.000 0.018 0.025 0.030 0.039 0.000 0.000 0.000 0.052 0.051 0.049 0.046 0.044 0.042 0.041 0.040
0.119 0.123 0.128 0.131 0.134 0.136 0.138 0.139 0.139 0.137 0.138 0.139 0.138 0.127 0.113 0.099 0.087 0.076 0.066 0.057 0.049 0.043 0.038 0.034 0.031 0.030 0.033 0.037 0.039 0.040 0.040 0.039 0.037 0.035 0.032 0.030 0.027 0.024 0.018 0.014 0.010 0.007 0.005 0.000 0.000 0.000 0.000 0.000 0.000 0.000 0.000 0.000 0.000 0.000 0.000 0.000 0.000 0.000 0.000 0.000 0.000 0.000 0.000 0.000 0.028 0.041 0.049 0.063 0.063 0.054 0.048 0.044 0.041 0.038 0.037 0.036 0.038
0.125 0.131 0.136 0.140 0.143 0.146 0.148 0.150 0.149 0.142 0.147 0.148 0.146 0.141 0.125 0.110 0.098 0.086 0.075 0.066 0.058 0.051 0.046 0.042 0.039 0.038 0.039 0.040 0.042 0.042 0.042 0.041 0.039 0.037 0.035 0.032 0.029 0.026 0.022 0.017 0.014 0.010 0.008 0.005 0.004 0.005 0.000 0.000 0.000 0.000 0.000 0.000 0.000 0.000 0.000 0.000 0.000 0.000 0.000 0.000 0.000 0.000 0.000 0.000 0.000 0.000 0.000 0.047 0.049 0.046 0.043 0.039 0.036 0.034 0.032 0.031 0.029
0.134 0.140 0.146 0.150 0.154 0.157 0.160 0.161 0.161 0.159 0.160 0.159 0.148 0.130 0.125 0.117 0.104 0.092 0.083 0.074 0.067 0.061 0.056 0.052 0.049 0.048 0.048 0.049 0.049 0.049 0.048 0.047 0.045 0.043 0.040 0.037 0.034 0.031 0.027 0.023 0.019 0.015 0.012 0.009 0.005 0.005 0.005 0.008 0.000 0.000 0.000 0.002 0.009 0.028 0.000 0.000 0.000 0.000 0.000 0.000 0.000 0.000 0.000 0.000 0.000 0.000 0.049 0.045 0.043 0.040 0.037 0.035 0.032 0.030 0.029 0.030 0.000
0.145 0.150 0.156 0.161 0.165 0.169 0.172 0.167 0.158 0.148 0.138 0.127 0.112 0.090 0.106 0.120 0.109 0.100 0.091 0.083 0.077 0.072 0.068 0.066 0.064 0.063 0.063 0.063 0.062 0.062 0.060 0.058 0.056 0.053 0.050 0.047 0.044 0.040 0.036 0.032 0.028 0.024 0.020 0.016 0.012 0.007 0.007 0.009 0.009 0.010 0.013 0.018 0.025 0.037 0.053 0.074 0.100 0.000 0.000 0.000 0.000 0.000 0.000 0.000 0.000 0.000 0.044 0.043 0.041 0.037 0.034 0.031 0.028 0.027 0.026 0.023 0.000
0.156 0.162 0.163 0.158 0.154 0.148 0.141 0.135 0.127 0.117 0.106 0.094 0.074 0.075 0.075 0.112 0.115 0.108 0.101 0.096 0.091 0.088 0.086 0.084 0.083 0.082 0.082 0.081 0.081 0.079 0.077 0.075 0.072 0.068 0.065 0.061 0.057 0.054 0.050 0.046 0.042 0.038 0.034 0.030 0.025 0.020 0.017 0.019 0.021 0.025 0.029 0.034 0.041 0.052 0.067 0.086 0.109 0.131 0.157 0.000 0.000 0.000 0.000 0.000 0.000 0.055 0.050 0.045 0.040 0.036 0.031 0.028 0.025 0.024 0.025 0.000 0.000
0.136 0.133 0.129 0.125 0.121 0.115 0.109 0.102 0.094 0.086 0.076 0.061 0.050 0.059 0.069 0.099 0.123 0.119 0.115 0.112 0.110 0.109 0.108 0.108 0.107 0.107 0.106 0.104 0.103 0.100 0.098 0.095 0.091 0.087 0.083 0.079 0.075 0.071 0.068 0.064 0.060 0.057 0.053 0.050 0.045 0.040 0.033 0.034 0.037 0.041 0.046 0.051 0.059 0.068 0.082 0.099 0.120 0.142 0.155 0.157 0.161 0.167 0.000 0.000 0.000 0.051 0.050 0.045 0.040 0.034 0.029 0.025 0.022 0.021 0.018 0.000 0.000
0.101 0.099 0.095 0.092 0.087 0.083 0.078 0.071 0.064 0.056 0.046 0.029 0.037 0.046 0.059 0.087 0.125 0.133 0.132 0.132 0.132 0.132 0.133 0.133 0.133 0.133 0.132 0.130 0.128 0.126 0.122 0.118 0.114 0.109 0.104 0.100 0.096 0.092 0.088 0.084 0.081 0.078 0.075 0.072 0.068 0.064 0.058 0.050 0.054 0.058 0.063 0.069 0.076 0.085 0.098 0.114 0.125 0.128 0.131 0.133 0.135 0.136 0.135 0.141 0.000 0.058 0.053 0.046 0.039 0.032 0.026 0.021 0.019 0.019 0.000 0.000 0.000
0.068 0.066 0.062 0.059 0.055 0.050 0.046 0.041 0.035 0.028 0.018 0.019 0.025 0.033 0.048 0.076 0.117 0.152 0.154 0.155 0.157 0.159 0.160 0.161 0.161 0.160 0.159 0.158 0.155 0.152 0.148 0.144 0.139 0.134 0.129 0.124 0.119 0.114 0.110 0.107 0.104 0.101 0.099 0.096 0.093 0.089 0.084 0.076 0.072 0.076 0.081 0.086 0.093 0.103 0.109 0.106 0.105 0.105 0.107 0.108 0.107 0.100 0.107 0.109 0.096 0.072 0.057 0.046 0.037 0.029 0.022 0.017 0.015 0.013 0.000 0.000 0.000
0.035 0.033 0.030 0.027 0.024 0.021 0.017 0.014 0.010 0.007 0.005 0.010 0.015 0.023 0.037 0.067 0.112 0.164 0.178 0.181 0.184 0.187 0.188 0.189 0.189 0.189 0.187 0.186 0.183 0.179 0.175 0.169 0.164 0.159 0.155 0.149 0.145 0.140 0.136 0.132 0.129 0.126 0.124 0.121 0.118 0.115 0.111 0.104 0.094 0.094 0.098 0.104 0.108 0.100 0.093 0.088 0.084 0.083 0.083 0.082 0.081 0.079 0.080 0.079 0.072 0.061 0.049 0.039 0.031 0.023 0.017 0.012 0.012 0.000 0.000 0.000 0.000
0.006 0.005 0.005 0.004 0.003 0.001 0.000 0.000 0.000 0.000 0.002 0.005 0.009 0.015 0.029 0.061 0.110 0.164 0.205 0.208 0.212 0.215 0.218 0.218 0.218 0.218 0.216 0.214 0.211 0.208 0.202 0.195 0.190 0.185 0.181 0.175 0.170 0.166 0.162 0.159 0.156 0.154 0.152 0.149 0.147 0.143 0.139 0.132 0.124 0.112 0.115 0.103 0.093 0.083 0.075 0.069 0.064 0.060 0.057 0.056 0.054 0.052 0.051 0.049 0.044 0.038 0.032 0.026 0.020 0.014 0.010 0.007 0.006 0.017 0.000 0.000 0.000
0.000 0.000 0.000 0.000 0.000 0.000 0.000 0.000 0.000 0.000 0.001 0.003 0.005 0.010 0.023 0.058 0.112 0.165 0.220 0.237 0.241 0.245 0.248 0.248 0.248 0.247 0.246 0.244 0.241 0.236 0.230 0.220 0.216 0.212 0.207 0.201 0.196 0.192 0.189 0.186 0.184 0.182 0.180 0.178 0.175 0.173 0.169 0.163 0.149 0.123 0.120 0.110 0.098 0.087 0.077 0.069 0.061 0.056 0.051 0.046 0.043 0.039 0.036 0.032 0.027 0.021 0.015 0.011 0.008 0.005 0.003 0.002 0.001 0.000 0.000 0.000 0.000
0.000 0.000 0.000 0.000 0.000 0.000 0.000 0.000 0.000 0.000 0.000 0.001 0.002 0.007 0.020 0.059 0.115 0.000 0.222 0.266 0.271 0.275 0.280 0.000 0.000 0.000 0.000 0.000 0.000 0.000 0.000 0.241 0.242 0.240 0.235 0.225 0.222 0.219 0.215 0.213 0.212 0.210 0.208 0.207 0.205 0.195 0.180 0.162 0.143 0.118 0.116 0.118 0.121 0.110 0.100 0.091 0.082 0.074 0.068 0.062 0.056 0.051 0.046 0.041 0.035 0.029 0.023 0.018 0.014 0.011 0.008 0.006 0.004 0.003 0.002 0.001 0.000
0.000 0.000 0.000 0.000 0.000 0.000 0.000 0.000 0.000 0.000 0.000 0.000 0.001 0.010 0.000 0.000 0.117 0.000 0.000 0.283 0.000 0.000 0.000 0.000 0.000 0.000 0.000 0.000 0.000 0.000 0.000 0.000 0.000 0.000 0.000 0.247 0.249 0.247 0.241 0.241 0.240 0.239 0.229 0.216 0.202 0.188 0.172 0.155 0.136 0.111 0.111 0.111 0.114 0.118 0.120 0.110 0.101 0.093 0.085 0.078 0.071 0.064 0.058 0.052 0.045 0.039 0.033 0.027 0.022 0.018 0.014 0.011 0.008 0.006 0.005 0.003 0.002
0.000 0.000 0.000 0.000 0.000 0.000 0.000 0.000 0.000 0.000 0.000 0.000 0.000 0.000 0.000 0.000 0.000 0.000 0.000 0.000 0.000 0.000 0.000 0.000 0.000 0.000 0.000 0.000 0.000 0.000 0.000 0.000 0.000 0.000 0.000 0.000 0.000 0.000 0.266 0.261 0.249 0.236 0.220 0.208 0.194 0.180 0.164 0.148 0.128 0.106 0.104 0.104 0.106 0.109 0.114 0.119 0.118 0.110 0.102 0.094 0.086 0.079 0.071 0.064 0.057 0.050 0.044 0.038 0.032 0.027 0.022 0.018 0.015 0.012 0.009 0.007 0.005
0.000 0.000 0.000 0.000 0.000 0.000 0.000 0.000 0.000 0.000 0.000 0.000 0.000 0.000 0.000 0.000 0.000 0.000 0.000 0.000 0.000 0.000 0.000 0.000 0.000 0.000 0.000 0.000 0.000 0.000 0.000 0.000 0.000 0.000 0.000 0.000 0.000 0.000 0.000 0.000 0.000 0.000 0.209 0.199 0.187 0.170 0.156 0.139 0.118 0.099 0.097 0.096 0.097 0.100 0.104 0.109 0.115 0.122 0.118 0.109 0.101 0.093 0.085 0.077 0.070 0.062 0.055 0.049 0.043 0.037 0.032 0.028 0.024 0.020 0.017 0.013 0.011
0.000 0.000 0.000 0.000 0.000 0.000 0.000 0.000 0.000 0.000 0.000 0.000 0.000 0.000 0.000 0.000 0.000 0.000 0.000 0.000 0.000 0.000 0.000 0.000 0.000 0.000 0.000 0.000 0.000 0.000 0.000 0.000 0.000 0.000 0.000 0.000 0.000 0.000 0.000 0.000 0.000 0.000 0.000 0.000 0.000 0.158 0.147 0.131 0.106 0.089 0.087 0.087 0.088 0.090 0.093 0.098 0.104 0.110 0.117 0.124 0.116 0.107 0.099 0.090 0.082 0.074 0.067 0.061 0.055 0.050 0.045 0.041 0.037 0.033 0.029 0.025 0.021
0.000 0.000 0.000 0.000 0.000 0.000 0.000 0.000 0.000 0.000 0.000 0.000 0.000 0.000 0.000 0.000 0.000 0.000 0.000 0.000 0.000 0.000 0.000 0.000 0.000 0.000 0.000 0.000 0.000 0.000 0.000 0.000 0.000 0.000 0.000 0.000 0.000 0.000 0.000 0.000 0.000 0.000 0.000 0.000 0.000 0.000 0.000 0.000 0.087 0.078 0.074 0.076 0.078 0.081 0.083 0.087 0.093 0.099 0.105 0.111 0.117 0.121 0.112 0.103 0.094 0.087 0.080 0.074 0.069 0.064 0.060 0.057 0.053 0.049 0.045 0.040 0.035
0.000 0.000 0.000 0.000 0.000 0.000 0.000 0.000 0.000 0.000 0.000 0.000 0.000 0.000 0.000 0.000 0.000 0.000 0.000 0.000 0.000 0.000 0.000 0.000 0.000 0.000 0.000 0.000 0.000 0.000 0.000 0.000 0.000 0.000 0.000 0.000 0.000 0.000 0.000 0.000 0.000 0.000 0.000 0.000 0.000 0.000 0.000 0.000 0.000 0.000 0.056 0.065 0.070 0.073 0.071 0.076 0.082 0.088 0.093 0.098 0.103 0.109 0.115 0.114 0.106 0.099 0.093 0.089 0.085 0.082 0.079 0.076 0.073 0.068 0.063 0.058 0.052
0.000 0.000 0.000 0.000 0.000 0.000 0.000 0.000 0.000 0.000 0.000 0.000 0.000 0.000 0.000 0.000 0.000 0.000 0.000 0.000 0.000 0.000 0.000 0.000 0.000 0.000 0.000 0.000 0.000 0.000 0.000 0.000 0.000 0.000 0.000 0.000 0.000 0.000 0.000 0.000 0.000 0.000 0.000 0.000 0.000 0.000 0.000 0.000 0.000 0.000 0.000 0.000 0.000 0.000 0.054 0.066 0.074 0.080 0.080 0.084 0.089 0.094 0.097 0.104 0.112 0.112 0.108 0.106 0.104 0.103 0.101 0.098 0.094 0.090 0.084 0.077 0.069
0.000 0.000 0.000 0.000 0.000 0.000 0.000 0.000 0.000 0.000 0.000 0.000 0.000 0.000 0.000 0.000 0.000 0.000 0.000 0.000 0.000 0.000 0.000 0.000 0.000 0.000 0.000 0.000 0.000 0.000 0.000 0.000 0.000 0.000 0.000 0.000 0.000 0.000 0.000 0.000 0.000 0.000 0.000 0.000 0.000 0.000 0.000 0.000 0.000 0.000 0.000 0.000 0.000 0.000 0.000 0.000 0.000 0.000 0.062 0.067 0.072 0.076 0.074 0.084 0.096 0.109 0.123 0.125 0.126 0.126 0.125 0.122 0.118 0.112 0.104 0.096 0.087
0.000 0.000 0.000 0.000 0.000 0.000 0.000 0.000 0.000 0.000 0.000 0.000 0.000 0.000 0.000 0.000 0.000 0.000 0.000 0.000 0.000 0.000 0.000 0.000 0.000 0.000 0.000 0.000 0.000 0.000 0.000 0.000 0.000 0.000 0.000 0.000 0.000 0.000 0.000 0.000 0.000 0.000 0.000 0.000 0.000 0.000 0.000 0.000 0.000 0.000 0.000 0.000 0.000 0.000 0.000 0.000 0.000 0.000 0.000 0.046 0.054 0.054 0.000 0.063 0.081 0.096 0.113 0.131 0.150 0.151 0.150 0.147 0.143 0.135 0.124 0.114 0.103
0.000 0.000 0.000 0.000 0.000 0.000 0.000 0.000 0.000 0.000 0.000 0.000 0.000 0.000 0.000 0.000 0.000 0.000 0.000 0.000 0.000 0.000 0.000 0.000 0.000 0.000 0.000 0.000 0.000 0.000 0.000 0.000 0.000 0.000 0.000 0.000 0.000 0.000 0.000 0.000 0.000 0.000 0.000 0.000 0.000 0.000 0.000 0.000 0.000 0.000 0.000 0.000 0.000 0.000 0.000 0.000 0.000 0.000 0.000 0.030 0.038 0.040 0.034 0.053 0.069 0.085 0.104 0.125 0.146 0.167 0.176 0.174 0.168 0.159 0.140 0.129 0.117
0.000 0.000 0.000 0.000 0.000 0.000 0.000 0.000 0.000 0.000 0.000 0.000 0.000 0.000 0.000 0.000 0.000 0.000 0.000 0.000 0.000 0.000 0.000 0.000 0.000 0.000 0.000 0.000 0.000 0.000 0.000 0.000 0.000 0.000 0.000 0.000 0.000 0.000 0.000 0.000 0.000 0.000 0.000 0.000 0.000 0.000 0.000 0.000 0.000 0.000 0.000 0.000 0.000 0.000 0.000 0.000 0.000 0.000 0.000 0.018 0.025 0.028 0.030 0.043 0.058 0.076 0.096 0.119 0.143 0.166 0.000 0.000 0.000 0.000 0.149 0.146 0.127
0.000 0.000 0.000 0.000 0.000 0.000 0.000 0.000 0.000 0.000 0.000 0.000 0.000 0.000 0.000 0.000 0.000 0.000 0.000 0.000 0.000 0.000 0.000 0.000 0.000 0.000 0.000 0.000 0.000 0.000 0.000 0.000 0.000 0.000 0.000 0.000 0.000 0.000 0.000 0.000 0.000 0.000 0.000 0.000 0.000 0.000 0.000 0.000 0.000 0.000 0.000 0.000 0.000 0.000 0.000 0.000 0.000 0.000 0.000 0.008 0.014 0.018 0.023 0.033 0.048 0.067 0.090 0.115 0.141 0.000 0.000 0.000 0.000 0.000 0.000 0.000 0.127
0.000 0.000 0.000 0.000 0.000 0.000 0.000 0.000 0.000 0.000 0.000 0.000 0.000 0.000 0.000 0.000 0.000 0.000 0.000 0.000 0.000 0.000 0.000 0.000 0.000 0.000 0.000 0.000 0.000 0.000 0.000 0.000 0.000 0.000 0.000 0.000 0.000 0.000 0.000 0.000 0.000 0.000 0.000 0.000 0.000 0.000 0.000 0.000 0.000 0.000 0.000 0.000 0.000 0.000 0.000 0.000 0.000 0.000 0.000 0.002 0.006 0.010 0.015 0.025 0.039 0.060 0.084 0.111 0.000 0.000 0.000 0.000 0.000 0.000 0.000 0.000 0.000
0.000 0.000 0.000 0.000 0.000 0.000 0.000 0.000 0.000 0.000 0.000 0.000 0.000 0.000 0.000 0.000 0.000 0.000 0.000 0.000 0.000 0.000 0.000 0.000 0.000 0.000 0.000 0.000 0.000 0.000 0.000 0.000 0.000 0.000 0.000 0.000 0.000 0.000 0.000 0.000 0.000 0.000 0.000 0.000 0.000 0.000 0.000 0.000 0.000 0.000 0.000 0.000 0.000 0.000 0.000 0.000 0.000 0.000 0.000 0.000 0.000 0.004 0.009 0.017 0.031 0.052 0.079 0.107 0.000 0.000 0.000 0.000 0.000 0.000 0.000 0.000 0.000
0.000 0.000 0.000 0.000 0.000 0.000 0.000 0.000 0.000 0.000 0.000 0.000 0.000 0.000 0.000 0.000 0.000 0.000 0.000 0.000 0.000 0.000 0.000 0.000 0.000 0.000 0.000 0.000 0.000 0.000 0.000 0.000 0.000 0.000 0.000 0.000 0.000 0.000 0.000 0.000 0.000 0.000 0.000 0.000 0.000 0.000 0.000 0.000 0.000 0.000 0.000 0.000 0.000 0.000 0.000 0.000 0.000 0.000 0.000 0.000 0.000 0.000 0.002 0.008 0.020 0.043 0.072 0.000 0.000 0.000 0.000 0.000 0.000 0.000 0.000 0.000 0.000
0.000 0.000 0.000 0.000 0.000 0.000 0.000 0.000 0.000 0.000 0.000 0.000 0.000 0.000 0.000 0.000 0.000 0.000 0.000 0.000 0.000 0.000 0.000 0.000 0.000 0.000 0.000 0.000 0.000 0.000 0.000 0.000 0.000 0.000 0.000 0.000 0.000 0.000 0.000 0.000 0.000 0.000 0.000 0.000 0.000 0.000 0.000 0.000 0.000 0.000 0.000 0.000 0.000 0.000 0.000 0.000 0.000 0.000 0.000 0.000 0.000 0.000 0.001 0.006 0.016 0.044 0.081 0.000 0.000 0.000 0.000 0.000 0.000 0.000 0.000 0.000 0.000
0.000 0.000 0.000 0.000 0.000 0.000 0.000 0.000 0.000 0.000 0.000 0.000 0.000 0.000 0.000 0.000 0.000 0.000 0.000 0.000 0.000 0.000 0.000 0.000 0.000 0.000 0.000 0.000 0.000 0.000 0.000 0.000 0.000 0.000 0.000 0.000 0.000 0.000 0.000 0.000 0.000 0.000 0.000 0.000 0.000 0.000 0.000 0.000 0.000 0.000 0.000 0.000 0.000 0.000 0.000 0.000 0.000 0.000 0.000 0.000 0.000 0.000 0.001 0.006 0.017 0.045 0.000 0.000 0.000 0.000 0.000 0.000 0.000 0.000 0.000 0.000 0.000
0.000 0.000 0.000 0.000 0.000 0.000 0.000 0.000 0.000 0.000 0.000 0.000 0.000 0.000 0.000 0.000 0.000 0.000 0.000 0.000 0.000 0.000 0.000 0.000 0.000 0.000 0.000 0.000 0.000 0.000 0.000 0.000 0.000 0.000 0.000 0.000 0.000 0.000 0.000 0.000 0.000 0.000 0.000 0.000 0.000 0.000 0.000 0.000 0.000 0.000 0.000 0.000 0.000 0.000 0.000 0.000 0.000 0.000 0.000 0.000 0.000 0.000 0.001 0.005 0.017 0.046 0.000 0.000 0.000 0.000 0.000 0.000 0.000 0.000 0.000 0.000 0.000
