数据/200y_3h/200y_3h_res_2/200y_3h_175-0001.wd
ncols         694
nrows         824
xllcorner     581104.939801
yllcorner     3495917.092414
cellsize      2.000000
NODATA_value  -9999.000000
[rows 408 to 441 of 824, columns 385 to 461 of 694]
0.000 0.000 0.000 0.000 0.000 0.000 0.000 0.000 0.000 0.000 0.000 0.000 0.000 0.000 0.000 0.000 0.000 0.000 0.000 0.000 0.000 0.000 0.000 0.000 0.000 0.000 0.000 0.000 0.000 0.000 0.000 0.000 0.103 0.112 0.122 0.130 0.139 0.140 0.139 0.139 0.139 0.138 0.138 0.000 0.000 0.000 0.000 0.000 0.000 0.000 0.045 0.045 0.045 0.045 0.045 0.043 0.038 0.033 0.028 0.023 0.018 0.013 0.007 0.000 0.000 0.000 0.000 0.000 0.000 0.000 0.000 0.000 0.000 0.000 0.000 0.000 0.000
0.000 0.000 0.000 0.000 0.000 0.000 0.000 0.000 0.000 0.000 0.000 0.000 0.000 0.000 0.000 0.000 0.000 0.000 0.000 0.000 0.000 0.000 0.000 0.000 0.000 0.000 0.000 0.000 0.000 0.000 0.000 0.101 0.110 0.118 0.127 0.134 0.141 0.141 0.138 0.138 0.140 0.140 0.139 0.000 0.000 0.000 0.000 0.000 0.000 0.046 0.046 0.046 0.046 0.046 0.045 0.045 0.045 0.041 0.036 0.031 0.026 0.021 0.015 0.010 0.002 0.000 0.000 0.000 0.000 0.000 0.000 0.000 0.000 0.000 0.000 0.000 0.000
0.000 0.000 0.000 0.000 0.000 0.000 0.000 0.000 0.000 0.000 0.000 0.000 0.000 0.000 0.000 0.000 0.000 0.000 0.000 0.000 0.000 0.000 0.000 0.000 0.000 0.000 0.000 0.000 0.000 0.000 0.000 0.104 0.111 0.120 0.130 0.137 0.142 0.141 0.141 0.140 0.142 0.141 0.141 0.000 0.000 0.000 0.000 0.000 0.000 0.046 0.046 0.046 0.046 0.046 0.045 0.045 0.045 0.045 0.043 0.039 0.033 0.028 0.023 0.018 0.012 0.006 0.000 0.000 0.000 0.000 0.000 0.000 0.000 0.000 0.000 0.000 0.000
0.000 0.000 0.000 0.000 0.000 0.000 0.000 0.000 0.000 0.000 0.000 0.000 0.000 0.000 0.000 0.000 0.000 0.000 0.000 0.000 0.000 0.000 0.000 0.000 0.000 0.000 0.000 0.000 0.000 0.000 0.000 0.105 0.113 0.122 0.130 0.138 0.141 0.141 0.142 0.141 0.145 0.145 0.142 0.000 0.000 0.000 0.000 0.000 0.000 0.047 0.047 0.047 0.046 0.046 0.046 0.046 0.045 0.045 0.045 0.044 0.041 0.036 0.031 0.025 0.020 0.014 0.008 0.001 0.000 0.000 0.000 0.000 0.000 0.000 0.000 0.000 0.000
0.000 0.000 0.000 0.000 0.000 0.000 0.000 0.000 0.000 0.000 0.000 0.000 0.000 0.000 0.000 0.000 0.000 0.000 0.000 0.000 0.000 0.000 0.000 0.000 0.000 0.000 0.000 0.000 0.000 0.000 0.000 0.107 0.116 0.123 0.132 0.142 0.141 0.141 0.143 0.143 0.144 0.145 0.000 0.000 0.000 0.000 0.000 0.000 0.000 0.047 0.047 0.047 0.047 0.047 0.046 0.046 0.045 0.045 0.045 0.044 0.044 0.043 0.038 0.033 0.027 0.022 0.016 0.010 0.002 0.000 0.000 0.000 0.000 0.000 0.000 0.000 0.000
0.000 0.000 0.000 0.000 0.000 0.000 0.000 0.000 0.000 0.000 0.000 0.000 0.000 0.000 0.000 0.000 0.000 0.000 0.000 0.000 0.000 0.000 0.000 0.000 0.000 0.000 0.000 0.000 0.000 0.000 0.098 0.108 0.117 0.125 0.135 0.143 0.143 0.141 0.140 0.141 0.142 0.143 0.000 0.000 0.000 0.000 0.000 0.000 0.049 0.049 0.048 0.048 0.048 0.047 0.047 0.046 0.046 0.045 0.045 0.044 0.043 0.043 0.042 0.040 0.035 0.029 0.023 0.018 0.012 0.004 0.000 0.000 0.000 0.000 0.000 0.000 0.000
0.000 0.000 0.000 0.000 0.000 0.000 0.000 0.000 0.000 0.000 0.000 0.000 0.000 0.000 0.000 0.000 0.000 0.000 0.000 0.000 0.000 0.000 0.000 0.000 0.000 0.000 0.000 0.000 0.000 0.000 0.103 0.111 0.120 0.128 0.137 0.146 0.144 0.143 0.140 0.141 0.143 0.143 0.000 0.000 0.000 0.000 0.000 0.000 0.050 0.050 0.049 0.049 0.048 0.048 0.047 0.047 0.046 0.045 0.045 0.044 0.044 0.043 0.042 0.041 0.040 0.036 0.031 0.025 0.019 0.013 0.005 0.000 0.000 0.000 0.000 0.000 0.000
0.000 0.000 0.000 0.000 0.000 0.000 0.000 0.000 0.000 0.000 0.000 0.000 0.000 0.000 0.000 0.000 0.000 0.000 0.000 0.000 0.000 0.000 0.000 0.000 0.000 0.000 0.000 0.000 0.000 0.000 0.106 0.115 0.121 0.131 0.140 0.147 0.144 0.141 0.138 0.143 0.146 0.000 0.000 0.000 0.000 0.000 0.000 0.000 0.051 0.051 0.050 0.050 0.049 0.049 0.048 0.047 0.047 0.046 0.045 0.044 0.044 0.043 0.042 0.041 0.040 0.039 0.038 0.032 0.026 0.020 0.014 0.007 0.000 0.000 0.000 0.000 0.000
0.000 0.000 0.000 0.000 0.000 0.000 0.000 0.000 0.000 0.000 0.000 0.000 0.000 0.000 0.000 0.000 0.000 0.000 0.000 0.000 0.000 0.000 0.000 0.000 0.000 0.000 0.000 0.000 0.000 0.000 0.104 0.114 0.123 0.134 0.144 0.145 0.142 0.140 0.141 0.144 0.143 0.000 0.000 0.000 0.000 0.000 0.000 0.053 0.052 0.052 0.051 0.051 0.050 0.049 0.049 0.048 0.047 0.046 0.045 0.045 0.044 0.043 0.042 0.041 0.040 0.039 0.037 0.036 0.033 0.027 0.021 0.014 0.007 0.000 0.000 0.000 0.000
0.000 0.000 0.000 0.000 0.000 0.000 0.000 0.000 0.000 0.000 0.000 0.000 0.000 0.000 0.000 0.000 0.000 0.000 0.000 0.000 0.000 0.000 0.000 0.000 0.000 0.000 0.000 0.000 0.091 0.102 0.110 0.117 0.128 0.137 0.147 0.146 0.142 0.144 0.146 0.144 0.141 0.000 0.000 0.000 0.000 0.000 0.000 0.053 0.053 0.053 0.052 0.052 0.051 0.050 0.050 0.049 0.048 0.047 0.046 0.045 0.044 0.043 0.042 0.041 0.039 0.038 0.037 0.036 0.034 0.033 0.028 0.021 0.015 0.007 0.000 0.000 0.000
0.000 0.000 0.000 0.000 0.000 0.000 0.000 0.000 0.000 0.000 0.000 0.000 0.000 0.000 0.000 0.000 0.000 0.000 0.000 0.000 0.000 0.000 0.000 0.000 0.000 0.000 0.000 0.000 0.087 0.096 0.112 0.121 0.130 0.140 0.145 0.145 0.143 0.145 0.145 0.140 0.146 0.000 0.000 0.000 0.000 0.000 0.000 0.054 0.054 0.054 0.053 0.053 0.052 0.051 0.050 0.049 0.048 0.047 0.046 0.045 0.044 0.043 0.042 0.040 0.039 0.038 0.037 0.035 0.034 0.032 0.030 0.028 0.021 0.014 0.006 0.000 0.000
0.000 0.000 0.000 0.000 0.000 0.000 0.000 0.000 0.000 0.000 0.000 0.000 0.000 0.000 0.000 0.000 0.000 0.000 0.000 0.000 0.000 0.000 0.000 0.000 0.000 0.000 0.000 0.000 0.091 0.100 0.110 0.124 0.128 0.140 0.144 0.142 0.145 0.141 0.144 0.140 0.144 0.000 0.000 0.000 0.000 0.000 0.000 0.056 0.056 0.055 0.055 0.054 0.053 0.052 0.051 0.050 0.049 0.048 0.047 0.045 0.044 0.043 0.042 0.040 0.039 0.038 0.036 0.035 0.033 0.031 0.029 0.028 0.025 0.021 0.014 0.005 0.000
0.000 0.000 0.000 0.000 0.000 0.000 0.000 0.000 0.000 0.000 0.000 0.000 0.000 0.000 0.000 0.000 0.000 0.000 0.000 0.000 0.000 0.000 0.000 0.000 0.000 0.000 0.000 0.000 0.094 0.108 0.115 0.123 0.131 0.139 0.147 0.143 0.146 0.144 0.143 0.145 0.141 0.000 0.000 0.000 0.000 0.000 0.058 0.057 0.057 0.057 0.056 0.055 0.054 0.053 0.052 0.051 0.050 0.048 0.047 0.046 0.044 0.043 0.042 0.040 0.039 0.037 0.036 0.034 0.032 0.031 0.029 0.027 0.024 0.022 0.019 0.012 0.002
0.000 0.000 0.000 0.000 0.000 0.000 0.000 0.000 0.000 0.000 0.000 0.000 0.000 0.000 0.000 0.000 0.000 0.000 0.000 0.000 0.000 0.000 0.000 0.000 0.000 0.000 0.000 0.000 0.100 0.108 0.117 0.122 0.132 0.141 0.146 0.147 0.146 0.145 0.143 0.144 0.146 0.000 0.000 0.000 0.000 0.000 0.058 0.058 0.058 0.058 0.058 0.057 0.056 0.054 0.053 0.052 0.050 0.049 0.048 0.046 0.045 0.043 0.042 0.040 0.039 0.037 0.035 0.034 0.032 0.030 0.028 0.026 0.023 0.021 0.018 0.014 0.010
0.000 0.000 0.000 0.000 0.000 0.000 0.000 0.000 0.000 0.000 0.000 0.000 0.000 0.000 0.000 0.000 0.000 0.000 0.000 0.000 0.000 0.000 0.000 0.000 0.000 0.000 0.000 0.094 0.101 0.111 0.117 0.125 0.134 0.144 0.148 0.147 0.148 0.145 0.143 0.143 0.141 0.000 0.000 0.000 0.000 0.000 0.058 0.058 0.060 0.060 0.059 0.058 0.057 0.055 0.054 0.053 0.051 0.050 0.048 0.046 0.045 0.043 0.042 0.040 0.038 0.037 0.035 0.033 0.031 0.029 0.027 0.025 0.023 0.020 0.017 0.013 0.009
0.000 0.000 0.000 0.000 0.000 0.000 0.000 0.000 0.000 0.000 0.000 0.000 0.000 0.000 0.000 0.000 0.000 0.000 0.000 0.000 0.000 0.000 0.000 0.000 0.000 0.000 0.000 0.095 0.105 0.109 0.120 0.128 0.138 0.145 0.146 0.147 0.145 0.145 0.143 0.144 0.142 0.136 0.135 0.000 0.000 0.000 0.000 0.000 0.065 0.064 0.062 0.060 0.058 0.057 0.055 0.053 0.052 0.050 0.048 0.047 0.045 0.043 0.041 0.040 0.038 0.036 0.034 0.032 0.031 0.028 0.026 0.024 0.021 0.019 0.016 0.012 0.008
0.000 0.000 0.000 0.000 0.000 0.000 0.000 0.000 0.000 0.000 0.000 0.000 0.000 0.000 0.000 0.000 0.000 0.000 0.000 0.000 0.000 0.000 0.000 0.000 0.000 0.000 0.000 0.098 0.104 0.111 0.123 0.133 0.139 0.144 0.146 0.147 0.146 0.144 0.144 0.141 0.140 0.137 0.133 0.126 0.121 0.117 0.000 0.079 0.072 0.068 0.064 0.062 0.060 0.058 0.056 0.054 0.052 0.050 0.049 0.047 0.045 0.043 0.041 0.039 0.038 0.036 0.034 0.032 0.030 0.028 0.025 0.023 0.020 0.017 0.014 0.011 0.007
0.000 0.000 0.000 0.000 0.000 0.000 0.000 0.000 0.000 0.000 0.000 0.000 0.000 0.000 0.000 0.000 0.000 0.000 0.000 0.000 0.000 0.000 0.000 0.000 0.000 0.000 0.000 0.098 0.106 0.112 0.125 0.132 0.141 0.150 0.149 0.148 0.146 0.146 0.142 0.143 0.139 0.134 0.130 0.125 0.119 0.112 0.099 0.086 0.077 0.071 0.067 0.063 0.061 0.059 0.057 0.055 0.053 0.051 0.049 0.047 0.045 0.043 0.041 0.039 0.037 0.035 0.033 0.031 0.029 0.026 0.024 0.022 0.019 0.016 0.013 0.009 0.005
0.000 0.000 0.000 0.000 0.000 0.000 0.000 0.000 0.000 0.000 0.000 0.000 0.000 0.000 0.000 0.000 0.000 0.000 0.000 0.000 0.000 0.000 0.000 0.000 0.000 0.000 0.000 0.099 0.106 0.114 0.124 0.134 0.147 0.164 0.151 0.146 0.147 0.144 0.142 0.142 0.000 0.131 0.129 0.124 0.116 0.108 0.097 0.087 0.078 0.072 0.068 0.065 0.062 0.059 0.057 0.055 0.053 0.051 0.049 0.047 0.045 0.042 0.040 0.038 0.036 0.034 0.032 0.030 0.027 0.025 0.023 0.020 0.017 0.014 0.010 0.006 0.004
0.000 0.000 0.000 0.000 0.000 0.000 0.000 0.000 0.000 0.000 0.000 0.000 0.000 0.000 0.000 0.000 0.000 0.000 0.000 0.000 0.000 0.000 0.000 0.000 0.000 0.000 0.000 0.099 0.109 0.115 0.128 0.136 0.148 0.152 0.148 0.150 0.145 0.145 0.144 0.000 0.000 0.000 0.000 0.000 0.110 0.105 0.093 0.084 0.077 0.072 0.068 0.065 0.062 0.060 0.058 0.055 0.053 0.051 0.049 0.046 0.044 0.042 0.040 0.038 0.035 0.033 0.031 0.028 0.026 0.023 0.020 0.017 0.014 0.010 0.008 0.006 0.004
0.000 0.000 0.000 0.000 0.000 0.000 0.000 0.000 0.000 0.000 0.000 0.000 0.000 0.000 0.000 0.000 0.000 0.000 0.000 0.000 0.000 0.000 0.000 0.000 0.000 0.000 0.094 0.103 0.109 0.118 0.128 0.138 0.148 0.148 0.148 0.146 0.145 0.146 0.000 0.000 0.000 0.000 0.000 0.000 0.000 0.000 0.082 0.079 0.075 0.071 0.068 0.065 0.063 0.060 0.058 0.055 0.053 0.051 0.048 0.046 0.043 0.041 0.039 0.036 0.034 0.032 0.029 0.027 0.024 0.021 0.017 0.013 0.011 0.010 0.008 0.006 0.004
0.000 0.000 0.000 0.000 0.000 0.000 0.000 0.000 0.000 0.000 0.000 0.000 0.000 0.000 0.000 0.000 0.000 0.000 0.000 0.000 0.000 0.000 0.000 0.000 0.000 0.000 0.096 0.101 0.112 0.117 0.130 0.138 0.147 0.144 0.142 0.146 0.147 0.147 0.000 0.000 0.000 0.000 0.000 0.000 0.000 0.000 0.077 0.075 0.073 0.070 0.068 0.065 0.063 0.060 0.058 0.055 0.053 0.050 0.048 0.045 0.043 0.040 0.038 0.035 0.033 0.030 0.027 0.024 0.021 0.017 0.014 0.013 0.012 0.010 0.008 0.007 0.004
0.000 0.000 0.000 0.000 0.000 0.000 0.000 0.000 0.000 0.000 0.000 0.000 0.000 0.000 0.000 0.000 0.000 0.000 0.000 0.000 0.000 0.000 0.000 0.000 0.000 0.000 0.096 0.104 0.110 0.119 0.129 0.138 0.145 0.144 0.146 0.145 0.147 0.000 0.000 0.000 0.000 0.000 0.072 0.072 0.073 0.073 0.073 0.073 0.071 0.069 0.067 0.065 0.062 0.060 0.057 0.055 0.052 0.049 0.047 0.044 0.041 0.039 0.036 0.033 0.030 0.027 0.024 0.020 0.016 0.016 0.014 0.013 0.012 0.010 0.009 0.007 0.005
0.000 0.000 0.000 0.000 0.000 0.000 0.000 0.000 0.000 0.000 0.000 0.000 0.000 0.000 0.000 0.000 0.000 0.000 0.000 0.000 0.000 0.000 0.000 0.000 0.000 0.000 0.096 0.104 0.112 0.118 0.130 0.139 0.144 0.143 0.141 0.142 0.141 0.000 0.000 0.000 0.000 0.000 0.000 0.073 0.073 0.073 0.073 0.072 0.070 0.068 0.066 0.064 0.062 0.059 0.057 0.054 0.051 0.048 0.046 0.043 0.040 0.037 0.034 0.031 0.027 0.023 0.019 0.018 0.017 0.016 0.015 0.014 0.012 0.011 0.009 0.007 0.006
0.000 0.000 0.000 0.000 0.000 0.000 0.000 0.000 0.000 0.000 0.000 0.000 0.000 0.000 0.000 0.000 0.000 0.000 0.000 0.000 0.000 0.000 0.000 0.000 0.000 0.000 0.096 0.104 0.112 0.119 0.131 0.138 0.144 0.142 0.146 0.140 0.144 0.000 0.000 0.000 0.000 0.000 0.000 0.000 0.000 0.000 0.072 0.071 0.069 0.068 0.066 0.064 0.061 0.059 0.056 0.053 0.050 0.047 0.044 0.041 0.037 0.034 0.030 0.026 0.022 0.021 0.019 0.018 0.017 0.016 0.015 0.014 0.013 0.011 0.010 0.008 0.007
0.000 0.000 0.000 0.000 0.000 0.000 0.000 0.000 0.000 0.000 0.000 0.000 0.000 0.000 0.000 0.000 0.000 0.000 0.000 0.000 0.000 0.000 0.000 0.000 0.000 0.085 0.094 0.107 0.112 0.121 0.129 0.141 0.140 0.139 0.139 0.141 0.000 0.000 0.000 0.000 0.000 0.000 0.000 0.000 0.000 0.000 0.000 0.000 0.068 0.067 0.065 0.063 0.061 0.058 0.055 0.052 0.049 0.045 0.041 0.038 0.034 0.030 0.025 0.023 0.022 0.021 0.020 0.019 0.018 0.017 0.016 0.014 0.013 0.012 0.010 0.010 0.006
0.000 0.000 0.000 0.000 0.000 0.000 0.000 0.000 0.000 0.000 0.000 0.000 0.000 0.000 0.000 0.000 0.000 0.000 0.000 0.000 0.000 0.000 0.000 0.000 0.000 0.086 0.094 0.106 0.113 0.122 0.130 0.141 0.138 0.140 0.137 0.139 0.000 0.000 0.000 0.000 0.000 0.000 0.000 0.000 0.000 0.000 0.000 0.000 0.000 0.000 0.000 0.061 0.060 0.058 0.054 0.050 0.046 0.042 0.038 0.033 0.029 0.026 0.025 0.024 0.023 0.021 0.020 0.019 0.018 0.017 0.016 0.015 0.014 0.013 0.012 0.012 0.004
0.000 0.000 0.000 0.000 0.000 0.000 0.000 0.000 0.000 0.000 0.000 0.000 0.000 0.000 0.000 0.000 0.000 0.000 0.006 0.000 0.000 0.000 0.000 0.000 0.000 0.085 0.097 0.105 0.114 0.122 0.132 0.137 0.137 0.137 0.138 0.138 0.000 0.000 0.000 0.000 0.000 0.000 0.000 0.000 0.000 0.000 0.000 0.000 0.000 0.000 0.000 0.000 0.000 0.000 0.051 0.049 0.042 0.037 0.032 0.028 0.027 0.026 0.025 0.024 0.023 0.022 0.021 0.020 0.019 0.018 0.017 0.016 0.015 0.014 0.015 0.012 0.003
0.000 0.000 0.000 0.000 0.000 0.000 0.000 0.000 0.000 0.000 0.000 0.000 0.000 0.000 0.000 0.000 0.000 0.002 0.007 0.016 0.024 0.000 0.000 0.000 0.000 0.084 0.097 0.106 0.115 0.122 0.131 0.135 0.135 0.134 0.135 0.135 0.000 0.000 0.000 0.000 0.000 0.000 0.000 0.000 0.000 0.000 0.000 0.000 0.000 0.000 0.000 0.000 0.000 0.000 0.000 0.000 0.032 0.029 0.029 0.028 0.027 0.026 0.025 0.024 0.023 0.022 0.021 0.020 0.019 0.018 0.018 0.017 0.016 0.017 0.019 0.012 0.002
0.000 0.000 0.000 0.000 0.000 0.000 0.000 0.000 0.000 0.000 0.000 0.000 0.000 0.000 0.000 0.000 0.000 0.002 0.008 0.017 0.026 0.035 0.000 0.000 0.000 0.084 0.094 0.104 0.114 0.123 0.130 0.133 0.133 0.134 0.134 0.000 0.000 0.000 0.000 0.000 0.000 0.000 0.000 0.000 0.000 0.000 0.000 0.000 0.000 0.000 0.000 0.000 0.000 0.000 0.000 0.000 0.025 0.027 0.027 0.027 0.026 0.026 0.025 0.024 0.024 0.023 0.022 0.021 0.020 0.019 0.019 0.019 0.020 0.023 0.021 0.014 0.005
0.000 0.000 0.000 0.000 0.000 0.000 0.000 0.000 0.000 0.000 0.000 0.000 0.000 0.001 0.002 0.002 0.002 0.002 0.009 0.018 0.027 0.036 0.045 0.056 0.068 0.082 0.092 0.102 0.112 0.122 0.130 0.132 0.132 0.133 0.133 0.000 0.000 0.000 0.000 0.000 0.000 0.000 0.000 0.000 0.000 0.000 0.000 0.000 0.000 0.000 0.000 0.000 0.000 0.000 0.000 0.000 0.022 0.024 0.025 0.026 0.026 0.025 0.025 0.024 0.024 0.023 0.022 0.022 0.021 0.021 0.022 0.024 0.028 0.032 0.025 0.018 0.010
0.013 0.011 0.009 0.007 0.003 0.000 0.000 0.000 0.000 0.000 0.000 0.000 0.002 0.002 0.003 0.003 0.004 0.004 0.008 0.018 0.028 0.037 0.047 0.057 0.068 0.081 0.091 0.100 0.110 0.120 0.129 0.129 0.130 0.130 0.131 0.000 0.000 0.000 0.000 0.000 0.000 0.000 0.000 0.000 0.000 0.000 0.000 0.000 0.000 0.000 0.000 0.000 0.000 0.000 0.000 0.006 0.019 0.022 0.024 0.025 0.025 0.025 0.025 0.025 0.024 0.024 0.023 0.023 0.023 0.025 0.029 0.034 0.039 0.037 0.031 0.023 0.014
0.028 0.025 0.024 0.022 0.018 0.015 0.011 0.007 0.002 0.000 0.002 0.003 0.003 0.004 0.005 0.005 0.006 0.007 0.009 0.017 0.028 0.037 0.047 0.057 0.068 0.079 0.090 0.099 0.109 0.119 0.126 0.127 0.128 0.129 0.129 0.000 0.000 0.000 0.000 0.000 0.000 0.000 0.000 0.000 0.000 0.000 0.000 0.000 0.000 0.000 0.000 0.000 0.000 0.000 0.000 0.007 0.017 0.020 0.022 0.024 0.024 0.025 0.025 0.025 0.025 0.024 0.024 0.025 0.027 0.032 0.041 0.000 0.000 0.042 0.037 0.027 0.019
0.000 0.000 0.038 0.034 0.031 0.027 0.023 0.019 0.016 0.012 0.009 0.006 0.006 0.006 0.007 0.008 0.009 0.011 0.013 0.015 0.026 0.037 0.047 0.057 0.067 0.078 0.088 0.098 0.108 0.119 0.124 0.125 0.126 0.127 0.000 0.000 0.000 0.000 0.000 0.000 0.000 0.000 0.000 0.000 0.000 0.000 0.000 0.000 0.000 0.000 0.000 0.000 0.000 0.000 0.000 0.007 0.015 0.019 0.022 0.023 0.024 0.025 0.026 0.026 0.026 0.026 0.027 0.028 0.032 0.037 0.000 0.000 0.000 0.000 0.000 0.030 0.023
