数据/200y_3h/200y_3h_res_2/200y_3h_358-0001.wd
ncols         694
nrows         824
xllcorner     581104.939801
yllcorner     3495917.092414
cellsize      2.000000
NODATA_value  -9999.000000
[rows 306 to 339 of 824, columns 462 to 538 of 694]
0.004 0.005 0.005 0.006 0.006 0.006 0.006 0.006 0.004 0.002 0.001 0.001 0.001 0.001 0.001 0.001 0.001 0.000 0.001 0.001 0.001 0.001 0.001 0.001 0.001 0.001 0.002 0.004 0.005 0.007 0.007 0.006 0.005 0.004 0.003 0.003 0.002 0.002 0.003 0.000 0.000 0.000 0.000 0.000 0.000 0.000 0.000 0.000 0.000 0.000 0.000 0.000 0.000 0.000 0.007 0.008 0.024 0.047 0.000 0.105 0.132 0.164 0.196 0.227 0.259 0.291 0.000 0.000 0.000 0.000 0.455 0.488 0.520 0.554 0.582 0.594 0.607
0.000 0.004 0.005 0.005 0.006 0.006 0.006 0.006 0.005 0.004 0.002 0.001 0.001 0.001 0.001 0.001 0.001 0.001 0.001 0.001 0.001 0.001 0.001 0.001 0.001 0.001 0.002 0.004 0.005 0.006 0.007 0.006 0.005 0.004 0.004 0.003 0.003 0.004 0.013 0.000 0.000 0.000 0.000 0.000 0.000 0.000 0.000 0.000 0.000 0.000 0.000 0.000 0.000 0.000 0.000 0.000 0.000 0.057 0.087 0.117 0.144 0.176 0.208 0.239 0.270 0.000 0.000 0.000 0.000 0.000 0.468 0.500 0.530 0.551 0.561 0.573 0.586
0.002 0.004 0.004 0.005 0.005 0.006 0.006 0.006 0.006 0.005 0.005 0.003 0.002 0.001 0.001 0.001 0.001 0.001 0.001 0.001 0.001 0.001 0.001 0.001 0.001 0.000 0.002 0.004 0.005 0.006 0.006 0.006 0.005 0.005 0.004 0.003 0.003 0.004 0.000 0.000 0.000 0.000 0.000 0.000 0.000 0.000 0.000 0.000 0.000 0.000 0.000 0.000 0.000 0.000 0.000 0.000 0.000 0.000 0.000 0.130 0.157 0.188 0.220 0.252 0.283 0.000 0.000 0.000 0.000 0.451 0.480 0.499 0.515 0.527 0.539 0.551 0.561
0.003 0.004 0.004 0.005 0.005 0.005 0.006 0.006 0.006 0.006 0.005 0.005 0.003 0.002 0.002 0.001 0.001 0.001 0.001 0.001 0.001 0.001 0.001 0.001 0.001 0.001 0.002 0.004 0.005 0.006 0.006 0.006 0.005 0.005 0.004 0.004 0.003 0.004 0.002 0.001 0.001 0.000 0.000 0.000 0.000 0.000 0.000 0.000 0.000 0.000 0.000 0.000 0.000 0.000 0.000 0.000 0.000 0.000 0.000 0.000 0.000 0.000 0.234 0.265 0.296 0.326 0.000 0.000 0.000 0.452 0.466 0.476 0.490 0.501 0.512 0.524 0.537
0.003 0.004 0.004 0.005 0.005 0.005 0.006 0.006 0.006 0.006 0.006 0.006 0.008 0.007 0.005 0.003 0.002 0.002 0.001 0.001 0.001 0.001 0.001 0.001 0.001 0.001 0.002 0.004 0.005 0.006 0.006 0.006 0.005 0.005 0.004 0.004 0.004 0.004 0.003 0.002 0.001 0.001 0.001 0.000 0.000 0.000 0.000 0.000 0.000 0.000 0.000 0.000 0.000 0.000 0.000 0.000 0.000 0.000 0.000 0.000 0.000 0.000 0.000 0.000 0.308 0.338 0.370 0.399 0.414 0.430 0.440 0.452 0.465 0.477 0.488 0.500 0.510
0.003 0.004 0.004 0.005 0.005 0.006 0.007 0.008 0.008 0.000 0.008 0.012 0.015 0.017 0.012 0.008 0.005 0.003 0.002 0.002 0.001 0.001 0.001 0.001 0.001 0.001 0.002 0.004 0.005 0.006 0.006 0.006 0.005 0.005 0.004 0.004 0.004 0.004 0.003 0.002 0.002 0.001 0.001 0.001 0.001 0.002 0.000 0.000 0.000 0.000 0.000 0.000 0.000 0.000 0.000 0.000 0.000 0.000 0.000 0.000 0.000 0.000 0.000 0.000 0.000 0.000 0.000 0.379 0.389 0.402 0.414 0.428 0.440 0.453 0.462 0.474 0.483
0.004 0.004 0.005 0.006 0.008 0.010 0.012 0.016 0.019 0.021 0.023 0.025 0.021 0.014 0.014 0.012 0.008 0.005 0.003 0.002 0.002 0.001 0.001 0.001 0.001 0.001 0.002 0.004 0.005 0.006 0.006 0.006 0.005 0.005 0.005 0.004 0.004 0.004 0.003 0.003 0.002 0.002 0.001 0.001 0.001 0.001 0.001 0.002 0.000 0.000 0.000 0.001 0.001 0.002 0.000 0.000 0.000 0.000 0.000 0.000 0.000 0.000 0.000 0.000 0.000 0.000 0.345 0.353 0.367 0.379 0.391 0.402 0.415 0.429 0.441 0.453 0.000
0.006 0.008 0.011 0.015 0.018 0.021 0.024 0.023 0.018 0.014 0.010 0.007 0.005 0.003 0.008 0.013 0.009 0.006 0.004 0.003 0.002 0.002 0.001 0.001 0.001 0.001 0.002 0.004 0.005 0.006 0.006 0.006 0.005 0.005 0.005 0.004 0.004 0.004 0.003 0.003 0.002 0.002 0.002 0.000 0.001 0.001 0.001 0.001 0.001 0.001 0.001 0.001 0.001 0.001 0.001 0.001 0.004 0.000 0.000 0.000 0.000 0.000 0.000 0.000 0.000 0.000 0.323 0.331 0.341 0.353 0.366 0.377 0.393 0.403 0.415 0.428 0.000
0.016 0.019 0.019 0.015 0.012 0.009 0.007 0.005 0.004 0.003 0.002 0.002 0.001 0.002 0.000 0.010 0.011 0.008 0.005 0.004 0.003 0.002 0.002 0.001 0.001 0.001 0.002 0.004 0.005 0.005 0.006 0.006 0.005 0.005 0.005 0.004 0.004 0.004 0.003 0.003 0.003 0.002 0.002 0.001 0.001 0.001 0.001 0.001 0.001 0.001 0.001 0.001 0.001 0.001 0.001 0.001 0.012 0.048 0.078 0.000 0.000 0.000 0.000 0.000 0.000 0.283 0.296 0.308 0.317 0.330 0.340 0.352 0.364 0.376 0.389 0.000 0.000
0.007 0.005 0.004 0.003 0.002 0.002 0.002 0.001 0.001 0.001 0.001 0.001 0.001 0.001 0.002 0.006 0.011 0.009 0.007 0.005 0.004 0.003 0.002 0.002 0.001 0.001 0.002 0.004 0.005 0.005 0.006 0.006 0.005 0.005 0.005 0.004 0.004 0.004 0.003 0.003 0.003 0.002 0.002 0.002 0.001 0.001 0.001 0.001 0.001 0.001 0.001 0.001 0.001 0.001 0.001 0.002 0.025 0.058 0.080 0.093 0.106 0.117 0.000 0.000 0.000 0.256 0.270 0.281 0.293 0.304 0.314 0.326 0.338 0.352 0.365 0.000 0.000
0.002 0.001 0.001 0.001 0.001 0.001 0.001 0.001 0.001 0.001 0.001 0.001 0.001 0.001 0.001 0.004 0.010 0.010 0.008 0.006 0.004 0.003 0.003 0.002 0.002 0.001 0.002 0.004 0.005 0.005 0.006 0.006 0.005 0.005 0.005 0.004 0.004 0.004 0.003 0.003 0.003 0.003 0.002 0.002 0.002 0.001 0.001 0.001 0.001 0.001 0.001 0.001 0.001 0.001 0.003 0.012 0.029 0.043 0.056 0.070 0.083 0.097 0.117 0.133 0.000 0.227 0.238 0.252 0.265 0.276 0.287 0.298 0.311 0.322 0.000 0.000 0.000
0.001 0.001 0.001 0.001 0.001 0.001 0.001 0.001 0.001 0.001 0.001 0.001 0.001 0.001 0.001 0.002 0.006 0.011 0.009 0.007 0.005 0.004 0.003 0.002 0.002 0.002 0.002 0.004 0.005 0.005 0.006 0.006 0.005 0.005 0.005 0.004 0.004 0.004 0.003 0.003 0.003 0.003 0.002 0.002 0.002 0.002 0.001 0.001 0.001 0.001 0.001 0.001 0.002 0.008 0.012 0.010 0.010 0.019 0.033 0.047 0.060 0.072 0.097 0.119 0.151 0.185 0.204 0.219 0.232 0.244 0.256 0.268 0.281 0.298 0.000 0.000 0.000
0.001 0.001 0.001 0.001 0.001 0.001 0.001 0.001 0.001 0.001 0.001 0.001 0.001 0.001 0.001 0.001 0.003 0.010 0.010 0.008 0.006 0.005 0.004 0.003 0.003 0.003 0.003 0.004 0.005 0.006 0.006 0.006 0.006 0.006 0.005 0.005 0.004 0.004 0.004 0.003 0.003 0.003 0.003 0.002 0.002 0.002 0.002 0.002 0.002 0.002 0.003 0.009 0.013 0.010 0.008 0.006 0.005 0.004 0.007 0.023 0.038 0.055 0.074 0.096 0.120 0.145 0.166 0.183 0.196 0.207 0.218 0.229 0.239 0.000 0.000 0.000 0.000
0.001 0.001 0.001 0.001 0.001 0.001 0.000 0.000 0.000 0.000 0.001 0.001 0.001 0.001 0.001 0.001 0.002 0.006 0.011 0.010 0.009 0.008 0.009 0.009 0.009 0.009 0.009 0.010 0.011 0.012 0.012 0.011 0.009 0.008 0.007 0.006 0.006 0.005 0.005 0.004 0.004 0.004 0.004 0.004 0.005 0.006 0.007 0.008 0.009 0.009 0.015 0.011 0.008 0.006 0.005 0.004 0.003 0.002 0.002 0.002 0.009 0.028 0.046 0.064 0.084 0.105 0.123 0.140 0.155 0.166 0.176 0.183 0.185 0.174 0.000 0.000 0.000
0.000 0.000 0.000 0.000 0.000 0.000 0.000 0.000 0.000 0.000 0.001 0.001 0.001 0.001 0.001 0.001 0.002 0.004 0.012 0.020 0.023 0.028 0.032 0.033 0.033 0.033 0.034 0.034 0.034 0.033 0.030 0.022 0.019 0.017 0.015 0.013 0.011 0.010 0.009 0.010 0.011 0.014 0.018 0.023 0.028 0.032 0.037 0.040 0.036 0.021 0.020 0.017 0.013 0.010 0.007 0.005 0.004 0.003 0.002 0.001 0.001 0.010 0.027 0.043 0.058 0.074 0.088 0.101 0.114 0.125 0.133 0.137 0.136 0.124 0.105 0.000 0.000
0.000 0.000 0.000 0.000 0.000 0.000 0.000 0.000 0.000 0.000 0.000 0.001 0.001 0.001 0.001 0.001 0.008 0.000 0.010 0.047 0.052 0.058 0.063 0.000 0.000 0.000 0.000 0.000 0.000 0.000 0.000 0.034 0.037 0.037 0.034 0.028 0.026 0.027 0.029 0.033 0.038 0.043 0.048 0.053 0.058 0.055 0.048 0.039 0.030 0.016 0.016 0.019 0.023 0.018 0.014 0.011 0.008 0.006 0.004 0.003 0.003 0.007 0.025 0.041 0.056 0.071 0.084 0.095 0.105 0.115 0.122 0.125 0.122 0.113 0.098 0.074 0.057
0.000 0.000 0.000 0.000 0.000 0.000 0.000 0.000 0.000 0.000 0.000 0.000 0.001 0.006 0.000 0.000 0.011 0.000 0.000 0.064 0.000 0.000 0.000 0.000 0.000 0.000 0.000 0.000 0.000 0.000 0.000 0.000 0.000 0.000 0.000 0.047 0.051 0.054 0.057 0.062 0.067 0.072 0.070 0.063 0.056 0.048 0.041 0.033 0.024 0.011 0.011 0.012 0.015 0.020 0.022 0.018 0.014 0.011 0.008 0.006 0.005 0.007 0.022 0.039 0.054 0.068 0.080 0.091 0.099 0.107 0.112 0.114 0.112 0.105 0.094 0.078 0.065
0.000 0.000 0.000 0.000 0.000 0.000 0.000 0.000 0.000 0.000 0.000 0.000 0.000 0.000 0.000 0.000 0.000 0.000 0.000 0.000 0.000 0.000 0.000 0.000 0.000 0.000 0.000 0.000 0.000 0.000 0.000 0.000 0.000 0.000 0.000 0.000 0.000 0.000 0.086 0.083 0.076 0.070 0.063 0.056 0.049 0.042 0.034 0.026 0.018 0.008 0.008 0.008 0.009 0.012 0.017 0.021 0.021 0.017 0.014 0.011 0.009 0.010 0.019 0.036 0.052 0.065 0.076 0.086 0.094 0.101 0.105 0.106 0.105 0.099 0.091 0.080 0.069
0.000 0.000 0.000 0.000 0.000 0.000 0.000 0.000 0.000 0.000 0.000 0.000 0.000 0.000 0.000 0.000 0.000 0.000 0.000 0.000 0.000 0.000 0.000 0.000 0.000 0.000 0.000 0.000 0.000 0.000 0.000 0.000 0.000 0.000 0.000 0.000 0.000 0.000 0.000 0.000 0.000 0.000 0.055 0.049 0.042 0.035 0.027 0.020 0.011 0.006 0.006 0.006 0.006 0.006 0.008 0.012 0.017 0.022 0.021 0.017 0.014 0.014 0.019 0.034 0.049 0.062 0.073 0.083 0.090 0.096 0.100 0.101 0.100 0.096 0.089 0.081 0.072
0.000 0.000 0.000 0.000 0.000 0.000 0.000 0.000 0.000 0.000 0.000 0.000 0.000 0.000 0.000 0.000 0.000 0.000 0.000 0.000 0.000 0.000 0.000 0.000 0.000 0.000 0.000 0.000 0.000 0.000 0.000 0.000 0.000 0.000 0.000 0.000 0.000 0.000 0.000 0.000 0.000 0.000 0.000 0.000 0.000 0.027 0.020 0.013 0.005 0.003 0.003 0.003 0.003 0.003 0.003 0.005 0.008 0.013 0.018 0.024 0.022 0.020 0.023 0.034 0.047 0.060 0.070 0.080 0.087 0.093 0.096 0.098 0.097 0.094 0.089 0.082 0.075
0.000 0.000 0.000 0.000 0.000 0.000 0.000 0.000 0.000 0.000 0.000 0.000 0.000 0.000 0.000 0.000 0.000 0.000 0.000 0.000 0.000 0.000 0.000 0.000 0.000 0.000 0.000 0.000 0.000 0.000 0.000 0.000 0.000 0.000 0.000 0.000 0.000 0.000 0.000 0.000 0.000 0.000 0.000 0.000 0.000 0.000 0.000 0.000 0.002 0.002 0.002 0.002 0.002 0.002 0.002 0.002 0.003 0.005 0.009 0.014 0.022 0.030 0.032 0.038 0.049 0.060 0.070 0.078 0.086 0.091 0.095 0.097 0.096 0.095 0.091 0.086 0.080
0.000 0.000 0.000 0.000 0.000 0.000 0.000 0.000 0.000 0.000 0.000 0.000 0.000 0.000 0.000 0.000 0.000 0.000 0.000 0.000 0.000 0.000 0.000 0.000 0.000 0.000 0.000 0.000 0.000 0.000 0.000 0.000 0.000 0.000 0.000 0.000 0.000 0.000 0.000 0.000 0.000 0.000 0.000 0.000 0.000 0.000 0.000 0.000 0.000 0.000 0.001 0.001 0.001 0.001 0.001 0.001 0.001 0.001 0.002 0.006 0.012 0.022 0.036 0.050 0.057 0.065 0.074 0.081 0.088 0.094 0.098 0.100 0.101 0.099 0.097 0.093 0.087
0.000 0.000 0.000 0.000 0.000 0.000 0.000 0.000 0.000 0.000 0.000 0.000 0.000 0.000 0.000 0.000 0.000 0.000 0.000 0.000 0.000 0.000 0.000 0.000 0.000 0.000 0.000 0.000 0.000 0.000 0.000 0.000 0.000 0.000 0.000 0.000 0.000 0.000 0.000 0.000 0.000 0.000 0.000 0.000 0.000 0.000 0.000 0.000 0.000 0.000 0.000 0.000 0.000 0.000 0.001 0.001 0.001 0.001 0.001 0.001 0.005 0.013 0.026 0.044 0.065 0.078 0.085 0.091 0.098 0.103 0.108 0.110 0.111 0.110 0.107 0.103 0.097
0.000 0.000 0.000 0.000 0.000 0.000 0.000 0.000 0.000 0.000 0.000 0.000 0.000 0.000 0.000 0.000 0.000 0.000 0.000 0.000 0.000 0.000 0.000 0.000 0.000 0.000 0.000 0.000 0.000 0.000 0.000 0.000 0.000 0.000 0.000 0.000 0.000 0.000 0.000 0.000 0.000 0.000 0.000 0.000 0.000 0.000 0.000 0.000 0.000 0.000 0.000 0.000 0.000 0.000 0.000 0.000 0.000 0.000 0.001 0.001 0.001 0.006 0.017 0.034 0.054 0.076 0.099 0.109 0.115 0.121 0.125 0.127 0.128 0.126 0.121 0.115 0.109
0.000 0.000 0.000 0.000 0.000 0.000 0.000 0.000 0.000 0.000 0.000 0.000 0.000 0.000 0.000 0.000 0.000 0.000 0.000 0.000 0.000 0.000 0.000 0.000 0.000 0.000 0.000 0.000 0.000 0.000 0.000 0.000 0.000 0.000 0.000 0.000 0.000 0.000 0.000 0.000 0.000 0.000 0.000 0.000 0.000 0.000 0.000 0.000 0.000 0.000 0.000 0.000 0.000 0.000 0.000 0.000 0.000 0.000 0.000 0.001 0.001 0.001 0.009 0.024 0.044 0.066 0.090 0.114 0.137 0.143 0.147 0.149 0.149 0.145 0.138 0.130 0.121
0.000 0.000 0.000 0.000 0.000 0.000 0.000 0.000 0.000 0.000 0.000 0.000 0.000 0.000 0.000 0.000 0.000 0.000 0.000 0.000 0.000 0.000 0.000 0.000 0.000 0.000 0.000 0.000 0.000 0.000 0.000 0.000 0.000 0.000 0.000 0.000 0.000 0.000 0.000 0.000 0.000 0.000 0.000 0.000 0.000 0.000 0.000 0.000 0.000 0.000 0.000 0.000 0.000 0.000 0.000 0.000 0.000 0.000 0.000 0.001 0.001 0.001 0.001 0.016 0.035 0.057 0.082 0.107 0.132 0.157 0.172 0.174 0.173 0.168 0.153 0.144 0.134
0.000 0.000 0.000 0.000 0.000 0.000 0.000 0.000 0.000 0.000 0.000 0.000 0.000 0.000 0.000 0.000 0.000 0.000 0.000 0.000 0.000 0.000 0.000 0.000 0.000 0.000 0.000 0.000 0.000 0.000 0.000 0.000 0.000 0.000 0.000 0.000 0.000 0.000 0.000 0.000 0.000 0.000 0.000 0.000 0.000 0.000 0.000 0.000 0.000 0.000 0.000 0.000 0.000 0.000 0.000 0.000 0.000 0.000 0.000 0.001 0.001 0.001 0.001 0.009 0.027 0.050 0.075 0.101 0.128 0.154 0.000 0.000 0.000 0.000 0.162 0.161 0.143
0.000 0.000 0.000 0.000 0.000 0.000 0.000 0.000 0.000 0.000 0.000 0.000 0.000 0.000 0.000 0.000 0.000 0.000 0.000 0.000 0.000 0.000 0.000 0.000 0.000 0.000 0.000 0.000 0.000 0.000 0.000 0.000 0.000 0.000 0.000 0.000 0.000 0.000 0.000 0.000 0.000 0.000 0.000 0.000 0.000 0.000 0.000 0.000 0.000 0.000 0.000 0.000 0.000 0.000 0.000 0.000 0.000 0.000 0.000 0.001 0.001 0.001 0.001 0.002 0.020 0.043 0.069 0.096 0.123 0.000 0.000 0.000 0.000 0.000 0.000 0.000 0.145
0.000 0.000 0.000 0.000 0.000 0.000 0.000 0.000 0.000 0.000 0.000 0.000 0.000 0.000 0.000 0.000 0.000 0.000 0.000 0.000 0.000 0.000 0.000 0.000 0.000 0.000 0.000 0.000 0.000 0.000 0.000 0.000 0.000 0.000 0.000 0.000 0.000 0.000 0.000 0.000 0.000 0.000 0.000 0.000 0.000 0.000 0.000 0.000 0.000 0.000 0.000 0.000 0.000 0.000 0.000 0.000 0.000 0.000 0.000 0.001 0.001 0.001 0.001 0.001 0.013 0.038 0.064 0.092 0.000 0.000 0.000 0.000 0.000 0.000 0.000 0.000 0.000
0.000 0.000 0.000 0.000 0.000 0.000 0.000 0.000 0.000 0.000 0.000 0.000 0.000 0.000 0.000 0.000 0.000 0.000 0.000 0.000 0.000 0.000 0.000 0.000 0.000 0.000 0.000 0.000 0.000 0.000 0.000 0.000 0.000 0.000 0.000 0.000 0.000 0.000 0.000 0.000 0.000 0.000 0.000 0.000 0.000 0.000 0.000 0.000 0.000 0.000 0.000 0.000 0.000 0.000 0.000 0.000 0.000 0.000 0.000 0.000 0.000 0.001 0.001 0.001 0.004 0.032 0.060 0.088 0.000 0.000 0.000 0.000 0.000 0.000 0.000 0.000 0.000
0.000 0.000 0.000 0.000 0.000 0.000 0.000 0.000 0.000 0.000 0.000 0.000 0.000 0.000 0.000 0.000 0.000 0.000 0.000 0.000 0.000 0.000 0.000 0.000 0.000 0.000 0.000 0.000 0.000 0.000 0.000 0.000 0.000 0.000 0.000 0.000 0.000 0.000 0.000 0.000 0.000 0.000 0.000 0.000 0.000 0.000 0.000 0.000 0.000 0.000 0.000 0.000 0.000 0.000 0.000 0.000 0.000 0.000 0.000 0.000 0.000 0.000 0.001 0.001 0.001 0.024 0.053 0.000 0.000 0.000 0.000 0.000 0.000 0.000 0.000 0.000 0.000
0.000 0.000 0.000 0.000 0.000 0.000 0.000 0.000 0.000 0.000 0.000 0.000 0.000 0.000 0.000 0.000 0.000 0.000 0.000 0.000 0.000 0.000 0.000 0.000 0.000 0.000 0.000 0.000 0.000 0.000 0.000 0.000 0.000 0.000 0.000 0.000 0.000 0.000 0.000 0.000 0.000 0.000 0.000 0.000 0.000 0.000 0.000 0.000 0.000 0.000 0.000 0.000 0.000 0.000 0.000 0.000 0.000 0.000 0.000 0.000 0.000 0.000 0.001 0.001 0.001 0.026 0.063 0.000 0.000 0.000 0.000 0.000 0.000 0.000 0.000 0.000 0.000
0.000 0.000 0.000 0.000 0.000 0.000 0.000 0.000 0.000 0.000 0.000 0.000 0.000 0.000 0.000 0.000 0.000 0.000 0.000 0.000 0.000 0.000 0.000 0.000 0.000 0.000 0.000 0.000 0.000 0.000 0.000 0.000 0.000 0.000 0.000 0.000 0.000 0.000 0.000 0.000 0.000 0.000 0.000 0.000 0.000 0.000 0.000 0.000 0.000 0.000 0.000 0.000 0.000 0.000 0.000 0.000 0.000 0.000 0.000 0.000 0.000 0.000 0.001 0.001 0.001 0.025 0.000 0.000 0.000 0.000 0.000 0.000 0.000 0.000 0.000 0.000 0.000
0.000 0.000 0.000 0.000 0.000 0.000 0.000 0.000 0.000 0.000 0.000 0.000 0.000 0.000 0.000 0.000 0.000 0.000 0.000 0.000 0.000 0.000 0.000 0.000 0.000 0.000 0.000 0.000 0.000 0.000 0.000 0.000 0.000 0.000 0.000 0.000 0.000 0.000 0.000 0.000 0.000 0.000 0.000 0.000 0.000 0.000 0.000 0.000 0.000 0.000 0.000 0.000 0.000 0.000 0.000 0.000 0.000 0.000 0.000 0.000 0.000 0.000 0.001 0.001 0.001 0.024 0.000 0.000 0.000 0.000 0.000 0.000 0.000 0.000 0.000 0.000 0.000
