数据/200y_3h/200y_3h_res_2/200y_3h_360-0001.wd
ncols         694
nrows         824
xllcorner     581104.939801
yllcorner     3495917.092414
cellsize      2.000000
NODATA_value  -9999.000000
[rows 306 to 339 of 824, columns 462 to 538 of 694]
0.004 0.005 0.005 0.006 0.006 0.006 0.006 0.006 0.004 0.002 0.001 0.001 0.001 0.001 0.001 0.001 0.001 0.000 0.001 0.001 0.001 0.001 0.001 0.001 0.001 0.001 0.002 0.004 0.005 0.007 0.007 0.006 0.005 0.004 0.003 0.003 0.002 0.002 0.003 0.000 0.000 0.000 0.000 0.000 0.000 0.000 0.000 0.000 0.000 0.000 0.000 0.000 0.000 0.000 0.007 0.010 0.031 0.057 0.000 0.115 0.142 0.173 0.204 0.236 0.267 0.299 0.000 0.000 0.000 0.000 0.467 0.499 0.529 0.559 0.590 0.605 0.616
0.000 0.004 0.005 0.005 0.006 0.006 0.006 0.006 0.005 0.004 0.002 0.001 0.001 0.001 0.001 0.001 0.001 0.001 0.001 0.001 0.001 0.001 0.001 0.001 0.001 0.001 0.002 0.004 0.005 0.006 0.007 0.006 0.005 0.004 0.004 0.003 0.003 0.004 0.013 0.000 0.000 0.000 0.000 0.000 0.000 0.000 0.000 0.000 0.000 0.000 0.000 0.000 0.000 0.000 0.000 0.000 0.000 0.065 0.096 0.125 0.154 0.185 0.216 0.248 0.278 0.000 0.000 0.000 0.000 0.000 0.477 0.510 0.539 0.558 0.572 0.582 0.597
0.002 0.004 0.004 0.005 0.005 0.006 0.006 0.006 0.006 0.005 0.005 0.003 0.002 0.001 0.001 0.001 0.001 0.001 0.001 0.001 0.001 0.001 0.001 0.001 0.001 0.000 0.002 0.004 0.005 0.006 0.006 0.006 0.005 0.005 0.004 0.003 0.003 0.004 0.000 0.000 0.000 0.000 0.000 0.000 0.000 0.000 0.000 0.000 0.000 0.000 0.000 0.000 0.000 0.000 0.000 0.000 0.000 0.000 0.000 0.136 0.165 0.196 0.229 0.261 0.292 0.000 0.000 0.000 0.000 0.460 0.487 0.509 0.523 0.536 0.546 0.558 0.571
0.003 0.004 0.004 0.005 0.005 0.005 0.006 0.006 0.006 0.006 0.005 0.005 0.003 0.002 0.002 0.001 0.001 0.001 0.001 0.001 0.001 0.001 0.001 0.001 0.001 0.001 0.002 0.004 0.005 0.006 0.006 0.006 0.005 0.005 0.004 0.004 0.003 0.004 0.002 0.001 0.001 0.000 0.000 0.000 0.000 0.000 0.000 0.000 0.000 0.000 0.000 0.000 0.000 0.000 0.000 0.000 0.000 0.000 0.000 0.000 0.000 0.000 0.242 0.274 0.305 0.335 0.000 0.000 0.000 0.461 0.475 0.485 0.498 0.509 0.521 0.534 0.547
0.003 0.004 0.004 0.005 0.005 0.005 0.006 0.006 0.006 0.006 0.006 0.006 0.008 0.007 0.005 0.003 0.002 0.002 0.001 0.001 0.001 0.001 0.001 0.001 0.001 0.001 0.002 0.004 0.005 0.006 0.006 0.006 0.005 0.005 0.004 0.004 0.004 0.004 0.003 0.002 0.001 0.001 0.001 0.000 0.000 0.000 0.000 0.000 0.000 0.000 0.000 0.000 0.000 0.000 0.000 0.000 0.000 0.000 0.000 0.000 0.000 0.000 0.000 0.000 0.317 0.347 0.380 0.408 0.423 0.436 0.449 0.459 0.473 0.485 0.498 0.508 0.519
0.003 0.004 0.004 0.005 0.005 0.006 0.007 0.008 0.008 0.000 0.008 0.012 0.015 0.017 0.012 0.008 0.005 0.003 0.002 0.002 0.001 0.001 0.001 0.001 0.001 0.001 0.002 0.004 0.005 0.006 0.006 0.006 0.005 0.005 0.004 0.004 0.004 0.004 0.003 0.002 0.002 0.001 0.001 0.001 0.001 0.002 0.000 0.000 0.000 0.000 0.000 0.000 0.000 0.000 0.000 0.000 0.000 0.000 0.000 0.000 0.000 0.000 0.000 0.000 0.000 0.000 0.000 0.388 0.396 0.412 0.423 0.437 0.449 0.462 0.471 0.484 0.495
0.004 0.004 0.005 0.006 0.008 0.010 0.012 0.016 0.019 0.021 0.023 0.025 0.021 0.014 0.014 0.012 0.008 0.005 0.003 0.002 0.002 0.001 0.001 0.001 0.001 0.001 0.002 0.004 0.005 0.006 0.006 0.006 0.005 0.005 0.005 0.004 0.004 0.004 0.003 0.003 0.002 0.002 0.001 0.001 0.001 0.001 0.001 0.002 0.000 0.000 0.000 0.001 0.001 0.002 0.000 0.000 0.000 0.000 0.000 0.000 0.000 0.000 0.000 0.000 0.000 0.000 0.353 0.363 0.375 0.387 0.399 0.411 0.424 0.439 0.450 0.459 0.000
0.006 0.008 0.011 0.015 0.018 0.021 0.024 0.023 0.018 0.014 0.010 0.007 0.005 0.003 0.008 0.013 0.009 0.006 0.004 0.003 0.002 0.002 0.001 0.001 0.001 0.001 0.002 0.004 0.005 0.006 0.006 0.006 0.005 0.005 0.005 0.004 0.004 0.004 0.003 0.003 0.002 0.002 0.002 0.000 0.001 0.001 0.001 0.001 0.001 0.001 0.001 0.001 0.001 0.001 0.001 0.001 0.007 0.000 0.000 0.000 0.000 0.000 0.000 0.000 0.000 0.000 0.331 0.338 0.350 0.362 0.375 0.386 0.400 0.413 0.424 0.439 0.000
0.016 0.019 0.019 0.015 0.012 0.009 0.007 0.005 0.004 0.003 0.002 0.002 0.001 0.002 0.000 0.010 0.011 0.008 0.005 0.004 0.003 0.002 0.002 0.001 0.001 0.001 0.002 0.004 0.005 0.005 0.006 0.006 0.005 0.005 0.005 0.004 0.004 0.004 0.003 0.003 0.003 0.002 0.002 0.001 0.001 0.001 0.001 0.001 0.001 0.001 0.001 0.001 0.001 0.001 0.001 0.001 0.017 0.053 0.083 0.000 0.000 0.000 0.000 0.000 0.000 0.291 0.304 0.316 0.324 0.337 0.349 0.359 0.373 0.386 0.398 0.000 0.000
0.007 0.005 0.004 0.003 0.002 0.002 0.002 0.001 0.001 0.001 0.001 0.001 0.001 0.001 0.002 0.006 0.011 0.009 0.007 0.005 0.004 0.003 0.002 0.002 0.001 0.001 0.002 0.004 0.005 0.005 0.006 0.006 0.005 0.005 0.005 0.004 0.004 0.004 0.003 0.003 0.003 0.002 0.002 0.002 0.001 0.001 0.001 0.001 0.001 0.001 0.001 0.001 0.001 0.001 0.001 0.004 0.030 0.063 0.084 0.097 0.110 0.121 0.000 0.000 0.000 0.264 0.278 0.289 0.300 0.312 0.322 0.334 0.347 0.361 0.373 0.000 0.000
0.002 0.001 0.001 0.001 0.001 0.001 0.001 0.001 0.001 0.001 0.001 0.001 0.001 0.001 0.001 0.004 0.010 0.010 0.008 0.006 0.004 0.003 0.003 0.002 0.002 0.001 0.002 0.004 0.005 0.005 0.006 0.006 0.005 0.005 0.005 0.004 0.004 0.004 0.003 0.003 0.003 0.003 0.002 0.002 0.002 0.001 0.001 0.001 0.001 0.001 0.001 0.001 0.001 0.001 0.003 0.014 0.034 0.047 0.060 0.074 0.086 0.101 0.121 0.138 0.000 0.234 0.246 0.260 0.273 0.284 0.295 0.306 0.319 0.332 0.000 0.000 0.000
0.001 0.001 0.001 0.001 0.001 0.001 0.001 0.001 0.001 0.001 0.001 0.001 0.001 0.001 0.001 0.002 0.006 0.011 0.009 0.007 0.005 0.004 0.003 0.002 0.002 0.002 0.002 0.004 0.005 0.005 0.006 0.006 0.005 0.005 0.005 0.004 0.004 0.004 0.003 0.003 0.003 0.003 0.002 0.002 0.002 0.002 0.001 0.001 0.001 0.001 0.001 0.001 0.002 0.008 0.012 0.011 0.012 0.024 0.037 0.051 0.063 0.075 0.101 0.124 0.156 0.192 0.212 0.226 0.240 0.252 0.264 0.276 0.289 0.305 0.000 0.000 0.000
0.001 0.001 0.001 0.001 0.001 0.001 0.001 0.001 0.001 0.001 0.001 0.001 0.001 0.001 0.001 0.001 0.003 0.010 0.010 0.008 0.006 0.005 0.004 0.003 0.003 0.003 0.003 0.004 0.005 0.006 0.006 0.006 0.006 0.006 0.005 0.005 0.004 0.004 0.004 0.003 0.003 0.003 0.003 0.002 0.002 0.002 0.002 0.002 0.002 0.002 0.003 0.009 0.013 0.010 0.008 0.006 0.005 0.005 0.011 0.028 0.042 0.058 0.078 0.101 0.126 0.151 0.173 0.190 0.203 0.215 0.226 0.237 0.247 0.000 0.000 0.000 0.000
0.001 0.001 0.001 0.001 0.001 0.001 0.000 0.000 0.000 0.000 0.001 0.001 0.001 0.001 0.001 0.001 0.002 0.006 0.011 0.010 0.009 0.008 0.009 0.009 0.009 0.009 0.009 0.010 0.011 0.012 0.012 0.011 0.009 0.008 0.007 0.006 0.006 0.005 0.005 0.004 0.004 0.004 0.004 0.004 0.005 0.006 0.007 0.008 0.009 0.009 0.015 0.011 0.008 0.006 0.005 0.004 0.003 0.002 0.002 0.002 0.014 0.032 0.050 0.069 0.090 0.111 0.130 0.147 0.162 0.173 0.183 0.190 0.191 0.181 0.000 0.000 0.000
0.000 0.000 0.000 0.000 0.000 0.000 0.000 0.000 0.000 0.000 0.001 0.001 0.001 0.001 0.001 0.001 0.002 0.004 0.012 0.020 0.023 0.028 0.032 0.033 0.033 0.033 0.034 0.034 0.034 0.033 0.030 0.022 0.019 0.017 0.015 0.013 0.011 0.010 0.009 0.010 0.011 0.014 0.018 0.023 0.028 0.032 0.037 0.040 0.036 0.021 0.020 0.017 0.013 0.010 0.007 0.005 0.004 0.003 0.002 0.001 0.002 0.014 0.031 0.047 0.063 0.079 0.094 0.108 0.120 0.131 0.139 0.143 0.142 0.130 0.111 0.000 0.000
0.000 0.000 0.000 0.000 0.000 0.000 0.000 0.000 0.000 0.000 0.000 0.001 0.001 0.001 0.001 0.001 0.008 0.000 0.010 0.047 0.052 0.058 0.063 0.000 0.000 0.000 0.000 0.000 0.000 0.000 0.000 0.034 0.037 0.037 0.034 0.028 0.026 0.027 0.029 0.033 0.038 0.043 0.048 0.053 0.058 0.055 0.048 0.039 0.030 0.016 0.016 0.019 0.023 0.018 0.014 0.011 0.008 0.006 0.004 0.003 0.003 0.011 0.030 0.046 0.061 0.076 0.089 0.100 0.111 0.121 0.128 0.131 0.128 0.118 0.103 0.078 0.060
0.000 0.000 0.000 0.000 0.000 0.000 0.000 0.000 0.000 0.000 0.000 0.000 0.001 0.006 0.000 0.000 0.011 0.000 0.000 0.064 0.000 0.000 0.000 0.000 0.000 0.000 0.000 0.000 0.000 0.000 0.000 0.000 0.000 0.000 0.000 0.047 0.051 0.054 0.057 0.062 0.067 0.072 0.070 0.063 0.056 0.048 0.041 0.033 0.024 0.011 0.011 0.012 0.015 0.020 0.022 0.018 0.014 0.011 0.008 0.006 0.006 0.009 0.027 0.044 0.059 0.073 0.085 0.096 0.105 0.112 0.118 0.120 0.117 0.110 0.098 0.082 0.069
0.000 0.000 0.000 0.000 0.000 0.000 0.000 0.000 0.000 0.000 0.000 0.000 0.000 0.000 0.000 0.000 0.000 0.000 0.000 0.000 0.000 0.000 0.000 0.000 0.000 0.000 0.000 0.000 0.000 0.000 0.000 0.000 0.000 0.000 0.000 0.000 0.000 0.000 0.086 0.083 0.076 0.070 0.063 0.056 0.049 0.042 0.034 0.026 0.018 0.008 0.008 0.008 0.009 0.012 0.017 0.021 0.021 0.017 0.014 0.011 0.009 0.011 0.025 0.042 0.057 0.070 0.082 0.092 0.100 0.106 0.110 0.111 0.110 0.104 0.095 0.084 0.073
0.000 0.000 0.000 0.000 0.000 0.000 0.000 0.000 0.000 0.000 0.000 0.000 0.000 0.000 0.000 0.000 0.000 0.000 0.000 0.000 0.000 0.000 0.000 0.000 0.000 0.000 0.000 0.000 0.000 0.000 0.000 0.000 0.000 0.000 0.000 0.000 0.000 0.000 0.000 0.000 0.000 0.000 0.055 0.049 0.042 0.035 0.027 0.020 0.011 0.006 0.006 0.006 0.006 0.006 0.008 0.012 0.017 0.022 0.021 0.017 0.015 0.016 0.024 0.040 0.054 0.067 0.079 0.088 0.096 0.101 0.105 0.106 0.105 0.101 0.094 0.086 0.077
0.000 0.000 0.000 0.000 0.000 0.000 0.000 0.000 0.000 0.000 0.000 0.000 0.000 0.000 0.000 0.000 0.000 0.000 0.000 0.000 0.000 0.000 0.000 0.000 0.000 0.000 0.000 0.000 0.000 0.000 0.000 0.000 0.000 0.000 0.000 0.000 0.000 0.000 0.000 0.000 0.000 0.000 0.000 0.000 0.000 0.027 0.020 0.013 0.005 0.003 0.003 0.003 0.003 0.003 0.003 0.005 0.008 0.013 0.019 0.025 0.023 0.022 0.027 0.040 0.053 0.066 0.076 0.085 0.093 0.098 0.102 0.103 0.102 0.099 0.094 0.088 0.080
0.000 0.000 0.000 0.000 0.000 0.000 0.000 0.000 0.000 0.000 0.000 0.000 0.000 0.000 0.000 0.000 0.000 0.000 0.000 0.000 0.000 0.000 0.000 0.000 0.000 0.000 0.000 0.000 0.000 0.000 0.000 0.000 0.000 0.000 0.000 0.000 0.000 0.000 0.000 0.000 0.000 0.000 0.000 0.000 0.000 0.000 0.000 0.000 0.002 0.002 0.002 0.002 0.002 0.002 0.002 0.002 0.003 0.005 0.009 0.015 0.023 0.033 0.036 0.045 0.055 0.066 0.076 0.085 0.092 0.097 0.101 0.103 0.103 0.101 0.097 0.092 0.086
0.000 0.000 0.000 0.000 0.000 0.000 0.000 0.000 0.000 0.000 0.000 0.000 0.000 0.000 0.000 0.000 0.000 0.000 0.000 0.000 0.000 0.000 0.000 0.000 0.000 0.000 0.000 0.000 0.000 0.000 0.000 0.000 0.000 0.000 0.000 0.000 0.000 0.000 0.000 0.000 0.000 0.000 0.000 0.000 0.000 0.000 0.000 0.000 0.000 0.000 0.001 0.001 0.001 0.001 0.001 0.001 0.001 0.001 0.002 0.006 0.014 0.025 0.041 0.056 0.064 0.072 0.081 0.089 0.095 0.101 0.105 0.107 0.108 0.106 0.103 0.099 0.093
0.000 0.000 0.000 0.000 0.000 0.000 0.000 0.000 0.000 0.000 0.000 0.000 0.000 0.000 0.000 0.000 0.000 0.000 0.000 0.000 0.000 0.000 0.000 0.000 0.000 0.000 0.000 0.000 0.000 0.000 0.000 0.000 0.000 0.000 0.000 0.000 0.000 0.000 0.000 0.000 0.000 0.000 0.000 0.000 0.000 0.000 0.000 0.000 0.000 0.000 0.000 0.000 0.000 0.000 0.001 0.001 0.001 0.001 0.001 0.001 0.006 0.016 0.031 0.051 0.073 0.086 0.093 0.099 0.106 0.111 0.115 0.118 0.119 0.117 0.114 0.110 0.104
0.000 0.000 0.000 0.000 0.000 0.000 0.000 0.000 0.000 0.000 0.000 0.000 0.000 0.000 0.000 0.000 0.000 0.000 0.000 0.000 0.000 0.000 0.000 0.000 0.000 0.000 0.000 0.000 0.000 0.000 0.000 0.000 0.000 0.000 0.000 0.000 0.000 0.000 0.000 0.000 0.000 0.000 0.000 0.000 0.000 0.000 0.000 0.000 0.000 0.000 0.000 0.000 0.000 0.000 0.000 0.000 0.000 0.000 0.001 0.001 0.001 0.009 0.022 0.040 0.062 0.084 0.108 0.117 0.123 0.129 0.133 0.135 0.136 0.133 0.129 0.123 0.115
0.000 0.000 0.000 0.000 0.000 0.000 0.000 0.000 0.000 0.000 0.000 0.000 0.000 0.000 0.000 0.000 0.000 0.000 0.000 0.000 0.000 0.000 0.000 0.000 0.000 0.000 0.000 0.000 0.000 0.000 0.000 0.000 0.000 0.000 0.000 0.000 0.000 0.000 0.000 0.000 0.000 0.000 0.000 0.000 0.000 0.000 0.000 0.000 0.000 0.000 0.000 0.000 0.000 0.000 0.000 0.000 0.000 0.000 0.000 0.001 0.001 0.002 0.013 0.030 0.051 0.074 0.098 0.123 0.146 0.152 0.156 0.157 0.157 0.153 0.145 0.137 0.128
0.000 0.000 0.000 0.000 0.000 0.000 0.000 0.000 0.000 0.000 0.000 0.000 0.000 0.000 0.000 0.000 0.000 0.000 0.000 0.000 0.000 0.000 0.000 0.000 0.000 0.000 0.000 0.000 0.000 0.000 0.000 0.000 0.000 0.000 0.000 0.000 0.000 0.000 0.000 0.000 0.000 0.000 0.000 0.000 0.000 0.000 0.000 0.000 0.000 0.000 0.000 0.000 0.000 0.000 0.000 0.000 0.000 0.000 0.000 0.001 0.001 0.001 0.003 0.021 0.042 0.065 0.090 0.116 0.141 0.166 0.181 0.183 0.181 0.176 0.160 0.151 0.140
0.000 0.000 0.000 0.000 0.000 0.000 0.000 0.000 0.000 0.000 0.000 0.000 0.000 0.000 0.000 0.000 0.000 0.000 0.000 0.000 0.000 0.000 0.000 0.000 0.000 0.000 0.000 0.000 0.000 0.000 0.000 0.000 0.000 0.000 0.000 0.000 0.000 0.000 0.000 0.000 0.000 0.000 0.000 0.000 0.000 0.000 0.000 0.000 0.000 0.000 0.000 0.000 0.000 0.000 0.000 0.000 0.000 0.000 0.000 0.001 0.001 0.001 0.001 0.014 0.034 0.058 0.083 0.110 0.136 0.162 0.000 0.000 0.000 0.000 0.170 0.168 0.150
0.000 0.000 0.000 0.000 0.000 0.000 0.000 0.000 0.000 0.000 0.000 0.000 0.000 0.000 0.000 0.000 0.000 0.000 0.000 0.000 0.000 0.000 0.000 0.000 0.000 0.000 0.000 0.000 0.000 0.000 0.000 0.000 0.000 0.000 0.000 0.000 0.000 0.000 0.000 0.000 0.000 0.000 0.000 0.000 0.000 0.000 0.000 0.000 0.000 0.000 0.000 0.000 0.000 0.000 0.000 0.000 0.000 0.000 0.000 0.001 0.001 0.001 0.001 0.008 0.027 0.051 0.078 0.104 0.132 0.000 0.000 0.000 0.000 0.000 0.000 0.000 0.151
0.000 0.000 0.000 0.000 0.000 0.000 0.000 0.000 0.000 0.000 0.000 0.000 0.000 0.000 0.000 0.000 0.000 0.000 0.000 0.000 0.000 0.000 0.000 0.000 0.000 0.000 0.000 0.000 0.000 0.000 0.000 0.000 0.000 0.000 0.000 0.000 0.000 0.000 0.000 0.000 0.000 0.000 0.000 0.000 0.000 0.000 0.000 0.000 0.000 0.000 0.000 0.000 0.000 0.000 0.000 0.000 0.000 0.000 0.000 0.001 0.001 0.001 0.001 0.001 0.021 0.046 0.072 0.100 0.000 0.000 0.000 0.000 0.000 0.000 0.000 0.000 0.000
0.000 0.000 0.000 0.000 0.000 0.000 0.000 0.000 0.000 0.000 0.000 0.000 0.000 0.000 0.000 0.000 0.000 0.000 0.000 0.000 0.000 0.000 0.000 0.000 0.000 0.000 0.000 0.000 0.000 0.000 0.000 0.000 0.000 0.000 0.000 0.000 0.000 0.000 0.000 0.000 0.000 0.000 0.000 0.000 0.000 0.000 0.000 0.000 0.000 0.000 0.000 0.000 0.000 0.000 0.000 0.000 0.000 0.000 0.000 0.000 0.000 0.001 0.001 0.001 0.015 0.040 0.068 0.096 0.000 0.000 0.000 0.000 0.000 0.000 0.000 0.000 0.000
0.000 0.000 0.000 0.000 0.000 0.000 0.000 0.000 0.000 0.000 0.000 0.000 0.000 0.000 0.000 0.000 0.000 0.000 0.000 0.000 0.000 0.000 0.000 0.000 0.000 0.000 0.000 0.000 0.000 0.000 0.000 0.000 0.000 0.000 0.000 0.000 0.000 0.000 0.000 0.000 0.000 0.000 0.000 0.000 0.000 0.000 0.000 0.000 0.000 0.000 0.000 0.000 0.000 0.000 0.000 0.000 0.000 0.000 0.000 0.000 0.000 0.000 0.001 0.001 0.004 0.031 0.061 0.000 0.000 0.000 0.000 0.000 0.000 0.000 0.000 0.000 0.000
0.000 0.000 0.000 0.000 0.000 0.000 0.000 0.000 0.000 0.000 0.000 0.000 0.000 0.000 0.000 0.000 0.000 0.000 0.000 0.000 0.000 0.000 0.000 0.000 0.000 0.000 0.000 0.000 0.000 0.000 0.000 0.000 0.000 0.000 0.000 0.000 0.000 0.000 0.000 0.000 0.000 0.000 0.000 0.000 0.000 0.000 0.000 0.000 0.000 0.000 0.000 0.000 0.000 0.000 0.000 0.000 0.000 0.000 0.000 0.000 0.000 0.000 0.001 0.001 0.002 0.033 0.070 0.000 0.000 0.000 0.000 0.000 0.000 0.000 0.000 0.000 0.000
0.000 0.000 0.000 0.000 0.000 0.000 0.000 0.000 0.000 0.000 0.000 0.000 0.000 0.000 0.000 0.000 0.000 0.000 0.000 0.000 0.000 0.000 0.000 0.000 0.000 0.000 0.000 0.000 0.000 0.000 0.000 0.000 0.000 0.000 0.000 0.000 0.000 0.000 0.000 0.000 0.000 0.000 0.000 0.000 0.000 0.000 0.000 0.000 0.000 0.000 0.000 0.000 0.000 0.000 0.000 0.000 0.000 0.000 0.000 0.000 0.000 0.000 0.001 0.001 0.001 0.032 0.000 0.000 0.000 0.000 0.000 0.000 0.000 0.000 0.000 0.000 0.000
0.000 0.000 0.000 0.000 0.000 0.000 0.000 0.000 0.000 0.000 0.000 0.000 0.000 0.000 0.000 0.000 0.000 0.000 0.000 0.000 0.000 0.000 0.000 0.000 0.000 0.000 0.000 0.000 0.000 0.000 0.000 0.000 0.000 0.000 0.000 0.000 0.000 0.000 0.000 0.000 0.000 0.000 0.000 0.000 0.000 0.000 0.000 0.000 0.000 0.000 0.000 0.000 0.000 0.000 0.000 0.000 0.000 0.000 0.000 0.000 0.000 0.000 0.001 0.001 0.001 0.032 0.000 0.000 0.000 0.000 0.000 0.000 0.000 0.000 0.000 0.000 0.000
