数据/200y_3h/200y_3h_res_2/200y_3h_165-0001.wd
ncols         694
nrows         824
xllcorner     581104.939801
yllcorner     3495917.092414
cellsize      2.000000
NODATA_value  -9999.000000
[rows 544 to 577 of 824, columns 308 to 384 of 694]
0.001 0.001 0.001 0.000 0.000 0.000 0.000 0.000 0.000 0.001 0.001 0.001 0.001 0.001 0.001 0.001 0.001 0.001 0.001 0.001 0.001 0.001 0.001 0.001 0.001 0.001 0.001 0.003 0.034 0.054 0.056 0.053 0.050 0.048 0.047 0.046 0.048 0.063 0.067 0.066 0.065 0.066 0.069 0.081 0.106 0.143 0.185 0.000 0.000 0.000 0.000 0.000 0.000 0.000 0.000 0.000 0.000 0.000 0.000 0.000 0.000 0.000 0.000 0.000 0.000 0.000 0.000 0.000 0.000 0.000 0.000 0.000 0.000 0.002 0.004 0.006 0.008
0.001 0.001 0.001 0.001 0.001 0.000 0.000 0.000 0.001 0.001 0.001 0.001 0.001 0.001 0.001 0.001 0.001 0.001 0.001 0.001 0.001 0.001 0.001 0.001 0.001 0.001 0.001 0.001 0.007 0.021 0.041 0.043 0.044 0.044 0.044 0.047 0.059 0.065 0.063 0.062 0.062 0.062 0.064 0.074 0.097 0.134 0.176 0.000 0.000 0.000 0.000 0.000 0.000 0.000 0.000 0.000 0.000 0.000 0.000 0.000 0.000 0.000 0.000 0.000 0.000 0.000 0.000 0.000 0.000 0.000 0.000 0.000 0.000 0.004 0.006 0.009 0.012
0.001 0.001 0.001 0.001 0.001 0.001 0.001 0.000 0.001 0.001 0.001 0.001 0.001 0.001 0.001 0.001 0.001 0.001 0.001 0.001 0.001 0.001 0.001 0.001 0.001 0.001 0.001 0.001 0.001 0.003 0.026 0.033 0.036 0.038 0.041 0.053 0.060 0.059 0.058 0.058 0.057 0.057 0.059 0.067 0.087 0.123 0.165 0.000 0.000 0.000 0.000 0.000 0.000 0.000 0.000 0.000 0.000 0.000 0.000 0.000 0.000 0.000 0.000 0.000 0.000 0.000 0.000 0.000 0.000 0.000 0.000 0.000 0.000 0.007 0.010 0.012 0.015
0.002 0.002 0.001 0.001 0.001 0.001 0.001 0.001 0.001 0.001 0.001 0.001 0.001 0.001 0.001 0.001 0.001 0.001 0.001 0.001 0.001 0.001 0.001 0.001 0.001 0.001 0.001 0.001 0.001 0.001 0.006 0.023 0.028 0.032 0.044 0.052 0.052 0.052 0.052 0.052 0.052 0.052 0.053 0.059 0.076 0.112 0.000 0.000 0.000 0.000 0.000 0.000 0.000 0.000 0.000 0.000 0.000 0.000 0.000 0.000 0.000 0.000 0.000 0.000 0.000 0.000 0.000 0.000 0.000 0.000 0.000 0.000 0.008 0.011 0.013 0.016 0.019
0.005 0.005 0.004 0.004 0.003 0.002 0.002 0.002 0.002 0.001 0.001 0.001 0.001 0.001 0.001 0.001 0.001 0.001 0.001 0.001 0.001 0.000 0.001 0.001 0.001 0.001 0.001 0.001 0.001 0.001 0.002 0.014 0.021 0.033 0.043 0.045 0.046 0.046 0.047 0.047 0.047 0.047 0.047 0.050 0.061 0.096 0.000 0.000 0.000 0.000 0.000 0.000 0.000 0.000 0.000 0.000 0.000 0.000 0.000 0.000 0.000 0.000 0.000 0.000 0.000 0.000 0.000 0.000 0.000 0.000 0.000 0.000 0.012 0.015 0.018 0.020 0.023
0.020 0.020 0.013 0.009 0.006 0.006 0.000 0.000 0.002 0.002 0.002 0.001 0.001 0.001 0.001 0.001 0.001 0.001 0.001 0.001 0.001 0.001 0.001 0.001 0.001 0.001 0.001 0.001 0.001 0.001 0.001 0.002 0.020 0.036 0.038 0.040 0.041 0.041 0.041 0.042 0.042 0.042 0.041 0.040 0.018 0.065 0.072 0.097 0.000 0.000 0.000 0.000 0.000 0.000 0.000 0.000 0.000 0.000 0.000 0.000 0.000 0.000 0.000 0.000 0.000 0.000 0.000 0.000 0.000 0.000 0.000 0.000 0.017 0.020 0.022 0.024 0.027
0.000 0.000 0.010 0.009 0.007 0.012 0.000 0.000 0.000 0.000 0.002 0.002 0.002 0.002 0.001 0.001 0.001 0.001 0.001 0.001 0.001 0.001 0.001 0.001 0.001 0.001 0.001 0.001 0.001 0.001 0.003 0.044 0.050 0.043 0.038 0.037 0.037 0.037 0.037 0.037 0.037 0.037 0.036 0.036 0.033 0.046 0.056 0.071 0.069 0.071 0.079 0.104 0.000 0.000 0.000 0.000 0.000 0.000 0.000 0.000 0.000 0.000 0.000 0.000 0.000 0.000 0.000 0.000 0.000 0.000 0.024 0.028 0.026 0.026 0.027 0.028 0.030
0.000 0.000 0.008 0.008 0.014 0.115 0.000 0.000 0.000 0.000 0.000 0.000 0.000 0.002 0.003 0.003 0.004 0.003 0.002 0.002 0.002 0.002 0.002 0.002 0.002 0.001 0.001 0.001 0.001 0.002 0.046 0.096 0.076 0.064 0.054 0.046 0.039 0.034 0.032 0.032 0.032 0.032 0.031 0.031 0.030 0.033 0.040 0.049 0.052 0.055 0.063 0.078 0.077 0.085 0.109 0.000 0.000 0.000 0.000 0.000 0.000 0.000 0.000 0.000 0.000 0.000 0.000 0.000 0.027 0.032 0.030 0.031 0.030 0.030 0.030 0.031 0.034
0.000 0.000 0.006 0.008 0.015 0.000 0.000 0.000 0.000 0.000 0.000 0.000 0.000 0.000 0.000 0.000 0.000 0.003 0.004 0.005 0.004 0.004 0.003 0.003 0.003 0.003 0.002 0.003 0.005 0.010 0.042 0.071 0.066 0.062 0.057 0.052 0.047 0.042 0.037 0.032 0.028 0.026 0.026 0.025 0.024 0.025 0.027 0.032 0.035 0.039 0.046 0.055 0.060 0.068 0.082 0.078 0.074 0.070 0.090 0.000 0.000 0.000 0.000 0.000 0.000 0.000 0.033 0.037 0.035 0.035 0.034 0.034 0.034 0.033 0.033 0.034 0.036
0.000 0.000 0.005 0.008 0.023 0.000 0.000 0.000 0.000 0.000 0.000 0.000 0.000 0.000 0.000 0.000 0.000 0.000 0.000 0.000 0.004 0.006 0.007 0.008 0.006 0.005 0.006 0.007 0.008 0.015 0.036 0.055 0.057 0.057 0.055 0.053 0.050 0.046 0.043 0.040 0.036 0.031 0.023 0.018 0.016 0.017 0.019 0.021 0.023 0.026 0.030 0.036 0.042 0.049 0.058 0.059 0.056 0.030 0.061 0.067 0.087 0.115 0.000 0.000 0.042 0.045 0.041 0.040 0.039 0.038 0.037 0.036 0.036 0.035 0.035 0.036 0.039
0.000 0.000 0.005 0.020 0.127 0.000 0.000 0.000 0.000 0.000 0.000 0.000 0.000 0.000 0.000 0.000 0.000 0.000 0.000 0.000 0.000 0.000 0.000 0.000 0.007 0.012 0.011 0.011 0.012 0.018 0.033 0.045 0.050 0.052 0.052 0.052 0.051 0.049 0.046 0.044 0.041 0.035 0.000 0.014 0.016 0.016 0.014 0.015 0.017 0.019 0.021 0.023 0.027 0.032 0.038 0.041 0.041 0.038 0.044 0.053 0.073 0.096 0.082 0.065 0.052 0.048 0.045 0.043 0.041 0.040 0.039 0.038 0.037 0.037 0.036 0.037 0.040
0.000 0.000 0.005 0.020 0.000 0.000 0.000 0.000 0.000 0.000 0.000 0.000 0.000 0.000 0.000 0.000 0.000 0.000 0.000 0.000 0.000 0.000 0.000 0.000 0.000 0.000 0.009 0.013 0.016 0.023 0.036 0.041 0.045 0.048 0.049 0.050 0.050 0.050 0.048 0.046 0.044 0.040 0.035 0.032 0.029 0.027 0.025 0.023 0.020 0.017 0.016 0.017 0.019 0.020 0.023 0.025 0.027 0.028 0.031 0.038 0.058 0.079 0.066 0.054 0.050 0.048 0.045 0.043 0.042 0.040 0.039 0.038 0.038 0.037 0.037 0.038 0.040
0.000 0.000 0.005 0.020 0.000 0.000 0.000 0.000 0.000 0.000 0.000 0.000 0.000 0.000 0.000 0.000 0.000 0.000 0.000 0.000 0.000 0.000 0.000 0.000 0.000 0.000 0.000 0.000 0.000 0.000 0.000 0.036 0.040 0.045 0.047 0.048 0.049 0.050 0.049 0.048 0.046 0.044 0.041 0.038 0.035 0.033 0.031 0.030 0.028 0.026 0.023 0.020 0.016 0.015 0.016 0.017 0.018 0.019 0.021 0.026 0.043 0.062 0.049 0.047 0.046 0.045 0.043 0.042 0.041 0.039 0.039 0.038 0.037 0.036 0.036 0.038 0.038
0.000 0.000 0.004 0.020 0.000 0.000 0.000 0.000 0.000 0.000 0.000 0.000 0.000 0.000 0.000 0.000 0.000 0.000 0.000 0.000 0.000 0.000 0.000 0.000 0.000 0.000 0.000 0.000 0.000 0.000 0.000 0.000 0.036 0.046 0.045 0.046 0.047 0.049 0.050 0.049 0.048 0.046 0.044 0.042 0.040 0.038 0.036 0.034 0.033 0.031 0.029 0.027 0.024 0.021 0.018 0.015 0.014 0.014 0.015 0.018 0.029 0.044 0.038 0.040 0.040 0.040 0.040 0.039 0.038 0.037 0.037 0.036 0.035 0.035 0.035 0.037 0.037
0.000 0.000 0.004 0.015 0.009 0.008 0.000 0.000 0.000 0.000 0.000 0.000 0.000 0.000 0.000 0.000 0.000 0.000 0.000 0.000 0.000 0.000 0.000 0.000 0.000 0.000 0.000 0.000 0.000 0.000 0.000 0.000 0.000 0.000 0.039 0.042 0.045 0.049 0.050 0.050 0.048 0.047 0.045 0.044 0.042 0.040 0.039 0.038 0.036 0.035 0.033 0.031 0.029 0.027 0.025 0.022 0.020 0.017 0.014 0.013 0.018 0.026 0.030 0.033 0.034 0.035 0.035 0.035 0.034 0.034 0.034 0.033 0.033 0.033 0.033 0.036 0.034
0.000 0.000 0.004 0.011 0.009 0.009 0.007 0.006 0.007 0.000 0.000 0.000 0.000 0.000 0.000 0.000 0.000 0.000 0.000 0.000 0.000 0.000 0.000 0.000 0.000 0.000 0.000 0.000 0.000 0.000 0.000 0.000 0.000 0.000 0.000 0.037 0.048 0.054 0.050 0.049 0.048 0.046 0.045 0.044 0.043 0.042 0.041 0.040 0.038 0.037 0.036 0.034 0.033 0.031 0.029 0.027 0.025 0.023 0.021 0.019 0.018 0.021 0.023 0.025 0.027 0.028 0.029 0.030 0.030 0.030 0.030 0.030 0.030 0.030 0.031 0.033 0.031
0.000 0.000 0.004 0.009 0.012 0.015 0.016 0.012 0.010 0.008 0.009 0.000 0.000 0.000 0.000 0.000 0.000 0.000 0.000 0.000 0.000 0.000 0.000 0.000 0.000 0.000 0.000 0.000 0.000 0.000 0.000 0.000 0.000 0.000 0.000 0.000 0.000 0.000 0.042 0.044 0.044 0.044 0.044 0.043 0.042 0.042 0.041 0.041 0.040 0.039 0.038 0.036 0.035 0.033 0.032 0.030 0.029 0.027 0.025 0.024 0.024 0.027 0.025 0.023 0.020 0.021 0.023 0.024 0.025 0.026 0.026 0.026 0.026 0.026 0.027 0.029 0.027
0.000 0.000 0.003 0.009 0.000 0.000 0.000 0.012 0.015 0.017 0.013 0.009 0.007 0.010 0.000 0.000 0.000 0.000 0.000 0.000 0.000 0.000 0.000 0.000 0.000 0.000 0.000 0.000 0.000 0.000 0.000 0.000 0.000 0.000 0.000 0.000 0.000 0.000 0.000 0.038 0.039 0.040 0.040 0.041 0.041 0.041 0.041 0.040 0.040 0.039 0.039 0.038 0.037 0.035 0.034 0.033 0.031 0.030 0.028 0.028 0.029 0.033 0.030 0.027 0.025 0.024 0.022 0.019 0.019 0.020 0.021 0.021 0.022 0.022 0.024 0.024 0.023
0.000 0.000 0.003 0.009 0.000 0.000 0.000 0.000 0.000 0.000 0.013 0.016 0.018 0.020 0.028 0.000 0.001 0.008 0.000 0.000 0.000 0.000 0.000 0.000 0.000 0.000 0.000 0.000 0.000 0.000 0.000 0.000 0.000 0.000 0.000 0.000 0.000 0.000 0.000 0.000 0.027 0.033 0.036 0.037 0.038 0.039 0.039 0.040 0.040 0.039 0.039 0.038 0.037 0.036 0.035 0.034 0.033 0.032 0.032 0.031 0.033 0.038 0.035 0.032 0.032 0.037 0.029 0.024 0.021 0.017 0.015 0.015 0.016 0.017 0.019 0.019 0.018
0.000 0.000 0.003 0.007 0.004 0.004 0.004 0.000 0.000 0.000 0.000 0.000 0.016 0.022 0.029 0.023 0.019 0.017 0.022 0.000 0.000 0.000 0.000 0.000 0.000 0.000 0.000 0.000 0.000 0.000 0.000 0.000 0.000 0.000 0.000 0.000 0.000 0.000 0.000 0.000 0.020 0.026 0.031 0.033 0.035 0.037 0.038 0.038 0.039 0.039 0.038 0.038 0.037 0.037 0.037 0.036 0.036 0.035 0.035 0.035 0.038 0.043 0.040 0.038 0.036 0.036 0.032 0.028 0.025 0.021 0.018 0.016 0.013 0.012 0.014 0.013 0.012
0.000 0.000 0.002 0.005 0.010 0.000 0.004 0.003 0.002 0.006 0.000 0.000 0.000 0.000 0.000 0.018 0.017 0.017 0.020 0.016 0.014 0.013 0.021 0.058 0.000 0.000 0.000 0.000 0.000 0.000 0.000 0.000 0.000 0.000 0.000 0.000 0.000 0.000 0.000 0.000 0.015 0.021 0.025 0.029 0.032 0.034 0.035 0.036 0.037 0.037 0.038 0.038 0.038 0.039 0.039 0.039 0.039 0.038 0.038 0.039 0.042 0.049 0.046 0.043 0.041 0.039 0.036 0.032 0.029 0.025 0.022 0.019 0.017 0.015 0.013 0.011 0.010
0.000 0.000 0.003 0.015 0.148 0.000 0.000 0.004 0.006 0.007 0.006 0.005 0.007 0.000 0.000 0.000 0.014 0.019 0.018 0.016 0.015 0.016 0.029 0.000 0.000 0.000 0.000 0.000 0.000 0.000 0.000 0.000 0.000 0.000 0.000 0.000 0.000 0.000 0.000 0.000 0.011 0.016 0.021 0.025 0.028 0.031 0.033 0.034 0.035 0.036 0.037 0.039 0.040 0.042 0.042 0.042 0.042 0.042 0.042 0.043 0.047 0.055 0.051 0.048 0.046 0.043 0.040 0.036 0.033 0.029 0.026 0.023 0.022 0.019 0.015 0.013 0.010
0.000 0.000 0.010 0.149 0.000 0.000 0.000 0.000 0.000 0.000 0.004 0.005 0.008 0.007 0.026 0.000 0.000 0.000 0.012 0.013 0.014 0.017 0.034 0.000 0.000 0.000 0.000 0.000 0.000 0.000 0.000 0.000 0.000 0.000 0.000 0.000 0.000 0.000 0.000 0.000 0.008 0.013 0.017 0.021 0.025 0.029 0.031 0.033 0.034 0.036 0.040 0.043 0.046 0.048 0.048 0.048 0.048 0.048 0.048 0.049 0.053 0.061 0.058 0.054 0.051 0.048 0.044 0.041 0.037 0.034 0.031 0.029 0.030 0.019 0.017 0.014 0.012
0.000 0.000 0.010 0.000 0.000 0.000 0.000 0.000 0.000 0.000 0.000 0.014 0.000 0.015 0.000 0.000 0.000 0.000 0.010 0.011 0.013 0.019 0.038 0.000 0.000 0.000 0.000 0.000 0.000 0.000 0.000 0.000 0.000 0.000 0.000 0.000 0.000 0.000 0.000 0.000 0.006 0.010 0.014 0.019 0.023 0.028 0.031 0.032 0.034 0.040 0.050 0.054 0.057 0.058 0.057 0.055 0.055 0.054 0.054 0.055 0.060 0.069 0.065 0.061 0.057 0.053 0.049 0.045 0.042 0.039 0.037 0.039 0.029 0.022 0.019 0.016 0.013
0.000 0.000 0.013 0.000 0.000 0.000 0.000 0.000 0.000 0.000 0.000 0.000 0.000 0.000 0.000 0.000 0.000 0.000 0.000 0.009 0.012 0.021 0.041 0.000 0.000 0.000 0.000 0.000 0.000 0.000 0.000 0.000 0.000 0.000 0.000 0.000 0.000 0.000 0.000 0.000 0.004 0.007 0.011 0.015 0.022 0.021 0.026 0.032 0.037 0.052 0.073 0.074 0.075 0.074 0.064 0.062 0.063 0.063 0.062 0.062 0.067 0.076 0.072 0.067 0.062 0.058 0.054 0.050 0.047 0.045 0.046 0.041 0.028 0.024 0.021 0.018 0.015
0.000 0.000 0.013 0.016 0.000 0.000 0.000 0.000 0.000 0.000 0.000 0.000 0.000 0.000 0.000 0.000 0.000 0.000 0.000 0.000 0.010 0.021 0.031 0.036 0.000 0.000 0.000 0.000 0.000 0.000 0.000 0.000 0.000 0.000 0.000 0.000 0.000 0.000 0.000 0.000 0.003 0.005 0.008 0.015 0.011 0.014 0.019 0.026 0.044 0.073 0.105 0.000 0.000 0.000 0.058 0.069 0.074 0.076 0.068 0.069 0.076 0.084 0.078 0.072 0.067 0.062 0.058 0.055 0.053 0.054 0.051 0.040 0.030 0.026 0.023 0.020 0.017
0.000 0.000 0.009 0.012 0.016 0.000 0.000 0.000 0.000 0.000 0.000 0.000 0.000 0.000 0.000 0.000 0.000 0.000 0.000 0.000 0.000 0.000 0.021 0.027 0.024 0.033 0.000 0.000 0.000 0.000 0.000 0.000 0.000 0.000 0.000 0.000 0.000 0.000 0.000 0.000 0.002 0.003 0.008 0.007 0.006 0.009 0.013 0.020 0.043 0.089 0.127 0.000 0.000 0.000 0.000 0.000 0.000 0.000 0.064 0.077 0.087 0.091 0.083 0.076 0.070 0.066 0.062 0.060 0.061 0.061 0.051 0.038 0.032 0.028 0.025 0.022 0.019
0.000 0.000 0.005 0.009 0.012 0.010 0.008 0.010 0.000 0.000 0.000 0.000 0.000 0.000 0.000 0.000 0.000 0.000 0.000 0.000 0.000 0.000 0.014 0.020 0.022 0.028 0.030 0.045 0.000 0.000 0.000 0.000 0.000 0.000 0.000 0.000 0.000 0.000 0.000 0.000 0.001 0.003 0.004 0.003 0.004 0.006 0.009 0.015 0.045 0.092 0.141 0.000 0.000 0.000 0.000 0.000 0.000 0.000 0.000 0.000 0.000 0.092 0.083 0.076 0.071 0.068 0.066 0.067 0.070 0.060 0.049 0.036 0.033 0.029 0.026 0.024 0.021
0.000 0.000 0.004 0.006 0.008 0.008 0.007 0.007 0.003 0.001 0.000 0.000 0.000 0.000 0.000 0.000 0.000 0.000 0.000 0.000 0.000 0.000 0.011 0.017 0.022 0.028 0.033 0.045 0.052 0.000 0.000 0.000 0.000 0.000 0.000 0.000 0.000 0.000 0.000 0.000 0.000 0.000 0.000 0.000 0.002 0.003 0.005 0.012 0.047 0.096 0.000 0.000 0.000 0.000 0.000 0.000 0.000 0.000 0.000 0.000 0.000 0.000 0.071 0.071 0.070 0.070 0.071 0.075 0.069 0.058 0.046 0.037 0.034 0.031 0.028 0.025 0.023
0.000 0.000 0.000 0.003 0.005 0.005 0.004 0.002 0.000 0.000 0.000 0.000 0.000 0.000 0.000 0.000 0.000 0.000 0.000 0.000 0.000 0.000 0.018 0.000 0.000 0.000 0.000 0.000 0.040 0.034 0.039 0.000 0.000 0.000 0.000 0.000 0.000 0.000 0.000 0.000 0.000 0.000 0.000 0.000 0.000 0.001 0.003 0.010 0.050 0.099 0.000 0.000 0.000 0.000 0.000 0.000 0.000 0.000 0.000 0.000 0.000 0.038 0.061 0.067 0.070 0.072 0.077 0.075 0.066 0.055 0.042 0.038 0.035 0.032 0.029 0.026 0.024
0.000 0.000 0.000 0.001 0.002 0.001 0.000 0.000 0.000 0.000 0.000 0.000 0.000 0.000 0.000 0.000 0.000 0.000 0.000 0.000 0.000 0.000 0.000 0.000 0.000 0.000 0.000 0.000 0.000 0.025 0.029 0.022 0.016 0.009 0.002 0.000 0.000 0.000 0.000 0.000 0.000 0.000 0.000 0.000 0.000 0.000 0.002 0.011 0.053 0.000 0.000 0.000 0.000 0.000 0.000 0.000 0.000 0.000 0.000 0.000 0.000 0.042 0.058 0.065 0.071 0.077 0.079 0.071 0.062 0.051 0.041 0.038 0.035 0.032 0.030 0.027 0.025
0.000 0.000 0.000 0.000 0.000 0.000 0.000 0.000 0.000 0.000 0.000 0.000 0.000 0.000 0.000 0.000 0.000 0.000 0.000 0.000 0.000 0.000 0.000 0.000 0.000 0.000 0.000 0.000 0.000 0.000 0.016 0.014 0.009 0.002 0.000 0.000 0.000 0.000 0.000 0.000 0.000 0.000 0.000 0.000 0.000 0.000 0.001 0.014 0.057 0.000 0.000 0.000 0.000 0.000 0.000 0.000 0.000 0.000 0.000 0.000 0.000 0.044 0.058 0.067 0.075 0.082 0.075 0.068 0.058 0.047 0.041 0.038 0.035 0.032 0.030 0.028 0.026
0.000 0.000 0.000 0.000 0.000 0.000 0.000 0.000 0.000 0.000 0.000 0.000 0.000 0.000 0.000 0.000 0.000 0.000 0.000 0.000 0.000 0.000 0.000 0.000 0.000 0.000 0.000 0.000 0.000 0.000 0.008 0.005 0.001 0.000 0.000 0.000 0.000 0.000 0.000 0.000 0.000 0.000 0.000 0.000 0.000 0.000 0.000 0.018 0.000 0.000 0.000 0.000 0.000 0.000 0.000 0.000 0.000 0.000 0.000 0.000 0.004 0.046 0.061 0.071 0.081 0.077 0.071 0.063 0.054 0.042 0.040 0.037 0.035 0.032 0.030 0.028 0.027
0.000 0.000 0.000 0.000 0.000 0.000 0.000 0.000 0.000 0.000 0.000 0.000 0.000 0.000 0.000 0.000 0.000 0.000 0.000 0.000 0.000 0.000 0.000 0.000 0.000 0.000 0.000 0.000 0.000 0.000 0.001 0.000 0.000 0.000 0.000 0.000 0.000 0.000 0.000 0.000 0.000 0.000 0.000 0.000 0.000 0.000 0.000 0.021 0.000 0.000 0.000 0.000 0.000 0.000 0.000 0.000 0.000 0.000 0.000 0.000 0.008 0.051 0.066 0.077 0.078 0.073 0.067 0.059 0.049 0.041 0.039 0.037 0.034 0.032 0.030 0.028 0.027
