数据/200y_3h/200y_3h_res_2/200y_3h_324-0001.wd
ncols         694
nrows         824
xllcorner     581104.939801
yllcorner     3495917.092414
cellsize      2.000000
NODATA_value  -9999.000000
[rows 714 to 747 of 824, columns 154 to 230 of 694]
0.000 0.000 0.000 0.000 0.000 0.002 0.003 0.004 0.004 0.005 0.005 0.005 0.005 0.005 0.005 0.005 0.005 0.004 0.004 0.003 0.000 0.001 0.029 0.023 0.018 0.012 0.007 0.003 0.001 0.001 0.001 0.001 0.000 0.000 0.000 0.000 0.000 0.000 0.000 0.000 0.000 0.000 0.001 0.001 0.001 0.001 0.001 0.001 0.001 0.000 0.000 0.000 0.000 0.000 0.000 0.000 0.000 0.000 0.040 0.051 0.062 0.062 0.041 0.024 0.032 0.001 0.001 0.001 0.000 0.000 0.000 0.000 0.000 0.000 0.000 0.000 0.000
0.000 0.000 0.000 0.000 0.002 0.003 0.004 0.004 0.005 0.005 0.005 0.005 0.005 0.005 0.005 0.005 0.005 0.005 0.005 0.004 0.004 0.003 0.001 0.033 0.030 0.021 0.014 0.008 0.004 0.002 0.001 0.001 0.001 0.001 0.000 0.000 0.000 0.000 0.000 0.000 0.000 0.001 0.001 0.001 0.001 0.001 0.001 0.001 0.003 0.000 0.000 0.000 0.000 0.000 0.000 0.000 0.000 0.000 0.104 0.099 0.076 0.053 0.031 0.024 0.034 0.002 0.001 0.001 0.000 0.000 0.000 0.000 0.000 0.000 0.000 0.000 0.000
0.000 0.000 0.000 0.001 0.003 0.004 0.004 0.005 0.005 0.005 0.005 0.005 0.005 0.005 0.005 0.005 0.005 0.005 0.005 0.005 0.004 0.004 0.003 0.001 0.000 0.028 0.021 0.015 0.009 0.005 0.002 0.001 0.001 0.001 0.001 0.000 0.000 0.000 0.000 0.000 0.001 0.001 0.001 0.001 0.011 0.029 0.041 0.051 0.062 0.000 0.000 0.000 0.000 0.000 0.000 0.000 0.000 0.137 0.114 0.090 0.067 0.044 0.022 0.026 0.036 0.032 0.001 0.001 0.000 0.000 0.000 0.000 0.000 0.000 0.000 0.000 0.000
0.000 0.000 0.000 0.002 0.004 0.004 0.005 0.005 0.005 0.005 0.005 0.005 0.006 0.006 0.006 0.006 0.006 0.005 0.005 0.005 0.005 0.005 0.004 0.003 0.002 0.000 0.029 0.023 0.018 0.012 0.007 0.004 0.002 0.001 0.001 0.001 0.001 0.000 0.000 0.000 0.001 0.001 0.001 0.002 0.052 0.092 0.102 0.113 0.000 0.000 0.000 0.000 0.000 0.000 0.000 0.000 0.000 0.128 0.105 0.081 0.058 0.035 0.019 0.029 0.038 0.048 0.002 0.001 0.001 0.000 0.000 0.000 0.000 0.000 0.000 0.000 0.000
0.000 0.000 0.001 0.003 0.004 0.004 0.005 0.005 0.005 0.005 0.006 0.006 0.006 0.006 0.006 0.006 0.006 0.006 0.006 0.005 0.005 0.005 0.005 0.004 0.003 0.001 0.001 0.034 0.031 0.022 0.015 0.009 0.005 0.002 0.001 0.001 0.001 0.001 0.000 0.001 0.001 0.001 0.001 0.038 0.094 0.150 0.165 0.176 0.000 0.000 0.000 0.000 0.000 0.000 0.000 0.000 0.000 0.119 0.096 0.072 0.049 0.026 0.022 0.032 0.042 0.051 0.035 0.001 0.000 0.000 0.000 0.000 0.000 0.000 0.000 0.000 0.000
0.000 0.000 0.001 0.003 0.004 0.005 0.005 0.005 0.005 0.006 0.006 0.006 0.006 0.006 0.006 0.006 0.006 0.006 0.006 0.006 0.006 0.005 0.005 0.005 0.004 0.004 0.003 0.000 0.001 0.029 0.022 0.016 0.010 0.006 0.003 0.001 0.001 0.001 0.001 0.001 0.001 0.001 0.025 0.080 0.136 0.192 0.229 0.238 0.000 0.000 0.000 0.000 0.000 0.000 0.000 0.000 0.000 0.110 0.087 0.063 0.040 0.017 0.026 0.036 0.045 0.054 0.063 0.002 0.000 0.000 0.000 0.000 0.000 0.000 0.000 0.000 0.000
0.000 0.000 0.001 0.003 0.004 0.005 0.005 0.005 0.005 0.006 0.006 0.006 0.006 0.006 0.006 0.006 0.006 0.006 0.006 0.006 0.006 0.006 0.005 0.005 0.005 0.005 0.004 0.004 0.003 0.001 0.030 0.024 0.019 0.013 0.008 0.004 0.002 0.002 0.003 0.000 0.000 0.012 0.067 0.123 0.178 0.234 0.292 0.303 0.313 0.289 0.000 0.000 0.000 0.000 0.000 0.000 0.123 0.100 0.077 0.054 0.031 0.019 0.029 0.039 0.048 0.058 0.067 0.039 0.000 0.000 0.000 0.000 0.000 0.000 0.000 0.000 0.000
0.000 0.000 0.001 0.003 0.004 0.005 0.005 0.005 0.006 0.006 0.006 0.006 0.006 0.006 0.006 0.006 0.006 0.006 0.006 0.006 0.006 0.006 0.006 0.005 0.005 0.005 0.005 0.004 0.004 0.003 0.001 0.037 0.033 0.024 0.017 0.011 0.007 0.006 0.000 0.000 0.000 0.000 0.109 0.165 0.220 0.276 0.330 0.327 0.305 0.280 0.258 0.233 0.000 0.000 0.000 0.000 0.115 0.091 0.068 0.045 0.022 0.023 0.033 0.042 0.051 0.061 0.070 0.000 0.000 0.000 0.000 0.000 0.000 0.000 0.000 0.000 0.000
0.000 0.000 0.001 0.003 0.004 0.005 0.005 0.005 0.006 0.006 0.006 0.006 0.006 0.006 0.006 0.006 0.006 0.006 0.006 0.006 0.006 0.006 0.006 0.006 0.006 0.005 0.005 0.005 0.005 0.004 0.003 0.000 0.000 0.033 0.027 0.023 0.022 0.000 0.000 0.000 0.000 0.000 0.000 0.206 0.263 0.286 0.308 0.000 0.000 0.272 0.247 0.223 0.200 0.176 0.000 0.000 0.106 0.082 0.057 0.036 0.016 0.026 0.036 0.045 0.055 0.064 0.073 0.000 0.000 0.000 0.000 0.000 0.000 0.000 0.000 0.000 0.000
0.000 0.000 0.001 0.003 0.004 0.005 0.005 0.005 0.006 0.006 0.006 0.006 0.006 0.006 0.006 0.006 0.006 0.006 0.006 0.006 0.006 0.006 0.006 0.006 0.006 0.006 0.005 0.005 0.005 0.005 0.004 0.003 0.003 0.001 0.041 0.036 0.000 0.000 0.000 0.000 0.000 0.000 0.000 0.219 0.241 0.262 0.284 0.000 0.000 0.000 0.000 0.215 0.191 0.168 0.144 0.121 0.097 0.072 0.045 0.025 0.019 0.029 0.040 0.049 0.058 0.068 0.077 0.000 0.000 0.000 0.000 0.000 0.000 0.000 0.000 0.000 0.000
0.000 0.000 0.001 0.003 0.004 0.005 0.005 0.005 0.006 0.006 0.006 0.006 0.006 0.006 0.006 0.006 0.006 0.006 0.006 0.006 0.006 0.006 0.006 0.006 0.006 0.006 0.006 0.006 0.005 0.005 0.005 0.004 0.004 0.003 0.001 0.048 0.042 0.000 0.000 0.000 0.000 0.000 0.000 0.196 0.217 0.239 0.260 0.274 0.000 0.000 0.000 0.000 0.000 0.159 0.135 0.112 0.088 0.062 0.000 0.014 0.023 0.033 0.043 0.052 0.062 0.071 0.000 0.000 0.000 0.000 0.000 0.000 0.000 0.000 0.000 0.000 0.000
0.000 0.000 0.001 0.003 0.004 0.005 0.005 0.005 0.006 0.006 0.006 0.006 0.006 0.006 0.006 0.006 0.006 0.006 0.006 0.006 0.006 0.006 0.006 0.006 0.006 0.006 0.006 0.006 0.006 0.005 0.005 0.005 0.004 0.004 0.003 0.000 0.057 0.057 0.000 0.000 0.000 0.000 0.000 0.000 0.194 0.000 0.000 0.254 0.243 0.000 0.000 0.000 0.000 0.000 0.000 0.102 0.078 0.054 0.024 0.015 0.027 0.037 0.047 0.056 0.065 0.075 0.000 0.000 0.000 0.000 0.000 0.000 0.000 0.000 0.000 0.000 0.000
0.000 0.000 0.001 0.003 0.004 0.005 0.005 0.005 0.006 0.006 0.006 0.006 0.006 0.006 0.006 0.006 0.006 0.006 0.006 0.006 0.006 0.006 0.006 0.006 0.006 0.006 0.006 0.006 0.006 0.006 0.005 0.005 0.005 0.004 0.004 0.003 0.001 0.077 0.097 0.000 0.000 0.000 0.000 0.000 0.000 0.000 0.000 0.000 0.223 0.000 0.000 0.000 0.000 0.000 0.117 0.093 0.069 0.045 0.021 0.020 0.031 0.041 0.050 0.059 0.069 0.078 0.000 0.000 0.000 0.000 0.000 0.000 0.000 0.000 0.000 0.000 0.000
0.000 0.000 0.001 0.003 0.004 0.005 0.005 0.005 0.006 0.006 0.006 0.006 0.006 0.006 0.006 0.006 0.006 0.006 0.006 0.006 0.006 0.006 0.006 0.006 0.006 0.006 0.006 0.006 0.006 0.006 0.005 0.005 0.005 0.005 0.004 0.004 0.003 0.001 0.073 0.093 0.000 0.000 0.000 0.000 0.000 0.000 0.000 0.000 0.203 0.000 0.000 0.000 0.000 0.000 0.108 0.085 0.061 0.037 0.015 0.025 0.034 0.044 0.054 0.063 0.072 0.000 0.000 0.000 0.000 0.000 0.000 0.000 0.000 0.000 0.000 0.000 0.000
0.000 0.000 0.001 0.003 0.004 0.004 0.005 0.005 0.006 0.006 0.006 0.006 0.006 0.006 0.006 0.006 0.006 0.006 0.006 0.006 0.006 0.006 0.006 0.006 0.006 0.006 0.006 0.006 0.006 0.006 0.006 0.005 0.005 0.005 0.004 0.004 0.004 0.003 0.000 0.067 0.087 0.000 0.000 0.000 0.000 0.000 0.000 0.188 0.184 0.000 0.000 0.000 0.000 0.121 0.100 0.077 0.053 0.029 0.019 0.029 0.039 0.047 0.058 0.067 0.076 0.086 0.095 0.000 0.000 0.000 0.000 0.000 0.000 0.000 0.000 0.000 0.000
0.000 0.000 0.000 0.002 0.004 0.004 0.005 0.005 0.005 0.006 0.006 0.006 0.006 0.006 0.006 0.006 0.006 0.006 0.006 0.006 0.006 0.006 0.006 0.006 0.006 0.006 0.006 0.006 0.006 0.006 0.006 0.005 0.005 0.005 0.005 0.004 0.004 0.003 0.001 0.000 0.061 0.080 0.000 0.000 0.000 0.000 0.000 0.000 0.000 0.000 0.000 0.000 0.000 0.101 0.089 0.068 0.044 0.021 0.023 0.033 0.042 0.051 0.061 0.070 0.079 0.089 0.098 0.108 0.118 0.000 0.000 0.000 0.000 0.000 0.000 0.000 0.000
0.000 0.000 0.000 0.001 0.003 0.004 0.004 0.005 0.005 0.006 0.006 0.006 0.006 0.006 0.006 0.006 0.006 0.006 0.006 0.006 0.006 0.006 0.006 0.006 0.006 0.006 0.006 0.006 0.006 0.006 0.006 0.005 0.005 0.005 0.005 0.004 0.004 0.003 0.001 0.000 0.000 0.053 0.070 0.091 0.000 0.000 0.000 0.000 0.000 0.000 0.000 0.000 0.094 0.082 0.069 0.057 0.036 0.017 0.027 0.036 0.046 0.055 0.064 0.074 0.083 0.093 0.103 0.111 0.121 0.131 0.140 0.000 0.000 0.000 0.000 0.000 0.000
0.000 0.000 0.000 0.000 0.002 0.003 0.004 0.005 0.005 0.005 0.006 0.006 0.006 0.006 0.006 0.006 0.006 0.006 0.006 0.006 0.006 0.006 0.006 0.006 0.006 0.006 0.006 0.006 0.006 0.006 0.006 0.005 0.005 0.005 0.005 0.004 0.004 0.003 0.001 0.000 0.000 0.000 0.046 0.066 0.086 0.000 0.000 0.000 0.000 0.000 0.000 0.000 0.075 0.062 0.050 0.037 0.026 0.021 0.030 0.040 0.049 0.058 0.068 0.078 0.086 0.096 0.106 0.115 0.125 0.134 0.144 0.153 0.105 0.000 0.000 0.000 0.000
0.000 0.000 0.000 0.000 0.000 0.002 0.003 0.004 0.005 0.005 0.005 0.006 0.006 0.006 0.006 0.006 0.006 0.006 0.006 0.006 0.006 0.006 0.006 0.006 0.006 0.006 0.006 0.006 0.006 0.006 0.005 0.005 0.005 0.005 0.004 0.004 0.003 0.002 0.000 0.000 0.000 0.000 0.000 0.042 0.062 0.082 0.000 0.000 0.000 0.000 0.000 0.069 0.056 0.043 0.031 0.019 0.016 0.021 0.031 0.042 0.052 0.062 0.071 0.081 0.090 0.000 0.000 0.000 0.128 0.137 0.147 0.157 0.149 0.063 0.002 0.000 0.000
0.000 0.000 0.000 0.000 0.000 0.000 0.002 0.003 0.004 0.005 0.005 0.005 0.006 0.006 0.006 0.006 0.006 0.006 0.006 0.006 0.006 0.006 0.006 0.006 0.006 0.006 0.006 0.006 0.006 0.006 0.005 0.005 0.005 0.005 0.004 0.004 0.003 0.001 0.000 0.000 0.000 0.000 0.000 0.000 0.038 0.057 0.076 0.000 0.000 0.000 0.000 0.050 0.037 0.025 0.017 0.017 0.017 0.019 0.029 0.040 0.050 0.060 0.071 0.080 0.091 0.000 0.000 0.000 0.000 0.000 0.150 0.160 0.169 0.108 0.069 0.030 0.000
0.000 0.000 0.000 0.000 0.000 0.000 0.000 0.002 0.003 0.004 0.005 0.005 0.005 0.006 0.006 0.006 0.006 0.006 0.006 0.006 0.006 0.006 0.006 0.006 0.006 0.006 0.006 0.006 0.006 0.005 0.005 0.005 0.005 0.004 0.004 0.003 0.002 0.000 0.000 0.000 0.000 0.000 0.000 0.000 0.016 0.033 0.051 0.069 0.000 0.061 0.048 0.033 0.019 0.018 0.018 0.017 0.017 0.018 0.028 0.038 0.048 0.058 0.068 0.078 0.000 0.000 0.000 0.000 0.000 0.000 0.000 0.160 0.171 0.178 0.140 0.102 0.000
0.000 0.000 0.000 0.000 0.000 0.000 0.000 0.000 0.002 0.003 0.004 0.005 0.005 0.005 0.005 0.006 0.006 0.006 0.006 0.006 0.006 0.006 0.006 0.006 0.006 0.006 0.006 0.005 0.005 0.005 0.005 0.005 0.004 0.004 0.003 0.002 0.000 0.000 0.000 0.000 0.000 0.000 0.000 0.000 0.000 0.010 0.026 0.042 0.058 0.042 0.028 0.021 0.020 0.019 0.018 0.017 0.017 0.017 0.026 0.036 0.046 0.056 0.066 0.000 0.000 0.000 0.000 0.000 0.000 0.000 0.000 0.000 0.000 0.184 0.181 0.173 0.136
0.000 0.000 0.000 0.000 0.000 0.000 0.000 0.000 0.000 0.002 0.003 0.004 0.005 0.005 0.005 0.005 0.005 0.005 0.006 0.006 0.006 0.006 0.006 0.006 0.006 0.005 0.005 0.005 0.005 0.005 0.005 0.004 0.004 0.003 0.002 0.000 0.000 0.000 0.000 0.000 0.000 0.000 0.000 0.000 0.000 0.000 0.004 0.017 0.033 0.025 0.023 0.021 0.020 0.019 0.018 0.017 0.017 0.017 0.024 0.034 0.044 0.054 0.064 0.000 0.000 0.000 0.000 0.000 0.000 0.000 0.000 0.000 0.000 0.000 0.000 0.184 0.181
0.000 0.000 0.000 0.000 0.000 0.000 0.000 0.000 0.000 0.000 0.002 0.003 0.004 0.004 0.005 0.005 0.005 0.005 0.005 0.005 0.005 0.005 0.005 0.005 0.005 0.005 0.005 0.005 0.005 0.005 0.004 0.004 0.003 0.002 0.000 0.000 0.000 0.000 0.000 0.000 0.000 0.000 0.000 0.000 0.000 0.000 0.000 0.002 0.010 0.023 0.022 0.021 0.020 0.019 0.018 0.017 0.017 0.017 0.021 0.032 0.042 0.052 0.000 0.000 0.000 0.000 0.000 0.000 0.000 0.000 0.000 0.000 0.000 0.000 0.000 0.000 0.000
0.000 0.000 0.000 0.000 0.000 0.000 0.000 0.000 0.000 0.000 0.000 0.002 0.003 0.004 0.004 0.004 0.005 0.005 0.005 0.005 0.005 0.005 0.005 0.005 0.005 0.005 0.005 0.005 0.004 0.004 0.004 0.003 0.002 0.000 0.000 0.000 0.000 0.000 0.000 0.000 0.000 0.000 0.000 0.000 0.000 0.000 0.000 0.000 0.001 0.007 0.021 0.020 0.019 0.018 0.017 0.017 0.016 0.016 0.019 0.030 0.040 0.050 0.000 0.000 0.000 0.000 0.000 0.000 0.000 0.000 0.000 0.000 0.000 0.000 0.000 0.000 0.000
0.000 0.000 0.000 0.000 0.000 0.000 0.000 0.000 0.000 0.000 0.000 0.000 0.002 0.003 0.004 0.004 0.004 0.004 0.004 0.004 0.004 0.004 0.004 0.004 0.004 0.004 0.004 0.004 0.004 0.004 0.003 0.002 0.000 0.000 0.000 0.000 0.000 0.000 0.000 0.000 0.000 0.000 0.000 0.000 0.000 0.000 0.000 0.000 0.000 0.000 0.005 0.019 0.019 0.018 0.017 0.017 0.016 0.016 0.017 0.028 0.038 0.000 0.000 0.000 0.000 0.000 0.000 0.000 0.000 0.000 0.000 0.000 0.000 0.000 0.000 0.000 0.000
0.000 0.000 0.000 0.000 0.000 0.000 0.000 0.000 0.000 0.000 0.000 0.000 0.000 0.001 0.002 0.003 0.003 0.003 0.003 0.003 0.003 0.003 0.003 0.003 0.003 0.003 0.003 0.003 0.003 0.002 0.001 0.000 0.000 0.000 0.000 0.000 0.000 0.000 0.000 0.000 0.000 0.000 0.000 0.000 0.000 0.000 0.000 0.000 0.000 0.000 0.001 0.004 0.018 0.017 0.017 0.016 0.015 0.015 0.016 0.025 0.036 0.000 0.000 0.000 0.000 0.000 0.000 0.000 0.000 0.000 0.000 0.000 0.000 0.000 0.000 0.000 0.000
0.000 0.000 0.000 0.000 0.000 0.000 0.000 0.000 0.000 0.000 0.000 0.000 0.000 0.000 0.000 0.001 0.001 0.001 0.001 0.001 0.001 0.001 0.001 0.001 0.001 0.001 0.001 0.001 0.001 0.000 0.000 0.000 0.000 0.000 0.000 0.000 0.000 0.000 0.000 0.000 0.000 0.000 0.000 0.000 0.000 0.000 0.000 0.000 0.000 0.000 0.001 0.001 0.004 0.017 0.016 0.015 0.013 0.014 0.015 0.023 0.000 0.000 0.000 0.000 0.000 0.000 0.000 0.000 0.000 0.000 0.000 0.000 0.000 0.000 0.000 0.000 0.000
0.000 0.000 0.000 0.000 0.000 0.000 0.000 0.000 0.000 0.000 0.000 0.000 0.000 0.000 0.000 0.000 0.000 0.000 0.000 0.000 0.000 0.000 0.000 0.000 0.000 0.000 0.000 0.000 0.000 0.000 0.000 0.000 0.000 0.000 0.000 0.000 0.000 0.000 0.000 0.000 0.000 0.000 0.000 0.000 0.000 0.000 0.000 0.000 0.000 0.000 0.000 0.001 0.001 0.003 0.014 0.012 0.000 0.011 0.012 0.000 0.000 0.000 0.000 0.000 0.000 0.000 0.000 0.000 0.000 0.000 0.000 0.000 0.000 0.000 0.000 0.000 0.000
0.000 0.000 0.000 0.000 0.000 0.000 0.000 0.000 0.000 0.000 0.000 0.000 0.000 0.000 0.000 0.000 0.000 0.000 0.000 0.000 0.000 0.000 0.000 0.000 0.000 0.000 0.000 0.000 0.000 0.000 0.000 0.000 0.000 0.000 0.000 0.000 0.000 0.000 0.000 0.000 0.000 0.000 0.000 0.000 0.000 0.000 0.000 0.000 0.000 0.000 0.000 0.001 0.001 0.001 0.002 0.011 0.009 0.010 0.010 0.012 0.000 0.000 0.000 0.000 0.000 0.000 0.000 0.000 0.000 0.000 0.000 0.000 0.000 0.000 0.000 0.000 0.000
0.000 0.000 0.000 0.000 0.000 0.000 0.000 0.000 0.000 0.000 0.000 0.000 0.000 0.000 0.000 0.000 0.000 0.000 0.000 0.000 0.000 0.000 0.000 0.000 0.000 0.000 0.000 0.000 0.000 0.000 0.000 0.000 0.000 0.000 0.000 0.000 0.000 0.000 0.000 0.000 0.000 0.000 0.000 0.000 0.000 0.000 0.000 0.000 0.000 0.000 0.000 0.001 0.001 0.001 0.001 0.002 0.010 0.010 0.009 0.009 0.013 0.000 0.000 0.000 0.000 0.000 0.000 0.000 0.000 0.000 0.000 0.000 0.000 0.000 0.000 0.000 0.000
0.000 0.000 0.000 0.000 0.000 0.000 0.000 0.000 0.000 0.000 0.000 0.000 0.000 0.000 0.000 0.000 0.000 0.000 0.000 0.000 0.000 0.000 0.000 0.000 0.000 0.000 0.000 0.000 0.000 0.000 0.000 0.000 0.000 0.000 0.000 0.000 0.000 0.000 0.000 0.000 0.000 0.000 0.000 0.000 0.000 0.000 0.000 0.000 0.000 0.000 0.000 0.001 0.001 0.001 0.001 0.001 0.002 0.009 0.008 0.006 0.009 0.009 0.010 0.000 0.000 0.000 0.000 0.000 0.000 0.000 0.000 0.000 0.000 0.000 0.000 0.000 0.000
0.000 0.000 0.000 0.000 0.000 0.000 0.000 0.000 0.000 0.000 0.000 0.000 0.000 0.000 0.000 0.000 0.000 0.000 0.000 0.000 0.000 0.000 0.000 0.000 0.000 0.000 0.000 0.000 0.000 0.000 0.000 0.000 0.000 0.000 0.000 0.000 0.000 0.000 0.000 0.000 0.000 0.000 0.000 0.000 0.000 0.000 0.000 0.000 0.000 0.000 0.000 0.000 0.001 0.001 0.001 0.001 0.001 0.002 0.007 0.005 0.005 0.005 0.007 0.009 0.000 0.000 0.000 0.000 0.000 0.000 0.000 0.000 0.000 0.000 0.000 0.000 0.000
0.000 0.000 0.000 0.000 0.000 0.000 0.000 0.000 0.000 0.000 0.000 0.000 0.000 0.000 0.000 0.000 0.000 0.000 0.000 0.000 0.000 0.000 0.000 0.000 0.000 0.000 0.000 0.000 0.000 0.000 0.000 0.000 0.000 0.000 0.000 0.000 0.000 0.000 0.000 0.000 0.000 0.000 0.000 0.000 0.000 0.000 0.000 0.000 0.000 0.000 0.000 0.000 0.001 0.001 0.001 0.001 0.001 0.001 0.001 0.003 0.003 0.003 0.005 0.007 0.009 0.000 0.000 0.000 0.000 0.000 0.000 0.000 0.000 0.000 0.000 0.000 0.000
