数据/200y_3h/200y_3h_res_2/200y_3h_179-0001.wd
ncols         694
nrows         824
xllcorner     581104.939801
yllcorner     3495917.092414
cellsize      2.000000
NODATA_value  -9999.000000
[rows 714 to 747 of 824, columns 154 to 230 of 694]
0.000 0.000 0.000 0.000 0.000 0.002 0.003 0.004 0.005 0.006 0.007 0.008 0.009 0.010 0.010 0.010 0.011 0.011 0.010 0.009 0.001 0.000 0.100 0.095 0.090 0.088 0.085 0.081 0.078 0.074 0.069 0.066 0.000 0.000 0.000 0.000 0.000 0.000 0.000 0.000 0.000 0.000 0.036 0.088 0.111 0.123 0.134 0.144 0.154 0.000 0.000 0.000 0.000 0.000 0.000 0.000 0.000 0.000 0.254 0.264 0.277 0.272 0.254 0.232 0.239 0.155 0.072 0.006 0.000 0.000 0.000 0.000 0.000 0.000 0.000 0.000 0.000
0.000 0.000 0.000 0.000 0.002 0.003 0.004 0.005 0.006 0.007 0.008 0.009 0.010 0.011 0.011 0.012 0.012 0.013 0.013 0.013 0.012 0.011 0.000 0.115 0.112 0.109 0.106 0.102 0.098 0.094 0.088 0.084 0.078 0.075 0.000 0.000 0.000 0.000 0.000 0.000 0.000 0.021 0.075 0.133 0.175 0.186 0.197 0.207 0.218 0.000 0.000 0.000 0.000 0.000 0.000 0.000 0.000 0.000 0.318 0.311 0.289 0.265 0.242 0.235 0.244 0.201 0.111 0.028 0.000 0.000 0.000 0.000 0.000 0.000 0.000 0.000 0.000
0.000 0.000 0.000 0.001 0.003 0.004 0.005 0.006 0.007 0.008 0.009 0.010 0.011 0.011 0.012 0.013 0.013 0.014 0.015 0.015 0.016 0.016 0.015 0.001 0.001 0.131 0.127 0.123 0.119 0.113 0.108 0.103 0.098 0.095 0.091 0.000 0.000 0.000 0.000 0.000 0.018 0.062 0.119 0.174 0.229 0.248 0.257 0.270 0.281 0.000 0.000 0.000 0.000 0.000 0.000 0.000 0.000 0.348 0.325 0.302 0.280 0.257 0.233 0.236 0.243 0.238 0.155 0.069 0.000 0.000 0.000 0.000 0.000 0.000 0.000 0.000 0.000
0.000 0.000 0.000 0.002 0.004 0.005 0.006 0.007 0.008 0.009 0.010 0.011 0.011 0.012 0.013 0.014 0.014 0.015 0.016 0.017 0.019 0.020 0.022 0.024 0.028 0.004 0.148 0.144 0.139 0.133 0.128 0.123 0.119 0.115 0.111 0.107 0.104 0.000 0.000 0.000 0.052 0.105 0.160 0.215 0.270 0.311 0.323 0.333 0.000 0.000 0.000 0.000 0.000 0.000 0.000 0.000 0.000 0.340 0.317 0.293 0.272 0.245 0.231 0.240 0.248 0.256 0.198 0.114 0.031 0.000 0.000 0.000 0.000 0.000 0.000 0.000 0.000
0.000 0.000 0.001 0.003 0.004 0.006 0.007 0.008 0.008 0.009 0.010 0.011 0.012 0.013 0.013 0.014 0.015 0.016 0.018 0.019 0.021 0.023 0.027 0.033 0.045 0.065 0.004 0.163 0.159 0.152 0.147 0.143 0.139 0.135 0.131 0.128 0.125 0.123 0.000 0.078 0.098 0.148 0.201 0.258 0.314 0.369 0.385 0.394 0.000 0.000 0.000 0.000 0.000 0.000 0.000 0.000 0.000 0.330 0.307 0.283 0.262 0.238 0.231 0.241 0.251 0.260 0.244 0.157 0.000 0.000 0.000 0.000 0.000 0.000 0.000 0.000 0.000
0.000 0.000 0.001 0.003 0.005 0.006 0.007 0.008 0.009 0.010 0.011 0.012 0.012 0.013 0.014 0.015 0.016 0.017 0.018 0.020 0.022 0.024 0.028 0.032 0.038 0.045 0.029 0.002 0.000 0.170 0.166 0.163 0.159 0.155 0.152 0.149 0.146 0.143 0.135 0.112 0.142 0.190 0.244 0.300 0.356 0.414 0.450 0.460 0.000 0.000 0.000 0.000 0.000 0.000 0.000 0.000 0.000 0.321 0.297 0.276 0.249 0.227 0.236 0.242 0.251 0.261 0.270 0.201 0.000 0.000 0.000 0.000 0.000 0.000 0.000 0.000 0.000
0.000 0.000 0.001 0.003 0.005 0.006 0.007 0.008 0.009 0.010 0.011 0.012 0.013 0.013 0.014 0.015 0.016 0.017 0.019 0.020 0.022 0.024 0.027 0.030 0.032 0.034 0.027 0.019 0.013 0.001 0.186 0.184 0.180 0.177 0.173 0.170 0.168 0.165 0.162 0.000 0.000 0.231 0.285 0.342 0.399 0.455 0.509 0.519 0.529 0.507 0.000 0.000 0.000 0.000 0.000 0.000 0.332 0.311 0.287 0.264 0.241 0.227 0.236 0.245 0.256 0.266 0.274 0.244 0.000 0.000 0.000 0.000 0.000 0.000 0.000 0.000 0.000
0.000 0.000 0.001 0.003 0.005 0.006 0.007 0.008 0.009 0.010 0.011 0.012 0.013 0.014 0.014 0.015 0.016 0.017 0.019 0.020 0.022 0.023 0.025 0.027 0.028 0.028 0.025 0.020 0.016 0.011 0.001 0.204 0.202 0.198 0.194 0.192 0.189 0.187 0.000 0.000 0.000 0.000 0.327 0.384 0.442 0.499 0.552 0.546 0.524 0.500 0.476 0.453 0.000 0.000 0.000 0.000 0.322 0.299 0.276 0.254 0.229 0.232 0.239 0.244 0.257 0.268 0.275 0.000 0.000 0.000 0.000 0.000 0.000 0.000 0.000 0.000 0.000
0.000 0.000 0.001 0.003 0.005 0.006 0.007 0.008 0.009 0.010 0.011 0.012 0.013 0.014 0.014 0.015 0.016 0.017 0.018 0.020 0.021 0.022 0.023 0.024 0.025 0.025 0.022 0.020 0.017 0.014 0.010 0.001 0.001 0.218 0.215 0.213 0.212 0.000 0.000 0.000 0.000 0.000 0.000 0.426 0.482 0.508 0.528 0.000 0.000 0.491 0.467 0.441 0.415 0.391 0.000 0.000 0.314 0.291 0.268 0.245 0.222 0.230 0.240 0.250 0.260 0.270 0.278 0.000 0.000 0.000 0.000 0.000 0.000 0.000 0.000 0.000 0.000
0.000 0.000 0.001 0.003 0.005 0.006 0.007 0.008 0.009 0.010 0.011 0.012 0.013 0.014 0.014 0.015 0.016 0.017 0.018 0.019 0.020 0.021 0.022 0.023 0.023 0.022 0.021 0.019 0.017 0.015 0.012 0.009 0.006 0.001 0.236 0.232 0.000 0.000 0.000 0.000 0.000 0.000 0.000 0.440 0.461 0.483 0.504 0.000 0.000 0.000 0.000 0.430 0.405 0.380 0.355 0.329 0.305 0.283 0.254 0.235 0.223 0.231 0.243 0.251 0.261 0.272 0.280 0.000 0.000 0.000 0.000 0.000 0.000 0.000 0.000 0.000 0.000
0.000 0.000 0.001 0.003 0.005 0.006 0.007 0.008 0.009 0.010 0.011 0.012 0.013 0.013 0.014 0.015 0.016 0.017 0.017 0.018 0.019 0.020 0.020 0.021 0.021 0.020 0.019 0.018 0.016 0.015 0.013 0.011 0.009 0.006 0.000 0.248 0.241 0.000 0.000 0.000 0.000 0.000 0.000 0.415 0.437 0.459 0.480 0.490 0.000 0.000 0.000 0.000 0.000 0.370 0.346 0.322 0.295 0.271 0.249 0.224 0.224 0.234 0.245 0.253 0.263 0.273 0.000 0.000 0.000 0.000 0.000 0.000 0.000 0.000 0.000 0.000 0.000
0.000 0.000 0.001 0.003 0.005 0.006 0.007 0.008 0.009 0.010 0.011 0.012 0.012 0.013 0.014 0.015 0.015 0.016 0.017 0.017 0.018 0.019 0.019 0.019 0.019 0.019 0.018 0.017 0.016 0.014 0.013 0.011 0.010 0.008 0.006 0.000 0.256 0.253 0.000 0.000 0.000 0.000 0.000 0.000 0.416 0.000 0.000 0.469 0.458 0.000 0.000 0.000 0.000 0.000 0.000 0.309 0.283 0.262 0.238 0.220 0.228 0.235 0.246 0.255 0.264 0.273 0.000 0.000 0.000 0.000 0.000 0.000 0.000 0.000 0.000 0.000 0.000
0.000 0.000 0.001 0.003 0.005 0.006 0.007 0.008 0.009 0.010 0.011 0.011 0.012 0.013 0.013 0.014 0.015 0.015 0.016 0.017 0.017 0.018 0.018 0.018 0.018 0.018 0.017 0.016 0.015 0.014 0.013 0.011 0.010 0.009 0.007 0.005 0.000 0.272 0.289 0.000 0.000 0.000 0.000 0.000 0.000 0.000 0.000 0.000 0.440 0.000 0.000 0.000 0.000 0.000 0.316 0.294 0.272 0.247 0.225 0.220 0.229 0.236 0.246 0.256 0.265 0.277 0.000 0.000 0.000 0.000 0.000 0.000 0.000 0.000 0.000 0.000 0.000
0.000 0.000 0.001 0.003 0.004 0.006 0.007 0.008 0.009 0.009 0.010 0.011 0.012 0.012 0.013 0.014 0.014 0.015 0.015 0.016 0.016 0.017 0.017 0.017 0.017 0.016 0.016 0.015 0.014 0.013 0.012 0.011 0.010 0.009 0.008 0.006 0.004 0.000 0.261 0.278 0.000 0.000 0.000 0.000 0.000 0.000 0.000 0.000 0.423 0.000 0.000 0.000 0.000 0.000 0.306 0.283 0.260 0.238 0.212 0.220 0.228 0.237 0.248 0.257 0.264 0.000 0.000 0.000 0.000 0.000 0.000 0.000 0.000 0.000 0.000 0.000 0.000
0.000 0.000 0.000 0.002 0.004 0.005 0.006 0.007 0.008 0.009 0.010 0.011 0.011 0.012 0.013 0.013 0.014 0.014 0.015 0.015 0.015 0.016 0.016 0.016 0.016 0.015 0.015 0.014 0.014 0.013 0.012 0.011 0.010 0.009 0.008 0.006 0.005 0.003 0.001 0.250 0.266 0.000 0.000 0.000 0.000 0.000 0.000 0.410 0.404 0.000 0.000 0.000 0.000 0.313 0.293 0.272 0.249 0.225 0.212 0.221 0.231 0.241 0.250 0.256 0.262 0.269 0.278 0.000 0.000 0.000 0.000 0.000 0.000 0.000 0.000 0.000 0.000
0.000 0.000 0.000 0.001 0.003 0.004 0.006 0.007 0.008 0.008 0.009 0.010 0.011 0.011 0.012 0.013 0.013 0.014 0.014 0.014 0.015 0.015 0.015 0.015 0.015 0.015 0.014 0.014 0.013 0.012 0.011 0.011 0.010 0.009 0.008 0.006 0.005 0.003 0.001 0.000 0.237 0.252 0.000 0.000 0.000 0.000 0.000 0.000 0.000 0.000 0.000 0.000 0.000 0.293 0.282 0.261 0.237 0.215 0.215 0.226 0.232 0.240 0.249 0.255 0.263 0.273 0.278 0.285 0.294 0.000 0.000 0.000 0.000 0.000 0.000 0.000 0.000
0.000 0.000 0.000 0.000 0.002 0.004 0.005 0.006 0.007 0.008 0.009 0.010 0.010 0.011 0.011 0.012 0.012 0.013 0.013 0.014 0.014 0.014 0.014 0.014 0.014 0.014 0.013 0.013 0.012 0.012 0.011 0.010 0.009 0.008 0.007 0.006 0.005 0.003 0.001 0.000 0.000 0.221 0.234 0.253 0.000 0.000 0.000 0.000 0.000 0.000 0.000 0.000 0.285 0.272 0.261 0.248 0.227 0.207 0.216 0.226 0.231 0.240 0.250 0.259 0.268 0.276 0.280 0.289 0.297 0.301 0.310 0.000 0.000 0.000 0.000 0.000 0.000
0.000 0.000 0.000 0.000 0.000 0.002 0.004 0.005 0.006 0.007 0.008 0.009 0.010 0.010 0.011 0.011 0.012 0.012 0.012 0.013 0.013 0.013 0.013 0.013 0.013 0.013 0.013 0.012 0.012 0.011 0.010 0.010 0.009 0.008 0.007 0.006 0.005 0.003 0.001 0.000 0.000 0.000 0.208 0.228 0.247 0.000 0.000 0.000 0.000 0.000 0.000 0.000 0.263 0.252 0.238 0.226 0.212 0.208 0.217 0.228 0.234 0.242 0.253 0.261 0.270 0.278 0.282 0.290 0.298 0.304 0.313 0.322 0.271 0.000 0.000 0.000 0.000
0.000 0.000 0.000 0.000 0.000 0.001 0.003 0.004 0.005 0.006 0.007 0.008 0.009 0.010 0.010 0.011 0.011 0.011 0.012 0.012 0.012 0.012 0.012 0.012 0.012 0.012 0.012 0.011 0.011 0.010 0.010 0.009 0.008 0.007 0.006 0.005 0.004 0.002 0.000 0.000 0.000 0.000 0.000 0.203 0.222 0.241 0.000 0.000 0.000 0.000 0.000 0.250 0.241 0.228 0.218 0.202 0.200 0.205 0.216 0.228 0.235 0.245 0.254 0.264 0.273 0.000 0.000 0.000 0.301 0.307 0.315 0.324 0.316 0.228 0.159 0.000 0.000
0.000 0.000 0.000 0.000 0.000 0.000 0.001 0.003 0.004 0.005 0.006 0.007 0.008 0.009 0.009 0.010 0.010 0.011 0.011 0.011 0.011 0.011 0.011 0.011 0.011 0.011 0.011 0.011 0.010 0.010 0.009 0.008 0.007 0.006 0.005 0.004 0.003 0.001 0.000 0.000 0.000 0.000 0.000 0.000 0.197 0.216 0.235 0.000 0.000 0.000 0.000 0.230 0.219 0.206 0.201 0.199 0.200 0.199 0.213 0.224 0.234 0.245 0.253 0.264 0.272 0.000 0.000 0.000 0.000 0.000 0.317 0.327 0.335 0.272 0.231 0.191 0.000
0.000 0.000 0.000 0.000 0.000 0.000 0.000 0.002 0.003 0.004 0.005 0.006 0.007 0.008 0.009 0.009 0.009 0.010 0.010 0.010 0.010 0.010 0.010 0.010 0.010 0.010 0.010 0.010 0.009 0.009 0.008 0.007 0.006 0.005 0.004 0.003 0.002 0.000 0.000 0.000 0.000 0.000 0.000 0.000 0.175 0.192 0.210 0.229 0.000 0.232 0.219 0.210 0.195 0.197 0.197 0.197 0.196 0.195 0.209 0.220 0.231 0.242 0.251 0.263 0.000 0.000 0.000 0.000 0.000 0.000 0.000 0.326 0.335 0.340 0.301 0.261 0.000
0.000 0.000 0.000 0.000 0.000 0.000 0.000 0.000 0.002 0.003 0.004 0.005 0.006 0.007 0.008 0.008 0.009 0.009 0.009 0.009 0.009 0.009 0.009 0.009 0.009 0.009 0.009 0.009 0.008 0.008 0.007 0.006 0.005 0.004 0.003 0.002 0.000 0.000 0.000 0.000 0.000 0.000 0.000 0.000 0.000 0.169 0.186 0.204 0.225 0.211 0.199 0.195 0.194 0.195 0.195 0.196 0.194 0.194 0.205 0.217 0.227 0.237 0.247 0.000 0.000 0.000 0.000 0.000 0.000 0.000 0.000 0.000 0.000 0.345 0.340 0.329 0.287
0.000 0.000 0.000 0.000 0.000 0.000 0.000 0.000 0.000 0.002 0.003 0.004 0.005 0.006 0.007 0.007 0.008 0.008 0.008 0.008 0.008 0.008 0.008 0.008 0.008 0.008 0.008 0.008 0.008 0.007 0.006 0.005 0.004 0.003 0.002 0.000 0.000 0.000 0.000 0.000 0.000 0.000 0.000 0.000 0.000 0.000 0.165 0.182 0.200 0.193 0.195 0.192 0.193 0.193 0.194 0.194 0.193 0.194 0.203 0.214 0.225 0.235 0.246 0.000 0.000 0.000 0.000 0.000 0.000 0.000 0.000 0.000 0.000 0.000 0.000 0.336 0.329
0.000 0.000 0.000 0.000 0.000 0.000 0.000 0.000 0.000 0.000 0.001 0.003 0.004 0.005 0.006 0.006 0.007 0.007 0.007 0.007 0.007 0.007 0.007 0.007 0.007 0.007 0.007 0.007 0.007 0.006 0.005 0.004 0.003 0.002 0.000 0.000 0.000 0.000 0.000 0.000 0.000 0.000 0.000 0.000 0.000 0.000 0.000 0.159 0.178 0.192 0.191 0.190 0.190 0.191 0.192 0.192 0.191 0.192 0.198 0.210 0.222 0.232 0.000 0.000 0.000 0.000 0.000 0.000 0.000 0.000 0.000 0.000 0.000 0.000 0.000 0.000 0.000
0.000 0.000 0.000 0.000 0.000 0.000 0.000 0.000 0.000 0.000 0.000 0.001 0.002 0.004 0.005 0.005 0.006 0.006 0.006 0.006 0.006 0.006 0.006 0.006 0.006 0.006 0.006 0.006 0.006 0.005 0.004 0.003 0.002 0.000 0.000 0.000 0.000 0.000 0.000 0.000 0.000 0.000 0.000 0.000 0.000 0.000 0.000 0.000 0.155 0.174 0.189 0.189 0.189 0.190 0.189 0.190 0.189 0.190 0.194 0.205 0.217 0.228 0.000 0.000 0.000 0.000 0.000 0.000 0.000 0.000 0.000 0.000 0.000 0.000 0.000 0.000 0.000
0.000 0.000 0.000 0.000 0.000 0.000 0.000 0.000 0.000 0.000 0.000 0.000 0.000 0.002 0.003 0.004 0.005 0.005 0.005 0.005 0.005 0.005 0.005 0.005 0.005 0.005 0.005 0.005 0.005 0.004 0.003 0.002 0.000 0.000 0.000 0.000 0.000 0.000 0.000 0.000 0.000 0.000 0.000 0.000 0.000 0.000 0.000 0.000 0.000 0.148 0.171 0.188 0.188 0.187 0.186 0.187 0.188 0.188 0.190 0.201 0.212 0.000 0.000 0.000 0.000 0.000 0.000 0.000 0.000 0.000 0.000 0.000 0.000 0.000 0.000 0.000 0.000
0.000 0.000 0.000 0.000 0.000 0.000 0.000 0.000 0.000 0.000 0.000 0.000 0.000 0.000 0.001 0.003 0.003 0.003 0.003 0.003 0.003 0.003 0.003 0.003 0.003 0.003 0.003 0.003 0.003 0.002 0.001 0.000 0.000 0.000 0.000 0.000 0.000 0.000 0.000 0.000 0.000 0.000 0.000 0.000 0.000 0.000 0.000 0.000 0.000 0.000 0.151 0.171 0.185 0.183 0.182 0.182 0.184 0.185 0.186 0.198 0.210 0.000 0.000 0.000 0.000 0.000 0.000 0.000 0.000 0.000 0.000 0.000 0.000 0.000 0.000 0.000 0.000
0.000 0.000 0.000 0.000 0.000 0.000 0.000 0.000 0.000 0.000 0.000 0.000 0.000 0.000 0.000 0.000 0.001 0.001 0.001 0.001 0.001 0.001 0.001 0.001 0.001 0.001 0.001 0.001 0.001 0.000 0.000 0.000 0.000 0.000 0.000 0.000 0.000 0.000 0.000 0.000 0.000 0.000 0.000 0.000 0.000 0.000 0.000 0.000 0.000 0.000 0.131 0.150 0.168 0.181 0.179 0.178 0.178 0.179 0.181 0.193 0.000 0.000 0.000 0.000 0.000 0.000 0.000 0.000 0.000 0.000 0.000 0.000 0.000 0.000 0.000 0.000 0.000
0.000 0.000 0.000 0.000 0.000 0.000 0.000 0.000 0.000 0.000 0.000 0.000 0.000 0.000 0.000 0.000 0.000 0.000 0.000 0.000 0.000 0.000 0.000 0.000 0.000 0.000 0.000 0.000 0.000 0.000 0.000 0.000 0.000 0.000 0.000 0.000 0.000 0.000 0.000 0.000 0.000 0.000 0.000 0.000 0.000 0.000 0.000 0.000 0.000 0.000 0.000 0.127 0.145 0.164 0.175 0.172 0.166 0.169 0.169 0.000 0.000 0.000 0.000 0.000 0.000 0.000 0.000 0.000 0.000 0.000 0.000 0.000 0.000 0.000 0.000 0.000 0.000
0.000 0.000 0.000 0.000 0.000 0.000 0.000 0.000 0.000 0.000 0.000 0.000 0.000 0.000 0.000 0.000 0.000 0.000 0.000 0.000 0.000 0.000 0.000 0.000 0.000 0.000 0.000 0.000 0.000 0.000 0.000 0.000 0.000 0.000 0.000 0.000 0.000 0.000 0.000 0.000 0.000 0.000 0.000 0.000 0.000 0.000 0.000 0.000 0.000 0.000 0.000 0.103 0.123 0.140 0.158 0.168 0.164 0.162 0.157 0.153 0.000 0.000 0.000 0.000 0.000 0.000 0.000 0.000 0.000 0.000 0.000 0.000 0.000 0.000 0.000 0.000 0.000
0.000 0.000 0.000 0.000 0.000 0.000 0.000 0.000 0.000 0.000 0.000 0.000 0.000 0.000 0.000 0.000 0.000 0.000 0.000 0.000 0.000 0.000 0.000 0.000 0.000 0.000 0.000 0.000 0.000 0.000 0.000 0.000 0.000 0.000 0.000 0.000 0.000 0.000 0.000 0.000 0.000 0.000 0.000 0.000 0.000 0.000 0.000 0.000 0.000 0.000 0.000 0.077 0.097 0.115 0.133 0.150 0.159 0.155 0.149 0.142 0.141 0.000 0.000 0.000 0.000 0.000 0.000 0.000 0.000 0.000 0.000 0.000 0.000 0.000 0.000 0.000 0.000
0.000 0.000 0.000 0.000 0.000 0.000 0.000 0.000 0.000 0.000 0.000 0.000 0.000 0.000 0.000 0.000 0.000 0.000 0.000 0.000 0.000 0.000 0.000 0.000 0.000 0.000 0.000 0.000 0.000 0.000 0.000 0.000 0.000 0.000 0.000 0.000 0.000 0.000 0.000 0.000 0.000 0.000 0.000 0.000 0.000 0.000 0.000 0.000 0.000 0.000 0.000 0.054 0.073 0.091 0.108 0.124 0.140 0.148 0.141 0.131 0.127 0.116 0.115 0.000 0.000 0.000 0.000 0.000 0.000 0.000 0.000 0.000 0.000 0.000 0.000 0.000 0.000
0.000 0.000 0.000 0.000 0.000 0.000 0.000 0.000 0.000 0.000 0.000 0.000 0.000 0.000 0.000 0.000 0.000 0.000 0.000 0.000 0.000 0.000 0.000 0.000 0.000 0.000 0.000 0.000 0.000 0.000 0.000 0.000 0.000 0.000 0.000 0.000 0.000 0.000 0.000 0.000 0.000 0.000 0.000 0.000 0.000 0.000 0.000 0.000 0.000 0.000 0.000 0.000 0.048 0.066 0.083 0.099 0.114 0.128 0.132 0.121 0.114 0.106 0.105 0.106 0.000 0.000 0.000 0.000 0.000 0.000 0.000 0.000 0.000 0.000 0.000 0.000 0.000
0.000 0.000 0.000 0.000 0.000 0.000 0.000 0.000 0.000 0.000 0.000 0.000 0.000 0.000 0.000 0.000 0.000 0.000 0.000 0.000 0.000 0.000 0.000 0.000 0.000 0.000 0.000 0.000 0.000 0.000 0.000 0.000 0.000 0.000 0.000 0.000 0.000 0.000 0.000 0.000 0.000 0.000 0.000 0.000 0.000 0.000 0.000 0.000 0.000 0.000 0.000 0.000 0.023 0.042 0.059 0.074 0.087 0.100 0.111 0.109 0.099 0.094 0.095 0.095 0.094 0.000 0.000 0.000 0.000 0.000 0.000 0.000 0.000 0.000 0.000 0.000 0.000
