数据/200y_3h/200y_3h_res_2/200y_3h_194-0001.wd
ncols         694
nrows         824
xllcorner     581104.939801
yllcorner     3495917.092414
cellsize      2.000000
NODATA_value  -9999.000000
[rows 442 to 475 of 824, columns 385 to 461 of 694]
0.000 0.000 0.000 0.046 0.041 0.036 0.031 0.025 0.020 0.015 0.010 0.006 0.004 0.003 0.003 0.003 0.004 0.004 0.004 0.005 0.006 0.016 0.026 0.035 0.044 0.054 0.063 0.072 0.081 0.090 0.094 0.094 0.094 0.095 0.000 0.000 0.000 0.000 0.000 0.000 0.000 0.000 0.000 0.000 0.000 0.000 0.000 0.000 0.000 0.000 0.000 0.000 0.000 0.000 0.000 0.006 0.014 0.020 0.025 0.030 0.035 0.041 0.047 0.053 0.060 0.067 0.073 0.080 0.087 0.094 0.000 0.000 0.000 0.000 0.000 0.000 0.000
0.000 0.000 0.000 0.000 0.000 0.047 0.042 0.036 0.031 0.026 0.021 0.016 0.012 0.008 0.005 0.005 0.005 0.005 0.006 0.007 0.009 0.014 0.025 0.034 0.044 0.054 0.063 0.073 0.082 0.090 0.092 0.092 0.093 0.094 0.000 0.000 0.000 0.000 0.000 0.000 0.000 0.000 0.000 0.000 0.000 0.000 0.000 0.000 0.000 0.000 0.000 0.000 0.000 0.000 0.004 0.013 0.021 0.028 0.034 0.040 0.047 0.053 0.059 0.066 0.072 0.079 0.086 0.093 0.100 0.106 0.113 0.115 0.000 0.000 0.000 0.000 0.000
0.000 0.000 0.000 0.000 0.000 0.000 0.000 0.047 0.042 0.037 0.032 0.027 0.022 0.018 0.013 0.010 0.008 0.008 0.009 0.010 0.011 0.013 0.022 0.033 0.043 0.053 0.064 0.074 0.084 0.091 0.090 0.090 0.089 0.000 0.000 0.000 0.000 0.000 0.000 0.000 0.000 0.000 0.000 0.000 0.000 0.000 0.000 0.000 0.000 0.000 0.000 0.000 0.001 0.011 0.018 0.026 0.033 0.040 0.046 0.053 0.059 0.065 0.072 0.078 0.085 0.092 0.099 0.105 0.112 0.119 0.126 0.122 0.117 0.113 0.108 0.000 0.000
0.000 0.000 0.000 0.000 0.000 0.000 0.000 0.000 0.050 0.048 0.043 0.038 0.033 0.029 0.024 0.019 0.015 0.012 0.012 0.013 0.014 0.016 0.019 0.030 0.041 0.052 0.063 0.074 0.088 0.089 0.087 0.085 0.085 0.000 0.000 0.000 0.000 0.000 0.000 0.000 0.000 0.000 0.000 0.000 0.000 0.000 0.000 0.000 0.000 0.000 0.000 0.000 0.000 0.000 0.000 0.000 0.000 0.053 0.000 0.000 0.071 0.078 0.085 0.091 0.097 0.104 0.111 0.119 0.125 0.132 0.134 0.130 0.124 0.120 0.115 0.110 0.105
0.000 0.000 0.000 0.000 0.000 0.000 0.000 0.000 0.000 0.000 0.049 0.047 0.045 0.040 0.035 0.030 0.025 0.021 0.018 0.017 0.017 0.019 0.021 0.025 0.038 0.049 0.059 0.070 0.080 0.083 0.081 0.080 0.079 0.000 0.000 0.000 0.000 0.000 0.000 0.000 0.000 0.000 0.000 0.000 0.000 0.000 0.000 0.000 0.000 0.000 0.000 0.000 0.000 0.000 0.000 0.000 0.000 0.000 0.000 0.000 0.000 0.000 0.000 0.000 0.110 0.117 0.125 0.131 0.138 0.145 0.142 0.137 0.132 0.127 0.123 0.117 0.112
0.000 0.000 0.000 0.000 0.000 0.000 0.000 0.000 0.000 0.000 0.000 0.051 0.050 0.047 0.045 0.041 0.036 0.031 0.026 0.023 0.021 0.022 0.023 0.025 0.032 0.045 0.055 0.065 0.074 0.076 0.075 0.072 0.067 0.055 0.047 0.042 0.000 0.000 0.000 0.000 0.000 0.000 0.000 0.000 0.000 0.000 0.000 0.000 0.000 0.000 0.000 0.000 0.000 0.000 0.000 0.000 0.000 0.000 0.000 0.000 0.000 0.000 0.000 0.000 0.000 0.000 0.000 0.000 0.151 0.154 0.149 0.144 0.140 0.134 0.130 0.125 0.120
0.000 0.000 0.000 0.000 0.000 0.000 0.000 0.000 0.000 0.000 0.000 0.000 0.000 0.051 0.049 0.046 0.044 0.041 0.036 0.031 0.027 0.025 0.025 0.027 0.029 0.039 0.050 0.060 0.068 0.069 0.067 0.064 0.059 0.050 0.042 0.034 0.026 0.021 0.017 0.017 0.000 0.000 0.000 0.000 0.000 0.000 0.000 0.000 0.000 0.000 0.000 0.000 0.000 0.000 0.000 0.000 0.000 0.000 0.000 0.000 0.000 0.000 0.000 0.000 0.000 0.000 0.000 0.000 0.000 0.000 0.000 0.151 0.147 0.142 0.137 0.132 0.127
0.000 0.000 0.000 0.000 0.000 0.000 0.000 0.000 0.000 0.000 0.000 0.000 0.000 0.000 0.000 0.050 0.047 0.044 0.041 0.038 0.034 0.031 0.029 0.029 0.030 0.032 0.044 0.054 0.062 0.061 0.059 0.056 0.050 0.042 0.038 0.034 0.029 0.025 0.021 0.019 0.015 0.012 0.012 0.000 0.000 0.000 0.000 0.000 0.000 0.000 0.000 0.000 0.000 0.000 0.000 0.000 0.000 0.000 0.000 0.000 0.000 0.000 0.000 0.000 0.000 0.000 0.000 0.000 0.000 0.000 0.000 0.000 0.000 0.000 0.000 0.139 0.134
0.000 0.000 0.000 0.000 0.000 0.000 0.000 0.000 0.000 0.000 0.000 0.000 0.000 0.000 0.000 0.000 0.051 0.048 0.043 0.039 0.036 0.034 0.033 0.031 0.031 0.032 0.036 0.047 0.054 0.053 0.050 0.046 0.043 0.041 0.038 0.034 0.030 0.027 0.024 0.022 0.019 0.016 0.014 0.011 0.008 0.006 0.006 0.000 0.000 0.000 0.000 0.000 0.000 0.000 0.000 0.000 0.000 0.000 0.000 0.000 0.000 0.000 0.000 0.000 0.000 0.000 0.000 0.000 0.000 0.000 0.000 0.000 0.000 0.000 0.000 0.000 0.000
0.000 0.000 0.000 0.000 0.000 0.000 0.000 0.000 0.000 0.000 0.000 0.000 0.000 0.000 0.000 0.000 0.000 0.000 0.041 0.039 0.036 0.033 0.031 0.028 0.031 0.033 0.033 0.039 0.045 0.043 0.042 0.042 0.041 0.039 0.037 0.034 0.032 0.029 0.027 0.024 0.022 0.019 0.017 0.014 0.012 0.009 0.008 0.006 0.004 0.003 0.003 0.002 0.002 0.002 0.001 0.000 0.000 0.000 0.000 0.000 0.000 0.000 0.000 0.000 0.000 0.000 0.000 0.000 0.000 0.000 0.000 0.000 0.000 0.000 0.000 0.000 0.000
0.000 0.000 0.000 0.000 0.000 0.000 0.000 0.000 0.000 0.000 0.000 0.000 0.000 0.000 0.000 0.000 0.000 0.000 0.040 0.038 0.035 0.032 0.026 0.000 0.024 0.029 0.031 0.033 0.036 0.039 0.040 0.040 0.039 0.038 0.037 0.035 0.033 0.031 0.029 0.027 0.024 0.022 0.020 0.017 0.015 0.011 0.009 0.008 0.006 0.005 0.004 0.004 0.003 0.003 0.002 0.002 0.002 0.001 0.000 0.000 0.000 0.000 0.000 0.000 0.000 0.000 0.000 0.000 0.000 0.000 0.000 0.000 0.000 0.000 0.000 0.000 0.000
0.000 0.000 0.000 0.000 0.000 0.000 0.000 0.000 0.000 0.000 0.000 0.000 0.000 0.000 0.000 0.000 0.000 0.000 0.039 0.037 0.034 0.031 0.026 0.021 0.023 0.025 0.027 0.027 0.031 0.035 0.037 0.038 0.039 0.038 0.037 0.036 0.035 0.033 0.031 0.029 0.027 0.025 0.023 0.020 0.016 0.000 0.009 0.009 0.009 0.008 0.007 0.006 0.005 0.004 0.004 0.003 0.003 0.002 0.002 0.002 0.002 0.000 0.000 0.000 0.000 0.000 0.000 0.000 0.000 0.000 0.000 0.000 0.000 0.000 0.000 0.000 0.000
0.000 0.000 0.000 0.000 0.000 0.000 0.000 0.000 0.000 0.000 0.000 0.000 0.000 0.000 0.000 0.000 0.000 0.000 0.037 0.035 0.033 0.030 0.027 0.024 0.023 0.023 0.023 0.022 0.027 0.030 0.033 0.035 0.036 0.036 0.037 0.037 0.037 0.036 0.034 0.033 0.031 0.029 0.027 0.024 0.021 0.017 0.015 0.014 0.013 0.011 0.010 0.009 0.008 0.007 0.006 0.005 0.004 0.004 0.003 0.003 0.003 0.002 0.002 0.002 0.003 0.000 0.000 0.000 0.000 0.000 0.000 0.000 0.000 0.000 0.000 0.000 0.000
0.000 0.000 0.000 0.000 0.000 0.000 0.000 0.000 0.000 0.000 0.000 0.000 0.000 0.000 0.000 0.000 0.000 0.033 0.034 0.034 0.032 0.030 0.028 0.026 0.024 0.022 0.020 0.020 0.023 0.027 0.029 0.031 0.033 0.034 0.035 0.036 0.036 0.036 0.036 0.035 0.034 0.033 0.031 0.029 0.026 0.024 0.021 0.020 0.018 0.016 0.014 0.013 0.011 0.010 0.009 0.008 0.007 0.006 0.005 0.005 0.005 0.004 0.004 0.005 0.006 0.009 0.004 0.002 0.001 0.000 0.000 0.000 0.000 0.000 0.000 0.000 0.000
0.000 0.000 0.000 0.000 0.000 0.000 0.000 0.000 0.000 0.000 0.000 0.000 0.000 0.000 0.000 0.000 0.000 0.035 0.034 0.033 0.032 0.030 0.028 0.026 0.024 0.021 0.018 0.019 0.021 0.024 0.027 0.029 0.031 0.033 0.034 0.035 0.036 0.036 0.036 0.036 0.035 0.034 0.033 0.032 0.031 0.029 0.028 0.026 0.024 0.022 0.020 0.018 0.017 0.015 0.014 0.013 0.012 0.011 0.010 0.010 0.010 0.010 0.011 0.013 0.017 0.016 0.010 0.004 0.002 0.000 0.000 0.000 0.000 0.000 0.000 0.000 0.000
0.000 0.000 0.000 0.000 0.000 0.000 0.000 0.000 0.000 0.000 0.000 0.000 0.000 0.000 0.000 0.000 0.000 0.035 0.034 0.033 0.032 0.030 0.028 0.026 0.023 0.020 0.016 0.018 0.020 0.023 0.025 0.028 0.030 0.032 0.033 0.034 0.035 0.036 0.036 0.036 0.036 0.036 0.035 0.034 0.033 0.032 0.031 0.030 0.029 0.028 0.027 0.025 0.024 0.022 0.021 0.020 0.019 0.019 0.019 0.019 0.020 0.021 0.022 0.025 0.029 0.023 0.016 0.007 0.002 0.000 0.000 0.000 0.000 0.000 0.000 0.000 0.000
0.000 0.000 0.000 0.000 0.000 0.000 0.000 0.000 0.000 0.000 0.000 0.000 0.000 0.000 0.000 0.000 0.000 0.035 0.034 0.033 0.031 0.030 0.028 0.025 0.023 0.019 0.016 0.018 0.019 0.022 0.024 0.027 0.029 0.031 0.033 0.034 0.036 0.037 0.038 0.038 0.038 0.038 0.038 0.037 0.036 0.035 0.034 0.033 0.032 0.031 0.030 0.030 0.029 0.029 0.028 0.029 0.029 0.029 0.030 0.031 0.032 0.033 0.035 0.038 0.036 0.029 0.018 0.006 0.002 0.000 0.000 0.000 0.000 0.000 0.000 0.000 0.000
0.000 0.000 0.000 0.000 0.000 0.000 0.000 0.000 0.000 0.000 0.000 0.000 0.000 0.000 0.000 0.000 0.034 0.034 0.034 0.033 0.031 0.030 0.027 0.025 0.022 0.017 0.016 0.018 0.019 0.021 0.024 0.026 0.028 0.030 0.033 0.035 0.037 0.039 0.040 0.041 0.041 0.041 0.041 0.040 0.039 0.038 0.038 0.037 0.036 0.035 0.034 0.034 0.033 0.033 0.034 0.035 0.036 0.038 0.040 0.042 0.045 0.047 0.049 0.051 0.040 0.029 0.016 0.011 0.007 0.005 0.003 0.002 0.000 0.000 0.000 0.000 0.000
0.000 0.000 0.000 0.000 0.000 0.000 0.000 0.000 0.000 0.000 0.000 0.000 0.000 0.000 0.000 0.000 0.037 0.036 0.035 0.033 0.032 0.030 0.027 0.025 0.021 0.016 0.016 0.018 0.019 0.021 0.023 0.026 0.028 0.031 0.034 0.037 0.040 0.043 0.044 0.045 0.045 0.044 0.044 0.044 0.043 0.042 0.041 0.040 0.040 0.039 0.039 0.038 0.038 0.039 0.040 0.041 0.043 0.045 0.048 0.050 0.053 0.056 0.059 0.058 0.063 0.057 0.047 0.038 0.030 0.023 0.017 0.012 0.008 0.006 0.004 0.002 0.000
0.000 0.000 0.000 0.000 0.000 0.000 0.000 0.000 0.000 0.000 0.000 0.000 0.000 0.000 0.000 0.000 0.040 0.038 0.036 0.035 0.033 0.030 0.028 0.024 0.020 0.016 0.017 0.018 0.019 0.021 0.023 0.026 0.029 0.032 0.037 0.041 0.046 0.049 0.050 0.049 0.049 0.049 0.048 0.048 0.047 0.046 0.045 0.044 0.044 0.043 0.043 0.043 0.044 0.044 0.046 0.048 0.050 0.053 0.056 0.059 0.062 0.060 0.056 0.052 0.056 0.060 0.063 0.065 0.066 0.057 0.048 0.039 0.031 0.024 0.018 0.013 0.009
0.160 0.157 0.154 0.000 0.000 0.000 0.000 0.000 0.000 0.000 0.000 0.000 0.000 0.000 0.000 0.045 0.043 0.041 0.039 0.037 0.034 0.031 0.028 0.024 0.019 0.017 0.017 0.018 0.019 0.021 0.024 0.027 0.031 0.036 0.042 0.048 0.054 0.058 0.057 0.053 0.053 0.054 0.053 0.052 0.051 0.050 0.049 0.049 0.048 0.048 0.048 0.048 0.049 0.051 0.053 0.055 0.058 0.061 0.064 0.064 0.061 0.057 0.053 0.048 0.050 0.053 0.056 0.058 0.061 0.064 0.067 0.069 0.067 0.057 0.048 0.039 0.031
0.165 0.161 0.157 0.151 0.147 0.144 0.000 0.000 0.000 0.000 0.000 0.000 0.000 0.000 0.000 0.049 0.047 0.045 0.042 0.039 0.036 0.033 0.029 0.024 0.019 0.018 0.018 0.019 0.020 0.022 0.025 0.030 0.035 0.042 0.049 0.056 0.062 0.069 0.000 0.054 0.058 0.060 0.059 0.055 0.055 0.055 0.054 0.053 0.053 0.053 0.053 0.054 0.055 0.057 0.060 0.062 0.066 0.067 0.064 0.061 0.058 0.054 0.050 0.044 0.045 0.047 0.049 0.051 0.054 0.057 0.059 0.062 0.065 0.067 0.070 0.072 0.066
0.169 0.166 0.161 0.155 0.151 0.147 0.140 0.135 0.131 0.127 0.000 0.000 0.000 0.000 0.000 0.055 0.052 0.049 0.045 0.042 0.038 0.034 0.029 0.024 0.019 0.019 0.019 0.019 0.021 0.024 0.028 0.034 0.041 0.049 0.056 0.063 0.071 0.000 0.000 0.000 0.000 0.000 0.000 0.056 0.060 0.060 0.057 0.058 0.059 0.059 0.059 0.060 0.062 0.064 0.067 0.069 0.066 0.064 0.061 0.058 0.055 0.052 0.047 0.042 0.041 0.042 0.043 0.045 0.047 0.050 0.052 0.054 0.057 0.060 0.062 0.064 0.067
0.000 0.000 0.000 0.158 0.155 0.151 0.144 0.139 0.135 0.130 0.122 0.116 0.112 0.000 0.000 0.061 0.057 0.053 0.048 0.044 0.039 0.035 0.030 0.024 0.020 0.019 0.019 0.020 0.023 0.027 0.033 0.040 0.048 0.056 0.064 0.000 0.000 0.000 0.000 0.000 0.000 0.000 0.000 0.000 0.000 0.000 0.059 0.063 0.065 0.065 0.063 0.065 0.068 0.071 0.068 0.065 0.063 0.060 0.058 0.055 0.052 0.049 0.044 0.039 0.037 0.037 0.038 0.039 0.041 0.043 0.045 0.047 0.050 0.052 0.054 0.057 0.059
0.000 0.000 0.000 0.000 0.000 0.000 0.147 0.143 0.139 0.134 0.125 0.119 0.113 0.101 0.087 0.072 0.063 0.056 0.051 0.045 0.040 0.035 0.030 0.023 0.020 0.019 0.020 0.022 0.025 0.031 0.038 0.046 0.055 0.064 0.000 0.000 0.000 0.000 0.000 0.000 0.000 0.000 0.000 0.000 0.000 0.000 0.000 0.000 0.000 0.000 0.066 0.072 0.071 0.068 0.064 0.061 0.059 0.056 0.054 0.051 0.049 0.045 0.041 0.036 0.033 0.033 0.033 0.034 0.035 0.037 0.038 0.040 0.042 0.045 0.047 0.049 0.052
0.000 0.000 0.000 0.000 0.000 0.000 0.000 0.000 0.000 0.000 0.127 0.122 0.116 0.105 0.088 0.075 0.065 0.058 0.051 0.046 0.040 0.035 0.029 0.021 0.018 0.018 0.020 0.024 0.029 0.036 0.044 0.053 0.062 0.000 0.000 0.000 0.000 0.000 0.000 0.000 0.000 0.000 0.000 0.000 0.000 0.000 0.000 0.000 0.000 0.000 0.000 0.000 0.000 0.000 0.057 0.057 0.055 0.052 0.050 0.048 0.045 0.041 0.038 0.033 0.029 0.029 0.029 0.029 0.030 0.031 0.032 0.034 0.036 0.037 0.039 0.042 0.044
0.000 0.000 0.000 0.000 0.000 0.000 0.000 0.000 0.000 0.000 0.000 0.000 0.000 0.000 0.084 0.072 0.063 0.057 0.051 0.045 0.040 0.034 0.027 0.020 0.000 0.017 0.021 0.027 0.033 0.041 0.049 0.058 0.000 0.000 0.000 0.000 0.000 0.000 0.000 0.000 0.000 0.000 0.000 0.000 0.000 0.000 0.000 0.000 0.000 0.000 0.000 0.000 0.000 0.000 0.000 0.000 0.000 0.045 0.045 0.044 0.041 0.037 0.033 0.029 0.025 0.024 0.024 0.024 0.024 0.025 0.026 0.027 0.029 0.030 0.032 0.034 0.036
0.000 0.000 0.000 0.000 0.000 0.000 0.000 0.000 0.000 0.000 0.000 0.000 0.000 0.000 0.000 0.063 0.058 0.054 0.049 0.044 0.038 0.032 0.025 0.020 0.017 0.020 0.025 0.031 0.039 0.047 0.055 0.064 0.000 0.000 0.000 0.000 0.000 0.000 0.000 0.000 0.000 0.000 0.000 0.000 0.000 0.000 0.000 0.000 0.000 0.000 0.000 0.000 0.000 0.000 0.000 0.000 0.000 0.000 0.000 0.000 0.000 0.030 0.029 0.025 0.019 0.019 0.018 0.019 0.019 0.019 0.020 0.021 0.022 0.023 0.025 0.027 0.029
0.000 0.000 0.000 0.000 0.000 0.000 0.000 0.000 0.000 0.000 0.000 0.000 0.000 0.000 0.050 0.054 0.053 0.050 0.046 0.041 0.036 0.030 0.023 0.020 0.020 0.023 0.029 0.036 0.044 0.053 0.061 0.070 0.000 0.000 0.000 0.000 0.000 0.000 0.000 0.000 0.000 0.000 0.000 0.000 0.000 0.000 0.000 0.000 0.000 0.000 0.000 0.000 0.000 0.000 0.000 0.000 0.000 0.000 0.000 0.000 0.000 0.000 0.000 0.000 0.009 0.011 0.012 0.012 0.013 0.013 0.013 0.014 0.015 0.017 0.018 0.020 0.022
0.000 0.000 0.000 0.000 0.000 0.000 0.000 0.000 0.000 0.000 0.000 0.000 0.000 0.000 0.050 0.050 0.049 0.046 0.043 0.039 0.034 0.028 0.022 0.021 0.023 0.027 0.034 0.042 0.050 0.059 0.068 0.077 0.000 0.000 0.000 0.000 0.000 0.000 0.000 0.000 0.000 0.000 0.000 0.000 0.000 0.000 0.000 0.000 0.000 0.000 0.000 0.000 0.000 0.000 0.000 0.000 0.000 0.000 0.000 0.000 0.000 0.000 0.000 0.000 0.000 0.000 0.000 0.000 0.004 0.005 0.006 0.007 0.009 0.010 0.011 0.013 0.014
0.000 0.000 0.000 0.000 0.000 0.000 0.000 0.000 0.000 0.000 0.000 0.000 0.000 0.000 0.048 0.047 0.046 0.043 0.040 0.036 0.031 0.025 0.022 0.023 0.026 0.032 0.039 0.047 0.056 0.064 0.073 0.000 0.000 0.000 0.000 0.000 0.000 0.000 0.000 0.000 0.000 0.000 0.000 0.000 0.000 0.000 0.000 0.000 0.000 0.000 0.000 0.000 0.000 0.000 0.000 0.000 0.000 0.000 0.000 0.000 0.000 0.000 0.000 0.000 0.000 0.000 0.000 0.000 0.000 0.000 0.000 0.002 0.002 0.003 0.005 0.006 0.007
0.000 0.000 0.000 0.000 0.000 0.000 0.000 0.000 0.000 0.000 0.000 0.000 0.000 0.000 0.045 0.044 0.043 0.040 0.037 0.034 0.029 0.023 0.022 0.025 0.030 0.037 0.045 0.053 0.062 0.070 0.079 0.000 0.000 0.000 0.000 0.000 0.000 0.000 0.000 0.000 0.000 0.000 0.000 0.000 0.000 0.000 0.000 0.000 0.000 0.000 0.000 0.000 0.000 0.000 0.000 0.000 0.000 0.000 0.000 0.000 0.000 0.000 0.000 0.000 0.000 0.000 0.000 0.000 0.000 0.000 0.000 0.000 0.000 0.000 0.000 0.001 0.001
0.000 0.000 0.000 0.000 0.000 0.000 0.000 0.000 0.000 0.000 0.000 0.000 0.000 0.038 0.041 0.041 0.040 0.038 0.035 0.032 0.027 0.022 0.024 0.028 0.035 0.042 0.050 0.059 0.067 0.076 0.086 0.000 0.000 0.000 0.000 0.000 0.000 0.000 0.000 0.000 0.000 0.000 0.000 0.000 0.000 0.000 0.000 0.000 0.000 0.000 0.000 0.000 0.000 0.000 0.000 0.000 0.000 0.000 0.000 0.000 0.000 0.000 0.000 0.000 0.000 0.000 0.000 0.000 0.000 0.000 0.000 0.000 0.000 0.000 0.000 0.000 0.000
0.000 0.000 0.000 0.000 0.000 0.000 0.000 0.000 0.000 0.000 0.000 0.000 0.000 0.039 0.039 0.039 0.038 0.036 0.033 0.030 0.025 0.023 0.027 0.032 0.040 0.048 0.056 0.064 0.073 0.081 0.000 0.000 0.000 0.000 0.000 0.000 0.000 0.000 0.000 0.000 0.000 0.000 0.000 0.000 0.000 0.000 0.000 0.000 0.000 0.000 0.000 0.000 0.000 0.000 0.000 0.000 0.000 0.000 0.000 0.000 0.000 0.000 0.000 0.000 0.000 0.000 0.000 0.000 0.000 0.000 0.000 0.000 0.000 0.000 0.000 0.000 0.000
