数据/200y_3h/200y_3h_res_2/200y_3h_167-0001.wd
ncols         694
nrows         824
xllcorner     581104.939801
yllcorner     3495917.092414
cellsize      2.000000
NODATA_value  -9999.000000
[rows 544 to 577 of 824, columns 308 to 384 of 694]
0.001 0.001 0.001 0.000 0.000 0.000 0.000 0.000 0.000 0.001 0.001 0.001 0.001 0.001 0.001 0.001 0.001 0.001 0.001 0.001 0.001 0.001 0.001 0.001 0.001 0.001 0.001 0.001 0.031 0.050 0.052 0.050 0.048 0.046 0.044 0.043 0.045 0.058 0.063 0.061 0.060 0.060 0.063 0.072 0.096 0.133 0.175 0.000 0.000 0.000 0.000 0.000 0.000 0.000 0.000 0.000 0.000 0.000 0.000 0.000 0.000 0.000 0.000 0.000 0.000 0.000 0.000 0.000 0.000 0.000 0.000 0.000 0.000 0.002 0.004 0.005 0.008
0.001 0.001 0.001 0.001 0.001 0.000 0.000 0.000 0.001 0.001 0.001 0.001 0.001 0.001 0.001 0.001 0.001 0.001 0.001 0.001 0.001 0.001 0.001 0.001 0.001 0.001 0.001 0.001 0.006 0.019 0.038 0.041 0.041 0.042 0.042 0.044 0.055 0.060 0.059 0.058 0.057 0.056 0.058 0.066 0.087 0.123 0.165 0.000 0.000 0.000 0.000 0.000 0.000 0.000 0.000 0.000 0.000 0.000 0.000 0.000 0.000 0.000 0.000 0.000 0.000 0.000 0.000 0.000 0.000 0.000 0.000 0.000 0.000 0.003 0.006 0.008 0.011
0.001 0.001 0.001 0.001 0.001 0.001 0.001 0.000 0.001 0.001 0.001 0.001 0.001 0.001 0.001 0.001 0.001 0.001 0.001 0.001 0.001 0.001 0.001 0.001 0.001 0.001 0.001 0.001 0.001 0.003 0.024 0.031 0.034 0.036 0.039 0.050 0.056 0.055 0.054 0.053 0.052 0.052 0.053 0.059 0.077 0.112 0.155 0.000 0.000 0.000 0.000 0.000 0.000 0.000 0.000 0.000 0.000 0.000 0.000 0.000 0.000 0.000 0.000 0.000 0.000 0.000 0.000 0.000 0.000 0.000 0.000 0.000 0.000 0.006 0.008 0.011 0.014
0.002 0.001 0.001 0.001 0.001 0.001 0.001 0.001 0.001 0.001 0.001 0.001 0.001 0.001 0.001 0.001 0.001 0.001 0.001 0.001 0.001 0.001 0.001 0.001 0.001 0.001 0.001 0.001 0.001 0.001 0.005 0.021 0.026 0.030 0.040 0.048 0.048 0.048 0.047 0.047 0.047 0.046 0.047 0.051 0.066 0.101 0.000 0.000 0.000 0.000 0.000 0.000 0.000 0.000 0.000 0.000 0.000 0.000 0.000 0.000 0.000 0.000 0.000 0.000 0.000 0.000 0.000 0.000 0.000 0.000 0.000 0.000 0.007 0.010 0.012 0.014 0.017
0.005 0.004 0.004 0.003 0.003 0.002 0.002 0.002 0.001 0.001 0.001 0.001 0.001 0.001 0.001 0.001 0.001 0.001 0.001 0.001 0.001 0.000 0.001 0.001 0.001 0.001 0.001 0.001 0.001 0.001 0.001 0.013 0.019 0.029 0.038 0.039 0.040 0.040 0.041 0.041 0.041 0.041 0.041 0.043 0.051 0.086 0.000 0.000 0.000 0.000 0.000 0.000 0.000 0.000 0.000 0.000 0.000 0.000 0.000 0.000 0.000 0.000 0.000 0.000 0.000 0.000 0.000 0.000 0.000 0.000 0.000 0.000 0.010 0.013 0.016 0.018 0.021
0.018 0.018 0.012 0.008 0.006 0.005 0.000 0.000 0.001 0.002 0.001 0.001 0.001 0.001 0.001 0.001 0.001 0.001 0.001 0.001 0.001 0.001 0.001 0.001 0.001 0.001 0.001 0.001 0.001 0.001 0.001 0.002 0.016 0.029 0.031 0.033 0.034 0.035 0.035 0.035 0.035 0.035 0.035 0.033 0.001 0.056 0.063 0.087 0.000 0.000 0.000 0.000 0.000 0.000 0.000 0.000 0.000 0.000 0.000 0.000 0.000 0.000 0.000 0.000 0.000 0.000 0.000 0.000 0.000 0.000 0.000 0.000 0.015 0.018 0.020 0.022 0.025
0.000 0.000 0.009 0.008 0.006 0.011 0.000 0.000 0.000 0.000 0.001 0.002 0.002 0.001 0.001 0.001 0.001 0.001 0.001 0.001 0.001 0.001 0.001 0.001 0.001 0.001 0.001 0.001 0.001 0.001 0.002 0.031 0.038 0.033 0.030 0.030 0.030 0.030 0.031 0.031 0.031 0.031 0.030 0.030 0.026 0.037 0.046 0.062 0.060 0.061 0.069 0.094 0.000 0.000 0.000 0.000 0.000 0.000 0.000 0.000 0.000 0.000 0.000 0.000 0.000 0.000 0.000 0.000 0.000 0.000 0.020 0.024 0.023 0.023 0.024 0.025 0.028
0.000 0.000 0.007 0.008 0.012 0.113 0.000 0.000 0.000 0.000 0.000 0.000 0.000 0.002 0.002 0.002 0.003 0.002 0.001 0.001 0.001 0.001 0.001 0.001 0.001 0.001 0.001 0.001 0.001 0.001 0.033 0.081 0.064 0.054 0.045 0.038 0.032 0.027 0.026 0.026 0.026 0.026 0.026 0.025 0.025 0.027 0.031 0.040 0.043 0.046 0.053 0.068 0.067 0.075 0.099 0.000 0.000 0.000 0.000 0.000 0.000 0.000 0.000 0.000 0.000 0.000 0.000 0.000 0.023 0.027 0.026 0.027 0.027 0.027 0.027 0.028 0.031
0.000 0.000 0.006 0.007 0.014 0.000 0.000 0.000 0.000 0.000 0.000 0.000 0.000 0.000 0.000 0.000 0.000 0.002 0.003 0.003 0.002 0.002 0.002 0.002 0.002 0.001 0.001 0.001 0.003 0.006 0.030 0.059 0.055 0.052 0.048 0.043 0.039 0.035 0.031 0.026 0.023 0.021 0.021 0.020 0.020 0.020 0.022 0.025 0.027 0.031 0.036 0.045 0.050 0.058 0.072 0.068 0.065 0.061 0.080 0.000 0.000 0.000 0.000 0.000 0.000 0.000 0.028 0.032 0.030 0.030 0.030 0.030 0.030 0.030 0.030 0.031 0.034
0.000 0.000 0.005 0.007 0.021 0.000 0.000 0.000 0.000 0.000 0.000 0.000 0.000 0.000 0.000 0.000 0.000 0.000 0.000 0.000 0.003 0.003 0.004 0.004 0.003 0.003 0.003 0.005 0.005 0.009 0.026 0.044 0.047 0.047 0.046 0.044 0.042 0.039 0.036 0.033 0.030 0.026 0.019 0.015 0.014 0.014 0.016 0.017 0.018 0.020 0.023 0.028 0.032 0.039 0.048 0.050 0.046 0.015 0.051 0.056 0.076 0.104 0.000 0.000 0.036 0.038 0.035 0.035 0.034 0.033 0.033 0.032 0.032 0.032 0.032 0.033 0.036
0.000 0.000 0.004 0.017 0.124 0.000 0.000 0.000 0.000 0.000 0.000 0.000 0.000 0.000 0.000 0.000 0.000 0.000 0.000 0.000 0.000 0.000 0.000 0.000 0.004 0.008 0.007 0.007 0.007 0.011 0.023 0.035 0.040 0.042 0.043 0.043 0.042 0.041 0.039 0.037 0.034 0.029 0.000 0.011 0.013 0.013 0.012 0.013 0.014 0.015 0.016 0.017 0.019 0.023 0.029 0.032 0.032 0.029 0.035 0.042 0.062 0.086 0.073 0.057 0.045 0.041 0.039 0.037 0.036 0.035 0.034 0.034 0.033 0.033 0.033 0.034 0.037
0.000 0.000 0.004 0.018 0.000 0.000 0.000 0.000 0.000 0.000 0.000 0.000 0.000 0.000 0.000 0.000 0.000 0.000 0.000 0.000 0.000 0.000 0.000 0.000 0.000 0.000 0.006 0.008 0.011 0.015 0.026 0.031 0.035 0.038 0.040 0.041 0.042 0.041 0.040 0.039 0.037 0.034 0.030 0.027 0.024 0.022 0.021 0.019 0.017 0.014 0.013 0.013 0.014 0.015 0.016 0.018 0.020 0.021 0.023 0.029 0.047 0.069 0.057 0.046 0.043 0.041 0.039 0.038 0.036 0.035 0.035 0.034 0.033 0.033 0.033 0.034 0.036
0.000 0.000 0.004 0.018 0.000 0.000 0.000 0.000 0.000 0.000 0.000 0.000 0.000 0.000 0.000 0.000 0.000 0.000 0.000 0.000 0.000 0.000 0.000 0.000 0.000 0.000 0.000 0.000 0.000 0.000 0.000 0.027 0.031 0.035 0.038 0.039 0.040 0.041 0.041 0.040 0.039 0.037 0.034 0.032 0.030 0.028 0.027 0.025 0.023 0.022 0.019 0.016 0.013 0.012 0.012 0.013 0.014 0.015 0.016 0.019 0.033 0.052 0.041 0.040 0.039 0.038 0.037 0.036 0.035 0.034 0.034 0.033 0.033 0.033 0.033 0.034 0.035
0.000 0.000 0.004 0.018 0.000 0.000 0.000 0.000 0.000 0.000 0.000 0.000 0.000 0.000 0.000 0.000 0.000 0.000 0.000 0.000 0.000 0.000 0.000 0.000 0.000 0.000 0.000 0.000 0.000 0.000 0.000 0.000 0.028 0.037 0.036 0.037 0.039 0.040 0.041 0.041 0.040 0.039 0.037 0.035 0.034 0.032 0.031 0.029 0.028 0.026 0.024 0.022 0.020 0.018 0.015 0.012 0.011 0.011 0.012 0.013 0.021 0.036 0.031 0.033 0.034 0.034 0.033 0.033 0.033 0.032 0.032 0.032 0.031 0.031 0.031 0.033 0.033
0.000 0.000 0.004 0.013 0.008 0.007 0.000 0.000 0.000 0.000 0.000 0.000 0.000 0.000 0.000 0.000 0.000 0.000 0.000 0.000 0.000 0.000 0.000 0.000 0.000 0.000 0.000 0.000 0.000 0.000 0.000 0.000 0.000 0.000 0.031 0.033 0.037 0.040 0.041 0.041 0.041 0.040 0.038 0.037 0.036 0.035 0.033 0.032 0.031 0.030 0.028 0.026 0.025 0.023 0.021 0.019 0.017 0.014 0.012 0.011 0.013 0.019 0.024 0.026 0.028 0.029 0.029 0.029 0.029 0.029 0.029 0.029 0.029 0.029 0.030 0.032 0.031
0.000 0.000 0.003 0.010 0.008 0.008 0.006 0.005 0.006 0.000 0.000 0.000 0.000 0.000 0.000 0.000 0.000 0.000 0.000 0.000 0.000 0.000 0.000 0.000 0.000 0.000 0.000 0.000 0.000 0.000 0.000 0.000 0.000 0.000 0.000 0.030 0.039 0.045 0.041 0.041 0.040 0.039 0.038 0.038 0.037 0.036 0.035 0.034 0.033 0.032 0.031 0.029 0.028 0.026 0.025 0.023 0.021 0.020 0.018 0.016 0.015 0.016 0.017 0.019 0.022 0.023 0.024 0.025 0.025 0.026 0.026 0.026 0.026 0.026 0.027 0.030 0.028
0.000 0.000 0.003 0.008 0.011 0.014 0.015 0.011 0.009 0.007 0.008 0.000 0.000 0.000 0.000 0.000 0.000 0.000 0.000 0.000 0.000 0.000 0.000 0.000 0.000 0.000 0.000 0.000 0.000 0.000 0.000 0.000 0.000 0.000 0.000 0.000 0.000 0.000 0.035 0.036 0.037 0.037 0.037 0.037 0.036 0.036 0.035 0.035 0.034 0.033 0.032 0.031 0.030 0.029 0.027 0.026 0.025 0.023 0.021 0.020 0.020 0.022 0.020 0.018 0.016 0.016 0.018 0.020 0.021 0.022 0.022 0.023 0.023 0.023 0.024 0.026 0.025
0.000 0.000 0.003 0.008 0.000 0.000 0.000 0.011 0.014 0.015 0.012 0.009 0.007 0.009 0.000 0.000 0.000 0.000 0.000 0.000 0.000 0.000 0.000 0.000 0.000 0.000 0.000 0.000 0.000 0.000 0.000 0.000 0.000 0.000 0.000 0.000 0.000 0.000 0.000 0.031 0.032 0.034 0.034 0.035 0.035 0.035 0.035 0.035 0.034 0.034 0.033 0.032 0.031 0.030 0.029 0.028 0.027 0.026 0.025 0.024 0.025 0.027 0.024 0.022 0.020 0.020 0.018 0.015 0.016 0.017 0.018 0.018 0.019 0.019 0.021 0.022 0.021
0.000 0.000 0.003 0.008 0.000 0.000 0.000 0.000 0.000 0.000 0.012 0.015 0.016 0.018 0.025 0.000 0.001 0.006 0.000 0.000 0.000 0.000 0.000 0.000 0.000 0.000 0.000 0.000 0.000 0.000 0.000 0.000 0.000 0.000 0.000 0.000 0.000 0.000 0.000 0.000 0.023 0.027 0.030 0.032 0.033 0.033 0.034 0.034 0.034 0.034 0.033 0.033 0.032 0.031 0.030 0.029 0.029 0.028 0.027 0.027 0.028 0.032 0.029 0.027 0.027 0.033 0.026 0.021 0.018 0.015 0.013 0.013 0.014 0.015 0.017 0.017 0.016
0.000 0.000 0.002 0.006 0.004 0.004 0.004 0.000 0.000 0.000 0.000 0.000 0.015 0.020 0.026 0.021 0.017 0.015 0.019 0.000 0.000 0.000 0.000 0.000 0.000 0.000 0.000 0.000 0.000 0.000 0.000 0.000 0.000 0.000 0.000 0.000 0.000 0.000 0.000 0.000 0.016 0.022 0.026 0.028 0.030 0.031 0.032 0.033 0.033 0.033 0.033 0.033 0.032 0.032 0.031 0.031 0.031 0.030 0.030 0.030 0.032 0.037 0.034 0.032 0.031 0.032 0.028 0.025 0.021 0.018 0.015 0.013 0.011 0.010 0.012 0.011 0.011
0.000 0.000 0.002 0.005 0.009 0.000 0.004 0.003 0.002 0.005 0.000 0.000 0.000 0.000 0.000 0.016 0.015 0.015 0.017 0.014 0.012 0.011 0.018 0.055 0.000 0.000 0.000 0.000 0.000 0.000 0.000 0.000 0.000 0.000 0.000 0.000 0.000 0.000 0.000 0.000 0.012 0.017 0.021 0.025 0.027 0.029 0.030 0.031 0.032 0.032 0.032 0.032 0.033 0.033 0.033 0.033 0.033 0.033 0.033 0.033 0.036 0.042 0.039 0.037 0.035 0.034 0.031 0.028 0.025 0.022 0.019 0.016 0.014 0.013 0.011 0.009 0.008
0.000 0.000 0.003 0.014 0.147 0.000 0.000 0.003 0.005 0.006 0.005 0.004 0.006 0.000 0.000 0.000 0.012 0.016 0.016 0.014 0.013 0.014 0.025 0.000 0.000 0.000 0.000 0.000 0.000 0.000 0.000 0.000 0.000 0.000 0.000 0.000 0.000 0.000 0.000 0.000 0.009 0.013 0.017 0.021 0.024 0.026 0.028 0.029 0.030 0.031 0.032 0.033 0.034 0.035 0.036 0.036 0.036 0.036 0.036 0.037 0.040 0.047 0.044 0.042 0.039 0.037 0.034 0.031 0.028 0.025 0.023 0.020 0.019 0.017 0.013 0.011 0.009
0.000 0.000 0.009 0.148 0.000 0.000 0.000 0.000 0.000 0.000 0.004 0.004 0.007 0.008 0.037 0.000 0.000 0.000 0.010 0.011 0.012 0.015 0.030 0.000 0.000 0.000 0.000 0.000 0.000 0.000 0.000 0.000 0.000 0.000 0.000 0.000 0.000 0.000 0.000 0.000 0.006 0.010 0.014 0.018 0.021 0.024 0.026 0.028 0.029 0.031 0.034 0.036 0.039 0.041 0.041 0.041 0.041 0.041 0.041 0.042 0.046 0.054 0.050 0.047 0.044 0.042 0.038 0.035 0.032 0.029 0.027 0.026 0.026 0.016 0.014 0.012 0.010
0.000 0.000 0.009 0.000 0.000 0.000 0.000 0.000 0.000 0.000 0.000 0.016 0.000 0.021 0.000 0.000 0.000 0.000 0.009 0.010 0.011 0.016 0.034 0.000 0.000 0.000 0.000 0.000 0.000 0.000 0.000 0.000 0.000 0.000 0.000 0.000 0.000 0.000 0.000 0.000 0.005 0.008 0.012 0.015 0.019 0.023 0.026 0.027 0.029 0.033 0.042 0.046 0.049 0.051 0.049 0.048 0.047 0.047 0.047 0.048 0.052 0.060 0.057 0.053 0.050 0.046 0.043 0.040 0.037 0.034 0.033 0.034 0.026 0.019 0.016 0.014 0.012
0.000 0.000 0.011 0.000 0.000 0.000 0.000 0.000 0.000 0.000 0.000 0.000 0.000 0.000 0.000 0.000 0.000 0.000 0.000 0.008 0.011 0.018 0.036 0.000 0.000 0.000 0.000 0.000 0.000 0.000 0.000 0.000 0.000 0.000 0.000 0.000 0.000 0.000 0.000 0.000 0.003 0.006 0.009 0.012 0.018 0.017 0.022 0.027 0.030 0.044 0.065 0.066 0.067 0.066 0.056 0.054 0.055 0.056 0.054 0.054 0.059 0.068 0.063 0.059 0.055 0.051 0.047 0.044 0.041 0.040 0.041 0.037 0.024 0.021 0.018 0.016 0.013
0.000 0.000 0.011 0.014 0.000 0.000 0.000 0.000 0.000 0.000 0.000 0.000 0.000 0.000 0.000 0.000 0.000 0.000 0.000 0.000 0.008 0.018 0.027 0.032 0.000 0.000 0.000 0.000 0.000 0.000 0.000 0.000 0.000 0.000 0.000 0.000 0.000 0.000 0.000 0.000 0.002 0.004 0.006 0.012 0.009 0.012 0.015 0.021 0.036 0.064 0.096 0.000 0.000 0.000 0.051 0.061 0.066 0.068 0.060 0.061 0.067 0.075 0.070 0.065 0.060 0.055 0.052 0.049 0.047 0.048 0.046 0.035 0.026 0.023 0.020 0.017 0.016
0.000 0.000 0.007 0.011 0.015 0.000 0.000 0.000 0.000 0.000 0.000 0.000 0.000 0.000 0.000 0.000 0.000 0.000 0.000 0.000 0.000 0.000 0.018 0.024 0.022 0.030 0.000 0.000 0.000 0.000 0.000 0.000 0.000 0.000 0.000 0.000 0.000 0.000 0.000 0.000 0.001 0.003 0.006 0.006 0.005 0.007 0.010 0.016 0.035 0.080 0.118 0.000 0.000 0.000 0.000 0.000 0.000 0.000 0.056 0.069 0.078 0.082 0.074 0.068 0.063 0.059 0.056 0.054 0.055 0.056 0.046 0.033 0.028 0.024 0.022 0.019 0.018
0.000 0.000 0.005 0.008 0.011 0.009 0.009 0.013 0.000 0.000 0.000 0.000 0.000 0.000 0.000 0.000 0.000 0.000 0.000 0.000 0.000 0.000 0.012 0.017 0.020 0.025 0.027 0.041 0.000 0.000 0.000 0.000 0.000 0.000 0.000 0.000 0.000 0.000 0.000 0.000 0.001 0.003 0.004 0.002 0.003 0.004 0.007 0.011 0.036 0.083 0.132 0.000 0.000 0.000 0.000 0.000 0.000 0.000 0.000 0.000 0.000 0.084 0.075 0.068 0.064 0.061 0.060 0.060 0.064 0.055 0.044 0.032 0.029 0.026 0.023 0.021 0.020
0.000 0.000 0.004 0.005 0.007 0.008 0.008 0.010 0.008 0.010 0.000 0.000 0.000 0.000 0.000 0.000 0.000 0.000 0.000 0.000 0.000 0.000 0.009 0.015 0.020 0.025 0.030 0.042 0.049 0.000 0.000 0.000 0.000 0.000 0.000 0.000 0.000 0.000 0.000 0.000 0.000 0.000 0.000 0.000 0.001 0.002 0.004 0.008 0.039 0.087 0.000 0.000 0.000 0.000 0.000 0.000 0.000 0.000 0.000 0.000 0.000 0.000 0.064 0.064 0.063 0.063 0.065 0.069 0.063 0.053 0.041 0.033 0.030 0.027 0.025 0.023 0.021
0.000 0.000 0.000 0.003 0.005 0.006 0.006 0.007 0.007 0.007 0.004 0.001 0.000 0.000 0.000 0.000 0.000 0.000 0.000 0.000 0.000 0.000 0.018 0.000 0.000 0.000 0.000 0.000 0.038 0.033 0.039 0.000 0.000 0.003 0.002 0.000 0.000 0.000 0.000 0.000 0.000 0.000 0.000 0.000 0.000 0.001 0.002 0.007 0.042 0.090 0.000 0.000 0.000 0.000 0.000 0.000 0.000 0.000 0.000 0.000 0.000 0.032 0.055 0.061 0.063 0.066 0.071 0.069 0.060 0.050 0.038 0.034 0.031 0.029 0.026 0.024 0.023
0.000 0.000 0.000 0.002 0.003 0.004 0.004 0.004 0.004 0.002 0.000 0.000 0.000 0.000 0.000 0.000 0.000 0.000 0.000 0.000 0.000 0.000 0.000 0.000 0.000 0.000 0.000 0.000 0.000 0.025 0.030 0.024 0.021 0.019 0.017 0.016 0.013 0.010 0.005 0.001 0.000 0.000 0.000 0.000 0.000 0.000 0.001 0.007 0.045 0.000 0.000 0.000 0.000 0.000 0.000 0.000 0.000 0.000 0.000 0.000 0.000 0.036 0.052 0.059 0.065 0.071 0.074 0.066 0.057 0.047 0.037 0.034 0.032 0.029 0.027 0.025 0.024
0.000 0.000 0.000 0.000 0.002 0.002 0.002 0.001 0.000 0.000 0.000 0.000 0.000 0.000 0.000 0.000 0.000 0.000 0.000 0.000 0.000 0.000 0.000 0.000 0.000 0.000 0.000 0.000 0.000 0.000 0.018 0.019 0.019 0.023 0.022 0.020 0.018 0.013 0.006 0.000 0.000 0.000 0.000 0.000 0.000 0.000 0.001 0.010 0.048 0.000 0.000 0.000 0.000 0.000 0.000 0.000 0.000 0.000 0.000 0.000 0.000 0.039 0.052 0.061 0.069 0.076 0.070 0.063 0.054 0.042 0.037 0.034 0.032 0.030 0.028 0.026 0.025
0.000 0.000 0.000 0.000 0.000 0.000 0.000 0.000 0.000 0.000 0.000 0.000 0.000 0.000 0.000 0.000 0.000 0.000 0.000 0.000 0.000 0.000 0.000 0.000 0.000 0.000 0.000 0.000 0.000 0.000 0.011 0.014 0.016 0.035 0.000 0.000 0.000 0.000 0.000 0.000 0.000 0.000 0.000 0.000 0.000 0.000 0.000 0.015 0.000 0.000 0.000 0.000 0.000 0.000 0.000 0.000 0.000 0.000 0.000 0.000 0.002 0.041 0.055 0.065 0.076 0.072 0.066 0.059 0.050 0.038 0.036 0.034 0.032 0.030 0.028 0.027 0.025
0.000 0.000 0.000 0.000 0.000 0.000 0.000 0.000 0.000 0.000 0.000 0.000 0.000 0.000 0.000 0.000 0.000 0.000 0.000 0.000 0.000 0.000 0.000 0.000 0.000 0.000 0.000 0.000 0.000 0.000 0.007 0.009 0.016 0.000 0.000 0.000 0.000 0.000 0.000 0.000 0.000 0.000 0.000 0.000 0.000 0.000 0.000 0.018 0.000 0.000 0.000 0.000 0.000 0.000 0.000 0.000 0.000 0.000 0.000 0.000 0.005 0.046 0.061 0.072 0.073 0.068 0.062 0.055 0.045 0.038 0.036 0.034 0.032 0.030 0.028 0.027 0.026
