数据/200y_3h/200y_3h_res_2/200y_3h_233-0001.wd
ncols         694
nrows         824
xllcorner     581104.939801
yllcorner     3495917.092414
cellsize      2.000000
NODATA_value  -9999.000000
[rows 442 to 475 of 824, columns 385 to 461 of 694]
0.000 0.000 0.000 0.030 0.026 0.020 0.016 0.011 0.006 0.002 0.001 0.001 0.001 0.001 0.001 0.001 0.001 0.001 0.001 0.001 0.001 0.002 0.002 0.003 0.003 0.004 0.005 0.010 0.017 0.026 0.029 0.029 0.030 0.030 0.000 0.000 0.000 0.000 0.000 0.000 0.000 0.000 0.000 0.000 0.000 0.000 0.000 0.000 0.000 0.000 0.000 0.000 0.010 0.017 0.025 0.032 0.039 0.047 0.054 0.061 0.068 0.075 0.083 0.090 0.097 0.105 0.112 0.119 0.126 0.133 0.000 0.000 0.000 0.000 0.000 0.000 0.000
0.000 0.000 0.000 0.000 0.000 0.031 0.026 0.021 0.016 0.011 0.006 0.002 0.001 0.001 0.001 0.001 0.001 0.001 0.001 0.001 0.001 0.001 0.002 0.002 0.003 0.004 0.005 0.010 0.018 0.026 0.028 0.028 0.029 0.030 0.000 0.000 0.000 0.000 0.000 0.000 0.000 0.000 0.000 0.000 0.000 0.000 0.000 0.000 0.000 0.000 0.008 0.015 0.023 0.030 0.038 0.045 0.053 0.059 0.067 0.074 0.081 0.088 0.096 0.103 0.110 0.118 0.125 0.132 0.139 0.146 0.153 0.155 0.000 0.000 0.000 0.000 0.000
0.000 0.000 0.000 0.000 0.000 0.000 0.000 0.031 0.026 0.021 0.016 0.011 0.006 0.003 0.001 0.001 0.001 0.001 0.001 0.001 0.001 0.001 0.002 0.002 0.003 0.003 0.005 0.010 0.018 0.026 0.026 0.027 0.027 0.000 0.000 0.000 0.000 0.000 0.000 0.000 0.000 0.000 0.000 0.000 0.000 0.000 0.000 0.000 0.006 0.014 0.021 0.028 0.036 0.043 0.051 0.058 0.065 0.073 0.080 0.087 0.094 0.101 0.109 0.116 0.123 0.131 0.137 0.145 0.152 0.159 0.166 0.163 0.158 0.153 0.149 0.000 0.000
0.000 0.000 0.000 0.000 0.000 0.000 0.000 0.000 0.034 0.031 0.027 0.021 0.016 0.011 0.006 0.003 0.001 0.001 0.001 0.001 0.001 0.001 0.001 0.002 0.002 0.003 0.005 0.009 0.017 0.024 0.024 0.025 0.025 0.000 0.000 0.000 0.000 0.000 0.000 0.000 0.000 0.000 0.000 0.000 0.000 0.000 0.003 0.012 0.019 0.027 0.034 0.041 0.048 0.000 0.000 0.000 0.000 0.085 0.000 0.000 0.107 0.114 0.122 0.129 0.136 0.144 0.151 0.158 0.166 0.172 0.175 0.170 0.165 0.161 0.156 0.152 0.147
0.000 0.000 0.000 0.000 0.000 0.000 0.000 0.000 0.000 0.000 0.032 0.030 0.027 0.022 0.016 0.011 0.006 0.003 0.002 0.001 0.001 0.001 0.001 0.001 0.002 0.003 0.004 0.008 0.017 0.022 0.022 0.022 0.022 0.000 0.000 0.000 0.000 0.000 0.000 0.000 0.000 0.000 0.000 0.000 0.000 0.000 0.000 0.000 0.000 0.040 0.047 0.054 0.061 0.000 0.000 0.000 0.000 0.000 0.000 0.000 0.000 0.000 0.000 0.000 0.149 0.157 0.163 0.171 0.178 0.185 0.182 0.177 0.173 0.168 0.164 0.159 0.154
0.000 0.000 0.000 0.000 0.000 0.000 0.000 0.000 0.000 0.000 0.000 0.034 0.032 0.029 0.026 0.021 0.016 0.010 0.005 0.002 0.001 0.001 0.001 0.001 0.001 0.002 0.004 0.008 0.015 0.019 0.020 0.019 0.018 0.014 0.012 0.010 0.000 0.000 0.000 0.000 0.000 0.000 0.000 0.000 0.000 0.000 0.000 0.000 0.000 0.000 0.000 0.000 0.000 0.000 0.000 0.000 0.000 0.000 0.000 0.000 0.000 0.000 0.000 0.000 0.000 0.000 0.000 0.000 0.192 0.195 0.190 0.185 0.180 0.175 0.172 0.167 0.162
0.000 0.000 0.000 0.000 0.000 0.000 0.000 0.000 0.000 0.000 0.000 0.000 0.000 0.032 0.030 0.026 0.023 0.019 0.014 0.008 0.004 0.002 0.001 0.001 0.001 0.002 0.004 0.007 0.013 0.016 0.017 0.016 0.015 0.012 0.010 0.007 0.005 0.004 0.003 0.003 0.000 0.000 0.000 0.000 0.000 0.000 0.000 0.000 0.000 0.000 0.000 0.000 0.000 0.000 0.000 0.000 0.000 0.000 0.000 0.000 0.000 0.000 0.000 0.000 0.000 0.000 0.000 0.000 0.000 0.000 0.000 0.192 0.189 0.183 0.179 0.174 0.170
0.000 0.000 0.000 0.000 0.000 0.000 0.000 0.000 0.000 0.000 0.000 0.000 0.000 0.000 0.000 0.029 0.026 0.023 0.019 0.015 0.010 0.005 0.003 0.002 0.001 0.001 0.003 0.005 0.000 0.012 0.013 0.013 0.012 0.009 0.008 0.008 0.006 0.005 0.004 0.004 0.003 0.002 0.003 0.000 0.000 0.000 0.000 0.000 0.000 0.000 0.000 0.000 0.000 0.000 0.000 0.000 0.000 0.000 0.000 0.000 0.000 0.000 0.000 0.000 0.000 0.000 0.000 0.000 0.000 0.000 0.000 0.000 0.000 0.000 0.000 0.181 0.177
0.000 0.000 0.000 0.000 0.000 0.000 0.000 0.000 0.000 0.000 0.000 0.000 0.000 0.000 0.000 0.000 0.029 0.026 0.021 0.016 0.013 0.009 0.006 0.003 0.002 0.002 0.002 0.004 0.007 0.009 0.010 0.009 0.009 0.009 0.009 0.008 0.007 0.006 0.005 0.005 0.004 0.004 0.003 0.003 0.002 0.002 0.002 0.000 0.000 0.000 0.000 0.000 0.000 0.000 0.000 0.000 0.000 0.000 0.000 0.000 0.000 0.000 0.000 0.000 0.000 0.000 0.000 0.000 0.000 0.000 0.000 0.000 0.000 0.000 0.000 0.000 0.000
0.000 0.000 0.000 0.000 0.000 0.000 0.000 0.000 0.000 0.000 0.000 0.000 0.000 0.000 0.000 0.000 0.000 0.000 0.019 0.016 0.013 0.010 0.007 0.005 0.004 0.003 0.002 0.004 0.006 0.006 0.008 0.008 0.009 0.009 0.009 0.008 0.008 0.007 0.006 0.006 0.005 0.005 0.004 0.004 0.003 0.003 0.003 0.002 0.002 0.002 0.002 0.002 0.002 0.002 0.001 0.000 0.000 0.000 0.000 0.000 0.000 0.000 0.000 0.000 0.000 0.000 0.000 0.000 0.000 0.000 0.000 0.000 0.000 0.000 0.000 0.000 0.000
0.000 0.000 0.000 0.000 0.000 0.000 0.000 0.000 0.000 0.000 0.000 0.000 0.000 0.000 0.000 0.000 0.000 0.000 0.019 0.016 0.014 0.011 0.008 0.004 0.004 0.004 0.003 0.003 0.005 0.006 0.007 0.008 0.009 0.009 0.009 0.009 0.009 0.008 0.008 0.007 0.006 0.006 0.005 0.005 0.004 0.003 0.003 0.003 0.002 0.002 0.002 0.002 0.002 0.002 0.002 0.002 0.002 0.001 0.000 0.000 0.000 0.000 0.000 0.000 0.000 0.000 0.000 0.000 0.000 0.000 0.000 0.000 0.000 0.000 0.000 0.000 0.000
0.000 0.000 0.000 0.000 0.000 0.000 0.000 0.000 0.000 0.000 0.000 0.000 0.000 0.000 0.000 0.000 0.000 0.000 0.018 0.016 0.014 0.011 0.009 0.006 0.005 0.004 0.004 0.003 0.000 0.005 0.007 0.009 0.010 0.010 0.010 0.010 0.010 0.009 0.009 0.008 0.008 0.007 0.006 0.006 0.005 0.003 0.003 0.003 0.003 0.003 0.003 0.003 0.003 0.003 0.002 0.002 0.002 0.002 0.002 0.002 0.002 0.000 0.000 0.000 0.000 0.000 0.000 0.000 0.000 0.000 0.000 0.000 0.000 0.000 0.000 0.000 0.000
0.000 0.000 0.000 0.000 0.000 0.000 0.000 0.000 0.000 0.000 0.000 0.000 0.000 0.000 0.000 0.000 0.000 0.000 0.017 0.016 0.014 0.012 0.009 0.007 0.006 0.005 0.004 0.003 0.003 0.005 0.007 0.008 0.009 0.010 0.011 0.011 0.011 0.011 0.011 0.010 0.009 0.009 0.008 0.007 0.006 0.005 0.004 0.004 0.004 0.004 0.003 0.003 0.003 0.003 0.003 0.003 0.003 0.002 0.002 0.002 0.002 0.002 0.002 0.002 0.002 0.000 0.000 0.000 0.000 0.000 0.000 0.000 0.000 0.000 0.000 0.000 0.000
0.000 0.000 0.000 0.000 0.000 0.000 0.000 0.000 0.000 0.000 0.000 0.000 0.000 0.000 0.000 0.000 0.000 0.014 0.015 0.015 0.013 0.012 0.010 0.008 0.006 0.005 0.003 0.003 0.003 0.005 0.006 0.008 0.009 0.010 0.011 0.011 0.011 0.012 0.012 0.011 0.011 0.011 0.011 0.010 0.009 0.008 0.007 0.006 0.005 0.005 0.005 0.004 0.004 0.004 0.003 0.003 0.003 0.003 0.003 0.003 0.003 0.003 0.003 0.003 0.003 0.003 0.001 0.001 0.001 0.000 0.000 0.000 0.000 0.000 0.000 0.000 0.000
0.000 0.000 0.000 0.000 0.000 0.000 0.000 0.000 0.000 0.000 0.000 0.000 0.000 0.000 0.000 0.000 0.000 0.016 0.015 0.014 0.013 0.012 0.010 0.008 0.007 0.005 0.003 0.003 0.003 0.005 0.006 0.007 0.009 0.010 0.010 0.011 0.011 0.012 0.012 0.012 0.012 0.012 0.012 0.012 0.011 0.010 0.010 0.009 0.008 0.007 0.007 0.006 0.005 0.005 0.005 0.004 0.004 0.004 0.004 0.004 0.004 0.004 0.004 0.004 0.005 0.005 0.002 0.002 0.002 0.000 0.000 0.000 0.000 0.000 0.000 0.000 0.000
0.000 0.000 0.000 0.000 0.000 0.000 0.000 0.000 0.000 0.000 0.000 0.000 0.000 0.000 0.000 0.000 0.000 0.017 0.015 0.014 0.013 0.012 0.010 0.009 0.007 0.005 0.003 0.003 0.004 0.005 0.006 0.007 0.008 0.009 0.010 0.011 0.011 0.012 0.012 0.013 0.013 0.013 0.013 0.013 0.012 0.012 0.011 0.011 0.011 0.010 0.010 0.009 0.008 0.008 0.007 0.006 0.006 0.006 0.005 0.006 0.006 0.006 0.007 0.009 0.012 0.006 0.004 0.003 0.002 0.000 0.000 0.000 0.000 0.000 0.000 0.000 0.000
0.000 0.000 0.000 0.000 0.000 0.000 0.000 0.000 0.000 0.000 0.000 0.000 0.000 0.000 0.000 0.000 0.000 0.017 0.016 0.015 0.013 0.012 0.011 0.009 0.007 0.005 0.003 0.004 0.004 0.005 0.006 0.007 0.008 0.009 0.010 0.011 0.012 0.012 0.013 0.013 0.014 0.014 0.014 0.014 0.014 0.014 0.013 0.013 0.012 0.012 0.012 0.011 0.011 0.010 0.010 0.010 0.010 0.010 0.010 0.011 0.012 0.013 0.016 0.019 0.017 0.000 0.003 0.002 0.001 0.000 0.000 0.000 0.000 0.000 0.000 0.000 0.000
0.000 0.000 0.000 0.000 0.000 0.000 0.000 0.000 0.000 0.000 0.000 0.000 0.000 0.000 0.000 0.000 0.015 0.016 0.016 0.015 0.014 0.012 0.011 0.009 0.007 0.004 0.004 0.004 0.005 0.005 0.006 0.007 0.008 0.009 0.010 0.011 0.012 0.013 0.014 0.015 0.015 0.016 0.016 0.016 0.016 0.016 0.015 0.015 0.015 0.014 0.014 0.013 0.013 0.013 0.013 0.013 0.014 0.015 0.017 0.020 0.023 0.026 0.029 0.031 0.022 0.010 0.004 0.003 0.003 0.002 0.002 0.001 0.000 0.000 0.000 0.000 0.000
0.000 0.000 0.000 0.000 0.000 0.000 0.000 0.000 0.000 0.000 0.000 0.000 0.000 0.000 0.000 0.000 0.018 0.017 0.016 0.015 0.014 0.013 0.011 0.009 0.007 0.004 0.004 0.004 0.005 0.005 0.006 0.007 0.008 0.009 0.010 0.012 0.013 0.016 0.017 0.018 0.018 0.018 0.019 0.019 0.018 0.018 0.018 0.017 0.017 0.017 0.016 0.016 0.016 0.016 0.016 0.017 0.019 0.022 0.025 0.028 0.032 0.036 0.039 0.038 0.043 0.037 0.029 0.022 0.017 0.012 0.008 0.006 0.004 0.002 0.002 0.001 0.000
0.000 0.000 0.000 0.000 0.000 0.000 0.000 0.000 0.000 0.000 0.000 0.000 0.000 0.000 0.000 0.000 0.020 0.019 0.018 0.016 0.015 0.013 0.011 0.009 0.007 0.004 0.005 0.005 0.005 0.006 0.006 0.007 0.008 0.009 0.011 0.014 0.018 0.021 0.022 0.022 0.022 0.022 0.022 0.022 0.021 0.021 0.021 0.020 0.020 0.020 0.019 0.019 0.020 0.020 0.021 0.023 0.026 0.029 0.033 0.037 0.041 0.039 0.036 0.033 0.037 0.040 0.043 0.046 0.047 0.039 0.031 0.024 0.018 0.013 0.009 0.006 0.004
0.102 0.099 0.097 0.000 0.000 0.000 0.000 0.000 0.000 0.000 0.000 0.000 0.000 0.000 0.000 0.024 0.023 0.022 0.020 0.018 0.016 0.014 0.012 0.010 0.006 0.005 0.005 0.005 0.006 0.006 0.007 0.007 0.009 0.011 0.014 0.020 0.025 0.030 0.029 0.026 0.026 0.026 0.026 0.026 0.025 0.025 0.024 0.024 0.023 0.023 0.023 0.023 0.024 0.025 0.027 0.030 0.034 0.038 0.042 0.042 0.040 0.037 0.034 0.029 0.031 0.034 0.037 0.039 0.042 0.045 0.048 0.050 0.048 0.040 0.031 0.024 0.018
0.106 0.104 0.101 0.097 0.094 0.091 0.000 0.000 0.000 0.000 0.000 0.000 0.000 0.000 0.000 0.029 0.027 0.025 0.023 0.021 0.018 0.016 0.013 0.010 0.006 0.006 0.006 0.006 0.006 0.006 0.007 0.008 0.010 0.015 0.021 0.027 0.034 0.041 0.000 0.027 0.030 0.032 0.032 0.029 0.029 0.029 0.028 0.027 0.027 0.028 0.028 0.028 0.029 0.031 0.034 0.038 0.042 0.044 0.042 0.040 0.038 0.035 0.032 0.027 0.027 0.029 0.031 0.033 0.035 0.038 0.041 0.043 0.046 0.049 0.051 0.054 0.048
0.111 0.108 0.105 0.101 0.098 0.095 0.090 0.087 0.084 0.081 0.000 0.000 0.000 0.000 0.000 0.034 0.032 0.029 0.026 0.023 0.020 0.017 0.014 0.011 0.007 0.007 0.007 0.007 0.007 0.007 0.008 0.010 0.014 0.021 0.029 0.035 0.043 0.000 0.000 0.000 0.000 0.000 0.000 0.030 0.033 0.034 0.031 0.031 0.032 0.033 0.032 0.033 0.035 0.038 0.042 0.045 0.043 0.041 0.039 0.037 0.035 0.033 0.030 0.025 0.024 0.025 0.026 0.027 0.029 0.031 0.034 0.036 0.039 0.041 0.044 0.046 0.049
0.000 0.000 0.000 0.105 0.102 0.099 0.095 0.091 0.088 0.085 0.079 0.075 0.071 0.000 0.000 0.039 0.036 0.033 0.029 0.025 0.022 0.019 0.015 0.011 0.008 0.008 0.007 0.007 0.007 0.008 0.009 0.014 0.021 0.029 0.037 0.000 0.000 0.000 0.000 0.000 0.000 0.000 0.000 0.000 0.000 0.000 0.032 0.036 0.038 0.039 0.037 0.039 0.042 0.046 0.044 0.042 0.040 0.038 0.036 0.034 0.032 0.030 0.027 0.023 0.021 0.021 0.022 0.023 0.024 0.025 0.027 0.029 0.032 0.034 0.036 0.039 0.041
0.000 0.000 0.000 0.000 0.000 0.000 0.098 0.096 0.093 0.089 0.083 0.079 0.074 0.066 0.056 0.047 0.040 0.035 0.031 0.027 0.023 0.019 0.015 0.011 0.009 0.008 0.008 0.008 0.008 0.009 0.013 0.020 0.028 0.037 0.000 0.000 0.000 0.000 0.000 0.000 0.000 0.000 0.000 0.000 0.000 0.000 0.000 0.000 0.000 0.000 0.040 0.045 0.045 0.043 0.039 0.038 0.036 0.034 0.033 0.031 0.030 0.027 0.025 0.021 0.018 0.018 0.018 0.019 0.019 0.020 0.021 0.023 0.025 0.027 0.029 0.031 0.034
0.000 0.000 0.000 0.000 0.000 0.000 0.000 0.000 0.000 0.000 0.086 0.082 0.078 0.070 0.059 0.049 0.042 0.036 0.031 0.027 0.023 0.019 0.015 0.010 0.009 0.009 0.008 0.008 0.009 0.012 0.019 0.027 0.036 0.000 0.000 0.000 0.000 0.000 0.000 0.000 0.000 0.000 0.000 0.000 0.000 0.000 0.000 0.000 0.000 0.000 0.000 0.000 0.000 0.000 0.034 0.034 0.032 0.030 0.029 0.028 0.026 0.024 0.022 0.018 0.016 0.015 0.015 0.015 0.015 0.016 0.016 0.017 0.019 0.020 0.022 0.024 0.026
0.000 0.000 0.000 0.000 0.000 0.000 0.000 0.000 0.000 0.000 0.000 0.000 0.000 0.000 0.057 0.048 0.041 0.035 0.027 0.024 0.022 0.019 0.014 0.011 0.009 0.008 0.008 0.009 0.011 0.017 0.024 0.033 0.000 0.000 0.000 0.000 0.000 0.000 0.000 0.000 0.000 0.000 0.000 0.000 0.000 0.000 0.000 0.000 0.000 0.000 0.000 0.000 0.000 0.000 0.000 0.000 0.000 0.025 0.025 0.024 0.023 0.020 0.018 0.015 0.012 0.012 0.012 0.012 0.012 0.012 0.012 0.013 0.013 0.014 0.016 0.017 0.019
0.000 0.000 0.000 0.000 0.000 0.000 0.000 0.000 0.000 0.000 0.000 0.000 0.000 0.000 0.000 0.042 0.037 0.029 0.000 0.019 0.020 0.017 0.013 0.011 0.010 0.009 0.009 0.011 0.016 0.023 0.031 0.039 0.000 0.000 0.000 0.000 0.000 0.000 0.000 0.000 0.000 0.000 0.000 0.000 0.000 0.000 0.000 0.000 0.000 0.000 0.000 0.000 0.000 0.000 0.000 0.000 0.000 0.000 0.000 0.000 0.000 0.014 0.014 0.012 0.009 0.009 0.008 0.008 0.008 0.008 0.008 0.009 0.009 0.009 0.010 0.011 0.012
0.000 0.000 0.000 0.000 0.000 0.000 0.000 0.000 0.000 0.000 0.000 0.000 0.000 0.000 0.033 0.035 0.033 0.027 0.021 0.020 0.019 0.016 0.012 0.011 0.010 0.010 0.011 0.015 0.021 0.029 0.038 0.046 0.000 0.000 0.000 0.000 0.000 0.000 0.000 0.000 0.000 0.000 0.000 0.000 0.000 0.000 0.000 0.000 0.000 0.000 0.000 0.000 0.000 0.000 0.000 0.000 0.000 0.000 0.000 0.000 0.000 0.000 0.000 0.000 0.002 0.002 0.003 0.003 0.003 0.003 0.004 0.004 0.004 0.004 0.005 0.005 0.006
0.000 0.000 0.000 0.000 0.000 0.000 0.000 0.000 0.000 0.000 0.000 0.000 0.000 0.000 0.034 0.033 0.031 0.027 0.024 0.021 0.019 0.016 0.012 0.011 0.011 0.012 0.014 0.020 0.027 0.036 0.044 0.054 0.000 0.000 0.000 0.000 0.000 0.000 0.000 0.000 0.000 0.000 0.000 0.000 0.000 0.000 0.000 0.000 0.000 0.000 0.000 0.000 0.000 0.000 0.000 0.000 0.000 0.000 0.000 0.000 0.000 0.000 0.000 0.000 0.000 0.000 0.000 0.000 0.001 0.001 0.001 0.001 0.001 0.001 0.001 0.001 0.001
0.000 0.000 0.000 0.000 0.000 0.000 0.000 0.000 0.000 0.000 0.000 0.000 0.000 0.000 0.033 0.032 0.030 0.027 0.024 0.022 0.019 0.015 0.012 0.012 0.012 0.014 0.019 0.026 0.034 0.042 0.051 0.000 0.000 0.000 0.000 0.000 0.000 0.000 0.000 0.000 0.000 0.000 0.000 0.000 0.000 0.000 0.000 0.000 0.000 0.000 0.000 0.000 0.000 0.000 0.000 0.000 0.000 0.000 0.000 0.000 0.000 0.000 0.000 0.000 0.000 0.000 0.000 0.000 0.000 0.000 0.000 0.001 0.001 0.001 0.001 0.001 0.001
0.000 0.000 0.000 0.000 0.000 0.000 0.000 0.000 0.000 0.000 0.000 0.000 0.000 0.000 0.032 0.031 0.029 0.027 0.024 0.022 0.018 0.014 0.012 0.013 0.014 0.018 0.024 0.032 0.040 0.049 0.057 0.000 0.000 0.000 0.000 0.000 0.000 0.000 0.000 0.000 0.000 0.000 0.000 0.000 0.000 0.000 0.000 0.000 0.000 0.000 0.000 0.000 0.000 0.000 0.000 0.000 0.000 0.000 0.000 0.000 0.000 0.000 0.000 0.000 0.000 0.000 0.000 0.000 0.000 0.000 0.000 0.000 0.000 0.000 0.000 0.001 0.001
0.000 0.000 0.000 0.000 0.000 0.000 0.000 0.000 0.000 0.000 0.000 0.000 0.000 0.027 0.029 0.029 0.028 0.026 0.024 0.021 0.017 0.012 0.013 0.014 0.017 0.023 0.030 0.038 0.047 0.056 0.065 0.000 0.000 0.000 0.000 0.000 0.000 0.000 0.000 0.000 0.000 0.000 0.000 0.000 0.000 0.000 0.000 0.000 0.000 0.000 0.000 0.000 0.000 0.000 0.000 0.000 0.000 0.000 0.000 0.000 0.000 0.000 0.000 0.000 0.000 0.000 0.000 0.000 0.000 0.000 0.000 0.000 0.000 0.000 0.000 0.000 0.000
0.000 0.000 0.000 0.000 0.000 0.000 0.000 0.000 0.000 0.000 0.000 0.000 0.000 0.029 0.029 0.028 0.027 0.025 0.023 0.020 0.016 0.013 0.014 0.016 0.021 0.028 0.036 0.045 0.053 0.062 0.000 0.000 0.000 0.000 0.000 0.000 0.000 0.000 0.000 0.000 0.000 0.000 0.000 0.000 0.000 0.000 0.000 0.000 0.000 0.000 0.000 0.000 0.000 0.000 0.000 0.000 0.000 0.000 0.000 0.000 0.000 0.000 0.000 0.000 0.000 0.000 0.000 0.000 0.000 0.000 0.000 0.000 0.000 0.000 0.000 0.000 0.000
