数据/200y_3h/200y_3h_res_2/200y_3h_242-0001.wd
ncols         694
nrows         824
xllcorner     581104.939801
yllcorner     3495917.092414
cellsize      2.000000
NODATA_value  -9999.000000
[rows 306 to 339 of 824, columns 462 to 538 of 694]
0.010 0.012 0.013 0.014 0.014 0.014 0.014 0.013 0.010 0.007 0.004 0.003 0.002 0.001 0.001 0.001 0.001 0.000 0.001 0.001 0.001 0.001 0.001 0.001 0.001 0.001 0.003 0.005 0.007 0.008 0.008 0.008 0.007 0.005 0.004 0.003 0.003 0.002 0.003 0.000 0.000 0.000 0.000 0.000 0.000 0.000 0.000 0.000 0.000 0.000 0.000 0.000 0.000 0.000 0.008 0.008 0.008 0.011 0.000 0.001 0.001 0.001 0.001 0.001 0.004 0.034 0.000 0.000 0.000 0.000 0.001 0.001 0.005 0.016 0.024 0.023 0.019
0.000 0.010 0.012 0.013 0.013 0.014 0.014 0.013 0.013 0.011 0.007 0.005 0.003 0.002 0.001 0.001 0.001 0.001 0.001 0.001 0.001 0.001 0.001 0.001 0.001 0.001 0.003 0.005 0.006 0.008 0.008 0.008 0.007 0.006 0.005 0.004 0.003 0.004 0.013 0.000 0.000 0.000 0.000 0.000 0.000 0.000 0.000 0.000 0.000 0.000 0.000 0.000 0.000 0.000 0.000 0.000 0.000 0.009 0.008 0.007 0.006 0.005 0.005 0.004 0.008 0.000 0.000 0.000 0.000 0.000 0.004 0.013 0.021 0.022 0.019 0.017 0.015
0.006 0.009 0.011 0.012 0.013 0.013 0.013 0.014 0.013 0.013 0.012 0.008 0.005 0.003 0.002 0.001 0.001 0.001 0.001 0.001 0.001 0.001 0.001 0.001 0.001 0.000 0.003 0.005 0.006 0.007 0.008 0.008 0.007 0.006 0.005 0.004 0.004 0.005 0.000 0.000 0.000 0.000 0.000 0.000 0.000 0.000 0.000 0.000 0.000 0.000 0.000 0.000 0.000 0.000 0.000 0.000 0.000 0.000 0.000 0.005 0.006 0.007 0.006 0.006 0.011 0.000 0.000 0.000 0.000 0.009 0.018 0.021 0.018 0.016 0.014 0.012 0.011
0.007 0.009 0.010 0.011 0.012 0.013 0.013 0.014 0.014 0.014 0.013 0.014 0.011 0.008 0.005 0.003 0.002 0.002 0.002 0.001 0.001 0.001 0.001 0.001 0.001 0.001 0.003 0.005 0.006 0.007 0.008 0.008 0.007 0.006 0.005 0.005 0.004 0.004 0.002 0.001 0.001 0.000 0.000 0.000 0.000 0.000 0.000 0.000 0.000 0.000 0.000 0.000 0.000 0.000 0.000 0.000 0.000 0.000 0.000 0.000 0.000 0.000 0.004 0.007 0.009 0.012 0.000 0.000 0.000 0.018 0.017 0.015 0.014 0.012 0.011 0.009 0.009
0.007 0.008 0.010 0.011 0.012 0.013 0.014 0.015 0.016 0.014 0.015 0.017 0.020 0.018 0.013 0.009 0.006 0.005 0.003 0.002 0.002 0.001 0.001 0.001 0.001 0.001 0.003 0.005 0.006 0.007 0.008 0.008 0.007 0.006 0.006 0.005 0.004 0.004 0.003 0.002 0.002 0.001 0.001 0.000 0.000 0.000 0.000 0.000 0.000 0.000 0.000 0.000 0.000 0.000 0.000 0.000 0.000 0.000 0.000 0.000 0.000 0.000 0.000 0.000 0.007 0.012 0.014 0.022 0.023 0.018 0.015 0.012 0.011 0.009 0.008 0.007 0.008
0.007 0.008 0.009 0.011 0.013 0.015 0.018 0.019 0.019 0.000 0.020 0.025 0.029 0.031 0.024 0.017 0.012 0.008 0.006 0.004 0.003 0.002 0.001 0.001 0.001 0.001 0.003 0.005 0.006 0.007 0.007 0.008 0.007 0.007 0.006 0.005 0.005 0.004 0.003 0.002 0.002 0.002 0.001 0.001 0.001 0.002 0.000 0.000 0.000 0.000 0.000 0.000 0.000 0.000 0.000 0.000 0.000 0.000 0.000 0.000 0.000 0.000 0.000 0.000 0.000 0.000 0.000 0.012 0.013 0.013 0.011 0.010 0.009 0.007 0.007 0.006 0.005
0.007 0.009 0.011 0.015 0.018 0.022 0.026 0.029 0.032 0.032 0.034 0.038 0.034 0.025 0.025 0.022 0.016 0.011 0.008 0.006 0.004 0.003 0.002 0.001 0.001 0.001 0.003 0.005 0.006 0.007 0.007 0.007 0.007 0.007 0.006 0.005 0.005 0.004 0.003 0.003 0.002 0.002 0.002 0.001 0.001 0.001 0.001 0.002 0.000 0.000 0.000 0.001 0.001 0.002 0.000 0.000 0.000 0.000 0.000 0.000 0.000 0.000 0.000 0.000 0.000 0.000 0.014 0.013 0.012 0.010 0.009 0.008 0.007 0.006 0.006 0.006 0.000
0.010 0.014 0.019 0.024 0.029 0.033 0.037 0.035 0.030 0.024 0.019 0.015 0.011 0.007 0.015 0.023 0.018 0.014 0.010 0.007 0.005 0.004 0.003 0.002 0.002 0.002 0.003 0.005 0.006 0.007 0.007 0.007 0.007 0.007 0.006 0.006 0.005 0.004 0.004 0.003 0.003 0.002 0.002 0.001 0.001 0.001 0.001 0.001 0.001 0.001 0.001 0.001 0.001 0.001 0.001 0.001 0.002 0.000 0.000 0.000 0.000 0.000 0.000 0.000 0.000 0.000 0.011 0.011 0.010 0.009 0.008 0.007 0.006 0.005 0.005 0.004 0.000
0.020 0.024 0.025 0.022 0.019 0.016 0.013 0.011 0.009 0.007 0.005 0.004 0.002 0.004 0.000 0.019 0.020 0.016 0.012 0.009 0.007 0.005 0.004 0.003 0.002 0.002 0.003 0.004 0.006 0.006 0.007 0.007 0.007 0.007 0.006 0.006 0.005 0.005 0.004 0.004 0.003 0.003 0.002 0.001 0.001 0.001 0.001 0.001 0.001 0.001 0.001 0.001 0.001 0.001 0.001 0.001 0.003 0.019 0.046 0.000 0.000 0.000 0.000 0.000 0.000 0.016 0.014 0.012 0.010 0.008 0.007 0.006 0.005 0.005 0.005 0.000 0.000
0.008 0.006 0.005 0.004 0.003 0.003 0.002 0.002 0.002 0.002 0.001 0.001 0.001 0.002 0.003 0.012 0.021 0.018 0.014 0.011 0.008 0.006 0.005 0.003 0.003 0.003 0.003 0.004 0.005 0.006 0.007 0.007 0.007 0.007 0.006 0.006 0.005 0.005 0.004 0.004 0.003 0.003 0.002 0.002 0.001 0.001 0.001 0.001 0.001 0.001 0.001 0.001 0.001 0.001 0.002 0.006 0.016 0.032 0.046 0.054 0.062 0.072 0.000 0.000 0.000 0.013 0.012 0.011 0.009 0.007 0.006 0.005 0.004 0.004 0.003 0.000 0.000
0.002 0.001 0.001 0.001 0.001 0.001 0.001 0.001 0.001 0.001 0.001 0.001 0.001 0.001 0.002 0.008 0.019 0.020 0.016 0.013 0.010 0.007 0.006 0.004 0.004 0.003 0.003 0.004 0.005 0.006 0.007 0.007 0.007 0.007 0.006 0.006 0.006 0.005 0.005 0.004 0.004 0.003 0.003 0.002 0.002 0.001 0.001 0.001 0.001 0.001 0.001 0.001 0.002 0.004 0.012 0.021 0.025 0.024 0.026 0.031 0.038 0.045 0.051 0.060 0.000 0.015 0.013 0.010 0.008 0.006 0.005 0.004 0.004 0.004 0.000 0.000 0.000
0.001 0.001 0.001 0.001 0.001 0.001 0.001 0.001 0.001 0.001 0.001 0.001 0.001 0.001 0.002 0.005 0.013 0.021 0.018 0.015 0.012 0.009 0.008 0.006 0.006 0.005 0.005 0.005 0.006 0.007 0.007 0.008 0.008 0.007 0.007 0.006 0.006 0.005 0.005 0.004 0.004 0.003 0.003 0.003 0.002 0.002 0.002 0.001 0.001 0.002 0.002 0.004 0.011 0.020 0.024 0.021 0.017 0.015 0.013 0.013 0.013 0.000 0.023 0.031 0.028 0.019 0.013 0.009 0.006 0.004 0.003 0.003 0.003 0.003 0.000 0.000 0.000
0.001 0.001 0.001 0.001 0.001 0.001 0.001 0.001 0.001 0.001 0.001 0.001 0.001 0.001 0.001 0.003 0.008 0.019 0.021 0.018 0.016 0.014 0.014 0.013 0.013 0.013 0.012 0.013 0.013 0.013 0.013 0.013 0.012 0.011 0.010 0.009 0.008 0.007 0.006 0.005 0.005 0.005 0.004 0.004 0.004 0.005 0.005 0.005 0.004 0.006 0.011 0.020 0.025 0.021 0.017 0.014 0.012 0.009 0.008 0.007 0.006 0.004 0.004 0.006 0.006 0.006 0.004 0.002 0.002 0.002 0.002 0.002 0.003 0.000 0.000 0.000 0.000
0.001 0.001 0.001 0.001 0.001 0.001 0.000 0.000 0.000 0.000 0.001 0.001 0.001 0.001 0.001 0.002 0.005 0.013 0.026 0.027 0.028 0.031 0.034 0.035 0.035 0.035 0.035 0.035 0.034 0.032 0.030 0.026 0.023 0.021 0.018 0.017 0.015 0.013 0.012 0.012 0.012 0.012 0.014 0.016 0.019 0.022 0.024 0.026 0.026 0.023 0.028 0.023 0.018 0.014 0.011 0.009 0.007 0.005 0.004 0.003 0.003 0.002 0.002 0.002 0.002 0.002 0.002 0.001 0.001 0.001 0.001 0.001 0.002 0.014 0.000 0.000 0.000
0.000 0.000 0.000 0.000 0.000 0.000 0.000 0.000 0.000 0.000 0.001 0.001 0.001 0.001 0.001 0.001 0.003 0.010 0.034 0.050 0.055 0.059 0.063 0.064 0.064 0.064 0.064 0.063 0.062 0.060 0.055 0.046 0.041 0.039 0.037 0.033 0.031 0.030 0.030 0.031 0.034 0.038 0.042 0.045 0.049 0.053 0.056 0.058 0.052 0.035 0.033 0.029 0.023 0.018 0.014 0.010 0.008 0.006 0.004 0.003 0.002 0.002 0.001 0.001 0.001 0.001 0.001 0.001 0.001 0.001 0.001 0.001 0.001 0.000 0.000 0.000 0.000
0.000 0.000 0.000 0.000 0.000 0.000 0.000 0.000 0.000 0.000 0.000 0.001 0.001 0.001 0.001 0.001 0.009 0.000 0.035 0.079 0.084 0.089 0.095 0.000 0.000 0.000 0.000 0.000 0.000 0.000 0.000 0.063 0.065 0.065 0.062 0.055 0.054 0.055 0.056 0.059 0.063 0.067 0.071 0.075 0.080 0.076 0.067 0.057 0.046 0.029 0.029 0.033 0.037 0.031 0.026 0.021 0.017 0.013 0.010 0.008 0.006 0.004 0.003 0.002 0.002 0.002 0.001 0.001 0.001 0.001 0.001 0.001 0.001 0.001 0.001 0.001 0.000
0.000 0.000 0.000 0.000 0.000 0.000 0.000 0.000 0.000 0.000 0.000 0.000 0.001 0.006 0.000 0.000 0.012 0.000 0.000 0.096 0.000 0.000 0.000 0.000 0.000 0.000 0.000 0.000 0.000 0.000 0.000 0.000 0.000 0.000 0.000 0.077 0.081 0.083 0.084 0.088 0.092 0.097 0.093 0.086 0.078 0.069 0.061 0.051 0.040 0.024 0.025 0.026 0.030 0.035 0.038 0.032 0.027 0.022 0.018 0.014 0.011 0.008 0.006 0.005 0.004 0.003 0.002 0.002 0.001 0.001 0.001 0.001 0.001 0.001 0.001 0.001 0.001
0.000 0.000 0.000 0.000 0.000 0.000 0.000 0.000 0.000 0.000 0.000 0.000 0.000 0.000 0.000 0.000 0.000 0.000 0.000 0.000 0.000 0.000 0.000 0.000 0.000 0.000 0.000 0.000 0.000 0.000 0.000 0.000 0.000 0.000 0.000 0.000 0.000 0.000 0.112 0.109 0.102 0.094 0.086 0.078 0.071 0.062 0.054 0.045 0.034 0.021 0.021 0.021 0.023 0.027 0.032 0.038 0.038 0.032 0.027 0.022 0.018 0.014 0.011 0.009 0.007 0.005 0.004 0.003 0.002 0.002 0.002 0.001 0.001 0.001 0.001 0.001 0.001
0.000 0.000 0.000 0.000 0.000 0.000 0.000 0.000 0.000 0.000 0.000 0.000 0.000 0.000 0.000 0.000 0.000 0.000 0.000 0.000 0.000 0.000 0.000 0.000 0.000 0.000 0.000 0.000 0.000 0.000 0.000 0.000 0.000 0.000 0.000 0.000 0.000 0.000 0.000 0.000 0.000 0.000 0.078 0.071 0.064 0.055 0.047 0.038 0.027 0.017 0.017 0.017 0.018 0.020 0.023 0.028 0.034 0.040 0.037 0.032 0.027 0.022 0.018 0.014 0.011 0.009 0.007 0.005 0.004 0.003 0.003 0.002 0.002 0.001 0.001 0.001 0.001
0.000 0.000 0.000 0.000 0.000 0.000 0.000 0.000 0.000 0.000 0.000 0.000 0.000 0.000 0.000 0.000 0.000 0.000 0.000 0.000 0.000 0.000 0.000 0.000 0.000 0.000 0.000 0.000 0.000 0.000 0.000 0.000 0.000 0.000 0.000 0.000 0.000 0.000 0.000 0.000 0.000 0.000 0.000 0.000 0.000 0.047 0.040 0.031 0.019 0.013 0.013 0.013 0.013 0.014 0.016 0.019 0.024 0.029 0.035 0.042 0.037 0.031 0.026 0.022 0.018 0.014 0.011 0.009 0.007 0.005 0.004 0.003 0.003 0.002 0.002 0.001 0.001
0.000 0.000 0.000 0.000 0.000 0.000 0.000 0.000 0.000 0.000 0.000 0.000 0.000 0.000 0.000 0.000 0.000 0.000 0.000 0.000 0.000 0.000 0.000 0.000 0.000 0.000 0.000 0.000 0.000 0.000 0.000 0.000 0.000 0.000 0.000 0.000 0.000 0.000 0.000 0.000 0.000 0.000 0.000 0.000 0.000 0.000 0.000 0.000 0.008 0.006 0.006 0.007 0.007 0.008 0.009 0.011 0.014 0.019 0.024 0.030 0.037 0.041 0.036 0.030 0.025 0.021 0.017 0.014 0.011 0.009 0.007 0.005 0.004 0.003 0.003 0.002 0.002
0.000 0.000 0.000 0.000 0.000 0.000 0.000 0.000 0.000 0.000 0.000 0.000 0.000 0.000 0.000 0.000 0.000 0.000 0.000 0.000 0.000 0.000 0.000 0.000 0.000 0.000 0.000 0.000 0.000 0.000 0.000 0.000 0.000 0.000 0.000 0.000 0.000 0.000 0.000 0.000 0.000 0.000 0.000 0.000 0.000 0.000 0.000 0.000 0.000 0.000 0.001 0.001 0.001 0.001 0.002 0.004 0.006 0.010 0.014 0.020 0.026 0.032 0.039 0.040 0.035 0.029 0.025 0.020 0.017 0.014 0.011 0.009 0.007 0.006 0.005 0.004 0.003
0.000 0.000 0.000 0.000 0.000 0.000 0.000 0.000 0.000 0.000 0.000 0.000 0.000 0.000 0.000 0.000 0.000 0.000 0.000 0.000 0.000 0.000 0.000 0.000 0.000 0.000 0.000 0.000 0.000 0.000 0.000 0.000 0.000 0.000 0.000 0.000 0.000 0.000 0.000 0.000 0.000 0.000 0.000 0.000 0.000 0.000 0.000 0.000 0.000 0.000 0.000 0.000 0.000 0.000 0.001 0.001 0.001 0.002 0.006 0.010 0.015 0.021 0.027 0.034 0.040 0.039 0.034 0.029 0.025 0.021 0.018 0.015 0.013 0.012 0.010 0.008 0.007
0.000 0.000 0.000 0.000 0.000 0.000 0.000 0.000 0.000 0.000 0.000 0.000 0.000 0.000 0.000 0.000 0.000 0.000 0.000 0.000 0.000 0.000 0.000 0.000 0.000 0.000 0.000 0.000 0.000 0.000 0.000 0.000 0.000 0.000 0.000 0.000 0.000 0.000 0.000 0.000 0.000 0.000 0.000 0.000 0.000 0.000 0.000 0.000 0.000 0.000 0.000 0.000 0.000 0.000 0.000 0.000 0.000 0.000 0.001 0.003 0.006 0.011 0.016 0.022 0.029 0.036 0.042 0.039 0.035 0.032 0.030 0.028 0.026 0.023 0.020 0.017 0.014
0.000 0.000 0.000 0.000 0.000 0.000 0.000 0.000 0.000 0.000 0.000 0.000 0.000 0.000 0.000 0.000 0.000 0.000 0.000 0.000 0.000 0.000 0.000 0.000 0.000 0.000 0.000 0.000 0.000 0.000 0.000 0.000 0.000 0.000 0.000 0.000 0.000 0.000 0.000 0.000 0.000 0.000 0.000 0.000 0.000 0.000 0.000 0.000 0.000 0.000 0.000 0.000 0.000 0.000 0.000 0.000 0.000 0.000 0.000 0.001 0.001 0.003 0.000 0.011 0.018 0.024 0.031 0.039 0.049 0.049 0.048 0.047 0.045 0.042 0.036 0.031 0.026
0.000 0.000 0.000 0.000 0.000 0.000 0.000 0.000 0.000 0.000 0.000 0.000 0.000 0.000 0.000 0.000 0.000 0.000 0.000 0.000 0.000 0.000 0.000 0.000 0.000 0.000 0.000 0.000 0.000 0.000 0.000 0.000 0.000 0.000 0.000 0.000 0.000 0.000 0.000 0.000 0.000 0.000 0.000 0.000 0.000 0.000 0.000 0.000 0.000 0.000 0.000 0.000 0.000 0.000 0.000 0.000 0.000 0.000 0.000 0.001 0.001 0.001 0.001 0.004 0.008 0.014 0.020 0.029 0.042 0.061 0.072 0.072 0.070 0.065 0.052 0.045 0.038
0.000 0.000 0.000 0.000 0.000 0.000 0.000 0.000 0.000 0.000 0.000 0.000 0.000 0.000 0.000 0.000 0.000 0.000 0.000 0.000 0.000 0.000 0.000 0.000 0.000 0.000 0.000 0.000 0.000 0.000 0.000 0.000 0.000 0.000 0.000 0.000 0.000 0.000 0.000 0.000 0.000 0.000 0.000 0.000 0.000 0.000 0.000 0.000 0.000 0.000 0.000 0.000 0.000 0.000 0.000 0.000 0.000 0.000 0.000 0.001 0.001 0.001 0.001 0.001 0.002 0.005 0.011 0.020 0.037 0.059 0.000 0.000 0.000 0.000 0.060 0.059 0.048
0.000 0.000 0.000 0.000 0.000 0.000 0.000 0.000 0.000 0.000 0.000 0.000 0.000 0.000 0.000 0.000 0.000 0.000 0.000 0.000 0.000 0.000 0.000 0.000 0.000 0.000 0.000 0.000 0.000 0.000 0.000 0.000 0.000 0.000 0.000 0.000 0.000 0.000 0.000 0.000 0.000 0.000 0.000 0.000 0.000 0.000 0.000 0.000 0.000 0.000 0.000 0.000 0.000 0.000 0.000 0.000 0.000 0.000 0.000 0.001 0.001 0.001 0.001 0.001 0.001 0.001 0.003 0.013 0.033 0.000 0.000 0.000 0.000 0.000 0.000 0.000 0.051
0.000 0.000 0.000 0.000 0.000 0.000 0.000 0.000 0.000 0.000 0.000 0.000 0.000 0.000 0.000 0.000 0.000 0.000 0.000 0.000 0.000 0.000 0.000 0.000 0.000 0.000 0.000 0.000 0.000 0.000 0.000 0.000 0.000 0.000 0.000 0.000 0.000 0.000 0.000 0.000 0.000 0.000 0.000 0.000 0.000 0.000 0.000 0.000 0.000 0.000 0.000 0.000 0.000 0.000 0.000 0.000 0.000 0.000 0.000 0.001 0.001 0.001 0.001 0.001 0.001 0.001 0.002 0.011 0.000 0.000 0.000 0.000 0.000 0.000 0.000 0.000 0.000
0.000 0.000 0.000 0.000 0.000 0.000 0.000 0.000 0.000 0.000 0.000 0.000 0.000 0.000 0.000 0.000 0.000 0.000 0.000 0.000 0.000 0.000 0.000 0.000 0.000 0.000 0.000 0.000 0.000 0.000 0.000 0.000 0.000 0.000 0.000 0.000 0.000 0.000 0.000 0.000 0.000 0.000 0.000 0.000 0.000 0.000 0.000 0.000 0.000 0.000 0.000 0.000 0.000 0.000 0.000 0.000 0.000 0.000 0.000 0.000 0.000 0.001 0.001 0.001 0.001 0.001 0.002 0.007 0.000 0.000 0.000 0.000 0.000 0.000 0.000 0.000 0.000
0.000 0.000 0.000 0.000 0.000 0.000 0.000 0.000 0.000 0.000 0.000 0.000 0.000 0.000 0.000 0.000 0.000 0.000 0.000 0.000 0.000 0.000 0.000 0.000 0.000 0.000 0.000 0.000 0.000 0.000 0.000 0.000 0.000 0.000 0.000 0.000 0.000 0.000 0.000 0.000 0.000 0.000 0.000 0.000 0.000 0.000 0.000 0.000 0.000 0.000 0.000 0.000 0.000 0.000 0.000 0.000 0.000 0.000 0.000 0.000 0.000 0.000 0.001 0.001 0.001 0.001 0.003 0.000 0.000 0.000 0.000 0.000 0.000 0.000 0.000 0.000 0.000
0.000 0.000 0.000 0.000 0.000 0.000 0.000 0.000 0.000 0.000 0.000 0.000 0.000 0.000 0.000 0.000 0.000 0.000 0.000 0.000 0.000 0.000 0.000 0.000 0.000 0.000 0.000 0.000 0.000 0.000 0.000 0.000 0.000 0.000 0.000 0.000 0.000 0.000 0.000 0.000 0.000 0.000 0.000 0.000 0.000 0.000 0.000 0.000 0.000 0.000 0.000 0.000 0.000 0.000 0.000 0.000 0.000 0.000 0.000 0.000 0.000 0.000 0.001 0.001 0.001 0.001 0.016 0.000 0.000 0.000 0.000 0.000 0.000 0.000 0.000 0.000 0.000
0.000 0.000 0.000 0.000 0.000 0.000 0.000 0.000 0.000 0.000 0.000 0.000 0.000 0.000 0.000 0.000 0.000 0.000 0.000 0.000 0.000 0.000 0.000 0.000 0.000 0.000 0.000 0.000 0.000 0.000 0.000 0.000 0.000 0.000 0.000 0.000 0.000 0.000 0.000 0.000 0.000 0.000 0.000 0.000 0.000 0.000 0.000 0.000 0.000 0.000 0.000 0.000 0.000 0.000 0.000 0.000 0.000 0.000 0.000 0.000 0.000 0.000 0.001 0.001 0.001 0.001 0.000 0.000 0.000 0.000 0.000 0.000 0.000 0.000 0.000 0.000 0.000
0.000 0.000 0.000 0.000 0.000 0.000 0.000 0.000 0.000 0.000 0.000 0.000 0.000 0.000 0.000 0.000 0.000 0.000 0.000 0.000 0.000 0.000 0.000 0.000 0.000 0.000 0.000 0.000 0.000 0.000 0.000 0.000 0.000 0.000 0.000 0.000 0.000 0.000 0.000 0.000 0.000 0.000 0.000 0.000 0.000 0.000 0.000 0.000 0.000 0.000 0.000 0.000 0.000 0.000 0.000 0.000 0.000 0.000 0.000 0.000 0.000 0.000 0.001 0.001 0.001 0.001 0.000 0.000 0.000 0.000 0.000 0.000 0.000 0.000 0.000 0.000 0.000
