数据/200y_3h/200y_3h_res_2/200y_3h_198-0001.wd
ncols         694
nrows         824
xllcorner     581104.939801
yllcorner     3495917.092414
cellsize      2.000000
NODATA_value  -9999.000000
[rows 408 to 441 of 824, columns 385 to 461 of 694]
0.000 0.000 0.000 0.000 0.000 0.000 0.000 0.000 0.000 0.000 0.000 0.000 0.000 0.000 0.000 0.000 0.000 0.000 0.000 0.000 0.000 0.000 0.000 0.000 0.000 0.000 0.000 0.000 0.000 0.000 0.000 0.000 0.064 0.072 0.080 0.088 0.096 0.096 0.091 0.097 0.098 0.097 0.098 0.000 0.000 0.000 0.000 0.000 0.000 0.000 0.047 0.047 0.047 0.047 0.047 0.044 0.040 0.035 0.031 0.026 0.021 0.017 0.012 0.007 0.003 0.000 0.000 0.000 0.000 0.000 0.000 0.000 0.000 0.000 0.000 0.000 0.000
0.000 0.000 0.000 0.000 0.000 0.000 0.000 0.000 0.000 0.000 0.000 0.000 0.000 0.000 0.000 0.000 0.000 0.000 0.000 0.000 0.000 0.000 0.000 0.000 0.000 0.000 0.000 0.000 0.000 0.000 0.000 0.057 0.065 0.073 0.081 0.090 0.096 0.096 0.096 0.097 0.098 0.098 0.098 0.000 0.000 0.000 0.000 0.000 0.000 0.047 0.047 0.047 0.047 0.047 0.047 0.047 0.047 0.042 0.038 0.033 0.029 0.024 0.019 0.014 0.010 0.005 0.000 0.000 0.000 0.000 0.000 0.000 0.000 0.000 0.000 0.000 0.000
0.000 0.000 0.000 0.000 0.000 0.000 0.000 0.000 0.000 0.000 0.000 0.000 0.000 0.000 0.000 0.000 0.000 0.000 0.000 0.000 0.000 0.000 0.000 0.000 0.000 0.000 0.000 0.000 0.000 0.000 0.000 0.060 0.068 0.074 0.083 0.091 0.096 0.096 0.097 0.098 0.099 0.097 0.098 0.000 0.000 0.000 0.000 0.000 0.000 0.046 0.047 0.047 0.047 0.047 0.047 0.047 0.047 0.047 0.045 0.041 0.036 0.031 0.026 0.022 0.017 0.012 0.007 0.003 0.000 0.000 0.000 0.000 0.000 0.000 0.000 0.000 0.000
0.000 0.000 0.000 0.000 0.000 0.000 0.000 0.000 0.000 0.000 0.000 0.000 0.000 0.000 0.000 0.000 0.000 0.000 0.000 0.000 0.000 0.000 0.000 0.000 0.000 0.000 0.000 0.000 0.000 0.000 0.000 0.061 0.069 0.076 0.084 0.093 0.096 0.097 0.097 0.097 0.098 0.098 0.098 0.000 0.000 0.000 0.000 0.000 0.000 0.047 0.047 0.047 0.047 0.047 0.047 0.047 0.046 0.047 0.046 0.046 0.043 0.038 0.034 0.029 0.024 0.019 0.014 0.009 0.005 0.000 0.000 0.000 0.000 0.000 0.000 0.000 0.000
0.000 0.000 0.000 0.000 0.000 0.000 0.000 0.000 0.000 0.000 0.000 0.000 0.000 0.000 0.000 0.000 0.000 0.000 0.000 0.000 0.000 0.000 0.000 0.000 0.000 0.000 0.000 0.000 0.000 0.000 0.000 0.061 0.070 0.078 0.086 0.095 0.097 0.098 0.099 0.098 0.098 0.097 0.000 0.000 0.000 0.000 0.000 0.000 0.000 0.047 0.047 0.047 0.047 0.047 0.047 0.047 0.047 0.046 0.046 0.046 0.046 0.046 0.041 0.036 0.031 0.026 0.021 0.016 0.011 0.006 0.002 0.000 0.000 0.000 0.000 0.000 0.000
0.000 0.000 0.000 0.000 0.000 0.000 0.000 0.000 0.000 0.000 0.000 0.000 0.000 0.000 0.000 0.000 0.000 0.000 0.000 0.000 0.000 0.000 0.000 0.000 0.000 0.000 0.000 0.000 0.000 0.000 0.054 0.062 0.072 0.079 0.087 0.096 0.097 0.098 0.098 0.097 0.097 0.098 0.000 0.000 0.000 0.000 0.000 0.000 0.047 0.047 0.047 0.047 0.047 0.047 0.047 0.047 0.046 0.046 0.046 0.046 0.046 0.045 0.045 0.043 0.038 0.033 0.028 0.023 0.018 0.013 0.008 0.003 0.000 0.000 0.000 0.000 0.000
0.000 0.000 0.000 0.000 0.000 0.000 0.000 0.000 0.000 0.000 0.000 0.000 0.000 0.000 0.000 0.000 0.000 0.000 0.000 0.000 0.000 0.000 0.000 0.000 0.000 0.000 0.000 0.000 0.000 0.000 0.056 0.064 0.073 0.082 0.089 0.096 0.096 0.098 0.099 0.099 0.099 0.100 0.000 0.000 0.000 0.000 0.000 0.000 0.048 0.047 0.047 0.047 0.047 0.047 0.047 0.047 0.046 0.046 0.046 0.046 0.045 0.045 0.045 0.044 0.044 0.040 0.035 0.030 0.025 0.020 0.015 0.010 0.005 0.000 0.000 0.000 0.000
0.000 0.000 0.000 0.000 0.000 0.000 0.000 0.000 0.000 0.000 0.000 0.000 0.000 0.000 0.000 0.000 0.000 0.000 0.000 0.000 0.000 0.000 0.000 0.000 0.000 0.000 0.000 0.000 0.000 0.000 0.057 0.066 0.073 0.083 0.091 0.096 0.096 0.097 0.098 0.099 0.099 0.000 0.000 0.000 0.000 0.000 0.000 0.000 0.047 0.048 0.047 0.047 0.047 0.047 0.047 0.047 0.046 0.046 0.046 0.045 0.045 0.045 0.044 0.044 0.043 0.043 0.042 0.037 0.032 0.027 0.021 0.016 0.011 0.006 0.000 0.000 0.000
0.000 0.000 0.000 0.000 0.000 0.000 0.000 0.000 0.000 0.000 0.000 0.000 0.000 0.000 0.000 0.000 0.000 0.000 0.000 0.000 0.000 0.000 0.000 0.000 0.000 0.000 0.000 0.000 0.000 0.000 0.058 0.068 0.076 0.084 0.093 0.096 0.096 0.096 0.097 0.097 0.097 0.000 0.000 0.000 0.000 0.000 0.000 0.048 0.048 0.048 0.048 0.047 0.047 0.047 0.047 0.047 0.046 0.046 0.046 0.045 0.045 0.044 0.044 0.043 0.043 0.042 0.042 0.041 0.039 0.033 0.028 0.023 0.017 0.012 0.007 0.000 0.000
0.000 0.000 0.000 0.000 0.000 0.000 0.000 0.000 0.000 0.000 0.000 0.000 0.000 0.000 0.000 0.000 0.000 0.000 0.000 0.000 0.000 0.000 0.000 0.000 0.000 0.000 0.000 0.000 0.049 0.055 0.060 0.070 0.079 0.087 0.096 0.096 0.096 0.098 0.098 0.097 0.096 0.000 0.000 0.000 0.000 0.000 0.000 0.048 0.048 0.048 0.048 0.048 0.047 0.047 0.047 0.047 0.046 0.046 0.046 0.045 0.045 0.044 0.044 0.043 0.042 0.042 0.041 0.041 0.040 0.039 0.035 0.029 0.024 0.019 0.013 0.008 0.002
0.000 0.000 0.000 0.000 0.000 0.000 0.000 0.000 0.000 0.000 0.000 0.000 0.000 0.000 0.000 0.000 0.000 0.000 0.000 0.000 0.000 0.000 0.000 0.000 0.000 0.000 0.000 0.000 0.047 0.057 0.064 0.071 0.080 0.089 0.097 0.097 0.097 0.098 0.097 0.098 0.097 0.000 0.000 0.000 0.000 0.000 0.000 0.048 0.048 0.048 0.048 0.048 0.048 0.047 0.047 0.047 0.046 0.046 0.045 0.045 0.044 0.044 0.043 0.043 0.042 0.041 0.041 0.040 0.039 0.038 0.037 0.036 0.031 0.025 0.019 0.014 0.008
0.000 0.000 0.000 0.000 0.000 0.000 0.000 0.000 0.000 0.000 0.000 0.000 0.000 0.000 0.000 0.000 0.000 0.000 0.000 0.000 0.000 0.000 0.000 0.000 0.000 0.000 0.000 0.000 0.049 0.057 0.066 0.073 0.081 0.090 0.097 0.097 0.097 0.098 0.097 0.097 0.099 0.000 0.000 0.000 0.000 0.000 0.000 0.049 0.049 0.048 0.048 0.048 0.048 0.048 0.047 0.047 0.046 0.046 0.045 0.045 0.044 0.044 0.043 0.042 0.041 0.041 0.040 0.039 0.038 0.038 0.037 0.036 0.034 0.031 0.026 0.020 0.014
0.000 0.000 0.000 0.000 0.000 0.000 0.000 0.000 0.000 0.000 0.000 0.000 0.000 0.000 0.000 0.000 0.000 0.000 0.000 0.000 0.000 0.000 0.000 0.000 0.000 0.000 0.000 0.000 0.052 0.057 0.067 0.075 0.083 0.092 0.096 0.097 0.097 0.097 0.096 0.096 0.097 0.000 0.000 0.000 0.000 0.000 0.049 0.049 0.049 0.049 0.049 0.048 0.048 0.048 0.047 0.047 0.046 0.046 0.045 0.045 0.044 0.043 0.042 0.042 0.041 0.040 0.039 0.039 0.038 0.037 0.036 0.035 0.034 0.032 0.031 0.026 0.020
0.000 0.000 0.000 0.000 0.000 0.000 0.000 0.000 0.000 0.000 0.000 0.000 0.000 0.000 0.000 0.000 0.000 0.000 0.000 0.000 0.000 0.000 0.000 0.000 0.000 0.000 0.000 0.000 0.051 0.061 0.069 0.078 0.085 0.094 0.097 0.096 0.097 0.096 0.097 0.097 0.097 0.000 0.000 0.000 0.000 0.000 0.049 0.049 0.049 0.049 0.049 0.049 0.048 0.048 0.047 0.047 0.046 0.046 0.045 0.044 0.044 0.043 0.042 0.041 0.040 0.040 0.039 0.038 0.037 0.036 0.035 0.034 0.032 0.031 0.030 0.028 0.026
0.000 0.000 0.000 0.000 0.000 0.000 0.000 0.000 0.000 0.000 0.000 0.000 0.000 0.000 0.000 0.000 0.000 0.000 0.000 0.000 0.000 0.000 0.000 0.000 0.000 0.000 0.000 0.044 0.052 0.062 0.070 0.080 0.088 0.095 0.098 0.097 0.096 0.096 0.096 0.097 0.097 0.000 0.000 0.000 0.000 0.000 0.049 0.049 0.050 0.050 0.050 0.049 0.049 0.048 0.047 0.047 0.046 0.045 0.045 0.044 0.043 0.042 0.042 0.041 0.040 0.039 0.038 0.037 0.036 0.035 0.034 0.033 0.031 0.030 0.028 0.027 0.025
0.000 0.000 0.000 0.000 0.000 0.000 0.000 0.000 0.000 0.000 0.000 0.000 0.000 0.000 0.000 0.000 0.000 0.000 0.000 0.000 0.000 0.000 0.000 0.000 0.000 0.000 0.000 0.045 0.053 0.063 0.073 0.081 0.090 0.098 0.098 0.097 0.097 0.097 0.097 0.097 0.095 0.093 0.092 0.000 0.000 0.000 0.000 0.000 0.052 0.051 0.050 0.050 0.049 0.048 0.047 0.047 0.046 0.045 0.044 0.044 0.043 0.042 0.041 0.040 0.039 0.038 0.037 0.036 0.035 0.034 0.033 0.031 0.030 0.028 0.027 0.025 0.023
0.000 0.000 0.000 0.000 0.000 0.000 0.000 0.000 0.000 0.000 0.000 0.000 0.000 0.000 0.000 0.000 0.000 0.000 0.000 0.000 0.000 0.000 0.000 0.000 0.000 0.000 0.000 0.047 0.055 0.066 0.074 0.083 0.091 0.096 0.098 0.097 0.098 0.097 0.097 0.097 0.095 0.092 0.090 0.085 0.082 0.080 0.000 0.057 0.054 0.053 0.051 0.050 0.049 0.048 0.048 0.047 0.046 0.045 0.044 0.043 0.042 0.041 0.040 0.039 0.038 0.037 0.036 0.035 0.034 0.033 0.031 0.030 0.028 0.027 0.025 0.023 0.020
0.000 0.000 0.000 0.000 0.000 0.000 0.000 0.000 0.000 0.000 0.000 0.000 0.000 0.000 0.000 0.000 0.000 0.000 0.000 0.000 0.000 0.000 0.000 0.000 0.000 0.000 0.000 0.048 0.057 0.066 0.076 0.084 0.093 0.098 0.098 0.098 0.098 0.098 0.098 0.097 0.095 0.091 0.088 0.085 0.080 0.076 0.068 0.061 0.056 0.054 0.052 0.051 0.050 0.049 0.048 0.047 0.046 0.045 0.044 0.043 0.042 0.041 0.040 0.039 0.037 0.036 0.035 0.034 0.033 0.031 0.030 0.028 0.026 0.025 0.022 0.020 0.017
0.000 0.000 0.000 0.000 0.000 0.000 0.000 0.000 0.000 0.000 0.000 0.000 0.000 0.000 0.000 0.000 0.000 0.000 0.000 0.000 0.000 0.000 0.000 0.000 0.000 0.000 0.000 0.050 0.058 0.069 0.077 0.085 0.095 0.100 0.099 0.098 0.097 0.097 0.098 0.097 0.000 0.089 0.087 0.084 0.078 0.073 0.067 0.061 0.057 0.054 0.052 0.051 0.050 0.049 0.048 0.047 0.046 0.044 0.043 0.042 0.041 0.040 0.039 0.038 0.036 0.035 0.034 0.032 0.031 0.029 0.028 0.026 0.024 0.022 0.019 0.015 0.015
0.000 0.000 0.000 0.000 0.000 0.000 0.000 0.000 0.000 0.000 0.000 0.000 0.000 0.000 0.000 0.000 0.000 0.000 0.000 0.000 0.000 0.000 0.000 0.000 0.000 0.000 0.000 0.052 0.061 0.069 0.079 0.087 0.096 0.099 0.098 0.097 0.097 0.098 0.099 0.000 0.000 0.000 0.000 0.000 0.074 0.071 0.064 0.060 0.057 0.054 0.052 0.051 0.050 0.049 0.047 0.046 0.045 0.044 0.043 0.041 0.040 0.039 0.038 0.036 0.035 0.034 0.032 0.031 0.029 0.027 0.025 0.023 0.020 0.017 0.016 0.015 0.015
0.000 0.000 0.000 0.000 0.000 0.000 0.000 0.000 0.000 0.000 0.000 0.000 0.000 0.000 0.000 0.000 0.000 0.000 0.000 0.000 0.000 0.000 0.000 0.000 0.000 0.000 0.044 0.054 0.062 0.071 0.080 0.088 0.097 0.096 0.097 0.097 0.097 0.096 0.000 0.000 0.000 0.000 0.000 0.000 0.000 0.000 0.059 0.057 0.055 0.054 0.052 0.051 0.050 0.048 0.047 0.046 0.045 0.043 0.042 0.041 0.039 0.038 0.037 0.035 0.034 0.032 0.030 0.029 0.027 0.024 0.022 0.018 0.017 0.016 0.016 0.016 0.016
0.000 0.000 0.000 0.000 0.000 0.000 0.000 0.000 0.000 0.000 0.000 0.000 0.000 0.000 0.000 0.000 0.000 0.000 0.000 0.000 0.000 0.000 0.000 0.000 0.000 0.000 0.046 0.056 0.064 0.073 0.082 0.090 0.096 0.097 0.097 0.097 0.097 0.097 0.000 0.000 0.000 0.000 0.000 0.000 0.000 0.000 0.056 0.055 0.054 0.053 0.052 0.051 0.049 0.048 0.047 0.046 0.044 0.043 0.041 0.040 0.038 0.037 0.035 0.033 0.032 0.030 0.028 0.026 0.023 0.020 0.017 0.017 0.017 0.017 0.016 0.017 0.019
0.000 0.000 0.000 0.000 0.000 0.000 0.000 0.000 0.000 0.000 0.000 0.000 0.000 0.000 0.000 0.000 0.000 0.000 0.000 0.000 0.000 0.000 0.000 0.000 0.000 0.000 0.047 0.057 0.066 0.075 0.083 0.090 0.096 0.096 0.096 0.097 0.098 0.000 0.000 0.000 0.000 0.000 0.055 0.054 0.055 0.055 0.055 0.055 0.054 0.053 0.052 0.051 0.049 0.048 0.046 0.045 0.043 0.042 0.040 0.038 0.037 0.035 0.033 0.031 0.029 0.027 0.024 0.021 0.018 0.018 0.018 0.017 0.017 0.017 0.017 0.019 0.022
0.000 0.000 0.000 0.000 0.000 0.000 0.000 0.000 0.000 0.000 0.000 0.000 0.000 0.000 0.000 0.000 0.000 0.000 0.000 0.000 0.000 0.000 0.000 0.000 0.000 0.000 0.049 0.058 0.067 0.077 0.084 0.092 0.096 0.096 0.097 0.096 0.096 0.000 0.000 0.000 0.000 0.000 0.000 0.055 0.055 0.054 0.055 0.054 0.053 0.053 0.051 0.050 0.049 0.047 0.046 0.044 0.042 0.041 0.039 0.037 0.035 0.033 0.031 0.029 0.026 0.023 0.019 0.019 0.019 0.018 0.018 0.018 0.018 0.018 0.019 0.022 0.027
0.000 0.000 0.000 0.000 0.000 0.000 0.000 0.000 0.000 0.000 0.000 0.000 0.000 0.000 0.000 0.000 0.000 0.000 0.000 0.000 0.000 0.000 0.000 0.000 0.000 0.000 0.049 0.060 0.068 0.077 0.085 0.094 0.095 0.096 0.096 0.097 0.096 0.000 0.000 0.000 0.000 0.000 0.000 0.000 0.000 0.000 0.054 0.054 0.053 0.052 0.051 0.050 0.048 0.047 0.045 0.043 0.041 0.039 0.037 0.035 0.033 0.030 0.028 0.024 0.020 0.020 0.019 0.019 0.019 0.019 0.018 0.018 0.019 0.020 0.023 0.028 0.032
0.000 0.000 0.000 0.000 0.000 0.000 0.000 0.000 0.000 0.000 0.000 0.000 0.000 0.000 0.000 0.000 0.000 0.000 0.000 0.000 0.000 0.000 0.000 0.000 0.000 0.042 0.051 0.060 0.069 0.077 0.087 0.095 0.095 0.095 0.095 0.096 0.000 0.000 0.000 0.000 0.000 0.000 0.000 0.000 0.000 0.000 0.000 0.000 0.052 0.052 0.051 0.049 0.048 0.046 0.044 0.042 0.040 0.037 0.035 0.032 0.029 0.026 0.022 0.021 0.020 0.020 0.020 0.019 0.019 0.019 0.019 0.020 0.021 0.024 0.029 0.036 0.034
0.000 0.000 0.000 0.000 0.000 0.000 0.000 0.000 0.000 0.000 0.000 0.000 0.000 0.000 0.000 0.000 0.000 0.000 0.000 0.000 0.000 0.000 0.000 0.000 0.000 0.044 0.052 0.060 0.070 0.079 0.088 0.095 0.095 0.095 0.096 0.095 0.000 0.000 0.000 0.000 0.000 0.000 0.000 0.000 0.000 0.000 0.000 0.000 0.000 0.000 0.000 0.048 0.047 0.046 0.043 0.041 0.038 0.035 0.032 0.028 0.024 0.022 0.022 0.021 0.021 0.020 0.020 0.020 0.020 0.020 0.021 0.023 0.027 0.032 0.039 0.043 0.039
0.000 0.000 0.000 0.000 0.000 0.000 0.000 0.000 0.000 0.000 0.000 0.000 0.000 0.000 0.000 0.000 0.000 0.000 0.003 0.000 0.000 0.000 0.000 0.000 0.000 0.044 0.053 0.061 0.070 0.079 0.088 0.095 0.095 0.095 0.095 0.095 0.000 0.000 0.000 0.000 0.000 0.000 0.000 0.000 0.000 0.000 0.000 0.000 0.000 0.000 0.000 0.000 0.000 0.000 0.041 0.039 0.034 0.030 0.026 0.023 0.023 0.022 0.022 0.021 0.021 0.021 0.021 0.021 0.022 0.023 0.026 0.031 0.036 0.043 0.050 0.049 0.044
0.008 0.003 0.000 0.000 0.000 0.000 0.000 0.000 0.000 0.000 0.000 0.000 0.000 0.000 0.000 0.000 0.000 0.001 0.002 0.002 0.005 0.000 0.000 0.000 0.000 0.045 0.054 0.062 0.071 0.080 0.090 0.094 0.094 0.094 0.094 0.094 0.000 0.000 0.000 0.000 0.000 0.000 0.000 0.000 0.000 0.000 0.000 0.000 0.000 0.000 0.000 0.000 0.000 0.000 0.000 0.000 0.026 0.023 0.023 0.023 0.023 0.022 0.022 0.022 0.022 0.022 0.022 0.024 0.026 0.030 0.035 0.041 0.048 0.055 0.060 0.055 0.051
0.018 0.012 0.006 0.000 0.000 0.000 0.000 0.000 0.000 0.000 0.000 0.000 0.000 0.000 0.000 0.000 0.000 0.001 0.002 0.003 0.005 0.010 0.000 0.000 0.000 0.045 0.054 0.064 0.073 0.082 0.091 0.094 0.094 0.093 0.094 0.000 0.000 0.000 0.000 0.000 0.000 0.000 0.000 0.000 0.000 0.000 0.000 0.000 0.000 0.000 0.000 0.000 0.000 0.000 0.000 0.000 0.020 0.022 0.022 0.022 0.022 0.022 0.022 0.022 0.023 0.024 0.026 0.029 0.034 0.040 0.046 0.053 0.060 0.067 0.067 0.062 0.058
0.027 0.021 0.015 0.009 0.002 0.000 0.000 0.000 0.000 0.000 0.000 0.000 0.000 0.001 0.001 0.001 0.001 0.001 0.002 0.003 0.005 0.011 0.019 0.028 0.036 0.045 0.055 0.064 0.074 0.083 0.092 0.093 0.093 0.093 0.094 0.000 0.000 0.000 0.000 0.000 0.000 0.000 0.000 0.000 0.000 0.000 0.000 0.000 0.000 0.000 0.000 0.000 0.000 0.000 0.000 0.000 0.018 0.020 0.021 0.022 0.022 0.023 0.023 0.024 0.026 0.029 0.033 0.039 0.045 0.051 0.058 0.065 0.073 0.078 0.074 0.069 0.065
0.037 0.031 0.024 0.018 0.012 0.007 0.000 0.000 0.000 0.000 0.000 0.000 0.001 0.001 0.001 0.001 0.001 0.001 0.001 0.002 0.005 0.012 0.020 0.028 0.037 0.047 0.056 0.065 0.074 0.083 0.091 0.092 0.092 0.092 0.093 0.000 0.000 0.000 0.000 0.000 0.000 0.000 0.000 0.000 0.000 0.000 0.000 0.000 0.000 0.000 0.000 0.000 0.000 0.000 0.000 0.004 0.015 0.018 0.020 0.021 0.022 0.024 0.026 0.029 0.033 0.038 0.044 0.050 0.057 0.064 0.071 0.078 0.085 0.086 0.081 0.076 0.072
0.047 0.041 0.034 0.028 0.022 0.016 0.011 0.005 0.002 0.000 0.002 0.002 0.002 0.002 0.002 0.001 0.001 0.001 0.001 0.002 0.005 0.013 0.021 0.029 0.039 0.047 0.057 0.066 0.075 0.084 0.091 0.091 0.092 0.092 0.093 0.000 0.000 0.000 0.000 0.000 0.000 0.000 0.000 0.000 0.000 0.000 0.000 0.000 0.000 0.000 0.000 0.000 0.000 0.000 0.000 0.004 0.014 0.017 0.020 0.022 0.024 0.028 0.032 0.037 0.043 0.049 0.055 0.062 0.069 0.076 0.084 0.000 0.000 0.093 0.089 0.084 0.079
0.000 0.000 0.044 0.038 0.032 0.027 0.021 0.016 0.010 0.005 0.003 0.002 0.002 0.002 0.002 0.002 0.002 0.002 0.002 0.002 0.005 0.013 0.022 0.030 0.039 0.048 0.058 0.067 0.075 0.084 0.090 0.090 0.090 0.090 0.000 0.000 0.000 0.000 0.000 0.000 0.000 0.000 0.000 0.000 0.000 0.000 0.000 0.000 0.000 0.000 0.000 0.000 0.000 0.000 0.000 0.005 0.013 0.018 0.021 0.026 0.030 0.036 0.042 0.048 0.054 0.061 0.068 0.075 0.082 0.089 0.000 0.000 0.000 0.000 0.000 0.091 0.086
