数据/200y_3h/200y_3h_res_2/200y_3h_309-0001.wd
ncols         694
nrows         824
xllcorner     581104.939801
yllcorner     3495917.092414
cellsize      2.000000
NODATA_value  -9999.000000
[rows 306 to 339 of 824, columns 462 to 538 of 694]
0.004 0.005 0.005 0.006 0.006 0.006 0.006 0.006 0.004 0.002 0.001 0.001 0.001 0.001 0.001 0.001 0.001 0.000 0.001 0.001 0.001 0.001 0.001 0.001 0.001 0.001 0.002 0.004 0.005 0.007 0.007 0.006 0.005 0.004 0.003 0.003 0.002 0.002 0.003 0.000 0.000 0.000 0.000 0.000 0.000 0.000 0.000 0.000 0.000 0.000 0.000 0.000 0.000 0.000 0.007 0.007 0.007 0.009 0.000 0.001 0.001 0.001 0.001 0.001 0.004 0.034 0.000 0.000 0.000 0.000 0.001 0.001 0.002 0.009 0.016 0.015 0.012
0.003 0.004 0.005 0.005 0.006 0.006 0.006 0.006 0.005 0.004 0.002 0.001 0.001 0.001 0.001 0.001 0.001 0.001 0.001 0.001 0.001 0.001 0.001 0.001 0.001 0.001 0.002 0.004 0.005 0.006 0.007 0.006 0.005 0.004 0.004 0.003 0.003 0.004 0.013 0.000 0.000 0.000 0.000 0.000 0.000 0.000 0.000 0.000 0.000 0.000 0.000 0.000 0.000 0.000 0.000 0.000 0.000 0.007 0.007 0.006 0.005 0.004 0.004 0.004 0.007 0.000 0.000 0.000 0.000 0.000 0.002 0.007 0.014 0.015 0.012 0.011 0.009
0.002 0.004 0.004 0.005 0.005 0.006 0.006 0.006 0.006 0.005 0.005 0.003 0.002 0.001 0.001 0.001 0.001 0.001 0.001 0.001 0.001 0.001 0.001 0.001 0.001 0.000 0.002 0.004 0.005 0.006 0.006 0.006 0.005 0.005 0.004 0.003 0.003 0.004 0.000 0.000 0.000 0.000 0.000 0.000 0.000 0.000 0.000 0.000 0.000 0.000 0.000 0.000 0.000 0.000 0.000 0.000 0.000 0.000 0.000 0.004 0.005 0.006 0.005 0.005 0.009 0.000 0.000 0.000 0.000 0.005 0.012 0.014 0.012 0.010 0.009 0.008 0.007
0.003 0.004 0.004 0.005 0.005 0.005 0.006 0.006 0.006 0.006 0.005 0.005 0.003 0.002 0.002 0.001 0.001 0.001 0.001 0.001 0.001 0.001 0.001 0.001 0.001 0.001 0.002 0.004 0.005 0.006 0.006 0.006 0.005 0.005 0.004 0.004 0.003 0.004 0.002 0.001 0.001 0.000 0.000 0.000 0.000 0.000 0.000 0.000 0.000 0.000 0.000 0.000 0.000 0.000 0.000 0.000 0.000 0.000 0.000 0.000 0.000 0.000 0.004 0.005 0.007 0.010 0.000 0.000 0.000 0.013 0.012 0.010 0.009 0.007 0.006 0.006 0.005
0.003 0.004 0.004 0.005 0.005 0.005 0.006 0.006 0.006 0.006 0.006 0.006 0.008 0.007 0.005 0.003 0.002 0.002 0.001 0.001 0.001 0.001 0.001 0.001 0.001 0.001 0.002 0.004 0.005 0.006 0.006 0.006 0.005 0.005 0.004 0.004 0.004 0.004 0.003 0.002 0.001 0.001 0.001 0.000 0.000 0.000 0.000 0.000 0.000 0.000 0.000 0.000 0.000 0.000 0.000 0.000 0.000 0.000 0.000 0.000 0.000 0.000 0.000 0.000 0.006 0.009 0.010 0.015 0.016 0.012 0.009 0.008 0.007 0.006 0.005 0.005 0.005
0.003 0.004 0.004 0.005 0.005 0.006 0.007 0.008 0.009 0.009 0.010 0.012 0.015 0.017 0.012 0.008 0.005 0.003 0.002 0.002 0.001 0.001 0.001 0.001 0.001 0.001 0.002 0.004 0.005 0.006 0.006 0.006 0.005 0.005 0.004 0.004 0.004 0.004 0.003 0.002 0.002 0.001 0.001 0.001 0.001 0.002 0.000 0.000 0.000 0.000 0.000 0.000 0.000 0.000 0.000 0.000 0.000 0.000 0.000 0.000 0.000 0.000 0.000 0.000 0.000 0.000 0.000 0.007 0.008 0.008 0.007 0.006 0.005 0.005 0.004 0.004 0.003
0.004 0.004 0.005 0.006 0.008 0.010 0.012 0.016 0.019 0.022 0.023 0.025 0.021 0.014 0.014 0.012 0.008 0.005 0.003 0.002 0.002 0.001 0.001 0.001 0.001 0.001 0.002 0.004 0.005 0.006 0.006 0.006 0.005 0.005 0.005 0.004 0.004 0.004 0.003 0.003 0.002 0.002 0.001 0.001 0.001 0.001 0.001 0.002 0.000 0.000 0.000 0.001 0.001 0.002 0.000 0.000 0.000 0.000 0.000 0.000 0.000 0.000 0.000 0.000 0.000 0.000 0.009 0.008 0.007 0.006 0.005 0.005 0.004 0.004 0.004 0.004 0.000
0.006 0.008 0.011 0.015 0.018 0.021 0.024 0.023 0.018 0.014 0.010 0.007 0.005 0.003 0.008 0.013 0.009 0.006 0.004 0.003 0.002 0.002 0.001 0.001 0.001 0.001 0.002 0.004 0.005 0.006 0.006 0.006 0.005 0.005 0.005 0.004 0.004 0.004 0.003 0.003 0.002 0.002 0.002 0.000 0.001 0.001 0.001 0.001 0.001 0.001 0.001 0.001 0.001 0.001 0.001 0.001 0.002 0.000 0.000 0.000 0.000 0.000 0.000 0.000 0.000 0.000 0.007 0.007 0.006 0.005 0.005 0.004 0.004 0.003 0.003 0.003 0.000
0.016 0.019 0.019 0.015 0.012 0.009 0.007 0.005 0.004 0.003 0.002 0.002 0.001 0.002 0.004 0.011 0.011 0.008 0.005 0.004 0.003 0.002 0.002 0.001 0.001 0.001 0.002 0.004 0.005 0.005 0.006 0.006 0.005 0.005 0.005 0.004 0.004 0.004 0.003 0.003 0.003 0.002 0.002 0.001 0.001 0.001 0.001 0.001 0.001 0.001 0.001 0.001 0.001 0.001 0.001 0.001 0.002 0.003 0.025 0.000 0.000 0.000 0.000 0.000 0.000 0.010 0.008 0.007 0.006 0.005 0.004 0.003 0.003 0.003 0.003 0.000 0.000
0.007 0.005 0.004 0.003 0.002 0.002 0.002 0.001 0.001 0.001 0.001 0.001 0.001 0.001 0.002 0.006 0.011 0.009 0.007 0.005 0.004 0.003 0.002 0.002 0.001 0.001 0.002 0.004 0.005 0.005 0.006 0.006 0.005 0.005 0.005 0.004 0.004 0.004 0.003 0.003 0.003 0.002 0.002 0.002 0.001 0.001 0.001 0.001 0.001 0.001 0.001 0.001 0.001 0.001 0.001 0.002 0.005 0.013 0.026 0.035 0.044 0.055 0.000 0.000 0.000 0.008 0.007 0.006 0.005 0.004 0.003 0.003 0.003 0.003 0.002 0.000 0.000
0.002 0.001 0.001 0.001 0.001 0.001 0.001 0.001 0.001 0.001 0.001 0.001 0.001 0.001 0.001 0.004 0.010 0.010 0.008 0.006 0.004 0.003 0.003 0.002 0.002 0.001 0.002 0.004 0.005 0.005 0.006 0.006 0.005 0.005 0.005 0.004 0.004 0.004 0.003 0.003 0.003 0.003 0.002 0.002 0.002 0.001 0.001 0.001 0.001 0.001 0.001 0.001 0.001 0.001 0.003 0.009 0.012 0.010 0.010 0.013 0.021 0.030 0.038 0.048 0.000 0.009 0.007 0.006 0.004 0.003 0.003 0.002 0.002 0.003 0.000 0.000 0.000
0.001 0.001 0.001 0.001 0.001 0.001 0.001 0.001 0.001 0.001 0.001 0.001 0.001 0.001 0.001 0.002 0.006 0.011 0.009 0.007 0.005 0.004 0.003 0.002 0.002 0.002 0.002 0.004 0.005 0.005 0.006 0.006 0.005 0.005 0.005 0.004 0.004 0.004 0.003 0.003 0.003 0.003 0.002 0.002 0.002 0.002 0.001 0.001 0.001 0.001 0.001 0.001 0.002 0.008 0.012 0.010 0.008 0.006 0.005 0.005 0.005 0.004 0.012 0.020 0.018 0.012 0.008 0.005 0.003 0.002 0.002 0.002 0.002 0.002 0.000 0.000 0.000
0.001 0.001 0.001 0.001 0.001 0.001 0.001 0.001 0.001 0.001 0.001 0.001 0.001 0.001 0.001 0.001 0.003 0.010 0.010 0.008 0.006 0.005 0.004 0.003 0.003 0.003 0.003 0.004 0.005 0.006 0.006 0.006 0.006 0.006 0.005 0.005 0.004 0.004 0.004 0.003 0.003 0.003 0.003 0.002 0.002 0.002 0.002 0.002 0.002 0.002 0.003 0.009 0.013 0.010 0.008 0.006 0.005 0.004 0.003 0.003 0.003 0.002 0.002 0.003 0.003 0.003 0.000 0.001 0.001 0.001 0.001 0.001 0.002 0.000 0.000 0.000 0.000
0.001 0.001 0.001 0.001 0.001 0.001 0.000 0.000 0.000 0.000 0.001 0.001 0.001 0.001 0.001 0.001 0.002 0.006 0.011 0.010 0.009 0.008 0.009 0.009 0.009 0.009 0.009 0.010 0.011 0.012 0.012 0.011 0.009 0.008 0.007 0.006 0.006 0.005 0.005 0.004 0.004 0.004 0.004 0.004 0.005 0.006 0.007 0.008 0.009 0.009 0.015 0.011 0.008 0.006 0.005 0.004 0.003 0.002 0.002 0.002 0.002 0.001 0.001 0.001 0.001 0.001 0.001 0.001 0.001 0.001 0.001 0.001 0.002 0.014 0.000 0.000 0.000
0.000 0.000 0.000 0.000 0.000 0.000 0.000 0.000 0.000 0.000 0.001 0.001 0.001 0.001 0.001 0.001 0.002 0.004 0.012 0.020 0.023 0.028 0.032 0.033 0.033 0.033 0.034 0.034 0.034 0.033 0.030 0.022 0.019 0.017 0.015 0.013 0.011 0.010 0.009 0.010 0.011 0.014 0.018 0.023 0.028 0.032 0.037 0.040 0.036 0.021 0.020 0.017 0.013 0.010 0.007 0.005 0.004 0.003 0.002 0.001 0.001 0.001 0.001 0.001 0.001 0.001 0.001 0.001 0.001 0.001 0.001 0.001 0.001 0.000 0.000 0.000 0.000
0.000 0.000 0.000 0.000 0.000 0.000 0.000 0.000 0.000 0.000 0.000 0.001 0.001 0.001 0.001 0.001 0.008 0.000 0.010 0.047 0.052 0.058 0.063 0.000 0.000 0.000 0.000 0.000 0.000 0.000 0.000 0.034 0.037 0.037 0.034 0.028 0.026 0.027 0.029 0.033 0.038 0.043 0.048 0.053 0.058 0.055 0.048 0.039 0.030 0.016 0.016 0.019 0.023 0.018 0.014 0.011 0.008 0.006 0.004 0.003 0.002 0.002 0.002 0.001 0.001 0.001 0.001 0.001 0.001 0.001 0.001 0.001 0.001 0.001 0.001 0.001 0.000
0.000 0.000 0.000 0.000 0.000 0.000 0.000 0.000 0.000 0.000 0.000 0.000 0.001 0.006 0.000 0.000 0.011 0.000 0.000 0.064 0.000 0.000 0.000 0.000 0.000 0.000 0.000 0.000 0.000 0.000 0.000 0.000 0.000 0.000 0.000 0.047 0.051 0.054 0.057 0.062 0.067 0.072 0.070 0.063 0.056 0.048 0.041 0.033 0.024 0.011 0.011 0.012 0.015 0.020 0.022 0.018 0.014 0.011 0.008 0.006 0.005 0.004 0.003 0.002 0.002 0.001 0.001 0.001 0.001 0.001 0.001 0.001 0.001 0.001 0.001 0.001 0.001
0.000 0.000 0.000 0.000 0.000 0.000 0.000 0.000 0.000 0.000 0.000 0.000 0.000 0.000 0.000 0.000 0.000 0.000 0.000 0.000 0.000 0.000 0.000 0.000 0.000 0.000 0.000 0.000 0.000 0.000 0.000 0.000 0.000 0.000 0.000 0.000 0.000 0.000 0.086 0.083 0.076 0.070 0.063 0.056 0.049 0.042 0.034 0.027 0.018 0.008 0.008 0.008 0.009 0.012 0.017 0.021 0.021 0.017 0.014 0.011 0.008 0.006 0.005 0.004 0.003 0.002 0.002 0.001 0.001 0.001 0.001 0.001 0.001 0.001 0.001 0.001 0.001
0.000 0.000 0.000 0.000 0.000 0.000 0.000 0.000 0.000 0.000 0.000 0.000 0.000 0.000 0.000 0.000 0.000 0.000 0.000 0.000 0.000 0.000 0.000 0.000 0.000 0.000 0.000 0.000 0.000 0.000 0.000 0.000 0.000 0.000 0.000 0.000 0.000 0.000 0.000 0.000 0.000 0.000 0.055 0.049 0.042 0.035 0.027 0.020 0.011 0.006 0.006 0.006 0.006 0.006 0.008 0.012 0.018 0.023 0.021 0.017 0.013 0.010 0.008 0.006 0.005 0.004 0.003 0.002 0.002 0.001 0.001 0.001 0.001 0.001 0.001 0.001 0.001
0.000 0.000 0.000 0.000 0.000 0.000 0.000 0.000 0.000 0.000 0.000 0.000 0.000 0.000 0.000 0.000 0.000 0.000 0.000 0.000 0.000 0.000 0.000 0.000 0.000 0.000 0.000 0.000 0.000 0.000 0.000 0.000 0.000 0.000 0.000 0.000 0.000 0.000 0.000 0.000 0.000 0.000 0.000 0.000 0.000 0.027 0.020 0.013 0.005 0.003 0.003 0.003 0.003 0.003 0.003 0.005 0.008 0.013 0.019 0.024 0.020 0.016 0.013 0.010 0.008 0.006 0.005 0.004 0.003 0.002 0.002 0.001 0.001 0.001 0.001 0.001 0.001
0.000 0.000 0.000 0.000 0.000 0.000 0.000 0.000 0.000 0.000 0.000 0.000 0.000 0.000 0.000 0.000 0.000 0.000 0.000 0.000 0.000 0.000 0.000 0.000 0.000 0.000 0.000 0.000 0.000 0.000 0.000 0.000 0.000 0.000 0.000 0.000 0.000 0.000 0.000 0.000 0.000 0.000 0.000 0.000 0.000 0.000 0.000 0.000 0.002 0.002 0.002 0.002 0.002 0.002 0.002 0.002 0.003 0.005 0.009 0.014 0.020 0.023 0.019 0.015 0.012 0.010 0.008 0.006 0.005 0.003 0.003 0.002 0.002 0.001 0.001 0.001 0.001
0.000 0.000 0.000 0.000 0.000 0.000 0.000 0.000 0.000 0.000 0.000 0.000 0.000 0.000 0.000 0.000 0.000 0.000 0.000 0.000 0.000 0.000 0.000 0.000 0.000 0.000 0.000 0.000 0.000 0.000 0.000 0.000 0.000 0.000 0.000 0.000 0.000 0.000 0.000 0.000 0.000 0.000 0.000 0.000 0.000 0.000 0.000 0.000 0.000 0.000 0.001 0.001 0.001 0.001 0.001 0.001 0.001 0.001 0.002 0.005 0.010 0.016 0.021 0.022 0.018 0.015 0.012 0.009 0.007 0.006 0.004 0.003 0.003 0.002 0.002 0.001 0.001
0.000 0.000 0.000 0.000 0.000 0.000 0.000 0.000 0.000 0.000 0.000 0.000 0.000 0.000 0.000 0.000 0.000 0.000 0.000 0.000 0.000 0.000 0.000 0.000 0.000 0.000 0.000 0.000 0.000 0.000 0.000 0.000 0.000 0.000 0.000 0.000 0.000 0.000 0.000 0.000 0.000 0.000 0.000 0.000 0.000 0.000 0.000 0.000 0.000 0.000 0.000 0.000 0.000 0.000 0.001 0.001 0.001 0.001 0.001 0.001 0.002 0.006 0.011 0.017 0.023 0.022 0.018 0.014 0.011 0.009 0.007 0.005 0.004 0.003 0.003 0.002 0.002
0.000 0.000 0.000 0.000 0.000 0.000 0.000 0.000 0.000 0.000 0.000 0.000 0.000 0.000 0.000 0.000 0.000 0.000 0.000 0.000 0.000 0.000 0.000 0.000 0.000 0.000 0.000 0.000 0.000 0.000 0.000 0.000 0.000 0.000 0.000 0.000 0.000 0.000 0.000 0.000 0.000 0.000 0.000 0.000 0.000 0.000 0.000 0.000 0.000 0.000 0.000 0.000 0.000 0.000 0.000 0.000 0.000 0.000 0.001 0.001 0.001 0.001 0.003 0.008 0.013 0.019 0.024 0.021 0.017 0.014 0.012 0.010 0.008 0.007 0.006 0.005 0.004
0.000 0.000 0.000 0.000 0.000 0.000 0.000 0.000 0.000 0.000 0.000 0.000 0.000 0.000 0.000 0.000 0.000 0.000 0.000 0.000 0.000 0.000 0.000 0.000 0.000 0.000 0.000 0.000 0.000 0.000 0.000 0.000 0.000 0.000 0.000 0.000 0.000 0.000 0.000 0.000 0.000 0.000 0.000 0.000 0.000 0.000 0.000 0.000 0.000 0.000 0.000 0.000 0.000 0.000 0.000 0.000 0.000 0.000 0.000 0.001 0.001 0.001 0.000 0.002 0.004 0.009 0.014 0.020 0.025 0.022 0.020 0.019 0.018 0.016 0.014 0.011 0.009
0.000 0.000 0.000 0.000 0.000 0.000 0.000 0.000 0.000 0.000 0.000 0.000 0.000 0.000 0.000 0.000 0.000 0.000 0.000 0.000 0.000 0.000 0.000 0.000 0.000 0.000 0.000 0.000 0.000 0.000 0.000 0.000 0.000 0.000 0.000 0.000 0.000 0.000 0.000 0.000 0.000 0.000 0.000 0.000 0.000 0.000 0.000 0.000 0.000 0.000 0.000 0.000 0.000 0.000 0.000 0.000 0.000 0.000 0.000 0.001 0.001 0.001 0.001 0.001 0.001 0.002 0.005 0.010 0.017 0.028 0.037 0.038 0.038 0.035 0.026 0.020 0.016
0.000 0.000 0.000 0.000 0.000 0.000 0.000 0.000 0.000 0.000 0.000 0.000 0.000 0.000 0.000 0.000 0.000 0.000 0.000 0.000 0.000 0.000 0.000 0.000 0.000 0.000 0.000 0.000 0.000 0.000 0.000 0.000 0.000 0.000 0.000 0.000 0.000 0.000 0.000 0.000 0.000 0.000 0.000 0.000 0.000 0.000 0.000 0.000 0.000 0.000 0.000 0.000 0.000 0.000 0.000 0.000 0.000 0.000 0.000 0.001 0.001 0.001 0.001 0.001 0.001 0.001 0.001 0.003 0.009 0.025 0.000 0.000 0.000 0.000 0.031 0.032 0.024
0.000 0.000 0.000 0.000 0.000 0.000 0.000 0.000 0.000 0.000 0.000 0.000 0.000 0.000 0.000 0.000 0.000 0.000 0.000 0.000 0.000 0.000 0.000 0.000 0.000 0.000 0.000 0.000 0.000 0.000 0.000 0.000 0.000 0.000 0.000 0.000 0.000 0.000 0.000 0.000 0.000 0.000 0.000 0.000 0.000 0.000 0.000 0.000 0.000 0.000 0.000 0.000 0.000 0.000 0.000 0.000 0.000 0.000 0.000 0.001 0.001 0.001 0.001 0.001 0.001 0.001 0.001 0.003 0.007 0.000 0.000 0.000 0.000 0.000 0.000 0.000 0.027
0.000 0.000 0.000 0.000 0.000 0.000 0.000 0.000 0.000 0.000 0.000 0.000 0.000 0.000 0.000 0.000 0.000 0.000 0.000 0.000 0.000 0.000 0.000 0.000 0.000 0.000 0.000 0.000 0.000 0.000 0.000 0.000 0.000 0.000 0.000 0.000 0.000 0.000 0.000 0.000 0.000 0.000 0.000 0.000 0.000 0.000 0.000 0.000 0.000 0.000 0.000 0.000 0.000 0.000 0.000 0.000 0.000 0.000 0.000 0.001 0.001 0.001 0.001 0.001 0.001 0.001 0.001 0.004 0.000 0.000 0.000 0.000 0.000 0.000 0.000 0.000 0.000
0.000 0.000 0.000 0.000 0.000 0.000 0.000 0.000 0.000 0.000 0.000 0.000 0.000 0.000 0.000 0.000 0.000 0.000 0.000 0.000 0.000 0.000 0.000 0.000 0.000 0.000 0.000 0.000 0.000 0.000 0.000 0.000 0.000 0.000 0.000 0.000 0.000 0.000 0.000 0.000 0.000 0.000 0.000 0.000 0.000 0.000 0.000 0.000 0.000 0.000 0.000 0.000 0.000 0.000 0.000 0.000 0.000 0.000 0.000 0.000 0.000 0.001 0.001 0.001 0.001 0.001 0.002 0.004 0.000 0.000 0.000 0.000 0.000 0.000 0.000 0.000 0.000
0.000 0.000 0.000 0.000 0.000 0.000 0.000 0.000 0.000 0.000 0.000 0.000 0.000 0.000 0.000 0.000 0.000 0.000 0.000 0.000 0.000 0.000 0.000 0.000 0.000 0.000 0.000 0.000 0.000 0.000 0.000 0.000 0.000 0.000 0.000 0.000 0.000 0.000 0.000 0.000 0.000 0.000 0.000 0.000 0.000 0.000 0.000 0.000 0.000 0.000 0.000 0.000 0.000 0.000 0.000 0.000 0.000 0.000 0.000 0.000 0.000 0.000 0.001 0.001 0.001 0.001 0.003 0.000 0.000 0.000 0.000 0.000 0.000 0.000 0.000 0.000 0.000
0.000 0.000 0.000 0.000 0.000 0.000 0.000 0.000 0.000 0.000 0.000 0.000 0.000 0.000 0.000 0.000 0.000 0.000 0.000 0.000 0.000 0.000 0.000 0.000 0.000 0.000 0.000 0.000 0.000 0.000 0.000 0.000 0.000 0.000 0.000 0.000 0.000 0.000 0.000 0.000 0.000 0.000 0.000 0.000 0.000 0.000 0.000 0.000 0.000 0.000 0.000 0.000 0.000 0.000 0.000 0.000 0.000 0.000 0.000 0.000 0.000 0.000 0.001 0.001 0.001 0.001 0.016 0.000 0.000 0.000 0.000 0.000 0.000 0.000 0.000 0.000 0.000
0.000 0.000 0.000 0.000 0.000 0.000 0.000 0.000 0.000 0.000 0.000 0.000 0.000 0.000 0.000 0.000 0.000 0.000 0.000 0.000 0.000 0.000 0.000 0.000 0.000 0.000 0.000 0.000 0.000 0.000 0.000 0.000 0.000 0.000 0.000 0.000 0.000 0.000 0.000 0.000 0.000 0.000 0.000 0.000 0.000 0.000 0.000 0.000 0.000 0.000 0.000 0.000 0.000 0.000 0.000 0.000 0.000 0.000 0.000 0.000 0.000 0.000 0.001 0.001 0.001 0.001 0.000 0.000 0.000 0.000 0.000 0.000 0.000 0.000 0.000 0.000 0.000
0.000 0.000 0.000 0.000 0.000 0.000 0.000 0.000 0.000 0.000 0.000 0.000 0.000 0.000 0.000 0.000 0.000 0.000 0.000 0.000 0.000 0.000 0.000 0.000 0.000 0.000 0.000 0.000 0.000 0.000 0.000 0.000 0.000 0.000 0.000 0.000 0.000 0.000 0.000 0.000 0.000 0.000 0.000 0.000 0.000 0.000 0.000 0.000 0.000 0.000 0.000 0.000 0.000 0.000 0.000 0.000 0.000 0.000 0.000 0.000 0.000 0.000 0.001 0.001 0.001 0.001 0.000 0.000 0.000 0.000 0.000 0.000 0.000 0.000 0.000 0.000 0.000
