数据/200y_3h/200y_3h_res_2/200y_3h_247-0001.wd
ncols         694
nrows         824
xllcorner     581104.939801
yllcorner     3495917.092414
cellsize      2.000000
NODATA_value  -9999.000000
[rows 442 to 475 of 824, columns 385 to 461 of 694]
0.000 0.000 0.000 0.024 0.020 0.015 0.010 0.005 0.002 0.001 0.001 0.001 0.001 0.001 0.001 0.001 0.001 0.001 0.001 0.001 0.001 0.002 0.002 0.003 0.003 0.003 0.004 0.005 0.010 0.018 0.021 0.021 0.022 0.022 0.000 0.000 0.000 0.000 0.000 0.000 0.000 0.000 0.000 0.000 0.000 0.000 0.000 0.000 0.000 0.000 0.000 0.008 0.015 0.022 0.029 0.037 0.044 0.051 0.059 0.066 0.073 0.080 0.088 0.094 0.102 0.109 0.117 0.123 0.130 0.138 0.000 0.000 0.000 0.000 0.000 0.000 0.000
0.000 0.000 0.000 0.000 0.000 0.025 0.020 0.015 0.009 0.005 0.002 0.001 0.001 0.001 0.001 0.001 0.001 0.001 0.001 0.001 0.001 0.001 0.002 0.002 0.003 0.003 0.004 0.005 0.010 0.019 0.020 0.021 0.021 0.022 0.000 0.000 0.000 0.000 0.000 0.000 0.000 0.000 0.000 0.000 0.000 0.000 0.000 0.000 0.000 0.006 0.013 0.021 0.028 0.036 0.043 0.050 0.057 0.064 0.071 0.079 0.086 0.093 0.100 0.108 0.115 0.122 0.129 0.136 0.144 0.151 0.158 0.160 0.000 0.000 0.000 0.000 0.000
0.000 0.000 0.000 0.000 0.000 0.000 0.000 0.024 0.019 0.015 0.010 0.005 0.002 0.001 0.001 0.001 0.001 0.001 0.001 0.001 0.001 0.001 0.002 0.002 0.003 0.003 0.004 0.005 0.010 0.019 0.019 0.019 0.020 0.000 0.000 0.000 0.000 0.000 0.000 0.000 0.000 0.000 0.000 0.000 0.000 0.000 0.000 0.004 0.012 0.019 0.026 0.033 0.041 0.049 0.056 0.062 0.070 0.077 0.085 0.092 0.099 0.106 0.114 0.121 0.128 0.135 0.143 0.150 0.156 0.164 0.171 0.168 0.163 0.158 0.154 0.000 0.000
0.000 0.000 0.000 0.000 0.000 0.000 0.000 0.000 0.027 0.025 0.020 0.015 0.010 0.005 0.002 0.001 0.001 0.001 0.001 0.001 0.001 0.001 0.001 0.002 0.002 0.003 0.003 0.005 0.010 0.017 0.018 0.018 0.018 0.000 0.000 0.000 0.000 0.000 0.000 0.000 0.000 0.000 0.000 0.000 0.000 0.000 0.010 0.018 0.025 0.032 0.039 0.047 0.054 0.000 0.000 0.000 0.000 0.090 0.000 0.000 0.112 0.119 0.126 0.134 0.141 0.149 0.156 0.163 0.171 0.177 0.179 0.175 0.170 0.165 0.161 0.157 0.151
0.000 0.000 0.000 0.000 0.000 0.000 0.000 0.000 0.000 0.000 0.025 0.023 0.020 0.015 0.010 0.006 0.003 0.002 0.001 0.001 0.001 0.001 0.001 0.001 0.002 0.002 0.003 0.004 0.010 0.016 0.016 0.016 0.016 0.000 0.000 0.000 0.000 0.000 0.000 0.000 0.000 0.000 0.000 0.000 0.000 0.000 0.000 0.000 0.000 0.045 0.053 0.060 0.067 0.000 0.000 0.000 0.000 0.000 0.000 0.000 0.000 0.000 0.000 0.000 0.154 0.162 0.169 0.176 0.182 0.191 0.187 0.183 0.178 0.173 0.169 0.164 0.160
0.000 0.000 0.000 0.000 0.000 0.000 0.000 0.000 0.000 0.000 0.000 0.027 0.025 0.022 0.020 0.015 0.010 0.005 0.002 0.001 0.001 0.001 0.001 0.001 0.001 0.002 0.003 0.004 0.010 0.014 0.014 0.014 0.013 0.010 0.008 0.007 0.000 0.000 0.000 0.000 0.000 0.000 0.000 0.000 0.000 0.000 0.000 0.000 0.000 0.000 0.000 0.000 0.000 0.000 0.000 0.000 0.000 0.000 0.000 0.000 0.000 0.000 0.000 0.000 0.000 0.000 0.000 0.000 0.196 0.199 0.194 0.190 0.185 0.181 0.175 0.172 0.167
0.000 0.000 0.000 0.000 0.000 0.000 0.000 0.000 0.000 0.000 0.000 0.000 0.000 0.026 0.024 0.020 0.017 0.014 0.009 0.004 0.002 0.001 0.001 0.001 0.001 0.002 0.002 0.004 0.008 0.011 0.012 0.012 0.011 0.009 0.006 0.005 0.003 0.002 0.002 0.002 0.000 0.000 0.000 0.000 0.000 0.000 0.000 0.000 0.000 0.000 0.000 0.000 0.000 0.000 0.000 0.000 0.000 0.000 0.000 0.000 0.000 0.000 0.000 0.000 0.000 0.000 0.000 0.000 0.000 0.000 0.000 0.196 0.193 0.188 0.184 0.179 0.175
0.000 0.000 0.000 0.000 0.000 0.000 0.000 0.000 0.000 0.000 0.000 0.000 0.000 0.000 0.000 0.024 0.021 0.018 0.014 0.010 0.006 0.002 0.002 0.001 0.001 0.001 0.002 0.003 0.000 0.008 0.009 0.009 0.008 0.006 0.006 0.005 0.004 0.003 0.003 0.003 0.002 0.002 0.002 0.000 0.000 0.000 0.000 0.000 0.000 0.000 0.000 0.000 0.000 0.000 0.000 0.000 0.000 0.000 0.000 0.000 0.000 0.000 0.000 0.000 0.000 0.000 0.000 0.000 0.000 0.000 0.000 0.000 0.000 0.000 0.000 0.187 0.182
0.000 0.000 0.000 0.000 0.000 0.000 0.000 0.000 0.000 0.000 0.000 0.000 0.000 0.000 0.000 0.000 0.024 0.021 0.016 0.012 0.009 0.006 0.004 0.002 0.001 0.001 0.001 0.002 0.005 0.006 0.007 0.006 0.006 0.006 0.006 0.005 0.004 0.004 0.003 0.003 0.003 0.002 0.002 0.002 0.002 0.002 0.002 0.000 0.000 0.000 0.000 0.000 0.000 0.000 0.000 0.000 0.000 0.000 0.000 0.000 0.000 0.000 0.000 0.000 0.000 0.000 0.000 0.000 0.000 0.000 0.000 0.000 0.000 0.000 0.000 0.000 0.000
0.000 0.000 0.000 0.000 0.000 0.000 0.000 0.000 0.000 0.000 0.000 0.000 0.000 0.000 0.000 0.000 0.000 0.000 0.015 0.012 0.010 0.007 0.005 0.003 0.002 0.002 0.001 0.002 0.004 0.004 0.005 0.005 0.006 0.006 0.006 0.005 0.005 0.004 0.004 0.003 0.003 0.003 0.003 0.002 0.002 0.002 0.002 0.002 0.002 0.002 0.002 0.002 0.002 0.002 0.001 0.000 0.000 0.000 0.000 0.000 0.000 0.000 0.000 0.000 0.000 0.000 0.000 0.000 0.000 0.000 0.000 0.000 0.000 0.000 0.000 0.000 0.000
0.000 0.000 0.000 0.000 0.000 0.000 0.000 0.000 0.000 0.000 0.000 0.000 0.000 0.000 0.000 0.000 0.000 0.000 0.015 0.013 0.010 0.007 0.005 0.001 0.002 0.002 0.002 0.002 0.003 0.004 0.005 0.005 0.006 0.006 0.006 0.006 0.005 0.005 0.004 0.004 0.004 0.003 0.003 0.003 0.003 0.002 0.002 0.002 0.002 0.002 0.002 0.002 0.002 0.002 0.002 0.002 0.002 0.001 0.000 0.000 0.000 0.000 0.000 0.000 0.000 0.000 0.000 0.000 0.000 0.000 0.000 0.000 0.000 0.000 0.000 0.000 0.000
0.000 0.000 0.000 0.000 0.000 0.000 0.000 0.000 0.000 0.000 0.000 0.000 0.000 0.000 0.000 0.000 0.000 0.000 0.014 0.012 0.010 0.008 0.005 0.003 0.003 0.003 0.002 0.002 0.000 0.003 0.005 0.005 0.006 0.006 0.006 0.006 0.006 0.005 0.005 0.004 0.004 0.004 0.004 0.003 0.003 0.002 0.002 0.002 0.002 0.002 0.002 0.002 0.002 0.002 0.002 0.002 0.002 0.002 0.002 0.002 0.002 0.000 0.000 0.000 0.000 0.000 0.000 0.000 0.000 0.000 0.000 0.000 0.000 0.000 0.000 0.000 0.000
0.000 0.000 0.000 0.000 0.000 0.000 0.000 0.000 0.000 0.000 0.000 0.000 0.000 0.000 0.000 0.000 0.000 0.000 0.014 0.012 0.010 0.008 0.006 0.004 0.003 0.003 0.002 0.002 0.002 0.003 0.004 0.005 0.006 0.006 0.006 0.007 0.007 0.006 0.006 0.006 0.005 0.005 0.004 0.004 0.004 0.003 0.003 0.003 0.003 0.003 0.003 0.003 0.003 0.003 0.003 0.003 0.002 0.002 0.002 0.002 0.002 0.002 0.002 0.002 0.002 0.000 0.000 0.000 0.000 0.000 0.000 0.000 0.000 0.000 0.000 0.000 0.000
0.000 0.000 0.000 0.000 0.000 0.000 0.000 0.000 0.000 0.000 0.000 0.000 0.000 0.000 0.000 0.000 0.000 0.011 0.012 0.011 0.010 0.008 0.006 0.005 0.004 0.003 0.002 0.002 0.002 0.003 0.004 0.005 0.005 0.006 0.006 0.006 0.007 0.007 0.007 0.007 0.006 0.006 0.006 0.005 0.005 0.004 0.004 0.004 0.003 0.003 0.003 0.003 0.003 0.003 0.003 0.003 0.003 0.003 0.003 0.003 0.003 0.002 0.002 0.002 0.002 0.003 0.001 0.001 0.001 0.000 0.000 0.000 0.000 0.000 0.000 0.000 0.000
0.000 0.000 0.000 0.000 0.000 0.000 0.000 0.000 0.000 0.000 0.000 0.000 0.000 0.000 0.000 0.000 0.000 0.012 0.012 0.011 0.010 0.008 0.006 0.005 0.004 0.003 0.002 0.002 0.002 0.003 0.004 0.004 0.005 0.005 0.006 0.006 0.007 0.007 0.007 0.007 0.007 0.006 0.006 0.006 0.006 0.005 0.005 0.005 0.004 0.004 0.004 0.004 0.004 0.004 0.004 0.003 0.003 0.003 0.003 0.003 0.003 0.003 0.003 0.003 0.004 0.004 0.002 0.002 0.002 0.000 0.000 0.000 0.000 0.000 0.000 0.000 0.000
0.000 0.000 0.000 0.000 0.000 0.000 0.000 0.000 0.000 0.000 0.000 0.000 0.000 0.000 0.000 0.000 0.000 0.013 0.012 0.011 0.010 0.008 0.007 0.005 0.004 0.003 0.002 0.002 0.002 0.003 0.003 0.004 0.005 0.005 0.006 0.006 0.006 0.007 0.007 0.007 0.007 0.007 0.007 0.006 0.006 0.006 0.006 0.006 0.005 0.005 0.005 0.005 0.005 0.005 0.004 0.004 0.004 0.004 0.004 0.004 0.004 0.004 0.004 0.005 0.007 0.004 0.003 0.002 0.002 0.000 0.000 0.000 0.000 0.000 0.000 0.000 0.000
0.000 0.000 0.000 0.000 0.000 0.000 0.000 0.000 0.000 0.000 0.000 0.000 0.000 0.000 0.000 0.000 0.000 0.013 0.012 0.011 0.010 0.008 0.007 0.005 0.004 0.003 0.002 0.002 0.002 0.003 0.003 0.004 0.004 0.005 0.005 0.006 0.006 0.007 0.007 0.007 0.007 0.007 0.007 0.007 0.007 0.007 0.007 0.006 0.006 0.006 0.006 0.006 0.006 0.006 0.006 0.006 0.005 0.005 0.005 0.005 0.006 0.007 0.008 0.012 0.011 0.000 0.003 0.002 0.001 0.000 0.000 0.000 0.000 0.000 0.000 0.000 0.000
0.000 0.000 0.000 0.000 0.000 0.000 0.000 0.000 0.000 0.000 0.000 0.000 0.000 0.000 0.000 0.000 0.011 0.012 0.012 0.011 0.010 0.008 0.007 0.005 0.004 0.002 0.002 0.002 0.002 0.003 0.003 0.004 0.004 0.005 0.005 0.006 0.006 0.007 0.007 0.007 0.007 0.008 0.008 0.008 0.008 0.008 0.007 0.007 0.007 0.007 0.007 0.007 0.007 0.007 0.007 0.007 0.007 0.007 0.008 0.010 0.013 0.016 0.019 0.023 0.015 0.005 0.003 0.003 0.002 0.001 0.001 0.001 0.000 0.000 0.000 0.000 0.000
0.000 0.000 0.000 0.000 0.000 0.000 0.000 0.000 0.000 0.000 0.000 0.000 0.000 0.000 0.000 0.000 0.013 0.012 0.012 0.011 0.010 0.009 0.007 0.006 0.004 0.002 0.002 0.002 0.002 0.003 0.003 0.004 0.004 0.005 0.005 0.006 0.006 0.007 0.008 0.008 0.009 0.009 0.009 0.009 0.009 0.009 0.009 0.009 0.008 0.008 0.008 0.008 0.008 0.008 0.008 0.008 0.009 0.011 0.014 0.017 0.021 0.026 0.029 0.029 0.033 0.028 0.021 0.016 0.011 0.008 0.005 0.003 0.002 0.002 0.001 0.001 0.000
0.000 0.000 0.000 0.000 0.000 0.000 0.000 0.000 0.000 0.000 0.000 0.000 0.000 0.000 0.000 0.000 0.014 0.013 0.012 0.011 0.010 0.009 0.007 0.006 0.004 0.002 0.002 0.003 0.003 0.003 0.003 0.004 0.004 0.005 0.005 0.006 0.008 0.010 0.011 0.011 0.011 0.011 0.011 0.011 0.011 0.011 0.011 0.010 0.010 0.010 0.010 0.010 0.010 0.010 0.010 0.012 0.014 0.017 0.022 0.026 0.030 0.029 0.027 0.024 0.027 0.031 0.034 0.036 0.038 0.030 0.023 0.017 0.012 0.008 0.006 0.004 0.002
0.081 0.079 0.077 0.000 0.000 0.000 0.000 0.000 0.000 0.000 0.000 0.000 0.000 0.000 0.000 0.017 0.016 0.015 0.014 0.012 0.011 0.009 0.008 0.006 0.003 0.003 0.003 0.003 0.003 0.003 0.004 0.004 0.004 0.005 0.006 0.009 0.014 0.019 0.018 0.015 0.015 0.015 0.015 0.014 0.014 0.013 0.013 0.013 0.012 0.012 0.012 0.012 0.012 0.013 0.015 0.017 0.021 0.026 0.030 0.031 0.029 0.027 0.025 0.021 0.022 0.025 0.027 0.029 0.033 0.036 0.038 0.040 0.039 0.031 0.023 0.017 0.012
0.085 0.083 0.081 0.077 0.074 0.072 0.000 0.000 0.000 0.000 0.000 0.000 0.000 0.000 0.000 0.021 0.019 0.018 0.016 0.014 0.012 0.010 0.008 0.006 0.003 0.003 0.003 0.003 0.003 0.004 0.004 0.004 0.005 0.006 0.010 0.016 0.023 0.029 0.000 0.016 0.018 0.020 0.020 0.017 0.017 0.017 0.016 0.015 0.015 0.015 0.015 0.015 0.016 0.018 0.021 0.025 0.030 0.032 0.030 0.029 0.027 0.025 0.023 0.019 0.019 0.020 0.021 0.023 0.026 0.028 0.031 0.033 0.037 0.039 0.041 0.044 0.039
0.090 0.088 0.085 0.081 0.079 0.076 0.072 0.069 0.066 0.064 0.000 0.000 0.000 0.000 0.000 0.026 0.024 0.021 0.019 0.016 0.014 0.011 0.009 0.006 0.004 0.004 0.004 0.004 0.004 0.004 0.004 0.004 0.006 0.010 0.017 0.024 0.031 0.000 0.000 0.000 0.000 0.000 0.000 0.018 0.020 0.021 0.019 0.018 0.019 0.019 0.019 0.020 0.022 0.025 0.029 0.032 0.031 0.029 0.028 0.027 0.025 0.023 0.021 0.017 0.016 0.017 0.017 0.018 0.020 0.022 0.024 0.026 0.029 0.031 0.034 0.036 0.040
0.000 0.000 0.000 0.085 0.083 0.080 0.076 0.074 0.071 0.068 0.063 0.059 0.056 0.000 0.000 0.031 0.028 0.025 0.022 0.018 0.015 0.013 0.010 0.006 0.005 0.004 0.004 0.004 0.004 0.004 0.005 0.006 0.010 0.018 0.026 0.000 0.000 0.000 0.000 0.000 0.000 0.000 0.000 0.000 0.000 0.000 0.019 0.023 0.024 0.025 0.023 0.025 0.028 0.032 0.031 0.029 0.028 0.026 0.025 0.024 0.023 0.021 0.019 0.015 0.014 0.014 0.014 0.015 0.015 0.017 0.018 0.020 0.022 0.024 0.026 0.029 0.032
0.000 0.000 0.000 0.000 0.000 0.000 0.080 0.078 0.075 0.072 0.067 0.063 0.059 0.053 0.045 0.037 0.032 0.028 0.024 0.020 0.017 0.014 0.010 0.006 0.005 0.005 0.005 0.005 0.005 0.005 0.006 0.010 0.017 0.026 0.000 0.000 0.000 0.000 0.000 0.000 0.000 0.000 0.000 0.000 0.000 0.000 0.000 0.000 0.000 0.000 0.026 0.031 0.031 0.029 0.027 0.026 0.025 0.023 0.022 0.021 0.020 0.019 0.017 0.014 0.012 0.012 0.012 0.012 0.012 0.012 0.013 0.014 0.016 0.017 0.019 0.022 0.024
0.000 0.000 0.000 0.000 0.000 0.000 0.000 0.000 0.000 0.000 0.070 0.067 0.063 0.057 0.048 0.040 0.034 0.029 0.024 0.020 0.017 0.014 0.011 0.006 0.006 0.005 0.005 0.005 0.005 0.006 0.009 0.016 0.025 0.000 0.000 0.000 0.000 0.000 0.000 0.000 0.000 0.000 0.000 0.000 0.000 0.000 0.000 0.000 0.000 0.000 0.000 0.000 0.000 0.000 0.021 0.022 0.021 0.020 0.019 0.018 0.017 0.016 0.014 0.012 0.010 0.010 0.009 0.009 0.009 0.009 0.010 0.010 0.011 0.012 0.013 0.015 0.017
0.000 0.000 0.000 0.000 0.000 0.000 0.000 0.000 0.000 0.000 0.000 0.000 0.000 0.000 0.047 0.040 0.034 0.028 0.022 0.019 0.017 0.014 0.010 0.007 0.005 0.005 0.005 0.005 0.006 0.008 0.013 0.022 0.000 0.000 0.000 0.000 0.000 0.000 0.000 0.000 0.000 0.000 0.000 0.000 0.000 0.000 0.000 0.000 0.000 0.000 0.000 0.000 0.000 0.000 0.000 0.000 0.000 0.014 0.015 0.015 0.014 0.012 0.011 0.009 0.007 0.007 0.007 0.007 0.007 0.007 0.007 0.007 0.007 0.008 0.008 0.009 0.011
0.000 0.000 0.000 0.000 0.000 0.000 0.000 0.000 0.000 0.000 0.000 0.000 0.000 0.000 0.000 0.034 0.030 0.024 0.000 0.015 0.015 0.013 0.009 0.007 0.006 0.006 0.006 0.006 0.007 0.012 0.020 0.028 0.000 0.000 0.000 0.000 0.000 0.000 0.000 0.000 0.000 0.000 0.000 0.000 0.000 0.000 0.000 0.000 0.000 0.000 0.000 0.000 0.000 0.000 0.000 0.000 0.000 0.000 0.000 0.000 0.000 0.007 0.008 0.007 0.005 0.005 0.005 0.005 0.005 0.005 0.005 0.005 0.005 0.005 0.005 0.005 0.006
0.000 0.000 0.000 0.000 0.000 0.000 0.000 0.000 0.000 0.000 0.000 0.000 0.000 0.000 0.027 0.029 0.027 0.022 0.017 0.016 0.015 0.012 0.008 0.007 0.007 0.007 0.007 0.007 0.011 0.018 0.027 0.035 0.000 0.000 0.000 0.000 0.000 0.000 0.000 0.000 0.000 0.000 0.000 0.000 0.000 0.000 0.000 0.000 0.000 0.000 0.000 0.000 0.000 0.000 0.000 0.000 0.000 0.000 0.000 0.000 0.000 0.000 0.000 0.000 0.001 0.001 0.001 0.001 0.001 0.001 0.001 0.001 0.001 0.002 0.002 0.003 0.003
0.000 0.000 0.000 0.000 0.000 0.000 0.000 0.000 0.000 0.000 0.000 0.000 0.000 0.000 0.028 0.027 0.026 0.022 0.019 0.017 0.015 0.012 0.008 0.008 0.007 0.007 0.008 0.011 0.017 0.025 0.034 0.043 0.000 0.000 0.000 0.000 0.000 0.000 0.000 0.000 0.000 0.000 0.000 0.000 0.000 0.000 0.000 0.000 0.000 0.000 0.000 0.000 0.000 0.000 0.000 0.000 0.000 0.000 0.000 0.000 0.000 0.000 0.000 0.000 0.000 0.000 0.000 0.000 0.001 0.001 0.001 0.001 0.001 0.001 0.001 0.001 0.001
0.000 0.000 0.000 0.000 0.000 0.000 0.000 0.000 0.000 0.000 0.000 0.000 0.000 0.000 0.028 0.027 0.025 0.022 0.020 0.017 0.015 0.011 0.009 0.008 0.008 0.008 0.010 0.016 0.023 0.032 0.040 0.000 0.000 0.000 0.000 0.000 0.000 0.000 0.000 0.000 0.000 0.000 0.000 0.000 0.000 0.000 0.000 0.000 0.000 0.000 0.000 0.000 0.000 0.000 0.000 0.000 0.000 0.000 0.000 0.000 0.000 0.000 0.000 0.000 0.000 0.000 0.000 0.000 0.000 0.000 0.000 0.001 0.001 0.001 0.001 0.001 0.001
0.000 0.000 0.000 0.000 0.000 0.000 0.000 0.000 0.000 0.000 0.000 0.000 0.000 0.000 0.027 0.026 0.024 0.022 0.020 0.017 0.014 0.010 0.009 0.009 0.009 0.010 0.015 0.022 0.030 0.039 0.047 0.000 0.000 0.000 0.000 0.000 0.000 0.000 0.000 0.000 0.000 0.000 0.000 0.000 0.000 0.000 0.000 0.000 0.000 0.000 0.000 0.000 0.000 0.000 0.000 0.000 0.000 0.000 0.000 0.000 0.000 0.000 0.000 0.000 0.000 0.000 0.000 0.000 0.000 0.000 0.000 0.000 0.000 0.000 0.000 0.001 0.001
0.000 0.000 0.000 0.000 0.000 0.000 0.000 0.000 0.000 0.000 0.000 0.000 0.000 0.022 0.024 0.024 0.023 0.022 0.019 0.017 0.013 0.009 0.009 0.009 0.010 0.014 0.021 0.029 0.037 0.046 0.055 0.000 0.000 0.000 0.000 0.000 0.000 0.000 0.000 0.000 0.000 0.000 0.000 0.000 0.000 0.000 0.000 0.000 0.000 0.000 0.000 0.000 0.000 0.000 0.000 0.000 0.000 0.000 0.000 0.000 0.000 0.000 0.000 0.000 0.000 0.000 0.000 0.000 0.000 0.000 0.000 0.000 0.000 0.000 0.000 0.000 0.000
0.000 0.000 0.000 0.000 0.000 0.000 0.000 0.000 0.000 0.000 0.000 0.000 0.000 0.024 0.024 0.023 0.022 0.021 0.019 0.016 0.012 0.009 0.009 0.010 0.013 0.019 0.027 0.035 0.044 0.052 0.000 0.000 0.000 0.000 0.000 0.000 0.000 0.000 0.000 0.000 0.000 0.000 0.000 0.000 0.000 0.000 0.000 0.000 0.000 0.000 0.000 0.000 0.000 0.000 0.000 0.000 0.000 0.000 0.000 0.000 0.000 0.000 0.000 0.000 0.000 0.000 0.000 0.000 0.000 0.000 0.000 0.000 0.000 0.000 0.000 0.000 0.000
