数据/200y_3h/200y_3h_res_2/200y_3h_166-0001.wd
ncols         694
nrows         824
xllcorner     581104.939801
yllcorner     3495917.092414
cellsize      2.000000
NODATA_value  -9999.000000
[rows 714 to 747 of 824, columns 154 to 230 of 694]
0.000 0.000 0.000 0.000 0.000 0.000 0.001 0.003 0.004 0.005 0.006 0.007 0.008 0.009 0.010 0.010 0.011 0.011 0.011 0.009 0.001 0.000 0.103 0.098 0.092 0.090 0.087 0.083 0.079 0.075 0.069 0.065 0.000 0.000 0.000 0.000 0.000 0.000 0.000 0.000 0.000 0.000 0.033 0.086 0.109 0.120 0.131 0.141 0.151 0.000 0.000 0.000 0.000 0.000 0.000 0.000 0.000 0.000 0.259 0.268 0.284 0.277 0.258 0.239 0.244 0.162 0.078 0.012 0.000 0.000 0.000 0.000 0.000 0.000 0.000 0.000 0.000
0.000 0.000 0.000 0.000 0.000 0.000 0.003 0.004 0.005 0.006 0.007 0.008 0.009 0.010 0.011 0.012 0.012 0.013 0.013 0.013 0.013 0.012 0.001 0.117 0.114 0.112 0.108 0.104 0.099 0.094 0.088 0.084 0.077 0.073 0.000 0.000 0.000 0.000 0.000 0.000 0.000 0.018 0.070 0.131 0.173 0.183 0.194 0.204 0.214 0.000 0.000 0.000 0.000 0.000 0.000 0.000 0.000 0.000 0.323 0.317 0.294 0.271 0.247 0.241 0.250 0.205 0.116 0.032 0.000 0.000 0.000 0.000 0.000 0.000 0.000 0.000 0.000
0.000 0.000 0.000 0.000 0.000 0.002 0.004 0.005 0.006 0.007 0.008 0.009 0.010 0.011 0.012 0.013 0.014 0.015 0.016 0.016 0.017 0.018 0.017 0.001 0.002 0.133 0.130 0.125 0.119 0.113 0.108 0.102 0.097 0.093 0.089 0.000 0.000 0.000 0.000 0.000 0.013 0.056 0.117 0.171 0.226 0.244 0.255 0.266 0.277 0.000 0.000 0.000 0.000 0.000 0.000 0.000 0.000 0.352 0.329 0.307 0.285 0.263 0.239 0.240 0.247 0.243 0.160 0.072 0.000 0.000 0.000 0.000 0.000 0.000 0.000 0.000 0.000
0.000 0.000 0.000 0.000 0.000 0.003 0.004 0.006 0.007 0.008 0.009 0.010 0.011 0.012 0.013 0.014 0.015 0.016 0.017 0.019 0.020 0.022 0.024 0.027 0.031 0.005 0.151 0.145 0.140 0.133 0.127 0.121 0.117 0.112 0.108 0.104 0.101 0.000 0.000 0.000 0.047 0.100 0.156 0.210 0.266 0.308 0.319 0.330 0.000 0.000 0.000 0.000 0.000 0.000 0.000 0.000 0.000 0.345 0.322 0.299 0.278 0.250 0.236 0.247 0.252 0.259 0.202 0.119 0.036 0.000 0.000 0.000 0.000 0.000 0.000 0.000 0.000
0.000 0.000 0.000 0.000 0.001 0.003 0.005 0.006 0.007 0.009 0.010 0.011 0.012 0.013 0.014 0.015 0.016 0.017 0.019 0.020 0.022 0.025 0.029 0.036 0.049 0.071 0.005 0.165 0.160 0.152 0.146 0.141 0.137 0.132 0.128 0.124 0.122 0.120 0.000 0.074 0.092 0.143 0.197 0.252 0.310 0.366 0.381 0.391 0.000 0.000 0.000 0.000 0.000 0.000 0.000 0.000 0.000 0.335 0.311 0.289 0.266 0.245 0.235 0.244 0.257 0.265 0.248 0.162 0.000 0.000 0.000 0.000 0.000 0.000 0.000 0.000 0.000
0.000 0.000 0.000 0.000 0.002 0.004 0.005 0.007 0.008 0.009 0.010 0.011 0.012 0.013 0.014 0.015 0.017 0.018 0.020 0.021 0.024 0.026 0.030 0.035 0.041 0.049 0.032 0.001 0.001 0.168 0.165 0.161 0.157 0.153 0.149 0.145 0.142 0.139 0.132 0.108 0.137 0.185 0.239 0.295 0.352 0.408 0.445 0.456 0.000 0.000 0.000 0.000 0.000 0.000 0.000 0.000 0.000 0.326 0.301 0.281 0.254 0.232 0.241 0.247 0.255 0.266 0.275 0.205 0.000 0.000 0.000 0.000 0.000 0.000 0.000 0.000 0.000
0.000 0.000 0.000 0.000 0.002 0.004 0.006 0.007 0.008 0.009 0.010 0.011 0.012 0.013 0.015 0.016 0.017 0.018 0.020 0.022 0.024 0.026 0.029 0.032 0.035 0.037 0.029 0.021 0.014 0.001 0.183 0.181 0.178 0.174 0.171 0.167 0.164 0.161 0.158 0.000 0.000 0.227 0.280 0.336 0.395 0.452 0.508 0.515 0.522 0.502 0.000 0.000 0.000 0.000 0.000 0.000 0.336 0.316 0.291 0.268 0.246 0.233 0.240 0.249 0.260 0.271 0.278 0.248 0.000 0.000 0.000 0.000 0.000 0.000 0.000 0.000 0.000
0.000 0.000 0.000 0.000 0.002 0.004 0.006 0.007 0.008 0.009 0.010 0.011 0.013 0.014 0.015 0.016 0.017 0.018 0.020 0.021 0.023 0.025 0.027 0.029 0.031 0.031 0.027 0.022 0.018 0.012 0.001 0.202 0.199 0.195 0.191 0.188 0.186 0.184 0.000 0.000 0.000 0.000 0.320 0.377 0.435 0.491 0.546 0.541 0.519 0.498 0.474 0.449 0.000 0.000 0.000 0.000 0.324 0.303 0.279 0.258 0.232 0.238 0.245 0.248 0.262 0.273 0.279 0.000 0.000 0.000 0.000 0.000 0.000 0.000 0.000 0.000 0.000
0.000 0.000 0.000 0.000 0.002 0.004 0.006 0.007 0.008 0.009 0.010 0.011 0.013 0.014 0.015 0.016 0.017 0.018 0.019 0.021 0.022 0.024 0.025 0.026 0.027 0.027 0.024 0.021 0.018 0.015 0.010 0.000 0.001 0.214 0.212 0.210 0.208 0.000 0.000 0.000 0.000 0.000 0.000 0.420 0.479 0.501 0.523 0.000 0.000 0.487 0.463 0.438 0.412 0.388 0.000 0.000 0.315 0.295 0.271 0.251 0.226 0.234 0.244 0.254 0.264 0.275 0.283 0.000 0.000 0.000 0.000 0.000 0.000 0.000 0.000 0.000 0.000
0.000 0.000 0.000 0.000 0.002 0.004 0.005 0.007 0.008 0.009 0.010 0.011 0.012 0.013 0.014 0.016 0.017 0.018 0.019 0.020 0.021 0.022 0.023 0.024 0.024 0.024 0.022 0.020 0.018 0.015 0.013 0.009 0.007 0.001 0.232 0.228 0.000 0.000 0.000 0.000 0.000 0.000 0.000 0.429 0.454 0.478 0.500 0.000 0.000 0.000 0.000 0.425 0.401 0.378 0.355 0.329 0.305 0.287 0.257 0.239 0.227 0.235 0.248 0.256 0.265 0.276 0.283 0.000 0.000 0.000 0.000 0.000 0.000 0.000 0.000 0.000 0.000
0.000 0.000 0.000 0.000 0.001 0.003 0.005 0.007 0.008 0.009 0.010 0.011 0.012 0.013 0.014 0.015 0.016 0.017 0.018 0.019 0.020 0.021 0.022 0.022 0.022 0.022 0.021 0.019 0.017 0.015 0.013 0.011 0.009 0.006 0.001 0.243 0.236 0.000 0.000 0.000 0.000 0.000 0.000 0.408 0.432 0.453 0.474 0.484 0.000 0.000 0.000 0.000 0.000 0.370 0.347 0.322 0.296 0.273 0.249 0.230 0.227 0.238 0.249 0.257 0.268 0.278 0.000 0.000 0.000 0.000 0.000 0.000 0.000 0.000 0.000 0.000 0.000
0.000 0.000 0.000 0.000 0.001 0.003 0.005 0.006 0.008 0.009 0.010 0.011 0.012 0.013 0.014 0.015 0.016 0.017 0.017 0.018 0.019 0.020 0.020 0.021 0.021 0.020 0.019 0.018 0.017 0.015 0.013 0.012 0.010 0.008 0.005 0.001 0.251 0.249 0.000 0.000 0.000 0.000 0.000 0.000 0.411 0.000 0.000 0.467 0.457 0.000 0.000 0.000 0.000 0.000 0.000 0.309 0.283 0.264 0.241 0.223 0.230 0.239 0.250 0.259 0.267 0.276 0.000 0.000 0.000 0.000 0.000 0.000 0.000 0.000 0.000 0.000 0.000
0.000 0.000 0.000 0.000 0.000 0.003 0.004 0.006 0.007 0.008 0.009 0.010 0.011 0.012 0.013 0.014 0.015 0.016 0.017 0.017 0.018 0.019 0.019 0.019 0.019 0.019 0.018 0.017 0.016 0.015 0.013 0.012 0.010 0.009 0.007 0.004 0.001 0.267 0.285 0.000 0.000 0.000 0.000 0.000 0.000 0.000 0.000 0.000 0.441 0.000 0.000 0.000 0.000 0.000 0.316 0.294 0.272 0.249 0.227 0.223 0.231 0.238 0.250 0.259 0.268 0.280 0.000 0.000 0.000 0.000 0.000 0.000 0.000 0.000 0.000 0.000 0.000
0.000 0.000 0.000 0.000 0.000 0.002 0.004 0.005 0.007 0.008 0.009 0.010 0.011 0.012 0.013 0.013 0.014 0.015 0.016 0.016 0.017 0.017 0.018 0.018 0.018 0.017 0.017 0.016 0.015 0.014 0.013 0.011 0.010 0.009 0.007 0.006 0.003 0.001 0.256 0.273 0.000 0.000 0.000 0.000 0.000 0.000 0.000 0.000 0.425 0.000 0.000 0.000 0.000 0.000 0.306 0.284 0.261 0.238 0.214 0.222 0.230 0.238 0.251 0.260 0.266 0.000 0.000 0.000 0.000 0.000 0.000 0.000 0.000 0.000 0.000 0.000 0.000
0.000 0.000 0.000 0.000 0.000 0.000 0.003 0.005 0.006 0.007 0.008 0.009 0.010 0.011 0.012 0.013 0.014 0.014 0.015 0.015 0.016 0.016 0.017 0.017 0.016 0.016 0.016 0.015 0.014 0.013 0.012 0.011 0.010 0.009 0.007 0.006 0.004 0.002 0.000 0.244 0.260 0.000 0.000 0.000 0.000 0.000 0.000 0.410 0.405 0.000 0.000 0.000 0.000 0.313 0.293 0.272 0.249 0.225 0.213 0.222 0.233 0.243 0.252 0.257 0.262 0.270 0.279 0.000 0.000 0.000 0.000 0.000 0.000 0.000 0.000 0.000 0.000
0.000 0.000 0.000 0.000 0.000 0.000 0.002 0.004 0.005 0.006 0.007 0.009 0.009 0.010 0.011 0.012 0.013 0.013 0.014 0.014 0.015 0.015 0.015 0.015 0.015 0.015 0.015 0.014 0.013 0.012 0.012 0.011 0.009 0.008 0.007 0.006 0.004 0.003 0.000 0.000 0.231 0.246 0.000 0.000 0.000 0.000 0.000 0.000 0.000 0.000 0.000 0.000 0.000 0.294 0.282 0.261 0.238 0.215 0.216 0.227 0.235 0.242 0.251 0.256 0.263 0.273 0.279 0.285 0.293 0.000 0.000 0.000 0.000 0.000 0.000 0.000 0.000
0.000 0.000 0.000 0.000 0.000 0.000 0.000 0.002 0.004 0.005 0.007 0.008 0.009 0.010 0.010 0.011 0.012 0.013 0.013 0.014 0.014 0.014 0.014 0.014 0.014 0.014 0.014 0.013 0.012 0.012 0.011 0.010 0.009 0.008 0.007 0.005 0.004 0.002 0.000 0.000 0.000 0.216 0.229 0.249 0.000 0.000 0.000 0.000 0.000 0.000 0.000 0.000 0.285 0.272 0.262 0.249 0.228 0.207 0.217 0.227 0.232 0.240 0.251 0.259 0.269 0.277 0.280 0.289 0.296 0.300 0.309 0.000 0.000 0.000 0.000 0.000 0.000
0.000 0.000 0.000 0.000 0.000 0.000 0.000 0.001 0.003 0.004 0.006 0.007 0.008 0.009 0.010 0.010 0.011 0.012 0.012 0.013 0.013 0.013 0.013 0.013 0.013 0.013 0.013 0.012 0.012 0.011 0.010 0.009 0.008 0.007 0.006 0.005 0.003 0.001 0.000 0.000 0.000 0.000 0.204 0.222 0.242 0.000 0.000 0.000 0.000 0.000 0.000 0.000 0.262 0.253 0.238 0.226 0.212 0.208 0.219 0.229 0.234 0.242 0.253 0.262 0.270 0.279 0.281 0.287 0.297 0.304 0.313 0.321 0.269 0.000 0.000 0.000 0.000
0.000 0.000 0.000 0.000 0.000 0.000 0.000 0.000 0.001 0.003 0.004 0.006 0.007 0.008 0.009 0.009 0.010 0.011 0.011 0.012 0.012 0.012 0.012 0.012 0.012 0.012 0.012 0.011 0.011 0.010 0.009 0.008 0.007 0.006 0.005 0.004 0.002 0.000 0.000 0.000 0.000 0.000 0.000 0.197 0.216 0.237 0.000 0.000 0.000 0.000 0.000 0.248 0.240 0.227 0.218 0.202 0.200 0.204 0.216 0.229 0.235 0.244 0.255 0.264 0.272 0.000 0.000 0.000 0.301 0.307 0.314 0.323 0.313 0.226 0.156 0.000 0.000
0.000 0.000 0.000 0.000 0.000 0.000 0.000 0.000 0.000 0.002 0.003 0.005 0.006 0.007 0.008 0.008 0.009 0.010 0.010 0.011 0.011 0.011 0.011 0.011 0.011 0.011 0.011 0.010 0.010 0.009 0.008 0.007 0.006 0.005 0.004 0.002 0.000 0.000 0.000 0.000 0.000 0.000 0.000 0.000 0.192 0.211 0.232 0.000 0.000 0.000 0.000 0.227 0.217 0.204 0.200 0.197 0.200 0.198 0.213 0.225 0.234 0.245 0.254 0.263 0.271 0.000 0.000 0.000 0.000 0.000 0.315 0.324 0.333 0.270 0.228 0.189 0.000
0.000 0.000 0.000 0.000 0.000 0.000 0.000 0.000 0.000 0.000 0.002 0.003 0.004 0.006 0.007 0.007 0.008 0.009 0.009 0.010 0.010 0.010 0.010 0.010 0.010 0.010 0.010 0.009 0.009 0.008 0.007 0.006 0.005 0.004 0.003 0.001 0.000 0.000 0.000 0.000 0.000 0.000 0.000 0.000 0.171 0.188 0.206 0.226 0.000 0.229 0.217 0.207 0.192 0.196 0.195 0.196 0.195 0.193 0.208 0.219 0.230 0.241 0.250 0.263 0.000 0.000 0.000 0.000 0.000 0.000 0.000 0.324 0.334 0.337 0.298 0.259 0.000
0.000 0.000 0.000 0.000 0.000 0.000 0.000 0.000 0.000 0.000 0.000 0.002 0.003 0.004 0.005 0.006 0.007 0.008 0.008 0.009 0.009 0.009 0.009 0.009 0.009 0.009 0.009 0.008 0.008 0.007 0.006 0.005 0.004 0.003 0.001 0.000 0.000 0.000 0.000 0.000 0.000 0.000 0.000 0.000 0.000 0.166 0.183 0.201 0.222 0.209 0.196 0.192 0.191 0.193 0.193 0.195 0.192 0.192 0.203 0.215 0.225 0.236 0.246 0.000 0.000 0.000 0.000 0.000 0.000 0.000 0.000 0.000 0.000 0.342 0.336 0.325 0.283
0.000 0.000 0.000 0.000 0.000 0.000 0.000 0.000 0.000 0.000 0.000 0.000 0.001 0.003 0.004 0.005 0.006 0.006 0.007 0.007 0.008 0.008 0.008 0.008 0.008 0.008 0.007 0.007 0.006 0.006 0.005 0.004 0.003 0.001 0.000 0.000 0.000 0.000 0.000 0.000 0.000 0.000 0.000 0.000 0.000 0.000 0.161 0.179 0.198 0.191 0.192 0.189 0.190 0.191 0.192 0.193 0.191 0.192 0.201 0.214 0.224 0.234 0.244 0.000 0.000 0.000 0.000 0.000 0.000 0.000 0.000 0.000 0.000 0.000 0.000 0.333 0.326
0.000 0.000 0.000 0.000 0.000 0.000 0.000 0.000 0.000 0.000 0.000 0.000 0.000 0.001 0.002 0.003 0.004 0.005 0.006 0.006 0.006 0.007 0.007 0.007 0.007 0.006 0.006 0.006 0.005 0.004 0.003 0.002 0.001 0.000 0.000 0.000 0.000 0.000 0.000 0.000 0.000 0.000 0.000 0.000 0.000 0.000 0.000 0.156 0.175 0.189 0.189 0.188 0.188 0.189 0.190 0.189 0.189 0.189 0.196 0.209 0.221 0.231 0.000 0.000 0.000 0.000 0.000 0.000 0.000 0.000 0.000 0.000 0.000 0.000 0.000 0.000 0.000
0.000 0.000 0.000 0.000 0.000 0.000 0.000 0.000 0.000 0.000 0.000 0.000 0.000 0.000 0.000 0.001 0.003 0.003 0.004 0.004 0.005 0.005 0.005 0.005 0.005 0.005 0.005 0.004 0.003 0.003 0.002 0.000 0.000 0.000 0.000 0.000 0.000 0.000 0.000 0.000 0.000 0.000 0.000 0.000 0.000 0.000 0.000 0.000 0.152 0.171 0.186 0.187 0.187 0.187 0.186 0.187 0.187 0.187 0.191 0.204 0.215 0.226 0.000 0.000 0.000 0.000 0.000 0.000 0.000 0.000 0.000 0.000 0.000 0.000 0.000 0.000 0.000
0.000 0.000 0.000 0.000 0.000 0.000 0.000 0.000 0.000 0.000 0.000 0.000 0.000 0.000 0.000 0.000 0.000 0.001 0.002 0.003 0.003 0.003 0.004 0.004 0.004 0.003 0.003 0.002 0.002 0.000 0.000 0.000 0.000 0.000 0.000 0.000 0.000 0.000 0.000 0.000 0.000 0.000 0.000 0.000 0.000 0.000 0.000 0.000 0.000 0.145 0.169 0.186 0.184 0.184 0.183 0.184 0.185 0.187 0.188 0.200 0.211 0.000 0.000 0.000 0.000 0.000 0.000 0.000 0.000 0.000 0.000 0.000 0.000 0.000 0.000 0.000 0.000
0.000 0.000 0.000 0.000 0.000 0.000 0.000 0.000 0.000 0.000 0.000 0.000 0.000 0.000 0.000 0.000 0.000 0.000 0.000 0.000 0.001 0.001 0.001 0.001 0.001 0.001 0.001 0.000 0.000 0.000 0.000 0.000 0.000 0.000 0.000 0.000 0.000 0.000 0.000 0.000 0.000 0.000 0.000 0.000 0.000 0.000 0.000 0.000 0.000 0.000 0.149 0.169 0.181 0.180 0.179 0.179 0.182 0.183 0.184 0.196 0.208 0.000 0.000 0.000 0.000 0.000 0.000 0.000 0.000 0.000 0.000 0.000 0.000 0.000 0.000 0.000 0.000
0.000 0.000 0.000 0.000 0.000 0.000 0.000 0.000 0.000 0.000 0.000 0.000 0.000 0.000 0.000 0.000 0.000 0.000 0.000 0.000 0.000 0.000 0.000 0.000 0.000 0.000 0.000 0.000 0.000 0.000 0.000 0.000 0.000 0.000 0.000 0.000 0.000 0.000 0.000 0.000 0.000 0.000 0.000 0.000 0.000 0.000 0.000 0.000 0.000 0.000 0.130 0.148 0.165 0.177 0.175 0.175 0.175 0.176 0.178 0.190 0.000 0.000 0.000 0.000 0.000 0.000 0.000 0.000 0.000 0.000 0.000 0.000 0.000 0.000 0.000 0.000 0.000
0.000 0.000 0.000 0.000 0.000 0.000 0.000 0.000 0.000 0.000 0.000 0.000 0.000 0.000 0.000 0.000 0.000 0.000 0.000 0.000 0.000 0.000 0.000 0.000 0.000 0.000 0.000 0.000 0.000 0.000 0.000 0.000 0.000 0.000 0.000 0.000 0.000 0.000 0.000 0.000 0.000 0.000 0.000 0.000 0.000 0.000 0.000 0.000 0.000 0.000 0.000 0.124 0.142 0.161 0.172 0.169 0.163 0.166 0.166 0.000 0.000 0.000 0.000 0.000 0.000 0.000 0.000 0.000 0.000 0.000 0.000 0.000 0.000 0.000 0.000 0.000 0.000
0.000 0.000 0.000 0.000 0.000 0.000 0.000 0.000 0.000 0.000 0.000 0.000 0.000 0.000 0.000 0.000 0.000 0.000 0.000 0.000 0.000 0.000 0.000 0.000 0.000 0.000 0.000 0.000 0.000 0.000 0.000 0.000 0.000 0.000 0.000 0.000 0.000 0.000 0.000 0.000 0.000 0.000 0.000 0.000 0.000 0.000 0.000 0.000 0.000 0.000 0.000 0.100 0.119 0.137 0.155 0.164 0.160 0.158 0.154 0.149 0.000 0.000 0.000 0.000 0.000 0.000 0.000 0.000 0.000 0.000 0.000 0.000 0.000 0.000 0.000 0.000 0.000
0.000 0.000 0.000 0.000 0.000 0.000 0.000 0.000 0.000 0.000 0.000 0.000 0.000 0.000 0.000 0.000 0.000 0.000 0.000 0.000 0.000 0.000 0.000 0.000 0.000 0.000 0.000 0.000 0.000 0.000 0.000 0.000 0.000 0.000 0.000 0.000 0.000 0.000 0.000 0.000 0.000 0.000 0.000 0.000 0.000 0.000 0.000 0.000 0.000 0.000 0.000 0.073 0.093 0.111 0.129 0.146 0.155 0.151 0.145 0.138 0.136 0.000 0.000 0.000 0.000 0.000 0.000 0.000 0.000 0.000 0.000 0.000 0.000 0.000 0.000 0.000 0.000
0.000 0.000 0.000 0.000 0.000 0.000 0.000 0.000 0.000 0.000 0.000 0.000 0.000 0.000 0.000 0.000 0.000 0.000 0.000 0.000 0.000 0.000 0.000 0.000 0.000 0.000 0.000 0.000 0.000 0.000 0.000 0.000 0.000 0.000 0.000 0.000 0.000 0.000 0.000 0.000 0.000 0.000 0.000 0.000 0.000 0.000 0.000 0.000 0.000 0.000 0.000 0.049 0.068 0.086 0.103 0.119 0.136 0.143 0.136 0.126 0.122 0.112 0.110 0.000 0.000 0.000 0.000 0.000 0.000 0.000 0.000 0.000 0.000 0.000 0.000 0.000 0.000
0.000 0.000 0.000 0.000 0.000 0.000 0.000 0.000 0.000 0.000 0.000 0.000 0.000 0.000 0.000 0.000 0.000 0.000 0.000 0.000 0.000 0.000 0.000 0.000 0.000 0.000 0.000 0.000 0.000 0.000 0.000 0.000 0.000 0.000 0.000 0.000 0.000 0.000 0.000 0.000 0.000 0.000 0.000 0.000 0.000 0.000 0.000 0.000 0.000 0.000 0.000 0.000 0.043 0.060 0.078 0.094 0.109 0.123 0.127 0.116 0.109 0.101 0.100 0.101 0.000 0.000 0.000 0.000 0.000 0.000 0.000 0.000 0.000 0.000 0.000 0.000 0.000
0.000 0.000 0.000 0.000 0.000 0.000 0.000 0.000 0.000 0.000 0.000 0.000 0.000 0.000 0.000 0.000 0.000 0.000 0.000 0.000 0.000 0.000 0.000 0.000 0.000 0.000 0.000 0.000 0.000 0.000 0.000 0.000 0.000 0.000 0.000 0.000 0.000 0.000 0.000 0.000 0.000 0.000 0.000 0.000 0.000 0.000 0.000 0.000 0.000 0.000 0.000 0.000 0.017 0.036 0.054 0.068 0.082 0.095 0.106 0.105 0.094 0.089 0.090 0.091 0.090 0.000 0.000 0.000 0.000 0.000 0.000 0.000 0.000 0.000 0.000 0.000 0.000
