数据/LID_BC_10y/LID_BC_res2/LID_BC_152-0001.wd
ncols         694
nrows         824
xllcorner     581104.939801
yllcorner     3495917.092414
cellsize      2.000000
NODATA_value  -9999.000000
[rows 442 to 475 of 824, columns 385 to 461 of 694]
0.000 0.000 0.000 0.000 0.000 0.000 0.000 0.000 0.000 0.000 0.000 0.000 0.000 0.000 0.000 0.000 0.000 0.000 0.000 0.001 0.001 0.002 0.002 0.002 0.003 0.005 0.008 0.015 0.022 0.031 0.034 0.035 0.035 0.035 0.000 0.000 0.000 0.000 0.000 0.000 0.000 0.000 0.000 0.000 0.000 0.000 0.000 0.000 0.000 0.000 0.000 0.000 0.000 0.000 0.000 0.000 0.004 0.005 0.006 0.007 0.008 0.008 0.009 0.009 0.009 0.009 0.009 0.009 0.010 0.014 0.000 0.000 0.000 0.000 0.000 0.000 0.000
0.000 0.000 0.000 0.000 0.000 0.000 0.000 0.000 0.000 0.000 0.000 0.000 0.000 0.000 0.000 0.000 0.000 0.001 0.001 0.001 0.001 0.001 0.002 0.002 0.003 0.005 0.009 0.015 0.022 0.031 0.033 0.033 0.034 0.035 0.000 0.000 0.000 0.000 0.000 0.000 0.000 0.000 0.000 0.000 0.000 0.000 0.000 0.000 0.000 0.000 0.000 0.000 0.000 0.000 0.000 0.000 0.004 0.005 0.007 0.009 0.009 0.009 0.010 0.010 0.010 0.010 0.010 0.011 0.013 0.017 0.021 0.022 0.000 0.000 0.000 0.000 0.000
0.000 0.000 0.000 0.000 0.000 0.000 0.000 0.009 0.005 0.000 0.000 0.000 0.000 0.000 0.000 0.001 0.001 0.001 0.001 0.001 0.001 0.001 0.002 0.002 0.003 0.005 0.009 0.014 0.019 0.030 0.031 0.031 0.032 0.000 0.000 0.000 0.000 0.000 0.000 0.000 0.000 0.000 0.000 0.000 0.000 0.000 0.000 0.000 0.000 0.000 0.000 0.000 0.000 0.000 0.000 0.000 0.006 0.010 0.012 0.014 0.012 0.012 0.013 0.014 0.014 0.014 0.015 0.017 0.022 0.027 0.033 0.029 0.024 0.019 0.014 0.000 0.000
0.000 0.000 0.000 0.000 0.000 0.000 0.000 0.000 0.013 0.011 0.008 0.003 0.000 0.000 0.001 0.001 0.001 0.001 0.001 0.001 0.001 0.001 0.001 0.002 0.003 0.005 0.008 0.011 0.000 0.026 0.028 0.029 0.029 0.000 0.000 0.000 0.000 0.000 0.000 0.000 0.000 0.000 0.000 0.000 0.000 0.000 0.000 0.000 0.000 0.000 0.000 0.000 0.000 0.000 0.000 0.000 0.000 0.023 0.000 0.000 0.016 0.019 0.021 0.022 0.020 0.021 0.024 0.028 0.033 0.040 0.042 0.037 0.032 0.026 0.021 0.016 0.010
0.000 0.000 0.000 0.000 0.000 0.000 0.000 0.000 0.000 0.000 0.014 0.012 0.010 0.006 0.003 0.002 0.002 0.002 0.002 0.002 0.002 0.002 0.001 0.001 0.002 0.005 0.008 0.011 0.016 0.024 0.025 0.026 0.026 0.000 0.000 0.000 0.000 0.000 0.000 0.000 0.000 0.000 0.000 0.000 0.000 0.000 0.000 0.000 0.000 0.000 0.000 0.000 0.000 0.000 0.000 0.000 0.000 0.000 0.000 0.000 0.000 0.000 0.000 0.000 0.026 0.031 0.036 0.041 0.046 0.052 0.049 0.044 0.039 0.034 0.029 0.023 0.017
0.000 0.000 0.000 0.000 0.000 0.000 0.000 0.000 0.000 0.000 0.000 0.017 0.015 0.013 0.011 0.008 0.004 0.003 0.002 0.002 0.002 0.002 0.002 0.001 0.002 0.004 0.007 0.011 0.018 0.022 0.023 0.023 0.022 0.018 0.015 0.013 0.000 0.000 0.000 0.000 0.000 0.000 0.000 0.000 0.000 0.000 0.000 0.000 0.000 0.000 0.000 0.000 0.000 0.000 0.000 0.000 0.000 0.000 0.000 0.000 0.000 0.000 0.000 0.000 0.000 0.000 0.000 0.000 0.058 0.061 0.056 0.051 0.046 0.041 0.036 0.030 0.025
0.000 0.000 0.000 0.000 0.000 0.000 0.000 0.000 0.000 0.000 0.000 0.000 0.000 0.017 0.016 0.013 0.011 0.009 0.005 0.003 0.003 0.003 0.003 0.002 0.002 0.004 0.007 0.011 0.016 0.019 0.020 0.020 0.019 0.016 0.013 0.010 0.007 0.005 0.004 0.005 0.000 0.000 0.000 0.000 0.000 0.000 0.000 0.000 0.000 0.000 0.000 0.000 0.000 0.000 0.000 0.000 0.000 0.000 0.000 0.000 0.000 0.000 0.000 0.000 0.000 0.000 0.000 0.000 0.000 0.000 0.000 0.058 0.053 0.049 0.043 0.037 0.032
0.000 0.000 0.000 0.000 0.000 0.000 0.000 0.000 0.000 0.000 0.000 0.000 0.000 0.000 0.000 0.017 0.015 0.012 0.010 0.007 0.005 0.004 0.003 0.003 0.003 0.003 0.006 0.008 0.000 0.015 0.017 0.017 0.015 0.012 0.011 0.010 0.009 0.007 0.006 0.006 0.004 0.004 0.004 0.000 0.000 0.000 0.000 0.000 0.000 0.000 0.000 0.000 0.000 0.000 0.000 0.000 0.000 0.000 0.000 0.000 0.000 0.000 0.000 0.000 0.000 0.000 0.000 0.000 0.000 0.000 0.000 0.000 0.000 0.000 0.000 0.044 0.039
0.000 0.000 0.000 0.000 0.000 0.000 0.000 0.000 0.000 0.000 0.000 0.000 0.000 0.000 0.000 0.000 0.019 0.016 0.012 0.009 0.007 0.006 0.006 0.005 0.004 0.004 0.004 0.007 0.010 0.012 0.013 0.012 0.012 0.012 0.012 0.011 0.010 0.009 0.008 0.007 0.006 0.005 0.005 0.003 0.003 0.002 0.002 0.000 0.000 0.000 0.000 0.000 0.000 0.000 0.000 0.000 0.000 0.000 0.000 0.000 0.000 0.000 0.000 0.000 0.000 0.000 0.000 0.000 0.000 0.000 0.000 0.000 0.000 0.000 0.000 0.000 0.000
0.000 0.000 0.000 0.000 0.000 0.000 0.000 0.000 0.000 0.000 0.000 0.000 0.000 0.000 0.000 0.000 0.000 0.000 0.012 0.010 0.008 0.007 0.006 0.006 0.006 0.006 0.005 0.006 0.009 0.009 0.010 0.012 0.012 0.012 0.012 0.012 0.011 0.010 0.009 0.009 0.008 0.007 0.006 0.005 0.004 0.003 0.003 0.002 0.002 0.002 0.001 0.000 0.000 0.000 0.000 0.000 0.000 0.000 0.000 0.000 0.000 0.000 0.000 0.000 0.000 0.000 0.000 0.000 0.000 0.000 0.000 0.000 0.000 0.000 0.000 0.000 0.000
0.000 0.000 0.000 0.000 0.000 0.000 0.000 0.000 0.000 0.000 0.000 0.000 0.000 0.000 0.000 0.000 0.000 0.000 0.012 0.011 0.009 0.007 0.006 0.005 0.006 0.006 0.006 0.006 0.007 0.009 0.011 0.012 0.013 0.013 0.013 0.013 0.012 0.012 0.011 0.010 0.009 0.008 0.007 0.006 0.005 0.004 0.003 0.003 0.003 0.002 0.002 0.002 0.001 0.000 0.000 0.000 0.000 0.000 0.000 0.000 0.000 0.000 0.000 0.000 0.000 0.000 0.000 0.000 0.000 0.000 0.000 0.000 0.000 0.000 0.000 0.000 0.000
0.000 0.000 0.000 0.000 0.000 0.000 0.000 0.000 0.000 0.000 0.000 0.000 0.000 0.000 0.000 0.000 0.000 0.000 0.013 0.011 0.009 0.008 0.007 0.006 0.006 0.006 0.006 0.005 0.000 0.008 0.011 0.013 0.014 0.014 0.014 0.014 0.014 0.013 0.013 0.012 0.011 0.010 0.009 0.008 0.006 0.005 0.004 0.004 0.003 0.003 0.003 0.002 0.002 0.002 0.001 0.000 0.000 0.000 0.000 0.000 0.000 0.000 0.000 0.000 0.000 0.000 0.000 0.000 0.000 0.000 0.000 0.000 0.000 0.000 0.000 0.000 0.000
0.000 0.000 0.000 0.000 0.000 0.000 0.000 0.000 0.000 0.000 0.000 0.000 0.000 0.000 0.000 0.000 0.000 0.000 0.013 0.011 0.010 0.009 0.007 0.007 0.007 0.006 0.006 0.004 0.004 0.008 0.010 0.012 0.013 0.014 0.015 0.016 0.016 0.016 0.015 0.014 0.013 0.012 0.011 0.010 0.008 0.007 0.006 0.005 0.005 0.004 0.004 0.003 0.003 0.003 0.002 0.002 0.001 0.000 0.000 0.000 0.000 0.000 0.000 0.000 0.000 0.000 0.000 0.000 0.000 0.000 0.000 0.000 0.000 0.000 0.000 0.000 0.000
0.000 0.000 0.000 0.000 0.000 0.000 0.000 0.000 0.000 0.000 0.000 0.000 0.000 0.000 0.000 0.000 0.000 0.011 0.012 0.011 0.010 0.009 0.008 0.007 0.007 0.006 0.005 0.004 0.005 0.008 0.010 0.011 0.013 0.014 0.015 0.016 0.016 0.016 0.016 0.016 0.015 0.015 0.014 0.012 0.011 0.010 0.009 0.008 0.007 0.006 0.005 0.005 0.004 0.004 0.003 0.003 0.002 0.002 0.001 0.000 0.000 0.000 0.000 0.000 0.000 0.000 0.000 0.000 0.000 0.000 0.000 0.000 0.000 0.000 0.000 0.000 0.000
0.000 0.000 0.000 0.000 0.000 0.000 0.000 0.000 0.000 0.000 0.000 0.000 0.000 0.000 0.000 0.000 0.000 0.012 0.012 0.011 0.010 0.009 0.009 0.008 0.007 0.006 0.004 0.004 0.006 0.007 0.009 0.011 0.012 0.014 0.015 0.015 0.016 0.016 0.016 0.016 0.016 0.015 0.015 0.014 0.014 0.013 0.012 0.011 0.010 0.009 0.008 0.007 0.006 0.006 0.005 0.004 0.004 0.003 0.003 0.002 0.002 0.001 0.000 0.000 0.000 0.000 0.000 0.000 0.000 0.000 0.000 0.000 0.000 0.000 0.000 0.000 0.000
0.000 0.000 0.000 0.000 0.000 0.000 0.000 0.000 0.000 0.000 0.000 0.000 0.000 0.000 0.000 0.000 0.000 0.013 0.012 0.011 0.011 0.010 0.009 0.008 0.007 0.006 0.003 0.004 0.006 0.007 0.009 0.010 0.012 0.013 0.014 0.015 0.016 0.016 0.016 0.016 0.016 0.016 0.016 0.016 0.015 0.015 0.014 0.013 0.013 0.012 0.011 0.011 0.010 0.009 0.008 0.007 0.006 0.006 0.005 0.005 0.005 0.005 0.005 0.008 0.011 0.005 0.002 0.000 0.000 0.000 0.000 0.000 0.000 0.000 0.000 0.000 0.000
0.000 0.000 0.000 0.000 0.000 0.000 0.000 0.000 0.000 0.000 0.000 0.000 0.000 0.000 0.000 0.000 0.000 0.013 0.012 0.012 0.011 0.010 0.009 0.008 0.007 0.005 0.004 0.005 0.006 0.007 0.008 0.010 0.011 0.013 0.014 0.015 0.015 0.016 0.017 0.017 0.017 0.017 0.017 0.017 0.017 0.016 0.016 0.015 0.015 0.014 0.014 0.013 0.013 0.012 0.012 0.011 0.011 0.011 0.011 0.011 0.013 0.014 0.017 0.020 0.018 0.000 0.002 0.000 0.000 0.000 0.000 0.000 0.000 0.000 0.000 0.000 0.000
0.000 0.000 0.000 0.000 0.000 0.000 0.000 0.000 0.000 0.000 0.000 0.000 0.000 0.000 0.000 0.000 0.011 0.012 0.012 0.012 0.011 0.010 0.009 0.008 0.007 0.004 0.004 0.005 0.006 0.007 0.008 0.009 0.011 0.012 0.013 0.014 0.015 0.017 0.018 0.018 0.019 0.019 0.019 0.019 0.019 0.018 0.018 0.017 0.017 0.016 0.016 0.016 0.015 0.015 0.015 0.015 0.016 0.017 0.019 0.022 0.025 0.028 0.030 0.033 0.023 0.011 0.003 0.002 0.000 0.000 0.000 0.000 0.000 0.000 0.000 0.000 0.000
0.000 0.000 0.000 0.000 0.000 0.000 0.000 0.000 0.000 0.000 0.000 0.000 0.000 0.000 0.000 0.000 0.013 0.012 0.012 0.012 0.011 0.010 0.009 0.008 0.007 0.004 0.004 0.005 0.006 0.007 0.008 0.009 0.010 0.012 0.013 0.015 0.017 0.019 0.020 0.021 0.021 0.021 0.021 0.021 0.021 0.021 0.020 0.020 0.020 0.019 0.019 0.018 0.018 0.018 0.019 0.020 0.022 0.024 0.027 0.030 0.034 0.037 0.040 0.039 0.044 0.038 0.030 0.023 0.017 0.013 0.009 0.006 0.004 0.002 0.000 0.000 0.000
0.000 0.000 0.000 0.000 0.000 0.000 0.000 0.000 0.000 0.000 0.000 0.000 0.000 0.000 0.000 0.000 0.013 0.013 0.012 0.012 0.011 0.010 0.009 0.008 0.006 0.004 0.004 0.005 0.006 0.006 0.008 0.009 0.010 0.012 0.014 0.016 0.020 0.023 0.025 0.024 0.024 0.025 0.025 0.025 0.024 0.024 0.023 0.023 0.023 0.022 0.022 0.022 0.022 0.023 0.024 0.026 0.029 0.032 0.035 0.039 0.043 0.041 0.038 0.035 0.038 0.042 0.045 0.047 0.049 0.040 0.032 0.025 0.018 0.013 0.009 0.006 0.004
0.043 0.040 0.037 0.000 0.000 0.000 0.000 0.000 0.000 0.000 0.000 0.000 0.000 0.000 0.000 0.012 0.013 0.013 0.012 0.012 0.011 0.010 0.009 0.008 0.005 0.004 0.004 0.005 0.006 0.006 0.007 0.009 0.010 0.012 0.016 0.021 0.027 0.032 0.031 0.028 0.028 0.029 0.029 0.028 0.028 0.027 0.027 0.026 0.026 0.026 0.026 0.026 0.027 0.028 0.030 0.033 0.036 0.040 0.044 0.044 0.042 0.039 0.036 0.031 0.033 0.035 0.038 0.040 0.044 0.047 0.049 0.052 0.049 0.041 0.032 0.025 0.018
0.047 0.044 0.041 0.036 0.033 0.030 0.000 0.000 0.000 0.000 0.000 0.000 0.000 0.000 0.000 0.013 0.013 0.013 0.012 0.012 0.011 0.010 0.009 0.007 0.004 0.004 0.004 0.005 0.006 0.006 0.007 0.009 0.011 0.015 0.021 0.028 0.035 0.042 0.000 0.029 0.033 0.035 0.035 0.032 0.031 0.031 0.031 0.030 0.030 0.030 0.030 0.031 0.032 0.034 0.037 0.041 0.045 0.046 0.044 0.042 0.040 0.037 0.034 0.028 0.029 0.030 0.032 0.034 0.037 0.039 0.042 0.044 0.047 0.050 0.052 0.054 0.049
0.051 0.049 0.045 0.040 0.037 0.033 0.029 0.025 0.022 0.020 0.000 0.000 0.000 0.000 0.000 0.014 0.013 0.013 0.012 0.012 0.011 0.010 0.009 0.006 0.004 0.004 0.005 0.005 0.006 0.006 0.008 0.010 0.014 0.021 0.029 0.036 0.044 0.000 0.000 0.000 0.000 0.000 0.000 0.032 0.036 0.037 0.034 0.034 0.035 0.036 0.035 0.036 0.038 0.041 0.045 0.047 0.045 0.043 0.041 0.039 0.037 0.035 0.031 0.026 0.026 0.026 0.027 0.029 0.031 0.033 0.035 0.037 0.040 0.042 0.044 0.047 0.050
0.000 0.000 0.000 0.043 0.041 0.038 0.033 0.030 0.027 0.024 0.020 0.017 0.015 0.000 0.000 0.015 0.014 0.013 0.012 0.012 0.011 0.010 0.008 0.006 0.004 0.004 0.005 0.005 0.006 0.007 0.008 0.013 0.020 0.028 0.037 0.000 0.000 0.000 0.000 0.000 0.000 0.000 0.000 0.000 0.000 0.000 0.035 0.039 0.041 0.042 0.040 0.042 0.045 0.049 0.046 0.044 0.042 0.040 0.039 0.037 0.035 0.032 0.029 0.024 0.023 0.023 0.023 0.024 0.025 0.027 0.028 0.030 0.033 0.035 0.037 0.039 0.042
0.000 0.000 0.000 0.000 0.000 0.000 0.036 0.034 0.031 0.028 0.024 0.022 0.019 0.017 0.015 0.015 0.014 0.013 0.012 0.011 0.010 0.009 0.008 0.005 0.004 0.004 0.005 0.005 0.006 0.007 0.011 0.018 0.027 0.036 0.000 0.000 0.000 0.000 0.000 0.000 0.000 0.000 0.000 0.000 0.000 0.000 0.000 0.000 0.000 0.000 0.043 0.048 0.048 0.045 0.042 0.040 0.039 0.037 0.035 0.033 0.031 0.029 0.026 0.022 0.020 0.020 0.020 0.020 0.020 0.021 0.023 0.024 0.026 0.028 0.030 0.032 0.034
0.000 0.000 0.000 0.000 0.000 0.000 0.000 0.000 0.000 0.000 0.028 0.026 0.024 0.022 0.019 0.016 0.014 0.013 0.012 0.011 0.010 0.009 0.007 0.004 0.004 0.004 0.005 0.005 0.006 0.008 0.014 0.023 0.034 0.000 0.000 0.000 0.000 0.000 0.000 0.000 0.000 0.000 0.000 0.000 0.000 0.000 0.000 0.000 0.000 0.000 0.000 0.000 0.000 0.000 0.036 0.036 0.035 0.033 0.031 0.030 0.028 0.026 0.023 0.020 0.017 0.016 0.016 0.016 0.016 0.017 0.017 0.018 0.020 0.021 0.023 0.025 0.027
0.000 0.000 0.000 0.000 0.000 0.000 0.000 0.000 0.000 0.000 0.000 0.000 0.000 0.000 0.021 0.018 0.015 0.013 0.011 0.011 0.010 0.008 0.006 0.004 0.000 0.003 0.004 0.005 0.006 0.010 0.017 0.026 0.000 0.000 0.000 0.000 0.000 0.000 0.000 0.000 0.000 0.000 0.000 0.000 0.000 0.000 0.000 0.000 0.000 0.000 0.000 0.000 0.000 0.000 0.000 0.000 0.000 0.027 0.027 0.026 0.025 0.022 0.020 0.017 0.014 0.013 0.013 0.013 0.013 0.013 0.013 0.013 0.014 0.015 0.016 0.018 0.020
0.000 0.000 0.000 0.000 0.000 0.000 0.000 0.000 0.000 0.000 0.000 0.000 0.000 0.000 0.000 0.016 0.014 0.012 0.010 0.010 0.009 0.008 0.005 0.004 0.003 0.004 0.004 0.005 0.007 0.013 0.021 0.029 0.000 0.000 0.000 0.000 0.000 0.000 0.000 0.000 0.000 0.000 0.000 0.000 0.000 0.000 0.000 0.000 0.000 0.000 0.000 0.000 0.000 0.000 0.000 0.000 0.000 0.000 0.000 0.000 0.000 0.016 0.015 0.013 0.010 0.010 0.009 0.009 0.009 0.009 0.009 0.009 0.009 0.009 0.010 0.011 0.013
0.000 0.000 0.000 0.000 0.000 0.000 0.000 0.000 0.000 0.000 0.000 0.000 0.000 0.000 0.012 0.014 0.013 0.011 0.009 0.009 0.008 0.007 0.004 0.004 0.004 0.004 0.005 0.006 0.009 0.017 0.026 0.035 0.000 0.000 0.000 0.000 0.000 0.000 0.000 0.000 0.000 0.000 0.000 0.000 0.000 0.000 0.000 0.000 0.000 0.000 0.000 0.000 0.000 0.000 0.000 0.000 0.000 0.000 0.000 0.000 0.000 0.000 0.000 0.000 0.002 0.003 0.003 0.003 0.004 0.004 0.004 0.004 0.004 0.004 0.004 0.005 0.006
0.000 0.000 0.000 0.000 0.000 0.000 0.000 0.000 0.000 0.000 0.000 0.000 0.000 0.000 0.013 0.013 0.012 0.011 0.009 0.008 0.007 0.006 0.004 0.004 0.004 0.004 0.005 0.007 0.013 0.022 0.031 0.041 0.000 0.000 0.000 0.000 0.000 0.000 0.000 0.000 0.000 0.000 0.000 0.000 0.000 0.000 0.000 0.000 0.000 0.000 0.000 0.000 0.000 0.000 0.000 0.000 0.000 0.000 0.000 0.000 0.000 0.000 0.000 0.000 0.000 0.000 0.000 0.000 0.000 0.000 0.000 0.000 0.000 0.000 0.000 0.000 0.000
0.000 0.000 0.000 0.000 0.000 0.000 0.000 0.000 0.000 0.000 0.000 0.000 0.000 0.000 0.014 0.013 0.012 0.011 0.009 0.008 0.007 0.005 0.004 0.004 0.004 0.004 0.005 0.009 0.017 0.026 0.035 0.000 0.000 0.000 0.000 0.000 0.000 0.000 0.000 0.000 0.000 0.000 0.000 0.000 0.000 0.000 0.000 0.000 0.000 0.000 0.000 0.000 0.000 0.000 0.000 0.000 0.000 0.000 0.000 0.000 0.000 0.000 0.000 0.000 0.000 0.000 0.000 0.000 0.000 0.000 0.000 0.000 0.000 0.000 0.000 0.000 0.000
0.000 0.000 0.000 0.000 0.000 0.000 0.000 0.000 0.000 0.000 0.000 0.000 0.000 0.000 0.014 0.013 0.012 0.011 0.009 0.008 0.007 0.004 0.004 0.004 0.004 0.004 0.007 0.013 0.022 0.031 0.040 0.000 0.000 0.000 0.000 0.000 0.000 0.000 0.000 0.000 0.000 0.000 0.000 0.000 0.000 0.000 0.000 0.000 0.000 0.000 0.000 0.000 0.000 0.000 0.000 0.000 0.000 0.000 0.000 0.000 0.000 0.000 0.000 0.000 0.000 0.000 0.000 0.000 0.000 0.000 0.000 0.000 0.000 0.000 0.000 0.000 0.000
0.000 0.000 0.000 0.000 0.000 0.000 0.000 0.000 0.000 0.000 0.000 0.000 0.000 0.011 0.012 0.012 0.011 0.010 0.009 0.008 0.006 0.003 0.003 0.003 0.004 0.005 0.010 0.018 0.028 0.037 0.047 0.000 0.000 0.000 0.000 0.000 0.000 0.000 0.000 0.000 0.000 0.000 0.000 0.000 0.000 0.000 0.000 0.000 0.000 0.000 0.000 0.000 0.000 0.000 0.000 0.000 0.000 0.000 0.000 0.000 0.000 0.000 0.000 0.000 0.000 0.000 0.000 0.000 0.000 0.000 0.000 0.000 0.000 0.000 0.000 0.000 0.000
0.000 0.000 0.000 0.000 0.000 0.000 0.000 0.000 0.000 0.000 0.000 0.000 0.000 0.012 0.012 0.012 0.011 0.010 0.009 0.007 0.005 0.003 0.003 0.003 0.004 0.008 0.015 0.024 0.033 0.042 0.000 0.000 0.000 0.000 0.000 0.000 0.000 0.000 0.000 0.000 0.000 0.000 0.000 0.000 0.000 0.000 0.000 0.000 0.000 0.000 0.000 0.000 0.000 0.000 0.000 0.000 0.000 0.000 0.000 0.000 0.000 0.000 0.000 0.000 0.000 0.000 0.000 0.000 0.000 0.000 0.000 0.000 0.000 0.000 0.000 0.000 0.000
