数据/2hours/0.1-2h-50y/coupled-136-0001.wd
ncols         694
nrows         824
xllcorner     581104.939801
yllcorner     3495917.092414
cellsize      2.000000
NODATA_value  -9999.000000
[rows 442 to 475 of 824, columns 385 to 461 of 694]
0.000 0.000 0.000 0.127 0.120 0.110 0.101 0.095 0.089 0.084 0.080 0.075 0.070 0.064 0.057 0.049 0.041 0.031 0.021 0.013 0.008 0.010 0.013 0.015 0.019 0.023 0.034 0.040 0.052 0.059 0.059 0.062 0.064 0.063 0.000 0.000 0.000 0.000 0.000 0.000 0.000 0.000 0.000 0.000 0.000 0.000 0.000 0.000 0.000 0.000 0.000 0.000 0.000 0.000 0.000 0.003 0.011 0.018 0.024 0.030 0.038 0.046 0.053 0.061 0.068 0.075 0.082 0.088 0.096 0.102 0.000 0.000 0.000 0.000 0.000 0.000 0.000
0.000 0.000 0.000 0.000 0.000 0.118 0.112 0.105 0.098 0.094 0.089 0.085 0.079 0.074 0.067 0.059 0.050 0.040 0.030 0.020 0.012 0.010 0.012 0.014 0.019 0.025 0.034 0.041 0.048 0.056 0.058 0.060 0.058 0.060 0.000 0.000 0.000 0.000 0.000 0.000 0.000 0.000 0.000 0.000 0.000 0.000 0.000 0.000 0.000 0.000 0.000 0.000 0.000 0.000 0.009 0.017 0.025 0.031 0.038 0.045 0.052 0.059 0.067 0.075 0.082 0.089 0.095 0.101 0.109 0.115 0.122 0.123 0.000 0.000 0.000 0.000 0.000
0.000 0.000 0.000 0.000 0.000 0.000 0.000 0.114 0.108 0.104 0.099 0.094 0.089 0.084 0.076 0.067 0.058 0.049 0.039 0.029 0.020 0.012 0.012 0.014 0.020 0.026 0.033 0.042 0.051 0.058 0.057 0.061 0.057 0.000 0.000 0.000 0.000 0.000 0.000 0.000 0.000 0.000 0.000 0.000 0.000 0.000 0.000 0.000 0.000 0.000 0.000 0.000 0.004 0.014 0.023 0.030 0.038 0.045 0.052 0.059 0.066 0.073 0.081 0.088 0.095 0.102 0.109 0.115 0.122 0.128 0.134 0.130 0.125 0.118 0.114 0.000 0.000
0.000 0.000 0.000 0.000 0.000 0.000 0.000 0.000 0.115 0.114 0.109 0.105 0.100 0.093 0.085 0.077 0.068 0.059 0.049 0.038 0.029 0.020 0.012 0.014 0.020 0.026 0.035 0.042 0.056 0.055 0.057 0.057 0.055 0.000 0.000 0.000 0.000 0.000 0.000 0.000 0.000 0.000 0.000 0.000 0.000 0.000 0.000 0.000 0.000 0.000 0.000 0.000 0.003 0.000 0.000 0.000 0.000 0.059 0.000 0.000 0.079 0.087 0.094 0.101 0.109 0.116 0.122 0.129 0.134 0.141 0.143 0.137 0.132 0.126 0.122 0.117 0.112
0.000 0.000 0.000 0.000 0.000 0.000 0.000 0.000 0.000 0.000 0.115 0.114 0.111 0.103 0.095 0.086 0.078 0.068 0.059 0.049 0.040 0.031 0.021 0.015 0.020 0.025 0.032 0.041 0.051 0.052 0.051 0.057 0.051 0.000 0.000 0.000 0.000 0.000 0.000 0.000 0.000 0.000 0.000 0.000 0.000 0.000 0.000 0.000 0.000 0.000 0.000 0.000 0.004 0.000 0.000 0.000 0.000 0.000 0.000 0.000 0.000 0.000 0.000 0.000 0.121 0.129 0.135 0.142 0.148 0.154 0.150 0.144 0.139 0.134 0.129 0.125 0.120
0.000 0.000 0.000 0.000 0.000 0.000 0.000 0.000 0.000 0.000 0.000 0.119 0.116 0.109 0.104 0.095 0.086 0.077 0.067 0.057 0.048 0.041 0.033 0.024 0.021 0.025 0.033 0.038 0.045 0.045 0.045 0.046 0.043 0.036 0.029 0.025 0.000 0.000 0.000 0.000 0.000 0.000 0.000 0.000 0.000 0.000 0.000 0.000 0.000 0.000 0.000 0.000 0.000 0.000 0.000 0.000 0.000 0.000 0.000 0.000 0.000 0.000 0.000 0.000 0.000 0.000 0.000 0.000 0.160 0.163 0.157 0.151 0.146 0.141 0.136 0.131 0.127
0.000 0.000 0.000 0.000 0.000 0.000 0.000 0.000 0.000 0.000 0.000 0.000 0.000 0.110 0.106 0.099 0.092 0.084 0.074 0.064 0.055 0.047 0.041 0.035 0.027 0.026 0.029 0.035 0.045 0.040 0.038 0.041 0.035 0.031 0.025 0.019 0.014 0.010 0.007 0.007 0.000 0.000 0.000 0.000 0.000 0.000 0.000 0.000 0.000 0.000 0.000 0.000 0.000 0.000 0.000 0.000 0.000 0.000 0.000 0.000 0.000 0.000 0.000 0.000 0.000 0.000 0.000 0.000 0.000 0.000 0.000 0.158 0.152 0.148 0.144 0.139 0.135
0.000 0.000 0.000 0.000 0.000 0.000 0.000 0.000 0.000 0.000 0.000 0.000 0.000 0.000 0.000 0.100 0.093 0.085 0.076 0.068 0.059 0.051 0.045 0.040 0.036 0.032 0.029 0.031 0.028 0.033 0.035 0.029 0.029 0.026 0.020 0.020 0.017 0.012 0.009 0.009 0.007 0.005 0.005 0.000 0.000 0.000 0.000 0.000 0.000 0.000 0.000 0.000 0.000 0.000 0.000 0.000 0.000 0.000 0.000 0.000 0.000 0.000 0.000 0.000 0.000 0.000 0.000 0.000 0.000 0.000 0.000 0.000 0.000 0.000 0.000 0.147 0.143
0.000 0.000 0.000 0.000 0.000 0.000 0.000 0.000 0.000 0.000 0.000 0.000 0.000 0.000 0.000 0.000 0.092 0.086 0.074 0.066 0.060 0.055 0.051 0.044 0.036 0.034 0.034 0.033 0.029 0.028 0.027 0.026 0.026 0.022 0.022 0.023 0.019 0.014 0.012 0.012 0.011 0.010 0.008 0.006 0.005 0.004 0.004 0.000 0.000 0.000 0.000 0.000 0.000 0.000 0.000 0.000 0.000 0.000 0.000 0.000 0.000 0.000 0.000 0.000 0.000 0.000 0.000 0.000 0.000 0.000 0.000 0.000 0.000 0.000 0.000 0.000 0.000
0.000 0.000 0.000 0.000 0.000 0.000 0.000 0.000 0.000 0.000 0.000 0.000 0.000 0.000 0.000 0.000 0.000 0.000 0.065 0.061 0.056 0.052 0.051 0.049 0.044 0.035 0.028 0.031 0.033 0.023 0.023 0.022 0.023 0.025 0.028 0.025 0.020 0.019 0.017 0.016 0.015 0.015 0.014 0.013 0.011 0.009 0.007 0.006 0.004 0.003 0.003 0.002 0.002 0.002 0.003 0.000 0.000 0.000 0.000 0.000 0.000 0.000 0.000 0.000 0.000 0.000 0.000 0.000 0.000 0.000 0.000 0.000 0.000 0.000 0.000 0.000 0.000
0.000 0.000 0.000 0.000 0.000 0.000 0.000 0.000 0.000 0.000 0.000 0.000 0.000 0.000 0.000 0.000 0.000 0.000 0.057 0.056 0.053 0.050 0.047 0.044 0.047 0.040 0.039 0.024 0.027 0.028 0.024 0.025 0.033 0.035 0.031 0.025 0.025 0.025 0.023 0.022 0.022 0.022 0.023 0.021 0.018 0.015 0.015 0.013 0.010 0.008 0.007 0.005 0.005 0.005 0.005 0.005 0.004 0.006 0.000 0.000 0.000 0.000 0.000 0.000 0.000 0.000 0.000 0.000 0.000 0.000 0.000 0.000 0.000 0.000 0.000 0.000 0.000
0.000 0.000 0.000 0.000 0.000 0.000 0.000 0.000 0.000 0.000 0.000 0.000 0.000 0.000 0.000 0.000 0.000 0.000 0.052 0.052 0.050 0.047 0.045 0.044 0.045 0.043 0.041 0.035 0.025 0.029 0.030 0.036 0.042 0.042 0.037 0.035 0.035 0.033 0.031 0.030 0.029 0.029 0.031 0.030 0.027 0.021 0.021 0.022 0.022 0.021 0.018 0.013 0.011 0.010 0.009 0.009 0.009 0.010 0.010 0.011 0.014 0.000 0.000 0.000 0.000 0.000 0.000 0.000 0.000 0.000 0.000 0.000 0.000 0.000 0.000 0.000 0.000
0.000 0.000 0.000 0.000 0.000 0.000 0.000 0.000 0.000 0.000 0.000 0.000 0.000 0.000 0.000 0.000 0.000 0.000 0.048 0.049 0.048 0.045 0.042 0.042 0.044 0.039 0.037 0.033 0.035 0.031 0.029 0.033 0.035 0.038 0.041 0.043 0.044 0.044 0.044 0.044 0.041 0.039 0.040 0.038 0.036 0.034 0.034 0.033 0.031 0.031 0.031 0.029 0.024 0.020 0.018 0.017 0.017 0.017 0.017 0.019 0.020 0.020 0.020 0.024 0.029 0.000 0.000 0.000 0.000 0.000 0.000 0.000 0.000 0.000 0.000 0.000 0.000
0.000 0.000 0.000 0.000 0.000 0.000 0.000 0.000 0.000 0.000 0.000 0.000 0.000 0.000 0.000 0.000 0.000 0.046 0.046 0.047 0.045 0.041 0.039 0.038 0.041 0.040 0.035 0.025 0.028 0.030 0.031 0.035 0.038 0.043 0.047 0.049 0.050 0.052 0.053 0.053 0.051 0.051 0.051 0.049 0.046 0.044 0.043 0.042 0.042 0.042 0.042 0.039 0.037 0.034 0.031 0.028 0.027 0.027 0.027 0.027 0.028 0.030 0.031 0.032 0.036 0.040 0.033 0.025 0.019 0.000 0.000 0.000 0.000 0.000 0.000 0.000 0.000
0.000 0.000 0.000 0.000 0.000 0.000 0.000 0.000 0.000 0.000 0.000 0.000 0.000 0.000 0.000 0.000 0.000 0.052 0.048 0.047 0.046 0.044 0.043 0.040 0.038 0.034 0.029 0.035 0.034 0.030 0.033 0.037 0.042 0.048 0.053 0.056 0.059 0.062 0.064 0.062 0.058 0.057 0.058 0.056 0.054 0.052 0.053 0.052 0.052 0.052 0.052 0.050 0.048 0.046 0.043 0.040 0.038 0.039 0.038 0.037 0.039 0.040 0.041 0.044 0.048 0.044 0.036 0.033 0.021 0.007 0.002 0.001 0.000 0.000 0.000 0.000 0.000
0.000 0.000 0.000 0.000 0.000 0.000 0.000 0.000 0.000 0.000 0.000 0.000 0.000 0.000 0.000 0.000 0.000 0.060 0.054 0.049 0.046 0.046 0.044 0.045 0.041 0.038 0.028 0.031 0.034 0.037 0.041 0.046 0.052 0.057 0.061 0.065 0.069 0.071 0.072 0.070 0.068 0.066 0.065 0.062 0.059 0.058 0.058 0.058 0.059 0.061 0.062 0.061 0.058 0.057 0.056 0.053 0.051 0.051 0.049 0.049 0.050 0.052 0.053 0.055 0.058 0.049 0.042 0.033 0.019 0.009 0.002 0.001 0.000 0.000 0.000 0.000 0.000
0.000 0.000 0.000 0.000 0.000 0.000 0.000 0.000 0.000 0.000 0.000 0.000 0.000 0.000 0.000 0.000 0.000 0.073 0.072 0.065 0.064 0.059 0.053 0.051 0.048 0.043 0.043 0.045 0.043 0.046 0.050 0.056 0.061 0.066 0.070 0.072 0.075 0.078 0.080 0.079 0.076 0.075 0.072 0.068 0.065 0.064 0.064 0.063 0.064 0.066 0.067 0.067 0.066 0.066 0.066 0.066 0.065 0.063 0.062 0.062 0.062 0.062 0.065 0.068 0.064 0.050 0.039 0.030 0.019 0.008 0.002 0.001 0.000 0.000 0.000 0.000 0.000
0.000 0.000 0.000 0.000 0.000 0.000 0.000 0.000 0.000 0.000 0.000 0.000 0.000 0.000 0.000 0.000 0.098 0.093 0.090 0.089 0.085 0.085 0.080 0.071 0.063 0.050 0.048 0.050 0.056 0.063 0.069 0.074 0.076 0.078 0.080 0.084 0.086 0.085 0.085 0.086 0.086 0.084 0.079 0.074 0.071 0.070 0.070 0.069 0.069 0.071 0.073 0.073 0.072 0.072 0.073 0.074 0.073 0.073 0.072 0.074 0.076 0.075 0.077 0.079 0.067 0.053 0.039 0.033 0.026 0.019 0.013 0.008 0.004 0.002 0.001 0.001 0.000
0.000 0.000 0.000 0.000 0.000 0.000 0.000 0.000 0.000 0.000 0.000 0.000 0.000 0.000 0.000 0.000 0.105 0.099 0.097 0.094 0.091 0.090 0.089 0.086 0.079 0.066 0.061 0.062 0.065 0.068 0.073 0.080 0.087 0.091 0.093 0.093 0.095 0.095 0.095 0.093 0.092 0.090 0.086 0.081 0.077 0.075 0.074 0.074 0.074 0.075 0.078 0.079 0.079 0.079 0.080 0.081 0.082 0.081 0.080 0.081 0.083 0.086 0.087 0.086 0.091 0.087 0.075 0.066 0.055 0.049 0.038 0.032 0.024 0.014 0.009 0.006 0.004
0.000 0.000 0.000 0.000 0.000 0.000 0.000 0.000 0.000 0.000 0.000 0.000 0.000 0.000 0.000 0.000 0.111 0.106 0.105 0.102 0.098 0.093 0.089 0.081 0.073 0.069 0.072 0.070 0.073 0.077 0.081 0.085 0.092 0.099 0.106 0.108 0.108 0.107 0.103 0.100 0.098 0.096 0.091 0.086 0.082 0.080 0.079 0.079 0.079 0.080 0.083 0.085 0.085 0.086 0.088 0.089 0.090 0.090 0.089 0.090 0.090 0.087 0.084 0.080 0.084 0.089 0.092 0.095 0.097 0.089 0.076 0.066 0.056 0.043 0.031 0.025 0.020
0.270 0.269 0.266 0.000 0.000 0.000 0.000 0.000 0.000 0.000 0.000 0.000 0.000 0.000 0.000 0.120 0.116 0.114 0.111 0.105 0.101 0.099 0.095 0.091 0.080 0.076 0.078 0.082 0.081 0.084 0.090 0.097 0.100 0.107 0.114 0.120 0.121 0.121 0.113 0.106 0.105 0.101 0.096 0.090 0.087 0.085 0.084 0.084 0.085 0.087 0.089 0.091 0.092 0.093 0.095 0.097 0.098 0.098 0.098 0.096 0.090 0.084 0.080 0.074 0.078 0.081 0.085 0.089 0.093 0.095 0.095 0.098 0.095 0.081 0.067 0.056 0.049
0.276 0.274 0.274 0.267 0.264 0.256 0.000 0.000 0.000 0.000 0.000 0.000 0.000 0.000 0.000 0.123 0.126 0.119 0.115 0.109 0.108 0.100 0.095 0.087 0.086 0.083 0.081 0.086 0.093 0.091 0.094 0.102 0.110 0.116 0.120 0.128 0.133 0.137 0.000 0.107 0.109 0.107 0.102 0.094 0.091 0.089 0.088 0.089 0.091 0.093 0.095 0.097 0.099 0.101 0.102 0.105 0.106 0.104 0.097 0.092 0.088 0.082 0.077 0.071 0.073 0.076 0.080 0.083 0.084 0.086 0.087 0.090 0.092 0.090 0.090 0.093 0.089
0.281 0.275 0.273 0.269 0.268 0.259 0.252 0.244 0.234 0.226 0.000 0.000 0.000 0.000 0.000 0.118 0.117 0.116 0.115 0.116 0.110 0.105 0.101 0.094 0.084 0.090 0.091 0.088 0.094 0.104 0.108 0.112 0.117 0.123 0.128 0.138 0.147 0.000 0.000 0.000 0.000 0.000 0.000 0.092 0.095 0.095 0.093 0.095 0.098 0.100 0.101 0.104 0.106 0.108 0.110 0.111 0.107 0.102 0.095 0.088 0.083 0.078 0.073 0.066 0.066 0.068 0.071 0.073 0.076 0.077 0.080 0.083 0.083 0.080 0.081 0.085 0.090
0.000 0.000 0.000 0.273 0.270 0.263 0.254 0.247 0.238 0.225 0.199 0.178 0.162 0.000 0.000 0.115 0.116 0.113 0.109 0.106 0.103 0.102 0.094 0.092 0.087 0.091 0.094 0.098 0.103 0.110 0.113 0.117 0.125 0.133 0.136 0.000 0.000 0.000 0.000 0.000 0.000 0.000 0.000 0.000 0.000 0.000 0.095 0.101 0.104 0.107 0.107 0.110 0.113 0.114 0.110 0.107 0.103 0.097 0.091 0.086 0.080 0.075 0.069 0.062 0.061 0.063 0.064 0.067 0.070 0.072 0.074 0.073 0.071 0.070 0.073 0.078 0.082
0.000 0.000 0.000 0.000 0.000 0.000 0.258 0.252 0.243 0.224 0.197 0.175 0.157 0.136 0.124 0.117 0.111 0.109 0.109 0.108 0.107 0.107 0.100 0.094 0.093 0.097 0.103 0.106 0.108 0.116 0.122 0.126 0.134 0.143 0.000 0.000 0.000 0.000 0.000 0.000 0.000 0.000 0.000 0.000 0.000 0.000 0.000 0.000 0.000 0.000 0.111 0.117 0.115 0.111 0.106 0.102 0.097 0.092 0.087 0.082 0.077 0.072 0.066 0.059 0.056 0.057 0.058 0.059 0.061 0.062 0.062 0.061 0.060 0.061 0.065 0.071 0.076
0.000 0.000 0.000 0.000 0.000 0.000 0.000 0.000 0.000 0.000 0.185 0.175 0.158 0.140 0.125 0.113 0.113 0.109 0.105 0.107 0.107 0.111 0.105 0.103 0.101 0.106 0.113 0.117 0.124 0.125 0.132 0.136 0.142 0.000 0.000 0.000 0.000 0.000 0.000 0.000 0.000 0.000 0.000 0.000 0.000 0.000 0.000 0.000 0.000 0.000 0.000 0.000 0.000 0.000 0.100 0.098 0.093 0.086 0.081 0.076 0.071 0.066 0.060 0.054 0.049 0.049 0.049 0.049 0.050 0.051 0.051 0.051 0.052 0.055 0.059 0.064 0.068
0.000 0.000 0.000 0.000 0.000 0.000 0.000 0.000 0.000 0.000 0.000 0.000 0.000 0.000 0.116 0.113 0.108 0.103 0.104 0.111 0.110 0.112 0.105 0.103 0.100 0.118 0.122 0.128 0.128 0.135 0.143 0.151 0.000 0.000 0.000 0.000 0.000 0.000 0.000 0.000 0.000 0.000 0.000 0.000 0.000 0.000 0.000 0.000 0.000 0.000 0.000 0.000 0.000 0.000 0.000 0.000 0.000 0.077 0.075 0.071 0.066 0.059 0.054 0.048 0.043 0.042 0.042 0.042 0.043 0.044 0.044 0.044 0.046 0.049 0.053 0.057 0.062
0.000 0.000 0.000 0.000 0.000 0.000 0.000 0.000 0.000 0.000 0.000 0.000 0.000 0.000 0.000 0.117 0.109 0.099 0.087 0.099 0.103 0.107 0.105 0.104 0.114 0.123 0.131 0.137 0.143 0.146 0.156 0.164 0.000 0.000 0.000 0.000 0.000 0.000 0.000 0.000 0.000 0.000 0.000 0.000 0.000 0.000 0.000 0.000 0.000 0.000 0.000 0.000 0.000 0.000 0.000 0.000 0.000 0.000 0.000 0.000 0.000 0.052 0.050 0.045 0.037 0.036 0.038 0.039 0.039 0.040 0.041 0.042 0.043 0.045 0.047 0.049 0.051
0.000 0.000 0.000 0.000 0.000 0.000 0.000 0.000 0.000 0.000 0.000 0.000 0.000 0.000 0.116 0.115 0.112 0.108 0.107 0.100 0.100 0.104 0.101 0.112 0.115 0.127 0.136 0.139 0.145 0.151 0.161 0.170 0.000 0.000 0.000 0.000 0.000 0.000 0.000 0.000 0.000 0.000 0.000 0.000 0.000 0.000 0.000 0.000 0.000 0.000 0.000 0.000 0.000 0.000 0.000 0.000 0.000 0.000 0.000 0.000 0.000 0.000 0.000 0.000 0.024 0.029 0.032 0.034 0.033 0.034 0.035 0.036 0.038 0.039 0.041 0.042 0.044
0.000 0.000 0.000 0.000 0.000 0.000 0.000 0.000 0.000 0.000 0.000 0.000 0.000 0.000 0.123 0.124 0.123 0.113 0.113 0.110 0.109 0.106 0.108 0.117 0.132 0.145 0.145 0.149 0.156 0.164 0.176 0.181 0.000 0.000 0.000 0.000 0.000 0.000 0.000 0.000 0.000 0.000 0.000 0.000 0.000 0.000 0.000 0.000 0.000 0.000 0.000 0.000 0.000 0.000 0.000 0.000 0.000 0.000 0.000 0.000 0.000 0.000 0.000 0.000 0.000 0.000 0.000 0.000 0.021 0.025 0.028 0.029 0.033 0.036 0.037 0.038 0.039
0.000 0.000 0.000 0.000 0.000 0.000 0.000 0.000 0.000 0.000 0.000 0.000 0.000 0.000 0.140 0.139 0.137 0.129 0.122 0.118 0.110 0.112 0.120 0.130 0.142 0.146 0.153 0.160 0.167 0.175 0.189 0.000 0.000 0.000 0.000 0.000 0.000 0.000 0.000 0.000 0.000 0.000 0.000 0.000 0.000 0.000 0.000 0.000 0.000 0.000 0.000 0.000 0.000 0.000 0.000 0.000 0.000 0.000 0.000 0.000 0.000 0.000 0.000 0.000 0.000 0.000 0.000 0.000 0.000 0.000 0.000 0.020 0.026 0.029 0.031 0.031 0.032
0.000 0.000 0.000 0.000 0.000 0.000 0.000 0.000 0.000 0.000 0.000 0.000 0.000 0.000 0.142 0.141 0.140 0.135 0.134 0.122 0.124 0.121 0.131 0.148 0.152 0.158 0.163 0.175 0.180 0.184 0.196 0.000 0.000 0.000 0.000 0.000 0.000 0.000 0.000 0.000 0.000 0.000 0.000 0.000 0.000 0.000 0.000 0.000 0.000 0.000 0.000 0.000 0.000 0.000 0.000 0.000 0.000 0.000 0.000 0.000 0.000 0.000 0.000 0.000 0.000 0.000 0.000 0.000 0.000 0.000 0.000 0.000 0.000 0.000 0.000 0.021 0.025
0.000 0.000 0.000 0.000 0.000 0.000 0.000 0.000 0.000 0.000 0.000 0.000 0.000 0.156 0.157 0.155 0.151 0.141 0.140 0.138 0.131 0.139 0.152 0.164 0.167 0.174 0.179 0.190 0.196 0.203 0.208 0.000 0.000 0.000 0.000 0.000 0.000 0.000 0.000 0.000 0.000 0.000 0.000 0.000 0.000 0.000 0.000 0.000 0.000 0.000 0.000 0.000 0.000 0.000 0.000 0.000 0.000 0.000 0.000 0.000 0.000 0.000 0.000 0.000 0.000 0.000 0.000 0.000 0.000 0.000 0.000 0.000 0.000 0.000 0.000 0.000 0.010
0.000 0.000 0.000 0.000 0.000 0.000 0.000 0.000 0.000 0.000 0.000 0.000 0.000 0.159 0.162 0.157 0.157 0.153 0.145 0.150 0.137 0.157 0.167 0.177 0.183 0.182 0.195 0.210 0.206 0.218 0.000 0.000 0.000 0.000 0.000 0.000 0.000 0.000 0.000 0.000 0.000 0.000 0.000 0.000 0.000 0.000 0.000 0.000 0.000 0.000 0.000 0.000 0.000 0.000 0.000 0.000 0.000 0.000 0.000 0.000 0.000 0.000 0.000 0.000 0.000 0.000 0.000 0.000 0.000 0.000 0.000 0.000 0.000 0.000 0.000 0.000 0.002
