数据/2hours/0.1-2h-50y/coupled-159-0001.wd
ncols         694
nrows         824
xllcorner     581104.939801
yllcorner     3495917.092414
cellsize      2.000000
NODATA_value  -9999.000000
[rows 714 to 747 of 824, columns 154 to 230 of 694]
0.000 0.000 0.000 0.000 0.000 0.000 0.002 0.003 0.004 0.005 0.006 0.007 0.008 0.008 0.009 0.009 0.009 0.009 0.009 0.008 0.001 0.001 0.070 0.065 0.055 0.042 0.036 0.032 0.024 0.021 0.012 0.009 0.000 0.000 0.000 0.000 0.000 0.000 0.000 0.000 0.000 0.000 0.001 0.001 0.001 0.001 0.012 0.022 0.033 0.000 0.000 0.000 0.000 0.000 0.000 0.000 0.000 0.000 0.127 0.137 0.147 0.147 0.124 0.103 0.111 0.023 0.001 0.001 0.001 0.000 0.000 0.000 0.000 0.000 0.000 0.000 0.000
0.000 0.000 0.000 0.000 0.000 0.002 0.003 0.004 0.005 0.006 0.007 0.008 0.009 0.009 0.010 0.010 0.011 0.011 0.011 0.011 0.011 0.010 0.000 0.088 0.084 0.073 0.055 0.050 0.039 0.033 0.024 0.018 0.013 0.010 0.000 0.000 0.000 0.000 0.000 0.000 0.000 0.001 0.001 0.007 0.047 0.059 0.071 0.083 0.095 0.000 0.000 0.000 0.000 0.000 0.000 0.000 0.000 0.000 0.191 0.186 0.162 0.138 0.115 0.105 0.114 0.068 0.001 0.001 0.001 0.000 0.000 0.000 0.000 0.000 0.000 0.000 0.000
0.000 0.000 0.000 0.000 0.001 0.003 0.004 0.005 0.006 0.007 0.008 0.009 0.009 0.010 0.011 0.011 0.012 0.012 0.013 0.014 0.014 0.015 0.014 0.001 0.001 0.114 0.098 0.077 0.054 0.046 0.036 0.031 0.025 0.021 0.016 0.000 0.000 0.000 0.000 0.000 0.001 0.001 0.001 0.049 0.103 0.122 0.133 0.144 0.155 0.000 0.000 0.000 0.000 0.000 0.000 0.000 0.000 0.226 0.201 0.177 0.155 0.131 0.106 0.108 0.117 0.113 0.023 0.001 0.001 0.000 0.000 0.000 0.000 0.000 0.000 0.000 0.000
0.000 0.000 0.000 0.000 0.002 0.004 0.005 0.006 0.007 0.008 0.009 0.009 0.010 0.011 0.011 0.012 0.013 0.014 0.015 0.016 0.017 0.018 0.020 0.022 0.025 0.003 0.136 0.114 0.085 0.059 0.049 0.047 0.038 0.034 0.029 0.025 0.023 0.000 0.000 0.000 0.001 0.001 0.042 0.092 0.146 0.186 0.196 0.206 0.000 0.000 0.000 0.000 0.000 0.000 0.000 0.000 0.000 0.217 0.194 0.169 0.146 0.122 0.105 0.112 0.121 0.129 0.071 0.001 0.001 0.000 0.000 0.000 0.000 0.000 0.000 0.000 0.000
0.000 0.000 0.000 0.001 0.003 0.005 0.006 0.007 0.008 0.008 0.009 0.010 0.011 0.011 0.012 0.013 0.014 0.015 0.016 0.017 0.019 0.021 0.024 0.030 0.040 0.058 0.003 0.141 0.117 0.086 0.067 0.064 0.052 0.049 0.044 0.040 0.037 0.036 0.000 0.001 0.002 0.030 0.080 0.133 0.189 0.243 0.257 0.268 0.000 0.000 0.000 0.000 0.000 0.000 0.000 0.000 0.000 0.208 0.185 0.161 0.137 0.113 0.107 0.116 0.125 0.133 0.115 0.026 0.000 0.000 0.000 0.000 0.000 0.000 0.000 0.000 0.000
0.000 0.000 0.000 0.001 0.003 0.005 0.006 0.007 0.008 0.009 0.009 0.010 0.011 0.012 0.012 0.013 0.014 0.015 0.016 0.018 0.020 0.022 0.025 0.029 0.034 0.040 0.026 0.001 0.001 0.095 0.086 0.077 0.069 0.064 0.058 0.056 0.053 0.053 0.048 0.031 0.037 0.061 0.117 0.174 0.230 0.285 0.321 0.332 0.000 0.000 0.000 0.000 0.000 0.000 0.000 0.000 0.000 0.199 0.175 0.151 0.127 0.104 0.110 0.119 0.128 0.136 0.145 0.074 0.000 0.000 0.000 0.000 0.000 0.000 0.000 0.000 0.000
0.000 0.000 0.000 0.001 0.003 0.005 0.006 0.007 0.008 0.009 0.010 0.010 0.011 0.012 0.013 0.014 0.014 0.015 0.017 0.018 0.020 0.022 0.024 0.026 0.029 0.030 0.024 0.017 0.011 0.001 0.101 0.094 0.087 0.077 0.075 0.072 0.072 0.071 0.071 0.000 0.000 0.098 0.158 0.214 0.273 0.327 0.383 0.394 0.403 0.379 0.000 0.000 0.000 0.000 0.000 0.000 0.212 0.190 0.166 0.143 0.118 0.105 0.113 0.123 0.132 0.140 0.149 0.121 0.000 0.000 0.000 0.000 0.000 0.000 0.000 0.000 0.000
0.000 0.000 0.000 0.001 0.003 0.005 0.006 0.007 0.008 0.009 0.010 0.011 0.011 0.012 0.013 0.014 0.015 0.016 0.017 0.018 0.019 0.021 0.022 0.024 0.025 0.025 0.022 0.018 0.014 0.010 0.001 0.110 0.105 0.095 0.094 0.091 0.089 0.089 0.000 0.000 0.000 0.000 0.200 0.258 0.314 0.370 0.423 0.420 0.395 0.371 0.347 0.323 0.000 0.000 0.000 0.000 0.203 0.180 0.156 0.133 0.108 0.107 0.115 0.125 0.135 0.143 0.153 0.000 0.000 0.000 0.000 0.000 0.000 0.000 0.000 0.000 0.000
0.000 0.000 0.000 0.001 0.003 0.005 0.006 0.007 0.008 0.009 0.010 0.011 0.011 0.012 0.013 0.014 0.015 0.015 0.016 0.017 0.019 0.020 0.021 0.022 0.022 0.022 0.020 0.018 0.015 0.012 0.009 0.000 0.000 0.115 0.114 0.111 0.110 0.000 0.000 0.000 0.000 0.000 0.000 0.300 0.357 0.379 0.401 0.000 0.000 0.362 0.338 0.314 0.289 0.265 0.000 0.000 0.193 0.171 0.147 0.122 0.101 0.110 0.120 0.129 0.139 0.147 0.156 0.000 0.000 0.000 0.000 0.000 0.000 0.000 0.000 0.000 0.000
0.000 0.000 0.000 0.001 0.003 0.005 0.006 0.007 0.008 0.009 0.010 0.011 0.011 0.012 0.013 0.014 0.014 0.015 0.016 0.017 0.018 0.019 0.019 0.020 0.020 0.020 0.018 0.017 0.015 0.013 0.011 0.008 0.006 0.001 0.133 0.130 0.000 0.000 0.000 0.000 0.000 0.000 0.000 0.313 0.335 0.357 0.378 0.000 0.000 0.000 0.000 0.303 0.279 0.255 0.230 0.206 0.184 0.161 0.137 0.113 0.104 0.112 0.123 0.132 0.142 0.151 0.160 0.000 0.000 0.000 0.000 0.000 0.000 0.000 0.000 0.000 0.000
0.000 0.000 0.000 0.001 0.003 0.005 0.006 0.007 0.008 0.009 0.010 0.011 0.011 0.012 0.013 0.013 0.014 0.015 0.015 0.016 0.017 0.018 0.018 0.019 0.019 0.018 0.017 0.016 0.014 0.013 0.011 0.009 0.008 0.005 0.000 0.148 0.142 0.000 0.000 0.000 0.000 0.000 0.000 0.290 0.311 0.334 0.356 0.369 0.000 0.000 0.000 0.000 0.000 0.246 0.221 0.196 0.174 0.151 0.131 0.104 0.108 0.116 0.125 0.135 0.145 0.155 0.000 0.000 0.000 0.000 0.000 0.000 0.000 0.000 0.000 0.000 0.000
0.000 0.000 0.000 0.001 0.003 0.005 0.006 0.007 0.008 0.009 0.010 0.010 0.011 0.012 0.012 0.013 0.014 0.014 0.015 0.016 0.016 0.017 0.017 0.017 0.017 0.017 0.016 0.015 0.014 0.013 0.011 0.010 0.009 0.007 0.005 0.000 0.158 0.156 0.000 0.000 0.000 0.000 0.000 0.000 0.288 0.000 0.000 0.351 0.339 0.000 0.000 0.000 0.000 0.000 0.000 0.187 0.164 0.142 0.120 0.101 0.110 0.119 0.128 0.137 0.147 0.157 0.000 0.000 0.000 0.000 0.000 0.000 0.000 0.000 0.000 0.000 0.000
0.000 0.000 0.000 0.001 0.003 0.005 0.006 0.007 0.008 0.009 0.009 0.010 0.011 0.011 0.012 0.013 0.013 0.014 0.014 0.015 0.015 0.016 0.016 0.016 0.016 0.016 0.015 0.014 0.013 0.012 0.011 0.010 0.009 0.008 0.006 0.004 0.000 0.174 0.191 0.000 0.000 0.000 0.000 0.000 0.000 0.000 0.000 0.000 0.319 0.000 0.000 0.000 0.000 0.000 0.197 0.176 0.152 0.130 0.108 0.103 0.113 0.122 0.130 0.139 0.148 0.160 0.000 0.000 0.000 0.000 0.000 0.000 0.000 0.000 0.000 0.000 0.000
0.000 0.000 0.000 0.001 0.003 0.005 0.006 0.007 0.008 0.008 0.009 0.010 0.010 0.011 0.012 0.012 0.013 0.013 0.014 0.014 0.015 0.015 0.015 0.015 0.015 0.015 0.014 0.013 0.013 0.012 0.011 0.010 0.009 0.008 0.007 0.005 0.003 0.001 0.165 0.184 0.000 0.000 0.000 0.000 0.000 0.000 0.000 0.000 0.299 0.000 0.000 0.000 0.000 0.000 0.187 0.164 0.140 0.117 0.095 0.104 0.113 0.122 0.131 0.140 0.150 0.000 0.000 0.000 0.000 0.000 0.000 0.000 0.000 0.000 0.000 0.000 0.000
0.000 0.000 0.000 0.000 0.002 0.004 0.005 0.006 0.007 0.008 0.009 0.009 0.010 0.011 0.011 0.012 0.012 0.013 0.013 0.013 0.014 0.014 0.014 0.014 0.014 0.014 0.013 0.013 0.012 0.011 0.011 0.010 0.009 0.008 0.007 0.006 0.004 0.002 0.000 0.159 0.178 0.000 0.000 0.000 0.000 0.000 0.000 0.284 0.278 0.000 0.000 0.000 0.000 0.192 0.175 0.151 0.127 0.105 0.095 0.105 0.114 0.122 0.132 0.142 0.151 0.159 0.167 0.000 0.000 0.000 0.000 0.000 0.000 0.000 0.000 0.000 0.000
0.000 0.000 0.000 0.000 0.001 0.003 0.004 0.005 0.006 0.007 0.008 0.009 0.010 0.010 0.011 0.011 0.012 0.012 0.012 0.013 0.013 0.013 0.013 0.013 0.013 0.013 0.013 0.012 0.011 0.011 0.010 0.009 0.009 0.008 0.007 0.006 0.004 0.003 0.001 0.000 0.153 0.168 0.000 0.000 0.000 0.000 0.000 0.000 0.000 0.000 0.000 0.000 0.000 0.173 0.161 0.141 0.116 0.093 0.095 0.106 0.114 0.124 0.133 0.142 0.152 0.161 0.171 0.179 0.189 0.000 0.000 0.000 0.000 0.000 0.000 0.000 0.000
0.000 0.000 0.000 0.000 0.000 0.002 0.003 0.004 0.005 0.006 0.007 0.008 0.009 0.010 0.010 0.011 0.011 0.011 0.012 0.012 0.012 0.012 0.013 0.012 0.012 0.012 0.012 0.011 0.011 0.010 0.010 0.009 0.008 0.007 0.006 0.005 0.004 0.003 0.001 0.000 0.000 0.133 0.142 0.159 0.000 0.000 0.000 0.000 0.000 0.000 0.000 0.000 0.166 0.153 0.141 0.129 0.107 0.086 0.095 0.106 0.116 0.125 0.134 0.142 0.153 0.164 0.172 0.182 0.191 0.199 0.208 0.000 0.000 0.000 0.000 0.000 0.000
0.000 0.000 0.000 0.000 0.000 0.000 0.002 0.003 0.004 0.005 0.006 0.007 0.008 0.009 0.010 0.010 0.011 0.011 0.011 0.011 0.012 0.012 0.012 0.012 0.012 0.011 0.011 0.011 0.010 0.010 0.009 0.009 0.008 0.007 0.006 0.005 0.004 0.002 0.000 0.000 0.000 0.000 0.114 0.132 0.152 0.000 0.000 0.000 0.000 0.000 0.000 0.000 0.147 0.134 0.121 0.109 0.096 0.090 0.099 0.109 0.119 0.128 0.136 0.145 0.155 0.165 0.176 0.184 0.194 0.202 0.211 0.220 0.171 0.000 0.000 0.000 0.000
0.000 0.000 0.000 0.000 0.000 0.000 0.000 0.002 0.003 0.004 0.005 0.006 0.007 0.008 0.009 0.009 0.010 0.010 0.010 0.011 0.011 0.011 0.011 0.011 0.011 0.011 0.010 0.010 0.010 0.009 0.009 0.008 0.007 0.006 0.005 0.004 0.003 0.001 0.000 0.000 0.000 0.000 0.000 0.108 0.126 0.146 0.000 0.000 0.000 0.000 0.000 0.141 0.128 0.115 0.102 0.090 0.088 0.091 0.100 0.110 0.120 0.131 0.139 0.149 0.158 0.000 0.000 0.000 0.197 0.206 0.214 0.222 0.214 0.128 0.060 0.000 0.000
0.000 0.000 0.000 0.000 0.000 0.000 0.000 0.000 0.002 0.003 0.004 0.005 0.006 0.007 0.008 0.009 0.009 0.009 0.010 0.010 0.010 0.010 0.010 0.010 0.010 0.010 0.010 0.009 0.009 0.009 0.008 0.007 0.006 0.005 0.004 0.003 0.002 0.000 0.000 0.000 0.000 0.000 0.000 0.000 0.102 0.120 0.137 0.000 0.000 0.000 0.000 0.124 0.111 0.098 0.088 0.086 0.086 0.091 0.099 0.108 0.118 0.128 0.139 0.151 0.159 0.000 0.000 0.000 0.000 0.000 0.217 0.226 0.234 0.172 0.131 0.091 0.000
0.000 0.000 0.000 0.000 0.000 0.000 0.000 0.000 0.000 0.002 0.003 0.004 0.005 0.006 0.007 0.008 0.008 0.009 0.009 0.009 0.009 0.009 0.009 0.009 0.009 0.009 0.009 0.009 0.008 0.008 0.007 0.006 0.005 0.004 0.003 0.002 0.000 0.000 0.000 0.000 0.000 0.000 0.000 0.000 0.081 0.095 0.111 0.128 0.000 0.129 0.117 0.102 0.089 0.087 0.087 0.085 0.084 0.088 0.098 0.107 0.117 0.128 0.137 0.150 0.000 0.000 0.000 0.000 0.000 0.000 0.000 0.226 0.235 0.240 0.201 0.161 0.000
0.000 0.000 0.000 0.000 0.000 0.000 0.000 0.000 0.000 0.000 0.002 0.003 0.004 0.005 0.006 0.007 0.008 0.008 0.008 0.008 0.008 0.008 0.008 0.008 0.008 0.008 0.008 0.008 0.008 0.007 0.006 0.005 0.004 0.003 0.002 0.000 0.000 0.000 0.000 0.000 0.000 0.000 0.000 0.000 0.000 0.071 0.084 0.101 0.120 0.107 0.092 0.085 0.086 0.084 0.086 0.085 0.086 0.089 0.098 0.107 0.116 0.127 0.134 0.000 0.000 0.000 0.000 0.000 0.000 0.000 0.000 0.000 0.000 0.245 0.240 0.231 0.190
0.000 0.000 0.000 0.000 0.000 0.000 0.000 0.000 0.000 0.000 0.000 0.002 0.003 0.004 0.005 0.006 0.007 0.007 0.007 0.007 0.007 0.007 0.007 0.007 0.007 0.007 0.007 0.007 0.007 0.006 0.005 0.004 0.003 0.002 0.000 0.000 0.000 0.000 0.000 0.000 0.000 0.000 0.000 0.000 0.000 0.000 0.056 0.077 0.097 0.087 0.083 0.088 0.088 0.086 0.086 0.086 0.086 0.090 0.096 0.105 0.113 0.126 0.133 0.000 0.000 0.000 0.000 0.000 0.000 0.000 0.000 0.000 0.000 0.000 0.000 0.239 0.234
0.000 0.000 0.000 0.000 0.000 0.000 0.000 0.000 0.000 0.000 0.000 0.000 0.002 0.003 0.004 0.005 0.006 0.006 0.006 0.006 0.006 0.006 0.006 0.006 0.006 0.006 0.006 0.006 0.006 0.005 0.004 0.003 0.002 0.000 0.000 0.000 0.000 0.000 0.000 0.000 0.000 0.000 0.000 0.000 0.000 0.000 0.000 0.057 0.076 0.089 0.088 0.091 0.085 0.085 0.084 0.083 0.085 0.085 0.091 0.100 0.106 0.120 0.000 0.000 0.000 0.000 0.000 0.000 0.000 0.000 0.000 0.000 0.000 0.000 0.000 0.000 0.000
0.000 0.000 0.000 0.000 0.000 0.000 0.000 0.000 0.000 0.000 0.000 0.000 0.000 0.002 0.003 0.004 0.005 0.005 0.005 0.005 0.005 0.005 0.005 0.005 0.005 0.005 0.005 0.005 0.005 0.004 0.003 0.002 0.000 0.000 0.000 0.000 0.000 0.000 0.000 0.000 0.000 0.000 0.000 0.000 0.000 0.000 0.000 0.000 0.059 0.072 0.088 0.085 0.080 0.082 0.081 0.082 0.083 0.085 0.087 0.097 0.103 0.115 0.000 0.000 0.000 0.000 0.000 0.000 0.000 0.000 0.000 0.000 0.000 0.000 0.000 0.000 0.000
0.000 0.000 0.000 0.000 0.000 0.000 0.000 0.000 0.000 0.000 0.000 0.000 0.000 0.000 0.001 0.002 0.003 0.003 0.003 0.003 0.003 0.003 0.003 0.003 0.003 0.003 0.003 0.003 0.003 0.002 0.001 0.000 0.000 0.000 0.000 0.000 0.000 0.000 0.000 0.000 0.000 0.000 0.000 0.000 0.000 0.000 0.000 0.000 0.000 0.042 0.069 0.081 0.082 0.081 0.078 0.083 0.084 0.085 0.085 0.094 0.104 0.000 0.000 0.000 0.000 0.000 0.000 0.000 0.000 0.000 0.000 0.000 0.000 0.000 0.000 0.000 0.000
0.000 0.000 0.000 0.000 0.000 0.000 0.000 0.000 0.000 0.000 0.000 0.000 0.000 0.000 0.000 0.000 0.001 0.001 0.001 0.001 0.001 0.001 0.001 0.001 0.001 0.001 0.001 0.001 0.001 0.000 0.000 0.000 0.000 0.000 0.000 0.000 0.000 0.000 0.000 0.000 0.000 0.000 0.000 0.000 0.000 0.000 0.000 0.000 0.000 0.000 0.041 0.065 0.080 0.075 0.078 0.079 0.082 0.080 0.081 0.090 0.104 0.000 0.000 0.000 0.000 0.000 0.000 0.000 0.000 0.000 0.000 0.000 0.000 0.000 0.000 0.000 0.000
0.000 0.000 0.000 0.000 0.000 0.000 0.000 0.000 0.000 0.000 0.000 0.000 0.000 0.000 0.000 0.000 0.000 0.000 0.000 0.000 0.000 0.000 0.000 0.000 0.000 0.000 0.000 0.000 0.000 0.000 0.000 0.000 0.000 0.000 0.000 0.000 0.000 0.000 0.000 0.000 0.000 0.000 0.000 0.000 0.000 0.000 0.000 0.000 0.000 0.000 0.022 0.046 0.062 0.076 0.074 0.078 0.077 0.080 0.078 0.086 0.000 0.000 0.000 0.000 0.000 0.000 0.000 0.000 0.000 0.000 0.000 0.000 0.000 0.000 0.000 0.000 0.000
0.000 0.000 0.000 0.000 0.000 0.000 0.000 0.000 0.000 0.000 0.000 0.000 0.000 0.000 0.000 0.000 0.000 0.000 0.000 0.000 0.000 0.000 0.000 0.000 0.000 0.000 0.000 0.000 0.000 0.000 0.000 0.000 0.000 0.000 0.000 0.000 0.000 0.000 0.000 0.000 0.000 0.000 0.000 0.000 0.000 0.000 0.000 0.000 0.000 0.000 0.000 0.022 0.041 0.062 0.072 0.072 0.061 0.069 0.074 0.000 0.000 0.000 0.000 0.000 0.000 0.000 0.000 0.000 0.000 0.000 0.000 0.000 0.000 0.000 0.000 0.000 0.000
0.000 0.000 0.000 0.000 0.000 0.000 0.000 0.000 0.000 0.000 0.000 0.000 0.000 0.000 0.000 0.000 0.000 0.000 0.000 0.000 0.000 0.000 0.000 0.000 0.000 0.000 0.000 0.000 0.000 0.000 0.000 0.000 0.000 0.000 0.000 0.000 0.000 0.000 0.000 0.000 0.000 0.000 0.000 0.000 0.000 0.000 0.000 0.000 0.000 0.000 0.000 0.002 0.017 0.036 0.057 0.068 0.063 0.060 0.064 0.059 0.000 0.000 0.000 0.000 0.000 0.000 0.000 0.000 0.000 0.000 0.000 0.000 0.000 0.000 0.000 0.000 0.000
0.000 0.000 0.000 0.000 0.000 0.000 0.000 0.000 0.000 0.000 0.000 0.000 0.000 0.000 0.000 0.000 0.000 0.000 0.000 0.000 0.000 0.000 0.000 0.000 0.000 0.000 0.000 0.000 0.000 0.000 0.000 0.000 0.000 0.000 0.000 0.000 0.000 0.000 0.000 0.000 0.000 0.000 0.000 0.000 0.000 0.000 0.000 0.000 0.000 0.000 0.000 0.001 0.001 0.012 0.032 0.051 0.063 0.062 0.056 0.054 0.055 0.000 0.000 0.000 0.000 0.000 0.000 0.000 0.000 0.000 0.000 0.000 0.000 0.000 0.000 0.000 0.000
0.000 0.000 0.000 0.000 0.000 0.000 0.000 0.000 0.000 0.000 0.000 0.000 0.000 0.000 0.000 0.000 0.000 0.000 0.000 0.000 0.000 0.000 0.000 0.000 0.000 0.000 0.000 0.000 0.000 0.000 0.000 0.000 0.000 0.000 0.000 0.000 0.000 0.000 0.000 0.000 0.000 0.000 0.000 0.000 0.000 0.000 0.000 0.000 0.000 0.000 0.000 0.001 0.001 0.001 0.009 0.027 0.045 0.054 0.054 0.044 0.047 0.046 0.049 0.000 0.000 0.000 0.000 0.000 0.000 0.000 0.000 0.000 0.000 0.000 0.000 0.000 0.000
0.000 0.000 0.000 0.000 0.000 0.000 0.000 0.000 0.000 0.000 0.000 0.000 0.000 0.000 0.000 0.000 0.000 0.000 0.000 0.000 0.000 0.000 0.000 0.000 0.000 0.000 0.000 0.000 0.000 0.000 0.000 0.000 0.000 0.000 0.000 0.000 0.000 0.000 0.000 0.000 0.000 0.000 0.000 0.000 0.000 0.000 0.000 0.000 0.000 0.000 0.000 0.000 0.001 0.002 0.004 0.010 0.025 0.043 0.050 0.044 0.044 0.036 0.040 0.042 0.000 0.000 0.000 0.000 0.000 0.000 0.000 0.000 0.000 0.000 0.000 0.000 0.000
0.000 0.000 0.000 0.000 0.000 0.000 0.000 0.000 0.000 0.000 0.000 0.000 0.000 0.000 0.000 0.000 0.000 0.000 0.000 0.000 0.000 0.000 0.000 0.000 0.000 0.000 0.000 0.000 0.000 0.000 0.000 0.000 0.000 0.000 0.000 0.000 0.000 0.000 0.000 0.000 0.000 0.000 0.000 0.000 0.000 0.000 0.000 0.000 0.000 0.000 0.000 0.000 0.001 0.003 0.003 0.004 0.007 0.019 0.035 0.039 0.031 0.031 0.037 0.033 0.032 0.000 0.000 0.000 0.000 0.000 0.000 0.000 0.000 0.000 0.000 0.000 0.000
