数据/2hours/0.1-2h-50y/coupled-130-0001.wd
ncols         694
nrows         824
xllcorner     581104.939801
yllcorner     3495917.092414
cellsize      2.000000
NODATA_value  -9999.000000
[rows 442 to 475 of 824, columns 385 to 461 of 694]
0.000 0.000 0.000 0.152 0.143 0.132 0.123 0.113 0.105 0.098 0.092 0.085 0.078 0.073 0.067 0.061 0.054 0.049 0.042 0.033 0.022 0.020 0.020 0.022 0.027 0.034 0.044 0.052 0.056 0.065 0.071 0.069 0.073 0.076 0.000 0.000 0.000 0.000 0.000 0.000 0.000 0.000 0.000 0.000 0.000 0.000 0.000 0.000 0.000 0.000 0.000 0.000 0.000 0.000 0.000 0.000 0.006 0.010 0.013 0.018 0.025 0.031 0.039 0.045 0.053 0.060 0.066 0.073 0.080 0.087 0.000 0.000 0.000 0.000 0.000 0.000 0.000
0.000 0.000 0.000 0.000 0.000 0.140 0.132 0.122 0.115 0.108 0.102 0.094 0.087 0.082 0.076 0.070 0.063 0.057 0.051 0.043 0.032 0.023 0.021 0.022 0.031 0.036 0.044 0.052 0.059 0.068 0.069 0.070 0.071 0.074 0.000 0.000 0.000 0.000 0.000 0.000 0.000 0.000 0.000 0.000 0.000 0.000 0.000 0.000 0.000 0.000 0.000 0.000 0.000 0.000 0.000 0.003 0.012 0.018 0.025 0.031 0.038 0.045 0.052 0.060 0.067 0.073 0.080 0.087 0.093 0.099 0.106 0.108 0.000 0.000 0.000 0.000 0.000
0.000 0.000 0.000 0.000 0.000 0.000 0.000 0.131 0.124 0.118 0.111 0.104 0.097 0.091 0.084 0.078 0.072 0.066 0.060 0.052 0.042 0.029 0.025 0.027 0.033 0.038 0.048 0.055 0.061 0.071 0.069 0.066 0.068 0.000 0.000 0.000 0.000 0.000 0.000 0.000 0.000 0.000 0.000 0.000 0.000 0.000 0.000 0.000 0.000 0.000 0.000 0.000 0.000 0.000 0.009 0.017 0.025 0.032 0.038 0.045 0.051 0.059 0.066 0.073 0.080 0.087 0.094 0.100 0.106 0.113 0.119 0.114 0.109 0.104 0.099 0.000 0.000
0.000 0.000 0.000 0.000 0.000 0.000 0.000 0.000 0.131 0.128 0.121 0.114 0.107 0.100 0.093 0.087 0.081 0.075 0.068 0.059 0.050 0.039 0.027 0.030 0.034 0.041 0.049 0.057 0.068 0.068 0.068 0.067 0.062 0.000 0.000 0.000 0.000 0.000 0.000 0.000 0.000 0.000 0.000 0.000 0.000 0.000 0.000 0.000 0.000 0.000 0.000 0.000 0.000 0.000 0.000 0.000 0.000 0.046 0.000 0.000 0.064 0.072 0.078 0.087 0.093 0.100 0.107 0.113 0.120 0.126 0.127 0.122 0.116 0.111 0.106 0.101 0.096
0.000 0.000 0.000 0.000 0.000 0.000 0.000 0.000 0.000 0.000 0.125 0.121 0.116 0.109 0.103 0.096 0.089 0.081 0.073 0.065 0.055 0.044 0.032 0.029 0.033 0.041 0.050 0.056 0.062 0.068 0.066 0.061 0.062 0.000 0.000 0.000 0.000 0.000 0.000 0.000 0.000 0.000 0.000 0.000 0.000 0.000 0.000 0.000 0.000 0.000 0.000 0.000 0.000 0.000 0.000 0.000 0.000 0.000 0.000 0.000 0.000 0.000 0.000 0.000 0.106 0.113 0.120 0.126 0.133 0.138 0.135 0.129 0.123 0.119 0.113 0.108 0.103
0.000 0.000 0.000 0.000 0.000 0.000 0.000 0.000 0.000 0.000 0.000 0.124 0.121 0.115 0.111 0.105 0.097 0.089 0.082 0.073 0.063 0.050 0.039 0.031 0.030 0.036 0.043 0.051 0.057 0.060 0.060 0.057 0.049 0.039 0.031 0.027 0.000 0.000 0.000 0.000 0.000 0.000 0.000 0.000 0.000 0.000 0.000 0.000 0.000 0.000 0.000 0.000 0.000 0.000 0.000 0.000 0.000 0.000 0.000 0.000 0.000 0.000 0.000 0.000 0.000 0.000 0.000 0.000 0.145 0.147 0.142 0.136 0.131 0.125 0.120 0.115 0.111
0.000 0.000 0.000 0.000 0.000 0.000 0.000 0.000 0.000 0.000 0.000 0.000 0.000 0.118 0.114 0.109 0.104 0.099 0.090 0.078 0.068 0.057 0.047 0.037 0.033 0.036 0.045 0.048 0.049 0.054 0.048 0.051 0.044 0.032 0.028 0.021 0.016 0.014 0.014 0.017 0.000 0.000 0.000 0.000 0.000 0.000 0.000 0.000 0.000 0.000 0.000 0.000 0.000 0.000 0.000 0.000 0.000 0.000 0.000 0.000 0.000 0.000 0.000 0.000 0.000 0.000 0.000 0.000 0.000 0.000 0.000 0.143 0.138 0.132 0.127 0.123 0.118
0.000 0.000 0.000 0.000 0.000 0.000 0.000 0.000 0.000 0.000 0.000 0.000 0.000 0.000 0.000 0.110 0.105 0.100 0.092 0.083 0.075 0.065 0.051 0.040 0.036 0.030 0.041 0.047 0.048 0.044 0.042 0.040 0.034 0.030 0.027 0.021 0.019 0.017 0.018 0.020 0.016 0.014 0.013 0.000 0.000 0.000 0.000 0.000 0.000 0.000 0.000 0.000 0.000 0.000 0.000 0.000 0.000 0.000 0.000 0.000 0.000 0.000 0.000 0.000 0.000 0.000 0.000 0.000 0.000 0.000 0.000 0.000 0.000 0.000 0.000 0.130 0.126
0.000 0.000 0.000 0.000 0.000 0.000 0.000 0.000 0.000 0.000 0.000 0.000 0.000 0.000 0.000 0.000 0.107 0.102 0.090 0.080 0.073 0.066 0.058 0.046 0.040 0.039 0.033 0.043 0.050 0.045 0.041 0.033 0.034 0.033 0.029 0.026 0.024 0.021 0.021 0.025 0.023 0.019 0.018 0.016 0.012 0.010 0.012 0.000 0.000 0.000 0.000 0.000 0.000 0.000 0.000 0.000 0.000 0.000 0.000 0.000 0.000 0.000 0.000 0.000 0.000 0.000 0.000 0.000 0.000 0.000 0.000 0.000 0.000 0.000 0.000 0.000 0.000
0.000 0.000 0.000 0.000 0.000 0.000 0.000 0.000 0.000 0.000 0.000 0.000 0.000 0.000 0.000 0.000 0.000 0.000 0.078 0.072 0.069 0.065 0.055 0.045 0.039 0.040 0.036 0.040 0.037 0.041 0.034 0.037 0.032 0.033 0.041 0.037 0.030 0.026 0.030 0.033 0.033 0.028 0.024 0.024 0.021 0.016 0.015 0.014 0.016 0.014 0.008 0.006 0.005 0.005 0.006 0.000 0.000 0.000 0.000 0.000 0.000 0.000 0.000 0.000 0.000 0.000 0.000 0.000 0.000 0.000 0.000 0.000 0.000 0.000 0.000 0.000 0.000
0.000 0.000 0.000 0.000 0.000 0.000 0.000 0.000 0.000 0.000 0.000 0.000 0.000 0.000 0.000 0.000 0.000 0.000 0.071 0.066 0.063 0.061 0.054 0.037 0.037 0.042 0.038 0.036 0.037 0.037 0.039 0.038 0.031 0.040 0.048 0.044 0.039 0.039 0.043 0.044 0.044 0.042 0.037 0.033 0.029 0.022 0.020 0.020 0.018 0.022 0.026 0.020 0.015 0.012 0.012 0.011 0.010 0.013 0.000 0.000 0.000 0.000 0.000 0.000 0.000 0.000 0.000 0.000 0.000 0.000 0.000 0.000 0.000 0.000 0.000 0.000 0.000
0.000 0.000 0.000 0.000 0.000 0.000 0.000 0.000 0.000 0.000 0.000 0.000 0.000 0.000 0.000 0.000 0.000 0.000 0.066 0.060 0.060 0.059 0.052 0.046 0.039 0.039 0.037 0.034 0.028 0.036 0.044 0.042 0.046 0.054 0.053 0.047 0.044 0.047 0.053 0.056 0.060 0.059 0.050 0.044 0.040 0.030 0.027 0.026 0.029 0.031 0.030 0.031 0.030 0.028 0.026 0.023 0.020 0.020 0.019 0.019 0.023 0.000 0.000 0.000 0.000 0.000 0.000 0.000 0.000 0.000 0.000 0.000 0.000 0.000 0.000 0.000 0.000
0.000 0.000 0.000 0.000 0.000 0.000 0.000 0.000 0.000 0.000 0.000 0.000 0.000 0.000 0.000 0.000 0.000 0.000 0.074 0.066 0.063 0.060 0.055 0.050 0.046 0.046 0.043 0.037 0.038 0.045 0.049 0.050 0.054 0.054 0.054 0.055 0.055 0.057 0.060 0.061 0.064 0.069 0.069 0.064 0.056 0.049 0.044 0.042 0.041 0.039 0.040 0.041 0.040 0.037 0.036 0.036 0.035 0.032 0.030 0.028 0.029 0.030 0.032 0.032 0.036 0.000 0.000 0.000 0.000 0.000 0.000 0.000 0.000 0.000 0.000 0.000 0.000
0.000 0.000 0.000 0.000 0.000 0.000 0.000 0.000 0.000 0.000 0.000 0.000 0.000 0.000 0.000 0.000 0.000 0.097 0.091 0.082 0.079 0.074 0.062 0.059 0.050 0.050 0.045 0.049 0.048 0.051 0.054 0.057 0.059 0.056 0.057 0.059 0.061 0.064 0.066 0.066 0.070 0.076 0.078 0.076 0.072 0.065 0.059 0.055 0.052 0.052 0.052 0.050 0.049 0.049 0.047 0.046 0.047 0.046 0.042 0.039 0.040 0.041 0.041 0.045 0.047 0.047 0.041 0.041 0.036 0.000 0.000 0.000 0.000 0.000 0.000 0.000 0.000
0.000 0.000 0.000 0.000 0.000 0.000 0.000 0.000 0.000 0.000 0.000 0.000 0.000 0.000 0.000 0.000 0.000 0.107 0.107 0.101 0.095 0.095 0.086 0.077 0.070 0.060 0.054 0.055 0.054 0.061 0.062 0.063 0.064 0.064 0.069 0.073 0.074 0.074 0.074 0.073 0.076 0.079 0.081 0.081 0.082 0.079 0.073 0.066 0.064 0.064 0.062 0.060 0.059 0.059 0.058 0.058 0.059 0.059 0.056 0.054 0.052 0.051 0.054 0.056 0.059 0.055 0.046 0.042 0.040 0.026 0.008 0.002 0.000 0.000 0.000 0.000 0.000
0.000 0.000 0.000 0.000 0.000 0.000 0.000 0.000 0.000 0.000 0.000 0.000 0.000 0.000 0.000 0.000 0.000 0.116 0.121 0.114 0.105 0.102 0.097 0.090 0.083 0.073 0.063 0.060 0.063 0.069 0.068 0.068 0.068 0.069 0.076 0.082 0.086 0.086 0.085 0.083 0.086 0.087 0.085 0.085 0.087 0.087 0.081 0.074 0.071 0.071 0.072 0.071 0.069 0.069 0.070 0.070 0.071 0.070 0.069 0.068 0.066 0.063 0.065 0.067 0.067 0.060 0.053 0.041 0.039 0.020 0.009 0.002 0.000 0.000 0.000 0.000 0.000
0.000 0.000 0.000 0.000 0.000 0.000 0.000 0.000 0.000 0.000 0.000 0.000 0.000 0.000 0.000 0.000 0.000 0.121 0.115 0.112 0.103 0.100 0.097 0.090 0.083 0.074 0.067 0.065 0.069 0.072 0.072 0.073 0.076 0.081 0.087 0.091 0.092 0.095 0.097 0.098 0.096 0.093 0.090 0.091 0.092 0.092 0.089 0.082 0.079 0.078 0.078 0.077 0.076 0.077 0.079 0.082 0.083 0.082 0.082 0.081 0.080 0.079 0.078 0.079 0.076 0.064 0.051 0.040 0.029 0.017 0.007 0.002 0.000 0.000 0.000 0.000 0.000
0.000 0.000 0.000 0.000 0.000 0.000 0.000 0.000 0.000 0.000 0.000 0.000 0.000 0.000 0.000 0.000 0.125 0.119 0.113 0.104 0.098 0.095 0.095 0.089 0.084 0.080 0.077 0.074 0.070 0.069 0.072 0.080 0.088 0.094 0.097 0.099 0.099 0.099 0.099 0.103 0.105 0.101 0.098 0.097 0.096 0.097 0.094 0.090 0.086 0.085 0.084 0.084 0.082 0.082 0.085 0.088 0.090 0.092 0.094 0.093 0.091 0.091 0.091 0.091 0.080 0.065 0.051 0.041 0.035 0.027 0.019 0.015 0.010 0.005 0.002 0.001 0.000
0.000 0.000 0.000 0.000 0.000 0.000 0.000 0.000 0.000 0.000 0.000 0.000 0.000 0.000 0.000 0.000 0.120 0.123 0.116 0.110 0.108 0.105 0.101 0.094 0.091 0.086 0.090 0.091 0.081 0.077 0.079 0.085 0.091 0.099 0.106 0.106 0.107 0.107 0.107 0.107 0.109 0.109 0.105 0.102 0.102 0.102 0.100 0.096 0.092 0.090 0.089 0.089 0.088 0.089 0.092 0.096 0.097 0.099 0.101 0.103 0.101 0.100 0.099 0.097 0.103 0.097 0.088 0.077 0.066 0.053 0.049 0.038 0.034 0.027 0.016 0.011 0.007
0.000 0.000 0.000 0.000 0.000 0.000 0.000 0.000 0.000 0.000 0.000 0.000 0.000 0.000 0.000 0.000 0.124 0.123 0.115 0.113 0.111 0.104 0.105 0.098 0.090 0.088 0.088 0.091 0.091 0.087 0.092 0.100 0.106 0.106 0.109 0.112 0.116 0.115 0.114 0.114 0.115 0.114 0.111 0.109 0.107 0.106 0.104 0.102 0.098 0.096 0.095 0.094 0.094 0.095 0.097 0.102 0.105 0.107 0.109 0.111 0.112 0.105 0.097 0.091 0.096 0.100 0.104 0.106 0.105 0.094 0.088 0.075 0.066 0.059 0.047 0.035 0.028
0.277 0.278 0.283 0.000 0.000 0.000 0.000 0.000 0.000 0.000 0.000 0.000 0.000 0.000 0.000 0.114 0.116 0.124 0.119 0.119 0.111 0.112 0.111 0.104 0.095 0.100 0.104 0.100 0.103 0.104 0.099 0.104 0.111 0.114 0.116 0.121 0.125 0.128 0.123 0.118 0.119 0.119 0.119 0.115 0.112 0.110 0.108 0.106 0.103 0.101 0.100 0.101 0.102 0.103 0.105 0.109 0.111 0.114 0.117 0.115 0.108 0.102 0.093 0.086 0.089 0.092 0.095 0.097 0.100 0.103 0.108 0.108 0.106 0.097 0.085 0.072 0.061
0.283 0.283 0.287 0.289 0.291 0.300 0.000 0.000 0.000 0.000 0.000 0.000 0.000 0.000 0.000 0.117 0.117 0.121 0.116 0.108 0.103 0.104 0.094 0.099 0.095 0.095 0.106 0.113 0.108 0.113 0.118 0.117 0.120 0.124 0.126 0.130 0.134 0.142 0.000 0.119 0.124 0.126 0.125 0.118 0.116 0.115 0.111 0.109 0.108 0.106 0.106 0.108 0.109 0.110 0.113 0.116 0.119 0.120 0.117 0.113 0.106 0.098 0.090 0.081 0.082 0.085 0.088 0.090 0.093 0.096 0.099 0.100 0.103 0.107 0.108 0.108 0.102
0.288 0.292 0.295 0.298 0.298 0.303 0.300 0.295 0.293 0.288 0.000 0.000 0.000 0.000 0.000 0.126 0.122 0.115 0.115 0.113 0.116 0.107 0.103 0.095 0.098 0.104 0.112 0.120 0.124 0.125 0.127 0.128 0.132 0.134 0.136 0.138 0.142 0.000 0.000 0.000 0.000 0.000 0.000 0.118 0.120 0.118 0.114 0.114 0.113 0.111 0.112 0.114 0.115 0.118 0.121 0.123 0.120 0.116 0.112 0.110 0.105 0.096 0.087 0.080 0.078 0.080 0.081 0.083 0.085 0.087 0.090 0.092 0.096 0.099 0.099 0.100 0.103
0.000 0.000 0.000 0.310 0.309 0.310 0.304 0.299 0.296 0.287 0.276 0.264 0.252 0.000 0.000 0.131 0.123 0.121 0.123 0.115 0.109 0.107 0.106 0.101 0.093 0.107 0.115 0.130 0.136 0.139 0.144 0.146 0.141 0.143 0.147 0.000 0.000 0.000 0.000 0.000 0.000 0.000 0.000 0.000 0.000 0.000 0.115 0.118 0.119 0.119 0.117 0.120 0.122 0.125 0.121 0.119 0.117 0.113 0.109 0.104 0.099 0.091 0.082 0.074 0.071 0.071 0.072 0.073 0.075 0.078 0.081 0.086 0.090 0.090 0.090 0.091 0.094
0.000 0.000 0.000 0.000 0.000 0.000 0.309 0.308 0.300 0.290 0.280 0.264 0.243 0.217 0.179 0.148 0.134 0.125 0.122 0.117 0.114 0.105 0.108 0.101 0.109 0.115 0.127 0.130 0.145 0.149 0.153 0.161 0.155 0.155 0.000 0.000 0.000 0.000 0.000 0.000 0.000 0.000 0.000 0.000 0.000 0.000 0.000 0.000 0.000 0.000 0.121 0.127 0.126 0.121 0.115 0.113 0.112 0.109 0.106 0.102 0.095 0.086 0.078 0.070 0.066 0.066 0.066 0.067 0.069 0.072 0.076 0.079 0.080 0.080 0.081 0.084 0.088
0.000 0.000 0.000 0.000 0.000 0.000 0.000 0.000 0.000 0.000 0.276 0.263 0.245 0.215 0.177 0.153 0.135 0.130 0.123 0.113 0.106 0.107 0.103 0.102 0.104 0.120 0.132 0.146 0.159 0.167 0.178 0.184 0.175 0.000 0.000 0.000 0.000 0.000 0.000 0.000 0.000 0.000 0.000 0.000 0.000 0.000 0.000 0.000 0.000 0.000 0.000 0.000 0.000 0.000 0.109 0.109 0.106 0.103 0.102 0.098 0.092 0.083 0.074 0.066 0.060 0.058 0.058 0.059 0.061 0.063 0.065 0.067 0.067 0.069 0.073 0.077 0.080
0.000 0.000 0.000 0.000 0.000 0.000 0.000 0.000 0.000 0.000 0.000 0.000 0.000 0.000 0.165 0.151 0.137 0.129 0.119 0.120 0.117 0.110 0.111 0.116 0.119 0.139 0.147 0.153 0.163 0.180 0.193 0.200 0.000 0.000 0.000 0.000 0.000 0.000 0.000 0.000 0.000 0.000 0.000 0.000 0.000 0.000 0.000 0.000 0.000 0.000 0.000 0.000 0.000 0.000 0.000 0.000 0.000 0.095 0.095 0.092 0.085 0.075 0.067 0.059 0.051 0.049 0.049 0.050 0.050 0.052 0.054 0.056 0.060 0.064 0.068 0.071 0.073
0.000 0.000 0.000 0.000 0.000 0.000 0.000 0.000 0.000 0.000 0.000 0.000 0.000 0.000 0.000 0.139 0.134 0.136 0.110 0.121 0.128 0.125 0.118 0.130 0.141 0.154 0.164 0.170 0.183 0.192 0.199 0.215 0.000 0.000 0.000 0.000 0.000 0.000 0.000 0.000 0.000 0.000 0.000 0.000 0.000 0.000 0.000 0.000 0.000 0.000 0.000 0.000 0.000 0.000 0.000 0.000 0.000 0.000 0.000 0.000 0.000 0.063 0.059 0.052 0.042 0.041 0.041 0.042 0.043 0.045 0.048 0.051 0.055 0.058 0.061 0.064 0.065
0.000 0.000 0.000 0.000 0.000 0.000 0.000 0.000 0.000 0.000 0.000 0.000 0.000 0.000 0.135 0.141 0.142 0.142 0.139 0.137 0.143 0.140 0.144 0.151 0.163 0.170 0.174 0.184 0.197 0.211 0.219 0.223 0.000 0.000 0.000 0.000 0.000 0.000 0.000 0.000 0.000 0.000 0.000 0.000 0.000 0.000 0.000 0.000 0.000 0.000 0.000 0.000 0.000 0.000 0.000 0.000 0.000 0.000 0.000 0.000 0.000 0.000 0.000 0.000 0.030 0.034 0.036 0.038 0.039 0.041 0.045 0.048 0.052 0.056 0.058 0.059 0.059
0.000 0.000 0.000 0.000 0.000 0.000 0.000 0.000 0.000 0.000 0.000 0.000 0.000 0.000 0.148 0.156 0.155 0.155 0.144 0.143 0.140 0.142 0.149 0.166 0.176 0.177 0.184 0.193 0.208 0.221 0.229 0.236 0.000 0.000 0.000 0.000 0.000 0.000 0.000 0.000 0.000 0.000 0.000 0.000 0.000 0.000 0.000 0.000 0.000 0.000 0.000 0.000 0.000 0.000 0.000 0.000 0.000 0.000 0.000 0.000 0.000 0.000 0.000 0.000 0.000 0.000 0.000 0.000 0.031 0.038 0.043 0.045 0.048 0.051 0.052 0.052 0.051
0.000 0.000 0.000 0.000 0.000 0.000 0.000 0.000 0.000 0.000 0.000 0.000 0.000 0.000 0.163 0.161 0.158 0.169 0.171 0.162 0.162 0.161 0.168 0.180 0.188 0.197 0.204 0.207 0.221 0.235 0.235 0.000 0.000 0.000 0.000 0.000 0.000 0.000 0.000 0.000 0.000 0.000 0.000 0.000 0.000 0.000 0.000 0.000 0.000 0.000 0.000 0.000 0.000 0.000 0.000 0.000 0.000 0.000 0.000 0.000 0.000 0.000 0.000 0.000 0.000 0.000 0.000 0.000 0.000 0.000 0.000 0.038 0.045 0.050 0.051 0.047 0.044
0.000 0.000 0.000 0.000 0.000 0.000 0.000 0.000 0.000 0.000 0.000 0.000 0.000 0.000 0.189 0.179 0.172 0.174 0.167 0.170 0.171 0.168 0.179 0.192 0.201 0.214 0.218 0.224 0.236 0.244 0.256 0.000 0.000 0.000 0.000 0.000 0.000 0.000 0.000 0.000 0.000 0.000 0.000 0.000 0.000 0.000 0.000 0.000 0.000 0.000 0.000 0.000 0.000 0.000 0.000 0.000 0.000 0.000 0.000 0.000 0.000 0.000 0.000 0.000 0.000 0.000 0.000 0.000 0.000 0.000 0.000 0.000 0.000 0.000 0.000 0.030 0.031
0.000 0.000 0.000 0.000 0.000 0.000 0.000 0.000 0.000 0.000 0.000 0.000 0.000 0.193 0.188 0.190 0.188 0.181 0.171 0.168 0.170 0.161 0.178 0.191 0.207 0.214 0.224 0.234 0.241 0.249 0.260 0.000 0.000 0.000 0.000 0.000 0.000 0.000 0.000 0.000 0.000 0.000 0.000 0.000 0.000 0.000 0.000 0.000 0.000 0.000 0.000 0.000 0.000 0.000 0.000 0.000 0.000 0.000 0.000 0.000 0.000 0.000 0.000 0.000 0.000 0.000 0.000 0.000 0.000 0.000 0.000 0.000 0.000 0.000 0.000 0.000 0.017
0.000 0.000 0.000 0.000 0.000 0.000 0.000 0.000 0.000 0.000 0.000 0.000 0.000 0.210 0.202 0.203 0.192 0.198 0.199 0.190 0.186 0.186 0.186 0.197 0.202 0.224 0.238 0.241 0.248 0.265 0.000 0.000 0.000 0.000 0.000 0.000 0.000 0.000 0.000 0.000 0.000 0.000 0.000 0.000 0.000 0.000 0.000 0.000 0.000 0.000 0.000 0.000 0.000 0.000 0.000 0.000 0.000 0.000 0.000 0.000 0.000 0.000 0.000 0.000 0.000 0.000 0.000 0.000 0.000 0.000 0.000 0.000 0.000 0.000 0.000 0.000 0.006
