数据/2hours/0.1-2h-50y/coupled-140-0001.wd
ncols         694
nrows         824
xllcorner     581104.939801
yllcorner     3495917.092414
cellsize      2.000000
NODATA_value  -9999.000000
[rows 408 to 441 of 824, columns 385 to 461 of 694]
0.000 0.000 0.000 0.000 0.000 0.000 0.000 0.000 0.000 0.000 0.000 0.000 0.000 0.000 0.000 0.000 0.000 0.000 0.000 0.000 0.000 0.000 0.000 0.000 0.000 0.000 0.000 0.000 0.000 0.000 0.000 0.000 0.036 0.043 0.052 0.058 0.064 0.064 0.055 0.070 0.070 0.073 0.075 0.000 0.000 0.000 0.000 0.000 0.000 0.000 0.031 0.030 0.031 0.030 0.030 0.028 0.024 0.020 0.015 0.010 0.005 0.001 0.000 0.000 0.000 0.000 0.000 0.000 0.000 0.000 0.000 0.000 0.000 0.000 0.000 0.000 0.000
0.000 0.000 0.000 0.000 0.000 0.000 0.000 0.000 0.000 0.000 0.000 0.000 0.000 0.000 0.000 0.000 0.000 0.000 0.000 0.000 0.000 0.000 0.000 0.000 0.000 0.000 0.000 0.000 0.000 0.000 0.000 0.028 0.037 0.046 0.051 0.061 0.065 0.067 0.067 0.070 0.067 0.073 0.070 0.000 0.000 0.000 0.000 0.000 0.000 0.031 0.031 0.030 0.031 0.031 0.031 0.031 0.030 0.027 0.022 0.017 0.013 0.008 0.003 0.000 0.000 0.000 0.000 0.000 0.000 0.000 0.000 0.000 0.000 0.000 0.000 0.000 0.000
0.000 0.000 0.000 0.000 0.000 0.000 0.000 0.000 0.000 0.000 0.000 0.000 0.000 0.000 0.000 0.000 0.000 0.000 0.000 0.000 0.000 0.000 0.000 0.000 0.000 0.000 0.000 0.000 0.000 0.000 0.000 0.032 0.037 0.045 0.056 0.062 0.065 0.065 0.065 0.069 0.064 0.068 0.070 0.000 0.000 0.000 0.000 0.000 0.000 0.031 0.031 0.031 0.031 0.031 0.031 0.031 0.030 0.030 0.029 0.024 0.020 0.015 0.010 0.005 0.001 0.000 0.000 0.000 0.000 0.000 0.000 0.000 0.000 0.000 0.000 0.000 0.000
0.000 0.000 0.000 0.000 0.000 0.000 0.000 0.000 0.000 0.000 0.000 0.000 0.000 0.000 0.000 0.000 0.000 0.000 0.000 0.000 0.000 0.000 0.000 0.000 0.000 0.000 0.000 0.000 0.000 0.000 0.000 0.031 0.039 0.046 0.055 0.066 0.066 0.067 0.068 0.070 0.068 0.071 0.067 0.000 0.000 0.000 0.000 0.000 0.000 0.031 0.032 0.031 0.031 0.031 0.030 0.031 0.031 0.030 0.030 0.030 0.027 0.022 0.017 0.013 0.008 0.003 0.000 0.000 0.000 0.000 0.000 0.000 0.000 0.000 0.000 0.000 0.000
0.000 0.000 0.000 0.000 0.000 0.000 0.000 0.000 0.000 0.000 0.000 0.000 0.000 0.000 0.000 0.000 0.000 0.000 0.000 0.000 0.000 0.000 0.000 0.000 0.000 0.000 0.000 0.000 0.000 0.000 0.000 0.033 0.041 0.049 0.059 0.063 0.065 0.064 0.069 0.067 0.069 0.068 0.000 0.000 0.000 0.000 0.000 0.000 0.000 0.031 0.031 0.031 0.031 0.031 0.031 0.031 0.031 0.031 0.030 0.029 0.029 0.029 0.024 0.020 0.015 0.010 0.005 0.001 0.000 0.000 0.000 0.000 0.000 0.000 0.000 0.000 0.000
0.000 0.000 0.000 0.000 0.000 0.000 0.000 0.000 0.000 0.000 0.000 0.000 0.000 0.000 0.000 0.000 0.000 0.000 0.000 0.000 0.000 0.000 0.000 0.000 0.000 0.000 0.000 0.000 0.000 0.000 0.027 0.034 0.045 0.049 0.061 0.064 0.069 0.067 0.069 0.071 0.075 0.074 0.000 0.000 0.000 0.000 0.000 0.000 0.032 0.031 0.031 0.031 0.031 0.031 0.031 0.031 0.030 0.030 0.030 0.030 0.029 0.029 0.028 0.027 0.022 0.017 0.012 0.007 0.002 0.000 0.000 0.000 0.000 0.000 0.000 0.000 0.000
0.000 0.000 0.000 0.000 0.000 0.000 0.000 0.000 0.000 0.000 0.000 0.000 0.000 0.000 0.000 0.000 0.000 0.000 0.000 0.000 0.000 0.000 0.000 0.000 0.000 0.000 0.000 0.000 0.000 0.000 0.029 0.035 0.049 0.052 0.061 0.069 0.068 0.067 0.069 0.071 0.068 0.068 0.000 0.000 0.000 0.000 0.000 0.000 0.031 0.032 0.032 0.031 0.031 0.031 0.030 0.031 0.031 0.031 0.030 0.030 0.029 0.028 0.028 0.028 0.028 0.024 0.019 0.014 0.009 0.004 0.001 0.000 0.000 0.000 0.000 0.000 0.000
0.000 0.000 0.000 0.000 0.000 0.000 0.000 0.000 0.000 0.000 0.000 0.000 0.000 0.000 0.000 0.000 0.000 0.000 0.000 0.000 0.000 0.000 0.000 0.000 0.000 0.000 0.000 0.000 0.000 0.000 0.028 0.037 0.050 0.057 0.063 0.069 0.066 0.068 0.069 0.069 0.072 0.000 0.000 0.000 0.000 0.000 0.000 0.000 0.031 0.031 0.031 0.031 0.031 0.031 0.031 0.031 0.030 0.030 0.030 0.029 0.029 0.028 0.028 0.027 0.027 0.027 0.026 0.021 0.016 0.011 0.006 0.001 0.000 0.000 0.000 0.000 0.000
0.000 0.000 0.000 0.000 0.000 0.000 0.000 0.000 0.000 0.000 0.000 0.000 0.000 0.000 0.000 0.000 0.000 0.000 0.000 0.000 0.000 0.000 0.000 0.000 0.000 0.000 0.000 0.000 0.000 0.000 0.033 0.040 0.048 0.057 0.066 0.067 0.068 0.067 0.071 0.070 0.074 0.000 0.000 0.000 0.000 0.000 0.000 0.032 0.032 0.031 0.032 0.032 0.031 0.031 0.031 0.030 0.030 0.030 0.030 0.029 0.029 0.028 0.027 0.028 0.026 0.026 0.026 0.025 0.023 0.018 0.013 0.008 0.003 0.000 0.000 0.000 0.000
0.000 0.000 0.000 0.000 0.000 0.000 0.000 0.000 0.000 0.000 0.000 0.000 0.000 0.000 0.000 0.000 0.000 0.000 0.000 0.000 0.000 0.000 0.000 0.000 0.000 0.000 0.000 0.000 0.019 0.028 0.034 0.040 0.047 0.056 0.065 0.067 0.068 0.065 0.067 0.071 0.073 0.000 0.000 0.000 0.000 0.000 0.000 0.032 0.032 0.032 0.032 0.032 0.031 0.031 0.031 0.031 0.030 0.030 0.030 0.029 0.029 0.028 0.028 0.026 0.026 0.026 0.026 0.025 0.024 0.023 0.019 0.014 0.009 0.004 0.000 0.000 0.000
0.000 0.000 0.000 0.000 0.000 0.000 0.000 0.000 0.000 0.000 0.000 0.000 0.000 0.000 0.000 0.000 0.000 0.000 0.000 0.000 0.000 0.000 0.000 0.000 0.000 0.000 0.000 0.000 0.020 0.031 0.035 0.040 0.049 0.057 0.066 0.068 0.066 0.068 0.067 0.068 0.068 0.000 0.000 0.000 0.000 0.000 0.000 0.032 0.032 0.033 0.032 0.032 0.032 0.031 0.031 0.030 0.030 0.030 0.030 0.029 0.028 0.028 0.027 0.026 0.026 0.025 0.025 0.024 0.024 0.023 0.022 0.021 0.016 0.010 0.006 0.001 0.000
0.000 0.000 0.000 0.000 0.000 0.000 0.000 0.000 0.000 0.000 0.000 0.000 0.000 0.000 0.000 0.000 0.000 0.000 0.000 0.000 0.000 0.000 0.000 0.000 0.000 0.000 0.000 0.000 0.023 0.028 0.034 0.045 0.052 0.061 0.068 0.068 0.068 0.068 0.069 0.068 0.064 0.000 0.000 0.000 0.000 0.000 0.000 0.034 0.033 0.033 0.033 0.033 0.032 0.031 0.031 0.030 0.030 0.029 0.029 0.029 0.028 0.028 0.027 0.026 0.025 0.025 0.024 0.024 0.023 0.023 0.022 0.020 0.020 0.017 0.012 0.007 0.002
0.000 0.000 0.000 0.000 0.000 0.000 0.000 0.000 0.000 0.000 0.000 0.000 0.000 0.000 0.000 0.000 0.000 0.000 0.000 0.000 0.000 0.000 0.000 0.000 0.000 0.000 0.000 0.000 0.022 0.029 0.040 0.047 0.052 0.062 0.067 0.065 0.070 0.068 0.069 0.071 0.065 0.000 0.000 0.000 0.000 0.000 0.034 0.034 0.034 0.033 0.033 0.033 0.032 0.032 0.031 0.030 0.029 0.029 0.029 0.028 0.028 0.027 0.026 0.026 0.025 0.025 0.024 0.024 0.023 0.022 0.021 0.020 0.019 0.018 0.018 0.013 0.008
0.000 0.000 0.000 0.000 0.000 0.000 0.000 0.000 0.000 0.000 0.000 0.000 0.000 0.000 0.000 0.000 0.000 0.000 0.000 0.000 0.000 0.000 0.000 0.000 0.000 0.000 0.000 0.000 0.021 0.035 0.038 0.048 0.057 0.066 0.072 0.069 0.070 0.072 0.068 0.069 0.070 0.000 0.000 0.000 0.000 0.000 0.034 0.034 0.034 0.034 0.033 0.033 0.033 0.032 0.031 0.030 0.030 0.029 0.028 0.028 0.027 0.027 0.027 0.025 0.024 0.024 0.023 0.023 0.022 0.021 0.020 0.019 0.018 0.018 0.017 0.015 0.014
0.000 0.000 0.000 0.000 0.000 0.000 0.000 0.000 0.000 0.000 0.000 0.000 0.000 0.000 0.000 0.000 0.000 0.000 0.000 0.000 0.000 0.000 0.000 0.000 0.000 0.000 0.000 0.017 0.026 0.033 0.044 0.049 0.062 0.067 0.070 0.071 0.068 0.072 0.069 0.069 0.069 0.000 0.000 0.000 0.000 0.000 0.034 0.033 0.034 0.034 0.034 0.033 0.034 0.032 0.031 0.030 0.029 0.029 0.028 0.027 0.027 0.026 0.026 0.025 0.024 0.023 0.022 0.022 0.021 0.020 0.020 0.019 0.017 0.017 0.016 0.015 0.013
0.000 0.000 0.000 0.000 0.000 0.000 0.000 0.000 0.000 0.000 0.000 0.000 0.000 0.000 0.000 0.000 0.000 0.000 0.000 0.000 0.000 0.000 0.000 0.000 0.000 0.000 0.000 0.017 0.028 0.035 0.044 0.052 0.061 0.074 0.070 0.070 0.067 0.067 0.069 0.068 0.067 0.065 0.063 0.000 0.000 0.000 0.000 0.000 0.035 0.034 0.035 0.034 0.034 0.033 0.032 0.030 0.029 0.028 0.028 0.027 0.027 0.026 0.025 0.024 0.023 0.023 0.021 0.021 0.020 0.019 0.018 0.017 0.017 0.016 0.015 0.014 0.012
0.000 0.000 0.000 0.000 0.000 0.000 0.000 0.000 0.000 0.000 0.000 0.000 0.000 0.000 0.000 0.000 0.000 0.000 0.000 0.000 0.000 0.000 0.000 0.000 0.000 0.000 0.000 0.018 0.031 0.037 0.046 0.057 0.068 0.071 0.070 0.068 0.067 0.068 0.067 0.066 0.067 0.065 0.061 0.059 0.055 0.054 0.000 0.037 0.036 0.035 0.035 0.034 0.034 0.033 0.032 0.030 0.029 0.028 0.027 0.027 0.027 0.026 0.025 0.024 0.023 0.022 0.021 0.020 0.019 0.018 0.018 0.017 0.016 0.015 0.013 0.012 0.011
0.000 0.000 0.000 0.000 0.000 0.000 0.000 0.000 0.000 0.000 0.000 0.000 0.000 0.000 0.000 0.000 0.000 0.000 0.000 0.000 0.000 0.000 0.000 0.000 0.000 0.000 0.000 0.020 0.032 0.038 0.050 0.057 0.065 0.072 0.065 0.067 0.064 0.066 0.069 0.068 0.068 0.064 0.062 0.058 0.055 0.050 0.044 0.039 0.037 0.036 0.035 0.035 0.034 0.033 0.032 0.031 0.029 0.028 0.027 0.027 0.027 0.025 0.024 0.023 0.022 0.021 0.020 0.019 0.019 0.018 0.016 0.015 0.014 0.013 0.012 0.010 0.008
0.000 0.000 0.000 0.000 0.000 0.000 0.000 0.000 0.000 0.000 0.000 0.000 0.000 0.000 0.000 0.000 0.000 0.000 0.000 0.000 0.000 0.000 0.000 0.000 0.000 0.000 0.000 0.022 0.033 0.039 0.050 0.060 0.069 0.085 0.070 0.067 0.069 0.068 0.067 0.068 0.000 0.062 0.061 0.058 0.053 0.048 0.043 0.039 0.038 0.036 0.035 0.035 0.034 0.033 0.032 0.030 0.029 0.027 0.026 0.025 0.025 0.025 0.024 0.022 0.021 0.020 0.019 0.018 0.017 0.016 0.015 0.014 0.013 0.011 0.009 0.007 0.007
0.000 0.000 0.000 0.000 0.000 0.000 0.000 0.000 0.000 0.000 0.000 0.000 0.000 0.000 0.000 0.000 0.000 0.000 0.000 0.000 0.000 0.000 0.000 0.000 0.000 0.000 0.000 0.022 0.033 0.041 0.051 0.059 0.066 0.071 0.065 0.070 0.066 0.064 0.066 0.000 0.000 0.000 0.000 0.000 0.049 0.047 0.041 0.038 0.037 0.035 0.035 0.034 0.034 0.033 0.031 0.030 0.028 0.027 0.026 0.025 0.024 0.024 0.023 0.021 0.020 0.019 0.018 0.017 0.016 0.015 0.014 0.012 0.010 0.007 0.007 0.007 0.007
0.000 0.000 0.000 0.000 0.000 0.000 0.000 0.000 0.000 0.000 0.000 0.000 0.000 0.000 0.000 0.000 0.000 0.000 0.000 0.000 0.000 0.000 0.000 0.000 0.000 0.000 0.019 0.024 0.035 0.042 0.053 0.061 0.068 0.067 0.068 0.068 0.066 0.068 0.000 0.000 0.000 0.000 0.000 0.000 0.000 0.000 0.038 0.038 0.037 0.036 0.036 0.035 0.034 0.033 0.031 0.029 0.028 0.026 0.025 0.025 0.024 0.023 0.021 0.020 0.019 0.018 0.017 0.016 0.014 0.013 0.011 0.008 0.007 0.007 0.007 0.007 0.007
0.000 0.000 0.000 0.000 0.000 0.000 0.000 0.000 0.000 0.000 0.000 0.000 0.000 0.000 0.000 0.000 0.000 0.000 0.000 0.000 0.000 0.000 0.000 0.000 0.000 0.000 0.019 0.026 0.035 0.045 0.053 0.063 0.064 0.067 0.064 0.066 0.065 0.067 0.000 0.000 0.000 0.000 0.000 0.000 0.000 0.000 0.037 0.037 0.037 0.036 0.035 0.034 0.033 0.032 0.030 0.028 0.027 0.025 0.024 0.024 0.023 0.022 0.020 0.019 0.018 0.017 0.015 0.014 0.012 0.009 0.008 0.008 0.007 0.007 0.007 0.007 0.008
0.000 0.000 0.000 0.000 0.000 0.000 0.000 0.000 0.000 0.000 0.000 0.000 0.000 0.000 0.000 0.000 0.000 0.000 0.000 0.000 0.000 0.000 0.000 0.000 0.000 0.000 0.021 0.025 0.037 0.043 0.058 0.063 0.066 0.066 0.063 0.064 0.060 0.000 0.000 0.000 0.000 0.000 0.038 0.037 0.037 0.037 0.037 0.037 0.036 0.035 0.034 0.033 0.032 0.031 0.029 0.028 0.026 0.025 0.024 0.023 0.022 0.021 0.019 0.018 0.016 0.015 0.013 0.010 0.008 0.008 0.008 0.008 0.007 0.007 0.007 0.008 0.011
0.000 0.000 0.000 0.000 0.000 0.000 0.000 0.000 0.000 0.000 0.000 0.000 0.000 0.000 0.000 0.000 0.000 0.000 0.000 0.000 0.000 0.000 0.000 0.000 0.000 0.000 0.023 0.025 0.039 0.045 0.057 0.065 0.069 0.064 0.065 0.067 0.069 0.000 0.000 0.000 0.000 0.000 0.000 0.037 0.037 0.037 0.037 0.037 0.036 0.035 0.034 0.033 0.032 0.030 0.028 0.027 0.026 0.025 0.023 0.022 0.021 0.019 0.017 0.015 0.014 0.011 0.009 0.009 0.008 0.008 0.008 0.008 0.008 0.008 0.009 0.013 0.019
0.000 0.000 0.000 0.000 0.000 0.000 0.000 0.000 0.000 0.000 0.000 0.000 0.000 0.000 0.000 0.000 0.000 0.000 0.000 0.000 0.000 0.000 0.000 0.000 0.000 0.000 0.023 0.027 0.037 0.051 0.059 0.067 0.067 0.066 0.067 0.063 0.064 0.000 0.000 0.000 0.000 0.000 0.000 0.000 0.000 0.000 0.037 0.036 0.036 0.035 0.034 0.032 0.031 0.029 0.028 0.027 0.025 0.024 0.023 0.021 0.019 0.017 0.015 0.012 0.010 0.009 0.009 0.009 0.008 0.008 0.008 0.008 0.009 0.012 0.016 0.023 0.027
0.000 0.000 0.000 0.000 0.000 0.000 0.000 0.000 0.000 0.000 0.000 0.000 0.000 0.000 0.000 0.000 0.000 0.000 0.000 0.000 0.000 0.000 0.000 0.000 0.000 0.010 0.021 0.031 0.038 0.050 0.060 0.071 0.069 0.068 0.067 0.068 0.000 0.000 0.000 0.000 0.000 0.000 0.000 0.000 0.000 0.000 0.000 0.000 0.036 0.035 0.033 0.031 0.029 0.029 0.027 0.026 0.024 0.023 0.021 0.019 0.016 0.014 0.011 0.010 0.010 0.009 0.009 0.009 0.008 0.009 0.009 0.011 0.015 0.021 0.028 0.035 0.034
0.060 0.000 0.000 0.000 0.000 0.015 0.013 0.012 0.009 0.002 0.000 0.000 0.000 0.000 0.000 0.000 0.000 0.000 0.000 0.000 0.000 0.000 0.000 0.000 0.000 0.012 0.022 0.034 0.042 0.049 0.062 0.069 0.067 0.068 0.066 0.067 0.000 0.000 0.000 0.000 0.000 0.000 0.000 0.000 0.000 0.000 0.000 0.000 0.000 0.000 0.000 0.029 0.029 0.028 0.026 0.025 0.023 0.021 0.019 0.016 0.012 0.011 0.010 0.010 0.010 0.009 0.009 0.009 0.009 0.011 0.014 0.019 0.027 0.034 0.041 0.045 0.042
0.069 0.055 0.043 0.036 0.031 0.027 0.023 0.021 0.016 0.014 0.003 0.001 0.001 0.001 0.001 0.001 0.001 0.000 0.001 0.000 0.000 0.000 0.000 0.000 0.000 0.013 0.024 0.035 0.045 0.053 0.063 0.068 0.070 0.069 0.071 0.068 0.000 0.000 0.000 0.000 0.000 0.000 0.000 0.000 0.000 0.000 0.000 0.000 0.000 0.000 0.000 0.000 0.000 0.000 0.025 0.024 0.021 0.018 0.014 0.012 0.011 0.011 0.010 0.010 0.010 0.010 0.010 0.011 0.014 0.018 0.025 0.032 0.040 0.047 0.054 0.054 0.049
0.076 0.066 0.055 0.046 0.041 0.037 0.033 0.029 0.025 0.021 0.016 0.005 0.002 0.001 0.001 0.001 0.001 0.001 0.001 0.001 0.001 0.000 0.000 0.000 0.000 0.015 0.025 0.035 0.045 0.054 0.060 0.065 0.070 0.072 0.072 0.070 0.000 0.000 0.000 0.000 0.000 0.000 0.000 0.000 0.000 0.000 0.000 0.000 0.000 0.000 0.000 0.000 0.000 0.000 0.000 0.000 0.014 0.012 0.012 0.011 0.011 0.011 0.010 0.010 0.011 0.012 0.014 0.018 0.024 0.031 0.038 0.046 0.053 0.060 0.066 0.061 0.056
0.085 0.075 0.065 0.057 0.051 0.047 0.042 0.038 0.033 0.030 0.025 0.017 0.007 0.003 0.001 0.001 0.001 0.001 0.001 0.001 0.001 0.001 0.000 0.000 0.000 0.019 0.026 0.035 0.042 0.053 0.060 0.064 0.067 0.069 0.071 0.000 0.000 0.000 0.000 0.000 0.000 0.000 0.000 0.000 0.000 0.000 0.000 0.000 0.000 0.000 0.000 0.000 0.000 0.000 0.000 0.000 0.010 0.011 0.011 0.011 0.011 0.011 0.011 0.012 0.014 0.017 0.023 0.029 0.037 0.045 0.052 0.060 0.067 0.075 0.074 0.069 0.064
0.093 0.083 0.074 0.067 0.061 0.056 0.051 0.048 0.042 0.039 0.034 0.027 0.018 0.010 0.005 0.002 0.001 0.001 0.001 0.001 0.001 0.001 0.001 0.002 0.011 0.021 0.023 0.033 0.042 0.052 0.060 0.064 0.065 0.065 0.067 0.000 0.000 0.000 0.000 0.000 0.000 0.000 0.000 0.000 0.000 0.000 0.000 0.000 0.000 0.000 0.000 0.000 0.000 0.000 0.000 0.000 0.009 0.010 0.010 0.011 0.011 0.012 0.013 0.017 0.022 0.028 0.036 0.044 0.050 0.058 0.066 0.073 0.080 0.086 0.082 0.076 0.071
0.101 0.093 0.084 0.077 0.071 0.065 0.061 0.057 0.053 0.049 0.044 0.037 0.028 0.019 0.012 0.007 0.004 0.001 0.001 0.001 0.001 0.001 0.002 0.003 0.013 0.018 0.022 0.033 0.042 0.052 0.061 0.061 0.063 0.063 0.060 0.000 0.000 0.000 0.000 0.000 0.000 0.000 0.000 0.000 0.000 0.000 0.000 0.000 0.000 0.000 0.000 0.000 0.000 0.000 0.000 0.000 0.007 0.009 0.010 0.011 0.012 0.015 0.020 0.026 0.034 0.041 0.049 0.057 0.065 0.071 0.079 0.086 0.093 0.093 0.089 0.084 0.079
0.109 0.103 0.094 0.087 0.081 0.076 0.071 0.067 0.063 0.059 0.054 0.047 0.038 0.029 0.021 0.014 0.009 0.006 0.001 0.001 0.001 0.002 0.003 0.005 0.014 0.016 0.026 0.035 0.041 0.054 0.060 0.055 0.057 0.063 0.058 0.000 0.000 0.000 0.000 0.000 0.000 0.000 0.000 0.000 0.000 0.000 0.000 0.000 0.000 0.000 0.000 0.000 0.000 0.000 0.000 0.000 0.006 0.009 0.011 0.014 0.018 0.025 0.032 0.040 0.047 0.055 0.063 0.070 0.077 0.085 0.092 0.000 0.000 0.102 0.097 0.092 0.086
0.000 0.000 0.103 0.097 0.091 0.086 0.082 0.077 0.073 0.068 0.064 0.056 0.048 0.039 0.030 0.023 0.016 0.012 0.008 0.002 0.002 0.002 0.003 0.006 0.011 0.019 0.023 0.035 0.042 0.052 0.057 0.054 0.052 0.058 0.000 0.000 0.000 0.000 0.000 0.000 0.000 0.000 0.000 0.000 0.000 0.000 0.000 0.000 0.000 0.000 0.000 0.000 0.000 0.000 0.000 0.000 0.008 0.012 0.018 0.024 0.031 0.038 0.046 0.054 0.061 0.068 0.075 0.083 0.089 0.098 0.000 0.000 0.000 0.000 0.000 0.099 0.094
