数据/2hours/0.1-2h-50y/coupled-112-0001.wd
ncols         694
nrows         824
xllcorner     581104.939801
yllcorner     3495917.092414
cellsize      2.000000
NODATA_value  -9999.000000
[rows 442 to 475 of 824, columns 385 to 461 of 694]
0.000 0.000 0.000 0.073 0.044 0.001 0.000 0.000 0.000 0.000 0.000 0.000 0.000 0.000 0.000 0.000 0.000 0.000 0.000 0.000 0.000 0.011 0.017 0.021 0.028 0.035 0.045 0.055 0.066 0.078 0.086 0.087 0.083 0.088 0.000 0.000 0.000 0.000 0.000 0.000 0.000 0.000 0.000 0.000 0.000 0.000 0.000 0.000 0.000 0.000 0.000 0.000 0.000 0.000 0.000 0.000 0.005 0.007 0.008 0.009 0.010 0.010 0.011 0.011 0.011 0.011 0.010 0.009 0.010 0.013 0.000 0.000 0.000 0.000 0.000 0.000 0.000
0.000 0.000 0.000 0.000 0.000 0.000 0.000 0.000 0.000 0.000 0.000 0.000 0.000 0.000 0.000 0.000 0.000 0.001 0.001 0.001 0.002 0.008 0.015 0.024 0.024 0.042 0.040 0.052 0.062 0.083 0.077 0.080 0.078 0.072 0.000 0.000 0.000 0.000 0.000 0.000 0.000 0.000 0.000 0.000 0.000 0.000 0.000 0.000 0.000 0.000 0.000 0.000 0.000 0.000 0.000 0.000 0.005 0.007 0.009 0.011 0.011 0.012 0.012 0.013 0.013 0.012 0.011 0.011 0.012 0.014 0.015 0.015 0.000 0.000 0.000 0.000 0.000
0.000 0.000 0.000 0.000 0.000 0.000 0.000 0.000 0.000 0.000 0.000 0.000 0.000 0.000 0.000 0.000 0.001 0.001 0.002 0.002 0.003 0.008 0.014 0.023 0.026 0.037 0.043 0.055 0.058 0.071 0.074 0.068 0.069 0.000 0.000 0.000 0.000 0.000 0.000 0.000 0.000 0.000 0.000 0.000 0.000 0.000 0.000 0.000 0.000 0.000 0.000 0.000 0.000 0.000 0.000 0.000 0.007 0.012 0.015 0.017 0.015 0.015 0.016 0.017 0.016 0.015 0.015 0.016 0.018 0.022 0.027 0.021 0.014 0.005 0.000 0.000 0.000
0.000 0.000 0.000 0.000 0.000 0.000 0.000 0.000 0.000 0.000 0.000 0.000 0.000 0.000 0.001 0.001 0.002 0.002 0.003 0.003 0.004 0.009 0.012 0.017 0.033 0.035 0.043 0.053 0.067 0.071 0.072 0.070 0.069 0.000 0.000 0.000 0.000 0.000 0.000 0.000 0.000 0.000 0.000 0.000 0.000 0.000 0.000 0.000 0.000 0.000 0.000 0.000 0.000 0.000 0.000 0.000 0.000 0.025 0.000 0.000 0.019 0.022 0.024 0.025 0.021 0.021 0.023 0.025 0.028 0.033 0.034 0.028 0.021 0.014 0.004 0.000 0.000
0.000 0.000 0.000 0.000 0.000 0.000 0.000 0.000 0.000 0.000 0.000 0.001 0.001 0.001 0.002 0.002 0.003 0.003 0.004 0.004 0.005 0.009 0.013 0.013 0.028 0.032 0.045 0.051 0.063 0.069 0.068 0.067 0.069 0.000 0.000 0.000 0.000 0.000 0.000 0.000 0.000 0.000 0.000 0.000 0.000 0.000 0.000 0.000 0.000 0.000 0.000 0.000 0.000 0.000 0.000 0.000 0.000 0.000 0.000 0.000 0.000 0.000 0.000 0.000 0.026 0.030 0.034 0.037 0.039 0.045 0.041 0.035 0.029 0.021 0.014 0.002 0.000
0.000 0.000 0.000 0.000 0.000 0.000 0.000 0.000 0.000 0.000 0.000 0.009 0.009 0.009 0.008 0.006 0.005 0.005 0.006 0.006 0.006 0.009 0.014 0.015 0.021 0.031 0.042 0.048 0.055 0.059 0.058 0.061 0.055 0.044 0.034 0.026 0.000 0.000 0.000 0.000 0.000 0.000 0.000 0.000 0.000 0.000 0.000 0.000 0.000 0.000 0.000 0.000 0.000 0.000 0.000 0.000 0.000 0.000 0.000 0.000 0.000 0.000 0.000 0.000 0.000 0.000 0.000 0.000 0.051 0.054 0.048 0.042 0.036 0.029 0.021 0.012 0.001
0.000 0.000 0.000 0.000 0.000 0.000 0.000 0.000 0.000 0.000 0.000 0.000 0.000 0.015 0.014 0.012 0.011 0.011 0.009 0.008 0.008 0.010 0.013 0.015 0.018 0.025 0.035 0.038 0.047 0.052 0.051 0.052 0.047 0.034 0.030 0.022 0.017 0.014 0.009 0.009 0.000 0.000 0.000 0.000 0.000 0.000 0.000 0.000 0.000 0.000 0.000 0.000 0.000 0.000 0.000 0.000 0.000 0.000 0.000 0.000 0.000 0.000 0.000 0.000 0.000 0.000 0.000 0.000 0.000 0.000 0.000 0.048 0.042 0.036 0.028 0.016 0.005
0.000 0.000 0.000 0.000 0.000 0.000 0.000 0.000 0.000 0.000 0.000 0.000 0.000 0.000 0.000 0.017 0.016 0.015 0.014 0.013 0.012 0.011 0.014 0.015 0.017 0.021 0.027 0.034 0.038 0.039 0.040 0.038 0.030 0.027 0.025 0.020 0.020 0.017 0.011 0.010 0.008 0.006 0.005 0.000 0.000 0.000 0.000 0.000 0.000 0.000 0.000 0.000 0.000 0.000 0.000 0.000 0.000 0.000 0.000 0.000 0.000 0.000 0.000 0.000 0.000 0.000 0.000 0.000 0.000 0.000 0.000 0.000 0.000 0.000 0.000 0.017 0.004
0.000 0.000 0.000 0.000 0.000 0.000 0.000 0.000 0.000 0.000 0.000 0.000 0.000 0.000 0.000 0.000 0.020 0.019 0.018 0.015 0.014 0.013 0.016 0.018 0.016 0.019 0.024 0.032 0.032 0.030 0.029 0.026 0.027 0.026 0.022 0.023 0.023 0.017 0.012 0.012 0.010 0.008 0.007 0.005 0.003 0.002 0.002 0.000 0.000 0.000 0.000 0.000 0.000 0.000 0.000 0.000 0.000 0.000 0.000 0.000 0.000 0.000 0.000 0.000 0.000 0.000 0.000 0.000 0.000 0.000 0.000 0.000 0.000 0.000 0.000 0.000 0.000
0.000 0.000 0.000 0.000 0.000 0.000 0.000 0.000 0.000 0.000 0.000 0.000 0.000 0.000 0.000 0.000 0.000 0.000 0.020 0.018 0.016 0.014 0.014 0.019 0.021 0.016 0.019 0.025 0.030 0.026 0.026 0.028 0.025 0.025 0.026 0.028 0.023 0.015 0.014 0.014 0.012 0.010 0.008 0.007 0.005 0.004 0.003 0.002 0.001 0.001 0.001 0.000 0.000 0.000 0.000 0.000 0.000 0.000 0.000 0.000 0.000 0.000 0.000 0.000 0.000 0.000 0.000 0.000 0.000 0.000 0.000 0.000 0.000 0.000 0.000 0.000 0.000
0.000 0.000 0.000 0.000 0.000 0.000 0.000 0.000 0.000 0.000 0.000 0.000 0.000 0.000 0.000 0.000 0.000 0.000 0.021 0.019 0.017 0.015 0.014 0.015 0.021 0.020 0.014 0.017 0.020 0.025 0.027 0.025 0.026 0.032 0.032 0.027 0.018 0.015 0.017 0.016 0.014 0.011 0.011 0.010 0.007 0.005 0.004 0.003 0.002 0.002 0.001 0.001 0.001 0.000 0.000 0.000 0.000 0.000 0.000 0.000 0.000 0.000 0.000 0.000 0.000 0.000 0.000 0.000 0.000 0.000 0.000 0.000 0.000 0.000 0.000 0.000 0.000
0.000 0.000 0.000 0.000 0.000 0.000 0.000 0.000 0.000 0.000 0.000 0.000 0.000 0.000 0.000 0.000 0.000 0.000 0.021 0.020 0.019 0.017 0.014 0.013 0.016 0.021 0.018 0.011 0.000 0.019 0.023 0.029 0.036 0.035 0.027 0.019 0.016 0.019 0.019 0.019 0.016 0.013 0.014 0.013 0.009 0.000 0.003 0.003 0.003 0.003 0.002 0.002 0.001 0.001 0.001 0.000 0.000 0.000 0.000 0.000 0.000 0.000 0.000 0.000 0.000 0.000 0.000 0.000 0.000 0.000 0.000 0.000 0.000 0.000 0.000 0.000 0.000
0.000 0.000 0.000 0.000 0.000 0.000 0.000 0.000 0.000 0.000 0.000 0.000 0.000 0.000 0.000 0.000 0.000 0.000 0.021 0.021 0.020 0.019 0.017 0.013 0.012 0.013 0.016 0.010 0.009 0.017 0.024 0.030 0.029 0.023 0.019 0.018 0.020 0.023 0.023 0.023 0.019 0.016 0.019 0.016 0.011 0.009 0.007 0.006 0.005 0.004 0.004 0.003 0.002 0.002 0.001 0.001 0.001 0.000 0.000 0.000 0.000 0.000 0.000 0.000 0.000 0.000 0.000 0.000 0.000 0.000 0.000 0.000 0.000 0.000 0.000 0.000 0.000
0.000 0.000 0.000 0.000 0.000 0.000 0.000 0.000 0.000 0.000 0.000 0.000 0.000 0.000 0.000 0.000 0.000 0.020 0.020 0.021 0.021 0.020 0.019 0.016 0.012 0.011 0.010 0.009 0.009 0.015 0.020 0.020 0.018 0.017 0.019 0.020 0.022 0.024 0.026 0.025 0.019 0.022 0.025 0.021 0.015 0.013 0.011 0.009 0.008 0.008 0.006 0.005 0.004 0.003 0.003 0.002 0.002 0.001 0.001 0.000 0.000 0.000 0.000 0.000 0.000 0.000 0.000 0.000 0.000 0.000 0.000 0.000 0.000 0.000 0.000 0.000 0.000
0.000 0.000 0.000 0.000 0.000 0.000 0.000 0.000 0.000 0.000 0.000 0.000 0.000 0.000 0.000 0.000 0.000 0.030 0.025 0.021 0.020 0.021 0.020 0.019 0.015 0.011 0.008 0.007 0.008 0.012 0.015 0.016 0.016 0.018 0.019 0.020 0.024 0.027 0.026 0.022 0.021 0.027 0.027 0.021 0.018 0.017 0.017 0.014 0.013 0.012 0.010 0.009 0.007 0.006 0.005 0.004 0.004 0.003 0.002 0.002 0.001 0.001 0.001 0.000 0.000 0.000 0.000 0.000 0.000 0.000 0.000 0.000 0.000 0.000 0.000 0.000 0.000
0.000 0.000 0.000 0.000 0.000 0.000 0.000 0.000 0.000 0.000 0.000 0.000 0.000 0.000 0.000 0.000 0.000 0.043 0.042 0.038 0.031 0.023 0.019 0.019 0.016 0.011 0.006 0.007 0.008 0.011 0.012 0.014 0.016 0.018 0.020 0.024 0.027 0.026 0.022 0.022 0.027 0.030 0.026 0.021 0.019 0.019 0.019 0.017 0.016 0.017 0.016 0.014 0.012 0.011 0.009 0.008 0.008 0.007 0.006 0.005 0.004 0.004 0.005 0.007 0.012 0.007 0.000 0.000 0.000 0.000 0.000 0.000 0.000 0.000 0.000 0.000 0.000
0.000 0.000 0.000 0.000 0.000 0.000 0.000 0.000 0.000 0.000 0.000 0.000 0.000 0.000 0.000 0.000 0.000 0.044 0.043 0.042 0.040 0.039 0.028 0.017 0.017 0.011 0.007 0.007 0.008 0.010 0.012 0.014 0.016 0.019 0.022 0.024 0.023 0.022 0.024 0.029 0.033 0.029 0.025 0.022 0.021 0.022 0.022 0.019 0.019 0.020 0.019 0.017 0.016 0.015 0.015 0.015 0.015 0.014 0.014 0.013 0.014 0.015 0.017 0.021 0.020 0.014 0.002 0.000 0.000 0.000 0.000 0.000 0.000 0.000 0.000 0.000 0.000
0.000 0.000 0.000 0.000 0.000 0.000 0.000 0.000 0.000 0.000 0.000 0.000 0.000 0.000 0.000 0.000 0.043 0.045 0.044 0.043 0.039 0.041 0.042 0.029 0.015 0.012 0.009 0.008 0.008 0.010 0.012 0.014 0.016 0.019 0.021 0.022 0.024 0.028 0.032 0.034 0.032 0.029 0.026 0.025 0.025 0.026 0.024 0.022 0.023 0.024 0.023 0.021 0.020 0.020 0.020 0.019 0.021 0.022 0.023 0.025 0.027 0.029 0.031 0.033 0.024 0.014 0.001 0.000 0.000 0.000 0.000 0.000 0.000 0.000 0.000 0.000 0.000
0.000 0.000 0.000 0.000 0.000 0.000 0.000 0.000 0.000 0.000 0.000 0.000 0.000 0.000 0.000 0.000 0.042 0.044 0.046 0.043 0.043 0.034 0.038 0.043 0.026 0.012 0.011 0.010 0.010 0.011 0.013 0.015 0.017 0.020 0.023 0.027 0.032 0.035 0.036 0.035 0.032 0.030 0.028 0.029 0.030 0.029 0.026 0.025 0.027 0.029 0.027 0.024 0.024 0.025 0.025 0.026 0.027 0.029 0.031 0.033 0.036 0.039 0.041 0.040 0.045 0.039 0.030 0.022 0.016 0.011 0.007 0.005 0.002 0.000 0.000 0.000 0.000
0.000 0.000 0.000 0.000 0.000 0.000 0.000 0.000 0.000 0.000 0.000 0.000 0.000 0.000 0.000 0.000 0.045 0.046 0.044 0.043 0.037 0.042 0.036 0.036 0.039 0.019 0.013 0.013 0.012 0.012 0.014 0.016 0.020 0.024 0.028 0.033 0.037 0.039 0.038 0.036 0.033 0.032 0.033 0.034 0.035 0.032 0.029 0.030 0.032 0.033 0.031 0.029 0.029 0.031 0.032 0.033 0.035 0.038 0.041 0.043 0.046 0.043 0.039 0.035 0.038 0.042 0.044 0.046 0.046 0.036 0.028 0.021 0.017 0.012 0.008 0.004 0.002
0.352 0.339 0.334 0.000 0.000 0.000 0.000 0.000 0.000 0.000 0.000 0.000 0.000 0.000 0.000 0.059 0.054 0.048 0.045 0.044 0.045 0.042 0.040 0.034 0.035 0.034 0.019 0.015 0.015 0.013 0.014 0.018 0.022 0.027 0.032 0.037 0.042 0.045 0.043 0.038 0.038 0.038 0.039 0.039 0.037 0.035 0.035 0.037 0.038 0.037 0.035 0.034 0.035 0.037 0.039 0.041 0.044 0.047 0.051 0.050 0.046 0.042 0.038 0.032 0.033 0.035 0.037 0.039 0.041 0.043 0.044 0.047 0.046 0.038 0.030 0.023 0.016
0.312 0.321 0.355 0.321 0.290 0.293 0.000 0.000 0.000 0.000 0.000 0.000 0.000 0.000 0.000 0.089 0.078 0.063 0.049 0.040 0.043 0.042 0.046 0.040 0.031 0.039 0.033 0.019 0.018 0.018 0.020 0.025 0.031 0.036 0.041 0.046 0.051 0.056 0.000 0.040 0.045 0.047 0.047 0.042 0.040 0.040 0.040 0.042 0.042 0.041 0.039 0.039 0.041 0.044 0.046 0.048 0.052 0.053 0.051 0.048 0.044 0.040 0.036 0.030 0.030 0.031 0.032 0.033 0.034 0.035 0.036 0.040 0.044 0.048 0.050 0.052 0.046
0.346 0.318 0.344 0.326 0.315 0.292 0.278 0.254 0.245 0.261 0.000 0.000 0.000 0.000 0.000 0.110 0.108 0.096 0.070 0.049 0.042 0.048 0.041 0.044 0.037 0.039 0.045 0.033 0.025 0.030 0.034 0.038 0.043 0.048 0.053 0.056 0.062 0.000 0.000 0.000 0.000 0.000 0.000 0.039 0.043 0.046 0.045 0.046 0.046 0.044 0.043 0.044 0.047 0.051 0.053 0.055 0.053 0.051 0.048 0.045 0.041 0.038 0.034 0.028 0.026 0.026 0.026 0.027 0.028 0.028 0.030 0.033 0.036 0.039 0.041 0.044 0.047
0.000 0.000 0.000 0.314 0.297 0.309 0.303 0.262 0.270 0.258 0.243 0.244 0.243 0.000 0.000 0.136 0.117 0.109 0.096 0.066 0.053 0.054 0.048 0.041 0.045 0.049 0.055 0.054 0.044 0.043 0.045 0.048 0.053 0.059 0.065 0.000 0.000 0.000 0.000 0.000 0.000 0.000 0.000 0.000 0.000 0.000 0.049 0.052 0.052 0.050 0.048 0.050 0.055 0.059 0.055 0.053 0.050 0.048 0.046 0.042 0.039 0.035 0.031 0.026 0.023 0.022 0.022 0.022 0.022 0.022 0.023 0.026 0.029 0.032 0.035 0.037 0.038
0.000 0.000 0.000 0.000 0.000 0.000 0.281 0.264 0.285 0.270 0.256 0.244 0.247 0.236 0.198 0.172 0.140 0.123 0.101 0.079 0.063 0.053 0.054 0.046 0.045 0.052 0.061 0.067 0.056 0.053 0.058 0.062 0.063 0.068 0.000 0.000 0.000 0.000 0.000 0.000 0.000 0.000 0.000 0.000 0.000 0.000 0.000 0.000 0.000 0.000 0.052 0.058 0.059 0.055 0.051 0.049 0.047 0.045 0.043 0.039 0.035 0.031 0.028 0.023 0.020 0.019 0.019 0.018 0.018 0.017 0.018 0.020 0.022 0.025 0.026 0.028 0.029
0.000 0.000 0.000 0.000 0.000 0.000 0.000 0.000 0.000 0.000 0.258 0.249 0.250 0.227 0.200 0.168 0.142 0.126 0.101 0.078 0.066 0.064 0.060 0.052 0.057 0.063 0.071 0.082 0.079 0.075 0.080 0.086 0.075 0.000 0.000 0.000 0.000 0.000 0.000 0.000 0.000 0.000 0.000 0.000 0.000 0.000 0.000 0.000 0.000 0.000 0.000 0.000 0.000 0.000 0.044 0.044 0.043 0.040 0.038 0.034 0.031 0.027 0.024 0.020 0.017 0.016 0.016 0.015 0.014 0.014 0.014 0.015 0.017 0.018 0.019 0.020 0.021
0.000 0.000 0.000 0.000 0.000 0.000 0.000 0.000 0.000 0.000 0.000 0.000 0.000 0.000 0.185 0.155 0.140 0.126 0.103 0.072 0.063 0.058 0.063 0.071 0.076 0.085 0.091 0.094 0.096 0.097 0.104 0.115 0.000 0.000 0.000 0.000 0.000 0.000 0.000 0.000 0.000 0.000 0.000 0.000 0.000 0.000 0.000 0.000 0.000 0.000 0.000 0.000 0.000 0.000 0.000 0.000 0.000 0.033 0.032 0.029 0.026 0.022 0.020 0.016 0.013 0.013 0.012 0.012 0.011 0.010 0.010 0.011 0.011 0.012 0.012 0.012 0.013
0.000 0.000 0.000 0.000 0.000 0.000 0.000 0.000 0.000 0.000 0.000 0.000 0.000 0.000 0.000 0.140 0.124 0.119 0.095 0.064 0.058 0.056 0.057 0.054 0.062 0.077 0.087 0.096 0.101 0.103 0.114 0.121 0.000 0.000 0.000 0.000 0.000 0.000 0.000 0.000 0.000 0.000 0.000 0.000 0.000 0.000 0.000 0.000 0.000 0.000 0.000 0.000 0.000 0.000 0.000 0.000 0.000 0.000 0.000 0.000 0.000 0.015 0.015 0.013 0.010 0.010 0.009 0.008 0.007 0.007 0.006 0.006 0.006 0.006 0.005 0.006 0.007
0.000 0.000 0.000 0.000 0.000 0.000 0.000 0.000 0.000 0.000 0.000 0.000 0.000 0.000 0.103 0.113 0.114 0.101 0.073 0.067 0.056 0.063 0.060 0.069 0.070 0.076 0.088 0.101 0.103 0.110 0.117 0.121 0.000 0.000 0.000 0.000 0.000 0.000 0.000 0.000 0.000 0.000 0.000 0.000 0.000 0.000 0.000 0.000 0.000 0.000 0.000 0.000 0.000 0.000 0.000 0.000 0.000 0.000 0.000 0.000 0.000 0.000 0.000 0.000 0.001 0.001 0.001 0.000 0.000 0.000 0.000 0.000 0.000 0.000 0.000 0.000 0.000
0.000 0.000 0.000 0.000 0.000 0.000 0.000 0.000 0.000 0.000 0.000 0.000 0.000 0.000 0.084 0.098 0.093 0.082 0.069 0.055 0.065 0.065 0.072 0.074 0.076 0.086 0.103 0.108 0.110 0.117 0.121 0.127 0.000 0.000 0.000 0.000 0.000 0.000 0.000 0.000 0.000 0.000 0.000 0.000 0.000 0.000 0.000 0.000 0.000 0.000 0.000 0.000 0.000 0.000 0.000 0.000 0.000 0.000 0.000 0.000 0.000 0.000 0.000 0.000 0.000 0.000 0.000 0.000 0.000 0.000 0.000 0.000 0.000 0.000 0.000 0.000 0.000
0.000 0.000 0.000 0.000 0.000 0.000 0.000 0.000 0.000 0.000 0.000 0.000 0.000 0.000 0.088 0.084 0.084 0.084 0.067 0.060 0.061 0.063 0.065 0.075 0.078 0.089 0.100 0.104 0.110 0.113 0.119 0.000 0.000 0.000 0.000 0.000 0.000 0.000 0.000 0.000 0.000 0.000 0.000 0.000 0.000 0.000 0.000 0.000 0.000 0.000 0.000 0.000 0.000 0.000 0.000 0.000 0.000 0.000 0.000 0.000 0.000 0.000 0.000 0.000 0.000 0.000 0.000 0.000 0.000 0.000 0.000 0.000 0.000 0.000 0.000 0.000 0.000
0.000 0.000 0.000 0.000 0.000 0.000 0.000 0.000 0.000 0.000 0.000 0.000 0.000 0.000 0.112 0.110 0.103 0.103 0.094 0.076 0.074 0.063 0.075 0.078 0.082 0.098 0.109 0.112 0.115 0.117 0.118 0.000 0.000 0.000 0.000 0.000 0.000 0.000 0.000 0.000 0.000 0.000 0.000 0.000 0.000 0.000 0.000 0.000 0.000 0.000 0.000 0.000 0.000 0.000 0.000 0.000 0.000 0.000 0.000 0.000 0.000 0.000 0.000 0.000 0.000 0.000 0.000 0.000 0.000 0.000 0.000 0.000 0.000 0.000 0.000 0.000 0.000
0.000 0.000 0.000 0.000 0.000 0.000 0.000 0.000 0.000 0.000 0.000 0.000 0.000 0.136 0.118 0.114 0.105 0.113 0.127 0.111 0.108 0.095 0.102 0.093 0.098 0.113 0.118 0.123 0.130 0.128 0.123 0.000 0.000 0.000 0.000 0.000 0.000 0.000 0.000 0.000 0.000 0.000 0.000 0.000 0.000 0.000 0.000 0.000 0.000 0.000 0.000 0.000 0.000 0.000 0.000 0.000 0.000 0.000 0.000 0.000 0.000 0.000 0.000 0.000 0.000 0.000 0.000 0.000 0.000 0.000 0.000 0.000 0.000 0.000 0.000 0.000 0.000
0.000 0.000 0.000 0.000 0.000 0.000 0.000 0.000 0.000 0.000 0.000 0.000 0.000 0.111 0.107 0.099 0.097 0.105 0.116 0.118 0.117 0.119 0.119 0.111 0.127 0.133 0.131 0.139 0.145 0.138 0.000 0.000 0.000 0.000 0.000 0.000 0.000 0.000 0.000 0.000 0.000 0.000 0.000 0.000 0.000 0.000 0.000 0.000 0.000 0.000 0.000 0.000 0.000 0.000 0.000 0.000 0.000 0.000 0.000 0.000 0.000 0.000 0.000 0.000 0.000 0.000 0.000 0.000 0.000 0.000 0.000 0.000 0.000 0.000 0.000 0.000 0.000
