数据/2hours/0.1-2h-50y/coupled-139-0001.wd
ncols         694
nrows         824
xllcorner     581104.939801
yllcorner     3495917.092414
cellsize      2.000000
NODATA_value  -9999.000000
[rows 408 to 441 of 824, columns 385 to 461 of 694]
0.000 0.000 0.000 0.000 0.000 0.000 0.000 0.000 0.000 0.000 0.000 0.000 0.000 0.000 0.000 0.000 0.000 0.000 0.000 0.000 0.000 0.000 0.000 0.000 0.000 0.000 0.000 0.000 0.000 0.000 0.000 0.000 0.038 0.047 0.054 0.059 0.066 0.067 0.060 0.070 0.072 0.076 0.077 0.000 0.000 0.000 0.000 0.000 0.000 0.000 0.031 0.032 0.031 0.032 0.032 0.029 0.024 0.019 0.015 0.010 0.006 0.001 0.000 0.000 0.000 0.000 0.000 0.000 0.000 0.000 0.000 0.000 0.000 0.000 0.000 0.000 0.000
0.000 0.000 0.000 0.000 0.000 0.000 0.000 0.000 0.000 0.000 0.000 0.000 0.000 0.000 0.000 0.000 0.000 0.000 0.000 0.000 0.000 0.000 0.000 0.000 0.000 0.000 0.000 0.000 0.000 0.000 0.000 0.032 0.038 0.048 0.052 0.065 0.067 0.070 0.068 0.072 0.069 0.076 0.071 0.000 0.000 0.000 0.000 0.000 0.000 0.031 0.031 0.032 0.031 0.031 0.031 0.031 0.031 0.027 0.022 0.018 0.013 0.009 0.004 0.000 0.000 0.000 0.000 0.000 0.000 0.000 0.000 0.000 0.000 0.000 0.000 0.000 0.000
0.000 0.000 0.000 0.000 0.000 0.000 0.000 0.000 0.000 0.000 0.000 0.000 0.000 0.000 0.000 0.000 0.000 0.000 0.000 0.000 0.000 0.000 0.000 0.000 0.000 0.000 0.000 0.000 0.000 0.000 0.000 0.034 0.038 0.047 0.058 0.062 0.067 0.068 0.069 0.068 0.065 0.070 0.072 0.000 0.000 0.000 0.000 0.000 0.000 0.032 0.032 0.032 0.031 0.032 0.031 0.031 0.031 0.032 0.030 0.025 0.020 0.015 0.011 0.006 0.002 0.000 0.000 0.000 0.000 0.000 0.000 0.000 0.000 0.000 0.000 0.000 0.000
0.000 0.000 0.000 0.000 0.000 0.000 0.000 0.000 0.000 0.000 0.000 0.000 0.000 0.000 0.000 0.000 0.000 0.000 0.000 0.000 0.000 0.000 0.000 0.000 0.000 0.000 0.000 0.000 0.000 0.000 0.000 0.034 0.040 0.050 0.056 0.067 0.066 0.070 0.069 0.072 0.070 0.073 0.068 0.000 0.000 0.000 0.000 0.000 0.000 0.032 0.031 0.032 0.032 0.032 0.032 0.031 0.031 0.031 0.030 0.030 0.028 0.023 0.018 0.013 0.008 0.003 0.000 0.000 0.000 0.000 0.000 0.000 0.000 0.000 0.000 0.000 0.000
0.000 0.000 0.000 0.000 0.000 0.000 0.000 0.000 0.000 0.000 0.000 0.000 0.000 0.000 0.000 0.000 0.000 0.000 0.000 0.000 0.000 0.000 0.000 0.000 0.000 0.000 0.000 0.000 0.000 0.000 0.000 0.037 0.043 0.053 0.058 0.066 0.066 0.067 0.070 0.069 0.070 0.070 0.000 0.000 0.000 0.000 0.000 0.000 0.000 0.032 0.032 0.032 0.031 0.031 0.031 0.031 0.031 0.031 0.031 0.030 0.030 0.030 0.025 0.020 0.016 0.011 0.005 0.001 0.000 0.000 0.000 0.000 0.000 0.000 0.000 0.000 0.000
0.000 0.000 0.000 0.000 0.000 0.000 0.000 0.000 0.000 0.000 0.000 0.000 0.000 0.000 0.000 0.000 0.000 0.000 0.000 0.000 0.000 0.000 0.000 0.000 0.000 0.000 0.000 0.000 0.000 0.000 0.028 0.037 0.046 0.052 0.063 0.066 0.072 0.069 0.070 0.074 0.077 0.073 0.000 0.000 0.000 0.000 0.000 0.000 0.032 0.032 0.031 0.032 0.032 0.031 0.032 0.031 0.031 0.031 0.030 0.030 0.030 0.029 0.029 0.027 0.022 0.017 0.013 0.007 0.003 0.000 0.000 0.000 0.000 0.000 0.000 0.000 0.000
0.000 0.000 0.000 0.000 0.000 0.000 0.000 0.000 0.000 0.000 0.000 0.000 0.000 0.000 0.000 0.000 0.000 0.000 0.000 0.000 0.000 0.000 0.000 0.000 0.000 0.000 0.000 0.000 0.000 0.000 0.029 0.039 0.052 0.054 0.064 0.070 0.070 0.071 0.072 0.074 0.073 0.071 0.000 0.000 0.000 0.000 0.000 0.000 0.031 0.032 0.032 0.032 0.032 0.031 0.032 0.031 0.031 0.031 0.030 0.030 0.029 0.029 0.029 0.028 0.028 0.024 0.020 0.015 0.009 0.004 0.001 0.000 0.000 0.000 0.000 0.000 0.000
0.000 0.000 0.000 0.000 0.000 0.000 0.000 0.000 0.000 0.000 0.000 0.000 0.000 0.000 0.000 0.000 0.000 0.000 0.000 0.000 0.000 0.000 0.000 0.000 0.000 0.000 0.000 0.000 0.000 0.000 0.029 0.040 0.053 0.059 0.065 0.069 0.067 0.069 0.072 0.073 0.075 0.000 0.000 0.000 0.000 0.000 0.000 0.000 0.032 0.032 0.032 0.031 0.031 0.032 0.032 0.031 0.031 0.030 0.030 0.030 0.029 0.029 0.028 0.028 0.027 0.027 0.026 0.021 0.016 0.011 0.006 0.002 0.000 0.000 0.000 0.000 0.000
0.000 0.000 0.000 0.000 0.000 0.000 0.000 0.000 0.000 0.000 0.000 0.000 0.000 0.000 0.000 0.000 0.000 0.000 0.000 0.000 0.000 0.000 0.000 0.000 0.000 0.000 0.000 0.000 0.000 0.000 0.034 0.042 0.049 0.060 0.067 0.068 0.069 0.069 0.071 0.074 0.078 0.000 0.000 0.000 0.000 0.000 0.000 0.032 0.032 0.032 0.032 0.032 0.031 0.031 0.031 0.032 0.031 0.031 0.031 0.030 0.029 0.028 0.028 0.027 0.027 0.026 0.026 0.026 0.023 0.018 0.013 0.008 0.003 0.000 0.000 0.000 0.000
0.000 0.000 0.000 0.000 0.000 0.000 0.000 0.000 0.000 0.000 0.000 0.000 0.000 0.000 0.000 0.000 0.000 0.000 0.000 0.000 0.000 0.000 0.000 0.000 0.000 0.000 0.000 0.000 0.022 0.031 0.035 0.040 0.048 0.057 0.066 0.068 0.070 0.068 0.068 0.073 0.075 0.000 0.000 0.000 0.000 0.000 0.000 0.032 0.032 0.032 0.032 0.032 0.031 0.031 0.031 0.031 0.031 0.030 0.030 0.030 0.029 0.029 0.028 0.027 0.026 0.026 0.026 0.025 0.024 0.024 0.019 0.014 0.009 0.005 0.000 0.000 0.000
0.000 0.000 0.000 0.000 0.000 0.000 0.000 0.000 0.000 0.000 0.000 0.000 0.000 0.000 0.000 0.000 0.000 0.000 0.000 0.000 0.000 0.000 0.000 0.000 0.000 0.000 0.000 0.000 0.023 0.033 0.037 0.042 0.052 0.060 0.068 0.070 0.069 0.070 0.070 0.069 0.069 0.000 0.000 0.000 0.000 0.000 0.000 0.033 0.033 0.033 0.033 0.032 0.032 0.032 0.031 0.030 0.030 0.030 0.030 0.030 0.029 0.028 0.028 0.027 0.027 0.026 0.025 0.024 0.024 0.023 0.022 0.021 0.016 0.011 0.006 0.001 0.000
0.000 0.000 0.000 0.000 0.000 0.000 0.000 0.000 0.000 0.000 0.000 0.000 0.000 0.000 0.000 0.000 0.000 0.000 0.000 0.000 0.000 0.000 0.000 0.000 0.000 0.000 0.000 0.000 0.025 0.030 0.039 0.047 0.055 0.064 0.068 0.070 0.071 0.071 0.073 0.070 0.064 0.000 0.000 0.000 0.000 0.000 0.000 0.033 0.033 0.034 0.033 0.033 0.032 0.032 0.031 0.031 0.030 0.030 0.029 0.029 0.029 0.028 0.027 0.026 0.026 0.026 0.025 0.024 0.024 0.023 0.022 0.021 0.020 0.017 0.012 0.007 0.002
0.000 0.000 0.000 0.000 0.000 0.000 0.000 0.000 0.000 0.000 0.000 0.000 0.000 0.000 0.000 0.000 0.000 0.000 0.000 0.000 0.000 0.000 0.000 0.000 0.000 0.000 0.000 0.000 0.022 0.032 0.042 0.049 0.054 0.064 0.070 0.069 0.070 0.071 0.070 0.072 0.067 0.000 0.000 0.000 0.000 0.000 0.034 0.034 0.034 0.034 0.034 0.034 0.033 0.032 0.032 0.030 0.030 0.029 0.029 0.029 0.028 0.028 0.027 0.026 0.026 0.025 0.024 0.024 0.023 0.022 0.021 0.020 0.019 0.019 0.018 0.013 0.008
0.000 0.000 0.000 0.000 0.000 0.000 0.000 0.000 0.000 0.000 0.000 0.000 0.000 0.000 0.000 0.000 0.000 0.000 0.000 0.000 0.000 0.000 0.000 0.000 0.000 0.000 0.000 0.000 0.022 0.037 0.040 0.049 0.060 0.066 0.075 0.071 0.072 0.075 0.071 0.069 0.073 0.000 0.000 0.000 0.000 0.000 0.034 0.034 0.035 0.034 0.034 0.034 0.033 0.033 0.032 0.031 0.030 0.029 0.029 0.028 0.028 0.028 0.027 0.025 0.025 0.024 0.024 0.023 0.022 0.021 0.021 0.020 0.019 0.018 0.017 0.016 0.014
0.000 0.000 0.000 0.000 0.000 0.000 0.000 0.000 0.000 0.000 0.000 0.000 0.000 0.000 0.000 0.000 0.000 0.000 0.000 0.000 0.000 0.000 0.000 0.000 0.000 0.000 0.000 0.018 0.029 0.034 0.048 0.052 0.063 0.071 0.071 0.074 0.069 0.072 0.072 0.069 0.072 0.000 0.000 0.000 0.000 0.000 0.034 0.035 0.035 0.034 0.034 0.034 0.034 0.033 0.032 0.031 0.030 0.029 0.028 0.028 0.028 0.027 0.026 0.025 0.024 0.023 0.023 0.022 0.022 0.020 0.020 0.019 0.018 0.017 0.016 0.015 0.014
0.000 0.000 0.000 0.000 0.000 0.000 0.000 0.000 0.000 0.000 0.000 0.000 0.000 0.000 0.000 0.000 0.000 0.000 0.000 0.000 0.000 0.000 0.000 0.000 0.000 0.000 0.000 0.019 0.029 0.039 0.045 0.054 0.063 0.075 0.072 0.071 0.071 0.068 0.070 0.068 0.070 0.067 0.064 0.000 0.000 0.000 0.000 0.000 0.035 0.035 0.035 0.034 0.034 0.033 0.032 0.031 0.029 0.029 0.028 0.028 0.027 0.027 0.026 0.025 0.024 0.023 0.022 0.021 0.020 0.020 0.019 0.018 0.017 0.016 0.015 0.014 0.012
0.000 0.000 0.000 0.000 0.000 0.000 0.000 0.000 0.000 0.000 0.000 0.000 0.000 0.000 0.000 0.000 0.000 0.000 0.000 0.000 0.000 0.000 0.000 0.000 0.000 0.000 0.000 0.019 0.033 0.037 0.050 0.060 0.069 0.073 0.068 0.070 0.067 0.070 0.071 0.068 0.069 0.068 0.063 0.060 0.057 0.056 0.000 0.038 0.037 0.035 0.035 0.035 0.035 0.034 0.033 0.031 0.030 0.028 0.028 0.028 0.027 0.027 0.025 0.024 0.023 0.022 0.021 0.020 0.020 0.019 0.018 0.017 0.016 0.015 0.014 0.012 0.011
0.000 0.000 0.000 0.000 0.000 0.000 0.000 0.000 0.000 0.000 0.000 0.000 0.000 0.000 0.000 0.000 0.000 0.000 0.000 0.000 0.000 0.000 0.000 0.000 0.000 0.000 0.000 0.022 0.033 0.041 0.052 0.061 0.065 0.074 0.067 0.067 0.068 0.066 0.071 0.072 0.069 0.066 0.064 0.060 0.057 0.053 0.045 0.040 0.038 0.036 0.036 0.035 0.035 0.034 0.033 0.031 0.030 0.028 0.027 0.027 0.026 0.025 0.025 0.023 0.022 0.021 0.020 0.019 0.019 0.018 0.017 0.015 0.014 0.013 0.012 0.010 0.008
0.000 0.000 0.000 0.000 0.000 0.000 0.000 0.000 0.000 0.000 0.000 0.000 0.000 0.000 0.000 0.000 0.000 0.000 0.000 0.000 0.000 0.000 0.000 0.000 0.000 0.000 0.000 0.023 0.034 0.041 0.053 0.061 0.072 0.086 0.070 0.070 0.071 0.070 0.068 0.069 0.000 0.063 0.062 0.060 0.055 0.050 0.045 0.040 0.038 0.037 0.036 0.035 0.035 0.034 0.032 0.031 0.029 0.028 0.027 0.026 0.026 0.025 0.024 0.023 0.021 0.020 0.019 0.019 0.018 0.017 0.015 0.014 0.013 0.011 0.009 0.007 0.007
0.000 0.000 0.000 0.000 0.000 0.000 0.000 0.000 0.000 0.000 0.000 0.000 0.000 0.000 0.000 0.000 0.000 0.000 0.000 0.000 0.000 0.000 0.000 0.000 0.000 0.000 0.000 0.025 0.036 0.045 0.053 0.064 0.067 0.071 0.068 0.070 0.070 0.063 0.068 0.000 0.000 0.000 0.000 0.000 0.050 0.048 0.043 0.039 0.038 0.037 0.036 0.036 0.035 0.034 0.032 0.030 0.029 0.027 0.026 0.025 0.025 0.024 0.023 0.022 0.020 0.019 0.019 0.017 0.016 0.015 0.014 0.012 0.010 0.008 0.007 0.007 0.007
0.000 0.000 0.000 0.000 0.000 0.000 0.000 0.000 0.000 0.000 0.000 0.000 0.000 0.000 0.000 0.000 0.000 0.000 0.000 0.000 0.000 0.000 0.000 0.000 0.000 0.000 0.020 0.026 0.037 0.044 0.057 0.063 0.069 0.069 0.069 0.068 0.067 0.070 0.000 0.000 0.000 0.000 0.000 0.000 0.000 0.000 0.039 0.038 0.037 0.037 0.036 0.035 0.035 0.033 0.031 0.029 0.028 0.027 0.026 0.025 0.024 0.023 0.022 0.021 0.019 0.018 0.017 0.016 0.015 0.013 0.011 0.009 0.008 0.007 0.007 0.007 0.007
0.000 0.000 0.000 0.000 0.000 0.000 0.000 0.000 0.000 0.000 0.000 0.000 0.000 0.000 0.000 0.000 0.000 0.000 0.000 0.000 0.000 0.000 0.000 0.000 0.000 0.000 0.020 0.027 0.038 0.048 0.053 0.066 0.067 0.069 0.066 0.066 0.070 0.068 0.000 0.000 0.000 0.000 0.000 0.000 0.000 0.000 0.038 0.037 0.037 0.036 0.036 0.034 0.034 0.033 0.031 0.029 0.027 0.026 0.025 0.024 0.023 0.022 0.021 0.020 0.018 0.017 0.015 0.014 0.012 0.009 0.008 0.008 0.008 0.007 0.007 0.007 0.008
0.000 0.000 0.000 0.000 0.000 0.000 0.000 0.000 0.000 0.000 0.000 0.000 0.000 0.000 0.000 0.000 0.000 0.000 0.000 0.000 0.000 0.000 0.000 0.000 0.000 0.000 0.023 0.028 0.039 0.046 0.059 0.066 0.065 0.070 0.063 0.066 0.060 0.000 0.000 0.000 0.000 0.000 0.038 0.037 0.038 0.038 0.038 0.037 0.037 0.036 0.036 0.034 0.033 0.031 0.030 0.028 0.027 0.025 0.024 0.023 0.022 0.021 0.020 0.018 0.016 0.015 0.013 0.011 0.008 0.008 0.008 0.008 0.008 0.007 0.007 0.008 0.011
0.000 0.000 0.000 0.000 0.000 0.000 0.000 0.000 0.000 0.000 0.000 0.000 0.000 0.000 0.000 0.000 0.000 0.000 0.000 0.000 0.000 0.000 0.000 0.000 0.000 0.000 0.025 0.027 0.042 0.047 0.061 0.066 0.071 0.066 0.067 0.071 0.073 0.000 0.000 0.000 0.000 0.000 0.000 0.038 0.038 0.038 0.038 0.038 0.037 0.036 0.034 0.034 0.032 0.030 0.029 0.028 0.027 0.025 0.024 0.023 0.021 0.019 0.018 0.016 0.014 0.012 0.009 0.009 0.008 0.008 0.008 0.008 0.008 0.008 0.009 0.012 0.018
0.000 0.000 0.000 0.000 0.000 0.000 0.000 0.000 0.000 0.000 0.000 0.000 0.000 0.000 0.000 0.000 0.000 0.000 0.000 0.000 0.000 0.000 0.000 0.000 0.000 0.000 0.025 0.028 0.041 0.051 0.062 0.067 0.069 0.065 0.066 0.064 0.064 0.000 0.000 0.000 0.000 0.000 0.000 0.000 0.000 0.000 0.037 0.037 0.037 0.036 0.035 0.033 0.031 0.030 0.028 0.027 0.026 0.024 0.023 0.021 0.019 0.017 0.015 0.013 0.010 0.010 0.009 0.009 0.009 0.008 0.008 0.008 0.009 0.011 0.015 0.022 0.026
0.000 0.000 0.000 0.000 0.000 0.000 0.000 0.000 0.000 0.000 0.000 0.000 0.000 0.000 0.000 0.000 0.000 0.000 0.000 0.000 0.000 0.000 0.000 0.000 0.000 0.011 0.024 0.033 0.039 0.053 0.062 0.072 0.070 0.069 0.068 0.070 0.000 0.000 0.000 0.000 0.000 0.000 0.000 0.000 0.000 0.000 0.000 0.000 0.037 0.036 0.035 0.032 0.031 0.029 0.028 0.026 0.025 0.023 0.021 0.019 0.017 0.014 0.011 0.010 0.010 0.009 0.009 0.009 0.009 0.009 0.009 0.010 0.014 0.019 0.026 0.033 0.033
0.089 0.000 0.000 0.000 0.000 0.018 0.016 0.013 0.013 0.003 0.000 0.000 0.000 0.000 0.000 0.000 0.000 0.000 0.000 0.000 0.000 0.000 0.000 0.000 0.000 0.014 0.025 0.037 0.043 0.052 0.064 0.071 0.070 0.070 0.068 0.071 0.000 0.000 0.000 0.000 0.000 0.000 0.000 0.000 0.000 0.000 0.000 0.000 0.000 0.000 0.000 0.030 0.029 0.028 0.027 0.026 0.024 0.021 0.019 0.016 0.013 0.011 0.010 0.010 0.010 0.010 0.009 0.009 0.009 0.010 0.013 0.018 0.024 0.032 0.039 0.044 0.040
0.091 0.075 0.060 0.046 0.036 0.031 0.026 0.023 0.021 0.017 0.005 0.002 0.001 0.001 0.001 0.001 0.001 0.000 0.001 0.000 0.000 0.000 0.000 0.000 0.000 0.014 0.027 0.039 0.046 0.054 0.064 0.071 0.071 0.071 0.071 0.069 0.000 0.000 0.000 0.000 0.000 0.000 0.000 0.000 0.000 0.000 0.000 0.000 0.000 0.000 0.000 0.000 0.000 0.000 0.026 0.025 0.021 0.018 0.015 0.012 0.011 0.011 0.010 0.010 0.010 0.010 0.010 0.011 0.013 0.017 0.023 0.031 0.038 0.046 0.052 0.052 0.047
0.093 0.081 0.069 0.058 0.047 0.040 0.036 0.032 0.029 0.024 0.019 0.007 0.002 0.001 0.001 0.001 0.001 0.001 0.001 0.001 0.001 0.000 0.000 0.000 0.000 0.016 0.028 0.038 0.046 0.055 0.062 0.067 0.071 0.071 0.075 0.071 0.000 0.000 0.000 0.000 0.000 0.000 0.000 0.000 0.000 0.000 0.000 0.000 0.000 0.000 0.000 0.000 0.000 0.000 0.000 0.000 0.015 0.013 0.012 0.012 0.011 0.011 0.010 0.010 0.011 0.012 0.013 0.017 0.022 0.029 0.036 0.044 0.051 0.059 0.064 0.060 0.055
0.098 0.087 0.077 0.067 0.058 0.050 0.045 0.042 0.037 0.032 0.028 0.020 0.009 0.004 0.002 0.001 0.001 0.001 0.001 0.001 0.001 0.002 0.000 0.000 0.000 0.021 0.029 0.037 0.044 0.055 0.062 0.065 0.067 0.071 0.072 0.000 0.000 0.000 0.000 0.000 0.000 0.000 0.000 0.000 0.000 0.000 0.000 0.000 0.000 0.000 0.000 0.000 0.000 0.000 0.000 0.000 0.011 0.011 0.011 0.011 0.011 0.011 0.011 0.012 0.013 0.016 0.021 0.028 0.035 0.043 0.051 0.058 0.065 0.073 0.072 0.067 0.062
0.104 0.094 0.085 0.076 0.067 0.060 0.055 0.050 0.045 0.041 0.037 0.030 0.021 0.011 0.006 0.003 0.001 0.001 0.001 0.001 0.001 0.002 0.002 0.004 0.014 0.022 0.025 0.034 0.044 0.053 0.063 0.067 0.067 0.068 0.067 0.000 0.000 0.000 0.000 0.000 0.000 0.000 0.000 0.000 0.000 0.000 0.000 0.000 0.000 0.000 0.000 0.000 0.000 0.000 0.000 0.000 0.009 0.010 0.011 0.011 0.011 0.012 0.013 0.016 0.020 0.027 0.034 0.041 0.049 0.056 0.064 0.071 0.079 0.084 0.080 0.075 0.071
0.111 0.102 0.094 0.085 0.077 0.071 0.064 0.059 0.055 0.050 0.046 0.040 0.031 0.022 0.014 0.008 0.005 0.002 0.001 0.001 0.002 0.002 0.003 0.005 0.016 0.019 0.025 0.035 0.044 0.055 0.063 0.062 0.065 0.066 0.062 0.000 0.000 0.000 0.000 0.000 0.000 0.000 0.000 0.000 0.000 0.000 0.000 0.000 0.000 0.000 0.000 0.000 0.000 0.000 0.000 0.000 0.007 0.009 0.010 0.011 0.012 0.015 0.019 0.025 0.032 0.040 0.047 0.055 0.062 0.069 0.077 0.084 0.092 0.092 0.088 0.083 0.078
0.118 0.112 0.103 0.094 0.087 0.081 0.075 0.069 0.065 0.060 0.056 0.049 0.041 0.032 0.024 0.016 0.010 0.007 0.003 0.002 0.002 0.003 0.003 0.007 0.014 0.018 0.027 0.037 0.043 0.055 0.063 0.056 0.057 0.063 0.060 0.000 0.000 0.000 0.000 0.000 0.000 0.000 0.000 0.000 0.000 0.000 0.000 0.000 0.000 0.000 0.000 0.000 0.000 0.000 0.000 0.000 0.006 0.009 0.011 0.013 0.017 0.023 0.031 0.038 0.046 0.054 0.061 0.068 0.075 0.083 0.090 0.000 0.000 0.100 0.095 0.090 0.085
0.000 0.000 0.111 0.104 0.098 0.091 0.084 0.079 0.075 0.070 0.066 0.059 0.050 0.041 0.033 0.025 0.018 0.013 0.009 0.004 0.004 0.003 0.004 0.008 0.011 0.022 0.024 0.037 0.044 0.053 0.058 0.058 0.054 0.059 0.000 0.000 0.000 0.000 0.000 0.000 0.000 0.000 0.000 0.000 0.000 0.000 0.000 0.000 0.000 0.000 0.000 0.000 0.000 0.000 0.000 0.000 0.007 0.012 0.017 0.022 0.029 0.037 0.045 0.052 0.060 0.067 0.074 0.081 0.089 0.095 0.000 0.000 0.000 0.000 0.000 0.097 0.092
