数据/2hours/0.1-2h-50y/coupled-173-0001.wd
ncols         694
nrows         824
xllcorner     581104.939801
yllcorner     3495917.092414
cellsize      2.000000
NODATA_value  -9999.000000
[rows 714 to 747 of 824, columns 154 to 230 of 694]
0.000 0.000 0.000 0.000 0.000 0.000 0.002 0.003 0.004 0.005 0.006 0.007 0.008 0.008 0.009 0.009 0.009 0.009 0.009 0.007 0.001 0.001 0.062 0.058 0.048 0.034 0.029 0.024 0.019 0.014 0.007 0.006 0.000 0.000 0.000 0.000 0.000 0.000 0.000 0.000 0.000 0.000 0.001 0.001 0.001 0.001 0.001 0.001 0.001 0.000 0.000 0.000 0.000 0.000 0.000 0.000 0.000 0.000 0.082 0.093 0.103 0.105 0.079 0.057 0.061 0.001 0.001 0.001 0.001 0.000 0.000 0.000 0.000 0.000 0.000 0.000 0.000
0.000 0.000 0.000 0.000 0.000 0.002 0.003 0.004 0.005 0.006 0.007 0.008 0.009 0.009 0.010 0.010 0.010 0.011 0.011 0.011 0.010 0.009 0.001 0.081 0.077 0.066 0.048 0.042 0.033 0.026 0.017 0.014 0.009 0.006 0.000 0.000 0.000 0.000 0.000 0.000 0.000 0.001 0.001 0.001 0.007 0.015 0.025 0.034 0.047 0.000 0.000 0.000 0.000 0.000 0.000 0.000 0.000 0.000 0.145 0.141 0.118 0.094 0.072 0.060 0.067 0.020 0.001 0.001 0.001 0.000 0.000 0.000 0.000 0.000 0.000 0.000 0.000
0.000 0.000 0.000 0.000 0.001 0.003 0.004 0.005 0.006 0.007 0.008 0.009 0.009 0.010 0.010 0.011 0.011 0.012 0.013 0.013 0.013 0.014 0.013 0.001 0.000 0.105 0.089 0.070 0.046 0.037 0.028 0.026 0.018 0.015 0.011 0.000 0.000 0.000 0.000 0.000 0.001 0.001 0.001 0.004 0.055 0.076 0.087 0.097 0.107 0.000 0.000 0.000 0.000 0.000 0.000 0.000 0.000 0.181 0.157 0.133 0.108 0.084 0.064 0.067 0.073 0.064 0.001 0.001 0.001 0.000 0.000 0.000 0.000 0.000 0.000 0.000 0.000
0.000 0.000 0.000 0.000 0.002 0.004 0.005 0.006 0.007 0.008 0.009 0.009 0.010 0.010 0.011 0.012 0.012 0.013 0.014 0.015 0.016 0.017 0.018 0.020 0.023 0.003 0.126 0.106 0.078 0.051 0.043 0.040 0.031 0.027 0.022 0.017 0.013 0.000 0.000 0.000 0.001 0.001 0.001 0.043 0.100 0.140 0.151 0.161 0.000 0.000 0.000 0.000 0.000 0.000 0.000 0.000 0.000 0.166 0.144 0.123 0.101 0.076 0.060 0.069 0.077 0.084 0.022 0.001 0.001 0.000 0.000 0.000 0.000 0.000 0.000 0.000 0.000
0.000 0.000 0.000 0.001 0.003 0.005 0.006 0.007 0.008 0.008 0.009 0.010 0.010 0.011 0.012 0.012 0.013 0.014 0.015 0.016 0.018 0.020 0.022 0.027 0.037 0.054 0.003 0.131 0.109 0.079 0.061 0.055 0.045 0.041 0.034 0.030 0.029 0.026 0.000 0.001 0.001 0.001 0.036 0.087 0.143 0.199 0.214 0.224 0.000 0.000 0.000 0.000 0.000 0.000 0.000 0.000 0.000 0.158 0.136 0.112 0.092 0.067 0.060 0.066 0.077 0.088 0.072 0.001 0.000 0.000 0.000 0.000 0.000 0.000 0.000 0.000 0.000
0.000 0.000 0.000 0.001 0.003 0.005 0.006 0.007 0.008 0.009 0.009 0.010 0.011 0.011 0.012 0.013 0.014 0.014 0.016 0.017 0.018 0.020 0.023 0.027 0.031 0.037 0.024 0.001 0.001 0.087 0.078 0.069 0.060 0.054 0.049 0.045 0.044 0.041 0.036 0.023 0.024 0.029 0.074 0.130 0.186 0.241 0.275 0.285 0.000 0.000 0.000 0.000 0.000 0.000 0.000 0.000 0.000 0.153 0.131 0.103 0.082 0.056 0.068 0.072 0.079 0.090 0.101 0.028 0.000 0.000 0.000 0.000 0.000 0.000 0.000 0.000 0.000
0.000 0.000 0.000 0.001 0.003 0.005 0.006 0.007 0.008 0.009 0.010 0.010 0.011 0.012 0.012 0.013 0.014 0.015 0.016 0.017 0.019 0.020 0.022 0.024 0.027 0.028 0.022 0.016 0.011 0.000 0.094 0.086 0.078 0.067 0.064 0.063 0.062 0.061 0.061 0.000 0.000 0.062 0.114 0.170 0.227 0.282 0.336 0.347 0.357 0.333 0.000 0.000 0.000 0.000 0.000 0.000 0.165 0.142 0.119 0.092 0.074 0.054 0.067 0.077 0.083 0.093 0.104 0.075 0.000 0.000 0.000 0.000 0.000 0.000 0.000 0.000 0.000
0.000 0.000 0.000 0.001 0.003 0.005 0.006 0.007 0.008 0.009 0.010 0.010 0.011 0.012 0.012 0.013 0.014 0.015 0.016 0.017 0.018 0.019 0.021 0.022 0.023 0.023 0.020 0.017 0.014 0.010 0.000 0.102 0.095 0.085 0.084 0.082 0.081 0.081 0.000 0.000 0.000 0.000 0.156 0.213 0.268 0.324 0.376 0.372 0.348 0.326 0.303 0.280 0.000 0.000 0.000 0.000 0.158 0.136 0.116 0.083 0.061 0.060 0.069 0.078 0.088 0.098 0.109 0.000 0.000 0.000 0.000 0.000 0.000 0.000 0.000 0.000 0.000
0.000 0.000 0.000 0.001 0.003 0.005 0.006 0.007 0.008 0.009 0.010 0.010 0.011 0.012 0.012 0.013 0.014 0.015 0.016 0.017 0.018 0.019 0.020 0.021 0.021 0.021 0.019 0.017 0.014 0.012 0.008 0.001 0.000 0.105 0.104 0.100 0.099 0.000 0.000 0.000 0.000 0.000 0.000 0.255 0.310 0.332 0.354 0.000 0.000 0.318 0.295 0.271 0.246 0.221 0.000 0.000 0.149 0.124 0.099 0.079 0.053 0.066 0.076 0.084 0.093 0.103 0.114 0.000 0.000 0.000 0.000 0.000 0.000 0.000 0.000 0.000 0.000
0.000 0.000 0.000 0.001 0.003 0.005 0.006 0.007 0.008 0.009 0.010 0.010 0.011 0.012 0.012 0.013 0.014 0.014 0.015 0.016 0.017 0.018 0.018 0.019 0.019 0.019 0.018 0.016 0.014 0.012 0.010 0.008 0.006 0.001 0.124 0.118 0.000 0.000 0.000 0.000 0.000 0.000 0.000 0.267 0.288 0.310 0.330 0.000 0.000 0.000 0.000 0.260 0.235 0.211 0.186 0.162 0.138 0.115 0.092 0.069 0.060 0.069 0.078 0.091 0.099 0.108 0.119 0.000 0.000 0.000 0.000 0.000 0.000 0.000 0.000 0.000 0.000
0.000 0.000 0.000 0.001 0.003 0.005 0.006 0.007 0.008 0.009 0.010 0.010 0.011 0.011 0.012 0.013 0.013 0.014 0.015 0.016 0.016 0.017 0.017 0.018 0.018 0.017 0.016 0.015 0.014 0.013 0.011 0.009 0.008 0.005 0.000 0.135 0.127 0.000 0.000 0.000 0.000 0.000 0.000 0.242 0.265 0.286 0.308 0.321 0.000 0.000 0.000 0.000 0.000 0.203 0.180 0.156 0.132 0.109 0.078 0.054 0.065 0.077 0.083 0.092 0.101 0.109 0.000 0.000 0.000 0.000 0.000 0.000 0.000 0.000 0.000 0.000 0.000
0.000 0.000 0.000 0.001 0.003 0.005 0.006 0.007 0.008 0.009 0.009 0.010 0.011 0.011 0.012 0.012 0.013 0.014 0.014 0.015 0.015 0.016 0.016 0.016 0.016 0.016 0.015 0.015 0.014 0.012 0.011 0.010 0.008 0.007 0.005 0.000 0.145 0.143 0.000 0.000 0.000 0.000 0.000 0.000 0.242 0.000 0.000 0.301 0.290 0.000 0.000 0.000 0.000 0.000 0.000 0.145 0.124 0.099 0.067 0.059 0.069 0.075 0.084 0.094 0.104 0.112 0.000 0.000 0.000 0.000 0.000 0.000 0.000 0.000 0.000 0.000 0.000
0.000 0.000 0.000 0.001 0.003 0.005 0.006 0.007 0.008 0.008 0.009 0.010 0.010 0.011 0.012 0.012 0.013 0.013 0.014 0.014 0.015 0.015 0.015 0.015 0.015 0.015 0.015 0.014 0.013 0.012 0.011 0.010 0.009 0.008 0.006 0.004 0.001 0.163 0.180 0.000 0.000 0.000 0.000 0.000 0.000 0.000 0.000 0.000 0.272 0.000 0.000 0.000 0.000 0.000 0.160 0.136 0.114 0.092 0.063 0.062 0.069 0.078 0.087 0.097 0.107 0.115 0.000 0.000 0.000 0.000 0.000 0.000 0.000 0.000 0.000 0.000 0.000
0.000 0.000 0.000 0.001 0.003 0.005 0.006 0.007 0.007 0.008 0.009 0.009 0.010 0.011 0.011 0.012 0.012 0.013 0.013 0.014 0.014 0.014 0.015 0.015 0.015 0.014 0.014 0.013 0.012 0.012 0.011 0.010 0.009 0.008 0.007 0.005 0.003 0.001 0.156 0.171 0.000 0.000 0.000 0.000 0.000 0.000 0.000 0.000 0.252 0.000 0.000 0.000 0.000 0.000 0.149 0.128 0.102 0.076 0.058 0.066 0.072 0.080 0.088 0.098 0.109 0.000 0.000 0.000 0.000 0.000 0.000 0.000 0.000 0.000 0.000 0.000 0.000
0.000 0.000 0.000 0.000 0.002 0.004 0.005 0.006 0.007 0.008 0.008 0.009 0.010 0.010 0.011 0.011 0.012 0.012 0.013 0.013 0.013 0.014 0.014 0.014 0.014 0.013 0.013 0.013 0.012 0.011 0.011 0.010 0.009 0.008 0.007 0.006 0.004 0.002 0.000 0.144 0.162 0.000 0.000 0.000 0.000 0.000 0.000 0.236 0.232 0.000 0.000 0.000 0.000 0.164 0.143 0.120 0.096 0.072 0.057 0.064 0.074 0.081 0.090 0.101 0.111 0.119 0.130 0.000 0.000 0.000 0.000 0.000 0.000 0.000 0.000 0.000 0.000
0.000 0.000 0.000 0.000 0.001 0.003 0.004 0.005 0.006 0.007 0.008 0.009 0.009 0.010 0.010 0.011 0.011 0.012 0.012 0.012 0.013 0.013 0.013 0.013 0.013 0.013 0.012 0.012 0.011 0.011 0.010 0.009 0.009 0.008 0.007 0.006 0.004 0.003 0.001 0.000 0.133 0.146 0.000 0.000 0.000 0.000 0.000 0.000 0.000 0.000 0.000 0.000 0.000 0.142 0.130 0.106 0.085 0.061 0.060 0.071 0.079 0.086 0.094 0.104 0.113 0.122 0.133 0.142 0.151 0.000 0.000 0.000 0.000 0.000 0.000 0.000 0.000
0.000 0.000 0.000 0.000 0.000 0.002 0.003 0.004 0.005 0.006 0.007 0.008 0.009 0.009 0.010 0.010 0.011 0.011 0.012 0.012 0.012 0.012 0.012 0.012 0.012 0.012 0.012 0.011 0.011 0.010 0.010 0.009 0.008 0.007 0.006 0.005 0.004 0.003 0.001 0.000 0.000 0.112 0.123 0.142 0.000 0.000 0.000 0.000 0.000 0.000 0.000 0.000 0.136 0.121 0.110 0.092 0.072 0.056 0.064 0.072 0.080 0.088 0.097 0.106 0.116 0.126 0.136 0.146 0.154 0.162 0.173 0.000 0.000 0.000 0.000 0.000 0.000
0.000 0.000 0.000 0.000 0.000 0.000 0.002 0.003 0.004 0.005 0.006 0.007 0.008 0.009 0.009 0.010 0.010 0.011 0.011 0.011 0.011 0.012 0.012 0.012 0.011 0.011 0.011 0.011 0.010 0.010 0.009 0.009 0.008 0.007 0.006 0.005 0.004 0.002 0.000 0.000 0.000 0.000 0.097 0.116 0.133 0.000 0.000 0.000 0.000 0.000 0.000 0.000 0.112 0.103 0.090 0.073 0.062 0.056 0.062 0.072 0.081 0.090 0.099 0.110 0.122 0.131 0.140 0.149 0.157 0.166 0.175 0.185 0.138 0.000 0.000 0.000 0.000
0.000 0.000 0.000 0.000 0.000 0.000 0.000 0.002 0.003 0.004 0.005 0.006 0.007 0.008 0.009 0.009 0.010 0.010 0.010 0.011 0.011 0.011 0.011 0.011 0.011 0.011 0.010 0.010 0.010 0.009 0.009 0.008 0.007 0.006 0.005 0.004 0.003 0.001 0.000 0.000 0.000 0.000 0.000 0.090 0.106 0.125 0.000 0.000 0.000 0.000 0.000 0.108 0.095 0.081 0.066 0.052 0.051 0.055 0.065 0.077 0.085 0.094 0.104 0.114 0.126 0.000 0.000 0.000 0.160 0.169 0.180 0.190 0.183 0.097 0.027 0.000 0.000
0.000 0.000 0.000 0.000 0.000 0.000 0.000 0.000 0.002 0.003 0.004 0.005 0.006 0.007 0.008 0.009 0.009 0.009 0.010 0.010 0.010 0.010 0.010 0.010 0.010 0.010 0.010 0.009 0.009 0.009 0.008 0.007 0.006 0.005 0.004 0.003 0.002 0.000 0.000 0.000 0.000 0.000 0.000 0.000 0.081 0.099 0.118 0.000 0.000 0.000 0.000 0.087 0.073 0.061 0.053 0.050 0.051 0.053 0.062 0.072 0.082 0.092 0.101 0.113 0.124 0.000 0.000 0.000 0.000 0.000 0.184 0.193 0.202 0.142 0.101 0.064 0.000
0.000 0.000 0.000 0.000 0.000 0.000 0.000 0.000 0.000 0.002 0.003 0.004 0.005 0.006 0.007 0.008 0.008 0.009 0.009 0.009 0.009 0.009 0.009 0.009 0.009 0.009 0.009 0.009 0.008 0.008 0.007 0.006 0.005 0.004 0.003 0.002 0.000 0.000 0.000 0.000 0.000 0.000 0.000 0.000 0.058 0.074 0.092 0.111 0.000 0.096 0.081 0.064 0.050 0.051 0.048 0.049 0.048 0.049 0.058 0.067 0.077 0.086 0.095 0.105 0.000 0.000 0.000 0.000 0.000 0.000 0.000 0.194 0.204 0.211 0.173 0.134 0.000
0.000 0.000 0.000 0.000 0.000 0.000 0.000 0.000 0.000 0.000 0.002 0.003 0.004 0.005 0.006 0.007 0.008 0.008 0.008 0.008 0.008 0.008 0.008 0.008 0.008 0.008 0.008 0.008 0.008 0.007 0.006 0.005 0.004 0.003 0.002 0.000 0.000 0.000 0.000 0.000 0.000 0.000 0.000 0.000 0.000 0.051 0.068 0.082 0.097 0.080 0.064 0.053 0.053 0.051 0.050 0.051 0.050 0.050 0.056 0.066 0.076 0.085 0.092 0.000 0.000 0.000 0.000 0.000 0.000 0.000 0.000 0.000 0.000 0.217 0.213 0.205 0.166
0.000 0.000 0.000 0.000 0.000 0.000 0.000 0.000 0.000 0.000 0.000 0.002 0.003 0.004 0.005 0.006 0.007 0.007 0.007 0.007 0.007 0.007 0.007 0.007 0.007 0.007 0.007 0.007 0.007 0.006 0.005 0.004 0.003 0.002 0.000 0.000 0.000 0.000 0.000 0.000 0.000 0.000 0.000 0.000 0.000 0.000 0.045 0.058 0.072 0.064 0.061 0.056 0.056 0.052 0.052 0.052 0.053 0.051 0.055 0.065 0.075 0.085 0.091 0.000 0.000 0.000 0.000 0.000 0.000 0.000 0.000 0.000 0.000 0.000 0.000 0.214 0.209
0.000 0.000 0.000 0.000 0.000 0.000 0.000 0.000 0.000 0.000 0.000 0.000 0.002 0.003 0.004 0.005 0.006 0.006 0.006 0.006 0.006 0.006 0.006 0.006 0.006 0.006 0.006 0.006 0.006 0.005 0.004 0.003 0.002 0.000 0.000 0.000 0.000 0.000 0.000 0.000 0.000 0.000 0.000 0.000 0.000 0.000 0.000 0.035 0.050 0.063 0.060 0.058 0.054 0.051 0.051 0.050 0.052 0.050 0.054 0.064 0.075 0.087 0.000 0.000 0.000 0.000 0.000 0.000 0.000 0.000 0.000 0.000 0.000 0.000 0.000 0.000 0.000
0.000 0.000 0.000 0.000 0.000 0.000 0.000 0.000 0.000 0.000 0.000 0.000 0.000 0.002 0.003 0.004 0.005 0.005 0.005 0.005 0.005 0.005 0.005 0.005 0.005 0.005 0.005 0.005 0.005 0.004 0.003 0.002 0.000 0.000 0.000 0.000 0.000 0.000 0.000 0.000 0.000 0.000 0.000 0.000 0.000 0.000 0.000 0.000 0.025 0.045 0.058 0.055 0.050 0.051 0.051 0.051 0.051 0.048 0.053 0.065 0.076 0.089 0.000 0.000 0.000 0.000 0.000 0.000 0.000 0.000 0.000 0.000 0.000 0.000 0.000 0.000 0.000
0.000 0.000 0.000 0.000 0.000 0.000 0.000 0.000 0.000 0.000 0.000 0.000 0.000 0.000 0.001 0.002 0.003 0.003 0.003 0.003 0.003 0.003 0.003 0.003 0.003 0.003 0.003 0.003 0.003 0.002 0.001 0.000 0.000 0.000 0.000 0.000 0.000 0.000 0.000 0.000 0.000 0.000 0.000 0.000 0.000 0.000 0.000 0.000 0.000 0.022 0.042 0.052 0.051 0.052 0.049 0.053 0.050 0.049 0.051 0.064 0.074 0.000 0.000 0.000 0.000 0.000 0.000 0.000 0.000 0.000 0.000 0.000 0.000 0.000 0.000 0.000 0.000
0.000 0.000 0.000 0.000 0.000 0.000 0.000 0.000 0.000 0.000 0.000 0.000 0.000 0.000 0.000 0.000 0.001 0.001 0.001 0.001 0.001 0.001 0.001 0.001 0.001 0.001 0.001 0.001 0.001 0.000 0.000 0.000 0.000 0.000 0.000 0.000 0.000 0.000 0.000 0.000 0.000 0.000 0.000 0.000 0.000 0.000 0.000 0.000 0.000 0.000 0.015 0.037 0.050 0.049 0.048 0.049 0.048 0.047 0.048 0.059 0.071 0.000 0.000 0.000 0.000 0.000 0.000 0.000 0.000 0.000 0.000 0.000 0.000 0.000 0.000 0.000 0.000
0.000 0.000 0.000 0.000 0.000 0.000 0.000 0.000 0.000 0.000 0.000 0.000 0.000 0.000 0.000 0.000 0.000 0.000 0.000 0.000 0.000 0.000 0.000 0.000 0.000 0.000 0.000 0.000 0.000 0.000 0.000 0.000 0.000 0.000 0.000 0.000 0.000 0.000 0.000 0.000 0.000 0.000 0.000 0.000 0.000 0.000 0.000 0.000 0.000 0.000 0.001 0.019 0.034 0.046 0.047 0.045 0.046 0.043 0.044 0.054 0.000 0.000 0.000 0.000 0.000 0.000 0.000 0.000 0.000 0.000 0.000 0.000 0.000 0.000 0.000 0.000 0.000
0.000 0.000 0.000 0.000 0.000 0.000 0.000 0.000 0.000 0.000 0.000 0.000 0.000 0.000 0.000 0.000 0.000 0.000 0.000 0.000 0.000 0.000 0.000 0.000 0.000 0.000 0.000 0.000 0.000 0.000 0.000 0.000 0.000 0.000 0.000 0.000 0.000 0.000 0.000 0.000 0.000 0.000 0.000 0.000 0.000 0.000 0.000 0.000 0.000 0.000 0.000 0.001 0.016 0.033 0.044 0.041 0.036 0.037 0.038 0.000 0.000 0.000 0.000 0.000 0.000 0.000 0.000 0.000 0.000 0.000 0.000 0.000 0.000 0.000 0.000 0.000 0.000
0.000 0.000 0.000 0.000 0.000 0.000 0.000 0.000 0.000 0.000 0.000 0.000 0.000 0.000 0.000 0.000 0.000 0.000 0.000 0.000 0.000 0.000 0.000 0.000 0.000 0.000 0.000 0.000 0.000 0.000 0.000 0.000 0.000 0.000 0.000 0.000 0.000 0.000 0.000 0.000 0.000 0.000 0.000 0.000 0.000 0.000 0.000 0.000 0.000 0.000 0.000 0.001 0.001 0.008 0.025 0.033 0.032 0.033 0.031 0.028 0.000 0.000 0.000 0.000 0.000 0.000 0.000 0.000 0.000 0.000 0.000 0.000 0.000 0.000 0.000 0.000 0.000
0.000 0.000 0.000 0.000 0.000 0.000 0.000 0.000 0.000 0.000 0.000 0.000 0.000 0.000 0.000 0.000 0.000 0.000 0.000 0.000 0.000 0.000 0.000 0.000 0.000 0.000 0.000 0.000 0.000 0.000 0.000 0.000 0.000 0.000 0.000 0.000 0.000 0.000 0.000 0.000 0.000 0.000 0.000 0.000 0.000 0.000 0.000 0.000 0.000 0.000 0.000 0.001 0.001 0.001 0.003 0.019 0.032 0.028 0.027 0.024 0.031 0.000 0.000 0.000 0.000 0.000 0.000 0.000 0.000 0.000 0.000 0.000 0.000 0.000 0.000 0.000 0.000
0.000 0.000 0.000 0.000 0.000 0.000 0.000 0.000 0.000 0.000 0.000 0.000 0.000 0.000 0.000 0.000 0.000 0.000 0.000 0.000 0.000 0.000 0.000 0.000 0.000 0.000 0.000 0.000 0.000 0.000 0.000 0.000 0.000 0.000 0.000 0.000 0.000 0.000 0.000 0.000 0.000 0.000 0.000 0.000 0.000 0.000 0.000 0.000 0.000 0.000 0.000 0.001 0.001 0.001 0.001 0.002 0.017 0.026 0.021 0.019 0.024 0.020 0.019 0.000 0.000 0.000 0.000 0.000 0.000 0.000 0.000 0.000 0.000 0.000 0.000 0.000 0.000
0.000 0.000 0.000 0.000 0.000 0.000 0.000 0.000 0.000 0.000 0.000 0.000 0.000 0.000 0.000 0.000 0.000 0.000 0.000 0.000 0.000 0.000 0.000 0.000 0.000 0.000 0.000 0.000 0.000 0.000 0.000 0.000 0.000 0.000 0.000 0.000 0.000 0.000 0.000 0.000 0.000 0.000 0.000 0.000 0.000 0.000 0.000 0.000 0.000 0.000 0.000 0.000 0.001 0.002 0.003 0.002 0.001 0.010 0.020 0.017 0.016 0.013 0.016 0.020 0.000 0.000 0.000 0.000 0.000 0.000 0.000 0.000 0.000 0.000 0.000 0.000 0.000
0.000 0.000 0.000 0.000 0.000 0.000 0.000 0.000 0.000 0.000 0.000 0.000 0.000 0.000 0.000 0.000 0.000 0.000 0.000 0.000 0.000 0.000 0.000 0.000 0.000 0.000 0.000 0.000 0.000 0.000 0.000 0.000 0.000 0.000 0.000 0.000 0.000 0.000 0.000 0.000 0.000 0.000 0.000 0.000 0.000 0.000 0.000 0.000 0.000 0.000 0.000 0.000 0.001 0.003 0.003 0.003 0.002 0.001 0.004 0.010 0.009 0.010 0.014 0.017 0.020 0.000 0.000 0.000 0.000 0.000 0.000 0.000 0.000 0.000 0.000 0.000 0.000
