数据/2hours/0.1-2h-50y/coupled-111-0001.wd
ncols         694
nrows         824
xllcorner     581104.939801
yllcorner     3495917.092414
cellsize      2.000000
NODATA_value  -9999.000000
[rows 442 to 475 of 824, columns 385 to 461 of 694]
0.000 0.000 0.000 0.000 0.000 0.000 0.000 0.000 0.000 0.000 0.000 0.000 0.000 0.000 0.000 0.000 0.000 0.000 0.000 0.000 0.000 0.012 0.017 0.020 0.030 0.034 0.045 0.055 0.066 0.078 0.087 0.088 0.085 0.087 0.000 0.000 0.000 0.000 0.000 0.000 0.000 0.000 0.000 0.000 0.000 0.000 0.000 0.000 0.000 0.000 0.000 0.000 0.000 0.000 0.000 0.000 0.005 0.006 0.008 0.009 0.009 0.010 0.011 0.011 0.011 0.010 0.009 0.009 0.009 0.011 0.000 0.000 0.000 0.000 0.000 0.000 0.000
0.000 0.000 0.000 0.000 0.000 0.000 0.000 0.000 0.000 0.000 0.000 0.000 0.000 0.000 0.000 0.000 0.000 0.001 0.001 0.001 0.002 0.009 0.015 0.024 0.023 0.041 0.041 0.051 0.063 0.083 0.077 0.080 0.078 0.072 0.000 0.000 0.000 0.000 0.000 0.000 0.000 0.000 0.000 0.000 0.000 0.000 0.000 0.000 0.000 0.000 0.000 0.000 0.000 0.000 0.000 0.000 0.004 0.007 0.009 0.010 0.011 0.011 0.012 0.012 0.012 0.011 0.010 0.010 0.010 0.011 0.010 0.008 0.000 0.000 0.000 0.000 0.000
0.000 0.000 0.000 0.000 0.000 0.000 0.000 0.000 0.000 0.000 0.000 0.000 0.000 0.000 0.000 0.000 0.001 0.001 0.002 0.002 0.003 0.008 0.014 0.024 0.025 0.037 0.043 0.054 0.058 0.072 0.074 0.068 0.069 0.000 0.000 0.000 0.000 0.000 0.000 0.000 0.000 0.000 0.000 0.000 0.000 0.000 0.000 0.000 0.000 0.000 0.000 0.000 0.000 0.000 0.000 0.000 0.007 0.011 0.014 0.016 0.015 0.015 0.015 0.016 0.015 0.014 0.013 0.013 0.014 0.016 0.019 0.012 0.003 0.000 0.000 0.000 0.000
0.000 0.000 0.000 0.000 0.000 0.000 0.000 0.000 0.000 0.000 0.000 0.000 0.000 0.000 0.000 0.001 0.002 0.002 0.003 0.003 0.004 0.009 0.012 0.017 0.033 0.035 0.043 0.053 0.067 0.070 0.072 0.070 0.068 0.000 0.000 0.000 0.000 0.000 0.000 0.000 0.000 0.000 0.000 0.000 0.000 0.000 0.000 0.000 0.000 0.000 0.000 0.000 0.000 0.000 0.000 0.000 0.000 0.024 0.000 0.000 0.018 0.021 0.023 0.023 0.020 0.019 0.019 0.020 0.022 0.025 0.025 0.019 0.011 0.001 0.000 0.000 0.000
0.000 0.000 0.000 0.000 0.000 0.000 0.000 0.000 0.000 0.000 0.000 0.000 0.000 0.001 0.001 0.002 0.002 0.003 0.004 0.004 0.005 0.010 0.014 0.013 0.029 0.032 0.045 0.051 0.063 0.069 0.068 0.067 0.069 0.000 0.000 0.000 0.000 0.000 0.000 0.000 0.000 0.000 0.000 0.000 0.000 0.000 0.000 0.000 0.000 0.000 0.000 0.000 0.000 0.000 0.000 0.000 0.000 0.000 0.000 0.000 0.000 0.000 0.000 0.000 0.023 0.027 0.029 0.031 0.032 0.037 0.032 0.024 0.016 0.007 0.000 0.000 0.000
0.000 0.000 0.000 0.000 0.000 0.000 0.000 0.000 0.000 0.000 0.000 0.002 0.005 0.007 0.007 0.005 0.005 0.005 0.006 0.006 0.006 0.009 0.014 0.015 0.021 0.031 0.042 0.048 0.056 0.059 0.058 0.062 0.055 0.044 0.034 0.026 0.000 0.000 0.000 0.000 0.000 0.000 0.000 0.000 0.000 0.000 0.000 0.000 0.000 0.000 0.000 0.000 0.000 0.000 0.000 0.000 0.000 0.000 0.000 0.000 0.000 0.000 0.000 0.000 0.000 0.000 0.000 0.000 0.042 0.045 0.039 0.030 0.023 0.015 0.001 0.000 0.000
0.000 0.000 0.000 0.000 0.000 0.000 0.000 0.000 0.000 0.000 0.000 0.000 0.000 0.013 0.012 0.012 0.012 0.011 0.009 0.008 0.008 0.010 0.014 0.015 0.019 0.025 0.036 0.039 0.047 0.052 0.052 0.052 0.047 0.034 0.030 0.022 0.017 0.014 0.009 0.009 0.000 0.000 0.000 0.000 0.000 0.000 0.000 0.000 0.000 0.000 0.000 0.000 0.000 0.000 0.000 0.000 0.000 0.000 0.000 0.000 0.000 0.000 0.000 0.000 0.000 0.000 0.000 0.000 0.000 0.000 0.000 0.035 0.030 0.022 0.008 0.000 0.000
0.000 0.000 0.000 0.000 0.000 0.000 0.000 0.000 0.000 0.000 0.000 0.000 0.000 0.000 0.000 0.017 0.016 0.015 0.013 0.011 0.011 0.010 0.014 0.015 0.018 0.021 0.027 0.033 0.038 0.039 0.040 0.038 0.031 0.027 0.025 0.020 0.020 0.017 0.011 0.010 0.008 0.006 0.005 0.000 0.000 0.000 0.000 0.000 0.000 0.000 0.000 0.000 0.000 0.000 0.000 0.000 0.000 0.000 0.000 0.000 0.000 0.000 0.000 0.000 0.000 0.000 0.000 0.000 0.000 0.000 0.000 0.000 0.000 0.000 0.000 0.000 0.000
0.000 0.000 0.000 0.000 0.000 0.000 0.000 0.000 0.000 0.000 0.000 0.000 0.000 0.000 0.000 0.000 0.020 0.019 0.016 0.014 0.012 0.012 0.015 0.018 0.016 0.020 0.024 0.033 0.032 0.030 0.029 0.026 0.027 0.026 0.022 0.023 0.024 0.017 0.012 0.012 0.010 0.008 0.007 0.005 0.003 0.002 0.002 0.000 0.000 0.000 0.000 0.000 0.000 0.000 0.000 0.000 0.000 0.000 0.000 0.000 0.000 0.000 0.000 0.000 0.000 0.000 0.000 0.000 0.000 0.000 0.000 0.000 0.000 0.000 0.000 0.000 0.000
0.000 0.000 0.000 0.000 0.000 0.000 0.000 0.000 0.000 0.000 0.000 0.000 0.000 0.000 0.000 0.000 0.000 0.000 0.018 0.015 0.013 0.012 0.012 0.017 0.020 0.016 0.020 0.026 0.031 0.027 0.027 0.028 0.025 0.025 0.027 0.028 0.023 0.015 0.014 0.014 0.012 0.009 0.008 0.007 0.005 0.004 0.003 0.002 0.002 0.001 0.001 0.000 0.000 0.000 0.000 0.000 0.000 0.000 0.000 0.000 0.000 0.000 0.000 0.000 0.000 0.000 0.000 0.000 0.000 0.000 0.000 0.000 0.000 0.000 0.000 0.000 0.000
0.000 0.000 0.000 0.000 0.000 0.000 0.000 0.000 0.000 0.000 0.000 0.000 0.000 0.000 0.000 0.000 0.000 0.000 0.019 0.016 0.014 0.012 0.010 0.000 0.018 0.019 0.015 0.018 0.023 0.027 0.029 0.025 0.027 0.033 0.033 0.028 0.018 0.015 0.017 0.016 0.014 0.011 0.011 0.009 0.007 0.005 0.004 0.004 0.003 0.002 0.001 0.001 0.001 0.000 0.000 0.000 0.000 0.000 0.000 0.000 0.000 0.000 0.000 0.000 0.000 0.000 0.000 0.000 0.000 0.000 0.000 0.000 0.000 0.000 0.000 0.000 0.000
0.000 0.000 0.000 0.000 0.000 0.000 0.000 0.000 0.000 0.000 0.000 0.000 0.000 0.000 0.000 0.000 0.000 0.000 0.018 0.017 0.015 0.013 0.011 0.008 0.012 0.020 0.018 0.014 0.019 0.024 0.026 0.030 0.037 0.036 0.029 0.021 0.017 0.019 0.019 0.019 0.016 0.013 0.014 0.012 0.009 0.007 0.006 0.005 0.004 0.003 0.002 0.002 0.001 0.001 0.000 0.000 0.000 0.000 0.000 0.000 0.000 0.000 0.000 0.000 0.000 0.000 0.000 0.000 0.000 0.000 0.000 0.000 0.000 0.000 0.000 0.000 0.000
0.000 0.000 0.000 0.000 0.000 0.000 0.000 0.000 0.000 0.000 0.000 0.000 0.000 0.000 0.000 0.000 0.000 0.000 0.017 0.016 0.015 0.014 0.012 0.010 0.008 0.011 0.015 0.015 0.019 0.023 0.027 0.031 0.030 0.024 0.021 0.020 0.021 0.023 0.022 0.023 0.018 0.016 0.018 0.016 0.011 0.010 0.009 0.007 0.006 0.005 0.004 0.003 0.002 0.002 0.001 0.001 0.001 0.000 0.000 0.000 0.000 0.000 0.000 0.000 0.000 0.000 0.000 0.000 0.000 0.000 0.000 0.000 0.000 0.000 0.000 0.000 0.000
0.000 0.000 0.000 0.000 0.000 0.000 0.000 0.000 0.000 0.000 0.000 0.000 0.000 0.000 0.000 0.000 0.000 0.014 0.015 0.015 0.014 0.014 0.013 0.012 0.010 0.008 0.008 0.011 0.015 0.019 0.022 0.021 0.020 0.020 0.021 0.022 0.023 0.024 0.025 0.024 0.019 0.022 0.024 0.020 0.015 0.013 0.013 0.010 0.009 0.009 0.007 0.005 0.004 0.003 0.003 0.002 0.001 0.001 0.001 0.000 0.000 0.000 0.000 0.000 0.000 0.000 0.000 0.000 0.000 0.000 0.000 0.000 0.000 0.000 0.000 0.000 0.000
0.000 0.000 0.000 0.000 0.000 0.000 0.000 0.000 0.000 0.000 0.000 0.000 0.000 0.000 0.000 0.000 0.000 0.016 0.015 0.015 0.014 0.013 0.012 0.012 0.011 0.009 0.006 0.008 0.011 0.014 0.015 0.017 0.019 0.021 0.022 0.022 0.024 0.026 0.025 0.021 0.021 0.027 0.026 0.020 0.017 0.017 0.017 0.015 0.014 0.013 0.011 0.008 0.007 0.005 0.005 0.004 0.003 0.003 0.002 0.001 0.001 0.001 0.000 0.000 0.000 0.000 0.000 0.000 0.000 0.000 0.000 0.000 0.000 0.000 0.000 0.000 0.000
0.000 0.000 0.000 0.000 0.000 0.000 0.000 0.000 0.000 0.000 0.000 0.000 0.000 0.000 0.000 0.000 0.000 0.017 0.016 0.015 0.014 0.014 0.012 0.011 0.010 0.010 0.007 0.008 0.011 0.013 0.015 0.018 0.020 0.022 0.022 0.024 0.026 0.024 0.021 0.022 0.028 0.030 0.025 0.020 0.019 0.020 0.020 0.018 0.017 0.017 0.016 0.014 0.011 0.009 0.008 0.007 0.007 0.006 0.005 0.005 0.004 0.004 0.003 0.004 0.008 0.001 0.000 0.000 0.000 0.000 0.000 0.000 0.000 0.000 0.000 0.000 0.000
0.000 0.000 0.000 0.000 0.000 0.000 0.000 0.000 0.000 0.000 0.000 0.000 0.000 0.000 0.000 0.000 0.000 0.018 0.016 0.015 0.013 0.013 0.013 0.011 0.010 0.008 0.008 0.010 0.012 0.014 0.016 0.019 0.020 0.021 0.022 0.023 0.022 0.021 0.024 0.030 0.033 0.029 0.024 0.022 0.022 0.023 0.023 0.020 0.020 0.021 0.019 0.017 0.015 0.014 0.013 0.013 0.013 0.013 0.013 0.013 0.013 0.014 0.016 0.019 0.017 0.000 0.000 0.000 0.000 0.000 0.000 0.000 0.000 0.000 0.000 0.000 0.000
0.000 0.000 0.000 0.000 0.000 0.000 0.000 0.000 0.000 0.000 0.000 0.000 0.000 0.000 0.000 0.000 0.032 0.025 0.018 0.015 0.013 0.013 0.012 0.011 0.010 0.007 0.007 0.009 0.012 0.014 0.016 0.017 0.018 0.019 0.020 0.021 0.023 0.028 0.032 0.034 0.031 0.028 0.026 0.025 0.026 0.027 0.025 0.023 0.023 0.024 0.023 0.020 0.019 0.018 0.017 0.018 0.019 0.021 0.022 0.023 0.026 0.028 0.030 0.032 0.022 0.010 0.000 0.000 0.000 0.000 0.000 0.000 0.000 0.000 0.000 0.000 0.000
0.000 0.000 0.000 0.000 0.000 0.000 0.000 0.000 0.000 0.000 0.000 0.000 0.000 0.000 0.000 0.000 0.053 0.052 0.042 0.024 0.015 0.013 0.012 0.011 0.009 0.006 0.006 0.008 0.010 0.012 0.014 0.015 0.017 0.019 0.022 0.026 0.031 0.035 0.036 0.033 0.031 0.029 0.028 0.029 0.031 0.031 0.027 0.026 0.027 0.029 0.026 0.024 0.023 0.023 0.023 0.023 0.025 0.028 0.030 0.032 0.035 0.038 0.040 0.039 0.043 0.037 0.028 0.021 0.014 0.010 0.007 0.004 0.002 0.000 0.000 0.000 0.000
0.000 0.000 0.000 0.000 0.000 0.000 0.000 0.000 0.000 0.000 0.000 0.000 0.000 0.000 0.000 0.000 0.049 0.048 0.049 0.048 0.031 0.015 0.012 0.010 0.008 0.005 0.006 0.007 0.008 0.010 0.012 0.014 0.017 0.021 0.026 0.031 0.035 0.037 0.037 0.034 0.033 0.032 0.033 0.035 0.036 0.033 0.030 0.030 0.032 0.033 0.031 0.028 0.028 0.029 0.030 0.031 0.034 0.037 0.040 0.042 0.045 0.042 0.038 0.034 0.037 0.040 0.042 0.044 0.044 0.035 0.026 0.020 0.015 0.011 0.007 0.003 0.001
0.277 0.261 0.269 0.000 0.000 0.000 0.000 0.000 0.000 0.000 0.000 0.000 0.000 0.000 0.000 0.051 0.055 0.055 0.051 0.044 0.042 0.031 0.015 0.010 0.007 0.005 0.006 0.006 0.007 0.009 0.011 0.014 0.018 0.023 0.029 0.035 0.040 0.044 0.042 0.038 0.037 0.039 0.040 0.041 0.039 0.037 0.036 0.037 0.038 0.037 0.035 0.033 0.034 0.035 0.037 0.039 0.042 0.046 0.049 0.048 0.045 0.041 0.037 0.031 0.032 0.033 0.035 0.037 0.039 0.041 0.042 0.045 0.044 0.036 0.028 0.021 0.015
0.258 0.250 0.274 0.251 0.242 0.253 0.000 0.000 0.000 0.000 0.000 0.000 0.000 0.000 0.000 0.056 0.058 0.061 0.052 0.057 0.048 0.037 0.025 0.013 0.006 0.005 0.006 0.006 0.007 0.009 0.012 0.017 0.024 0.030 0.036 0.042 0.048 0.054 0.000 0.040 0.044 0.048 0.048 0.044 0.042 0.041 0.041 0.042 0.043 0.042 0.039 0.039 0.040 0.042 0.044 0.047 0.051 0.053 0.050 0.046 0.043 0.039 0.035 0.029 0.029 0.029 0.030 0.031 0.032 0.032 0.034 0.038 0.042 0.046 0.048 0.050 0.044
0.278 0.295 0.285 0.266 0.248 0.252 0.253 0.245 0.250 0.255 0.000 0.000 0.000 0.000 0.000 0.074 0.066 0.057 0.059 0.046 0.052 0.053 0.029 0.018 0.009 0.007 0.006 0.007 0.008 0.011 0.017 0.024 0.032 0.039 0.046 0.051 0.058 0.000 0.000 0.000 0.000 0.000 0.000 0.041 0.045 0.046 0.045 0.047 0.047 0.045 0.043 0.044 0.046 0.049 0.052 0.054 0.052 0.049 0.047 0.044 0.040 0.037 0.033 0.027 0.025 0.025 0.025 0.025 0.026 0.026 0.028 0.031 0.034 0.037 0.040 0.042 0.045
0.000 0.000 0.000 0.262 0.246 0.268 0.258 0.250 0.262 0.258 0.245 0.240 0.241 0.000 0.000 0.097 0.080 0.070 0.056 0.049 0.053 0.045 0.048 0.018 0.013 0.011 0.009 0.008 0.010 0.015 0.022 0.031 0.039 0.047 0.056 0.000 0.000 0.000 0.000 0.000 0.000 0.000 0.000 0.000 0.000 0.000 0.050 0.053 0.052 0.050 0.047 0.050 0.053 0.056 0.053 0.051 0.049 0.047 0.045 0.041 0.037 0.034 0.030 0.025 0.022 0.022 0.021 0.021 0.020 0.020 0.022 0.024 0.027 0.030 0.032 0.034 0.035
0.000 0.000 0.000 0.000 0.000 0.000 0.255 0.269 0.264 0.257 0.247 0.243 0.229 0.204 0.177 0.132 0.099 0.068 0.059 0.059 0.054 0.051 0.047 0.028 0.013 0.016 0.013 0.013 0.016 0.023 0.031 0.039 0.046 0.055 0.000 0.000 0.000 0.000 0.000 0.000 0.000 0.000 0.000 0.000 0.000 0.000 0.000 0.000 0.000 0.000 0.051 0.057 0.056 0.053 0.049 0.048 0.047 0.044 0.041 0.037 0.034 0.031 0.027 0.022 0.019 0.019 0.018 0.017 0.016 0.016 0.017 0.018 0.020 0.023 0.024 0.025 0.026
0.000 0.000 0.000 0.000 0.000 0.000 0.000 0.000 0.000 0.000 0.255 0.253 0.237 0.209 0.176 0.137 0.099 0.075 0.064 0.055 0.054 0.053 0.050 0.032 0.017 0.017 0.019 0.020 0.025 0.030 0.039 0.046 0.054 0.000 0.000 0.000 0.000 0.000 0.000 0.000 0.000 0.000 0.000 0.000 0.000 0.000 0.000 0.000 0.000 0.000 0.000 0.000 0.000 0.000 0.043 0.044 0.043 0.039 0.037 0.033 0.030 0.027 0.023 0.019 0.016 0.016 0.015 0.014 0.013 0.013 0.013 0.014 0.015 0.016 0.016 0.017 0.017
0.000 0.000 0.000 0.000 0.000 0.000 0.000 0.000 0.000 0.000 0.000 0.000 0.000 0.000 0.153 0.119 0.092 0.068 0.063 0.063 0.057 0.055 0.049 0.036 0.018 0.020 0.025 0.028 0.032 0.038 0.046 0.054 0.000 0.000 0.000 0.000 0.000 0.000 0.000 0.000 0.000 0.000 0.000 0.000 0.000 0.000 0.000 0.000 0.000 0.000 0.000 0.000 0.000 0.000 0.000 0.000 0.000 0.032 0.030 0.028 0.026 0.022 0.019 0.016 0.013 0.012 0.011 0.010 0.010 0.009 0.009 0.009 0.009 0.009 0.009 0.009 0.010
0.000 0.000 0.000 0.000 0.000 0.000 0.000 0.000 0.000 0.000 0.000 0.000 0.000 0.000 0.000 0.089 0.077 0.070 0.068 0.060 0.058 0.057 0.051 0.034 0.020 0.022 0.032 0.036 0.038 0.046 0.054 0.062 0.000 0.000 0.000 0.000 0.000 0.000 0.000 0.000 0.000 0.000 0.000 0.000 0.000 0.000 0.000 0.000 0.000 0.000 0.000 0.000 0.000 0.000 0.000 0.000 0.000 0.000 0.000 0.000 0.000 0.015 0.015 0.013 0.010 0.009 0.008 0.007 0.006 0.006 0.005 0.005 0.005 0.004 0.003 0.002 0.002
0.000 0.000 0.000 0.000 0.000 0.000 0.000 0.000 0.000 0.000 0.000 0.000 0.000 0.000 0.068 0.064 0.071 0.061 0.058 0.067 0.063 0.057 0.046 0.033 0.018 0.027 0.037 0.042 0.047 0.053 0.062 0.070 0.000 0.000 0.000 0.000 0.000 0.000 0.000 0.000 0.000 0.000 0.000 0.000 0.000 0.000 0.000 0.000 0.000 0.000 0.000 0.000 0.000 0.000 0.000 0.000 0.000 0.000 0.000 0.000 0.000 0.000 0.000 0.000 0.001 0.000 0.000 0.000 0.000 0.000 0.000 0.000 0.000 0.000 0.000 0.000 0.000
0.000 0.000 0.000 0.000 0.000 0.000 0.000 0.000 0.000 0.000 0.000 0.000 0.000 0.000 0.066 0.074 0.065 0.064 0.061 0.063 0.061 0.053 0.042 0.027 0.021 0.032 0.043 0.050 0.056 0.063 0.071 0.079 0.000 0.000 0.000 0.000 0.000 0.000 0.000 0.000 0.000 0.000 0.000 0.000 0.000 0.000 0.000 0.000 0.000 0.000 0.000 0.000 0.000 0.000 0.000 0.000 0.000 0.000 0.000 0.000 0.000 0.000 0.000 0.000 0.000 0.000 0.000 0.000 0.000 0.000 0.000 0.000 0.000 0.000 0.000 0.000 0.000
0.000 0.000 0.000 0.000 0.000 0.000 0.000 0.000 0.000 0.000 0.000 0.000 0.000 0.000 0.081 0.073 0.071 0.066 0.058 0.072 0.058 0.048 0.037 0.022 0.025 0.039 0.051 0.061 0.067 0.074 0.083 0.000 0.000 0.000 0.000 0.000 0.000 0.000 0.000 0.000 0.000 0.000 0.000 0.000 0.000 0.000 0.000 0.000 0.000 0.000 0.000 0.000 0.000 0.000 0.000 0.000 0.000 0.000 0.000 0.000 0.000 0.000 0.000 0.000 0.000 0.000 0.000 0.000 0.000 0.000 0.000 0.000 0.000 0.000 0.000 0.000 0.000
0.000 0.000 0.000 0.000 0.000 0.000 0.000 0.000 0.000 0.000 0.000 0.000 0.000 0.000 0.083 0.085 0.078 0.072 0.077 0.060 0.061 0.040 0.027 0.021 0.038 0.053 0.065 0.073 0.078 0.085 0.093 0.000 0.000 0.000 0.000 0.000 0.000 0.000 0.000 0.000 0.000 0.000 0.000 0.000 0.000 0.000 0.000 0.000 0.000 0.000 0.000 0.000 0.000 0.000 0.000 0.000 0.000 0.000 0.000 0.000 0.000 0.000 0.000 0.000 0.000 0.000 0.000 0.000 0.000 0.000 0.000 0.000 0.000 0.000 0.000 0.000 0.000
0.000 0.000 0.000 0.000 0.000 0.000 0.000 0.000 0.000 0.000 0.000 0.000 0.000 0.082 0.073 0.084 0.073 0.070 0.080 0.079 0.065 0.042 0.039 0.052 0.067 0.079 0.088 0.093 0.095 0.101 0.104 0.000 0.000 0.000 0.000 0.000 0.000 0.000 0.000 0.000 0.000 0.000 0.000 0.000 0.000 0.000 0.000 0.000 0.000 0.000 0.000 0.000 0.000 0.000 0.000 0.000 0.000 0.000 0.000 0.000 0.000 0.000 0.000 0.000 0.000 0.000 0.000 0.000 0.000 0.000 0.000 0.000 0.000 0.000 0.000 0.000 0.000
0.000 0.000 0.000 0.000 0.000 0.000 0.000 0.000 0.000 0.000 0.000 0.000 0.000 0.078 0.081 0.076 0.070 0.076 0.075 0.075 0.066 0.063 0.067 0.075 0.084 0.093 0.098 0.104 0.113 0.124 0.000 0.000 0.000 0.000 0.000 0.000 0.000 0.000 0.000 0.000 0.000 0.000 0.000 0.000 0.000 0.000 0.000 0.000 0.000 0.000 0.000 0.000 0.000 0.000 0.000 0.000 0.000 0.000 0.000 0.000 0.000 0.000 0.000 0.000 0.000 0.000 0.000 0.000 0.000 0.000 0.000 0.000 0.000 0.000 0.000 0.000 0.000
