数据/2hours/0.1-2h-50y/coupled-153-0001.wd
ncols         694
nrows         824
xllcorner     581104.939801
yllcorner     3495917.092414
cellsize      2.000000
NODATA_value  -9999.000000
[rows 442 to 475 of 824, columns 385 to 461 of 694]
0.000 0.000 0.000 0.057 0.051 0.046 0.041 0.035 0.030 0.024 0.019 0.013 0.008 0.003 0.001 0.001 0.001 0.001 0.001 0.001 0.001 0.001 0.001 0.001 0.001 0.005 0.016 0.015 0.025 0.039 0.040 0.036 0.036 0.037 0.000 0.000 0.000 0.000 0.000 0.000 0.000 0.000 0.000 0.000 0.000 0.000 0.000 0.000 0.000 0.000 0.000 0.000 0.000 0.008 0.016 0.024 0.031 0.037 0.045 0.052 0.059 0.067 0.074 0.081 0.089 0.096 0.104 0.110 0.118 0.125 0.000 0.000 0.000 0.000 0.000 0.000 0.000
0.000 0.000 0.000 0.000 0.000 0.057 0.052 0.045 0.040 0.034 0.029 0.023 0.017 0.012 0.007 0.002 0.001 0.001 0.001 0.001 0.001 0.001 0.001 0.001 0.002 0.005 0.012 0.024 0.028 0.037 0.039 0.039 0.037 0.034 0.000 0.000 0.000 0.000 0.000 0.000 0.000 0.000 0.000 0.000 0.000 0.000 0.000 0.000 0.000 0.000 0.000 0.006 0.014 0.021 0.029 0.037 0.044 0.051 0.058 0.065 0.073 0.081 0.088 0.096 0.102 0.110 0.116 0.124 0.131 0.138 0.144 0.145 0.000 0.000 0.000 0.000 0.000
0.000 0.000 0.000 0.000 0.000 0.000 0.000 0.056 0.050 0.045 0.039 0.033 0.027 0.021 0.016 0.010 0.005 0.001 0.001 0.001 0.001 0.001 0.001 0.001 0.002 0.006 0.016 0.024 0.031 0.038 0.036 0.033 0.040 0.000 0.000 0.000 0.000 0.000 0.000 0.000 0.000 0.000 0.000 0.000 0.000 0.000 0.000 0.000 0.000 0.005 0.012 0.019 0.027 0.035 0.042 0.050 0.057 0.064 0.071 0.079 0.086 0.094 0.101 0.108 0.115 0.122 0.130 0.136 0.143 0.150 0.157 0.153 0.147 0.142 0.138 0.000 0.000
0.000 0.000 0.000 0.000 0.000 0.000 0.000 0.000 0.057 0.055 0.049 0.043 0.037 0.031 0.025 0.019 0.013 0.008 0.003 0.001 0.001 0.001 0.001 0.001 0.002 0.006 0.016 0.027 0.041 0.038 0.038 0.036 0.036 0.000 0.000 0.000 0.000 0.000 0.000 0.000 0.000 0.000 0.000 0.000 0.000 0.000 0.000 0.001 0.010 0.018 0.025 0.032 0.040 0.000 0.000 0.000 0.000 0.078 0.000 0.000 0.099 0.108 0.114 0.122 0.128 0.136 0.142 0.149 0.157 0.162 0.164 0.160 0.155 0.150 0.145 0.141 0.136
0.000 0.000 0.000 0.000 0.000 0.000 0.000 0.000 0.000 0.000 0.054 0.051 0.047 0.041 0.035 0.029 0.023 0.016 0.010 0.004 0.001 0.001 0.001 0.001 0.002 0.006 0.015 0.024 0.035 0.038 0.034 0.030 0.035 0.000 0.000 0.000 0.000 0.000 0.000 0.000 0.000 0.000 0.000 0.000 0.000 0.000 0.000 0.000 0.000 0.031 0.038 0.045 0.052 0.000 0.000 0.000 0.000 0.000 0.000 0.000 0.000 0.000 0.000 0.000 0.142 0.149 0.155 0.163 0.169 0.175 0.172 0.167 0.162 0.158 0.152 0.148 0.144
0.000 0.000 0.000 0.000 0.000 0.000 0.000 0.000 0.000 0.000 0.000 0.054 0.052 0.048 0.044 0.038 0.032 0.025 0.018 0.012 0.006 0.001 0.001 0.001 0.001 0.006 0.013 0.021 0.030 0.032 0.033 0.028 0.026 0.021 0.017 0.017 0.000 0.000 0.000 0.000 0.000 0.000 0.000 0.000 0.000 0.000 0.000 0.000 0.000 0.000 0.000 0.000 0.000 0.000 0.000 0.000 0.000 0.000 0.000 0.000 0.000 0.000 0.000 0.000 0.000 0.000 0.000 0.000 0.181 0.184 0.179 0.174 0.169 0.165 0.160 0.156 0.152
0.000 0.000 0.000 0.000 0.000 0.000 0.000 0.000 0.000 0.000 0.000 0.000 0.000 0.051 0.048 0.043 0.039 0.035 0.027 0.020 0.013 0.006 0.002 0.001 0.001 0.005 0.012 0.015 0.022 0.030 0.026 0.024 0.024 0.017 0.014 0.012 0.008 0.005 0.004 0.004 0.000 0.000 0.000 0.000 0.000 0.000 0.000 0.000 0.000 0.000 0.000 0.000 0.000 0.000 0.000 0.000 0.000 0.000 0.000 0.000 0.000 0.000 0.000 0.000 0.000 0.000 0.000 0.000 0.000 0.000 0.000 0.181 0.176 0.173 0.168 0.164 0.160
0.000 0.000 0.000 0.000 0.000 0.000 0.000 0.000 0.000 0.000 0.000 0.000 0.000 0.000 0.000 0.045 0.041 0.037 0.032 0.027 0.020 0.013 0.007 0.002 0.003 0.004 0.007 0.011 0.000 0.018 0.021 0.022 0.015 0.012 0.013 0.012 0.009 0.007 0.006 0.005 0.003 0.002 0.002 0.000 0.000 0.000 0.000 0.000 0.000 0.000 0.000 0.000 0.000 0.000 0.000 0.000 0.000 0.000 0.000 0.000 0.000 0.000 0.000 0.000 0.000 0.000 0.000 0.000 0.000 0.000 0.000 0.000 0.000 0.000 0.000 0.171 0.167
0.000 0.000 0.000 0.000 0.000 0.000 0.000 0.000 0.000 0.000 0.000 0.000 0.000 0.000 0.000 0.000 0.044 0.040 0.033 0.027 0.022 0.017 0.013 0.007 0.004 0.005 0.004 0.009 0.009 0.012 0.014 0.011 0.011 0.014 0.014 0.011 0.009 0.008 0.007 0.006 0.005 0.004 0.003 0.002 0.001 0.001 0.001 0.000 0.000 0.000 0.000 0.000 0.000 0.000 0.000 0.000 0.000 0.000 0.000 0.000 0.000 0.000 0.000 0.000 0.000 0.000 0.000 0.000 0.000 0.000 0.000 0.000 0.000 0.000 0.000 0.000 0.000
0.000 0.000 0.000 0.000 0.000 0.000 0.000 0.000 0.000 0.000 0.000 0.000 0.000 0.000 0.000 0.000 0.000 0.000 0.029 0.026 0.022 0.018 0.013 0.009 0.006 0.006 0.005 0.006 0.009 0.008 0.009 0.011 0.014 0.014 0.012 0.011 0.010 0.009 0.008 0.007 0.006 0.005 0.003 0.002 0.002 0.001 0.001 0.001 0.001 0.001 0.001 0.001 0.001 0.001 0.001 0.000 0.000 0.000 0.000 0.000 0.000 0.000 0.000 0.000 0.000 0.000 0.000 0.000 0.000 0.000 0.000 0.000 0.000 0.000 0.000 0.000 0.000
0.000 0.000 0.000 0.000 0.000 0.000 0.000 0.000 0.000 0.000 0.000 0.000 0.000 0.000 0.000 0.000 0.000 0.000 0.028 0.025 0.022 0.017 0.013 0.000 0.005 0.005 0.006 0.005 0.006 0.009 0.011 0.013 0.014 0.012 0.012 0.011 0.011 0.010 0.009 0.008 0.008 0.006 0.004 0.003 0.003 0.002 0.002 0.001 0.001 0.001 0.001 0.001 0.001 0.001 0.001 0.001 0.001 0.001 0.000 0.000 0.000 0.000 0.000 0.000 0.000 0.000 0.000 0.000 0.000 0.000 0.000 0.000 0.000 0.000 0.000 0.000 0.000
0.000 0.000 0.000 0.000 0.000 0.000 0.000 0.000 0.000 0.000 0.000 0.000 0.000 0.000 0.000 0.000 0.000 0.000 0.026 0.024 0.021 0.017 0.013 0.009 0.006 0.005 0.005 0.003 0.000 0.007 0.010 0.012 0.012 0.012 0.012 0.012 0.013 0.012 0.010 0.010 0.010 0.008 0.006 0.004 0.003 0.000 0.001 0.001 0.001 0.001 0.001 0.001 0.001 0.001 0.001 0.001 0.001 0.001 0.001 0.001 0.001 0.000 0.000 0.000 0.000 0.000 0.000 0.000 0.000 0.000 0.000 0.000 0.000 0.000 0.000 0.000 0.000
0.000 0.000 0.000 0.000 0.000 0.000 0.000 0.000 0.000 0.000 0.000 0.000 0.000 0.000 0.000 0.000 0.000 0.000 0.024 0.023 0.020 0.017 0.014 0.011 0.008 0.006 0.004 0.003 0.003 0.006 0.008 0.009 0.011 0.012 0.012 0.014 0.015 0.013 0.012 0.013 0.013 0.010 0.008 0.006 0.005 0.004 0.003 0.003 0.002 0.002 0.002 0.001 0.001 0.001 0.001 0.001 0.001 0.001 0.001 0.001 0.001 0.001 0.001 0.001 0.001 0.000 0.000 0.000 0.000 0.000 0.000 0.000 0.000 0.000 0.000 0.000 0.000
0.000 0.000 0.000 0.000 0.000 0.000 0.000 0.000 0.000 0.000 0.000 0.000 0.000 0.000 0.000 0.000 0.000 0.020 0.022 0.021 0.019 0.017 0.014 0.012 0.009 0.007 0.004 0.004 0.005 0.006 0.007 0.009 0.010 0.011 0.012 0.015 0.015 0.013 0.014 0.017 0.016 0.013 0.010 0.009 0.007 0.006 0.006 0.005 0.004 0.003 0.003 0.002 0.002 0.002 0.001 0.001 0.001 0.001 0.001 0.001 0.001 0.001 0.001 0.001 0.001 0.001 0.001 0.001 0.001 0.000 0.000 0.000 0.000 0.000 0.000 0.000 0.000
0.000 0.000 0.000 0.000 0.000 0.000 0.000 0.000 0.000 0.000 0.000 0.000 0.000 0.000 0.000 0.000 0.000 0.022 0.021 0.020 0.018 0.017 0.015 0.012 0.010 0.007 0.005 0.005 0.005 0.007 0.008 0.009 0.010 0.011 0.014 0.015 0.014 0.015 0.018 0.018 0.015 0.013 0.012 0.011 0.010 0.010 0.009 0.008 0.007 0.006 0.005 0.004 0.004 0.003 0.003 0.002 0.002 0.002 0.002 0.001 0.001 0.001 0.001 0.002 0.003 0.002 0.001 0.001 0.001 0.001 0.001 0.001 0.000 0.000 0.000 0.000 0.000
0.000 0.000 0.000 0.000 0.000 0.000 0.000 0.000 0.000 0.000 0.000 0.000 0.000 0.000 0.000 0.000 0.000 0.023 0.021 0.020 0.018 0.016 0.015 0.013 0.011 0.008 0.005 0.005 0.006 0.007 0.008 0.009 0.010 0.012 0.014 0.014 0.015 0.018 0.020 0.018 0.015 0.014 0.013 0.013 0.012 0.012 0.012 0.011 0.010 0.009 0.009 0.008 0.007 0.007 0.006 0.005 0.005 0.004 0.004 0.004 0.004 0.005 0.006 0.008 0.011 0.006 0.002 0.001 0.001 0.001 0.001 0.001 0.000 0.000 0.000 0.000 0.000
0.000 0.000 0.000 0.000 0.000 0.000 0.000 0.000 0.000 0.000 0.000 0.000 0.000 0.000 0.000 0.000 0.000 0.023 0.021 0.020 0.018 0.016 0.015 0.013 0.011 0.008 0.006 0.006 0.007 0.007 0.008 0.010 0.011 0.013 0.015 0.017 0.019 0.021 0.020 0.018 0.017 0.016 0.015 0.015 0.015 0.016 0.015 0.014 0.013 0.012 0.012 0.011 0.011 0.011 0.010 0.010 0.010 0.011 0.011 0.012 0.013 0.015 0.017 0.020 0.018 0.000 0.002 0.001 0.001 0.001 0.001 0.001 0.000 0.000 0.000 0.000 0.000
0.000 0.000 0.000 0.000 0.000 0.000 0.000 0.000 0.000 0.000 0.000 0.000 0.000 0.000 0.000 0.000 0.022 0.022 0.021 0.021 0.019 0.017 0.015 0.013 0.011 0.007 0.006 0.006 0.007 0.008 0.009 0.011 0.013 0.015 0.017 0.020 0.022 0.022 0.021 0.021 0.020 0.020 0.019 0.019 0.019 0.019 0.019 0.018 0.017 0.016 0.015 0.015 0.015 0.015 0.015 0.015 0.016 0.018 0.020 0.023 0.026 0.028 0.030 0.033 0.023 0.011 0.003 0.002 0.002 0.001 0.001 0.001 0.001 0.001 0.001 0.001 0.000
0.000 0.000 0.000 0.000 0.000 0.000 0.000 0.000 0.000 0.000 0.000 0.000 0.000 0.000 0.000 0.000 0.024 0.023 0.022 0.021 0.019 0.017 0.015 0.013 0.010 0.006 0.006 0.007 0.007 0.008 0.009 0.011 0.014 0.017 0.020 0.023 0.025 0.026 0.026 0.026 0.025 0.024 0.024 0.023 0.023 0.023 0.023 0.022 0.021 0.020 0.020 0.019 0.019 0.020 0.020 0.022 0.023 0.026 0.028 0.031 0.035 0.038 0.041 0.040 0.044 0.038 0.030 0.022 0.016 0.011 0.008 0.006 0.003 0.001 0.001 0.001 0.001
0.000 0.000 0.000 0.000 0.000 0.000 0.000 0.000 0.000 0.000 0.000 0.000 0.000 0.000 0.000 0.000 0.025 0.024 0.022 0.021 0.019 0.017 0.015 0.013 0.010 0.007 0.007 0.007 0.007 0.008 0.010 0.012 0.016 0.020 0.024 0.029 0.033 0.035 0.034 0.032 0.031 0.030 0.029 0.028 0.027 0.027 0.026 0.026 0.025 0.025 0.025 0.025 0.025 0.026 0.027 0.029 0.032 0.034 0.038 0.041 0.044 0.043 0.039 0.035 0.038 0.042 0.044 0.046 0.046 0.037 0.029 0.023 0.018 0.014 0.010 0.006 0.003
0.127 0.123 0.119 0.000 0.000 0.000 0.000 0.000 0.000 0.000 0.000 0.000 0.000 0.000 0.000 0.024 0.025 0.025 0.023 0.022 0.020 0.018 0.016 0.013 0.009 0.007 0.007 0.007 0.008 0.009 0.012 0.016 0.021 0.027 0.033 0.038 0.043 0.046 0.043 0.037 0.036 0.036 0.035 0.033 0.032 0.031 0.030 0.030 0.030 0.029 0.029 0.030 0.031 0.032 0.034 0.037 0.040 0.043 0.047 0.047 0.045 0.041 0.037 0.032 0.034 0.035 0.037 0.039 0.041 0.043 0.045 0.048 0.048 0.041 0.034 0.027 0.020
0.131 0.126 0.122 0.116 0.111 0.107 0.000 0.000 0.000 0.000 0.000 0.000 0.000 0.000 0.000 0.031 0.030 0.028 0.026 0.024 0.022 0.019 0.016 0.013 0.009 0.008 0.008 0.008 0.009 0.012 0.017 0.024 0.030 0.037 0.042 0.047 0.054 0.059 0.000 0.038 0.041 0.043 0.042 0.037 0.035 0.035 0.035 0.034 0.035 0.035 0.035 0.035 0.037 0.039 0.042 0.045 0.049 0.050 0.048 0.045 0.042 0.040 0.036 0.030 0.030 0.031 0.032 0.033 0.034 0.036 0.038 0.041 0.047 0.051 0.054 0.058 0.052
0.135 0.130 0.125 0.119 0.114 0.110 0.104 0.100 0.096 0.093 0.000 0.000 0.000 0.000 0.000 0.037 0.035 0.032 0.029 0.027 0.024 0.020 0.016 0.012 0.009 0.009 0.009 0.010 0.012 0.018 0.026 0.034 0.041 0.048 0.053 0.056 0.063 0.000 0.000 0.000 0.000 0.000 0.000 0.036 0.039 0.040 0.038 0.039 0.039 0.040 0.040 0.042 0.044 0.047 0.050 0.053 0.050 0.048 0.045 0.043 0.040 0.037 0.034 0.028 0.027 0.027 0.027 0.027 0.028 0.030 0.031 0.035 0.040 0.043 0.047 0.050 0.053
0.000 0.000 0.000 0.121 0.118 0.114 0.108 0.104 0.101 0.097 0.090 0.085 0.082 0.000 0.000 0.043 0.040 0.034 0.031 0.028 0.025 0.023 0.018 0.012 0.009 0.010 0.011 0.014 0.021 0.029 0.036 0.043 0.051 0.058 0.064 0.000 0.000 0.000 0.000 0.000 0.000 0.000 0.000 0.000 0.000 0.000 0.040 0.043 0.045 0.046 0.045 0.048 0.051 0.055 0.052 0.050 0.048 0.045 0.043 0.040 0.037 0.034 0.031 0.026 0.024 0.023 0.022 0.023 0.023 0.023 0.025 0.028 0.032 0.036 0.040 0.043 0.044
0.000 0.000 0.000 0.000 0.000 0.000 0.111 0.109 0.105 0.100 0.094 0.089 0.084 0.074 0.063 0.052 0.045 0.038 0.034 0.030 0.026 0.023 0.020 0.012 0.010 0.012 0.016 0.023 0.029 0.037 0.045 0.053 0.060 0.067 0.000 0.000 0.000 0.000 0.000 0.000 0.000 0.000 0.000 0.000 0.000 0.000 0.000 0.000 0.000 0.000 0.048 0.054 0.054 0.052 0.048 0.046 0.044 0.042 0.040 0.037 0.034 0.031 0.028 0.024 0.021 0.020 0.020 0.019 0.019 0.019 0.020 0.023 0.026 0.030 0.032 0.034 0.035
0.000 0.000 0.000 0.000 0.000 0.000 0.000 0.000 0.000 0.000 0.097 0.093 0.088 0.079 0.065 0.055 0.047 0.040 0.034 0.030 0.027 0.024 0.021 0.013 0.011 0.016 0.022 0.030 0.038 0.046 0.054 0.062 0.068 0.000 0.000 0.000 0.000 0.000 0.000 0.000 0.000 0.000 0.000 0.000 0.000 0.000 0.000 0.000 0.000 0.000 0.000 0.000 0.000 0.000 0.042 0.042 0.040 0.037 0.035 0.033 0.030 0.027 0.025 0.021 0.017 0.017 0.016 0.016 0.016 0.016 0.017 0.018 0.020 0.022 0.024 0.025 0.027
0.000 0.000 0.000 0.000 0.000 0.000 0.000 0.000 0.000 0.000 0.000 0.000 0.000 0.000 0.063 0.054 0.046 0.038 0.032 0.028 0.025 0.022 0.021 0.015 0.004 0.022 0.031 0.038 0.045 0.055 0.063 0.071 0.000 0.000 0.000 0.000 0.000 0.000 0.000 0.000 0.000 0.000 0.000 0.000 0.000 0.000 0.000 0.000 0.000 0.000 0.000 0.000 0.000 0.000 0.000 0.000 0.000 0.031 0.030 0.028 0.026 0.023 0.020 0.017 0.014 0.014 0.013 0.013 0.012 0.012 0.013 0.014 0.016 0.017 0.018 0.019 0.020
0.000 0.000 0.000 0.000 0.000 0.000 0.000 0.000 0.000 0.000 0.000 0.000 0.000 0.000 0.000 0.047 0.041 0.034 0.023 0.026 0.025 0.022 0.021 0.020 0.022 0.030 0.038 0.046 0.055 0.061 0.071 0.080 0.000 0.000 0.000 0.000 0.000 0.000 0.000 0.000 0.000 0.000 0.000 0.000 0.000 0.000 0.000 0.000 0.000 0.000 0.000 0.000 0.000 0.000 0.000 0.000 0.000 0.000 0.000 0.000 0.000 0.016 0.015 0.013 0.010 0.010 0.010 0.009 0.008 0.008 0.008 0.009 0.010 0.011 0.012 0.012 0.013
0.000 0.000 0.000 0.000 0.000 0.000 0.000 0.000 0.000 0.000 0.000 0.000 0.000 0.000 0.040 0.042 0.038 0.034 0.030 0.029 0.028 0.025 0.024 0.025 0.029 0.038 0.043 0.054 0.059 0.070 0.078 0.087 0.000 0.000 0.000 0.000 0.000 0.000 0.000 0.000 0.000 0.000 0.000 0.000 0.000 0.000 0.000 0.000 0.000 0.000 0.000 0.000 0.000 0.000 0.000 0.000 0.000 0.000 0.000 0.000 0.000 0.000 0.000 0.000 0.002 0.002 0.003 0.003 0.003 0.003 0.004 0.004 0.004 0.004 0.005 0.005 0.007
0.000 0.000 0.000 0.000 0.000 0.000 0.000 0.000 0.000 0.000 0.000 0.000 0.000 0.000 0.043 0.041 0.038 0.034 0.032 0.030 0.029 0.024 0.025 0.030 0.034 0.040 0.050 0.058 0.068 0.075 0.084 0.095 0.000 0.000 0.000 0.000 0.000 0.000 0.000 0.000 0.000 0.000 0.000 0.000 0.000 0.000 0.000 0.000 0.000 0.000 0.000 0.000 0.000 0.000 0.000 0.000 0.000 0.000 0.000 0.000 0.000 0.000 0.000 0.000 0.000 0.000 0.000 0.000 0.001 0.001 0.001 0.001 0.001 0.001 0.001 0.001 0.001
0.000 0.000 0.000 0.000 0.000 0.000 0.000 0.000 0.000 0.000 0.000 0.000 0.000 0.000 0.045 0.043 0.040 0.036 0.035 0.031 0.031 0.027 0.028 0.032 0.040 0.047 0.057 0.065 0.074 0.080 0.088 0.000 0.000 0.000 0.000 0.000 0.000 0.000 0.000 0.000 0.000 0.000 0.000 0.000 0.000 0.000 0.000 0.000 0.000 0.000 0.000 0.000 0.000 0.000 0.000 0.000 0.000 0.000 0.000 0.000 0.000 0.000 0.000 0.000 0.000 0.000 0.000 0.000 0.000 0.000 0.000 0.001 0.001 0.001 0.001 0.001 0.001
0.000 0.000 0.000 0.000 0.000 0.000 0.000 0.000 0.000 0.000 0.000 0.000 0.000 0.000 0.049 0.045 0.041 0.038 0.036 0.035 0.032 0.030 0.035 0.041 0.050 0.059 0.067 0.074 0.081 0.090 0.097 0.000 0.000 0.000 0.000 0.000 0.000 0.000 0.000 0.000 0.000 0.000 0.000 0.000 0.000 0.000 0.000 0.000 0.000 0.000 0.000 0.000 0.000 0.000 0.000 0.000 0.000 0.000 0.000 0.000 0.000 0.000 0.000 0.000 0.000 0.000 0.000 0.000 0.000 0.000 0.000 0.000 0.000 0.000 0.000 0.001 0.001
0.000 0.000 0.000 0.000 0.000 0.000 0.000 0.000 0.000 0.000 0.000 0.000 0.000 0.047 0.047 0.048 0.046 0.046 0.044 0.043 0.041 0.040 0.045 0.052 0.059 0.067 0.073 0.082 0.091 0.099 0.104 0.000 0.000 0.000 0.000 0.000 0.000 0.000 0.000 0.000 0.000 0.000 0.000 0.000 0.000 0.000 0.000 0.000 0.000 0.000 0.000 0.000 0.000 0.000 0.000 0.000 0.000 0.000 0.000 0.000 0.000 0.000 0.000 0.000 0.000 0.000 0.000 0.000 0.000 0.000 0.000 0.000 0.000 0.000 0.000 0.000 0.001
0.000 0.000 0.000 0.000 0.000 0.000 0.000 0.000 0.000 0.000 0.000 0.000 0.000 0.048 0.051 0.051 0.050 0.050 0.050 0.047 0.045 0.045 0.049 0.056 0.065 0.072 0.080 0.087 0.098 0.108 0.000 0.000 0.000 0.000 0.000 0.000 0.000 0.000 0.000 0.000 0.000 0.000 0.000 0.000 0.000 0.000 0.000 0.000 0.000 0.000 0.000 0.000 0.000 0.000 0.000 0.000 0.000 0.000 0.000 0.000 0.000 0.000 0.000 0.000 0.000 0.000 0.000 0.000 0.000 0.000 0.000 0.000 0.000 0.000 0.000 0.000 0.001
