数据/2hours/0.1-2h-50y/coupled-156-0001.wd
ncols         694
nrows         824
xllcorner     581104.939801
yllcorner     3495917.092414
cellsize      2.000000
NODATA_value  -9999.000000
[rows 714 to 747 of 824, columns 154 to 230 of 694]
0.000 0.000 0.000 0.000 0.000 0.000 0.002 0.003 0.004 0.005 0.006 0.007 0.008 0.008 0.009 0.009 0.009 0.009 0.009 0.008 0.001 0.001 0.069 0.063 0.047 0.030 0.026 0.022 0.017 0.014 0.011 0.008 0.000 0.000 0.000 0.000 0.000 0.000 0.000 0.000 0.000 0.000 0.001 0.001 0.001 0.007 0.020 0.031 0.041 0.000 0.000 0.000 0.000 0.000 0.000 0.000 0.000 0.000 0.135 0.145 0.156 0.155 0.132 0.111 0.119 0.032 0.001 0.001 0.001 0.000 0.000 0.000 0.000 0.000 0.000 0.000 0.000
0.000 0.000 0.000 0.000 0.000 0.002 0.003 0.004 0.005 0.006 0.007 0.008 0.009 0.009 0.010 0.010 0.011 0.011 0.011 0.011 0.011 0.010 0.001 0.087 0.081 0.069 0.046 0.041 0.032 0.026 0.022 0.016 0.016 0.013 0.000 0.000 0.000 0.000 0.000 0.000 0.000 0.001 0.001 0.011 0.057 0.068 0.078 0.090 0.100 0.000 0.000 0.000 0.000 0.000 0.000 0.000 0.000 0.000 0.199 0.195 0.171 0.147 0.123 0.114 0.122 0.078 0.001 0.001 0.001 0.000 0.000 0.000 0.000 0.000 0.000 0.000 0.000
0.000 0.000 0.000 0.000 0.001 0.003 0.004 0.005 0.006 0.007 0.008 0.009 0.009 0.010 0.011 0.011 0.012 0.013 0.013 0.014 0.014 0.015 0.014 0.000 0.001 0.112 0.095 0.074 0.047 0.041 0.034 0.028 0.029 0.024 0.021 0.000 0.000 0.000 0.000 0.000 0.001 0.001 0.003 0.057 0.110 0.129 0.140 0.151 0.163 0.000 0.000 0.000 0.000 0.000 0.000 0.000 0.000 0.233 0.210 0.186 0.162 0.139 0.114 0.117 0.124 0.120 0.032 0.001 0.001 0.000 0.000 0.000 0.000 0.000 0.000 0.000 0.000
0.000 0.000 0.000 0.000 0.002 0.004 0.005 0.006 0.007 0.008 0.009 0.009 0.010 0.011 0.011 0.012 0.013 0.014 0.015 0.016 0.017 0.018 0.020 0.022 0.025 0.003 0.135 0.114 0.084 0.056 0.050 0.046 0.044 0.038 0.034 0.030 0.028 0.000 0.000 0.000 0.001 0.001 0.049 0.101 0.154 0.193 0.202 0.212 0.000 0.000 0.000 0.000 0.000 0.000 0.000 0.000 0.000 0.225 0.202 0.178 0.153 0.131 0.113 0.121 0.129 0.137 0.081 0.001 0.001 0.000 0.000 0.000 0.000 0.000 0.000 0.000 0.000
0.000 0.000 0.000 0.001 0.003 0.005 0.006 0.007 0.008 0.008 0.009 0.010 0.011 0.011 0.012 0.013 0.014 0.015 0.016 0.017 0.019 0.021 0.024 0.030 0.040 0.059 0.003 0.141 0.118 0.087 0.069 0.067 0.058 0.053 0.049 0.045 0.043 0.041 0.000 0.002 0.002 0.034 0.088 0.142 0.197 0.251 0.265 0.276 0.000 0.000 0.000 0.000 0.000 0.000 0.000 0.000 0.000 0.215 0.192 0.168 0.144 0.121 0.115 0.124 0.134 0.141 0.124 0.035 0.000 0.000 0.000 0.000 0.000 0.000 0.000 0.000 0.000
0.000 0.000 0.000 0.001 0.003 0.005 0.006 0.007 0.008 0.009 0.009 0.010 0.011 0.012 0.012 0.013 0.014 0.015 0.016 0.018 0.020 0.022 0.025 0.029 0.034 0.040 0.026 0.001 0.001 0.098 0.090 0.082 0.073 0.069 0.064 0.061 0.057 0.058 0.053 0.034 0.041 0.070 0.126 0.183 0.238 0.293 0.328 0.339 0.000 0.000 0.000 0.000 0.000 0.000 0.000 0.000 0.000 0.206 0.181 0.158 0.135 0.112 0.118 0.127 0.136 0.144 0.152 0.084 0.000 0.000 0.000 0.000 0.000 0.000 0.000 0.000 0.000
0.000 0.000 0.000 0.001 0.003 0.005 0.006 0.007 0.008 0.009 0.010 0.010 0.011 0.012 0.013 0.014 0.014 0.016 0.017 0.018 0.020 0.022 0.024 0.026 0.029 0.031 0.024 0.017 0.012 0.001 0.105 0.099 0.092 0.083 0.080 0.078 0.077 0.076 0.077 0.000 0.000 0.109 0.167 0.224 0.280 0.335 0.389 0.401 0.409 0.387 0.000 0.000 0.000 0.000 0.000 0.000 0.220 0.195 0.172 0.150 0.126 0.111 0.121 0.131 0.139 0.147 0.157 0.128 0.000 0.000 0.000 0.000 0.000 0.000 0.000 0.000 0.000
0.000 0.000 0.000 0.001 0.003 0.005 0.006 0.007 0.008 0.009 0.010 0.011 0.011 0.012 0.013 0.014 0.015 0.016 0.017 0.018 0.019 0.021 0.022 0.024 0.025 0.025 0.022 0.018 0.015 0.010 0.001 0.114 0.110 0.100 0.099 0.096 0.096 0.093 0.000 0.000 0.000 0.000 0.210 0.266 0.322 0.377 0.431 0.425 0.401 0.377 0.354 0.330 0.000 0.000 0.000 0.000 0.210 0.187 0.163 0.139 0.116 0.114 0.124 0.134 0.143 0.151 0.159 0.000 0.000 0.000 0.000 0.000 0.000 0.000 0.000 0.000 0.000
0.000 0.000 0.000 0.001 0.003 0.005 0.006 0.007 0.008 0.009 0.010 0.011 0.011 0.012 0.013 0.014 0.015 0.015 0.016 0.017 0.019 0.020 0.021 0.022 0.022 0.022 0.020 0.018 0.015 0.012 0.009 0.001 0.000 0.121 0.118 0.116 0.116 0.000 0.000 0.000 0.000 0.000 0.000 0.308 0.363 0.387 0.408 0.000 0.000 0.368 0.344 0.321 0.297 0.273 0.000 0.000 0.200 0.177 0.153 0.129 0.109 0.118 0.128 0.137 0.146 0.155 0.162 0.000 0.000 0.000 0.000 0.000 0.000 0.000 0.000 0.000 0.000
0.000 0.000 0.000 0.001 0.003 0.005 0.006 0.007 0.008 0.009 0.010 0.011 0.011 0.012 0.013 0.014 0.014 0.015 0.016 0.017 0.018 0.019 0.019 0.020 0.020 0.020 0.019 0.017 0.015 0.013 0.011 0.008 0.006 0.000 0.139 0.135 0.000 0.000 0.000 0.000 0.000 0.000 0.000 0.321 0.342 0.364 0.386 0.000 0.000 0.000 0.000 0.312 0.287 0.263 0.239 0.215 0.192 0.168 0.144 0.119 0.112 0.120 0.130 0.140 0.149 0.158 0.167 0.000 0.000 0.000 0.000 0.000 0.000 0.000 0.000 0.000 0.000
0.000 0.000 0.000 0.001 0.003 0.005 0.006 0.007 0.008 0.009 0.010 0.011 0.011 0.012 0.013 0.013 0.014 0.015 0.015 0.016 0.017 0.018 0.018 0.019 0.019 0.018 0.017 0.016 0.014 0.013 0.011 0.009 0.008 0.005 0.000 0.152 0.145 0.000 0.000 0.000 0.000 0.000 0.000 0.297 0.318 0.339 0.362 0.377 0.000 0.000 0.000 0.000 0.000 0.253 0.230 0.205 0.182 0.159 0.139 0.112 0.115 0.123 0.133 0.142 0.152 0.161 0.000 0.000 0.000 0.000 0.000 0.000 0.000 0.000 0.000 0.000 0.000
0.000 0.000 0.000 0.001 0.003 0.005 0.006 0.007 0.008 0.009 0.010 0.010 0.011 0.012 0.012 0.013 0.014 0.014 0.015 0.016 0.016 0.017 0.017 0.017 0.017 0.017 0.016 0.015 0.014 0.013 0.011 0.010 0.009 0.007 0.005 0.000 0.160 0.157 0.000 0.000 0.000 0.000 0.000 0.000 0.294 0.000 0.000 0.358 0.346 0.000 0.000 0.000 0.000 0.000 0.000 0.195 0.172 0.149 0.126 0.108 0.117 0.126 0.135 0.144 0.153 0.164 0.000 0.000 0.000 0.000 0.000 0.000 0.000 0.000 0.000 0.000 0.000
0.000 0.000 0.000 0.001 0.003 0.005 0.006 0.007 0.008 0.009 0.009 0.010 0.011 0.011 0.012 0.013 0.013 0.014 0.014 0.015 0.015 0.016 0.016 0.016 0.016 0.016 0.015 0.014 0.013 0.012 0.011 0.010 0.009 0.008 0.006 0.004 0.000 0.174 0.191 0.000 0.000 0.000 0.000 0.000 0.000 0.000 0.000 0.000 0.325 0.000 0.000 0.000 0.000 0.000 0.203 0.183 0.160 0.138 0.113 0.109 0.120 0.129 0.137 0.146 0.156 0.165 0.000 0.000 0.000 0.000 0.000 0.000 0.000 0.000 0.000 0.000 0.000
0.000 0.000 0.000 0.001 0.003 0.005 0.006 0.007 0.008 0.008 0.009 0.010 0.010 0.011 0.012 0.012 0.013 0.013 0.014 0.014 0.015 0.015 0.015 0.015 0.015 0.015 0.014 0.013 0.013 0.012 0.011 0.010 0.009 0.008 0.007 0.005 0.003 0.001 0.166 0.184 0.000 0.000 0.000 0.000 0.000 0.000 0.000 0.000 0.306 0.000 0.000 0.000 0.000 0.000 0.193 0.171 0.147 0.124 0.101 0.111 0.120 0.128 0.137 0.147 0.156 0.000 0.000 0.000 0.000 0.000 0.000 0.000 0.000 0.000 0.000 0.000 0.000
0.000 0.000 0.000 0.000 0.002 0.004 0.005 0.006 0.007 0.008 0.009 0.009 0.010 0.011 0.011 0.012 0.012 0.013 0.013 0.013 0.014 0.014 0.014 0.014 0.014 0.014 0.013 0.013 0.012 0.011 0.011 0.010 0.009 0.008 0.007 0.006 0.004 0.002 0.000 0.160 0.179 0.000 0.000 0.000 0.000 0.000 0.000 0.292 0.286 0.000 0.000 0.000 0.000 0.199 0.180 0.157 0.135 0.111 0.099 0.110 0.122 0.130 0.139 0.148 0.157 0.165 0.173 0.000 0.000 0.000 0.000 0.000 0.000 0.000 0.000 0.000 0.000
0.000 0.000 0.000 0.000 0.001 0.003 0.004 0.005 0.006 0.007 0.008 0.009 0.010 0.010 0.011 0.011 0.012 0.012 0.012 0.013 0.013 0.013 0.013 0.013 0.013 0.013 0.013 0.012 0.011 0.011 0.010 0.009 0.009 0.008 0.007 0.006 0.004 0.003 0.001 0.000 0.152 0.166 0.000 0.000 0.000 0.000 0.000 0.000 0.000 0.000 0.000 0.000 0.000 0.179 0.167 0.146 0.123 0.099 0.099 0.112 0.121 0.130 0.139 0.148 0.157 0.167 0.176 0.185 0.195 0.000 0.000 0.000 0.000 0.000 0.000 0.000 0.000
0.000 0.000 0.000 0.000 0.000 0.002 0.003 0.004 0.005 0.006 0.007 0.008 0.009 0.010 0.010 0.011 0.011 0.012 0.012 0.012 0.012 0.013 0.013 0.013 0.012 0.012 0.012 0.011 0.011 0.010 0.010 0.009 0.008 0.007 0.006 0.005 0.004 0.003 0.001 0.000 0.000 0.132 0.142 0.159 0.000 0.000 0.000 0.000 0.000 0.000 0.000 0.000 0.172 0.160 0.147 0.136 0.113 0.091 0.101 0.112 0.122 0.132 0.140 0.149 0.159 0.169 0.179 0.188 0.197 0.204 0.213 0.000 0.000 0.000 0.000 0.000 0.000
0.000 0.000 0.000 0.000 0.000 0.000 0.002 0.003 0.004 0.005 0.006 0.007 0.008 0.009 0.010 0.010 0.011 0.011 0.011 0.011 0.012 0.012 0.012 0.012 0.012 0.011 0.011 0.011 0.010 0.010 0.009 0.009 0.008 0.007 0.006 0.005 0.004 0.002 0.000 0.000 0.000 0.000 0.114 0.133 0.154 0.000 0.000 0.000 0.000 0.000 0.000 0.000 0.154 0.141 0.127 0.116 0.103 0.097 0.105 0.115 0.124 0.135 0.143 0.152 0.162 0.172 0.181 0.190 0.198 0.208 0.216 0.225 0.176 0.000 0.000 0.000 0.000
0.000 0.000 0.000 0.000 0.000 0.000 0.000 0.002 0.003 0.004 0.005 0.006 0.007 0.008 0.009 0.009 0.010 0.010 0.011 0.011 0.011 0.011 0.011 0.011 0.011 0.011 0.010 0.010 0.010 0.009 0.009 0.008 0.007 0.006 0.005 0.004 0.003 0.001 0.000 0.000 0.000 0.000 0.000 0.110 0.130 0.150 0.000 0.000 0.000 0.000 0.000 0.150 0.138 0.122 0.109 0.096 0.095 0.098 0.107 0.117 0.126 0.137 0.146 0.156 0.165 0.000 0.000 0.000 0.202 0.211 0.219 0.228 0.220 0.133 0.065 0.000 0.000
0.000 0.000 0.000 0.000 0.000 0.000 0.000 0.000 0.002 0.003 0.004 0.005 0.006 0.007 0.008 0.009 0.009 0.010 0.010 0.010 0.010 0.010 0.010 0.010 0.010 0.010 0.010 0.009 0.009 0.009 0.008 0.007 0.006 0.005 0.004 0.003 0.002 0.000 0.000 0.000 0.000 0.000 0.000 0.000 0.107 0.123 0.142 0.000 0.000 0.000 0.000 0.129 0.116 0.102 0.093 0.091 0.093 0.095 0.105 0.114 0.124 0.135 0.146 0.156 0.165 0.000 0.000 0.000 0.000 0.000 0.222 0.231 0.239 0.177 0.135 0.096 0.000
0.000 0.000 0.000 0.000 0.000 0.000 0.000 0.000 0.000 0.002 0.003 0.004 0.005 0.006 0.007 0.008 0.008 0.009 0.009 0.009 0.009 0.009 0.009 0.009 0.009 0.009 0.009 0.009 0.008 0.008 0.007 0.006 0.005 0.004 0.003 0.002 0.000 0.000 0.000 0.000 0.000 0.000 0.000 0.000 0.085 0.099 0.115 0.131 0.000 0.138 0.122 0.107 0.093 0.091 0.092 0.091 0.091 0.094 0.105 0.115 0.125 0.134 0.144 0.156 0.000 0.000 0.000 0.000 0.000 0.000 0.000 0.231 0.241 0.246 0.206 0.166 0.000
0.000 0.000 0.000 0.000 0.000 0.000 0.000 0.000 0.000 0.000 0.002 0.003 0.004 0.005 0.006 0.007 0.008 0.008 0.008 0.008 0.008 0.008 0.008 0.008 0.008 0.008 0.008 0.008 0.008 0.007 0.006 0.005 0.004 0.003 0.002 0.000 0.000 0.000 0.000 0.000 0.000 0.000 0.000 0.000 0.000 0.074 0.087 0.105 0.125 0.112 0.096 0.092 0.091 0.090 0.091 0.092 0.092 0.094 0.104 0.114 0.123 0.132 0.140 0.000 0.000 0.000 0.000 0.000 0.000 0.000 0.000 0.000 0.000 0.250 0.246 0.236 0.195
0.000 0.000 0.000 0.000 0.000 0.000 0.000 0.000 0.000 0.000 0.000 0.002 0.003 0.004 0.005 0.006 0.007 0.007 0.007 0.007 0.007 0.007 0.007 0.007 0.007 0.007 0.007 0.007 0.007 0.006 0.005 0.004 0.003 0.002 0.000 0.000 0.000 0.000 0.000 0.000 0.000 0.000 0.000 0.000 0.000 0.000 0.059 0.080 0.102 0.092 0.092 0.093 0.093 0.091 0.092 0.092 0.093 0.093 0.103 0.110 0.118 0.130 0.138 0.000 0.000 0.000 0.000 0.000 0.000 0.000 0.000 0.000 0.000 0.000 0.000 0.244 0.238
0.000 0.000 0.000 0.000 0.000 0.000 0.000 0.000 0.000 0.000 0.000 0.000 0.002 0.003 0.004 0.005 0.006 0.006 0.006 0.006 0.006 0.006 0.006 0.006 0.006 0.006 0.006 0.006 0.006 0.005 0.004 0.003 0.002 0.000 0.000 0.000 0.000 0.000 0.000 0.000 0.000 0.000 0.000 0.000 0.000 0.000 0.000 0.064 0.082 0.093 0.095 0.094 0.091 0.091 0.090 0.090 0.090 0.091 0.098 0.107 0.112 0.126 0.000 0.000 0.000 0.000 0.000 0.000 0.000 0.000 0.000 0.000 0.000 0.000 0.000 0.000 0.000
0.000 0.000 0.000 0.000 0.000 0.000 0.000 0.000 0.000 0.000 0.000 0.000 0.000 0.002 0.003 0.004 0.005 0.005 0.005 0.005 0.005 0.005 0.005 0.005 0.005 0.005 0.005 0.005 0.005 0.004 0.003 0.002 0.000 0.000 0.000 0.000 0.000 0.000 0.000 0.000 0.000 0.000 0.000 0.000 0.000 0.000 0.000 0.000 0.066 0.082 0.095 0.090 0.090 0.089 0.086 0.089 0.088 0.092 0.094 0.105 0.109 0.120 0.000 0.000 0.000 0.000 0.000 0.000 0.000 0.000 0.000 0.000 0.000 0.000 0.000 0.000 0.000
0.000 0.000 0.000 0.000 0.000 0.000 0.000 0.000 0.000 0.000 0.000 0.000 0.000 0.000 0.001 0.002 0.003 0.003 0.003 0.003 0.003 0.003 0.003 0.003 0.003 0.003 0.003 0.003 0.003 0.002 0.001 0.000 0.000 0.000 0.000 0.000 0.000 0.000 0.000 0.000 0.000 0.000 0.000 0.000 0.000 0.000 0.000 0.000 0.000 0.052 0.075 0.089 0.090 0.084 0.086 0.086 0.087 0.091 0.090 0.099 0.110 0.000 0.000 0.000 0.000 0.000 0.000 0.000 0.000 0.000 0.000 0.000 0.000 0.000 0.000 0.000 0.000
0.000 0.000 0.000 0.000 0.000 0.000 0.000 0.000 0.000 0.000 0.000 0.000 0.000 0.000 0.000 0.000 0.001 0.001 0.001 0.001 0.001 0.001 0.001 0.001 0.001 0.001 0.001 0.001 0.001 0.000 0.000 0.000 0.000 0.000 0.000 0.000 0.000 0.000 0.000 0.000 0.000 0.000 0.000 0.000 0.000 0.000 0.000 0.000 0.000 0.000 0.045 0.072 0.085 0.082 0.083 0.084 0.086 0.088 0.088 0.095 0.109 0.000 0.000 0.000 0.000 0.000 0.000 0.000 0.000 0.000 0.000 0.000 0.000 0.000 0.000 0.000 0.000
0.000 0.000 0.000 0.000 0.000 0.000 0.000 0.000 0.000 0.000 0.000 0.000 0.000 0.000 0.000 0.000 0.000 0.000 0.000 0.000 0.000 0.000 0.000 0.000 0.000 0.000 0.000 0.000 0.000 0.000 0.000 0.000 0.000 0.000 0.000 0.000 0.000 0.000 0.000 0.000 0.000 0.000 0.000 0.000 0.000 0.000 0.000 0.000 0.000 0.000 0.029 0.055 0.069 0.084 0.077 0.086 0.080 0.085 0.083 0.090 0.000 0.000 0.000 0.000 0.000 0.000 0.000 0.000 0.000 0.000 0.000 0.000 0.000 0.000 0.000 0.000 0.000
0.000 0.000 0.000 0.000 0.000 0.000 0.000 0.000 0.000 0.000 0.000 0.000 0.000 0.000 0.000 0.000 0.000 0.000 0.000 0.000 0.000 0.000 0.000 0.000 0.000 0.000 0.000 0.000 0.000 0.000 0.000 0.000 0.000 0.000 0.000 0.000 0.000 0.000 0.000 0.000 0.000 0.000 0.000 0.000 0.000 0.000 0.000 0.000 0.000 0.000 0.000 0.025 0.045 0.068 0.077 0.079 0.066 0.071 0.077 0.000 0.000 0.000 0.000 0.000 0.000 0.000 0.000 0.000 0.000 0.000 0.000 0.000 0.000 0.000 0.000 0.000 0.000
0.000 0.000 0.000 0.000 0.000 0.000 0.000 0.000 0.000 0.000 0.000 0.000 0.000 0.000 0.000 0.000 0.000 0.000 0.000 0.000 0.000 0.000 0.000 0.000 0.000 0.000 0.000 0.000 0.000 0.000 0.000 0.000 0.000 0.000 0.000 0.000 0.000 0.000 0.000 0.000 0.000 0.000 0.000 0.000 0.000 0.000 0.000 0.000 0.000 0.000 0.000 0.004 0.023 0.040 0.058 0.075 0.070 0.070 0.067 0.063 0.000 0.000 0.000 0.000 0.000 0.000 0.000 0.000 0.000 0.000 0.000 0.000 0.000 0.000 0.000 0.000 0.000
0.000 0.000 0.000 0.000 0.000 0.000 0.000 0.000 0.000 0.000 0.000 0.000 0.000 0.000 0.000 0.000 0.000 0.000 0.000 0.000 0.000 0.000 0.000 0.000 0.000 0.000 0.000 0.000 0.000 0.000 0.000 0.000 0.000 0.000 0.000 0.000 0.000 0.000 0.000 0.000 0.000 0.000 0.000 0.000 0.000 0.000 0.000 0.000 0.000 0.000 0.000 0.001 0.002 0.017 0.036 0.055 0.062 0.062 0.062 0.057 0.059 0.000 0.000 0.000 0.000 0.000 0.000 0.000 0.000 0.000 0.000 0.000 0.000 0.000 0.000 0.000 0.000
0.000 0.000 0.000 0.000 0.000 0.000 0.000 0.000 0.000 0.000 0.000 0.000 0.000 0.000 0.000 0.000 0.000 0.000 0.000 0.000 0.000 0.000 0.000 0.000 0.000 0.000 0.000 0.000 0.000 0.000 0.000 0.000 0.000 0.000 0.000 0.000 0.000 0.000 0.000 0.000 0.000 0.000 0.000 0.000 0.000 0.000 0.000 0.000 0.000 0.000 0.000 0.001 0.001 0.002 0.012 0.033 0.052 0.059 0.056 0.050 0.048 0.049 0.052 0.000 0.000 0.000 0.000 0.000 0.000 0.000 0.000 0.000 0.000 0.000 0.000 0.000 0.000
0.000 0.000 0.000 0.000 0.000 0.000 0.000 0.000 0.000 0.000 0.000 0.000 0.000 0.000 0.000 0.000 0.000 0.000 0.000 0.000 0.000 0.000 0.000 0.000 0.000 0.000 0.000 0.000 0.000 0.000 0.000 0.000 0.000 0.000 0.000 0.000 0.000 0.000 0.000 0.000 0.000 0.000 0.000 0.000 0.000 0.000 0.000 0.000 0.000 0.000 0.000 0.000 0.001 0.003 0.005 0.013 0.026 0.046 0.054 0.045 0.047 0.041 0.042 0.046 0.000 0.000 0.000 0.000 0.000 0.000 0.000 0.000 0.000 0.000 0.000 0.000 0.000
0.000 0.000 0.000 0.000 0.000 0.000 0.000 0.000 0.000 0.000 0.000 0.000 0.000 0.000 0.000 0.000 0.000 0.000 0.000 0.000 0.000 0.000 0.000 0.000 0.000 0.000 0.000 0.000 0.000 0.000 0.000 0.000 0.000 0.000 0.000 0.000 0.000 0.000 0.000 0.000 0.000 0.000 0.000 0.000 0.000 0.000 0.000 0.000 0.000 0.000 0.000 0.000 0.001 0.003 0.003 0.004 0.009 0.023 0.038 0.043 0.035 0.033 0.039 0.039 0.034 0.000 0.000 0.000 0.000 0.000 0.000 0.000 0.000 0.000 0.000 0.000 0.000
