数据/2hours/0.1-2h-50y/coupled-127-0001.wd
ncols         694
nrows         824
xllcorner     581104.939801
yllcorner     3495917.092414
cellsize      2.000000
NODATA_value  -9999.000000
[rows 714 to 747 of 824, columns 154 to 230 of 694]
0.000 0.000 0.000 0.000 0.000 0.000 0.002 0.003 0.004 0.005 0.006 0.007 0.008 0.009 0.009 0.010 0.010 0.010 0.010 0.008 0.000 0.000 0.108 0.102 0.092 0.084 0.078 0.071 0.068 0.062 0.055 0.053 0.000 0.000 0.000 0.000 0.000 0.000 0.000 0.000 0.000 0.000 0.038 0.094 0.118 0.128 0.137 0.149 0.160 0.000 0.000 0.000 0.000 0.000 0.000 0.000 0.000 0.000 0.252 0.262 0.275 0.270 0.253 0.231 0.237 0.153 0.068 0.002 0.001 0.000 0.000 0.000 0.000 0.000 0.000 0.000 0.000
0.000 0.000 0.000 0.000 0.000 0.002 0.003 0.004 0.005 0.006 0.007 0.008 0.009 0.010 0.010 0.011 0.012 0.012 0.012 0.012 0.012 0.011 0.001 0.122 0.117 0.109 0.097 0.091 0.086 0.078 0.074 0.071 0.063 0.061 0.000 0.000 0.000 0.000 0.000 0.000 0.000 0.025 0.079 0.136 0.179 0.188 0.198 0.210 0.222 0.000 0.000 0.000 0.000 0.000 0.000 0.000 0.000 0.000 0.315 0.309 0.288 0.262 0.240 0.234 0.243 0.202 0.112 0.024 0.001 0.000 0.000 0.000 0.000 0.000 0.000 0.000 0.000
0.000 0.000 0.000 0.000 0.001 0.003 0.004 0.005 0.006 0.007 0.008 0.009 0.010 0.011 0.011 0.012 0.013 0.013 0.014 0.015 0.016 0.016 0.015 0.001 0.001 0.144 0.131 0.116 0.101 0.095 0.093 0.090 0.082 0.078 0.072 0.000 0.000 0.000 0.000 0.000 0.022 0.064 0.120 0.176 0.232 0.250 0.261 0.272 0.284 0.000 0.000 0.000 0.000 0.000 0.000 0.000 0.000 0.343 0.321 0.297 0.277 0.256 0.232 0.234 0.242 0.236 0.156 0.073 0.001 0.000 0.000 0.000 0.000 0.000 0.000 0.000 0.000
0.000 0.000 0.000 0.000 0.002 0.004 0.005 0.006 0.007 0.008 0.009 0.010 0.011 0.011 0.012 0.013 0.014 0.015 0.016 0.017 0.018 0.020 0.022 0.024 0.028 0.004 0.166 0.149 0.129 0.116 0.113 0.109 0.101 0.098 0.093 0.089 0.086 0.000 0.000 0.000 0.051 0.106 0.162 0.216 0.273 0.313 0.324 0.335 0.000 0.000 0.000 0.000 0.000 0.000 0.000 0.000 0.000 0.335 0.312 0.289 0.268 0.243 0.229 0.239 0.247 0.254 0.196 0.118 0.031 0.000 0.000 0.000 0.000 0.000 0.000 0.000 0.000
0.000 0.000 0.000 0.000 0.002 0.004 0.005 0.006 0.007 0.008 0.009 0.010 0.011 0.012 0.013 0.014 0.015 0.016 0.017 0.019 0.020 0.023 0.027 0.033 0.044 0.064 0.004 0.174 0.158 0.140 0.132 0.129 0.121 0.118 0.114 0.110 0.107 0.104 0.000 0.073 0.098 0.150 0.204 0.259 0.316 0.371 0.386 0.396 0.000 0.000 0.000 0.000 0.000 0.000 0.000 0.000 0.000 0.325 0.301 0.278 0.257 0.235 0.227 0.239 0.249 0.258 0.242 0.156 0.000 0.000 0.000 0.000 0.000 0.000 0.000 0.000 0.000
0.000 0.000 0.000 0.000 0.003 0.004 0.006 0.007 0.008 0.009 0.010 0.011 0.012 0.012 0.013 0.014 0.015 0.016 0.018 0.019 0.021 0.024 0.027 0.032 0.037 0.044 0.029 0.002 0.000 0.158 0.153 0.148 0.142 0.138 0.133 0.131 0.129 0.125 0.118 0.102 0.142 0.193 0.246 0.302 0.357 0.414 0.450 0.459 0.000 0.000 0.000 0.000 0.000 0.000 0.000 0.000 0.000 0.314 0.290 0.269 0.243 0.222 0.231 0.238 0.248 0.258 0.266 0.198 0.000 0.000 0.000 0.000 0.000 0.000 0.000 0.000 0.000
0.000 0.000 0.000 0.001 0.003 0.005 0.006 0.007 0.008 0.009 0.010 0.011 0.012 0.013 0.014 0.015 0.016 0.017 0.018 0.020 0.021 0.024 0.026 0.029 0.032 0.033 0.027 0.019 0.013 0.001 0.172 0.168 0.163 0.157 0.154 0.153 0.151 0.150 0.144 0.000 0.000 0.235 0.288 0.344 0.400 0.455 0.509 0.518 0.526 0.503 0.000 0.000 0.000 0.000 0.000 0.000 0.320 0.301 0.278 0.256 0.234 0.221 0.231 0.240 0.252 0.263 0.271 0.240 0.000 0.000 0.000 0.000 0.000 0.000 0.000 0.000 0.000
0.000 0.000 0.000 0.001 0.003 0.005 0.006 0.007 0.008 0.009 0.010 0.011 0.012 0.013 0.014 0.015 0.016 0.017 0.018 0.019 0.021 0.023 0.024 0.026 0.028 0.028 0.024 0.020 0.016 0.011 0.000 0.187 0.183 0.177 0.175 0.174 0.173 0.173 0.000 0.000 0.000 0.000 0.330 0.387 0.443 0.499 0.551 0.545 0.520 0.495 0.469 0.443 0.000 0.000 0.000 0.000 0.308 0.287 0.266 0.243 0.219 0.225 0.231 0.237 0.251 0.264 0.272 0.000 0.000 0.000 0.000 0.000 0.000 0.000 0.000 0.000 0.000
0.000 0.000 0.000 0.001 0.003 0.005 0.006 0.007 0.008 0.009 0.010 0.011 0.012 0.013 0.014 0.015 0.016 0.017 0.018 0.019 0.020 0.021 0.023 0.024 0.025 0.024 0.022 0.019 0.017 0.013 0.009 0.000 0.000 0.198 0.195 0.193 0.193 0.000 0.000 0.000 0.000 0.000 0.000 0.430 0.485 0.509 0.529 0.000 0.000 0.483 0.457 0.431 0.403 0.378 0.000 0.000 0.300 0.278 0.255 0.233 0.210 0.219 0.232 0.241 0.253 0.266 0.274 0.000 0.000 0.000 0.000 0.000 0.000 0.000 0.000 0.000 0.000
0.000 0.000 0.000 0.001 0.003 0.005 0.006 0.007 0.008 0.009 0.010 0.011 0.012 0.013 0.014 0.015 0.015 0.016 0.017 0.018 0.019 0.020 0.021 0.022 0.022 0.022 0.020 0.018 0.016 0.014 0.012 0.009 0.006 0.000 0.214 0.211 0.000 0.000 0.000 0.000 0.000 0.000 0.000 0.444 0.465 0.486 0.508 0.000 0.000 0.000 0.000 0.419 0.393 0.366 0.338 0.312 0.289 0.270 0.243 0.221 0.209 0.218 0.232 0.241 0.251 0.264 0.275 0.000 0.000 0.000 0.000 0.000 0.000 0.000 0.000 0.000 0.000
0.000 0.000 0.000 0.001 0.003 0.005 0.006 0.007 0.008 0.009 0.010 0.011 0.012 0.013 0.013 0.014 0.015 0.016 0.017 0.018 0.018 0.019 0.020 0.020 0.020 0.020 0.019 0.017 0.016 0.014 0.012 0.010 0.008 0.006 0.000 0.230 0.222 0.000 0.000 0.000 0.000 0.000 0.000 0.419 0.441 0.463 0.486 0.501 0.000 0.000 0.000 0.000 0.000 0.353 0.328 0.306 0.282 0.257 0.251 0.211 0.209 0.221 0.235 0.243 0.253 0.264 0.000 0.000 0.000 0.000 0.000 0.000 0.000 0.000 0.000 0.000 0.000
0.000 0.000 0.000 0.000 0.003 0.004 0.006 0.007 0.008 0.009 0.010 0.011 0.011 0.012 0.013 0.014 0.015 0.015 0.016 0.017 0.017 0.018 0.018 0.019 0.019 0.018 0.017 0.016 0.015 0.014 0.012 0.011 0.009 0.007 0.005 0.000 0.241 0.235 0.000 0.000 0.000 0.000 0.000 0.000 0.416 0.000 0.000 0.482 0.473 0.000 0.000 0.000 0.000 0.000 0.000 0.296 0.271 0.250 0.225 0.206 0.214 0.222 0.234 0.243 0.252 0.262 0.000 0.000 0.000 0.000 0.000 0.000 0.000 0.000 0.000 0.000 0.000
0.000 0.000 0.000 0.000 0.002 0.004 0.005 0.006 0.008 0.008 0.009 0.010 0.011 0.012 0.013 0.013 0.014 0.015 0.015 0.016 0.016 0.017 0.017 0.017 0.017 0.017 0.016 0.015 0.014 0.013 0.012 0.011 0.009 0.008 0.006 0.004 0.001 0.253 0.270 0.000 0.000 0.000 0.000 0.000 0.000 0.000 0.000 0.000 0.455 0.000 0.000 0.000 0.000 0.000 0.303 0.280 0.259 0.234 0.212 0.208 0.218 0.223 0.238 0.247 0.252 0.266 0.000 0.000 0.000 0.000 0.000 0.000 0.000 0.000 0.000 0.000 0.000
0.000 0.000 0.000 0.000 0.001 0.003 0.005 0.006 0.007 0.008 0.009 0.010 0.011 0.011 0.012 0.013 0.013 0.014 0.015 0.015 0.016 0.016 0.016 0.016 0.016 0.016 0.015 0.015 0.014 0.013 0.012 0.011 0.009 0.008 0.007 0.005 0.003 0.001 0.240 0.257 0.000 0.000 0.000 0.000 0.000 0.000 0.000 0.000 0.438 0.000 0.000 0.000 0.000 0.000 0.293 0.270 0.246 0.224 0.197 0.207 0.215 0.226 0.239 0.247 0.251 0.000 0.000 0.000 0.000 0.000 0.000 0.000 0.000 0.000 0.000 0.000 0.000
0.000 0.000 0.000 0.000 0.000 0.002 0.004 0.005 0.006 0.007 0.008 0.009 0.010 0.011 0.012 0.012 0.013 0.013 0.014 0.014 0.015 0.015 0.015 0.015 0.015 0.015 0.014 0.014 0.013 0.012 0.011 0.010 0.009 0.008 0.007 0.006 0.004 0.002 0.000 0.230 0.247 0.000 0.000 0.000 0.000 0.000 0.000 0.424 0.419 0.000 0.000 0.000 0.000 0.296 0.277 0.257 0.233 0.209 0.198 0.208 0.221 0.233 0.243 0.246 0.251 0.260 0.269 0.000 0.000 0.000 0.000 0.000 0.000 0.000 0.000 0.000 0.000
0.000 0.000 0.000 0.000 0.000 0.001 0.003 0.004 0.006 0.007 0.008 0.009 0.010 0.010 0.011 0.012 0.012 0.013 0.013 0.013 0.014 0.014 0.014 0.014 0.014 0.014 0.013 0.013 0.012 0.012 0.011 0.010 0.009 0.008 0.007 0.005 0.004 0.002 0.000 0.000 0.223 0.241 0.000 0.000 0.000 0.000 0.000 0.000 0.000 0.000 0.000 0.000 0.000 0.279 0.268 0.247 0.223 0.202 0.204 0.216 0.223 0.231 0.241 0.246 0.254 0.263 0.267 0.274 0.282 0.000 0.000 0.000 0.000 0.000 0.000 0.000 0.000
0.000 0.000 0.000 0.000 0.000 0.000 0.002 0.003 0.005 0.006 0.007 0.008 0.009 0.010 0.010 0.011 0.011 0.012 0.012 0.013 0.013 0.013 0.013 0.013 0.013 0.013 0.013 0.012 0.011 0.011 0.010 0.009 0.008 0.007 0.006 0.005 0.004 0.002 0.000 0.000 0.000 0.213 0.228 0.246 0.000 0.000 0.000 0.000 0.000 0.000 0.000 0.000 0.273 0.261 0.250 0.235 0.214 0.194 0.204 0.217 0.220 0.229 0.242 0.252 0.261 0.267 0.268 0.277 0.282 0.285 0.295 0.000 0.000 0.000 0.000 0.000 0.000
0.000 0.000 0.000 0.000 0.000 0.000 0.000 0.002 0.004 0.005 0.006 0.007 0.008 0.009 0.010 0.010 0.011 0.011 0.011 0.012 0.012 0.012 0.012 0.012 0.012 0.012 0.012 0.011 0.011 0.010 0.009 0.009 0.008 0.007 0.005 0.004 0.003 0.001 0.000 0.000 0.000 0.000 0.200 0.219 0.241 0.000 0.000 0.000 0.000 0.000 0.000 0.000 0.250 0.241 0.224 0.212 0.196 0.193 0.204 0.219 0.223 0.229 0.244 0.255 0.263 0.269 0.268 0.276 0.284 0.289 0.299 0.310 0.258 0.000 0.000 0.000 0.000
0.000 0.000 0.000 0.000 0.000 0.000 0.000 0.000 0.002 0.004 0.005 0.006 0.007 0.008 0.009 0.009 0.010 0.010 0.011 0.011 0.011 0.011 0.011 0.011 0.011 0.011 0.011 0.010 0.010 0.009 0.009 0.008 0.007 0.006 0.005 0.003 0.002 0.000 0.000 0.000 0.000 0.000 0.000 0.196 0.217 0.235 0.000 0.000 0.000 0.000 0.000 0.240 0.232 0.216 0.206 0.184 0.183 0.187 0.201 0.219 0.225 0.234 0.244 0.257 0.265 0.000 0.000 0.000 0.288 0.292 0.301 0.312 0.303 0.215 0.144 0.000 0.000
0.000 0.000 0.000 0.000 0.000 0.000 0.000 0.000 0.000 0.003 0.004 0.005 0.006 0.007 0.008 0.008 0.009 0.009 0.010 0.010 0.010 0.010 0.010 0.010 0.010 0.010 0.010 0.010 0.009 0.008 0.008 0.007 0.006 0.005 0.003 0.002 0.000 0.000 0.000 0.000 0.000 0.000 0.000 0.000 0.192 0.208 0.226 0.000 0.000 0.000 0.000 0.220 0.208 0.195 0.190 0.184 0.186 0.185 0.203 0.217 0.227 0.239 0.245 0.259 0.264 0.000 0.000 0.000 0.000 0.000 0.303 0.314 0.322 0.259 0.217 0.177 0.000
0.000 0.000 0.000 0.000 0.000 0.000 0.000 0.000 0.000 0.001 0.003 0.004 0.005 0.006 0.007 0.008 0.008 0.008 0.009 0.009 0.009 0.009 0.009 0.009 0.009 0.009 0.009 0.009 0.008 0.008 0.007 0.006 0.005 0.004 0.002 0.000 0.000 0.000 0.000 0.000 0.000 0.000 0.000 0.000 0.169 0.182 0.199 0.215 0.000 0.222 0.210 0.201 0.184 0.186 0.188 0.186 0.181 0.179 0.197 0.211 0.225 0.239 0.246 0.260 0.000 0.000 0.000 0.000 0.000 0.000 0.000 0.314 0.322 0.326 0.286 0.247 0.000
0.000 0.000 0.000 0.000 0.000 0.000 0.000 0.000 0.000 0.000 0.001 0.003 0.004 0.005 0.006 0.006 0.007 0.008 0.008 0.008 0.008 0.008 0.008 0.008 0.008 0.008 0.008 0.008 0.007 0.007 0.006 0.005 0.004 0.002 0.000 0.000 0.000 0.000 0.000 0.000 0.000 0.000 0.000 0.000 0.000 0.155 0.173 0.191 0.215 0.197 0.187 0.184 0.182 0.184 0.187 0.185 0.179 0.180 0.192 0.210 0.218 0.234 0.242 0.000 0.000 0.000 0.000 0.000 0.000 0.000 0.000 0.000 0.000 0.331 0.326 0.314 0.271
0.000 0.000 0.000 0.000 0.000 0.000 0.000 0.000 0.000 0.000 0.000 0.000 0.002 0.004 0.005 0.005 0.006 0.007 0.007 0.007 0.007 0.007 0.007 0.007 0.007 0.007 0.007 0.007 0.006 0.005 0.005 0.003 0.002 0.000 0.000 0.000 0.000 0.000 0.000 0.000 0.000 0.000 0.000 0.000 0.000 0.000 0.156 0.173 0.192 0.179 0.185 0.180 0.180 0.182 0.184 0.184 0.180 0.184 0.196 0.212 0.218 0.233 0.245 0.000 0.000 0.000 0.000 0.000 0.000 0.000 0.000 0.000 0.000 0.000 0.000 0.321 0.313
0.000 0.000 0.000 0.000 0.000 0.000 0.000 0.000 0.000 0.000 0.000 0.000 0.000 0.002 0.003 0.004 0.005 0.005 0.006 0.006 0.006 0.006 0.006 0.006 0.006 0.006 0.006 0.006 0.005 0.004 0.003 0.002 0.000 0.000 0.000 0.000 0.000 0.000 0.000 0.000 0.000 0.000 0.000 0.000 0.000 0.000 0.000 0.150 0.168 0.178 0.177 0.174 0.178 0.180 0.181 0.178 0.179 0.181 0.189 0.203 0.215 0.227 0.000 0.000 0.000 0.000 0.000 0.000 0.000 0.000 0.000 0.000 0.000 0.000 0.000 0.000 0.000
0.000 0.000 0.000 0.000 0.000 0.000 0.000 0.000 0.000 0.000 0.000 0.000 0.000 0.000 0.001 0.003 0.003 0.004 0.005 0.005 0.005 0.005 0.005 0.005 0.005 0.005 0.005 0.005 0.004 0.003 0.002 0.000 0.000 0.000 0.000 0.000 0.000 0.000 0.000 0.000 0.000 0.000 0.000 0.000 0.000 0.000 0.000 0.000 0.141 0.158 0.172 0.176 0.178 0.179 0.175 0.178 0.180 0.178 0.186 0.200 0.209 0.220 0.000 0.000 0.000 0.000 0.000 0.000 0.000 0.000 0.000 0.000 0.000 0.000 0.000 0.000 0.000
0.000 0.000 0.000 0.000 0.000 0.000 0.000 0.000 0.000 0.000 0.000 0.000 0.000 0.000 0.000 0.000 0.002 0.003 0.003 0.003 0.003 0.003 0.003 0.003 0.003 0.003 0.003 0.003 0.002 0.001 0.000 0.000 0.000 0.000 0.000 0.000 0.000 0.000 0.000 0.000 0.000 0.000 0.000 0.000 0.000 0.000 0.000 0.000 0.000 0.126 0.155 0.178 0.176 0.178 0.171 0.179 0.179 0.179 0.181 0.198 0.207 0.000 0.000 0.000 0.000 0.000 0.000 0.000 0.000 0.000 0.000 0.000 0.000 0.000 0.000 0.000 0.000
0.000 0.000 0.000 0.000 0.000 0.000 0.000 0.000 0.000 0.000 0.000 0.000 0.000 0.000 0.000 0.000 0.000 0.000 0.001 0.001 0.001 0.001 0.001 0.001 0.001 0.001 0.001 0.001 0.000 0.000 0.000 0.000 0.000 0.000 0.000 0.000 0.000 0.000 0.000 0.000 0.000 0.000 0.000 0.000 0.000 0.000 0.000 0.000 0.000 0.000 0.135 0.161 0.171 0.171 0.168 0.170 0.179 0.175 0.179 0.194 0.205 0.000 0.000 0.000 0.000 0.000 0.000 0.000 0.000 0.000 0.000 0.000 0.000 0.000 0.000 0.000 0.000
0.000 0.000 0.000 0.000 0.000 0.000 0.000 0.000 0.000 0.000 0.000 0.000 0.000 0.000 0.000 0.000 0.000 0.000 0.000 0.000 0.000 0.000 0.000 0.000 0.000 0.000 0.000 0.000 0.000 0.000 0.000 0.000 0.000 0.000 0.000 0.000 0.000 0.000 0.000 0.000 0.000 0.000 0.000 0.000 0.000 0.000 0.000 0.000 0.000 0.000 0.118 0.142 0.155 0.171 0.168 0.170 0.179 0.173 0.174 0.190 0.000 0.000 0.000 0.000 0.000 0.000 0.000 0.000 0.000 0.000 0.000 0.000 0.000 0.000 0.000 0.000 0.000
0.000 0.000 0.000 0.000 0.000 0.000 0.000 0.000 0.000 0.000 0.000 0.000 0.000 0.000 0.000 0.000 0.000 0.000 0.000 0.000 0.000 0.000 0.000 0.000 0.000 0.000 0.000 0.000 0.000 0.000 0.000 0.000 0.000 0.000 0.000 0.000 0.000 0.000 0.000 0.000 0.000 0.000 0.000 0.000 0.000 0.000 0.000 0.000 0.000 0.000 0.000 0.116 0.133 0.154 0.168 0.169 0.155 0.168 0.163 0.000 0.000 0.000 0.000 0.000 0.000 0.000 0.000 0.000 0.000 0.000 0.000 0.000 0.000 0.000 0.000 0.000 0.000
0.000 0.000 0.000 0.000 0.000 0.000 0.000 0.000 0.000 0.000 0.000 0.000 0.000 0.000 0.000 0.000 0.000 0.000 0.000 0.000 0.000 0.000 0.000 0.000 0.000 0.000 0.000 0.000 0.000 0.000 0.000 0.000 0.000 0.000 0.000 0.000 0.000 0.000 0.000 0.000 0.000 0.000 0.000 0.000 0.000 0.000 0.000 0.000 0.000 0.000 0.000 0.096 0.116 0.133 0.154 0.163 0.158 0.155 0.154 0.143 0.000 0.000 0.000 0.000 0.000 0.000 0.000 0.000 0.000 0.000 0.000 0.000 0.000 0.000 0.000 0.000 0.000
0.000 0.000 0.000 0.000 0.000 0.000 0.000 0.000 0.000 0.000 0.000 0.000 0.000 0.000 0.000 0.000 0.000 0.000 0.000 0.000 0.000 0.000 0.000 0.000 0.000 0.000 0.000 0.000 0.000 0.000 0.000 0.000 0.000 0.000 0.000 0.000 0.000 0.000 0.000 0.000 0.000 0.000 0.000 0.000 0.000 0.000 0.000 0.000 0.000 0.000 0.000 0.059 0.083 0.102 0.126 0.145 0.153 0.146 0.142 0.135 0.127 0.000 0.000 0.000 0.000 0.000 0.000 0.000 0.000 0.000 0.000 0.000 0.000 0.000 0.000 0.000 0.000
0.000 0.000 0.000 0.000 0.000 0.000 0.000 0.000 0.000 0.000 0.000 0.000 0.000 0.000 0.000 0.000 0.000 0.000 0.000 0.000 0.000 0.000 0.000 0.000 0.000 0.000 0.000 0.000 0.000 0.000 0.000 0.000 0.000 0.000 0.000 0.000 0.000 0.000 0.000 0.000 0.000 0.000 0.000 0.000 0.000 0.000 0.000 0.000 0.000 0.000 0.000 0.031 0.062 0.082 0.101 0.115 0.134 0.140 0.132 0.118 0.118 0.116 0.117 0.000 0.000 0.000 0.000 0.000 0.000 0.000 0.000 0.000 0.000 0.000 0.000 0.000 0.000
0.000 0.000 0.000 0.000 0.000 0.000 0.000 0.000 0.000 0.000 0.000 0.000 0.000 0.000 0.000 0.000 0.000 0.000 0.000 0.000 0.000 0.000 0.000 0.000 0.000 0.000 0.000 0.000 0.000 0.000 0.000 0.000 0.000 0.000 0.000 0.000 0.000 0.000 0.000 0.000 0.000 0.000 0.000 0.000 0.000 0.000 0.000 0.000 0.000 0.000 0.000 0.000 0.035 0.056 0.072 0.088 0.104 0.118 0.124 0.114 0.109 0.107 0.104 0.107 0.000 0.000 0.000 0.000 0.000 0.000 0.000 0.000 0.000 0.000 0.000 0.000 0.000
0.000 0.000 0.000 0.000 0.000 0.000 0.000 0.000 0.000 0.000 0.000 0.000 0.000 0.000 0.000 0.000 0.000 0.000 0.000 0.000 0.000 0.000 0.000 0.000 0.000 0.000 0.000 0.000 0.000 0.000 0.000 0.000 0.000 0.000 0.000 0.000 0.000 0.000 0.000 0.000 0.000 0.000 0.000 0.000 0.000 0.000 0.000 0.000 0.000 0.000 0.000 0.000 0.013 0.036 0.049 0.062 0.076 0.093 0.107 0.108 0.102 0.095 0.103 0.101 0.102 0.000 0.000 0.000 0.000 0.000 0.000 0.000 0.000 0.000 0.000 0.000 0.000
