数据/2hours/0.1-2h-50y/coupled-147-0001.wd
ncols         694
nrows         824
xllcorner     581104.939801
yllcorner     3495917.092414
cellsize      2.000000
NODATA_value  -9999.000000
[rows 680 to 713 of 824, columns 154 to 230 of 694]
0.000 0.000 0.000 0.000 0.000 0.000 0.000 0.000 0.000 0.000 0.000 0.000 0.000 0.000 0.000 0.000 0.000 0.001 0.001 0.001 0.001 0.013 0.006 0.003 0.004 0.003 0.000 0.002 0.002 0.000 0.000 0.000 0.000 0.000 0.000 0.000 0.000 0.000 0.000 0.022 0.023 0.030 0.033 0.033 0.035 0.033 0.028 0.026 0.032 0.040 0.042 0.057 0.004 0.001 0.001 0.001 0.001 0.001 0.001 0.001 0.001 0.000 0.000 0.000 0.000 0.000 0.000 0.000 0.000 0.000 0.000 0.000 0.000 0.000 0.000 0.000 0.000
0.000 0.000 0.000 0.000 0.000 0.000 0.000 0.000 0.000 0.000 0.000 0.000 0.000 0.000 0.000 0.000 0.000 0.001 0.001 0.001 0.002 0.028 0.046 0.000 0.043 0.020 0.001 0.001 0.000 0.000 0.000 0.000 0.000 0.000 0.000 0.000 0.000 0.000 0.022 0.023 0.026 0.026 0.028 0.030 0.031 0.030 0.024 0.019 0.021 0.025 0.031 0.042 0.044 0.040 0.004 0.001 0.001 0.001 0.001 0.001 0.001 0.000 0.000 0.000 0.000 0.000 0.000 0.000 0.000 0.000 0.000 0.000 0.000 0.000 0.000 0.000 0.000
0.000 0.000 0.000 0.000 0.000 0.000 0.000 0.000 0.000 0.000 0.000 0.000 0.000 0.000 0.000 0.000 0.001 0.001 0.001 0.001 0.013 0.049 0.000 0.000 0.000 0.000 0.026 0.001 0.000 0.000 0.000 0.000 0.000 0.000 0.000 0.000 0.000 0.010 0.017 0.023 0.028 0.027 0.026 0.028 0.031 0.028 0.020 0.015 0.015 0.017 0.021 0.028 0.033 0.040 0.046 0.019 0.003 0.001 0.001 0.001 0.001 0.000 0.000 0.000 0.000 0.000 0.000 0.000 0.000 0.000 0.000 0.000 0.000 0.000 0.000 0.000 0.000
0.000 0.000 0.000 0.000 0.000 0.000 0.000 0.000 0.000 0.000 0.000 0.000 0.000 0.000 0.000 0.000 0.001 0.001 0.001 0.001 0.013 0.000 0.000 0.000 0.000 0.000 0.000 0.026 0.002 0.001 0.000 0.000 0.000 0.000 0.000 0.000 0.000 0.010 0.011 0.018 0.022 0.024 0.027 0.030 0.032 0.000 0.013 0.008 0.008 0.008 0.010 0.013 0.018 0.023 0.031 0.040 0.060 0.006 0.001 0.001 0.001 0.000 0.000 0.000 0.000 0.000 0.000 0.000 0.000 0.000 0.000 0.000 0.000 0.000 0.000 0.000 0.000
0.000 0.000 0.000 0.000 0.000 0.000 0.000 0.000 0.000 0.000 0.000 0.000 0.000 0.000 0.000 0.000 0.001 0.001 0.001 0.001 0.013 0.000 0.000 0.000 0.000 0.000 0.000 0.000 0.049 0.027 0.002 0.000 0.000 0.000 0.000 0.000 0.003 0.007 0.013 0.014 0.017 0.020 0.023 0.026 0.000 0.000 0.000 0.000 0.001 0.001 0.002 0.005 0.009 0.015 0.024 0.034 0.046 0.051 0.064 0.002 0.001 0.000 0.000 0.000 0.000 0.000 0.000 0.000 0.000 0.000 0.000 0.000 0.000 0.000 0.000 0.000 0.000
0.000 0.000 0.000 0.000 0.000 0.000 0.000 0.000 0.000 0.000 0.000 0.000 0.000 0.000 0.000 0.000 0.001 0.001 0.001 0.001 0.009 0.010 0.000 0.000 0.000 0.000 0.000 0.000 0.000 0.000 0.049 0.027 0.002 0.000 0.000 0.002 0.003 0.003 0.010 0.014 0.016 0.016 0.019 0.021 0.000 0.000 0.000 0.000 0.000 0.000 0.001 0.001 0.004 0.009 0.016 0.024 0.033 0.040 0.048 0.050 0.050 0.001 0.001 0.000 0.000 0.000 0.000 0.000 0.000 0.000 0.000 0.000 0.000 0.000 0.000 0.000 0.000
0.000 0.000 0.000 0.000 0.000 0.000 0.000 0.000 0.000 0.000 0.000 0.000 0.000 0.000 0.000 0.000 0.001 0.001 0.001 0.001 0.007 0.011 0.000 0.000 0.000 0.000 0.000 0.000 0.000 0.000 0.000 0.000 0.027 0.002 0.000 0.004 0.005 0.004 0.005 0.011 0.014 0.016 0.016 0.000 0.000 0.000 0.000 0.000 0.000 0.000 0.000 0.000 0.001 0.002 0.007 0.013 0.020 0.026 0.033 0.041 0.051 0.057 0.025 0.001 0.001 0.000 0.000 0.000 0.000 0.000 0.000 0.000 0.000 0.000 0.000 0.000 0.000
0.000 0.000 0.000 0.000 0.000 0.000 0.000 0.000 0.000 0.000 0.000 0.000 0.000 0.000 0.000 0.001 0.001 0.001 0.001 0.001 0.007 0.008 0.006 0.006 0.000 0.000 0.000 0.000 0.000 0.000 0.000 0.000 0.000 0.028 0.004 0.005 0.005 0.003 0.003 0.009 0.013 0.016 0.000 0.000 0.000 0.000 0.000 0.000 0.000 0.000 0.000 0.000 0.000 0.000 0.001 0.003 0.007 0.013 0.019 0.026 0.033 0.041 0.047 0.055 0.006 0.001 0.001 0.000 0.000 0.000 0.000 0.000 0.000 0.000 0.000 0.000 0.000
0.000 0.000 0.000 0.000 0.000 0.000 0.000 0.000 0.000 0.000 0.000 0.000 0.000 0.000 0.000 0.001 0.001 0.001 0.025 0.000 0.000 0.007 0.006 0.008 0.023 0.000 0.000 0.000 0.000 0.000 0.000 0.000 0.000 0.000 0.005 0.005 0.004 0.003 0.003 0.006 0.012 0.016 0.000 0.000 0.000 0.000 0.000 0.000 0.000 0.001 0.007 0.000 0.000 0.007 0.000 0.000 0.001 0.002 0.006 0.013 0.020 0.029 0.033 0.039 0.045 0.068 0.001 0.001 0.001 0.000 0.000 0.000 0.000 0.000 0.000 0.000 0.000
0.001 0.000 0.000 0.000 0.000 0.000 0.000 0.000 0.000 0.000 0.000 0.000 0.000 0.000 0.001 0.001 0.001 0.025 0.000 0.000 0.000 0.000 0.006 0.018 0.050 0.082 0.000 0.145 0.000 0.000 0.000 0.000 0.000 0.036 0.016 0.004 0.003 0.002 0.002 0.001 0.007 0.000 0.000 0.000 0.000 0.000 0.000 0.000 0.001 0.001 0.001 0.001 0.001 0.001 0.001 0.008 0.000 0.000 0.001 0.003 0.008 0.013 0.019 0.026 0.036 0.059 0.088 0.096 0.002 0.001 0.001 0.000 0.000 0.000 0.000 0.000 0.000
0.018 0.001 0.000 0.000 0.000 0.000 0.000 0.000 0.000 0.000 0.000 0.000 0.000 0.001 0.001 0.001 0.001 0.000 0.000 0.000 0.000 0.000 0.000 0.000 0.075 0.106 0.137 0.167 0.000 0.000 0.000 0.000 0.125 0.102 0.049 0.005 0.004 0.003 0.002 0.001 0.003 0.005 0.007 0.000 0.000 0.000 0.000 0.000 0.001 0.001 0.001 0.001 0.001 0.001 0.001 0.001 0.002 0.002 0.002 0.002 0.003 0.006 0.011 0.019 0.033 0.055 0.081 0.108 0.134 0.107 0.007 0.001 0.001 0.001 0.001 0.001 0.001
0.019 0.021 0.001 0.000 0.000 0.000 0.000 0.000 0.000 0.000 0.000 0.000 0.000 0.001 0.001 0.001 0.001 0.000 0.000 0.000 0.000 0.000 0.000 0.000 0.000 0.130 0.161 0.191 0.221 0.000 0.000 0.000 0.188 0.147 0.080 0.011 0.000 0.036 0.002 0.001 0.001 0.004 0.005 0.006 0.008 0.000 0.000 0.000 0.001 0.001 0.001 0.001 0.001 0.001 0.001 0.001 0.002 0.003 0.000 0.000 0.000 0.001 0.007 0.016 0.027 0.048 0.073 0.100 0.127 0.155 0.183 0.166 0.142 0.114 0.077 0.039 0.004
0.043 0.058 0.047 0.017 0.001 0.000 0.000 0.000 0.000 0.000 0.000 0.000 0.001 0.001 0.001 0.001 0.001 0.000 0.000 0.000 0.000 0.000 0.000 0.000 0.000 0.000 0.000 0.213 0.244 0.274 0.296 0.275 0.245 0.178 0.110 0.000 0.000 0.000 0.034 0.001 0.001 0.002 0.003 0.004 0.005 0.006 0.007 0.000 0.001 0.001 0.001 0.001 0.001 0.001 0.001 0.001 0.003 0.000 0.000 0.000 0.000 0.000 0.001 0.009 0.021 0.039 0.064 0.092 0.120 0.155 0.190 0.143 0.055 0.020 0.001 0.001 0.001
0.068 0.082 0.094 0.071 0.042 0.013 0.001 0.000 0.000 0.001 0.001 0.001 0.001 0.001 0.001 0.001 0.001 0.001 0.001 0.000 0.000 0.000 0.000 0.000 0.000 0.000 0.000 0.000 0.266 0.297 0.328 0.337 0.275 0.208 0.141 0.000 0.000 0.000 0.000 0.033 0.001 0.001 0.001 0.002 0.003 0.004 0.004 0.004 0.002 0.001 0.001 0.001 0.001 0.001 0.001 0.001 0.002 0.000 0.000 0.000 0.000 0.000 0.001 0.003 0.014 0.033 0.061 0.095 0.131 0.166 0.188 0.129 0.045 0.001 0.001 0.001 0.001
0.092 0.106 0.118 0.126 0.096 0.068 0.038 0.008 0.001 0.001 0.001 0.001 0.001 0.001 0.000 0.001 0.001 0.001 0.001 0.001 0.000 0.000 0.000 0.000 0.000 0.000 0.000 0.000 0.000 0.301 0.335 0.351 0.301 0.233 0.000 0.000 0.000 0.000 0.000 0.057 0.001 0.001 0.001 0.001 0.001 0.001 0.002 0.002 0.001 0.001 0.001 0.001 0.001 0.001 0.001 0.002 0.000 0.000 0.000 0.000 0.000 0.000 0.001 0.001 0.016 0.039 0.073 0.107 0.142 0.177 0.169 0.109 0.037 0.001 0.001 0.000 0.000
0.117 0.129 0.143 0.156 0.150 0.121 0.091 0.063 0.034 0.005 0.001 0.001 0.001 0.000 0.000 0.000 0.000 0.001 0.001 0.001 0.001 0.000 0.000 0.000 0.000 0.000 0.000 0.000 0.268 0.303 0.330 0.331 0.326 0.000 0.000 0.000 0.000 0.000 0.148 0.081 0.013 0.001 0.001 0.001 0.001 0.001 0.001 0.001 0.001 0.001 0.001 0.001 0.001 0.001 0.001 0.001 0.000 0.000 0.000 0.000 0.000 0.000 0.001 0.001 0.013 0.051 0.084 0.117 0.152 0.188 0.148 0.089 0.028 0.001 0.001 0.000 0.000
0.141 0.154 0.167 0.181 0.193 0.175 0.146 0.116 0.088 0.058 0.012 0.001 0.000 0.000 0.000 0.000 0.000 0.000 0.000 0.001 0.001 0.031 0.064 0.000 0.000 0.000 0.000 0.000 0.270 0.305 0.310 0.311 0.315 0.000 0.000 0.000 0.000 0.000 0.000 0.104 0.036 0.001 0.001 0.001 0.001 0.001 0.001 0.001 0.001 0.001 0.001 0.001 0.001 0.001 0.001 0.001 0.000 0.000 0.000 0.000 0.000 0.000 0.001 0.001 0.018 0.059 0.093 0.127 0.162 0.186 0.127 0.069 0.010 0.001 0.001 0.000 0.000
0.165 0.179 0.191 0.205 0.218 0.227 0.199 0.170 0.141 0.110 0.054 0.001 0.000 0.000 0.000 0.000 0.000 0.000 0.000 0.001 0.002 0.033 0.067 0.100 0.000 0.000 0.000 0.238 0.272 0.289 0.291 0.292 0.000 0.000 0.000 0.000 0.000 0.000 0.000 0.000 0.000 0.021 0.008 0.001 0.001 0.001 0.001 0.001 0.001 0.001 0.001 0.001 0.001 0.001 0.001 0.001 0.000 0.000 0.000 0.000 0.000 0.000 0.001 0.001 0.025 0.064 0.101 0.136 0.171 0.165 0.105 0.047 0.001 0.001 0.001 0.000 0.000
0.195 0.206 0.216 0.229 0.242 0.256 0.252 0.225 0.195 0.151 0.097 0.000 0.000 0.000 0.000 0.000 0.000 0.000 0.000 0.000 0.000 0.000 0.068 0.102 0.136 0.170 0.204 0.239 0.268 0.269 0.271 0.000 0.000 0.000 0.000 0.000 0.000 0.000 0.000 0.000 0.000 0.041 0.027 0.013 0.001 0.001 0.001 0.001 0.001 0.000 0.000 0.000 0.000 0.000 0.001 0.014 0.000 0.000 0.000 0.000 0.000 0.000 0.001 0.003 0.033 0.071 0.108 0.145 0.180 0.143 0.084 0.024 0.001 0.001 0.001 0.000 0.000
0.224 0.235 0.246 0.255 0.266 0.279 0.292 0.278 0.249 0.195 0.000 0.000 0.000 0.000 0.000 0.000 0.000 0.000 0.000 0.000 0.000 0.000 0.069 0.104 0.138 0.172 0.206 0.240 0.248 0.248 0.250 0.000 0.000 0.000 0.000 0.000 0.000 0.000 0.000 0.000 0.000 0.061 0.000 0.032 0.018 0.005 0.001 0.001 0.001 0.000 0.000 0.000 0.000 0.000 0.001 0.025 0.000 0.000 0.000 0.000 0.000 0.001 0.001 0.007 0.042 0.080 0.117 0.153 0.179 0.121 0.062 0.007 0.001 0.001 0.001 0.000 0.000
0.254 0.264 0.275 0.286 0.296 0.308 0.318 0.330 0.292 0.237 0.183 0.127 0.000 0.000 0.000 0.000 0.000 0.000 0.000 0.000 0.000 0.000 0.000 0.000 0.140 0.174 0.209 0.226 0.227 0.229 0.000 0.000 0.000 0.000 0.000 0.000 0.000 0.000 0.000 0.000 0.000 0.000 0.000 0.000 0.000 0.024 0.010 0.001 0.001 0.001 0.001 0.001 0.001 0.001 0.002 0.036 0.000 0.000 0.000 0.000 0.000 0.001 0.001 0.015 0.052 0.089 0.126 0.162 0.158 0.098 0.040 0.001 0.001 0.001 0.001 0.000 0.000
0.283 0.294 0.304 0.316 0.326 0.336 0.348 0.358 0.333 0.280 0.224 0.170 0.116 0.000 0.000 0.000 0.000 0.000 0.000 0.000 0.000 0.000 0.000 0.000 0.000 0.175 0.203 0.205 0.208 0.000 0.000 0.000 0.000 0.000 0.000 0.000 0.000 0.000 0.000 0.000 0.000 0.000 0.000 0.000 0.000 0.000 0.030 0.016 0.001 0.001 0.001 0.001 0.013 0.000 0.000 0.048 0.000 0.000 0.000 0.000 0.000 0.001 0.001 0.026 0.062 0.098 0.135 0.172 0.136 0.077 0.021 0.001 0.001 0.001 0.000 0.000 0.000
0.000 0.323 0.334 0.345 0.355 0.367 0.376 0.364 0.336 0.309 0.268 0.213 0.158 0.103 0.047 0.000 0.000 0.000 0.000 0.000 0.000 0.000 0.000 0.000 0.000 0.177 0.184 0.186 0.187 0.000 0.000 0.000 0.000 0.000 0.000 0.000 0.000 0.000 0.000 0.000 0.000 0.000 0.000 0.000 0.000 0.000 0.000 0.000 0.001 0.001 0.001 0.001 0.000 0.000 0.000 0.000 0.000 0.000 0.000 0.000 0.000 0.001 0.003 0.036 0.072 0.108 0.145 0.174 0.115 0.056 0.005 0.001 0.001 0.000 0.000 0.000 0.000
0.000 0.000 0.363 0.373 0.385 0.397 0.388 0.366 0.339 0.311 0.283 0.255 0.201 0.146 0.090 0.036 0.000 0.000 0.000 0.000 0.000 0.000 0.000 0.000 0.142 0.162 0.164 0.166 0.000 0.000 0.000 0.000 0.000 0.000 0.000 0.000 0.000 0.000 0.000 0.000 0.000 0.000 0.000 0.000 0.000 0.000 0.000 0.000 0.000 0.001 0.001 0.001 0.000 0.000 0.000 0.000 0.000 0.000 0.000 0.000 0.001 0.001 0.009 0.047 0.083 0.119 0.155 0.152 0.094 0.036 0.001 0.001 0.000 0.000 0.000 0.000 0.000
0.000 0.000 0.000 0.403 0.413 0.407 0.397 0.369 0.342 0.315 0.286 0.259 0.232 0.188 0.133 0.078 0.022 0.000 0.000 0.000 0.000 0.000 0.000 0.109 0.140 0.142 0.143 0.000 0.000 0.000 0.000 0.000 0.000 0.000 0.000 0.000 0.000 0.000 0.000 0.000 0.000 0.000 0.000 0.000 0.000 0.000 0.000 0.000 0.000 0.001 0.001 0.001 0.000 0.000 0.000 0.000 0.000 0.000 0.000 0.000 0.001 0.001 0.018 0.057 0.093 0.129 0.165 0.132 0.073 0.018 0.001 0.001 0.000 0.000 0.000 0.000 0.000
0.000 0.000 0.000 0.000 0.426 0.416 0.400 0.372 0.344 0.316 0.289 0.261 0.234 0.207 0.175 0.120 0.065 0.010 0.001 0.000 0.000 0.000 0.000 0.112 0.120 0.121 0.000 0.000 0.000 0.000 0.000 0.000 0.000 0.000 0.000 0.000 0.000 0.000 0.000 0.000 0.000 0.000 0.000 0.000 0.000 0.000 0.000 0.000 0.000 0.001 0.001 0.001 0.000 0.000 0.000 0.000 0.000 0.000 0.000 0.000 0.001 0.001 0.028 0.066 0.103 0.139 0.170 0.111 0.053 0.002 0.001 0.001 0.000 0.000 0.000 0.000 0.000
0.000 0.000 0.000 0.000 0.000 0.428 0.402 0.375 0.347 0.320 0.293 0.264 0.237 0.209 0.182 0.154 0.108 0.052 0.001 0.001 0.000 0.000 0.077 0.098 0.099 0.101 0.000 0.000 0.000 0.000 0.000 0.000 0.000 0.000 0.000 0.000 0.000 0.000 0.000 0.000 0.000 0.000 0.000 0.000 0.000 0.000 0.000 0.000 0.000 0.001 0.001 0.001 0.001 0.000 0.000 0.000 0.000 0.000 0.000 0.000 0.001 0.002 0.039 0.076 0.113 0.149 0.148 0.090 0.034 0.001 0.001 0.000 0.000 0.000 0.000 0.000 0.000
0.000 0.000 0.000 0.000 0.000 0.000 0.000 0.378 0.350 0.323 0.295 0.267 0.239 0.211 0.184 0.157 0.129 0.095 0.039 0.001 0.005 0.042 0.074 0.077 0.079 0.000 0.000 0.000 0.000 0.000 0.000 0.000 0.000 0.000 0.000 0.000 0.000 0.000 0.000 0.000 0.000 0.000 0.000 0.000 0.000 0.000 0.000 0.000 0.000 0.001 0.001 0.001 0.001 0.000 0.000 0.000 0.000 0.000 0.000 0.001 0.001 0.008 0.048 0.085 0.122 0.158 0.127 0.070 0.014 0.001 0.001 0.000 0.000 0.000 0.000 0.000 0.000
0.000 0.000 0.000 0.000 0.000 0.000 0.000 0.000 0.353 0.326 0.297 0.270 0.243 0.215 0.187 0.160 0.132 0.104 0.076 0.027 0.006 0.044 0.053 0.055 0.000 0.000 0.000 0.000 0.000 0.000 0.000 0.000 0.000 0.000 0.000 0.000 0.000 0.000 0.000 0.000 0.000 0.000 0.000 0.000 0.000 0.000 0.000 0.000 0.000 0.001 0.001 0.001 0.014 0.000 0.000 0.000 0.000 0.000 0.000 0.001 0.001 0.017 0.056 0.093 0.130 0.164 0.105 0.048 0.001 0.001 0.001 0.000 0.000 0.000 0.000 0.000 0.000
0.000 0.000 0.000 0.000 0.000 0.000 0.000 0.000 0.000 0.330 0.302 0.274 0.001 0.001 0.191 0.163 0.135 0.107 0.079 0.051 0.014 0.027 0.029 0.029 0.025 0.026 0.000 0.000 0.000 0.000 0.000 0.000 0.000 0.000 0.000 0.000 0.000 0.000 0.000 0.000 0.000 0.000 0.000 0.000 0.000 0.000 0.000 0.000 0.000 0.001 0.001 0.001 0.000 0.000 0.000 0.000 0.000 0.000 0.000 0.001 0.001 0.026 0.064 0.102 0.138 0.140 0.083 0.028 0.001 0.001 0.001 0.000 0.000 0.000 0.000 0.000 0.000
0.000 0.000 0.000 0.000 0.000 0.000 0.000 0.000 0.000 0.000 0.001 0.000 0.003 0.003 0.001 0.000 0.139 0.109 0.082 0.053 0.028 0.025 0.022 0.018 0.013 0.010 0.004 0.000 0.000 0.000 0.000 0.000 0.000 0.000 0.000 0.000 0.000 0.000 0.000 0.000 0.000 0.000 0.000 0.000 0.000 0.000 0.000 0.000 0.001 0.001 0.001 0.001 0.000 0.000 0.000 0.000 0.000 0.000 0.000 0.002 0.009 0.034 0.071 0.108 0.146 0.117 0.060 0.005 0.001 0.001 0.000 0.000 0.000 0.000 0.000 0.000 0.000
0.000 0.000 0.000 0.000 0.000 0.000 0.000 0.000 0.000 0.002 0.003 0.004 0.005 0.005 0.005 0.004 0.001 0.112 0.084 0.054 0.040 0.036 0.031 0.025 0.019 0.013 0.007 0.003 0.000 0.000 0.000 0.000 0.000 0.000 0.000 0.000 0.000 0.000 0.000 0.000 0.000 0.000 0.000 0.000 0.000 0.001 0.001 0.001 0.001 0.001 0.014 0.027 0.000 0.000 0.000 0.000 0.000 0.000 0.010 0.021 0.036 0.052 0.077 0.115 0.150 0.093 0.038 0.001 0.001 0.001 0.000 0.000 0.000 0.000 0.000 0.000 0.000
0.000 0.000 0.000 0.000 0.000 0.000 0.000 0.000 0.002 0.003 0.004 0.005 0.006 0.006 0.007 0.006 0.005 0.001 0.000 0.065 0.055 0.049 0.042 0.038 0.027 0.019 0.012 0.008 0.003 0.001 0.000 0.000 0.000 0.000 0.000 0.000 0.000 0.000 0.000 0.000 0.000 0.000 0.001 0.001 0.001 0.001 0.001 0.001 0.001 0.012 0.000 0.000 0.000 0.000 0.000 0.000 0.000 0.000 0.041 0.056 0.071 0.087 0.102 0.123 0.128 0.069 0.019 0.001 0.001 0.001 0.000 0.000 0.000 0.000 0.000 0.000 0.000
0.000 0.000 0.000 0.000 0.000 0.000 0.000 0.002 0.003 0.004 0.005 0.006 0.007 0.008 0.008 0.008 0.008 0.007 0.006 0.001 0.071 0.066 0.057 0.046 0.026 0.024 0.020 0.016 0.011 0.007 0.004 0.000 0.000 0.000 0.000 0.000 0.000 0.000 0.000 0.000 0.000 0.001 0.001 0.001 0.001 0.001 0.001 0.001 0.003 0.000 0.000 0.000 0.000 0.000 0.000 0.000 0.000 0.000 0.098 0.110 0.121 0.133 0.145 0.151 0.109 0.044 0.002 0.001 0.001 0.000 0.000 0.000 0.000 0.000 0.000 0.000 0.000
