数据/2hours/0.1-2h-50y/coupled-135-0001.wd
ncols         694
nrows         824
xllcorner     581104.939801
yllcorner     3495917.092414
cellsize      2.000000
NODATA_value  -9999.000000
[rows 408 to 441 of 824, columns 385 to 461 of 694]
0.000 0.000 0.000 0.000 0.000 0.000 0.000 0.000 0.000 0.000 0.000 0.000 0.000 0.000 0.000 0.000 0.000 0.000 0.000 0.000 0.000 0.000 0.000 0.000 0.000 0.000 0.000 0.000 0.000 0.000 0.000 0.000 0.044 0.053 0.058 0.067 0.073 0.074 0.065 0.077 0.080 0.081 0.081 0.000 0.000 0.000 0.000 0.000 0.000 0.000 0.032 0.033 0.033 0.033 0.033 0.031 0.026 0.021 0.017 0.012 0.008 0.003 0.000 0.000 0.000 0.000 0.000 0.000 0.000 0.000 0.000 0.000 0.000 0.000 0.000 0.000 0.000
0.000 0.000 0.000 0.000 0.000 0.000 0.000 0.000 0.000 0.000 0.000 0.000 0.000 0.000 0.000 0.000 0.000 0.000 0.000 0.000 0.000 0.000 0.000 0.000 0.000 0.000 0.000 0.000 0.000 0.000 0.000 0.042 0.047 0.057 0.060 0.071 0.072 0.078 0.077 0.078 0.078 0.080 0.078 0.000 0.000 0.000 0.000 0.000 0.000 0.033 0.034 0.033 0.032 0.033 0.033 0.032 0.033 0.029 0.024 0.019 0.014 0.010 0.005 0.000 0.000 0.000 0.000 0.000 0.000 0.000 0.000 0.000 0.000 0.000 0.000 0.000 0.000
0.000 0.000 0.000 0.000 0.000 0.000 0.000 0.000 0.000 0.000 0.000 0.000 0.000 0.000 0.000 0.000 0.000 0.000 0.000 0.000 0.000 0.000 0.000 0.000 0.000 0.000 0.000 0.000 0.000 0.000 0.000 0.041 0.046 0.059 0.060 0.068 0.074 0.077 0.075 0.075 0.075 0.081 0.077 0.000 0.000 0.000 0.000 0.000 0.000 0.034 0.034 0.034 0.033 0.033 0.033 0.033 0.033 0.033 0.031 0.026 0.022 0.017 0.012 0.008 0.003 0.000 0.000 0.000 0.000 0.000 0.000 0.000 0.000 0.000 0.000 0.000 0.000
0.000 0.000 0.000 0.000 0.000 0.000 0.000 0.000 0.000 0.000 0.000 0.000 0.000 0.000 0.000 0.000 0.000 0.000 0.000 0.000 0.000 0.000 0.000 0.000 0.000 0.000 0.000 0.000 0.000 0.000 0.000 0.040 0.047 0.056 0.064 0.072 0.074 0.076 0.076 0.076 0.079 0.077 0.076 0.000 0.000 0.000 0.000 0.000 0.000 0.034 0.033 0.033 0.034 0.034 0.033 0.032 0.032 0.033 0.032 0.032 0.029 0.024 0.019 0.015 0.010 0.005 0.000 0.000 0.000 0.000 0.000 0.000 0.000 0.000 0.000 0.000 0.000
0.000 0.000 0.000 0.000 0.000 0.000 0.000 0.000 0.000 0.000 0.000 0.000 0.000 0.000 0.000 0.000 0.000 0.000 0.000 0.000 0.000 0.000 0.000 0.000 0.000 0.000 0.000 0.000 0.000 0.000 0.000 0.042 0.049 0.061 0.063 0.079 0.076 0.080 0.078 0.080 0.079 0.079 0.000 0.000 0.000 0.000 0.000 0.000 0.000 0.033 0.033 0.033 0.033 0.033 0.033 0.032 0.032 0.032 0.032 0.031 0.031 0.031 0.026 0.021 0.017 0.012 0.007 0.002 0.000 0.000 0.000 0.000 0.000 0.000 0.000 0.000 0.000
0.000 0.000 0.000 0.000 0.000 0.000 0.000 0.000 0.000 0.000 0.000 0.000 0.000 0.000 0.000 0.000 0.000 0.000 0.000 0.000 0.000 0.000 0.000 0.000 0.000 0.000 0.000 0.000 0.000 0.000 0.028 0.045 0.053 0.064 0.073 0.079 0.075 0.075 0.084 0.082 0.082 0.077 0.000 0.000 0.000 0.000 0.000 0.000 0.034 0.033 0.033 0.034 0.034 0.033 0.033 0.033 0.032 0.032 0.032 0.031 0.032 0.031 0.030 0.028 0.024 0.019 0.014 0.009 0.004 0.000 0.000 0.000 0.000 0.000 0.000 0.000 0.000
0.000 0.000 0.000 0.000 0.000 0.000 0.000 0.000 0.000 0.000 0.000 0.000 0.000 0.000 0.000 0.000 0.000 0.000 0.000 0.000 0.000 0.000 0.000 0.000 0.000 0.000 0.000 0.000 0.000 0.000 0.030 0.050 0.057 0.064 0.076 0.076 0.078 0.079 0.083 0.083 0.083 0.083 0.000 0.000 0.000 0.000 0.000 0.000 0.033 0.033 0.033 0.034 0.033 0.033 0.033 0.033 0.033 0.033 0.032 0.032 0.031 0.031 0.030 0.029 0.029 0.026 0.021 0.016 0.011 0.006 0.001 0.000 0.000 0.000 0.000 0.000 0.000
0.000 0.000 0.000 0.000 0.000 0.000 0.000 0.000 0.000 0.000 0.000 0.000 0.000 0.000 0.000 0.000 0.000 0.000 0.000 0.000 0.000 0.000 0.000 0.000 0.000 0.000 0.000 0.000 0.000 0.000 0.040 0.050 0.057 0.063 0.070 0.073 0.076 0.078 0.077 0.084 0.084 0.000 0.000 0.000 0.000 0.000 0.000 0.000 0.034 0.034 0.033 0.033 0.033 0.034 0.034 0.033 0.033 0.032 0.032 0.032 0.031 0.030 0.030 0.029 0.028 0.028 0.028 0.023 0.018 0.012 0.007 0.002 0.000 0.000 0.000 0.000 0.000
0.000 0.000 0.000 0.000 0.000 0.000 0.000 0.000 0.000 0.000 0.000 0.000 0.000 0.000 0.000 0.000 0.000 0.000 0.000 0.000 0.000 0.000 0.000 0.000 0.000 0.000 0.000 0.000 0.000 0.000 0.043 0.049 0.058 0.064 0.070 0.074 0.072 0.076 0.079 0.081 0.085 0.000 0.000 0.000 0.000 0.000 0.000 0.034 0.034 0.034 0.034 0.033 0.033 0.033 0.033 0.033 0.032 0.032 0.032 0.031 0.031 0.030 0.030 0.029 0.028 0.028 0.027 0.027 0.025 0.019 0.014 0.009 0.004 0.000 0.000 0.000 0.000
0.000 0.000 0.000 0.000 0.000 0.000 0.000 0.000 0.000 0.000 0.000 0.000 0.000 0.000 0.000 0.000 0.000 0.000 0.000 0.000 0.000 0.000 0.000 0.000 0.000 0.000 0.000 0.000 0.035 0.039 0.042 0.047 0.056 0.068 0.074 0.077 0.073 0.078 0.080 0.078 0.080 0.000 0.000 0.000 0.000 0.000 0.000 0.035 0.034 0.034 0.034 0.034 0.033 0.033 0.033 0.032 0.032 0.032 0.031 0.032 0.031 0.031 0.030 0.029 0.028 0.028 0.026 0.026 0.026 0.025 0.021 0.015 0.010 0.006 0.000 0.000 0.000
0.000 0.000 0.000 0.000 0.000 0.000 0.000 0.000 0.000 0.000 0.000 0.000 0.000 0.000 0.000 0.000 0.000 0.000 0.000 0.000 0.000 0.000 0.000 0.000 0.000 0.000 0.000 0.000 0.034 0.039 0.042 0.051 0.059 0.068 0.077 0.077 0.080 0.079 0.080 0.079 0.072 0.000 0.000 0.000 0.000 0.000 0.000 0.035 0.035 0.035 0.035 0.035 0.034 0.034 0.033 0.032 0.032 0.031 0.031 0.031 0.031 0.030 0.029 0.029 0.027 0.027 0.026 0.026 0.025 0.024 0.023 0.022 0.017 0.012 0.007 0.002 0.000
0.000 0.000 0.000 0.000 0.000 0.000 0.000 0.000 0.000 0.000 0.000 0.000 0.000 0.000 0.000 0.000 0.000 0.000 0.000 0.000 0.000 0.000 0.000 0.000 0.000 0.000 0.000 0.000 0.030 0.042 0.048 0.056 0.063 0.068 0.076 0.074 0.079 0.077 0.081 0.078 0.074 0.000 0.000 0.000 0.000 0.000 0.000 0.036 0.036 0.036 0.035 0.035 0.035 0.034 0.033 0.033 0.032 0.031 0.031 0.031 0.030 0.030 0.029 0.028 0.027 0.026 0.026 0.025 0.025 0.024 0.023 0.022 0.021 0.018 0.013 0.008 0.003
0.000 0.000 0.000 0.000 0.000 0.000 0.000 0.000 0.000 0.000 0.000 0.000 0.000 0.000 0.000 0.000 0.000 0.000 0.000 0.000 0.000 0.000 0.000 0.000 0.000 0.000 0.000 0.000 0.030 0.045 0.050 0.055 0.066 0.070 0.079 0.080 0.081 0.081 0.073 0.075 0.079 0.000 0.000 0.000 0.000 0.000 0.038 0.037 0.036 0.036 0.036 0.036 0.035 0.035 0.034 0.032 0.031 0.031 0.031 0.030 0.029 0.029 0.029 0.028 0.027 0.026 0.025 0.024 0.024 0.023 0.023 0.021 0.020 0.019 0.018 0.014 0.008
0.000 0.000 0.000 0.000 0.000 0.000 0.000 0.000 0.000 0.000 0.000 0.000 0.000 0.000 0.000 0.000 0.000 0.000 0.000 0.000 0.000 0.000 0.000 0.000 0.000 0.000 0.000 0.000 0.037 0.038 0.052 0.059 0.071 0.079 0.076 0.085 0.081 0.082 0.080 0.072 0.078 0.000 0.000 0.000 0.000 0.000 0.037 0.037 0.037 0.037 0.037 0.036 0.036 0.036 0.034 0.033 0.032 0.031 0.030 0.030 0.029 0.029 0.029 0.027 0.027 0.025 0.025 0.024 0.023 0.023 0.022 0.021 0.020 0.018 0.018 0.016 0.015
0.000 0.000 0.000 0.000 0.000 0.000 0.000 0.000 0.000 0.000 0.000 0.000 0.000 0.000 0.000 0.000 0.000 0.000 0.000 0.000 0.000 0.000 0.000 0.000 0.000 0.000 0.000 0.020 0.034 0.043 0.055 0.063 0.069 0.080 0.077 0.079 0.080 0.075 0.077 0.077 0.076 0.000 0.000 0.000 0.000 0.000 0.038 0.037 0.037 0.036 0.036 0.037 0.036 0.036 0.035 0.033 0.032 0.031 0.030 0.029 0.029 0.029 0.028 0.027 0.025 0.025 0.024 0.023 0.023 0.022 0.021 0.020 0.018 0.017 0.016 0.015 0.014
0.000 0.000 0.000 0.000 0.000 0.000 0.000 0.000 0.000 0.000 0.000 0.000 0.000 0.000 0.000 0.000 0.000 0.000 0.000 0.000 0.000 0.000 0.000 0.000 0.000 0.000 0.000 0.025 0.037 0.048 0.052 0.066 0.072 0.078 0.078 0.077 0.076 0.078 0.074 0.075 0.076 0.074 0.068 0.000 0.000 0.000 0.000 0.000 0.037 0.037 0.037 0.036 0.037 0.036 0.036 0.034 0.032 0.030 0.030 0.029 0.028 0.028 0.028 0.027 0.025 0.024 0.023 0.022 0.021 0.021 0.020 0.019 0.018 0.017 0.016 0.014 0.013
0.000 0.000 0.000 0.000 0.000 0.000 0.000 0.000 0.000 0.000 0.000 0.000 0.000 0.000 0.000 0.000 0.000 0.000 0.000 0.000 0.000 0.000 0.000 0.000 0.000 0.000 0.000 0.029 0.036 0.048 0.058 0.068 0.071 0.077 0.074 0.072 0.076 0.075 0.078 0.076 0.076 0.075 0.071 0.068 0.066 0.064 0.000 0.040 0.039 0.037 0.037 0.037 0.037 0.037 0.036 0.035 0.032 0.030 0.029 0.029 0.028 0.028 0.027 0.026 0.024 0.023 0.022 0.021 0.021 0.020 0.019 0.018 0.017 0.015 0.014 0.013 0.011
0.000 0.000 0.000 0.000 0.000 0.000 0.000 0.000 0.000 0.000 0.000 0.000 0.000 0.000 0.000 0.000 0.000 0.000 0.000 0.000 0.000 0.000 0.000 0.000 0.000 0.000 0.000 0.030 0.037 0.051 0.055 0.069 0.078 0.079 0.077 0.072 0.077 0.077 0.076 0.078 0.079 0.075 0.071 0.068 0.065 0.059 0.052 0.043 0.040 0.038 0.038 0.037 0.037 0.037 0.036 0.034 0.032 0.030 0.029 0.028 0.028 0.027 0.026 0.025 0.023 0.022 0.021 0.020 0.020 0.019 0.018 0.016 0.015 0.014 0.012 0.011 0.008
0.000 0.000 0.000 0.000 0.000 0.000 0.000 0.000 0.000 0.000 0.000 0.000 0.000 0.000 0.000 0.000 0.000 0.000 0.000 0.000 0.000 0.000 0.000 0.000 0.000 0.000 0.000 0.031 0.038 0.051 0.062 0.073 0.079 0.100 0.078 0.077 0.079 0.074 0.080 0.075 0.000 0.071 0.069 0.067 0.061 0.057 0.049 0.044 0.041 0.039 0.038 0.037 0.037 0.037 0.036 0.034 0.032 0.030 0.028 0.027 0.026 0.026 0.025 0.024 0.023 0.022 0.020 0.019 0.019 0.018 0.016 0.015 0.013 0.012 0.010 0.007 0.007
0.000 0.000 0.000 0.000 0.000 0.000 0.000 0.000 0.000 0.000 0.000 0.000 0.000 0.000 0.000 0.000 0.000 0.000 0.000 0.000 0.000 0.000 0.000 0.000 0.000 0.000 0.000 0.033 0.041 0.055 0.060 0.069 0.079 0.080 0.082 0.077 0.074 0.073 0.078 0.000 0.000 0.000 0.000 0.000 0.057 0.053 0.046 0.042 0.040 0.039 0.038 0.037 0.037 0.037 0.036 0.033 0.031 0.029 0.028 0.027 0.026 0.025 0.025 0.023 0.022 0.020 0.019 0.018 0.017 0.016 0.014 0.013 0.010 0.008 0.008 0.007 0.007
0.000 0.000 0.000 0.000 0.000 0.000 0.000 0.000 0.000 0.000 0.000 0.000 0.000 0.000 0.000 0.000 0.000 0.000 0.000 0.000 0.000 0.000 0.000 0.000 0.000 0.000 0.026 0.036 0.043 0.056 0.063 0.072 0.077 0.079 0.074 0.069 0.074 0.072 0.000 0.000 0.000 0.000 0.000 0.000 0.000 0.000 0.042 0.041 0.039 0.039 0.039 0.037 0.037 0.036 0.034 0.032 0.030 0.029 0.027 0.026 0.025 0.024 0.023 0.022 0.021 0.019 0.018 0.017 0.016 0.014 0.012 0.009 0.008 0.008 0.008 0.007 0.007
0.000 0.000 0.000 0.000 0.000 0.000 0.000 0.000 0.000 0.000 0.000 0.000 0.000 0.000 0.000 0.000 0.000 0.000 0.000 0.000 0.000 0.000 0.000 0.000 0.000 0.000 0.026 0.038 0.046 0.055 0.065 0.071 0.079 0.076 0.074 0.075 0.076 0.073 0.000 0.000 0.000 0.000 0.000 0.000 0.000 0.000 0.040 0.040 0.039 0.039 0.038 0.037 0.036 0.035 0.033 0.031 0.029 0.028 0.026 0.025 0.024 0.024 0.022 0.021 0.019 0.018 0.016 0.015 0.013 0.010 0.009 0.008 0.008 0.008 0.008 0.007 0.008
0.000 0.000 0.000 0.000 0.000 0.000 0.000 0.000 0.000 0.000 0.000 0.000 0.000 0.000 0.000 0.000 0.000 0.000 0.000 0.000 0.000 0.000 0.000 0.000 0.000 0.000 0.027 0.040 0.045 0.059 0.061 0.075 0.074 0.076 0.073 0.069 0.075 0.000 0.000 0.000 0.000 0.000 0.042 0.041 0.042 0.042 0.041 0.040 0.040 0.039 0.038 0.037 0.036 0.034 0.032 0.030 0.029 0.027 0.026 0.025 0.023 0.022 0.021 0.019 0.017 0.015 0.014 0.011 0.009 0.009 0.009 0.008 0.008 0.008 0.008 0.008 0.010
0.000 0.000 0.000 0.000 0.000 0.000 0.000 0.000 0.000 0.000 0.000 0.000 0.000 0.000 0.000 0.000 0.000 0.000 0.000 0.000 0.000 0.000 0.000 0.000 0.000 0.000 0.027 0.041 0.047 0.055 0.068 0.076 0.072 0.079 0.073 0.082 0.076 0.000 0.000 0.000 0.000 0.000 0.000 0.040 0.042 0.042 0.041 0.040 0.040 0.040 0.038 0.036 0.035 0.034 0.031 0.029 0.028 0.027 0.025 0.024 0.022 0.021 0.019 0.017 0.015 0.012 0.009 0.010 0.009 0.009 0.009 0.008 0.008 0.008 0.008 0.010 0.015
0.000 0.000 0.000 0.000 0.000 0.000 0.000 0.000 0.000 0.000 0.000 0.000 0.000 0.000 0.000 0.000 0.000 0.000 0.000 0.000 0.000 0.000 0.000 0.000 0.000 0.000 0.032 0.039 0.053 0.054 0.069 0.074 0.076 0.072 0.073 0.071 0.070 0.000 0.000 0.000 0.000 0.000 0.000 0.000 0.000 0.000 0.039 0.040 0.040 0.039 0.038 0.036 0.034 0.032 0.030 0.029 0.027 0.026 0.025 0.023 0.021 0.019 0.016 0.014 0.010 0.010 0.010 0.009 0.009 0.009 0.008 0.008 0.008 0.009 0.012 0.017 0.021
0.000 0.000 0.000 0.000 0.000 0.000 0.000 0.000 0.000 0.000 0.000 0.000 0.000 0.000 0.000 0.000 0.000 0.000 0.000 0.000 0.000 0.000 0.000 0.000 0.000 0.020 0.034 0.038 0.051 0.062 0.069 0.075 0.078 0.074 0.075 0.072 0.000 0.000 0.000 0.000 0.000 0.000 0.000 0.000 0.000 0.000 0.000 0.000 0.041 0.040 0.039 0.035 0.033 0.031 0.029 0.028 0.026 0.025 0.023 0.021 0.018 0.015 0.012 0.011 0.010 0.010 0.010 0.009 0.009 0.009 0.009 0.009 0.011 0.014 0.020 0.027 0.026
0.081 0.000 0.000 0.000 0.000 0.031 0.025 0.023 0.018 0.011 0.000 0.000 0.000 0.000 0.000 0.000 0.000 0.000 0.000 0.000 0.000 0.000 0.000 0.000 0.000 0.020 0.035 0.043 0.049 0.062 0.071 0.082 0.081 0.078 0.081 0.078 0.000 0.000 0.000 0.000 0.000 0.000 0.000 0.000 0.000 0.000 0.000 0.000 0.000 0.000 0.000 0.033 0.032 0.030 0.028 0.027 0.025 0.023 0.020 0.018 0.014 0.012 0.011 0.011 0.010 0.010 0.010 0.010 0.009 0.010 0.011 0.013 0.018 0.025 0.032 0.037 0.032
0.097 0.092 0.090 0.083 0.075 0.058 0.041 0.033 0.029 0.022 0.021 0.017 0.008 0.001 0.001 0.001 0.002 0.000 0.002 0.000 0.000 0.000 0.000 0.000 0.000 0.021 0.036 0.046 0.051 0.063 0.069 0.078 0.079 0.080 0.077 0.077 0.000 0.000 0.000 0.000 0.000 0.000 0.000 0.000 0.000 0.000 0.000 0.000 0.000 0.000 0.000 0.000 0.000 0.000 0.027 0.026 0.023 0.019 0.016 0.014 0.013 0.012 0.011 0.011 0.011 0.010 0.010 0.010 0.011 0.013 0.017 0.024 0.030 0.038 0.045 0.044 0.040
0.108 0.104 0.101 0.092 0.083 0.068 0.053 0.044 0.039 0.033 0.030 0.026 0.018 0.009 0.002 0.001 0.002 0.002 0.002 0.003 0.005 0.000 0.000 0.000 0.000 0.024 0.036 0.044 0.055 0.061 0.070 0.078 0.077 0.079 0.073 0.076 0.000 0.000 0.000 0.000 0.000 0.000 0.000 0.000 0.000 0.000 0.000 0.000 0.000 0.000 0.000 0.000 0.000 0.000 0.000 0.000 0.016 0.014 0.014 0.013 0.012 0.012 0.011 0.011 0.011 0.011 0.012 0.013 0.017 0.022 0.030 0.036 0.044 0.051 0.057 0.052 0.047
0.120 0.117 0.109 0.100 0.089 0.077 0.064 0.053 0.048 0.042 0.039 0.033 0.026 0.021 0.010 0.003 0.001 0.002 0.003 0.004 0.005 0.008 0.000 0.000 0.000 0.027 0.034 0.044 0.053 0.060 0.072 0.077 0.078 0.078 0.078 0.000 0.000 0.000 0.000 0.000 0.000 0.000 0.000 0.000 0.000 0.000 0.000 0.000 0.000 0.000 0.000 0.000 0.000 0.000 0.000 0.000 0.012 0.013 0.013 0.012 0.012 0.011 0.011 0.011 0.012 0.014 0.017 0.021 0.028 0.035 0.043 0.050 0.057 0.064 0.065 0.060 0.055
0.131 0.124 0.116 0.106 0.096 0.085 0.074 0.063 0.056 0.051 0.047 0.041 0.035 0.028 0.022 0.011 0.004 0.002 0.004 0.005 0.006 0.007 0.008 0.012 0.022 0.024 0.034 0.043 0.052 0.062 0.074 0.075 0.077 0.076 0.074 0.000 0.000 0.000 0.000 0.000 0.000 0.000 0.000 0.000 0.000 0.000 0.000 0.000 0.000 0.000 0.000 0.000 0.000 0.000 0.000 0.000 0.010 0.011 0.012 0.012 0.011 0.011 0.012 0.013 0.016 0.021 0.027 0.034 0.041 0.049 0.056 0.064 0.071 0.077 0.072 0.068 0.063
0.139 0.131 0.122 0.112 0.103 0.094 0.084 0.072 0.065 0.059 0.055 0.050 0.043 0.037 0.030 0.022 0.012 0.005 0.005 0.006 0.007 0.008 0.010 0.016 0.021 0.024 0.035 0.042 0.052 0.063 0.072 0.070 0.072 0.077 0.072 0.000 0.000 0.000 0.000 0.000 0.000 0.000 0.000 0.000 0.000 0.000 0.000 0.000 0.000 0.000 0.000 0.000 0.000 0.000 0.000 0.000 0.008 0.010 0.011 0.011 0.011 0.013 0.015 0.019 0.025 0.033 0.040 0.047 0.054 0.061 0.069 0.076 0.084 0.085 0.080 0.075 0.070
0.145 0.139 0.128 0.120 0.112 0.103 0.093 0.082 0.075 0.068 0.063 0.058 0.051 0.045 0.039 0.032 0.022 0.013 0.006 0.007 0.008 0.010 0.013 0.020 0.019 0.028 0.034 0.043 0.051 0.059 0.065 0.066 0.065 0.071 0.070 0.000 0.000 0.000 0.000 0.000 0.000 0.000 0.000 0.000 0.000 0.000 0.000 0.000 0.000 0.000 0.000 0.000 0.000 0.000 0.000 0.000 0.007 0.009 0.010 0.012 0.014 0.017 0.023 0.030 0.038 0.045 0.053 0.060 0.067 0.075 0.081 0.000 0.000 0.092 0.087 0.083 0.078
0.000 0.000 0.136 0.130 0.122 0.113 0.103 0.092 0.083 0.077 0.072 0.066 0.060 0.054 0.048 0.040 0.032 0.022 0.013 0.007 0.008 0.010 0.015 0.017 0.022 0.027 0.032 0.041 0.055 0.061 0.063 0.066 0.066 0.064 0.000 0.000 0.000 0.000 0.000 0.000 0.000 0.000 0.000 0.000 0.000 0.000 0.000 0.000 0.000 0.000 0.000 0.000 0.000 0.000 0.000 0.000 0.006 0.009 0.012 0.017 0.022 0.029 0.037 0.044 0.052 0.059 0.066 0.073 0.080 0.087 0.000 0.000 0.000 0.000 0.000 0.090 0.085
