数据/2hours/0.1-2h-50y/coupled-114-0001.wd
ncols         694
nrows         824
xllcorner     581104.939801
yllcorner     3495917.092414
cellsize      2.000000
NODATA_value  -9999.000000
[rows 408 to 441 of 824, columns 385 to 461 of 694]
0.000 0.000 0.000 0.000 0.000 0.000 0.000 0.000 0.000 0.000 0.000 0.000 0.000 0.000 0.000 0.000 0.000 0.000 0.000 0.000 0.000 0.000 0.000 0.000 0.000 0.000 0.000 0.000 0.000 0.000 0.000 0.000 0.051 0.055 0.073 0.084 0.088 0.095 0.106 0.099 0.090 0.099 0.094 0.000 0.000 0.000 0.000 0.000 0.000 0.000 0.024 0.024 0.025 0.025 0.024 0.022 0.017 0.013 0.008 0.001 0.000 0.000 0.000 0.000 0.000 0.000 0.000 0.000 0.000 0.000 0.000 0.000 0.000 0.000 0.000 0.000 0.000
0.000 0.000 0.000 0.000 0.000 0.000 0.000 0.000 0.000 0.000 0.000 0.000 0.000 0.000 0.000 0.000 0.000 0.000 0.000 0.000 0.000 0.000 0.000 0.000 0.000 0.000 0.000 0.000 0.000 0.000 0.000 0.051 0.045 0.066 0.077 0.074 0.094 0.092 0.093 0.096 0.102 0.098 0.100 0.000 0.000 0.000 0.000 0.000 0.000 0.026 0.026 0.025 0.025 0.025 0.025 0.025 0.025 0.020 0.016 0.010 0.006 0.000 0.000 0.000 0.000 0.000 0.000 0.000 0.000 0.000 0.000 0.000 0.000 0.000 0.000 0.000 0.000
0.000 0.000 0.000 0.000 0.000 0.000 0.000 0.000 0.000 0.000 0.000 0.000 0.000 0.000 0.000 0.000 0.000 0.000 0.000 0.000 0.000 0.000 0.000 0.000 0.000 0.000 0.000 0.000 0.000 0.000 0.000 0.039 0.063 0.066 0.073 0.087 0.097 0.096 0.096 0.091 0.103 0.096 0.104 0.000 0.000 0.000 0.000 0.000 0.000 0.026 0.026 0.026 0.026 0.026 0.025 0.025 0.025 0.024 0.023 0.019 0.013 0.008 0.002 0.000 0.000 0.000 0.000 0.000 0.000 0.000 0.000 0.000 0.000 0.000 0.000 0.000 0.000
0.000 0.000 0.000 0.000 0.000 0.000 0.000 0.000 0.000 0.000 0.000 0.000 0.000 0.000 0.000 0.000 0.000 0.000 0.000 0.000 0.000 0.000 0.000 0.000 0.000 0.000 0.000 0.000 0.000 0.000 0.000 0.057 0.071 0.078 0.091 0.103 0.102 0.104 0.103 0.103 0.093 0.096 0.102 0.000 0.000 0.000 0.000 0.000 0.000 0.027 0.027 0.027 0.026 0.026 0.025 0.026 0.025 0.025 0.024 0.024 0.021 0.016 0.011 0.006 0.000 0.000 0.000 0.000 0.000 0.000 0.000 0.000 0.000 0.000 0.000 0.000 0.000
0.000 0.000 0.000 0.000 0.000 0.000 0.000 0.000 0.000 0.000 0.000 0.000 0.000 0.000 0.000 0.000 0.000 0.000 0.000 0.000 0.000 0.000 0.000 0.000 0.000 0.000 0.000 0.000 0.000 0.000 0.000 0.075 0.083 0.088 0.098 0.093 0.104 0.114 0.110 0.110 0.106 0.098 0.000 0.000 0.000 0.000 0.000 0.000 0.000 0.027 0.027 0.027 0.027 0.027 0.026 0.026 0.026 0.025 0.025 0.024 0.023 0.023 0.018 0.013 0.008 0.001 0.000 0.000 0.000 0.000 0.000 0.000 0.000 0.000 0.000 0.000 0.000
0.000 0.000 0.000 0.000 0.000 0.000 0.000 0.000 0.000 0.000 0.000 0.000 0.000 0.000 0.000 0.000 0.000 0.000 0.000 0.000 0.000 0.000 0.000 0.000 0.000 0.000 0.000 0.000 0.000 0.000 0.083 0.082 0.083 0.090 0.075 0.095 0.094 0.105 0.110 0.104 0.108 0.107 0.000 0.000 0.000 0.000 0.000 0.000 0.028 0.028 0.028 0.027 0.027 0.027 0.026 0.026 0.025 0.026 0.025 0.025 0.023 0.023 0.022 0.020 0.015 0.010 0.004 0.000 0.000 0.000 0.000 0.000 0.000 0.000 0.000 0.000 0.000
0.000 0.000 0.000 0.000 0.000 0.000 0.000 0.000 0.000 0.000 0.000 0.000 0.000 0.000 0.000 0.000 0.000 0.000 0.000 0.000 0.000 0.000 0.000 0.000 0.000 0.000 0.000 0.000 0.000 0.000 0.073 0.064 0.070 0.080 0.091 0.095 0.083 0.092 0.110 0.111 0.100 0.115 0.000 0.000 0.000 0.000 0.000 0.000 0.029 0.029 0.029 0.028 0.028 0.028 0.027 0.026 0.026 0.025 0.025 0.025 0.024 0.023 0.022 0.021 0.021 0.017 0.012 0.007 0.000 0.000 0.000 0.000 0.000 0.000 0.000 0.000 0.000
0.000 0.000 0.000 0.000 0.000 0.000 0.000 0.000 0.000 0.000 0.000 0.000 0.000 0.000 0.000 0.000 0.000 0.000 0.000 0.000 0.000 0.000 0.000 0.000 0.000 0.000 0.000 0.000 0.000 0.000 0.055 0.063 0.065 0.083 0.094 0.094 0.109 0.128 0.098 0.111 0.087 0.000 0.000 0.000 0.000 0.000 0.000 0.000 0.030 0.030 0.029 0.029 0.028 0.028 0.028 0.027 0.026 0.025 0.025 0.025 0.025 0.023 0.022 0.021 0.021 0.019 0.019 0.014 0.008 0.001 0.000 0.000 0.000 0.000 0.000 0.000 0.000
0.000 0.000 0.000 0.000 0.000 0.000 0.000 0.000 0.000 0.000 0.000 0.000 0.000 0.000 0.000 0.000 0.000 0.000 0.000 0.000 0.000 0.000 0.000 0.000 0.000 0.000 0.000 0.000 0.000 0.000 0.072 0.084 0.101 0.096 0.105 0.110 0.114 0.112 0.119 0.091 0.102 0.000 0.000 0.000 0.000 0.000 0.000 0.034 0.032 0.032 0.032 0.031 0.030 0.029 0.028 0.028 0.027 0.026 0.025 0.025 0.025 0.024 0.022 0.021 0.020 0.020 0.019 0.018 0.016 0.009 0.003 0.000 0.000 0.000 0.000 0.000 0.000
0.000 0.000 0.000 0.000 0.000 0.000 0.000 0.000 0.000 0.000 0.000 0.000 0.000 0.000 0.000 0.000 0.000 0.000 0.000 0.000 0.000 0.000 0.000 0.000 0.000 0.000 0.000 0.000 0.023 0.049 0.071 0.082 0.094 0.101 0.104 0.102 0.102 0.106 0.085 0.102 0.121 0.000 0.000 0.000 0.000 0.000 0.000 0.035 0.034 0.034 0.033 0.033 0.032 0.031 0.029 0.028 0.027 0.026 0.025 0.025 0.025 0.025 0.023 0.022 0.020 0.019 0.018 0.018 0.017 0.015 0.011 0.005 0.000 0.000 0.000 0.000 0.000
0.000 0.000 0.000 0.000 0.000 0.000 0.000 0.000 0.000 0.000 0.000 0.000 0.000 0.000 0.000 0.000 0.000 0.000 0.000 0.000 0.000 0.000 0.000 0.000 0.000 0.000 0.000 0.000 0.061 0.075 0.072 0.086 0.091 0.111 0.110 0.112 0.108 0.090 0.116 0.096 0.099 0.000 0.000 0.000 0.000 0.000 0.000 0.036 0.035 0.034 0.034 0.033 0.034 0.033 0.031 0.029 0.028 0.027 0.026 0.025 0.025 0.024 0.023 0.022 0.020 0.019 0.018 0.017 0.016 0.015 0.014 0.012 0.006 0.000 0.000 0.000 0.000
0.000 0.000 0.000 0.000 0.000 0.000 0.000 0.000 0.000 0.000 0.000 0.000 0.000 0.000 0.000 0.000 0.000 0.000 0.000 0.000 0.000 0.000 0.000 0.000 0.000 0.000 0.000 0.000 0.072 0.093 0.089 0.095 0.107 0.092 0.126 0.097 0.103 0.098 0.094 0.127 0.080 0.000 0.000 0.000 0.000 0.000 0.000 0.037 0.036 0.035 0.035 0.034 0.034 0.035 0.034 0.031 0.029 0.027 0.026 0.025 0.024 0.024 0.024 0.022 0.021 0.019 0.018 0.017 0.016 0.015 0.013 0.012 0.010 0.007 0.000 0.000 0.000
0.000 0.000 0.000 0.000 0.000 0.000 0.000 0.000 0.000 0.000 0.000 0.000 0.000 0.000 0.000 0.000 0.000 0.000 0.000 0.000 0.000 0.000 0.000 0.000 0.000 0.000 0.000 0.000 0.070 0.063 0.088 0.093 0.106 0.116 0.091 0.112 0.075 0.095 0.099 0.078 0.104 0.000 0.000 0.000 0.000 0.000 0.037 0.038 0.038 0.036 0.035 0.034 0.034 0.035 0.035 0.033 0.030 0.028 0.026 0.025 0.024 0.024 0.024 0.022 0.021 0.019 0.017 0.016 0.016 0.014 0.013 0.011 0.010 0.008 0.006 0.000 0.000
0.000 0.000 0.000 0.000 0.000 0.000 0.000 0.000 0.000 0.000 0.000 0.000 0.000 0.000 0.000 0.000 0.000 0.000 0.000 0.000 0.000 0.000 0.000 0.000 0.000 0.000 0.000 0.000 0.062 0.051 0.085 0.098 0.085 0.122 0.101 0.100 0.105 0.082 0.102 0.078 0.088 0.000 0.000 0.000 0.000 0.000 0.038 0.039 0.038 0.037 0.037 0.036 0.034 0.034 0.036 0.035 0.032 0.028 0.027 0.025 0.024 0.024 0.024 0.023 0.021 0.019 0.017 0.016 0.015 0.014 0.013 0.011 0.009 0.007 0.005 0.002 0.000
0.000 0.000 0.000 0.000 0.000 0.000 0.000 0.000 0.000 0.000 0.000 0.000 0.000 0.000 0.000 0.000 0.000 0.000 0.000 0.000 0.000 0.000 0.000 0.000 0.000 0.000 0.000 0.042 0.044 0.076 0.067 0.073 0.098 0.099 0.109 0.102 0.095 0.098 0.112 0.096 0.094 0.000 0.000 0.000 0.000 0.000 0.039 0.039 0.038 0.037 0.037 0.036 0.035 0.034 0.035 0.036 0.034 0.030 0.027 0.026 0.025 0.023 0.023 0.023 0.021 0.019 0.017 0.016 0.015 0.014 0.012 0.010 0.009 0.007 0.004 0.002 0.000
0.000 0.000 0.000 0.000 0.000 0.000 0.000 0.000 0.000 0.000 0.000 0.000 0.000 0.000 0.000 0.000 0.000 0.000 0.000 0.000 0.000 0.000 0.000 0.000 0.000 0.000 0.000 0.045 0.063 0.063 0.073 0.081 0.071 0.121 0.110 0.118 0.114 0.099 0.099 0.088 0.103 0.102 0.093 0.000 0.000 0.000 0.000 0.000 0.040 0.038 0.037 0.037 0.036 0.035 0.035 0.036 0.035 0.032 0.028 0.026 0.025 0.024 0.023 0.023 0.021 0.019 0.017 0.016 0.015 0.013 0.012 0.010 0.008 0.006 0.004 0.002 0.000
0.000 0.000 0.000 0.000 0.000 0.000 0.000 0.000 0.000 0.000 0.000 0.000 0.000 0.000 0.000 0.000 0.000 0.000 0.000 0.000 0.000 0.000 0.000 0.000 0.000 0.000 0.000 0.057 0.050 0.091 0.060 0.069 0.086 0.103 0.125 0.094 0.106 0.108 0.105 0.100 0.091 0.097 0.097 0.088 0.090 0.084 0.000 0.055 0.047 0.042 0.039 0.037 0.037 0.036 0.036 0.036 0.036 0.033 0.029 0.027 0.025 0.024 0.023 0.022 0.021 0.019 0.017 0.015 0.014 0.013 0.011 0.009 0.008 0.006 0.004 0.002 0.000
0.000 0.000 0.000 0.000 0.000 0.000 0.000 0.000 0.000 0.000 0.000 0.000 0.000 0.000 0.000 0.000 0.000 0.000 0.000 0.000 0.000 0.000 0.000 0.000 0.000 0.000 0.000 0.059 0.076 0.079 0.072 0.083 0.104 0.111 0.098 0.092 0.113 0.095 0.101 0.103 0.100 0.095 0.085 0.095 0.090 0.085 0.079 0.067 0.052 0.044 0.041 0.039 0.037 0.036 0.036 0.036 0.036 0.033 0.029 0.026 0.025 0.023 0.023 0.022 0.020 0.018 0.016 0.014 0.014 0.012 0.011 0.009 0.007 0.005 0.004 0.002 0.000
0.000 0.000 0.000 0.000 0.000 0.000 0.000 0.000 0.000 0.000 0.000 0.000 0.000 0.000 0.000 0.000 0.000 0.000 0.000 0.000 0.000 0.000 0.000 0.000 0.000 0.000 0.000 0.072 0.066 0.093 0.078 0.104 0.108 0.167 0.109 0.100 0.118 0.097 0.115 0.110 0.000 0.085 0.092 0.090 0.090 0.085 0.080 0.067 0.053 0.045 0.041 0.039 0.038 0.037 0.036 0.037 0.036 0.033 0.029 0.026 0.024 0.023 0.022 0.022 0.020 0.018 0.016 0.014 0.013 0.011 0.010 0.008 0.006 0.005 0.003 0.001 0.000
0.000 0.000 0.000 0.000 0.000 0.000 0.000 0.000 0.000 0.000 0.000 0.000 0.000 0.000 0.000 0.000 0.000 0.000 0.000 0.000 0.000 0.000 0.000 0.000 0.000 0.000 0.000 0.070 0.082 0.084 0.086 0.094 0.096 0.118 0.109 0.108 0.112 0.104 0.085 0.000 0.000 0.000 0.000 0.000 0.086 0.085 0.077 0.064 0.051 0.044 0.041 0.039 0.038 0.037 0.037 0.037 0.036 0.033 0.029 0.026 0.024 0.022 0.022 0.021 0.019 0.017 0.015 0.013 0.012 0.011 0.009 0.007 0.005 0.003 0.002 0.001 0.000
0.000 0.000 0.000 0.000 0.000 0.000 0.000 0.000 0.000 0.000 0.000 0.000 0.000 0.000 0.000 0.000 0.000 0.000 0.000 0.000 0.000 0.000 0.000 0.000 0.000 0.000 0.049 0.068 0.061 0.085 0.080 0.091 0.101 0.095 0.109 0.096 0.114 0.087 0.000 0.000 0.000 0.000 0.000 0.000 0.000 0.000 0.061 0.053 0.048 0.044 0.041 0.039 0.038 0.038 0.036 0.036 0.035 0.032 0.028 0.026 0.024 0.022 0.021 0.020 0.018 0.016 0.014 0.012 0.011 0.009 0.007 0.004 0.003 0.003 0.002 0.001 0.000
0.000 0.000 0.000 0.000 0.000 0.000 0.000 0.000 0.000 0.000 0.000 0.000 0.000 0.000 0.000 0.000 0.000 0.000 0.000 0.000 0.000 0.000 0.000 0.000 0.000 0.000 0.052 0.071 0.057 0.073 0.071 0.101 0.100 0.124 0.104 0.095 0.090 0.090 0.000 0.000 0.000 0.000 0.000 0.000 0.000 0.000 0.048 0.046 0.045 0.044 0.043 0.040 0.039 0.038 0.037 0.036 0.034 0.030 0.028 0.025 0.023 0.022 0.021 0.019 0.017 0.015 0.013 0.011 0.009 0.007 0.005 0.004 0.004 0.003 0.002 0.001 0.000
0.000 0.000 0.000 0.000 0.000 0.000 0.000 0.000 0.000 0.000 0.000 0.000 0.000 0.000 0.000 0.000 0.000 0.000 0.000 0.000 0.000 0.000 0.000 0.000 0.000 0.000 0.056 0.061 0.072 0.072 0.083 0.092 0.113 0.108 0.085 0.079 0.079 0.000 0.000 0.000 0.000 0.000 0.050 0.053 0.050 0.047 0.045 0.045 0.044 0.046 0.044 0.041 0.040 0.037 0.037 0.037 0.033 0.029 0.026 0.025 0.023 0.021 0.020 0.018 0.016 0.013 0.011 0.008 0.006 0.006 0.005 0.004 0.004 0.003 0.002 0.001 0.000
0.000 0.000 0.000 0.000 0.000 0.000 0.000 0.000 0.000 0.000 0.000 0.000 0.000 0.000 0.000 0.000 0.000 0.000 0.000 0.000 0.000 0.000 0.000 0.000 0.000 0.000 0.057 0.072 0.056 0.095 0.079 0.116 0.100 0.118 0.124 0.107 0.115 0.000 0.000 0.000 0.000 0.000 0.000 0.055 0.050 0.047 0.046 0.046 0.046 0.046 0.044 0.043 0.040 0.037 0.037 0.036 0.032 0.028 0.025 0.024 0.022 0.020 0.019 0.016 0.013 0.010 0.007 0.007 0.007 0.006 0.005 0.004 0.004 0.003 0.002 0.001 0.000
0.000 0.000 0.000 0.000 0.000 0.000 0.000 0.000 0.000 0.000 0.000 0.000 0.000 0.000 0.000 0.000 0.000 0.000 0.000 0.000 0.000 0.000 0.000 0.000 0.000 0.000 0.064 0.073 0.080 0.085 0.087 0.117 0.109 0.112 0.080 0.118 0.096 0.000 0.000 0.000 0.000 0.000 0.000 0.000 0.000 0.000 0.046 0.045 0.044 0.042 0.042 0.043 0.040 0.038 0.038 0.034 0.029 0.026 0.025 0.023 0.021 0.019 0.017 0.013 0.009 0.008 0.008 0.007 0.007 0.006 0.005 0.005 0.004 0.003 0.003 0.002 0.001
0.000 0.000 0.000 0.000 0.000 0.000 0.000 0.000 0.000 0.000 0.000 0.000 0.000 0.000 0.000 0.000 0.000 0.000 0.000 0.000 0.000 0.000 0.000 0.000 0.000 0.050 0.079 0.060 0.094 0.094 0.105 0.102 0.113 0.107 0.103 0.092 0.000 0.000 0.000 0.000 0.000 0.000 0.000 0.000 0.000 0.000 0.000 0.000 0.042 0.042 0.042 0.041 0.041 0.039 0.037 0.032 0.027 0.024 0.023 0.021 0.018 0.016 0.012 0.010 0.009 0.008 0.008 0.007 0.007 0.006 0.005 0.005 0.004 0.004 0.003 0.003 0.000
0.064 0.000 0.000 0.000 0.000 0.052 0.048 0.044 0.034 0.005 0.000 0.000 0.000 0.000 0.000 0.000 0.000 0.000 0.000 0.000 0.000 0.000 0.000 0.000 0.000 0.052 0.073 0.080 0.090 0.082 0.092 0.098 0.109 0.094 0.096 0.108 0.000 0.000 0.000 0.000 0.000 0.000 0.000 0.000 0.000 0.000 0.000 0.000 0.000 0.000 0.000 0.045 0.045 0.042 0.034 0.028 0.025 0.022 0.020 0.018 0.014 0.013 0.012 0.010 0.009 0.009 0.008 0.008 0.007 0.006 0.006 0.005 0.005 0.004 0.003 0.003 0.000
0.083 0.069 0.062 0.061 0.058 0.056 0.057 0.051 0.043 0.026 0.006 0.000 0.000 0.000 0.000 0.000 0.000 0.000 0.000 0.000 0.000 0.000 0.000 0.000 0.000 0.061 0.057 0.083 0.077 0.089 0.083 0.099 0.087 0.091 0.078 0.089 0.000 0.000 0.000 0.000 0.000 0.000 0.000 0.000 0.000 0.000 0.000 0.000 0.000 0.000 0.000 0.000 0.000 0.000 0.028 0.026 0.022 0.019 0.016 0.014 0.014 0.013 0.012 0.010 0.009 0.009 0.008 0.008 0.007 0.007 0.006 0.006 0.005 0.004 0.004 0.003 0.000
0.103 0.084 0.076 0.073 0.070 0.064 0.064 0.058 0.051 0.041 0.020 0.006 0.000 0.000 0.000 0.000 0.000 0.000 0.000 0.000 0.000 0.000 0.000 0.000 0.000 0.063 0.057 0.058 0.081 0.085 0.101 0.097 0.089 0.096 0.090 0.099 0.000 0.000 0.000 0.000 0.000 0.000 0.000 0.000 0.000 0.000 0.000 0.000 0.000 0.000 0.000 0.000 0.000 0.000 0.000 0.000 0.016 0.014 0.014 0.014 0.014 0.013 0.011 0.010 0.009 0.009 0.008 0.008 0.008 0.007 0.006 0.006 0.005 0.005 0.006 0.001 0.000
0.121 0.101 0.091 0.088 0.081 0.075 0.074 0.068 0.061 0.051 0.032 0.014 0.006 0.000 0.000 0.000 0.000 0.000 0.000 0.000 0.000 0.004 0.000 0.000 0.000 0.056 0.062 0.059 0.067 0.086 0.091 0.101 0.095 0.091 0.094 0.000 0.000 0.000 0.000 0.000 0.000 0.000 0.000 0.000 0.000 0.000 0.000 0.000 0.000 0.000 0.000 0.000 0.000 0.000 0.000 0.000 0.012 0.013 0.013 0.014 0.014 0.013 0.011 0.010 0.009 0.009 0.009 0.009 0.008 0.007 0.007 0.006 0.006 0.008 0.007 0.000 0.000
0.129 0.114 0.106 0.099 0.094 0.088 0.085 0.080 0.071 0.061 0.044 0.025 0.011 0.007 0.000 0.000 0.000 0.000 0.000 0.000 0.000 0.008 0.016 0.023 0.027 0.041 0.060 0.070 0.063 0.078 0.094 0.101 0.094 0.076 0.101 0.000 0.000 0.000 0.000 0.000 0.000 0.000 0.000 0.000 0.000 0.000 0.000 0.000 0.000 0.000 0.000 0.000 0.000 0.000 0.000 0.000 0.011 0.012 0.013 0.014 0.013 0.011 0.010 0.010 0.010 0.009 0.009 0.009 0.008 0.008 0.007 0.008 0.010 0.014 0.009 0.001 0.000
0.135 0.122 0.114 0.113 0.105 0.102 0.098 0.092 0.080 0.068 0.055 0.034 0.018 0.015 0.005 0.000 0.000 0.000 0.000 0.000 0.000 0.009 0.018 0.019 0.027 0.038 0.048 0.068 0.081 0.086 0.087 0.083 0.085 0.099 0.094 0.000 0.000 0.000 0.000 0.000 0.000 0.000 0.000 0.000 0.000 0.000 0.000 0.000 0.000 0.000 0.000 0.000 0.000 0.000 0.000 0.000 0.009 0.012 0.013 0.012 0.011 0.010 0.010 0.010 0.010 0.010 0.010 0.010 0.009 0.008 0.010 0.015 0.020 0.020 0.015 0.008 0.000
0.137 0.130 0.127 0.123 0.121 0.116 0.111 0.100 0.088 0.076 0.064 0.045 0.027 0.017 0.017 0.001 0.000 0.000 0.000 0.000 0.000 0.010 0.018 0.018 0.031 0.031 0.043 0.060 0.079 0.084 0.084 0.098 0.112 0.106 0.105 0.000 0.000 0.000 0.000 0.000 0.000 0.000 0.000 0.000 0.000 0.000 0.000 0.000 0.000 0.000 0.000 0.000 0.000 0.000 0.000 0.000 0.008 0.010 0.011 0.011 0.010 0.010 0.010 0.010 0.010 0.011 0.010 0.010 0.010 0.012 0.021 0.000 0.000 0.026 0.021 0.013 0.005
0.000 0.000 0.138 0.141 0.136 0.130 0.119 0.109 0.095 0.082 0.073 0.052 0.035 0.024 0.024 0.008 0.000 0.000 0.000 0.000 0.000 0.010 0.017 0.018 0.032 0.025 0.046 0.057 0.067 0.079 0.093 0.092 0.100 0.095 0.000 0.000 0.000 0.000 0.000 0.000 0.000 0.000 0.000 0.000 0.000 0.000 0.000 0.000 0.000 0.000 0.000 0.000 0.000 0.000 0.000 0.000 0.006 0.008 0.009 0.009 0.010 0.010 0.011 0.011 0.011 0.011 0.011 0.010 0.011 0.014 0.000 0.000 0.000 0.000 0.000 0.016 0.008
