数据/2hours/0.1-2h-50y/coupled-118-0001.wd
ncols         694
nrows         824
xllcorner     581104.939801
yllcorner     3495917.092414
cellsize      2.000000
NODATA_value  -9999.000000
[rows 544 to 577 of 824, columns 308 to 384 of 694]
0.000 0.000 0.000 0.000 0.000 0.000 0.000 0.000 0.000 0.001 0.001 0.001 0.001 0.001 0.001 0.001 0.001 0.001 0.001 0.001 0.001 0.001 0.001 0.001 0.001 0.000 0.000 0.000 0.005 0.016 0.019 0.018 0.018 0.015 0.014 0.029 0.127 0.118 0.010 0.234 0.046 0.303 0.246 0.278 0.306 0.258 0.334 0.000 0.000 0.000 0.000 0.000 0.000 0.000 0.000 0.000 0.000 0.000 0.000 0.000 0.000 0.000 0.000 0.000 0.000 0.000 0.000 0.000 0.000 0.000 0.000 0.000 0.000 0.069 0.118 0.114 0.104
0.000 0.000 0.000 0.000 0.000 0.000 0.000 0.000 0.001 0.001 0.001 0.001 0.001 0.001 0.001 0.001 0.001 0.001 0.001 0.001 0.001 0.001 0.001 0.000 0.000 0.000 0.000 0.000 0.001 0.001 0.011 0.013 0.013 0.015 0.021 0.028 0.131 0.146 0.001 0.224 0.028 0.188 0.170 0.346 0.222 0.368 0.430 0.000 0.000 0.000 0.000 0.000 0.000 0.000 0.000 0.000 0.000 0.000 0.000 0.000 0.000 0.000 0.000 0.000 0.000 0.000 0.000 0.000 0.000 0.000 0.000 0.000 0.006 0.056 0.097 0.134 0.151
0.000 0.000 0.000 0.000 0.000 0.000 0.000 0.000 0.001 0.001 0.001 0.001 0.001 0.001 0.001 0.001 0.001 0.001 0.001 0.001 0.001 0.001 0.001 0.000 0.000 0.000 0.000 0.000 0.000 0.001 0.006 0.009 0.012 0.015 0.013 0.022 0.146 0.107 0.106 0.117 0.164 0.008 0.204 0.196 0.360 0.295 0.405 0.000 0.000 0.000 0.000 0.000 0.000 0.000 0.000 0.000 0.000 0.000 0.000 0.000 0.000 0.000 0.000 0.000 0.000 0.000 0.000 0.000 0.000 0.000 0.000 0.000 0.000 0.067 0.073 0.130 0.141
0.001 0.001 0.001 0.000 0.000 0.000 0.000 0.000 0.001 0.001 0.001 0.001 0.001 0.001 0.001 0.001 0.001 0.001 0.001 0.001 0.001 0.001 0.001 0.001 0.001 0.001 0.001 0.001 0.001 0.001 0.001 0.006 0.008 0.007 0.010 0.029 0.119 0.043 0.209 0.024 0.177 0.160 0.133 0.203 0.211 0.338 0.000 0.000 0.000 0.000 0.000 0.000 0.000 0.000 0.000 0.000 0.000 0.000 0.000 0.000 0.000 0.000 0.000 0.000 0.000 0.000 0.000 0.000 0.000 0.000 0.000 0.000 0.047 0.050 0.086 0.111 0.157
0.001 0.001 0.001 0.001 0.001 0.001 0.001 0.001 0.001 0.001 0.001 0.001 0.001 0.001 0.001 0.001 0.001 0.001 0.001 0.001 0.001 0.000 0.001 0.001 0.001 0.001 0.001 0.001 0.001 0.001 0.001 0.003 0.005 0.008 0.012 0.010 0.050 0.147 0.073 0.103 0.038 0.011 0.165 0.178 0.232 0.271 0.000 0.000 0.000 0.000 0.000 0.000 0.000 0.000 0.000 0.000 0.000 0.000 0.000 0.000 0.000 0.000 0.000 0.000 0.000 0.000 0.000 0.000 0.000 0.000 0.000 0.000 0.079 0.044 0.059 0.132 0.122
0.003 0.003 0.002 0.001 0.001 0.001 0.000 0.000 0.001 0.001 0.001 0.001 0.001 0.001 0.001 0.001 0.001 0.001 0.001 0.001 0.001 0.001 0.001 0.001 0.001 0.001 0.001 0.001 0.001 0.001 0.001 0.001 0.003 0.006 0.005 0.005 0.007 0.121 0.075 0.155 0.204 0.081 0.092 0.159 0.213 0.208 0.207 0.200 0.000 0.000 0.000 0.000 0.000 0.000 0.000 0.000 0.000 0.000 0.000 0.000 0.000 0.000 0.000 0.000 0.000 0.000 0.000 0.000 0.000 0.000 0.000 0.000 0.160 0.075 0.045 0.083 0.160
0.000 0.000 0.002 0.001 0.001 0.002 0.000 0.000 0.000 0.000 0.001 0.001 0.001 0.001 0.001 0.001 0.001 0.001 0.001 0.001 0.001 0.001 0.001 0.001 0.001 0.001 0.001 0.001 0.001 0.001 0.001 0.001 0.003 0.003 0.002 0.003 0.004 0.012 0.180 0.027 0.142 0.204 0.144 0.207 0.184 0.180 0.203 0.205 0.196 0.287 0.220 0.192 0.000 0.000 0.000 0.000 0.000 0.000 0.000 0.000 0.000 0.000 0.000 0.000 0.000 0.000 0.000 0.000 0.000 0.000 0.177 0.185 0.190 0.193 0.100 0.060 0.121
0.000 0.000 0.001 0.001 0.002 0.098 0.000 0.000 0.000 0.000 0.000 0.000 0.000 0.001 0.001 0.001 0.001 0.001 0.001 0.001 0.001 0.001 0.001 0.001 0.001 0.001 0.001 0.001 0.001 0.001 0.001 0.018 0.015 0.012 0.010 0.008 0.006 0.005 0.023 0.200 0.031 0.022 0.095 0.077 0.147 0.166 0.188 0.199 0.094 0.188 0.274 0.107 0.147 0.220 0.350 0.000 0.000 0.000 0.000 0.000 0.000 0.000 0.000 0.000 0.000 0.000 0.000 0.000 0.011 0.056 0.138 0.179 0.187 0.181 0.151 0.091 0.081
0.000 0.000 0.001 0.001 0.003 0.000 0.000 0.000 0.000 0.000 0.000 0.000 0.000 0.000 0.000 0.000 0.000 0.001 0.001 0.001 0.001 0.001 0.001 0.001 0.001 0.001 0.001 0.001 0.001 0.001 0.001 0.012 0.012 0.011 0.011 0.011 0.008 0.007 0.007 0.027 0.178 0.134 0.058 0.049 0.097 0.066 0.118 0.093 0.279 0.327 0.070 0.112 0.189 0.226 0.284 0.162 0.034 0.042 0.186 0.000 0.000 0.000 0.000 0.000 0.000 0.000 0.024 0.177 0.101 0.029 0.094 0.118 0.163 0.195 0.163 0.097 0.102
0.000 0.000 0.001 0.001 0.004 0.000 0.000 0.000 0.000 0.000 0.000 0.000 0.000 0.000 0.000 0.000 0.000 0.000 0.000 0.000 0.001 0.001 0.001 0.001 0.001 0.001 0.001 0.001 0.001 0.001 0.001 0.008 0.009 0.010 0.011 0.009 0.008 0.009 0.009 0.007 0.020 0.136 0.185 0.213 0.207 0.229 0.216 0.240 0.198 0.149 0.207 0.176 0.088 0.185 0.216 0.070 0.051 0.076 0.114 0.230 0.184 0.017 0.000 0.000 0.000 0.000 0.037 0.035 0.155 0.059 0.066 0.122 0.115 0.204 0.221 0.108 0.076
0.000 0.000 0.001 0.003 0.101 0.000 0.000 0.000 0.000 0.000 0.000 0.000 0.000 0.000 0.000 0.000 0.000 0.000 0.000 0.000 0.000 0.000 0.000 0.000 0.001 0.001 0.001 0.001 0.001 0.001 0.001 0.005 0.007 0.008 0.008 0.008 0.010 0.011 0.008 0.006 0.006 0.017 0.096 0.123 0.123 0.121 0.122 0.100 0.087 0.066 0.034 0.049 0.163 0.236 0.080 0.011 0.001 0.000 0.145 0.200 0.116 0.048 0.050 0.051 0.000 0.012 0.004 0.014 0.204 0.150 0.005 0.075 0.112 0.162 0.224 0.127 0.089
0.000 0.000 0.001 0.003 0.000 0.000 0.000 0.000 0.000 0.000 0.000 0.000 0.000 0.000 0.000 0.000 0.000 0.000 0.000 0.000 0.000 0.000 0.000 0.000 0.000 0.000 0.001 0.001 0.001 0.001 0.002 0.004 0.005 0.006 0.007 0.009 0.010 0.008 0.006 0.006 0.006 0.010 0.026 0.073 0.099 0.091 0.079 0.060 0.035 0.048 0.097 0.196 0.178 0.041 0.018 0.013 0.000 0.076 0.223 0.098 0.048 0.072 0.029 0.004 0.023 0.000 0.000 0.002 0.185 0.191 0.000 0.050 0.102 0.149 0.211 0.151 0.052
0.000 0.000 0.001 0.003 0.000 0.000 0.000 0.000 0.000 0.000 0.000 0.000 0.000 0.000 0.000 0.000 0.000 0.000 0.000 0.000 0.000 0.000 0.000 0.000 0.000 0.000 0.000 0.000 0.000 0.000 0.000 0.003 0.004 0.005 0.006 0.007 0.007 0.006 0.006 0.007 0.009 0.009 0.009 0.020 0.040 0.063 0.075 0.091 0.116 0.141 0.122 0.064 0.017 0.000 0.000 0.041 0.115 0.175 0.068 0.009 0.049 0.077 0.011 0.004 0.001 0.000 0.000 0.024 0.208 0.203 0.006 0.018 0.092 0.136 0.214 0.153 0.056
0.000 0.000 0.001 0.003 0.000 0.000 0.000 0.000 0.000 0.000 0.000 0.000 0.000 0.000 0.000 0.000 0.000 0.000 0.000 0.000 0.000 0.000 0.000 0.000 0.000 0.000 0.000 0.000 0.000 0.000 0.000 0.000 0.003 0.005 0.005 0.006 0.006 0.007 0.008 0.009 0.010 0.010 0.012 0.004 0.002 0.012 0.029 0.053 0.056 0.035 0.024 0.019 0.014 0.045 0.062 0.042 0.087 0.059 0.028 0.002 0.040 0.031 0.009 0.020 0.002 0.000 0.000 0.034 0.261 0.152 0.003 0.000 0.105 0.170 0.214 0.143 0.024
0.000 0.000 0.001 0.003 0.002 0.001 0.000 0.000 0.000 0.000 0.000 0.000 0.000 0.000 0.000 0.000 0.000 0.000 0.000 0.000 0.000 0.000 0.000 0.000 0.000 0.000 0.000 0.000 0.000 0.000 0.000 0.000 0.000 0.000 0.004 0.005 0.006 0.007 0.009 0.010 0.008 0.010 0.005 0.000 0.000 0.002 0.003 0.004 0.002 0.002 0.006 0.010 0.014 0.019 0.004 0.006 0.075 0.018 0.011 0.006 0.004 0.006 0.006 0.000 0.023 0.015 0.001 0.075 0.303 0.060 0.000 0.003 0.108 0.180 0.229 0.095 0.043
0.000 0.000 0.001 0.002 0.002 0.002 0.001 0.001 0.001 0.000 0.000 0.000 0.000 0.000 0.000 0.000 0.000 0.000 0.000 0.000 0.000 0.000 0.000 0.000 0.000 0.000 0.000 0.000 0.000 0.000 0.000 0.000 0.000 0.000 0.000 0.005 0.007 0.009 0.009 0.010 0.011 0.009 0.000 0.000 0.000 0.000 0.000 0.000 0.000 0.000 0.003 0.002 0.001 0.001 0.000 0.043 0.047 0.026 0.013 0.000 0.000 0.000 0.034 0.105 0.091 0.057 0.000 0.233 0.186 0.008 0.000 0.015 0.137 0.198 0.211 0.051 0.092
0.000 0.000 0.001 0.002 0.002 0.003 0.003 0.002 0.002 0.001 0.002 0.000 0.000 0.000 0.000 0.000 0.000 0.000 0.000 0.000 0.000 0.000 0.000 0.000 0.000 0.000 0.000 0.000 0.000 0.000 0.000 0.000 0.000 0.000 0.000 0.000 0.000 0.000 0.007 0.009 0.017 0.025 0.031 0.022 0.003 0.000 0.000 0.000 0.000 0.000 0.000 0.000 0.000 0.000 0.000 0.001 0.000 0.000 0.000 0.067 0.154 0.141 0.121 0.064 0.005 0.000 0.138 0.249 0.032 0.000 0.000 0.037 0.120 0.244 0.122 0.024 0.077
0.000 0.000 0.001 0.002 0.000 0.000 0.000 0.002 0.003 0.003 0.002 0.002 0.001 0.002 0.000 0.000 0.000 0.000 0.000 0.000 0.000 0.000 0.000 0.000 0.000 0.000 0.000 0.000 0.000 0.000 0.000 0.000 0.000 0.000 0.000 0.000 0.000 0.000 0.000 0.006 0.009 0.020 0.041 0.066 0.058 0.025 0.017 0.003 0.000 0.000 0.000 0.000 0.000 0.000 0.000 0.057 0.039 0.064 0.135 0.185 0.121 0.057 0.016 0.000 0.009 0.117 0.244 0.058 0.000 0.000 0.000 0.060 0.171 0.267 0.043 0.053 0.093
0.000 0.000 0.001 0.002 0.000 0.000 0.000 0.000 0.000 0.000 0.002 0.003 0.003 0.003 0.005 0.000 0.000 0.000 0.000 0.000 0.000 0.000 0.000 0.000 0.000 0.000 0.000 0.000 0.000 0.000 0.000 0.000 0.000 0.000 0.000 0.000 0.000 0.000 0.000 0.000 0.006 0.005 0.008 0.029 0.076 0.099 0.088 0.069 0.056 0.053 0.046 0.020 0.039 0.083 0.122 0.132 0.142 0.159 0.139 0.050 0.013 0.010 0.001 0.000 0.090 0.248 0.099 0.002 0.000 0.000 0.000 0.063 0.268 0.150 0.006 0.046 0.091
0.000 0.000 0.001 0.001 0.001 0.001 0.001 0.000 0.000 0.000 0.000 0.000 0.003 0.004 0.005 0.004 0.003 0.003 0.004 0.000 0.000 0.000 0.000 0.000 0.000 0.000 0.000 0.000 0.000 0.000 0.000 0.000 0.000 0.000 0.000 0.000 0.000 0.000 0.000 0.000 0.003 0.002 0.000 0.002 0.013 0.050 0.096 0.120 0.122 0.124 0.135 0.147 0.167 0.182 0.167 0.143 0.097 0.065 0.024 0.010 0.000 0.000 0.006 0.030 0.278 0.140 0.010 0.001 0.000 0.000 0.017 0.157 0.274 0.034 0.000 0.027 0.113
0.000 0.000 0.001 0.001 0.001 0.000 0.001 0.001 0.001 0.001 0.000 0.000 0.000 0.000 0.000 0.003 0.003 0.003 0.003 0.003 0.002 0.002 0.003 0.039 0.000 0.000 0.000 0.000 0.000 0.000 0.000 0.000 0.000 0.000 0.000 0.000 0.000 0.000 0.000 0.001 0.009 0.006 0.002 0.001 0.000 0.003 0.013 0.040 0.074 0.097 0.113 0.114 0.096 0.068 0.073 0.085 0.084 0.047 0.001 0.006 0.006 0.000 0.058 0.304 0.156 0.007 0.002 0.000 0.000 0.000 0.094 0.288 0.144 0.004 0.000 0.064 0.124
0.000 0.000 0.001 0.001 0.106 0.000 0.000 0.001 0.001 0.001 0.001 0.001 0.001 0.000 0.000 0.000 0.002 0.003 0.003 0.003 0.002 0.002 0.004 0.000 0.000 0.000 0.000 0.000 0.000 0.000 0.000 0.000 0.000 0.000 0.000 0.000 0.000 0.000 0.001 0.001 0.015 0.025 0.023 0.007 0.000 0.000 0.000 0.003 0.005 0.010 0.047 0.037 0.016 0.003 0.088 0.155 0.182 0.210 0.148 0.067 0.069 0.223 0.316 0.124 0.005 0.000 0.000 0.000 0.000 0.087 0.229 0.262 0.032 0.000 0.000 0.080 0.112
0.000 0.000 0.001 0.050 0.000 0.000 0.000 0.000 0.000 0.000 0.001 0.001 0.001 0.001 0.009 0.000 0.000 0.000 0.002 0.002 0.002 0.002 0.005 0.000 0.000 0.000 0.000 0.000 0.000 0.000 0.000 0.000 0.000 0.000 0.000 0.000 0.000 0.000 0.001 0.001 0.007 0.023 0.041 0.044 0.032 0.010 0.002 0.000 0.000 0.000 0.000 0.000 0.012 0.014 0.000 0.010 0.020 0.090 0.226 0.370 0.374 0.236 0.057 0.002 0.003 0.000 0.000 0.004 0.052 0.203 0.296 0.118 0.009 0.025 0.000 0.075 0.099
0.000 0.000 0.001 0.000 0.000 0.000 0.000 0.000 0.000 0.000 0.000 0.004 0.000 0.003 0.000 0.000 0.000 0.000 0.001 0.002 0.002 0.002 0.006 0.000 0.000 0.000 0.000 0.000 0.000 0.000 0.000 0.000 0.000 0.000 0.000 0.000 0.000 0.001 0.001 0.001 0.002 0.011 0.031 0.053 0.070 0.075 0.068 0.047 0.044 0.014 0.040 0.051 0.058 0.045 0.013 0.002 0.087 0.217 0.371 0.416 0.344 0.089 0.001 0.000 0.000 0.000 0.000 0.000 0.036 0.360 0.205 0.052 0.003 0.022 0.000 0.055 0.095
0.000 0.000 0.001 0.000 0.000 0.000 0.000 0.000 0.000 0.000 0.000 0.000 0.000 0.000 0.000 0.000 0.000 0.000 0.000 0.001 0.002 0.003 0.007 0.000 0.000 0.000 0.000 0.000 0.000 0.000 0.000 0.000 0.000 0.000 0.000 0.000 0.000 0.001 0.001 0.001 0.001 0.003 0.011 0.034 0.059 0.059 0.092 0.110 0.135 0.140 0.166 0.196 0.238 0.202 0.184 0.164 0.218 0.334 0.311 0.245 0.205 0.299 0.085 0.005 0.000 0.070 0.085 0.022 0.323 0.288 0.096 0.015 0.004 0.015 0.000 0.079 0.059
0.000 0.000 0.001 0.000 0.000 0.000 0.000 0.000 0.000 0.000 0.000 0.000 0.000 0.000 0.000 0.000 0.000 0.000 0.000 0.000 0.001 0.003 0.005 0.007 0.000 0.000 0.000 0.000 0.000 0.000 0.000 0.000 0.000 0.000 0.000 0.000 0.000 0.001 0.001 0.001 0.001 0.001 0.003 0.011 0.020 0.047 0.042 0.088 0.120 0.164 0.211 0.000 0.000 0.000 0.160 0.124 0.152 0.235 0.125 0.060 0.111 0.178 0.109 0.043 0.086 0.116 0.168 0.328 0.290 0.130 0.022 0.015 0.037 0.004 0.002 0.110 0.080
0.000 0.000 0.000 0.000 0.000 0.000 0.000 0.000 0.000 0.000 0.000 0.000 0.000 0.000 0.000 0.000 0.000 0.000 0.000 0.000 0.000 0.000 0.003 0.005 0.004 0.006 0.000 0.000 0.000 0.000 0.000 0.000 0.000 0.000 0.000 0.000 0.000 0.001 0.001 0.001 0.001 0.001 0.003 0.003 0.004 0.025 0.082 0.058 0.114 0.167 0.221 0.000 0.000 0.000 0.000 0.000 0.000 0.000 0.019 0.042 0.140 0.239 0.272 0.171 0.109 0.204 0.420 0.269 0.106 0.110 0.018 0.026 0.027 0.004 0.031 0.098 0.105
0.000 0.000 0.000 0.000 0.000 0.000 0.000 0.000 0.000 0.000 0.000 0.000 0.000 0.000 0.000 0.000 0.000 0.000 0.000 0.000 0.000 0.000 0.002 0.003 0.003 0.005 0.004 0.007 0.000 0.000 0.000 0.000 0.000 0.000 0.000 0.000 0.000 0.001 0.001 0.001 0.001 0.003 0.004 0.002 0.003 0.005 0.049 0.132 0.106 0.150 0.197 0.000 0.000 0.000 0.000 0.000 0.000 0.000 0.000 0.000 0.000 0.117 0.201 0.164 0.305 0.501 0.216 0.076 0.086 0.079 0.012 0.041 0.006 0.000 0.081 0.097 0.030
0.000 0.000 0.000 0.000 0.000 0.000 0.000 0.000 0.000 0.000 0.000 0.000 0.000 0.000 0.000 0.000 0.000 0.000 0.000 0.000 0.000 0.000 0.001 0.002 0.003 0.004 0.005 0.007 0.010 0.000 0.000 0.000 0.000 0.000 0.000 0.000 0.000 0.001 0.001 0.001 0.002 0.005 0.003 0.002 0.002 0.004 0.003 0.067 0.158 0.191 0.000 0.000 0.000 0.000 0.000 0.000 0.000 0.000 0.000 0.000 0.000 0.000 0.368 0.467 0.416 0.105 0.049 0.100 0.085 0.064 0.058 0.038 0.027 0.027 0.075 0.065 0.083
0.000 0.000 0.000 0.000 0.000 0.000 0.000 0.000 0.000 0.000 0.000 0.000 0.000 0.000 0.000 0.000 0.000 0.000 0.000 0.000 0.000 0.000 0.005 0.000 0.000 0.000 0.000 0.000 0.007 0.006 0.008 0.000 0.000 0.000 0.000 0.000 0.000 0.001 0.001 0.001 0.006 0.004 0.002 0.002 0.002 0.005 0.006 0.013 0.076 0.164 0.000 0.000 0.000 0.000 0.000 0.000 0.000 0.000 0.000 0.000 0.000 0.024 0.303 0.171 0.018 0.044 0.118 0.091 0.082 0.038 0.034 0.038 0.036 0.004 0.139 0.094 0.109
0.000 0.000 0.000 0.000 0.000 0.000 0.000 0.000 0.000 0.000 0.000 0.000 0.000 0.000 0.000 0.000 0.000 0.000 0.000 0.000 0.000 0.000 0.000 0.000 0.000 0.000 0.000 0.000 0.000 0.004 0.005 0.005 0.004 0.004 0.003 0.003 0.003 0.003 0.003 0.007 0.005 0.003 0.002 0.002 0.002 0.004 0.013 0.044 0.071 0.000 0.000 0.000 0.000 0.000 0.000 0.000 0.000 0.000 0.000 0.000 0.000 0.002 0.063 0.050 0.109 0.109 0.047 0.040 0.010 0.009 0.001 0.006 0.004 0.037 0.164 0.104 0.132
0.000 0.000 0.000 0.000 0.000 0.000 0.000 0.000 0.000 0.000 0.000 0.000 0.000 0.000 0.000 0.000 0.000 0.000 0.000 0.000 0.000 0.000 0.000 0.000 0.000 0.000 0.000 0.000 0.000 0.000 0.003 0.003 0.003 0.005 0.005 0.005 0.005 0.005 0.008 0.005 0.004 0.002 0.002 0.002 0.002 0.002 0.018 0.051 0.088 0.000 0.000 0.000 0.000 0.000 0.000 0.000 0.000 0.000 0.000 0.000 0.000 0.000 0.011 0.024 0.078 0.036 0.000 0.000 0.042 0.006 0.000 0.001 0.000 0.218 0.134 0.123 0.158
0.000 0.000 0.000 0.000 0.000 0.000 0.000 0.000 0.000 0.000 0.000 0.000 0.000 0.000 0.000 0.000 0.000 0.000 0.000 0.000 0.000 0.000 0.000 0.000 0.000 0.000 0.000 0.000 0.000 0.000 0.002 0.002 0.003 0.015 0.000 0.000 0.000 0.000 0.000 0.000 0.001 0.001 0.001 0.001 0.001 0.001 0.020 0.069 0.000 0.000 0.000 0.000 0.000 0.000 0.000 0.000 0.000 0.000 0.000 0.000 0.055 0.000 0.000 0.001 0.004 0.003 0.000 0.000 0.000 0.003 0.028 0.089 0.238 0.146 0.100 0.108 0.193
0.000 0.000 0.000 0.000 0.000 0.000 0.000 0.000 0.000 0.000 0.000 0.000 0.000 0.000 0.000 0.000 0.000 0.000 0.000 0.000 0.000 0.000 0.000 0.000 0.000 0.000 0.000 0.000 0.000 0.000 0.001 0.001 0.011 0.000 0.000 0.000 0.000 0.000 0.000 0.000 0.000 0.001 0.001 0.001 0.001 0.001 0.021 0.070 0.000 0.000 0.000 0.000 0.000 0.000 0.000 0.000 0.000 0.000 0.000 0.000 0.094 0.080 0.007 0.050 0.027 0.064 0.001 0.051 0.069 0.069 0.198 0.190 0.145 0.112 0.160 0.185 0.204
