数据/2hours/0.1-2h-50y/coupled-165-0001.wd
ncols         694
nrows         824
xllcorner     581104.939801
yllcorner     3495917.092414
cellsize      2.000000
NODATA_value  -9999.000000
[rows 714 to 747 of 824, columns 154 to 230 of 694]
0.000 0.000 0.000 0.000 0.000 0.000 0.002 0.003 0.004 0.005 0.006 0.007 0.008 0.008 0.009 0.009 0.009 0.009 0.009 0.008 0.001 0.001 0.068 0.063 0.053 0.039 0.034 0.029 0.022 0.019 0.010 0.008 0.000 0.000 0.000 0.000 0.000 0.000 0.000 0.000 0.000 0.000 0.001 0.001 0.001 0.001 0.001 0.002 0.014 0.000 0.000 0.000 0.000 0.000 0.000 0.000 0.000 0.000 0.102 0.113 0.124 0.123 0.102 0.080 0.086 0.006 0.001 0.001 0.001 0.000 0.000 0.000 0.000 0.000 0.000 0.000 0.000
0.000 0.000 0.000 0.000 0.000 0.002 0.003 0.004 0.005 0.006 0.007 0.008 0.009 0.009 0.010 0.010 0.011 0.011 0.011 0.011 0.011 0.010 0.000 0.086 0.082 0.071 0.053 0.047 0.037 0.031 0.021 0.017 0.012 0.009 0.000 0.000 0.000 0.000 0.000 0.000 0.000 0.001 0.001 0.001 0.023 0.034 0.044 0.054 0.065 0.000 0.000 0.000 0.000 0.000 0.000 0.000 0.000 0.000 0.167 0.162 0.140 0.114 0.091 0.083 0.091 0.041 0.001 0.001 0.001 0.000 0.000 0.000 0.000 0.000 0.000 0.000 0.000
0.000 0.000 0.000 0.000 0.001 0.003 0.004 0.005 0.006 0.007 0.008 0.009 0.009 0.010 0.011 0.011 0.012 0.012 0.013 0.014 0.014 0.015 0.013 0.001 0.001 0.112 0.096 0.075 0.051 0.044 0.032 0.029 0.022 0.019 0.015 0.000 0.000 0.000 0.000 0.000 0.001 0.001 0.001 0.021 0.081 0.102 0.113 0.122 0.130 0.000 0.000 0.000 0.000 0.000 0.000 0.000 0.000 0.198 0.177 0.152 0.131 0.106 0.081 0.084 0.093 0.090 0.005 0.001 0.001 0.000 0.000 0.000 0.000 0.000 0.000 0.000 0.000
0.000 0.000 0.000 0.000 0.002 0.004 0.005 0.006 0.007 0.008 0.009 0.009 0.010 0.011 0.011 0.012 0.013 0.013 0.014 0.015 0.017 0.018 0.020 0.022 0.025 0.003 0.134 0.113 0.083 0.056 0.047 0.045 0.035 0.032 0.027 0.021 0.020 0.000 0.000 0.000 0.001 0.001 0.012 0.065 0.125 0.166 0.175 0.186 0.000 0.000 0.000 0.000 0.000 0.000 0.000 0.000 0.000 0.194 0.169 0.142 0.121 0.096 0.080 0.086 0.093 0.100 0.045 0.001 0.001 0.000 0.000 0.000 0.000 0.000 0.000 0.000 0.000
0.000 0.000 0.000 0.001 0.003 0.005 0.006 0.007 0.008 0.008 0.009 0.010 0.010 0.011 0.012 0.013 0.013 0.014 0.015 0.017 0.018 0.021 0.024 0.030 0.040 0.058 0.003 0.139 0.116 0.084 0.065 0.062 0.049 0.046 0.040 0.036 0.033 0.033 0.000 0.001 0.001 0.005 0.053 0.110 0.167 0.223 0.237 0.248 0.000 0.000 0.000 0.000 0.000 0.000 0.000 0.000 0.000 0.184 0.158 0.137 0.110 0.088 0.083 0.093 0.100 0.105 0.088 0.005 0.000 0.000 0.000 0.000 0.000 0.000 0.000 0.000 0.000
0.000 0.000 0.000 0.001 0.003 0.005 0.006 0.007 0.008 0.009 0.009 0.010 0.011 0.012 0.012 0.013 0.014 0.015 0.016 0.018 0.019 0.022 0.025 0.029 0.034 0.040 0.026 0.001 0.000 0.093 0.084 0.074 0.066 0.061 0.055 0.052 0.049 0.048 0.043 0.028 0.030 0.043 0.096 0.153 0.209 0.264 0.300 0.310 0.000 0.000 0.000 0.000 0.000 0.000 0.000 0.000 0.000 0.175 0.149 0.128 0.104 0.080 0.084 0.094 0.104 0.111 0.119 0.051 0.000 0.000 0.000 0.000 0.000 0.000 0.000 0.000 0.000
0.000 0.000 0.000 0.001 0.003 0.005 0.006 0.007 0.008 0.009 0.010 0.010 0.011 0.012 0.013 0.013 0.014 0.015 0.016 0.018 0.019 0.021 0.024 0.026 0.029 0.030 0.024 0.017 0.011 0.001 0.098 0.091 0.084 0.073 0.071 0.068 0.068 0.067 0.067 0.000 0.000 0.081 0.139 0.195 0.252 0.305 0.361 0.373 0.384 0.361 0.000 0.000 0.000 0.000 0.000 0.000 0.191 0.167 0.144 0.120 0.093 0.083 0.092 0.099 0.108 0.116 0.123 0.096 0.000 0.000 0.000 0.000 0.000 0.000 0.000 0.000 0.000
0.000 0.000 0.000 0.001 0.003 0.005 0.006 0.007 0.008 0.009 0.010 0.011 0.011 0.012 0.013 0.013 0.014 0.015 0.016 0.018 0.019 0.021 0.022 0.024 0.025 0.025 0.022 0.018 0.014 0.010 0.001 0.107 0.101 0.092 0.090 0.089 0.087 0.087 0.000 0.000 0.000 0.000 0.183 0.238 0.293 0.348 0.402 0.399 0.376 0.354 0.330 0.306 0.000 0.000 0.000 0.000 0.182 0.158 0.132 0.113 0.087 0.082 0.091 0.105 0.114 0.121 0.127 0.000 0.000 0.000 0.000 0.000 0.000 0.000 0.000 0.000 0.000
0.000 0.000 0.000 0.001 0.003 0.005 0.006 0.007 0.008 0.009 0.010 0.011 0.011 0.012 0.013 0.013 0.014 0.015 0.016 0.017 0.018 0.019 0.021 0.022 0.022 0.022 0.020 0.018 0.015 0.012 0.009 0.001 0.000 0.111 0.109 0.107 0.105 0.000 0.000 0.000 0.000 0.000 0.000 0.279 0.335 0.357 0.378 0.000 0.000 0.345 0.319 0.293 0.268 0.246 0.000 0.000 0.173 0.150 0.126 0.099 0.077 0.088 0.096 0.109 0.118 0.127 0.134 0.000 0.000 0.000 0.000 0.000 0.000 0.000 0.000 0.000 0.000
0.000 0.000 0.000 0.001 0.003 0.005 0.006 0.007 0.008 0.009 0.010 0.011 0.011 0.012 0.013 0.013 0.014 0.015 0.016 0.017 0.018 0.018 0.019 0.020 0.020 0.020 0.018 0.017 0.015 0.013 0.011 0.008 0.006 0.001 0.130 0.125 0.000 0.000 0.000 0.000 0.000 0.000 0.000 0.292 0.313 0.333 0.354 0.000 0.000 0.000 0.000 0.284 0.262 0.238 0.213 0.187 0.164 0.142 0.114 0.090 0.080 0.090 0.102 0.114 0.123 0.130 0.137 0.000 0.000 0.000 0.000 0.000 0.000 0.000 0.000 0.000 0.000
0.000 0.000 0.000 0.001 0.003 0.005 0.006 0.007 0.008 0.009 0.010 0.010 0.011 0.012 0.012 0.013 0.014 0.015 0.015 0.016 0.017 0.017 0.018 0.018 0.018 0.018 0.017 0.016 0.014 0.013 0.011 0.009 0.008 0.005 0.000 0.142 0.135 0.000 0.000 0.000 0.000 0.000 0.000 0.268 0.289 0.309 0.332 0.345 0.000 0.000 0.000 0.000 0.000 0.228 0.202 0.176 0.154 0.131 0.097 0.081 0.082 0.095 0.106 0.114 0.122 0.132 0.000 0.000 0.000 0.000 0.000 0.000 0.000 0.000 0.000 0.000 0.000
0.000 0.000 0.000 0.001 0.003 0.005 0.006 0.007 0.008 0.009 0.010 0.010 0.011 0.012 0.012 0.013 0.013 0.014 0.015 0.015 0.016 0.016 0.017 0.017 0.017 0.017 0.016 0.015 0.014 0.013 0.011 0.010 0.009 0.007 0.005 0.000 0.153 0.151 0.000 0.000 0.000 0.000 0.000 0.000 0.264 0.000 0.000 0.326 0.314 0.000 0.000 0.000 0.000 0.000 0.000 0.167 0.142 0.124 0.101 0.075 0.086 0.099 0.110 0.118 0.124 0.134 0.000 0.000 0.000 0.000 0.000 0.000 0.000 0.000 0.000 0.000 0.000
0.000 0.000 0.000 0.001 0.003 0.005 0.006 0.007 0.008 0.009 0.009 0.010 0.011 0.011 0.012 0.012 0.013 0.014 0.014 0.015 0.015 0.016 0.016 0.016 0.016 0.015 0.015 0.014 0.013 0.012 0.011 0.010 0.009 0.008 0.006 0.004 0.001 0.171 0.187 0.000 0.000 0.000 0.000 0.000 0.000 0.000 0.000 0.000 0.295 0.000 0.000 0.000 0.000 0.000 0.174 0.155 0.133 0.110 0.085 0.079 0.093 0.104 0.112 0.118 0.126 0.136 0.000 0.000 0.000 0.000 0.000 0.000 0.000 0.000 0.000 0.000 0.000
0.000 0.000 0.000 0.001 0.003 0.005 0.006 0.007 0.008 0.008 0.009 0.010 0.010 0.011 0.012 0.012 0.013 0.013 0.014 0.014 0.014 0.015 0.015 0.015 0.015 0.014 0.014 0.013 0.013 0.012 0.011 0.010 0.009 0.008 0.007 0.005 0.003 0.001 0.163 0.179 0.000 0.000 0.000 0.000 0.000 0.000 0.000 0.000 0.274 0.000 0.000 0.000 0.000 0.000 0.167 0.143 0.120 0.101 0.075 0.083 0.093 0.101 0.112 0.121 0.132 0.000 0.000 0.000 0.000 0.000 0.000 0.000 0.000 0.000 0.000 0.000 0.000
0.000 0.000 0.000 0.000 0.002 0.004 0.005 0.006 0.007 0.008 0.009 0.009 0.010 0.011 0.011 0.012 0.012 0.013 0.013 0.013 0.014 0.014 0.014 0.014 0.014 0.014 0.013 0.013 0.012 0.011 0.011 0.010 0.009 0.008 0.007 0.006 0.004 0.002 0.000 0.152 0.170 0.000 0.000 0.000 0.000 0.000 0.000 0.260 0.255 0.000 0.000 0.000 0.000 0.176 0.158 0.134 0.111 0.089 0.077 0.090 0.096 0.105 0.115 0.123 0.132 0.138 0.145 0.000 0.000 0.000 0.000 0.000 0.000 0.000 0.000 0.000 0.000
0.000 0.000 0.000 0.000 0.001 0.003 0.004 0.005 0.006 0.007 0.008 0.009 0.010 0.010 0.011 0.011 0.012 0.012 0.012 0.013 0.013 0.013 0.013 0.013 0.013 0.013 0.012 0.012 0.011 0.011 0.010 0.009 0.009 0.008 0.007 0.006 0.004 0.003 0.001 0.000 0.143 0.158 0.000 0.000 0.000 0.000 0.000 0.000 0.000 0.000 0.000 0.000 0.000 0.156 0.143 0.124 0.098 0.079 0.079 0.084 0.092 0.103 0.111 0.120 0.132 0.145 0.152 0.162 0.172 0.000 0.000 0.000 0.000 0.000 0.000 0.000 0.000
0.000 0.000 0.000 0.000 0.000 0.002 0.003 0.004 0.005 0.006 0.007 0.008 0.009 0.010 0.010 0.011 0.011 0.011 0.012 0.012 0.012 0.012 0.012 0.012 0.012 0.012 0.012 0.011 0.011 0.010 0.010 0.009 0.008 0.007 0.006 0.005 0.004 0.003 0.001 0.000 0.000 0.125 0.134 0.152 0.000 0.000 0.000 0.000 0.000 0.000 0.000 0.000 0.143 0.133 0.120 0.113 0.087 0.067 0.079 0.086 0.097 0.107 0.113 0.125 0.137 0.147 0.156 0.166 0.174 0.182 0.189 0.000 0.000 0.000 0.000 0.000 0.000
0.000 0.000 0.000 0.000 0.000 0.000 0.002 0.003 0.004 0.005 0.006 0.007 0.008 0.009 0.010 0.010 0.010 0.011 0.011 0.011 0.012 0.012 0.012 0.012 0.012 0.011 0.011 0.011 0.010 0.010 0.009 0.009 0.008 0.007 0.006 0.005 0.004 0.002 0.000 0.000 0.000 0.000 0.107 0.124 0.142 0.000 0.000 0.000 0.000 0.000 0.000 0.000 0.127 0.111 0.099 0.089 0.076 0.072 0.081 0.090 0.101 0.107 0.116 0.128 0.139 0.146 0.156 0.169 0.178 0.185 0.192 0.199 0.155 0.000 0.000 0.000 0.000
0.000 0.000 0.000 0.000 0.000 0.000 0.000 0.002 0.003 0.004 0.005 0.006 0.007 0.008 0.009 0.009 0.010 0.010 0.010 0.011 0.011 0.011 0.011 0.011 0.011 0.011 0.010 0.010 0.010 0.009 0.009 0.008 0.007 0.006 0.005 0.004 0.003 0.001 0.000 0.000 0.000 0.000 0.000 0.098 0.115 0.134 0.000 0.000 0.000 0.000 0.000 0.121 0.109 0.094 0.085 0.071 0.066 0.070 0.079 0.088 0.098 0.106 0.117 0.129 0.140 0.000 0.000 0.000 0.178 0.187 0.194 0.203 0.198 0.111 0.048 0.000 0.000
0.000 0.000 0.000 0.000 0.000 0.000 0.000 0.000 0.002 0.003 0.004 0.005 0.006 0.007 0.008 0.009 0.009 0.009 0.010 0.010 0.010 0.010 0.010 0.010 0.010 0.010 0.010 0.009 0.009 0.009 0.008 0.007 0.006 0.005 0.004 0.003 0.002 0.000 0.000 0.000 0.000 0.000 0.000 0.000 0.088 0.107 0.125 0.000 0.000 0.000 0.000 0.106 0.089 0.076 0.071 0.072 0.068 0.069 0.078 0.088 0.097 0.107 0.118 0.130 0.141 0.000 0.000 0.000 0.000 0.000 0.198 0.208 0.217 0.156 0.116 0.079 0.000
0.000 0.000 0.000 0.000 0.000 0.000 0.000 0.000 0.000 0.002 0.003 0.004 0.005 0.006 0.007 0.008 0.008 0.009 0.009 0.009 0.009 0.009 0.009 0.009 0.009 0.009 0.009 0.009 0.008 0.008 0.007 0.006 0.005 0.004 0.003 0.002 0.000 0.000 0.000 0.000 0.000 0.000 0.000 0.000 0.067 0.083 0.100 0.119 0.000 0.107 0.097 0.085 0.073 0.072 0.069 0.070 0.071 0.070 0.078 0.087 0.097 0.109 0.121 0.131 0.000 0.000 0.000 0.000 0.000 0.000 0.000 0.209 0.220 0.225 0.186 0.146 0.000
0.000 0.000 0.000 0.000 0.000 0.000 0.000 0.000 0.000 0.000 0.002 0.003 0.004 0.005 0.006 0.007 0.008 0.008 0.008 0.008 0.008 0.008 0.008 0.008 0.008 0.008 0.008 0.008 0.008 0.007 0.006 0.005 0.004 0.003 0.002 0.000 0.000 0.000 0.000 0.000 0.000 0.000 0.000 0.000 0.000 0.060 0.076 0.091 0.105 0.090 0.079 0.072 0.071 0.069 0.066 0.066 0.065 0.064 0.074 0.086 0.096 0.108 0.118 0.000 0.000 0.000 0.000 0.000 0.000 0.000 0.000 0.000 0.000 0.231 0.226 0.217 0.177
0.000 0.000 0.000 0.000 0.000 0.000 0.000 0.000 0.000 0.000 0.000 0.002 0.003 0.004 0.005 0.006 0.007 0.007 0.007 0.007 0.007 0.007 0.007 0.007 0.007 0.007 0.007 0.007 0.007 0.006 0.005 0.004 0.003 0.002 0.000 0.000 0.000 0.000 0.000 0.000 0.000 0.000 0.000 0.000 0.000 0.000 0.052 0.066 0.083 0.075 0.073 0.070 0.068 0.066 0.066 0.064 0.065 0.064 0.070 0.083 0.093 0.104 0.116 0.000 0.000 0.000 0.000 0.000 0.000 0.000 0.000 0.000 0.000 0.000 0.000 0.226 0.222
0.000 0.000 0.000 0.000 0.000 0.000 0.000 0.000 0.000 0.000 0.000 0.000 0.002 0.003 0.004 0.005 0.006 0.006 0.006 0.006 0.006 0.006 0.006 0.006 0.006 0.006 0.006 0.006 0.006 0.005 0.004 0.003 0.002 0.000 0.000 0.000 0.000 0.000 0.000 0.000 0.000 0.000 0.000 0.000 0.000 0.000 0.000 0.042 0.058 0.074 0.071 0.068 0.068 0.067 0.066 0.067 0.065 0.068 0.072 0.083 0.092 0.100 0.000 0.000 0.000 0.000 0.000 0.000 0.000 0.000 0.000 0.000 0.000 0.000 0.000 0.000 0.000
0.000 0.000 0.000 0.000 0.000 0.000 0.000 0.000 0.000 0.000 0.000 0.000 0.000 0.002 0.003 0.004 0.005 0.005 0.005 0.005 0.005 0.005 0.005 0.005 0.005 0.005 0.005 0.005 0.005 0.004 0.003 0.002 0.000 0.000 0.000 0.000 0.000 0.000 0.000 0.000 0.000 0.000 0.000 0.000 0.000 0.000 0.000 0.000 0.035 0.054 0.066 0.068 0.069 0.065 0.067 0.067 0.066 0.067 0.070 0.079 0.092 0.100 0.000 0.000 0.000 0.000 0.000 0.000 0.000 0.000 0.000 0.000 0.000 0.000 0.000 0.000 0.000
0.000 0.000 0.000 0.000 0.000 0.000 0.000 0.000 0.000 0.000 0.000 0.000 0.000 0.000 0.001 0.002 0.003 0.003 0.003 0.003 0.003 0.003 0.003 0.003 0.003 0.003 0.003 0.003 0.003 0.002 0.001 0.000 0.000 0.000 0.000 0.000 0.000 0.000 0.000 0.000 0.000 0.000 0.000 0.000 0.000 0.000 0.000 0.000 0.000 0.018 0.050 0.065 0.063 0.062 0.065 0.063 0.067 0.067 0.068 0.076 0.087 0.000 0.000 0.000 0.000 0.000 0.000 0.000 0.000 0.000 0.000 0.000 0.000 0.000 0.000 0.000 0.000
0.000 0.000 0.000 0.000 0.000 0.000 0.000 0.000 0.000 0.000 0.000 0.000 0.000 0.000 0.000 0.000 0.001 0.001 0.001 0.001 0.001 0.001 0.001 0.001 0.001 0.001 0.001 0.001 0.001 0.000 0.000 0.000 0.000 0.000 0.000 0.000 0.000 0.000 0.000 0.000 0.000 0.000 0.000 0.000 0.000 0.000 0.000 0.000 0.000 0.000 0.029 0.047 0.064 0.065 0.061 0.063 0.064 0.066 0.067 0.075 0.085 0.000 0.000 0.000 0.000 0.000 0.000 0.000 0.000 0.000 0.000 0.000 0.000 0.000 0.000 0.000 0.000
0.000 0.000 0.000 0.000 0.000 0.000 0.000 0.000 0.000 0.000 0.000 0.000 0.000 0.000 0.000 0.000 0.000 0.000 0.000 0.000 0.000 0.000 0.000 0.000 0.000 0.000 0.000 0.000 0.000 0.000 0.000 0.000 0.000 0.000 0.000 0.000 0.000 0.000 0.000 0.000 0.000 0.000 0.000 0.000 0.000 0.000 0.000 0.000 0.000 0.000 0.008 0.024 0.048 0.062 0.058 0.061 0.061 0.058 0.062 0.075 0.000 0.000 0.000 0.000 0.000 0.000 0.000 0.000 0.000 0.000 0.000 0.000 0.000 0.000 0.000 0.000 0.000
0.000 0.000 0.000 0.000 0.000 0.000 0.000 0.000 0.000 0.000 0.000 0.000 0.000 0.000 0.000 0.000 0.000 0.000 0.000 0.000 0.000 0.000 0.000 0.000 0.000 0.000 0.000 0.000 0.000 0.000 0.000 0.000 0.000 0.000 0.000 0.000 0.000 0.000 0.000 0.000 0.000 0.000 0.000 0.000 0.000 0.000 0.000 0.000 0.000 0.000 0.000 0.007 0.026 0.043 0.057 0.055 0.051 0.050 0.051 0.000 0.000 0.000 0.000 0.000 0.000 0.000 0.000 0.000 0.000 0.000 0.000 0.000 0.000 0.000 0.000 0.000 0.000
0.000 0.000 0.000 0.000 0.000 0.000 0.000 0.000 0.000 0.000 0.000 0.000 0.000 0.000 0.000 0.000 0.000 0.000 0.000 0.000 0.000 0.000 0.000 0.000 0.000 0.000 0.000 0.000 0.000 0.000 0.000 0.000 0.000 0.000 0.000 0.000 0.000 0.000 0.000 0.000 0.000 0.000 0.000 0.000 0.000 0.000 0.000 0.000 0.000 0.000 0.000 0.001 0.003 0.020 0.037 0.048 0.049 0.050 0.043 0.048 0.000 0.000 0.000 0.000 0.000 0.000 0.000 0.000 0.000 0.000 0.000 0.000 0.000 0.000 0.000 0.000 0.000
0.000 0.000 0.000 0.000 0.000 0.000 0.000 0.000 0.000 0.000 0.000 0.000 0.000 0.000 0.000 0.000 0.000 0.000 0.000 0.000 0.000 0.000 0.000 0.000 0.000 0.000 0.000 0.000 0.000 0.000 0.000 0.000 0.000 0.000 0.000 0.000 0.000 0.000 0.000 0.000 0.000 0.000 0.000 0.000 0.000 0.000 0.000 0.000 0.000 0.000 0.000 0.001 0.001 0.002 0.016 0.034 0.046 0.046 0.043 0.039 0.045 0.000 0.000 0.000 0.000 0.000 0.000 0.000 0.000 0.000 0.000 0.000 0.000 0.000 0.000 0.000 0.000
0.000 0.000 0.000 0.000 0.000 0.000 0.000 0.000 0.000 0.000 0.000 0.000 0.000 0.000 0.000 0.000 0.000 0.000 0.000 0.000 0.000 0.000 0.000 0.000 0.000 0.000 0.000 0.000 0.000 0.000 0.000 0.000 0.000 0.000 0.000 0.000 0.000 0.000 0.000 0.000 0.000 0.000 0.000 0.000 0.000 0.000 0.000 0.000 0.000 0.000 0.000 0.001 0.001 0.001 0.002 0.014 0.034 0.046 0.039 0.039 0.038 0.033 0.034 0.000 0.000 0.000 0.000 0.000 0.000 0.000 0.000 0.000 0.000 0.000 0.000 0.000 0.000
0.000 0.000 0.000 0.000 0.000 0.000 0.000 0.000 0.000 0.000 0.000 0.000 0.000 0.000 0.000 0.000 0.000 0.000 0.000 0.000 0.000 0.000 0.000 0.000 0.000 0.000 0.000 0.000 0.000 0.000 0.000 0.000 0.000 0.000 0.000 0.000 0.000 0.000 0.000 0.000 0.000 0.000 0.000 0.000 0.000 0.000 0.000 0.000 0.000 0.000 0.000 0.000 0.001 0.002 0.003 0.004 0.009 0.026 0.037 0.030 0.027 0.029 0.027 0.028 0.000 0.000 0.000 0.000 0.000 0.000 0.000 0.000 0.000 0.000 0.000 0.000 0.000
0.000 0.000 0.000 0.000 0.000 0.000 0.000 0.000 0.000 0.000 0.000 0.000 0.000 0.000 0.000 0.000 0.000 0.000 0.000 0.000 0.000 0.000 0.000 0.000 0.000 0.000 0.000 0.000 0.000 0.000 0.000 0.000 0.000 0.000 0.000 0.000 0.000 0.000 0.000 0.000 0.000 0.000 0.000 0.000 0.000 0.000 0.000 0.000 0.000 0.000 0.000 0.000 0.001 0.003 0.003 0.003 0.003 0.003 0.019 0.025 0.023 0.022 0.022 0.024 0.028 0.000 0.000 0.000 0.000 0.000 0.000 0.000 0.000 0.000 0.000 0.000 0.000
