数据/2hours/0.1-2h-50y/coupled-125-0001.wd
ncols         694
nrows         824
xllcorner     581104.939801
yllcorner     3495917.092414
cellsize      2.000000
NODATA_value  -9999.000000
[rows 544 to 577 of 824, columns 308 to 384 of 694]
0.000 0.000 0.000 0.000 0.000 0.000 0.000 0.000 0.000 0.001 0.001 0.001 0.001 0.001 0.001 0.001 0.001 0.001 0.001 0.001 0.001 0.001 0.001 0.001 0.001 0.000 0.000 0.000 0.003 0.013 0.015 0.015 0.014 0.013 0.014 0.014 0.012 0.015 0.020 0.019 0.037 0.101 0.008 0.118 0.065 0.162 0.247 0.000 0.000 0.000 0.000 0.000 0.000 0.000 0.000 0.000 0.000 0.000 0.000 0.000 0.000 0.000 0.000 0.000 0.000 0.000 0.000 0.000 0.000 0.000 0.000 0.000 0.000 0.041 0.068 0.092 0.131
0.000 0.000 0.000 0.000 0.000 0.000 0.000 0.000 0.001 0.001 0.001 0.001 0.001 0.001 0.001 0.001 0.001 0.001 0.001 0.001 0.001 0.001 0.001 0.000 0.000 0.000 0.000 0.000 0.001 0.001 0.009 0.011 0.012 0.014 0.013 0.010 0.014 0.023 0.017 0.016 0.019 0.094 0.059 0.060 0.128 0.159 0.156 0.000 0.000 0.000 0.000 0.000 0.000 0.000 0.000 0.000 0.000 0.000 0.000 0.000 0.000 0.000 0.000 0.000 0.000 0.000 0.000 0.000 0.000 0.000 0.000 0.000 0.091 0.064 0.094 0.085 0.136
0.000 0.000 0.000 0.000 0.000 0.000 0.000 0.000 0.001 0.001 0.001 0.001 0.001 0.001 0.001 0.001 0.001 0.001 0.001 0.001 0.001 0.001 0.001 0.000 0.000 0.000 0.000 0.000 0.000 0.001 0.005 0.008 0.009 0.009 0.008 0.015 0.021 0.013 0.015 0.018 0.014 0.018 0.137 0.077 0.184 0.190 0.188 0.000 0.000 0.000 0.000 0.000 0.000 0.000 0.000 0.000 0.000 0.000 0.000 0.000 0.000 0.000 0.000 0.000 0.000 0.000 0.000 0.000 0.000 0.000 0.000 0.000 0.000 0.048 0.065 0.071 0.123
0.001 0.001 0.001 0.000 0.000 0.000 0.000 0.000 0.001 0.001 0.001 0.001 0.001 0.001 0.001 0.001 0.001 0.001 0.001 0.001 0.001 0.001 0.001 0.001 0.001 0.001 0.001 0.001 0.001 0.001 0.001 0.005 0.006 0.007 0.012 0.013 0.010 0.016 0.015 0.010 0.008 0.010 0.031 0.149 0.134 0.162 0.000 0.000 0.000 0.000 0.000 0.000 0.000 0.000 0.000 0.000 0.000 0.000 0.000 0.000 0.000 0.000 0.000 0.000 0.000 0.000 0.000 0.000 0.000 0.000 0.000 0.000 0.020 0.052 0.062 0.070 0.097
0.001 0.001 0.001 0.001 0.001 0.001 0.001 0.001 0.001 0.001 0.001 0.001 0.001 0.001 0.001 0.001 0.001 0.001 0.001 0.001 0.001 0.000 0.001 0.001 0.001 0.001 0.001 0.001 0.001 0.001 0.001 0.003 0.004 0.007 0.008 0.009 0.009 0.007 0.006 0.007 0.007 0.007 0.008 0.035 0.119 0.192 0.000 0.000 0.000 0.000 0.000 0.000 0.000 0.000 0.000 0.000 0.000 0.000 0.000 0.000 0.000 0.000 0.000 0.000 0.000 0.000 0.000 0.000 0.000 0.000 0.000 0.000 0.038 0.055 0.079 0.087 0.091
0.002 0.002 0.001 0.001 0.001 0.001 0.000 0.000 0.001 0.001 0.001 0.001 0.001 0.001 0.001 0.001 0.001 0.001 0.001 0.001 0.001 0.001 0.001 0.001 0.001 0.001 0.001 0.001 0.001 0.001 0.001 0.001 0.003 0.004 0.004 0.004 0.004 0.004 0.004 0.003 0.003 0.003 0.004 0.006 0.000 0.075 0.052 0.125 0.000 0.000 0.000 0.000 0.000 0.000 0.000 0.000 0.000 0.000 0.000 0.000 0.000 0.000 0.000 0.000 0.000 0.000 0.000 0.000 0.000 0.000 0.000 0.000 0.058 0.056 0.045 0.079 0.099
0.000 0.000 0.001 0.001 0.001 0.001 0.000 0.000 0.000 0.000 0.001 0.001 0.001 0.001 0.001 0.001 0.001 0.001 0.001 0.001 0.001 0.001 0.001 0.001 0.001 0.001 0.001 0.001 0.001 0.001 0.001 0.001 0.002 0.001 0.001 0.001 0.001 0.001 0.001 0.001 0.001 0.002 0.003 0.003 0.007 0.029 0.054 0.100 0.049 0.007 0.000 0.078 0.000 0.000 0.000 0.000 0.000 0.000 0.000 0.000 0.000 0.000 0.000 0.000 0.000 0.000 0.000 0.000 0.000 0.000 0.039 0.082 0.127 0.050 0.040 0.053 0.100
0.000 0.000 0.001 0.001 0.001 0.096 0.000 0.000 0.000 0.000 0.000 0.000 0.000 0.001 0.001 0.001 0.001 0.001 0.001 0.001 0.001 0.001 0.001 0.001 0.001 0.001 0.001 0.001 0.001 0.001 0.001 0.000 0.001 0.001 0.001 0.001 0.001 0.001 0.001 0.001 0.001 0.001 0.002 0.003 0.005 0.025 0.036 0.019 0.006 0.002 0.000 0.065 0.117 0.108 0.122 0.000 0.000 0.000 0.000 0.000 0.000 0.000 0.000 0.000 0.000 0.000 0.000 0.000 0.003 0.005 0.008 0.020 0.066 0.095 0.030 0.053 0.069
0.000 0.000 0.001 0.001 0.001 0.000 0.000 0.000 0.000 0.000 0.000 0.000 0.000 0.000 0.000 0.000 0.000 0.001 0.001 0.001 0.001 0.001 0.001 0.001 0.001 0.001 0.001 0.001 0.001 0.001 0.001 0.001 0.001 0.001 0.001 0.001 0.001 0.001 0.001 0.001 0.001 0.000 0.001 0.002 0.004 0.007 0.008 0.014 0.017 0.003 0.000 0.040 0.092 0.081 0.106 0.179 0.191 0.121 0.028 0.000 0.000 0.000 0.000 0.000 0.000 0.000 0.109 0.017 0.001 0.003 0.000 0.024 0.072 0.103 0.057 0.009 0.051
0.000 0.000 0.001 0.001 0.002 0.000 0.000 0.000 0.000 0.000 0.000 0.000 0.000 0.000 0.000 0.000 0.000 0.000 0.000 0.000 0.001 0.001 0.001 0.001 0.001 0.001 0.001 0.001 0.001 0.001 0.001 0.001 0.001 0.001 0.001 0.001 0.001 0.001 0.001 0.001 0.001 0.001 0.001 0.001 0.002 0.001 0.002 0.001 0.000 0.026 0.080 0.102 0.055 0.051 0.069 0.152 0.185 0.025 0.001 0.004 0.002 0.016 0.000 0.000 0.095 0.108 0.144 0.129 0.012 0.004 0.001 0.000 0.033 0.087 0.094 0.012 0.027
0.000 0.000 0.001 0.002 0.097 0.000 0.000 0.000 0.000 0.000 0.000 0.000 0.000 0.000 0.000 0.000 0.000 0.000 0.000 0.000 0.000 0.000 0.000 0.000 0.001 0.001 0.001 0.001 0.001 0.001 0.001 0.001 0.001 0.001 0.001 0.001 0.001 0.001 0.001 0.001 0.001 0.001 0.000 0.002 0.003 0.004 0.004 0.002 0.000 0.014 0.024 0.011 0.010 0.000 0.114 0.199 0.060 0.027 0.010 0.002 0.000 0.002 0.000 0.001 0.080 0.131 0.156 0.144 0.038 0.001 0.000 0.000 0.029 0.082 0.116 0.027 0.019
0.000 0.000 0.001 0.002 0.000 0.000 0.000 0.000 0.000 0.000 0.000 0.000 0.000 0.000 0.000 0.000 0.000 0.000 0.000 0.000 0.000 0.000 0.000 0.000 0.000 0.000 0.001 0.001 0.001 0.001 0.001 0.001 0.001 0.001 0.001 0.001 0.001 0.001 0.001 0.001 0.001 0.001 0.002 0.002 0.004 0.006 0.009 0.016 0.019 0.023 0.029 0.025 0.038 0.105 0.133 0.046 0.018 0.013 0.010 0.013 0.001 0.000 0.000 0.032 0.019 0.077 0.122 0.167 0.052 0.001 0.000 0.000 0.011 0.090 0.117 0.036 0.021
0.000 0.000 0.001 0.002 0.000 0.000 0.000 0.000 0.000 0.000 0.000 0.000 0.000 0.000 0.000 0.000 0.000 0.000 0.000 0.000 0.000 0.000 0.000 0.000 0.000 0.000 0.000 0.000 0.000 0.000 0.000 0.001 0.001 0.001 0.001 0.001 0.001 0.001 0.001 0.001 0.001 0.002 0.002 0.003 0.004 0.006 0.011 0.020 0.028 0.032 0.038 0.045 0.045 0.036 0.014 0.011 0.011 0.009 0.015 0.021 0.007 0.000 0.051 0.031 0.047 0.053 0.141 0.178 0.031 0.000 0.000 0.000 0.017 0.087 0.119 0.040 0.023
0.000 0.000 0.001 0.002 0.000 0.000 0.000 0.000 0.000 0.000 0.000 0.000 0.000 0.000 0.000 0.000 0.000 0.000 0.000 0.000 0.000 0.000 0.000 0.000 0.000 0.000 0.000 0.000 0.000 0.000 0.000 0.000 0.001 0.001 0.001 0.001 0.001 0.001 0.001 0.001 0.001 0.002 0.002 0.003 0.004 0.005 0.006 0.008 0.009 0.007 0.008 0.008 0.004 0.001 0.000 0.000 0.005 0.009 0.002 0.007 0.000 0.096 0.095 0.105 0.038 0.070 0.192 0.132 0.007 0.000 0.000 0.000 0.000 0.070 0.119 0.036 0.023
0.000 0.000 0.001 0.001 0.001 0.001 0.000 0.000 0.000 0.000 0.000 0.000 0.000 0.000 0.000 0.000 0.000 0.000 0.000 0.000 0.000 0.000 0.000 0.000 0.000 0.000 0.000 0.000 0.000 0.000 0.000 0.000 0.000 0.000 0.001 0.001 0.001 0.001 0.001 0.001 0.001 0.001 0.002 0.003 0.004 0.004 0.005 0.005 0.005 0.004 0.003 0.003 0.004 0.001 0.000 0.000 0.000 0.000 0.000 0.046 0.127 0.167 0.123 0.086 0.002 0.089 0.218 0.044 0.001 0.000 0.000 0.002 0.000 0.083 0.103 0.018 0.000
0.000 0.000 0.001 0.001 0.001 0.001 0.001 0.001 0.001 0.000 0.000 0.000 0.000 0.000 0.000 0.000 0.000 0.000 0.000 0.000 0.000 0.000 0.000 0.000 0.000 0.000 0.000 0.000 0.000 0.000 0.000 0.000 0.000 0.000 0.000 0.001 0.001 0.001 0.001 0.001 0.001 0.001 0.002 0.003 0.004 0.004 0.005 0.005 0.005 0.005 0.006 0.009 0.012 0.006 0.009 0.034 0.046 0.060 0.107 0.109 0.076 0.043 0.007 0.000 0.002 0.223 0.096 0.006 0.000 0.000 0.000 0.000 0.000 0.111 0.069 0.003 0.000
0.000 0.000 0.001 0.001 0.001 0.001 0.001 0.001 0.001 0.001 0.001 0.000 0.000 0.000 0.000 0.000 0.000 0.000 0.000 0.000 0.000 0.000 0.000 0.000 0.000 0.000 0.000 0.000 0.000 0.000 0.000 0.000 0.000 0.000 0.000 0.000 0.000 0.000 0.001 0.001 0.001 0.001 0.001 0.002 0.004 0.005 0.006 0.007 0.009 0.016 0.017 0.013 0.011 0.018 0.023 0.037 0.045 0.040 0.029 0.003 0.002 0.000 0.000 0.047 0.201 0.108 0.009 0.004 0.002 0.000 0.000 0.000 0.055 0.118 0.022 0.000 0.007
0.000 0.000 0.001 0.001 0.000 0.000 0.000 0.001 0.001 0.001 0.001 0.001 0.001 0.001 0.000 0.000 0.000 0.000 0.000 0.000 0.000 0.000 0.000 0.000 0.000 0.000 0.000 0.000 0.000 0.000 0.000 0.000 0.000 0.000 0.000 0.000 0.000 0.000 0.000 0.001 0.001 0.001 0.001 0.002 0.004 0.005 0.007 0.008 0.010 0.002 0.000 0.000 0.000 0.000 0.000 0.002 0.006 0.021 0.016 0.048 0.049 0.097 0.149 0.187 0.085 0.009 0.001 0.000 0.001 0.000 0.000 0.021 0.117 0.057 0.001 0.000 0.012
0.000 0.000 0.001 0.001 0.000 0.000 0.000 0.000 0.000 0.000 0.001 0.001 0.001 0.001 0.002 0.000 0.000 0.000 0.000 0.000 0.000 0.000 0.000 0.000 0.000 0.000 0.000 0.000 0.000 0.000 0.000 0.000 0.000 0.000 0.000 0.000 0.000 0.000 0.000 0.000 0.001 0.001 0.001 0.001 0.002 0.005 0.009 0.011 0.012 0.014 0.019 0.008 0.006 0.030 0.049 0.063 0.086 0.112 0.133 0.150 0.162 0.166 0.118 0.043 0.007 0.001 0.000 0.000 0.000 0.000 0.003 0.098 0.081 0.004 0.007 0.016 0.031
0.000 0.000 0.001 0.001 0.001 0.001 0.001 0.000 0.000 0.000 0.000 0.000 0.001 0.001 0.002 0.002 0.002 0.001 0.002 0.000 0.000 0.000 0.000 0.000 0.000 0.000 0.000 0.000 0.000 0.000 0.000 0.000 0.000 0.000 0.000 0.000 0.000 0.000 0.000 0.000 0.001 0.001 0.001 0.001 0.001 0.003 0.007 0.016 0.030 0.048 0.063 0.075 0.087 0.103 0.120 0.133 0.138 0.123 0.092 0.064 0.049 0.031 0.009 0.003 0.000 0.000 0.000 0.000 0.000 0.005 0.093 0.098 0.008 0.000 0.002 0.007 0.032
0.000 0.000 0.001 0.001 0.001 0.000 0.001 0.001 0.001 0.001 0.000 0.000 0.000 0.000 0.000 0.001 0.001 0.001 0.002 0.002 0.001 0.001 0.002 0.039 0.000 0.000 0.000 0.000 0.000 0.000 0.000 0.000 0.000 0.000 0.000 0.000 0.000 0.000 0.000 0.001 0.001 0.001 0.001 0.001 0.001 0.001 0.003 0.006 0.015 0.031 0.049 0.066 0.079 0.085 0.081 0.066 0.043 0.018 0.006 0.002 0.001 0.000 0.000 0.000 0.000 0.000 0.000 0.000 0.012 0.095 0.123 0.019 0.002 0.000 0.000 0.000 0.031
0.000 0.000 0.001 0.001 0.118 0.000 0.000 0.001 0.001 0.001 0.001 0.001 0.001 0.000 0.000 0.000 0.001 0.002 0.002 0.002 0.002 0.002 0.003 0.000 0.000 0.000 0.000 0.000 0.000 0.000 0.000 0.000 0.000 0.000 0.000 0.000 0.000 0.000 0.001 0.001 0.001 0.001 0.001 0.001 0.001 0.001 0.001 0.002 0.004 0.006 0.010 0.014 0.017 0.016 0.013 0.009 0.005 0.000 0.000 0.000 0.000 0.000 0.000 0.000 0.000 0.000 0.000 0.031 0.113 0.133 0.027 0.001 0.002 0.000 0.000 0.003 0.068
0.000 0.000 0.001 0.058 0.000 0.000 0.000 0.000 0.000 0.000 0.001 0.001 0.001 0.001 0.010 0.000 0.000 0.000 0.001 0.001 0.001 0.002 0.003 0.000 0.000 0.000 0.000 0.000 0.000 0.000 0.000 0.000 0.000 0.000 0.000 0.000 0.000 0.000 0.001 0.001 0.001 0.001 0.001 0.001 0.001 0.001 0.001 0.001 0.002 0.003 0.004 0.005 0.005 0.006 0.006 0.006 0.003 0.000 0.000 0.005 0.021 0.024 0.021 0.026 0.032 0.058 0.084 0.139 0.123 0.027 0.000 0.000 0.003 0.000 0.000 0.037 0.130
0.000 0.000 0.001 0.000 0.000 0.000 0.000 0.000 0.000 0.000 0.000 0.004 0.000 0.003 0.000 0.000 0.000 0.000 0.001 0.001 0.001 0.002 0.004 0.000 0.000 0.000 0.000 0.000 0.000 0.000 0.000 0.000 0.000 0.000 0.000 0.000 0.000 0.001 0.001 0.001 0.001 0.001 0.001 0.001 0.001 0.001 0.001 0.001 0.002 0.002 0.004 0.005 0.007 0.009 0.011 0.015 0.025 0.045 0.065 0.076 0.077 0.088 0.096 0.096 0.108 0.135 0.142 0.087 0.017 0.000 0.001 0.002 0.002 0.000 0.006 0.095 0.124
0.000 0.000 0.001 0.000 0.000 0.000 0.000 0.000 0.000 0.000 0.000 0.000 0.000 0.000 0.000 0.000 0.000 0.000 0.000 0.001 0.001 0.002 0.005 0.000 0.000 0.000 0.000 0.000 0.000 0.000 0.000 0.000 0.000 0.000 0.000 0.000 0.000 0.001 0.001 0.001 0.001 0.001 0.001 0.001 0.001 0.001 0.001 0.001 0.002 0.003 0.016 0.016 0.017 0.017 0.016 0.019 0.033 0.055 0.078 0.100 0.109 0.109 0.129 0.162 0.143 0.095 0.037 0.006 0.000 0.000 0.000 0.001 0.003 0.000 0.049 0.145 0.060
0.000 0.000 0.001 0.000 0.000 0.000 0.000 0.000 0.000 0.000 0.000 0.000 0.000 0.000 0.000 0.000 0.000 0.000 0.000 0.000 0.001 0.002 0.003 0.005 0.000 0.000 0.000 0.000 0.000 0.000 0.000 0.000 0.000 0.000 0.000 0.000 0.000 0.001 0.001 0.001 0.001 0.001 0.001 0.002 0.001 0.001 0.001 0.001 0.002 0.011 0.044 0.000 0.000 0.000 0.011 0.016 0.019 0.027 0.033 0.048 0.073 0.088 0.083 0.088 0.054 0.009 0.001 0.000 0.000 0.000 0.000 0.000 0.000 0.008 0.119 0.118 0.018
0.000 0.000 0.000 0.000 0.000 0.000 0.000 0.000 0.000 0.000 0.000 0.000 0.000 0.000 0.000 0.000 0.000 0.000 0.000 0.000 0.000 0.000 0.002 0.003 0.003 0.004 0.000 0.000 0.000 0.000 0.000 0.000 0.000 0.000 0.000 0.000 0.000 0.001 0.001 0.001 0.001 0.001 0.002 0.002 0.001 0.001 0.001 0.001 0.002 0.026 0.065 0.000 0.000 0.000 0.000 0.000 0.000 0.000 0.011 0.012 0.015 0.000 0.029 0.042 0.020 0.015 0.003 0.000 0.000 0.000 0.000 0.000 0.000 0.075 0.161 0.040 0.022
0.000 0.000 0.000 0.000 0.000 0.000 0.000 0.000 0.000 0.000 0.000 0.000 0.000 0.000 0.000 0.000 0.000 0.000 0.000 0.000 0.000 0.000 0.001 0.002 0.002 0.003 0.003 0.005 0.000 0.000 0.000 0.000 0.000 0.000 0.000 0.000 0.000 0.001 0.001 0.001 0.001 0.002 0.003 0.002 0.001 0.001 0.001 0.002 0.004 0.028 0.078 0.000 0.000 0.000 0.000 0.000 0.000 0.000 0.000 0.000 0.000 0.048 0.048 0.041 0.018 0.004 0.000 0.000 0.000 0.000 0.009 0.011 0.073 0.169 0.075 0.028 0.000
0.000 0.000 0.000 0.000 0.000 0.000 0.000 0.000 0.000 0.000 0.000 0.000 0.000 0.000 0.000 0.000 0.000 0.000 0.000 0.000 0.000 0.000 0.001 0.001 0.002 0.002 0.003 0.004 0.006 0.000 0.000 0.000 0.000 0.000 0.000 0.000 0.000 0.001 0.001 0.001 0.002 0.004 0.002 0.002 0.002 0.002 0.002 0.002 0.005 0.029 0.000 0.000 0.000 0.000 0.000 0.000 0.000 0.000 0.000 0.000 0.000 0.000 0.023 0.008 0.001 0.000 0.000 0.000 0.000 0.030 0.037 0.095 0.162 0.096 0.037 0.009 0.009
0.000 0.000 0.000 0.000 0.000 0.000 0.000 0.000 0.000 0.000 0.000 0.000 0.000 0.000 0.000 0.000 0.000 0.000 0.000 0.000 0.000 0.000 0.005 0.000 0.000 0.000 0.000 0.000 0.004 0.004 0.006 0.000 0.000 0.000 0.000 0.000 0.000 0.001 0.001 0.001 0.005 0.004 0.002 0.002 0.002 0.002 0.002 0.002 0.008 0.032 0.000 0.000 0.000 0.000 0.000 0.000 0.000 0.000 0.000 0.000 0.000 0.011 0.000 0.000 0.000 0.001 0.002 0.015 0.058 0.078 0.107 0.169 0.092 0.048 0.015 0.020 0.010
0.000 0.000 0.000 0.000 0.000 0.000 0.000 0.000 0.000 0.000 0.000 0.000 0.000 0.000 0.000 0.000 0.000 0.000 0.000 0.000 0.000 0.000 0.000 0.000 0.000 0.000 0.000 0.000 0.000 0.002 0.004 0.003 0.003 0.003 0.002 0.002 0.002 0.002 0.002 0.006 0.005 0.003 0.002 0.002 0.002 0.002 0.002 0.003 0.015 0.000 0.000 0.000 0.000 0.000 0.000 0.000 0.000 0.000 0.000 0.000 0.000 0.053 0.049 0.002 0.042 0.078 0.035 0.076 0.129 0.140 0.166 0.073 0.054 0.025 0.021 0.012 0.035
0.000 0.000 0.000 0.000 0.000 0.000 0.000 0.000 0.000 0.000 0.000 0.000 0.000 0.000 0.000 0.000 0.000 0.000 0.000 0.000 0.000 0.000 0.000 0.000 0.000 0.000 0.000 0.000 0.000 0.000 0.002 0.002 0.002 0.004 0.004 0.004 0.004 0.004 0.006 0.005 0.003 0.002 0.002 0.002 0.002 0.002 0.002 0.005 0.019 0.000 0.000 0.000 0.000 0.000 0.000 0.000 0.000 0.000 0.000 0.000 0.000 0.112 0.101 0.068 0.091 0.107 0.125 0.175 0.165 0.137 0.056 0.046 0.033 0.014 0.014 0.038 0.029
0.000 0.000 0.000 0.000 0.000 0.000 0.000 0.000 0.000 0.000 0.000 0.000 0.000 0.000 0.000 0.000 0.000 0.000 0.000 0.000 0.000 0.000 0.000 0.000 0.000 0.000 0.000 0.000 0.000 0.000 0.001 0.001 0.003 0.014 0.000 0.000 0.000 0.000 0.000 0.000 0.001 0.001 0.001 0.001 0.001 0.001 0.002 0.012 0.000 0.000 0.000 0.000 0.000 0.000 0.000 0.000 0.000 0.000 0.000 0.000 0.008 0.138 0.118 0.143 0.158 0.183 0.203 0.153 0.098 0.056 0.023 0.029 0.000 0.006 0.032 0.021 0.026
0.000 0.000 0.000 0.000 0.000 0.000 0.000 0.000 0.000 0.000 0.000 0.000 0.000 0.000 0.000 0.000 0.000 0.000 0.000 0.000 0.000 0.000 0.000 0.000 0.000 0.000 0.000 0.000 0.000 0.000 0.001 0.001 0.012 0.000 0.000 0.000 0.000 0.000 0.000 0.000 0.000 0.001 0.001 0.001 0.001 0.001 0.001 0.014 0.000 0.000 0.000 0.000 0.000 0.000 0.000 0.000 0.000 0.000 0.000 0.000 0.001 0.069 0.098 0.123 0.141 0.132 0.090 0.041 0.028 0.029 0.041 0.005 0.012 0.031 0.032 0.028 0.021
