数据/LID_VS_30y/LID_VS_res/LID_VS_123-0001.wd
ncols         694
nrows         824
xllcorner     581104.939801
yllcorner     3495917.092414
cellsize      2.000000
NODATA_value  -9999.000000
[rows 306 to 339 of 824, columns 462 to 538 of 694]
0.093 0.090 0.087 0.085 0.084 0.084 0.084 0.085 0.081 0.073 0.066 0.058 0.051 0.044 0.036 0.028 0.020 0.000 0.007 0.007 0.006 0.005 0.005 0.007 0.011 0.015 0.020 0.023 0.025 0.025 0.025 0.023 0.020 0.018 0.015 0.012 0.010 0.008 0.008 0.000 0.000 0.000 0.000 0.000 0.000 0.000 0.000 0.000 0.000 0.000 0.000 0.000 0.000 0.000 0.026 0.026 0.027 0.031 0.000 0.000 0.000 0.000 0.000 0.000 0.000 0.000 0.000 0.000 0.000 0.000 0.007 0.018 0.029 0.042 0.053 0.054 0.049
0.123 0.103 0.095 0.091 0.090 0.091 0.091 0.092 0.093 0.090 0.082 0.074 0.067 0.059 0.050 0.041 0.031 0.024 0.018 0.014 0.011 0.009 0.007 0.008 0.011 0.014 0.019 0.022 0.024 0.025 0.024 0.023 0.021 0.019 0.016 0.014 0.012 0.013 0.022 0.000 0.000 0.000 0.000 0.000 0.000 0.000 0.000 0.000 0.000 0.000 0.000 0.000 0.000 0.000 0.000 0.000 0.000 0.025 0.024 0.019 0.015 0.013 0.010 0.006 0.002 0.000 0.000 0.000 0.000 0.000 0.022 0.036 0.047 0.049 0.046 0.044 0.042
0.103 0.099 0.097 0.096 0.097 0.098 0.099 0.099 0.100 0.101 0.099 0.091 0.083 0.075 0.065 0.054 0.044 0.036 0.029 0.023 0.018 0.014 0.012 0.011 0.011 0.000 0.018 0.022 0.024 0.024 0.024 0.023 0.022 0.019 0.017 0.015 0.014 0.015 0.000 0.000 0.000 0.000 0.000 0.000 0.000 0.000 0.000 0.000 0.000 0.000 0.000 0.000 0.000 0.000 0.000 0.000 0.000 0.000 0.000 0.013 0.015 0.015 0.010 0.005 0.001 0.000 0.000 0.000 0.000 0.029 0.042 0.046 0.043 0.040 0.038 0.036 0.035
0.097 0.099 0.100 0.102 0.104 0.105 0.107 0.108 0.108 0.108 0.108 0.109 0.100 0.091 0.080 0.068 0.058 0.049 0.040 0.033 0.027 0.021 0.017 0.015 0.013 0.010 0.017 0.021 0.023 0.024 0.024 0.023 0.022 0.020 0.018 0.016 0.015 0.014 0.008 0.005 0.004 0.000 0.000 0.000 0.000 0.000 0.000 0.000 0.000 0.000 0.000 0.000 0.000 0.000 0.000 0.000 0.000 0.000 0.000 0.000 0.000 0.000 0.003 0.000 0.000 0.000 0.000 0.000 0.000 0.040 0.040 0.038 0.036 0.034 0.032 0.031 0.030
0.098 0.102 0.106 0.109 0.112 0.114 0.116 0.117 0.117 0.114 0.116 0.117 0.117 0.108 0.094 0.081 0.070 0.060 0.050 0.042 0.035 0.028 0.023 0.019 0.017 0.015 0.018 0.021 0.023 0.024 0.024 0.024 0.022 0.021 0.019 0.017 0.016 0.014 0.010 0.008 0.006 0.003 0.003 0.000 0.000 0.000 0.000 0.000 0.000 0.000 0.000 0.000 0.000 0.000 0.000 0.000 0.000 0.000 0.000 0.000 0.000 0.000 0.000 0.000 0.000 0.000 0.019 0.043 0.047 0.041 0.037 0.034 0.031 0.029 0.028 0.027 0.028
0.103 0.109 0.114 0.118 0.122 0.125 0.127 0.127 0.126 0.118 0.125 0.127 0.126 0.122 0.107 0.092 0.080 0.068 0.059 0.050 0.042 0.035 0.030 0.025 0.022 0.020 0.021 0.022 0.024 0.024 0.025 0.024 0.023 0.022 0.020 0.019 0.017 0.015 0.012 0.009 0.007 0.005 0.004 0.002 0.002 0.003 0.000 0.000 0.000 0.000 0.000 0.000 0.000 0.000 0.000 0.000 0.000 0.000 0.000 0.000 0.000 0.000 0.000 0.000 0.000 0.000 0.000 0.034 0.036 0.035 0.033 0.030 0.028 0.026 0.025 0.024 0.021
0.112 0.118 0.123 0.128 0.132 0.136 0.138 0.140 0.140 0.137 0.138 0.138 0.128 0.112 0.107 0.099 0.085 0.074 0.065 0.056 0.049 0.042 0.036 0.032 0.028 0.026 0.025 0.026 0.026 0.026 0.026 0.026 0.025 0.024 0.022 0.021 0.019 0.017 0.014 0.012 0.009 0.007 0.006 0.004 0.002 0.003 0.002 0.003 0.000 0.000 0.000 0.000 0.000 0.007 0.000 0.000 0.000 0.000 0.000 0.000 0.000 0.000 0.000 0.000 0.000 0.000 0.040 0.037 0.034 0.032 0.029 0.027 0.025 0.023 0.022 0.023 0.000
0.122 0.129 0.134 0.140 0.144 0.147 0.150 0.146 0.137 0.127 0.118 0.107 0.093 0.073 0.087 0.100 0.089 0.079 0.071 0.063 0.055 0.049 0.044 0.041 0.038 0.036 0.034 0.034 0.033 0.033 0.032 0.031 0.030 0.028 0.027 0.025 0.023 0.021 0.018 0.016 0.013 0.011 0.009 0.006 0.004 0.003 0.003 0.004 0.003 0.003 0.003 0.004 0.007 0.015 0.030 0.050 0.076 0.000 0.000 0.000 0.000 0.000 0.000 0.000 0.000 0.000 0.035 0.035 0.033 0.030 0.027 0.024 0.022 0.021 0.020 0.017 0.000
0.134 0.140 0.141 0.137 0.132 0.127 0.121 0.113 0.105 0.097 0.087 0.075 0.058 0.058 0.053 0.090 0.092 0.085 0.078 0.071 0.065 0.061 0.057 0.054 0.052 0.050 0.049 0.048 0.047 0.046 0.044 0.043 0.041 0.039 0.036 0.034 0.032 0.029 0.026 0.023 0.021 0.018 0.015 0.012 0.010 0.007 0.006 0.007 0.007 0.008 0.011 0.016 0.023 0.032 0.045 0.063 0.086 0.109 0.135 0.000 0.000 0.000 0.000 0.000 0.000 0.046 0.041 0.036 0.032 0.028 0.025 0.022 0.020 0.018 0.019 0.000 0.000
0.114 0.111 0.108 0.104 0.099 0.094 0.088 0.082 0.075 0.067 0.057 0.045 0.035 0.043 0.049 0.076 0.098 0.092 0.087 0.083 0.079 0.077 0.075 0.074 0.073 0.072 0.071 0.070 0.068 0.066 0.063 0.060 0.057 0.054 0.051 0.049 0.046 0.043 0.040 0.037 0.034 0.031 0.028 0.026 0.023 0.020 0.015 0.016 0.018 0.022 0.027 0.033 0.040 0.049 0.061 0.077 0.098 0.120 0.134 0.136 0.140 0.147 0.000 0.000 0.000 0.041 0.040 0.036 0.032 0.027 0.023 0.019 0.017 0.016 0.014 0.000 0.000
0.080 0.078 0.075 0.071 0.067 0.062 0.057 0.051 0.045 0.038 0.030 0.017 0.023 0.030 0.040 0.063 0.096 0.103 0.101 0.099 0.098 0.098 0.098 0.098 0.098 0.098 0.097 0.095 0.093 0.090 0.087 0.083 0.079 0.075 0.071 0.067 0.064 0.061 0.058 0.055 0.053 0.050 0.048 0.046 0.043 0.040 0.036 0.030 0.034 0.039 0.044 0.050 0.057 0.066 0.078 0.093 0.103 0.106 0.110 0.112 0.115 0.116 0.116 0.123 0.000 0.047 0.043 0.037 0.031 0.025 0.020 0.016 0.014 0.015 0.000 0.000 0.000
0.047 0.044 0.042 0.039 0.036 0.032 0.027 0.023 0.019 0.014 0.008 0.009 0.014 0.020 0.030 0.052 0.086 0.119 0.119 0.120 0.122 0.123 0.124 0.125 0.125 0.125 0.124 0.122 0.120 0.117 0.113 0.108 0.104 0.099 0.095 0.090 0.086 0.083 0.079 0.076 0.074 0.073 0.071 0.069 0.067 0.065 0.061 0.055 0.052 0.057 0.062 0.068 0.075 0.084 0.090 0.086 0.084 0.085 0.086 0.087 0.087 0.078 0.087 0.091 0.080 0.060 0.046 0.036 0.028 0.022 0.016 0.013 0.011 0.010 0.000 0.000 0.000
0.015 0.014 0.012 0.011 0.009 0.008 0.006 0.005 0.004 0.002 0.002 0.005 0.008 0.013 0.022 0.042 0.079 0.128 0.142 0.145 0.148 0.150 0.152 0.153 0.154 0.153 0.152 0.150 0.148 0.144 0.140 0.134 0.129 0.125 0.120 0.116 0.111 0.108 0.104 0.102 0.100 0.098 0.096 0.094 0.093 0.091 0.088 0.083 0.074 0.075 0.079 0.086 0.090 0.082 0.075 0.070 0.066 0.064 0.064 0.063 0.062 0.059 0.062 0.062 0.057 0.048 0.038 0.030 0.023 0.017 0.012 0.009 0.008 0.000 0.000 0.000 0.000
0.000 0.000 0.000 0.000 0.000 0.000 0.000 0.000 0.000 0.000 0.001 0.002 0.004 0.008 0.015 0.034 0.076 0.128 0.168 0.172 0.176 0.179 0.182 0.182 0.182 0.182 0.181 0.179 0.176 0.172 0.167 0.160 0.155 0.151 0.146 0.141 0.137 0.134 0.131 0.128 0.127 0.125 0.124 0.123 0.121 0.119 0.116 0.111 0.104 0.093 0.096 0.086 0.076 0.067 0.059 0.053 0.048 0.044 0.041 0.039 0.037 0.035 0.035 0.034 0.031 0.027 0.022 0.018 0.013 0.009 0.006 0.005 0.004 0.010 0.000 0.000 0.000
0.000 0.000 0.000 0.000 0.000 0.000 0.000 0.000 0.000 0.000 0.000 0.001 0.002 0.004 0.010 0.030 0.078 0.129 0.184 0.201 0.205 0.209 0.212 0.212 0.212 0.211 0.210 0.208 0.205 0.201 0.195 0.184 0.181 0.177 0.173 0.167 0.163 0.160 0.157 0.156 0.154 0.154 0.153 0.152 0.151 0.149 0.146 0.142 0.129 0.105 0.101 0.092 0.081 0.071 0.062 0.054 0.047 0.041 0.036 0.032 0.028 0.024 0.021 0.018 0.015 0.011 0.008 0.006 0.004 0.003 0.002 0.001 0.000 0.000 0.000 0.000 0.000
0.000 0.000 0.000 0.000 0.000 0.000 0.000 0.000 0.000 0.000 0.000 0.000 0.001 0.003 0.007 0.030 0.081 0.000 0.186 0.230 0.235 0.239 0.244 0.000 0.000 0.000 0.000 0.000 0.000 0.000 0.000 0.206 0.207 0.205 0.201 0.192 0.189 0.187 0.184 0.183 0.183 0.182 0.182 0.181 0.180 0.172 0.157 0.141 0.123 0.099 0.098 0.100 0.104 0.094 0.084 0.075 0.067 0.059 0.053 0.047 0.041 0.036 0.031 0.027 0.022 0.018 0.014 0.011 0.008 0.006 0.005 0.004 0.002 0.001 0.000 0.000 0.000
0.000 0.000 0.000 0.000 0.000 0.000 0.000 0.000 0.000 0.000 0.000 0.000 0.000 0.007 0.000 0.000 0.084 0.000 0.000 0.247 0.000 0.000 0.000 0.000 0.000 0.000 0.000 0.000 0.000 0.000 0.000 0.000 0.000 0.000 0.000 0.214 0.216 0.215 0.211 0.211 0.211 0.211 0.203 0.190 0.178 0.164 0.150 0.135 0.117 0.093 0.093 0.094 0.096 0.101 0.103 0.094 0.085 0.077 0.069 0.062 0.056 0.049 0.043 0.038 0.032 0.027 0.022 0.018 0.014 0.011 0.009 0.007 0.005 0.004 0.002 0.001 0.000
0.000 0.000 0.000 0.000 0.000 0.000 0.000 0.000 0.000 0.000 0.000 0.000 0.000 0.000 0.000 0.000 0.000 0.000 0.000 0.000 0.000 0.000 0.000 0.000 0.000 0.000 0.000 0.000 0.000 0.000 0.000 0.000 0.000 0.000 0.000 0.000 0.000 0.000 0.236 0.231 0.220 0.208 0.194 0.182 0.170 0.157 0.143 0.127 0.109 0.088 0.087 0.087 0.089 0.092 0.097 0.103 0.102 0.094 0.086 0.078 0.071 0.064 0.057 0.050 0.044 0.038 0.032 0.027 0.022 0.018 0.015 0.012 0.009 0.007 0.005 0.004 0.003
0.000 0.000 0.000 0.000 0.000 0.000 0.000 0.000 0.000 0.000 0.000 0.000 0.000 0.000 0.000 0.000 0.000 0.000 0.000 0.000 0.000 0.000 0.000 0.000 0.000 0.000 0.000 0.000 0.000 0.000 0.000 0.000 0.000 0.000 0.000 0.000 0.000 0.000 0.000 0.000 0.000 0.000 0.184 0.174 0.162 0.147 0.134 0.119 0.100 0.081 0.080 0.079 0.080 0.083 0.087 0.092 0.099 0.105 0.102 0.094 0.086 0.078 0.071 0.063 0.056 0.050 0.043 0.037 0.032 0.027 0.023 0.019 0.015 0.012 0.010 0.008 0.006
0.000 0.000 0.000 0.000 0.000 0.000 0.000 0.000 0.000 0.000 0.000 0.000 0.000 0.000 0.000 0.000 0.000 0.000 0.000 0.000 0.000 0.000 0.000 0.000 0.000 0.000 0.000 0.000 0.000 0.000 0.000 0.000 0.000 0.000 0.000 0.000 0.000 0.000 0.000 0.000 0.000 0.000 0.000 0.000 0.000 0.136 0.126 0.111 0.088 0.072 0.071 0.070 0.071 0.074 0.077 0.082 0.087 0.094 0.101 0.108 0.101 0.092 0.085 0.077 0.069 0.062 0.056 0.049 0.043 0.038 0.033 0.029 0.025 0.022 0.018 0.015 0.013
0.000 0.000 0.000 0.000 0.000 0.000 0.000 0.000 0.000 0.000 0.000 0.000 0.000 0.000 0.000 0.000 0.000 0.000 0.000 0.000 0.000 0.000 0.000 0.000 0.000 0.000 0.000 0.000 0.000 0.000 0.000 0.000 0.000 0.000 0.000 0.000 0.000 0.000 0.000 0.000 0.000 0.000 0.000 0.000 0.000 0.000 0.000 0.000 0.070 0.062 0.059 0.060 0.062 0.064 0.067 0.071 0.077 0.083 0.089 0.095 0.102 0.107 0.099 0.091 0.083 0.076 0.069 0.063 0.057 0.052 0.047 0.043 0.039 0.035 0.031 0.027 0.023
0.000 0.000 0.000 0.000 0.000 0.000 0.000 0.000 0.000 0.000 0.000 0.000 0.000 0.000 0.000 0.000 0.000 0.000 0.000 0.000 0.000 0.000 0.000 0.000 0.000 0.000 0.000 0.000 0.000 0.000 0.000 0.000 0.000 0.000 0.000 0.000 0.000 0.000 0.000 0.000 0.000 0.000 0.000 0.000 0.000 0.000 0.000 0.000 0.000 0.000 0.041 0.048 0.053 0.056 0.056 0.060 0.066 0.073 0.077 0.083 0.089 0.096 0.103 0.104 0.097 0.090 0.083 0.077 0.073 0.069 0.065 0.061 0.058 0.053 0.049 0.044 0.038
0.000 0.000 0.000 0.000 0.000 0.000 0.000 0.000 0.000 0.000 0.000 0.000 0.000 0.000 0.000 0.000 0.000 0.000 0.000 0.000 0.000 0.000 0.000 0.000 0.000 0.000 0.000 0.000 0.000 0.000 0.000 0.000 0.000 0.000 0.000 0.000 0.000 0.000 0.000 0.000 0.000 0.000 0.000 0.000 0.000 0.000 0.000 0.000 0.000 0.000 0.000 0.000 0.000 0.000 0.040 0.050 0.058 0.064 0.065 0.069 0.075 0.082 0.089 0.097 0.105 0.104 0.099 0.094 0.091 0.089 0.086 0.083 0.079 0.074 0.068 0.062 0.055
0.000 0.000 0.000 0.000 0.000 0.000 0.000 0.000 0.000 0.000 0.000 0.000 0.000 0.000 0.000 0.000 0.000 0.000 0.000 0.000 0.000 0.000 0.000 0.000 0.000 0.000 0.000 0.000 0.000 0.000 0.000 0.000 0.000 0.000 0.000 0.000 0.000 0.000 0.000 0.000 0.000 0.000 0.000 0.000 0.000 0.000 0.000 0.000 0.000 0.000 0.000 0.000 0.000 0.000 0.000 0.000 0.000 0.000 0.048 0.054 0.061 0.068 0.076 0.083 0.092 0.102 0.113 0.113 0.112 0.111 0.109 0.107 0.102 0.096 0.089 0.081 0.072
0.000 0.000 0.000 0.000 0.000 0.000 0.000 0.000 0.000 0.000 0.000 0.000 0.000 0.000 0.000 0.000 0.000 0.000 0.000 0.000 0.000 0.000 0.000 0.000 0.000 0.000 0.000 0.000 0.000 0.000 0.000 0.000 0.000 0.000 0.000 0.000 0.000 0.000 0.000 0.000 0.000 0.000 0.000 0.000 0.000 0.000 0.000 0.000 0.000 0.000 0.000 0.000 0.000 0.000 0.000 0.000 0.000 0.000 0.000 0.036 0.046 0.054 0.062 0.070 0.079 0.090 0.103 0.119 0.136 0.137 0.135 0.132 0.127 0.120 0.109 0.099 0.089
0.000 0.000 0.000 0.000 0.000 0.000 0.000 0.000 0.000 0.000 0.000 0.000 0.000 0.000 0.000 0.000 0.000 0.000 0.000 0.000 0.000 0.000 0.000 0.000 0.000 0.000 0.000 0.000 0.000 0.000 0.000 0.000 0.000 0.000 0.000 0.000 0.000 0.000 0.000 0.000 0.000 0.000 0.000 0.000 0.000 0.000 0.000 0.000 0.000 0.000 0.000 0.000 0.000 0.000 0.000 0.000 0.000 0.000 0.000 0.022 0.032 0.040 0.048 0.057 0.066 0.078 0.093 0.112 0.132 0.152 0.161 0.158 0.153 0.144 0.125 0.115 0.103
0.000 0.000 0.000 0.000 0.000 0.000 0.000 0.000 0.000 0.000 0.000 0.000 0.000 0.000 0.000 0.000 0.000 0.000 0.000 0.000 0.000 0.000 0.000 0.000 0.000 0.000 0.000 0.000 0.000 0.000 0.000 0.000 0.000 0.000 0.000 0.000 0.000 0.000 0.000 0.000 0.000 0.000 0.000 0.000 0.000 0.000 0.000 0.000 0.000 0.000 0.000 0.000 0.000 0.000 0.000 0.000 0.000 0.000 0.000 0.012 0.020 0.028 0.035 0.044 0.054 0.067 0.084 0.106 0.129 0.152 0.000 0.000 0.000 0.000 0.133 0.131 0.113
0.000 0.000 0.000 0.000 0.000 0.000 0.000 0.000 0.000 0.000 0.000 0.000 0.000 0.000 0.000 0.000 0.000 0.000 0.000 0.000 0.000 0.000 0.000 0.000 0.000 0.000 0.000 0.000 0.000 0.000 0.000 0.000 0.000 0.000 0.000 0.000 0.000 0.000 0.000 0.000 0.000 0.000 0.000 0.000 0.000 0.000 0.000 0.000 0.000 0.000 0.000 0.000 0.000 0.000 0.000 0.000 0.000 0.000 0.000 0.004 0.009 0.016 0.023 0.031 0.042 0.057 0.077 0.101 0.126 0.000 0.000 0.000 0.000 0.000 0.000 0.000 0.114
0.000 0.000 0.000 0.000 0.000 0.000 0.000 0.000 0.000 0.000 0.000 0.000 0.000 0.000 0.000 0.000 0.000 0.000 0.000 0.000 0.000 0.000 0.000 0.000 0.000 0.000 0.000 0.000 0.000 0.000 0.000 0.000 0.000 0.000 0.000 0.000 0.000 0.000 0.000 0.000 0.000 0.000 0.000 0.000 0.000 0.000 0.000 0.000 0.000 0.000 0.000 0.000 0.000 0.000 0.000 0.000 0.000 0.000 0.000 0.000 0.002 0.005 0.011 0.019 0.031 0.048 0.071 0.097 0.000 0.000 0.000 0.000 0.000 0.000 0.000 0.000 0.000
0.000 0.000 0.000 0.000 0.000 0.000 0.000 0.000 0.000 0.000 0.000 0.000 0.000 0.000 0.000 0.000 0.000 0.000 0.000 0.000 0.000 0.000 0.000 0.000 0.000 0.000 0.000 0.000 0.000 0.000 0.000 0.000 0.000 0.000 0.000 0.000 0.000 0.000 0.000 0.000 0.000 0.000 0.000 0.000 0.000 0.000 0.000 0.000 0.000 0.000 0.000 0.000 0.000 0.000 0.000 0.000 0.000 0.000 0.000 0.000 0.000 0.000 0.003 0.009 0.020 0.039 0.065 0.093 0.000 0.000 0.000 0.000 0.000 0.000 0.000 0.000 0.000
0.000 0.000 0.000 0.000 0.000 0.000 0.000 0.000 0.000 0.000 0.000 0.000 0.000 0.000 0.000 0.000 0.000 0.000 0.000 0.000 0.000 0.000 0.000 0.000 0.000 0.000 0.000 0.000 0.000 0.000 0.000 0.000 0.000 0.000 0.000 0.000 0.000 0.000 0.000 0.000 0.000 0.000 0.000 0.000 0.000 0.000 0.000 0.000 0.000 0.000 0.000 0.000 0.000 0.000 0.000 0.000 0.000 0.000 0.000 0.000 0.000 0.000 0.000 0.002 0.010 0.029 0.058 0.000 0.000 0.000 0.000 0.000 0.000 0.000 0.000 0.000 0.000
0.000 0.000 0.000 0.000 0.000 0.000 0.000 0.000 0.000 0.000 0.000 0.000 0.000 0.000 0.000 0.000 0.000 0.000 0.000 0.000 0.000 0.000 0.000 0.000 0.000 0.000 0.000 0.000 0.000 0.000 0.000 0.000 0.000 0.000 0.000 0.000 0.000 0.000 0.000 0.000 0.000 0.000 0.000 0.000 0.000 0.000 0.000 0.000 0.000 0.000 0.000 0.000 0.000 0.000 0.000 0.000 0.000 0.000 0.000 0.000 0.000 0.000 0.000 0.002 0.007 0.030 0.067 0.000 0.000 0.000 0.000 0.000 0.000 0.000 0.000 0.000 0.000
0.000 0.000 0.000 0.000 0.000 0.000 0.000 0.000 0.000 0.000 0.000 0.000 0.000 0.000 0.000 0.000 0.000 0.000 0.000 0.000 0.000 0.000 0.000 0.000 0.000 0.000 0.000 0.000 0.000 0.000 0.000 0.000 0.000 0.000 0.000 0.000 0.000 0.000 0.000 0.000 0.000 0.000 0.000 0.000 0.000 0.000 0.000 0.000 0.000 0.000 0.000 0.000 0.000 0.000 0.000 0.000 0.000 0.000 0.000 0.000 0.000 0.000 0.000 0.002 0.007 0.030 0.000 0.000 0.000 0.000 0.000 0.000 0.000 0.000 0.000 0.000 0.000
0.000 0.000 0.000 0.000 0.000 0.000 0.000 0.000 0.000 0.000 0.000 0.000 0.000 0.000 0.000 0.000 0.000 0.000 0.000 0.000 0.000 0.000 0.000 0.000 0.000 0.000 0.000 0.000 0.000 0.000 0.000 0.000 0.000 0.000 0.000 0.000 0.000 0.000 0.000 0.000 0.000 0.000 0.000 0.000 0.000 0.000 0.000 0.000 0.000 0.000 0.000 0.000 0.000 0.000 0.000 0.000 0.000 0.000 0.000 0.000 0.000 0.000 0.000 0.002 0.007 0.030 0.000 0.000 0.000 0.000 0.000 0.000 0.000 0.000 0.000 0.000 0.000
