数据/LID_VS_30y/LID_VS_res/LID_VS_144-0001.wd
ncols         694
nrows         824
xllcorner     581104.939801
yllcorner     3495917.092414
cellsize      2.000000
NODATA_value  -9999.000000
[rows 714 to 747 of 824, columns 154 to 230 of 694]
0.000 0.000 0.000 0.000 0.000 0.000 0.000 0.002 0.003 0.004 0.005 0.006 0.007 0.008 0.008 0.009 0.009 0.009 0.009 0.008 0.000 0.001 0.066 0.062 0.058 0.056 0.054 0.051 0.048 0.044 0.040 0.036 0.000 0.000 0.000 0.000 0.000 0.000 0.000 0.000 0.000 0.000 0.000 0.011 0.031 0.041 0.051 0.062 0.074 0.000 0.000 0.000 0.000 0.000 0.000 0.000 0.000 0.000 0.171 0.181 0.192 0.192 0.169 0.149 0.158 0.074 0.005 0.000 0.000 0.000 0.000 0.000 0.000 0.000 0.000 0.000 0.000
0.000 0.000 0.000 0.000 0.000 0.000 0.002 0.003 0.004 0.005 0.006 0.007 0.008 0.009 0.009 0.010 0.010 0.011 0.011 0.011 0.010 0.010 0.000 0.082 0.080 0.078 0.076 0.072 0.067 0.063 0.058 0.053 0.047 0.044 0.000 0.000 0.000 0.000 0.000 0.000 0.000 0.000 0.003 0.053 0.093 0.104 0.114 0.125 0.135 0.000 0.000 0.000 0.000 0.000 0.000 0.000 0.000 0.000 0.234 0.229 0.205 0.183 0.160 0.151 0.161 0.115 0.029 0.000 0.000 0.000 0.000 0.000 0.000 0.000 0.000 0.000 0.000
0.000 0.000 0.000 0.000 0.000 0.001 0.003 0.004 0.005 0.006 0.007 0.008 0.009 0.010 0.010 0.011 0.012 0.012 0.013 0.014 0.014 0.015 0.014 0.001 0.001 0.100 0.097 0.092 0.088 0.082 0.076 0.071 0.066 0.062 0.058 0.000 0.000 0.000 0.000 0.000 0.000 0.002 0.040 0.094 0.148 0.167 0.177 0.187 0.197 0.000 0.000 0.000 0.000 0.000 0.000 0.000 0.000 0.266 0.243 0.220 0.197 0.173 0.150 0.153 0.163 0.160 0.074 0.002 0.000 0.000 0.000 0.000 0.000 0.000 0.000 0.000 0.000
0.000 0.000 0.000 0.000 0.000 0.002 0.004 0.005 0.006 0.007 0.008 0.009 0.010 0.010 0.011 0.012 0.013 0.013 0.014 0.015 0.017 0.018 0.020 0.022 0.025 0.001 0.118 0.113 0.108 0.101 0.095 0.089 0.085 0.081 0.077 0.073 0.070 0.000 0.000 0.000 0.002 0.026 0.080 0.134 0.191 0.230 0.240 0.251 0.000 0.000 0.000 0.000 0.000 0.000 0.000 0.000 0.000 0.258 0.234 0.211 0.188 0.164 0.147 0.156 0.165 0.175 0.117 0.032 0.000 0.000 0.000 0.000 0.000 0.000 0.000 0.000 0.000
0.000 0.000 0.000 0.000 0.001 0.003 0.005 0.006 0.007 0.008 0.008 0.009 0.010 0.011 0.012 0.012 0.013 0.014 0.015 0.017 0.019 0.021 0.024 0.030 0.040 0.058 0.001 0.133 0.127 0.119 0.113 0.108 0.104 0.100 0.097 0.093 0.090 0.088 0.000 0.034 0.037 0.069 0.121 0.176 0.233 0.288 0.304 0.314 0.000 0.000 0.000 0.000 0.000 0.000 0.000 0.000 0.000 0.249 0.225 0.202 0.178 0.154 0.150 0.159 0.168 0.177 0.162 0.077 0.000 0.000 0.000 0.000 0.000 0.000 0.000 0.000 0.000
0.000 0.000 0.000 0.000 0.001 0.003 0.005 0.006 0.007 0.008 0.009 0.010 0.010 0.011 0.012 0.013 0.014 0.015 0.016 0.018 0.019 0.022 0.025 0.029 0.034 0.040 0.026 0.000 0.001 0.136 0.131 0.127 0.124 0.120 0.117 0.114 0.111 0.108 0.100 0.074 0.083 0.111 0.163 0.219 0.275 0.331 0.367 0.377 0.000 0.000 0.000 0.000 0.000 0.000 0.000 0.000 0.000 0.240 0.217 0.192 0.169 0.145 0.153 0.162 0.172 0.181 0.191 0.121 0.000 0.000 0.000 0.000 0.000 0.000 0.000 0.000 0.000
0.000 0.000 0.000 0.000 0.001 0.003 0.005 0.006 0.007 0.008 0.009 0.010 0.011 0.012 0.012 0.013 0.014 0.015 0.016 0.018 0.020 0.021 0.024 0.026 0.029 0.030 0.024 0.017 0.011 0.000 0.150 0.147 0.144 0.141 0.137 0.134 0.132 0.130 0.127 0.000 0.000 0.150 0.205 0.261 0.317 0.373 0.429 0.440 0.451 0.427 0.000 0.000 0.000 0.000 0.000 0.000 0.254 0.231 0.207 0.182 0.159 0.147 0.156 0.165 0.175 0.184 0.193 0.165 0.000 0.000 0.000 0.000 0.000 0.000 0.000 0.000 0.000
0.000 0.000 0.000 0.000 0.001 0.003 0.005 0.006 0.007 0.008 0.009 0.010 0.011 0.012 0.013 0.013 0.014 0.015 0.016 0.018 0.019 0.021 0.022 0.024 0.025 0.025 0.022 0.018 0.014 0.010 0.001 0.166 0.165 0.161 0.158 0.155 0.153 0.151 0.000 0.000 0.000 0.000 0.247 0.303 0.359 0.415 0.470 0.466 0.442 0.418 0.394 0.370 0.000 0.000 0.000 0.000 0.245 0.221 0.197 0.174 0.150 0.150 0.159 0.168 0.178 0.187 0.196 0.000 0.000 0.000 0.000 0.000 0.000 0.000 0.000 0.000 0.000
0.000 0.000 0.000 0.000 0.001 0.003 0.005 0.006 0.007 0.008 0.009 0.010 0.011 0.012 0.013 0.013 0.014 0.015 0.016 0.017 0.018 0.020 0.021 0.022 0.022 0.022 0.020 0.018 0.015 0.012 0.009 0.001 0.000 0.181 0.178 0.176 0.175 0.000 0.000 0.000 0.000 0.000 0.000 0.346 0.402 0.425 0.447 0.000 0.000 0.409 0.385 0.361 0.336 0.312 0.000 0.000 0.236 0.212 0.188 0.164 0.144 0.153 0.162 0.171 0.180 0.190 0.200 0.000 0.000 0.000 0.000 0.000 0.000 0.000 0.000 0.000 0.000
0.000 0.000 0.000 0.000 0.001 0.003 0.005 0.006 0.007 0.008 0.009 0.010 0.011 0.012 0.012 0.013 0.014 0.015 0.016 0.017 0.018 0.019 0.019 0.020 0.020 0.020 0.018 0.017 0.015 0.013 0.011 0.008 0.006 0.001 0.199 0.194 0.000 0.000 0.000 0.000 0.000 0.000 0.000 0.359 0.380 0.401 0.423 0.000 0.000 0.000 0.000 0.352 0.327 0.302 0.276 0.251 0.226 0.202 0.179 0.155 0.146 0.156 0.165 0.174 0.183 0.193 0.202 0.000 0.000 0.000 0.000 0.000 0.000 0.000 0.000 0.000 0.000
0.000 0.000 0.000 0.000 0.001 0.003 0.005 0.006 0.007 0.008 0.009 0.010 0.011 0.012 0.012 0.013 0.014 0.014 0.015 0.016 0.017 0.018 0.018 0.018 0.018 0.018 0.017 0.016 0.014 0.013 0.011 0.009 0.008 0.005 0.000 0.209 0.201 0.000 0.000 0.000 0.000 0.000 0.000 0.335 0.357 0.378 0.400 0.413 0.000 0.000 0.000 0.000 0.000 0.292 0.267 0.241 0.216 0.192 0.169 0.144 0.148 0.158 0.167 0.176 0.186 0.194 0.000 0.000 0.000 0.000 0.000 0.000 0.000 0.000 0.000 0.000 0.000
0.000 0.000 0.000 0.000 0.001 0.003 0.005 0.006 0.007 0.008 0.009 0.010 0.011 0.011 0.012 0.013 0.013 0.014 0.015 0.015 0.016 0.017 0.017 0.017 0.017 0.017 0.016 0.015 0.014 0.013 0.011 0.010 0.009 0.007 0.005 0.000 0.217 0.213 0.000 0.000 0.000 0.000 0.000 0.000 0.333 0.000 0.000 0.392 0.380 0.000 0.000 0.000 0.000 0.000 0.000 0.228 0.205 0.181 0.158 0.142 0.151 0.159 0.169 0.178 0.188 0.197 0.000 0.000 0.000 0.000 0.000 0.000 0.000 0.000 0.000 0.000 0.000
0.000 0.000 0.000 0.000 0.001 0.003 0.005 0.006 0.007 0.008 0.009 0.010 0.010 0.011 0.012 0.012 0.013 0.014 0.014 0.015 0.015 0.016 0.016 0.016 0.016 0.016 0.015 0.014 0.013 0.012 0.011 0.010 0.009 0.008 0.006 0.004 0.000 0.231 0.248 0.000 0.000 0.000 0.000 0.000 0.000 0.000 0.000 0.000 0.360 0.000 0.000 0.000 0.000 0.000 0.240 0.217 0.194 0.170 0.147 0.144 0.151 0.161 0.170 0.179 0.189 0.199 0.000 0.000 0.000 0.000 0.000 0.000 0.000 0.000 0.000 0.000 0.000
0.000 0.000 0.000 0.000 0.001 0.003 0.005 0.006 0.007 0.008 0.008 0.009 0.010 0.011 0.011 0.012 0.012 0.013 0.013 0.014 0.014 0.015 0.015 0.015 0.015 0.015 0.014 0.013 0.013 0.012 0.011 0.010 0.009 0.008 0.006 0.005 0.003 0.001 0.220 0.236 0.000 0.000 0.000 0.000 0.000 0.000 0.000 0.000 0.339 0.000 0.000 0.000 0.000 0.000 0.230 0.207 0.184 0.160 0.136 0.144 0.153 0.162 0.172 0.180 0.189 0.000 0.000 0.000 0.000 0.000 0.000 0.000 0.000 0.000 0.000 0.000 0.000
0.000 0.000 0.000 0.000 0.000 0.002 0.004 0.005 0.006 0.007 0.008 0.009 0.009 0.010 0.011 0.011 0.012 0.012 0.013 0.013 0.014 0.014 0.014 0.014 0.014 0.014 0.013 0.013 0.012 0.011 0.010 0.010 0.009 0.008 0.006 0.005 0.003 0.001 0.000 0.206 0.221 0.000 0.000 0.000 0.000 0.000 0.000 0.325 0.320 0.000 0.000 0.000 0.000 0.239 0.220 0.196 0.173 0.150 0.137 0.146 0.155 0.164 0.172 0.181 0.188 0.195 0.203 0.000 0.000 0.000 0.000 0.000 0.000 0.000 0.000 0.000 0.000
0.000 0.000 0.000 0.000 0.000 0.001 0.003 0.004 0.005 0.006 0.007 0.008 0.009 0.010 0.010 0.011 0.011 0.012 0.012 0.013 0.013 0.013 0.013 0.013 0.013 0.013 0.012 0.012 0.011 0.011 0.010 0.009 0.008 0.007 0.006 0.005 0.003 0.001 0.000 0.000 0.191 0.205 0.000 0.000 0.000 0.000 0.000 0.000 0.000 0.000 0.000 0.000 0.000 0.219 0.207 0.186 0.162 0.139 0.139 0.148 0.157 0.166 0.174 0.182 0.190 0.198 0.206 0.213 0.221 0.000 0.000 0.000 0.000 0.000 0.000 0.000 0.000
0.000 0.000 0.000 0.000 0.000 0.000 0.002 0.003 0.004 0.005 0.006 0.007 0.008 0.009 0.010 0.010 0.011 0.011 0.012 0.012 0.012 0.012 0.012 0.012 0.012 0.012 0.012 0.011 0.011 0.010 0.009 0.009 0.008 0.007 0.006 0.005 0.003 0.001 0.000 0.000 0.000 0.174 0.186 0.205 0.000 0.000 0.000 0.000 0.000 0.000 0.000 0.000 0.208 0.197 0.185 0.173 0.152 0.132 0.141 0.150 0.159 0.167 0.176 0.185 0.193 0.201 0.209 0.216 0.223 0.231 0.240 0.000 0.000 0.000 0.000 0.000 0.000
0.000 0.000 0.000 0.000 0.000 0.000 0.000 0.002 0.003 0.004 0.005 0.006 0.007 0.008 0.009 0.010 0.010 0.011 0.011 0.011 0.011 0.012 0.012 0.012 0.012 0.011 0.011 0.011 0.010 0.010 0.009 0.008 0.007 0.006 0.005 0.004 0.002 0.000 0.000 0.000 0.000 0.000 0.160 0.178 0.196 0.000 0.000 0.000 0.000 0.000 0.000 0.000 0.188 0.176 0.164 0.152 0.140 0.134 0.143 0.152 0.161 0.170 0.179 0.188 0.197 0.204 0.212 0.219 0.226 0.234 0.242 0.250 0.201 0.000 0.000 0.000 0.000
0.000 0.000 0.000 0.000 0.000 0.000 0.000 0.000 0.002 0.003 0.004 0.005 0.006 0.007 0.008 0.009 0.009 0.010 0.010 0.011 0.011 0.011 0.011 0.011 0.011 0.011 0.010 0.010 0.009 0.009 0.008 0.007 0.006 0.005 0.004 0.003 0.001 0.000 0.000 0.000 0.000 0.000 0.000 0.152 0.169 0.187 0.000 0.000 0.000 0.000 0.000 0.179 0.166 0.155 0.142 0.131 0.129 0.133 0.143 0.154 0.163 0.173 0.183 0.192 0.201 0.000 0.000 0.000 0.229 0.237 0.245 0.253 0.245 0.158 0.090 0.000 0.000
0.000 0.000 0.000 0.000 0.000 0.000 0.000 0.000 0.000 0.002 0.003 0.004 0.005 0.006 0.007 0.008 0.009 0.009 0.010 0.010 0.010 0.010 0.010 0.010 0.010 0.010 0.010 0.009 0.009 0.008 0.007 0.006 0.005 0.004 0.003 0.002 0.000 0.000 0.000 0.000 0.000 0.000 0.000 0.000 0.142 0.160 0.179 0.000 0.000 0.000 0.000 0.159 0.147 0.135 0.127 0.127 0.128 0.131 0.141 0.151 0.161 0.171 0.181 0.191 0.201 0.000 0.000 0.000 0.000 0.000 0.248 0.256 0.265 0.202 0.160 0.121 0.000
0.000 0.000 0.000 0.000 0.000 0.000 0.000 0.000 0.000 0.000 0.002 0.003 0.004 0.005 0.006 0.007 0.008 0.008 0.009 0.009 0.009 0.009 0.009 0.009 0.009 0.009 0.009 0.008 0.008 0.007 0.006 0.005 0.004 0.003 0.002 0.000 0.000 0.000 0.000 0.000 0.000 0.000 0.000 0.000 0.119 0.135 0.152 0.170 0.000 0.162 0.151 0.138 0.126 0.126 0.126 0.126 0.127 0.128 0.138 0.148 0.158 0.168 0.179 0.189 0.000 0.000 0.000 0.000 0.000 0.000 0.000 0.257 0.266 0.270 0.231 0.191 0.000
0.000 0.000 0.000 0.000 0.000 0.000 0.000 0.000 0.000 0.000 0.000 0.002 0.003 0.004 0.005 0.006 0.007 0.008 0.008 0.008 0.008 0.008 0.008 0.008 0.008 0.008 0.008 0.008 0.007 0.006 0.005 0.004 0.003 0.002 0.000 0.000 0.000 0.000 0.000 0.000 0.000 0.000 0.000 0.000 0.000 0.111 0.127 0.143 0.159 0.144 0.131 0.125 0.125 0.125 0.125 0.126 0.126 0.126 0.135 0.145 0.156 0.166 0.176 0.000 0.000 0.000 0.000 0.000 0.000 0.000 0.000 0.000 0.000 0.275 0.270 0.259 0.217
0.000 0.000 0.000 0.000 0.000 0.000 0.000 0.000 0.000 0.000 0.000 0.000 0.002 0.003 0.004 0.005 0.006 0.007 0.007 0.007 0.007 0.007 0.007 0.007 0.007 0.007 0.007 0.007 0.006 0.005 0.004 0.003 0.002 0.000 0.000 0.000 0.000 0.000 0.000 0.000 0.000 0.000 0.000 0.000 0.000 0.000 0.103 0.118 0.134 0.127 0.125 0.124 0.124 0.123 0.124 0.124 0.125 0.125 0.132 0.143 0.153 0.164 0.174 0.000 0.000 0.000 0.000 0.000 0.000 0.000 0.000 0.000 0.000 0.000 0.000 0.266 0.261
0.000 0.000 0.000 0.000 0.000 0.000 0.000 0.000 0.000 0.000 0.000 0.000 0.000 0.002 0.003 0.004 0.005 0.006 0.006 0.006 0.006 0.006 0.006 0.006 0.006 0.006 0.006 0.006 0.005 0.004 0.003 0.002 0.000 0.000 0.000 0.000 0.000 0.000 0.000 0.000 0.000 0.000 0.000 0.000 0.000 0.000 0.000 0.095 0.111 0.125 0.124 0.123 0.122 0.122 0.123 0.123 0.123 0.123 0.128 0.139 0.150 0.161 0.000 0.000 0.000 0.000 0.000 0.000 0.000 0.000 0.000 0.000 0.000 0.000 0.000 0.000 0.000
0.000 0.000 0.000 0.000 0.000 0.000 0.000 0.000 0.000 0.000 0.000 0.000 0.000 0.000 0.002 0.003 0.004 0.005 0.005 0.005 0.005 0.005 0.005 0.005 0.005 0.005 0.005 0.005 0.004 0.003 0.002 0.000 0.000 0.000 0.000 0.000 0.000 0.000 0.000 0.000 0.000 0.000 0.000 0.000 0.000 0.000 0.000 0.000 0.089 0.107 0.121 0.121 0.120 0.121 0.121 0.121 0.121 0.121 0.125 0.136 0.148 0.159 0.000 0.000 0.000 0.000 0.000 0.000 0.000 0.000 0.000 0.000 0.000 0.000 0.000 0.000 0.000
0.000 0.000 0.000 0.000 0.000 0.000 0.000 0.000 0.000 0.000 0.000 0.000 0.000 0.000 0.000 0.001 0.002 0.003 0.003 0.003 0.003 0.003 0.003 0.003 0.003 0.003 0.003 0.003 0.002 0.001 0.000 0.000 0.000 0.000 0.000 0.000 0.000 0.000 0.000 0.000 0.000 0.000 0.000 0.000 0.000 0.000 0.000 0.000 0.000 0.071 0.103 0.119 0.119 0.118 0.119 0.118 0.118 0.119 0.121 0.133 0.144 0.000 0.000 0.000 0.000 0.000 0.000 0.000 0.000 0.000 0.000 0.000 0.000 0.000 0.000 0.000 0.000
0.000 0.000 0.000 0.000 0.000 0.000 0.000 0.000 0.000 0.000 0.000 0.000 0.000 0.000 0.000 0.000 0.000 0.001 0.001 0.001 0.001 0.001 0.001 0.001 0.001 0.001 0.001 0.001 0.000 0.000 0.000 0.000 0.000 0.000 0.000 0.000 0.000 0.000 0.000 0.000 0.000 0.000 0.000 0.000 0.000 0.000 0.000 0.000 0.000 0.000 0.082 0.102 0.117 0.116 0.116 0.115 0.115 0.115 0.117 0.129 0.141 0.000 0.000 0.000 0.000 0.000 0.000 0.000 0.000 0.000 0.000 0.000 0.000 0.000 0.000 0.000 0.000
0.000 0.000 0.000 0.000 0.000 0.000 0.000 0.000 0.000 0.000 0.000 0.000 0.000 0.000 0.000 0.000 0.000 0.000 0.000 0.000 0.000 0.000 0.000 0.000 0.000 0.000 0.000 0.000 0.000 0.000 0.000 0.000 0.000 0.000 0.000 0.000 0.000 0.000 0.000 0.000 0.000 0.000 0.000 0.000 0.000 0.000 0.000 0.000 0.000 0.000 0.060 0.080 0.100 0.113 0.112 0.110 0.108 0.109 0.112 0.125 0.000 0.000 0.000 0.000 0.000 0.000 0.000 0.000 0.000 0.000 0.000 0.000 0.000 0.000 0.000 0.000 0.000
0.000 0.000 0.000 0.000 0.000 0.000 0.000 0.000 0.000 0.000 0.000 0.000 0.000 0.000 0.000 0.000 0.000 0.000 0.000 0.000 0.000 0.000 0.000 0.000 0.000 0.000 0.000 0.000 0.000 0.000 0.000 0.000 0.000 0.000 0.000 0.000 0.000 0.000 0.000 0.000 0.000 0.000 0.000 0.000 0.000 0.000 0.000 0.000 0.000 0.000 0.000 0.058 0.078 0.096 0.107 0.103 0.092 0.099 0.101 0.000 0.000 0.000 0.000 0.000 0.000 0.000 0.000 0.000 0.000 0.000 0.000 0.000 0.000 0.000 0.000 0.000 0.000
0.000 0.000 0.000 0.000 0.000 0.000 0.000 0.000 0.000 0.000 0.000 0.000 0.000 0.000 0.000 0.000 0.000 0.000 0.000 0.000 0.000 0.000 0.000 0.000 0.000 0.000 0.000 0.000 0.000 0.000 0.000 0.000 0.000 0.000 0.000 0.000 0.000 0.000 0.000 0.000 0.000 0.000 0.000 0.000 0.000 0.000 0.000 0.000 0.000 0.000 0.000 0.036 0.054 0.072 0.090 0.098 0.093 0.093 0.091 0.089 0.000 0.000 0.000 0.000 0.000 0.000 0.000 0.000 0.000 0.000 0.000 0.000 0.000 0.000 0.000 0.000 0.000
0.000 0.000 0.000 0.000 0.000 0.000 0.000 0.000 0.000 0.000 0.000 0.000 0.000 0.000 0.000 0.000 0.000 0.000 0.000 0.000 0.000 0.000 0.000 0.000 0.000 0.000 0.000 0.000 0.000 0.000 0.000 0.000 0.000 0.000 0.000 0.000 0.000 0.000 0.000 0.000 0.000 0.000 0.000 0.000 0.000 0.000 0.000 0.000 0.000 0.000 0.000 0.013 0.031 0.049 0.065 0.082 0.092 0.089 0.085 0.081 0.083 0.000 0.000 0.000 0.000 0.000 0.000 0.000 0.000 0.000 0.000 0.000 0.000 0.000 0.000 0.000 0.000
0.000 0.000 0.000 0.000 0.000 0.000 0.000 0.000 0.000 0.000 0.000 0.000 0.000 0.000 0.000 0.000 0.000 0.000 0.000 0.000 0.000 0.000 0.000 0.000 0.000 0.000 0.000 0.000 0.000 0.000 0.000 0.000 0.000 0.000 0.000 0.000 0.000 0.000 0.000 0.000 0.000 0.000 0.000 0.000 0.000 0.000 0.000 0.000 0.000 0.000 0.000 0.001 0.008 0.025 0.042 0.059 0.075 0.085 0.080 0.073 0.073 0.067 0.068 0.000 0.000 0.000 0.000 0.000 0.000 0.000 0.000 0.000 0.000 0.000 0.000 0.000 0.000
0.000 0.000 0.000 0.000 0.000 0.000 0.000 0.000 0.000 0.000 0.000 0.000 0.000 0.000 0.000 0.000 0.000 0.000 0.000 0.000 0.000 0.000 0.000 0.000 0.000 0.000 0.000 0.000 0.000 0.000 0.000 0.000 0.000 0.000 0.000 0.000 0.000 0.000 0.000 0.000 0.000 0.000 0.000 0.000 0.000 0.000 0.000 0.000 0.000 0.000 0.000 0.000 0.001 0.004 0.018 0.035 0.052 0.068 0.074 0.067 0.063 0.059 0.060 0.063 0.000 0.000 0.000 0.000 0.000 0.000 0.000 0.000 0.000 0.000 0.000 0.000 0.000
0.000 0.000 0.000 0.000 0.000 0.000 0.000 0.000 0.000 0.000 0.000 0.000 0.000 0.000 0.000 0.000 0.000 0.000 0.000 0.000 0.000 0.000 0.000 0.000 0.000 0.000 0.000 0.000 0.000 0.000 0.000 0.000 0.000 0.000 0.000 0.000 0.000 0.000 0.000 0.000 0.000 0.000 0.000 0.000 0.000 0.000 0.000 0.000 0.000 0.000 0.000 0.000 0.000 0.001 0.002 0.011 0.028 0.043 0.057 0.059 0.052 0.050 0.053 0.055 0.057 0.000 0.000 0.000 0.000 0.000 0.000 0.000 0.000 0.000 0.000 0.000 0.000
