数据/LID_VS_30y/LID_VS_res/LID_VS_132-0001.wd
ncols         694
nrows         824
xllcorner     581104.939801
yllcorner     3495917.092414
cellsize      2.000000
NODATA_value  -9999.000000
[rows 408 to 441 of 824, columns 385 to 461 of 694]
0.000 0.000 0.000 0.000 0.000 0.000 0.000 0.000 0.000 0.000 0.000 0.000 0.000 0.000 0.000 0.000 0.000 0.000 0.000 0.000 0.000 0.000 0.000 0.000 0.000 0.000 0.000 0.000 0.000 0.000 0.000 0.000 0.048 0.057 0.065 0.073 0.080 0.079 0.071 0.080 0.082 0.083 0.082 0.000 0.000 0.000 0.000 0.000 0.000 0.000 0.034 0.035 0.035 0.035 0.035 0.032 0.027 0.023 0.018 0.014 0.009 0.004 0.000 0.000 0.000 0.000 0.000 0.000 0.000 0.000 0.000 0.000 0.000 0.000 0.000 0.000 0.000
0.000 0.000 0.000 0.000 0.000 0.000 0.000 0.000 0.000 0.000 0.000 0.000 0.000 0.000 0.000 0.000 0.000 0.000 0.000 0.000 0.000 0.000 0.000 0.000 0.000 0.000 0.000 0.000 0.000 0.000 0.000 0.041 0.050 0.058 0.066 0.075 0.080 0.080 0.079 0.080 0.081 0.082 0.082 0.000 0.000 0.000 0.000 0.000 0.000 0.034 0.034 0.035 0.034 0.034 0.035 0.035 0.035 0.030 0.026 0.021 0.016 0.011 0.007 0.000 0.000 0.000 0.000 0.000 0.000 0.000 0.000 0.000 0.000 0.000 0.000 0.000 0.000
0.000 0.000 0.000 0.000 0.000 0.000 0.000 0.000 0.000 0.000 0.000 0.000 0.000 0.000 0.000 0.000 0.000 0.000 0.000 0.000 0.000 0.000 0.000 0.000 0.000 0.000 0.000 0.000 0.000 0.000 0.000 0.043 0.051 0.060 0.068 0.077 0.080 0.081 0.081 0.081 0.081 0.082 0.082 0.000 0.000 0.000 0.000 0.000 0.000 0.034 0.034 0.035 0.034 0.035 0.034 0.035 0.034 0.034 0.033 0.028 0.024 0.019 0.014 0.009 0.004 0.000 0.000 0.000 0.000 0.000 0.000 0.000 0.000 0.000 0.000 0.000 0.000
0.000 0.000 0.000 0.000 0.000 0.000 0.000 0.000 0.000 0.000 0.000 0.000 0.000 0.000 0.000 0.000 0.000 0.000 0.000 0.000 0.000 0.000 0.000 0.000 0.000 0.000 0.000 0.000 0.000 0.000 0.000 0.045 0.053 0.062 0.070 0.079 0.081 0.081 0.082 0.082 0.082 0.082 0.081 0.000 0.000 0.000 0.000 0.000 0.000 0.035 0.035 0.035 0.035 0.035 0.035 0.035 0.034 0.034 0.034 0.034 0.031 0.026 0.021 0.016 0.011 0.007 0.000 0.000 0.000 0.000 0.000 0.000 0.000 0.000 0.000 0.000 0.000
0.000 0.000 0.000 0.000 0.000 0.000 0.000 0.000 0.000 0.000 0.000 0.000 0.000 0.000 0.000 0.000 0.000 0.000 0.000 0.000 0.000 0.000 0.000 0.000 0.000 0.000 0.000 0.000 0.000 0.000 0.000 0.047 0.055 0.064 0.072 0.081 0.081 0.082 0.082 0.082 0.083 0.083 0.000 0.000 0.000 0.000 0.000 0.000 0.000 0.035 0.035 0.035 0.035 0.035 0.035 0.035 0.034 0.034 0.034 0.034 0.034 0.033 0.029 0.024 0.019 0.014 0.009 0.003 0.000 0.000 0.000 0.000 0.000 0.000 0.000 0.000 0.000
0.000 0.000 0.000 0.000 0.000 0.000 0.000 0.000 0.000 0.000 0.000 0.000 0.000 0.000 0.000 0.000 0.000 0.000 0.000 0.000 0.000 0.000 0.000 0.000 0.000 0.000 0.000 0.000 0.000 0.000 0.040 0.050 0.058 0.066 0.075 0.082 0.082 0.082 0.083 0.083 0.083 0.083 0.000 0.000 0.000 0.000 0.000 0.000 0.035 0.035 0.035 0.035 0.035 0.035 0.035 0.035 0.034 0.034 0.034 0.034 0.033 0.033 0.033 0.031 0.026 0.021 0.016 0.011 0.006 0.000 0.000 0.000 0.000 0.000 0.000 0.000 0.000
0.000 0.000 0.000 0.000 0.000 0.000 0.000 0.000 0.000 0.000 0.000 0.000 0.000 0.000 0.000 0.000 0.000 0.000 0.000 0.000 0.000 0.000 0.000 0.000 0.000 0.000 0.000 0.000 0.000 0.000 0.042 0.052 0.060 0.068 0.077 0.083 0.083 0.082 0.083 0.084 0.084 0.083 0.000 0.000 0.000 0.000 0.000 0.000 0.036 0.036 0.036 0.036 0.035 0.035 0.035 0.035 0.035 0.034 0.034 0.034 0.033 0.033 0.032 0.032 0.032 0.028 0.023 0.018 0.013 0.007 0.000 0.000 0.000 0.000 0.000 0.000 0.000
0.000 0.000 0.000 0.000 0.000 0.000 0.000 0.000 0.000 0.000 0.000 0.000 0.000 0.000 0.000 0.000 0.000 0.000 0.000 0.000 0.000 0.000 0.000 0.000 0.000 0.000 0.000 0.000 0.000 0.000 0.045 0.054 0.062 0.070 0.079 0.083 0.083 0.083 0.083 0.084 0.084 0.000 0.000 0.000 0.000 0.000 0.000 0.000 0.036 0.036 0.036 0.036 0.036 0.035 0.035 0.035 0.035 0.034 0.034 0.034 0.033 0.033 0.032 0.032 0.031 0.031 0.030 0.025 0.020 0.014 0.009 0.004 0.000 0.000 0.000 0.000 0.000
0.000 0.000 0.000 0.000 0.000 0.000 0.000 0.000 0.000 0.000 0.000 0.000 0.000 0.000 0.000 0.000 0.000 0.000 0.000 0.000 0.000 0.000 0.000 0.000 0.000 0.000 0.000 0.000 0.000 0.000 0.047 0.055 0.064 0.072 0.080 0.083 0.083 0.083 0.084 0.085 0.085 0.000 0.000 0.000 0.000 0.000 0.000 0.037 0.037 0.036 0.036 0.036 0.036 0.036 0.035 0.035 0.035 0.034 0.034 0.034 0.033 0.033 0.032 0.031 0.031 0.030 0.030 0.029 0.027 0.021 0.016 0.011 0.005 0.000 0.000 0.000 0.000
0.000 0.000 0.000 0.000 0.000 0.000 0.000 0.000 0.000 0.000 0.000 0.000 0.000 0.000 0.000 0.000 0.000 0.000 0.000 0.000 0.000 0.000 0.000 0.000 0.000 0.000 0.000 0.000 0.034 0.042 0.049 0.057 0.065 0.074 0.082 0.084 0.083 0.083 0.084 0.084 0.085 0.000 0.000 0.000 0.000 0.000 0.000 0.037 0.037 0.037 0.037 0.036 0.036 0.036 0.036 0.035 0.035 0.034 0.034 0.033 0.033 0.032 0.032 0.031 0.031 0.030 0.029 0.029 0.028 0.027 0.023 0.017 0.012 0.007 0.000 0.000 0.000
0.000 0.000 0.000 0.000 0.000 0.000 0.000 0.000 0.000 0.000 0.000 0.000 0.000 0.000 0.000 0.000 0.000 0.000 0.000 0.000 0.000 0.000 0.000 0.000 0.000 0.000 0.000 0.000 0.035 0.043 0.051 0.059 0.067 0.076 0.084 0.084 0.084 0.084 0.085 0.084 0.084 0.000 0.000 0.000 0.000 0.000 0.000 0.037 0.037 0.037 0.037 0.037 0.036 0.036 0.036 0.035 0.035 0.034 0.034 0.033 0.033 0.032 0.032 0.031 0.030 0.030 0.029 0.028 0.027 0.026 0.026 0.024 0.019 0.013 0.008 0.000 0.000
0.000 0.000 0.000 0.000 0.000 0.000 0.000 0.000 0.000 0.000 0.000 0.000 0.000 0.000 0.000 0.000 0.000 0.000 0.000 0.000 0.000 0.000 0.000 0.000 0.000 0.000 0.000 0.000 0.036 0.045 0.053 0.061 0.069 0.078 0.084 0.084 0.084 0.084 0.085 0.084 0.083 0.000 0.000 0.000 0.000 0.000 0.000 0.038 0.038 0.038 0.038 0.037 0.037 0.036 0.036 0.036 0.035 0.035 0.034 0.033 0.033 0.032 0.031 0.031 0.030 0.029 0.028 0.028 0.027 0.026 0.025 0.024 0.023 0.020 0.014 0.008 0.001
0.000 0.000 0.000 0.000 0.000 0.000 0.000 0.000 0.000 0.000 0.000 0.000 0.000 0.000 0.000 0.000 0.000 0.000 0.000 0.000 0.000 0.000 0.000 0.000 0.000 0.000 0.000 0.000 0.037 0.047 0.055 0.063 0.072 0.079 0.085 0.085 0.085 0.085 0.084 0.084 0.085 0.000 0.000 0.000 0.000 0.000 0.039 0.038 0.038 0.038 0.038 0.038 0.037 0.037 0.036 0.036 0.035 0.035 0.034 0.033 0.033 0.032 0.031 0.030 0.030 0.029 0.028 0.027 0.026 0.025 0.024 0.023 0.022 0.021 0.020 0.015 0.008
0.000 0.000 0.000 0.000 0.000 0.000 0.000 0.000 0.000 0.000 0.000 0.000 0.000 0.000 0.000 0.000 0.000 0.000 0.000 0.000 0.000 0.000 0.000 0.000 0.000 0.000 0.000 0.000 0.040 0.048 0.057 0.065 0.074 0.082 0.085 0.086 0.085 0.086 0.085 0.084 0.085 0.000 0.000 0.000 0.000 0.000 0.039 0.039 0.039 0.039 0.039 0.038 0.038 0.037 0.037 0.036 0.035 0.035 0.034 0.033 0.032 0.032 0.031 0.030 0.029 0.029 0.028 0.027 0.026 0.025 0.024 0.022 0.021 0.020 0.019 0.017 0.015
0.000 0.000 0.000 0.000 0.000 0.000 0.000 0.000 0.000 0.000 0.000 0.000 0.000 0.000 0.000 0.000 0.000 0.000 0.000 0.000 0.000 0.000 0.000 0.000 0.000 0.000 0.000 0.033 0.042 0.050 0.059 0.068 0.075 0.085 0.085 0.086 0.086 0.085 0.085 0.085 0.085 0.000 0.000 0.000 0.000 0.000 0.039 0.039 0.040 0.040 0.040 0.039 0.038 0.038 0.037 0.036 0.035 0.035 0.034 0.033 0.032 0.032 0.031 0.030 0.029 0.028 0.027 0.026 0.025 0.024 0.023 0.022 0.020 0.019 0.018 0.016 0.014
0.000 0.000 0.000 0.000 0.000 0.000 0.000 0.000 0.000 0.000 0.000 0.000 0.000 0.000 0.000 0.000 0.000 0.000 0.000 0.000 0.000 0.000 0.000 0.000 0.000 0.000 0.000 0.035 0.044 0.053 0.061 0.070 0.078 0.086 0.086 0.086 0.086 0.086 0.085 0.085 0.084 0.082 0.080 0.000 0.000 0.000 0.000 0.000 0.042 0.041 0.041 0.040 0.039 0.038 0.037 0.036 0.036 0.035 0.034 0.033 0.032 0.031 0.030 0.029 0.028 0.028 0.026 0.025 0.024 0.023 0.022 0.021 0.019 0.018 0.016 0.015 0.013
0.000 0.000 0.000 0.000 0.000 0.000 0.000 0.000 0.000 0.000 0.000 0.000 0.000 0.000 0.000 0.000 0.000 0.000 0.000 0.000 0.000 0.000 0.000 0.000 0.000 0.000 0.000 0.037 0.045 0.054 0.063 0.072 0.080 0.087 0.086 0.086 0.086 0.086 0.086 0.085 0.083 0.081 0.079 0.075 0.071 0.069 0.000 0.049 0.046 0.043 0.042 0.041 0.040 0.039 0.038 0.037 0.036 0.035 0.034 0.033 0.032 0.031 0.030 0.029 0.028 0.027 0.026 0.025 0.023 0.022 0.021 0.020 0.018 0.017 0.015 0.013 0.011
0.000 0.000 0.000 0.000 0.000 0.000 0.000 0.000 0.000 0.000 0.000 0.000 0.000 0.000 0.000 0.000 0.000 0.000 0.000 0.000 0.000 0.000 0.000 0.000 0.000 0.000 0.000 0.038 0.046 0.056 0.064 0.074 0.082 0.087 0.087 0.086 0.086 0.086 0.086 0.085 0.083 0.080 0.077 0.074 0.070 0.066 0.059 0.052 0.048 0.045 0.043 0.041 0.040 0.039 0.038 0.037 0.036 0.035 0.034 0.033 0.032 0.031 0.030 0.028 0.027 0.026 0.025 0.024 0.023 0.021 0.020 0.018 0.017 0.015 0.013 0.011 0.008
0.000 0.000 0.000 0.000 0.000 0.000 0.000 0.000 0.000 0.000 0.000 0.000 0.000 0.000 0.000 0.000 0.000 0.000 0.000 0.000 0.000 0.000 0.000 0.000 0.000 0.000 0.000 0.040 0.048 0.057 0.067 0.076 0.084 0.090 0.087 0.087 0.087 0.086 0.087 0.085 0.000 0.078 0.076 0.073 0.068 0.064 0.058 0.052 0.048 0.046 0.044 0.042 0.040 0.039 0.038 0.037 0.036 0.035 0.033 0.032 0.031 0.030 0.029 0.028 0.027 0.025 0.024 0.023 0.021 0.020 0.018 0.017 0.015 0.013 0.010 0.007 0.006
0.000 0.000 0.000 0.000 0.000 0.000 0.000 0.000 0.000 0.000 0.000 0.000 0.000 0.000 0.000 0.000 0.000 0.000 0.000 0.000 0.000 0.000 0.000 0.000 0.000 0.000 0.000 0.041 0.050 0.060 0.068 0.077 0.085 0.087 0.088 0.088 0.087 0.086 0.087 0.000 0.000 0.000 0.000 0.000 0.065 0.062 0.055 0.051 0.048 0.046 0.044 0.042 0.041 0.039 0.038 0.037 0.036 0.034 0.033 0.032 0.031 0.030 0.028 0.027 0.026 0.024 0.023 0.022 0.020 0.018 0.017 0.015 0.012 0.009 0.008 0.007 0.006
0.000 0.000 0.000 0.000 0.000 0.000 0.000 0.000 0.000 0.000 0.000 0.000 0.000 0.000 0.000 0.000 0.000 0.000 0.000 0.000 0.000 0.000 0.000 0.000 0.000 0.000 0.035 0.043 0.051 0.061 0.069 0.079 0.086 0.087 0.087 0.086 0.086 0.087 0.000 0.000 0.000 0.000 0.000 0.000 0.000 0.000 0.050 0.048 0.047 0.045 0.044 0.042 0.041 0.039 0.038 0.037 0.035 0.034 0.033 0.031 0.030 0.029 0.027 0.026 0.025 0.023 0.022 0.020 0.018 0.016 0.014 0.011 0.009 0.009 0.008 0.007 0.006
0.000 0.000 0.000 0.000 0.000 0.000 0.000 0.000 0.000 0.000 0.000 0.000 0.000 0.000 0.000 0.000 0.000 0.000 0.000 0.000 0.000 0.000 0.000 0.000 0.000 0.000 0.036 0.045 0.054 0.063 0.072 0.080 0.087 0.086 0.087 0.087 0.087 0.087 0.000 0.000 0.000 0.000 0.000 0.000 0.000 0.000 0.048 0.047 0.046 0.045 0.043 0.042 0.041 0.039 0.038 0.037 0.035 0.034 0.032 0.031 0.029 0.028 0.026 0.025 0.023 0.022 0.020 0.018 0.015 0.012 0.011 0.010 0.010 0.009 0.008 0.007 0.007
0.000 0.000 0.000 0.000 0.000 0.000 0.000 0.000 0.000 0.000 0.000 0.000 0.000 0.000 0.000 0.000 0.000 0.000 0.000 0.000 0.000 0.000 0.000 0.000 0.000 0.000 0.038 0.047 0.055 0.065 0.072 0.082 0.086 0.086 0.086 0.085 0.087 0.000 0.000 0.000 0.000 0.000 0.046 0.046 0.046 0.046 0.046 0.046 0.045 0.044 0.043 0.042 0.040 0.039 0.038 0.036 0.035 0.033 0.032 0.030 0.028 0.027 0.025 0.023 0.021 0.019 0.017 0.014 0.012 0.011 0.011 0.010 0.010 0.009 0.008 0.008 0.007
0.000 0.000 0.000 0.000 0.000 0.000 0.000 0.000 0.000 0.000 0.000 0.000 0.000 0.000 0.000 0.000 0.000 0.000 0.000 0.000 0.000 0.000 0.000 0.000 0.000 0.000 0.040 0.049 0.057 0.065 0.075 0.083 0.086 0.087 0.086 0.088 0.087 0.000 0.000 0.000 0.000 0.000 0.000 0.046 0.046 0.046 0.046 0.045 0.045 0.044 0.043 0.041 0.040 0.039 0.037 0.036 0.034 0.032 0.031 0.029 0.027 0.025 0.023 0.021 0.019 0.016 0.013 0.012 0.012 0.011 0.011 0.010 0.010 0.009 0.008 0.008 0.009
0.000 0.000 0.000 0.000 0.000 0.000 0.000 0.000 0.000 0.000 0.000 0.000 0.000 0.000 0.000 0.000 0.000 0.000 0.000 0.000 0.000 0.000 0.000 0.000 0.000 0.000 0.041 0.049 0.059 0.067 0.076 0.084 0.086 0.086 0.086 0.085 0.085 0.000 0.000 0.000 0.000 0.000 0.000 0.000 0.000 0.000 0.045 0.045 0.044 0.043 0.042 0.041 0.040 0.038 0.037 0.035 0.033 0.031 0.029 0.027 0.025 0.023 0.020 0.018 0.014 0.014 0.013 0.013 0.012 0.012 0.011 0.011 0.010 0.009 0.009 0.009 0.010
0.000 0.000 0.000 0.000 0.000 0.000 0.000 0.000 0.000 0.000 0.000 0.000 0.000 0.000 0.000 0.000 0.000 0.000 0.000 0.000 0.000 0.000 0.000 0.000 0.000 0.033 0.043 0.051 0.060 0.069 0.078 0.086 0.087 0.086 0.086 0.086 0.000 0.000 0.000 0.000 0.000 0.000 0.000 0.000 0.000 0.000 0.000 0.000 0.044 0.043 0.042 0.040 0.039 0.038 0.036 0.034 0.032 0.030 0.027 0.025 0.022 0.019 0.016 0.015 0.014 0.014 0.013 0.013 0.012 0.012 0.011 0.011 0.010 0.010 0.009 0.011 0.009
0.000 0.000 0.000 0.000 0.000 0.000 0.000 0.000 0.000 0.000 0.000 0.000 0.000 0.000 0.000 0.000 0.000 0.000 0.000 0.000 0.000 0.000 0.000 0.000 0.000 0.035 0.044 0.052 0.061 0.070 0.079 0.087 0.087 0.087 0.087 0.087 0.000 0.000 0.000 0.000 0.000 0.000 0.000 0.000 0.000 0.000 0.000 0.000 0.000 0.000 0.000 0.040 0.039 0.037 0.035 0.033 0.030 0.027 0.025 0.022 0.018 0.016 0.016 0.015 0.015 0.014 0.014 0.013 0.013 0.012 0.012 0.011 0.010 0.010 0.011 0.013 0.008
0.000 0.000 0.000 0.000 0.000 0.000 0.000 0.000 0.000 0.000 0.000 0.000 0.000 0.000 0.000 0.000 0.000 0.000 0.000 0.000 0.000 0.000 0.000 0.000 0.000 0.036 0.045 0.054 0.062 0.071 0.080 0.086 0.087 0.087 0.086 0.087 0.000 0.000 0.000 0.000 0.000 0.000 0.000 0.000 0.000 0.000 0.000 0.000 0.000 0.000 0.000 0.000 0.000 0.000 0.033 0.032 0.027 0.024 0.020 0.017 0.017 0.016 0.016 0.015 0.015 0.014 0.014 0.013 0.013 0.012 0.012 0.011 0.011 0.011 0.014 0.013 0.007
0.000 0.000 0.000 0.000 0.000 0.000 0.000 0.000 0.000 0.000 0.000 0.000 0.000 0.000 0.000 0.000 0.000 0.000 0.000 0.002 0.004 0.000 0.000 0.000 0.000 0.037 0.045 0.054 0.063 0.072 0.081 0.086 0.086 0.086 0.085 0.086 0.000 0.000 0.000 0.000 0.000 0.000 0.000 0.000 0.000 0.000 0.000 0.000 0.000 0.000 0.000 0.000 0.000 0.000 0.000 0.000 0.020 0.018 0.018 0.017 0.017 0.016 0.016 0.016 0.015 0.015 0.014 0.014 0.013 0.013 0.012 0.012 0.012 0.014 0.018 0.013 0.007
0.000 0.000 0.000 0.000 0.000 0.000 0.000 0.000 0.000 0.000 0.000 0.000 0.000 0.000 0.000 0.000 0.000 0.000 0.000 0.002 0.003 0.006 0.000 0.000 0.000 0.037 0.046 0.055 0.065 0.074 0.083 0.086 0.086 0.086 0.085 0.000 0.000 0.000 0.000 0.000 0.000 0.000 0.000 0.000 0.000 0.000 0.000 0.000 0.000 0.000 0.000 0.000 0.000 0.000 0.000 0.000 0.015 0.016 0.017 0.017 0.017 0.016 0.016 0.016 0.015 0.015 0.014 0.014 0.013 0.013 0.013 0.014 0.016 0.021 0.021 0.015 0.009
0.000 0.000 0.000 0.000 0.000 0.000 0.000 0.000 0.000 0.000 0.000 0.000 0.000 0.000 0.000 0.000 0.000 0.000 0.001 0.002 0.003 0.006 0.013 0.022 0.030 0.038 0.047 0.057 0.066 0.075 0.084 0.085 0.086 0.085 0.086 0.000 0.000 0.000 0.000 0.000 0.000 0.000 0.000 0.000 0.000 0.000 0.000 0.000 0.000 0.000 0.000 0.000 0.000 0.000 0.000 0.000 0.013 0.015 0.016 0.016 0.016 0.016 0.016 0.016 0.015 0.015 0.015 0.014 0.014 0.014 0.016 0.019 0.025 0.030 0.025 0.020 0.014
0.000 0.000 0.000 0.000 0.000 0.000 0.000 0.000 0.000 0.000 0.000 0.000 0.000 0.000 0.000 0.000 0.000 0.000 0.001 0.002 0.003 0.006 0.014 0.023 0.031 0.040 0.049 0.058 0.067 0.075 0.084 0.085 0.084 0.084 0.085 0.000 0.000 0.000 0.000 0.000 0.000 0.000 0.000 0.000 0.000 0.000 0.000 0.000 0.000 0.000 0.000 0.000 0.000 0.000 0.000 0.001 0.012 0.014 0.015 0.016 0.016 0.016 0.016 0.016 0.016 0.015 0.015 0.015 0.015 0.018 0.023 0.030 0.037 0.037 0.032 0.026 0.020
0.000 0.000 0.002 0.000 0.000 0.000 0.000 0.000 0.000 0.000 0.000 0.000 0.000 0.000 0.000 0.000 0.001 0.001 0.001 0.002 0.003 0.007 0.015 0.024 0.032 0.041 0.050 0.058 0.068 0.077 0.082 0.084 0.084 0.083 0.084 0.000 0.000 0.000 0.000 0.000 0.000 0.000 0.000 0.000 0.000 0.000 0.000 0.000 0.000 0.000 0.000 0.000 0.000 0.000 0.000 0.001 0.010 0.013 0.014 0.015 0.015 0.016 0.016 0.016 0.016 0.016 0.016 0.016 0.019 0.025 0.034 0.000 0.000 0.044 0.039 0.032 0.026
0.000 0.000 0.016 0.011 0.007 0.001 0.000 0.000 0.000 0.000 0.000 0.000 0.000 0.000 0.001 0.001 0.001 0.001 0.001 0.001 0.003 0.008 0.016 0.024 0.033 0.042 0.051 0.060 0.068 0.078 0.082 0.082 0.083 0.083 0.000 0.000 0.000 0.000 0.000 0.000 0.000 0.000 0.000 0.000 0.000 0.000 0.000 0.000 0.000 0.000 0.000 0.000 0.000 0.000 0.000 0.000 0.009 0.012 0.013 0.014 0.015 0.016 0.016 0.016 0.016 0.017 0.017 0.019 0.023 0.029 0.000 0.000 0.000 0.000 0.000 0.039 0.033
