数据/LID_VS_30y/LID_VS_res/LID_VS_115-0001.wd
ncols         694
nrows         824
xllcorner     581104.939801
yllcorner     3495917.092414
cellsize      2.000000
NODATA_value  -9999.000000
[rows 442 to 475 of 824, columns 385 to 461 of 694]
0.000 0.000 0.000 0.000 0.000 0.000 0.000 0.000 0.000 0.000 0.000 0.000 0.001 0.002 0.003 0.004 0.005 0.006 0.007 0.009 0.012 0.023 0.033 0.042 0.052 0.062 0.071 0.081 0.090 0.099 0.103 0.104 0.104 0.105 0.000 0.000 0.000 0.000 0.000 0.000 0.000 0.000 0.000 0.000 0.000 0.000 0.000 0.000 0.000 0.000 0.000 0.000 0.000 0.000 0.000 0.000 0.009 0.012 0.014 0.016 0.017 0.017 0.017 0.017 0.016 0.015 0.014 0.012 0.010 0.009 0.000 0.000 0.000 0.000 0.000 0.000 0.000
0.000 0.000 0.000 0.000 0.000 0.007 0.011 0.014 0.012 0.008 0.004 0.003 0.003 0.004 0.005 0.006 0.007 0.008 0.010 0.012 0.014 0.020 0.031 0.041 0.051 0.062 0.071 0.081 0.090 0.099 0.101 0.101 0.102 0.104 0.000 0.000 0.000 0.000 0.000 0.000 0.000 0.000 0.000 0.000 0.000 0.000 0.000 0.000 0.000 0.000 0.000 0.000 0.000 0.000 0.000 0.000 0.009 0.012 0.015 0.018 0.018 0.018 0.019 0.018 0.018 0.017 0.015 0.013 0.010 0.007 0.001 0.000 0.000 0.000 0.000 0.000 0.000
0.000 0.000 0.000 0.000 0.000 0.000 0.000 0.029 0.026 0.022 0.019 0.015 0.012 0.009 0.009 0.009 0.009 0.011 0.012 0.014 0.016 0.019 0.028 0.040 0.050 0.060 0.071 0.081 0.091 0.099 0.098 0.098 0.098 0.000 0.000 0.000 0.000 0.000 0.000 0.000 0.000 0.000 0.000 0.000 0.000 0.000 0.000 0.000 0.000 0.000 0.000 0.000 0.000 0.000 0.000 0.002 0.013 0.018 0.022 0.024 0.022 0.022 0.023 0.023 0.021 0.019 0.017 0.014 0.010 0.005 0.001 0.000 0.000 0.000 0.000 0.000 0.000
0.000 0.000 0.000 0.000 0.000 0.000 0.000 0.000 0.035 0.034 0.031 0.028 0.024 0.020 0.017 0.014 0.014 0.014 0.015 0.017 0.019 0.021 0.024 0.036 0.048 0.059 0.069 0.081 0.094 0.096 0.094 0.093 0.093 0.000 0.000 0.000 0.000 0.000 0.000 0.000 0.000 0.000 0.000 0.000 0.000 0.000 0.000 0.000 0.000 0.000 0.000 0.000 0.000 0.000 0.000 0.000 0.000 0.031 0.000 0.000 0.027 0.030 0.032 0.031 0.026 0.023 0.020 0.017 0.012 0.005 0.000 0.000 0.000 0.000 0.000 0.000 0.000
0.000 0.000 0.000 0.000 0.000 0.000 0.000 0.000 0.000 0.000 0.039 0.038 0.036 0.032 0.027 0.024 0.021 0.019 0.019 0.020 0.022 0.024 0.026 0.031 0.044 0.055 0.066 0.076 0.086 0.090 0.088 0.087 0.086 0.000 0.000 0.000 0.000 0.000 0.000 0.000 0.000 0.000 0.000 0.000 0.000 0.000 0.000 0.000 0.000 0.000 0.000 0.000 0.000 0.000 0.000 0.000 0.000 0.000 0.000 0.000 0.000 0.000 0.000 0.000 0.027 0.029 0.028 0.023 0.014 0.006 0.000 0.000 0.000 0.000 0.000 0.000 0.000
0.000 0.000 0.000 0.000 0.000 0.000 0.000 0.000 0.000 0.000 0.000 0.043 0.041 0.039 0.038 0.035 0.031 0.027 0.025 0.024 0.024 0.026 0.028 0.031 0.038 0.050 0.061 0.071 0.080 0.083 0.081 0.078 0.073 0.060 0.051 0.046 0.000 0.000 0.000 0.000 0.000 0.000 0.000 0.000 0.000 0.000 0.000 0.000 0.000 0.000 0.000 0.000 0.000 0.000 0.000 0.000 0.000 0.000 0.000 0.000 0.000 0.000 0.000 0.000 0.000 0.000 0.000 0.000 0.006 0.000 0.000 0.000 0.000 0.000 0.000 0.000 0.000
0.000 0.000 0.000 0.000 0.000 0.000 0.000 0.000 0.000 0.000 0.000 0.000 0.000 0.044 0.042 0.041 0.039 0.037 0.033 0.030 0.029 0.029 0.030 0.032 0.034 0.044 0.055 0.065 0.074 0.075 0.073 0.070 0.064 0.055 0.046 0.038 0.029 0.023 0.019 0.019 0.000 0.000 0.000 0.000 0.000 0.000 0.000 0.000 0.000 0.000 0.000 0.000 0.000 0.000 0.000 0.000 0.000 0.000 0.000 0.000 0.000 0.000 0.000 0.000 0.000 0.000 0.000 0.000 0.000 0.000 0.000 0.000 0.000 0.000 0.000 0.000 0.000
0.000 0.000 0.000 0.000 0.000 0.000 0.000 0.000 0.000 0.000 0.000 0.000 0.000 0.000 0.000 0.045 0.043 0.041 0.039 0.037 0.035 0.033 0.033 0.033 0.035 0.037 0.049 0.059 0.067 0.067 0.065 0.061 0.055 0.046 0.042 0.038 0.032 0.027 0.024 0.022 0.017 0.014 0.014 0.000 0.000 0.000 0.000 0.000 0.000 0.000 0.000 0.000 0.000 0.000 0.000 0.000 0.000 0.000 0.000 0.000 0.000 0.000 0.000 0.000 0.000 0.000 0.000 0.000 0.000 0.000 0.000 0.000 0.000 0.000 0.000 0.000 0.000
0.000 0.000 0.000 0.000 0.000 0.000 0.000 0.000 0.000 0.000 0.000 0.000 0.000 0.000 0.000 0.000 0.047 0.045 0.041 0.039 0.037 0.037 0.037 0.036 0.036 0.037 0.040 0.051 0.059 0.057 0.055 0.050 0.048 0.045 0.042 0.038 0.034 0.030 0.027 0.024 0.021 0.018 0.016 0.012 0.010 0.008 0.008 0.000 0.000 0.000 0.000 0.000 0.000 0.000 0.000 0.000 0.000 0.000 0.000 0.000 0.000 0.000 0.000 0.000 0.000 0.000 0.000 0.000 0.000 0.000 0.000 0.000 0.000 0.000 0.000 0.000 0.000
0.000 0.000 0.000 0.000 0.000 0.000 0.000 0.000 0.000 0.000 0.000 0.000 0.000 0.000 0.000 0.000 0.000 0.000 0.041 0.039 0.037 0.036 0.036 0.036 0.037 0.038 0.038 0.042 0.048 0.046 0.046 0.046 0.045 0.043 0.041 0.038 0.035 0.032 0.029 0.027 0.024 0.022 0.019 0.016 0.014 0.011 0.010 0.007 0.005 0.004 0.003 0.002 0.001 0.000 0.000 0.000 0.000 0.000 0.000 0.000 0.000 0.000 0.000 0.000 0.000 0.000 0.000 0.000 0.000 0.000 0.000 0.000 0.000 0.000 0.000 0.000 0.000
0.000 0.000 0.000 0.000 0.000 0.000 0.000 0.000 0.000 0.000 0.000 0.000 0.000 0.000 0.000 0.000 0.000 0.000 0.040 0.038 0.037 0.036 0.035 0.035 0.035 0.035 0.035 0.035 0.035 0.040 0.042 0.043 0.043 0.042 0.040 0.038 0.036 0.034 0.032 0.030 0.027 0.025 0.022 0.020 0.017 0.015 0.012 0.010 0.008 0.006 0.005 0.004 0.003 0.002 0.001 0.000 0.000 0.000 0.000 0.000 0.000 0.000 0.000 0.000 0.000 0.000 0.000 0.000 0.000 0.000 0.000 0.000 0.000 0.000 0.000 0.000 0.000
0.000 0.000 0.000 0.000 0.000 0.000 0.000 0.000 0.000 0.000 0.000 0.000 0.000 0.000 0.000 0.000 0.000 0.000 0.039 0.037 0.036 0.034 0.033 0.033 0.032 0.031 0.029 0.024 0.000 0.032 0.038 0.041 0.042 0.042 0.041 0.039 0.038 0.036 0.034 0.033 0.030 0.028 0.026 0.023 0.021 0.018 0.015 0.013 0.011 0.009 0.008 0.007 0.005 0.004 0.003 0.002 0.001 0.000 0.000 0.000 0.000 0.000 0.000 0.000 0.000 0.000 0.000 0.000 0.000 0.000 0.000 0.000 0.000 0.000 0.000 0.000 0.000
0.000 0.000 0.000 0.000 0.000 0.000 0.000 0.000 0.000 0.000 0.000 0.000 0.000 0.000 0.000 0.000 0.000 0.000 0.037 0.036 0.034 0.033 0.032 0.031 0.029 0.027 0.024 0.020 0.018 0.028 0.034 0.037 0.039 0.040 0.040 0.040 0.040 0.039 0.038 0.036 0.034 0.032 0.030 0.027 0.025 0.022 0.020 0.017 0.015 0.013 0.012 0.010 0.009 0.007 0.006 0.005 0.004 0.002 0.000 0.000 0.000 0.000 0.000 0.000 0.000 0.000 0.000 0.000 0.000 0.000 0.000 0.000 0.000 0.000 0.000 0.000 0.000
0.000 0.000 0.000 0.000 0.000 0.000 0.000 0.000 0.000 0.000 0.000 0.000 0.000 0.000 0.000 0.000 0.000 0.032 0.034 0.034 0.033 0.032 0.030 0.029 0.027 0.024 0.021 0.019 0.021 0.026 0.031 0.034 0.036 0.038 0.039 0.039 0.039 0.039 0.039 0.038 0.037 0.036 0.035 0.032 0.030 0.027 0.025 0.023 0.020 0.018 0.017 0.015 0.013 0.012 0.010 0.009 0.007 0.006 0.004 0.002 0.000 0.000 0.000 0.000 0.000 0.000 0.000 0.000 0.000 0.000 0.000 0.000 0.000 0.000 0.000 0.000 0.000
0.000 0.000 0.000 0.000 0.000 0.000 0.000 0.000 0.000 0.000 0.000 0.000 0.000 0.000 0.000 0.000 0.000 0.033 0.033 0.032 0.032 0.030 0.029 0.027 0.025 0.022 0.018 0.018 0.021 0.025 0.029 0.032 0.034 0.036 0.037 0.038 0.039 0.039 0.039 0.039 0.038 0.038 0.037 0.036 0.034 0.033 0.031 0.029 0.027 0.025 0.023 0.021 0.019 0.018 0.016 0.014 0.013 0.011 0.010 0.008 0.006 0.003 0.001 0.000 0.001 0.000 0.000 0.000 0.000 0.000 0.000 0.000 0.000 0.000 0.000 0.000 0.000
0.000 0.000 0.000 0.000 0.000 0.000 0.000 0.000 0.000 0.000 0.000 0.000 0.000 0.000 0.000 0.000 0.000 0.033 0.032 0.032 0.031 0.029 0.028 0.026 0.024 0.021 0.016 0.019 0.021 0.025 0.028 0.031 0.033 0.035 0.036 0.038 0.039 0.039 0.040 0.040 0.040 0.039 0.039 0.038 0.037 0.036 0.035 0.033 0.032 0.031 0.030 0.029 0.027 0.025 0.023 0.022 0.020 0.019 0.018 0.017 0.016 0.016 0.016 0.017 0.020 0.011 0.000 0.000 0.000 0.000 0.000 0.000 0.000 0.000 0.000 0.000 0.000
0.000 0.000 0.000 0.000 0.000 0.000 0.000 0.000 0.000 0.000 0.000 0.000 0.000 0.000 0.000 0.000 0.000 0.033 0.032 0.031 0.030 0.028 0.027 0.025 0.022 0.019 0.017 0.019 0.021 0.024 0.027 0.030 0.032 0.034 0.036 0.037 0.039 0.040 0.041 0.042 0.042 0.042 0.041 0.041 0.040 0.039 0.038 0.037 0.036 0.035 0.034 0.033 0.032 0.031 0.031 0.031 0.030 0.029 0.029 0.029 0.029 0.030 0.031 0.032 0.029 0.020 0.004 0.000 0.000 0.000 0.000 0.000 0.000 0.000 0.000 0.000 0.000
0.000 0.000 0.000 0.000 0.000 0.000 0.000 0.000 0.000 0.000 0.000 0.000 0.000 0.000 0.000 0.000 0.028 0.030 0.030 0.030 0.029 0.027 0.026 0.024 0.021 0.017 0.017 0.019 0.021 0.024 0.026 0.029 0.031 0.033 0.036 0.038 0.040 0.042 0.044 0.044 0.044 0.044 0.044 0.044 0.043 0.042 0.041 0.040 0.040 0.039 0.038 0.037 0.037 0.036 0.036 0.036 0.037 0.038 0.039 0.041 0.043 0.044 0.045 0.046 0.034 0.021 0.006 0.001 0.000 0.000 0.000 0.000 0.000 0.000 0.000 0.000 0.000
0.000 0.000 0.000 0.000 0.000 0.000 0.000 0.000 0.000 0.000 0.000 0.000 0.000 0.000 0.000 0.000 0.030 0.030 0.029 0.029 0.028 0.027 0.025 0.023 0.020 0.015 0.016 0.018 0.020 0.023 0.025 0.028 0.031 0.033 0.036 0.040 0.043 0.046 0.048 0.048 0.048 0.048 0.048 0.047 0.047 0.046 0.045 0.044 0.043 0.043 0.042 0.042 0.041 0.041 0.042 0.043 0.044 0.045 0.047 0.049 0.052 0.054 0.055 0.053 0.057 0.050 0.040 0.031 0.023 0.016 0.010 0.003 0.000 0.000 0.000 0.000 0.000
0.000 0.000 0.000 0.000 0.000 0.000 0.000 0.000 0.000 0.000 0.000 0.000 0.000 0.000 0.000 0.000 0.030 0.029 0.029 0.028 0.027 0.026 0.024 0.021 0.018 0.015 0.016 0.018 0.020 0.022 0.025 0.028 0.031 0.035 0.039 0.044 0.049 0.052 0.053 0.052 0.052 0.052 0.052 0.051 0.051 0.050 0.049 0.048 0.048 0.047 0.047 0.047 0.047 0.047 0.048 0.049 0.051 0.053 0.056 0.058 0.060 0.057 0.053 0.048 0.051 0.053 0.055 0.056 0.056 0.046 0.035 0.025 0.017 0.009 0.001 0.000 0.000
0.025 0.023 0.022 0.000 0.000 0.000 0.000 0.000 0.000 0.000 0.000 0.000 0.000 0.000 0.000 0.026 0.028 0.028 0.028 0.027 0.026 0.024 0.023 0.020 0.016 0.014 0.015 0.017 0.019 0.022 0.025 0.028 0.033 0.038 0.044 0.050 0.056 0.060 0.060 0.056 0.056 0.057 0.057 0.055 0.055 0.054 0.053 0.053 0.052 0.052 0.052 0.052 0.052 0.053 0.055 0.056 0.059 0.061 0.064 0.063 0.059 0.055 0.050 0.044 0.045 0.047 0.048 0.049 0.050 0.051 0.051 0.050 0.045 0.033 0.021 0.009 0.001
0.029 0.028 0.027 0.026 0.025 0.024 0.000 0.000 0.000 0.000 0.000 0.000 0.000 0.000 0.000 0.028 0.028 0.027 0.027 0.026 0.025 0.023 0.021 0.018 0.014 0.014 0.015 0.017 0.019 0.022 0.026 0.031 0.036 0.043 0.050 0.057 0.064 0.071 0.000 0.058 0.062 0.063 0.063 0.059 0.059 0.059 0.057 0.057 0.057 0.057 0.057 0.057 0.058 0.060 0.062 0.064 0.067 0.067 0.064 0.060 0.057 0.053 0.048 0.041 0.041 0.041 0.042 0.043 0.043 0.044 0.043 0.042 0.041 0.038 0.032 0.024 0.010
0.034 0.033 0.032 0.031 0.030 0.029 0.027 0.026 0.025 0.023 0.000 0.000 0.000 0.000 0.000 0.029 0.028 0.027 0.026 0.025 0.024 0.022 0.020 0.017 0.013 0.014 0.015 0.016 0.019 0.023 0.028 0.035 0.042 0.049 0.057 0.065 0.073 0.000 0.000 0.000 0.000 0.000 0.000 0.060 0.064 0.064 0.061 0.062 0.062 0.063 0.062 0.063 0.064 0.066 0.069 0.070 0.067 0.064 0.061 0.058 0.054 0.050 0.045 0.039 0.037 0.037 0.037 0.037 0.036 0.036 0.035 0.034 0.031 0.027 0.021 0.010 0.002
0.000 0.000 0.000 0.036 0.035 0.034 0.032 0.031 0.030 0.028 0.027 0.025 0.023 0.000 0.000 0.028 0.027 0.027 0.026 0.024 0.023 0.021 0.019 0.015 0.013 0.013 0.015 0.017 0.020 0.026 0.032 0.040 0.048 0.057 0.065 0.000 0.000 0.000 0.000 0.000 0.000 0.000 0.000 0.000 0.000 0.000 0.063 0.067 0.069 0.069 0.067 0.068 0.071 0.074 0.070 0.067 0.064 0.061 0.057 0.054 0.051 0.047 0.042 0.036 0.033 0.033 0.032 0.031 0.030 0.029 0.028 0.025 0.021 0.015 0.005 0.000 0.000
0.000 0.000 0.000 0.000 0.000 0.000 0.037 0.036 0.035 0.033 0.031 0.030 0.029 0.027 0.026 0.027 0.027 0.026 0.025 0.023 0.022 0.020 0.017 0.013 0.012 0.013 0.015 0.018 0.023 0.029 0.037 0.046 0.055 0.064 0.000 0.000 0.000 0.000 0.000 0.000 0.000 0.000 0.000 0.000 0.000 0.000 0.000 0.000 0.000 0.000 0.069 0.075 0.074 0.070 0.065 0.062 0.060 0.057 0.054 0.051 0.048 0.044 0.039 0.034 0.030 0.029 0.027 0.026 0.025 0.023 0.020 0.016 0.009 0.002 0.000 0.000 0.000
0.000 0.000 0.000 0.000 0.000 0.000 0.000 0.000 0.000 0.000 0.036 0.035 0.033 0.032 0.030 0.028 0.027 0.025 0.023 0.022 0.021 0.019 0.016 0.011 0.012 0.013 0.015 0.019 0.026 0.034 0.042 0.052 0.062 0.000 0.000 0.000 0.000 0.000 0.000 0.000 0.000 0.000 0.000 0.000 0.000 0.000 0.000 0.000 0.000 0.000 0.000 0.000 0.000 0.000 0.058 0.058 0.056 0.052 0.049 0.047 0.044 0.040 0.036 0.030 0.026 0.025 0.023 0.021 0.019 0.016 0.012 0.005 0.001 0.000 0.000 0.000 0.000
0.000 0.000 0.000 0.000 0.000 0.000 0.000 0.000 0.000 0.000 0.000 0.000 0.000 0.000 0.033 0.029 0.026 0.023 0.020 0.020 0.019 0.017 0.014 0.011 0.011 0.012 0.016 0.022 0.030 0.038 0.046 0.055 0.000 0.000 0.000 0.000 0.000 0.000 0.000 0.000 0.000 0.000 0.000 0.000 0.000 0.000 0.000 0.000 0.000 0.000 0.000 0.000 0.000 0.000 0.000 0.000 0.000 0.045 0.045 0.043 0.040 0.035 0.031 0.027 0.022 0.020 0.018 0.016 0.013 0.008 0.002 0.000 0.000 0.000 0.000 0.000 0.000
0.000 0.000 0.000 0.000 0.000 0.000 0.000 0.000 0.000 0.000 0.000 0.000 0.000 0.000 0.000 0.027 0.024 0.019 0.000 0.016 0.017 0.015 0.012 0.010 0.011 0.013 0.018 0.026 0.034 0.043 0.051 0.060 0.000 0.000 0.000 0.000 0.000 0.000 0.000 0.000 0.000 0.000 0.000 0.000 0.000 0.000 0.000 0.000 0.000 0.000 0.000 0.000 0.000 0.000 0.000 0.000 0.000 0.000 0.000 0.000 0.000 0.027 0.026 0.022 0.016 0.014 0.012 0.009 0.004 0.001 0.000 0.000 0.000 0.000 0.000 0.000 0.000
0.000 0.000 0.000 0.000 0.000 0.000 0.000 0.000 0.000 0.000 0.000 0.000 0.000 0.000 0.021 0.023 0.022 0.019 0.015 0.015 0.015 0.014 0.010 0.010 0.011 0.015 0.022 0.030 0.039 0.048 0.057 0.066 0.000 0.000 0.000 0.000 0.000 0.000 0.000 0.000 0.000 0.000 0.000 0.000 0.000 0.000 0.000 0.000 0.000 0.000 0.000 0.000 0.000 0.000 0.000 0.000 0.000 0.000 0.000 0.000 0.000 0.000 0.000 0.000 0.005 0.003 0.001 0.000 0.000 0.000 0.000 0.000 0.000 0.000 0.000 0.000 0.000
0.000 0.000 0.000 0.000 0.000 0.000 0.000 0.000 0.000 0.000 0.000 0.000 0.000 0.000 0.023 0.023 0.021 0.019 0.017 0.016 0.015 0.012 0.009 0.010 0.013 0.019 0.027 0.035 0.044 0.053 0.062 0.072 0.000 0.000 0.000 0.000 0.000 0.000 0.000 0.000 0.000 0.000 0.000 0.000 0.000 0.000 0.000 0.000 0.000 0.000 0.000 0.000 0.000 0.000 0.000 0.000 0.000 0.000 0.000 0.000 0.000 0.000 0.000 0.000 0.000 0.000 0.000 0.000 0.000 0.000 0.000 0.000 0.000 0.000 0.000 0.000 0.000
0.000 0.000 0.000 0.000 0.000 0.000 0.000 0.000 0.000 0.000 0.000 0.000 0.000 0.000 0.024 0.022 0.021 0.019 0.018 0.016 0.014 0.011 0.010 0.012 0.016 0.023 0.032 0.040 0.049 0.058 0.067 0.000 0.000 0.000 0.000 0.000 0.000 0.000 0.000 0.000 0.000 0.000 0.000 0.000 0.000 0.000 0.000 0.000 0.000 0.000 0.000 0.000 0.000 0.000 0.000 0.000 0.000 0.000 0.000 0.000 0.000 0.000 0.000 0.000 0.000 0.000 0.000 0.000 0.000 0.000 0.000 0.000 0.000 0.000 0.000 0.000 0.000
0.000 0.000 0.000 0.000 0.000 0.000 0.000 0.000 0.000 0.000 0.000 0.000 0.000 0.000 0.023 0.022 0.021 0.019 0.018 0.016 0.014 0.010 0.010 0.014 0.020 0.028 0.037 0.046 0.055 0.064 0.073 0.000 0.000 0.000 0.000 0.000 0.000 0.000 0.000 0.000 0.000 0.000 0.000 0.000 0.000 0.000 0.000 0.000 0.000 0.000 0.000 0.000 0.000 0.000 0.000 0.000 0.000 0.000 0.000 0.000 0.000 0.000 0.000 0.000 0.000 0.000 0.000 0.000 0.000 0.000 0.000 0.000 0.000 0.000 0.000 0.000 0.000
0.000 0.000 0.000 0.000 0.000 0.000 0.000 0.000 0.000 0.000 0.000 0.000 0.000 0.020 0.022 0.021 0.021 0.019 0.018 0.016 0.013 0.009 0.012 0.018 0.025 0.034 0.042 0.051 0.060 0.070 0.079 0.000 0.000 0.000 0.000 0.000 0.000 0.000 0.000 0.000 0.000 0.000 0.000 0.000 0.000 0.000 0.000 0.000 0.000 0.000 0.000 0.000 0.000 0.000 0.000 0.000 0.000 0.000 0.000 0.000 0.000 0.000 0.000 0.000 0.000 0.000 0.000 0.000 0.000 0.000 0.000 0.000 0.000 0.000 0.000 0.000 0.000
0.000 0.000 0.000 0.000 0.000 0.000 0.000 0.000 0.000 0.000 0.000 0.000 0.000 0.022 0.022 0.021 0.020 0.019 0.017 0.015 0.012 0.011 0.015 0.023 0.031 0.039 0.048 0.057 0.066 0.074 0.000 0.000 0.000 0.000 0.000 0.000 0.000 0.000 0.000 0.000 0.000 0.000 0.000 0.000 0.000 0.000 0.000 0.000 0.000 0.000 0.000 0.000 0.000 0.000 0.000 0.000 0.000 0.000 0.000 0.000 0.000 0.000 0.000 0.000 0.000 0.000 0.000 0.000 0.000 0.000 0.000 0.000 0.000 0.000 0.000 0.000 0.000
