数据/LID_VS_30y/LID_VS_res/LID_VS_139-0001.wd
ncols         694
nrows         824
xllcorner     581104.939801
yllcorner     3495917.092414
cellsize      2.000000
NODATA_value  -9999.000000
[rows 714 to 747 of 824, columns 154 to 230 of 694]
0.000 0.000 0.000 0.000 0.000 0.000 0.000 0.002 0.003 0.004 0.005 0.006 0.007 0.008 0.008 0.009 0.009 0.009 0.009 0.008 0.000 0.001 0.083 0.080 0.077 0.073 0.068 0.062 0.056 0.050 0.045 0.040 0.000 0.000 0.000 0.000 0.000 0.000 0.000 0.000 0.000 0.000 0.000 0.019 0.041 0.051 0.062 0.073 0.084 0.000 0.000 0.000 0.000 0.000 0.000 0.000 0.000 0.000 0.181 0.192 0.203 0.203 0.180 0.160 0.169 0.084 0.011 0.000 0.000 0.000 0.000 0.000 0.000 0.000 0.000 0.000 0.000
0.000 0.000 0.000 0.000 0.000 0.000 0.002 0.003 0.004 0.005 0.006 0.007 0.008 0.009 0.009 0.010 0.011 0.011 0.011 0.011 0.011 0.010 0.000 0.099 0.097 0.093 0.088 0.082 0.075 0.069 0.063 0.057 0.050 0.046 0.000 0.000 0.000 0.000 0.000 0.000 0.000 0.000 0.008 0.061 0.104 0.114 0.124 0.135 0.145 0.000 0.000 0.000 0.000 0.000 0.000 0.000 0.000 0.000 0.244 0.240 0.216 0.193 0.171 0.161 0.171 0.126 0.041 0.000 0.000 0.000 0.000 0.000 0.000 0.000 0.000 0.000 0.000
0.000 0.000 0.000 0.000 0.000 0.001 0.003 0.004 0.005 0.006 0.007 0.008 0.009 0.010 0.010 0.011 0.012 0.012 0.013 0.014 0.014 0.015 0.014 0.001 0.001 0.112 0.107 0.101 0.095 0.088 0.081 0.075 0.069 0.065 0.060 0.000 0.000 0.000 0.000 0.000 0.000 0.002 0.049 0.103 0.158 0.177 0.187 0.197 0.207 0.000 0.000 0.000 0.000 0.000 0.000 0.000 0.000 0.277 0.253 0.230 0.207 0.183 0.160 0.164 0.173 0.170 0.083 0.004 0.000 0.000 0.000 0.000 0.000 0.000 0.000 0.000 0.000
0.000 0.000 0.000 0.000 0.000 0.002 0.004 0.005 0.006 0.007 0.008 0.009 0.010 0.010 0.011 0.012 0.013 0.014 0.015 0.016 0.017 0.018 0.020 0.022 0.026 0.001 0.127 0.120 0.114 0.107 0.100 0.094 0.088 0.084 0.079 0.075 0.072 0.000 0.000 0.000 0.002 0.036 0.090 0.146 0.201 0.241 0.251 0.261 0.000 0.000 0.000 0.000 0.000 0.000 0.000 0.000 0.000 0.268 0.245 0.221 0.198 0.174 0.157 0.167 0.175 0.185 0.129 0.042 0.000 0.000 0.000 0.000 0.000 0.000 0.000 0.000 0.000
0.000 0.000 0.000 0.000 0.001 0.003 0.005 0.006 0.007 0.008 0.008 0.009 0.010 0.011 0.012 0.013 0.014 0.015 0.016 0.017 0.019 0.021 0.024 0.030 0.040 0.059 0.001 0.140 0.134 0.125 0.118 0.112 0.108 0.104 0.100 0.096 0.093 0.090 0.000 0.037 0.043 0.078 0.132 0.187 0.243 0.299 0.314 0.324 0.000 0.000 0.000 0.000 0.000 0.000 0.000 0.000 0.000 0.259 0.236 0.212 0.188 0.164 0.160 0.170 0.179 0.188 0.172 0.087 0.000 0.000 0.000 0.000 0.000 0.000 0.000 0.000 0.000
0.000 0.000 0.000 0.000 0.001 0.003 0.005 0.006 0.007 0.008 0.009 0.010 0.011 0.011 0.012 0.013 0.014 0.015 0.016 0.018 0.020 0.022 0.025 0.029 0.034 0.040 0.026 0.000 0.000 0.141 0.136 0.131 0.128 0.124 0.120 0.117 0.113 0.110 0.103 0.077 0.088 0.120 0.174 0.229 0.285 0.341 0.377 0.388 0.000 0.000 0.000 0.000 0.000 0.000 0.000 0.000 0.000 0.250 0.227 0.202 0.179 0.155 0.163 0.172 0.182 0.191 0.201 0.131 0.000 0.000 0.000 0.000 0.000 0.000 0.000 0.000 0.000
0.000 0.000 0.000 0.000 0.001 0.003 0.005 0.006 0.007 0.008 0.009 0.010 0.011 0.012 0.013 0.014 0.014 0.016 0.017 0.018 0.020 0.022 0.024 0.027 0.029 0.031 0.024 0.017 0.012 0.001 0.154 0.151 0.148 0.144 0.141 0.137 0.135 0.132 0.130 0.000 0.000 0.160 0.215 0.271 0.327 0.383 0.439 0.451 0.461 0.438 0.000 0.000 0.000 0.000 0.000 0.000 0.265 0.241 0.217 0.193 0.169 0.158 0.166 0.175 0.184 0.194 0.203 0.176 0.000 0.000 0.000 0.000 0.000 0.000 0.000 0.000 0.000
0.000 0.000 0.000 0.000 0.001 0.003 0.005 0.006 0.007 0.008 0.009 0.010 0.011 0.012 0.013 0.014 0.015 0.016 0.017 0.018 0.019 0.021 0.022 0.024 0.025 0.025 0.022 0.018 0.015 0.010 0.000 0.170 0.168 0.165 0.161 0.158 0.156 0.154 0.000 0.000 0.000 0.000 0.258 0.313 0.369 0.425 0.480 0.476 0.453 0.429 0.404 0.380 0.000 0.000 0.000 0.000 0.255 0.231 0.208 0.184 0.160 0.160 0.169 0.178 0.188 0.198 0.207 0.000 0.000 0.000 0.000 0.000 0.000 0.000 0.000 0.000 0.000
0.000 0.000 0.000 0.000 0.001 0.003 0.005 0.006 0.007 0.008 0.009 0.010 0.011 0.012 0.013 0.014 0.015 0.015 0.016 0.017 0.019 0.020 0.021 0.022 0.023 0.022 0.020 0.018 0.015 0.012 0.009 0.001 0.000 0.184 0.181 0.178 0.178 0.000 0.000 0.000 0.000 0.000 0.000 0.356 0.411 0.436 0.457 0.000 0.000 0.419 0.395 0.370 0.346 0.322 0.000 0.000 0.246 0.222 0.199 0.174 0.153 0.163 0.172 0.181 0.190 0.200 0.210 0.000 0.000 0.000 0.000 0.000 0.000 0.000 0.000 0.000 0.000
0.000 0.000 0.000 0.000 0.001 0.003 0.005 0.006 0.007 0.008 0.009 0.010 0.011 0.012 0.013 0.013 0.014 0.015 0.016 0.017 0.018 0.019 0.020 0.020 0.020 0.020 0.019 0.017 0.015 0.013 0.011 0.008 0.006 0.001 0.201 0.197 0.000 0.000 0.000 0.000 0.000 0.000 0.000 0.369 0.390 0.411 0.432 0.000 0.000 0.000 0.000 0.361 0.337 0.312 0.286 0.260 0.236 0.211 0.188 0.165 0.156 0.165 0.175 0.183 0.193 0.203 0.212 0.000 0.000 0.000 0.000 0.000 0.000 0.000 0.000 0.000 0.000
0.000 0.000 0.000 0.000 0.001 0.003 0.005 0.006 0.007 0.008 0.009 0.010 0.011 0.012 0.012 0.013 0.014 0.015 0.015 0.016 0.017 0.018 0.018 0.019 0.019 0.018 0.017 0.016 0.014 0.013 0.011 0.009 0.008 0.005 0.000 0.213 0.205 0.000 0.000 0.000 0.000 0.000 0.000 0.345 0.366 0.388 0.409 0.422 0.000 0.000 0.000 0.000 0.000 0.301 0.277 0.250 0.226 0.202 0.179 0.154 0.158 0.167 0.177 0.186 0.195 0.204 0.000 0.000 0.000 0.000 0.000 0.000 0.000 0.000 0.000 0.000 0.000
0.000 0.000 0.000 0.000 0.001 0.003 0.005 0.006 0.007 0.008 0.009 0.010 0.011 0.011 0.012 0.013 0.014 0.014 0.015 0.016 0.016 0.017 0.017 0.017 0.017 0.017 0.016 0.015 0.014 0.013 0.011 0.010 0.009 0.007 0.005 0.000 0.220 0.217 0.000 0.000 0.000 0.000 0.000 0.000 0.343 0.000 0.000 0.402 0.390 0.000 0.000 0.000 0.000 0.000 0.000 0.238 0.214 0.191 0.167 0.151 0.160 0.169 0.178 0.188 0.197 0.207 0.000 0.000 0.000 0.000 0.000 0.000 0.000 0.000 0.000 0.000 0.000
0.000 0.000 0.000 0.000 0.001 0.003 0.005 0.006 0.007 0.008 0.009 0.010 0.010 0.011 0.012 0.012 0.013 0.014 0.014 0.015 0.015 0.016 0.016 0.016 0.016 0.016 0.015 0.014 0.013 0.012 0.011 0.010 0.009 0.008 0.006 0.004 0.000 0.235 0.252 0.000 0.000 0.000 0.000 0.000 0.000 0.000 0.000 0.000 0.370 0.000 0.000 0.000 0.000 0.000 0.249 0.226 0.203 0.180 0.156 0.153 0.161 0.170 0.180 0.189 0.199 0.209 0.000 0.000 0.000 0.000 0.000 0.000 0.000 0.000 0.000 0.000 0.000
0.000 0.000 0.000 0.000 0.001 0.003 0.005 0.006 0.007 0.008 0.008 0.009 0.010 0.011 0.011 0.012 0.013 0.013 0.014 0.014 0.015 0.015 0.015 0.015 0.015 0.015 0.014 0.013 0.013 0.012 0.011 0.010 0.009 0.008 0.006 0.005 0.003 0.001 0.224 0.240 0.000 0.000 0.000 0.000 0.000 0.000 0.000 0.000 0.351 0.000 0.000 0.000 0.000 0.000 0.240 0.216 0.193 0.169 0.145 0.154 0.162 0.171 0.181 0.189 0.198 0.000 0.000 0.000 0.000 0.000 0.000 0.000 0.000 0.000 0.000 0.000 0.000
0.000 0.000 0.000 0.000 0.000 0.002 0.004 0.005 0.006 0.007 0.008 0.009 0.010 0.010 0.011 0.012 0.012 0.013 0.013 0.013 0.014 0.014 0.014 0.014 0.014 0.014 0.013 0.013 0.012 0.011 0.011 0.010 0.009 0.008 0.006 0.005 0.003 0.001 0.000 0.211 0.226 0.000 0.000 0.000 0.000 0.000 0.000 0.335 0.330 0.000 0.000 0.000 0.000 0.249 0.229 0.206 0.182 0.159 0.147 0.156 0.165 0.174 0.182 0.190 0.197 0.204 0.212 0.000 0.000 0.000 0.000 0.000 0.000 0.000 0.000 0.000 0.000
0.000 0.000 0.000 0.000 0.000 0.001 0.003 0.004 0.005 0.006 0.007 0.008 0.009 0.010 0.010 0.011 0.012 0.012 0.012 0.013 0.013 0.013 0.013 0.013 0.013 0.013 0.013 0.012 0.011 0.011 0.010 0.009 0.008 0.007 0.006 0.005 0.003 0.001 0.000 0.000 0.196 0.210 0.000 0.000 0.000 0.000 0.000 0.000 0.000 0.000 0.000 0.000 0.000 0.228 0.216 0.195 0.172 0.148 0.149 0.158 0.166 0.175 0.183 0.191 0.199 0.207 0.215 0.222 0.230 0.000 0.000 0.000 0.000 0.000 0.000 0.000 0.000
0.000 0.000 0.000 0.000 0.000 0.000 0.002 0.003 0.004 0.005 0.006 0.007 0.008 0.009 0.010 0.010 0.011 0.011 0.012 0.012 0.012 0.012 0.013 0.012 0.012 0.012 0.012 0.011 0.011 0.010 0.010 0.009 0.008 0.007 0.006 0.005 0.003 0.001 0.000 0.000 0.000 0.179 0.191 0.210 0.000 0.000 0.000 0.000 0.000 0.000 0.000 0.000 0.218 0.206 0.194 0.183 0.161 0.141 0.151 0.160 0.168 0.177 0.185 0.194 0.203 0.210 0.218 0.225 0.232 0.239 0.249 0.000 0.000 0.000 0.000 0.000 0.000
0.000 0.000 0.000 0.000 0.000 0.000 0.000 0.002 0.003 0.004 0.005 0.006 0.007 0.008 0.009 0.010 0.010 0.011 0.011 0.011 0.012 0.012 0.012 0.012 0.012 0.011 0.011 0.011 0.010 0.010 0.009 0.008 0.007 0.006 0.005 0.004 0.002 0.000 0.000 0.000 0.000 0.000 0.166 0.184 0.202 0.000 0.000 0.000 0.000 0.000 0.000 0.000 0.197 0.184 0.173 0.160 0.149 0.143 0.152 0.162 0.170 0.180 0.188 0.198 0.206 0.213 0.221 0.228 0.235 0.243 0.251 0.259 0.209 0.000 0.000 0.000 0.000
0.000 0.000 0.000 0.000 0.000 0.000 0.000 0.000 0.002 0.003 0.004 0.005 0.006 0.007 0.008 0.009 0.010 0.010 0.010 0.011 0.011 0.011 0.011 0.011 0.011 0.011 0.010 0.010 0.010 0.009 0.008 0.007 0.006 0.005 0.004 0.003 0.001 0.000 0.000 0.000 0.000 0.000 0.000 0.158 0.175 0.193 0.000 0.000 0.000 0.000 0.000 0.187 0.175 0.164 0.151 0.139 0.138 0.142 0.152 0.162 0.172 0.182 0.192 0.201 0.209 0.000 0.000 0.000 0.237 0.246 0.254 0.262 0.254 0.167 0.099 0.000 0.000
0.000 0.000 0.000 0.000 0.000 0.000 0.000 0.000 0.000 0.002 0.003 0.004 0.005 0.006 0.007 0.008 0.009 0.009 0.010 0.010 0.010 0.010 0.010 0.010 0.010 0.010 0.010 0.009 0.009 0.008 0.007 0.006 0.005 0.004 0.003 0.002 0.000 0.000 0.000 0.000 0.000 0.000 0.000 0.000 0.148 0.166 0.185 0.000 0.000 0.000 0.000 0.168 0.155 0.143 0.135 0.136 0.137 0.140 0.150 0.160 0.170 0.180 0.190 0.200 0.211 0.000 0.000 0.000 0.000 0.000 0.256 0.264 0.273 0.210 0.169 0.129 0.000
0.000 0.000 0.000 0.000 0.000 0.000 0.000 0.000 0.000 0.000 0.002 0.003 0.004 0.005 0.006 0.007 0.008 0.008 0.009 0.009 0.009 0.009 0.009 0.009 0.009 0.009 0.009 0.008 0.008 0.007 0.006 0.005 0.004 0.003 0.002 0.000 0.000 0.000 0.000 0.000 0.000 0.000 0.000 0.000 0.125 0.142 0.159 0.177 0.000 0.170 0.159 0.147 0.135 0.135 0.135 0.135 0.135 0.137 0.146 0.156 0.167 0.177 0.187 0.197 0.000 0.000 0.000 0.000 0.000 0.000 0.000 0.265 0.274 0.278 0.239 0.199 0.000
0.000 0.000 0.000 0.000 0.000 0.000 0.000 0.000 0.000 0.000 0.000 0.002 0.003 0.004 0.005 0.006 0.007 0.008 0.008 0.008 0.008 0.008 0.008 0.008 0.008 0.008 0.008 0.008 0.007 0.006 0.005 0.004 0.003 0.002 0.000 0.000 0.000 0.000 0.000 0.000 0.000 0.000 0.000 0.000 0.000 0.118 0.134 0.150 0.166 0.152 0.139 0.134 0.134 0.133 0.134 0.134 0.135 0.135 0.143 0.153 0.164 0.175 0.184 0.000 0.000 0.000 0.000 0.000 0.000 0.000 0.000 0.000 0.000 0.284 0.279 0.268 0.226
0.000 0.000 0.000 0.000 0.000 0.000 0.000 0.000 0.000 0.000 0.000 0.000 0.002 0.003 0.004 0.005 0.006 0.007 0.007 0.007 0.007 0.007 0.007 0.007 0.007 0.007 0.007 0.007 0.006 0.005 0.004 0.003 0.002 0.000 0.000 0.000 0.000 0.000 0.000 0.000 0.000 0.000 0.000 0.000 0.000 0.000 0.110 0.126 0.142 0.134 0.133 0.133 0.132 0.132 0.133 0.133 0.133 0.134 0.141 0.151 0.161 0.173 0.183 0.000 0.000 0.000 0.000 0.000 0.000 0.000 0.000 0.000 0.000 0.000 0.000 0.275 0.269
0.000 0.000 0.000 0.000 0.000 0.000 0.000 0.000 0.000 0.000 0.000 0.000 0.000 0.002 0.003 0.004 0.005 0.006 0.006 0.006 0.006 0.006 0.006 0.006 0.006 0.006 0.006 0.006 0.005 0.004 0.003 0.002 0.000 0.000 0.000 0.000 0.000 0.000 0.000 0.000 0.000 0.000 0.000 0.000 0.000 0.000 0.000 0.102 0.119 0.133 0.132 0.131 0.130 0.131 0.131 0.131 0.131 0.132 0.137 0.148 0.159 0.170 0.000 0.000 0.000 0.000 0.000 0.000 0.000 0.000 0.000 0.000 0.000 0.000 0.000 0.000 0.000
0.000 0.000 0.000 0.000 0.000 0.000 0.000 0.000 0.000 0.000 0.000 0.000 0.000 0.000 0.002 0.003 0.004 0.005 0.005 0.005 0.005 0.005 0.005 0.005 0.005 0.005 0.005 0.005 0.004 0.003 0.002 0.000 0.000 0.000 0.000 0.000 0.000 0.000 0.000 0.000 0.000 0.000 0.000 0.000 0.000 0.000 0.000 0.000 0.096 0.115 0.130 0.129 0.129 0.129 0.129 0.129 0.129 0.130 0.133 0.145 0.156 0.168 0.000 0.000 0.000 0.000 0.000 0.000 0.000 0.000 0.000 0.000 0.000 0.000 0.000 0.000 0.000
0.000 0.000 0.000 0.000 0.000 0.000 0.000 0.000 0.000 0.000 0.000 0.000 0.000 0.000 0.000 0.001 0.002 0.003 0.003 0.003 0.003 0.003 0.003 0.003 0.003 0.003 0.003 0.003 0.002 0.001 0.000 0.000 0.000 0.000 0.000 0.000 0.000 0.000 0.000 0.000 0.000 0.000 0.000 0.000 0.000 0.000 0.000 0.000 0.000 0.082 0.111 0.127 0.127 0.127 0.127 0.127 0.127 0.127 0.130 0.141 0.152 0.000 0.000 0.000 0.000 0.000 0.000 0.000 0.000 0.000 0.000 0.000 0.000 0.000 0.000 0.000 0.000
0.000 0.000 0.000 0.000 0.000 0.000 0.000 0.000 0.000 0.000 0.000 0.000 0.000 0.000 0.000 0.000 0.000 0.001 0.001 0.001 0.001 0.001 0.001 0.001 0.001 0.001 0.001 0.001 0.000 0.000 0.000 0.000 0.000 0.000 0.000 0.000 0.000 0.000 0.000 0.000 0.000 0.000 0.000 0.000 0.000 0.000 0.000 0.000 0.000 0.000 0.090 0.111 0.125 0.125 0.124 0.123 0.123 0.124 0.126 0.138 0.150 0.000 0.000 0.000 0.000 0.000 0.000 0.000 0.000 0.000 0.000 0.000 0.000 0.000 0.000 0.000 0.000
0.000 0.000 0.000 0.000 0.000 0.000 0.000 0.000 0.000 0.000 0.000 0.000 0.000 0.000 0.000 0.000 0.000 0.000 0.000 0.000 0.000 0.000 0.000 0.000 0.000 0.000 0.000 0.000 0.000 0.000 0.000 0.000 0.000 0.000 0.000 0.000 0.000 0.000 0.000 0.000 0.000 0.000 0.000 0.000 0.000 0.000 0.000 0.000 0.000 0.000 0.069 0.089 0.108 0.122 0.120 0.118 0.117 0.118 0.121 0.133 0.000 0.000 0.000 0.000 0.000 0.000 0.000 0.000 0.000 0.000 0.000 0.000 0.000 0.000 0.000 0.000 0.000
0.000 0.000 0.000 0.000 0.000 0.000 0.000 0.000 0.000 0.000 0.000 0.000 0.000 0.000 0.000 0.000 0.000 0.000 0.000 0.000 0.000 0.000 0.000 0.000 0.000 0.000 0.000 0.000 0.000 0.000 0.000 0.000 0.000 0.000 0.000 0.000 0.000 0.000 0.000 0.000 0.000 0.000 0.000 0.000 0.000 0.000 0.000 0.000 0.000 0.000 0.000 0.065 0.085 0.104 0.115 0.111 0.102 0.107 0.110 0.000 0.000 0.000 0.000 0.000 0.000 0.000 0.000 0.000 0.000 0.000 0.000 0.000 0.000 0.000 0.000 0.000 0.000
0.000 0.000 0.000 0.000 0.000 0.000 0.000 0.000 0.000 0.000 0.000 0.000 0.000 0.000 0.000 0.000 0.000 0.000 0.000 0.000 0.000 0.000 0.000 0.000 0.000 0.000 0.000 0.000 0.000 0.000 0.000 0.000 0.000 0.000 0.000 0.000 0.000 0.000 0.000 0.000 0.000 0.000 0.000 0.000 0.000 0.000 0.000 0.000 0.000 0.000 0.000 0.043 0.062 0.080 0.098 0.107 0.102 0.102 0.100 0.097 0.000 0.000 0.000 0.000 0.000 0.000 0.000 0.000 0.000 0.000 0.000 0.000 0.000 0.000 0.000 0.000 0.000
0.000 0.000 0.000 0.000 0.000 0.000 0.000 0.000 0.000 0.000 0.000 0.000 0.000 0.000 0.000 0.000 0.000 0.000 0.000 0.000 0.000 0.000 0.000 0.000 0.000 0.000 0.000 0.000 0.000 0.000 0.000 0.000 0.000 0.000 0.000 0.000 0.000 0.000 0.000 0.000 0.000 0.000 0.000 0.000 0.000 0.000 0.000 0.000 0.000 0.000 0.000 0.021 0.039 0.057 0.074 0.090 0.100 0.097 0.094 0.089 0.090 0.000 0.000 0.000 0.000 0.000 0.000 0.000 0.000 0.000 0.000 0.000 0.000 0.000 0.000 0.000 0.000
0.000 0.000 0.000 0.000 0.000 0.000 0.000 0.000 0.000 0.000 0.000 0.000 0.000 0.000 0.000 0.000 0.000 0.000 0.000 0.000 0.000 0.000 0.000 0.000 0.000 0.000 0.000 0.000 0.000 0.000 0.000 0.000 0.000 0.000 0.000 0.000 0.000 0.000 0.000 0.000 0.000 0.000 0.000 0.000 0.000 0.000 0.000 0.000 0.000 0.000 0.000 0.002 0.015 0.033 0.050 0.067 0.084 0.093 0.088 0.081 0.080 0.073 0.074 0.000 0.000 0.000 0.000 0.000 0.000 0.000 0.000 0.000 0.000 0.000 0.000 0.000 0.000
0.000 0.000 0.000 0.000 0.000 0.000 0.000 0.000 0.000 0.000 0.000 0.000 0.000 0.000 0.000 0.000 0.000 0.000 0.000 0.000 0.000 0.000 0.000 0.000 0.000 0.000 0.000 0.000 0.000 0.000 0.000 0.000 0.000 0.000 0.000 0.000 0.000 0.000 0.000 0.000 0.000 0.000 0.000 0.000 0.000 0.000 0.000 0.000 0.000 0.000 0.000 0.000 0.002 0.009 0.026 0.043 0.059 0.075 0.082 0.073 0.070 0.065 0.066 0.068 0.000 0.000 0.000 0.000 0.000 0.000 0.000 0.000 0.000 0.000 0.000 0.000 0.000
0.000 0.000 0.000 0.000 0.000 0.000 0.000 0.000 0.000 0.000 0.000 0.000 0.000 0.000 0.000 0.000 0.000 0.000 0.000 0.000 0.000 0.000 0.000 0.000 0.000 0.000 0.000 0.000 0.000 0.000 0.000 0.000 0.000 0.000 0.000 0.000 0.000 0.000 0.000 0.000 0.000 0.000 0.000 0.000 0.000 0.000 0.000 0.000 0.000 0.000 0.000 0.000 0.000 0.001 0.005 0.019 0.035 0.050 0.063 0.065 0.058 0.056 0.058 0.060 0.061 0.000 0.000 0.000 0.000 0.000 0.000 0.000 0.000 0.000 0.000 0.000 0.000
