数据/LID_VS_30y/LID_VS_res/LID_VS_156-0001.wd
ncols         694
nrows         824
xllcorner     581104.939801
yllcorner     3495917.092414
cellsize      2.000000
NODATA_value  -9999.000000
[rows 306 to 339 of 824, columns 462 to 538 of 694]
0.019 0.022 0.023 0.024 0.025 0.025 0.025 0.024 0.020 0.015 0.010 0.007 0.004 0.003 0.002 0.001 0.001 0.000 0.001 0.001 0.001 0.001 0.001 0.001 0.001 0.001 0.003 0.006 0.009 0.010 0.010 0.010 0.008 0.007 0.005 0.004 0.003 0.003 0.003 0.000 0.000 0.000 0.000 0.000 0.000 0.000 0.000 0.000 0.000 0.000 0.000 0.000 0.000 0.000 0.010 0.010 0.010 0.013 0.000 0.001 0.000 0.000 0.000 0.000 0.001 0.007 0.000 0.000 0.000 0.000 0.001 0.003 0.010 0.021 0.030 0.029 0.025
0.000 0.018 0.021 0.023 0.024 0.024 0.025 0.024 0.024 0.021 0.016 0.011 0.008 0.005 0.003 0.002 0.001 0.001 0.001 0.001 0.001 0.001 0.001 0.001 0.001 0.001 0.003 0.006 0.008 0.010 0.010 0.010 0.009 0.007 0.006 0.005 0.004 0.005 0.013 0.000 0.000 0.000 0.000 0.000 0.000 0.000 0.000 0.000 0.000 0.000 0.000 0.000 0.000 0.000 0.000 0.000 0.000 0.010 0.010 0.008 0.007 0.006 0.005 0.005 0.007 0.000 0.000 0.000 0.000 0.000 0.007 0.018 0.027 0.028 0.025 0.022 0.020
0.012 0.017 0.020 0.022 0.023 0.024 0.025 0.025 0.025 0.025 0.023 0.018 0.013 0.010 0.007 0.004 0.003 0.002 0.002 0.002 0.001 0.001 0.001 0.001 0.001 0.000 0.003 0.006 0.008 0.009 0.010 0.010 0.009 0.008 0.006 0.005 0.005 0.005 0.000 0.000 0.000 0.000 0.000 0.000 0.000 0.000 0.000 0.000 0.000 0.000 0.000 0.000 0.000 0.000 0.000 0.000 0.000 0.000 0.000 0.006 0.007 0.008 0.007 0.006 0.010 0.000 0.000 0.000 0.000 0.014 0.024 0.027 0.024 0.021 0.019 0.017 0.016
0.014 0.017 0.020 0.022 0.024 0.025 0.026 0.027 0.028 0.027 0.027 0.027 0.022 0.018 0.013 0.009 0.007 0.005 0.004 0.003 0.002 0.002 0.001 0.001 0.001 0.001 0.003 0.006 0.008 0.009 0.010 0.010 0.009 0.008 0.007 0.006 0.005 0.005 0.003 0.002 0.002 0.000 0.000 0.000 0.000 0.000 0.000 0.000 0.000 0.000 0.000 0.000 0.000 0.000 0.000 0.000 0.000 0.000 0.000 0.000 0.000 0.000 0.005 0.007 0.009 0.011 0.000 0.000 0.000 0.024 0.023 0.021 0.019 0.017 0.015 0.013 0.012
0.014 0.017 0.020 0.023 0.026 0.028 0.030 0.032 0.032 0.029 0.030 0.033 0.035 0.031 0.024 0.018 0.013 0.010 0.008 0.006 0.004 0.003 0.002 0.002 0.002 0.002 0.003 0.006 0.008 0.009 0.009 0.009 0.009 0.008 0.007 0.006 0.005 0.005 0.003 0.002 0.002 0.001 0.001 0.000 0.000 0.000 0.000 0.000 0.000 0.000 0.000 0.000 0.000 0.000 0.000 0.000 0.000 0.000 0.000 0.000 0.000 0.000 0.000 0.000 0.007 0.011 0.014 0.027 0.029 0.023 0.020 0.017 0.015 0.013 0.012 0.011 0.011
0.016 0.019 0.023 0.027 0.031 0.035 0.038 0.040 0.038 0.025 0.036 0.042 0.045 0.045 0.036 0.027 0.021 0.015 0.012 0.009 0.006 0.005 0.004 0.003 0.002 0.002 0.004 0.006 0.007 0.009 0.009 0.009 0.009 0.008 0.007 0.007 0.006 0.005 0.004 0.003 0.002 0.002 0.001 0.001 0.001 0.002 0.000 0.000 0.000 0.000 0.000 0.000 0.000 0.000 0.000 0.000 0.000 0.000 0.000 0.000 0.000 0.000 0.000 0.000 0.000 0.000 0.000 0.018 0.019 0.018 0.016 0.015 0.013 0.011 0.010 0.009 0.008
0.020 0.025 0.030 0.036 0.040 0.045 0.048 0.051 0.052 0.050 0.052 0.055 0.049 0.039 0.037 0.033 0.025 0.019 0.015 0.011 0.009 0.006 0.005 0.004 0.003 0.003 0.004 0.006 0.007 0.008 0.009 0.009 0.009 0.008 0.008 0.007 0.006 0.005 0.004 0.003 0.003 0.002 0.002 0.001 0.001 0.001 0.001 0.002 0.000 0.000 0.000 0.000 0.000 0.002 0.000 0.000 0.000 0.000 0.000 0.000 0.000 0.000 0.000 0.000 0.000 0.000 0.021 0.019 0.017 0.016 0.014 0.012 0.011 0.009 0.009 0.009 0.000
0.029 0.035 0.041 0.047 0.052 0.056 0.060 0.057 0.051 0.043 0.035 0.029 0.022 0.014 0.024 0.034 0.028 0.022 0.018 0.014 0.011 0.008 0.006 0.005 0.004 0.003 0.004 0.006 0.007 0.008 0.009 0.009 0.009 0.008 0.008 0.007 0.006 0.006 0.005 0.004 0.003 0.003 0.002 0.000 0.001 0.001 0.001 0.001 0.001 0.001 0.001 0.001 0.001 0.001 0.001 0.002 0.011 0.000 0.000 0.000 0.000 0.000 0.000 0.000 0.000 0.000 0.017 0.017 0.016 0.014 0.013 0.011 0.009 0.008 0.007 0.006 0.000
0.040 0.046 0.048 0.045 0.041 0.037 0.033 0.028 0.024 0.019 0.015 0.010 0.006 0.008 0.000 0.028 0.030 0.025 0.021 0.017 0.013 0.010 0.008 0.006 0.005 0.004 0.004 0.006 0.007 0.008 0.009 0.009 0.009 0.009 0.008 0.007 0.007 0.006 0.005 0.004 0.004 0.003 0.002 0.001 0.001 0.001 0.001 0.001 0.001 0.001 0.001 0.001 0.001 0.001 0.002 0.006 0.021 0.044 0.071 0.000 0.000 0.000 0.000 0.000 0.000 0.022 0.019 0.017 0.015 0.013 0.011 0.009 0.008 0.007 0.007 0.000 0.000
0.022 0.020 0.018 0.016 0.014 0.012 0.010 0.008 0.007 0.005 0.004 0.002 0.002 0.004 0.006 0.020 0.032 0.028 0.023 0.020 0.016 0.013 0.010 0.008 0.006 0.006 0.005 0.006 0.007 0.008 0.008 0.009 0.009 0.009 0.008 0.008 0.007 0.006 0.005 0.005 0.004 0.003 0.003 0.002 0.002 0.001 0.001 0.001 0.001 0.001 0.001 0.001 0.002 0.003 0.010 0.021 0.035 0.056 0.072 0.079 0.087 0.096 0.000 0.000 0.000 0.019 0.018 0.016 0.014 0.012 0.010 0.008 0.007 0.006 0.005 0.000 0.000
0.004 0.004 0.003 0.003 0.003 0.002 0.002 0.002 0.002 0.001 0.001 0.001 0.001 0.002 0.005 0.013 0.029 0.031 0.027 0.023 0.019 0.016 0.014 0.012 0.010 0.009 0.009 0.009 0.009 0.010 0.010 0.010 0.010 0.010 0.009 0.009 0.008 0.007 0.006 0.006 0.005 0.004 0.003 0.003 0.003 0.002 0.002 0.001 0.002 0.002 0.002 0.004 0.009 0.018 0.027 0.038 0.044 0.045 0.049 0.055 0.063 0.070 0.075 0.083 0.000 0.023 0.019 0.015 0.012 0.010 0.008 0.006 0.005 0.005 0.000 0.000 0.000
0.001 0.001 0.001 0.001 0.001 0.001 0.001 0.001 0.001 0.001 0.001 0.001 0.001 0.001 0.003 0.009 0.021 0.034 0.030 0.027 0.025 0.023 0.022 0.021 0.021 0.020 0.020 0.020 0.019 0.019 0.019 0.018 0.017 0.015 0.014 0.013 0.011 0.010 0.009 0.008 0.007 0.007 0.006 0.006 0.006 0.005 0.005 0.004 0.004 0.006 0.011 0.018 0.026 0.036 0.040 0.036 0.032 0.030 0.030 0.033 0.038 0.044 0.049 0.053 0.046 0.031 0.020 0.014 0.010 0.007 0.006 0.005 0.004 0.003 0.000 0.000 0.000
0.001 0.001 0.001 0.001 0.001 0.001 0.001 0.001 0.001 0.001 0.001 0.001 0.001 0.001 0.002 0.006 0.014 0.033 0.038 0.038 0.038 0.040 0.042 0.043 0.043 0.043 0.043 0.042 0.041 0.040 0.037 0.034 0.032 0.029 0.026 0.024 0.022 0.020 0.019 0.018 0.017 0.017 0.017 0.017 0.019 0.020 0.020 0.020 0.017 0.022 0.028 0.036 0.041 0.036 0.031 0.026 0.023 0.019 0.017 0.016 0.016 0.018 0.021 0.022 0.019 0.014 0.000 0.004 0.005 0.004 0.003 0.003 0.003 0.000 0.000 0.000 0.000
0.000 0.000 0.000 0.000 0.000 0.000 0.000 0.000 0.000 0.000 0.001 0.001 0.001 0.001 0.001 0.003 0.010 0.027 0.055 0.058 0.062 0.066 0.069 0.071 0.071 0.072 0.071 0.070 0.069 0.066 0.062 0.057 0.053 0.050 0.047 0.044 0.041 0.039 0.038 0.038 0.039 0.041 0.043 0.045 0.047 0.048 0.049 0.049 0.047 0.041 0.046 0.038 0.031 0.026 0.021 0.018 0.014 0.012 0.010 0.008 0.007 0.006 0.005 0.005 0.005 0.004 0.004 0.003 0.002 0.002 0.002 0.002 0.002 0.014 0.000 0.000 0.000
0.000 0.000 0.000 0.000 0.000 0.000 0.000 0.000 0.000 0.000 0.000 0.001 0.001 0.001 0.001 0.002 0.007 0.025 0.069 0.086 0.091 0.096 0.099 0.100 0.101 0.101 0.100 0.099 0.098 0.095 0.090 0.080 0.076 0.074 0.072 0.068 0.065 0.064 0.064 0.065 0.067 0.069 0.072 0.074 0.077 0.079 0.080 0.080 0.072 0.053 0.051 0.045 0.037 0.030 0.024 0.019 0.015 0.012 0.009 0.007 0.005 0.004 0.003 0.002 0.002 0.001 0.001 0.001 0.001 0.001 0.001 0.001 0.000 0.000 0.000 0.000 0.000
0.000 0.000 0.000 0.000 0.000 0.000 0.000 0.000 0.000 0.000 0.000 0.000 0.001 0.001 0.001 0.002 0.012 0.000 0.071 0.115 0.120 0.125 0.131 0.000 0.000 0.000 0.000 0.000 0.000 0.000 0.000 0.100 0.102 0.102 0.099 0.092 0.091 0.091 0.091 0.093 0.096 0.098 0.101 0.104 0.107 0.102 0.092 0.080 0.066 0.047 0.047 0.050 0.055 0.048 0.041 0.034 0.029 0.024 0.019 0.015 0.012 0.009 0.007 0.005 0.004 0.003 0.002 0.002 0.002 0.001 0.001 0.001 0.001 0.001 0.000 0.000 0.000
0.000 0.000 0.000 0.000 0.000 0.000 0.000 0.000 0.000 0.000 0.000 0.000 0.000 0.006 0.000 0.000 0.015 0.000 0.000 0.132 0.000 0.000 0.000 0.000 0.000 0.000 0.000 0.000 0.000 0.000 0.000 0.000 0.000 0.000 0.000 0.115 0.118 0.119 0.119 0.122 0.125 0.128 0.123 0.114 0.105 0.095 0.085 0.074 0.060 0.042 0.042 0.044 0.048 0.053 0.056 0.049 0.042 0.036 0.031 0.026 0.021 0.017 0.013 0.011 0.008 0.006 0.005 0.004 0.003 0.002 0.002 0.001 0.001 0.001 0.001 0.001 0.000
0.000 0.000 0.000 0.000 0.000 0.000 0.000 0.000 0.000 0.000 0.000 0.000 0.000 0.000 0.000 0.000 0.000 0.000 0.000 0.000 0.000 0.000 0.000 0.000 0.000 0.000 0.000 0.000 0.000 0.000 0.000 0.000 0.000 0.000 0.000 0.000 0.000 0.000 0.146 0.142 0.134 0.125 0.115 0.107 0.098 0.088 0.078 0.067 0.054 0.038 0.038 0.039 0.041 0.045 0.050 0.056 0.056 0.050 0.043 0.037 0.031 0.026 0.022 0.018 0.014 0.011 0.009 0.007 0.005 0.004 0.003 0.003 0.002 0.002 0.001 0.001 0.001
0.000 0.000 0.000 0.000 0.000 0.000 0.000 0.000 0.000 0.000 0.000 0.000 0.000 0.000 0.000 0.000 0.000 0.000 0.000 0.000 0.000 0.000 0.000 0.000 0.000 0.000 0.000 0.000 0.000 0.000 0.000 0.000 0.000 0.000 0.000 0.000 0.000 0.000 0.000 0.000 0.000 0.000 0.107 0.099 0.091 0.081 0.071 0.060 0.046 0.034 0.033 0.033 0.034 0.037 0.041 0.046 0.052 0.059 0.056 0.049 0.043 0.037 0.032 0.026 0.022 0.018 0.014 0.011 0.009 0.007 0.005 0.004 0.003 0.003 0.002 0.002 0.001
0.000 0.000 0.000 0.000 0.000 0.000 0.000 0.000 0.000 0.000 0.000 0.000 0.000 0.000 0.000 0.000 0.000 0.000 0.000 0.000 0.000 0.000 0.000 0.000 0.000 0.000 0.000 0.000 0.000 0.000 0.000 0.000 0.000 0.000 0.000 0.000 0.000 0.000 0.000 0.000 0.000 0.000 0.000 0.000 0.000 0.072 0.063 0.053 0.037 0.027 0.027 0.027 0.027 0.029 0.032 0.036 0.042 0.048 0.054 0.061 0.055 0.049 0.042 0.037 0.031 0.026 0.022 0.018 0.014 0.011 0.009 0.007 0.006 0.005 0.004 0.003 0.002
0.000 0.000 0.000 0.000 0.000 0.000 0.000 0.000 0.000 0.000 0.000 0.000 0.000 0.000 0.000 0.000 0.000 0.000 0.000 0.000 0.000 0.000 0.000 0.000 0.000 0.000 0.000 0.000 0.000 0.000 0.000 0.000 0.000 0.000 0.000 0.000 0.000 0.000 0.000 0.000 0.000 0.000 0.000 0.000 0.000 0.000 0.000 0.000 0.023 0.018 0.018 0.019 0.020 0.022 0.024 0.027 0.032 0.037 0.043 0.049 0.056 0.061 0.054 0.047 0.041 0.036 0.030 0.026 0.021 0.018 0.015 0.012 0.010 0.008 0.007 0.005 0.004
0.000 0.000 0.000 0.000 0.000 0.000 0.000 0.000 0.000 0.000 0.000 0.000 0.000 0.000 0.000 0.000 0.000 0.000 0.000 0.000 0.000 0.000 0.000 0.000 0.000 0.000 0.000 0.000 0.000 0.000 0.000 0.000 0.000 0.000 0.000 0.000 0.000 0.000 0.000 0.000 0.000 0.000 0.000 0.000 0.000 0.000 0.000 0.000 0.000 0.000 0.007 0.010 0.012 0.014 0.016 0.018 0.022 0.027 0.032 0.038 0.044 0.051 0.058 0.059 0.052 0.046 0.040 0.035 0.031 0.027 0.023 0.020 0.018 0.015 0.013 0.011 0.009
0.000 0.000 0.000 0.000 0.000 0.000 0.000 0.000 0.000 0.000 0.000 0.000 0.000 0.000 0.000 0.000 0.000 0.000 0.000 0.000 0.000 0.000 0.000 0.000 0.000 0.000 0.000 0.000 0.000 0.000 0.000 0.000 0.000 0.000 0.000 0.000 0.000 0.000 0.000 0.000 0.000 0.000 0.000 0.000 0.000 0.000 0.000 0.000 0.000 0.000 0.000 0.000 0.000 0.000 0.006 0.009 0.013 0.018 0.022 0.027 0.033 0.039 0.045 0.052 0.058 0.057 0.052 0.047 0.042 0.039 0.036 0.034 0.031 0.028 0.025 0.022 0.018
0.000 0.000 0.000 0.000 0.000 0.000 0.000 0.000 0.000 0.000 0.000 0.000 0.000 0.000 0.000 0.000 0.000 0.000 0.000 0.000 0.000 0.000 0.000 0.000 0.000 0.000 0.000 0.000 0.000 0.000 0.000 0.000 0.000 0.000 0.000 0.000 0.000 0.000 0.000 0.000 0.000 0.000 0.000 0.000 0.000 0.000 0.000 0.000 0.000 0.000 0.000 0.000 0.000 0.000 0.000 0.000 0.000 0.000 0.011 0.016 0.022 0.027 0.031 0.038 0.045 0.054 0.062 0.061 0.058 0.056 0.055 0.053 0.051 0.047 0.042 0.037 0.032
0.000 0.000 0.000 0.000 0.000 0.000 0.000 0.000 0.000 0.000 0.000 0.000 0.000 0.000 0.000 0.000 0.000 0.000 0.000 0.000 0.000 0.000 0.000 0.000 0.000 0.000 0.000 0.000 0.000 0.000 0.000 0.000 0.000 0.000 0.000 0.000 0.000 0.000 0.000 0.000 0.000 0.000 0.000 0.000 0.000 0.000 0.000 0.000 0.000 0.000 0.000 0.000 0.000 0.000 0.000 0.000 0.000 0.000 0.000 0.007 0.012 0.015 0.000 0.023 0.033 0.041 0.051 0.063 0.078 0.079 0.078 0.077 0.074 0.069 0.061 0.053 0.046
0.000 0.000 0.000 0.000 0.000 0.000 0.000 0.000 0.000 0.000 0.000 0.000 0.000 0.000 0.000 0.000 0.000 0.000 0.000 0.000 0.000 0.000 0.000 0.000 0.000 0.000 0.000 0.000 0.000 0.000 0.000 0.000 0.000 0.000 0.000 0.000 0.000 0.000 0.000 0.000 0.000 0.000 0.000 0.000 0.000 0.000 0.000 0.000 0.000 0.000 0.000 0.000 0.000 0.000 0.000 0.000 0.000 0.000 0.000 0.001 0.003 0.006 0.007 0.014 0.022 0.030 0.040 0.054 0.073 0.093 0.103 0.102 0.099 0.093 0.078 0.069 0.060
0.000 0.000 0.000 0.000 0.000 0.000 0.000 0.000 0.000 0.000 0.000 0.000 0.000 0.000 0.000 0.000 0.000 0.000 0.000 0.000 0.000 0.000 0.000 0.000 0.000 0.000 0.000 0.000 0.000 0.000 0.000 0.000 0.000 0.000 0.000 0.000 0.000 0.000 0.000 0.000 0.000 0.000 0.000 0.000 0.000 0.000 0.000 0.000 0.000 0.000 0.000 0.000 0.000 0.000 0.000 0.000 0.000 0.000 0.000 0.001 0.001 0.001 0.003 0.007 0.013 0.020 0.030 0.047 0.069 0.091 0.000 0.000 0.000 0.000 0.086 0.085 0.070
0.000 0.000 0.000 0.000 0.000 0.000 0.000 0.000 0.000 0.000 0.000 0.000 0.000 0.000 0.000 0.000 0.000 0.000 0.000 0.000 0.000 0.000 0.000 0.000 0.000 0.000 0.000 0.000 0.000 0.000 0.000 0.000 0.000 0.000 0.000 0.000 0.000 0.000 0.000 0.000 0.000 0.000 0.000 0.000 0.000 0.000 0.000 0.000 0.000 0.000 0.000 0.000 0.000 0.000 0.000 0.000 0.000 0.000 0.000 0.001 0.001 0.001 0.001 0.002 0.005 0.011 0.022 0.043 0.066 0.000 0.000 0.000 0.000 0.000 0.000 0.000 0.073
0.000 0.000 0.000 0.000 0.000 0.000 0.000 0.000 0.000 0.000 0.000 0.000 0.000 0.000 0.000 0.000 0.000 0.000 0.000 0.000 0.000 0.000 0.000 0.000 0.000 0.000 0.000 0.000 0.000 0.000 0.000 0.000 0.000 0.000 0.000 0.000 0.000 0.000 0.000 0.000 0.000 0.000 0.000 0.000 0.000 0.000 0.000 0.000 0.000 0.000 0.000 0.000 0.000 0.000 0.000 0.000 0.000 0.000 0.000 0.000 0.001 0.001 0.001 0.001 0.001 0.004 0.016 0.039 0.000 0.000 0.000 0.000 0.000 0.000 0.000 0.000 0.000
0.000 0.000 0.000 0.000 0.000 0.000 0.000 0.000 0.000 0.000 0.000 0.000 0.000 0.000 0.000 0.000 0.000 0.000 0.000 0.000 0.000 0.000 0.000 0.000 0.000 0.000 0.000 0.000 0.000 0.000 0.000 0.000 0.000 0.000 0.000 0.000 0.000 0.000 0.000 0.000 0.000 0.000 0.000 0.000 0.000 0.000 0.000 0.000 0.000 0.000 0.000 0.000 0.000 0.000 0.000 0.000 0.000 0.000 0.000 0.000 0.000 0.000 0.001 0.001 0.001 0.001 0.011 0.035 0.000 0.000 0.000 0.000 0.000 0.000 0.000 0.000 0.000
0.000 0.000 0.000 0.000 0.000 0.000 0.000 0.000 0.000 0.000 0.000 0.000 0.000 0.000 0.000 0.000 0.000 0.000 0.000 0.000 0.000 0.000 0.000 0.000 0.000 0.000 0.000 0.000 0.000 0.000 0.000 0.000 0.000 0.000 0.000 0.000 0.000 0.000 0.000 0.000 0.000 0.000 0.000 0.000 0.000 0.000 0.000 0.000 0.000 0.000 0.000 0.000 0.000 0.000 0.000 0.000 0.000 0.000 0.000 0.000 0.000 0.000 0.000 0.001 0.001 0.001 0.008 0.000 0.000 0.000 0.000 0.000 0.000 0.000 0.000 0.000 0.000
0.000 0.000 0.000 0.000 0.000 0.000 0.000 0.000 0.000 0.000 0.000 0.000 0.000 0.000 0.000 0.000 0.000 0.000 0.000 0.000 0.000 0.000 0.000 0.000 0.000 0.000 0.000 0.000 0.000 0.000 0.000 0.000 0.000 0.000 0.000 0.000 0.000 0.000 0.000 0.000 0.000 0.000 0.000 0.000 0.000 0.000 0.000 0.000 0.000 0.000 0.000 0.000 0.000 0.000 0.000 0.000 0.000 0.000 0.000 0.000 0.000 0.000 0.000 0.001 0.001 0.001 0.021 0.000 0.000 0.000 0.000 0.000 0.000 0.000 0.000 0.000 0.000
0.000 0.000 0.000 0.000 0.000 0.000 0.000 0.000 0.000 0.000 0.000 0.000 0.000 0.000 0.000 0.000 0.000 0.000 0.000 0.000 0.000 0.000 0.000 0.000 0.000 0.000 0.000 0.000 0.000 0.000 0.000 0.000 0.000 0.000 0.000 0.000 0.000 0.000 0.000 0.000 0.000 0.000 0.000 0.000 0.000 0.000 0.000 0.000 0.000 0.000 0.000 0.000 0.000 0.000 0.000 0.000 0.000 0.000 0.000 0.000 0.000 0.000 0.000 0.001 0.001 0.001 0.000 0.000 0.000 0.000 0.000 0.000 0.000 0.000 0.000 0.000 0.000
0.000 0.000 0.000 0.000 0.000 0.000 0.000 0.000 0.000 0.000 0.000 0.000 0.000 0.000 0.000 0.000 0.000 0.000 0.000 0.000 0.000 0.000 0.000 0.000 0.000 0.000 0.000 0.000 0.000 0.000 0.000 0.000 0.000 0.000 0.000 0.000 0.000 0.000 0.000 0.000 0.000 0.000 0.000 0.000 0.000 0.000 0.000 0.000 0.000 0.000 0.000 0.000 0.000 0.000 0.000 0.000 0.000 0.000 0.000 0.000 0.000 0.000 0.000 0.001 0.001 0.001 0.000 0.000 0.000 0.000 0.000 0.000 0.000 0.000 0.000 0.000 0.000
