数据/LID_VS_30y/LID_VS_res/LID_VS_124-0001.wd
ncols         694
nrows         824
xllcorner     581104.939801
yllcorner     3495917.092414
cellsize      2.000000
NODATA_value  -9999.000000
[rows 714 to 747 of 824, columns 154 to 230 of 694]
0.000 0.000 0.000 0.000 0.000 0.000 0.000 0.000 0.002 0.004 0.005 0.006 0.007 0.008 0.008 0.009 0.009 0.009 0.009 0.008 0.000 0.001 0.079 0.074 0.068 0.067 0.065 0.062 0.058 0.054 0.050 0.046 0.000 0.000 0.000 0.000 0.000 0.000 0.000 0.000 0.000 0.000 0.000 0.048 0.070 0.081 0.091 0.102 0.112 0.000 0.000 0.000 0.000 0.000 0.000 0.000 0.000 0.000 0.213 0.223 0.235 0.233 0.211 0.191 0.199 0.116 0.035 0.000 0.000 0.000 0.000 0.000 0.000 0.000 0.000 0.000 0.000
0.000 0.000 0.000 0.000 0.000 0.000 0.000 0.002 0.004 0.005 0.006 0.007 0.008 0.009 0.009 0.010 0.011 0.011 0.012 0.012 0.011 0.010 0.000 0.094 0.091 0.089 0.087 0.083 0.078 0.073 0.068 0.063 0.058 0.054 0.000 0.000 0.000 0.000 0.000 0.000 0.000 0.000 0.035 0.089 0.133 0.144 0.154 0.165 0.176 0.000 0.000 0.000 0.000 0.000 0.000 0.000 0.000 0.000 0.275 0.270 0.247 0.225 0.200 0.193 0.202 0.157 0.071 0.000 0.000 0.000 0.000 0.000 0.000 0.000 0.000 0.000 0.000
0.000 0.000 0.000 0.000 0.000 0.000 0.002 0.004 0.005 0.006 0.007 0.008 0.009 0.010 0.010 0.011 0.012 0.013 0.013 0.014 0.015 0.015 0.014 0.000 0.001 0.110 0.107 0.103 0.098 0.093 0.087 0.082 0.077 0.073 0.069 0.000 0.000 0.000 0.000 0.000 0.000 0.022 0.075 0.131 0.187 0.207 0.217 0.228 0.239 0.000 0.000 0.000 0.000 0.000 0.000 0.000 0.000 0.309 0.285 0.262 0.236 0.215 0.191 0.194 0.204 0.200 0.115 0.029 0.000 0.000 0.000 0.000 0.000 0.000 0.000 0.000 0.000
0.000 0.000 0.000 0.000 0.000 0.001 0.003 0.005 0.006 0.007 0.008 0.009 0.010 0.010 0.011 0.012 0.013 0.014 0.015 0.016 0.018 0.019 0.021 0.023 0.027 0.001 0.129 0.123 0.119 0.112 0.106 0.101 0.096 0.093 0.089 0.085 0.082 0.000 0.000 0.000 0.014 0.062 0.117 0.173 0.229 0.269 0.279 0.289 0.000 0.000 0.000 0.000 0.000 0.000 0.000 0.000 0.000 0.300 0.275 0.252 0.228 0.204 0.188 0.197 0.207 0.216 0.157 0.073 0.000 0.000 0.000 0.000 0.000 0.000 0.000 0.000 0.000
0.000 0.000 0.000 0.000 0.000 0.002 0.004 0.005 0.006 0.007 0.008 0.009 0.010 0.011 0.012 0.013 0.014 0.015 0.016 0.018 0.020 0.022 0.025 0.031 0.042 0.061 0.001 0.144 0.139 0.131 0.126 0.121 0.116 0.113 0.109 0.106 0.103 0.101 0.000 0.050 0.062 0.105 0.159 0.216 0.271 0.326 0.343 0.353 0.000 0.000 0.000 0.000 0.000 0.000 0.000 0.000 0.000 0.290 0.265 0.242 0.218 0.196 0.190 0.199 0.209 0.219 0.203 0.117 0.000 0.000 0.000 0.000 0.000 0.000 0.000 0.000 0.000
0.000 0.000 0.000 0.000 0.001 0.003 0.005 0.006 0.007 0.008 0.009 0.010 0.011 0.011 0.012 0.013 0.014 0.016 0.017 0.019 0.020 0.023 0.026 0.030 0.036 0.042 0.027 0.001 0.001 0.148 0.145 0.140 0.137 0.133 0.130 0.127 0.124 0.120 0.113 0.088 0.107 0.147 0.202 0.257 0.314 0.370 0.406 0.417 0.000 0.000 0.000 0.000 0.000 0.000 0.000 0.000 0.000 0.281 0.255 0.234 0.208 0.186 0.194 0.203 0.212 0.221 0.231 0.161 0.000 0.000 0.000 0.000 0.000 0.000 0.000 0.000 0.000
0.000 0.000 0.000 0.000 0.001 0.003 0.005 0.006 0.007 0.008 0.009 0.010 0.011 0.012 0.013 0.014 0.015 0.016 0.017 0.019 0.021 0.023 0.025 0.028 0.030 0.032 0.025 0.018 0.012 0.000 0.163 0.160 0.158 0.154 0.150 0.148 0.145 0.142 0.140 0.000 0.000 0.187 0.243 0.300 0.355 0.411 0.467 0.479 0.490 0.468 0.000 0.000 0.000 0.000 0.000 0.000 0.293 0.271 0.246 0.224 0.201 0.187 0.196 0.206 0.215 0.223 0.234 0.206 0.000 0.000 0.000 0.000 0.000 0.000 0.000 0.000 0.000
0.000 0.000 0.000 0.000 0.001 0.003 0.005 0.006 0.007 0.008 0.009 0.010 0.011 0.012 0.013 0.014 0.015 0.016 0.017 0.019 0.020 0.022 0.023 0.025 0.027 0.026 0.023 0.019 0.015 0.011 0.000 0.180 0.178 0.174 0.171 0.169 0.167 0.164 0.000 0.000 0.000 0.000 0.287 0.342 0.397 0.453 0.508 0.505 0.482 0.458 0.432 0.409 0.000 0.000 0.000 0.000 0.284 0.261 0.237 0.215 0.190 0.190 0.199 0.209 0.218 0.226 0.236 0.000 0.000 0.000 0.000 0.000 0.000 0.000 0.000 0.000 0.000
0.000 0.000 0.000 0.000 0.001 0.003 0.005 0.006 0.007 0.008 0.009 0.010 0.011 0.012 0.013 0.014 0.015 0.016 0.017 0.018 0.019 0.021 0.022 0.023 0.024 0.023 0.021 0.019 0.016 0.013 0.009 0.001 0.000 0.194 0.192 0.189 0.188 0.000 0.000 0.000 0.000 0.000 0.000 0.385 0.440 0.463 0.484 0.000 0.000 0.447 0.424 0.399 0.374 0.350 0.000 0.000 0.273 0.250 0.227 0.204 0.184 0.192 0.200 0.211 0.220 0.229 0.240 0.000 0.000 0.000 0.000 0.000 0.000 0.000 0.000 0.000 0.000
0.000 0.000 0.000 0.000 0.001 0.003 0.005 0.006 0.007 0.008 0.009 0.010 0.011 0.012 0.013 0.014 0.015 0.016 0.017 0.018 0.019 0.020 0.020 0.021 0.021 0.021 0.019 0.018 0.016 0.014 0.011 0.008 0.006 0.001 0.212 0.208 0.000 0.000 0.000 0.000 0.000 0.000 0.000 0.397 0.419 0.439 0.459 0.000 0.000 0.000 0.000 0.389 0.365 0.340 0.314 0.288 0.263 0.242 0.216 0.194 0.186 0.195 0.203 0.212 0.222 0.232 0.244 0.000 0.000 0.000 0.000 0.000 0.000 0.000 0.000 0.000 0.000
0.000 0.000 0.000 0.000 0.001 0.003 0.005 0.006 0.007 0.008 0.009 0.010 0.011 0.012 0.013 0.014 0.014 0.015 0.016 0.017 0.018 0.018 0.019 0.019 0.020 0.019 0.018 0.017 0.015 0.014 0.012 0.010 0.008 0.005 0.000 0.223 0.216 0.000 0.000 0.000 0.000 0.000 0.000 0.375 0.396 0.416 0.435 0.450 0.000 0.000 0.000 0.000 0.000 0.329 0.304 0.279 0.253 0.230 0.208 0.184 0.188 0.195 0.203 0.213 0.223 0.234 0.000 0.000 0.000 0.000 0.000 0.000 0.000 0.000 0.000 0.000 0.000
0.000 0.000 0.000 0.000 0.001 0.003 0.005 0.006 0.007 0.008 0.009 0.010 0.011 0.012 0.012 0.013 0.014 0.015 0.015 0.016 0.017 0.017 0.018 0.018 0.018 0.018 0.017 0.016 0.015 0.013 0.012 0.010 0.009 0.007 0.005 0.000 0.232 0.229 0.000 0.000 0.000 0.000 0.000 0.000 0.374 0.000 0.000 0.431 0.420 0.000 0.000 0.000 0.000 0.000 0.000 0.268 0.242 0.220 0.196 0.179 0.188 0.197 0.206 0.216 0.225 0.235 0.000 0.000 0.000 0.000 0.000 0.000 0.000 0.000 0.000 0.000 0.000
0.000 0.000 0.000 0.000 0.001 0.003 0.005 0.006 0.007 0.008 0.009 0.010 0.010 0.011 0.012 0.013 0.013 0.014 0.015 0.015 0.016 0.016 0.017 0.017 0.017 0.016 0.016 0.015 0.014 0.013 0.012 0.010 0.009 0.008 0.006 0.004 0.000 0.247 0.264 0.000 0.000 0.000 0.000 0.000 0.000 0.000 0.000 0.000 0.403 0.000 0.000 0.000 0.000 0.000 0.277 0.255 0.231 0.207 0.185 0.180 0.189 0.198 0.206 0.216 0.227 0.239 0.000 0.000 0.000 0.000 0.000 0.000 0.000 0.000 0.000 0.000 0.000
0.000 0.000 0.000 0.000 0.001 0.003 0.004 0.005 0.007 0.007 0.008 0.009 0.010 0.011 0.012 0.012 0.013 0.014 0.014 0.015 0.015 0.015 0.016 0.016 0.016 0.015 0.015 0.014 0.013 0.012 0.011 0.010 0.009 0.008 0.006 0.005 0.003 0.001 0.236 0.252 0.000 0.000 0.000 0.000 0.000 0.000 0.000 0.000 0.380 0.000 0.000 0.000 0.000 0.000 0.267 0.245 0.220 0.197 0.174 0.183 0.191 0.199 0.207 0.218 0.227 0.000 0.000 0.000 0.000 0.000 0.000 0.000 0.000 0.000 0.000 0.000 0.000
0.000 0.000 0.000 0.000 0.000 0.002 0.004 0.005 0.006 0.007 0.008 0.009 0.010 0.010 0.011 0.012 0.012 0.013 0.013 0.014 0.014 0.015 0.015 0.015 0.015 0.014 0.014 0.013 0.013 0.012 0.011 0.010 0.009 0.008 0.006 0.005 0.003 0.001 0.000 0.223 0.238 0.000 0.000 0.000 0.000 0.000 0.000 0.365 0.360 0.000 0.000 0.000 0.000 0.276 0.256 0.234 0.211 0.187 0.175 0.183 0.192 0.199 0.208 0.218 0.225 0.230 0.238 0.000 0.000 0.000 0.000 0.000 0.000 0.000 0.000 0.000 0.000
0.000 0.000 0.000 0.000 0.000 0.001 0.003 0.004 0.005 0.006 0.007 0.008 0.009 0.010 0.010 0.011 0.012 0.012 0.013 0.013 0.013 0.014 0.014 0.014 0.014 0.013 0.013 0.013 0.012 0.011 0.010 0.009 0.008 0.007 0.006 0.005 0.003 0.001 0.000 0.000 0.208 0.223 0.000 0.000 0.000 0.000 0.000 0.000 0.000 0.000 0.000 0.000 0.000 0.255 0.243 0.223 0.199 0.176 0.176 0.185 0.194 0.202 0.211 0.220 0.226 0.233 0.241 0.247 0.255 0.000 0.000 0.000 0.000 0.000 0.000 0.000 0.000
0.000 0.000 0.000 0.000 0.000 0.000 0.002 0.003 0.004 0.005 0.006 0.007 0.008 0.009 0.010 0.010 0.011 0.012 0.012 0.012 0.013 0.013 0.013 0.013 0.013 0.013 0.012 0.012 0.011 0.010 0.010 0.009 0.008 0.007 0.006 0.005 0.003 0.001 0.000 0.000 0.000 0.193 0.207 0.226 0.000 0.000 0.000 0.000 0.000 0.000 0.000 0.000 0.243 0.232 0.222 0.209 0.189 0.169 0.177 0.186 0.197 0.206 0.214 0.221 0.228 0.235 0.244 0.252 0.259 0.266 0.274 0.000 0.000 0.000 0.000 0.000 0.000
0.000 0.000 0.000 0.000 0.000 0.000 0.000 0.002 0.003 0.004 0.005 0.006 0.007 0.008 0.009 0.010 0.010 0.011 0.011 0.012 0.012 0.012 0.012 0.012 0.012 0.012 0.011 0.011 0.010 0.010 0.009 0.008 0.007 0.006 0.005 0.004 0.002 0.000 0.000 0.000 0.000 0.000 0.181 0.199 0.218 0.000 0.000 0.000 0.000 0.000 0.000 0.000 0.222 0.212 0.200 0.189 0.175 0.171 0.179 0.188 0.199 0.208 0.216 0.222 0.231 0.240 0.248 0.254 0.261 0.269 0.277 0.284 0.235 0.000 0.000 0.000 0.000
0.000 0.000 0.000 0.000 0.000 0.000 0.000 0.000 0.002 0.003 0.004 0.005 0.006 0.007 0.008 0.009 0.010 0.010 0.010 0.011 0.011 0.011 0.011 0.011 0.011 0.011 0.011 0.010 0.010 0.009 0.008 0.007 0.006 0.005 0.004 0.003 0.001 0.000 0.000 0.000 0.000 0.000 0.000 0.173 0.191 0.209 0.000 0.000 0.000 0.000 0.000 0.212 0.202 0.189 0.178 0.167 0.163 0.169 0.178 0.188 0.199 0.209 0.218 0.226 0.236 0.000 0.000 0.000 0.264 0.271 0.279 0.287 0.279 0.192 0.124 0.000 0.000
0.000 0.000 0.000 0.000 0.000 0.000 0.000 0.000 0.000 0.002 0.003 0.004 0.005 0.006 0.007 0.008 0.009 0.009 0.010 0.010 0.010 0.010 0.010 0.010 0.010 0.010 0.010 0.009 0.009 0.008 0.007 0.006 0.005 0.004 0.003 0.002 0.000 0.000 0.000 0.000 0.000 0.000 0.000 0.000 0.165 0.184 0.204 0.000 0.000 0.000 0.000 0.191 0.180 0.168 0.162 0.162 0.162 0.165 0.174 0.185 0.195 0.206 0.216 0.225 0.236 0.000 0.000 0.000 0.000 0.000 0.282 0.290 0.298 0.235 0.194 0.155 0.000
0.000 0.000 0.000 0.000 0.000 0.000 0.000 0.000 0.000 0.000 0.002 0.003 0.004 0.005 0.006 0.007 0.008 0.008 0.009 0.009 0.009 0.009 0.009 0.009 0.009 0.009 0.009 0.008 0.008 0.007 0.006 0.005 0.004 0.003 0.002 0.000 0.000 0.000 0.000 0.000 0.000 0.000 0.000 0.000 0.143 0.160 0.178 0.198 0.000 0.196 0.182 0.171 0.159 0.160 0.160 0.160 0.162 0.162 0.172 0.182 0.193 0.203 0.214 0.224 0.000 0.000 0.000 0.000 0.000 0.000 0.000 0.289 0.299 0.303 0.264 0.225 0.000
0.000 0.000 0.000 0.000 0.000 0.000 0.000 0.000 0.000 0.000 0.000 0.002 0.003 0.004 0.005 0.006 0.007 0.007 0.008 0.008 0.008 0.008 0.008 0.008 0.008 0.008 0.008 0.008 0.007 0.006 0.005 0.004 0.003 0.002 0.000 0.000 0.000 0.000 0.000 0.000 0.000 0.000 0.000 0.000 0.000 0.138 0.154 0.172 0.189 0.176 0.163 0.158 0.158 0.159 0.158 0.159 0.159 0.160 0.169 0.179 0.190 0.200 0.212 0.000 0.000 0.000 0.000 0.000 0.000 0.000 0.000 0.000 0.000 0.309 0.304 0.293 0.250
0.000 0.000 0.000 0.000 0.000 0.000 0.000 0.000 0.000 0.000 0.000 0.000 0.002 0.003 0.004 0.005 0.006 0.006 0.007 0.007 0.007 0.007 0.007 0.007 0.007 0.007 0.007 0.007 0.006 0.005 0.004 0.003 0.002 0.000 0.000 0.000 0.000 0.000 0.000 0.000 0.000 0.000 0.000 0.000 0.000 0.000 0.131 0.148 0.164 0.157 0.157 0.157 0.158 0.157 0.156 0.157 0.158 0.158 0.165 0.175 0.187 0.198 0.209 0.000 0.000 0.000 0.000 0.000 0.000 0.000 0.000 0.000 0.000 0.000 0.000 0.299 0.293
0.000 0.000 0.000 0.000 0.000 0.000 0.000 0.000 0.000 0.000 0.000 0.000 0.000 0.002 0.003 0.004 0.005 0.005 0.006 0.006 0.006 0.006 0.006 0.006 0.006 0.006 0.006 0.006 0.005 0.004 0.003 0.002 0.000 0.000 0.000 0.000 0.000 0.000 0.000 0.000 0.000 0.000 0.000 0.000 0.000 0.000 0.000 0.125 0.142 0.156 0.156 0.156 0.155 0.155 0.155 0.155 0.156 0.158 0.164 0.173 0.184 0.194 0.000 0.000 0.000 0.000 0.000 0.000 0.000 0.000 0.000 0.000 0.000 0.000 0.000 0.000 0.000
0.000 0.000 0.000 0.000 0.000 0.000 0.000 0.000 0.000 0.000 0.000 0.000 0.000 0.000 0.001 0.003 0.003 0.004 0.005 0.005 0.005 0.005 0.005 0.005 0.005 0.005 0.005 0.005 0.004 0.003 0.002 0.000 0.000 0.000 0.000 0.000 0.000 0.000 0.000 0.000 0.000 0.000 0.000 0.000 0.000 0.000 0.000 0.000 0.120 0.139 0.154 0.154 0.153 0.153 0.153 0.153 0.154 0.156 0.160 0.170 0.181 0.193 0.000 0.000 0.000 0.000 0.000 0.000 0.000 0.000 0.000 0.000 0.000 0.000 0.000 0.000 0.000
0.000 0.000 0.000 0.000 0.000 0.000 0.000 0.000 0.000 0.000 0.000 0.000 0.000 0.000 0.000 0.000 0.002 0.003 0.003 0.003 0.003 0.003 0.003 0.003 0.003 0.003 0.003 0.003 0.002 0.001 0.000 0.000 0.000 0.000 0.000 0.000 0.000 0.000 0.000 0.000 0.000 0.000 0.000 0.000 0.000 0.000 0.000 0.000 0.000 0.109 0.136 0.151 0.151 0.150 0.150 0.151 0.151 0.153 0.156 0.166 0.177 0.000 0.000 0.000 0.000 0.000 0.000 0.000 0.000 0.000 0.000 0.000 0.000 0.000 0.000 0.000 0.000
0.000 0.000 0.000 0.000 0.000 0.000 0.000 0.000 0.000 0.000 0.000 0.000 0.000 0.000 0.000 0.000 0.000 0.000 0.001 0.001 0.001 0.001 0.001 0.001 0.001 0.001 0.001 0.001 0.000 0.000 0.000 0.000 0.000 0.000 0.000 0.000 0.000 0.000 0.000 0.000 0.000 0.000 0.000 0.000 0.000 0.000 0.000 0.000 0.000 0.000 0.116 0.135 0.149 0.149 0.148 0.148 0.148 0.149 0.151 0.162 0.174 0.000 0.000 0.000 0.000 0.000 0.000 0.000 0.000 0.000 0.000 0.000 0.000 0.000 0.000 0.000 0.000
0.000 0.000 0.000 0.000 0.000 0.000 0.000 0.000 0.000 0.000 0.000 0.000 0.000 0.000 0.000 0.000 0.000 0.000 0.000 0.000 0.000 0.000 0.000 0.000 0.000 0.000 0.000 0.000 0.000 0.000 0.000 0.000 0.000 0.000 0.000 0.000 0.000 0.000 0.000 0.000 0.000 0.000 0.000 0.000 0.000 0.000 0.000 0.000 0.000 0.000 0.094 0.114 0.133 0.146 0.145 0.143 0.142 0.143 0.146 0.158 0.000 0.000 0.000 0.000 0.000 0.000 0.000 0.000 0.000 0.000 0.000 0.000 0.000 0.000 0.000 0.000 0.000
0.000 0.000 0.000 0.000 0.000 0.000 0.000 0.000 0.000 0.000 0.000 0.000 0.000 0.000 0.000 0.000 0.000 0.000 0.000 0.000 0.000 0.000 0.000 0.000 0.000 0.000 0.000 0.000 0.000 0.000 0.000 0.000 0.000 0.000 0.000 0.000 0.000 0.000 0.000 0.000 0.000 0.000 0.000 0.000 0.000 0.000 0.000 0.000 0.000 0.000 0.000 0.090 0.110 0.128 0.140 0.136 0.128 0.133 0.135 0.000 0.000 0.000 0.000 0.000 0.000 0.000 0.000 0.000 0.000 0.000 0.000 0.000 0.000 0.000 0.000 0.000 0.000
0.000 0.000 0.000 0.000 0.000 0.000 0.000 0.000 0.000 0.000 0.000 0.000 0.000 0.000 0.000 0.000 0.000 0.000 0.000 0.000 0.000 0.000 0.000 0.000 0.000 0.000 0.000 0.000 0.000 0.000 0.000 0.000 0.000 0.000 0.000 0.000 0.000 0.000 0.000 0.000 0.000 0.000 0.000 0.000 0.000 0.000 0.000 0.000 0.000 0.000 0.000 0.066 0.085 0.104 0.122 0.132 0.127 0.127 0.124 0.120 0.000 0.000 0.000 0.000 0.000 0.000 0.000 0.000 0.000 0.000 0.000 0.000 0.000 0.000 0.000 0.000 0.000
0.000 0.000 0.000 0.000 0.000 0.000 0.000 0.000 0.000 0.000 0.000 0.000 0.000 0.000 0.000 0.000 0.000 0.000 0.000 0.000 0.000 0.000 0.000 0.000 0.000 0.000 0.000 0.000 0.000 0.000 0.000 0.000 0.000 0.000 0.000 0.000 0.000 0.000 0.000 0.000 0.000 0.000 0.000 0.000 0.000 0.000 0.000 0.000 0.000 0.000 0.000 0.043 0.062 0.080 0.098 0.115 0.124 0.121 0.116 0.111 0.111 0.000 0.000 0.000 0.000 0.000 0.000 0.000 0.000 0.000 0.000 0.000 0.000 0.000 0.000 0.000 0.000
0.000 0.000 0.000 0.000 0.000 0.000 0.000 0.000 0.000 0.000 0.000 0.000 0.000 0.000 0.000 0.000 0.000 0.000 0.000 0.000 0.000 0.000 0.000 0.000 0.000 0.000 0.000 0.000 0.000 0.000 0.000 0.000 0.000 0.000 0.000 0.000 0.000 0.000 0.000 0.000 0.000 0.000 0.000 0.000 0.000 0.000 0.000 0.000 0.000 0.000 0.000 0.020 0.039 0.056 0.074 0.091 0.107 0.115 0.109 0.101 0.099 0.090 0.090 0.000 0.000 0.000 0.000 0.000 0.000 0.000 0.000 0.000 0.000 0.000 0.000 0.000 0.000
0.000 0.000 0.000 0.000 0.000 0.000 0.000 0.000 0.000 0.000 0.000 0.000 0.000 0.000 0.000 0.000 0.000 0.000 0.000 0.000 0.000 0.000 0.000 0.000 0.000 0.000 0.000 0.000 0.000 0.000 0.000 0.000 0.000 0.000 0.000 0.000 0.000 0.000 0.000 0.000 0.000 0.000 0.000 0.000 0.000 0.000 0.000 0.000 0.000 0.000 0.000 0.000 0.014 0.032 0.050 0.066 0.082 0.097 0.102 0.093 0.087 0.081 0.081 0.083 0.000 0.000 0.000 0.000 0.000 0.000 0.000 0.000 0.000 0.000 0.000 0.000 0.000
0.000 0.000 0.000 0.000 0.000 0.000 0.000 0.000 0.000 0.000 0.000 0.000 0.000 0.000 0.000 0.000 0.000 0.000 0.000 0.000 0.000 0.000 0.000 0.000 0.000 0.000 0.000 0.000 0.000 0.000 0.000 0.000 0.000 0.000 0.000 0.000 0.000 0.000 0.000 0.000 0.000 0.000 0.000 0.000 0.000 0.000 0.000 0.000 0.000 0.000 0.000 0.000 0.000 0.009 0.025 0.041 0.057 0.071 0.083 0.083 0.074 0.071 0.073 0.074 0.075 0.000 0.000 0.000 0.000 0.000 0.000 0.000 0.000 0.000 0.000 0.000 0.000
