数据/2hours/0.1-2h-100y/coupled-126-0001.wd
ncols         694
nrows         824
xllcorner     581104.939801
yllcorner     3495917.092414
cellsize      2.000000
NODATA_value  -9999.000000
[rows 680 to 713 of 824, columns 154 to 230 of 694]
0.000 0.000 0.000 0.000 0.000 0.000 0.000 0.000 0.000 0.000 0.000 0.000 0.001 0.000 0.000 0.000 0.001 0.001 0.002 0.006 0.030 0.061 0.043 0.024 0.025 0.023 0.000 0.013 0.012 0.000 0.000 0.000 0.000 0.000 0.000 0.000 0.000 0.000 0.000 0.051 0.065 0.059 0.061 0.052 0.062 0.059 0.052 0.052 0.054 0.074 0.091 0.086 0.013 0.004 0.003 0.003 0.004 0.003 0.003 0.002 0.001 0.001 0.001 0.000 0.000 0.000 0.000 0.000 0.000 0.000 0.000 0.000 0.000 0.000 0.000 0.000 0.000
0.000 0.000 0.000 0.000 0.000 0.000 0.000 0.000 0.000 0.000 0.000 0.001 0.001 0.001 0.001 0.000 0.001 0.001 0.002 0.010 0.044 0.078 0.097 0.000 0.062 0.039 0.015 0.012 0.000 0.000 0.000 0.000 0.000 0.000 0.000 0.000 0.000 0.000 0.033 0.045 0.061 0.064 0.053 0.066 0.063 0.058 0.048 0.043 0.052 0.067 0.071 0.070 0.083 0.086 0.012 0.005 0.003 0.003 0.002 0.002 0.001 0.001 0.001 0.001 0.000 0.000 0.000 0.000 0.000 0.000 0.000 0.000 0.000 0.000 0.000 0.000 0.000
0.000 0.000 0.000 0.000 0.000 0.000 0.000 0.000 0.000 0.000 0.000 0.001 0.001 0.001 0.001 0.001 0.001 0.001 0.002 0.021 0.059 0.097 0.000 0.000 0.000 0.000 0.050 0.025 0.000 0.000 0.000 0.000 0.000 0.000 0.000 0.000 0.000 0.041 0.050 0.042 0.039 0.052 0.054 0.059 0.056 0.061 0.051 0.044 0.052 0.050 0.041 0.049 0.073 0.091 0.109 0.076 0.011 0.004 0.002 0.001 0.001 0.001 0.001 0.001 0.000 0.000 0.000 0.000 0.000 0.000 0.000 0.000 0.000 0.000 0.000 0.000 0.000
0.000 0.000 0.000 0.000 0.000 0.000 0.000 0.000 0.000 0.000 0.000 0.001 0.001 0.001 0.001 0.001 0.001 0.001 0.004 0.028 0.062 0.000 0.000 0.000 0.000 0.000 0.000 0.071 0.050 0.027 0.000 0.000 0.000 0.000 0.000 0.000 0.000 0.041 0.040 0.041 0.040 0.045 0.053 0.063 0.055 0.000 0.031 0.022 0.019 0.020 0.028 0.042 0.061 0.078 0.097 0.114 0.146 0.096 0.009 0.002 0.001 0.001 0.001 0.001 0.001 0.000 0.000 0.000 0.000 0.000 0.000 0.000 0.000 0.000 0.000 0.000 0.000
0.000 0.000 0.000 0.000 0.000 0.000 0.000 0.000 0.000 0.001 0.001 0.001 0.001 0.001 0.001 0.001 0.001 0.001 0.008 0.038 0.069 0.000 0.000 0.000 0.000 0.000 0.000 0.000 0.110 0.087 0.056 0.000 0.000 0.000 0.000 0.000 0.036 0.046 0.038 0.040 0.036 0.041 0.058 0.055 0.000 0.000 0.000 0.000 0.023 0.035 0.038 0.048 0.057 0.070 0.083 0.110 0.130 0.160 0.202 0.099 0.005 0.001 0.001 0.001 0.001 0.001 0.000 0.000 0.000 0.000 0.000 0.000 0.000 0.000 0.000 0.000 0.000
0.003 0.000 0.000 0.001 0.001 0.001 0.001 0.001 0.001 0.001 0.001 0.001 0.001 0.001 0.001 0.001 0.001 0.004 0.019 0.051 0.082 0.110 0.000 0.000 0.000 0.000 0.000 0.000 0.000 0.000 0.116 0.093 0.067 0.000 0.000 0.014 0.022 0.033 0.049 0.047 0.042 0.053 0.064 0.061 0.000 0.005 0.007 0.008 0.000 0.000 0.025 0.031 0.038 0.048 0.068 0.105 0.117 0.156 0.173 0.204 0.195 0.107 0.005 0.001 0.001 0.001 0.001 0.000 0.000 0.000 0.000 0.000 0.000 0.000 0.000 0.000 0.000
0.022 0.002 0.001 0.001 0.001 0.001 0.001 0.001 0.001 0.001 0.001 0.001 0.001 0.001 0.001 0.001 0.002 0.013 0.041 0.073 0.106 0.137 0.000 0.000 0.000 0.000 0.000 0.000 0.000 0.000 0.000 0.000 0.128 0.102 0.000 0.040 0.033 0.022 0.030 0.043 0.053 0.060 0.070 0.000 0.000 0.004 0.005 0.004 0.005 0.022 0.000 0.000 0.027 0.045 0.064 0.090 0.120 0.140 0.175 0.205 0.203 0.243 0.227 0.106 0.011 0.001 0.001 0.000 0.001 0.000 0.000 0.000 0.000 0.000 0.000 0.000 0.000
0.050 0.017 0.001 0.001 0.001 0.001 0.001 0.001 0.001 0.001 0.001 0.001 0.001 0.001 0.001 0.001 0.009 0.038 0.066 0.099 0.131 0.161 0.192 0.224 0.000 0.000 0.000 0.000 0.000 0.000 0.000 0.000 0.000 0.153 0.126 0.095 0.055 0.025 0.015 0.029 0.037 0.043 0.000 0.000 0.003 0.003 0.003 0.002 0.003 0.016 0.000 0.000 0.000 0.000 0.056 0.075 0.101 0.133 0.166 0.181 0.219 0.242 0.248 0.285 0.228 0.117 0.014 0.001 0.001 0.001 0.001 0.000 0.000 0.000 0.000 0.000 0.000
0.074 0.044 0.015 0.001 0.001 0.001 0.001 0.001 0.001 0.001 0.001 0.001 0.001 0.001 0.001 0.004 0.030 0.063 0.093 0.000 0.000 0.186 0.216 0.245 0.274 0.000 0.000 0.000 0.000 0.000 0.000 0.000 0.000 0.000 0.179 0.148 0.078 0.029 0.013 0.020 0.027 0.033 0.000 0.002 0.003 0.003 0.003 0.002 0.002 0.007 0.017 0.000 0.000 0.025 0.000 0.000 0.101 0.120 0.150 0.175 0.202 0.220 0.260 0.286 0.295 0.327 0.236 0.130 0.024 0.001 0.001 0.001 0.001 0.001 0.000 0.000 0.000
0.099 0.069 0.041 0.015 0.001 0.001 0.001 0.001 0.001 0.001 0.001 0.001 0.001 0.001 0.001 0.020 0.051 0.086 0.000 0.000 0.000 0.000 0.237 0.267 0.295 0.321 0.000 0.374 0.000 0.000 0.000 0.000 0.000 0.272 0.251 0.183 0.118 0.044 0.012 0.009 0.020 0.000 0.000 0.001 0.002 0.002 0.002 0.002 0.001 0.002 0.007 0.008 0.009 0.021 0.042 0.072 0.000 0.000 0.148 0.153 0.211 0.213 0.257 0.264 0.297 0.321 0.346 0.352 0.244 0.140 0.034 0.003 0.001 0.001 0.001 0.001 0.001
0.122 0.094 0.068 0.040 0.014 0.001 0.001 0.001 0.001 0.001 0.001 0.001 0.001 0.001 0.007 0.038 0.067 0.000 0.000 0.000 0.000 0.000 0.000 0.000 0.313 0.341 0.368 0.400 0.000 0.000 0.000 0.000 0.353 0.331 0.279 0.213 0.148 0.081 0.023 0.006 0.011 0.010 0.013 0.000 0.000 0.001 0.001 0.001 0.001 0.001 0.002 0.003 0.005 0.014 0.037 0.067 0.090 0.118 0.142 0.172 0.181 0.205 0.235 0.263 0.287 0.305 0.336 0.363 0.394 0.365 0.262 0.196 0.176 0.149 0.127 0.105 0.078
0.125 0.130 0.106 0.077 0.048 0.024 0.003 0.001 0.001 0.001 0.001 0.001 0.001 0.002 0.026 0.057 0.087 0.000 0.000 0.000 0.000 0.000 0.000 0.000 0.000 0.364 0.391 0.418 0.445 0.000 0.000 0.000 0.417 0.374 0.309 0.245 0.000 0.111 0.051 0.010 0.005 0.008 0.011 0.011 0.012 0.000 0.000 0.001 0.001 0.002 0.002 0.003 0.004 0.012 0.032 0.061 0.092 0.118 0.000 0.000 0.000 0.206 0.221 0.248 0.278 0.305 0.329 0.362 0.388 0.412 0.442 0.425 0.398 0.368 0.331 0.300 0.266
0.152 0.168 0.160 0.133 0.106 0.078 0.051 0.025 0.003 0.001 0.001 0.001 0.001 0.003 0.024 0.056 0.090 0.000 0.000 0.000 0.000 0.000 0.000 0.000 0.000 0.000 0.000 0.438 0.464 0.494 0.520 0.496 0.469 0.402 0.335 0.000 0.000 0.000 0.079 0.030 0.003 0.007 0.009 0.009 0.010 0.010 0.012 0.000 0.002 0.002 0.003 0.003 0.004 0.011 0.032 0.055 0.086 0.000 0.000 0.000 0.000 0.000 0.215 0.243 0.271 0.305 0.324 0.345 0.376 0.413 0.449 0.398 0.310 0.278 0.236 0.203 0.167
0.179 0.193 0.210 0.188 0.161 0.134 0.108 0.081 0.052 0.030 0.003 0.001 0.001 0.001 0.023 0.054 0.087 0.113 0.143 0.000 0.000 0.000 0.000 0.000 0.000 0.000 0.000 0.000 0.484 0.516 0.547 0.557 0.496 0.432 0.368 0.000 0.000 0.000 0.000 0.071 0.010 0.003 0.005 0.007 0.007 0.008 0.009 0.008 0.004 0.004 0.003 0.003 0.004 0.010 0.027 0.050 0.079 0.000 0.000 0.000 0.000 0.000 0.207 0.229 0.260 0.283 0.308 0.351 0.390 0.427 0.444 0.380 0.295 0.211 0.140 0.107 0.068
0.204 0.219 0.235 0.243 0.216 0.188 0.162 0.135 0.108 0.081 0.050 0.006 0.002 0.002 0.000 0.055 0.087 0.113 0.144 0.177 0.000 0.000 0.000 0.000 0.000 0.000 0.000 0.000 0.000 0.520 0.553 0.569 0.520 0.456 0.000 0.000 0.000 0.000 0.000 0.098 0.029 0.003 0.002 0.003 0.005 0.006 0.006 0.006 0.004 0.003 0.003 0.003 0.004 0.009 0.027 0.053 0.000 0.000 0.000 0.000 0.000 0.000 0.192 0.222 0.261 0.298 0.333 0.370 0.406 0.437 0.425 0.362 0.296 0.195 0.107 0.016 0.001
0.230 0.245 0.260 0.275 0.271 0.243 0.216 0.190 0.163 0.136 0.099 0.044 0.003 0.000 0.000 0.000 0.000 0.114 0.146 0.178 0.211 0.000 0.000 0.000 0.000 0.000 0.000 0.000 0.485 0.523 0.549 0.551 0.545 0.000 0.000 0.000 0.000 0.000 0.193 0.123 0.062 0.008 0.003 0.002 0.002 0.003 0.004 0.004 0.003 0.002 0.002 0.002 0.003 0.008 0.024 0.052 0.000 0.000 0.000 0.000 0.000 0.000 0.198 0.232 0.270 0.303 0.339 0.375 0.407 0.436 0.397 0.345 0.288 0.186 0.097 0.010 0.001
0.254 0.269 0.285 0.300 0.315 0.297 0.270 0.244 0.216 0.189 0.143 0.088 0.000 0.000 0.000 0.000 0.000 0.000 0.000 0.179 0.214 0.249 0.283 0.000 0.000 0.000 0.000 0.000 0.487 0.521 0.528 0.530 0.535 0.000 0.000 0.000 0.000 0.000 0.000 0.143 0.078 0.031 0.018 0.006 0.002 0.001 0.002 0.003 0.002 0.002 0.002 0.002 0.002 0.006 0.022 0.049 0.000 0.000 0.000 0.000 0.000 0.000 0.207 0.246 0.278 0.314 0.345 0.383 0.419 0.443 0.390 0.329 0.256 0.177 0.087 0.011 0.001
0.280 0.294 0.310 0.325 0.339 0.351 0.324 0.297 0.269 0.239 0.184 0.130 0.000 0.000 0.000 0.000 0.000 0.000 0.000 0.181 0.215 0.251 0.285 0.317 0.000 0.000 0.000 0.453 0.489 0.506 0.507 0.510 0.000 0.000 0.000 0.000 0.000 0.000 0.000 0.000 0.000 0.048 0.034 0.021 0.010 0.002 0.001 0.001 0.001 0.001 0.001 0.001 0.001 0.005 0.020 0.045 0.000 0.000 0.000 0.000 0.000 0.000 0.218 0.254 0.291 0.326 0.362 0.396 0.433 0.427 0.366 0.304 0.245 0.172 0.076 0.009 0.001
0.311 0.324 0.336 0.350 0.364 0.379 0.378 0.350 0.322 0.281 0.227 0.000 0.000 0.000 0.000 0.000 0.000 0.000 0.000 0.000 0.000 0.000 0.286 0.322 0.355 0.388 0.421 0.457 0.483 0.484 0.487 0.000 0.000 0.000 0.000 0.000 0.000 0.000 0.000 0.000 0.000 0.068 0.055 0.041 0.028 0.014 0.003 0.001 0.001 0.001 0.001 0.001 0.001 0.003 0.024 0.062 0.000 0.000 0.000 0.000 0.000 0.000 0.230 0.260 0.298 0.333 0.370 0.407 0.445 0.407 0.344 0.281 0.230 0.164 0.068 0.003 0.001
0.344 0.356 0.367 0.379 0.390 0.403 0.418 0.404 0.376 0.323 0.000 0.000 0.000 0.000 0.000 0.000 0.000 0.000 0.000 0.000 0.000 0.000 0.290 0.322 0.358 0.393 0.423 0.458 0.464 0.464 0.465 0.000 0.000 0.000 0.000 0.000 0.000 0.000 0.000 0.000 0.000 0.088 0.000 0.062 0.049 0.033 0.018 0.004 0.001 0.001 0.001 0.001 0.001 0.007 0.038 0.073 0.000 0.000 0.000 0.000 0.000 0.207 0.237 0.275 0.312 0.345 0.386 0.420 0.444 0.383 0.329 0.271 0.201 0.148 0.059 0.001 0.001
0.376 0.387 0.398 0.410 0.421 0.432 0.444 0.457 0.420 0.367 0.313 0.259 0.000 0.000 0.000 0.000 0.000 0.000 0.000 0.000 0.000 0.000 0.000 0.000 0.358 0.391 0.424 0.443 0.444 0.445 0.000 0.000 0.000 0.000 0.315 0.000 0.000 0.000 0.000 0.000 0.000 0.000 0.000 0.000 0.000 0.050 0.036 0.020 0.006 0.001 0.001 0.001 0.004 0.018 0.050 0.086 0.000 0.000 0.000 0.000 0.000 0.220 0.248 0.282 0.322 0.351 0.396 0.432 0.423 0.360 0.302 0.248 0.189 0.124 0.051 0.001 0.000
0.406 0.417 0.429 0.440 0.451 0.463 0.474 0.484 0.461 0.409 0.355 0.301 0.246 0.000 0.000 0.000 0.000 0.000 0.000 0.000 0.000 0.000 0.000 0.000 0.000 0.392 0.421 0.422 0.424 0.000 0.000 0.000 0.000 0.293 0.296 0.295 0.271 0.000 0.000 0.000 0.000 0.000 0.000 0.000 0.000 0.000 0.053 0.037 0.013 0.009 0.006 0.003 0.019 0.000 0.000 0.098 0.000 0.000 0.000 0.000 0.000 0.224 0.257 0.296 0.328 0.366 0.403 0.440 0.406 0.349 0.288 0.218 0.170 0.105 0.000 0.000 0.000
0.000 0.447 0.459 0.471 0.482 0.493 0.504 0.492 0.465 0.438 0.399 0.345 0.291 0.239 0.183 0.000 0.000 0.000 0.000 0.000 0.000 0.000 0.000 0.000 0.000 0.390 0.400 0.401 0.403 0.000 0.000 0.000 0.000 0.274 0.275 0.276 0.276 0.229 0.000 0.000 0.000 0.000 0.000 0.000 0.000 0.000 0.000 0.000 0.016 0.011 0.008 0.007 0.000 0.000 0.000 0.000 0.000 0.000 0.000 0.000 0.000 0.229 0.269 0.305 0.339 0.375 0.414 0.443 0.384 0.324 0.265 0.213 0.143 0.000 0.000 0.000 0.000
0.000 0.000 0.489 0.501 0.512 0.523 0.516 0.495 0.469 0.442 0.415 0.389 0.335 0.281 0.227 0.175 0.000 0.000 0.000 0.000 0.000 0.000 0.000 0.000 0.351 0.372 0.374 0.380 0.000 0.000 0.000 0.000 0.253 0.254 0.256 0.256 0.258 0.252 0.186 0.121 0.000 0.000 0.000 0.000 0.000 0.000 0.000 0.000 0.000 0.009 0.008 0.009 0.000 0.000 0.000 0.000 0.000 0.000 0.000 0.000 0.196 0.237 0.276 0.317 0.351 0.392 0.429 0.422 0.368 0.308 0.247 0.183 0.000 0.000 0.000 0.000 0.000
0.000 0.000 0.000 0.531 0.542 0.535 0.526 0.499 0.472 0.445 0.419 0.393 0.366 0.324 0.270 0.217 0.162 0.000 0.000 0.000 0.000 0.000 0.000 0.311 0.344 0.347 0.352 0.000 0.000 0.000 0.000 0.233 0.234 0.234 0.236 0.237 0.237 0.239 0.210 0.148 0.084 0.000 0.000 0.000 0.000 0.000 0.000 0.000 0.000 0.008 0.009 0.011 0.000 0.000 0.000 0.000 0.000 0.000 0.000 0.000 0.209 0.250 0.284 0.324 0.358 0.395 0.434 0.405 0.345 0.281 0.217 0.169 0.000 0.000 0.000 0.000 0.000
0.000 0.000 0.000 0.000 0.555 0.546 0.529 0.502 0.475 0.449 0.422 0.396 0.370 0.345 0.315 0.261 0.207 0.151 0.100 0.000 0.000 0.000 0.000 0.309 0.322 0.323 0.000 0.000 0.000 0.000 0.000 0.213 0.214 0.215 0.216 0.217 0.218 0.220 0.223 0.168 0.104 0.033 0.000 0.000 0.000 0.000 0.000 0.000 0.001 0.008 0.011 0.016 0.000 0.000 0.000 0.000 0.000 0.000 0.000 0.000 0.220 0.262 0.294 0.334 0.367 0.406 0.435 0.376 0.321 0.264 0.206 0.149 0.000 0.000 0.000 0.000 0.000
0.000 0.000 0.000 0.000 0.000 0.557 0.532 0.506 0.479 0.452 0.425 0.399 0.374 0.348 0.323 0.296 0.250 0.195 0.144 0.116 0.000 0.000 0.257 0.285 0.294 0.302 0.000 0.000 0.000 0.000 0.000 0.194 0.196 0.197 0.198 0.199 0.199 0.201 0.204 0.190 0.125 0.056 0.009 0.002 0.000 0.000 0.000 0.002 0.008 0.018 0.025 0.038 0.049 0.000 0.000 0.000 0.000 0.000 0.000 0.000 0.233 0.267 0.306 0.338 0.378 0.415 0.415 0.361 0.300 0.237 0.178 0.000 0.000 0.000 0.000 0.000 0.000
0.000 0.000 0.000 0.000 0.000 0.000 0.000 0.509 0.482 0.455 0.429 0.403 0.377 0.352 0.327 0.301 0.273 0.242 0.192 0.141 0.167 0.208 0.250 0.257 0.268 0.000 0.000 0.000 0.000 0.000 0.000 0.000 0.176 0.179 0.180 0.180 0.181 0.182 0.185 0.187 0.146 0.078 0.034 0.013 0.003 0.000 0.014 0.026 0.033 0.047 0.059 0.072 0.084 0.000 0.000 0.000 0.000 0.000 0.000 0.199 0.239 0.273 0.313 0.347 0.382 0.419 0.394 0.333 0.274 0.218 0.164 0.000 0.000 0.000 0.000 0.000 0.000
0.000 0.000 0.000 0.000 0.000 0.000 0.000 0.000 0.486 0.459 0.432 0.405 0.380 0.356 0.332 0.304 0.278 0.253 0.228 0.184 0.165 0.208 0.218 0.221 0.000 0.000 0.000 0.000 0.000 0.000 0.000 0.000 0.000 0.000 0.161 0.162 0.161 0.162 0.166 0.167 0.168 0.100 0.048 0.033 0.026 0.037 0.050 0.059 0.071 0.083 0.093 0.106 0.118 0.000 0.000 0.000 0.000 0.000 0.000 0.212 0.246 0.282 0.320 0.355 0.388 0.426 0.370 0.307 0.256 0.197 0.137 0.000 0.000 0.000 0.000 0.000 0.000
0.000 0.000 0.000 0.000 0.000 0.000 0.000 0.000 0.000 0.462 0.435 0.408 0.001 0.001 0.336 0.308 0.283 0.259 0.235 0.209 0.173 0.186 0.188 0.191 0.190 0.189 0.000 0.000 0.000 0.000 0.000 0.000 0.000 0.000 0.149 0.145 0.145 0.146 0.149 0.148 0.148 0.123 0.068 0.057 0.064 0.072 0.081 0.095 0.107 0.119 0.126 0.139 0.000 0.000 0.000 0.000 0.000 0.000 0.000 0.232 0.251 0.293 0.324 0.356 0.400 0.404 0.344 0.286 0.230 0.171 0.119 0.000 0.000 0.000 0.000 0.000 0.000
0.000 0.000 0.000 0.000 0.000 0.000 0.000 0.000 0.000 0.000 0.001 0.000 0.003 0.003 0.001 0.000 0.287 0.261 0.236 0.209 0.184 0.185 0.182 0.178 0.176 0.172 0.163 0.000 0.000 0.000 0.000 0.000 0.000 0.000 0.134 0.000 0.126 0.128 0.128 0.128 0.126 0.126 0.084 0.085 0.098 0.107 0.119 0.132 0.145 0.157 0.166 0.176 0.000 0.000 0.000 0.000 0.000 0.000 0.000 0.259 0.273 0.295 0.328 0.367 0.408 0.377 0.318 0.264 0.204 0.147 0.000 0.000 0.000 0.000 0.000 0.000 0.000
0.000 0.000 0.000 0.000 0.000 0.000 0.000 0.000 0.000 0.002 0.003 0.004 0.005 0.005 0.005 0.004 0.001 0.266 0.238 0.213 0.206 0.205 0.204 0.202 0.198 0.192 0.185 0.179 0.000 0.000 0.000 0.000 0.000 0.000 0.000 0.000 0.000 0.000 0.119 0.113 0.109 0.109 0.106 0.123 0.134 0.145 0.157 0.167 0.181 0.194 0.202 0.213 0.000 0.000 0.000 0.000 0.000 0.000 0.282 0.288 0.301 0.315 0.334 0.375 0.411 0.351 0.294 0.235 0.179 0.122 0.000 0.000 0.000 0.000 0.000 0.000 0.000
0.000 0.000 0.000 0.000 0.000 0.000 0.000 0.000 0.002 0.003 0.004 0.005 0.006 0.006 0.007 0.007 0.006 0.001 0.000 0.232 0.226 0.226 0.222 0.220 0.217 0.211 0.208 0.202 0.197 0.191 0.000 0.000 0.000 0.000 0.000 0.000 0.000 0.000 0.000 0.133 0.130 0.130 0.151 0.180 0.190 0.200 0.209 0.220 0.230 0.241 0.000 0.000 0.000 0.000 0.000 0.000 0.000 0.000 0.309 0.319 0.334 0.343 0.359 0.379 0.383 0.327 0.269 0.208 0.153 0.096 0.000 0.000 0.000 0.000 0.000 0.000 0.000
0.000 0.000 0.000 0.000 0.000 0.000 0.000 0.002 0.003 0.004 0.005 0.006 0.007 0.008 0.008 0.008 0.008 0.008 0.007 0.001 0.243 0.243 0.241 0.236 0.229 0.227 0.223 0.223 0.217 0.210 0.206 0.000 0.000 0.000 0.000 0.000 0.000 0.000 0.000 0.000 0.000 0.150 0.193 0.242 0.252 0.261 0.270 0.281 0.292 0.000 0.000 0.000 0.000 0.000 0.000 0.000 0.000 0.000 0.359 0.365 0.377 0.388 0.398 0.407 0.364 0.301 0.244 0.180 0.122 0.064 0.000 0.000 0.000 0.000 0.000 0.000 0.000
