数据/2hours/0.1-2h-100y/coupled-240-0001.wd
ncols         694
nrows         824
xllcorner     581104.939801
yllcorner     3495917.092414
cellsize      2.000000
NODATA_value  -9999.000000
[rows 408 to 441 of 824, columns 385 to 461 of 694]
0.000 0.000 0.000 0.000 0.000 0.000 0.000 0.000 0.000 0.000 0.000 0.000 0.000 0.000 0.000 0.000 0.000 0.000 0.000 0.000 0.000 0.000 0.000 0.000 0.000 0.000 0.000 0.000 0.000 0.000 0.000 0.000 0.001 0.001 0.001 0.001 0.004 0.004 0.004 0.005 0.005 0.005 0.005 0.000 0.000 0.000 0.000 0.000 0.000 0.000 0.007 0.008 0.008 0.008 0.008 0.005 0.001 0.001 0.001 0.001 0.001 0.001 0.001 0.000 0.000 0.000 0.000 0.000 0.000 0.000 0.000 0.000 0.000 0.000 0.000 0.000 0.000
0.000 0.000 0.000 0.000 0.000 0.000 0.000 0.000 0.000 0.000 0.000 0.000 0.000 0.000 0.000 0.000 0.000 0.000 0.000 0.000 0.000 0.000 0.000 0.000 0.000 0.000 0.000 0.000 0.000 0.000 0.000 0.001 0.001 0.001 0.001 0.001 0.004 0.005 0.005 0.005 0.005 0.005 0.005 0.000 0.000 0.000 0.000 0.000 0.000 0.008 0.007 0.008 0.008 0.008 0.008 0.008 0.008 0.004 0.001 0.001 0.001 0.001 0.001 0.001 0.000 0.000 0.000 0.000 0.000 0.000 0.000 0.000 0.000 0.000 0.000 0.000 0.000
0.000 0.000 0.000 0.000 0.000 0.000 0.000 0.000 0.000 0.000 0.000 0.000 0.000 0.000 0.000 0.000 0.000 0.000 0.000 0.000 0.000 0.000 0.000 0.000 0.000 0.000 0.000 0.000 0.000 0.000 0.000 0.001 0.001 0.001 0.001 0.001 0.004 0.004 0.004 0.005 0.005 0.005 0.005 0.000 0.000 0.000 0.000 0.000 0.000 0.007 0.007 0.007 0.007 0.008 0.008 0.008 0.008 0.008 0.007 0.002 0.001 0.001 0.001 0.001 0.001 0.001 0.000 0.000 0.000 0.000 0.000 0.000 0.000 0.000 0.000 0.000 0.000
0.000 0.000 0.000 0.000 0.000 0.000 0.000 0.000 0.000 0.000 0.000 0.000 0.000 0.000 0.000 0.000 0.000 0.000 0.000 0.000 0.000 0.000 0.000 0.000 0.000 0.000 0.000 0.000 0.000 0.000 0.000 0.001 0.001 0.001 0.001 0.002 0.004 0.004 0.005 0.005 0.005 0.005 0.005 0.000 0.000 0.000 0.000 0.000 0.000 0.007 0.008 0.008 0.007 0.007 0.008 0.008 0.007 0.008 0.008 0.008 0.005 0.001 0.001 0.001 0.001 0.001 0.001 0.000 0.000 0.000 0.000 0.000 0.000 0.000 0.000 0.000 0.000
0.000 0.000 0.000 0.000 0.000 0.000 0.000 0.000 0.000 0.000 0.000 0.000 0.000 0.000 0.000 0.000 0.000 0.000 0.000 0.000 0.000 0.000 0.000 0.000 0.000 0.000 0.000 0.000 0.000 0.000 0.000 0.001 0.001 0.001 0.001 0.004 0.005 0.005 0.005 0.005 0.005 0.005 0.000 0.000 0.000 0.000 0.000 0.000 0.000 0.008 0.007 0.007 0.008 0.007 0.008 0.007 0.007 0.008 0.008 0.008 0.008 0.008 0.003 0.001 0.001 0.001 0.001 0.001 0.001 0.000 0.000 0.000 0.000 0.000 0.000 0.000 0.000
0.000 0.000 0.000 0.000 0.000 0.000 0.000 0.000 0.000 0.000 0.000 0.000 0.000 0.000 0.000 0.000 0.000 0.000 0.000 0.000 0.000 0.000 0.000 0.000 0.000 0.000 0.000 0.000 0.000 0.000 0.001 0.001 0.001 0.001 0.001 0.005 0.005 0.005 0.005 0.005 0.005 0.005 0.000 0.000 0.000 0.000 0.000 0.000 0.007 0.007 0.008 0.008 0.007 0.007 0.008 0.008 0.007 0.007 0.008 0.008 0.008 0.008 0.008 0.006 0.002 0.001 0.001 0.001 0.001 0.001 0.000 0.000 0.000 0.000 0.000 0.000 0.000
0.000 0.000 0.000 0.000 0.000 0.000 0.000 0.000 0.000 0.000 0.000 0.000 0.000 0.000 0.000 0.000 0.000 0.000 0.000 0.000 0.000 0.000 0.000 0.000 0.000 0.000 0.000 0.000 0.000 0.000 0.001 0.001 0.001 0.001 0.001 0.005 0.005 0.005 0.005 0.005 0.005 0.005 0.000 0.000 0.000 0.000 0.000 0.000 0.007 0.007 0.007 0.007 0.007 0.008 0.007 0.008 0.008 0.008 0.008 0.008 0.007 0.008 0.008 0.008 0.007 0.004 0.001 0.001 0.001 0.001 0.001 0.000 0.000 0.000 0.000 0.000 0.000
0.000 0.000 0.000 0.000 0.000 0.000 0.000 0.000 0.000 0.000 0.000 0.000 0.000 0.000 0.000 0.000 0.000 0.000 0.000 0.000 0.000 0.000 0.000 0.000 0.000 0.000 0.000 0.000 0.000 0.000 0.001 0.001 0.001 0.001 0.001 0.005 0.005 0.005 0.005 0.005 0.006 0.000 0.000 0.000 0.000 0.000 0.000 0.000 0.007 0.007 0.007 0.007 0.007 0.008 0.007 0.007 0.007 0.007 0.008 0.007 0.008 0.008 0.007 0.007 0.007 0.007 0.007 0.003 0.001 0.001 0.001 0.001 0.001 0.000 0.000 0.000 0.000
0.000 0.000 0.000 0.000 0.000 0.000 0.000 0.000 0.000 0.000 0.000 0.000 0.000 0.000 0.000 0.000 0.000 0.000 0.000 0.000 0.000 0.000 0.000 0.000 0.000 0.000 0.000 0.000 0.000 0.000 0.001 0.001 0.001 0.001 0.002 0.005 0.005 0.006 0.005 0.005 0.006 0.000 0.000 0.000 0.000 0.000 0.000 0.007 0.007 0.007 0.007 0.007 0.008 0.007 0.007 0.007 0.007 0.008 0.008 0.007 0.007 0.007 0.008 0.007 0.007 0.007 0.007 0.007 0.005 0.001 0.001 0.001 0.001 0.001 0.000 0.000 0.000
0.000 0.000 0.000 0.000 0.000 0.000 0.000 0.000 0.000 0.000 0.000 0.000 0.000 0.000 0.000 0.000 0.000 0.000 0.000 0.000 0.000 0.000 0.000 0.000 0.000 0.000 0.000 0.000 0.001 0.001 0.001 0.001 0.001 0.001 0.004 0.005 0.005 0.006 0.005 0.005 0.006 0.000 0.000 0.000 0.000 0.000 0.000 0.007 0.007 0.007 0.007 0.007 0.008 0.007 0.008 0.007 0.007 0.007 0.007 0.008 0.008 0.007 0.007 0.007 0.007 0.007 0.007 0.007 0.007 0.007 0.003 0.001 0.001 0.001 0.001 0.000 0.000
0.000 0.000 0.000 0.000 0.000 0.000 0.000 0.000 0.000 0.000 0.000 0.000 0.000 0.000 0.000 0.000 0.000 0.000 0.000 0.000 0.000 0.000 0.000 0.000 0.000 0.000 0.000 0.000 0.001 0.001 0.001 0.001 0.001 0.001 0.005 0.005 0.005 0.005 0.006 0.005 0.006 0.000 0.000 0.000 0.000 0.000 0.000 0.007 0.007 0.007 0.007 0.007 0.007 0.007 0.007 0.007 0.008 0.007 0.007 0.007 0.007 0.007 0.007 0.007 0.007 0.007 0.007 0.006 0.006 0.006 0.006 0.006 0.001 0.001 0.001 0.001 0.000
0.000 0.000 0.000 0.000 0.000 0.000 0.000 0.000 0.000 0.000 0.000 0.000 0.000 0.000 0.000 0.000 0.000 0.000 0.000 0.000 0.000 0.000 0.000 0.000 0.000 0.000 0.000 0.000 0.001 0.001 0.001 0.001 0.001 0.001 0.005 0.006 0.005 0.006 0.005 0.006 0.006 0.000 0.000 0.000 0.000 0.000 0.000 0.007 0.007 0.007 0.007 0.007 0.007 0.007 0.007 0.007 0.007 0.007 0.007 0.007 0.007 0.007 0.006 0.007 0.007 0.007 0.007 0.007 0.006 0.006 0.006 0.006 0.006 0.003 0.001 0.001 0.001
0.000 0.000 0.000 0.000 0.000 0.000 0.000 0.000 0.000 0.000 0.000 0.000 0.000 0.000 0.000 0.000 0.000 0.000 0.000 0.000 0.000 0.000 0.000 0.000 0.000 0.000 0.000 0.000 0.001 0.001 0.001 0.001 0.001 0.001 0.005 0.005 0.006 0.005 0.006 0.006 0.006 0.000 0.000 0.000 0.000 0.000 0.007 0.007 0.007 0.007 0.007 0.007 0.007 0.007 0.007 0.007 0.007 0.007 0.007 0.007 0.007 0.007 0.007 0.007 0.006 0.006 0.006 0.006 0.006 0.006 0.006 0.005 0.005 0.005 0.005 0.001 0.001
0.000 0.000 0.000 0.000 0.000 0.000 0.000 0.000 0.000 0.000 0.000 0.000 0.000 0.000 0.000 0.000 0.000 0.000 0.000 0.000 0.000 0.000 0.000 0.000 0.000 0.000 0.000 0.000 0.001 0.001 0.001 0.001 0.001 0.002 0.005 0.005 0.005 0.006 0.006 0.006 0.006 0.000 0.000 0.000 0.000 0.000 0.007 0.007 0.007 0.007 0.007 0.007 0.007 0.007 0.007 0.007 0.007 0.007 0.007 0.007 0.007 0.007 0.007 0.007 0.006 0.006 0.006 0.006 0.006 0.006 0.005 0.005 0.005 0.005 0.005 0.004 0.003
0.000 0.000 0.000 0.000 0.000 0.000 0.000 0.000 0.000 0.000 0.000 0.000 0.000 0.000 0.000 0.000 0.000 0.000 0.000 0.000 0.000 0.000 0.000 0.000 0.000 0.000 0.000 0.001 0.001 0.001 0.001 0.001 0.001 0.003 0.005 0.005 0.005 0.006 0.006 0.006 0.006 0.000 0.000 0.000 0.000 0.000 0.007 0.007 0.007 0.007 0.007 0.007 0.007 0.007 0.007 0.007 0.007 0.007 0.007 0.007 0.007 0.006 0.006 0.006 0.006 0.006 0.006 0.006 0.006 0.005 0.005 0.005 0.005 0.005 0.004 0.004 0.004
0.000 0.000 0.000 0.000 0.000 0.000 0.000 0.000 0.000 0.000 0.000 0.000 0.000 0.000 0.000 0.000 0.000 0.000 0.000 0.000 0.000 0.000 0.000 0.000 0.000 0.000 0.000 0.001 0.001 0.001 0.001 0.001 0.001 0.004 0.005 0.005 0.006 0.005 0.006 0.005 0.006 0.006 0.007 0.000 0.000 0.000 0.000 0.000 0.007 0.007 0.007 0.007 0.007 0.007 0.007 0.007 0.007 0.007 0.007 0.007 0.006 0.006 0.006 0.006 0.006 0.006 0.006 0.006 0.005 0.005 0.005 0.005 0.005 0.004 0.004 0.004 0.003
0.000 0.000 0.000 0.000 0.000 0.000 0.000 0.000 0.000 0.000 0.000 0.000 0.000 0.000 0.000 0.000 0.000 0.000 0.000 0.000 0.000 0.000 0.000 0.000 0.000 0.000 0.000 0.001 0.001 0.001 0.001 0.001 0.001 0.004 0.004 0.005 0.005 0.006 0.005 0.005 0.006 0.006 0.006 0.007 0.006 0.007 0.000 0.007 0.007 0.007 0.007 0.007 0.007 0.007 0.006 0.007 0.007 0.006 0.006 0.007 0.007 0.006 0.006 0.006 0.006 0.006 0.006 0.005 0.005 0.005 0.005 0.005 0.004 0.004 0.004 0.003 0.003
0.000 0.000 0.000 0.000 0.000 0.000 0.000 0.000 0.000 0.000 0.000 0.000 0.000 0.000 0.000 0.000 0.000 0.000 0.000 0.000 0.000 0.000 0.000 0.000 0.000 0.000 0.000 0.001 0.001 0.001 0.001 0.001 0.001 0.003 0.004 0.005 0.005 0.005 0.006 0.006 0.006 0.006 0.007 0.006 0.006 0.006 0.007 0.006 0.007 0.006 0.006 0.007 0.007 0.007 0.007 0.006 0.007 0.007 0.006 0.006 0.006 0.006 0.006 0.006 0.005 0.005 0.005 0.005 0.005 0.005 0.004 0.004 0.004 0.003 0.003 0.003 0.002
0.000 0.000 0.000 0.000 0.000 0.000 0.000 0.000 0.000 0.000 0.000 0.000 0.000 0.000 0.000 0.000 0.000 0.000 0.000 0.000 0.000 0.000 0.000 0.000 0.000 0.000 0.000 0.001 0.001 0.001 0.001 0.001 0.001 0.000 0.004 0.005 0.005 0.006 0.005 0.005 0.000 0.006 0.007 0.006 0.007 0.006 0.007 0.007 0.007 0.006 0.007 0.006 0.007 0.007 0.006 0.007 0.007 0.006 0.006 0.006 0.006 0.006 0.006 0.005 0.005 0.005 0.005 0.005 0.004 0.004 0.004 0.004 0.003 0.003 0.002 0.001 0.001
0.000 0.000 0.000 0.000 0.000 0.000 0.000 0.000 0.000 0.000 0.000 0.000 0.000 0.000 0.000 0.000 0.000 0.000 0.000 0.000 0.000 0.000 0.000 0.000 0.000 0.000 0.000 0.001 0.001 0.001 0.001 0.001 0.003 0.004 0.005 0.005 0.005 0.005 0.006 0.000 0.000 0.000 0.000 0.000 0.006 0.007 0.007 0.007 0.006 0.007 0.007 0.006 0.007 0.007 0.006 0.006 0.006 0.006 0.006 0.006 0.006 0.005 0.005 0.005 0.005 0.005 0.005 0.004 0.004 0.004 0.003 0.003 0.002 0.001 0.001 0.001 0.002
0.000 0.000 0.000 0.000 0.000 0.000 0.000 0.000 0.000 0.000 0.000 0.000 0.000 0.000 0.000 0.000 0.000 0.000 0.000 0.000 0.000 0.000 0.000 0.000 0.000 0.000 0.001 0.001 0.001 0.001 0.001 0.001 0.005 0.005 0.005 0.005 0.006 0.006 0.000 0.000 0.000 0.000 0.000 0.000 0.000 0.000 0.006 0.007 0.007 0.006 0.006 0.006 0.006 0.007 0.007 0.006 0.006 0.006 0.006 0.006 0.005 0.005 0.005 0.005 0.005 0.004 0.004 0.004 0.004 0.003 0.002 0.002 0.001 0.001 0.001 0.003 0.008
0.000 0.000 0.000 0.000 0.000 0.000 0.000 0.000 0.000 0.000 0.000 0.000 0.000 0.000 0.000 0.000 0.000 0.000 0.000 0.000 0.000 0.000 0.000 0.000 0.000 0.000 0.001 0.001 0.001 0.001 0.001 0.001 0.005 0.005 0.005 0.005 0.005 0.006 0.000 0.000 0.000 0.000 0.000 0.000 0.000 0.000 0.007 0.007 0.006 0.006 0.006 0.006 0.006 0.006 0.006 0.006 0.006 0.006 0.005 0.005 0.005 0.005 0.005 0.005 0.004 0.004 0.004 0.003 0.003 0.002 0.002 0.001 0.002 0.002 0.007 0.014 0.022
0.000 0.000 0.000 0.000 0.000 0.000 0.000 0.000 0.000 0.000 0.000 0.000 0.000 0.000 0.000 0.000 0.000 0.000 0.000 0.000 0.000 0.000 0.000 0.000 0.000 0.000 0.001 0.001 0.001 0.001 0.001 0.001 0.005 0.005 0.006 0.005 0.006 0.000 0.000 0.000 0.000 0.000 0.006 0.006 0.006 0.006 0.007 0.007 0.006 0.007 0.007 0.006 0.006 0.006 0.006 0.006 0.006 0.005 0.005 0.005 0.005 0.005 0.004 0.004 0.004 0.003 0.003 0.002 0.001 0.002 0.002 0.002 0.006 0.013 0.020 0.026 0.034
0.000 0.000 0.000 0.000 0.000 0.000 0.000 0.000 0.000 0.000 0.000 0.000 0.000 0.000 0.000 0.000 0.000 0.000 0.000 0.000 0.000 0.000 0.000 0.000 0.000 0.000 0.001 0.001 0.001 0.001 0.001 0.002 0.005 0.006 0.005 0.006 0.005 0.000 0.000 0.000 0.000 0.000 0.000 0.006 0.006 0.006 0.006 0.006 0.006 0.006 0.007 0.006 0.006 0.006 0.006 0.006 0.005 0.005 0.005 0.005 0.005 0.004 0.004 0.003 0.003 0.002 0.001 0.002 0.002 0.002 0.005 0.011 0.018 0.026 0.033 0.041 0.047
0.000 0.000 0.000 0.000 0.000 0.000 0.000 0.000 0.000 0.000 0.000 0.000 0.000 0.000 0.000 0.000 0.000 0.000 0.000 0.000 0.000 0.000 0.000 0.000 0.000 0.000 0.001 0.001 0.001 0.001 0.001 0.003 0.006 0.006 0.006 0.005 0.006 0.000 0.000 0.000 0.000 0.000 0.000 0.000 0.000 0.000 0.007 0.006 0.006 0.006 0.006 0.006 0.006 0.006 0.006 0.006 0.005 0.005 0.005 0.004 0.004 0.004 0.003 0.002 0.001 0.002 0.001 0.002 0.004 0.010 0.017 0.024 0.032 0.039 0.047 0.053 0.057
0.000 0.000 0.000 0.000 0.000 0.000 0.000 0.000 0.000 0.000 0.000 0.000 0.000 0.000 0.000 0.000 0.000 0.000 0.000 0.000 0.000 0.000 0.000 0.000 0.000 0.001 0.001 0.001 0.001 0.001 0.001 0.005 0.006 0.006 0.006 0.006 0.000 0.000 0.000 0.000 0.000 0.000 0.000 0.000 0.000 0.000 0.000 0.000 0.007 0.006 0.006 0.006 0.006 0.006 0.005 0.005 0.005 0.005 0.004 0.004 0.003 0.002 0.002 0.002 0.001 0.002 0.003 0.009 0.015 0.024 0.030 0.037 0.045 0.052 0.059 0.066 0.066
0.001 0.000 0.000 0.000 0.000 0.001 0.001 0.001 0.001 0.001 0.000 0.000 0.000 0.000 0.000 0.000 0.000 0.000 0.000 0.000 0.000 0.000 0.000 0.000 0.000 0.001 0.001 0.001 0.001 0.001 0.001 0.006 0.006 0.006 0.006 0.006 0.000 0.000 0.000 0.000 0.000 0.000 0.000 0.000 0.000 0.000 0.000 0.000 0.000 0.000 0.000 0.006 0.006 0.006 0.005 0.005 0.005 0.004 0.003 0.003 0.002 0.002 0.002 0.002 0.003 0.007 0.014 0.021 0.029 0.035 0.043 0.051 0.058 0.066 0.073 0.077 0.073
0.001 0.001 0.001 0.001 0.001 0.001 0.001 0.001 0.001 0.001 0.001 0.001 0.001 0.001 0.001 0.001 0.001 0.000 0.001 0.000 0.000 0.000 0.000 0.000 0.000 0.001 0.001 0.001 0.001 0.001 0.001 0.006 0.006 0.006 0.006 0.006 0.000 0.000 0.000 0.000 0.000 0.000 0.000 0.000 0.000 0.000 0.000 0.000 0.000 0.000 0.000 0.000 0.000 0.000 0.005 0.005 0.004 0.003 0.002 0.002 0.002 0.002 0.002 0.006 0.013 0.020 0.027 0.035 0.042 0.049 0.056 0.064 0.071 0.078 0.086 0.084 0.081
0.001 0.001 0.001 0.001 0.001 0.001 0.001 0.001 0.001 0.001 0.001 0.001 0.001 0.001 0.001 0.001 0.001 0.001 0.001 0.001 0.001 0.000 0.000 0.000 0.000 0.001 0.001 0.001 0.001 0.001 0.001 0.006 0.006 0.006 0.006 0.006 0.000 0.000 0.000 0.000 0.000 0.000 0.000 0.000 0.000 0.000 0.000 0.000 0.000 0.000 0.000 0.000 0.000 0.000 0.000 0.000 0.002 0.002 0.002 0.002 0.002 0.005 0.011 0.019 0.026 0.033 0.040 0.047 0.055 0.062 0.069 0.077 0.084 0.091 0.096 0.091 0.088
0.001 0.001 0.001 0.001 0.001 0.001 0.001 0.001 0.001 0.001 0.001 0.001 0.001 0.001 0.001 0.001 0.001 0.001 0.001 0.001 0.001 0.001 0.000 0.000 0.000 0.001 0.001 0.001 0.001 0.001 0.003 0.006 0.006 0.006 0.006 0.000 0.000 0.000 0.000 0.000 0.000 0.000 0.000 0.000 0.000 0.000 0.000 0.000 0.000 0.000 0.000 0.000 0.000 0.000 0.000 0.000 0.001 0.002 0.002 0.004 0.010 0.018 0.024 0.032 0.038 0.047 0.054 0.061 0.069 0.075 0.082 0.090 0.097 0.103 0.104 0.099 0.095
0.001 0.001 0.001 0.001 0.001 0.001 0.001 0.001 0.001 0.001 0.001 0.001 0.001 0.001 0.001 0.001 0.001 0.001 0.001 0.001 0.001 0.001 0.001 0.001 0.001 0.001 0.001 0.001 0.001 0.001 0.005 0.006 0.006 0.006 0.006 0.000 0.000 0.000 0.000 0.000 0.000 0.000 0.000 0.000 0.000 0.000 0.000 0.000 0.000 0.000 0.000 0.000 0.000 0.000 0.000 0.000 0.001 0.003 0.009 0.017 0.023 0.031 0.038 0.045 0.053 0.060 0.066 0.075 0.082 0.089 0.096 0.104 0.110 0.117 0.112 0.107 0.103
0.001 0.001 0.001 0.001 0.001 0.001 0.001 0.001 0.001 0.001 0.001 0.001 0.001 0.001 0.001 0.001 0.001 0.001 0.001 0.001 0.001 0.001 0.001 0.001 0.001 0.001 0.001 0.001 0.001 0.001 0.005 0.006 0.006 0.006 0.006 0.000 0.000 0.000 0.000 0.000 0.000 0.000 0.000 0.000 0.000 0.000 0.000 0.000 0.000 0.000 0.000 0.000 0.000 0.000 0.000 0.001 0.008 0.015 0.022 0.029 0.037 0.043 0.050 0.059 0.065 0.073 0.081 0.086 0.094 0.102 0.109 0.117 0.123 0.124 0.119 0.115 0.111
0.011 0.007 0.001 0.001 0.001 0.001 0.001 0.001 0.001 0.001 0.001 0.001 0.001 0.001 0.001 0.001 0.001 0.001 0.001 0.001 0.001 0.001 0.001 0.001 0.001 0.001 0.001 0.001 0.001 0.001 0.005 0.006 0.006 0.006 0.006 0.000 0.000 0.000 0.000 0.000 0.000 0.000 0.000 0.000 0.000 0.000 0.000 0.000 0.000 0.000 0.000 0.000 0.000 0.000 0.000 0.014 0.021 0.028 0.035 0.041 0.050 0.057 0.063 0.071 0.079 0.086 0.093 0.101 0.108 0.114 0.122 0.000 0.000 0.131 0.126 0.122 0.117
0.000 0.000 0.008 0.003 0.001 0.001 0.001 0.001 0.001 0.001 0.001 0.001 0.001 0.001 0.001 0.001 0.001 0.001 0.001 0.001 0.001 0.001 0.001 0.001 0.001 0.001 0.001 0.001 0.001 0.001 0.005 0.006 0.006 0.006 0.000 0.000 0.000 0.000 0.000 0.000 0.000 0.000 0.000 0.000 0.000 0.000 0.000 0.000 0.000 0.000 0.000 0.001 0.000 0.000 0.000 0.026 0.034 0.041 0.049 0.055 0.061 0.070 0.077 0.086 0.092 0.099 0.106 0.112 0.120 0.128 0.000 0.000 0.000 0.000 0.000 0.130 0.125
