数据/2hours/0.1-2h-100y/coupled-156-0001.wd
ncols         694
nrows         824
xllcorner     581104.939801
yllcorner     3495917.092414
cellsize      2.000000
NODATA_value  -9999.000000
[rows 408 to 441 of 824, columns 385 to 461 of 694]
0.000 0.000 0.000 0.000 0.000 0.000 0.000 0.000 0.000 0.000 0.000 0.000 0.000 0.000 0.000 0.000 0.000 0.000 0.000 0.000 0.000 0.000 0.000 0.000 0.000 0.000 0.000 0.000 0.000 0.000 0.000 0.000 0.008 0.021 0.028 0.039 0.042 0.046 0.038 0.045 0.044 0.044 0.045 0.000 0.000 0.000 0.000 0.000 0.000 0.000 0.026 0.026 0.026 0.025 0.025 0.024 0.019 0.014 0.010 0.005 0.001 0.001 0.001 0.000 0.000 0.000 0.000 0.000 0.000 0.000 0.000 0.000 0.000 0.000 0.000 0.000 0.000
0.000 0.000 0.000 0.000 0.000 0.000 0.000 0.000 0.000 0.000 0.000 0.000 0.000 0.000 0.000 0.000 0.000 0.000 0.000 0.000 0.000 0.000 0.000 0.000 0.000 0.000 0.000 0.000 0.000 0.000 0.000 0.006 0.012 0.024 0.030 0.041 0.044 0.047 0.046 0.045 0.046 0.047 0.045 0.000 0.000 0.000 0.000 0.000 0.000 0.025 0.026 0.026 0.026 0.026 0.026 0.026 0.025 0.021 0.017 0.012 0.008 0.003 0.001 0.001 0.000 0.000 0.000 0.000 0.000 0.000 0.000 0.000 0.000 0.000 0.000 0.000 0.000
0.000 0.000 0.000 0.000 0.000 0.000 0.000 0.000 0.000 0.000 0.000 0.000 0.000 0.000 0.000 0.000 0.000 0.000 0.000 0.000 0.000 0.000 0.000 0.000 0.000 0.000 0.000 0.000 0.000 0.000 0.000 0.007 0.013 0.026 0.033 0.042 0.045 0.046 0.044 0.044 0.046 0.048 0.049 0.000 0.000 0.000 0.000 0.000 0.000 0.026 0.025 0.025 0.025 0.026 0.026 0.026 0.026 0.026 0.024 0.020 0.015 0.010 0.006 0.001 0.001 0.001 0.000 0.000 0.000 0.000 0.000 0.000 0.000 0.000 0.000 0.000 0.000
0.000 0.000 0.000 0.000 0.000 0.000 0.000 0.000 0.000 0.000 0.000 0.000 0.000 0.000 0.000 0.000 0.000 0.000 0.000 0.000 0.000 0.000 0.000 0.000 0.000 0.000 0.000 0.000 0.000 0.000 0.000 0.007 0.015 0.027 0.033 0.048 0.045 0.046 0.043 0.045 0.046 0.050 0.046 0.000 0.000 0.000 0.000 0.000 0.000 0.026 0.026 0.026 0.025 0.026 0.026 0.025 0.026 0.025 0.025 0.025 0.022 0.017 0.013 0.008 0.003 0.001 0.001 0.000 0.000 0.000 0.000 0.000 0.000 0.000 0.000 0.000 0.000
0.000 0.000 0.000 0.000 0.000 0.000 0.000 0.000 0.000 0.000 0.000 0.000 0.000 0.000 0.000 0.000 0.000 0.000 0.000 0.000 0.000 0.000 0.000 0.000 0.000 0.000 0.000 0.000 0.000 0.000 0.000 0.008 0.017 0.029 0.036 0.045 0.045 0.046 0.046 0.043 0.045 0.045 0.000 0.000 0.000 0.000 0.000 0.000 0.000 0.025 0.025 0.026 0.025 0.026 0.026 0.025 0.026 0.025 0.025 0.025 0.025 0.024 0.020 0.015 0.010 0.006 0.001 0.001 0.001 0.000 0.000 0.000 0.000 0.000 0.000 0.000 0.000
0.000 0.000 0.000 0.000 0.000 0.000 0.000 0.000 0.000 0.000 0.000 0.000 0.000 0.000 0.000 0.000 0.000 0.000 0.000 0.000 0.000 0.000 0.000 0.000 0.000 0.000 0.000 0.000 0.000 0.000 0.004 0.011 0.019 0.029 0.039 0.045 0.046 0.045 0.044 0.042 0.044 0.042 0.000 0.000 0.000 0.000 0.000 0.000 0.026 0.026 0.025 0.026 0.025 0.025 0.025 0.025 0.025 0.025 0.025 0.025 0.025 0.024 0.024 0.022 0.017 0.013 0.008 0.003 0.001 0.001 0.000 0.000 0.000 0.000 0.000 0.000 0.000
0.000 0.000 0.000 0.000 0.000 0.000 0.000 0.000 0.000 0.000 0.000 0.000 0.000 0.000 0.000 0.000 0.000 0.000 0.000 0.000 0.000 0.000 0.000 0.000 0.000 0.000 0.000 0.000 0.000 0.000 0.006 0.013 0.021 0.029 0.040 0.047 0.047 0.047 0.046 0.044 0.045 0.049 0.000 0.000 0.000 0.000 0.000 0.000 0.025 0.026 0.025 0.026 0.025 0.025 0.025 0.026 0.025 0.025 0.025 0.024 0.025 0.024 0.024 0.023 0.023 0.020 0.015 0.010 0.005 0.001 0.001 0.000 0.000 0.000 0.000 0.000 0.000
0.000 0.000 0.000 0.000 0.000 0.000 0.000 0.000 0.000 0.000 0.000 0.000 0.000 0.000 0.000 0.000 0.000 0.000 0.000 0.000 0.000 0.000 0.000 0.000 0.000 0.000 0.000 0.000 0.000 0.000 0.008 0.015 0.024 0.031 0.039 0.045 0.046 0.047 0.045 0.045 0.044 0.000 0.000 0.000 0.000 0.000 0.000 0.000 0.025 0.026 0.026 0.025 0.025 0.026 0.025 0.025 0.025 0.025 0.025 0.024 0.024 0.024 0.023 0.023 0.023 0.022 0.022 0.017 0.012 0.007 0.002 0.001 0.001 0.000 0.000 0.000 0.000
0.000 0.000 0.000 0.000 0.000 0.000 0.000 0.000 0.000 0.000 0.000 0.000 0.000 0.000 0.000 0.000 0.000 0.000 0.000 0.000 0.000 0.000 0.000 0.000 0.000 0.000 0.000 0.000 0.000 0.000 0.009 0.017 0.026 0.034 0.039 0.043 0.044 0.045 0.043 0.043 0.043 0.000 0.000 0.000 0.000 0.000 0.000 0.025 0.026 0.026 0.025 0.026 0.026 0.025 0.026 0.025 0.025 0.025 0.024 0.024 0.023 0.023 0.023 0.023 0.023 0.022 0.022 0.021 0.019 0.014 0.009 0.004 0.001 0.001 0.000 0.000 0.000
0.000 0.000 0.000 0.000 0.000 0.000 0.000 0.000 0.000 0.000 0.000 0.000 0.000 0.000 0.000 0.000 0.000 0.000 0.000 0.000 0.000 0.000 0.000 0.000 0.000 0.000 0.000 0.000 0.001 0.003 0.011 0.017 0.026 0.034 0.042 0.042 0.043 0.042 0.045 0.043 0.043 0.000 0.000 0.000 0.000 0.000 0.000 0.027 0.026 0.025 0.026 0.026 0.026 0.025 0.025 0.025 0.025 0.024 0.024 0.024 0.024 0.023 0.023 0.022 0.022 0.022 0.021 0.021 0.020 0.019 0.016 0.011 0.006 0.001 0.001 0.000 0.000
0.000 0.000 0.000 0.000 0.000 0.000 0.000 0.000 0.000 0.000 0.000 0.000 0.000 0.000 0.000 0.000 0.000 0.000 0.000 0.000 0.000 0.000 0.000 0.000 0.000 0.000 0.000 0.000 0.001 0.004 0.012 0.017 0.027 0.035 0.042 0.042 0.043 0.042 0.043 0.043 0.044 0.000 0.000 0.000 0.000 0.000 0.000 0.025 0.026 0.026 0.026 0.026 0.026 0.026 0.025 0.025 0.025 0.024 0.024 0.024 0.023 0.023 0.023 0.022 0.022 0.022 0.021 0.020 0.020 0.019 0.018 0.018 0.012 0.008 0.003 0.001 0.000
0.000 0.000 0.000 0.000 0.000 0.000 0.000 0.000 0.000 0.000 0.000 0.000 0.000 0.000 0.000 0.000 0.000 0.000 0.000 0.000 0.000 0.000 0.000 0.000 0.000 0.000 0.000 0.000 0.001 0.006 0.011 0.017 0.028 0.037 0.044 0.044 0.043 0.043 0.043 0.044 0.044 0.000 0.000 0.000 0.000 0.000 0.000 0.026 0.027 0.025 0.026 0.026 0.026 0.025 0.025 0.025 0.025 0.024 0.024 0.023 0.023 0.023 0.022 0.022 0.021 0.021 0.020 0.020 0.019 0.019 0.018 0.017 0.017 0.014 0.009 0.004 0.001
0.000 0.000 0.000 0.000 0.000 0.000 0.000 0.000 0.000 0.000 0.000 0.000 0.000 0.000 0.000 0.000 0.000 0.000 0.000 0.000 0.000 0.000 0.000 0.000 0.000 0.000 0.000 0.000 0.001 0.006 0.011 0.020 0.030 0.040 0.046 0.045 0.046 0.046 0.043 0.043 0.043 0.000 0.000 0.000 0.000 0.000 0.027 0.026 0.026 0.026 0.026 0.026 0.027 0.025 0.025 0.025 0.024 0.024 0.023 0.023 0.023 0.022 0.021 0.021 0.021 0.020 0.020 0.019 0.019 0.018 0.018 0.017 0.016 0.016 0.015 0.010 0.005
0.000 0.000 0.000 0.000 0.000 0.000 0.000 0.000 0.000 0.000 0.000 0.000 0.000 0.000 0.000 0.000 0.000 0.000 0.000 0.000 0.000 0.000 0.000 0.000 0.000 0.000 0.000 0.000 0.002 0.006 0.012 0.024 0.032 0.040 0.044 0.045 0.044 0.047 0.046 0.042 0.040 0.000 0.000 0.000 0.000 0.000 0.027 0.027 0.026 0.026 0.026 0.026 0.026 0.025 0.025 0.025 0.024 0.024 0.024 0.023 0.022 0.022 0.021 0.020 0.020 0.020 0.019 0.019 0.018 0.018 0.017 0.016 0.016 0.015 0.014 0.013 0.011
0.000 0.000 0.000 0.000 0.000 0.000 0.000 0.000 0.000 0.000 0.000 0.000 0.000 0.000 0.000 0.000 0.000 0.000 0.000 0.000 0.000 0.000 0.000 0.000 0.000 0.000 0.000 0.001 0.003 0.006 0.015 0.023 0.033 0.042 0.042 0.045 0.044 0.043 0.045 0.043 0.039 0.000 0.000 0.000 0.000 0.000 0.026 0.026 0.027 0.026 0.026 0.026 0.026 0.026 0.025 0.025 0.024 0.023 0.023 0.022 0.022 0.022 0.021 0.021 0.020 0.019 0.019 0.018 0.017 0.017 0.016 0.015 0.015 0.014 0.013 0.012 0.011
0.000 0.000 0.000 0.000 0.000 0.000 0.000 0.000 0.000 0.000 0.000 0.000 0.000 0.000 0.000 0.000 0.000 0.000 0.000 0.000 0.000 0.000 0.000 0.000 0.000 0.000 0.000 0.001 0.003 0.007 0.017 0.025 0.034 0.046 0.044 0.044 0.046 0.042 0.042 0.043 0.040 0.038 0.038 0.000 0.000 0.000 0.000 0.000 0.027 0.027 0.026 0.026 0.026 0.025 0.025 0.024 0.024 0.023 0.023 0.022 0.022 0.021 0.021 0.020 0.020 0.018 0.018 0.018 0.017 0.016 0.015 0.015 0.014 0.013 0.012 0.011 0.010
0.000 0.000 0.000 0.000 0.000 0.000 0.000 0.000 0.000 0.000 0.000 0.000 0.000 0.000 0.000 0.000 0.000 0.000 0.000 0.000 0.000 0.000 0.000 0.000 0.000 0.000 0.000 0.001 0.004 0.009 0.017 0.029 0.036 0.042 0.044 0.042 0.043 0.043 0.042 0.042 0.040 0.038 0.039 0.038 0.038 0.037 0.000 0.029 0.028 0.027 0.027 0.026 0.026 0.025 0.025 0.024 0.023 0.023 0.022 0.022 0.022 0.021 0.020 0.019 0.019 0.018 0.018 0.017 0.016 0.015 0.014 0.014 0.013 0.012 0.011 0.010 0.009
0.000 0.000 0.000 0.000 0.000 0.000 0.000 0.000 0.000 0.000 0.000 0.000 0.000 0.000 0.000 0.000 0.000 0.000 0.000 0.000 0.000 0.000 0.000 0.000 0.000 0.000 0.000 0.001 0.004 0.011 0.020 0.030 0.038 0.045 0.043 0.043 0.043 0.040 0.040 0.042 0.039 0.038 0.038 0.038 0.037 0.036 0.033 0.030 0.028 0.028 0.026 0.027 0.025 0.025 0.025 0.024 0.023 0.023 0.023 0.022 0.021 0.020 0.020 0.019 0.018 0.018 0.017 0.016 0.015 0.014 0.014 0.013 0.012 0.011 0.010 0.009 0.007
0.000 0.000 0.000 0.000 0.000 0.000 0.000 0.000 0.000 0.000 0.000 0.000 0.000 0.000 0.000 0.000 0.000 0.000 0.000 0.000 0.000 0.000 0.000 0.000 0.000 0.000 0.000 0.002 0.005 0.013 0.021 0.034 0.040 0.041 0.044 0.040 0.042 0.042 0.042 0.043 0.000 0.038 0.038 0.038 0.036 0.035 0.033 0.030 0.029 0.028 0.027 0.027 0.026 0.026 0.025 0.024 0.023 0.022 0.021 0.021 0.020 0.019 0.019 0.018 0.017 0.017 0.016 0.015 0.014 0.013 0.013 0.012 0.010 0.009 0.008 0.005 0.005
0.000 0.000 0.000 0.000 0.000 0.000 0.000 0.000 0.000 0.000 0.000 0.000 0.000 0.000 0.000 0.000 0.000 0.000 0.000 0.000 0.000 0.000 0.000 0.000 0.000 0.000 0.000 0.002 0.006 0.016 0.024 0.035 0.042 0.045 0.042 0.041 0.043 0.041 0.042 0.000 0.000 0.000 0.000 0.000 0.035 0.034 0.032 0.030 0.029 0.028 0.026 0.026 0.026 0.025 0.024 0.023 0.022 0.022 0.021 0.020 0.019 0.019 0.018 0.017 0.017 0.016 0.015 0.014 0.013 0.012 0.011 0.010 0.008 0.006 0.006 0.006 0.006
0.000 0.000 0.000 0.000 0.000 0.000 0.000 0.000 0.000 0.000 0.000 0.000 0.000 0.000 0.000 0.000 0.000 0.000 0.000 0.000 0.000 0.000 0.000 0.000 0.000 0.000 0.001 0.003 0.007 0.018 0.026 0.036 0.044 0.042 0.042 0.040 0.045 0.047 0.000 0.000 0.000 0.000 0.000 0.000 0.000 0.000 0.029 0.029 0.028 0.028 0.027 0.026 0.025 0.025 0.024 0.023 0.022 0.021 0.020 0.020 0.019 0.018 0.017 0.016 0.016 0.015 0.014 0.013 0.012 0.011 0.009 0.007 0.006 0.006 0.006 0.008 0.011
0.000 0.000 0.000 0.000 0.000 0.000 0.000 0.000 0.000 0.000 0.000 0.000 0.000 0.000 0.000 0.000 0.000 0.000 0.000 0.000 0.000 0.000 0.000 0.000 0.000 0.000 0.001 0.004 0.010 0.021 0.026 0.040 0.043 0.044 0.043 0.043 0.047 0.044 0.000 0.000 0.000 0.000 0.000 0.000 0.000 0.000 0.028 0.028 0.027 0.026 0.026 0.026 0.025 0.024 0.023 0.023 0.022 0.021 0.020 0.019 0.018 0.017 0.016 0.015 0.015 0.014 0.012 0.011 0.010 0.007 0.006 0.006 0.007 0.008 0.011 0.016 0.023
0.000 0.000 0.000 0.000 0.000 0.000 0.000 0.000 0.000 0.000 0.000 0.000 0.000 0.000 0.000 0.000 0.000 0.000 0.000 0.000 0.000 0.000 0.000 0.000 0.000 0.000 0.001 0.006 0.010 0.022 0.029 0.040 0.042 0.044 0.040 0.041 0.039 0.000 0.000 0.000 0.000 0.000 0.028 0.028 0.028 0.027 0.027 0.027 0.027 0.026 0.026 0.026 0.025 0.024 0.022 0.022 0.021 0.020 0.019 0.018 0.017 0.016 0.015 0.014 0.013 0.012 0.010 0.008 0.007 0.007 0.007 0.008 0.010 0.015 0.022 0.029 0.037
0.000 0.000 0.000 0.000 0.000 0.000 0.000 0.000 0.000 0.000 0.000 0.000 0.000 0.000 0.000 0.000 0.000 0.000 0.000 0.000 0.000 0.000 0.000 0.000 0.000 0.000 0.002 0.008 0.012 0.022 0.033 0.040 0.043 0.043 0.041 0.041 0.039 0.000 0.000 0.000 0.000 0.000 0.000 0.027 0.028 0.027 0.027 0.027 0.026 0.026 0.026 0.025 0.024 0.023 0.022 0.021 0.020 0.019 0.018 0.017 0.016 0.015 0.014 0.013 0.011 0.009 0.007 0.007 0.007 0.008 0.010 0.014 0.020 0.028 0.034 0.042 0.050
0.000 0.000 0.000 0.000 0.000 0.000 0.000 0.000 0.000 0.000 0.000 0.000 0.000 0.000 0.000 0.000 0.000 0.000 0.000 0.000 0.000 0.000 0.000 0.000 0.000 0.000 0.002 0.009 0.016 0.023 0.033 0.041 0.044 0.043 0.043 0.042 0.044 0.000 0.000 0.000 0.000 0.000 0.000 0.000 0.000 0.000 0.028 0.027 0.027 0.027 0.026 0.025 0.024 0.023 0.022 0.021 0.020 0.019 0.017 0.016 0.015 0.013 0.012 0.010 0.007 0.007 0.007 0.008 0.010 0.013 0.019 0.026 0.033 0.040 0.048 0.055 0.060
0.000 0.000 0.000 0.000 0.000 0.000 0.000 0.000 0.000 0.000 0.000 0.000 0.000 0.000 0.000 0.000 0.000 0.000 0.000 0.000 0.000 0.000 0.000 0.000 0.000 0.001 0.004 0.010 0.017 0.023 0.033 0.041 0.043 0.043 0.042 0.040 0.000 0.000 0.000 0.000 0.000 0.000 0.000 0.000 0.000 0.000 0.000 0.000 0.026 0.026 0.025 0.024 0.023 0.022 0.021 0.020 0.019 0.018 0.016 0.014 0.013 0.011 0.008 0.008 0.008 0.008 0.010 0.013 0.018 0.025 0.032 0.039 0.046 0.054 0.061 0.068 0.067
0.001 0.000 0.000 0.000 0.000 0.001 0.001 0.001 0.001 0.001 0.000 0.000 0.000 0.000 0.000 0.000 0.000 0.000 0.000 0.000 0.000 0.000 0.000 0.000 0.000 0.001 0.004 0.014 0.019 0.026 0.036 0.042 0.041 0.043 0.041 0.041 0.000 0.000 0.000 0.000 0.000 0.000 0.000 0.000 0.000 0.000 0.000 0.000 0.000 0.000 0.000 0.023 0.023 0.022 0.021 0.019 0.017 0.016 0.014 0.012 0.009 0.008 0.008 0.008 0.010 0.013 0.017 0.024 0.031 0.038 0.045 0.052 0.060 0.067 0.075 0.080 0.075
0.001 0.001 0.001 0.001 0.001 0.001 0.001 0.001 0.001 0.001 0.001 0.001 0.001 0.001 0.001 0.001 0.001 0.000 0.001 0.000 0.000 0.000 0.000 0.000 0.000 0.001 0.005 0.013 0.021 0.031 0.040 0.044 0.043 0.044 0.043 0.043 0.000 0.000 0.000 0.000 0.000 0.000 0.000 0.000 0.000 0.000 0.000 0.000 0.000 0.000 0.000 0.000 0.000 0.000 0.019 0.019 0.016 0.013 0.010 0.009 0.009 0.009 0.010 0.012 0.017 0.023 0.029 0.037 0.044 0.051 0.059 0.066 0.073 0.080 0.087 0.088 0.083
0.005 0.002 0.001 0.001 0.001 0.001 0.001 0.001 0.001 0.001 0.001 0.001 0.001 0.001 0.001 0.001 0.001 0.001 0.001 0.001 0.001 0.000 0.000 0.000 0.000 0.001 0.006 0.015 0.025 0.035 0.043 0.047 0.048 0.047 0.044 0.045 0.000 0.000 0.000 0.000 0.000 0.000 0.000 0.000 0.000 0.000 0.000 0.000 0.000 0.000 0.000 0.000 0.000 0.000 0.000 0.000 0.010 0.009 0.009 0.009 0.010 0.012 0.016 0.022 0.028 0.035 0.043 0.050 0.057 0.065 0.072 0.080 0.087 0.094 0.099 0.095 0.090
0.016 0.011 0.007 0.003 0.001 0.001 0.001 0.001 0.001 0.001 0.001 0.001 0.001 0.001 0.001 0.001 0.001 0.001 0.001 0.001 0.001 0.001 0.000 0.000 0.000 0.001 0.009 0.019 0.026 0.036 0.043 0.047 0.049 0.048 0.049 0.000 0.000 0.000 0.000 0.000 0.000 0.000 0.000 0.000 0.000 0.000 0.000 0.000 0.000 0.000 0.000 0.000 0.000 0.000 0.000 0.000 0.008 0.009 0.010 0.012 0.015 0.020 0.027 0.034 0.041 0.048 0.056 0.063 0.071 0.078 0.085 0.092 0.100 0.107 0.107 0.102 0.097
0.027 0.022 0.017 0.013 0.008 0.004 0.002 0.001 0.001 0.001 0.001 0.001 0.001 0.001 0.001 0.001 0.001 0.001 0.001 0.001 0.001 0.001 0.001 0.001 0.001 0.002 0.011 0.020 0.025 0.035 0.042 0.044 0.045 0.047 0.053 0.000 0.000 0.000 0.000 0.000 0.000 0.000 0.000 0.000 0.000 0.000 0.000 0.000 0.000 0.000 0.000 0.000 0.000 0.000 0.000 0.000 0.007 0.010 0.014 0.019 0.025 0.032 0.040 0.047 0.055 0.062 0.070 0.077 0.084 0.092 0.099 0.105 0.114 0.120 0.114 0.109 0.104
0.038 0.033 0.028 0.023 0.018 0.013 0.009 0.004 0.002 0.001 0.001 0.001 0.001 0.001 0.001 0.001 0.001 0.001 0.001 0.001 0.001 0.001 0.001 0.001 0.001 0.003 0.015 0.020 0.025 0.034 0.044 0.045 0.042 0.044 0.051 0.000 0.000 0.000 0.000 0.000 0.000 0.000 0.000 0.000 0.000 0.000 0.000 0.000 0.000 0.000 0.000 0.000 0.000 0.000 0.000 0.004 0.012 0.018 0.024 0.031 0.037 0.045 0.052 0.060 0.067 0.074 0.083 0.090 0.098 0.105 0.112 0.119 0.126 0.127 0.122 0.117 0.111
0.049 0.044 0.039 0.034 0.029 0.024 0.019 0.014 0.009 0.004 0.001 0.001 0.001 0.001 0.001 0.001 0.001 0.001 0.001 0.001 0.001 0.001 0.001 0.001 0.001 0.008 0.009 0.018 0.028 0.036 0.044 0.047 0.046 0.041 0.048 0.000 0.000 0.000 0.000 0.000 0.000 0.000 0.000 0.000 0.000 0.000 0.000 0.000 0.000 0.000 0.000 0.000 0.000 0.000 0.000 0.016 0.023 0.030 0.036 0.043 0.051 0.058 0.065 0.074 0.080 0.088 0.096 0.103 0.110 0.119 0.126 0.000 0.000 0.134 0.129 0.123 0.119
0.000 0.000 0.050 0.045 0.040 0.035 0.030 0.024 0.019 0.013 0.008 0.004 0.001 0.001 0.001 0.001 0.001 0.001 0.001 0.001 0.001 0.001 0.001 0.001 0.001 0.008 0.011 0.021 0.032 0.040 0.041 0.043 0.046 0.040 0.000 0.000 0.000 0.000 0.000 0.000 0.000 0.000 0.000 0.000 0.000 0.000 0.000 0.000 0.000 0.000 0.000 0.000 0.000 0.000 0.000 0.029 0.036 0.043 0.051 0.058 0.065 0.072 0.080 0.087 0.095 0.101 0.109 0.116 0.124 0.130 0.000 0.000 0.000 0.000 0.000 0.130 0.126
