数据/2hours/0.1-2h-100y/coupled-162-0001.wd
ncols         694
nrows         824
xllcorner     581104.939801
yllcorner     3495917.092414
cellsize      2.000000
NODATA_value  -9999.000000
[rows 442 to 475 of 824, columns 385 to 461 of 694]
0.000 0.000 0.000 0.037 0.032 0.027 0.022 0.017 0.012 0.007 0.002 0.001 0.001 0.001 0.001 0.001 0.001 0.001 0.001 0.001 0.001 0.001 0.001 0.001 0.001 0.001 0.003 0.015 0.022 0.027 0.029 0.034 0.033 0.029 0.000 0.000 0.000 0.000 0.000 0.000 0.000 0.000 0.000 0.000 0.000 0.000 0.000 0.000 0.000 0.000 0.008 0.016 0.023 0.031 0.037 0.045 0.051 0.059 0.066 0.072 0.081 0.088 0.095 0.103 0.111 0.118 0.125 0.132 0.139 0.146 0.000 0.000 0.000 0.000 0.000 0.000 0.000
0.000 0.000 0.000 0.000 0.000 0.037 0.033 0.027 0.022 0.016 0.012 0.007 0.002 0.001 0.001 0.001 0.001 0.001 0.001 0.001 0.001 0.001 0.001 0.001 0.001 0.002 0.004 0.012 0.024 0.032 0.032 0.030 0.032 0.030 0.000 0.000 0.000 0.000 0.000 0.000 0.000 0.000 0.000 0.000 0.000 0.000 0.000 0.000 0.007 0.014 0.021 0.029 0.036 0.043 0.051 0.057 0.065 0.073 0.079 0.086 0.094 0.101 0.108 0.116 0.123 0.130 0.139 0.144 0.151 0.158 0.165 0.167 0.000 0.000 0.000 0.000 0.000
0.000 0.000 0.000 0.000 0.000 0.000 0.000 0.037 0.032 0.027 0.021 0.016 0.011 0.006 0.002 0.001 0.001 0.001 0.001 0.001 0.001 0.001 0.001 0.001 0.001 0.002 0.007 0.016 0.027 0.031 0.031 0.032 0.032 0.000 0.000 0.000 0.000 0.000 0.000 0.000 0.000 0.000 0.000 0.000 0.000 0.000 0.005 0.012 0.020 0.026 0.035 0.041 0.048 0.056 0.064 0.071 0.078 0.086 0.093 0.099 0.107 0.114 0.122 0.130 0.136 0.143 0.150 0.156 0.163 0.171 0.178 0.174 0.168 0.164 0.160 0.000 0.000
0.000 0.000 0.000 0.000 0.000 0.000 0.000 0.000 0.039 0.037 0.031 0.026 0.021 0.016 0.010 0.005 0.002 0.001 0.001 0.001 0.001 0.001 0.001 0.001 0.001 0.003 0.008 0.018 0.033 0.035 0.029 0.029 0.031 0.000 0.000 0.000 0.000 0.000 0.000 0.000 0.000 0.000 0.000 0.000 0.000 0.000 0.018 0.026 0.032 0.040 0.048 0.054 0.062 0.000 0.000 0.000 0.000 0.099 0.000 0.000 0.120 0.128 0.136 0.143 0.149 0.156 0.163 0.170 0.176 0.183 0.186 0.181 0.176 0.171 0.167 0.163 0.159
0.000 0.000 0.000 0.000 0.000 0.000 0.000 0.000 0.000 0.000 0.037 0.034 0.031 0.026 0.020 0.015 0.009 0.004 0.001 0.001 0.001 0.001 0.001 0.001 0.001 0.003 0.008 0.018 0.028 0.032 0.030 0.029 0.029 0.000 0.000 0.000 0.000 0.000 0.000 0.000 0.000 0.000 0.000 0.000 0.000 0.000 0.000 0.000 0.000 0.052 0.060 0.068 0.075 0.000 0.000 0.000 0.000 0.000 0.000 0.000 0.000 0.000 0.000 0.000 0.163 0.169 0.175 0.183 0.190 0.196 0.192 0.188 0.183 0.178 0.174 0.170 0.165
0.000 0.000 0.000 0.000 0.000 0.000 0.000 0.000 0.000 0.000 0.000 0.038 0.035 0.032 0.029 0.024 0.018 0.012 0.007 0.002 0.001 0.001 0.001 0.001 0.001 0.003 0.007 0.015 0.025 0.030 0.027 0.025 0.024 0.019 0.016 0.013 0.000 0.000 0.000 0.000 0.000 0.000 0.000 0.000 0.000 0.000 0.000 0.000 0.000 0.000 0.000 0.000 0.000 0.000 0.000 0.000 0.000 0.000 0.000 0.000 0.000 0.000 0.000 0.000 0.000 0.000 0.000 0.000 0.201 0.203 0.199 0.196 0.191 0.186 0.182 0.178 0.173
0.000 0.000 0.000 0.000 0.000 0.000 0.000 0.000 0.000 0.000 0.000 0.000 0.000 0.035 0.033 0.029 0.025 0.021 0.015 0.009 0.003 0.001 0.001 0.001 0.001 0.002 0.006 0.016 0.025 0.023 0.024 0.025 0.019 0.016 0.014 0.009 0.005 0.004 0.003 0.003 0.000 0.000 0.000 0.000 0.000 0.000 0.000 0.000 0.000 0.000 0.000 0.000 0.000 0.000 0.000 0.000 0.000 0.000 0.000 0.000 0.000 0.000 0.000 0.000 0.000 0.000 0.000 0.000 0.000 0.000 0.000 0.203 0.197 0.193 0.190 0.184 0.180
0.000 0.000 0.000 0.000 0.000 0.000 0.000 0.000 0.000 0.000 0.000 0.000 0.000 0.000 0.000 0.032 0.028 0.024 0.020 0.016 0.010 0.004 0.001 0.001 0.001 0.001 0.007 0.015 0.020 0.020 0.021 0.016 0.015 0.013 0.011 0.008 0.006 0.005 0.004 0.003 0.002 0.002 0.002 0.000 0.000 0.000 0.000 0.000 0.000 0.000 0.000 0.000 0.000 0.000 0.000 0.000 0.000 0.000 0.000 0.000 0.000 0.000 0.000 0.000 0.000 0.000 0.000 0.000 0.000 0.000 0.000 0.000 0.000 0.000 0.000 0.192 0.188
0.000 0.000 0.000 0.000 0.000 0.000 0.000 0.000 0.000 0.000 0.000 0.000 0.000 0.000 0.000 0.000 0.030 0.028 0.022 0.017 0.013 0.008 0.005 0.002 0.001 0.003 0.006 0.012 0.017 0.018 0.015 0.012 0.014 0.013 0.010 0.008 0.007 0.005 0.004 0.004 0.003 0.003 0.002 0.002 0.001 0.001 0.001 0.000 0.000 0.000 0.000 0.000 0.000 0.000 0.000 0.000 0.000 0.000 0.000 0.000 0.000 0.000 0.000 0.000 0.000 0.000 0.000 0.000 0.000 0.000 0.000 0.000 0.000 0.000 0.000 0.000 0.000
0.000 0.000 0.000 0.000 0.000 0.000 0.000 0.000 0.000 0.000 0.000 0.000 0.000 0.000 0.000 0.000 0.000 0.000 0.020 0.017 0.013 0.010 0.006 0.003 0.003 0.003 0.007 0.010 0.016 0.014 0.012 0.014 0.015 0.012 0.009 0.008 0.007 0.006 0.005 0.005 0.004 0.003 0.003 0.002 0.002 0.001 0.001 0.001 0.001 0.001 0.001 0.001 0.001 0.001 0.001 0.000 0.000 0.000 0.000 0.000 0.000 0.000 0.000 0.000 0.000 0.000 0.000 0.000 0.000 0.000 0.000 0.000 0.000 0.000 0.000 0.000 0.000
0.000 0.000 0.000 0.000 0.000 0.000 0.000 0.000 0.000 0.000 0.000 0.000 0.000 0.000 0.000 0.000 0.000 0.000 0.019 0.016 0.013 0.010 0.007 0.000 0.003 0.003 0.006 0.009 0.012 0.012 0.013 0.015 0.014 0.011 0.009 0.008 0.007 0.006 0.006 0.006 0.005 0.004 0.004 0.003 0.002 0.002 0.001 0.001 0.001 0.001 0.001 0.001 0.001 0.001 0.001 0.001 0.001 0.001 0.000 0.000 0.000 0.000 0.000 0.000 0.000 0.000 0.000 0.000 0.000 0.000 0.000 0.000 0.000 0.000 0.000 0.000 0.000
0.000 0.000 0.000 0.000 0.000 0.000 0.000 0.000 0.000 0.000 0.000 0.000 0.000 0.000 0.000 0.000 0.000 0.000 0.018 0.016 0.013 0.010 0.007 0.004 0.003 0.003 0.003 0.005 0.009 0.011 0.013 0.014 0.012 0.010 0.009 0.009 0.008 0.007 0.007 0.007 0.006 0.005 0.005 0.004 0.003 0.000 0.001 0.001 0.001 0.001 0.001 0.001 0.001 0.001 0.001 0.001 0.001 0.001 0.001 0.001 0.001 0.000 0.000 0.000 0.000 0.000 0.000 0.000 0.000 0.000 0.000 0.000 0.000 0.000 0.000 0.000 0.000
0.000 0.000 0.000 0.000 0.000 0.000 0.000 0.000 0.000 0.000 0.000 0.000 0.000 0.000 0.000 0.000 0.000 0.000 0.017 0.015 0.013 0.010 0.008 0.005 0.004 0.003 0.003 0.003 0.007 0.009 0.010 0.009 0.009 0.009 0.009 0.009 0.009 0.009 0.010 0.009 0.008 0.007 0.006 0.005 0.004 0.003 0.002 0.002 0.002 0.001 0.001 0.001 0.001 0.001 0.001 0.001 0.001 0.001 0.001 0.001 0.001 0.001 0.001 0.001 0.001 0.000 0.000 0.000 0.000 0.000 0.000 0.000 0.000 0.000 0.000 0.000 0.000
0.000 0.000 0.000 0.000 0.000 0.000 0.000 0.000 0.000 0.000 0.000 0.000 0.000 0.000 0.000 0.000 0.000 0.014 0.015 0.014 0.012 0.010 0.008 0.006 0.005 0.004 0.002 0.002 0.004 0.005 0.006 0.007 0.008 0.008 0.009 0.009 0.010 0.011 0.011 0.010 0.009 0.009 0.008 0.007 0.007 0.005 0.004 0.003 0.003 0.002 0.002 0.002 0.001 0.001 0.001 0.001 0.001 0.001 0.001 0.001 0.001 0.001 0.001 0.001 0.001 0.001 0.001 0.001 0.001 0.000 0.000 0.000 0.000 0.000 0.000 0.000 0.000
0.000 0.000 0.000 0.000 0.000 0.000 0.000 0.000 0.000 0.000 0.000 0.000 0.000 0.000 0.000 0.000 0.000 0.015 0.014 0.014 0.012 0.010 0.009 0.007 0.005 0.004 0.002 0.002 0.003 0.004 0.005 0.006 0.007 0.008 0.009 0.010 0.011 0.011 0.011 0.010 0.010 0.010 0.010 0.009 0.009 0.008 0.007 0.005 0.005 0.004 0.003 0.003 0.002 0.002 0.002 0.001 0.001 0.001 0.001 0.001 0.001 0.001 0.001 0.001 0.001 0.001 0.001 0.001 0.001 0.001 0.001 0.001 0.000 0.000 0.000 0.000 0.000
0.000 0.000 0.000 0.000 0.000 0.000 0.000 0.000 0.000 0.000 0.000 0.000 0.000 0.000 0.000 0.000 0.000 0.016 0.014 0.013 0.012 0.011 0.009 0.007 0.006 0.004 0.002 0.002 0.003 0.004 0.005 0.006 0.007 0.008 0.009 0.010 0.010 0.011 0.010 0.010 0.011 0.011 0.010 0.010 0.010 0.009 0.008 0.007 0.006 0.006 0.005 0.005 0.004 0.004 0.003 0.002 0.002 0.002 0.002 0.001 0.001 0.001 0.001 0.002 0.004 0.001 0.001 0.001 0.001 0.001 0.001 0.001 0.001 0.000 0.000 0.000 0.000
0.000 0.000 0.000 0.000 0.000 0.000 0.000 0.000 0.000 0.000 0.000 0.000 0.000 0.000 0.000 0.000 0.000 0.015 0.014 0.013 0.012 0.011 0.009 0.008 0.006 0.003 0.002 0.002 0.003 0.004 0.004 0.006 0.007 0.008 0.009 0.009 0.010 0.010 0.011 0.011 0.012 0.012 0.012 0.012 0.011 0.010 0.009 0.008 0.008 0.007 0.007 0.007 0.006 0.006 0.005 0.005 0.004 0.004 0.004 0.004 0.004 0.005 0.006 0.010 0.010 0.000 0.001 0.001 0.001 0.001 0.001 0.001 0.001 0.001 0.000 0.000 0.000
0.000 0.000 0.000 0.000 0.000 0.000 0.000 0.000 0.000 0.000 0.000 0.000 0.000 0.000 0.000 0.000 0.013 0.014 0.014 0.013 0.012 0.011 0.009 0.008 0.006 0.003 0.002 0.003 0.003 0.004 0.004 0.005 0.006 0.007 0.008 0.009 0.010 0.011 0.012 0.013 0.013 0.013 0.014 0.014 0.013 0.012 0.011 0.010 0.010 0.009 0.009 0.009 0.008 0.008 0.008 0.007 0.008 0.008 0.010 0.012 0.015 0.017 0.020 0.023 0.015 0.005 0.001 0.001 0.001 0.001 0.001 0.001 0.001 0.001 0.001 0.001 0.001
0.000 0.000 0.000 0.000 0.000 0.000 0.000 0.000 0.000 0.000 0.000 0.000 0.000 0.000 0.000 0.000 0.015 0.014 0.014 0.013 0.012 0.011 0.009 0.008 0.005 0.002 0.002 0.003 0.003 0.004 0.004 0.005 0.006 0.007 0.008 0.010 0.012 0.014 0.016 0.016 0.016 0.016 0.017 0.017 0.016 0.015 0.013 0.013 0.012 0.012 0.011 0.011 0.011 0.011 0.011 0.012 0.013 0.015 0.018 0.021 0.024 0.028 0.030 0.030 0.034 0.028 0.021 0.015 0.010 0.007 0.005 0.003 0.001 0.001 0.001 0.001 0.001
0.000 0.000 0.000 0.000 0.000 0.000 0.000 0.000 0.000 0.000 0.000 0.000 0.000 0.000 0.000 0.000 0.016 0.015 0.014 0.013 0.012 0.011 0.009 0.007 0.005 0.003 0.003 0.003 0.003 0.004 0.004 0.005 0.006 0.008 0.010 0.014 0.018 0.021 0.022 0.021 0.021 0.020 0.020 0.019 0.018 0.017 0.017 0.016 0.015 0.015 0.015 0.014 0.014 0.015 0.016 0.018 0.020 0.023 0.027 0.030 0.034 0.033 0.029 0.025 0.028 0.032 0.034 0.035 0.036 0.028 0.021 0.017 0.012 0.009 0.006 0.003 0.001
0.100 0.097 0.094 0.000 0.000 0.000 0.000 0.000 0.000 0.000 0.000 0.000 0.000 0.000 0.000 0.017 0.017 0.016 0.015 0.014 0.012 0.011 0.009 0.007 0.004 0.003 0.003 0.003 0.004 0.004 0.005 0.006 0.008 0.011 0.016 0.022 0.028 0.032 0.030 0.026 0.025 0.025 0.024 0.022 0.021 0.021 0.020 0.019 0.019 0.019 0.019 0.019 0.019 0.020 0.023 0.025 0.029 0.032 0.036 0.036 0.034 0.032 0.028 0.023 0.024 0.025 0.027 0.029 0.031 0.034 0.036 0.039 0.039 0.031 0.024 0.018 0.012
0.104 0.101 0.097 0.092 0.088 0.085 0.000 0.000 0.000 0.000 0.000 0.000 0.000 0.000 0.000 0.021 0.020 0.018 0.016 0.015 0.013 0.011 0.009 0.007 0.004 0.003 0.004 0.004 0.004 0.004 0.005 0.008 0.013 0.019 0.025 0.032 0.038 0.044 0.000 0.027 0.030 0.030 0.029 0.025 0.024 0.024 0.023 0.023 0.023 0.023 0.023 0.023 0.025 0.027 0.030 0.033 0.037 0.039 0.037 0.035 0.032 0.030 0.027 0.021 0.021 0.021 0.022 0.023 0.024 0.026 0.029 0.033 0.037 0.040 0.042 0.045 0.039
0.109 0.105 0.101 0.096 0.092 0.088 0.083 0.079 0.076 0.072 0.000 0.000 0.000 0.000 0.000 0.026 0.024 0.022 0.019 0.016 0.014 0.012 0.010 0.007 0.004 0.004 0.004 0.004 0.004 0.005 0.008 0.013 0.020 0.028 0.035 0.040 0.048 0.000 0.000 0.000 0.000 0.000 0.000 0.025 0.028 0.029 0.026 0.027 0.027 0.028 0.028 0.029 0.031 0.034 0.038 0.041 0.039 0.037 0.035 0.033 0.031 0.028 0.025 0.020 0.018 0.018 0.018 0.018 0.019 0.021 0.023 0.026 0.029 0.032 0.035 0.038 0.040
0.000 0.000 0.000 0.099 0.096 0.092 0.087 0.083 0.080 0.076 0.070 0.066 0.063 0.000 0.000 0.032 0.029 0.025 0.021 0.018 0.016 0.012 0.010 0.006 0.005 0.004 0.005 0.005 0.005 0.007 0.013 0.020 0.028 0.036 0.044 0.000 0.000 0.000 0.000 0.000 0.000 0.000 0.000 0.000 0.000 0.000 0.027 0.031 0.033 0.034 0.032 0.034 0.038 0.042 0.040 0.038 0.036 0.034 0.032 0.030 0.028 0.026 0.023 0.018 0.016 0.015 0.015 0.015 0.015 0.015 0.017 0.020 0.023 0.026 0.028 0.029 0.030
0.000 0.000 0.000 0.000 0.000 0.000 0.090 0.087 0.084 0.080 0.074 0.070 0.065 0.057 0.048 0.039 0.033 0.028 0.023 0.020 0.016 0.013 0.010 0.006 0.005 0.005 0.005 0.006 0.007 0.012 0.021 0.029 0.037 0.044 0.000 0.000 0.000 0.000 0.000 0.000 0.000 0.000 0.000 0.000 0.000 0.000 0.000 0.000 0.000 0.000 0.035 0.040 0.041 0.039 0.036 0.035 0.034 0.031 0.029 0.027 0.025 0.023 0.020 0.016 0.014 0.013 0.013 0.012 0.012 0.012 0.013 0.015 0.016 0.018 0.019 0.021 0.023
0.000 0.000 0.000 0.000 0.000 0.000 0.000 0.000 0.000 0.000 0.076 0.074 0.069 0.061 0.051 0.042 0.035 0.029 0.024 0.020 0.017 0.013 0.010 0.005 0.005 0.006 0.006 0.008 0.012 0.021 0.030 0.038 0.045 0.000 0.000 0.000 0.000 0.000 0.000 0.000 0.000 0.000 0.000 0.000 0.000 0.000 0.000 0.000 0.000 0.000 0.000 0.000 0.000 0.000 0.031 0.031 0.030 0.027 0.025 0.023 0.021 0.019 0.017 0.014 0.011 0.011 0.010 0.010 0.009 0.009 0.010 0.011 0.011 0.012 0.013 0.014 0.015
0.000 0.000 0.000 0.000 0.000 0.000 0.000 0.000 0.000 0.000 0.000 0.000 0.000 0.000 0.049 0.041 0.034 0.028 0.022 0.019 0.016 0.013 0.009 0.006 0.006 0.007 0.008 0.013 0.021 0.030 0.038 0.046 0.000 0.000 0.000 0.000 0.000 0.000 0.000 0.000 0.000 0.000 0.000 0.000 0.000 0.000 0.000 0.000 0.000 0.000 0.000 0.000 0.000 0.000 0.000 0.000 0.000 0.021 0.020 0.019 0.017 0.015 0.013 0.011 0.009 0.008 0.008 0.007 0.007 0.007 0.007 0.007 0.007 0.007 0.007 0.008 0.009
0.000 0.000 0.000 0.000 0.000 0.000 0.000 0.000 0.000 0.000 0.000 0.000 0.000 0.000 0.000 0.035 0.030 0.024 0.011 0.016 0.015 0.012 0.007 0.006 0.007 0.009 0.014 0.021 0.029 0.039 0.047 0.055 0.000 0.000 0.000 0.000 0.000 0.000 0.000 0.000 0.000 0.000 0.000 0.000 0.000 0.000 0.000 0.000 0.000 0.000 0.000 0.000 0.000 0.000 0.000 0.000 0.000 0.000 0.000 0.000 0.000 0.009 0.009 0.008 0.006 0.005 0.005 0.005 0.004 0.004 0.004 0.004 0.004 0.004 0.004 0.004 0.004
0.000 0.000 0.000 0.000 0.000 0.000 0.000 0.000 0.000 0.000 0.000 0.000 0.000 0.000 0.026 0.029 0.027 0.022 0.017 0.016 0.014 0.011 0.006 0.007 0.009 0.014 0.021 0.029 0.038 0.046 0.055 0.064 0.000 0.000 0.000 0.000 0.000 0.000 0.000 0.000 0.000 0.000 0.000 0.000 0.000 0.000 0.000 0.000 0.000 0.000 0.000 0.000 0.000 0.000 0.000 0.000 0.000 0.000 0.000 0.000 0.000 0.000 0.000 0.000 0.001 0.001 0.001 0.001 0.001 0.001 0.001 0.001 0.001 0.001 0.001 0.001 0.001
0.000 0.000 0.000 0.000 0.000 0.000 0.000 0.000 0.000 0.000 0.000 0.000 0.000 0.000 0.027 0.026 0.025 0.022 0.019 0.017 0.014 0.010 0.007 0.009 0.014 0.021 0.028 0.036 0.044 0.053 0.063 0.071 0.000 0.000 0.000 0.000 0.000 0.000 0.000 0.000 0.000 0.000 0.000 0.000 0.000 0.000 0.000 0.000 0.000 0.000 0.000 0.000 0.000 0.000 0.000 0.000 0.000 0.000 0.000 0.000 0.000 0.000 0.000 0.000 0.000 0.000 0.000 0.000 0.001 0.001 0.001 0.001 0.001 0.001 0.001 0.001 0.001
0.000 0.000 0.000 0.000 0.000 0.000 0.000 0.000 0.000 0.000 0.000 0.000 0.000 0.000 0.026 0.025 0.023 0.021 0.019 0.017 0.014 0.009 0.008 0.013 0.019 0.027 0.034 0.042 0.051 0.060 0.068 0.000 0.000 0.000 0.000 0.000 0.000 0.000 0.000 0.000 0.000 0.000 0.000 0.000 0.000 0.000 0.000 0.000 0.000 0.000 0.000 0.000 0.000 0.000 0.000 0.000 0.000 0.000 0.000 0.000 0.000 0.000 0.000 0.000 0.000 0.000 0.000 0.000 0.000 0.000 0.000 0.001 0.001 0.001 0.001 0.001 0.001
0.000 0.000 0.000 0.000 0.000 0.000 0.000 0.000 0.000 0.000 0.000 0.000 0.000 0.000 0.026 0.025 0.023 0.021 0.019 0.017 0.013 0.009 0.012 0.016 0.025 0.031 0.039 0.047 0.055 0.065 0.074 0.000 0.000 0.000 0.000 0.000 0.000 0.000 0.000 0.000 0.000 0.000 0.000 0.000 0.000 0.000 0.000 0.000 0.000 0.000 0.000 0.000 0.000 0.000 0.000 0.000 0.000 0.000 0.000 0.000 0.000 0.000 0.000 0.000 0.000 0.000 0.000 0.000 0.000 0.000 0.000 0.000 0.000 0.000 0.000 0.001 0.001
0.000 0.000 0.000 0.000 0.000 0.000 0.000 0.000 0.000 0.000 0.000 0.000 0.000 0.026 0.026 0.025 0.023 0.021 0.019 0.017 0.014 0.011 0.015 0.022 0.029 0.037 0.045 0.053 0.062 0.071 0.080 0.000 0.000 0.000 0.000 0.000 0.000 0.000 0.000 0.000 0.000 0.000 0.000 0.000 0.000 0.000 0.000 0.000 0.000 0.000 0.000 0.000 0.000 0.000 0.000 0.000 0.000 0.000 0.000 0.000 0.000 0.000 0.000 0.000 0.000 0.000 0.000 0.000 0.000 0.000 0.000 0.000 0.000 0.000 0.000 0.000 0.001
0.000 0.000 0.000 0.000 0.000 0.000 0.000 0.000 0.000 0.000 0.000 0.000 0.000 0.030 0.027 0.026 0.024 0.022 0.019 0.018 0.015 0.015 0.021 0.029 0.038 0.045 0.053 0.060 0.068 0.074 0.000 0.000 0.000 0.000 0.000 0.000 0.000 0.000 0.000 0.000 0.000 0.000 0.000 0.000 0.000 0.000 0.000 0.000 0.000 0.000 0.000 0.000 0.000 0.000 0.000 0.000 0.000 0.000 0.000 0.000 0.000 0.000 0.000 0.000 0.000 0.000 0.000 0.000 0.000 0.000 0.000 0.000 0.000 0.000 0.000 0.000 0.001
