数据/2hours/0.1-2h-100y/coupled-117-0001.wd
ncols         694
nrows         824
xllcorner     581104.939801
yllcorner     3495917.092414
cellsize      2.000000
NODATA_value  -9999.000000
[rows 680 to 713 of 824, columns 154 to 230 of 694]
0.000 0.000 0.000 0.000 0.000 0.000 0.000 0.000 0.000 0.000 0.000 0.000 0.000 0.000 0.000 0.000 0.040 0.063 0.054 0.092 0.125 0.153 0.145 0.142 0.169 0.160 0.000 0.096 0.164 0.000 0.000 0.000 0.000 0.000 0.000 0.000 0.000 0.000 0.000 0.408 0.272 0.172 0.250 0.560 0.484 0.294 0.208 0.166 0.394 0.380 0.560 0.144 0.220 0.492 0.010 0.000 0.000 0.008 0.072 0.004 0.002 0.002 0.001 0.000 0.000 0.000 0.000 0.000 0.000 0.000 0.000 0.000 0.000 0.000 0.000 0.000 0.000
0.000 0.000 0.000 0.000 0.000 0.000 0.000 0.000 0.000 0.000 0.000 0.000 0.000 0.027 0.062 0.000 0.027 0.053 0.053 0.086 0.127 0.168 0.217 0.000 0.192 0.123 0.109 0.122 0.000 0.000 0.000 0.000 0.000 0.000 0.000 0.000 0.000 0.000 0.009 0.138 0.312 0.046 0.164 0.417 0.519 0.340 0.039 0.356 0.393 0.601 0.567 0.594 0.091 0.224 0.500 0.446 0.244 0.000 0.020 0.000 0.006 0.002 0.001 0.001 0.000 0.000 0.000 0.000 0.000 0.000 0.000 0.000 0.000 0.000 0.000 0.000 0.000
0.000 0.000 0.000 0.000 0.000 0.000 0.000 0.000 0.000 0.000 0.000 0.000 0.010 0.050 0.012 0.021 0.025 0.053 0.066 0.117 0.182 0.191 0.000 0.000 0.000 0.000 0.142 0.186 0.000 0.000 0.000 0.000 0.000 0.000 0.000 0.000 0.000 0.170 0.372 0.081 0.012 0.028 0.194 0.113 0.389 0.359 0.159 0.312 0.055 0.376 0.517 0.986 0.702 0.250 0.095 0.507 0.525 0.523 0.205 0.204 0.067 0.003 0.001 0.001 0.000 0.000 0.000 0.000 0.000 0.000 0.000 0.000 0.000 0.000 0.000 0.000 0.000
0.000 0.000 0.000 0.000 0.000 0.000 0.000 0.000 0.000 0.000 0.000 0.000 0.028 0.055 0.017 0.047 0.046 0.068 0.135 0.165 0.184 0.000 0.000 0.000 0.000 0.000 0.000 0.411 0.273 0.355 0.000 0.000 0.000 0.000 0.000 0.000 0.000 0.104 0.403 0.260 0.008 0.035 0.144 0.000 0.037 0.000 0.000 0.161 0.152 0.121 0.138 0.386 0.773 0.692 0.386 0.316 0.384 0.506 0.237 0.111 0.035 0.004 0.002 0.001 0.001 0.000 0.000 0.000 0.000 0.000 0.000 0.000 0.000 0.000 0.000 0.000 0.000
0.000 0.000 0.000 0.000 0.000 0.000 0.000 0.000 0.000 0.000 0.000 0.000 0.033 0.063 0.030 0.059 0.062 0.121 0.172 0.192 0.221 0.000 0.000 0.000 0.000 0.000 0.000 0.000 0.360 0.629 0.313 0.000 0.000 0.000 0.000 0.000 0.540 0.233 0.270 0.301 0.127 0.211 0.092 0.141 0.000 0.000 0.000 0.000 0.001 0.000 0.184 0.276 0.374 0.534 0.538 0.503 0.556 0.413 0.290 0.079 0.009 0.010 0.002 0.003 0.002 0.001 0.000 0.000 0.000 0.000 0.000 0.000 0.000 0.000 0.000 0.000 0.000
0.000 0.000 0.000 0.000 0.000 0.000 0.000 0.000 0.000 0.000 0.000 0.000 0.032 0.067 0.035 0.067 0.089 0.163 0.182 0.203 0.252 0.269 0.000 0.000 0.000 0.000 0.000 0.000 0.000 0.000 0.265 0.212 0.191 0.000 0.000 0.002 0.238 0.353 0.261 0.346 0.357 0.340 0.376 0.445 0.000 0.145 0.121 0.100 0.000 0.000 0.055 0.197 0.022 0.324 0.554 0.714 0.549 0.509 0.284 0.204 0.110 0.008 0.033 0.019 0.002 0.003 0.001 0.000 0.000 0.000 0.000 0.000 0.000 0.000 0.000 0.000 0.000
0.000 0.000 0.000 0.000 0.000 0.000 0.000 0.000 0.000 0.000 0.000 0.000 0.033 0.065 0.053 0.069 0.125 0.184 0.205 0.234 0.273 0.287 0.000 0.000 0.000 0.000 0.000 0.000 0.000 0.000 0.000 0.000 0.227 0.272 0.000 0.202 0.011 0.244 0.313 0.231 0.300 0.305 0.456 0.000 0.000 0.129 0.100 0.109 0.098 0.148 0.000 0.000 0.049 0.276 0.354 0.430 0.484 0.574 0.503 0.200 0.034 0.001 0.045 0.002 0.218 0.004 0.003 0.002 0.001 0.000 0.000 0.000 0.000 0.000 0.000 0.000 0.000
0.000 0.000 0.000 0.000 0.000 0.000 0.000 0.000 0.000 0.000 0.000 0.000 0.039 0.067 0.083 0.106 0.149 0.200 0.233 0.269 0.291 0.295 0.322 0.346 0.000 0.000 0.000 0.000 0.000 0.000 0.000 0.000 0.000 0.252 0.358 0.352 0.137 0.219 0.135 0.204 0.075 0.000 0.000 0.000 0.108 0.133 0.091 0.090 0.128 0.084 0.000 0.000 0.000 0.000 0.052 0.211 0.276 0.149 0.187 0.242 0.040 0.010 0.019 0.044 0.559 0.105 0.001 0.037 0.042 0.004 0.001 0.000 0.000 0.000 0.000 0.000 0.000
0.000 0.000 0.000 0.000 0.000 0.000 0.000 0.000 0.000 0.000 0.000 0.001 0.054 0.088 0.090 0.118 0.168 0.225 0.256 0.000 0.000 0.323 0.335 0.362 0.380 0.000 0.000 0.000 0.000 0.000 0.000 0.000 0.000 0.000 0.011 0.296 0.206 0.287 0.042 0.029 0.073 0.000 0.000 0.042 0.111 0.118 0.115 0.102 0.067 0.147 0.237 0.000 0.000 0.268 0.000 0.000 0.000 0.019 0.277 0.163 0.161 0.006 0.133 0.413 0.538 0.101 0.005 0.076 0.024 0.142 0.020 0.003 0.001 0.001 0.000 0.000 0.000
0.012 0.000 0.000 0.000 0.000 0.000 0.000 0.000 0.000 0.000 0.000 0.014 0.084 0.072 0.099 0.114 0.160 0.220 0.000 0.000 0.000 0.000 0.354 0.401 0.375 0.459 0.000 0.676 0.000 0.000 0.000 0.000 0.000 0.334 0.180 0.145 0.003 0.198 0.208 0.029 0.002 0.000 0.000 0.059 0.117 0.115 0.112 0.090 0.101 0.165 0.224 0.209 0.299 0.216 0.165 0.147 0.000 0.000 0.337 0.474 0.374 0.328 0.405 0.565 0.146 0.033 0.044 0.319 0.293 0.267 0.202 0.176 0.144 0.219 0.029 0.011 0.005
0.039 0.006 0.000 0.000 0.000 0.000 0.000 0.000 0.000 0.000 0.007 0.049 0.077 0.056 0.102 0.106 0.131 0.000 0.000 0.000 0.000 0.000 0.000 0.000 0.450 0.549 0.588 0.680 0.000 0.000 0.000 0.000 0.165 0.347 0.514 0.352 0.274 0.105 0.139 0.083 0.000 0.162 0.140 0.000 0.000 0.107 0.128 0.068 0.044 0.166 0.264 0.193 0.367 0.122 0.241 0.055 0.144 0.586 0.519 0.663 0.742 0.608 0.482 0.287 0.245 0.379 0.245 0.335 0.504 0.524 0.471 0.360 0.361 0.335 0.379 0.254 0.179
0.046 0.051 0.026 0.000 0.000 0.000 0.000 0.000 0.000 0.004 0.028 0.075 0.043 0.063 0.085 0.114 0.121 0.000 0.000 0.000 0.000 0.000 0.000 0.000 0.000 0.620 0.611 0.637 0.673 0.000 0.000 0.000 0.330 0.407 0.558 0.488 0.000 0.479 0.238 0.197 0.293 0.294 0.050 0.021 0.085 0.000 0.000 0.001 0.022 0.059 0.262 0.205 0.174 0.184 0.103 0.047 0.083 0.300 0.000 0.000 0.000 0.304 0.205 0.254 0.293 0.177 0.186 0.369 0.500 0.591 0.638 0.616 0.607 0.565 0.553 0.452 0.388
0.075 0.091 0.083 0.057 0.030 0.000 0.001 0.003 0.007 0.021 0.064 0.066 0.037 0.050 0.082 0.086 0.119 0.000 0.000 0.000 0.000 0.000 0.000 0.000 0.000 0.000 0.000 0.665 0.691 0.745 0.707 0.744 0.512 0.367 0.356 0.000 0.000 0.000 0.257 0.264 0.293 0.112 0.003 0.006 0.125 0.229 0.142 0.000 0.046 0.082 0.237 0.223 0.192 0.114 0.124 0.125 0.294 0.000 0.000 0.000 0.000 0.000 0.013 0.062 0.037 0.138 0.405 0.478 0.569 0.658 0.642 0.617 0.546 0.505 0.448 0.369 0.286
0.102 0.118 0.133 0.112 0.085 0.059 0.035 0.010 0.014 0.033 0.070 0.070 0.039 0.048 0.089 0.089 0.098 0.166 0.259 0.000 0.000 0.000 0.000 0.000 0.000 0.000 0.000 0.000 0.739 0.761 0.676 0.730 0.542 0.420 0.443 0.000 0.000 0.000 0.000 0.223 0.237 0.157 0.043 0.000 0.205 0.223 0.148 0.193 0.119 0.098 0.236 0.194 0.203 0.105 0.149 0.208 0.158 0.000 0.000 0.000 0.000 0.000 0.000 0.129 0.047 0.208 0.298 0.494 0.591 0.570 0.630 0.650 0.523 0.437 0.391 0.244 0.148
0.128 0.143 0.157 0.164 0.135 0.107 0.078 0.052 0.038 0.046 0.084 0.078 0.043 0.032 0.000 0.086 0.138 0.257 0.219 0.261 0.000 0.000 0.000 0.000 0.000 0.000 0.000 0.000 0.000 0.803 0.688 0.731 0.671 0.473 0.000 0.000 0.000 0.000 0.000 0.236 0.202 0.038 0.079 0.165 0.142 0.186 0.163 0.225 0.109 0.028 0.236 0.094 0.185 0.281 0.178 0.279 0.000 0.000 0.000 0.000 0.000 0.000 0.034 0.084 0.229 0.301 0.435 0.500 0.596 0.597 0.626 0.606 0.528 0.512 0.351 0.137 0.094
0.153 0.168 0.182 0.196 0.190 0.163 0.137 0.114 0.090 0.062 0.074 0.091 0.091 0.000 0.000 0.000 0.000 0.289 0.256 0.229 0.250 0.000 0.000 0.000 0.000 0.000 0.000 0.000 0.615 0.738 0.697 0.666 0.728 0.000 0.000 0.000 0.000 0.000 0.353 0.233 0.225 0.144 0.201 0.160 0.158 0.099 0.208 0.164 0.080 0.036 0.157 0.260 0.070 0.257 0.313 0.316 0.000 0.000 0.000 0.000 0.000 0.000 0.088 0.215 0.315 0.397 0.445 0.604 0.543 0.550 0.609 0.548 0.558 0.498 0.257 0.235 0.126
0.178 0.193 0.207 0.221 0.236 0.219 0.193 0.169 0.145 0.115 0.068 0.046 0.000 0.000 0.000 0.000 0.000 0.000 0.000 0.207 0.253 0.316 0.369 0.000 0.000 0.000 0.000 0.000 0.670 0.728 0.812 0.792 0.830 0.000 0.000 0.000 0.000 0.000 0.000 0.287 0.175 0.214 0.189 0.156 0.150 0.151 0.205 0.058 0.102 0.000 0.124 0.213 0.247 0.213 0.249 0.211 0.000 0.000 0.000 0.000 0.000 0.000 0.235 0.262 0.414 0.444 0.505 0.486 0.573 0.579 0.549 0.531 0.521 0.440 0.208 0.180 0.154
0.203 0.218 0.232 0.247 0.262 0.274 0.248 0.223 0.197 0.167 0.112 0.054 0.000 0.000 0.000 0.000 0.000 0.000 0.000 0.181 0.218 0.269 0.359 0.343 0.000 0.000 0.000 0.595 0.597 0.606 0.665 0.788 0.000 0.000 0.000 0.000 0.000 0.000 0.000 0.000 0.000 0.186 0.177 0.190 0.191 0.200 0.087 0.052 0.090 0.063 0.017 0.127 0.312 0.275 0.242 0.266 0.000 0.000 0.000 0.000 0.000 0.000 0.281 0.357 0.440 0.421 0.466 0.621 0.566 0.571 0.596 0.614 0.562 0.264 0.170 0.197 0.083
0.233 0.246 0.258 0.272 0.287 0.302 0.302 0.275 0.248 0.207 0.157 0.000 0.000 0.000 0.000 0.000 0.000 0.000 0.000 0.000 0.000 0.000 0.347 0.368 0.433 0.531 0.588 0.603 0.662 0.588 0.587 0.000 0.000 0.000 0.000 0.000 0.000 0.000 0.000 0.000 0.000 0.256 0.252 0.255 0.145 0.132 0.097 0.086 0.030 0.052 0.000 0.132 0.190 0.281 0.320 0.369 0.000 0.000 0.000 0.000 0.000 0.000 0.313 0.370 0.413 0.451 0.542 0.543 0.625 0.586 0.633 0.604 0.295 0.246 0.141 0.213 0.042
0.264 0.277 0.288 0.301 0.313 0.327 0.342 0.327 0.299 0.245 0.000 0.000 0.000 0.000 0.000 0.000 0.000 0.000 0.000 0.000 0.000 0.000 0.338 0.373 0.479 0.524 0.611 0.646 0.629 0.574 0.515 0.000 0.000 0.000 0.000 0.000 0.000 0.000 0.000 0.000 0.000 0.289 0.000 0.169 0.067 0.043 0.076 0.113 0.036 0.011 0.129 0.138 0.194 0.219 0.277 0.344 0.000 0.000 0.000 0.000 0.000 0.504 0.389 0.425 0.508 0.561 0.603 0.603 0.654 0.692 0.606 0.405 0.419 0.154 0.239 0.162 0.048
0.296 0.307 0.319 0.331 0.343 0.356 0.367 0.380 0.341 0.285 0.229 0.173 0.000 0.000 0.000 0.000 0.000 0.000 0.000 0.000 0.000 0.000 0.000 0.000 0.449 0.530 0.558 0.676 0.679 0.724 0.000 0.000 0.000 0.000 0.000 0.000 0.000 0.000 0.000 0.000 0.000 0.000 0.000 0.000 0.000 0.111 0.095 0.138 0.141 0.117 0.162 0.220 0.174 0.184 0.217 0.159 0.000 0.000 0.000 0.000 0.000 0.528 0.487 0.524 0.598 0.643 0.670 0.714 0.693 0.573 0.428 0.432 0.340 0.166 0.247 0.058 0.000
0.326 0.338 0.350 0.362 0.374 0.386 0.398 0.407 0.382 0.330 0.277 0.228 0.186 0.000 0.000 0.000 0.000 0.000 0.000 0.000 0.000 0.000 0.000 0.000 0.000 0.466 0.586 0.584 0.615 0.000 0.000 0.000 0.000 0.000 0.000 0.000 0.000 0.000 0.000 0.000 0.000 0.000 0.000 0.000 0.000 0.000 0.127 0.078 0.067 0.218 0.181 0.164 0.178 0.000 0.000 0.168 0.000 0.000 0.000 0.000 0.000 0.411 0.458 0.566 0.584 0.623 0.638 0.646 0.574 0.520 0.438 0.272 0.183 0.324 0.000 0.000 0.000
0.000 0.369 0.381 0.393 0.405 0.417 0.428 0.415 0.388 0.364 0.330 0.289 0.254 0.231 0.187 0.000 0.000 0.000 0.000 0.000 0.000 0.000 0.000 0.000 0.000 0.524 0.481 0.500 0.517 0.000 0.000 0.000 0.000 0.000 0.000 0.000 0.000 0.000 0.000 0.000 0.000 0.000 0.000 0.000 0.000 0.000 0.000 0.000 0.230 0.219 0.118 0.099 0.000 0.000 0.000 0.000 0.000 0.000 0.000 0.000 0.000 0.370 0.399 0.411 0.467 0.541 0.583 0.569 0.492 0.415 0.360 0.265 0.292 0.000 0.000 0.000 0.000
0.000 0.000 0.412 0.424 0.436 0.447 0.440 0.420 0.394 0.372 0.353 0.334 0.286 0.239 0.186 0.113 0.000 0.000 0.000 0.000 0.000 0.000 0.000 0.000 0.453 0.408 0.466 0.454 0.000 0.000 0.000 0.000 0.000 0.000 0.000 0.000 0.000 0.000 0.000 0.000 0.000 0.000 0.000 0.000 0.000 0.000 0.000 0.000 0.000 0.055 0.139 0.148 0.000 0.000 0.000 0.000 0.000 0.000 0.000 0.000 0.242 0.327 0.335 0.399 0.475 0.542 0.568 0.526 0.413 0.352 0.342 0.312 0.000 0.000 0.000 0.000 0.000
0.000 0.000 0.000 0.454 0.466 0.460 0.451 0.424 0.400 0.377 0.358 0.339 0.318 0.284 0.233 0.166 0.068 0.000 0.000 0.000 0.000 0.000 0.000 0.307 0.326 0.407 0.449 0.000 0.000 0.000 0.000 0.000 0.000 0.000 0.000 0.000 0.000 0.000 0.000 0.000 0.000 0.000 0.000 0.000 0.000 0.000 0.000 0.000 0.000 0.014 0.103 0.060 0.000 0.000 0.000 0.000 0.000 0.000 0.000 0.000 0.256 0.358 0.349 0.370 0.478 0.573 0.559 0.473 0.405 0.395 0.379 0.307 0.000 0.000 0.000 0.000 0.000
0.000 0.000 0.000 0.000 0.479 0.471 0.454 0.429 0.404 0.381 0.359 0.340 0.321 0.300 0.267 0.199 0.120 0.081 0.017 0.000 0.000 0.000 0.000 0.342 0.366 0.313 0.000 0.000 0.000 0.000 0.000 0.000 0.000 0.000 0.000 0.000 0.000 0.000 0.000 0.000 0.000 0.000 0.000 0.000 0.000 0.000 0.000 0.000 0.004 0.039 0.011 0.010 0.000 0.000 0.000 0.000 0.000 0.000 0.000 0.000 0.352 0.339 0.355 0.397 0.480 0.516 0.492 0.420 0.389 0.352 0.335 0.253 0.000 0.000 0.000 0.000 0.000
0.000 0.000 0.000 0.000 0.000 0.481 0.458 0.433 0.408 0.384 0.361 0.341 0.324 0.308 0.282 0.244 0.188 0.145 0.125 0.159 0.000 0.000 0.201 0.357 0.305 0.323 0.000 0.000 0.000 0.000 0.000 0.000 0.000 0.000 0.000 0.000 0.000 0.000 0.000 0.000 0.000 0.000 0.000 0.000 0.000 0.000 0.000 0.056 0.009 0.083 0.041 0.113 0.145 0.000 0.000 0.000 0.000 0.000 0.000 0.000 0.443 0.412 0.386 0.402 0.482 0.524 0.534 0.478 0.419 0.381 0.372 0.000 0.000 0.000 0.000 0.000 0.000
0.000 0.000 0.000 0.000 0.000 0.000 0.000 0.437 0.412 0.387 0.363 0.341 0.323 0.307 0.285 0.252 0.213 0.189 0.205 0.204 0.199 0.206 0.208 0.231 0.263 0.000 0.000 0.000 0.000 0.000 0.000 0.000 0.000 0.000 0.000 0.000 0.000 0.000 0.000 0.000 0.000 0.000 0.000 0.000 0.000 0.000 0.059 0.068 0.018 0.098 0.146 0.113 0.090 0.000 0.000 0.000 0.000 0.000 0.000 0.300 0.364 0.375 0.459 0.471 0.524 0.557 0.512 0.477 0.427 0.378 0.321 0.000 0.000 0.000 0.000 0.000 0.000
0.000 0.000 0.000 0.000 0.000 0.000 0.000 0.000 0.417 0.391 0.366 0.342 0.327 0.310 0.290 0.257 0.224 0.195 0.243 0.268 0.179 0.277 0.114 0.201 0.000 0.000 0.000 0.000 0.000 0.000 0.000 0.000 0.000 0.000 0.000 0.000 0.000 0.000 0.000 0.000 0.000 0.000 0.000 0.000 0.001 0.040 0.055 0.092 0.001 0.101 0.058 0.021 0.008 0.000 0.000 0.000 0.000 0.000 0.000 0.293 0.357 0.398 0.434 0.522 0.565 0.559 0.516 0.451 0.415 0.356 0.232 0.000 0.000 0.000 0.000 0.000 0.000
0.000 0.000 0.000 0.000 0.000 0.000 0.000 0.000 0.000 0.396 0.370 0.343 0.000 0.000 0.299 0.268 0.236 0.204 0.199 0.313 0.213 0.168 0.198 0.165 0.199 0.261 0.000 0.000 0.000 0.000 0.000 0.000 0.000 0.000 0.000 0.000 0.000 0.000 0.000 0.000 0.000 0.000 0.000 0.000 0.034 0.052 0.095 0.067 0.118 0.016 0.138 0.016 0.000 0.000 0.000 0.000 0.000 0.000 0.000 0.360 0.306 0.400 0.454 0.497 0.477 0.476 0.440 0.435 0.386 0.301 0.320 0.000 0.000 0.000 0.000 0.000 0.000
0.000 0.000 0.000 0.000 0.000 0.000 0.000 0.000 0.000 0.000 0.000 0.001 0.002 0.002 0.000 0.001 0.241 0.209 0.173 0.182 0.322 0.233 0.204 0.199 0.231 0.201 0.104 0.000 0.000 0.000 0.000 0.000 0.000 0.000 0.000 0.000 0.000 0.000 0.000 0.000 0.000 0.000 0.000 0.024 0.065 0.066 0.113 0.078 0.173 0.109 0.176 0.183 0.000 0.000 0.000 0.000 0.000 0.000 0.000 0.402 0.354 0.361 0.438 0.467 0.497 0.459 0.429 0.371 0.298 0.255 0.000 0.000 0.000 0.000 0.000 0.000 0.000
0.000 0.000 0.000 0.000 0.000 0.000 0.000 0.000 0.000 0.000 0.002 0.003 0.004 0.004 0.004 0.004 0.001 0.213 0.181 0.145 0.168 0.263 0.270 0.234 0.218 0.140 0.124 0.127 0.000 0.000 0.000 0.000 0.000 0.000 0.000 0.000 0.000 0.000 0.000 0.000 0.000 0.000 0.016 0.070 0.080 0.085 0.137 0.114 0.150 0.184 0.218 0.251 0.000 0.000 0.000 0.000 0.000 0.000 0.269 0.291 0.398 0.401 0.453 0.477 0.481 0.437 0.427 0.388 0.321 0.280 0.000 0.000 0.000 0.000 0.000 0.000 0.000
0.000 0.000 0.000 0.000 0.000 0.000 0.000 0.000 0.000 0.002 0.003 0.004 0.005 0.006 0.006 0.006 0.005 0.000 0.000 0.176 0.172 0.170 0.184 0.179 0.158 0.141 0.148 0.144 0.129 0.126 0.000 0.000 0.000 0.000 0.000 0.000 0.000 0.000 0.000 0.003 0.020 0.031 0.078 0.118 0.130 0.133 0.164 0.167 0.164 0.208 0.000 0.000 0.000 0.000 0.000 0.000 0.000 0.000 0.288 0.281 0.353 0.418 0.492 0.520 0.497 0.453 0.420 0.382 0.278 0.247 0.000 0.000 0.000 0.000 0.000 0.000 0.000
0.000 0.000 0.000 0.000 0.000 0.000 0.000 0.000 0.002 0.003 0.005 0.006 0.007 0.007 0.008 0.008 0.008 0.008 0.007 0.001 0.193 0.193 0.190 0.184 0.168 0.164 0.173 0.175 0.169 0.175 0.172 0.000 0.000 0.000 0.000 0.000 0.000 0.000 0.000 0.000 0.000 0.060 0.117 0.177 0.189 0.188 0.210 0.227 0.222 0.000 0.000 0.000 0.000 0.000 0.000 0.000 0.000 0.000 0.318 0.357 0.378 0.404 0.488 0.505 0.470 0.439 0.404 0.301 0.225 0.205 0.000 0.000 0.000 0.000 0.000 0.000 0.000
