数据/2hours/0.1-2h-100y/coupled-115-0001.wd
ncols         694
nrows         824
xllcorner     581104.939801
yllcorner     3495917.092414
cellsize      2.000000
NODATA_value  -9999.000000
[rows 680 to 713 of 824, columns 154 to 230 of 694]
0.000 0.000 0.000 0.000 0.000 0.000 0.000 0.000 0.000 0.000 0.000 0.000 0.000 0.000 0.000 0.000 0.000 0.003 0.014 0.033 0.070 0.101 0.080 0.060 0.052 0.050 0.000 0.029 0.027 0.000 0.000 0.000 0.000 0.000 0.000 0.000 0.000 0.000 0.000 0.215 0.060 0.041 0.240 0.070 0.168 0.160 0.275 0.183 0.181 0.313 0.362 0.286 0.000 0.000 0.002 0.064 0.239 0.231 0.071 0.013 0.012 0.029 0.001 0.000 0.000 0.000 0.000 0.000 0.000 0.000 0.000 0.000 0.000 0.000 0.000 0.000 0.000
0.000 0.000 0.000 0.000 0.000 0.000 0.000 0.000 0.000 0.000 0.000 0.000 0.000 0.000 0.000 0.000 0.001 0.004 0.017 0.040 0.081 0.115 0.136 0.000 0.089 0.066 0.036 0.032 0.000 0.000 0.000 0.000 0.000 0.000 0.000 0.000 0.000 0.000 0.000 0.272 0.004 0.052 0.261 0.210 0.129 0.126 0.251 0.212 0.184 0.223 0.073 0.532 0.338 0.018 0.006 0.041 0.022 0.056 0.049 0.075 0.000 0.047 0.001 0.000 0.000 0.000 0.000 0.000 0.000 0.000 0.000 0.000 0.000 0.000 0.000 0.000 0.000
0.000 0.000 0.000 0.000 0.000 0.000 0.000 0.000 0.000 0.000 0.000 0.000 0.000 0.000 0.000 0.000 0.001 0.005 0.020 0.054 0.093 0.131 0.000 0.000 0.000 0.000 0.079 0.071 0.000 0.000 0.000 0.000 0.000 0.000 0.000 0.000 0.000 0.389 0.063 0.278 0.278 0.255 0.255 0.154 0.115 0.000 0.219 0.245 0.242 0.345 0.097 0.169 0.520 0.534 0.177 0.252 0.000 0.000 0.000 0.000 0.074 0.019 0.001 0.000 0.000 0.000 0.000 0.000 0.000 0.000 0.000 0.000 0.000 0.000 0.000 0.000 0.000
0.000 0.000 0.000 0.000 0.000 0.000 0.000 0.000 0.000 0.000 0.000 0.000 0.000 0.000 0.000 0.000 0.001 0.005 0.030 0.064 0.093 0.000 0.000 0.000 0.000 0.000 0.000 0.137 0.087 0.054 0.000 0.000 0.000 0.000 0.000 0.000 0.000 0.557 0.195 0.175 0.308 0.362 0.433 0.346 0.393 0.000 0.508 0.481 0.302 0.459 0.241 0.105 0.259 0.425 0.624 0.418 0.373 0.492 0.261 0.271 0.138 0.005 0.001 0.000 0.000 0.000 0.000 0.000 0.000 0.000 0.000 0.000 0.000 0.000 0.000 0.000 0.000
0.000 0.000 0.000 0.000 0.000 0.000 0.000 0.000 0.000 0.000 0.000 0.000 0.000 0.000 0.000 0.000 0.001 0.005 0.045 0.071 0.095 0.000 0.000 0.000 0.000 0.000 0.000 0.000 0.132 0.120 0.166 0.000 0.000 0.000 0.000 0.000 0.083 0.394 0.256 0.185 0.258 0.278 0.248 0.333 0.000 0.000 0.000 0.000 0.683 0.570 0.542 0.245 0.198 0.222 0.268 0.473 0.563 0.525 0.483 0.298 0.061 0.000 0.001 0.001 0.000 0.000 0.000 0.000 0.000 0.000 0.000 0.000 0.000 0.000 0.000 0.000 0.000
0.000 0.000 0.000 0.000 0.000 0.000 0.000 0.000 0.000 0.000 0.000 0.000 0.000 0.000 0.000 0.001 0.001 0.012 0.063 0.073 0.107 0.132 0.000 0.000 0.000 0.000 0.000 0.000 0.000 0.000 0.348 0.316 0.213 0.000 0.000 0.018 0.022 0.224 0.225 0.024 0.048 0.098 0.126 0.077 0.000 0.000 0.000 0.000 0.000 0.000 0.509 0.590 0.330 0.149 0.349 0.328 0.250 0.201 0.246 0.227 0.208 0.095 0.047 0.001 0.051 0.000 0.000 0.000 0.000 0.000 0.000 0.000 0.000 0.000 0.000 0.000 0.000
0.000 0.000 0.000 0.000 0.000 0.000 0.000 0.000 0.000 0.000 0.000 0.000 0.000 0.000 0.000 0.001 0.003 0.034 0.068 0.101 0.133 0.165 0.000 0.000 0.000 0.000 0.000 0.000 0.000 0.000 0.000 0.000 0.327 0.317 0.000 0.007 0.063 0.157 0.272 0.157 0.096 0.049 0.275 0.000 0.000 0.000 0.000 0.000 0.000 0.000 0.000 0.000 0.583 0.586 0.549 0.337 0.160 0.118 0.232 0.263 0.201 0.384 0.226 0.060 0.003 0.153 0.003 0.000 0.000 0.000 0.000 0.000 0.000 0.000 0.000 0.000 0.000
0.000 0.000 0.000 0.000 0.000 0.000 0.000 0.000 0.000 0.000 0.000 0.000 0.000 0.000 0.000 0.001 0.012 0.053 0.084 0.123 0.161 0.195 0.232 0.256 0.000 0.000 0.000 0.000 0.000 0.000 0.000 0.000 0.000 0.351 0.108 0.001 0.169 0.035 0.195 0.234 0.147 0.242 0.000 0.000 0.000 0.000 0.000 0.000 0.000 0.000 0.000 0.000 0.000 0.000 0.622 0.515 0.460 0.405 0.346 0.344 0.368 0.332 0.259 0.275 0.138 0.105 0.176 0.002 0.000 0.000 0.000 0.000 0.000 0.000 0.000 0.000 0.000
0.000 0.000 0.000 0.000 0.000 0.000 0.000 0.000 0.000 0.000 0.000 0.000 0.000 0.000 0.001 0.004 0.034 0.072 0.103 0.000 0.000 0.224 0.250 0.261 0.270 0.000 0.000 0.000 0.000 0.000 0.000 0.000 0.000 0.000 0.462 0.085 0.043 0.000 0.119 0.221 0.057 0.011 0.000 0.000 0.000 0.000 0.000 0.000 0.000 0.005 0.069 0.000 0.000 0.248 0.000 0.000 0.521 0.337 0.376 0.240 0.434 0.298 0.304 0.346 0.208 0.328 0.351 0.050 0.002 0.019 0.000 0.000 0.000 0.000 0.000 0.000 0.000
0.000 0.000 0.000 0.000 0.000 0.000 0.000 0.000 0.000 0.000 0.000 0.000 0.000 0.000 0.001 0.018 0.054 0.093 0.000 0.000 0.000 0.000 0.270 0.283 0.291 0.317 0.000 0.387 0.000 0.000 0.000 0.000 0.000 0.336 0.542 0.299 0.106 0.123 0.040 0.174 0.197 0.000 0.000 0.000 0.000 0.000 0.000 0.000 0.001 0.012 0.024 0.070 0.147 0.095 0.006 0.022 0.000 0.000 0.324 0.389 0.265 0.157 0.374 0.217 0.171 0.305 0.391 0.277 0.171 0.093 0.162 0.018 0.006 0.000 0.000 0.000 0.000
0.003 0.000 0.000 0.000 0.000 0.000 0.000 0.000 0.000 0.000 0.000 0.000 0.000 0.001 0.004 0.034 0.064 0.000 0.000 0.000 0.000 0.000 0.000 0.000 0.310 0.335 0.383 0.413 0.000 0.000 0.000 0.000 0.533 0.379 0.480 0.342 0.037 0.068 0.004 0.000 0.231 0.193 0.033 0.000 0.000 0.000 0.000 0.000 0.001 0.011 0.037 0.069 0.156 0.079 0.085 0.088 0.137 0.108 0.128 0.176 0.245 0.350 0.210 0.186 0.311 0.333 0.257 0.279 0.357 0.357 0.329 0.273 0.220 0.195 0.146 0.145 0.167
0.016 0.023 0.000 0.000 0.000 0.000 0.000 0.000 0.000 0.000 0.000 0.000 0.000 0.001 0.030 0.056 0.080 0.000 0.000 0.000 0.000 0.000 0.000 0.000 0.000 0.361 0.404 0.438 0.478 0.000 0.000 0.000 0.695 0.412 0.468 0.461 0.000 0.301 0.107 0.066 0.241 0.209 0.040 0.023 0.201 0.000 0.000 0.000 0.001 0.004 0.041 0.078 0.123 0.086 0.109 0.121 0.151 0.107 0.000 0.000 0.000 0.156 0.177 0.162 0.256 0.100 0.164 0.278 0.377 0.416 0.490 0.491 0.443 0.410 0.370 0.344 0.331
0.045 0.059 0.050 0.025 0.000 0.000 0.000 0.000 0.000 0.001 0.001 0.001 0.001 0.001 0.027 0.052 0.081 0.000 0.000 0.000 0.000 0.000 0.000 0.000 0.000 0.000 0.000 0.470 0.527 0.635 0.646 0.569 0.734 0.563 0.560 0.000 0.000 0.000 0.045 0.036 0.133 0.114 0.009 0.075 0.182 0.035 0.019 0.000 0.004 0.004 0.029 0.053 0.146 0.051 0.099 0.102 0.046 0.000 0.000 0.000 0.000 0.000 0.054 0.070 0.021 0.012 0.165 0.312 0.394 0.440 0.519 0.482 0.362 0.315 0.286 0.241 0.244
0.070 0.083 0.098 0.075 0.047 0.020 0.000 0.001 0.001 0.001 0.001 0.001 0.001 0.001 0.022 0.050 0.084 0.115 0.140 0.000 0.000 0.000 0.000 0.000 0.000 0.000 0.000 0.000 0.537 0.649 0.703 0.617 0.642 0.621 0.516 0.000 0.000 0.000 0.000 0.165 0.121 0.104 0.089 0.209 0.066 0.015 0.015 0.015 0.009 0.006 0.017 0.021 0.175 0.083 0.015 0.051 0.021 0.000 0.000 0.000 0.000 0.000 0.000 0.001 0.000 0.139 0.288 0.373 0.406 0.463 0.528 0.443 0.341 0.259 0.176 0.141 0.165
0.094 0.108 0.122 0.129 0.100 0.073 0.044 0.014 0.001 0.001 0.001 0.001 0.001 0.001 0.000 0.051 0.085 0.111 0.135 0.149 0.000 0.000 0.000 0.000 0.000 0.000 0.000 0.000 0.000 0.604 0.743 0.727 0.668 0.669 0.000 0.000 0.000 0.000 0.000 0.219 0.221 0.219 0.186 0.060 0.011 0.012 0.014 0.012 0.007 0.005 0.007 0.019 0.082 0.227 0.085 0.046 0.000 0.000 0.000 0.000 0.000 0.000 0.013 0.001 0.097 0.216 0.275 0.322 0.384 0.496 0.518 0.410 0.340 0.242 0.149 0.088 0.073
0.119 0.133 0.146 0.161 0.154 0.126 0.097 0.069 0.040 0.009 0.001 0.001 0.001 0.000 0.000 0.000 0.000 0.108 0.132 0.151 0.182 0.000 0.000 0.000 0.000 0.000 0.000 0.000 0.519 0.555 0.653 0.721 0.713 0.000 0.000 0.000 0.000 0.000 0.369 0.288 0.297 0.158 0.035 0.006 0.008 0.013 0.011 0.007 0.004 0.003 0.004 0.021 0.033 0.096 0.178 0.223 0.000 0.000 0.000 0.000 0.000 0.000 0.003 0.084 0.208 0.278 0.333 0.416 0.519 0.571 0.475 0.368 0.297 0.260 0.143 0.083 0.004
0.143 0.157 0.171 0.185 0.199 0.181 0.153 0.124 0.096 0.067 0.023 0.001 0.000 0.000 0.000 0.000 0.000 0.000 0.000 0.148 0.193 0.239 0.285 0.000 0.000 0.000 0.000 0.000 0.510 0.539 0.563 0.600 0.633 0.000 0.000 0.000 0.000 0.000 0.000 0.321 0.183 0.068 0.032 0.013 0.013 0.008 0.005 0.004 0.003 0.002 0.002 0.016 0.002 0.041 0.109 0.142 0.000 0.000 0.000 0.000 0.000 0.000 0.123 0.210 0.289 0.361 0.439 0.509 0.530 0.495 0.394 0.334 0.319 0.216 0.156 0.100 0.001
0.168 0.182 0.196 0.210 0.224 0.235 0.207 0.178 0.150 0.118 0.064 0.002 0.000 0.000 0.000 0.000 0.000 0.000 0.000 0.152 0.196 0.246 0.290 0.322 0.000 0.000 0.000 0.449 0.495 0.520 0.526 0.536 0.000 0.000 0.000 0.000 0.000 0.000 0.000 0.000 0.000 0.064 0.049 0.042 0.027 0.017 0.001 0.001 0.001 0.001 0.001 0.003 0.028 0.029 0.069 0.102 0.000 0.000 0.000 0.000 0.000 0.000 0.302 0.362 0.414 0.461 0.490 0.487 0.472 0.447 0.417 0.394 0.247 0.200 0.158 0.100 0.000
0.198 0.210 0.222 0.235 0.249 0.263 0.261 0.233 0.205 0.162 0.107 0.000 0.000 0.000 0.000 0.000 0.000 0.000 0.000 0.000 0.000 0.000 0.307 0.330 0.356 0.390 0.419 0.454 0.478 0.489 0.497 0.000 0.000 0.000 0.000 0.000 0.000 0.000 0.000 0.000 0.000 0.083 0.070 0.064 0.050 0.034 0.012 0.001 0.001 0.001 0.001 0.001 0.019 0.033 0.040 0.083 0.000 0.000 0.000 0.000 0.000 0.000 0.344 0.360 0.386 0.423 0.449 0.459 0.487 0.451 0.385 0.313 0.259 0.204 0.142 0.089 0.000
0.229 0.240 0.251 0.263 0.275 0.288 0.302 0.288 0.260 0.207 0.000 0.000 0.000 0.000 0.000 0.000 0.000 0.000 0.000 0.000 0.000 0.000 0.316 0.331 0.352 0.389 0.419 0.452 0.448 0.455 0.462 0.000 0.000 0.000 0.000 0.000 0.000 0.000 0.000 0.000 0.000 0.100 0.000 0.082 0.066 0.050 0.031 0.011 0.001 0.000 0.000 0.000 0.001 0.061 0.074 0.102 0.000 0.000 0.000 0.000 0.000 0.198 0.238 0.262 0.299 0.351 0.396 0.432 0.463 0.400 0.349 0.313 0.331 0.188 0.158 0.073 0.000
0.259 0.270 0.282 0.293 0.305 0.316 0.328 0.342 0.305 0.251 0.198 0.144 0.000 0.000 0.000 0.000 0.000 0.000 0.000 0.000 0.000 0.000 0.000 0.000 0.346 0.397 0.425 0.436 0.435 0.427 0.000 0.000 0.000 0.000 0.000 0.000 0.000 0.000 0.000 0.000 0.000 0.000 0.000 0.000 0.000 0.065 0.044 0.026 0.010 0.001 0.001 0.001 0.003 0.012 0.103 0.120 0.000 0.000 0.000 0.000 0.000 0.221 0.216 0.241 0.292 0.360 0.414 0.455 0.450 0.385 0.344 0.333 0.262 0.257 0.148 0.072 0.000
0.289 0.300 0.312 0.323 0.335 0.346 0.359 0.369 0.346 0.295 0.242 0.188 0.135 0.000 0.000 0.000 0.000 0.000 0.000 0.000 0.000 0.000 0.000 0.000 0.000 0.402 0.431 0.415 0.420 0.000 0.000 0.000 0.000 0.000 0.000 0.000 0.000 0.000 0.000 0.000 0.000 0.000 0.000 0.000 0.000 0.000 0.059 0.044 0.017 0.010 0.007 0.004 0.018 0.000 0.000 0.104 0.000 0.000 0.000 0.000 0.000 0.220 0.236 0.270 0.316 0.369 0.419 0.459 0.421 0.369 0.336 0.287 0.239 0.146 0.000 0.000 0.000
0.000 0.330 0.342 0.353 0.365 0.376 0.388 0.376 0.350 0.325 0.286 0.232 0.179 0.126 0.074 0.000 0.000 0.000 0.000 0.000 0.000 0.000 0.000 0.000 0.000 0.403 0.404 0.398 0.400 0.000 0.000 0.000 0.000 0.000 0.000 0.000 0.000 0.000 0.000 0.000 0.000 0.000 0.000 0.000 0.000 0.000 0.000 0.000 0.019 0.014 0.009 0.007 0.000 0.000 0.000 0.000 0.000 0.000 0.000 0.000 0.000 0.195 0.248 0.298 0.341 0.391 0.433 0.456 0.388 0.341 0.303 0.258 0.161 0.000 0.000 0.000 0.000
0.000 0.000 0.372 0.383 0.395 0.406 0.399 0.379 0.353 0.328 0.303 0.276 0.222 0.169 0.116 0.062 0.000 0.000 0.000 0.000 0.000 0.000 0.000 0.000 0.351 0.385 0.390 0.366 0.000 0.000 0.000 0.000 0.000 0.000 0.000 0.000 0.000 0.000 0.000 0.000 0.000 0.000 0.000 0.000 0.000 0.000 0.000 0.000 0.000 0.011 0.009 0.009 0.000 0.000 0.000 0.000 0.000 0.000 0.000 0.000 0.160 0.198 0.223 0.289 0.365 0.421 0.450 0.436 0.371 0.335 0.294 0.218 0.000 0.000 0.000 0.000 0.000
0.000 0.000 0.000 0.413 0.424 0.418 0.409 0.383 0.357 0.331 0.306 0.280 0.254 0.213 0.161 0.109 0.054 0.000 0.000 0.000 0.000 0.000 0.000 0.311 0.350 0.378 0.394 0.000 0.000 0.000 0.000 0.000 0.000 0.000 0.000 0.000 0.000 0.000 0.000 0.000 0.000 0.000 0.000 0.000 0.000 0.000 0.000 0.000 0.000 0.009 0.008 0.010 0.000 0.000 0.000 0.000 0.000 0.000 0.000 0.000 0.189 0.223 0.219 0.276 0.346 0.395 0.422 0.387 0.334 0.302 0.249 0.191 0.000 0.000 0.000 0.000 0.000
0.000 0.000 0.000 0.000 0.438 0.429 0.412 0.386 0.360 0.335 0.309 0.283 0.259 0.236 0.209 0.157 0.106 0.064 0.014 0.000 0.000 0.000 0.000 0.303 0.326 0.339 0.000 0.000 0.000 0.000 0.000 0.000 0.000 0.000 0.000 0.000 0.000 0.000 0.000 0.000 0.000 0.000 0.000 0.000 0.000 0.000 0.000 0.000 0.000 0.007 0.008 0.011 0.000 0.000 0.000 0.000 0.000 0.000 0.000 0.000 0.255 0.246 0.240 0.283 0.323 0.359 0.394 0.342 0.294 0.247 0.228 0.262 0.000 0.000 0.000 0.000 0.000
0.000 0.000 0.000 0.000 0.000 0.440 0.416 0.390 0.364 0.338 0.312 0.286 0.263 0.241 0.218 0.193 0.150 0.103 0.062 0.054 0.000 0.000 0.229 0.269 0.285 0.294 0.000 0.000 0.000 0.000 0.000 0.000 0.000 0.000 0.000 0.000 0.000 0.000 0.000 0.000 0.000 0.000 0.000 0.000 0.000 0.000 0.000 0.000 0.000 0.006 0.008 0.009 0.006 0.000 0.000 0.000 0.000 0.000 0.000 0.000 0.279 0.283 0.298 0.311 0.336 0.369 0.370 0.328 0.294 0.267 0.261 0.000 0.000 0.000 0.000 0.000 0.000
0.000 0.000 0.000 0.000 0.000 0.000 0.000 0.394 0.367 0.341 0.315 0.289 0.266 0.244 0.223 0.200 0.176 0.156 0.119 0.081 0.112 0.162 0.209 0.234 0.254 0.000 0.000 0.000 0.000 0.000 0.000 0.000 0.000 0.000 0.000 0.000 0.000 0.000 0.000 0.000 0.000 0.000 0.000 0.000 0.000 0.000 0.000 0.000 0.000 0.005 0.007 0.009 0.010 0.000 0.000 0.000 0.000 0.000 0.000 0.139 0.223 0.289 0.324 0.350 0.375 0.405 0.376 0.330 0.291 0.244 0.161 0.000 0.000 0.000 0.000 0.000 0.000
0.000 0.000 0.000 0.000 0.000 0.000 0.000 0.000 0.371 0.345 0.318 0.291 0.268 0.247 0.228 0.204 0.185 0.173 0.165 0.129 0.111 0.153 0.174 0.183 0.000 0.000 0.000 0.000 0.000 0.000 0.000 0.000 0.000 0.000 0.000 0.000 0.000 0.000 0.000 0.000 0.000 0.000 0.000 0.000 0.000 0.000 0.000 0.000 0.000 0.005 0.008 0.014 0.030 0.000 0.000 0.000 0.000 0.000 0.000 0.138 0.195 0.242 0.302 0.351 0.392 0.418 0.363 0.313 0.249 0.171 0.100 0.000 0.000 0.000 0.000 0.000 0.000
0.000 0.000 0.000 0.000 0.000 0.000 0.000 0.000 0.000 0.348 0.321 0.293 0.000 0.000 0.233 0.207 0.191 0.175 0.168 0.152 0.113 0.132 0.135 0.137 0.127 0.133 0.000 0.000 0.000 0.000 0.000 0.000 0.000 0.000 0.000 0.000 0.000 0.000 0.000 0.000 0.000 0.000 0.000 0.000 0.000 0.000 0.000 0.000 0.000 0.007 0.012 0.021 0.000 0.000 0.000 0.000 0.000 0.000 0.000 0.150 0.189 0.224 0.267 0.316 0.363 0.369 0.309 0.247 0.170 0.107 0.042 0.000 0.000 0.000 0.000 0.000 0.000
0.000 0.000 0.000 0.000 0.000 0.000 0.000 0.000 0.000 0.000 0.000 0.001 0.002 0.002 0.000 0.001 0.199 0.179 0.164 0.159 0.136 0.127 0.123 0.119 0.114 0.115 0.100 0.000 0.000 0.000 0.000 0.000 0.000 0.000 0.000 0.000 0.000 0.000 0.000 0.000 0.000 0.000 0.000 0.000 0.000 0.000 0.000 0.009 0.020 0.030 0.040 0.050 0.000 0.000 0.000 0.000 0.000 0.000 0.000 0.175 0.199 0.222 0.259 0.294 0.337 0.315 0.251 0.192 0.142 0.088 0.000 0.000 0.000 0.000 0.000 0.000 0.000
0.000 0.000 0.000 0.000 0.000 0.000 0.000 0.000 0.000 0.000 0.002 0.003 0.004 0.004 0.004 0.004 0.001 0.182 0.159 0.143 0.147 0.154 0.145 0.137 0.130 0.126 0.110 0.100 0.000 0.000 0.000 0.000 0.000 0.000 0.000 0.000 0.000 0.000 0.000 0.000 0.000 0.000 0.000 0.000 0.004 0.028 0.034 0.046 0.056 0.068 0.076 0.088 0.000 0.000 0.000 0.000 0.000 0.000 0.199 0.200 0.216 0.233 0.263 0.296 0.327 0.277 0.214 0.160 0.105 0.046 0.000 0.000 0.000 0.000 0.000 0.000 0.000
0.000 0.000 0.000 0.000 0.000 0.000 0.000 0.000 0.000 0.002 0.003 0.004 0.005 0.006 0.006 0.006 0.005 0.000 0.000 0.154 0.153 0.162 0.161 0.158 0.147 0.136 0.122 0.116 0.112 0.108 0.000 0.000 0.000 0.000 0.000 0.000 0.000 0.000 0.000 0.000 0.000 0.001 0.031 0.051 0.058 0.071 0.082 0.090 0.100 0.115 0.000 0.000 0.000 0.000 0.000 0.000 0.000 0.000 0.225 0.227 0.246 0.263 0.278 0.303 0.299 0.246 0.191 0.136 0.078 0.018 0.000 0.000 0.000 0.000 0.000 0.000 0.000
0.000 0.000 0.000 0.000 0.000 0.000 0.000 0.000 0.002 0.003 0.004 0.005 0.006 0.007 0.008 0.008 0.008 0.008 0.007 0.001 0.166 0.170 0.166 0.157 0.152 0.146 0.137 0.132 0.127 0.125 0.119 0.000 0.000 0.000 0.000 0.000 0.000 0.000 0.000 0.000 0.000 0.026 0.065 0.113 0.123 0.134 0.145 0.155 0.166 0.000 0.000 0.000 0.000 0.000 0.000 0.000 0.000 0.000 0.268 0.280 0.287 0.313 0.318 0.321 0.286 0.217 0.164 0.109 0.046 0.000 0.000 0.000 0.000 0.000 0.000 0.000 0.000
