数据/2hours/0.1-2h-100y/coupled-153-0001.wd
ncols         694
nrows         824
xllcorner     581104.939801
yllcorner     3495917.092414
cellsize      2.000000
NODATA_value  -9999.000000
[rows 408 to 441 of 824, columns 385 to 461 of 694]
0.000 0.000 0.000 0.000 0.000 0.000 0.000 0.000 0.000 0.000 0.000 0.000 0.000 0.000 0.000 0.000 0.000 0.000 0.000 0.000 0.000 0.000 0.000 0.000 0.000 0.000 0.000 0.000 0.000 0.000 0.000 0.000 0.017 0.027 0.036 0.042 0.053 0.049 0.043 0.050 0.052 0.050 0.053 0.000 0.000 0.000 0.000 0.000 0.000 0.000 0.028 0.028 0.028 0.028 0.028 0.024 0.021 0.016 0.011 0.007 0.002 0.001 0.001 0.000 0.000 0.000 0.000 0.000 0.000 0.000 0.000 0.000 0.000 0.000 0.000 0.000 0.000
0.000 0.000 0.000 0.000 0.000 0.000 0.000 0.000 0.000 0.000 0.000 0.000 0.000 0.000 0.000 0.000 0.000 0.000 0.000 0.000 0.000 0.000 0.000 0.000 0.000 0.000 0.000 0.000 0.000 0.000 0.000 0.008 0.018 0.029 0.037 0.047 0.052 0.052 0.049 0.052 0.051 0.051 0.054 0.000 0.000 0.000 0.000 0.000 0.000 0.027 0.028 0.027 0.027 0.027 0.027 0.027 0.028 0.023 0.018 0.014 0.009 0.005 0.001 0.001 0.000 0.000 0.000 0.000 0.000 0.000 0.000 0.000 0.000 0.000 0.000 0.000 0.000
0.000 0.000 0.000 0.000 0.000 0.000 0.000 0.000 0.000 0.000 0.000 0.000 0.000 0.000 0.000 0.000 0.000 0.000 0.000 0.000 0.000 0.000 0.000 0.000 0.000 0.000 0.000 0.000 0.000 0.000 0.000 0.009 0.020 0.031 0.039 0.047 0.053 0.050 0.050 0.053 0.056 0.053 0.050 0.000 0.000 0.000 0.000 0.000 0.000 0.028 0.027 0.027 0.028 0.027 0.027 0.027 0.027 0.027 0.026 0.021 0.016 0.012 0.007 0.002 0.001 0.001 0.000 0.000 0.000 0.000 0.000 0.000 0.000 0.000 0.000 0.000 0.000
0.000 0.000 0.000 0.000 0.000 0.000 0.000 0.000 0.000 0.000 0.000 0.000 0.000 0.000 0.000 0.000 0.000 0.000 0.000 0.000 0.000 0.000 0.000 0.000 0.000 0.000 0.000 0.000 0.000 0.000 0.000 0.011 0.022 0.032 0.042 0.050 0.051 0.051 0.049 0.053 0.053 0.050 0.053 0.000 0.000 0.000 0.000 0.000 0.000 0.027 0.027 0.027 0.028 0.027 0.027 0.028 0.027 0.027 0.027 0.026 0.024 0.019 0.014 0.009 0.005 0.001 0.001 0.000 0.000 0.000 0.000 0.000 0.000 0.000 0.000 0.000 0.000
0.000 0.000 0.000 0.000 0.000 0.000 0.000 0.000 0.000 0.000 0.000 0.000 0.000 0.000 0.000 0.000 0.000 0.000 0.000 0.000 0.000 0.000 0.000 0.000 0.000 0.000 0.000 0.000 0.000 0.000 0.000 0.013 0.023 0.035 0.041 0.054 0.051 0.052 0.048 0.053 0.052 0.055 0.000 0.000 0.000 0.000 0.000 0.000 0.000 0.027 0.028 0.027 0.028 0.027 0.027 0.027 0.027 0.027 0.026 0.026 0.026 0.026 0.021 0.017 0.012 0.007 0.002 0.001 0.001 0.000 0.000 0.000 0.000 0.000 0.000 0.000 0.000
0.000 0.000 0.000 0.000 0.000 0.000 0.000 0.000 0.000 0.000 0.000 0.000 0.000 0.000 0.000 0.000 0.000 0.000 0.000 0.000 0.000 0.000 0.000 0.000 0.000 0.000 0.000 0.000 0.000 0.000 0.008 0.017 0.025 0.037 0.044 0.053 0.051 0.051 0.050 0.049 0.050 0.051 0.000 0.000 0.000 0.000 0.000 0.000 0.027 0.027 0.027 0.028 0.028 0.027 0.027 0.027 0.027 0.027 0.026 0.026 0.026 0.026 0.025 0.023 0.019 0.014 0.009 0.004 0.001 0.001 0.000 0.000 0.000 0.000 0.000 0.000 0.000
0.000 0.000 0.000 0.000 0.000 0.000 0.000 0.000 0.000 0.000 0.000 0.000 0.000 0.000 0.000 0.000 0.000 0.000 0.000 0.000 0.000 0.000 0.000 0.000 0.000 0.000 0.000 0.000 0.000 0.000 0.011 0.020 0.026 0.036 0.049 0.053 0.053 0.051 0.049 0.049 0.052 0.054 0.000 0.000 0.000 0.000 0.000 0.000 0.028 0.027 0.028 0.027 0.027 0.027 0.027 0.027 0.027 0.027 0.026 0.026 0.026 0.025 0.025 0.025 0.024 0.021 0.016 0.011 0.006 0.002 0.001 0.000 0.000 0.000 0.000 0.000 0.000
0.000 0.000 0.000 0.000 0.000 0.000 0.000 0.000 0.000 0.000 0.000 0.000 0.000 0.000 0.000 0.000 0.000 0.000 0.000 0.000 0.000 0.000 0.000 0.000 0.000 0.000 0.000 0.000 0.000 0.000 0.014 0.023 0.029 0.036 0.048 0.054 0.054 0.052 0.052 0.051 0.051 0.000 0.000 0.000 0.000 0.000 0.000 0.000 0.027 0.027 0.028 0.027 0.027 0.027 0.027 0.027 0.027 0.026 0.026 0.026 0.025 0.025 0.025 0.025 0.024 0.024 0.023 0.018 0.013 0.008 0.003 0.001 0.001 0.000 0.000 0.000 0.000
0.000 0.000 0.000 0.000 0.000 0.000 0.000 0.000 0.000 0.000 0.000 0.000 0.000 0.000 0.000 0.000 0.000 0.000 0.000 0.000 0.000 0.000 0.000 0.000 0.000 0.000 0.000 0.000 0.000 0.000 0.015 0.025 0.031 0.037 0.048 0.053 0.052 0.052 0.052 0.050 0.050 0.000 0.000 0.000 0.000 0.000 0.000 0.027 0.028 0.027 0.028 0.027 0.028 0.027 0.027 0.027 0.026 0.026 0.026 0.026 0.025 0.025 0.025 0.024 0.024 0.023 0.023 0.022 0.020 0.015 0.010 0.005 0.001 0.001 0.000 0.000 0.000
0.000 0.000 0.000 0.000 0.000 0.000 0.000 0.000 0.000 0.000 0.000 0.000 0.000 0.000 0.000 0.000 0.000 0.000 0.000 0.000 0.000 0.000 0.000 0.000 0.000 0.000 0.000 0.000 0.001 0.008 0.017 0.026 0.034 0.040 0.049 0.051 0.049 0.051 0.050 0.049 0.049 0.000 0.000 0.000 0.000 0.000 0.000 0.027 0.028 0.028 0.027 0.027 0.027 0.027 0.027 0.027 0.026 0.026 0.026 0.025 0.025 0.024 0.024 0.024 0.023 0.023 0.023 0.022 0.021 0.021 0.017 0.012 0.007 0.002 0.001 0.000 0.000
0.000 0.000 0.000 0.000 0.000 0.000 0.000 0.000 0.000 0.000 0.000 0.000 0.000 0.000 0.000 0.000 0.000 0.000 0.000 0.000 0.000 0.000 0.000 0.000 0.000 0.000 0.000 0.000 0.002 0.010 0.018 0.028 0.036 0.043 0.051 0.050 0.050 0.049 0.050 0.050 0.051 0.000 0.000 0.000 0.000 0.000 0.000 0.028 0.028 0.029 0.027 0.027 0.027 0.027 0.026 0.027 0.026 0.026 0.026 0.025 0.025 0.025 0.024 0.023 0.023 0.022 0.022 0.022 0.021 0.020 0.019 0.019 0.014 0.009 0.003 0.001 0.000
0.000 0.000 0.000 0.000 0.000 0.000 0.000 0.000 0.000 0.000 0.000 0.000 0.000 0.000 0.000 0.000 0.000 0.000 0.000 0.000 0.000 0.000 0.000 0.000 0.000 0.000 0.000 0.000 0.003 0.012 0.019 0.028 0.036 0.045 0.052 0.051 0.051 0.051 0.050 0.051 0.051 0.000 0.000 0.000 0.000 0.000 0.000 0.028 0.028 0.027 0.028 0.028 0.028 0.027 0.027 0.027 0.026 0.025 0.025 0.025 0.024 0.024 0.024 0.023 0.023 0.022 0.022 0.021 0.020 0.020 0.019 0.019 0.018 0.015 0.010 0.005 0.001
0.000 0.000 0.000 0.000 0.000 0.000 0.000 0.000 0.000 0.000 0.000 0.000 0.000 0.000 0.000 0.000 0.000 0.000 0.000 0.000 0.000 0.000 0.000 0.000 0.000 0.000 0.000 0.000 0.005 0.013 0.020 0.030 0.039 0.048 0.053 0.052 0.053 0.052 0.051 0.050 0.052 0.000 0.000 0.000 0.000 0.000 0.028 0.028 0.029 0.028 0.028 0.027 0.027 0.027 0.027 0.026 0.026 0.025 0.025 0.025 0.024 0.024 0.023 0.023 0.022 0.022 0.021 0.021 0.021 0.019 0.019 0.018 0.017 0.016 0.016 0.011 0.006
0.000 0.000 0.000 0.000 0.000 0.000 0.000 0.000 0.000 0.000 0.000 0.000 0.000 0.000 0.000 0.000 0.000 0.000 0.000 0.000 0.000 0.000 0.000 0.000 0.000 0.000 0.000 0.000 0.008 0.014 0.023 0.031 0.040 0.049 0.052 0.053 0.053 0.053 0.052 0.051 0.052 0.000 0.000 0.000 0.000 0.000 0.028 0.028 0.028 0.028 0.028 0.028 0.028 0.028 0.027 0.026 0.025 0.025 0.025 0.025 0.024 0.023 0.023 0.022 0.022 0.021 0.021 0.020 0.019 0.019 0.018 0.017 0.016 0.016 0.015 0.014 0.012
0.000 0.000 0.000 0.000 0.000 0.000 0.000 0.000 0.000 0.000 0.000 0.000 0.000 0.000 0.000 0.000 0.000 0.000 0.000 0.000 0.000 0.000 0.000 0.000 0.000 0.000 0.000 0.001 0.009 0.015 0.026 0.032 0.041 0.051 0.052 0.053 0.054 0.053 0.053 0.052 0.052 0.000 0.000 0.000 0.000 0.000 0.029 0.028 0.028 0.028 0.028 0.028 0.028 0.027 0.027 0.026 0.026 0.025 0.025 0.025 0.024 0.023 0.022 0.022 0.021 0.020 0.020 0.019 0.019 0.018 0.017 0.016 0.016 0.015 0.014 0.013 0.012
0.000 0.000 0.000 0.000 0.000 0.000 0.000 0.000 0.000 0.000 0.000 0.000 0.000 0.000 0.000 0.000 0.000 0.000 0.000 0.000 0.000 0.000 0.000 0.000 0.000 0.000 0.000 0.002 0.009 0.017 0.026 0.035 0.043 0.052 0.053 0.053 0.053 0.052 0.052 0.052 0.050 0.048 0.049 0.000 0.000 0.000 0.000 0.000 0.029 0.029 0.029 0.028 0.028 0.027 0.027 0.026 0.025 0.025 0.024 0.023 0.023 0.023 0.022 0.021 0.021 0.020 0.020 0.019 0.018 0.017 0.016 0.015 0.015 0.014 0.013 0.012 0.011
0.000 0.000 0.000 0.000 0.000 0.000 0.000 0.000 0.000 0.000 0.000 0.000 0.000 0.000 0.000 0.000 0.000 0.000 0.000 0.000 0.000 0.000 0.000 0.000 0.000 0.000 0.000 0.004 0.011 0.018 0.028 0.038 0.046 0.052 0.053 0.053 0.052 0.052 0.052 0.051 0.049 0.048 0.046 0.043 0.041 0.040 0.000 0.031 0.030 0.030 0.029 0.029 0.028 0.027 0.026 0.026 0.025 0.025 0.024 0.024 0.023 0.022 0.021 0.021 0.020 0.019 0.018 0.018 0.017 0.016 0.015 0.014 0.014 0.013 0.012 0.011 0.009
0.000 0.000 0.000 0.000 0.000 0.000 0.000 0.000 0.000 0.000 0.000 0.000 0.000 0.000 0.000 0.000 0.000 0.000 0.000 0.000 0.000 0.000 0.000 0.000 0.000 0.000 0.000 0.005 0.012 0.021 0.030 0.039 0.048 0.055 0.054 0.053 0.053 0.051 0.051 0.051 0.049 0.047 0.045 0.043 0.041 0.039 0.036 0.033 0.031 0.030 0.029 0.029 0.028 0.027 0.026 0.026 0.025 0.024 0.024 0.023 0.022 0.022 0.021 0.020 0.019 0.018 0.018 0.017 0.016 0.015 0.014 0.014 0.013 0.012 0.010 0.009 0.007
0.000 0.000 0.000 0.000 0.000 0.000 0.000 0.000 0.000 0.000 0.000 0.000 0.000 0.000 0.000 0.000 0.000 0.000 0.000 0.000 0.000 0.000 0.000 0.000 0.000 0.000 0.000 0.006 0.014 0.023 0.031 0.041 0.050 0.057 0.054 0.052 0.052 0.053 0.052 0.051 0.000 0.045 0.045 0.042 0.040 0.038 0.035 0.033 0.031 0.030 0.029 0.028 0.028 0.027 0.026 0.025 0.025 0.024 0.023 0.022 0.022 0.021 0.020 0.019 0.018 0.018 0.017 0.016 0.015 0.014 0.013 0.012 0.011 0.010 0.008 0.006 0.006
0.000 0.000 0.000 0.000 0.000 0.000 0.000 0.000 0.000 0.000 0.000 0.000 0.000 0.000 0.000 0.000 0.000 0.000 0.000 0.000 0.000 0.000 0.000 0.000 0.000 0.000 0.000 0.007 0.016 0.026 0.033 0.042 0.051 0.053 0.053 0.052 0.052 0.052 0.053 0.000 0.000 0.000 0.000 0.000 0.038 0.037 0.034 0.033 0.031 0.030 0.029 0.029 0.028 0.027 0.026 0.025 0.024 0.023 0.022 0.022 0.021 0.020 0.019 0.018 0.018 0.017 0.016 0.015 0.014 0.013 0.012 0.010 0.009 0.007 0.006 0.006 0.006
0.000 0.000 0.000 0.000 0.000 0.000 0.000 0.000 0.000 0.000 0.000 0.000 0.000 0.000 0.000 0.000 0.000 0.000 0.000 0.000 0.000 0.000 0.000 0.000 0.000 0.000 0.002 0.009 0.017 0.027 0.035 0.043 0.052 0.051 0.051 0.050 0.052 0.052 0.000 0.000 0.000 0.000 0.000 0.000 0.000 0.000 0.032 0.031 0.030 0.030 0.029 0.028 0.027 0.026 0.026 0.025 0.024 0.023 0.022 0.021 0.020 0.019 0.018 0.017 0.017 0.016 0.015 0.014 0.012 0.011 0.009 0.007 0.007 0.006 0.007 0.008 0.011
0.000 0.000 0.000 0.000 0.000 0.000 0.000 0.000 0.000 0.000 0.000 0.000 0.000 0.000 0.000 0.000 0.000 0.000 0.000 0.000 0.000 0.000 0.000 0.000 0.000 0.000 0.003 0.011 0.018 0.028 0.035 0.045 0.051 0.051 0.051 0.050 0.051 0.050 0.000 0.000 0.000 0.000 0.000 0.000 0.000 0.000 0.031 0.031 0.030 0.029 0.029 0.028 0.027 0.026 0.025 0.024 0.023 0.022 0.021 0.020 0.019 0.018 0.017 0.017 0.016 0.015 0.013 0.012 0.010 0.008 0.007 0.007 0.007 0.008 0.010 0.015 0.021
0.000 0.000 0.000 0.000 0.000 0.000 0.000 0.000 0.000 0.000 0.000 0.000 0.000 0.000 0.000 0.000 0.000 0.000 0.000 0.000 0.000 0.000 0.000 0.000 0.000 0.000 0.003 0.013 0.020 0.030 0.037 0.046 0.051 0.052 0.050 0.050 0.049 0.000 0.000 0.000 0.000 0.000 0.030 0.030 0.030 0.030 0.030 0.030 0.030 0.029 0.028 0.027 0.027 0.026 0.025 0.024 0.022 0.021 0.020 0.019 0.018 0.018 0.016 0.015 0.014 0.013 0.011 0.009 0.007 0.007 0.007 0.008 0.010 0.014 0.020 0.027 0.034
0.000 0.000 0.000 0.000 0.000 0.000 0.000 0.000 0.000 0.000 0.000 0.000 0.000 0.000 0.000 0.000 0.000 0.000 0.000 0.000 0.000 0.000 0.000 0.000 0.000 0.000 0.005 0.013 0.022 0.030 0.039 0.047 0.051 0.052 0.050 0.050 0.049 0.000 0.000 0.000 0.000 0.000 0.000 0.030 0.030 0.030 0.030 0.030 0.029 0.029 0.028 0.027 0.026 0.025 0.024 0.023 0.022 0.021 0.020 0.019 0.017 0.016 0.015 0.013 0.012 0.010 0.007 0.008 0.008 0.008 0.010 0.013 0.019 0.026 0.033 0.040 0.047
0.000 0.000 0.000 0.000 0.000 0.000 0.000 0.000 0.000 0.000 0.000 0.000 0.000 0.000 0.000 0.000 0.000 0.000 0.000 0.000 0.000 0.000 0.000 0.000 0.000 0.000 0.007 0.014 0.023 0.030 0.040 0.048 0.052 0.052 0.051 0.050 0.050 0.000 0.000 0.000 0.000 0.000 0.000 0.000 0.000 0.000 0.029 0.029 0.029 0.029 0.028 0.027 0.026 0.025 0.024 0.023 0.021 0.020 0.019 0.017 0.016 0.014 0.013 0.011 0.008 0.008 0.008 0.008 0.010 0.013 0.018 0.024 0.032 0.038 0.046 0.053 0.057
0.000 0.000 0.000 0.000 0.000 0.000 0.000 0.000 0.000 0.000 0.000 0.000 0.000 0.000 0.000 0.000 0.000 0.000 0.000 0.000 0.000 0.000 0.000 0.000 0.000 0.001 0.007 0.016 0.024 0.033 0.041 0.050 0.051 0.052 0.052 0.050 0.000 0.000 0.000 0.000 0.000 0.000 0.000 0.000 0.000 0.000 0.000 0.000 0.028 0.028 0.027 0.026 0.025 0.024 0.023 0.022 0.020 0.019 0.017 0.015 0.014 0.012 0.009 0.008 0.008 0.009 0.010 0.012 0.017 0.023 0.030 0.038 0.044 0.052 0.059 0.067 0.065
0.001 0.000 0.000 0.000 0.000 0.001 0.001 0.001 0.001 0.001 0.000 0.000 0.000 0.000 0.000 0.000 0.000 0.000 0.000 0.000 0.000 0.000 0.000 0.000 0.000 0.001 0.008 0.016 0.025 0.035 0.043 0.051 0.051 0.051 0.052 0.052 0.000 0.000 0.000 0.000 0.000 0.000 0.000 0.000 0.000 0.000 0.000 0.000 0.000 0.000 0.000 0.025 0.025 0.024 0.022 0.021 0.019 0.017 0.015 0.013 0.010 0.009 0.009 0.009 0.010 0.012 0.016 0.022 0.029 0.036 0.043 0.050 0.058 0.065 0.073 0.077 0.072
0.008 0.004 0.002 0.001 0.001 0.001 0.001 0.001 0.001 0.001 0.001 0.001 0.001 0.001 0.001 0.001 0.001 0.000 0.001 0.000 0.000 0.000 0.000 0.000 0.000 0.002 0.010 0.016 0.028 0.038 0.046 0.052 0.054 0.053 0.052 0.053 0.000 0.000 0.000 0.000 0.000 0.000 0.000 0.000 0.000 0.000 0.000 0.000 0.000 0.000 0.000 0.000 0.000 0.000 0.021 0.020 0.017 0.014 0.011 0.010 0.010 0.010 0.010 0.012 0.016 0.021 0.028 0.035 0.042 0.050 0.057 0.064 0.071 0.079 0.086 0.085 0.081
0.019 0.014 0.009 0.005 0.002 0.001 0.001 0.001 0.001 0.001 0.001 0.001 0.001 0.001 0.001 0.001 0.001 0.001 0.001 0.001 0.001 0.000 0.000 0.000 0.000 0.003 0.012 0.019 0.030 0.039 0.047 0.053 0.055 0.053 0.054 0.053 0.000 0.000 0.000 0.000 0.000 0.000 0.000 0.000 0.000 0.000 0.000 0.000 0.000 0.000 0.000 0.000 0.000 0.000 0.000 0.000 0.011 0.010 0.010 0.010 0.011 0.012 0.015 0.020 0.027 0.034 0.041 0.048 0.056 0.062 0.070 0.077 0.085 0.092 0.097 0.093 0.088
0.029 0.025 0.019 0.014 0.010 0.006 0.002 0.001 0.001 0.001 0.001 0.001 0.001 0.001 0.001 0.001 0.001 0.001 0.001 0.001 0.001 0.001 0.000 0.000 0.000 0.003 0.012 0.022 0.031 0.039 0.046 0.051 0.051 0.053 0.057 0.000 0.000 0.000 0.000 0.000 0.000 0.000 0.000 0.000 0.000 0.000 0.000 0.000 0.000 0.000 0.000 0.000 0.000 0.000 0.000 0.000 0.008 0.009 0.010 0.012 0.014 0.019 0.025 0.033 0.039 0.047 0.054 0.062 0.069 0.076 0.083 0.091 0.097 0.105 0.105 0.100 0.095
0.040 0.035 0.030 0.025 0.020 0.015 0.010 0.005 0.002 0.001 0.001 0.001 0.001 0.001 0.001 0.001 0.001 0.001 0.001 0.001 0.001 0.001 0.001 0.001 0.001 0.004 0.017 0.023 0.029 0.038 0.046 0.047 0.047 0.052 0.056 0.000 0.000 0.000 0.000 0.000 0.000 0.000 0.000 0.000 0.000 0.000 0.000 0.000 0.000 0.000 0.000 0.000 0.000 0.000 0.000 0.000 0.008 0.010 0.013 0.018 0.023 0.030 0.038 0.045 0.053 0.060 0.067 0.075 0.082 0.090 0.098 0.104 0.111 0.118 0.112 0.108 0.103
0.051 0.046 0.041 0.036 0.030 0.025 0.020 0.014 0.010 0.005 0.002 0.001 0.001 0.001 0.001 0.001 0.001 0.001 0.001 0.001 0.001 0.001 0.001 0.001 0.001 0.009 0.016 0.021 0.029 0.038 0.048 0.048 0.047 0.048 0.053 0.000 0.000 0.000 0.000 0.000 0.000 0.000 0.000 0.000 0.000 0.000 0.000 0.000 0.000 0.000 0.000 0.000 0.000 0.000 0.000 0.003 0.011 0.017 0.022 0.028 0.036 0.043 0.051 0.058 0.066 0.074 0.081 0.088 0.096 0.103 0.110 0.117 0.125 0.125 0.119 0.115 0.109
0.063 0.058 0.052 0.047 0.041 0.036 0.030 0.025 0.019 0.014 0.009 0.004 0.001 0.001 0.001 0.001 0.001 0.001 0.001 0.001 0.001 0.001 0.001 0.001 0.001 0.012 0.012 0.021 0.033 0.040 0.047 0.049 0.049 0.046 0.048 0.000 0.000 0.000 0.000 0.000 0.000 0.000 0.000 0.000 0.000 0.000 0.000 0.000 0.000 0.000 0.000 0.000 0.000 0.000 0.000 0.015 0.022 0.028 0.035 0.042 0.049 0.056 0.064 0.072 0.079 0.086 0.094 0.102 0.109 0.116 0.124 0.000 0.000 0.132 0.127 0.122 0.117
0.000 0.000 0.062 0.057 0.052 0.047 0.041 0.035 0.029 0.024 0.018 0.013 0.008 0.003 0.001 0.001 0.001 0.001 0.001 0.001 0.001 0.001 0.001 0.001 0.002 0.008 0.017 0.022 0.033 0.043 0.046 0.044 0.044 0.046 0.000 0.000 0.000 0.000 0.000 0.000 0.000 0.000 0.000 0.000 0.000 0.000 0.000 0.000 0.000 0.000 0.000 0.000 0.000 0.000 0.000 0.028 0.034 0.041 0.048 0.055 0.063 0.070 0.077 0.085 0.092 0.100 0.108 0.115 0.122 0.130 0.000 0.000 0.000 0.000 0.000 0.128 0.125
