数据/2hours/0.1-2h-100y/coupled-105-0001.wd
ncols         694
nrows         824
xllcorner     581104.939801
yllcorner     3495917.092414
cellsize      2.000000
NODATA_value  -9999.000000
[rows 544 to 577 of 824, columns 308 to 384 of 694]
0.000 0.000 0.000 0.000 0.000 0.000 0.000 0.000 0.013 0.008 0.006 0.004 0.003 0.002 0.002 0.001 0.001 0.001 0.001 0.001 0.001 0.001 0.001 0.001 0.001 0.001 0.001 0.002 0.015 0.035 0.041 0.020 0.020 0.039 0.014 0.001 0.014 0.064 0.025 0.022 0.080 0.481 0.207 0.042 0.036 0.164 0.342 0.000 0.000 0.000 0.000 0.000 0.000 0.000 0.000 0.000 0.000 0.000 0.000 0.000 0.000 0.000 0.000 0.000 0.000 0.000 0.000 0.000 0.000 0.000 0.000 0.000 0.000 0.029 0.044 0.059 0.068
0.000 0.000 0.000 0.000 0.000 0.000 0.000 0.000 0.010 0.008 0.007 0.005 0.004 0.003 0.003 0.002 0.001 0.001 0.001 0.001 0.001 0.001 0.001 0.001 0.001 0.001 0.001 0.001 0.001 0.010 0.004 0.001 0.005 0.031 0.002 0.020 0.026 0.005 0.014 0.020 0.390 0.324 0.010 0.040 0.015 0.277 0.336 0.000 0.000 0.000 0.000 0.000 0.000 0.000 0.000 0.000 0.000 0.000 0.000 0.000 0.000 0.000 0.000 0.000 0.000 0.000 0.000 0.000 0.000 0.000 0.000 0.000 0.009 0.020 0.025 0.033 0.050
0.000 0.000 0.000 0.000 0.000 0.000 0.000 0.000 0.008 0.008 0.007 0.006 0.005 0.004 0.003 0.003 0.002 0.002 0.001 0.001 0.001 0.001 0.001 0.001 0.001 0.001 0.001 0.001 0.001 0.002 0.037 0.044 0.038 0.003 0.001 0.000 0.000 0.000 0.184 0.347 0.165 0.157 0.128 0.002 0.024 0.287 0.487 0.000 0.000 0.000 0.000 0.000 0.000 0.000 0.000 0.000 0.000 0.000 0.000 0.000 0.000 0.000 0.000 0.000 0.000 0.000 0.000 0.000 0.000 0.000 0.000 0.000 0.000 0.000 0.000 0.000 0.000
0.001 0.001 0.001 0.001 0.001 0.000 0.000 0.000 0.006 0.007 0.007 0.007 0.006 0.005 0.004 0.004 0.003 0.003 0.002 0.002 0.001 0.001 0.001 0.001 0.001 0.001 0.001 0.001 0.001 0.001 0.006 0.031 0.039 0.088 0.103 0.131 0.196 0.311 0.227 0.077 0.038 0.072 0.163 0.127 0.208 0.320 0.000 0.000 0.000 0.000 0.000 0.000 0.000 0.000 0.000 0.000 0.000 0.000 0.000 0.000 0.000 0.000 0.000 0.000 0.000 0.000 0.000 0.000 0.000 0.000 0.000 0.000 0.008 0.002 0.000 0.000 0.001
0.003 0.002 0.002 0.002 0.001 0.001 0.001 0.002 0.005 0.006 0.007 0.007 0.006 0.006 0.005 0.005 0.004 0.003 0.003 0.002 0.002 0.011 0.008 0.005 0.004 0.003 0.002 0.001 0.001 0.001 0.002 0.021 0.061 0.146 0.206 0.216 0.187 0.099 0.015 0.000 0.031 0.051 0.057 0.000 0.236 0.392 0.000 0.000 0.000 0.000 0.000 0.000 0.000 0.000 0.000 0.000 0.000 0.000 0.000 0.000 0.000 0.000 0.000 0.000 0.000 0.000 0.000 0.000 0.000 0.000 0.000 0.000 0.091 0.059 0.009 0.002 0.001
0.012 0.011 0.007 0.005 0.003 0.003 0.000 0.000 0.005 0.009 0.008 0.007 0.007 0.007 0.006 0.006 0.005 0.004 0.004 0.003 0.004 0.009 0.008 0.006 0.005 0.004 0.003 0.003 0.002 0.002 0.001 0.002 0.025 0.044 0.036 0.026 0.019 0.017 0.011 0.000 0.000 0.002 0.037 0.166 0.381 0.274 0.123 0.117 0.000 0.000 0.000 0.000 0.000 0.000 0.000 0.000 0.000 0.000 0.000 0.000 0.000 0.000 0.000 0.000 0.000 0.000 0.000 0.000 0.000 0.000 0.000 0.000 0.080 0.156 0.089 0.003 0.000
0.000 0.000 0.005 0.004 0.004 0.006 0.000 0.000 0.000 0.000 0.008 0.011 0.013 0.010 0.009 0.008 0.007 0.007 0.006 0.005 0.005 0.007 0.007 0.007 0.006 0.005 0.004 0.004 0.003 0.002 0.003 0.011 0.018 0.004 0.000 0.005 0.022 0.016 0.000 0.031 0.094 0.132 0.278 0.285 0.134 0.171 0.243 0.170 0.000 0.189 0.036 0.014 0.000 0.000 0.000 0.000 0.000 0.000 0.000 0.000 0.000 0.000 0.000 0.000 0.000 0.000 0.000 0.000 0.000 0.000 0.076 0.066 0.029 0.070 0.165 0.062 0.001
0.000 0.000 0.004 0.004 0.007 0.105 0.000 0.000 0.000 0.000 0.000 0.000 0.000 0.010 0.013 0.015 0.016 0.012 0.009 0.008 0.008 0.008 0.008 0.008 0.007 0.006 0.006 0.005 0.004 0.006 0.034 0.059 0.034 0.001 0.000 0.003 0.000 0.000 0.001 0.001 0.018 0.077 0.063 0.036 0.012 0.014 0.028 0.000 0.239 0.187 0.088 0.005 0.207 0.346 0.369 0.000 0.000 0.000 0.000 0.000 0.000 0.000 0.000 0.000 0.000 0.000 0.000 0.000 0.010 0.067 0.099 0.087 0.102 0.095 0.150 0.148 0.019
0.000 0.000 0.003 0.004 0.008 0.000 0.000 0.000 0.000 0.000 0.000 0.000 0.000 0.000 0.000 0.000 0.000 0.012 0.015 0.017 0.013 0.011 0.010 0.010 0.009 0.009 0.008 0.007 0.011 0.015 0.040 0.051 0.035 0.021 0.002 0.000 0.017 0.053 0.075 0.097 0.104 0.122 0.108 0.066 0.033 0.086 0.113 0.261 0.258 0.014 0.006 0.023 0.199 0.349 0.309 0.256 0.255 0.128 0.026 0.000 0.000 0.000 0.000 0.000 0.000 0.000 0.124 0.173 0.031 0.002 0.080 0.124 0.118 0.085 0.118 0.182 0.072
0.000 0.000 0.003 0.004 0.012 0.000 0.000 0.000 0.000 0.000 0.000 0.000 0.000 0.000 0.000 0.000 0.000 0.000 0.000 0.000 0.013 0.016 0.018 0.019 0.014 0.013 0.015 0.018 0.017 0.017 0.031 0.090 0.109 0.120 0.116 0.130 0.158 0.150 0.159 0.184 0.206 0.216 0.240 0.244 0.251 0.237 0.192 0.131 0.048 0.072 0.102 0.176 0.076 0.313 0.268 0.198 0.239 0.019 0.041 0.039 0.132 0.000 0.000 0.000 0.000 0.005 0.026 0.087 0.122 0.004 0.022 0.061 0.094 0.101 0.115 0.178 0.134
0.000 0.000 0.003 0.011 0.113 0.000 0.000 0.000 0.000 0.000 0.000 0.000 0.000 0.000 0.000 0.000 0.000 0.000 0.000 0.000 0.000 0.000 0.000 0.000 0.017 0.030 0.024 0.021 0.025 0.032 0.034 0.055 0.073 0.100 0.113 0.080 0.051 0.050 0.042 0.022 0.073 0.105 0.085 0.067 0.065 0.041 0.015 0.001 0.014 0.039 0.065 0.000 0.174 0.313 0.147 0.220 0.119 0.027 0.037 0.033 0.092 0.018 0.124 0.206 0.119 0.012 0.072 0.161 0.200 0.018 0.006 0.076 0.085 0.098 0.110 0.163 0.180
0.000 0.000 0.003 0.011 0.000 0.000 0.000 0.000 0.000 0.000 0.000 0.000 0.000 0.000 0.000 0.000 0.000 0.000 0.000 0.000 0.000 0.000 0.000 0.000 0.000 0.000 0.020 0.025 0.025 0.030 0.059 0.048 0.046 0.055 0.048 0.044 0.032 0.007 0.019 0.100 0.141 0.090 0.021 0.015 0.001 0.000 0.002 0.000 0.007 0.000 0.000 0.141 0.266 0.183 0.204 0.087 0.011 0.025 0.015 0.040 0.028 0.026 0.096 0.182 0.089 0.002 0.000 0.106 0.217 0.049 0.032 0.044 0.044 0.067 0.109 0.157 0.201
0.000 0.000 0.003 0.011 0.000 0.000 0.000 0.000 0.000 0.000 0.000 0.000 0.000 0.000 0.000 0.000 0.000 0.000 0.000 0.000 0.000 0.000 0.000 0.000 0.000 0.000 0.000 0.000 0.000 0.000 0.000 0.050 0.068 0.073 0.062 0.014 0.004 0.000 0.001 0.099 0.271 0.209 0.084 0.039 0.001 0.002 0.001 0.031 0.019 0.117 0.195 0.223 0.173 0.144 0.028 0.024 0.017 0.005 0.023 0.022 0.010 0.016 0.090 0.200 0.049 0.001 0.000 0.066 0.231 0.053 0.011 0.129 0.033 0.043 0.095 0.156 0.209
0.000 0.000 0.002 0.011 0.000 0.000 0.000 0.000 0.000 0.000 0.000 0.000 0.000 0.000 0.000 0.000 0.000 0.000 0.000 0.000 0.000 0.000 0.000 0.000 0.000 0.000 0.000 0.000 0.000 0.000 0.000 0.000 0.077 0.071 0.076 0.042 0.036 0.093 0.180 0.217 0.211 0.211 0.173 0.140 0.125 0.145 0.153 0.192 0.214 0.237 0.177 0.055 0.041 0.087 0.073 0.012 0.000 0.000 0.008 0.028 0.001 0.039 0.201 0.158 0.016 0.000 0.000 0.088 0.233 0.033 0.001 0.129 0.133 0.010 0.058 0.143 0.213
0.000 0.000 0.002 0.008 0.005 0.005 0.000 0.000 0.000 0.000 0.000 0.000 0.000 0.000 0.000 0.000 0.000 0.000 0.000 0.000 0.000 0.000 0.000 0.000 0.000 0.000 0.000 0.000 0.000 0.000 0.000 0.000 0.000 0.000 0.152 0.121 0.160 0.197 0.181 0.102 0.032 0.116 0.100 0.103 0.151 0.159 0.139 0.157 0.122 0.057 0.013 0.000 0.028 0.120 0.088 0.005 0.000 0.000 0.000 0.000 0.000 0.168 0.269 0.038 0.004 0.013 0.000 0.195 0.144 0.003 0.000 0.165 0.157 0.002 0.049 0.141 0.206
0.000 0.000 0.002 0.006 0.005 0.005 0.004 0.003 0.004 0.000 0.000 0.000 0.000 0.000 0.000 0.000 0.000 0.000 0.000 0.000 0.000 0.000 0.000 0.000 0.000 0.000 0.000 0.000 0.000 0.000 0.000 0.000 0.000 0.000 0.000 0.147 0.139 0.078 0.030 0.002 0.003 0.057 0.099 0.024 0.020 0.020 0.011 0.030 0.002 0.000 0.000 0.000 0.047 0.107 0.091 0.023 0.011 0.038 0.006 0.000 0.161 0.336 0.092 0.003 0.059 0.021 0.037 0.268 0.035 0.018 0.000 0.165 0.190 0.018 0.016 0.155 0.192
0.000 0.000 0.002 0.005 0.007 0.009 0.010 0.007 0.006 0.004 0.005 0.000 0.000 0.000 0.000 0.000 0.000 0.000 0.000 0.000 0.000 0.000 0.000 0.000 0.000 0.000 0.000 0.000 0.000 0.000 0.000 0.000 0.000 0.000 0.000 0.000 0.000 0.000 0.000 0.000 0.000 0.056 0.093 0.018 0.000 0.001 0.008 0.025 0.038 0.000 0.068 0.055 0.045 0.087 0.104 0.111 0.106 0.023 0.047 0.128 0.236 0.200 0.074 0.060 0.000 0.001 0.275 0.090 0.005 0.030 0.009 0.200 0.169 0.003 0.054 0.182 0.160
0.000 0.000 0.002 0.005 0.000 0.000 0.000 0.007 0.009 0.009 0.007 0.005 0.004 0.005 0.000 0.000 0.000 0.000 0.000 0.000 0.000 0.000 0.000 0.000 0.000 0.000 0.000 0.000 0.000 0.000 0.000 0.000 0.000 0.000 0.000 0.000 0.000 0.000 0.000 0.000 0.047 0.057 0.026 0.016 0.000 0.056 0.092 0.086 0.103 0.108 0.173 0.058 0.052 0.122 0.192 0.216 0.129 0.129 0.133 0.081 0.084 0.110 0.102 0.017 0.062 0.279 0.137 0.004 0.000 0.000 0.002 0.297 0.116 0.001 0.058 0.208 0.138
0.000 0.000 0.002 0.005 0.000 0.000 0.000 0.000 0.000 0.000 0.007 0.009 0.009 0.009 0.011 0.000 0.000 0.000 0.000 0.000 0.000 0.000 0.000 0.000 0.000 0.000 0.000 0.000 0.000 0.000 0.000 0.000 0.000 0.000 0.000 0.000 0.000 0.000 0.000 0.000 0.011 0.000 0.000 0.014 0.019 0.177 0.150 0.186 0.192 0.181 0.070 0.026 0.051 0.163 0.250 0.102 0.031 0.025 0.019 0.003 0.016 0.051 0.152 0.123 0.328 0.175 0.009 0.000 0.000 0.000 0.146 0.320 0.050 0.001 0.079 0.201 0.135
0.000 0.000 0.001 0.004 0.002 0.002 0.002 0.000 0.000 0.000 0.000 0.000 0.007 0.009 0.012 0.007 0.001 0.000 0.000 0.000 0.000 0.000 0.000 0.000 0.000 0.000 0.000 0.000 0.000 0.000 0.000 0.000 0.000 0.000 0.000 0.000 0.000 0.000 0.000 0.000 0.000 0.039 0.064 0.076 0.248 0.250 0.231 0.185 0.102 0.030 0.002 0.000 0.048 0.201 0.176 0.017 0.001 0.000 0.000 0.000 0.000 0.160 0.205 0.404 0.227 0.016 0.000 0.000 0.000 0.004 0.280 0.268 0.008 0.000 0.137 0.156 0.127
0.000 0.000 0.001 0.003 0.003 0.000 0.002 0.001 0.001 0.000 0.000 0.000 0.000 0.000 0.000 0.001 0.000 0.000 0.000 0.000 0.000 0.000 0.000 0.000 0.000 0.000 0.000 0.000 0.000 0.000 0.000 0.000 0.000 0.000 0.000 0.000 0.000 0.000 0.000 0.054 0.124 0.209 0.242 0.271 0.213 0.131 0.069 0.027 0.017 0.011 0.001 0.000 0.085 0.253 0.103 0.005 0.001 0.000 0.006 0.000 0.011 0.118 0.425 0.368 0.024 0.000 0.000 0.000 0.001 0.045 0.405 0.192 0.035 0.103 0.155 0.083 0.071
0.000 0.000 0.001 0.002 0.021 0.000 0.000 0.001 0.000 0.000 0.000 0.000 0.000 0.000 0.000 0.000 0.000 0.000 0.000 0.000 0.000 0.000 0.000 0.000 0.000 0.000 0.000 0.000 0.000 0.000 0.000 0.000 0.000 0.000 0.000 0.000 0.000 0.000 0.003 0.009 0.109 0.132 0.115 0.064 0.026 0.008 0.004 0.002 0.012 0.041 0.060 0.000 0.142 0.210 0.137 0.040 0.007 0.000 0.001 0.000 0.000 0.239 0.575 0.089 0.000 0.000 0.051 0.035 0.026 0.223 0.385 0.197 0.148 0.131 0.074 0.051 0.042
0.000 0.000 0.001 0.009 0.000 0.000 0.000 0.000 0.000 0.000 0.000 0.000 0.000 0.000 0.000 0.000 0.000 0.000 0.000 0.000 0.000 0.000 0.000 0.000 0.000 0.000 0.000 0.000 0.000 0.000 0.000 0.000 0.000 0.000 0.000 0.000 0.000 0.000 0.016 0.005 0.008 0.009 0.004 0.010 0.013 0.007 0.003 0.012 0.012 0.000 0.000 0.052 0.227 0.090 0.005 0.080 0.121 0.033 0.028 0.027 0.005 0.495 0.312 0.005 0.000 0.001 0.130 0.152 0.176 0.329 0.279 0.293 0.174 0.074 0.040 0.027 0.029
0.000 0.000 0.000 0.000 0.000 0.000 0.000 0.000 0.000 0.000 0.000 0.000 0.000 0.000 0.000 0.000 0.000 0.000 0.000 0.000 0.000 0.000 0.000 0.000 0.000 0.000 0.000 0.000 0.000 0.000 0.000 0.000 0.000 0.000 0.000 0.000 0.000 0.000 0.037 0.000 0.000 0.000 0.000 0.028 0.025 0.028 0.007 0.021 0.002 0.002 0.147 0.247 0.177 0.045 0.114 0.045 0.162 0.131 0.056 0.043 0.322 0.517 0.065 0.009 0.008 0.018 0.262 0.194 0.217 0.223 0.249 0.343 0.159 0.039 0.021 0.000 0.022
0.000 0.000 0.000 0.000 0.000 0.000 0.000 0.000 0.000 0.000 0.000 0.000 0.000 0.000 0.000 0.000 0.000 0.000 0.000 0.000 0.000 0.000 0.000 0.000 0.000 0.000 0.000 0.000 0.000 0.000 0.000 0.000 0.000 0.000 0.000 0.000 0.000 0.000 0.014 0.073 0.007 0.010 0.005 0.010 0.022 0.000 0.000 0.027 0.152 0.285 0.356 0.200 0.032 0.000 0.115 0.149 0.348 0.421 0.262 0.373 0.504 0.148 0.013 0.002 0.000 0.175 0.231 0.126 0.181 0.117 0.308 0.364 0.090 0.038 0.029 0.000 0.013
0.000 0.000 0.000 0.000 0.000 0.000 0.000 0.000 0.000 0.000 0.000 0.000 0.000 0.000 0.000 0.000 0.000 0.000 0.000 0.000 0.000 0.000 0.000 0.000 0.000 0.000 0.000 0.000 0.000 0.000 0.000 0.000 0.000 0.000 0.000 0.000 0.000 0.000 0.001 0.041 0.097 0.059 0.027 0.039 0.031 0.071 0.142 0.253 0.329 0.324 0.249 0.000 0.000 0.000 0.160 0.238 0.208 0.238 0.453 0.548 0.171 0.016 0.002 0.004 0.001 0.184 0.157 0.117 0.076 0.142 0.361 0.321 0.042 0.019 0.003 0.000 0.028
0.000 0.000 0.000 0.000 0.000 0.000 0.000 0.000 0.000 0.000 0.000 0.000 0.000 0.000 0.000 0.000 0.000 0.000 0.000 0.000 0.000 0.000 0.000 0.000 0.000 0.000 0.000 0.000 0.000 0.000 0.000 0.000 0.000 0.000 0.000 0.000 0.000 0.000 0.000 0.027 0.065 0.143 0.175 0.179 0.162 0.200 0.200 0.187 0.203 0.147 0.109 0.000 0.000 0.000 0.000 0.000 0.000 0.000 0.411 0.107 0.009 0.001 0.003 0.000 0.042 0.126 0.194 0.093 0.036 0.207 0.405 0.223 0.020 0.001 0.000 0.000 0.004
0.000 0.000 0.000 0.000 0.000 0.000 0.000 0.000 0.000 0.000 0.000 0.000 0.000 0.000 0.000 0.000 0.000 0.000 0.000 0.000 0.000 0.000 0.000 0.000 0.000 0.000 0.000 0.000 0.000 0.000 0.000 0.000 0.000 0.000 0.000 0.000 0.000 0.000 0.000 0.031 0.046 0.034 0.054 0.051 0.032 0.039 0.021 0.019 0.076 0.106 0.000 0.000 0.000 0.000 0.000 0.000 0.000 0.000 0.000 0.000 0.000 0.077 0.071 0.114 0.096 0.060 0.199 0.033 0.098 0.251 0.423 0.091 0.002 0.000 0.000 0.013 0.027
0.000 0.000 0.000 0.000 0.000 0.000 0.000 0.000 0.000 0.000 0.000 0.000 0.000 0.000 0.000 0.000 0.000 0.000 0.000 0.000 0.000 0.000 0.000 0.000 0.000 0.000 0.000 0.000 0.000 0.000 0.000 0.000 0.000 0.000 0.000 0.000 0.000 0.000 0.000 0.005 0.056 0.078 0.056 0.039 0.032 0.024 0.009 0.021 0.136 0.213 0.000 0.000 0.000 0.000 0.000 0.000 0.000 0.000 0.000 0.000 0.000 0.000 0.000 0.100 0.014 0.135 0.144 0.002 0.144 0.346 0.304 0.015 0.000 0.013 0.015 0.021 0.016
0.000 0.000 0.000 0.000 0.000 0.000 0.000 0.000 0.000 0.000 0.000 0.000 0.000 0.000 0.000 0.000 0.000 0.000 0.000 0.000 0.000 0.000 0.000 0.000 0.000 0.000 0.000 0.000 0.000 0.000 0.000 0.000 0.000 0.000 0.000 0.000 0.000 0.000 0.000 0.000 0.050 0.046 0.040 0.054 0.097 0.134 0.127 0.157 0.247 0.346 0.000 0.000 0.000 0.000 0.000 0.000 0.000 0.000 0.000 0.000 0.000 0.068 0.080 0.036 0.049 0.160 0.032 0.079 0.230 0.440 0.079 0.013 0.012 0.029 0.023 0.033 0.031
0.000 0.000 0.000 0.000 0.000 0.000 0.000 0.000 0.000 0.000 0.000 0.000 0.000 0.000 0.000 0.000 0.000 0.000 0.000 0.000 0.000 0.000 0.000 0.000 0.000 0.000 0.000 0.000 0.000 0.000 0.000 0.000 0.000 0.000 0.000 0.000 0.000 0.000 0.000 0.000 0.002 0.008 0.015 0.038 0.032 0.084 0.169 0.218 0.199 0.000 0.000 0.000 0.000 0.000 0.000 0.000 0.000 0.000 0.000 0.000 0.000 0.145 0.132 0.030 0.098 0.033 0.078 0.179 0.428 0.193 0.003 0.022 0.038 0.020 0.045 0.010 0.000
0.000 0.000 0.000 0.000 0.000 0.000 0.000 0.000 0.000 0.000 0.000 0.000 0.000 0.000 0.000 0.000 0.000 0.000 0.000 0.000 0.000 0.000 0.000 0.000 0.000 0.000 0.000 0.000 0.000 0.000 0.000 0.000 0.000 0.000 0.000 0.000 0.000 0.000 0.000 0.000 0.000 0.000 0.001 0.021 0.062 0.057 0.106 0.128 0.150 0.000 0.000 0.000 0.000 0.000 0.000 0.000 0.000 0.000 0.000 0.000 0.000 0.165 0.229 0.184 0.166 0.178 0.188 0.409 0.234 0.007 0.000 0.029 0.015 0.022 0.048 0.000 0.012
0.000 0.000 0.000 0.000 0.000 0.000 0.000 0.000 0.000 0.000 0.000 0.000 0.000 0.000 0.000 0.000 0.000 0.000 0.000 0.000 0.000 0.000 0.000 0.000 0.000 0.000 0.000 0.000 0.000 0.000 0.000 0.000 0.000 0.000 0.000 0.000 0.000 0.000 0.000 0.000 0.000 0.000 0.000 0.004 0.025 0.085 0.165 0.154 0.000 0.000 0.000 0.000 0.000 0.000 0.000 0.000 0.000 0.000 0.000 0.000 0.139 0.247 0.300 0.262 0.268 0.343 0.424 0.176 0.020 0.026 0.017 0.032 0.027 0.031 0.029 0.004 0.087
0.000 0.000 0.000 0.000 0.000 0.000 0.000 0.000 0.000 0.000 0.000 0.000 0.000 0.000 0.000 0.000 0.000 0.000 0.000 0.000 0.000 0.000 0.000 0.000 0.000 0.000 0.000 0.000 0.000 0.000 0.000 0.000 0.000 0.000 0.000 0.000 0.000 0.000 0.000 0.000 0.000 0.000 0.000 0.001 0.005 0.038 0.149 0.151 0.000 0.000 0.000 0.000 0.000 0.000 0.000 0.000 0.000 0.000 0.000 0.000 0.011 0.214 0.243 0.275 0.291 0.234 0.112 0.064 0.000 0.004 0.034 0.019 0.022 0.049 0.000 0.000 0.198
