数据/2hours/0.1-2h-100y/coupled-144-0001.wd
ncols         694
nrows         824
xllcorner     581104.939801
yllcorner     3495917.092414
cellsize      2.000000
NODATA_value  -9999.000000
[rows 408 to 441 of 824, columns 385 to 461 of 694]
0.000 0.000 0.000 0.000 0.000 0.000 0.000 0.000 0.000 0.000 0.000 0.000 0.000 0.000 0.000 0.000 0.000 0.000 0.000 0.000 0.000 0.000 0.000 0.000 0.000 0.000 0.000 0.000 0.000 0.000 0.000 0.000 0.038 0.046 0.054 0.059 0.066 0.067 0.059 0.070 0.072 0.075 0.077 0.000 0.000 0.000 0.000 0.000 0.000 0.000 0.032 0.032 0.032 0.032 0.032 0.029 0.025 0.021 0.016 0.011 0.007 0.002 0.001 0.000 0.000 0.000 0.000 0.000 0.000 0.000 0.000 0.000 0.000 0.000 0.000 0.000 0.000
0.000 0.000 0.000 0.000 0.000 0.000 0.000 0.000 0.000 0.000 0.000 0.000 0.000 0.000 0.000 0.000 0.000 0.000 0.000 0.000 0.000 0.000 0.000 0.000 0.000 0.000 0.000 0.000 0.000 0.000 0.000 0.031 0.037 0.048 0.052 0.064 0.067 0.070 0.068 0.072 0.069 0.075 0.070 0.000 0.000 0.000 0.000 0.000 0.000 0.033 0.033 0.032 0.032 0.032 0.032 0.032 0.032 0.028 0.023 0.018 0.014 0.009 0.005 0.001 0.000 0.000 0.000 0.000 0.000 0.000 0.000 0.000 0.000 0.000 0.000 0.000 0.000
0.000 0.000 0.000 0.000 0.000 0.000 0.000 0.000 0.000 0.000 0.000 0.000 0.000 0.000 0.000 0.000 0.000 0.000 0.000 0.000 0.000 0.000 0.000 0.000 0.000 0.000 0.000 0.000 0.000 0.000 0.000 0.034 0.038 0.048 0.057 0.063 0.067 0.068 0.068 0.068 0.066 0.071 0.071 0.000 0.000 0.000 0.000 0.000 0.000 0.033 0.033 0.032 0.033 0.033 0.032 0.032 0.032 0.031 0.031 0.026 0.021 0.016 0.012 0.007 0.002 0.001 0.000 0.000 0.000 0.000 0.000 0.000 0.000 0.000 0.000 0.000 0.000
0.000 0.000 0.000 0.000 0.000 0.000 0.000 0.000 0.000 0.000 0.000 0.000 0.000 0.000 0.000 0.000 0.000 0.000 0.000 0.000 0.000 0.000 0.000 0.000 0.000 0.000 0.000 0.000 0.000 0.000 0.000 0.033 0.039 0.048 0.056 0.068 0.067 0.070 0.069 0.072 0.069 0.073 0.068 0.000 0.000 0.000 0.000 0.000 0.000 0.032 0.032 0.032 0.032 0.032 0.032 0.032 0.032 0.031 0.031 0.031 0.029 0.023 0.018 0.014 0.009 0.004 0.001 0.000 0.000 0.000 0.000 0.000 0.000 0.000 0.000 0.000 0.000
0.000 0.000 0.000 0.000 0.000 0.000 0.000 0.000 0.000 0.000 0.000 0.000 0.000 0.000 0.000 0.000 0.000 0.000 0.000 0.000 0.000 0.000 0.000 0.000 0.000 0.000 0.000 0.000 0.000 0.000 0.000 0.036 0.042 0.052 0.058 0.065 0.065 0.066 0.070 0.068 0.070 0.070 0.000 0.000 0.000 0.000 0.000 0.000 0.000 0.032 0.032 0.032 0.032 0.032 0.032 0.032 0.032 0.032 0.031 0.031 0.030 0.030 0.026 0.020 0.016 0.011 0.006 0.002 0.001 0.000 0.000 0.000 0.000 0.000 0.000 0.000 0.000
0.000 0.000 0.000 0.000 0.000 0.000 0.000 0.000 0.000 0.000 0.000 0.000 0.000 0.000 0.000 0.000 0.000 0.000 0.000 0.000 0.000 0.000 0.000 0.000 0.000 0.000 0.000 0.000 0.000 0.000 0.027 0.037 0.045 0.051 0.063 0.066 0.071 0.068 0.070 0.073 0.076 0.073 0.000 0.000 0.000 0.000 0.000 0.000 0.032 0.032 0.032 0.032 0.032 0.032 0.032 0.032 0.032 0.032 0.031 0.031 0.031 0.030 0.029 0.028 0.023 0.018 0.013 0.008 0.003 0.001 0.000 0.000 0.000 0.000 0.000 0.000 0.000
0.000 0.000 0.000 0.000 0.000 0.000 0.000 0.000 0.000 0.000 0.000 0.000 0.000 0.000 0.000 0.000 0.000 0.000 0.000 0.000 0.000 0.000 0.000 0.000 0.000 0.000 0.000 0.000 0.000 0.000 0.029 0.037 0.051 0.053 0.062 0.068 0.070 0.069 0.070 0.073 0.071 0.070 0.000 0.000 0.000 0.000 0.000 0.000 0.032 0.032 0.032 0.032 0.033 0.032 0.032 0.032 0.032 0.032 0.031 0.031 0.031 0.030 0.029 0.029 0.028 0.025 0.020 0.015 0.010 0.005 0.001 0.000 0.000 0.000 0.000 0.000 0.000
0.000 0.000 0.000 0.000 0.000 0.000 0.000 0.000 0.000 0.000 0.000 0.000 0.000 0.000 0.000 0.000 0.000 0.000 0.000 0.000 0.000 0.000 0.000 0.000 0.000 0.000 0.000 0.000 0.000 0.000 0.028 0.039 0.052 0.058 0.064 0.070 0.067 0.069 0.070 0.071 0.073 0.000 0.000 0.000 0.000 0.000 0.000 0.000 0.032 0.032 0.033 0.033 0.033 0.032 0.032 0.032 0.032 0.032 0.031 0.031 0.030 0.030 0.029 0.029 0.028 0.028 0.027 0.022 0.017 0.012 0.007 0.002 0.001 0.000 0.000 0.000 0.000
0.000 0.000 0.000 0.000 0.000 0.000 0.000 0.000 0.000 0.000 0.000 0.000 0.000 0.000 0.000 0.000 0.000 0.000 0.000 0.000 0.000 0.000 0.000 0.000 0.000 0.000 0.000 0.000 0.000 0.000 0.033 0.041 0.048 0.059 0.066 0.068 0.068 0.068 0.071 0.071 0.075 0.000 0.000 0.000 0.000 0.000 0.000 0.033 0.033 0.033 0.033 0.033 0.033 0.032 0.032 0.032 0.032 0.032 0.031 0.030 0.030 0.029 0.029 0.028 0.028 0.027 0.027 0.026 0.024 0.019 0.013 0.009 0.004 0.001 0.000 0.000 0.000
0.000 0.000 0.000 0.000 0.000 0.000 0.000 0.000 0.000 0.000 0.000 0.000 0.000 0.000 0.000 0.000 0.000 0.000 0.000 0.000 0.000 0.000 0.000 0.000 0.000 0.000 0.000 0.000 0.020 0.029 0.034 0.040 0.048 0.056 0.066 0.068 0.069 0.066 0.069 0.072 0.074 0.000 0.000 0.000 0.000 0.000 0.000 0.033 0.033 0.033 0.032 0.033 0.032 0.032 0.032 0.031 0.031 0.030 0.031 0.030 0.030 0.029 0.029 0.028 0.027 0.027 0.026 0.026 0.025 0.025 0.020 0.015 0.010 0.005 0.001 0.000 0.000
0.000 0.000 0.000 0.000 0.000 0.000 0.000 0.000 0.000 0.000 0.000 0.000 0.000 0.000 0.000 0.000 0.000 0.000 0.000 0.000 0.000 0.000 0.000 0.000 0.000 0.000 0.000 0.000 0.021 0.032 0.036 0.041 0.049 0.058 0.067 0.069 0.067 0.069 0.067 0.068 0.069 0.000 0.000 0.000 0.000 0.000 0.000 0.034 0.033 0.033 0.033 0.033 0.033 0.032 0.032 0.031 0.031 0.031 0.030 0.030 0.030 0.029 0.028 0.028 0.027 0.027 0.025 0.025 0.025 0.024 0.023 0.022 0.016 0.011 0.007 0.002 0.000
0.000 0.000 0.000 0.000 0.000 0.000 0.000 0.000 0.000 0.000 0.000 0.000 0.000 0.000 0.000 0.000 0.000 0.000 0.000 0.000 0.000 0.000 0.000 0.000 0.000 0.000 0.000 0.000 0.023 0.029 0.036 0.045 0.053 0.063 0.068 0.070 0.068 0.069 0.071 0.068 0.064 0.000 0.000 0.000 0.000 0.000 0.000 0.034 0.034 0.034 0.034 0.033 0.033 0.032 0.032 0.031 0.031 0.030 0.030 0.030 0.029 0.029 0.028 0.028 0.026 0.026 0.025 0.025 0.024 0.023 0.022 0.021 0.021 0.018 0.013 0.007 0.002
0.000 0.000 0.000 0.000 0.000 0.000 0.000 0.000 0.000 0.000 0.000 0.000 0.000 0.000 0.000 0.000 0.000 0.000 0.000 0.000 0.000 0.000 0.000 0.000 0.000 0.000 0.000 0.000 0.022 0.030 0.040 0.048 0.053 0.063 0.068 0.066 0.070 0.068 0.070 0.071 0.066 0.000 0.000 0.000 0.000 0.000 0.035 0.034 0.034 0.034 0.034 0.034 0.033 0.033 0.031 0.031 0.030 0.030 0.030 0.029 0.029 0.028 0.028 0.027 0.026 0.025 0.025 0.024 0.024 0.023 0.022 0.021 0.020 0.019 0.018 0.014 0.008
0.000 0.000 0.000 0.000 0.000 0.000 0.000 0.000 0.000 0.000 0.000 0.000 0.000 0.000 0.000 0.000 0.000 0.000 0.000 0.000 0.000 0.000 0.000 0.000 0.000 0.000 0.000 0.000 0.021 0.035 0.039 0.049 0.058 0.066 0.073 0.068 0.070 0.072 0.068 0.070 0.070 0.000 0.000 0.000 0.000 0.000 0.034 0.035 0.035 0.034 0.034 0.034 0.034 0.033 0.032 0.031 0.030 0.030 0.030 0.029 0.029 0.028 0.027 0.026 0.026 0.025 0.024 0.024 0.023 0.022 0.021 0.020 0.019 0.018 0.017 0.016 0.014
0.000 0.000 0.000 0.000 0.000 0.000 0.000 0.000 0.000 0.000 0.000 0.000 0.000 0.000 0.000 0.000 0.000 0.000 0.000 0.000 0.000 0.000 0.000 0.000 0.000 0.000 0.000 0.017 0.027 0.033 0.044 0.049 0.062 0.068 0.070 0.072 0.068 0.072 0.069 0.068 0.070 0.000 0.000 0.000 0.000 0.000 0.035 0.035 0.035 0.035 0.035 0.034 0.034 0.033 0.033 0.031 0.030 0.030 0.029 0.029 0.028 0.028 0.027 0.026 0.025 0.024 0.023 0.023 0.022 0.021 0.020 0.019 0.018 0.017 0.016 0.015 0.014
0.000 0.000 0.000 0.000 0.000 0.000 0.000 0.000 0.000 0.000 0.000 0.000 0.000 0.000 0.000 0.000 0.000 0.000 0.000 0.000 0.000 0.000 0.000 0.000 0.000 0.000 0.000 0.018 0.029 0.035 0.046 0.052 0.062 0.074 0.069 0.070 0.068 0.068 0.069 0.068 0.068 0.065 0.063 0.000 0.000 0.000 0.000 0.000 0.035 0.035 0.035 0.035 0.034 0.034 0.033 0.031 0.030 0.030 0.029 0.028 0.028 0.027 0.027 0.025 0.024 0.023 0.022 0.022 0.021 0.020 0.019 0.018 0.017 0.016 0.015 0.014 0.013
0.000 0.000 0.000 0.000 0.000 0.000 0.000 0.000 0.000 0.000 0.000 0.000 0.000 0.000 0.000 0.000 0.000 0.000 0.000 0.000 0.000 0.000 0.000 0.000 0.000 0.000 0.000 0.018 0.031 0.037 0.046 0.057 0.067 0.071 0.070 0.069 0.067 0.069 0.068 0.067 0.068 0.066 0.062 0.059 0.056 0.055 0.000 0.038 0.036 0.036 0.035 0.035 0.035 0.034 0.033 0.031 0.030 0.029 0.028 0.028 0.027 0.027 0.026 0.025 0.024 0.023 0.021 0.021 0.020 0.020 0.018 0.017 0.016 0.015 0.014 0.013 0.011
0.000 0.000 0.000 0.000 0.000 0.000 0.000 0.000 0.000 0.000 0.000 0.000 0.000 0.000 0.000 0.000 0.000 0.000 0.000 0.000 0.000 0.000 0.000 0.000 0.000 0.000 0.000 0.020 0.032 0.038 0.050 0.058 0.066 0.073 0.066 0.067 0.064 0.068 0.070 0.069 0.068 0.065 0.062 0.058 0.055 0.051 0.045 0.040 0.038 0.037 0.036 0.035 0.035 0.034 0.033 0.032 0.030 0.029 0.028 0.028 0.027 0.026 0.025 0.024 0.023 0.022 0.021 0.020 0.019 0.018 0.017 0.016 0.015 0.014 0.012 0.011 0.008
0.000 0.000 0.000 0.000 0.000 0.000 0.000 0.000 0.000 0.000 0.000 0.000 0.000 0.000 0.000 0.000 0.000 0.000 0.000 0.000 0.000 0.000 0.000 0.000 0.000 0.000 0.000 0.021 0.033 0.040 0.050 0.060 0.068 0.081 0.070 0.066 0.068 0.069 0.067 0.069 0.000 0.062 0.060 0.059 0.053 0.049 0.044 0.040 0.038 0.037 0.036 0.036 0.035 0.034 0.033 0.031 0.030 0.028 0.028 0.026 0.026 0.025 0.024 0.023 0.022 0.021 0.020 0.019 0.018 0.017 0.016 0.015 0.013 0.011 0.010 0.007 0.007
0.000 0.000 0.000 0.000 0.000 0.000 0.000 0.000 0.000 0.000 0.000 0.000 0.000 0.000 0.000 0.000 0.000 0.000 0.000 0.000 0.000 0.000 0.000 0.000 0.000 0.000 0.000 0.023 0.034 0.041 0.051 0.059 0.066 0.071 0.065 0.070 0.066 0.066 0.066 0.000 0.000 0.000 0.000 0.000 0.050 0.047 0.042 0.039 0.038 0.037 0.036 0.035 0.035 0.034 0.033 0.030 0.029 0.028 0.026 0.026 0.025 0.024 0.023 0.022 0.021 0.020 0.019 0.018 0.017 0.015 0.014 0.012 0.010 0.008 0.008 0.007 0.007
0.000 0.000 0.000 0.000 0.000 0.000 0.000 0.000 0.000 0.000 0.000 0.000 0.000 0.000 0.000 0.000 0.000 0.000 0.000 0.000 0.000 0.000 0.000 0.000 0.000 0.000 0.019 0.025 0.036 0.041 0.053 0.061 0.069 0.067 0.069 0.067 0.066 0.068 0.000 0.000 0.000 0.000 0.000 0.000 0.000 0.000 0.039 0.038 0.037 0.037 0.036 0.035 0.034 0.033 0.031 0.030 0.028 0.027 0.026 0.025 0.024 0.023 0.022 0.021 0.020 0.019 0.018 0.016 0.015 0.013 0.011 0.009 0.008 0.008 0.008 0.008 0.009
0.000 0.000 0.000 0.000 0.000 0.000 0.000 0.000 0.000 0.000 0.000 0.000 0.000 0.000 0.000 0.000 0.000 0.000 0.000 0.000 0.000 0.000 0.000 0.000 0.000 0.000 0.019 0.025 0.035 0.045 0.053 0.061 0.065 0.068 0.065 0.065 0.065 0.067 0.000 0.000 0.000 0.000 0.000 0.000 0.000 0.000 0.038 0.038 0.037 0.036 0.036 0.035 0.034 0.032 0.031 0.029 0.028 0.026 0.025 0.024 0.024 0.022 0.021 0.020 0.018 0.017 0.016 0.014 0.012 0.010 0.008 0.008 0.008 0.008 0.009 0.011 0.015
0.000 0.000 0.000 0.000 0.000 0.000 0.000 0.000 0.000 0.000 0.000 0.000 0.000 0.000 0.000 0.000 0.000 0.000 0.000 0.000 0.000 0.000 0.000 0.000 0.000 0.000 0.021 0.026 0.038 0.042 0.058 0.062 0.066 0.066 0.063 0.065 0.061 0.000 0.000 0.000 0.000 0.000 0.038 0.038 0.037 0.038 0.037 0.038 0.037 0.036 0.035 0.034 0.033 0.031 0.030 0.029 0.027 0.026 0.025 0.024 0.023 0.021 0.020 0.018 0.017 0.015 0.013 0.011 0.009 0.009 0.008 0.008 0.009 0.011 0.014 0.019 0.026
0.000 0.000 0.000 0.000 0.000 0.000 0.000 0.000 0.000 0.000 0.000 0.000 0.000 0.000 0.000 0.000 0.000 0.000 0.000 0.000 0.000 0.000 0.000 0.000 0.000 0.000 0.023 0.025 0.039 0.045 0.057 0.063 0.068 0.063 0.064 0.065 0.068 0.000 0.000 0.000 0.000 0.000 0.000 0.037 0.038 0.038 0.038 0.037 0.037 0.036 0.035 0.033 0.032 0.031 0.029 0.028 0.027 0.025 0.024 0.023 0.021 0.020 0.018 0.016 0.014 0.012 0.009 0.009 0.009 0.009 0.009 0.010 0.013 0.018 0.024 0.031 0.039
0.000 0.000 0.000 0.000 0.000 0.000 0.000 0.000 0.000 0.000 0.000 0.000 0.000 0.000 0.000 0.000 0.000 0.000 0.000 0.000 0.000 0.000 0.000 0.000 0.000 0.000 0.023 0.027 0.037 0.050 0.058 0.067 0.067 0.065 0.067 0.063 0.065 0.000 0.000 0.000 0.000 0.000 0.000 0.000 0.000 0.000 0.038 0.037 0.037 0.036 0.034 0.033 0.031 0.030 0.028 0.027 0.026 0.025 0.023 0.021 0.020 0.018 0.015 0.013 0.010 0.010 0.009 0.009 0.010 0.010 0.013 0.017 0.023 0.030 0.037 0.044 0.049
0.000 0.000 0.000 0.000 0.000 0.000 0.000 0.000 0.000 0.000 0.000 0.000 0.000 0.000 0.000 0.000 0.000 0.000 0.000 0.000 0.000 0.000 0.000 0.000 0.000 0.010 0.021 0.031 0.038 0.049 0.059 0.070 0.068 0.068 0.067 0.068 0.000 0.000 0.000 0.000 0.000 0.000 0.000 0.000 0.000 0.000 0.000 0.000 0.036 0.036 0.034 0.032 0.030 0.029 0.028 0.027 0.025 0.023 0.022 0.019 0.017 0.014 0.011 0.010 0.010 0.010 0.010 0.011 0.013 0.016 0.021 0.028 0.036 0.043 0.050 0.058 0.057
0.053 0.000 0.000 0.000 0.000 0.017 0.014 0.008 0.002 0.001 0.000 0.000 0.000 0.000 0.000 0.000 0.000 0.000 0.000 0.000 0.000 0.000 0.000 0.000 0.000 0.012 0.022 0.034 0.042 0.049 0.061 0.069 0.067 0.067 0.067 0.067 0.000 0.000 0.000 0.000 0.000 0.000 0.000 0.000 0.000 0.000 0.000 0.000 0.000 0.000 0.000 0.030 0.029 0.029 0.027 0.026 0.024 0.022 0.019 0.016 0.013 0.011 0.011 0.011 0.011 0.011 0.013 0.016 0.021 0.027 0.034 0.042 0.049 0.056 0.064 0.069 0.065
0.061 0.051 0.041 0.035 0.029 0.025 0.022 0.017 0.013 0.003 0.001 0.001 0.001 0.001 0.001 0.001 0.001 0.000 0.001 0.000 0.000 0.000 0.000 0.000 0.000 0.014 0.023 0.035 0.045 0.053 0.062 0.066 0.069 0.069 0.069 0.068 0.000 0.000 0.000 0.000 0.000 0.000 0.000 0.000 0.000 0.000 0.000 0.000 0.000 0.000 0.000 0.000 0.000 0.000 0.026 0.025 0.021 0.018 0.015 0.012 0.012 0.011 0.011 0.012 0.013 0.016 0.021 0.026 0.033 0.041 0.047 0.055 0.063 0.070 0.077 0.077 0.072
0.071 0.061 0.052 0.045 0.039 0.034 0.030 0.026 0.022 0.016 0.006 0.002 0.001 0.001 0.001 0.001 0.001 0.001 0.001 0.001 0.001 0.000 0.000 0.000 0.000 0.015 0.025 0.035 0.045 0.054 0.061 0.065 0.069 0.071 0.070 0.071 0.000 0.000 0.000 0.000 0.000 0.000 0.000 0.000 0.000 0.000 0.000 0.000 0.000 0.000 0.000 0.000 0.000 0.000 0.000 0.000 0.015 0.013 0.013 0.012 0.012 0.012 0.013 0.016 0.020 0.026 0.033 0.039 0.046 0.054 0.062 0.069 0.076 0.083 0.089 0.084 0.080
0.081 0.071 0.062 0.056 0.050 0.044 0.040 0.035 0.032 0.025 0.017 0.008 0.004 0.002 0.001 0.001 0.001 0.001 0.001 0.001 0.001 0.001 0.000 0.000 0.000 0.018 0.026 0.034 0.042 0.051 0.059 0.064 0.066 0.068 0.071 0.000 0.000 0.000 0.000 0.000 0.000 0.000 0.000 0.000 0.000 0.000 0.000 0.000 0.000 0.000 0.000 0.000 0.000 0.000 0.000 0.000 0.011 0.012 0.012 0.012 0.013 0.015 0.019 0.025 0.031 0.038 0.045 0.053 0.060 0.067 0.075 0.083 0.090 0.097 0.097 0.091 0.087
0.090 0.081 0.072 0.065 0.060 0.055 0.050 0.046 0.041 0.035 0.027 0.018 0.011 0.006 0.003 0.001 0.001 0.001 0.001 0.001 0.001 0.001 0.001 0.001 0.009 0.020 0.023 0.033 0.040 0.050 0.060 0.063 0.064 0.064 0.067 0.000 0.000 0.000 0.000 0.000 0.000 0.000 0.000 0.000 0.000 0.000 0.000 0.000 0.000 0.000 0.000 0.000 0.000 0.000 0.000 0.000 0.009 0.011 0.012 0.014 0.018 0.023 0.029 0.036 0.044 0.052 0.059 0.067 0.074 0.082 0.089 0.096 0.103 0.109 0.104 0.099 0.094
0.098 0.090 0.082 0.076 0.071 0.066 0.061 0.055 0.051 0.045 0.037 0.028 0.020 0.014 0.009 0.005 0.002 0.001 0.001 0.001 0.001 0.001 0.001 0.002 0.012 0.018 0.021 0.032 0.042 0.052 0.061 0.060 0.063 0.063 0.059 0.000 0.000 0.000 0.000 0.000 0.000 0.000 0.000 0.000 0.000 0.000 0.000 0.000 0.000 0.000 0.000 0.000 0.000 0.000 0.000 0.000 0.009 0.013 0.017 0.021 0.027 0.034 0.042 0.049 0.057 0.065 0.072 0.081 0.088 0.095 0.102 0.110 0.116 0.117 0.112 0.107 0.101
0.106 0.100 0.093 0.086 0.081 0.076 0.071 0.066 0.061 0.055 0.047 0.039 0.030 0.023 0.016 0.011 0.007 0.004 0.001 0.001 0.001 0.001 0.001 0.003 0.013 0.015 0.025 0.034 0.041 0.053 0.059 0.055 0.057 0.063 0.058 0.000 0.000 0.000 0.000 0.000 0.000 0.000 0.000 0.000 0.000 0.000 0.000 0.000 0.000 0.000 0.000 0.000 0.000 0.000 0.000 0.007 0.014 0.020 0.026 0.033 0.040 0.048 0.055 0.063 0.071 0.078 0.085 0.093 0.101 0.108 0.115 0.000 0.000 0.124 0.119 0.114 0.109
0.000 0.000 0.102 0.097 0.092 0.087 0.081 0.077 0.071 0.065 0.057 0.049 0.040 0.033 0.025 0.019 0.014 0.010 0.005 0.001 0.001 0.001 0.002 0.005 0.011 0.018 0.024 0.034 0.041 0.052 0.057 0.053 0.050 0.058 0.000 0.000 0.000 0.000 0.000 0.000 0.000 0.000 0.000 0.000 0.000 0.000 0.000 0.000 0.000 0.000 0.000 0.000 0.000 0.000 0.000 0.020 0.026 0.033 0.040 0.047 0.054 0.062 0.069 0.077 0.085 0.092 0.099 0.107 0.114 0.121 0.000 0.000 0.000 0.000 0.000 0.120 0.115
