数据/2hours/0.1-2h-100y/coupled-139-0001.wd
ncols         694
nrows         824
xllcorner     581104.939801
yllcorner     3495917.092414
cellsize      2.000000
NODATA_value  -9999.000000
[rows 680 to 713 of 824, columns 154 to 230 of 694]
0.000 0.000 0.000 0.000 0.000 0.000 0.000 0.000 0.000 0.000 0.000 0.000 0.001 0.000 0.000 0.000 0.001 0.001 0.001 0.001 0.001 0.022 0.011 0.006 0.005 0.005 0.000 0.002 0.002 0.000 0.000 0.000 0.000 0.000 0.000 0.000 0.000 0.000 0.000 0.034 0.032 0.042 0.046 0.045 0.045 0.041 0.036 0.033 0.041 0.055 0.055 0.066 0.007 0.002 0.002 0.002 0.002 0.002 0.001 0.001 0.001 0.001 0.001 0.000 0.000 0.000 0.000 0.000 0.000 0.000 0.000 0.000 0.000 0.000 0.000 0.000 0.000
0.000 0.000 0.000 0.000 0.000 0.000 0.000 0.000 0.000 0.000 0.000 0.001 0.001 0.001 0.001 0.000 0.001 0.001 0.001 0.001 0.006 0.037 0.055 0.000 0.044 0.022 0.002 0.001 0.000 0.000 0.000 0.000 0.000 0.000 0.000 0.000 0.000 0.000 0.028 0.028 0.023 0.040 0.044 0.045 0.046 0.041 0.032 0.028 0.034 0.041 0.045 0.054 0.062 0.066 0.006 0.002 0.002 0.001 0.001 0.001 0.001 0.001 0.001 0.001 0.000 0.000 0.000 0.000 0.000 0.000 0.000 0.000 0.000 0.000 0.000 0.000 0.000
0.000 0.000 0.000 0.000 0.000 0.000 0.000 0.000 0.000 0.000 0.000 0.001 0.001 0.001 0.001 0.001 0.001 0.001 0.001 0.001 0.019 0.058 0.000 0.000 0.000 0.000 0.028 0.002 0.000 0.000 0.000 0.000 0.000 0.000 0.000 0.000 0.000 0.038 0.037 0.024 0.029 0.029 0.035 0.042 0.041 0.037 0.028 0.023 0.026 0.029 0.033 0.040 0.049 0.065 0.073 0.034 0.004 0.001 0.001 0.001 0.001 0.001 0.001 0.001 0.000 0.000 0.000 0.000 0.000 0.000 0.000 0.000 0.000 0.000 0.000 0.000 0.000
0.000 0.000 0.000 0.000 0.000 0.000 0.000 0.000 0.000 0.000 0.000 0.001 0.001 0.001 0.001 0.001 0.001 0.001 0.001 0.001 0.019 0.000 0.000 0.000 0.000 0.000 0.000 0.028 0.004 0.001 0.000 0.000 0.000 0.000 0.000 0.000 0.000 0.027 0.037 0.038 0.034 0.036 0.036 0.039 0.039 0.000 0.023 0.019 0.020 0.022 0.027 0.035 0.044 0.053 0.055 0.054 0.070 0.013 0.002 0.001 0.001 0.001 0.001 0.001 0.001 0.000 0.000 0.000 0.000 0.000 0.000 0.000 0.000 0.000 0.000 0.000 0.000
0.000 0.000 0.000 0.000 0.000 0.000 0.000 0.000 0.000 0.001 0.001 0.001 0.001 0.001 0.001 0.001 0.001 0.001 0.001 0.001 0.018 0.000 0.000 0.000 0.000 0.000 0.000 0.000 0.051 0.030 0.004 0.000 0.000 0.000 0.000 0.000 0.008 0.016 0.027 0.033 0.037 0.039 0.043 0.045 0.000 0.000 0.000 0.000 0.007 0.011 0.015 0.020 0.024 0.028 0.034 0.045 0.057 0.059 0.076 0.004 0.001 0.001 0.001 0.001 0.001 0.001 0.000 0.000 0.000 0.000 0.000 0.000 0.000 0.000 0.000 0.000 0.000
0.001 0.000 0.000 0.001 0.001 0.001 0.001 0.001 0.001 0.001 0.001 0.001 0.001 0.001 0.001 0.001 0.001 0.001 0.001 0.001 0.013 0.015 0.000 0.000 0.000 0.000 0.000 0.000 0.000 0.000 0.051 0.030 0.003 0.000 0.000 0.004 0.006 0.008 0.015 0.020 0.027 0.034 0.039 0.043 0.000 0.002 0.003 0.004 0.000 0.000 0.002 0.006 0.012 0.019 0.027 0.034 0.040 0.047 0.060 0.067 0.062 0.001 0.001 0.001 0.001 0.001 0.001 0.000 0.000 0.000 0.000 0.000 0.000 0.000 0.000 0.000 0.000
0.001 0.001 0.001 0.001 0.001 0.001 0.001 0.001 0.001 0.001 0.001 0.001 0.001 0.001 0.001 0.001 0.001 0.001 0.001 0.001 0.011 0.019 0.000 0.000 0.000 0.000 0.000 0.000 0.000 0.000 0.000 0.000 0.029 0.003 0.000 0.007 0.008 0.008 0.010 0.015 0.019 0.025 0.030 0.000 0.000 0.001 0.001 0.001 0.001 0.014 0.000 0.000 0.003 0.008 0.014 0.020 0.027 0.036 0.048 0.054 0.064 0.085 0.059 0.001 0.001 0.001 0.001 0.000 0.001 0.000 0.000 0.000 0.000 0.000 0.000 0.000 0.000
0.001 0.001 0.001 0.001 0.001 0.001 0.001 0.001 0.001 0.001 0.001 0.001 0.001 0.001 0.001 0.001 0.001 0.001 0.001 0.002 0.012 0.016 0.013 0.025 0.000 0.000 0.000 0.000 0.000 0.000 0.000 0.000 0.000 0.033 0.007 0.008 0.008 0.006 0.005 0.014 0.017 0.020 0.000 0.000 0.001 0.001 0.001 0.001 0.001 0.008 0.000 0.000 0.000 0.000 0.005 0.012 0.019 0.027 0.035 0.043 0.057 0.078 0.101 0.127 0.068 0.001 0.001 0.001 0.001 0.001 0.001 0.000 0.000 0.000 0.000 0.000 0.000
0.006 0.001 0.001 0.001 0.001 0.001 0.001 0.001 0.001 0.001 0.001 0.001 0.001 0.001 0.001 0.001 0.001 0.001 0.025 0.000 0.000 0.014 0.019 0.053 0.089 0.000 0.000 0.000 0.000 0.000 0.000 0.000 0.000 0.000 0.013 0.009 0.007 0.006 0.005 0.009 0.014 0.016 0.000 0.001 0.001 0.001 0.001 0.001 0.001 0.001 0.008 0.000 0.000 0.007 0.000 0.000 0.008 0.013 0.020 0.030 0.045 0.066 0.092 0.120 0.146 0.172 0.079 0.001 0.001 0.001 0.001 0.001 0.001 0.001 0.000 0.000 0.000
0.029 0.002 0.001 0.001 0.001 0.001 0.001 0.001 0.001 0.001 0.001 0.001 0.001 0.001 0.001 0.001 0.001 0.025 0.000 0.000 0.000 0.000 0.039 0.077 0.114 0.146 0.000 0.202 0.000 0.000 0.000 0.000 0.000 0.088 0.060 0.012 0.007 0.005 0.005 0.004 0.010 0.000 0.000 0.001 0.001 0.001 0.001 0.001 0.001 0.001 0.001 0.001 0.001 0.001 0.001 0.009 0.000 0.000 0.015 0.028 0.042 0.063 0.088 0.114 0.139 0.165 0.192 0.199 0.095 0.003 0.001 0.001 0.001 0.001 0.001 0.001 0.001
0.052 0.022 0.001 0.001 0.001 0.001 0.001 0.001 0.001 0.001 0.001 0.001 0.001 0.001 0.001 0.001 0.001 0.000 0.000 0.000 0.000 0.000 0.000 0.000 0.138 0.168 0.197 0.226 0.000 0.000 0.000 0.000 0.184 0.158 0.102 0.028 0.010 0.007 0.004 0.004 0.006 0.008 0.009 0.000 0.000 0.001 0.001 0.001 0.001 0.001 0.001 0.001 0.001 0.001 0.001 0.002 0.002 0.004 0.011 0.023 0.039 0.056 0.079 0.104 0.130 0.158 0.186 0.214 0.242 0.216 0.112 0.052 0.029 0.004 0.001 0.001 0.001
0.054 0.058 0.030 0.004 0.001 0.001 0.001 0.001 0.001 0.001 0.001 0.001 0.001 0.001 0.001 0.001 0.001 0.000 0.000 0.000 0.000 0.000 0.000 0.000 0.000 0.191 0.220 0.249 0.280 0.000 0.000 0.000 0.247 0.205 0.136 0.065 0.000 0.041 0.006 0.003 0.002 0.005 0.006 0.007 0.009 0.000 0.000 0.001 0.001 0.001 0.001 0.001 0.001 0.001 0.001 0.001 0.002 0.004 0.000 0.000 0.000 0.044 0.070 0.096 0.123 0.151 0.179 0.208 0.236 0.265 0.294 0.275 0.252 0.223 0.186 0.148 0.111
0.080 0.094 0.084 0.055 0.027 0.002 0.001 0.001 0.001 0.001 0.001 0.001 0.001 0.001 0.001 0.001 0.001 0.000 0.000 0.000 0.000 0.000 0.000 0.000 0.000 0.000 0.000 0.273 0.303 0.333 0.356 0.333 0.304 0.236 0.168 0.000 0.000 0.000 0.038 0.003 0.001 0.003 0.004 0.005 0.006 0.006 0.008 0.000 0.001 0.001 0.001 0.001 0.001 0.001 0.001 0.001 0.004 0.000 0.000 0.000 0.000 0.000 0.061 0.088 0.117 0.145 0.173 0.201 0.230 0.265 0.300 0.253 0.164 0.128 0.091 0.053 0.016
0.105 0.118 0.132 0.109 0.081 0.052 0.024 0.001 0.001 0.001 0.001 0.001 0.001 0.001 0.001 0.001 0.001 0.001 0.001 0.000 0.000 0.000 0.000 0.000 0.000 0.000 0.000 0.000 0.324 0.355 0.386 0.395 0.334 0.266 0.198 0.000 0.000 0.000 0.000 0.035 0.001 0.001 0.002 0.003 0.004 0.004 0.005 0.004 0.002 0.002 0.001 0.001 0.001 0.001 0.001 0.002 0.003 0.000 0.000 0.000 0.000 0.000 0.055 0.082 0.110 0.138 0.170 0.204 0.241 0.276 0.299 0.239 0.153 0.063 0.002 0.001 0.001
0.129 0.143 0.157 0.163 0.135 0.107 0.078 0.048 0.019 0.001 0.001 0.001 0.001 0.001 0.000 0.001 0.001 0.001 0.001 0.022 0.000 0.000 0.000 0.000 0.000 0.000 0.000 0.000 0.000 0.359 0.393 0.409 0.359 0.291 0.000 0.000 0.000 0.000 0.000 0.060 0.001 0.001 0.001 0.001 0.001 0.002 0.002 0.002 0.001 0.001 0.001 0.001 0.001 0.001 0.001 0.003 0.000 0.000 0.000 0.000 0.000 0.000 0.047 0.076 0.111 0.145 0.181 0.216 0.251 0.287 0.279 0.219 0.145 0.054 0.001 0.001 0.001
0.154 0.168 0.182 0.195 0.189 0.160 0.131 0.102 0.074 0.045 0.009 0.001 0.001 0.000 0.000 0.000 0.000 0.001 0.002 0.021 0.051 0.000 0.000 0.000 0.000 0.000 0.000 0.000 0.325 0.359 0.387 0.388 0.383 0.000 0.000 0.000 0.000 0.000 0.151 0.084 0.015 0.001 0.001 0.001 0.001 0.001 0.001 0.001 0.001 0.001 0.001 0.001 0.001 0.001 0.001 0.002 0.000 0.000 0.000 0.000 0.000 0.000 0.051 0.085 0.121 0.155 0.191 0.226 0.262 0.297 0.258 0.199 0.135 0.044 0.001 0.001 0.001
0.179 0.192 0.206 0.219 0.233 0.214 0.185 0.157 0.128 0.099 0.052 0.001 0.000 0.000 0.000 0.000 0.000 0.000 0.000 0.021 0.051 0.081 0.115 0.000 0.000 0.000 0.000 0.000 0.326 0.360 0.367 0.368 0.370 0.000 0.000 0.000 0.000 0.000 0.000 0.107 0.039 0.002 0.001 0.001 0.001 0.001 0.001 0.001 0.001 0.001 0.001 0.001 0.001 0.001 0.001 0.002 0.000 0.000 0.000 0.000 0.000 0.000 0.060 0.095 0.130 0.165 0.201 0.236 0.272 0.296 0.238 0.178 0.119 0.034 0.001 0.001 0.001
0.203 0.217 0.231 0.244 0.257 0.267 0.239 0.210 0.182 0.150 0.095 0.040 0.000 0.000 0.000 0.000 0.000 0.000 0.000 0.021 0.051 0.083 0.117 0.153 0.000 0.000 0.000 0.292 0.327 0.344 0.346 0.349 0.000 0.000 0.000 0.000 0.000 0.000 0.000 0.000 0.000 0.023 0.009 0.001 0.001 0.001 0.001 0.001 0.001 0.001 0.001 0.001 0.001 0.001 0.001 0.002 0.000 0.000 0.000 0.000 0.000 0.000 0.068 0.105 0.139 0.175 0.210 0.246 0.282 0.276 0.217 0.157 0.098 0.025 0.001 0.001 0.001
0.233 0.245 0.255 0.268 0.282 0.295 0.293 0.264 0.235 0.192 0.137 0.000 0.000 0.000 0.000 0.000 0.000 0.000 0.000 0.000 0.000 0.000 0.120 0.155 0.189 0.223 0.258 0.293 0.321 0.324 0.325 0.000 0.000 0.000 0.000 0.000 0.000 0.000 0.000 0.000 0.000 0.042 0.028 0.014 0.001 0.001 0.001 0.001 0.001 0.001 0.001 0.001 0.001 0.001 0.001 0.015 0.000 0.000 0.000 0.000 0.000 0.000 0.077 0.113 0.148 0.184 0.220 0.256 0.292 0.254 0.196 0.136 0.077 0.018 0.001 0.001 0.001
0.264 0.275 0.285 0.297 0.306 0.320 0.333 0.317 0.289 0.235 0.000 0.000 0.000 0.000 0.000 0.000 0.000 0.000 0.000 0.000 0.000 0.000 0.123 0.157 0.191 0.225 0.260 0.294 0.301 0.303 0.305 0.000 0.000 0.000 0.000 0.000 0.000 0.000 0.000 0.000 0.000 0.061 0.000 0.033 0.020 0.006 0.001 0.001 0.001 0.001 0.001 0.001 0.001 0.001 0.001 0.026 0.000 0.000 0.000 0.000 0.000 0.045 0.084 0.121 0.157 0.193 0.229 0.266 0.292 0.233 0.174 0.115 0.055 0.003 0.001 0.001 0.001
0.294 0.304 0.315 0.326 0.337 0.347 0.358 0.370 0.333 0.278 0.223 0.169 0.000 0.000 0.000 0.000 0.000 0.000 0.000 0.000 0.000 0.000 0.000 0.000 0.193 0.227 0.261 0.279 0.281 0.283 0.000 0.000 0.000 0.000 0.226 0.000 0.000 0.000 0.000 0.000 0.000 0.000 0.000 0.000 0.000 0.025 0.011 0.001 0.001 0.001 0.001 0.001 0.001 0.001 0.003 0.037 0.000 0.000 0.000 0.000 0.000 0.055 0.093 0.130 0.166 0.203 0.239 0.275 0.270 0.212 0.152 0.093 0.034 0.001 0.001 0.001 0.000
0.324 0.334 0.344 0.355 0.366 0.377 0.388 0.397 0.373 0.321 0.266 0.210 0.155 0.000 0.000 0.000 0.000 0.000 0.000 0.000 0.000 0.000 0.000 0.000 0.000 0.229 0.257 0.259 0.260 0.000 0.000 0.000 0.000 0.205 0.207 0.208 0.185 0.000 0.000 0.000 0.000 0.000 0.000 0.000 0.000 0.000 0.030 0.017 0.001 0.001 0.001 0.001 0.013 0.000 0.000 0.049 0.000 0.000 0.000 0.000 0.000 0.066 0.102 0.139 0.176 0.213 0.249 0.285 0.249 0.190 0.131 0.072 0.016 0.001 0.000 0.000 0.000
0.000 0.363 0.374 0.385 0.396 0.406 0.417 0.404 0.376 0.348 0.308 0.253 0.197 0.143 0.088 0.000 0.000 0.000 0.000 0.000 0.000 0.000 0.000 0.000 0.000 0.230 0.238 0.239 0.240 0.000 0.000 0.000 0.000 0.185 0.187 0.188 0.190 0.140 0.000 0.000 0.000 0.000 0.000 0.000 0.000 0.000 0.000 0.000 0.001 0.001 0.001 0.001 0.000 0.000 0.000 0.000 0.000 0.000 0.000 0.000 0.000 0.076 0.113 0.149 0.186 0.222 0.259 0.287 0.228 0.168 0.109 0.050 0.003 0.000 0.000 0.000 0.000
0.000 0.000 0.403 0.415 0.425 0.436 0.428 0.407 0.379 0.352 0.324 0.296 0.241 0.186 0.131 0.076 0.000 0.000 0.000 0.000 0.000 0.000 0.000 0.000 0.196 0.215 0.218 0.220 0.000 0.000 0.000 0.000 0.164 0.166 0.167 0.169 0.170 0.164 0.096 0.027 0.000 0.000 0.000 0.000 0.000 0.000 0.000 0.000 0.000 0.001 0.001 0.001 0.000 0.000 0.000 0.000 0.000 0.000 0.000 0.000 0.047 0.086 0.123 0.160 0.196 0.232 0.268 0.266 0.207 0.148 0.089 0.031 0.000 0.000 0.000 0.000 0.000
0.000 0.000 0.000 0.444 0.454 0.448 0.437 0.410 0.383 0.354 0.327 0.299 0.272 0.229 0.174 0.118 0.062 0.000 0.000 0.000 0.000 0.000 0.000 0.158 0.190 0.193 0.197 0.000 0.000 0.000 0.000 0.143 0.145 0.146 0.148 0.149 0.150 0.152 0.119 0.052 0.001 0.000 0.000 0.000 0.000 0.000 0.000 0.000 0.000 0.001 0.001 0.001 0.000 0.000 0.000 0.000 0.000 0.000 0.000 0.000 0.059 0.097 0.133 0.169 0.206 0.242 0.277 0.245 0.186 0.127 0.067 0.014 0.000 0.000 0.000 0.000 0.000
0.000 0.000 0.000 0.000 0.468 0.458 0.440 0.413 0.385 0.357 0.330 0.302 0.275 0.247 0.216 0.160 0.104 0.048 0.001 0.000 0.000 0.000 0.000 0.159 0.168 0.171 0.000 0.000 0.000 0.000 0.000 0.124 0.125 0.126 0.128 0.130 0.131 0.132 0.133 0.076 0.006 0.001 0.000 0.000 0.000 0.000 0.000 0.000 0.001 0.001 0.001 0.001 0.000 0.000 0.000 0.000 0.000 0.000 0.000 0.000 0.072 0.106 0.143 0.179 0.216 0.252 0.282 0.223 0.165 0.106 0.048 0.002 0.000 0.000 0.000 0.000 0.000
0.000 0.000 0.000 0.000 0.000 0.468 0.443 0.416 0.388 0.360 0.333 0.305 0.278 0.250 0.222 0.194 0.147 0.092 0.036 0.006 0.000 0.000 0.119 0.141 0.145 0.148 0.000 0.000 0.000 0.000 0.000 0.104 0.105 0.107 0.108 0.110 0.111 0.113 0.114 0.100 0.031 0.001 0.001 0.001 0.000 0.000 0.000 0.001 0.001 0.001 0.001 0.001 0.001 0.000 0.000 0.000 0.000 0.000 0.000 0.000 0.080 0.117 0.153 0.189 0.225 0.263 0.262 0.203 0.144 0.086 0.029 0.000 0.000 0.000 0.000 0.000 0.000
0.000 0.000 0.000 0.000 0.000 0.000 0.000 0.418 0.391 0.363 0.335 0.308 0.280 0.253 0.224 0.197 0.169 0.134 0.080 0.028 0.047 0.084 0.116 0.119 0.122 0.000 0.000 0.000 0.000 0.000 0.000 0.000 0.085 0.087 0.088 0.090 0.091 0.093 0.094 0.096 0.054 0.001 0.001 0.001 0.001 0.000 0.001 0.001 0.001 0.001 0.001 0.001 0.001 0.000 0.000 0.000 0.000 0.000 0.000 0.053 0.090 0.127 0.163 0.199 0.235 0.272 0.240 0.182 0.123 0.066 0.011 0.000 0.000 0.000 0.000 0.000 0.000
0.000 0.000 0.000 0.000 0.000 0.000 0.000 0.000 0.394 0.367 0.339 0.311 0.283 0.256 0.228 0.200 0.172 0.144 0.115 0.067 0.048 0.084 0.093 0.095 0.000 0.000 0.000 0.000 0.000 0.000 0.000 0.000 0.000 0.000 0.068 0.070 0.071 0.073 0.074 0.076 0.077 0.009 0.001 0.001 0.001 0.001 0.001 0.001 0.001 0.001 0.001 0.001 0.015 0.000 0.000 0.000 0.000 0.000 0.000 0.065 0.101 0.137 0.173 0.210 0.246 0.278 0.220 0.161 0.103 0.046 0.001 0.000 0.000 0.000 0.000 0.000 0.000
0.000 0.000 0.000 0.000 0.000 0.000 0.000 0.000 0.000 0.369 0.342 0.314 0.001 0.001 0.232 0.203 0.174 0.147 0.118 0.091 0.056 0.067 0.068 0.067 0.062 0.061 0.000 0.000 0.000 0.000 0.000 0.000 0.000 0.000 0.047 0.050 0.052 0.054 0.055 0.057 0.057 0.033 0.001 0.001 0.001 0.001 0.001 0.001 0.001 0.001 0.001 0.004 0.000 0.000 0.000 0.000 0.000 0.000 0.000 0.089 0.111 0.148 0.183 0.219 0.256 0.257 0.199 0.141 0.082 0.026 0.001 0.000 0.000 0.000 0.000 0.000 0.000
0.000 0.000 0.000 0.000 0.000 0.000 0.000 0.000 0.000 0.000 0.001 0.000 0.003 0.003 0.001 0.000 0.177 0.150 0.121 0.092 0.068 0.065 0.062 0.058 0.049 0.043 0.035 0.000 0.000 0.000 0.000 0.000 0.000 0.000 0.025 0.000 0.033 0.034 0.035 0.036 0.037 0.038 0.001 0.001 0.001 0.001 0.001 0.001 0.002 0.011 0.022 0.034 0.000 0.000 0.000 0.000 0.000 0.000 0.000 0.121 0.134 0.157 0.194 0.230 0.266 0.236 0.177 0.120 0.061 0.006 0.000 0.000 0.000 0.000 0.000 0.000 0.000
0.000 0.000 0.000 0.000 0.000 0.000 0.000 0.000 0.000 0.002 0.003 0.004 0.005 0.005 0.005 0.004 0.001 0.152 0.124 0.094 0.083 0.080 0.078 0.072 0.062 0.056 0.051 0.046 0.000 0.000 0.000 0.000 0.000 0.000 0.000 0.000 0.000 0.000 0.025 0.021 0.018 0.014 0.006 0.004 0.004 0.004 0.009 0.020 0.031 0.042 0.058 0.071 0.000 0.000 0.000 0.000 0.000 0.000 0.141 0.154 0.167 0.180 0.202 0.238 0.273 0.214 0.155 0.098 0.042 0.001 0.000 0.000 0.000 0.000 0.000 0.000 0.000
0.000 0.000 0.000 0.000 0.000 0.000 0.000 0.000 0.002 0.003 0.004 0.005 0.006 0.006 0.007 0.007 0.006 0.000 0.001 0.108 0.100 0.096 0.093 0.091 0.078 0.070 0.068 0.059 0.058 0.053 0.000 0.000 0.000 0.000 0.000 0.000 0.000 0.000 0.000 0.033 0.029 0.017 0.015 0.027 0.034 0.043 0.057 0.068 0.077 0.090 0.000 0.000 0.000 0.000 0.000 0.000 0.000 0.000 0.174 0.187 0.200 0.214 0.227 0.248 0.249 0.191 0.133 0.075 0.023 0.001 0.000 0.000 0.000 0.000 0.000 0.000 0.000
0.000 0.000 0.000 0.000 0.000 0.000 0.000 0.002 0.003 0.004 0.005 0.006 0.007 0.008 0.008 0.008 0.008 0.007 0.006 0.000 0.117 0.114 0.108 0.102 0.091 0.086 0.084 0.079 0.075 0.069 0.068 0.000 0.000 0.000 0.000 0.000 0.000 0.000 0.000 0.000 0.000 0.016 0.039 0.085 0.096 0.107 0.119 0.129 0.139 0.000 0.000 0.000 0.000 0.000 0.000 0.000 0.000 0.000 0.229 0.239 0.251 0.261 0.273 0.278 0.234 0.170 0.111 0.051 0.003 0.001 0.000 0.000 0.000 0.000 0.000 0.000 0.000
