数据/2hours/0.1-2h-100y/coupled-122-0001.wd
ncols         694
nrows         824
xllcorner     581104.939801
yllcorner     3495917.092414
cellsize      2.000000
NODATA_value  -9999.000000
[rows 714 to 747 of 824, columns 154 to 230 of 694]
0.000 0.000 0.000 0.000 0.000 0.000 0.002 0.003 0.004 0.005 0.006 0.007 0.008 0.009 0.009 0.010 0.010 0.010 0.010 0.009 0.000 0.001 0.295 0.293 0.286 0.283 0.282 0.275 0.267 0.257 0.251 0.240 0.000 0.000 0.000 0.000 0.000 0.000 0.000 0.000 0.000 0.000 0.268 0.330 0.349 0.357 0.364 0.375 0.373 0.000 0.000 0.000 0.000 0.000 0.000 0.000 0.000 0.000 0.444 0.461 0.473 0.490 0.460 0.437 0.453 0.356 0.276 0.207 0.143 0.101 0.000 0.000 0.000 0.000 0.000 0.000 0.000
0.000 0.000 0.000 0.000 0.000 0.001 0.003 0.004 0.005 0.006 0.007 0.008 0.009 0.010 0.011 0.011 0.012 0.012 0.013 0.013 0.012 0.011 0.001 0.310 0.308 0.304 0.300 0.293 0.285 0.279 0.272 0.262 0.263 0.260 0.000 0.000 0.000 0.000 0.000 0.000 0.000 0.260 0.306 0.364 0.407 0.417 0.424 0.437 0.435 0.000 0.000 0.000 0.000 0.000 0.000 0.000 0.000 0.000 0.507 0.505 0.492 0.477 0.449 0.438 0.441 0.397 0.300 0.226 0.149 0.069 0.000 0.000 0.000 0.000 0.000 0.000 0.000
0.000 0.000 0.000 0.000 0.000 0.002 0.004 0.005 0.006 0.007 0.008 0.009 0.010 0.011 0.012 0.012 0.013 0.014 0.015 0.015 0.016 0.017 0.016 0.001 0.002 0.323 0.321 0.311 0.304 0.299 0.293 0.287 0.285 0.278 0.276 0.000 0.000 0.000 0.000 0.000 0.255 0.292 0.344 0.402 0.459 0.474 0.484 0.497 0.500 0.000 0.000 0.000 0.000 0.000 0.000 0.000 0.000 0.553 0.519 0.502 0.489 0.463 0.443 0.443 0.438 0.439 0.329 0.241 0.179 0.000 0.000 0.000 0.000 0.000 0.000 0.000 0.000
0.000 0.000 0.000 0.000 0.002 0.003 0.005 0.006 0.007 0.008 0.009 0.010 0.011 0.012 0.012 0.013 0.014 0.015 0.016 0.018 0.019 0.021 0.023 0.025 0.029 0.005 0.341 0.333 0.324 0.319 0.316 0.312 0.306 0.297 0.297 0.294 0.290 0.000 0.000 0.000 0.283 0.331 0.387 0.448 0.500 0.536 0.546 0.559 0.000 0.000 0.000 0.000 0.000 0.000 0.000 0.000 0.000 0.549 0.516 0.488 0.473 0.454 0.434 0.436 0.442 0.451 0.372 0.288 0.195 0.000 0.000 0.000 0.000 0.000 0.000 0.000 0.000
0.000 0.000 0.000 0.000 0.002 0.004 0.005 0.006 0.007 0.008 0.009 0.010 0.011 0.012 0.013 0.014 0.015 0.016 0.018 0.019 0.021 0.024 0.028 0.034 0.046 0.067 0.005 0.353 0.346 0.339 0.334 0.333 0.325 0.321 0.320 0.312 0.308 0.308 0.000 0.289 0.318 0.369 0.428 0.486 0.544 0.595 0.609 0.619 0.000 0.000 0.000 0.000 0.000 0.000 0.000 0.000 0.000 0.536 0.510 0.480 0.460 0.440 0.425 0.416 0.433 0.444 0.428 0.341 0.000 0.000 0.000 0.000 0.000 0.000 0.000 0.000 0.000
0.000 0.000 0.000 0.000 0.003 0.004 0.006 0.007 0.008 0.009 0.010 0.011 0.012 0.013 0.014 0.015 0.016 0.017 0.018 0.020 0.022 0.025 0.028 0.033 0.039 0.046 0.030 0.001 0.001 0.357 0.354 0.352 0.348 0.349 0.341 0.331 0.327 0.327 0.322 0.312 0.357 0.408 0.461 0.525 0.582 0.633 0.665 0.675 0.000 0.000 0.000 0.000 0.000 0.000 0.000 0.000 0.000 0.516 0.492 0.473 0.451 0.419 0.437 0.429 0.439 0.444 0.454 0.388 0.000 0.000 0.000 0.000 0.000 0.000 0.000 0.000 0.000
0.000 0.000 0.000 0.001 0.003 0.005 0.006 0.007 0.008 0.009 0.010 0.011 0.012 0.013 0.014 0.015 0.016 0.017 0.019 0.020 0.022 0.025 0.027 0.030 0.033 0.035 0.028 0.020 0.013 0.000 0.373 0.372 0.369 0.368 0.357 0.353 0.353 0.346 0.340 0.000 0.000 0.447 0.502 0.560 0.616 0.676 0.732 0.743 0.755 0.728 0.000 0.000 0.000 0.000 0.000 0.000 0.528 0.506 0.478 0.457 0.452 0.426 0.437 0.438 0.444 0.458 0.464 0.435 0.000 0.000 0.000 0.000 0.000 0.000 0.000 0.000 0.000
0.000 0.000 0.000 0.001 0.003 0.005 0.006 0.007 0.008 0.009 0.010 0.011 0.012 0.013 0.014 0.015 0.016 0.017 0.019 0.020 0.022 0.024 0.026 0.027 0.029 0.029 0.025 0.021 0.017 0.011 0.001 0.394 0.391 0.387 0.379 0.378 0.376 0.369 0.000 0.000 0.000 0.000 0.539 0.601 0.661 0.718 0.773 0.768 0.742 0.718 0.698 0.669 0.000 0.000 0.000 0.000 0.519 0.499 0.475 0.455 0.440 0.436 0.437 0.445 0.443 0.460 0.464 0.000 0.000 0.000 0.000 0.000 0.000 0.000 0.000 0.000 0.000
0.000 0.000 0.000 0.001 0.003 0.005 0.006 0.007 0.008 0.009 0.010 0.011 0.012 0.013 0.014 0.015 0.016 0.017 0.018 0.020 0.021 0.022 0.024 0.025 0.026 0.025 0.023 0.020 0.017 0.014 0.010 0.000 0.000 0.411 0.406 0.402 0.396 0.000 0.000 0.000 0.000 0.000 0.000 0.644 0.706 0.728 0.754 0.000 0.000 0.712 0.684 0.649 0.619 0.588 0.000 0.000 0.513 0.493 0.463 0.441 0.429 0.436 0.444 0.448 0.450 0.462 0.462 0.000 0.000 0.000 0.000 0.000 0.000 0.000 0.000 0.000 0.000
0.000 0.000 0.000 0.000 0.003 0.004 0.006 0.007 0.008 0.009 0.010 0.011 0.012 0.013 0.014 0.015 0.016 0.017 0.018 0.019 0.020 0.021 0.022 0.023 0.023 0.023 0.021 0.019 0.017 0.015 0.012 0.009 0.006 0.000 0.429 0.425 0.000 0.000 0.000 0.000 0.000 0.000 0.000 0.662 0.685 0.705 0.733 0.000 0.000 0.000 0.000 0.640 0.610 0.573 0.549 0.537 0.507 0.482 0.448 0.428 0.429 0.437 0.438 0.450 0.459 0.452 0.465 0.000 0.000 0.000 0.000 0.000 0.000 0.000 0.000 0.000 0.000
0.000 0.000 0.000 0.000 0.002 0.004 0.006 0.007 0.008 0.009 0.010 0.011 0.012 0.013 0.014 0.015 0.016 0.016 0.017 0.018 0.019 0.020 0.021 0.021 0.021 0.021 0.020 0.018 0.016 0.015 0.013 0.011 0.008 0.006 0.000 0.451 0.460 0.000 0.000 0.000 0.000 0.000 0.000 0.639 0.664 0.686 0.711 0.727 0.000 0.000 0.000 0.000 0.000 0.568 0.535 0.523 0.504 0.463 0.453 0.422 0.429 0.438 0.448 0.463 0.470 0.464 0.000 0.000 0.000 0.000 0.000 0.000 0.000 0.000 0.000 0.000 0.000
0.000 0.000 0.000 0.000 0.002 0.004 0.005 0.007 0.008 0.009 0.010 0.011 0.012 0.013 0.013 0.014 0.015 0.016 0.017 0.017 0.018 0.019 0.019 0.020 0.020 0.019 0.018 0.017 0.016 0.014 0.013 0.011 0.009 0.007 0.005 0.000 0.483 0.476 0.000 0.000 0.000 0.000 0.000 0.000 0.638 0.000 0.000 0.707 0.690 0.000 0.000 0.000 0.000 0.000 0.000 0.510 0.491 0.456 0.442 0.429 0.427 0.437 0.445 0.453 0.459 0.475 0.000 0.000 0.000 0.000 0.000 0.000 0.000 0.000 0.000 0.000 0.000
0.000 0.000 0.000 0.000 0.001 0.003 0.005 0.006 0.007 0.008 0.009 0.010 0.011 0.012 0.013 0.014 0.015 0.015 0.016 0.017 0.017 0.018 0.018 0.018 0.018 0.018 0.017 0.016 0.015 0.014 0.013 0.011 0.010 0.008 0.006 0.004 0.001 0.486 0.500 0.000 0.000 0.000 0.000 0.000 0.000 0.000 0.000 0.000 0.664 0.000 0.000 0.000 0.000 0.000 0.524 0.498 0.471 0.453 0.425 0.431 0.424 0.430 0.457 0.465 0.457 0.478 0.000 0.000 0.000 0.000 0.000 0.000 0.000 0.000 0.000 0.000 0.000
0.000 0.000 0.000 0.000 0.000 0.002 0.004 0.006 0.007 0.008 0.009 0.010 0.011 0.012 0.012 0.013 0.014 0.015 0.015 0.016 0.016 0.017 0.017 0.017 0.017 0.017 0.016 0.015 0.014 0.013 0.012 0.011 0.010 0.008 0.007 0.005 0.003 0.001 0.475 0.494 0.000 0.000 0.000 0.000 0.000 0.000 0.000 0.000 0.635 0.000 0.000 0.000 0.000 0.000 0.507 0.479 0.454 0.427 0.414 0.423 0.429 0.434 0.449 0.462 0.467 0.000 0.000 0.000 0.000 0.000 0.000 0.000 0.000 0.000 0.000 0.000 0.000
0.000 0.000 0.000 0.000 0.000 0.002 0.003 0.005 0.006 0.007 0.008 0.009 0.010 0.011 0.012 0.013 0.013 0.014 0.014 0.015 0.015 0.016 0.016 0.016 0.016 0.016 0.015 0.014 0.014 0.013 0.012 0.011 0.010 0.008 0.007 0.006 0.004 0.002 0.000 0.468 0.485 0.000 0.000 0.000 0.000 0.000 0.000 0.605 0.608 0.000 0.000 0.000 0.000 0.531 0.496 0.472 0.442 0.420 0.413 0.413 0.429 0.441 0.451 0.465 0.472 0.482 0.500 0.000 0.000 0.000 0.000 0.000 0.000 0.000 0.000 0.000 0.000
0.000 0.000 0.000 0.000 0.000 0.000 0.002 0.004 0.005 0.007 0.008 0.009 0.010 0.010 0.011 0.012 0.013 0.013 0.014 0.014 0.015 0.015 0.015 0.015 0.015 0.015 0.014 0.014 0.013 0.012 0.011 0.010 0.009 0.008 0.007 0.006 0.004 0.003 0.001 0.000 0.450 0.460 0.000 0.000 0.000 0.000 0.000 0.000 0.000 0.000 0.000 0.000 0.000 0.510 0.490 0.468 0.439 0.409 0.409 0.410 0.413 0.442 0.465 0.471 0.480 0.481 0.492 0.496 0.491 0.000 0.000 0.000 0.000 0.000 0.000 0.000 0.000
0.000 0.000 0.000 0.000 0.000 0.000 0.001 0.003 0.004 0.006 0.007 0.008 0.009 0.010 0.011 0.011 0.012 0.012 0.013 0.013 0.014 0.014 0.014 0.014 0.014 0.014 0.013 0.013 0.012 0.011 0.011 0.010 0.009 0.008 0.007 0.005 0.004 0.002 0.000 0.000 0.000 0.421 0.429 0.447 0.000 0.000 0.000 0.000 0.000 0.000 0.000 0.000 0.491 0.482 0.463 0.448 0.424 0.408 0.417 0.423 0.433 0.446 0.461 0.463 0.469 0.477 0.486 0.486 0.489 0.495 0.496 0.000 0.000 0.000 0.000 0.000 0.000
0.000 0.000 0.000 0.000 0.000 0.000 0.000 0.002 0.003 0.005 0.006 0.007 0.008 0.009 0.010 0.010 0.011 0.012 0.012 0.012 0.013 0.013 0.013 0.013 0.013 0.013 0.012 0.012 0.011 0.011 0.010 0.009 0.008 0.007 0.006 0.005 0.003 0.002 0.000 0.000 0.000 0.000 0.401 0.410 0.424 0.000 0.000 0.000 0.000 0.000 0.000 0.000 0.458 0.440 0.431 0.420 0.412 0.409 0.422 0.427 0.446 0.451 0.453 0.465 0.472 0.484 0.492 0.485 0.487 0.497 0.494 0.503 0.450 0.000 0.000 0.000 0.000
0.000 0.000 0.000 0.000 0.000 0.000 0.000 0.000 0.002 0.004 0.005 0.006 0.007 0.008 0.009 0.010 0.010 0.011 0.011 0.012 0.012 0.012 0.012 0.012 0.012 0.012 0.011 0.011 0.010 0.010 0.009 0.008 0.007 0.006 0.005 0.004 0.002 0.000 0.000 0.000 0.000 0.000 0.000 0.380 0.392 0.403 0.000 0.000 0.000 0.000 0.000 0.438 0.430 0.418 0.404 0.400 0.398 0.412 0.434 0.435 0.451 0.459 0.456 0.473 0.480 0.000 0.000 0.000 0.486 0.490 0.490 0.504 0.489 0.395 0.321 0.000 0.000
0.000 0.000 0.000 0.000 0.000 0.000 0.000 0.000 0.000 0.002 0.004 0.005 0.006 0.007 0.008 0.009 0.009 0.010 0.010 0.011 0.011 0.011 0.011 0.011 0.011 0.011 0.011 0.010 0.010 0.009 0.008 0.007 0.006 0.005 0.004 0.003 0.001 0.000 0.000 0.000 0.000 0.000 0.000 0.000 0.359 0.368 0.400 0.000 0.000 0.000 0.000 0.416 0.407 0.397 0.381 0.398 0.391 0.405 0.420 0.429 0.444 0.447 0.454 0.468 0.472 0.000 0.000 0.000 0.000 0.000 0.496 0.503 0.502 0.433 0.386 0.340 0.000
0.000 0.000 0.000 0.000 0.000 0.000 0.000 0.000 0.000 0.000 0.002 0.004 0.005 0.006 0.007 0.008 0.008 0.009 0.009 0.010 0.010 0.010 0.010 0.010 0.010 0.010 0.010 0.009 0.009 0.008 0.007 0.006 0.005 0.004 0.003 0.001 0.000 0.000 0.000 0.000 0.000 0.000 0.000 0.000 0.327 0.349 0.377 0.397 0.000 0.408 0.400 0.397 0.383 0.376 0.385 0.390 0.389 0.394 0.399 0.415 0.426 0.436 0.451 0.465 0.000 0.000 0.000 0.000 0.000 0.000 0.000 0.497 0.500 0.501 0.450 0.410 0.000
0.000 0.000 0.000 0.000 0.000 0.000 0.000 0.000 0.000 0.000 0.000 0.002 0.003 0.005 0.006 0.007 0.007 0.008 0.008 0.009 0.009 0.009 0.009 0.009 0.009 0.009 0.009 0.008 0.008 0.007 0.006 0.005 0.004 0.003 0.002 0.000 0.000 0.000 0.000 0.000 0.000 0.000 0.000 0.000 0.000 0.322 0.346 0.371 0.396 0.392 0.381 0.383 0.385 0.380 0.379 0.386 0.390 0.392 0.390 0.406 0.422 0.441 0.454 0.000 0.000 0.000 0.000 0.000 0.000 0.000 0.000 0.000 0.000 0.497 0.491 0.477 0.435
0.000 0.000 0.000 0.000 0.000 0.000 0.000 0.000 0.000 0.000 0.000 0.000 0.002 0.003 0.004 0.005 0.006 0.007 0.007 0.008 0.008 0.008 0.008 0.008 0.008 0.008 0.008 0.007 0.007 0.006 0.005 0.004 0.003 0.001 0.000 0.000 0.000 0.000 0.000 0.000 0.000 0.000 0.000 0.000 0.000 0.000 0.334 0.343 0.365 0.369 0.376 0.381 0.381 0.377 0.385 0.381 0.390 0.386 0.393 0.410 0.421 0.436 0.454 0.000 0.000 0.000 0.000 0.000 0.000 0.000 0.000 0.000 0.000 0.000 0.000 0.484 0.474
0.000 0.000 0.000 0.000 0.000 0.000 0.000 0.000 0.000 0.000 0.000 0.000 0.000 0.001 0.003 0.004 0.005 0.005 0.006 0.006 0.007 0.007 0.007 0.007 0.007 0.007 0.006 0.006 0.005 0.005 0.004 0.002 0.001 0.000 0.000 0.000 0.000 0.000 0.000 0.000 0.000 0.000 0.000 0.000 0.000 0.000 0.000 0.321 0.343 0.361 0.367 0.377 0.383 0.386 0.385 0.379 0.383 0.391 0.397 0.406 0.422 0.442 0.000 0.000 0.000 0.000 0.000 0.000 0.000 0.000 0.000 0.000 0.000 0.000 0.000 0.000 0.000
0.000 0.000 0.000 0.000 0.000 0.000 0.000 0.000 0.000 0.000 0.000 0.000 0.000 0.000 0.001 0.002 0.003 0.004 0.005 0.005 0.005 0.006 0.006 0.006 0.006 0.006 0.005 0.005 0.004 0.003 0.002 0.000 0.000 0.000 0.000 0.000 0.000 0.000 0.000 0.000 0.000 0.000 0.000 0.000 0.000 0.000 0.000 0.000 0.331 0.359 0.362 0.368 0.372 0.371 0.378 0.376 0.379 0.383 0.388 0.395 0.412 0.428 0.000 0.000 0.000 0.000 0.000 0.000 0.000 0.000 0.000 0.000 0.000 0.000 0.000 0.000 0.000
0.000 0.000 0.000 0.000 0.000 0.000 0.000 0.000 0.000 0.000 0.000 0.000 0.000 0.000 0.000 0.000 0.001 0.002 0.003 0.003 0.004 0.004 0.004 0.004 0.004 0.004 0.004 0.003 0.002 0.001 0.000 0.000 0.000 0.000 0.000 0.000 0.000 0.000 0.000 0.000 0.000 0.000 0.000 0.000 0.000 0.000 0.000 0.000 0.000 0.328 0.345 0.360 0.360 0.371 0.371 0.364 0.367 0.378 0.378 0.394 0.397 0.000 0.000 0.000 0.000 0.000 0.000 0.000 0.000 0.000 0.000 0.000 0.000 0.000 0.000 0.000 0.000
0.000 0.000 0.000 0.000 0.000 0.000 0.000 0.000 0.000 0.000 0.000 0.000 0.000 0.000 0.000 0.000 0.000 0.000 0.000 0.001 0.002 0.002 0.002 0.003 0.003 0.002 0.002 0.001 0.000 0.000 0.000 0.000 0.000 0.000 0.000 0.000 0.000 0.000 0.000 0.000 0.000 0.000 0.000 0.000 0.000 0.000 0.000 0.000 0.000 0.000 0.319 0.340 0.362 0.367 0.364 0.365 0.355 0.365 0.373 0.382 0.396 0.000 0.000 0.000 0.000 0.000 0.000 0.000 0.000 0.000 0.000 0.000 0.000 0.000 0.000 0.000 0.000
0.000 0.000 0.000 0.000 0.000 0.000 0.000 0.000 0.000 0.000 0.000 0.000 0.000 0.000 0.000 0.000 0.000 0.000 0.000 0.000 0.000 0.000 0.000 0.000 0.000 0.000 0.000 0.000 0.000 0.000 0.000 0.000 0.000 0.000 0.000 0.000 0.000 0.000 0.000 0.000 0.000 0.000 0.000 0.000 0.000 0.000 0.000 0.000 0.000 0.000 0.294 0.313 0.340 0.356 0.354 0.350 0.359 0.349 0.356 0.376 0.000 0.000 0.000 0.000 0.000 0.000 0.000 0.000 0.000 0.000 0.000 0.000 0.000 0.000 0.000 0.000 0.000
0.000 0.000 0.000 0.000 0.000 0.000 0.000 0.000 0.000 0.000 0.000 0.000 0.000 0.000 0.000 0.000 0.000 0.000 0.000 0.000 0.000 0.000 0.000 0.000 0.000 0.000 0.000 0.000 0.000 0.000 0.000 0.000 0.000 0.000 0.000 0.000 0.000 0.000 0.000 0.000 0.000 0.000 0.000 0.000 0.000 0.000 0.000 0.000 0.000 0.000 0.000 0.291 0.315 0.340 0.349 0.346 0.346 0.345 0.342 0.000 0.000 0.000 0.000 0.000 0.000 0.000 0.000 0.000 0.000 0.000 0.000 0.000 0.000 0.000 0.000 0.000 0.000
0.000 0.000 0.000 0.000 0.000 0.000 0.000 0.000 0.000 0.000 0.000 0.000 0.000 0.000 0.000 0.000 0.000 0.000 0.000 0.000 0.000 0.000 0.000 0.000 0.000 0.000 0.000 0.000 0.000 0.000 0.000 0.000 0.000 0.000 0.000 0.000 0.000 0.000 0.000 0.000 0.000 0.000 0.000 0.000 0.000 0.000 0.000 0.000 0.000 0.000 0.000 0.264 0.288 0.307 0.328 0.335 0.333 0.326 0.326 0.320 0.000 0.000 0.000 0.000 0.000 0.000 0.000 0.000 0.000 0.000 0.000 0.000 0.000 0.000 0.000 0.000 0.000
0.000 0.000 0.000 0.000 0.000 0.000 0.000 0.000 0.000 0.000 0.000 0.000 0.000 0.000 0.000 0.000 0.000 0.000 0.000 0.000 0.000 0.000 0.000 0.000 0.000 0.000 0.000 0.000 0.000 0.000 0.000 0.000 0.000 0.000 0.000 0.000 0.000 0.000 0.000 0.000 0.000 0.000 0.000 0.000 0.000 0.000 0.000 0.000 0.000 0.000 0.000 0.247 0.266 0.287 0.305 0.315 0.328 0.326 0.315 0.309 0.312 0.000 0.000 0.000 0.000 0.000 0.000 0.000 0.000 0.000 0.000 0.000 0.000 0.000 0.000 0.000 0.000
0.000 0.000 0.000 0.000 0.000 0.000 0.000 0.000 0.000 0.000 0.000 0.000 0.000 0.000 0.000 0.000 0.000 0.000 0.000 0.000 0.000 0.000 0.000 0.000 0.000 0.000 0.000 0.000 0.000 0.000 0.000 0.000 0.000 0.000 0.000 0.000 0.000 0.000 0.000 0.000 0.000 0.000 0.000 0.000 0.000 0.000 0.000 0.000 0.000 0.000 0.000 0.206 0.237 0.262 0.285 0.302 0.314 0.319 0.307 0.303 0.301 0.294 0.292 0.000 0.000 0.000 0.000 0.000 0.000 0.000 0.000 0.000 0.000 0.000 0.000 0.000 0.000
0.000 0.000 0.000 0.000 0.000 0.000 0.000 0.000 0.000 0.000 0.000 0.000 0.000 0.000 0.000 0.000 0.000 0.000 0.000 0.000 0.000 0.000 0.000 0.000 0.000 0.000 0.000 0.000 0.000 0.000 0.000 0.000 0.000 0.000 0.000 0.000 0.000 0.000 0.000 0.000 0.000 0.000 0.000 0.000 0.000 0.000 0.000 0.000 0.000 0.000 0.000 0.000 0.216 0.240 0.259 0.271 0.283 0.296 0.300 0.291 0.287 0.281 0.286 0.295 0.000 0.000 0.000 0.000 0.000 0.000 0.000 0.000 0.000 0.000 0.000 0.000 0.000
0.000 0.000 0.000 0.000 0.000 0.000 0.000 0.000 0.000 0.000 0.000 0.000 0.000 0.000 0.000 0.000 0.000 0.000 0.000 0.000 0.000 0.000 0.000 0.000 0.000 0.000 0.000 0.000 0.000 0.000 0.000 0.000 0.000 0.000 0.000 0.000 0.000 0.000 0.000 0.000 0.000 0.000 0.000 0.000 0.000 0.000 0.000 0.000 0.000 0.000 0.000 0.000 0.199 0.220 0.233 0.244 0.256 0.272 0.284 0.284 0.276 0.280 0.284 0.290 0.299 0.000 0.000 0.000 0.000 0.000 0.000 0.000 0.000 0.000 0.000 0.000 0.000
