数据/2hours/0.1-2h-100y/coupled-131-0001.wd
ncols         694
nrows         824
xllcorner     581104.939801
yllcorner     3495917.092414
cellsize      2.000000
NODATA_value  -9999.000000
[rows 408 to 441 of 824, columns 385 to 461 of 694]
0.000 0.000 0.000 0.000 0.000 0.000 0.000 0.000 0.000 0.000 0.000 0.000 0.000 0.000 0.000 0.000 0.000 0.000 0.000 0.000 0.000 0.000 0.000 0.000 0.000 0.000 0.000 0.000 0.000 0.000 0.000 0.000 0.058 0.062 0.073 0.081 0.093 0.092 0.084 0.097 0.098 0.095 0.096 0.000 0.000 0.000 0.000 0.000 0.000 0.000 0.039 0.038 0.038 0.039 0.039 0.036 0.031 0.026 0.021 0.017 0.013 0.008 0.003 0.000 0.000 0.000 0.000 0.000 0.000 0.000 0.000 0.000 0.000 0.000 0.000 0.000 0.000
0.000 0.000 0.000 0.000 0.000 0.000 0.000 0.000 0.000 0.000 0.000 0.000 0.000 0.000 0.000 0.000 0.000 0.000 0.000 0.000 0.000 0.000 0.000 0.000 0.000 0.000 0.000 0.000 0.000 0.000 0.000 0.051 0.057 0.063 0.077 0.085 0.092 0.092 0.095 0.094 0.099 0.097 0.098 0.000 0.000 0.000 0.000 0.000 0.000 0.040 0.040 0.039 0.039 0.040 0.038 0.038 0.038 0.034 0.029 0.024 0.019 0.015 0.010 0.005 0.000 0.000 0.000 0.000 0.000 0.000 0.000 0.000 0.000 0.000 0.000 0.000 0.000
0.000 0.000 0.000 0.000 0.000 0.000 0.000 0.000 0.000 0.000 0.000 0.000 0.000 0.000 0.000 0.000 0.000 0.000 0.000 0.000 0.000 0.000 0.000 0.000 0.000 0.000 0.000 0.000 0.000 0.000 0.000 0.057 0.062 0.069 0.082 0.088 0.099 0.099 0.100 0.102 0.103 0.096 0.100 0.000 0.000 0.000 0.000 0.000 0.000 0.039 0.040 0.040 0.039 0.039 0.038 0.039 0.038 0.038 0.036 0.031 0.026 0.022 0.017 0.012 0.007 0.003 0.000 0.000 0.000 0.000 0.000 0.000 0.000 0.000 0.000 0.000 0.000
0.000 0.000 0.000 0.000 0.000 0.000 0.000 0.000 0.000 0.000 0.000 0.000 0.000 0.000 0.000 0.000 0.000 0.000 0.000 0.000 0.000 0.000 0.000 0.000 0.000 0.000 0.000 0.000 0.000 0.000 0.000 0.061 0.068 0.077 0.081 0.090 0.096 0.099 0.099 0.098 0.099 0.101 0.102 0.000 0.000 0.000 0.000 0.000 0.000 0.039 0.039 0.039 0.039 0.039 0.039 0.039 0.038 0.038 0.037 0.037 0.034 0.029 0.024 0.019 0.014 0.009 0.005 0.000 0.000 0.000 0.000 0.000 0.000 0.000 0.000 0.000 0.000
0.000 0.000 0.000 0.000 0.000 0.000 0.000 0.000 0.000 0.000 0.000 0.000 0.000 0.000 0.000 0.000 0.000 0.000 0.000 0.000 0.000 0.000 0.000 0.000 0.000 0.000 0.000 0.000 0.000 0.000 0.000 0.062 0.071 0.075 0.084 0.095 0.101 0.102 0.103 0.098 0.101 0.095 0.000 0.000 0.000 0.000 0.000 0.000 0.000 0.039 0.039 0.039 0.039 0.039 0.039 0.038 0.039 0.038 0.037 0.037 0.037 0.036 0.031 0.026 0.021 0.016 0.011 0.007 0.002 0.000 0.000 0.000 0.000 0.000 0.000 0.000 0.000
0.000 0.000 0.000 0.000 0.000 0.000 0.000 0.000 0.000 0.000 0.000 0.000 0.000 0.000 0.000 0.000 0.000 0.000 0.000 0.000 0.000 0.000 0.000 0.000 0.000 0.000 0.000 0.000 0.000 0.000 0.066 0.067 0.075 0.076 0.088 0.095 0.097 0.104 0.102 0.100 0.098 0.101 0.000 0.000 0.000 0.000 0.000 0.000 0.038 0.038 0.038 0.039 0.038 0.039 0.038 0.038 0.038 0.037 0.037 0.036 0.037 0.036 0.035 0.033 0.028 0.023 0.018 0.013 0.009 0.003 0.000 0.000 0.000 0.000 0.000 0.000 0.000
0.000 0.000 0.000 0.000 0.000 0.000 0.000 0.000 0.000 0.000 0.000 0.000 0.000 0.000 0.000 0.000 0.000 0.000 0.000 0.000 0.000 0.000 0.000 0.000 0.000 0.000 0.000 0.000 0.000 0.000 0.056 0.065 0.069 0.078 0.083 0.094 0.095 0.102 0.097 0.106 0.098 0.103 0.000 0.000 0.000 0.000 0.000 0.000 0.037 0.038 0.038 0.039 0.038 0.039 0.039 0.038 0.038 0.038 0.037 0.037 0.037 0.036 0.035 0.035 0.033 0.030 0.025 0.020 0.015 0.010 0.005 0.000 0.000 0.000 0.000 0.000 0.000
0.000 0.000 0.000 0.000 0.000 0.000 0.000 0.000 0.000 0.000 0.000 0.000 0.000 0.000 0.000 0.000 0.000 0.000 0.000 0.000 0.000 0.000 0.000 0.000 0.000 0.000 0.000 0.000 0.000 0.000 0.055 0.066 0.069 0.080 0.085 0.091 0.095 0.100 0.094 0.098 0.098 0.000 0.000 0.000 0.000 0.000 0.000 0.000 0.039 0.039 0.039 0.039 0.039 0.038 0.038 0.038 0.038 0.037 0.036 0.036 0.036 0.036 0.036 0.035 0.034 0.033 0.032 0.027 0.022 0.017 0.011 0.006 0.001 0.000 0.000 0.000 0.000
0.000 0.000 0.000 0.000 0.000 0.000 0.000 0.000 0.000 0.000 0.000 0.000 0.000 0.000 0.000 0.000 0.000 0.000 0.000 0.000 0.000 0.000 0.000 0.000 0.000 0.000 0.000 0.000 0.000 0.000 0.055 0.066 0.074 0.083 0.094 0.094 0.096 0.097 0.099 0.092 0.090 0.000 0.000 0.000 0.000 0.000 0.000 0.042 0.040 0.040 0.040 0.040 0.040 0.039 0.038 0.038 0.037 0.037 0.036 0.036 0.036 0.036 0.035 0.034 0.033 0.032 0.032 0.031 0.028 0.023 0.018 0.013 0.007 0.002 0.000 0.000 0.000
0.000 0.000 0.000 0.000 0.000 0.000 0.000 0.000 0.000 0.000 0.000 0.000 0.000 0.000 0.000 0.000 0.000 0.000 0.000 0.000 0.000 0.000 0.000 0.000 0.000 0.000 0.000 0.000 0.044 0.061 0.066 0.073 0.079 0.088 0.096 0.097 0.100 0.099 0.096 0.090 0.088 0.000 0.000 0.000 0.000 0.000 0.000 0.043 0.042 0.041 0.041 0.041 0.040 0.039 0.039 0.037 0.037 0.036 0.037 0.035 0.035 0.035 0.034 0.034 0.033 0.032 0.031 0.030 0.029 0.029 0.025 0.020 0.014 0.009 0.003 0.000 0.000
0.000 0.000 0.000 0.000 0.000 0.000 0.000 0.000 0.000 0.000 0.000 0.000 0.000 0.000 0.000 0.000 0.000 0.000 0.000 0.000 0.000 0.000 0.000 0.000 0.000 0.000 0.000 0.000 0.051 0.057 0.068 0.074 0.083 0.089 0.099 0.100 0.095 0.095 0.092 0.091 0.102 0.000 0.000 0.000 0.000 0.000 0.000 0.044 0.043 0.042 0.041 0.042 0.041 0.040 0.040 0.039 0.037 0.037 0.036 0.036 0.035 0.034 0.034 0.034 0.033 0.031 0.030 0.030 0.029 0.028 0.028 0.026 0.020 0.015 0.010 0.004 0.000
0.000 0.000 0.000 0.000 0.000 0.000 0.000 0.000 0.000 0.000 0.000 0.000 0.000 0.000 0.000 0.000 0.000 0.000 0.000 0.000 0.000 0.000 0.000 0.000 0.000 0.000 0.000 0.000 0.054 0.055 0.067 0.073 0.084 0.094 0.098 0.099 0.099 0.090 0.094 0.091 0.101 0.000 0.000 0.000 0.000 0.000 0.000 0.044 0.043 0.042 0.042 0.041 0.042 0.041 0.040 0.039 0.037 0.036 0.035 0.034 0.034 0.034 0.034 0.033 0.032 0.031 0.029 0.029 0.028 0.027 0.026 0.026 0.025 0.021 0.016 0.010 0.005
0.000 0.000 0.000 0.000 0.000 0.000 0.000 0.000 0.000 0.000 0.000 0.000 0.000 0.000 0.000 0.000 0.000 0.000 0.000 0.000 0.000 0.000 0.000 0.000 0.000 0.000 0.000 0.000 0.049 0.061 0.068 0.082 0.086 0.097 0.097 0.093 0.100 0.086 0.092 0.097 0.089 0.000 0.000 0.000 0.000 0.000 0.043 0.044 0.043 0.043 0.042 0.041 0.041 0.041 0.041 0.039 0.038 0.036 0.035 0.035 0.034 0.033 0.033 0.033 0.032 0.031 0.029 0.028 0.027 0.026 0.025 0.025 0.024 0.022 0.021 0.016 0.011
0.000 0.000 0.000 0.000 0.000 0.000 0.000 0.000 0.000 0.000 0.000 0.000 0.000 0.000 0.000 0.000 0.000 0.000 0.000 0.000 0.000 0.000 0.000 0.000 0.000 0.000 0.000 0.000 0.041 0.061 0.069 0.081 0.090 0.089 0.094 0.087 0.089 0.085 0.084 0.092 0.089 0.000 0.000 0.000 0.000 0.000 0.043 0.044 0.044 0.043 0.042 0.042 0.041 0.041 0.042 0.041 0.039 0.037 0.035 0.034 0.034 0.033 0.033 0.032 0.031 0.030 0.029 0.028 0.026 0.026 0.025 0.024 0.023 0.021 0.020 0.019 0.017
0.000 0.000 0.000 0.000 0.000 0.000 0.000 0.000 0.000 0.000 0.000 0.000 0.000 0.000 0.000 0.000 0.000 0.000 0.000 0.000 0.000 0.000 0.000 0.000 0.000 0.000 0.000 0.041 0.054 0.055 0.072 0.082 0.094 0.093 0.089 0.092 0.086 0.094 0.086 0.090 0.088 0.000 0.000 0.000 0.000 0.000 0.045 0.044 0.043 0.043 0.043 0.042 0.041 0.042 0.042 0.041 0.040 0.037 0.035 0.034 0.033 0.032 0.032 0.032 0.031 0.030 0.028 0.027 0.026 0.025 0.024 0.023 0.022 0.020 0.019 0.018 0.016
0.000 0.000 0.000 0.000 0.000 0.000 0.000 0.000 0.000 0.000 0.000 0.000 0.000 0.000 0.000 0.000 0.000 0.000 0.000 0.000 0.000 0.000 0.000 0.000 0.000 0.000 0.000 0.041 0.046 0.058 0.073 0.085 0.089 0.093 0.091 0.089 0.092 0.091 0.092 0.096 0.089 0.086 0.092 0.000 0.000 0.000 0.000 0.000 0.043 0.042 0.042 0.042 0.042 0.041 0.042 0.041 0.040 0.038 0.035 0.034 0.033 0.032 0.031 0.031 0.030 0.029 0.027 0.026 0.024 0.023 0.022 0.022 0.021 0.019 0.018 0.016 0.015
0.000 0.000 0.000 0.000 0.000 0.000 0.000 0.000 0.000 0.000 0.000 0.000 0.000 0.000 0.000 0.000 0.000 0.000 0.000 0.000 0.000 0.000 0.000 0.000 0.000 0.000 0.000 0.041 0.055 0.058 0.076 0.078 0.092 0.100 0.096 0.101 0.093 0.100 0.091 0.093 0.091 0.085 0.086 0.082 0.082 0.085 0.000 0.050 0.046 0.044 0.043 0.042 0.042 0.041 0.041 0.041 0.040 0.037 0.035 0.033 0.033 0.031 0.030 0.030 0.029 0.028 0.026 0.025 0.024 0.023 0.022 0.021 0.019 0.018 0.016 0.015 0.013
0.000 0.000 0.000 0.000 0.000 0.000 0.000 0.000 0.000 0.000 0.000 0.000 0.000 0.000 0.000 0.000 0.000 0.000 0.000 0.000 0.000 0.000 0.000 0.000 0.000 0.000 0.000 0.044 0.057 0.068 0.075 0.083 0.096 0.109 0.100 0.096 0.094 0.098 0.098 0.097 0.091 0.085 0.084 0.078 0.078 0.078 0.068 0.055 0.049 0.046 0.044 0.043 0.042 0.042 0.041 0.041 0.039 0.037 0.035 0.032 0.031 0.031 0.030 0.029 0.028 0.027 0.025 0.024 0.023 0.022 0.020 0.019 0.018 0.016 0.014 0.012 0.010
0.000 0.000 0.000 0.000 0.000 0.000 0.000 0.000 0.000 0.000 0.000 0.000 0.000 0.000 0.000 0.000 0.000 0.000 0.000 0.000 0.000 0.000 0.000 0.000 0.000 0.000 0.000 0.043 0.064 0.063 0.076 0.084 0.106 0.137 0.095 0.095 0.090 0.103 0.093 0.099 0.000 0.088 0.084 0.080 0.075 0.074 0.065 0.055 0.050 0.046 0.044 0.043 0.043 0.042 0.042 0.040 0.040 0.037 0.034 0.032 0.031 0.030 0.029 0.028 0.027 0.026 0.024 0.023 0.021 0.020 0.019 0.017 0.016 0.014 0.011 0.009 0.008
0.000 0.000 0.000 0.000 0.000 0.000 0.000 0.000 0.000 0.000 0.000 0.000 0.000 0.000 0.000 0.000 0.000 0.000 0.000 0.000 0.000 0.000 0.000 0.000 0.000 0.000 0.000 0.046 0.059 0.069 0.076 0.086 0.096 0.097 0.091 0.092 0.096 0.096 0.099 0.000 0.000 0.000 0.000 0.000 0.076 0.073 0.061 0.054 0.049 0.046 0.044 0.043 0.042 0.041 0.041 0.040 0.038 0.035 0.033 0.032 0.030 0.029 0.028 0.027 0.026 0.025 0.023 0.021 0.020 0.018 0.017 0.015 0.013 0.010 0.009 0.009 0.008
0.000 0.000 0.000 0.000 0.000 0.000 0.000 0.000 0.000 0.000 0.000 0.000 0.000 0.000 0.000 0.000 0.000 0.000 0.000 0.000 0.000 0.000 0.000 0.000 0.000 0.000 0.039 0.047 0.067 0.066 0.080 0.083 0.095 0.097 0.092 0.095 0.083 0.099 0.000 0.000 0.000 0.000 0.000 0.000 0.000 0.000 0.053 0.050 0.048 0.046 0.044 0.043 0.042 0.041 0.040 0.040 0.037 0.034 0.032 0.030 0.029 0.028 0.027 0.026 0.025 0.023 0.021 0.019 0.018 0.016 0.014 0.011 0.010 0.009 0.009 0.009 0.009
0.000 0.000 0.000 0.000 0.000 0.000 0.000 0.000 0.000 0.000 0.000 0.000 0.000 0.000 0.000 0.000 0.000 0.000 0.000 0.000 0.000 0.000 0.000 0.000 0.000 0.000 0.043 0.048 0.067 0.076 0.077 0.084 0.094 0.089 0.091 0.086 0.092 0.088 0.000 0.000 0.000 0.000 0.000 0.000 0.000 0.000 0.048 0.048 0.047 0.046 0.044 0.043 0.042 0.041 0.041 0.039 0.036 0.033 0.031 0.030 0.028 0.027 0.026 0.025 0.023 0.021 0.019 0.017 0.015 0.012 0.010 0.010 0.010 0.009 0.009 0.009 0.010
0.000 0.000 0.000 0.000 0.000 0.000 0.000 0.000 0.000 0.000 0.000 0.000 0.000 0.000 0.000 0.000 0.000 0.000 0.000 0.000 0.000 0.000 0.000 0.000 0.000 0.000 0.045 0.054 0.068 0.071 0.085 0.087 0.092 0.098 0.099 0.100 0.092 0.000 0.000 0.000 0.000 0.000 0.051 0.051 0.050 0.048 0.048 0.048 0.048 0.047 0.045 0.043 0.041 0.040 0.040 0.038 0.035 0.032 0.030 0.029 0.027 0.026 0.025 0.023 0.021 0.019 0.016 0.013 0.011 0.011 0.010 0.010 0.010 0.009 0.009 0.010 0.013
0.000 0.000 0.000 0.000 0.000 0.000 0.000 0.000 0.000 0.000 0.000 0.000 0.000 0.000 0.000 0.000 0.000 0.000 0.000 0.000 0.000 0.000 0.000 0.000 0.000 0.000 0.049 0.052 0.076 0.077 0.085 0.084 0.099 0.090 0.096 0.085 0.095 0.000 0.000 0.000 0.000 0.000 0.000 0.051 0.049 0.049 0.047 0.047 0.047 0.047 0.046 0.044 0.041 0.040 0.039 0.037 0.034 0.031 0.029 0.028 0.026 0.024 0.023 0.021 0.018 0.015 0.012 0.011 0.011 0.011 0.010 0.010 0.010 0.010 0.011 0.014 0.020
0.000 0.000 0.000 0.000 0.000 0.000 0.000 0.000 0.000 0.000 0.000 0.000 0.000 0.000 0.000 0.000 0.000 0.000 0.000 0.000 0.000 0.000 0.000 0.000 0.000 0.000 0.048 0.062 0.069 0.084 0.087 0.092 0.095 0.095 0.103 0.095 0.102 0.000 0.000 0.000 0.000 0.000 0.000 0.000 0.000 0.000 0.047 0.047 0.047 0.046 0.045 0.043 0.041 0.041 0.038 0.035 0.032 0.030 0.028 0.027 0.024 0.022 0.020 0.017 0.013 0.012 0.012 0.011 0.011 0.011 0.011 0.011 0.011 0.013 0.016 0.022 0.027
0.000 0.000 0.000 0.000 0.000 0.000 0.000 0.000 0.000 0.000 0.000 0.000 0.000 0.000 0.000 0.000 0.000 0.000 0.000 0.000 0.000 0.000 0.000 0.000 0.000 0.052 0.052 0.067 0.070 0.085 0.083 0.092 0.090 0.096 0.096 0.098 0.000 0.000 0.000 0.000 0.000 0.000 0.000 0.000 0.000 0.000 0.000 0.000 0.046 0.045 0.044 0.043 0.042 0.040 0.036 0.033 0.030 0.028 0.026 0.024 0.022 0.019 0.015 0.014 0.013 0.012 0.012 0.011 0.011 0.011 0.012 0.012 0.015 0.020 0.026 0.034 0.033
0.091 0.000 0.000 0.000 0.000 0.060 0.051 0.037 0.025 0.018 0.000 0.000 0.000 0.000 0.000 0.000 0.000 0.000 0.000 0.000 0.000 0.000 0.000 0.000 0.000 0.056 0.053 0.062 0.075 0.080 0.084 0.090 0.090 0.095 0.090 0.092 0.000 0.000 0.000 0.000 0.000 0.000 0.000 0.000 0.000 0.000 0.000 0.000 0.000 0.000 0.000 0.044 0.043 0.039 0.034 0.031 0.029 0.026 0.024 0.021 0.017 0.015 0.015 0.014 0.013 0.012 0.012 0.012 0.012 0.013 0.015 0.019 0.025 0.031 0.039 0.044 0.040
0.104 0.097 0.092 0.085 0.080 0.073 0.065 0.052 0.039 0.030 0.024 0.020 0.017 0.015 0.012 0.011 0.009 0.000 0.009 0.000 0.000 0.000 0.000 0.000 0.000 0.056 0.056 0.058 0.068 0.079 0.089 0.090 0.090 0.089 0.089 0.089 0.000 0.000 0.000 0.000 0.000 0.000 0.000 0.000 0.000 0.000 0.000 0.000 0.000 0.000 0.000 0.000 0.000 0.000 0.032 0.030 0.026 0.022 0.019 0.016 0.016 0.015 0.014 0.013 0.013 0.013 0.013 0.014 0.016 0.019 0.024 0.030 0.038 0.045 0.053 0.051 0.047
0.115 0.110 0.104 0.098 0.092 0.086 0.078 0.066 0.053 0.042 0.035 0.031 0.028 0.024 0.020 0.014 0.012 0.010 0.010 0.011 0.016 0.000 0.000 0.000 0.000 0.047 0.058 0.059 0.064 0.076 0.089 0.093 0.090 0.089 0.082 0.090 0.000 0.000 0.000 0.000 0.000 0.000 0.000 0.000 0.000 0.000 0.000 0.000 0.000 0.000 0.000 0.000 0.000 0.000 0.000 0.000 0.019 0.017 0.016 0.016 0.016 0.015 0.014 0.013 0.014 0.014 0.016 0.019 0.024 0.030 0.037 0.044 0.051 0.059 0.064 0.060 0.055
0.128 0.123 0.117 0.109 0.104 0.098 0.090 0.078 0.065 0.054 0.046 0.041 0.037 0.033 0.028 0.022 0.014 0.013 0.012 0.013 0.017 0.022 0.000 0.000 0.000 0.040 0.054 0.064 0.071 0.074 0.084 0.092 0.089 0.087 0.081 0.000 0.000 0.000 0.000 0.000 0.000 0.000 0.000 0.000 0.000 0.000 0.000 0.000 0.000 0.000 0.000 0.000 0.000 0.000 0.000 0.000 0.014 0.015 0.016 0.016 0.016 0.015 0.014 0.014 0.016 0.018 0.023 0.029 0.036 0.044 0.051 0.058 0.065 0.072 0.072 0.068 0.062
0.142 0.136 0.130 0.123 0.117 0.111 0.100 0.088 0.076 0.065 0.057 0.051 0.046 0.042 0.036 0.030 0.023 0.016 0.015 0.015 0.018 0.021 0.024 0.023 0.030 0.038 0.051 0.064 0.072 0.079 0.087 0.091 0.087 0.079 0.088 0.000 0.000 0.000 0.000 0.000 0.000 0.000 0.000 0.000 0.000 0.000 0.000 0.000 0.000 0.000 0.000 0.000 0.000 0.000 0.000 0.000 0.012 0.014 0.015 0.016 0.015 0.015 0.015 0.017 0.021 0.027 0.035 0.042 0.050 0.058 0.065 0.072 0.079 0.085 0.080 0.075 0.069
0.153 0.149 0.142 0.134 0.129 0.120 0.109 0.097 0.086 0.076 0.068 0.061 0.055 0.050 0.044 0.038 0.031 0.023 0.019 0.018 0.019 0.022 0.024 0.027 0.033 0.038 0.049 0.058 0.069 0.081 0.091 0.090 0.087 0.084 0.092 0.000 0.000 0.000 0.000 0.000 0.000 0.000 0.000 0.000 0.000 0.000 0.000 0.000 0.000 0.000 0.000 0.000 0.000 0.000 0.000 0.000 0.011 0.013 0.015 0.015 0.016 0.017 0.019 0.025 0.031 0.040 0.048 0.056 0.063 0.070 0.077 0.085 0.092 0.092 0.088 0.083 0.077
0.165 0.161 0.154 0.147 0.139 0.130 0.118 0.106 0.095 0.086 0.078 0.071 0.065 0.059 0.053 0.047 0.040 0.033 0.024 0.021 0.021 0.023 0.025 0.026 0.036 0.035 0.049 0.055 0.070 0.081 0.087 0.088 0.088 0.089 0.092 0.000 0.000 0.000 0.000 0.000 0.000 0.000 0.000 0.000 0.000 0.000 0.000 0.000 0.000 0.000 0.000 0.000 0.000 0.000 0.000 0.000 0.009 0.012 0.014 0.016 0.019 0.023 0.030 0.038 0.046 0.054 0.062 0.069 0.077 0.084 0.091 0.000 0.000 0.099 0.095 0.090 0.085
0.000 0.000 0.165 0.157 0.147 0.137 0.126 0.115 0.105 0.095 0.087 0.080 0.074 0.068 0.062 0.056 0.049 0.042 0.034 0.025 0.024 0.025 0.024 0.027 0.032 0.041 0.049 0.059 0.068 0.078 0.085 0.082 0.084 0.083 0.000 0.000 0.000 0.000 0.000 0.000 0.000 0.000 0.000 0.000 0.000 0.000 0.000 0.000 0.000 0.000 0.000 0.000 0.000 0.000 0.000 0.000 0.010 0.014 0.018 0.023 0.029 0.037 0.045 0.052 0.060 0.068 0.075 0.083 0.089 0.097 0.000 0.000 0.000 0.000 0.000 0.097 0.092
