数据/2hours/0.1-2h-100y/coupled-157-0001.wd
ncols         694
nrows         824
xllcorner     581104.939801
yllcorner     3495917.092414
cellsize      2.000000
NODATA_value  -9999.000000
[rows 442 to 475 of 824, columns 462 to 538 of 694]
0.000 0.125 0.119 0.114 0.110 0.106 0.102 0.097 0.093 0.089 0.085 0.077 0.068 0.060 0.049 0.041 0.031 0.022 0.014 0.005 0.000 0.000 0.000 0.000 0.000 0.000 0.000 0.000 0.000 0.000 0.000 0.000 0.000 0.000 0.000 0.000 0.000 0.000 0.000 0.000 0.000 0.000 0.000 0.000 0.000 0.000 0.000 0.001 0.001 0.001 0.003 0.008 0.013 0.022 0.000 0.000 0.000 0.000 0.000 0.000 0.000 0.000 0.000 0.000 0.000 0.001 0.001 0.000 0.000 0.000 0.000 0.000 0.000 0.000 0.000 0.000 0.000
0.000 0.000 0.000 0.000 0.118 0.114 0.109 0.105 0.101 0.096 0.087 0.078 0.069 0.060 0.051 0.042 0.033 0.024 0.015 0.006 0.000 0.000 0.000 0.000 0.000 0.000 0.000 0.000 0.000 0.000 0.000 0.000 0.000 0.000 0.000 0.000 0.000 0.000 0.000 0.000 0.000 0.000 0.000 0.000 0.000 0.000 0.000 0.001 0.001 0.002 0.004 0.008 0.013 0.022 0.000 0.000 0.000 0.000 0.000 0.000 0.000 0.000 0.000 0.000 0.001 0.001 0.001 0.015 0.000 0.000 0.000 0.000 0.000 0.000 0.000 0.000 0.000
0.000 0.000 0.000 0.000 0.000 0.000 0.000 0.112 0.105 0.098 0.088 0.080 0.070 0.061 0.052 0.043 0.035 0.025 0.017 0.008 0.000 0.000 0.000 0.000 0.000 0.000 0.000 0.000 0.000 0.000 0.000 0.000 0.000 0.000 0.000 0.000 0.000 0.000 0.000 0.000 0.000 0.000 0.000 0.000 0.000 0.000 0.000 0.001 0.001 0.002 0.004 0.008 0.013 0.019 0.000 0.000 0.000 0.000 0.000 0.000 0.000 0.000 0.000 0.000 0.001 0.001 0.001 0.000 0.000 0.000 0.000 0.000 0.000 0.000 0.000 0.000 0.000
0.152 0.000 0.000 0.000 0.000 0.000 0.000 0.000 0.000 0.098 0.089 0.081 0.072 0.062 0.054 0.044 0.036 0.027 0.019 0.009 0.000 0.000 0.000 0.000 0.000 0.000 0.000 0.000 0.000 0.000 0.000 0.000 0.000 0.000 0.000 0.000 0.000 0.000 0.000 0.000 0.000 0.000 0.000 0.000 0.000 0.000 0.000 0.001 0.001 0.002 0.004 0.008 0.012 0.015 0.000 0.000 0.000 0.000 0.000 0.000 0.000 0.000 0.000 0.000 0.001 0.001 0.001 0.000 0.000 0.000 0.000 0.000 0.000 0.000 0.000 0.000 0.000
0.159 0.155 0.151 0.147 0.000 0.000 0.000 0.000 0.000 0.100 0.090 0.081 0.073 0.064 0.055 0.046 0.037 0.029 0.020 0.011 0.001 0.000 0.000 0.000 0.000 0.000 0.000 0.000 0.000 0.000 0.000 0.000 0.000 0.000 0.000 0.000 0.000 0.000 0.000 0.000 0.000 0.000 0.000 0.000 0.000 0.000 0.001 0.001 0.001 0.003 0.006 0.011 0.016 0.016 0.000 0.000 0.000 0.000 0.000 0.000 0.000 0.000 0.000 0.000 0.001 0.001 0.000 0.000 0.000 0.000 0.000 0.000 0.000 0.000 0.000 0.000 0.000
0.166 0.162 0.158 0.154 0.146 0.138 0.130 0.000 0.110 0.101 0.092 0.083 0.074 0.065 0.056 0.047 0.039 0.030 0.021 0.012 0.003 0.000 0.000 0.000 0.000 0.000 0.000 0.000 0.000 0.000 0.000 0.000 0.000 0.000 0.000 0.000 0.000 0.000 0.000 0.000 0.000 0.000 0.000 0.000 0.000 0.000 0.001 0.001 0.001 0.004 0.009 0.016 0.024 0.023 0.000 0.000 0.000 0.000 0.000 0.000 0.000 0.000 0.000 0.000 0.001 0.002 0.000 0.000 0.000 0.000 0.000 0.000 0.000 0.000 0.000 0.000 0.000
0.173 0.169 0.165 0.157 0.149 0.140 0.131 0.121 0.111 0.102 0.093 0.084 0.075 0.065 0.056 0.049 0.039 0.031 0.023 0.000 0.000 0.000 0.000 0.000 0.000 0.000 0.000 0.000 0.000 0.000 0.000 0.000 0.000 0.000 0.000 0.000 0.000 0.000 0.000 0.000 0.000 0.000 0.000 0.000 0.000 0.001 0.001 0.001 0.002 0.005 0.011 0.019 0.029 0.000 0.000 0.000 0.000 0.000 0.000 0.000 0.000 0.000 0.000 0.000 0.001 0.003 0.000 0.000 0.000 0.000 0.000 0.000 0.000 0.000 0.000 0.000 0.000
0.181 0.175 0.167 0.158 0.150 0.140 0.133 0.122 0.113 0.104 0.094 0.085 0.076 0.067 0.058 0.049 0.041 0.032 0.024 0.000 0.000 0.000 0.000 0.000 0.000 0.000 0.000 0.000 0.000 0.000 0.000 0.000 0.000 0.000 0.000 0.000 0.000 0.000 0.000 0.000 0.000 0.000 0.000 0.000 0.000 0.001 0.001 0.001 0.002 0.006 0.013 0.021 0.031 0.000 0.000 0.000 0.000 0.000 0.000 0.000 0.000 0.000 0.000 0.001 0.001 0.003 0.000 0.000 0.000 0.000 0.000 0.000 0.000 0.000 0.000 0.000 0.000
0.000 0.000 0.168 0.160 0.151 0.142 0.134 0.123 0.114 0.105 0.096 0.086 0.077 0.068 0.060 0.051 0.042 0.033 0.024 0.014 0.005 0.000 0.000 0.000 0.000 0.000 0.000 0.000 0.000 0.000 0.000 0.000 0.000 0.000 0.000 0.000 0.000 0.000 0.000 0.000 0.000 0.000 0.000 0.000 0.000 0.001 0.001 0.001 0.003 0.008 0.015 0.024 0.031 0.000 0.000 0.000 0.000 0.000 0.000 0.000 0.000 0.000 0.001 0.001 0.001 0.003 0.003 0.009 0.000 0.000 0.000 0.000 0.000 0.000 0.100 0.113 0.128
0.000 0.000 0.000 0.000 0.000 0.000 0.135 0.125 0.115 0.106 0.097 0.087 0.078 0.069 0.061 0.053 0.044 0.035 0.026 0.015 0.006 0.000 0.000 0.000 0.000 0.000 0.000 0.000 0.000 0.000 0.000 0.000 0.000 0.000 0.000 0.000 0.000 0.000 0.000 0.000 0.000 0.000 0.000 0.000 0.001 0.001 0.001 0.002 0.004 0.010 0.018 0.030 0.000 0.000 0.000 0.000 0.000 0.000 0.000 0.000 0.000 0.000 0.001 0.001 0.002 0.004 0.000 0.004 0.014 0.028 0.042 0.000 0.000 0.083 0.098 0.111 0.125
0.000 0.000 0.000 0.000 0.000 0.000 0.000 0.000 0.000 0.107 0.097 0.089 0.079 0.071 0.062 0.054 0.045 0.037 0.027 0.016 0.006 0.000 0.000 0.000 0.000 0.000 0.000 0.000 0.000 0.000 0.000 0.000 0.000 0.000 0.000 0.000 0.000 0.000 0.000 0.000 0.000 0.000 0.000 0.000 0.001 0.001 0.001 0.002 0.005 0.011 0.020 0.032 0.000 0.000 0.000 0.000 0.000 0.000 0.000 0.000 0.000 0.001 0.001 0.002 0.003 0.004 0.000 0.000 0.000 0.025 0.040 0.053 0.067 0.081 0.094 0.108 0.000
0.000 0.000 0.000 0.000 0.000 0.000 0.000 0.000 0.000 0.000 0.000 0.000 0.000 0.073 0.064 0.056 0.047 0.038 0.028 0.017 0.006 0.000 0.000 0.000 0.000 0.000 0.000 0.000 0.000 0.000 0.000 0.000 0.000 0.000 0.000 0.000 0.000 0.000 0.000 0.000 0.000 0.000 0.000 0.000 0.001 0.001 0.002 0.003 0.007 0.013 0.021 0.032 0.000 0.000 0.000 0.000 0.000 0.000 0.000 0.000 0.000 0.001 0.001 0.002 0.004 0.000 0.000 0.000 0.009 0.023 0.000 0.000 0.064 0.078 0.092 0.106 0.120
0.000 0.000 0.000 0.000 0.000 0.000 0.000 0.000 0.000 0.000 0.000 0.000 0.000 0.000 0.000 0.000 0.049 0.039 0.034 0.029 0.017 0.010 0.006 0.004 0.002 0.001 0.001 0.001 0.001 0.001 0.001 0.001 0.000 0.000 0.000 0.000 0.000 0.000 0.000 0.000 0.000 0.000 0.000 0.001 0.001 0.002 0.002 0.004 0.008 0.015 0.023 0.031 0.000 0.000 0.000 0.000 0.000 0.000 0.000 0.000 0.000 0.001 0.001 0.004 0.000 0.000 0.000 0.000 0.000 0.000 0.000 0.000 0.061 0.075 0.089 0.103 0.117
0.000 0.000 0.000 0.000 0.000 0.000 0.000 0.000 0.000 0.000 0.000 0.000 0.000 0.000 0.000 0.000 0.000 0.000 0.000 0.000 0.036 0.034 0.029 0.024 0.013 0.008 0.007 0.005 0.004 0.004 0.003 0.003 0.003 0.002 0.002 0.002 0.002 0.002 0.002 0.001 0.001 0.001 0.001 0.002 0.002 0.003 0.003 0.005 0.010 0.017 0.027 0.000 0.000 0.000 0.000 0.000 0.000 0.000 0.000 0.000 0.001 0.001 0.002 0.004 0.000 0.000 0.000 0.000 0.000 0.000 0.000 0.000 0.059 0.073 0.000 0.000 0.000
0.000 0.000 0.000 0.000 0.000 0.000 0.000 0.000 0.000 0.000 0.000 0.000 0.000 0.000 0.000 0.000 0.000 0.000 0.000 0.000 0.000 0.000 0.000 0.000 0.021 0.018 0.018 0.012 0.007 0.006 0.005 0.004 0.004 0.004 0.003 0.003 0.003 0.003 0.002 0.002 0.002 0.002 0.004 0.003 0.003 0.003 0.004 0.006 0.011 0.018 0.028 0.000 0.000 0.000 0.000 0.000 0.000 0.000 0.000 0.000 0.001 0.001 0.004 0.000 0.000 0.000 0.000 0.000 0.000 0.000 0.000 0.000 0.000 0.000 0.000 0.000 0.111
0.000 0.000 0.000 0.000 0.000 0.000 0.000 0.000 0.000 0.000 0.000 0.000 0.000 0.000 0.000 0.000 0.000 0.000 0.000 0.000 0.000 0.000 0.000 0.000 0.000 0.000 0.000 0.008 0.006 0.004 0.004 0.004 0.004 0.004 0.004 0.003 0.003 0.003 0.003 0.003 0.003 0.003 0.004 0.004 0.004 0.004 0.004 0.007 0.013 0.020 0.027 0.000 0.000 0.000 0.000 0.000 0.000 0.000 0.000 0.001 0.001 0.001 0.004 0.018 0.000 0.000 0.000 0.000 0.000 0.000 0.000 0.000 0.000 0.000 0.000 0.000 0.000
0.000 0.000 0.000 0.000 0.000 0.000 0.000 0.000 0.000 0.000 0.000 0.000 0.000 0.000 0.000 0.000 0.000 0.000 0.000 0.000 0.000 0.000 0.000 0.000 0.000 0.000 0.000 0.006 0.005 0.004 0.003 0.003 0.003 0.003 0.003 0.003 0.003 0.003 0.003 0.003 0.003 0.004 0.004 0.004 0.004 0.004 0.005 0.008 0.014 0.024 0.000 0.000 0.000 0.000 0.000 0.000 0.000 0.000 0.000 0.001 0.001 0.002 0.003 0.000 0.000 0.000 0.007 0.000 0.000 0.000 0.000 0.000 0.000 0.000 0.000 0.000 0.105
0.001 0.000 0.000 0.000 0.000 0.000 0.000 0.000 0.000 0.000 0.000 0.000 0.000 0.000 0.000 0.000 0.000 0.000 0.000 0.000 0.000 0.000 0.000 0.000 0.000 0.000 0.000 0.004 0.004 0.004 0.003 0.002 0.002 0.003 0.003 0.003 0.003 0.003 0.003 0.003 0.003 0.004 0.004 0.004 0.004 0.004 0.005 0.009 0.016 0.026 0.000 0.000 0.000 0.000 0.000 0.000 0.000 0.000 0.001 0.001 0.001 0.003 0.000 0.000 0.000 0.000 0.004 0.011 0.000 0.000 0.000 0.000 0.000 0.000 0.000 0.000 0.104
0.001 0.001 0.001 0.001 0.000 0.000 0.000 0.000 0.000 0.000 0.000 0.000 0.000 0.000 0.000 0.000 0.000 0.000 0.000 0.000 0.000 0.000 0.000 0.000 0.000 0.000 0.000 0.003 0.004 0.004 0.003 0.003 0.002 0.002 0.002 0.002 0.002 0.002 0.002 0.002 0.003 0.004 0.004 0.003 0.003 0.003 0.005 0.010 0.017 0.025 0.000 0.000 0.000 0.000 0.000 0.000 0.000 0.001 0.001 0.001 0.001 0.003 0.006 0.013 0.000 0.000 0.005 0.007 0.008 0.012 0.019 0.032 0.000 0.000 0.000 0.085 0.100
0.001 0.001 0.001 0.001 0.001 0.001 0.001 0.001 0.000 0.000 0.000 0.000 0.000 0.000 0.000 0.000 0.000 0.000 0.000 0.000 0.000 0.000 0.000 0.000 0.000 0.000 0.000 0.003 0.004 0.004 0.003 0.003 0.002 0.002 0.002 0.002 0.002 0.002 0.002 0.002 0.004 0.003 0.003 0.003 0.003 0.003 0.005 0.011 0.021 0.025 0.000 0.000 0.000 0.000 0.000 0.000 0.001 0.001 0.001 0.001 0.002 0.004 0.006 0.009 0.009 0.009 0.008 0.007 0.008 0.010 0.017 0.028 0.042 0.000 0.000 0.083 0.096
0.012 0.008 0.005 0.003 0.001 0.001 0.001 0.001 0.001 0.001 0.001 0.000 0.000 0.000 0.000 0.000 0.000 0.000 0.000 0.000 0.000 0.000 0.000 0.000 0.000 0.000 0.000 0.002 0.003 0.004 0.003 0.003 0.003 0.002 0.001 0.001 0.001 0.001 0.002 0.002 0.002 0.002 0.002 0.002 0.002 0.003 0.006 0.011 0.022 0.000 0.000 0.000 0.000 0.000 0.000 0.000 0.001 0.001 0.001 0.001 0.003 0.006 0.009 0.008 0.008 0.008 0.007 0.007 0.006 0.008 0.014 0.025 0.038 0.052 0.066 0.080 0.094
0.039 0.029 0.021 0.015 0.011 0.007 0.005 0.002 0.001 0.001 0.001 0.001 0.001 0.001 0.001 0.000 0.000 0.000 0.000 0.000 0.000 0.000 0.000 0.000 0.000 0.000 0.000 0.002 0.003 0.003 0.003 0.003 0.003 0.002 0.002 0.001 0.001 0.001 0.001 0.002 0.002 0.002 0.002 0.002 0.000 0.002 0.006 0.011 0.021 0.000 0.000 0.000 0.000 0.000 0.000 0.001 0.001 0.001 0.001 0.002 0.004 0.007 0.013 0.000 0.000 0.000 0.000 0.001 0.002 0.004 0.011 0.022 0.035 0.049 0.063 0.077 0.000
0.050 0.051 0.053 0.043 0.034 0.027 0.021 0.016 0.011 0.008 0.004 0.002 0.001 0.001 0.001 0.001 0.001 0.001 0.000 0.000 0.000 0.000 0.000 0.000 0.000 0.000 0.000 0.002 0.003 0.003 0.003 0.003 0.003 0.002 0.002 0.002 0.001 0.001 0.001 0.001 0.001 0.001 0.001 0.001 0.001 0.003 0.006 0.012 0.019 0.000 0.000 0.000 0.000 0.000 0.000 0.001 0.001 0.001 0.001 0.003 0.005 0.009 0.013 0.000 0.000 0.000 0.000 0.001 0.000 0.001 0.008 0.020 0.033 0.046 0.062 0.075 0.000
0.042 0.043 0.045 0.047 0.049 0.052 0.052 0.044 0.036 0.028 0.022 0.015 0.010 0.006 0.003 0.002 0.001 0.001 0.001 0.001 0.001 0.001 0.000 0.000 0.000 0.000 0.000 0.001 0.002 0.003 0.003 0.003 0.003 0.002 0.002 0.002 0.001 0.001 0.001 0.001 0.001 0.001 0.001 0.001 0.001 0.003 0.008 0.015 0.000 0.000 0.000 0.000 0.000 0.000 0.000 0.001 0.001 0.001 0.002 0.004 0.006 0.012 0.000 0.000 0.000 0.000 0.000 0.000 0.000 0.000 0.000 0.000 0.030 0.044 0.058 0.000 0.000
0.033 0.035 0.037 0.039 0.041 0.044 0.048 0.052 0.055 0.057 0.053 0.044 0.034 0.025 0.019 0.013 0.009 0.006 0.003 0.001 0.001 0.001 0.001 0.001 0.001 0.000 0.000 0.001 0.002 0.002 0.003 0.003 0.003 0.002 0.002 0.002 0.002 0.002 0.001 0.001 0.001 0.001 0.001 0.001 0.001 0.005 0.012 0.018 0.000 0.000 0.000 0.000 0.000 0.000 0.001 0.001 0.001 0.002 0.003 0.005 0.006 0.013 0.000 0.000 0.000 0.000 0.000 0.000 0.000 0.000 0.000 0.000 0.000 0.041 0.055 0.000 0.000
0.025 0.027 0.029 0.030 0.033 0.037 0.041 0.044 0.047 0.049 0.052 0.054 0.055 0.057 0.049 0.039 0.030 0.024 0.018 0.013 0.009 0.005 0.002 0.001 0.001 0.001 0.001 0.001 0.002 0.002 0.002 0.003 0.003 0.003 0.002 0.003 0.002 0.002 0.001 0.002 0.001 0.001 0.001 0.001 0.001 0.009 0.018 0.020 0.000 0.000 0.000 0.000 0.000 0.000 0.001 0.001 0.001 0.002 0.005 0.007 0.007 0.012 0.000 0.000 0.000 0.000 0.000 0.000 0.000 0.000 0.000 0.000 0.000 0.038 0.051 0.060 0.000
0.018 0.019 0.021 0.024 0.028 0.031 0.034 0.036 0.039 0.042 0.044 0.046 0.047 0.048 0.051 0.053 0.055 0.056 0.048 0.039 0.030 0.023 0.017 0.011 0.007 0.004 0.002 0.001 0.002 0.002 0.002 0.003 0.003 0.003 0.003 0.003 0.002 0.002 0.002 0.004 0.005 0.005 0.004 0.002 0.002 0.011 0.024 0.000 0.000 0.000 0.000 0.000 0.000 0.000 0.001 0.001 0.002 0.003 0.006 0.011 0.000 0.000 0.000 0.000 0.000 0.000 0.000 0.000 0.000 0.000 0.000 0.000 0.000 0.036 0.048 0.054 0.053
0.012 0.014 0.015 0.018 0.020 0.023 0.026 0.029 0.032 0.034 0.035 0.036 0.038 0.041 0.043 0.045 0.047 0.050 0.054 0.056 0.058 0.055 0.046 0.035 0.026 0.018 0.011 0.006 0.004 0.004 0.004 0.004 0.004 0.004 0.003 0.003 0.003 0.004 0.005 0.010 0.018 0.017 0.013 0.011 0.012 0.015 0.019 0.000 0.000 0.000 0.000 0.000 0.000 0.000 0.001 0.001 0.002 0.004 0.007 0.011 0.000 0.031 0.000 0.000 0.000 0.000 0.000 0.000 0.000 0.000 0.000 0.000 0.029 0.038 0.050 0.000 0.000
0.007 0.009 0.011 0.013 0.015 0.017 0.019 0.020 0.022 0.024 0.026 0.028 0.030 0.033 0.034 0.037 0.040 0.043 0.046 0.048 0.050 0.052 0.054 0.054 0.053 0.044 0.031 0.019 0.012 0.010 0.009 0.007 0.006 0.005 0.005 0.004 0.005 0.012 0.025 0.040 0.052 0.054 0.052 0.049 0.046 0.042 0.037 0.000 0.000 0.000 0.000 0.000 0.000 0.001 0.001 0.002 0.004 0.005 0.009 0.000 0.000 0.026 0.041 0.055 0.000 0.000 0.000 0.000 0.000 0.000 0.000 0.000 0.029 0.039 0.049 0.000 0.000
0.001 0.002 0.004 0.006 0.008 0.010 0.012 0.014 0.015 0.016 0.018 0.019 0.022 0.024 0.027 0.030 0.033 0.036 0.038 0.040 0.042 0.043 0.044 0.044 0.043 0.041 0.035 0.026 0.019 0.015 0.013 0.010 0.009 0.009 0.011 0.003 0.032 0.042 0.052 0.064 0.074 0.081 0.075 0.073 0.075 0.080 0.000 0.000 0.000 0.000 0.000 0.000 0.000 0.001 0.002 0.003 0.005 0.007 0.010 0.018 0.000 0.023 0.037 0.000 0.000 0.031 0.000 0.000 0.000 0.000 0.000 0.019 0.031 0.043 0.000 0.000 0.000
0.001 0.001 0.001 0.001 0.001 0.002 0.003 0.005 0.007 0.009 0.011 0.013 0.015 0.017 0.019 0.022 0.025 0.027 0.029 0.032 0.034 0.034 0.033 0.031 0.028 0.024 0.024 0.025 0.022 0.018 0.017 0.016 0.019 0.030 0.039 0.045 0.057 0.070 0.081 0.089 0.100 0.109 0.109 0.106 0.103 0.099 0.000 0.000 0.000 0.000 0.000 0.000 0.000 0.001 0.002 0.004 0.007 0.009 0.011 0.016 0.019 0.024 0.035 0.000 0.019 0.027 0.036 0.050 0.065 0.000 0.000 0.000 0.032 0.044 0.000 0.000 0.000
0.001 0.001 0.001 0.001 0.001 0.001 0.001 0.001 0.001 0.003 0.005 0.007 0.010 0.012 0.014 0.016 0.018 0.019 0.021 0.022 0.023 0.021 0.019 0.018 0.021 0.022 0.024 0.030 0.027 0.025 0.025 0.033 0.035 0.044 0.058 0.068 0.082 0.095 0.106 0.115 0.123 0.135 0.136 0.139 0.130 0.120 0.104 0.096 0.093 0.000 0.000 0.000 0.000 0.006 0.003 0.006 0.010 0.011 0.012 0.015 0.018 0.022 0.028 0.028 0.026 0.029 0.036 0.049 0.063 0.000 0.000 0.000 0.035 0.045 0.062 0.000 0.000
0.001 0.001 0.001 0.001 0.001 0.001 0.001 0.001 0.001 0.001 0.001 0.001 0.003 0.005 0.007 0.010 0.012 0.013 0.014 0.012 0.011 0.013 0.015 0.017 0.019 0.021 0.025 0.034 0.032 0.033 0.036 0.050 0.059 0.065 0.076 0.090 0.106 0.119 0.131 0.142 0.149 0.156 0.168 0.168 0.000 0.000 0.124 0.120 0.113 0.096 0.089 0.087 0.000 0.039 0.034 0.026 0.016 0.015 0.016 0.016 0.017 0.019 0.023 0.025 0.027 0.031 0.038 0.048 0.060 0.000 0.000 0.034 0.043 0.000 0.060 0.075 0.000
0.001 0.001 0.001 0.001 0.001 0.001 0.001 0.001 0.001 0.001 0.001 0.001 0.001 0.001 0.001 0.002 0.003 0.004 0.004 0.008 0.009 0.011 0.013 0.015 0.018 0.022 0.037 0.050 0.053 0.056 0.058 0.065 0.079 0.090 0.101 0.115 0.127 0.144 0.157 0.163 0.176 0.184 0.185 0.000 0.000 0.000 0.000 0.000 0.000 0.116 0.114 0.107 0.086 0.073 0.063 0.053 0.043 0.033 0.023 0.020 0.020 0.020 0.021 0.022 0.024 0.028 0.036 0.045 0.052 0.057 0.000 0.035 0.046 0.000 0.000 0.072 0.000
