数据/2hours/0.1-2h-100y/coupled-123-0001.wd
ncols         694
nrows         824
xllcorner     581104.939801
yllcorner     3495917.092414
cellsize      2.000000
NODATA_value  -9999.000000
[rows 442 to 475 of 824, columns 385 to 461 of 694]
0.000 0.000 0.000 0.187 0.180 0.170 0.166 0.160 0.153 0.144 0.136 0.125 0.113 0.101 0.089 0.078 0.068 0.058 0.050 0.042 0.036 0.038 0.040 0.043 0.041 0.047 0.058 0.070 0.083 0.098 0.092 0.099 0.108 0.102 0.000 0.000 0.000 0.000 0.000 0.000 0.000 0.000 0.000 0.000 0.000 0.000 0.000 0.000 0.000 0.000 0.000 0.000 0.000 0.000 0.000 0.000 0.007 0.010 0.013 0.016 0.020 0.026 0.032 0.038 0.045 0.052 0.059 0.066 0.073 0.079 0.000 0.000 0.000 0.000 0.000 0.000 0.000
0.000 0.000 0.000 0.000 0.000 0.182 0.176 0.168 0.162 0.153 0.144 0.132 0.121 0.109 0.099 0.089 0.079 0.069 0.058 0.050 0.042 0.038 0.041 0.042 0.046 0.054 0.061 0.073 0.090 0.086 0.095 0.103 0.100 0.098 0.000 0.000 0.000 0.000 0.000 0.000 0.000 0.000 0.000 0.000 0.000 0.000 0.000 0.000 0.000 0.000 0.000 0.000 0.000 0.000 0.000 0.000 0.010 0.015 0.021 0.026 0.033 0.039 0.046 0.053 0.059 0.066 0.073 0.080 0.085 0.092 0.098 0.099 0.000 0.000 0.000 0.000 0.000
0.000 0.000 0.000 0.000 0.000 0.000 0.000 0.177 0.170 0.163 0.151 0.141 0.128 0.119 0.108 0.097 0.087 0.076 0.065 0.058 0.051 0.044 0.038 0.041 0.048 0.048 0.063 0.069 0.087 0.091 0.087 0.096 0.094 0.000 0.000 0.000 0.000 0.000 0.000 0.000 0.000 0.000 0.000 0.000 0.000 0.000 0.000 0.000 0.000 0.000 0.000 0.000 0.000 0.000 0.005 0.014 0.021 0.028 0.034 0.040 0.045 0.053 0.060 0.066 0.073 0.080 0.086 0.093 0.098 0.104 0.110 0.106 0.100 0.095 0.089 0.000 0.000
0.000 0.000 0.000 0.000 0.000 0.000 0.000 0.000 0.177 0.172 0.158 0.147 0.136 0.128 0.117 0.105 0.095 0.083 0.073 0.064 0.057 0.052 0.041 0.041 0.046 0.048 0.059 0.068 0.081 0.089 0.081 0.088 0.086 0.000 0.000 0.000 0.000 0.000 0.000 0.000 0.000 0.000 0.000 0.000 0.000 0.000 0.000 0.000 0.000 0.000 0.000 0.000 0.000 0.000 0.000 0.000 0.000 0.042 0.000 0.000 0.058 0.066 0.073 0.079 0.087 0.093 0.099 0.106 0.111 0.117 0.119 0.113 0.107 0.102 0.096 0.091 0.085
0.000 0.000 0.000 0.000 0.000 0.000 0.000 0.000 0.000 0.000 0.157 0.152 0.147 0.136 0.125 0.116 0.105 0.096 0.085 0.073 0.065 0.060 0.052 0.043 0.045 0.047 0.057 0.067 0.078 0.078 0.077 0.079 0.074 0.000 0.000 0.000 0.000 0.000 0.000 0.000 0.000 0.000 0.000 0.000 0.000 0.000 0.000 0.000 0.000 0.000 0.000 0.000 0.000 0.000 0.000 0.000 0.000 0.000 0.000 0.000 0.000 0.000 0.000 0.000 0.099 0.106 0.112 0.119 0.124 0.130 0.126 0.120 0.115 0.109 0.104 0.098 0.093
0.000 0.000 0.000 0.000 0.000 0.000 0.000 0.000 0.000 0.000 0.000 0.154 0.150 0.141 0.134 0.124 0.115 0.105 0.094 0.085 0.078 0.070 0.062 0.052 0.048 0.051 0.058 0.068 0.079 0.076 0.076 0.080 0.067 0.062 0.057 0.044 0.000 0.000 0.000 0.000 0.000 0.000 0.000 0.000 0.000 0.000 0.000 0.000 0.000 0.000 0.000 0.000 0.000 0.000 0.000 0.000 0.000 0.000 0.000 0.000 0.000 0.000 0.000 0.000 0.000 0.000 0.000 0.000 0.137 0.139 0.133 0.127 0.122 0.116 0.111 0.105 0.100
0.000 0.000 0.000 0.000 0.000 0.000 0.000 0.000 0.000 0.000 0.000 0.000 0.000 0.143 0.136 0.127 0.120 0.118 0.112 0.108 0.099 0.087 0.078 0.066 0.053 0.048 0.055 0.059 0.074 0.079 0.068 0.078 0.068 0.053 0.048 0.042 0.037 0.036 0.039 0.039 0.000 0.000 0.000 0.000 0.000 0.000 0.000 0.000 0.000 0.000 0.000 0.000 0.000 0.000 0.000 0.000 0.000 0.000 0.000 0.000 0.000 0.000 0.000 0.000 0.000 0.000 0.000 0.000 0.000 0.000 0.000 0.134 0.128 0.124 0.118 0.112 0.107
0.000 0.000 0.000 0.000 0.000 0.000 0.000 0.000 0.000 0.000 0.000 0.000 0.000 0.000 0.000 0.125 0.126 0.124 0.121 0.121 0.118 0.111 0.101 0.090 0.077 0.060 0.059 0.055 0.059 0.060 0.066 0.059 0.062 0.050 0.042 0.048 0.049 0.049 0.043 0.039 0.040 0.041 0.038 0.000 0.000 0.000 0.000 0.000 0.000 0.000 0.000 0.000 0.000 0.000 0.000 0.000 0.000 0.000 0.000 0.000 0.000 0.000 0.000 0.000 0.000 0.000 0.000 0.000 0.000 0.000 0.000 0.000 0.000 0.000 0.000 0.120 0.115
0.000 0.000 0.000 0.000 0.000 0.000 0.000 0.000 0.000 0.000 0.000 0.000 0.000 0.000 0.000 0.000 0.132 0.129 0.124 0.125 0.123 0.122 0.122 0.112 0.094 0.080 0.066 0.068 0.066 0.059 0.058 0.056 0.050 0.050 0.050 0.051 0.056 0.059 0.052 0.046 0.043 0.042 0.044 0.045 0.038 0.026 0.022 0.000 0.000 0.000 0.000 0.000 0.000 0.000 0.000 0.000 0.000 0.000 0.000 0.000 0.000 0.000 0.000 0.000 0.000 0.000 0.000 0.000 0.000 0.000 0.000 0.000 0.000 0.000 0.000 0.000 0.000
0.000 0.000 0.000 0.000 0.000 0.000 0.000 0.000 0.000 0.000 0.000 0.000 0.000 0.000 0.000 0.000 0.000 0.000 0.117 0.117 0.115 0.115 0.118 0.118 0.112 0.099 0.089 0.070 0.069 0.060 0.056 0.060 0.058 0.061 0.058 0.060 0.069 0.070 0.062 0.055 0.052 0.050 0.049 0.048 0.049 0.046 0.036 0.037 0.034 0.032 0.027 0.029 0.034 0.032 0.034 0.000 0.000 0.000 0.000 0.000 0.000 0.000 0.000 0.000 0.000 0.000 0.000 0.000 0.000 0.000 0.000 0.000 0.000 0.000 0.000 0.000 0.000
0.000 0.000 0.000 0.000 0.000 0.000 0.000 0.000 0.000 0.000 0.000 0.000 0.000 0.000 0.000 0.000 0.000 0.000 0.123 0.122 0.119 0.116 0.118 0.111 0.110 0.103 0.099 0.086 0.077 0.068 0.072 0.070 0.065 0.067 0.065 0.068 0.077 0.082 0.076 0.068 0.065 0.064 0.062 0.060 0.057 0.054 0.053 0.052 0.051 0.042 0.044 0.047 0.041 0.039 0.039 0.038 0.039 0.044 0.000 0.000 0.000 0.000 0.000 0.000 0.000 0.000 0.000 0.000 0.000 0.000 0.000 0.000 0.000 0.000 0.000 0.000 0.000
0.000 0.000 0.000 0.000 0.000 0.000 0.000 0.000 0.000 0.000 0.000 0.000 0.000 0.000 0.000 0.000 0.000 0.000 0.122 0.121 0.120 0.119 0.114 0.117 0.106 0.096 0.087 0.083 0.076 0.078 0.079 0.073 0.074 0.074 0.071 0.075 0.082 0.084 0.083 0.080 0.074 0.076 0.079 0.075 0.073 0.067 0.064 0.058 0.060 0.056 0.062 0.060 0.050 0.049 0.049 0.048 0.049 0.053 0.055 0.055 0.057 0.000 0.000 0.000 0.000 0.000 0.000 0.000 0.000 0.000 0.000 0.000 0.000 0.000 0.000 0.000 0.000
0.000 0.000 0.000 0.000 0.000 0.000 0.000 0.000 0.000 0.000 0.000 0.000 0.000 0.000 0.000 0.000 0.000 0.000 0.119 0.115 0.113 0.114 0.111 0.109 0.109 0.098 0.088 0.077 0.079 0.077 0.078 0.081 0.083 0.076 0.074 0.082 0.090 0.089 0.086 0.086 0.083 0.085 0.088 0.088 0.085 0.081 0.077 0.075 0.071 0.071 0.076 0.071 0.062 0.062 0.063 0.059 0.057 0.060 0.066 0.069 0.068 0.063 0.063 0.065 0.065 0.000 0.000 0.000 0.000 0.000 0.000 0.000 0.000 0.000 0.000 0.000 0.000
0.000 0.000 0.000 0.000 0.000 0.000 0.000 0.000 0.000 0.000 0.000 0.000 0.000 0.000 0.000 0.000 0.000 0.106 0.112 0.112 0.113 0.113 0.109 0.108 0.099 0.100 0.093 0.097 0.092 0.091 0.088 0.090 0.090 0.086 0.088 0.090 0.091 0.089 0.094 0.096 0.091 0.094 0.101 0.102 0.096 0.095 0.088 0.084 0.081 0.083 0.082 0.079 0.074 0.076 0.075 0.070 0.068 0.071 0.077 0.078 0.079 0.078 0.074 0.078 0.080 0.082 0.071 0.065 0.054 0.000 0.000 0.000 0.000 0.000 0.000 0.000 0.000
0.000 0.000 0.000 0.000 0.000 0.000 0.000 0.000 0.000 0.000 0.000 0.000 0.000 0.000 0.000 0.000 0.000 0.105 0.104 0.103 0.103 0.112 0.107 0.109 0.103 0.098 0.094 0.097 0.099 0.106 0.102 0.105 0.105 0.100 0.097 0.096 0.096 0.096 0.096 0.098 0.102 0.101 0.102 0.109 0.110 0.107 0.102 0.096 0.090 0.092 0.089 0.091 0.090 0.088 0.085 0.081 0.080 0.084 0.089 0.091 0.091 0.090 0.089 0.088 0.093 0.090 0.078 0.066 0.061 0.045 0.031 0.017 0.000 0.000 0.000 0.000 0.000
0.000 0.000 0.000 0.000 0.000 0.000 0.000 0.000 0.000 0.000 0.000 0.000 0.000 0.000 0.000 0.000 0.000 0.099 0.106 0.099 0.098 0.115 0.115 0.106 0.103 0.097 0.102 0.112 0.115 0.119 0.110 0.111 0.111 0.111 0.112 0.106 0.101 0.103 0.107 0.104 0.104 0.106 0.108 0.112 0.110 0.108 0.109 0.104 0.102 0.103 0.100 0.104 0.102 0.101 0.100 0.096 0.094 0.097 0.100 0.105 0.108 0.104 0.102 0.105 0.102 0.091 0.086 0.069 0.054 0.046 0.031 0.013 0.002 0.000 0.000 0.000 0.000
0.000 0.000 0.000 0.000 0.000 0.000 0.000 0.000 0.000 0.000 0.000 0.000 0.000 0.000 0.000 0.000 0.000 0.101 0.103 0.102 0.106 0.116 0.120 0.112 0.113 0.105 0.107 0.117 0.128 0.128 0.125 0.131 0.127 0.121 0.127 0.126 0.120 0.115 0.113 0.115 0.113 0.113 0.114 0.114 0.115 0.115 0.116 0.109 0.110 0.109 0.108 0.111 0.109 0.111 0.115 0.110 0.106 0.108 0.111 0.114 0.115 0.117 0.116 0.115 0.107 0.094 0.077 0.061 0.054 0.043 0.024 0.009 0.003 0.002 0.000 0.000 0.000
0.000 0.000 0.000 0.000 0.000 0.000 0.000 0.000 0.000 0.000 0.000 0.000 0.000 0.000 0.000 0.000 0.108 0.106 0.107 0.112 0.116 0.118 0.118 0.113 0.104 0.105 0.108 0.114 0.118 0.133 0.138 0.146 0.143 0.139 0.136 0.138 0.135 0.132 0.129 0.124 0.120 0.117 0.119 0.122 0.124 0.124 0.124 0.121 0.119 0.117 0.116 0.115 0.113 0.118 0.120 0.115 0.113 0.116 0.119 0.125 0.125 0.124 0.127 0.123 0.106 0.088 0.073 0.066 0.060 0.052 0.038 0.027 0.019 0.014 0.009 0.005 0.002
0.000 0.000 0.000 0.000 0.000 0.000 0.000 0.000 0.000 0.000 0.000 0.000 0.000 0.000 0.000 0.000 0.112 0.119 0.115 0.120 0.121 0.116 0.110 0.111 0.106 0.106 0.118 0.124 0.126 0.133 0.147 0.152 0.153 0.154 0.154 0.150 0.153 0.154 0.143 0.130 0.123 0.124 0.128 0.128 0.128 0.128 0.130 0.127 0.125 0.124 0.122 0.120 0.121 0.126 0.127 0.122 0.120 0.122 0.122 0.128 0.133 0.132 0.133 0.129 0.130 0.122 0.111 0.102 0.089 0.083 0.069 0.059 0.048 0.038 0.031 0.023 0.016
0.000 0.000 0.000 0.000 0.000 0.000 0.000 0.000 0.000 0.000 0.000 0.000 0.000 0.000 0.000 0.000 0.113 0.110 0.119 0.116 0.116 0.109 0.109 0.102 0.103 0.113 0.119 0.133 0.142 0.138 0.148 0.160 0.163 0.158 0.165 0.169 0.172 0.175 0.160 0.142 0.134 0.131 0.132 0.133 0.131 0.131 0.132 0.131 0.129 0.129 0.127 0.127 0.130 0.133 0.132 0.128 0.127 0.130 0.132 0.134 0.136 0.133 0.129 0.122 0.122 0.126 0.126 0.130 0.131 0.122 0.108 0.098 0.088 0.074 0.064 0.055 0.044
0.295 0.290 0.279 0.000 0.000 0.000 0.000 0.000 0.000 0.000 0.000 0.000 0.000 0.000 0.000 0.112 0.113 0.109 0.111 0.107 0.109 0.114 0.108 0.109 0.119 0.122 0.139 0.142 0.146 0.160 0.155 0.160 0.166 0.173 0.176 0.182 0.190 0.191 0.176 0.149 0.140 0.141 0.141 0.138 0.136 0.139 0.138 0.135 0.134 0.135 0.134 0.135 0.136 0.136 0.136 0.136 0.136 0.138 0.142 0.142 0.134 0.128 0.124 0.116 0.115 0.118 0.119 0.122 0.124 0.128 0.129 0.132 0.130 0.117 0.104 0.093 0.081
0.299 0.303 0.286 0.293 0.287 0.282 0.000 0.000 0.000 0.000 0.000 0.000 0.000 0.000 0.000 0.142 0.136 0.124 0.117 0.119 0.116 0.122 0.119 0.130 0.122 0.137 0.141 0.147 0.149 0.158 0.161 0.169 0.172 0.181 0.184 0.194 0.206 0.214 0.000 0.147 0.150 0.149 0.147 0.144 0.146 0.145 0.143 0.144 0.144 0.143 0.140 0.140 0.138 0.139 0.141 0.143 0.146 0.144 0.137 0.134 0.133 0.129 0.121 0.113 0.111 0.114 0.112 0.114 0.115 0.118 0.121 0.126 0.128 0.128 0.129 0.132 0.123
0.312 0.303 0.282 0.284 0.289 0.290 0.302 0.317 0.333 0.347 0.000 0.000 0.000 0.000 0.000 0.166 0.167 0.147 0.133 0.128 0.125 0.120 0.116 0.119 0.128 0.127 0.145 0.140 0.151 0.162 0.169 0.169 0.181 0.189 0.194 0.200 0.212 0.000 0.000 0.000 0.000 0.000 0.000 0.151 0.153 0.154 0.150 0.149 0.148 0.148 0.144 0.142 0.141 0.146 0.150 0.149 0.146 0.141 0.136 0.129 0.125 0.125 0.116 0.106 0.106 0.106 0.105 0.105 0.106 0.110 0.114 0.119 0.120 0.118 0.121 0.125 0.126
0.000 0.000 0.000 0.299 0.294 0.311 0.312 0.322 0.328 0.334 0.309 0.312 0.319 0.000 0.000 0.207 0.200 0.182 0.160 0.154 0.135 0.135 0.134 0.132 0.139 0.152 0.148 0.150 0.160 0.166 0.174 0.178 0.185 0.190 0.203 0.000 0.000 0.000 0.000 0.000 0.000 0.000 0.000 0.000 0.000 0.000 0.149 0.153 0.156 0.154 0.146 0.144 0.146 0.152 0.149 0.145 0.141 0.136 0.133 0.129 0.123 0.120 0.112 0.103 0.102 0.100 0.098 0.099 0.102 0.104 0.107 0.109 0.108 0.110 0.115 0.117 0.117
0.000 0.000 0.000 0.000 0.000 0.000 0.324 0.336 0.344 0.344 0.323 0.312 0.315 0.293 0.267 0.257 0.235 0.211 0.189 0.163 0.147 0.135 0.125 0.132 0.139 0.141 0.150 0.163 0.169 0.181 0.188 0.190 0.191 0.202 0.000 0.000 0.000 0.000 0.000 0.000 0.000 0.000 0.000 0.000 0.000 0.000 0.000 0.000 0.000 0.000 0.144 0.148 0.149 0.148 0.145 0.143 0.136 0.129 0.127 0.123 0.119 0.114 0.104 0.097 0.093 0.091 0.089 0.090 0.091 0.094 0.097 0.098 0.101 0.105 0.107 0.107 0.108
0.000 0.000 0.000 0.000 0.000 0.000 0.000 0.000 0.000 0.000 0.326 0.314 0.312 0.290 0.279 0.267 0.249 0.237 0.211 0.186 0.170 0.168 0.165 0.167 0.171 0.173 0.179 0.185 0.197 0.201 0.207 0.214 0.203 0.000 0.000 0.000 0.000 0.000 0.000 0.000 0.000 0.000 0.000 0.000 0.000 0.000 0.000 0.000 0.000 0.000 0.000 0.000 0.000 0.000 0.138 0.139 0.135 0.126 0.121 0.118 0.115 0.108 0.100 0.093 0.086 0.082 0.080 0.080 0.081 0.085 0.088 0.091 0.094 0.095 0.095 0.096 0.099
0.000 0.000 0.000 0.000 0.000 0.000 0.000 0.000 0.000 0.000 0.000 0.000 0.000 0.000 0.295 0.266 0.257 0.238 0.218 0.196 0.195 0.186 0.190 0.188 0.178 0.196 0.205 0.212 0.223 0.231 0.237 0.238 0.000 0.000 0.000 0.000 0.000 0.000 0.000 0.000 0.000 0.000 0.000 0.000 0.000 0.000 0.000 0.000 0.000 0.000 0.000 0.000 0.000 0.000 0.000 0.000 0.000 0.119 0.118 0.116 0.112 0.103 0.095 0.090 0.081 0.077 0.076 0.074 0.074 0.076 0.079 0.080 0.081 0.083 0.085 0.088 0.092
0.000 0.000 0.000 0.000 0.000 0.000 0.000 0.000 0.000 0.000 0.000 0.000 0.000 0.000 0.000 0.258 0.252 0.235 0.216 0.217 0.211 0.216 0.222 0.212 0.221 0.231 0.236 0.239 0.256 0.259 0.259 0.275 0.000 0.000 0.000 0.000 0.000 0.000 0.000 0.000 0.000 0.000 0.000 0.000 0.000 0.000 0.000 0.000 0.000 0.000 0.000 0.000 0.000 0.000 0.000 0.000 0.000 0.000 0.000 0.000 0.000 0.092 0.090 0.082 0.069 0.068 0.067 0.066 0.066 0.067 0.067 0.066 0.067 0.071 0.076 0.081 0.085
0.000 0.000 0.000 0.000 0.000 0.000 0.000 0.000 0.000 0.000 0.000 0.000 0.000 0.000 0.247 0.257 0.263 0.244 0.243 0.227 0.227 0.226 0.219 0.216 0.230 0.245 0.240 0.244 0.255 0.261 0.265 0.293 0.000 0.000 0.000 0.000 0.000 0.000 0.000 0.000 0.000 0.000 0.000 0.000 0.000 0.000 0.000 0.000 0.000 0.000 0.000 0.000 0.000 0.000 0.000 0.000 0.000 0.000 0.000 0.000 0.000 0.000 0.000 0.000 0.053 0.055 0.056 0.058 0.058 0.060 0.060 0.059 0.062 0.068 0.073 0.077 0.081
0.000 0.000 0.000 0.000 0.000 0.000 0.000 0.000 0.000 0.000 0.000 0.000 0.000 0.000 0.245 0.241 0.249 0.246 0.255 0.255 0.250 0.234 0.234 0.235 0.254 0.262 0.261 0.275 0.278 0.272 0.285 0.292 0.000 0.000 0.000 0.000 0.000 0.000 0.000 0.000 0.000 0.000 0.000 0.000 0.000 0.000 0.000 0.000 0.000 0.000 0.000 0.000 0.000 0.000 0.000 0.000 0.000 0.000 0.000 0.000 0.000 0.000 0.000 0.000 0.000 0.000 0.000 0.000 0.049 0.053 0.054 0.055 0.060 0.065 0.069 0.070 0.073
0.000 0.000 0.000 0.000 0.000 0.000 0.000 0.000 0.000 0.000 0.000 0.000 0.000 0.000 0.244 0.239 0.248 0.255 0.233 0.229 0.226 0.219 0.209 0.219 0.229 0.234 0.267 0.277 0.279 0.282 0.276 0.000 0.000 0.000 0.000 0.000 0.000 0.000 0.000 0.000 0.000 0.000 0.000 0.000 0.000 0.000 0.000 0.000 0.000 0.000 0.000 0.000 0.000 0.000 0.000 0.000 0.000 0.000 0.000 0.000 0.000 0.000 0.000 0.000 0.000 0.000 0.000 0.000 0.000 0.000 0.000 0.048 0.055 0.060 0.064 0.067 0.069
0.000 0.000 0.000 0.000 0.000 0.000 0.000 0.000 0.000 0.000 0.000 0.000 0.000 0.000 0.233 0.229 0.244 0.225 0.226 0.222 0.210 0.195 0.194 0.201 0.217 0.229 0.252 0.267 0.275 0.276 0.293 0.000 0.000 0.000 0.000 0.000 0.000 0.000 0.000 0.000 0.000 0.000 0.000 0.000 0.000 0.000 0.000 0.000 0.000 0.000 0.000 0.000 0.000 0.000 0.000 0.000 0.000 0.000 0.000 0.000 0.000 0.000 0.000 0.000 0.000 0.000 0.000 0.000 0.000 0.000 0.000 0.000 0.000 0.000 0.000 0.058 0.057
0.000 0.000 0.000 0.000 0.000 0.000 0.000 0.000 0.000 0.000 0.000 0.000 0.000 0.233 0.230 0.244 0.241 0.234 0.232 0.235 0.245 0.227 0.219 0.226 0.218 0.228 0.241 0.260 0.264 0.272 0.286 0.000 0.000 0.000 0.000 0.000 0.000 0.000 0.000 0.000 0.000 0.000 0.000 0.000 0.000 0.000 0.000 0.000 0.000 0.000 0.000 0.000 0.000 0.000 0.000 0.000 0.000 0.000 0.000 0.000 0.000 0.000 0.000 0.000 0.000 0.000 0.000 0.000 0.000 0.000 0.000 0.000 0.000 0.000 0.000 0.000 0.039
0.000 0.000 0.000 0.000 0.000 0.000 0.000 0.000 0.000 0.000 0.000 0.000 0.000 0.243 0.244 0.240 0.245 0.254 0.251 0.245 0.227 0.218 0.245 0.251 0.238 0.239 0.260 0.255 0.262 0.267 0.000 0.000 0.000 0.000 0.000 0.000 0.000 0.000 0.000 0.000 0.000 0.000 0.000 0.000 0.000 0.000 0.000 0.000 0.000 0.000 0.000 0.000 0.000 0.000 0.000 0.000 0.000 0.000 0.000 0.000 0.000 0.000 0.000 0.000 0.000 0.000 0.000 0.000 0.000 0.000 0.000 0.000 0.000 0.000 0.000 0.000 0.022
