数据/2hours/0.1-2h-100y/coupled-127-0001.wd
ncols         694
nrows         824
xllcorner     581104.939801
yllcorner     3495917.092414
cellsize      2.000000
NODATA_value  -9999.000000
[rows 714 to 747 of 824, columns 154 to 230 of 694]
0.000 0.000 0.000 0.000 0.000 0.000 0.002 0.003 0.004 0.005 0.006 0.007 0.008 0.009 0.009 0.010 0.010 0.010 0.010 0.009 0.000 0.000 0.248 0.248 0.243 0.239 0.233 0.230 0.227 0.220 0.217 0.209 0.000 0.000 0.000 0.000 0.000 0.000 0.000 0.000 0.000 0.000 0.217 0.273 0.297 0.307 0.319 0.331 0.343 0.000 0.000 0.000 0.000 0.000 0.000 0.000 0.000 0.000 0.413 0.421 0.431 0.435 0.410 0.392 0.403 0.315 0.229 0.157 0.100 0.043 0.000 0.000 0.000 0.000 0.000 0.000 0.000
0.000 0.000 0.000 0.000 0.000 0.002 0.003 0.004 0.005 0.006 0.007 0.008 0.009 0.010 0.011 0.011 0.012 0.012 0.012 0.012 0.012 0.011 0.001 0.264 0.264 0.259 0.257 0.251 0.245 0.239 0.235 0.228 0.220 0.214 0.000 0.000 0.000 0.000 0.000 0.000 0.000 0.201 0.257 0.313 0.358 0.369 0.381 0.393 0.405 0.000 0.000 0.000 0.000 0.000 0.000 0.000 0.000 0.000 0.472 0.467 0.446 0.420 0.397 0.389 0.398 0.358 0.271 0.187 0.105 0.026 0.000 0.000 0.000 0.000 0.000 0.000 0.000
0.000 0.000 0.000 0.000 0.001 0.003 0.004 0.005 0.006 0.007 0.008 0.009 0.010 0.011 0.012 0.012 0.013 0.014 0.014 0.015 0.016 0.016 0.015 0.001 0.001 0.279 0.277 0.271 0.265 0.258 0.253 0.246 0.242 0.237 0.232 0.000 0.000 0.000 0.000 0.000 0.200 0.244 0.298 0.355 0.410 0.430 0.440 0.454 0.467 0.000 0.000 0.000 0.000 0.000 0.000 0.000 0.000 0.501 0.477 0.456 0.434 0.409 0.385 0.389 0.398 0.395 0.310 0.226 0.143 0.000 0.000 0.000 0.000 0.000 0.000 0.000 0.000
0.000 0.000 0.000 0.000 0.002 0.004 0.005 0.006 0.007 0.008 0.009 0.010 0.011 0.012 0.012 0.013 0.014 0.015 0.016 0.017 0.019 0.020 0.022 0.024 0.028 0.004 0.296 0.292 0.285 0.277 0.272 0.267 0.264 0.258 0.251 0.246 0.242 0.000 0.000 0.000 0.233 0.286 0.340 0.395 0.452 0.492 0.504 0.513 0.000 0.000 0.000 0.000 0.000 0.000 0.000 0.000 0.000 0.494 0.467 0.447 0.422 0.400 0.381 0.389 0.400 0.410 0.354 0.265 0.184 0.000 0.000 0.000 0.000 0.000 0.000 0.000 0.000
0.000 0.000 0.000 0.001 0.003 0.005 0.006 0.007 0.008 0.009 0.009 0.010 0.011 0.012 0.013 0.014 0.015 0.016 0.017 0.019 0.021 0.023 0.027 0.033 0.044 0.065 0.005 0.312 0.307 0.298 0.293 0.289 0.284 0.276 0.273 0.267 0.265 0.263 0.000 0.244 0.275 0.327 0.381 0.437 0.494 0.549 0.563 0.575 0.000 0.000 0.000 0.000 0.000 0.000 0.000 0.000 0.000 0.483 0.460 0.438 0.411 0.389 0.382 0.392 0.395 0.406 0.394 0.305 0.000 0.000 0.000 0.000 0.000 0.000 0.000 0.000 0.000
0.000 0.000 0.000 0.001 0.003 0.005 0.006 0.007 0.008 0.009 0.010 0.011 0.012 0.013 0.014 0.014 0.016 0.017 0.018 0.020 0.022 0.024 0.028 0.032 0.038 0.045 0.029 0.001 0.000 0.317 0.313 0.307 0.301 0.296 0.295 0.291 0.288 0.285 0.280 0.270 0.317 0.370 0.422 0.479 0.534 0.592 0.627 0.638 0.000 0.000 0.000 0.000 0.000 0.000 0.000 0.000 0.000 0.470 0.450 0.429 0.400 0.379 0.387 0.394 0.402 0.412 0.418 0.348 0.000 0.000 0.000 0.000 0.000 0.000 0.000 0.000 0.000
0.000 0.000 0.000 0.001 0.003 0.005 0.006 0.007 0.008 0.009 0.010 0.011 0.012 0.013 0.014 0.015 0.016 0.017 0.018 0.020 0.022 0.024 0.026 0.029 0.032 0.034 0.027 0.019 0.013 0.001 0.331 0.326 0.320 0.316 0.315 0.313 0.310 0.309 0.306 0.000 0.000 0.409 0.465 0.521 0.578 0.635 0.690 0.700 0.710 0.688 0.000 0.000 0.000 0.000 0.000 0.000 0.483 0.460 0.438 0.415 0.391 0.379 0.387 0.394 0.403 0.413 0.423 0.391 0.000 0.000 0.000 0.000 0.000 0.000 0.000 0.000 0.000
0.000 0.000 0.000 0.001 0.003 0.005 0.006 0.007 0.008 0.009 0.010 0.011 0.012 0.013 0.014 0.015 0.016 0.017 0.018 0.020 0.021 0.023 0.025 0.027 0.028 0.028 0.025 0.020 0.016 0.011 0.000 0.343 0.340 0.336 0.333 0.332 0.332 0.330 0.000 0.000 0.000 0.000 0.507 0.564 0.621 0.677 0.731 0.727 0.702 0.678 0.653 0.627 0.000 0.000 0.000 0.000 0.472 0.449 0.427 0.406 0.380 0.379 0.388 0.398 0.408 0.418 0.428 0.000 0.000 0.000 0.000 0.000 0.000 0.000 0.000 0.000 0.000
0.000 0.000 0.000 0.001 0.003 0.005 0.006 0.007 0.008 0.009 0.010 0.011 0.012 0.013 0.014 0.015 0.016 0.017 0.018 0.019 0.021 0.022 0.023 0.024 0.025 0.024 0.022 0.020 0.017 0.014 0.010 0.001 0.000 0.355 0.354 0.352 0.353 0.000 0.000 0.000 0.000 0.000 0.000 0.609 0.665 0.688 0.709 0.000 0.000 0.668 0.643 0.615 0.583 0.554 0.000 0.000 0.464 0.439 0.416 0.394 0.370 0.381 0.391 0.399 0.411 0.422 0.433 0.000 0.000 0.000 0.000 0.000 0.000 0.000 0.000 0.000 0.000
0.000 0.000 0.000 0.001 0.003 0.005 0.006 0.007 0.008 0.009 0.010 0.011 0.012 0.013 0.014 0.015 0.016 0.017 0.018 0.019 0.020 0.021 0.022 0.022 0.023 0.022 0.021 0.019 0.017 0.014 0.012 0.009 0.006 0.000 0.375 0.372 0.000 0.000 0.000 0.000 0.000 0.000 0.000 0.624 0.644 0.665 0.685 0.000 0.000 0.000 0.000 0.602 0.573 0.540 0.509 0.481 0.454 0.430 0.407 0.384 0.373 0.385 0.394 0.402 0.414 0.422 0.436 0.000 0.000 0.000 0.000 0.000 0.000 0.000 0.000 0.000 0.000
0.000 0.000 0.000 0.001 0.003 0.005 0.006 0.007 0.008 0.009 0.010 0.011 0.012 0.013 0.014 0.015 0.015 0.016 0.017 0.018 0.019 0.020 0.020 0.021 0.021 0.020 0.019 0.018 0.016 0.014 0.013 0.010 0.008 0.006 0.000 0.391 0.389 0.000 0.000 0.000 0.000 0.000 0.000 0.602 0.623 0.642 0.660 0.668 0.000 0.000 0.000 0.000 0.000 0.526 0.500 0.469 0.443 0.420 0.406 0.371 0.374 0.381 0.394 0.405 0.413 0.420 0.000 0.000 0.000 0.000 0.000 0.000 0.000 0.000 0.000 0.000 0.000
0.000 0.000 0.000 0.001 0.003 0.005 0.006 0.007 0.008 0.009 0.010 0.011 0.012 0.013 0.013 0.014 0.015 0.016 0.016 0.017 0.018 0.018 0.019 0.019 0.019 0.019 0.018 0.017 0.016 0.014 0.013 0.011 0.009 0.007 0.005 0.000 0.412 0.417 0.000 0.000 0.000 0.000 0.000 0.000 0.603 0.000 0.000 0.646 0.635 0.000 0.000 0.000 0.000 0.000 0.000 0.453 0.429 0.408 0.386 0.365 0.373 0.385 0.395 0.404 0.416 0.422 0.000 0.000 0.000 0.000 0.000 0.000 0.000 0.000 0.000 0.000 0.000
0.000 0.000 0.000 0.001 0.003 0.005 0.006 0.007 0.008 0.009 0.010 0.011 0.011 0.012 0.013 0.014 0.014 0.015 0.016 0.016 0.017 0.017 0.018 0.018 0.018 0.017 0.017 0.016 0.015 0.014 0.012 0.011 0.010 0.008 0.006 0.004 0.001 0.434 0.447 0.000 0.000 0.000 0.000 0.000 0.000 0.000 0.000 0.000 0.618 0.000 0.000 0.000 0.000 0.000 0.459 0.441 0.420 0.397 0.374 0.369 0.378 0.384 0.395 0.407 0.417 0.424 0.000 0.000 0.000 0.000 0.000 0.000 0.000 0.000 0.000 0.000 0.000
0.000 0.000 0.000 0.000 0.002 0.004 0.005 0.007 0.008 0.008 0.009 0.010 0.011 0.012 0.013 0.013 0.014 0.015 0.015 0.016 0.016 0.016 0.017 0.017 0.017 0.016 0.016 0.015 0.014 0.013 0.012 0.011 0.010 0.008 0.007 0.005 0.003 0.001 0.413 0.430 0.000 0.000 0.000 0.000 0.000 0.000 0.000 0.000 0.601 0.000 0.000 0.000 0.000 0.000 0.451 0.429 0.410 0.388 0.364 0.370 0.377 0.389 0.398 0.409 0.419 0.000 0.000 0.000 0.000 0.000 0.000 0.000 0.000 0.000 0.000 0.000 0.000
0.000 0.000 0.000 0.000 0.002 0.003 0.005 0.006 0.007 0.008 0.009 0.010 0.011 0.011 0.012 0.013 0.013 0.014 0.014 0.015 0.015 0.016 0.016 0.016 0.016 0.015 0.015 0.014 0.014 0.013 0.012 0.011 0.010 0.008 0.007 0.006 0.004 0.003 0.001 0.404 0.425 0.000 0.000 0.000 0.000 0.000 0.000 0.588 0.582 0.000 0.000 0.000 0.000 0.461 0.439 0.419 0.397 0.373 0.362 0.368 0.376 0.386 0.396 0.405 0.412 0.422 0.428 0.000 0.000 0.000 0.000 0.000 0.000 0.000 0.000 0.000 0.000
0.000 0.000 0.000 0.000 0.000 0.002 0.004 0.005 0.006 0.008 0.008 0.009 0.010 0.011 0.011 0.012 0.013 0.013 0.014 0.014 0.014 0.015 0.015 0.015 0.015 0.014 0.014 0.013 0.013 0.012 0.011 0.010 0.009 0.008 0.007 0.006 0.005 0.003 0.001 0.000 0.396 0.408 0.000 0.000 0.000 0.000 0.000 0.000 0.000 0.000 0.000 0.000 0.000 0.438 0.426 0.406 0.383 0.360 0.360 0.370 0.379 0.387 0.396 0.404 0.411 0.420 0.427 0.430 0.438 0.000 0.000 0.000 0.000 0.000 0.000 0.000 0.000
0.000 0.000 0.000 0.000 0.000 0.001 0.003 0.004 0.006 0.007 0.008 0.009 0.009 0.010 0.011 0.011 0.012 0.012 0.013 0.013 0.014 0.014 0.014 0.014 0.014 0.014 0.013 0.013 0.012 0.011 0.011 0.010 0.009 0.008 0.007 0.006 0.005 0.003 0.001 0.000 0.000 0.371 0.380 0.395 0.000 0.000 0.000 0.000 0.000 0.000 0.000 0.000 0.425 0.414 0.406 0.394 0.373 0.351 0.356 0.365 0.378 0.391 0.399 0.409 0.413 0.419 0.427 0.434 0.438 0.439 0.447 0.000 0.000 0.000 0.000 0.000 0.000
0.000 0.000 0.000 0.000 0.000 0.000 0.002 0.003 0.005 0.006 0.007 0.008 0.009 0.010 0.010 0.011 0.011 0.012 0.012 0.013 0.013 0.013 0.013 0.013 0.013 0.013 0.012 0.012 0.011 0.011 0.010 0.009 0.008 0.007 0.006 0.005 0.004 0.002 0.000 0.000 0.000 0.000 0.351 0.367 0.383 0.000 0.000 0.000 0.000 0.000 0.000 0.000 0.407 0.395 0.384 0.371 0.359 0.352 0.361 0.372 0.381 0.394 0.403 0.410 0.415 0.424 0.430 0.439 0.440 0.441 0.449 0.450 0.399 0.000 0.000 0.000 0.000
0.000 0.000 0.000 0.000 0.000 0.000 0.000 0.002 0.004 0.005 0.006 0.007 0.008 0.009 0.009 0.010 0.011 0.011 0.011 0.012 0.012 0.012 0.012 0.012 0.012 0.012 0.012 0.011 0.011 0.010 0.009 0.008 0.007 0.006 0.005 0.004 0.003 0.001 0.000 0.000 0.000 0.000 0.000 0.338 0.346 0.365 0.000 0.000 0.000 0.000 0.000 0.387 0.380 0.374 0.357 0.346 0.345 0.351 0.359 0.371 0.379 0.393 0.403 0.408 0.418 0.000 0.000 0.000 0.437 0.443 0.449 0.449 0.439 0.349 0.277 0.000 0.000
0.000 0.000 0.000 0.000 0.000 0.000 0.000 0.000 0.002 0.004 0.005 0.006 0.007 0.008 0.009 0.009 0.010 0.010 0.011 0.011 0.011 0.011 0.011 0.011 0.011 0.011 0.011 0.010 0.010 0.009 0.008 0.007 0.006 0.005 0.004 0.003 0.002 0.000 0.000 0.000 0.000 0.000 0.000 0.000 0.313 0.337 0.355 0.000 0.000 0.000 0.000 0.364 0.355 0.348 0.341 0.340 0.342 0.347 0.358 0.367 0.380 0.389 0.403 0.410 0.420 0.000 0.000 0.000 0.000 0.000 0.448 0.452 0.457 0.390 0.345 0.303 0.000
0.000 0.000 0.000 0.000 0.000 0.000 0.000 0.000 0.001 0.003 0.004 0.005 0.006 0.007 0.008 0.008 0.009 0.009 0.010 0.010 0.010 0.010 0.010 0.010 0.010 0.010 0.010 0.009 0.009 0.008 0.007 0.006 0.005 0.004 0.003 0.002 0.000 0.000 0.000 0.000 0.000 0.000 0.000 0.000 0.286 0.309 0.328 0.355 0.000 0.356 0.347 0.337 0.329 0.335 0.339 0.340 0.343 0.342 0.359 0.365 0.379 0.390 0.400 0.408 0.000 0.000 0.000 0.000 0.000 0.000 0.000 0.449 0.456 0.457 0.415 0.374 0.000
0.000 0.000 0.000 0.000 0.000 0.000 0.000 0.000 0.000 0.001 0.003 0.004 0.005 0.006 0.007 0.008 0.008 0.008 0.009 0.009 0.009 0.009 0.009 0.009 0.009 0.009 0.009 0.008 0.008 0.007 0.006 0.005 0.004 0.003 0.002 0.000 0.000 0.000 0.000 0.000 0.000 0.000 0.000 0.000 0.000 0.287 0.306 0.329 0.347 0.338 0.326 0.324 0.324 0.336 0.336 0.342 0.340 0.341 0.352 0.360 0.375 0.385 0.394 0.000 0.000 0.000 0.000 0.000 0.000 0.000 0.000 0.000 0.000 0.461 0.453 0.440 0.398
0.000 0.000 0.000 0.000 0.000 0.000 0.000 0.000 0.000 0.000 0.001 0.002 0.004 0.005 0.006 0.006 0.007 0.008 0.008 0.008 0.008 0.008 0.008 0.008 0.008 0.008 0.008 0.008 0.007 0.006 0.005 0.004 0.003 0.002 0.000 0.000 0.000 0.000 0.000 0.000 0.000 0.000 0.000 0.000 0.000 0.000 0.278 0.302 0.324 0.321 0.322 0.322 0.322 0.329 0.335 0.339 0.333 0.339 0.346 0.353 0.368 0.376 0.394 0.000 0.000 0.000 0.000 0.000 0.000 0.000 0.000 0.000 0.000 0.000 0.000 0.447 0.439
0.000 0.000 0.000 0.000 0.000 0.000 0.000 0.000 0.000 0.000 0.000 0.000 0.002 0.003 0.004 0.005 0.006 0.007 0.007 0.007 0.007 0.007 0.007 0.007 0.007 0.007 0.007 0.007 0.006 0.005 0.004 0.003 0.002 0.000 0.000 0.000 0.000 0.000 0.000 0.000 0.000 0.000 0.000 0.000 0.000 0.000 0.000 0.280 0.302 0.318 0.320 0.314 0.321 0.320 0.328 0.330 0.332 0.331 0.337 0.347 0.362 0.368 0.000 0.000 0.000 0.000 0.000 0.000 0.000 0.000 0.000 0.000 0.000 0.000 0.000 0.000 0.000
0.000 0.000 0.000 0.000 0.000 0.000 0.000 0.000 0.000 0.000 0.000 0.000 0.000 0.002 0.003 0.004 0.005 0.005 0.006 0.006 0.006 0.006 0.006 0.006 0.006 0.006 0.006 0.006 0.005 0.004 0.003 0.002 0.000 0.000 0.000 0.000 0.000 0.000 0.000 0.000 0.000 0.000 0.000 0.000 0.000 0.000 0.000 0.000 0.276 0.294 0.313 0.310 0.316 0.321 0.324 0.330 0.332 0.327 0.331 0.342 0.357 0.367 0.000 0.000 0.000 0.000 0.000 0.000 0.000 0.000 0.000 0.000 0.000 0.000 0.000 0.000 0.000
0.000 0.000 0.000 0.000 0.000 0.000 0.000 0.000 0.000 0.000 0.000 0.000 0.000 0.000 0.001 0.002 0.003 0.004 0.005 0.005 0.005 0.005 0.005 0.005 0.005 0.005 0.005 0.004 0.004 0.003 0.002 0.000 0.000 0.000 0.000 0.000 0.000 0.000 0.000 0.000 0.000 0.000 0.000 0.000 0.000 0.000 0.000 0.000 0.000 0.261 0.295 0.308 0.315 0.318 0.317 0.326 0.327 0.318 0.322 0.338 0.354 0.000 0.000 0.000 0.000 0.000 0.000 0.000 0.000 0.000 0.000 0.000 0.000 0.000 0.000 0.000 0.000
0.000 0.000 0.000 0.000 0.000 0.000 0.000 0.000 0.000 0.000 0.000 0.000 0.000 0.000 0.000 0.000 0.002 0.002 0.003 0.003 0.003 0.003 0.003 0.003 0.003 0.003 0.003 0.003 0.002 0.001 0.000 0.000 0.000 0.000 0.000 0.000 0.000 0.000 0.000 0.000 0.000 0.000 0.000 0.000 0.000 0.000 0.000 0.000 0.000 0.000 0.276 0.295 0.311 0.311 0.315 0.318 0.323 0.316 0.318 0.330 0.344 0.000 0.000 0.000 0.000 0.000 0.000 0.000 0.000 0.000 0.000 0.000 0.000 0.000 0.000 0.000 0.000
0.000 0.000 0.000 0.000 0.000 0.000 0.000 0.000 0.000 0.000 0.000 0.000 0.000 0.000 0.000 0.000 0.000 0.000 0.001 0.001 0.001 0.001 0.001 0.001 0.001 0.001 0.001 0.001 0.000 0.000 0.000 0.000 0.000 0.000 0.000 0.000 0.000 0.000 0.000 0.000 0.000 0.000 0.000 0.000 0.000 0.000 0.000 0.000 0.000 0.000 0.255 0.274 0.298 0.311 0.314 0.313 0.314 0.317 0.317 0.332 0.000 0.000 0.000 0.000 0.000 0.000 0.000 0.000 0.000 0.000 0.000 0.000 0.000 0.000 0.000 0.000 0.000
0.000 0.000 0.000 0.000 0.000 0.000 0.000 0.000 0.000 0.000 0.000 0.000 0.000 0.000 0.000 0.000 0.000 0.000 0.000 0.000 0.000 0.000 0.000 0.000 0.000 0.000 0.000 0.000 0.000 0.000 0.000 0.000 0.000 0.000 0.000 0.000 0.000 0.000 0.000 0.000 0.000 0.000 0.000 0.000 0.000 0.000 0.000 0.000 0.000 0.000 0.000 0.258 0.277 0.296 0.311 0.305 0.294 0.308 0.307 0.000 0.000 0.000 0.000 0.000 0.000 0.000 0.000 0.000 0.000 0.000 0.000 0.000 0.000 0.000 0.000 0.000 0.000
0.000 0.000 0.000 0.000 0.000 0.000 0.000 0.000 0.000 0.000 0.000 0.000 0.000 0.000 0.000 0.000 0.000 0.000 0.000 0.000 0.000 0.000 0.000 0.000 0.000 0.000 0.000 0.000 0.000 0.000 0.000 0.000 0.000 0.000 0.000 0.000 0.000 0.000 0.000 0.000 0.000 0.000 0.000 0.000 0.000 0.000 0.000 0.000 0.000 0.000 0.000 0.236 0.253 0.274 0.293 0.304 0.294 0.298 0.293 0.283 0.000 0.000 0.000 0.000 0.000 0.000 0.000 0.000 0.000 0.000 0.000 0.000 0.000 0.000 0.000 0.000 0.000
0.000 0.000 0.000 0.000 0.000 0.000 0.000 0.000 0.000 0.000 0.000 0.000 0.000 0.000 0.000 0.000 0.000 0.000 0.000 0.000 0.000 0.000 0.000 0.000 0.000 0.000 0.000 0.000 0.000 0.000 0.000 0.000 0.000 0.000 0.000 0.000 0.000 0.000 0.000 0.000 0.000 0.000 0.000 0.000 0.000 0.000 0.000 0.000 0.000 0.000 0.000 0.212 0.229 0.250 0.271 0.290 0.293 0.293 0.284 0.273 0.276 0.000 0.000 0.000 0.000 0.000 0.000 0.000 0.000 0.000 0.000 0.000 0.000 0.000 0.000 0.000 0.000
0.000 0.000 0.000 0.000 0.000 0.000 0.000 0.000 0.000 0.000 0.000 0.000 0.000 0.000 0.000 0.000 0.000 0.000 0.000 0.000 0.000 0.000 0.000 0.000 0.000 0.000 0.000 0.000 0.000 0.000 0.000 0.000 0.000 0.000 0.000 0.000 0.000 0.000 0.000 0.000 0.000 0.000 0.000 0.000 0.000 0.000 0.000 0.000 0.000 0.000 0.000 0.190 0.208 0.232 0.252 0.272 0.280 0.287 0.279 0.266 0.270 0.266 0.271 0.000 0.000 0.000 0.000 0.000 0.000 0.000 0.000 0.000 0.000 0.000 0.000 0.000 0.000
0.000 0.000 0.000 0.000 0.000 0.000 0.000 0.000 0.000 0.000 0.000 0.000 0.000 0.000 0.000 0.000 0.000 0.000 0.000 0.000 0.000 0.000 0.000 0.000 0.000 0.000 0.000 0.000 0.000 0.000 0.000 0.000 0.000 0.000 0.000 0.000 0.000 0.000 0.000 0.000 0.000 0.000 0.000 0.000 0.000 0.000 0.000 0.000 0.000 0.000 0.000 0.000 0.193 0.212 0.228 0.240 0.252 0.267 0.270 0.259 0.255 0.259 0.268 0.273 0.000 0.000 0.000 0.000 0.000 0.000 0.000 0.000 0.000 0.000 0.000 0.000 0.000
0.000 0.000 0.000 0.000 0.000 0.000 0.000 0.000 0.000 0.000 0.000 0.000 0.000 0.000 0.000 0.000 0.000 0.000 0.000 0.000 0.000 0.000 0.000 0.000 0.000 0.000 0.000 0.000 0.000 0.000 0.000 0.000 0.000 0.000 0.000 0.000 0.000 0.000 0.000 0.000 0.000 0.000 0.000 0.000 0.000 0.000 0.000 0.000 0.000 0.000 0.000 0.000 0.178 0.192 0.205 0.213 0.227 0.239 0.255 0.252 0.252 0.253 0.261 0.265 0.274 0.000 0.000 0.000 0.000 0.000 0.000 0.000 0.000 0.000 0.000 0.000 0.000
