数据/2hours/0.1-2h-100y/coupled-146-0001.wd
ncols         694
nrows         824
xllcorner     581104.939801
yllcorner     3495917.092414
cellsize      2.000000
NODATA_value  -9999.000000
[rows 680 to 713 of 824, columns 154 to 230 of 694]
0.000 0.000 0.000 0.000 0.000 0.000 0.000 0.000 0.000 0.000 0.000 0.000 0.001 0.000 0.000 0.000 0.001 0.001 0.001 0.001 0.001 0.016 0.008 0.004 0.004 0.004 0.000 0.002 0.002 0.000 0.000 0.000 0.000 0.000 0.000 0.000 0.000 0.000 0.000 0.016 0.030 0.039 0.043 0.039 0.039 0.036 0.031 0.030 0.036 0.047 0.049 0.061 0.005 0.002 0.001 0.001 0.001 0.001 0.001 0.001 0.001 0.001 0.001 0.000 0.000 0.000 0.000 0.000 0.000 0.000 0.000 0.000 0.000 0.000 0.000 0.000 0.000
0.000 0.000 0.000 0.000 0.000 0.000 0.000 0.000 0.000 0.000 0.000 0.001 0.001 0.001 0.001 0.000 0.001 0.001 0.001 0.001 0.002 0.032 0.049 0.000 0.043 0.021 0.002 0.001 0.000 0.000 0.000 0.000 0.000 0.000 0.000 0.000 0.000 0.000 0.033 0.022 0.024 0.027 0.034 0.036 0.035 0.033 0.029 0.025 0.028 0.032 0.036 0.047 0.053 0.051 0.005 0.002 0.001 0.001 0.001 0.001 0.001 0.001 0.001 0.001 0.000 0.000 0.000 0.000 0.000 0.000 0.000 0.000 0.000 0.000 0.000 0.000 0.000
0.000 0.000 0.000 0.000 0.000 0.000 0.000 0.000 0.000 0.000 0.000 0.001 0.001 0.001 0.001 0.001 0.001 0.001 0.001 0.001 0.015 0.052 0.000 0.000 0.000 0.000 0.027 0.002 0.000 0.000 0.000 0.000 0.000 0.000 0.000 0.000 0.000 0.019 0.027 0.030 0.028 0.030 0.030 0.033 0.036 0.031 0.025 0.020 0.020 0.022 0.028 0.036 0.042 0.049 0.055 0.023 0.003 0.001 0.001 0.001 0.001 0.001 0.001 0.001 0.000 0.000 0.000 0.000 0.000 0.000 0.000 0.000 0.000 0.000 0.000 0.000 0.000
0.000 0.000 0.000 0.000 0.000 0.000 0.000 0.000 0.000 0.000 0.000 0.001 0.001 0.001 0.001 0.001 0.001 0.001 0.001 0.001 0.015 0.000 0.000 0.000 0.000 0.000 0.000 0.028 0.003 0.001 0.000 0.000 0.000 0.000 0.000 0.000 0.000 0.014 0.023 0.027 0.031 0.033 0.034 0.035 0.039 0.000 0.019 0.012 0.012 0.013 0.016 0.021 0.026 0.032 0.038 0.043 0.062 0.009 0.001 0.001 0.001 0.001 0.001 0.001 0.001 0.000 0.000 0.000 0.000 0.000 0.000 0.000 0.000 0.000 0.000 0.000 0.000
0.000 0.000 0.000 0.000 0.000 0.000 0.000 0.000 0.000 0.001 0.001 0.001 0.001 0.001 0.001 0.001 0.001 0.001 0.001 0.001 0.015 0.000 0.000 0.000 0.000 0.000 0.000 0.000 0.050 0.029 0.003 0.000 0.000 0.000 0.000 0.000 0.005 0.011 0.012 0.020 0.026 0.028 0.030 0.034 0.000 0.000 0.000 0.000 0.001 0.002 0.005 0.008 0.013 0.019 0.028 0.038 0.049 0.054 0.072 0.003 0.001 0.001 0.001 0.001 0.001 0.001 0.000 0.000 0.000 0.000 0.000 0.000 0.000 0.000 0.000 0.000 0.000
0.001 0.000 0.000 0.001 0.001 0.001 0.001 0.001 0.001 0.001 0.001 0.001 0.001 0.001 0.001 0.001 0.001 0.001 0.001 0.001 0.011 0.012 0.000 0.000 0.000 0.000 0.000 0.000 0.000 0.000 0.050 0.029 0.002 0.000 0.000 0.003 0.004 0.006 0.012 0.015 0.016 0.020 0.025 0.028 0.000 0.002 0.003 0.004 0.000 0.000 0.001 0.002 0.006 0.012 0.019 0.027 0.036 0.045 0.055 0.057 0.054 0.001 0.001 0.001 0.001 0.001 0.001 0.000 0.000 0.000 0.000 0.000 0.000 0.000 0.000 0.000 0.000
0.001 0.001 0.001 0.001 0.001 0.001 0.001 0.001 0.001 0.001 0.001 0.001 0.001 0.001 0.001 0.001 0.001 0.001 0.001 0.001 0.009 0.014 0.000 0.000 0.000 0.000 0.000 0.000 0.000 0.000 0.000 0.000 0.028 0.002 0.000 0.005 0.006 0.005 0.008 0.015 0.016 0.018 0.022 0.000 0.000 0.001 0.001 0.001 0.001 0.014 0.000 0.000 0.001 0.005 0.011 0.017 0.025 0.032 0.039 0.045 0.056 0.066 0.035 0.001 0.001 0.001 0.001 0.000 0.001 0.000 0.000 0.000 0.000 0.000 0.000 0.000 0.000
0.001 0.001 0.001 0.001 0.001 0.001 0.001 0.001 0.001 0.001 0.001 0.001 0.001 0.001 0.001 0.001 0.001 0.001 0.001 0.001 0.009 0.011 0.007 0.009 0.000 0.000 0.000 0.000 0.000 0.000 0.000 0.000 0.000 0.030 0.005 0.006 0.006 0.004 0.004 0.011 0.015 0.018 0.000 0.000 0.001 0.001 0.001 0.001 0.001 0.008 0.000 0.000 0.000 0.000 0.002 0.006 0.012 0.018 0.025 0.032 0.041 0.049 0.064 0.085 0.022 0.001 0.001 0.001 0.001 0.001 0.001 0.000 0.000 0.000 0.000 0.000 0.000
0.001 0.001 0.001 0.001 0.001 0.001 0.001 0.001 0.001 0.001 0.001 0.001 0.001 0.001 0.001 0.001 0.001 0.001 0.025 0.000 0.000 0.008 0.008 0.014 0.046 0.000 0.000 0.000 0.000 0.000 0.000 0.000 0.000 0.000 0.010 0.007 0.005 0.005 0.004 0.007 0.013 0.017 0.000 0.001 0.001 0.001 0.001 0.001 0.001 0.001 0.008 0.000 0.000 0.007 0.000 0.000 0.002 0.007 0.013 0.019 0.028 0.041 0.056 0.072 0.092 0.120 0.030 0.001 0.001 0.001 0.001 0.001 0.001 0.001 0.000 0.000 0.000
0.011 0.001 0.001 0.001 0.001 0.001 0.001 0.001 0.001 0.001 0.001 0.001 0.001 0.001 0.001 0.001 0.001 0.025 0.000 0.000 0.000 0.000 0.010 0.037 0.075 0.108 0.000 0.166 0.000 0.000 0.000 0.000 0.000 0.060 0.035 0.008 0.005 0.004 0.003 0.003 0.011 0.000 0.000 0.001 0.001 0.001 0.001 0.001 0.001 0.001 0.001 0.001 0.001 0.001 0.001 0.009 0.000 0.000 0.004 0.011 0.019 0.029 0.041 0.060 0.086 0.114 0.142 0.150 0.046 0.001 0.001 0.001 0.001 0.001 0.001 0.001 0.001
0.033 0.004 0.001 0.001 0.001 0.001 0.001 0.001 0.001 0.001 0.001 0.001 0.001 0.001 0.001 0.001 0.001 0.000 0.000 0.000 0.000 0.000 0.000 0.000 0.101 0.131 0.161 0.190 0.000 0.000 0.000 0.000 0.147 0.123 0.070 0.013 0.007 0.005 0.003 0.002 0.005 0.006 0.008 0.000 0.000 0.001 0.001 0.001 0.001 0.001 0.001 0.001 0.001 0.001 0.001 0.002 0.002 0.003 0.002 0.003 0.010 0.019 0.033 0.054 0.080 0.108 0.136 0.164 0.192 0.166 0.062 0.004 0.001 0.001 0.001 0.001 0.001
0.035 0.038 0.010 0.001 0.001 0.001 0.001 0.001 0.001 0.001 0.001 0.001 0.001 0.001 0.001 0.001 0.001 0.000 0.000 0.000 0.000 0.000 0.000 0.000 0.000 0.154 0.183 0.213 0.243 0.000 0.000 0.000 0.210 0.170 0.101 0.030 0.000 0.038 0.004 0.001 0.001 0.004 0.006 0.007 0.008 0.000 0.000 0.001 0.001 0.001 0.001 0.001 0.001 0.001 0.001 0.001 0.002 0.003 0.000 0.000 0.000 0.017 0.029 0.050 0.075 0.103 0.130 0.158 0.186 0.214 0.243 0.225 0.201 0.173 0.137 0.099 0.061
0.060 0.074 0.063 0.035 0.006 0.001 0.001 0.001 0.001 0.001 0.001 0.001 0.001 0.001 0.001 0.001 0.001 0.000 0.000 0.000 0.000 0.000 0.000 0.000 0.000 0.000 0.000 0.236 0.266 0.295 0.318 0.295 0.267 0.201 0.133 0.000 0.000 0.000 0.035 0.002 0.001 0.002 0.004 0.004 0.005 0.006 0.007 0.000 0.001 0.001 0.001 0.001 0.001 0.001 0.001 0.001 0.003 0.000 0.000 0.000 0.000 0.000 0.028 0.047 0.070 0.097 0.124 0.152 0.180 0.215 0.250 0.203 0.114 0.079 0.043 0.004 0.001
0.085 0.098 0.112 0.088 0.059 0.031 0.003 0.001 0.001 0.001 0.001 0.001 0.001 0.001 0.001 0.001 0.001 0.001 0.001 0.000 0.000 0.000 0.000 0.000 0.000 0.000 0.000 0.000 0.287 0.317 0.349 0.358 0.298 0.231 0.164 0.000 0.000 0.000 0.000 0.034 0.001 0.001 0.001 0.002 0.003 0.004 0.005 0.004 0.002 0.002 0.001 0.001 0.001 0.001 0.001 0.001 0.002 0.000 0.000 0.000 0.000 0.000 0.020 0.041 0.065 0.091 0.121 0.155 0.191 0.226 0.249 0.189 0.103 0.015 0.001 0.001 0.001
0.109 0.123 0.137 0.142 0.113 0.084 0.055 0.026 0.001 0.001 0.001 0.001 0.001 0.001 0.000 0.001 0.001 0.001 0.001 0.001 0.000 0.000 0.000 0.000 0.000 0.000 0.000 0.000 0.000 0.321 0.355 0.372 0.323 0.256 0.000 0.000 0.000 0.000 0.000 0.058 0.001 0.001 0.001 0.001 0.001 0.001 0.002 0.002 0.001 0.001 0.001 0.001 0.001 0.001 0.001 0.002 0.000 0.000 0.000 0.000 0.000 0.000 0.009 0.033 0.065 0.098 0.132 0.167 0.201 0.237 0.228 0.169 0.095 0.005 0.001 0.001 0.001
0.134 0.148 0.160 0.173 0.167 0.138 0.109 0.080 0.051 0.022 0.001 0.001 0.001 0.000 0.000 0.000 0.000 0.001 0.001 0.001 0.017 0.000 0.000 0.000 0.000 0.000 0.000 0.000 0.287 0.322 0.350 0.352 0.346 0.000 0.000 0.000 0.000 0.000 0.149 0.081 0.014 0.001 0.001 0.001 0.001 0.001 0.001 0.001 0.001 0.001 0.001 0.001 0.001 0.001 0.001 0.001 0.000 0.000 0.000 0.000 0.000 0.000 0.004 0.038 0.074 0.108 0.143 0.177 0.212 0.248 0.208 0.149 0.086 0.002 0.001 0.001 0.001
0.157 0.172 0.184 0.197 0.211 0.191 0.162 0.134 0.105 0.076 0.029 0.001 0.000 0.000 0.000 0.000 0.000 0.000 0.000 0.001 0.019 0.051 0.085 0.000 0.000 0.000 0.000 0.000 0.290 0.324 0.330 0.332 0.333 0.000 0.000 0.000 0.000 0.000 0.000 0.105 0.037 0.001 0.001 0.001 0.001 0.001 0.001 0.001 0.001 0.001 0.001 0.001 0.001 0.001 0.001 0.001 0.000 0.000 0.000 0.000 0.000 0.000 0.008 0.047 0.082 0.117 0.152 0.187 0.223 0.247 0.188 0.129 0.071 0.001 0.001 0.001 0.001
0.182 0.196 0.209 0.222 0.236 0.246 0.217 0.188 0.158 0.127 0.071 0.016 0.000 0.000 0.000 0.000 0.000 0.000 0.000 0.001 0.020 0.053 0.087 0.120 0.000 0.000 0.000 0.257 0.291 0.308 0.310 0.311 0.000 0.000 0.000 0.000 0.000 0.000 0.000 0.000 0.000 0.022 0.008 0.001 0.001 0.001 0.001 0.001 0.001 0.001 0.001 0.001 0.001 0.001 0.001 0.001 0.000 0.000 0.000 0.000 0.000 0.000 0.016 0.055 0.091 0.127 0.162 0.196 0.232 0.227 0.167 0.109 0.051 0.001 0.001 0.001 0.001
0.213 0.223 0.234 0.247 0.260 0.273 0.271 0.241 0.213 0.170 0.114 0.000 0.000 0.000 0.000 0.000 0.000 0.000 0.000 0.000 0.000 0.000 0.088 0.122 0.156 0.191 0.224 0.258 0.287 0.288 0.289 0.000 0.000 0.000 0.000 0.000 0.000 0.000 0.000 0.000 0.000 0.041 0.027 0.013 0.001 0.001 0.001 0.001 0.001 0.001 0.001 0.001 0.001 0.001 0.001 0.014 0.000 0.000 0.000 0.000 0.000 0.000 0.024 0.063 0.100 0.135 0.171 0.206 0.242 0.205 0.146 0.087 0.030 0.001 0.001 0.001 0.001
0.242 0.252 0.263 0.274 0.285 0.297 0.310 0.295 0.266 0.213 0.000 0.000 0.000 0.000 0.000 0.000 0.000 0.000 0.000 0.000 0.000 0.000 0.090 0.124 0.158 0.192 0.227 0.261 0.267 0.268 0.270 0.000 0.000 0.000 0.000 0.000 0.000 0.000 0.000 0.000 0.000 0.060 0.000 0.033 0.018 0.005 0.001 0.001 0.001 0.001 0.001 0.001 0.001 0.001 0.001 0.025 0.000 0.000 0.000 0.000 0.000 0.004 0.033 0.072 0.108 0.144 0.180 0.216 0.242 0.184 0.125 0.066 0.007 0.001 0.001 0.001 0.001
0.272 0.282 0.293 0.303 0.314 0.325 0.335 0.348 0.310 0.255 0.200 0.146 0.000 0.000 0.000 0.000 0.000 0.000 0.000 0.000 0.000 0.000 0.000 0.000 0.160 0.194 0.228 0.246 0.247 0.249 0.000 0.000 0.000 0.000 0.215 0.000 0.000 0.000 0.000 0.000 0.000 0.000 0.000 0.000 0.000 0.024 0.010 0.001 0.001 0.001 0.001 0.001 0.001 0.001 0.002 0.036 0.000 0.000 0.000 0.000 0.000 0.010 0.043 0.081 0.117 0.153 0.189 0.225 0.221 0.162 0.103 0.045 0.001 0.001 0.001 0.001 0.000
0.301 0.311 0.322 0.333 0.343 0.355 0.365 0.375 0.350 0.298 0.243 0.188 0.133 0.000 0.000 0.000 0.000 0.000 0.000 0.000 0.000 0.000 0.000 0.000 0.000 0.196 0.224 0.226 0.228 0.000 0.000 0.000 0.000 0.194 0.196 0.196 0.173 0.000 0.000 0.000 0.000 0.000 0.000 0.000 0.000 0.000 0.030 0.016 0.001 0.001 0.001 0.001 0.013 0.000 0.000 0.048 0.000 0.000 0.000 0.000 0.000 0.018 0.054 0.091 0.127 0.163 0.199 0.235 0.200 0.141 0.082 0.023 0.001 0.001 0.000 0.000 0.000
0.000 0.341 0.351 0.362 0.373 0.384 0.394 0.381 0.353 0.326 0.286 0.231 0.175 0.120 0.066 0.000 0.000 0.000 0.000 0.000 0.000 0.000 0.000 0.000 0.000 0.198 0.205 0.207 0.208 0.000 0.000 0.000 0.000 0.174 0.176 0.177 0.178 0.129 0.000 0.000 0.000 0.000 0.000 0.000 0.000 0.000 0.000 0.000 0.001 0.001 0.001 0.001 0.000 0.000 0.000 0.000 0.000 0.000 0.000 0.000 0.000 0.028 0.064 0.100 0.136 0.172 0.209 0.237 0.178 0.119 0.061 0.007 0.001 0.000 0.000 0.000 0.000
0.000 0.000 0.381 0.392 0.402 0.413 0.404 0.384 0.357 0.329 0.302 0.274 0.218 0.163 0.108 0.053 0.000 0.000 0.000 0.000 0.000 0.000 0.000 0.000 0.163 0.183 0.185 0.187 0.000 0.000 0.000 0.000 0.154 0.155 0.156 0.157 0.159 0.152 0.084 0.015 0.000 0.000 0.000 0.000 0.000 0.000 0.000 0.000 0.000 0.001 0.001 0.001 0.000 0.000 0.000 0.000 0.000 0.000 0.000 0.000 0.007 0.037 0.073 0.110 0.146 0.182 0.218 0.216 0.157 0.098 0.040 0.001 0.000 0.000 0.000 0.000 0.000
0.000 0.000 0.000 0.421 0.432 0.425 0.415 0.387 0.359 0.332 0.304 0.277 0.249 0.206 0.151 0.095 0.040 0.000 0.000 0.000 0.000 0.000 0.000 0.128 0.159 0.162 0.165 0.000 0.000 0.000 0.000 0.133 0.134 0.135 0.137 0.138 0.139 0.141 0.108 0.039 0.001 0.000 0.000 0.000 0.000 0.000 0.000 0.000 0.000 0.001 0.001 0.001 0.000 0.000 0.000 0.000 0.000 0.000 0.000 0.000 0.014 0.048 0.084 0.120 0.156 0.193 0.228 0.195 0.135 0.076 0.021 0.001 0.000 0.000 0.000 0.000 0.000
0.000 0.000 0.000 0.000 0.445 0.435 0.418 0.390 0.363 0.334 0.307 0.280 0.252 0.224 0.193 0.138 0.082 0.027 0.001 0.000 0.000 0.000 0.000 0.129 0.138 0.140 0.000 0.000 0.000 0.000 0.000 0.114 0.115 0.116 0.117 0.119 0.119 0.121 0.121 0.064 0.001 0.001 0.000 0.000 0.000 0.000 0.000 0.000 0.001 0.001 0.001 0.001 0.000 0.000 0.000 0.000 0.000 0.000 0.000 0.000 0.021 0.057 0.094 0.130 0.166 0.202 0.232 0.173 0.114 0.056 0.005 0.001 0.000 0.000 0.000 0.000 0.000
0.000 0.000 0.000 0.000 0.000 0.445 0.421 0.393 0.365 0.338 0.310 0.282 0.255 0.227 0.199 0.171 0.125 0.069 0.014 0.001 0.000 0.000 0.095 0.115 0.117 0.119 0.000 0.000 0.000 0.000 0.000 0.094 0.095 0.097 0.097 0.099 0.100 0.101 0.103 0.087 0.019 0.001 0.001 0.001 0.000 0.000 0.000 0.001 0.001 0.001 0.001 0.001 0.001 0.000 0.000 0.000 0.000 0.000 0.000 0.000 0.029 0.067 0.104 0.140 0.176 0.212 0.211 0.152 0.093 0.036 0.001 0.000 0.000 0.000 0.000 0.000 0.000
0.000 0.000 0.000 0.000 0.000 0.000 0.000 0.396 0.368 0.341 0.313 0.286 0.258 0.230 0.202 0.174 0.146 0.112 0.056 0.002 0.022 0.059 0.091 0.094 0.097 0.000 0.000 0.000 0.000 0.000 0.000 0.000 0.075 0.076 0.078 0.080 0.081 0.082 0.083 0.085 0.044 0.001 0.001 0.001 0.001 0.000 0.001 0.001 0.001 0.001 0.001 0.001 0.001 0.000 0.000 0.000 0.000 0.000 0.000 0.005 0.040 0.078 0.113 0.149 0.185 0.222 0.190 0.131 0.072 0.018 0.001 0.000 0.000 0.000 0.000 0.000 0.000
0.000 0.000 0.000 0.000 0.000 0.000 0.000 0.000 0.370 0.343 0.316 0.288 0.261 0.233 0.204 0.177 0.149 0.120 0.092 0.043 0.022 0.058 0.068 0.070 0.000 0.000 0.000 0.000 0.000 0.000 0.000 0.000 0.000 0.000 0.058 0.059 0.061 0.062 0.064 0.065 0.067 0.001 0.001 0.001 0.001 0.001 0.001 0.001 0.001 0.001 0.001 0.001 0.014 0.000 0.000 0.000 0.000 0.000 0.000 0.012 0.050 0.085 0.122 0.159 0.195 0.227 0.169 0.110 0.052 0.003 0.001 0.000 0.000 0.000 0.000 0.000 0.000
0.000 0.000 0.000 0.000 0.000 0.000 0.000 0.000 0.000 0.347 0.319 0.291 0.001 0.001 0.208 0.180 0.152 0.123 0.094 0.066 0.029 0.042 0.042 0.042 0.036 0.035 0.000 0.000 0.000 0.000 0.000 0.000 0.000 0.000 0.037 0.040 0.042 0.043 0.044 0.045 0.047 0.024 0.001 0.001 0.001 0.001 0.001 0.001 0.001 0.001 0.001 0.001 0.000 0.000 0.000 0.000 0.000 0.000 0.000 0.032 0.057 0.095 0.132 0.169 0.205 0.206 0.147 0.090 0.032 0.001 0.001 0.000 0.000 0.000 0.000 0.000 0.000
0.000 0.000 0.000 0.000 0.000 0.000 0.000 0.000 0.000 0.000 0.001 0.000 0.003 0.003 0.001 0.000 0.153 0.126 0.097 0.068 0.043 0.039 0.035 0.030 0.024 0.019 0.012 0.000 0.000 0.000 0.000 0.000 0.000 0.000 0.017 0.000 0.023 0.023 0.025 0.026 0.028 0.029 0.001 0.001 0.001 0.001 0.001 0.001 0.001 0.001 0.001 0.001 0.000 0.000 0.000 0.000 0.000 0.000 0.000 0.063 0.079 0.104 0.142 0.179 0.214 0.184 0.127 0.069 0.014 0.001 0.000 0.000 0.000 0.000 0.000 0.000 0.000
0.000 0.000 0.000 0.000 0.000 0.000 0.000 0.000 0.000 0.002 0.003 0.004 0.005 0.005 0.005 0.004 0.001 0.129 0.100 0.069 0.056 0.050 0.045 0.039 0.032 0.024 0.019 0.012 0.000 0.000 0.000 0.000 0.000 0.000 0.000 0.000 0.000 0.000 0.015 0.011 0.008 0.006 0.002 0.001 0.001 0.001 0.001 0.001 0.001 0.002 0.017 0.029 0.000 0.000 0.000 0.000 0.000 0.000 0.086 0.098 0.112 0.127 0.150 0.187 0.221 0.162 0.105 0.049 0.001 0.001 0.000 0.000 0.000 0.000 0.000 0.000 0.000
0.000 0.000 0.000 0.000 0.000 0.000 0.000 0.000 0.002 0.003 0.004 0.005 0.006 0.006 0.007 0.007 0.006 0.000 0.000 0.081 0.071 0.065 0.058 0.054 0.041 0.031 0.026 0.020 0.017 0.009 0.000 0.000 0.000 0.000 0.000 0.000 0.000 0.000 0.000 0.021 0.017 0.008 0.006 0.005 0.003 0.003 0.003 0.010 0.018 0.031 0.000 0.000 0.000 0.000 0.000 0.000 0.000 0.000 0.122 0.134 0.147 0.161 0.176 0.197 0.198 0.139 0.082 0.028 0.001 0.001 0.000 0.000 0.000 0.000 0.000 0.000 0.000
0.000 0.000 0.000 0.000 0.000 0.000 0.000 0.002 0.003 0.004 0.005 0.006 0.007 0.008 0.008 0.008 0.008 0.007 0.006 0.000 0.087 0.083 0.073 0.062 0.040 0.040 0.038 0.033 0.029 0.022 0.017 0.000 0.000 0.000 0.000 0.000 0.000 0.000 0.000 0.000 0.000 0.007 0.007 0.031 0.039 0.048 0.058 0.069 0.080 0.000 0.000 0.000 0.000 0.000 0.000 0.000 0.000 0.000 0.177 0.188 0.198 0.210 0.221 0.225 0.182 0.117 0.058 0.006 0.001 0.001 0.000 0.000 0.000 0.000 0.000 0.000 0.000
