数据/2hours/0.1-2h-100y/coupled-148-0001.wd
ncols         694
nrows         824
xllcorner     581104.939801
yllcorner     3495917.092414
cellsize      2.000000
NODATA_value  -9999.000000
[rows 408 to 441 of 824, columns 385 to 461 of 694]
0.000 0.000 0.000 0.000 0.000 0.000 0.000 0.000 0.000 0.000 0.000 0.000 0.000 0.000 0.000 0.000 0.000 0.000 0.000 0.000 0.000 0.000 0.000 0.000 0.000 0.000 0.000 0.000 0.000 0.000 0.000 0.000 0.031 0.036 0.045 0.054 0.060 0.059 0.052 0.061 0.063 0.065 0.065 0.000 0.000 0.000 0.000 0.000 0.000 0.000 0.030 0.030 0.030 0.030 0.030 0.028 0.023 0.019 0.014 0.009 0.005 0.001 0.001 0.000 0.000 0.000 0.000 0.000 0.000 0.000 0.000 0.000 0.000 0.000 0.000 0.000 0.000
0.000 0.000 0.000 0.000 0.000 0.000 0.000 0.000 0.000 0.000 0.000 0.000 0.000 0.000 0.000 0.000 0.000 0.000 0.000 0.000 0.000 0.000 0.000 0.000 0.000 0.000 0.000 0.000 0.000 0.000 0.000 0.017 0.030 0.037 0.049 0.053 0.060 0.058 0.062 0.062 0.064 0.062 0.065 0.000 0.000 0.000 0.000 0.000 0.000 0.030 0.030 0.030 0.030 0.030 0.030 0.030 0.030 0.026 0.021 0.017 0.012 0.007 0.002 0.001 0.000 0.000 0.000 0.000 0.000 0.000 0.000 0.000 0.000 0.000 0.000 0.000 0.000
0.000 0.000 0.000 0.000 0.000 0.000 0.000 0.000 0.000 0.000 0.000 0.000 0.000 0.000 0.000 0.000 0.000 0.000 0.000 0.000 0.000 0.000 0.000 0.000 0.000 0.000 0.000 0.000 0.000 0.000 0.000 0.019 0.032 0.037 0.049 0.056 0.062 0.061 0.063 0.064 0.063 0.060 0.062 0.000 0.000 0.000 0.000 0.000 0.000 0.031 0.030 0.029 0.030 0.030 0.030 0.030 0.030 0.030 0.029 0.024 0.019 0.014 0.010 0.005 0.001 0.001 0.000 0.000 0.000 0.000 0.000 0.000 0.000 0.000 0.000 0.000 0.000
0.000 0.000 0.000 0.000 0.000 0.000 0.000 0.000 0.000 0.000 0.000 0.000 0.000 0.000 0.000 0.000 0.000 0.000 0.000 0.000 0.000 0.000 0.000 0.000 0.000 0.000 0.000 0.000 0.000 0.000 0.000 0.022 0.033 0.041 0.050 0.057 0.060 0.058 0.063 0.061 0.062 0.062 0.061 0.000 0.000 0.000 0.000 0.000 0.000 0.030 0.030 0.030 0.030 0.030 0.030 0.029 0.030 0.029 0.029 0.029 0.026 0.021 0.016 0.012 0.007 0.002 0.001 0.000 0.000 0.000 0.000 0.000 0.000 0.000 0.000 0.000 0.000
0.000 0.000 0.000 0.000 0.000 0.000 0.000 0.000 0.000 0.000 0.000 0.000 0.000 0.000 0.000 0.000 0.000 0.000 0.000 0.000 0.000 0.000 0.000 0.000 0.000 0.000 0.000 0.000 0.000 0.000 0.000 0.024 0.035 0.041 0.055 0.058 0.062 0.058 0.061 0.062 0.066 0.063 0.000 0.000 0.000 0.000 0.000 0.000 0.000 0.031 0.030 0.030 0.030 0.030 0.030 0.030 0.030 0.030 0.029 0.029 0.028 0.028 0.024 0.019 0.014 0.009 0.004 0.001 0.001 0.000 0.000 0.000 0.000 0.000 0.000 0.000 0.000
0.000 0.000 0.000 0.000 0.000 0.000 0.000 0.000 0.000 0.000 0.000 0.000 0.000 0.000 0.000 0.000 0.000 0.000 0.000 0.000 0.000 0.000 0.000 0.000 0.000 0.000 0.000 0.000 0.000 0.000 0.020 0.025 0.038 0.044 0.054 0.063 0.059 0.060 0.060 0.063 0.064 0.068 0.000 0.000 0.000 0.000 0.000 0.000 0.030 0.030 0.030 0.030 0.030 0.030 0.030 0.030 0.030 0.029 0.029 0.029 0.028 0.028 0.028 0.026 0.021 0.016 0.011 0.006 0.002 0.001 0.000 0.000 0.000 0.000 0.000 0.000 0.000
0.000 0.000 0.000 0.000 0.000 0.000 0.000 0.000 0.000 0.000 0.000 0.000 0.000 0.000 0.000 0.000 0.000 0.000 0.000 0.000 0.000 0.000 0.000 0.000 0.000 0.000 0.000 0.000 0.000 0.000 0.021 0.028 0.037 0.050 0.055 0.062 0.058 0.060 0.058 0.061 0.062 0.062 0.000 0.000 0.000 0.000 0.000 0.000 0.030 0.030 0.029 0.030 0.030 0.030 0.030 0.030 0.029 0.029 0.029 0.029 0.029 0.028 0.027 0.027 0.026 0.023 0.018 0.013 0.008 0.004 0.001 0.000 0.000 0.000 0.000 0.000 0.000
0.000 0.000 0.000 0.000 0.000 0.000 0.000 0.000 0.000 0.000 0.000 0.000 0.000 0.000 0.000 0.000 0.000 0.000 0.000 0.000 0.000 0.000 0.000 0.000 0.000 0.000 0.000 0.000 0.000 0.000 0.024 0.029 0.038 0.052 0.060 0.064 0.062 0.061 0.061 0.062 0.064 0.000 0.000 0.000 0.000 0.000 0.000 0.000 0.030 0.030 0.030 0.030 0.030 0.030 0.030 0.030 0.029 0.029 0.029 0.028 0.028 0.028 0.027 0.027 0.026 0.026 0.025 0.020 0.015 0.010 0.005 0.001 0.001 0.000 0.000 0.000 0.000
0.000 0.000 0.000 0.000 0.000 0.000 0.000 0.000 0.000 0.000 0.000 0.000 0.000 0.000 0.000 0.000 0.000 0.000 0.000 0.000 0.000 0.000 0.000 0.000 0.000 0.000 0.000 0.000 0.000 0.000 0.027 0.033 0.040 0.050 0.061 0.064 0.063 0.063 0.060 0.063 0.064 0.000 0.000 0.000 0.000 0.000 0.000 0.030 0.031 0.030 0.030 0.030 0.030 0.030 0.030 0.029 0.030 0.029 0.029 0.028 0.027 0.027 0.027 0.026 0.026 0.025 0.025 0.025 0.022 0.017 0.012 0.007 0.002 0.001 0.000 0.000 0.000
0.000 0.000 0.000 0.000 0.000 0.000 0.000 0.000 0.000 0.000 0.000 0.000 0.000 0.000 0.000 0.000 0.000 0.000 0.000 0.000 0.000 0.000 0.000 0.000 0.000 0.000 0.000 0.000 0.009 0.018 0.028 0.035 0.041 0.050 0.059 0.060 0.061 0.063 0.060 0.062 0.062 0.000 0.000 0.000 0.000 0.000 0.000 0.031 0.031 0.030 0.030 0.031 0.030 0.030 0.030 0.030 0.029 0.028 0.029 0.029 0.028 0.027 0.027 0.026 0.025 0.025 0.024 0.024 0.023 0.023 0.019 0.014 0.009 0.004 0.001 0.000 0.000
0.000 0.000 0.000 0.000 0.000 0.000 0.000 0.000 0.000 0.000 0.000 0.000 0.000 0.000 0.000 0.000 0.000 0.000 0.000 0.000 0.000 0.000 0.000 0.000 0.000 0.000 0.000 0.000 0.012 0.019 0.030 0.037 0.043 0.052 0.059 0.058 0.059 0.058 0.059 0.058 0.061 0.000 0.000 0.000 0.000 0.000 0.000 0.031 0.031 0.031 0.030 0.030 0.030 0.030 0.030 0.029 0.029 0.029 0.028 0.028 0.027 0.027 0.026 0.025 0.025 0.025 0.024 0.024 0.023 0.022 0.021 0.020 0.015 0.010 0.005 0.001 0.000
0.000 0.000 0.000 0.000 0.000 0.000 0.000 0.000 0.000 0.000 0.000 0.000 0.000 0.000 0.000 0.000 0.000 0.000 0.000 0.000 0.000 0.000 0.000 0.000 0.000 0.000 0.000 0.000 0.013 0.020 0.030 0.038 0.046 0.054 0.060 0.060 0.061 0.059 0.060 0.059 0.061 0.000 0.000 0.000 0.000 0.000 0.000 0.031 0.032 0.031 0.031 0.031 0.030 0.030 0.029 0.029 0.029 0.029 0.028 0.028 0.027 0.027 0.026 0.026 0.025 0.024 0.024 0.023 0.022 0.022 0.021 0.020 0.019 0.017 0.011 0.006 0.002
0.000 0.000 0.000 0.000 0.000 0.000 0.000 0.000 0.000 0.000 0.000 0.000 0.000 0.000 0.000 0.000 0.000 0.000 0.000 0.000 0.000 0.000 0.000 0.000 0.000 0.000 0.000 0.000 0.015 0.020 0.032 0.040 0.048 0.056 0.060 0.062 0.061 0.062 0.062 0.060 0.059 0.000 0.000 0.000 0.000 0.000 0.032 0.031 0.031 0.031 0.031 0.031 0.031 0.030 0.029 0.029 0.028 0.028 0.028 0.027 0.027 0.026 0.026 0.025 0.024 0.024 0.023 0.023 0.022 0.021 0.020 0.019 0.019 0.018 0.017 0.012 0.007
0.000 0.000 0.000 0.000 0.000 0.000 0.000 0.000 0.000 0.000 0.000 0.000 0.000 0.000 0.000 0.000 0.000 0.000 0.000 0.000 0.000 0.000 0.000 0.000 0.000 0.000 0.000 0.000 0.016 0.023 0.032 0.041 0.048 0.059 0.061 0.061 0.061 0.059 0.062 0.062 0.059 0.000 0.000 0.000 0.000 0.000 0.032 0.031 0.032 0.032 0.031 0.031 0.031 0.030 0.030 0.029 0.028 0.028 0.028 0.027 0.027 0.026 0.025 0.024 0.024 0.023 0.023 0.022 0.021 0.021 0.020 0.019 0.018 0.017 0.016 0.015 0.013
0.000 0.000 0.000 0.000 0.000 0.000 0.000 0.000 0.000 0.000 0.000 0.000 0.000 0.000 0.000 0.000 0.000 0.000 0.000 0.000 0.000 0.000 0.000 0.000 0.000 0.000 0.000 0.011 0.017 0.027 0.032 0.045 0.051 0.060 0.064 0.062 0.064 0.062 0.061 0.061 0.060 0.000 0.000 0.000 0.000 0.000 0.031 0.032 0.032 0.032 0.032 0.031 0.031 0.030 0.029 0.029 0.028 0.028 0.027 0.027 0.026 0.026 0.025 0.024 0.023 0.022 0.022 0.022 0.021 0.020 0.019 0.018 0.017 0.016 0.015 0.014 0.013
0.000 0.000 0.000 0.000 0.000 0.000 0.000 0.000 0.000 0.000 0.000 0.000 0.000 0.000 0.000 0.000 0.000 0.000 0.000 0.000 0.000 0.000 0.000 0.000 0.000 0.000 0.000 0.011 0.019 0.028 0.036 0.044 0.056 0.062 0.064 0.064 0.063 0.064 0.062 0.062 0.060 0.058 0.057 0.000 0.000 0.000 0.000 0.000 0.033 0.033 0.032 0.032 0.032 0.030 0.030 0.029 0.028 0.027 0.027 0.026 0.026 0.025 0.025 0.023 0.023 0.022 0.021 0.021 0.019 0.019 0.018 0.017 0.016 0.015 0.014 0.013 0.012
0.000 0.000 0.000 0.000 0.000 0.000 0.000 0.000 0.000 0.000 0.000 0.000 0.000 0.000 0.000 0.000 0.000 0.000 0.000 0.000 0.000 0.000 0.000 0.000 0.000 0.000 0.000 0.012 0.020 0.030 0.038 0.046 0.056 0.063 0.063 0.062 0.062 0.060 0.059 0.061 0.059 0.057 0.056 0.052 0.050 0.047 0.000 0.036 0.034 0.033 0.033 0.032 0.032 0.031 0.030 0.029 0.028 0.027 0.026 0.026 0.025 0.025 0.024 0.023 0.022 0.021 0.020 0.019 0.019 0.018 0.017 0.016 0.015 0.014 0.013 0.012 0.010
0.000 0.000 0.000 0.000 0.000 0.000 0.000 0.000 0.000 0.000 0.000 0.000 0.000 0.000 0.000 0.000 0.000 0.000 0.000 0.000 0.000 0.000 0.000 0.000 0.000 0.000 0.000 0.013 0.022 0.031 0.041 0.050 0.060 0.064 0.063 0.061 0.060 0.061 0.060 0.060 0.058 0.056 0.055 0.051 0.048 0.045 0.041 0.037 0.035 0.034 0.033 0.032 0.031 0.031 0.029 0.029 0.028 0.027 0.026 0.025 0.025 0.024 0.023 0.022 0.021 0.020 0.019 0.019 0.018 0.017 0.016 0.015 0.014 0.013 0.011 0.010 0.008
0.000 0.000 0.000 0.000 0.000 0.000 0.000 0.000 0.000 0.000 0.000 0.000 0.000 0.000 0.000 0.000 0.000 0.000 0.000 0.000 0.000 0.000 0.000 0.000 0.000 0.000 0.000 0.015 0.024 0.033 0.042 0.051 0.062 0.073 0.061 0.059 0.061 0.060 0.060 0.062 0.000 0.055 0.054 0.052 0.047 0.043 0.040 0.037 0.035 0.034 0.033 0.033 0.031 0.031 0.030 0.028 0.027 0.026 0.026 0.025 0.024 0.023 0.022 0.021 0.020 0.019 0.019 0.018 0.017 0.016 0.015 0.014 0.012 0.011 0.009 0.006 0.006
0.000 0.000 0.000 0.000 0.000 0.000 0.000 0.000 0.000 0.000 0.000 0.000 0.000 0.000 0.000 0.000 0.000 0.000 0.000 0.000 0.000 0.000 0.000 0.000 0.000 0.000 0.000 0.017 0.025 0.033 0.044 0.051 0.061 0.060 0.058 0.060 0.062 0.064 0.060 0.000 0.000 0.000 0.000 0.000 0.044 0.042 0.039 0.036 0.035 0.034 0.033 0.033 0.032 0.031 0.029 0.028 0.027 0.026 0.025 0.024 0.023 0.022 0.021 0.020 0.019 0.018 0.018 0.017 0.016 0.014 0.013 0.012 0.010 0.007 0.007 0.007 0.007
0.000 0.000 0.000 0.000 0.000 0.000 0.000 0.000 0.000 0.000 0.000 0.000 0.000 0.000 0.000 0.000 0.000 0.000 0.000 0.000 0.000 0.000 0.000 0.000 0.000 0.000 0.011 0.018 0.026 0.035 0.043 0.051 0.061 0.060 0.060 0.061 0.061 0.060 0.000 0.000 0.000 0.000 0.000 0.000 0.000 0.000 0.036 0.035 0.035 0.034 0.033 0.032 0.031 0.030 0.028 0.028 0.026 0.025 0.024 0.023 0.023 0.021 0.020 0.019 0.018 0.017 0.016 0.015 0.014 0.012 0.011 0.008 0.007 0.007 0.007 0.008 0.009
0.000 0.000 0.000 0.000 0.000 0.000 0.000 0.000 0.000 0.000 0.000 0.000 0.000 0.000 0.000 0.000 0.000 0.000 0.000 0.000 0.000 0.000 0.000 0.000 0.000 0.000 0.012 0.019 0.028 0.035 0.045 0.053 0.061 0.058 0.058 0.058 0.056 0.059 0.000 0.000 0.000 0.000 0.000 0.000 0.000 0.000 0.035 0.035 0.034 0.033 0.033 0.032 0.031 0.030 0.028 0.027 0.025 0.025 0.024 0.022 0.022 0.021 0.019 0.018 0.017 0.016 0.015 0.013 0.011 0.009 0.008 0.008 0.007 0.008 0.009 0.012 0.018
0.000 0.000 0.000 0.000 0.000 0.000 0.000 0.000 0.000 0.000 0.000 0.000 0.000 0.000 0.000 0.000 0.000 0.000 0.000 0.000 0.000 0.000 0.000 0.000 0.000 0.000 0.013 0.021 0.028 0.037 0.045 0.055 0.063 0.058 0.060 0.058 0.059 0.000 0.000 0.000 0.000 0.000 0.034 0.034 0.034 0.034 0.034 0.034 0.033 0.033 0.032 0.031 0.030 0.028 0.027 0.026 0.025 0.024 0.023 0.022 0.021 0.019 0.018 0.017 0.015 0.014 0.012 0.010 0.008 0.008 0.008 0.008 0.009 0.012 0.017 0.023 0.030
0.000 0.000 0.000 0.000 0.000 0.000 0.000 0.000 0.000 0.000 0.000 0.000 0.000 0.000 0.000 0.000 0.000 0.000 0.000 0.000 0.000 0.000 0.000 0.000 0.000 0.000 0.013 0.023 0.028 0.039 0.046 0.057 0.060 0.059 0.057 0.055 0.057 0.000 0.000 0.000 0.000 0.000 0.000 0.034 0.034 0.034 0.034 0.034 0.034 0.033 0.032 0.030 0.029 0.028 0.027 0.026 0.025 0.023 0.022 0.021 0.020 0.018 0.016 0.015 0.013 0.011 0.008 0.008 0.008 0.008 0.009 0.012 0.016 0.022 0.029 0.036 0.043
0.000 0.000 0.000 0.000 0.000 0.000 0.000 0.000 0.000 0.000 0.000 0.000 0.000 0.000 0.000 0.000 0.000 0.000 0.000 0.000 0.000 0.000 0.000 0.000 0.000 0.000 0.014 0.024 0.028 0.039 0.050 0.058 0.060 0.060 0.058 0.060 0.059 0.000 0.000 0.000 0.000 0.000 0.000 0.000 0.000 0.000 0.034 0.034 0.033 0.032 0.031 0.030 0.028 0.027 0.026 0.025 0.024 0.023 0.021 0.019 0.018 0.016 0.014 0.012 0.009 0.009 0.009 0.009 0.010 0.011 0.015 0.020 0.027 0.034 0.042 0.049 0.053
0.000 0.000 0.000 0.000 0.000 0.000 0.000 0.000 0.000 0.000 0.000 0.000 0.000 0.000 0.000 0.000 0.000 0.000 0.000 0.000 0.000 0.000 0.000 0.000 0.000 0.006 0.016 0.024 0.032 0.040 0.050 0.060 0.062 0.061 0.061 0.060 0.000 0.000 0.000 0.000 0.000 0.000 0.000 0.000 0.000 0.000 0.000 0.000 0.032 0.032 0.030 0.029 0.028 0.027 0.026 0.024 0.023 0.021 0.020 0.017 0.015 0.013 0.010 0.010 0.009 0.009 0.010 0.011 0.015 0.019 0.026 0.033 0.040 0.048 0.055 0.062 0.061
0.022 0.000 0.000 0.000 0.000 0.002 0.001 0.001 0.001 0.001 0.000 0.000 0.000 0.000 0.000 0.000 0.000 0.000 0.000 0.000 0.000 0.000 0.000 0.000 0.000 0.007 0.015 0.025 0.036 0.042 0.050 0.061 0.062 0.061 0.060 0.060 0.000 0.000 0.000 0.000 0.000 0.000 0.000 0.000 0.000 0.000 0.000 0.000 0.000 0.000 0.000 0.028 0.027 0.027 0.025 0.024 0.022 0.019 0.017 0.014 0.012 0.010 0.010 0.010 0.010 0.012 0.014 0.019 0.025 0.031 0.039 0.046 0.053 0.061 0.068 0.073 0.069
0.034 0.029 0.026 0.020 0.015 0.008 0.003 0.001 0.001 0.001 0.001 0.001 0.001 0.001 0.001 0.001 0.001 0.000 0.001 0.000 0.000 0.000 0.000 0.000 0.000 0.008 0.015 0.027 0.037 0.044 0.053 0.061 0.060 0.062 0.061 0.061 0.000 0.000 0.000 0.000 0.000 0.000 0.000 0.000 0.000 0.000 0.000 0.000 0.000 0.000 0.000 0.000 0.000 0.000 0.024 0.023 0.019 0.016 0.013 0.011 0.011 0.011 0.011 0.012 0.014 0.018 0.024 0.031 0.037 0.045 0.052 0.060 0.067 0.074 0.081 0.081 0.077
0.044 0.040 0.036 0.030 0.024 0.018 0.012 0.006 0.003 0.001 0.001 0.001 0.001 0.001 0.001 0.001 0.001 0.001 0.001 0.001 0.001 0.000 0.000 0.000 0.000 0.009 0.017 0.028 0.037 0.046 0.056 0.061 0.060 0.063 0.066 0.063 0.000 0.000 0.000 0.000 0.000 0.000 0.000 0.000 0.000 0.000 0.000 0.000 0.000 0.000 0.000 0.000 0.000 0.000 0.000 0.000 0.013 0.011 0.011 0.011 0.011 0.012 0.014 0.018 0.023 0.030 0.037 0.044 0.052 0.059 0.066 0.074 0.081 0.088 0.093 0.088 0.084
0.056 0.050 0.046 0.040 0.034 0.028 0.022 0.015 0.009 0.006 0.003 0.001 0.001 0.001 0.001 0.001 0.001 0.001 0.001 0.001 0.001 0.001 0.000 0.000 0.000 0.011 0.021 0.029 0.038 0.045 0.055 0.058 0.059 0.063 0.064 0.000 0.000 0.000 0.000 0.000 0.000 0.000 0.000 0.000 0.000 0.000 0.000 0.000 0.000 0.000 0.000 0.000 0.000 0.000 0.000 0.000 0.010 0.010 0.011 0.012 0.014 0.017 0.022 0.029 0.035 0.042 0.050 0.057 0.064 0.072 0.080 0.087 0.094 0.101 0.101 0.096 0.092
0.066 0.061 0.056 0.050 0.044 0.038 0.031 0.025 0.019 0.014 0.009 0.005 0.002 0.001 0.001 0.001 0.001 0.001 0.001 0.001 0.001 0.001 0.001 0.001 0.003 0.014 0.021 0.026 0.034 0.042 0.053 0.055 0.056 0.057 0.061 0.000 0.000 0.000 0.000 0.000 0.000 0.000 0.000 0.000 0.000 0.000 0.000 0.000 0.000 0.000 0.000 0.000 0.000 0.000 0.000 0.000 0.008 0.010 0.013 0.016 0.020 0.027 0.033 0.040 0.048 0.056 0.063 0.071 0.078 0.086 0.093 0.100 0.107 0.114 0.108 0.103 0.098
0.077 0.072 0.066 0.060 0.054 0.048 0.042 0.036 0.029 0.023 0.018 0.013 0.008 0.004 0.001 0.001 0.001 0.001 0.001 0.001 0.001 0.001 0.001 0.001 0.004 0.016 0.019 0.025 0.036 0.044 0.053 0.056 0.057 0.055 0.055 0.000 0.000 0.000 0.000 0.000 0.000 0.000 0.000 0.000 0.000 0.000 0.000 0.000 0.000 0.000 0.000 0.000 0.000 0.000 0.000 0.000 0.010 0.014 0.019 0.024 0.031 0.039 0.047 0.053 0.062 0.069 0.077 0.085 0.092 0.099 0.106 0.114 0.121 0.121 0.116 0.111 0.105
0.087 0.082 0.076 0.071 0.065 0.059 0.053 0.046 0.040 0.034 0.027 0.022 0.016 0.011 0.006 0.002 0.001 0.001 0.001 0.001 0.001 0.001 0.001 0.001 0.006 0.012 0.020 0.027 0.038 0.046 0.053 0.053 0.054 0.055 0.052 0.000 0.000 0.000 0.000 0.000 0.000 0.000 0.000 0.000 0.000 0.000 0.000 0.000 0.000 0.000 0.000 0.000 0.000 0.000 0.000 0.012 0.018 0.024 0.031 0.038 0.045 0.052 0.060 0.067 0.075 0.083 0.090 0.097 0.105 0.112 0.120 0.000 0.000 0.128 0.123 0.118 0.113
0.000 0.000 0.087 0.081 0.075 0.069 0.063 0.057 0.050 0.044 0.037 0.031 0.026 0.020 0.014 0.009 0.004 0.001 0.001 0.001 0.001 0.001 0.001 0.001 0.008 0.010 0.023 0.027 0.035 0.047 0.053 0.046 0.045 0.054 0.000 0.000 0.000 0.000 0.000 0.000 0.000 0.000 0.000 0.000 0.000 0.000 0.000 0.000 0.000 0.000 0.000 0.000 0.000 0.000 0.000 0.024 0.031 0.037 0.045 0.051 0.058 0.067 0.074 0.081 0.088 0.096 0.103 0.111 0.118 0.125 0.000 0.000 0.000 0.000 0.000 0.125 0.120
