数据/2hours/0.1-2h-100y/coupled-151-0001.wd
ncols         694
nrows         824
xllcorner     581104.939801
yllcorner     3495917.092414
cellsize      2.000000
NODATA_value  -9999.000000
[rows 442 to 475 of 824, columns 385 to 461 of 694]
0.000 0.000 0.000 0.077 0.072 0.066 0.060 0.054 0.048 0.042 0.036 0.029 0.023 0.018 0.012 0.007 0.002 0.001 0.001 0.001 0.001 0.001 0.001 0.001 0.005 0.008 0.019 0.026 0.033 0.043 0.051 0.047 0.040 0.045 0.000 0.000 0.000 0.000 0.000 0.000 0.000 0.000 0.000 0.000 0.000 0.000 0.000 0.000 0.000 0.000 0.001 0.009 0.017 0.025 0.032 0.039 0.046 0.053 0.060 0.068 0.075 0.082 0.090 0.097 0.105 0.112 0.119 0.126 0.133 0.140 0.000 0.000 0.000 0.000 0.000 0.000 0.000
0.000 0.000 0.000 0.000 0.000 0.077 0.071 0.064 0.058 0.052 0.046 0.039 0.033 0.027 0.021 0.015 0.010 0.004 0.001 0.001 0.001 0.001 0.001 0.001 0.005 0.009 0.017 0.030 0.037 0.043 0.045 0.047 0.046 0.043 0.000 0.000 0.000 0.000 0.000 0.000 0.000 0.000 0.000 0.000 0.000 0.000 0.000 0.000 0.000 0.008 0.015 0.022 0.030 0.038 0.045 0.052 0.059 0.067 0.074 0.081 0.089 0.096 0.103 0.111 0.119 0.125 0.132 0.139 0.146 0.153 0.159 0.160 0.000 0.000 0.000 0.000 0.000
0.000 0.000 0.000 0.000 0.000 0.000 0.000 0.074 0.069 0.062 0.056 0.049 0.043 0.037 0.030 0.024 0.018 0.012 0.006 0.002 0.001 0.001 0.001 0.001 0.005 0.009 0.022 0.029 0.039 0.044 0.044 0.044 0.044 0.000 0.000 0.000 0.000 0.000 0.000 0.000 0.000 0.000 0.000 0.000 0.000 0.000 0.000 0.006 0.014 0.021 0.028 0.035 0.043 0.051 0.058 0.066 0.073 0.080 0.087 0.094 0.102 0.110 0.117 0.124 0.132 0.139 0.146 0.152 0.158 0.165 0.171 0.167 0.162 0.158 0.153 0.000 0.000
0.000 0.000 0.000 0.000 0.000 0.000 0.000 0.000 0.075 0.072 0.066 0.059 0.053 0.047 0.040 0.034 0.027 0.020 0.014 0.008 0.003 0.001 0.001 0.001 0.005 0.010 0.019 0.034 0.047 0.043 0.043 0.045 0.044 0.000 0.000 0.000 0.000 0.000 0.000 0.000 0.000 0.000 0.000 0.000 0.000 0.000 0.012 0.019 0.027 0.033 0.041 0.049 0.055 0.000 0.000 0.000 0.000 0.093 0.000 0.000 0.116 0.123 0.130 0.137 0.145 0.151 0.158 0.165 0.171 0.176 0.180 0.175 0.170 0.165 0.160 0.155 0.150
0.000 0.000 0.000 0.000 0.000 0.000 0.000 0.000 0.000 0.000 0.070 0.067 0.063 0.057 0.050 0.043 0.036 0.029 0.022 0.015 0.009 0.003 0.001 0.001 0.005 0.009 0.019 0.029 0.039 0.042 0.040 0.037 0.042 0.000 0.000 0.000 0.000 0.000 0.000 0.000 0.000 0.000 0.000 0.000 0.000 0.000 0.000 0.000 0.000 0.047 0.053 0.061 0.068 0.000 0.000 0.000 0.000 0.000 0.000 0.000 0.000 0.000 0.000 0.000 0.157 0.164 0.171 0.179 0.183 0.190 0.186 0.181 0.177 0.172 0.168 0.163 0.159
0.000 0.000 0.000 0.000 0.000 0.000 0.000 0.000 0.000 0.000 0.000 0.070 0.067 0.063 0.059 0.053 0.045 0.038 0.031 0.023 0.016 0.009 0.004 0.001 0.003 0.008 0.015 0.027 0.034 0.036 0.037 0.034 0.032 0.024 0.019 0.018 0.000 0.000 0.000 0.000 0.000 0.000 0.000 0.000 0.000 0.000 0.000 0.000 0.000 0.000 0.000 0.000 0.000 0.000 0.000 0.000 0.000 0.000 0.000 0.000 0.000 0.000 0.000 0.000 0.000 0.000 0.000 0.000 0.196 0.199 0.194 0.189 0.184 0.179 0.174 0.171 0.166
0.000 0.000 0.000 0.000 0.000 0.000 0.000 0.000 0.000 0.000 0.000 0.000 0.000 0.066 0.063 0.057 0.052 0.047 0.040 0.032 0.024 0.016 0.010 0.004 0.003 0.006 0.015 0.020 0.026 0.032 0.031 0.026 0.027 0.020 0.015 0.014 0.009 0.006 0.004 0.004 0.000 0.000 0.000 0.000 0.000 0.000 0.000 0.000 0.000 0.000 0.000 0.000 0.000 0.000 0.000 0.000 0.000 0.000 0.000 0.000 0.000 0.000 0.000 0.000 0.000 0.000 0.000 0.000 0.000 0.000 0.000 0.195 0.191 0.187 0.182 0.178 0.175
0.000 0.000 0.000 0.000 0.000 0.000 0.000 0.000 0.000 0.000 0.000 0.000 0.000 0.000 0.000 0.059 0.055 0.050 0.044 0.038 0.031 0.023 0.016 0.010 0.007 0.005 0.011 0.013 0.011 0.024 0.023 0.026 0.020 0.013 0.014 0.014 0.010 0.008 0.006 0.005 0.003 0.003 0.002 0.000 0.000 0.000 0.000 0.000 0.000 0.000 0.000 0.000 0.000 0.000 0.000 0.000 0.000 0.000 0.000 0.000 0.000 0.000 0.000 0.000 0.000 0.000 0.000 0.000 0.000 0.000 0.000 0.000 0.000 0.000 0.000 0.185 0.181
0.000 0.000 0.000 0.000 0.000 0.000 0.000 0.000 0.000 0.000 0.000 0.000 0.000 0.000 0.000 0.000 0.057 0.053 0.045 0.038 0.033 0.028 0.023 0.016 0.011 0.009 0.006 0.010 0.011 0.015 0.018 0.015 0.012 0.014 0.016 0.013 0.010 0.009 0.007 0.006 0.005 0.004 0.003 0.002 0.001 0.001 0.001 0.000 0.000 0.000 0.000 0.000 0.000 0.000 0.000 0.000 0.000 0.000 0.000 0.000 0.000 0.000 0.000 0.000 0.000 0.000 0.000 0.000 0.000 0.000 0.000 0.000 0.000 0.000 0.000 0.000 0.000
0.000 0.000 0.000 0.000 0.000 0.000 0.000 0.000 0.000 0.000 0.000 0.000 0.000 0.000 0.000 0.000 0.000 0.000 0.041 0.036 0.032 0.027 0.023 0.019 0.017 0.014 0.009 0.011 0.013 0.012 0.012 0.012 0.014 0.017 0.015 0.012 0.010 0.009 0.008 0.007 0.006 0.005 0.004 0.003 0.002 0.002 0.002 0.001 0.001 0.001 0.001 0.001 0.001 0.001 0.001 0.000 0.000 0.000 0.000 0.000 0.000 0.000 0.000 0.000 0.000 0.000 0.000 0.000 0.000 0.000 0.000 0.000 0.000 0.000 0.000 0.000 0.000
0.000 0.000 0.000 0.000 0.000 0.000 0.000 0.000 0.000 0.000 0.000 0.000 0.000 0.000 0.000 0.000 0.000 0.000 0.038 0.035 0.031 0.027 0.024 0.019 0.017 0.014 0.013 0.010 0.011 0.012 0.013 0.015 0.017 0.015 0.013 0.012 0.011 0.011 0.009 0.008 0.007 0.006 0.005 0.004 0.003 0.003 0.002 0.002 0.001 0.001 0.001 0.001 0.001 0.001 0.001 0.001 0.001 0.001 0.000 0.000 0.000 0.000 0.000 0.000 0.000 0.000 0.000 0.000 0.000 0.000 0.000 0.000 0.000 0.000 0.000 0.000 0.000
0.000 0.000 0.000 0.000 0.000 0.000 0.000 0.000 0.000 0.000 0.000 0.000 0.000 0.000 0.000 0.000 0.000 0.000 0.036 0.033 0.030 0.026 0.023 0.020 0.017 0.015 0.012 0.007 0.000 0.010 0.013 0.015 0.015 0.014 0.014 0.013 0.013 0.013 0.011 0.010 0.010 0.008 0.007 0.006 0.005 0.004 0.004 0.003 0.002 0.002 0.001 0.001 0.001 0.001 0.001 0.001 0.001 0.001 0.001 0.001 0.001 0.000 0.000 0.000 0.000 0.000 0.000 0.000 0.000 0.000 0.000 0.000 0.000 0.000 0.000 0.000 0.000
0.000 0.000 0.000 0.000 0.000 0.000 0.000 0.000 0.000 0.000 0.000 0.000 0.000 0.000 0.000 0.000 0.000 0.000 0.034 0.032 0.029 0.027 0.023 0.019 0.018 0.014 0.011 0.007 0.005 0.007 0.010 0.011 0.012 0.013 0.013 0.014 0.016 0.014 0.013 0.013 0.013 0.012 0.010 0.009 0.007 0.007 0.006 0.005 0.004 0.003 0.003 0.002 0.002 0.002 0.002 0.001 0.001 0.001 0.001 0.001 0.001 0.001 0.001 0.001 0.001 0.000 0.000 0.000 0.000 0.000 0.000 0.000 0.000 0.000 0.000 0.000 0.000
0.000 0.000 0.000 0.000 0.000 0.000 0.000 0.000 0.000 0.000 0.000 0.000 0.000 0.000 0.000 0.000 0.000 0.028 0.031 0.030 0.028 0.025 0.023 0.020 0.018 0.014 0.012 0.007 0.006 0.007 0.008 0.010 0.011 0.012 0.014 0.015 0.016 0.015 0.016 0.018 0.018 0.016 0.015 0.013 0.012 0.010 0.010 0.009 0.008 0.006 0.005 0.005 0.004 0.004 0.004 0.003 0.003 0.003 0.002 0.002 0.002 0.002 0.002 0.002 0.003 0.005 0.001 0.001 0.001 0.000 0.000 0.000 0.000 0.000 0.000 0.000 0.000
0.000 0.000 0.000 0.000 0.000 0.000 0.000 0.000 0.000 0.000 0.000 0.000 0.000 0.000 0.000 0.000 0.000 0.029 0.030 0.029 0.028 0.025 0.024 0.022 0.018 0.016 0.010 0.007 0.006 0.007 0.008 0.010 0.011 0.012 0.014 0.016 0.016 0.018 0.020 0.021 0.020 0.019 0.018 0.018 0.017 0.016 0.016 0.015 0.013 0.012 0.010 0.009 0.008 0.008 0.008 0.007 0.007 0.007 0.006 0.006 0.006 0.006 0.007 0.009 0.013 0.013 0.008 0.001 0.001 0.001 0.001 0.001 0.000 0.000 0.000 0.000 0.000
0.000 0.000 0.000 0.000 0.000 0.000 0.000 0.000 0.000 0.000 0.000 0.000 0.000 0.000 0.000 0.000 0.000 0.030 0.029 0.028 0.027 0.026 0.024 0.022 0.019 0.015 0.008 0.007 0.007 0.008 0.009 0.010 0.012 0.014 0.016 0.018 0.020 0.022 0.023 0.023 0.022 0.022 0.022 0.022 0.021 0.021 0.020 0.020 0.018 0.017 0.017 0.016 0.015 0.014 0.014 0.015 0.015 0.015 0.014 0.015 0.016 0.017 0.018 0.021 0.025 0.019 0.013 0.004 0.001 0.001 0.001 0.001 0.001 0.000 0.000 0.000 0.000
0.000 0.000 0.000 0.000 0.000 0.000 0.000 0.000 0.000 0.000 0.000 0.000 0.000 0.000 0.000 0.000 0.000 0.030 0.029 0.028 0.026 0.025 0.023 0.021 0.017 0.013 0.009 0.008 0.008 0.009 0.010 0.012 0.014 0.017 0.020 0.023 0.025 0.027 0.028 0.028 0.027 0.026 0.026 0.026 0.025 0.025 0.026 0.025 0.023 0.022 0.022 0.021 0.021 0.021 0.022 0.023 0.024 0.025 0.026 0.027 0.028 0.029 0.031 0.034 0.032 0.024 0.014 0.004 0.001 0.001 0.001 0.001 0.001 0.001 0.000 0.000 0.000
0.000 0.000 0.000 0.000 0.000 0.000 0.000 0.000 0.000 0.000 0.000 0.000 0.000 0.000 0.000 0.000 0.030 0.030 0.030 0.028 0.026 0.025 0.023 0.020 0.016 0.011 0.009 0.009 0.010 0.011 0.012 0.015 0.018 0.021 0.025 0.028 0.031 0.032 0.033 0.033 0.033 0.032 0.031 0.030 0.030 0.030 0.030 0.030 0.029 0.027 0.027 0.027 0.027 0.027 0.027 0.029 0.031 0.034 0.036 0.039 0.041 0.043 0.045 0.047 0.036 0.024 0.013 0.009 0.005 0.002 0.001 0.001 0.001 0.001 0.001 0.001 0.001
0.000 0.000 0.000 0.000 0.000 0.000 0.000 0.000 0.000 0.000 0.000 0.000 0.000 0.000 0.000 0.000 0.032 0.031 0.030 0.029 0.028 0.025 0.022 0.019 0.016 0.011 0.010 0.011 0.012 0.014 0.016 0.020 0.024 0.029 0.033 0.036 0.039 0.040 0.040 0.039 0.038 0.038 0.037 0.035 0.034 0.034 0.035 0.035 0.034 0.033 0.033 0.033 0.033 0.034 0.034 0.036 0.038 0.041 0.044 0.047 0.050 0.052 0.054 0.054 0.059 0.052 0.043 0.033 0.025 0.019 0.013 0.010 0.007 0.003 0.002 0.001 0.001
0.000 0.000 0.000 0.000 0.000 0.000 0.000 0.000 0.000 0.000 0.000 0.000 0.000 0.000 0.000 0.000 0.034 0.033 0.031 0.030 0.028 0.026 0.023 0.019 0.015 0.012 0.012 0.013 0.015 0.018 0.023 0.029 0.035 0.040 0.044 0.047 0.050 0.051 0.049 0.046 0.044 0.043 0.042 0.041 0.040 0.039 0.040 0.040 0.039 0.038 0.038 0.038 0.039 0.040 0.041 0.044 0.046 0.049 0.053 0.056 0.059 0.056 0.052 0.048 0.052 0.056 0.058 0.059 0.060 0.051 0.040 0.032 0.025 0.020 0.015 0.011 0.007
0.153 0.148 0.144 0.000 0.000 0.000 0.000 0.000 0.000 0.000 0.000 0.000 0.000 0.000 0.000 0.043 0.039 0.036 0.035 0.033 0.031 0.028 0.024 0.020 0.016 0.014 0.015 0.016 0.019 0.024 0.030 0.037 0.044 0.050 0.055 0.060 0.062 0.064 0.058 0.051 0.050 0.049 0.048 0.046 0.045 0.044 0.044 0.045 0.045 0.044 0.044 0.045 0.045 0.047 0.049 0.051 0.054 0.058 0.062 0.062 0.059 0.055 0.050 0.044 0.046 0.048 0.050 0.052 0.055 0.057 0.059 0.061 0.059 0.051 0.043 0.035 0.028
0.157 0.152 0.147 0.140 0.135 0.131 0.000 0.000 0.000 0.000 0.000 0.000 0.000 0.000 0.000 0.043 0.042 0.039 0.037 0.035 0.034 0.032 0.028 0.022 0.017 0.018 0.021 0.025 0.029 0.034 0.040 0.046 0.052 0.059 0.064 0.070 0.075 0.078 0.000 0.051 0.055 0.056 0.055 0.050 0.049 0.049 0.049 0.049 0.050 0.050 0.050 0.051 0.053 0.055 0.057 0.060 0.063 0.064 0.062 0.059 0.056 0.053 0.048 0.042 0.042 0.043 0.045 0.046 0.048 0.050 0.051 0.054 0.057 0.061 0.065 0.068 0.063
0.160 0.156 0.151 0.144 0.138 0.134 0.127 0.122 0.119 0.116 0.000 0.000 0.000 0.000 0.000 0.049 0.047 0.043 0.040 0.037 0.035 0.031 0.032 0.026 0.018 0.020 0.025 0.030 0.037 0.044 0.051 0.057 0.063 0.068 0.074 0.079 0.086 0.000 0.000 0.000 0.000 0.000 0.000 0.051 0.054 0.055 0.052 0.054 0.055 0.056 0.055 0.057 0.059 0.062 0.065 0.067 0.065 0.061 0.059 0.057 0.053 0.050 0.046 0.040 0.038 0.039 0.040 0.041 0.041 0.042 0.043 0.046 0.049 0.053 0.057 0.061 0.064
0.000 0.000 0.000 0.146 0.143 0.138 0.132 0.127 0.123 0.120 0.114 0.108 0.106 0.000 0.000 0.056 0.052 0.051 0.046 0.042 0.037 0.032 0.029 0.027 0.021 0.024 0.031 0.038 0.043 0.050 0.058 0.066 0.072 0.077 0.083 0.000 0.000 0.000 0.000 0.000 0.000 0.000 0.000 0.000 0.000 0.000 0.055 0.060 0.062 0.062 0.061 0.063 0.066 0.069 0.067 0.064 0.061 0.059 0.056 0.054 0.050 0.046 0.042 0.036 0.034 0.033 0.033 0.034 0.034 0.035 0.037 0.039 0.042 0.046 0.049 0.052 0.055
0.000 0.000 0.000 0.000 0.000 0.000 0.134 0.131 0.128 0.124 0.118 0.113 0.106 0.094 0.079 0.065 0.058 0.053 0.048 0.045 0.039 0.038 0.032 0.029 0.030 0.030 0.037 0.045 0.050 0.058 0.066 0.075 0.082 0.088 0.000 0.000 0.000 0.000 0.000 0.000 0.000 0.000 0.000 0.000 0.000 0.000 0.000 0.000 0.000 0.000 0.064 0.070 0.069 0.066 0.062 0.059 0.057 0.055 0.053 0.050 0.047 0.043 0.038 0.032 0.029 0.029 0.028 0.027 0.028 0.028 0.029 0.031 0.035 0.039 0.042 0.045 0.048
0.000 0.000 0.000 0.000 0.000 0.000 0.000 0.000 0.000 0.000 0.120 0.116 0.108 0.097 0.082 0.069 0.061 0.055 0.052 0.045 0.041 0.036 0.034 0.029 0.032 0.039 0.046 0.051 0.059 0.066 0.075 0.084 0.093 0.000 0.000 0.000 0.000 0.000 0.000 0.000 0.000 0.000 0.000 0.000 0.000 0.000 0.000 0.000 0.000 0.000 0.000 0.000 0.000 0.000 0.056 0.055 0.054 0.050 0.048 0.046 0.043 0.039 0.034 0.029 0.025 0.024 0.024 0.024 0.024 0.024 0.024 0.026 0.028 0.032 0.034 0.037 0.038
0.000 0.000 0.000 0.000 0.000 0.000 0.000 0.000 0.000 0.000 0.000 0.000 0.000 0.000 0.080 0.068 0.062 0.055 0.048 0.046 0.042 0.043 0.038 0.034 0.031 0.045 0.050 0.056 0.066 0.075 0.084 0.093 0.000 0.000 0.000 0.000 0.000 0.000 0.000 0.000 0.000 0.000 0.000 0.000 0.000 0.000 0.000 0.000 0.000 0.000 0.000 0.000 0.000 0.000 0.000 0.000 0.000 0.045 0.045 0.043 0.039 0.033 0.029 0.025 0.020 0.020 0.019 0.019 0.020 0.021 0.021 0.022 0.024 0.025 0.027 0.028 0.030
0.000 0.000 0.000 0.000 0.000 0.000 0.000 0.000 0.000 0.000 0.000 0.000 0.000 0.000 0.000 0.061 0.059 0.053 0.040 0.044 0.044 0.042 0.042 0.042 0.047 0.056 0.057 0.067 0.073 0.083 0.091 0.100 0.000 0.000 0.000 0.000 0.000 0.000 0.000 0.000 0.000 0.000 0.000 0.000 0.000 0.000 0.000 0.000 0.000 0.000 0.000 0.000 0.000 0.000 0.000 0.000 0.000 0.000 0.000 0.000 0.000 0.025 0.024 0.020 0.015 0.015 0.014 0.015 0.015 0.015 0.016 0.017 0.019 0.021 0.022 0.022 0.023
0.000 0.000 0.000 0.000 0.000 0.000 0.000 0.000 0.000 0.000 0.000 0.000 0.000 0.000 0.060 0.056 0.058 0.054 0.050 0.049 0.048 0.049 0.046 0.051 0.057 0.063 0.068 0.070 0.080 0.087 0.097 0.107 0.000 0.000 0.000 0.000 0.000 0.000 0.000 0.000 0.000 0.000 0.000 0.000 0.000 0.000 0.000 0.000 0.000 0.000 0.000 0.000 0.000 0.000 0.000 0.000 0.000 0.000 0.000 0.000 0.000 0.000 0.000 0.000 0.006 0.007 0.008 0.009 0.009 0.009 0.010 0.011 0.012 0.013 0.015 0.016 0.017
0.000 0.000 0.000 0.000 0.000 0.000 0.000 0.000 0.000 0.000 0.000 0.000 0.000 0.000 0.061 0.056 0.060 0.060 0.060 0.056 0.056 0.056 0.057 0.065 0.070 0.075 0.077 0.080 0.087 0.096 0.106 0.114 0.000 0.000 0.000 0.000 0.000 0.000 0.000 0.000 0.000 0.000 0.000 0.000 0.000 0.000 0.000 0.000 0.000 0.000 0.000 0.000 0.000 0.000 0.000 0.000 0.000 0.000 0.000 0.000 0.000 0.000 0.000 0.000 0.000 0.000 0.000 0.000 0.001 0.002 0.003 0.003 0.004 0.005 0.006 0.008 0.009
0.000 0.000 0.000 0.000 0.000 0.000 0.000 0.000 0.000 0.000 0.000 0.000 0.000 0.000 0.058 0.058 0.062 0.062 0.066 0.062 0.062 0.061 0.066 0.070 0.076 0.083 0.085 0.090 0.098 0.109 0.116 0.000 0.000 0.000 0.000 0.000 0.000 0.000 0.000 0.000 0.000 0.000 0.000 0.000 0.000 0.000 0.000 0.000 0.000 0.000 0.000 0.000 0.000 0.000 0.000 0.000 0.000 0.000 0.000 0.000 0.000 0.000 0.000 0.000 0.000 0.000 0.000 0.000 0.000 0.000 0.000 0.001 0.001 0.001 0.001 0.002 0.003
0.000 0.000 0.000 0.000 0.000 0.000 0.000 0.000 0.000 0.000 0.000 0.000 0.000 0.000 0.070 0.063 0.067 0.071 0.069 0.069 0.067 0.068 0.071 0.073 0.083 0.089 0.091 0.099 0.110 0.118 0.125 0.000 0.000 0.000 0.000 0.000 0.000 0.000 0.000 0.000 0.000 0.000 0.000 0.000 0.000 0.000 0.000 0.000 0.000 0.000 0.000 0.000 0.000 0.000 0.000 0.000 0.000 0.000 0.000 0.000 0.000 0.000 0.000 0.000 0.000 0.000 0.000 0.000 0.000 0.000 0.000 0.000 0.000 0.000 0.000 0.001 0.001
0.000 0.000 0.000 0.000 0.000 0.000 0.000 0.000 0.000 0.000 0.000 0.000 0.000 0.069 0.074 0.068 0.069 0.071 0.069 0.072 0.069 0.068 0.075 0.082 0.091 0.097 0.102 0.107 0.115 0.121 0.133 0.000 0.000 0.000 0.000 0.000 0.000 0.000 0.000 0.000 0.000 0.000 0.000 0.000 0.000 0.000 0.000 0.000 0.000 0.000 0.000 0.000 0.000 0.000 0.000 0.000 0.000 0.000 0.000 0.000 0.000 0.000 0.000 0.000 0.000 0.000 0.000 0.000 0.000 0.000 0.000 0.000 0.000 0.000 0.000 0.000 0.001
0.000 0.000 0.000 0.000 0.000 0.000 0.000 0.000 0.000 0.000 0.000 0.000 0.000 0.076 0.072 0.070 0.072 0.073 0.070 0.073 0.075 0.078 0.084 0.092 0.099 0.106 0.108 0.118 0.124 0.132 0.000 0.000 0.000 0.000 0.000 0.000 0.000 0.000 0.000 0.000 0.000 0.000 0.000 0.000 0.000 0.000 0.000 0.000 0.000 0.000 0.000 0.000 0.000 0.000 0.000 0.000 0.000 0.000 0.000 0.000 0.000 0.000 0.000 0.000 0.000 0.000 0.000 0.000 0.000 0.000 0.000 0.000 0.000 0.000 0.000 0.000 0.001
