数据/2hours/0.1-2h-100y/coupled-160-0001.wd
ncols         694
nrows         824
xllcorner     581104.939801
yllcorner     3495917.092414
cellsize      2.000000
NODATA_value  -9999.000000
[rows 680 to 713 of 824, columns 154 to 230 of 694]
0.000 0.000 0.000 0.000 0.000 0.000 0.000 0.000 0.000 0.000 0.000 0.000 0.001 0.000 0.000 0.000 0.001 0.001 0.001 0.001 0.001 0.007 0.003 0.002 0.002 0.002 0.000 0.002 0.002 0.000 0.000 0.000 0.000 0.000 0.000 0.000 0.000 0.000 0.000 0.011 0.014 0.015 0.017 0.018 0.018 0.018 0.014 0.012 0.015 0.023 0.025 0.038 0.002 0.001 0.001 0.001 0.001 0.001 0.001 0.001 0.001 0.001 0.001 0.000 0.000 0.000 0.000 0.000 0.000 0.000 0.000 0.000 0.000 0.000 0.000 0.000 0.000
0.000 0.000 0.000 0.000 0.000 0.000 0.000 0.000 0.000 0.000 0.000 0.001 0.001 0.001 0.001 0.000 0.001 0.001 0.001 0.001 0.001 0.019 0.037 0.000 0.041 0.019 0.001 0.001 0.000 0.000 0.000 0.000 0.000 0.000 0.000 0.000 0.000 0.000 0.006 0.009 0.012 0.013 0.015 0.016 0.017 0.016 0.012 0.009 0.009 0.012 0.015 0.024 0.027 0.024 0.002 0.001 0.001 0.001 0.001 0.001 0.001 0.001 0.001 0.001 0.000 0.000 0.000 0.000 0.000 0.000 0.000 0.000 0.000 0.000 0.000 0.000 0.000
0.000 0.000 0.000 0.000 0.000 0.000 0.000 0.000 0.000 0.000 0.000 0.001 0.001 0.001 0.001 0.001 0.001 0.001 0.001 0.001 0.007 0.043 0.000 0.000 0.000 0.000 0.025 0.001 0.000 0.000 0.000 0.000 0.000 0.000 0.000 0.000 0.000 0.003 0.005 0.007 0.009 0.012 0.014 0.015 0.016 0.014 0.010 0.007 0.007 0.007 0.007 0.012 0.016 0.024 0.038 0.011 0.001 0.001 0.001 0.001 0.001 0.001 0.001 0.001 0.000 0.000 0.000 0.000 0.000 0.000 0.000 0.000 0.000 0.000 0.000 0.000 0.000
0.000 0.000 0.000 0.000 0.000 0.000 0.000 0.000 0.000 0.000 0.000 0.001 0.001 0.001 0.001 0.001 0.001 0.001 0.001 0.001 0.007 0.000 0.000 0.000 0.000 0.000 0.000 0.026 0.002 0.001 0.000 0.000 0.000 0.000 0.000 0.000 0.000 0.002 0.004 0.006 0.008 0.010 0.012 0.014 0.016 0.000 0.005 0.003 0.003 0.003 0.003 0.004 0.008 0.015 0.025 0.030 0.044 0.003 0.001 0.001 0.001 0.001 0.001 0.001 0.001 0.000 0.000 0.000 0.000 0.000 0.000 0.000 0.000 0.000 0.000 0.000 0.000
0.000 0.000 0.000 0.000 0.000 0.000 0.000 0.000 0.000 0.001 0.001 0.001 0.001 0.001 0.001 0.001 0.001 0.001 0.001 0.001 0.007 0.000 0.000 0.000 0.000 0.000 0.000 0.000 0.049 0.027 0.002 0.000 0.000 0.000 0.000 0.000 0.001 0.001 0.002 0.005 0.007 0.009 0.011 0.014 0.000 0.000 0.000 0.000 0.001 0.001 0.001 0.001 0.002 0.007 0.014 0.020 0.030 0.033 0.045 0.002 0.001 0.001 0.001 0.001 0.001 0.001 0.000 0.000 0.000 0.000 0.000 0.000 0.000 0.000 0.000 0.000 0.000
0.001 0.000 0.000 0.001 0.001 0.001 0.001 0.001 0.001 0.001 0.001 0.001 0.001 0.001 0.001 0.001 0.001 0.001 0.001 0.001 0.005 0.005 0.000 0.000 0.000 0.000 0.000 0.000 0.000 0.000 0.049 0.027 0.002 0.000 0.000 0.001 0.001 0.001 0.001 0.003 0.006 0.008 0.011 0.013 0.000 0.002 0.003 0.004 0.000 0.000 0.001 0.001 0.001 0.001 0.004 0.009 0.016 0.020 0.028 0.032 0.027 0.001 0.001 0.001 0.001 0.001 0.001 0.000 0.000 0.000 0.000 0.000 0.000 0.000 0.000 0.000 0.000
0.001 0.001 0.001 0.001 0.001 0.001 0.001 0.001 0.001 0.001 0.001 0.001 0.001 0.001 0.001 0.001 0.001 0.001 0.001 0.001 0.003 0.005 0.000 0.000 0.000 0.000 0.000 0.000 0.000 0.000 0.000 0.000 0.027 0.002 0.000 0.001 0.001 0.001 0.001 0.002 0.005 0.008 0.010 0.000 0.000 0.001 0.001 0.001 0.001 0.014 0.000 0.000 0.001 0.001 0.001 0.001 0.004 0.007 0.014 0.019 0.025 0.035 0.010 0.001 0.001 0.001 0.001 0.000 0.001 0.000 0.000 0.000 0.000 0.000 0.000 0.000 0.000
0.001 0.001 0.001 0.001 0.001 0.001 0.001 0.001 0.001 0.001 0.001 0.001 0.001 0.001 0.001 0.001 0.001 0.001 0.001 0.001 0.003 0.004 0.003 0.004 0.000 0.000 0.000 0.000 0.000 0.000 0.000 0.000 0.000 0.027 0.002 0.001 0.001 0.001 0.001 0.002 0.004 0.007 0.000 0.000 0.001 0.001 0.001 0.001 0.001 0.008 0.000 0.000 0.000 0.000 0.001 0.001 0.001 0.001 0.003 0.007 0.014 0.024 0.029 0.043 0.001 0.001 0.001 0.001 0.001 0.001 0.001 0.000 0.000 0.000 0.000 0.000 0.000
0.001 0.001 0.001 0.001 0.001 0.001 0.001 0.001 0.001 0.001 0.001 0.001 0.001 0.001 0.001 0.001 0.001 0.001 0.025 0.000 0.000 0.004 0.004 0.005 0.014 0.000 0.000 0.000 0.000 0.000 0.000 0.000 0.000 0.000 0.002 0.001 0.001 0.001 0.001 0.001 0.003 0.006 0.000 0.001 0.001 0.001 0.001 0.001 0.001 0.001 0.008 0.000 0.000 0.007 0.000 0.000 0.001 0.001 0.001 0.002 0.007 0.014 0.019 0.030 0.039 0.058 0.001 0.001 0.001 0.001 0.001 0.001 0.001 0.001 0.000 0.000 0.000
0.001 0.001 0.001 0.001 0.001 0.001 0.001 0.001 0.001 0.001 0.001 0.001 0.001 0.001 0.001 0.001 0.001 0.025 0.000 0.000 0.000 0.000 0.004 0.011 0.036 0.068 0.000 0.130 0.000 0.000 0.000 0.000 0.000 0.026 0.004 0.001 0.001 0.001 0.001 0.001 0.002 0.000 0.000 0.001 0.001 0.001 0.001 0.001 0.001 0.001 0.001 0.001 0.001 0.001 0.001 0.008 0.000 0.000 0.001 0.001 0.002 0.005 0.011 0.020 0.028 0.044 0.066 0.073 0.001 0.001 0.001 0.001 0.001 0.001 0.001 0.001 0.001
0.017 0.001 0.001 0.001 0.001 0.001 0.001 0.001 0.001 0.001 0.001 0.001 0.001 0.001 0.001 0.001 0.001 0.000 0.000 0.000 0.000 0.000 0.000 0.000 0.061 0.091 0.122 0.153 0.000 0.000 0.000 0.000 0.114 0.090 0.038 0.001 0.001 0.001 0.001 0.001 0.001 0.003 0.006 0.000 0.000 0.001 0.001 0.001 0.001 0.001 0.001 0.001 0.001 0.001 0.001 0.001 0.001 0.002 0.002 0.002 0.002 0.002 0.003 0.009 0.019 0.036 0.060 0.086 0.114 0.089 0.001 0.001 0.001 0.001 0.001 0.001 0.001
0.018 0.020 0.001 0.001 0.001 0.001 0.001 0.001 0.001 0.001 0.001 0.001 0.001 0.001 0.001 0.001 0.001 0.000 0.000 0.000 0.000 0.000 0.000 0.000 0.000 0.114 0.145 0.176 0.207 0.000 0.000 0.000 0.176 0.137 0.068 0.003 0.000 0.032 0.001 0.001 0.001 0.002 0.004 0.005 0.006 0.000 0.000 0.001 0.001 0.001 0.001 0.001 0.001 0.001 0.001 0.001 0.002 0.003 0.000 0.000 0.000 0.001 0.001 0.002 0.009 0.025 0.050 0.079 0.108 0.137 0.167 0.150 0.126 0.098 0.062 0.027 0.001
0.043 0.056 0.046 0.017 0.001 0.001 0.001 0.001 0.001 0.001 0.001 0.001 0.001 0.001 0.001 0.001 0.001 0.000 0.000 0.000 0.000 0.000 0.000 0.000 0.000 0.000 0.000 0.199 0.231 0.261 0.285 0.262 0.233 0.166 0.098 0.000 0.000 0.000 0.032 0.001 0.001 0.001 0.002 0.003 0.004 0.005 0.006 0.000 0.001 0.001 0.001 0.001 0.001 0.001 0.001 0.001 0.002 0.000 0.000 0.000 0.000 0.000 0.001 0.001 0.005 0.018 0.044 0.073 0.103 0.138 0.174 0.127 0.039 0.004 0.001 0.001 0.001
0.067 0.081 0.094 0.070 0.042 0.013 0.001 0.001 0.001 0.001 0.001 0.001 0.001 0.001 0.001 0.001 0.001 0.001 0.001 0.000 0.000 0.000 0.000 0.000 0.000 0.000 0.000 0.000 0.253 0.286 0.316 0.325 0.264 0.196 0.129 0.000 0.000 0.000 0.000 0.033 0.001 0.001 0.001 0.001 0.002 0.003 0.003 0.003 0.002 0.001 0.001 0.001 0.001 0.001 0.001 0.001 0.002 0.000 0.000 0.000 0.000 0.000 0.001 0.001 0.001 0.014 0.042 0.078 0.113 0.149 0.172 0.113 0.029 0.001 0.001 0.001 0.001
0.091 0.105 0.118 0.124 0.095 0.066 0.037 0.009 0.001 0.001 0.001 0.001 0.001 0.001 0.000 0.001 0.001 0.001 0.001 0.001 0.000 0.000 0.000 0.000 0.000 0.000 0.000 0.000 0.000 0.289 0.323 0.339 0.290 0.222 0.000 0.000 0.000 0.000 0.000 0.057 0.001 0.001 0.001 0.001 0.001 0.001 0.001 0.001 0.001 0.001 0.001 0.001 0.001 0.001 0.001 0.001 0.000 0.000 0.000 0.000 0.000 0.000 0.001 0.001 0.001 0.020 0.054 0.089 0.125 0.161 0.153 0.094 0.022 0.001 0.001 0.001 0.001
0.116 0.129 0.142 0.155 0.149 0.120 0.091 0.062 0.033 0.004 0.001 0.001 0.001 0.000 0.000 0.000 0.000 0.001 0.001 0.001 0.001 0.000 0.000 0.000 0.000 0.000 0.000 0.000 0.257 0.291 0.318 0.320 0.314 0.000 0.000 0.000 0.000 0.000 0.148 0.080 0.012 0.001 0.001 0.001 0.001 0.001 0.001 0.001 0.001 0.001 0.001 0.001 0.001 0.001 0.001 0.001 0.000 0.000 0.000 0.000 0.000 0.000 0.001 0.001 0.001 0.030 0.065 0.100 0.136 0.172 0.133 0.075 0.015 0.001 0.001 0.001 0.001
0.140 0.154 0.166 0.179 0.193 0.173 0.144 0.115 0.086 0.057 0.011 0.001 0.000 0.000 0.000 0.000 0.000 0.000 0.000 0.001 0.001 0.021 0.054 0.000 0.000 0.000 0.000 0.000 0.258 0.292 0.299 0.300 0.302 0.000 0.000 0.000 0.000 0.000 0.000 0.104 0.036 0.001 0.001 0.001 0.001 0.001 0.001 0.001 0.001 0.001 0.001 0.001 0.001 0.001 0.001 0.001 0.000 0.000 0.000 0.000 0.000 0.000 0.001 0.001 0.004 0.040 0.076 0.112 0.147 0.173 0.114 0.055 0.001 0.001 0.001 0.001 0.001
0.165 0.177 0.190 0.204 0.217 0.227 0.198 0.169 0.140 0.109 0.053 0.001 0.000 0.000 0.000 0.000 0.000 0.000 0.000 0.001 0.001 0.023 0.056 0.090 0.000 0.000 0.000 0.225 0.259 0.277 0.278 0.279 0.000 0.000 0.000 0.000 0.000 0.000 0.000 0.000 0.000 0.022 0.008 0.001 0.001 0.001 0.001 0.001 0.001 0.001 0.001 0.001 0.001 0.001 0.001 0.001 0.000 0.000 0.000 0.000 0.000 0.000 0.001 0.001 0.013 0.050 0.086 0.122 0.159 0.152 0.094 0.036 0.001 0.001 0.001 0.001 0.001
0.194 0.205 0.216 0.229 0.241 0.254 0.252 0.224 0.195 0.151 0.096 0.000 0.000 0.000 0.000 0.000 0.000 0.000 0.000 0.000 0.000 0.000 0.056 0.091 0.124 0.159 0.193 0.227 0.256 0.257 0.259 0.000 0.000 0.000 0.000 0.000 0.000 0.000 0.000 0.000 0.000 0.041 0.027 0.013 0.001 0.001 0.001 0.001 0.001 0.001 0.001 0.001 0.001 0.001 0.001 0.014 0.000 0.000 0.000 0.000 0.000 0.000 0.001 0.001 0.023 0.060 0.096 0.133 0.169 0.131 0.072 0.017 0.001 0.001 0.001 0.001 0.001
0.223 0.234 0.245 0.256 0.266 0.278 0.292 0.276 0.248 0.193 0.000 0.000 0.000 0.000 0.000 0.000 0.000 0.000 0.000 0.000 0.000 0.000 0.058 0.092 0.126 0.160 0.194 0.229 0.236 0.237 0.238 0.000 0.000 0.000 0.000 0.000 0.000 0.000 0.000 0.000 0.000 0.060 0.000 0.032 0.018 0.005 0.001 0.001 0.001 0.001 0.001 0.001 0.001 0.001 0.001 0.025 0.000 0.000 0.000 0.000 0.000 0.001 0.001 0.002 0.033 0.070 0.106 0.143 0.170 0.110 0.052 0.001 0.001 0.001 0.001 0.001 0.001
0.253 0.264 0.274 0.285 0.296 0.307 0.317 0.329 0.292 0.237 0.181 0.127 0.000 0.000 0.000 0.000 0.000 0.000 0.000 0.000 0.000 0.000 0.000 0.000 0.128 0.162 0.196 0.214 0.216 0.218 0.000 0.000 0.000 0.000 0.209 0.000 0.000 0.000 0.000 0.000 0.000 0.000 0.000 0.000 0.000 0.024 0.010 0.001 0.001 0.001 0.001 0.001 0.001 0.001 0.002 0.036 0.000 0.000 0.000 0.000 0.000 0.001 0.001 0.007 0.043 0.080 0.116 0.153 0.148 0.089 0.032 0.001 0.001 0.001 0.001 0.001 0.000
0.283 0.293 0.304 0.314 0.325 0.336 0.347 0.356 0.332 0.279 0.223 0.169 0.114 0.000 0.000 0.000 0.000 0.000 0.000 0.000 0.000 0.000 0.000 0.000 0.000 0.163 0.192 0.194 0.195 0.000 0.000 0.000 0.000 0.186 0.189 0.190 0.167 0.000 0.000 0.000 0.000 0.000 0.000 0.000 0.000 0.000 0.030 0.016 0.001 0.001 0.001 0.001 0.013 0.000 0.000 0.048 0.000 0.000 0.000 0.000 0.000 0.001 0.001 0.016 0.053 0.090 0.127 0.163 0.127 0.069 0.012 0.001 0.001 0.001 0.000 0.000 0.000
0.000 0.322 0.333 0.344 0.355 0.365 0.376 0.363 0.334 0.308 0.267 0.212 0.157 0.102 0.047 0.000 0.000 0.000 0.000 0.000 0.000 0.000 0.000 0.000 0.000 0.165 0.172 0.174 0.176 0.000 0.000 0.000 0.000 0.166 0.169 0.169 0.172 0.122 0.000 0.000 0.000 0.000 0.000 0.000 0.000 0.000 0.000 0.000 0.001 0.001 0.001 0.001 0.000 0.000 0.000 0.000 0.000 0.000 0.000 0.000 0.000 0.001 0.001 0.027 0.064 0.100 0.137 0.165 0.107 0.048 0.001 0.001 0.001 0.000 0.000 0.000 0.000
0.000 0.000 0.362 0.373 0.384 0.395 0.386 0.365 0.339 0.311 0.283 0.254 0.200 0.145 0.089 0.034 0.000 0.000 0.000 0.000 0.000 0.000 0.000 0.000 0.132 0.151 0.153 0.154 0.000 0.000 0.000 0.000 0.146 0.148 0.149 0.151 0.152 0.145 0.078 0.009 0.000 0.000 0.000 0.000 0.000 0.000 0.000 0.000 0.000 0.001 0.001 0.001 0.000 0.000 0.000 0.000 0.000 0.000 0.000 0.000 0.001 0.001 0.004 0.038 0.074 0.110 0.147 0.144 0.085 0.028 0.001 0.001 0.000 0.000 0.000 0.000 0.000
0.000 0.000 0.000 0.402 0.412 0.407 0.396 0.368 0.341 0.313 0.286 0.258 0.231 0.187 0.131 0.077 0.022 0.000 0.000 0.000 0.000 0.000 0.000 0.100 0.129 0.131 0.133 0.000 0.000 0.000 0.000 0.125 0.127 0.129 0.129 0.131 0.132 0.133 0.101 0.034 0.001 0.000 0.000 0.000 0.000 0.000 0.000 0.000 0.000 0.001 0.001 0.001 0.000 0.000 0.000 0.000 0.000 0.000 0.000 0.000 0.001 0.001 0.011 0.048 0.085 0.121 0.157 0.124 0.065 0.008 0.001 0.001 0.000 0.000 0.000 0.000 0.000
0.000 0.000 0.000 0.000 0.425 0.416 0.399 0.371 0.344 0.315 0.288 0.261 0.233 0.206 0.174 0.119 0.064 0.009 0.001 0.000 0.000 0.000 0.000 0.102 0.109 0.111 0.000 0.000 0.000 0.000 0.000 0.106 0.107 0.108 0.110 0.112 0.113 0.113 0.117 0.058 0.001 0.001 0.000 0.000 0.000 0.000 0.000 0.000 0.001 0.001 0.001 0.001 0.000 0.000 0.000 0.000 0.000 0.000 0.000 0.000 0.001 0.001 0.021 0.058 0.095 0.131 0.162 0.103 0.044 0.001 0.001 0.001 0.000 0.000 0.000 0.000 0.000
0.000 0.000 0.000 0.000 0.000 0.427 0.402 0.374 0.346 0.319 0.291 0.263 0.235 0.208 0.181 0.153 0.106 0.051 0.001 0.001 0.000 0.000 0.069 0.088 0.090 0.091 0.000 0.000 0.000 0.000 0.000 0.086 0.087 0.089 0.091 0.092 0.094 0.095 0.096 0.082 0.013 0.001 0.001 0.001 0.000 0.000 0.000 0.001 0.001 0.001 0.001 0.001 0.001 0.000 0.000 0.000 0.000 0.000 0.000 0.000 0.001 0.001 0.033 0.069 0.105 0.141 0.141 0.082 0.024 0.001 0.001 0.000 0.000 0.000 0.000 0.000 0.000
0.000 0.000 0.000 0.000 0.000 0.000 0.000 0.377 0.350 0.322 0.294 0.266 0.239 0.211 0.183 0.156 0.128 0.094 0.038 0.001 0.002 0.037 0.067 0.068 0.070 0.000 0.000 0.000 0.000 0.000 0.000 0.000 0.068 0.070 0.072 0.073 0.075 0.076 0.075 0.078 0.036 0.001 0.001 0.001 0.001 0.000 0.001 0.001 0.001 0.001 0.001 0.001 0.001 0.000 0.000 0.000 0.000 0.000 0.000 0.001 0.001 0.006 0.042 0.079 0.115 0.151 0.119 0.062 0.005 0.001 0.001 0.000 0.000 0.000 0.000 0.000 0.000
0.000 0.000 0.000 0.000 0.000 0.000 0.000 0.000 0.351 0.324 0.297 0.269 0.241 0.214 0.186 0.159 0.131 0.103 0.075 0.026 0.003 0.038 0.046 0.047 0.000 0.000 0.000 0.000 0.000 0.000 0.000 0.000 0.000 0.000 0.050 0.052 0.054 0.055 0.057 0.058 0.060 0.001 0.001 0.001 0.001 0.001 0.001 0.001 0.001 0.001 0.001 0.001 0.014 0.000 0.000 0.000 0.000 0.000 0.000 0.001 0.001 0.015 0.052 0.088 0.124 0.157 0.098 0.041 0.001 0.001 0.001 0.000 0.000 0.000 0.000 0.000 0.000
0.000 0.000 0.000 0.000 0.000 0.000 0.000 0.000 0.000 0.328 0.301 0.273 0.001 0.001 0.190 0.162 0.134 0.105 0.077 0.049 0.011 0.022 0.023 0.023 0.020 0.021 0.000 0.000 0.000 0.000 0.000 0.000 0.000 0.000 0.031 0.033 0.034 0.036 0.037 0.039 0.040 0.017 0.001 0.001 0.001 0.001 0.001 0.001 0.001 0.001 0.001 0.001 0.000 0.000 0.000 0.000 0.000 0.000 0.000 0.001 0.001 0.024 0.061 0.097 0.134 0.135 0.077 0.022 0.001 0.001 0.001 0.000 0.000 0.000 0.000 0.000 0.000
0.000 0.000 0.000 0.000 0.000 0.000 0.000 0.000 0.000 0.000 0.001 0.000 0.003 0.003 0.001 0.000 0.137 0.108 0.080 0.051 0.025 0.020 0.017 0.013 0.009 0.007 0.002 0.000 0.000 0.000 0.000 0.000 0.000 0.000 0.012 0.000 0.015 0.016 0.018 0.019 0.021 0.023 0.001 0.001 0.001 0.001 0.001 0.001 0.001 0.001 0.001 0.001 0.000 0.000 0.000 0.000 0.000 0.000 0.000 0.002 0.009 0.031 0.069 0.106 0.142 0.113 0.055 0.003 0.001 0.001 0.000 0.000 0.000 0.000 0.000 0.000 0.000
0.000 0.000 0.000 0.000 0.000 0.000 0.000 0.000 0.000 0.002 0.003 0.004 0.005 0.005 0.005 0.004 0.000 0.110 0.083 0.051 0.036 0.030 0.025 0.020 0.015 0.011 0.006 0.002 0.000 0.000 0.000 0.000 0.000 0.000 0.000 0.000 0.000 0.000 0.008 0.005 0.003 0.002 0.001 0.001 0.001 0.001 0.001 0.001 0.001 0.001 0.014 0.027 0.000 0.000 0.000 0.000 0.000 0.000 0.010 0.023 0.036 0.053 0.077 0.114 0.149 0.091 0.034 0.001 0.001 0.001 0.000 0.000 0.000 0.000 0.000 0.000 0.000
0.000 0.000 0.000 0.000 0.000 0.000 0.000 0.000 0.002 0.003 0.004 0.005 0.006 0.006 0.006 0.006 0.005 0.001 0.000 0.062 0.051 0.045 0.038 0.034 0.026 0.019 0.014 0.009 0.005 0.001 0.000 0.000 0.000 0.000 0.000 0.000 0.000 0.000 0.000 0.013 0.010 0.004 0.002 0.002 0.001 0.001 0.001 0.001 0.001 0.012 0.000 0.000 0.000 0.000 0.000 0.000 0.000 0.000 0.046 0.060 0.074 0.089 0.103 0.124 0.128 0.069 0.015 0.001 0.001 0.001 0.000 0.000 0.000 0.000 0.000 0.000 0.000
0.000 0.000 0.000 0.000 0.000 0.000 0.000 0.002 0.003 0.004 0.005 0.006 0.007 0.007 0.008 0.008 0.008 0.007 0.006 0.001 0.068 0.063 0.055 0.047 0.037 0.031 0.025 0.021 0.015 0.011 0.005 0.000 0.000 0.000 0.000 0.000 0.000 0.000 0.000 0.000 0.000 0.003 0.003 0.003 0.002 0.001 0.001 0.002 0.010 0.000 0.000 0.000 0.000 0.000 0.000 0.000 0.000 0.000 0.102 0.113 0.125 0.136 0.148 0.152 0.111 0.047 0.001 0.001 0.001 0.001 0.000 0.000 0.000 0.000 0.000 0.000 0.000
