数据/2hours/0.1-2h-100y/coupled-161-0001.wd
ncols         694
nrows         824
xllcorner     581104.939801
yllcorner     3495917.092414
cellsize      2.000000
NODATA_value  -9999.000000
[rows 442 to 475 of 824, columns 462 to 538 of 694]
0.000 0.127 0.121 0.116 0.112 0.108 0.104 0.099 0.095 0.091 0.087 0.080 0.069 0.062 0.051 0.043 0.034 0.025 0.016 0.007 0.000 0.000 0.000 0.000 0.000 0.000 0.000 0.000 0.000 0.000 0.000 0.000 0.000 0.000 0.000 0.000 0.000 0.000 0.000 0.000 0.000 0.000 0.000 0.000 0.000 0.000 0.000 0.001 0.001 0.001 0.002 0.005 0.008 0.016 0.000 0.000 0.000 0.000 0.000 0.000 0.000 0.000 0.000 0.000 0.000 0.001 0.001 0.000 0.000 0.000 0.000 0.000 0.000 0.000 0.000 0.000 0.000
0.000 0.000 0.000 0.000 0.120 0.115 0.111 0.107 0.103 0.098 0.089 0.080 0.071 0.062 0.053 0.044 0.035 0.026 0.018 0.008 0.000 0.000 0.000 0.000 0.000 0.000 0.000 0.000 0.000 0.000 0.000 0.000 0.000 0.000 0.000 0.000 0.000 0.000 0.000 0.000 0.000 0.000 0.000 0.000 0.000 0.000 0.000 0.001 0.001 0.001 0.002 0.005 0.009 0.016 0.000 0.000 0.000 0.000 0.000 0.000 0.000 0.000 0.000 0.000 0.001 0.001 0.001 0.015 0.000 0.000 0.000 0.000 0.000 0.000 0.000 0.000 0.000
0.000 0.000 0.000 0.000 0.000 0.000 0.000 0.114 0.108 0.100 0.091 0.082 0.072 0.063 0.055 0.046 0.037 0.027 0.020 0.010 0.000 0.000 0.000 0.000 0.000 0.000 0.000 0.000 0.000 0.000 0.000 0.000 0.000 0.000 0.000 0.000 0.000 0.000 0.000 0.000 0.000 0.000 0.000 0.000 0.000 0.000 0.000 0.001 0.001 0.001 0.002 0.005 0.009 0.014 0.000 0.000 0.000 0.000 0.000 0.000 0.000 0.000 0.000 0.000 0.001 0.001 0.001 0.000 0.000 0.000 0.000 0.000 0.000 0.000 0.000 0.000 0.000
0.154 0.000 0.000 0.000 0.000 0.000 0.000 0.000 0.000 0.100 0.091 0.083 0.074 0.064 0.056 0.047 0.038 0.029 0.021 0.011 0.002 0.000 0.000 0.000 0.000 0.000 0.000 0.000 0.000 0.000 0.000 0.000 0.000 0.000 0.000 0.000 0.000 0.000 0.000 0.000 0.000 0.000 0.000 0.000 0.000 0.000 0.000 0.001 0.001 0.001 0.002 0.005 0.009 0.011 0.000 0.000 0.000 0.000 0.000 0.000 0.000 0.000 0.000 0.000 0.001 0.001 0.001 0.000 0.000 0.000 0.000 0.000 0.000 0.000 0.000 0.000 0.000
0.161 0.157 0.153 0.149 0.000 0.000 0.000 0.000 0.000 0.102 0.092 0.083 0.075 0.066 0.057 0.048 0.039 0.031 0.022 0.013 0.004 0.000 0.000 0.000 0.000 0.000 0.000 0.000 0.000 0.000 0.000 0.000 0.000 0.000 0.000 0.000 0.000 0.000 0.000 0.000 0.000 0.000 0.000 0.000 0.000 0.000 0.001 0.001 0.001 0.001 0.003 0.007 0.012 0.012 0.000 0.000 0.000 0.000 0.000 0.000 0.000 0.000 0.000 0.000 0.001 0.001 0.000 0.000 0.000 0.000 0.000 0.000 0.000 0.000 0.000 0.000 0.000
0.169 0.164 0.160 0.156 0.148 0.140 0.132 0.000 0.112 0.103 0.094 0.085 0.076 0.067 0.058 0.049 0.041 0.032 0.023 0.015 0.005 0.000 0.000 0.000 0.000 0.000 0.000 0.000 0.000 0.000 0.000 0.000 0.000 0.000 0.000 0.000 0.000 0.000 0.000 0.000 0.000 0.000 0.000 0.000 0.000 0.000 0.001 0.001 0.001 0.002 0.005 0.011 0.019 0.018 0.000 0.000 0.000 0.000 0.000 0.000 0.000 0.000 0.000 0.000 0.001 0.001 0.000 0.000 0.000 0.000 0.000 0.000 0.000 0.000 0.000 0.000 0.000
0.175 0.171 0.168 0.158 0.150 0.142 0.133 0.123 0.113 0.104 0.095 0.086 0.077 0.068 0.058 0.051 0.042 0.033 0.025 0.000 0.000 0.000 0.000 0.000 0.000 0.000 0.000 0.000 0.000 0.000 0.000 0.000 0.000 0.000 0.000 0.000 0.000 0.000 0.000 0.000 0.000 0.000 0.000 0.000 0.000 0.001 0.001 0.001 0.001 0.002 0.007 0.013 0.023 0.000 0.000 0.000 0.000 0.000 0.000 0.000 0.000 0.000 0.000 0.000 0.001 0.002 0.000 0.000 0.000 0.000 0.000 0.000 0.000 0.000 0.000 0.000 0.000
0.183 0.177 0.169 0.160 0.153 0.143 0.134 0.124 0.115 0.106 0.097 0.087 0.078 0.069 0.060 0.051 0.043 0.034 0.026 0.000 0.000 0.000 0.000 0.000 0.000 0.000 0.000 0.000 0.000 0.000 0.000 0.000 0.000 0.000 0.000 0.000 0.000 0.000 0.000 0.000 0.000 0.000 0.000 0.000 0.000 0.001 0.001 0.001 0.001 0.003 0.008 0.015 0.024 0.000 0.000 0.000 0.000 0.000 0.000 0.000 0.000 0.000 0.000 0.001 0.001 0.002 0.000 0.000 0.000 0.000 0.000 0.000 0.000 0.000 0.000 0.000 0.000
0.000 0.000 0.170 0.162 0.153 0.144 0.136 0.125 0.116 0.108 0.098 0.088 0.079 0.070 0.062 0.053 0.044 0.035 0.026 0.016 0.006 0.000 0.000 0.000 0.000 0.000 0.000 0.000 0.000 0.000 0.000 0.000 0.000 0.000 0.000 0.000 0.000 0.000 0.000 0.000 0.000 0.000 0.000 0.000 0.000 0.001 0.001 0.001 0.002 0.004 0.010 0.018 0.024 0.000 0.000 0.000 0.000 0.000 0.000 0.000 0.000 0.000 0.001 0.001 0.001 0.002 0.002 0.007 0.000 0.000 0.000 0.000 0.000 0.000 0.098 0.111 0.126
0.000 0.000 0.000 0.000 0.000 0.000 0.137 0.127 0.117 0.108 0.099 0.090 0.080 0.071 0.063 0.055 0.046 0.037 0.028 0.018 0.007 0.000 0.000 0.000 0.000 0.000 0.000 0.000 0.000 0.000 0.000 0.000 0.000 0.000 0.000 0.000 0.000 0.000 0.000 0.000 0.000 0.000 0.000 0.000 0.001 0.001 0.001 0.001 0.002 0.005 0.012 0.023 0.000 0.000 0.000 0.000 0.000 0.000 0.000 0.000 0.000 0.000 0.001 0.001 0.001 0.003 0.000 0.003 0.012 0.026 0.040 0.000 0.000 0.081 0.096 0.110 0.123
0.000 0.000 0.000 0.000 0.000 0.000 0.000 0.000 0.000 0.109 0.099 0.091 0.081 0.073 0.064 0.056 0.047 0.039 0.029 0.018 0.008 0.000 0.000 0.000 0.000 0.000 0.000 0.000 0.000 0.000 0.000 0.000 0.000 0.000 0.000 0.000 0.000 0.000 0.000 0.000 0.000 0.000 0.000 0.000 0.001 0.001 0.001 0.002 0.003 0.007 0.013 0.024 0.000 0.000 0.000 0.000 0.000 0.000 0.000 0.000 0.000 0.001 0.001 0.001 0.002 0.003 0.000 0.000 0.000 0.023 0.038 0.051 0.065 0.079 0.092 0.106 0.000
0.000 0.000 0.000 0.000 0.000 0.000 0.000 0.000 0.000 0.000 0.000 0.000 0.000 0.075 0.066 0.058 0.049 0.040 0.030 0.019 0.008 0.000 0.000 0.000 0.000 0.000 0.000 0.000 0.000 0.000 0.000 0.000 0.000 0.000 0.000 0.000 0.000 0.000 0.000 0.000 0.000 0.000 0.000 0.000 0.001 0.001 0.002 0.002 0.004 0.008 0.014 0.024 0.000 0.000 0.000 0.000 0.000 0.000 0.000 0.000 0.000 0.001 0.001 0.002 0.003 0.000 0.000 0.000 0.007 0.021 0.000 0.000 0.062 0.076 0.090 0.104 0.118
0.000 0.000 0.000 0.000 0.000 0.000 0.000 0.000 0.000 0.000 0.000 0.000 0.000 0.000 0.000 0.000 0.051 0.041 0.036 0.031 0.019 0.011 0.007 0.005 0.002 0.001 0.001 0.001 0.001 0.001 0.001 0.001 0.001 0.001 0.001 0.001 0.000 0.000 0.000 0.000 0.000 0.000 0.000 0.002 0.002 0.002 0.002 0.003 0.005 0.009 0.016 0.023 0.000 0.000 0.000 0.000 0.000 0.000 0.000 0.000 0.000 0.001 0.001 0.003 0.000 0.000 0.000 0.000 0.000 0.000 0.000 0.000 0.059 0.073 0.087 0.101 0.114
0.000 0.000 0.000 0.000 0.000 0.000 0.000 0.000 0.000 0.000 0.000 0.000 0.000 0.000 0.000 0.000 0.000 0.000 0.000 0.000 0.039 0.036 0.031 0.025 0.014 0.009 0.007 0.006 0.005 0.004 0.004 0.003 0.003 0.003 0.003 0.002 0.002 0.002 0.002 0.002 0.002 0.001 0.002 0.003 0.003 0.003 0.003 0.004 0.006 0.011 0.020 0.000 0.000 0.000 0.000 0.000 0.000 0.000 0.000 0.000 0.001 0.001 0.002 0.003 0.000 0.000 0.000 0.000 0.000 0.000 0.000 0.000 0.057 0.071 0.000 0.000 0.000
0.000 0.000 0.000 0.000 0.000 0.000 0.000 0.000 0.000 0.000 0.000 0.000 0.000 0.000 0.000 0.000 0.000 0.000 0.000 0.000 0.000 0.000 0.000 0.000 0.023 0.019 0.020 0.013 0.008 0.006 0.005 0.004 0.004 0.004 0.004 0.003 0.003 0.003 0.003 0.003 0.002 0.002 0.004 0.004 0.004 0.004 0.004 0.004 0.007 0.012 0.021 0.000 0.000 0.000 0.000 0.000 0.000 0.000 0.000 0.000 0.001 0.001 0.003 0.000 0.000 0.000 0.000 0.000 0.000 0.000 0.000 0.000 0.000 0.000 0.000 0.000 0.109
0.000 0.000 0.000 0.000 0.000 0.000 0.000 0.000 0.000 0.000 0.000 0.000 0.000 0.000 0.000 0.000 0.000 0.000 0.000 0.000 0.000 0.000 0.000 0.000 0.000 0.000 0.000 0.009 0.007 0.004 0.004 0.004 0.004 0.004 0.004 0.004 0.004 0.003 0.003 0.003 0.003 0.003 0.004 0.004 0.004 0.004 0.004 0.005 0.008 0.014 0.019 0.000 0.000 0.000 0.000 0.000 0.000 0.000 0.000 0.001 0.001 0.001 0.003 0.017 0.000 0.000 0.000 0.000 0.000 0.000 0.000 0.000 0.000 0.000 0.000 0.000 0.000
0.000 0.000 0.000 0.000 0.000 0.000 0.000 0.000 0.000 0.000 0.000 0.000 0.000 0.000 0.000 0.000 0.000 0.000 0.000 0.000 0.000 0.000 0.000 0.000 0.000 0.000 0.000 0.007 0.006 0.004 0.003 0.003 0.003 0.003 0.004 0.004 0.004 0.003 0.003 0.003 0.003 0.005 0.005 0.004 0.004 0.004 0.004 0.005 0.009 0.017 0.000 0.000 0.000 0.000 0.000 0.000 0.000 0.000 0.000 0.001 0.001 0.001 0.002 0.000 0.000 0.000 0.005 0.000 0.000 0.000 0.000 0.000 0.000 0.000 0.000 0.000 0.103
0.001 0.000 0.000 0.000 0.000 0.000 0.000 0.000 0.000 0.000 0.000 0.000 0.000 0.000 0.000 0.000 0.000 0.000 0.000 0.000 0.000 0.000 0.000 0.000 0.000 0.000 0.000 0.005 0.005 0.004 0.003 0.002 0.003 0.003 0.003 0.003 0.003 0.003 0.003 0.003 0.003 0.005 0.005 0.004 0.004 0.004 0.004 0.005 0.009 0.018 0.000 0.000 0.000 0.000 0.000 0.000 0.000 0.000 0.001 0.001 0.001 0.002 0.000 0.000 0.000 0.000 0.003 0.009 0.000 0.000 0.000 0.000 0.000 0.000 0.000 0.000 0.100
0.001 0.001 0.001 0.001 0.000 0.000 0.000 0.000 0.000 0.000 0.000 0.000 0.000 0.000 0.000 0.000 0.000 0.000 0.000 0.000 0.000 0.000 0.000 0.000 0.000 0.000 0.000 0.004 0.004 0.004 0.004 0.003 0.002 0.002 0.002 0.002 0.002 0.003 0.003 0.003 0.003 0.004 0.004 0.004 0.004 0.004 0.004 0.005 0.010 0.017 0.000 0.000 0.000 0.000 0.000 0.000 0.000 0.001 0.001 0.001 0.001 0.002 0.004 0.010 0.000 0.000 0.003 0.005 0.006 0.008 0.016 0.028 0.000 0.000 0.000 0.083 0.097
0.001 0.001 0.001 0.001 0.001 0.001 0.001 0.001 0.000 0.000 0.000 0.000 0.000 0.000 0.000 0.000 0.000 0.000 0.000 0.000 0.000 0.000 0.000 0.000 0.000 0.000 0.000 0.003 0.004 0.004 0.004 0.003 0.003 0.002 0.002 0.002 0.002 0.002 0.002 0.002 0.004 0.004 0.004 0.004 0.003 0.003 0.003 0.006 0.012 0.016 0.000 0.000 0.000 0.000 0.000 0.000 0.001 0.001 0.001 0.001 0.001 0.002 0.004 0.006 0.006 0.007 0.006 0.005 0.005 0.006 0.013 0.025 0.038 0.000 0.000 0.080 0.094
0.008 0.005 0.003 0.001 0.001 0.001 0.001 0.001 0.001 0.001 0.001 0.000 0.000 0.000 0.000 0.000 0.000 0.000 0.000 0.000 0.000 0.000 0.000 0.000 0.000 0.000 0.000 0.003 0.003 0.004 0.004 0.003 0.003 0.002 0.002 0.001 0.002 0.002 0.002 0.002 0.003 0.003 0.003 0.003 0.003 0.002 0.003 0.005 0.013 0.000 0.000 0.000 0.000 0.000 0.000 0.000 0.001 0.001 0.001 0.001 0.002 0.003 0.006 0.006 0.005 0.005 0.005 0.005 0.004 0.005 0.011 0.022 0.035 0.049 0.063 0.077 0.091
0.030 0.022 0.016 0.012 0.008 0.005 0.003 0.001 0.001 0.001 0.001 0.001 0.001 0.001 0.001 0.000 0.000 0.000 0.000 0.000 0.000 0.000 0.000 0.000 0.000 0.000 0.000 0.002 0.003 0.004 0.004 0.003 0.003 0.002 0.002 0.001 0.001 0.001 0.001 0.002 0.002 0.002 0.002 0.002 0.000 0.001 0.002 0.005 0.012 0.000 0.000 0.000 0.000 0.000 0.000 0.001 0.001 0.001 0.001 0.001 0.002 0.005 0.009 0.000 0.000 0.000 0.000 0.001 0.001 0.001 0.008 0.019 0.032 0.046 0.060 0.074 0.000
0.042 0.043 0.045 0.037 0.029 0.022 0.017 0.012 0.008 0.005 0.002 0.001 0.001 0.001 0.001 0.001 0.001 0.001 0.000 0.000 0.000 0.000 0.000 0.000 0.000 0.000 0.000 0.002 0.003 0.003 0.004 0.003 0.003 0.003 0.002 0.002 0.001 0.001 0.001 0.002 0.002 0.002 0.002 0.001 0.001 0.001 0.003 0.006 0.011 0.000 0.000 0.000 0.000 0.000 0.000 0.001 0.001 0.001 0.001 0.001 0.003 0.006 0.009 0.000 0.000 0.000 0.000 0.001 0.000 0.001 0.004 0.017 0.030 0.044 0.058 0.072 0.000
0.032 0.034 0.037 0.041 0.043 0.045 0.046 0.037 0.029 0.022 0.016 0.010 0.007 0.004 0.002 0.001 0.001 0.001 0.001 0.001 0.001 0.001 0.000 0.000 0.000 0.000 0.000 0.002 0.003 0.003 0.003 0.003 0.003 0.003 0.002 0.002 0.002 0.001 0.001 0.001 0.001 0.001 0.001 0.001 0.001 0.001 0.003 0.008 0.000 0.000 0.000 0.000 0.000 0.000 0.000 0.001 0.001 0.001 0.001 0.002 0.004 0.009 0.000 0.000 0.000 0.000 0.000 0.000 0.000 0.000 0.000 0.000 0.027 0.040 0.054 0.000 0.000
0.026 0.027 0.030 0.032 0.035 0.038 0.042 0.045 0.047 0.049 0.044 0.035 0.026 0.019 0.014 0.010 0.006 0.004 0.002 0.001 0.001 0.001 0.001 0.001 0.001 0.000 0.000 0.001 0.002 0.003 0.003 0.003 0.003 0.003 0.003 0.002 0.002 0.002 0.001 0.001 0.001 0.001 0.001 0.001 0.001 0.001 0.003 0.008 0.000 0.000 0.000 0.000 0.000 0.000 0.001 0.001 0.001 0.001 0.002 0.003 0.004 0.009 0.000 0.000 0.000 0.000 0.000 0.000 0.000 0.000 0.000 0.000 0.000 0.037 0.051 0.000 0.000
0.017 0.020 0.022 0.025 0.028 0.031 0.034 0.036 0.038 0.041 0.043 0.044 0.046 0.048 0.041 0.032 0.025 0.019 0.014 0.009 0.006 0.003 0.001 0.001 0.001 0.001 0.001 0.001 0.002 0.002 0.003 0.003 0.003 0.003 0.003 0.003 0.002 0.002 0.002 0.002 0.001 0.001 0.001 0.001 0.001 0.001 0.003 0.007 0.000 0.000 0.000 0.000 0.000 0.000 0.001 0.001 0.001 0.001 0.003 0.005 0.004 0.008 0.000 0.000 0.000 0.000 0.000 0.000 0.000 0.000 0.000 0.000 0.000 0.034 0.046 0.056 0.000
0.012 0.013 0.016 0.018 0.021 0.024 0.026 0.029 0.031 0.033 0.034 0.035 0.037 0.040 0.043 0.046 0.048 0.049 0.041 0.032 0.024 0.017 0.012 0.008 0.005 0.002 0.001 0.001 0.002 0.002 0.003 0.003 0.003 0.003 0.003 0.003 0.003 0.002 0.002 0.002 0.002 0.001 0.001 0.001 0.001 0.000 0.004 0.000 0.000 0.000 0.000 0.000 0.000 0.000 0.001 0.001 0.001 0.002 0.003 0.007 0.000 0.000 0.000 0.000 0.000 0.000 0.000 0.000 0.000 0.000 0.000 0.000 0.000 0.033 0.044 0.050 0.049
0.007 0.009 0.010 0.012 0.014 0.016 0.018 0.020 0.022 0.023 0.025 0.028 0.030 0.033 0.035 0.037 0.040 0.043 0.046 0.048 0.050 0.047 0.037 0.027 0.020 0.014 0.009 0.004 0.003 0.003 0.003 0.004 0.004 0.004 0.003 0.003 0.003 0.003 0.004 0.005 0.008 0.008 0.008 0.008 0.007 0.005 0.005 0.000 0.000 0.000 0.000 0.000 0.000 0.000 0.001 0.001 0.001 0.002 0.005 0.007 0.000 0.025 0.000 0.000 0.000 0.000 0.000 0.000 0.000 0.000 0.000 0.000 0.025 0.034 0.046 0.000 0.000
0.002 0.002 0.004 0.005 0.007 0.009 0.010 0.012 0.013 0.015 0.017 0.020 0.022 0.025 0.027 0.030 0.033 0.036 0.038 0.039 0.041 0.044 0.045 0.045 0.045 0.038 0.027 0.015 0.010 0.008 0.007 0.006 0.005 0.004 0.004 0.004 0.004 0.005 0.008 0.017 0.032 0.033 0.030 0.025 0.020 0.022 0.028 0.000 0.000 0.000 0.000 0.000 0.000 0.001 0.001 0.001 0.002 0.003 0.006 0.000 0.000 0.023 0.036 0.048 0.000 0.000 0.000 0.000 0.000 0.000 0.000 0.000 0.025 0.035 0.045 0.000 0.000
0.001 0.001 0.001 0.001 0.001 0.001 0.003 0.005 0.007 0.009 0.011 0.013 0.015 0.017 0.020 0.022 0.025 0.027 0.029 0.032 0.034 0.035 0.035 0.035 0.036 0.035 0.030 0.022 0.017 0.014 0.011 0.008 0.007 0.006 0.005 0.006 0.008 0.018 0.034 0.047 0.057 0.065 0.064 0.062 0.060 0.053 0.000 0.000 0.000 0.000 0.000 0.000 0.000 0.001 0.001 0.001 0.003 0.004 0.006 0.014 0.000 0.019 0.032 0.000 0.000 0.027 0.000 0.000 0.000 0.000 0.000 0.015 0.027 0.039 0.000 0.000 0.000
0.001 0.001 0.001 0.001 0.001 0.001 0.001 0.001 0.001 0.002 0.004 0.007 0.009 0.011 0.013 0.014 0.017 0.019 0.021 0.023 0.024 0.025 0.026 0.025 0.023 0.019 0.020 0.021 0.020 0.016 0.013 0.010 0.009 0.009 0.013 0.022 0.035 0.044 0.056 0.070 0.083 0.093 0.089 0.085 0.082 0.088 0.000 0.000 0.000 0.000 0.000 0.000 0.000 0.001 0.001 0.002 0.004 0.006 0.008 0.012 0.013 0.016 0.028 0.000 0.016 0.023 0.032 0.045 0.059 0.000 0.000 0.000 0.029 0.041 0.000 0.000 0.000
0.001 0.001 0.001 0.001 0.001 0.001 0.001 0.001 0.001 0.001 0.001 0.001 0.002 0.004 0.006 0.008 0.010 0.011 0.013 0.014 0.015 0.015 0.014 0.013 0.016 0.017 0.020 0.025 0.024 0.017 0.016 0.016 0.019 0.029 0.035 0.047 0.060 0.073 0.083 0.094 0.106 0.115 0.121 0.116 0.109 0.105 0.090 0.079 0.072 0.000 0.000 0.000 0.000 0.003 0.001 0.002 0.006 0.008 0.010 0.012 0.015 0.017 0.022 0.021 0.020 0.022 0.031 0.043 0.056 0.000 0.000 0.000 0.032 0.041 0.058 0.000 0.000
0.001 0.001 0.001 0.001 0.001 0.001 0.001 0.001 0.001 0.001 0.001 0.001 0.001 0.001 0.001 0.001 0.002 0.004 0.006 0.006 0.006 0.008 0.010 0.012 0.014 0.016 0.021 0.031 0.030 0.023 0.025 0.029 0.032 0.046 0.059 0.071 0.083 0.097 0.108 0.117 0.130 0.141 0.146 0.152 0.000 0.000 0.110 0.104 0.096 0.084 0.077 0.073 0.000 0.030 0.026 0.020 0.012 0.010 0.012 0.012 0.014 0.016 0.019 0.021 0.022 0.024 0.030 0.040 0.052 0.000 0.000 0.029 0.039 0.000 0.056 0.070 0.000
0.001 0.001 0.001 0.001 0.001 0.001 0.001 0.001 0.001 0.001 0.001 0.001 0.001 0.001 0.001 0.001 0.001 0.001 0.001 0.004 0.005 0.007 0.009 0.011 0.013 0.017 0.032 0.039 0.040 0.040 0.045 0.046 0.053 0.065 0.082 0.094 0.109 0.122 0.130 0.146 0.151 0.161 0.170 0.000 0.000 0.000 0.000 0.000 0.000 0.106 0.102 0.096 0.077 0.064 0.055 0.046 0.036 0.029 0.019 0.015 0.016 0.016 0.017 0.019 0.020 0.024 0.030 0.037 0.044 0.050 0.000 0.030 0.040 0.000 0.000 0.067 0.000
