workdir/1_hazmax/50y.txt
ncols         694
nrows         824
xllcorner     581104.93980083
yllcorner     3495917.0924138
cellsize      2
NODATA_value  -9999
[rows 408 to 441 of 824, columns 385 to 461 of 694]
0.000 0.000 0.000 0.000 0.000 0.000 0.000 0.000 0.000 0.000 0.000 0.000 0.000 0.000 0.000 0.000 0.000 0.000 0.000 0.000 0.000 0.000 0.000 0.000 0.000 0.000 0.000 0.000 0.000 0.000 0.000 0.000 0.058 0.064 0.078 0.088 0.096 0.102 0.119 0.104 0.095 0.102 0.097 0.000 0.000 0.000 0.000 0.000 0.000 0.000 0.035 0.035 0.035 0.034 0.035 0.032 0.027 0.023 0.018 0.014 0.009 0.004 0.000 0.000 0.000 0.000 0.000 0.000 0.000 0.000 0.000 0.000 0.000 0.000 0.000 0.000 0.000
0.000 0.000 0.000 0.000 0.000 0.000 0.000 0.000 0.000 0.000 0.000 0.000 0.000 0.000 0.000 0.000 0.000 0.000 0.000 0.000 0.000 0.000 0.000 0.000 0.000 0.000 0.000 0.000 0.000 0.000 0.000 0.058 0.057 0.069 0.084 0.085 0.099 0.098 0.099 0.096 0.108 0.102 0.106 0.000 0.000 0.000 0.000 0.000 0.000 0.036 0.036 0.036 0.035 0.035 0.035 0.034 0.035 0.030 0.025 0.020 0.016 0.011 0.007 0.001 0.000 0.000 0.000 0.000 0.000 0.000 0.000 0.000 0.000 0.000 0.000 0.000 0.000
0.000 0.000 0.000 0.000 0.000 0.000 0.000 0.000 0.000 0.000 0.000 0.000 0.000 0.000 0.000 0.000 0.000 0.000 0.000 0.000 0.000 0.000 0.000 0.000 0.000 0.000 0.000 0.000 0.000 0.000 0.000 0.053 0.070 0.073 0.079 0.093 0.103 0.102 0.102 0.100 0.110 0.097 0.108 0.000 0.000 0.000 0.000 0.000 0.000 0.036 0.036 0.036 0.036 0.036 0.035 0.035 0.035 0.034 0.032 0.028 0.023 0.018 0.013 0.009 0.004 0.000 0.000 0.000 0.000 0.000 0.000 0.000 0.000 0.000 0.000 0.000 0.000
0.000 0.000 0.000 0.000 0.000 0.000 0.000 0.000 0.000 0.000 0.000 0.000 0.000 0.000 0.000 0.000 0.000 0.000 0.000 0.000 0.000 0.000 0.000 0.000 0.000 0.000 0.000 0.000 0.000 0.000 0.000 0.062 0.074 0.081 0.097 0.108 0.108 0.109 0.108 0.108 0.101 0.105 0.104 0.000 0.000 0.000 0.000 0.000 0.000 0.036 0.035 0.036 0.035 0.036 0.035 0.035 0.034 0.035 0.034 0.033 0.030 0.025 0.021 0.015 0.011 0.006 0.000 0.000 0.000 0.000 0.000 0.000 0.000 0.000 0.000 0.000 0.000
0.000 0.000 0.000 0.000 0.000 0.000 0.000 0.000 0.000 0.000 0.000 0.000 0.000 0.000 0.000 0.000 0.000 0.000 0.000 0.000 0.000 0.000 0.000 0.000 0.000 0.000 0.000 0.000 0.000 0.000 0.000 0.080 0.088 0.095 0.103 0.108 0.110 0.118 0.116 0.116 0.112 0.102 0.000 0.000 0.000 0.000 0.000 0.000 0.000 0.035 0.035 0.035 0.036 0.035 0.035 0.035 0.034 0.034 0.035 0.033 0.033 0.033 0.028 0.023 0.018 0.013 0.009 0.003 0.000 0.000 0.000 0.000 0.000 0.000 0.000 0.000 0.000
0.000 0.000 0.000 0.000 0.000 0.000 0.000 0.000 0.000 0.000 0.000 0.000 0.000 0.000 0.000 0.000 0.000 0.000 0.000 0.000 0.000 0.000 0.000 0.000 0.000 0.000 0.000 0.000 0.000 0.000 0.086 0.083 0.088 0.092 0.099 0.102 0.105 0.116 0.115 0.116 0.112 0.113 0.000 0.000 0.000 0.000 0.000 0.000 0.035 0.035 0.036 0.036 0.035 0.035 0.036 0.035 0.034 0.034 0.034 0.034 0.033 0.032 0.032 0.030 0.025 0.020 0.015 0.010 0.005 0.000 0.000 0.000 0.000 0.000 0.000 0.000 0.000
0.000 0.000 0.000 0.000 0.000 0.000 0.000 0.000 0.000 0.000 0.000 0.000 0.000 0.000 0.000 0.000 0.000 0.000 0.000 0.000 0.000 0.000 0.000 0.000 0.000 0.000 0.000 0.000 0.000 0.000 0.077 0.070 0.076 0.083 0.095 0.099 0.097 0.103 0.115 0.117 0.115 0.118 0.000 0.000 0.000 0.000 0.000 0.000 0.035 0.035 0.035 0.035 0.036 0.036 0.036 0.035 0.035 0.034 0.034 0.034 0.033 0.033 0.032 0.031 0.030 0.027 0.022 0.017 0.012 0.007 0.001 0.000 0.000 0.000 0.000 0.000 0.000
0.000 0.000 0.000 0.000 0.000 0.000 0.000 0.000 0.000 0.000 0.000 0.000 0.000 0.000 0.000 0.000 0.000 0.000 0.000 0.000 0.000 0.000 0.000 0.000 0.000 0.000 0.000 0.000 0.000 0.000 0.060 0.071 0.077 0.089 0.100 0.102 0.116 0.132 0.110 0.118 0.104 0.000 0.000 0.000 0.000 0.000 0.000 0.000 0.035 0.036 0.036 0.036 0.035 0.035 0.035 0.035 0.034 0.034 0.034 0.034 0.033 0.033 0.032 0.031 0.031 0.031 0.029 0.025 0.019 0.014 0.008 0.003 0.000 0.000 0.000 0.000 0.000
0.000 0.000 0.000 0.000 0.000 0.000 0.000 0.000 0.000 0.000 0.000 0.000 0.000 0.000 0.000 0.000 0.000 0.000 0.000 0.000 0.000 0.000 0.000 0.000 0.000 0.000 0.000 0.000 0.000 0.000 0.077 0.089 0.105 0.105 0.111 0.116 0.117 0.122 0.122 0.100 0.108 0.000 0.000 0.000 0.000 0.000 0.000 0.039 0.038 0.038 0.037 0.037 0.036 0.035 0.035 0.035 0.034 0.034 0.033 0.033 0.033 0.034 0.033 0.032 0.031 0.030 0.029 0.028 0.026 0.021 0.016 0.010 0.005 0.000 0.000 0.000 0.000
0.000 0.000 0.000 0.000 0.000 0.000 0.000 0.000 0.000 0.000 0.000 0.000 0.000 0.000 0.000 0.000 0.000 0.000 0.000 0.000 0.000 0.000 0.000 0.000 0.000 0.000 0.000 0.000 0.060 0.071 0.088 0.088 0.100 0.107 0.111 0.117 0.114 0.110 0.099 0.106 0.124 0.000 0.000 0.000 0.000 0.000 0.000 0.040 0.039 0.039 0.039 0.039 0.039 0.037 0.035 0.035 0.034 0.034 0.033 0.034 0.033 0.033 0.033 0.032 0.030 0.030 0.029 0.028 0.027 0.027 0.023 0.018 0.011 0.006 0.000 0.000 0.000
0.000 0.000 0.000 0.000 0.000 0.000 0.000 0.000 0.000 0.000 0.000 0.000 0.000 0.000 0.000 0.000 0.000 0.000 0.000 0.000 0.000 0.000 0.000 0.000 0.000 0.000 0.000 0.000 0.068 0.080 0.083 0.096 0.103 0.115 0.122 0.117 0.116 0.103 0.123 0.112 0.112 0.000 0.000 0.000 0.000 0.000 0.000 0.041 0.041 0.041 0.039 0.040 0.039 0.039 0.037 0.036 0.034 0.035 0.034 0.033 0.033 0.033 0.032 0.032 0.030 0.029 0.029 0.028 0.027 0.026 0.026 0.024 0.019 0.013 0.007 0.002 0.000
0.000 0.000 0.000 0.000 0.000 0.000 0.000 0.000 0.000 0.000 0.000 0.000 0.000 0.000 0.000 0.000 0.000 0.000 0.000 0.000 0.000 0.000 0.000 0.000 0.000 0.000 0.000 0.000 0.073 0.094 0.099 0.105 0.120 0.110 0.128 0.108 0.114 0.110 0.106 0.128 0.101 0.000 0.000 0.000 0.000 0.000 0.000 0.042 0.041 0.040 0.040 0.040 0.039 0.040 0.038 0.037 0.035 0.034 0.034 0.033 0.032 0.032 0.032 0.031 0.030 0.029 0.028 0.027 0.026 0.026 0.025 0.024 0.023 0.020 0.014 0.008 0.003
0.000 0.000 0.000 0.000 0.000 0.000 0.000 0.000 0.000 0.000 0.000 0.000 0.000 0.000 0.000 0.000 0.000 0.000 0.000 0.000 0.000 0.000 0.000 0.000 0.000 0.000 0.000 0.000 0.078 0.074 0.092 0.096 0.116 0.134 0.108 0.122 0.103 0.103 0.105 0.108 0.108 0.000 0.000 0.000 0.000 0.000 0.041 0.043 0.042 0.041 0.040 0.040 0.040 0.041 0.040 0.038 0.035 0.034 0.034 0.033 0.032 0.032 0.032 0.031 0.030 0.028 0.027 0.027 0.026 0.025 0.024 0.023 0.022 0.021 0.020 0.015 0.009
0.000 0.000 0.000 0.000 0.000 0.000 0.000 0.000 0.000 0.000 0.000 0.000 0.000 0.000 0.000 0.000 0.000 0.000 0.000 0.000 0.000 0.000 0.000 0.000 0.000 0.000 0.000 0.000 0.069 0.072 0.087 0.107 0.104 0.127 0.120 0.109 0.114 0.101 0.120 0.096 0.092 0.000 0.000 0.000 0.000 0.000 0.041 0.042 0.043 0.042 0.041 0.040 0.039 0.040 0.040 0.040 0.037 0.034 0.033 0.032 0.032 0.031 0.031 0.031 0.030 0.028 0.027 0.026 0.025 0.024 0.024 0.023 0.021 0.020 0.019 0.018 0.016
0.000 0.000 0.000 0.000 0.000 0.000 0.000 0.000 0.000 0.000 0.000 0.000 0.000 0.000 0.000 0.000 0.000 0.000 0.000 0.000 0.000 0.000 0.000 0.000 0.000 0.000 0.000 0.046 0.059 0.083 0.084 0.100 0.101 0.110 0.122 0.113 0.102 0.106 0.113 0.105 0.107 0.000 0.000 0.000 0.000 0.000 0.042 0.042 0.042 0.043 0.042 0.042 0.040 0.040 0.041 0.041 0.039 0.035 0.033 0.032 0.031 0.031 0.030 0.030 0.029 0.027 0.026 0.025 0.024 0.023 0.023 0.022 0.020 0.019 0.018 0.017 0.015
0.000 0.000 0.000 0.000 0.000 0.000 0.000 0.000 0.000 0.000 0.000 0.000 0.000 0.000 0.000 0.000 0.000 0.000 0.000 0.000 0.000 0.000 0.000 0.000 0.000 0.000 0.000 0.052 0.070 0.072 0.078 0.090 0.099 0.135 0.124 0.126 0.127 0.111 0.114 0.102 0.119 0.125 0.109 0.000 0.000 0.000 0.000 0.000 0.048 0.044 0.043 0.042 0.041 0.041 0.042 0.041 0.040 0.037 0.033 0.032 0.031 0.031 0.030 0.029 0.028 0.027 0.025 0.024 0.023 0.022 0.022 0.021 0.019 0.018 0.017 0.016 0.014
0.000 0.000 0.000 0.000 0.000 0.000 0.000 0.000 0.000 0.000 0.000 0.000 0.000 0.000 0.000 0.000 0.000 0.000 0.000 0.000 0.000 0.000 0.000 0.000 0.000 0.000 0.000 0.067 0.061 0.101 0.086 0.088 0.111 0.130 0.144 0.111 0.113 0.113 0.112 0.121 0.111 0.116 0.128 0.115 0.110 0.108 0.000 0.065 0.059 0.050 0.045 0.043 0.042 0.041 0.041 0.041 0.041 0.037 0.033 0.032 0.031 0.030 0.029 0.029 0.028 0.026 0.025 0.023 0.022 0.021 0.021 0.020 0.018 0.017 0.016 0.014 0.013
0.000 0.000 0.000 0.000 0.000 0.000 0.000 0.000 0.000 0.000 0.000 0.000 0.000 0.000 0.000 0.000 0.000 0.000 0.000 0.000 0.000 0.000 0.000 0.000 0.000 0.000 0.000 0.063 0.080 0.085 0.081 0.102 0.123 0.148 0.124 0.119 0.124 0.111 0.116 0.123 0.126 0.124 0.109 0.116 0.120 0.140 0.121 0.104 0.067 0.053 0.046 0.044 0.043 0.042 0.042 0.041 0.040 0.038 0.034 0.031 0.030 0.029 0.028 0.028 0.027 0.025 0.024 0.022 0.021 0.020 0.019 0.018 0.017 0.015 0.014 0.013 0.011
0.000 0.000 0.000 0.000 0.000 0.000 0.000 0.000 0.000 0.000 0.000 0.000 0.000 0.000 0.000 0.000 0.000 0.000 0.000 0.000 0.000 0.000 0.000 0.000 0.000 0.000 0.000 0.075 0.078 0.100 0.092 0.112 0.127 0.376 0.256 0.127 0.126 0.107 0.123 0.117 0.000 0.101 0.114 0.123 0.130 0.119 0.111 0.095 0.066 0.054 0.048 0.044 0.044 0.043 0.042 0.041 0.041 0.038 0.034 0.031 0.030 0.029 0.029 0.028 0.027 0.025 0.023 0.021 0.020 0.019 0.018 0.018 0.016 0.014 0.012 0.010 0.010
0.000 0.000 0.000 0.000 0.000 0.000 0.000 0.000 0.000 0.000 0.000 0.000 0.000 0.000 0.000 0.000 0.000 0.000 0.000 0.000 0.000 0.000 0.000 0.000 0.000 0.000 0.000 0.083 0.088 0.088 0.093 0.103 0.110 0.245 0.131 0.117 0.119 0.111 0.101 0.000 0.000 0.000 0.000 0.000 0.108 0.118 0.125 0.085 0.061 0.052 0.046 0.044 0.043 0.043 0.042 0.042 0.040 0.037 0.033 0.031 0.030 0.029 0.028 0.027 0.026 0.024 0.023 0.021 0.020 0.019 0.017 0.015 0.013 0.011 0.011 0.010 0.010
0.000 0.000 0.000 0.000 0.000 0.000 0.000 0.000 0.000 0.000 0.000 0.000 0.000 0.000 0.000 0.000 0.000 0.000 0.000 0.000 0.000 0.000 0.000 0.000 0.000 0.000 0.056 0.078 0.074 0.093 0.090 0.102 0.125 0.118 0.122 0.105 0.120 0.105 0.000 0.000 0.000 0.000 0.000 0.000 0.000 0.000 0.082 0.063 0.054 0.050 0.047 0.044 0.043 0.042 0.042 0.041 0.039 0.036 0.032 0.031 0.029 0.028 0.027 0.026 0.024 0.023 0.021 0.019 0.018 0.016 0.015 0.013 0.012 0.012 0.011 0.010 0.010
0.000 0.000 0.000 0.000 0.000 0.000 0.000 0.000 0.000 0.000 0.000 0.000 0.000 0.000 0.000 0.000 0.000 0.000 0.000 0.000 0.000 0.000 0.000 0.000 0.000 0.000 0.058 0.081 0.081 0.089 0.091 0.109 0.120 0.136 0.118 0.106 0.094 0.100 0.000 0.000 0.000 0.000 0.000 0.000 0.000 0.000 0.056 0.052 0.049 0.048 0.047 0.044 0.043 0.043 0.042 0.041 0.038 0.035 0.032 0.030 0.028 0.027 0.026 0.025 0.023 0.021 0.019 0.017 0.016 0.015 0.013 0.013 0.012 0.012 0.011 0.011 0.015
0.000 0.000 0.000 0.000 0.000 0.000 0.000 0.000 0.000 0.000 0.000 0.000 0.000 0.000 0.000 0.000 0.000 0.000 0.000 0.000 0.000 0.000 0.000 0.000 0.000 0.000 0.061 0.072 0.083 0.097 0.100 0.102 0.123 0.113 0.102 0.107 0.096 0.000 0.000 0.000 0.000 0.000 0.051 0.053 0.050 0.047 0.049 0.049 0.049 0.049 0.047 0.045 0.044 0.042 0.042 0.042 0.038 0.033 0.031 0.029 0.027 0.026 0.025 0.023 0.021 0.019 0.017 0.016 0.014 0.014 0.013 0.013 0.012 0.012 0.014 0.021 0.028
0.000 0.000 0.000 0.000 0.000 0.000 0.000 0.000 0.000 0.000 0.000 0.000 0.000 0.000 0.000 0.000 0.000 0.000 0.000 0.000 0.000 0.000 0.000 0.000 0.000 0.000 0.065 0.080 0.092 0.105 0.095 0.121 0.124 0.126 0.135 0.127 0.118 0.000 0.000 0.000 0.000 0.000 0.000 0.055 0.051 0.048 0.048 0.049 0.049 0.049 0.048 0.047 0.045 0.043 0.042 0.040 0.037 0.032 0.031 0.029 0.027 0.026 0.024 0.022 0.019 0.017 0.015 0.015 0.015 0.014 0.013 0.013 0.013 0.019 0.027 0.034 0.042
0.000 0.000 0.000 0.000 0.000 0.000 0.000 0.000 0.000 0.000 0.000 0.000 0.000 0.000 0.000 0.000 0.000 0.000 0.000 0.000 0.000 0.000 0.000 0.000 0.000 0.000 0.075 0.094 0.102 0.103 0.103 0.139 0.114 0.123 0.103 0.127 0.105 0.000 0.000 0.000 0.000 0.000 0.000 0.000 0.000 0.000 0.048 0.048 0.047 0.047 0.048 0.047 0.045 0.043 0.043 0.039 0.033 0.031 0.030 0.028 0.026 0.024 0.023 0.019 0.017 0.016 0.015 0.015 0.015 0.013 0.013 0.018 0.025 0.033 0.040 0.047 0.052
0.000 0.000 0.000 0.000 0.000 0.000 0.000 0.000 0.000 0.000 0.000 0.000 0.000 0.000 0.000 0.000 0.000 0.000 0.000 0.000 0.000 0.000 0.000 0.000 0.000 0.056 0.086 0.078 0.107 0.100 0.115 0.124 0.124 0.116 0.120 0.109 0.000 0.000 0.000 0.000 0.000 0.000 0.000 0.000 0.000 0.000 0.000 0.000 0.045 0.047 0.048 0.048 0.045 0.044 0.043 0.036 0.031 0.030 0.029 0.027 0.024 0.023 0.020 0.018 0.017 0.016 0.015 0.015 0.015 0.017 0.024 0.031 0.039 0.046 0.053 0.060 0.060
0.121 0.000 0.000 0.000 0.000 0.084 0.080 0.080 0.086 0.091 0.000 0.000 0.000 0.000 0.000 0.000 0.000 0.000 0.000 0.000 0.000 0.000 0.000 0.000 0.000 0.060 0.094 0.089 0.103 0.099 0.119 0.107 0.124 0.101 0.122 0.116 0.000 0.000 0.000 0.000 0.000 0.000 0.000 0.000 0.000 0.000 0.000 0.000 0.000 0.000 0.000 0.048 0.049 0.048 0.041 0.033 0.032 0.030 0.027 0.025 0.023 0.021 0.020 0.018 0.017 0.016 0.015 0.016 0.022 0.030 0.037 0.045 0.052 0.059 0.066 0.071 0.067
0.156 0.145 0.132 0.126 0.119 0.111 0.099 0.096 0.094 0.104 0.086 0.064 0.028 0.022 0.019 0.020 0.031 0.000 0.032 0.000 0.000 0.000 0.000 0.000 0.000 0.072 0.069 0.099 0.097 0.103 0.099 0.110 0.099 0.105 0.098 0.100 0.000 0.000 0.000 0.000 0.000 0.000 0.000 0.000 0.000 0.000 0.000 0.000 0.000 0.000 0.000 0.000 0.000 0.000 0.033 0.033 0.035 0.029 0.026 0.024 0.023 0.022 0.020 0.018 0.017 0.016 0.021 0.029 0.036 0.043 0.050 0.057 0.064 0.072 0.080 0.079 0.074
0.156 0.151 0.144 0.136 0.127 0.123 0.115 0.108 0.105 0.104 0.092 0.075 0.047 0.033 0.030 0.024 0.044 0.043 0.043 0.041 0.047 0.000 0.000 0.000 0.000 0.081 0.064 0.071 0.093 0.105 0.114 0.107 0.104 0.108 0.108 0.105 0.000 0.000 0.000 0.000 0.000 0.000 0.000 0.000 0.000 0.000 0.000 0.000 0.000 0.000 0.000 0.000 0.000 0.000 0.000 0.000 0.025 0.025 0.024 0.024 0.023 0.021 0.019 0.018 0.020 0.028 0.034 0.042 0.049 0.056 0.063 0.071 0.079 0.085 0.090 0.087 0.082
0.172 0.160 0.155 0.143 0.137 0.131 0.126 0.121 0.116 0.112 0.101 0.086 0.066 0.045 0.039 0.034 0.034 0.038 0.040 0.042 0.045 0.043 0.000 0.000 0.000 0.074 0.073 0.069 0.087 0.098 0.110 0.112 0.108 0.115 0.109 0.000 0.000 0.000 0.000 0.000 0.000 0.000 0.000 0.000 0.000 0.000 0.000 0.000 0.000 0.000 0.000 0.000 0.000 0.000 0.000 0.000 0.021 0.023 0.024 0.024 0.023 0.020 0.019 0.026 0.033 0.040 0.048 0.055 0.062 0.069 0.077 0.083 0.091 0.098 0.099 0.094 0.089
0.185 0.172 0.161 0.157 0.148 0.141 0.137 0.132 0.127 0.122 0.113 0.099 0.081 0.059 0.050 0.044 0.038 0.035 0.039 0.041 0.045 0.047 0.043 0.038 0.040 0.052 0.076 0.082 0.086 0.092 0.105 0.112 0.109 0.106 0.113 0.000 0.000 0.000 0.000 0.000 0.000 0.000 0.000 0.000 0.000 0.000 0.000 0.000 0.000 0.000 0.000 0.000 0.000 0.000 0.000 0.000 0.019 0.021 0.023 0.023 0.021 0.024 0.031 0.039 0.046 0.054 0.060 0.068 0.075 0.083 0.090 0.097 0.104 0.111 0.106 0.101 0.096
0.184 0.177 0.176 0.165 0.158 0.151 0.148 0.144 0.139 0.134 0.125 0.111 0.093 0.076 0.061 0.054 0.047 0.040 0.040 0.044 0.047 0.049 0.046 0.043 0.044 0.048 0.061 0.085 0.093 0.098 0.110 0.111 0.109 0.110 0.109 0.000 0.000 0.000 0.000 0.000 0.000 0.000 0.000 0.000 0.000 0.000 0.000 0.000 0.000 0.000 0.000 0.000 0.000 0.000 0.000 0.000 0.016 0.019 0.021 0.023 0.030 0.037 0.045 0.052 0.059 0.066 0.074 0.081 0.088 0.095 0.102 0.110 0.117 0.119 0.113 0.109 0.103
0.189 0.194 0.200 0.175 0.167 0.163 0.163 0.156 0.150 0.145 0.137 0.120 0.104 0.089 0.075 0.066 0.058 0.051 0.045 0.046 0.049 0.053 0.051 0.054 0.047 0.054 0.056 0.074 0.097 0.104 0.112 0.117 0.126 0.130 0.118 0.000 0.000 0.000 0.000 0.000 0.000 0.000 0.000 0.000 0.000 0.000 0.000 0.000 0.000 0.000 0.000 0.000 0.000 0.000 0.000 0.008 0.014 0.021 0.029 0.036 0.043 0.050 0.058 0.065 0.072 0.080 0.087 0.094 0.101 0.109 0.116 0.000 0.000 0.125 0.120 0.116 0.110
0.000 0.000 0.194 0.184 0.181 0.180 0.174 0.171 0.162 0.156 0.145 0.130 0.114 0.099 0.086 0.077 0.070 0.062 0.054 0.047 0.050 0.054 0.056 0.058 0.053 0.058 0.063 0.074 0.079 0.094 0.110 0.111 0.125 0.117 0.000 0.000 0.000 0.000 0.000 0.000 0.000 0.000 0.000 0.000 0.000 0.000 0.000 0.000 0.000 0.000 0.000 0.000 0.000 0.000 0.000 0.020 0.027 0.035 0.041 0.049 0.056 0.064 0.070 0.079 0.085 0.093 0.100 0.108 0.114 0.122 0.000 0.000 0.000 0.000 0.000 0.123 0.119
