数据/2hours/0.1-2h-30y/coupled-152-0001.wd
ncols         694
nrows         824
xllcorner     581104.939801
yllcorner     3495917.092414
cellsize      2.000000
NODATA_value  -9999.000000
[rows 442 to 475 of 824, columns 385 to 461 of 694]
0.000 0.000 0.000 0.030 0.025 0.020 0.015 0.010 0.006 0.002 0.001 0.001 0.001 0.001 0.001 0.001 0.001 0.001 0.001 0.001 0.001 0.001 0.001 0.001 0.001 0.001 0.002 0.004 0.013 0.022 0.027 0.027 0.025 0.027 0.000 0.000 0.000 0.000 0.000 0.000 0.000 0.000 0.000 0.000 0.000 0.000 0.000 0.000 0.000 0.000 0.000 0.000 0.000 0.000 0.005 0.012 0.019 0.027 0.034 0.041 0.048 0.056 0.063 0.071 0.078 0.085 0.092 0.100 0.107 0.115 0.000 0.000 0.000 0.000 0.000 0.000 0.000
0.000 0.000 0.000 0.000 0.000 0.031 0.026 0.020 0.015 0.010 0.006 0.002 0.001 0.001 0.001 0.001 0.001 0.001 0.001 0.001 0.001 0.001 0.001 0.001 0.001 0.001 0.003 0.010 0.015 0.022 0.024 0.027 0.027 0.026 0.000 0.000 0.000 0.000 0.000 0.000 0.000 0.000 0.000 0.000 0.000 0.000 0.000 0.000 0.000 0.000 0.000 0.000 0.002 0.010 0.018 0.026 0.033 0.040 0.047 0.054 0.061 0.070 0.077 0.083 0.091 0.098 0.106 0.113 0.119 0.127 0.133 0.135 0.000 0.000 0.000 0.000 0.000
0.000 0.000 0.000 0.000 0.000 0.000 0.000 0.030 0.025 0.020 0.015 0.010 0.005 0.001 0.001 0.001 0.001 0.001 0.001 0.001 0.001 0.001 0.001 0.001 0.001 0.001 0.003 0.010 0.020 0.025 0.026 0.025 0.023 0.000 0.000 0.000 0.000 0.000 0.000 0.000 0.000 0.000 0.000 0.000 0.000 0.000 0.000 0.000 0.000 0.000 0.000 0.008 0.015 0.023 0.031 0.038 0.046 0.053 0.060 0.068 0.075 0.082 0.090 0.097 0.105 0.111 0.118 0.125 0.133 0.139 0.147 0.142 0.138 0.133 0.129 0.000 0.000
0.000 0.000 0.000 0.000 0.000 0.000 0.000 0.000 0.033 0.030 0.025 0.020 0.015 0.010 0.005 0.001 0.001 0.001 0.001 0.001 0.001 0.001 0.001 0.001 0.001 0.001 0.004 0.014 0.025 0.025 0.024 0.026 0.023 0.000 0.000 0.000 0.000 0.000 0.000 0.000 0.000 0.000 0.000 0.000 0.000 0.000 0.000 0.000 0.000 0.006 0.014 0.020 0.028 0.000 0.000 0.000 0.000 0.066 0.000 0.000 0.088 0.095 0.103 0.111 0.117 0.125 0.132 0.139 0.146 0.152 0.154 0.151 0.145 0.140 0.136 0.132 0.126
0.000 0.000 0.000 0.000 0.000 0.000 0.000 0.000 0.000 0.000 0.031 0.028 0.025 0.020 0.015 0.009 0.004 0.001 0.001 0.001 0.001 0.001 0.001 0.001 0.001 0.001 0.005 0.012 0.021 0.025 0.024 0.024 0.022 0.000 0.000 0.000 0.000 0.000 0.000 0.000 0.000 0.000 0.000 0.000 0.000 0.000 0.000 0.000 0.000 0.020 0.026 0.033 0.041 0.000 0.000 0.000 0.000 0.000 0.000 0.000 0.000 0.000 0.000 0.000 0.131 0.138 0.145 0.151 0.158 0.165 0.162 0.156 0.152 0.148 0.143 0.138 0.135
0.000 0.000 0.000 0.000 0.000 0.000 0.000 0.000 0.000 0.000 0.000 0.032 0.030 0.026 0.023 0.019 0.013 0.008 0.003 0.001 0.001 0.001 0.001 0.001 0.001 0.001 0.005 0.012 0.020 0.021 0.021 0.023 0.019 0.015 0.013 0.009 0.000 0.000 0.000 0.000 0.000 0.000 0.000 0.000 0.000 0.000 0.000 0.000 0.000 0.000 0.000 0.000 0.000 0.000 0.000 0.000 0.000 0.000 0.000 0.000 0.000 0.000 0.000 0.000 0.000 0.000 0.000 0.000 0.171 0.174 0.169 0.165 0.160 0.155 0.151 0.147 0.142
0.000 0.000 0.000 0.000 0.000 0.000 0.000 0.000 0.000 0.000 0.000 0.000 0.000 0.030 0.027 0.023 0.020 0.017 0.011 0.005 0.001 0.001 0.001 0.001 0.001 0.001 0.004 0.010 0.018 0.020 0.021 0.017 0.015 0.014 0.010 0.006 0.004 0.003 0.002 0.002 0.000 0.000 0.000 0.000 0.000 0.000 0.000 0.000 0.000 0.000 0.000 0.000 0.000 0.000 0.000 0.000 0.000 0.000 0.000 0.000 0.000 0.000 0.000 0.000 0.000 0.000 0.000 0.000 0.000 0.000 0.000 0.172 0.167 0.162 0.158 0.155 0.149
0.000 0.000 0.000 0.000 0.000 0.000 0.000 0.000 0.000 0.000 0.000 0.000 0.000 0.000 0.000 0.026 0.023 0.020 0.016 0.012 0.007 0.002 0.001 0.001 0.001 0.001 0.004 0.009 0.017 0.018 0.015 0.014 0.013 0.010 0.008 0.006 0.005 0.004 0.003 0.002 0.002 0.001 0.001 0.000 0.000 0.000 0.000 0.000 0.000 0.000 0.000 0.000 0.000 0.000 0.000 0.000 0.000 0.000 0.000 0.000 0.000 0.000 0.000 0.000 0.000 0.000 0.000 0.000 0.000 0.000 0.000 0.000 0.000 0.000 0.000 0.162 0.158
0.000 0.000 0.000 0.000 0.000 0.000 0.000 0.000 0.000 0.000 0.000 0.000 0.000 0.000 0.000 0.000 0.026 0.023 0.018 0.013 0.009 0.005 0.003 0.001 0.001 0.001 0.002 0.010 0.015 0.014 0.012 0.011 0.011 0.009 0.007 0.006 0.005 0.004 0.004 0.003 0.002 0.002 0.001 0.001 0.001 0.001 0.001 0.000 0.000 0.000 0.000 0.000 0.000 0.000 0.000 0.000 0.000 0.000 0.000 0.000 0.000 0.000 0.000 0.000 0.000 0.000 0.000 0.000 0.000 0.000 0.000 0.000 0.000 0.000 0.000 0.000 0.000
0.000 0.000 0.000 0.000 0.000 0.000 0.000 0.000 0.000 0.000 0.000 0.000 0.000 0.000 0.000 0.000 0.000 0.000 0.016 0.013 0.010 0.007 0.004 0.002 0.001 0.001 0.002 0.008 0.012 0.010 0.010 0.011 0.010 0.008 0.007 0.006 0.005 0.005 0.004 0.004 0.003 0.002 0.002 0.001 0.001 0.001 0.001 0.001 0.001 0.001 0.001 0.001 0.001 0.001 0.001 0.000 0.000 0.000 0.000 0.000 0.000 0.000 0.000 0.000 0.000 0.000 0.000 0.000 0.000 0.000 0.000 0.000 0.000 0.000 0.000 0.000 0.000
0.000 0.000 0.000 0.000 0.000 0.000 0.000 0.000 0.000 0.000 0.000 0.000 0.000 0.000 0.000 0.000 0.000 0.000 0.015 0.013 0.010 0.007 0.005 0.002 0.002 0.002 0.002 0.005 0.008 0.010 0.011 0.010 0.008 0.007 0.007 0.006 0.006 0.005 0.005 0.004 0.004 0.003 0.003 0.002 0.002 0.001 0.001 0.001 0.001 0.001 0.001 0.001 0.001 0.001 0.001 0.001 0.001 0.001 0.000 0.000 0.000 0.000 0.000 0.000 0.000 0.000 0.000 0.000 0.000 0.000 0.000 0.000 0.000 0.000 0.000 0.000 0.000
0.000 0.000 0.000 0.000 0.000 0.000 0.000 0.000 0.000 0.000 0.000 0.000 0.000 0.000 0.000 0.000 0.000 0.000 0.015 0.013 0.010 0.008 0.005 0.003 0.002 0.002 0.002 0.002 0.007 0.008 0.009 0.008 0.008 0.007 0.007 0.007 0.007 0.006 0.006 0.005 0.005 0.004 0.003 0.003 0.002 0.000 0.001 0.001 0.001 0.001 0.001 0.001 0.001 0.001 0.001 0.001 0.001 0.001 0.001 0.001 0.001 0.000 0.000 0.000 0.000 0.000 0.000 0.000 0.000 0.000 0.000 0.000 0.000 0.000 0.000 0.000 0.000
0.000 0.000 0.000 0.000 0.000 0.000 0.000 0.000 0.000 0.000 0.000 0.000 0.000 0.000 0.000 0.000 0.000 0.000 0.014 0.012 0.010 0.008 0.006 0.003 0.002 0.002 0.002 0.002 0.004 0.005 0.006 0.006 0.007 0.007 0.008 0.008 0.008 0.008 0.008 0.007 0.006 0.005 0.005 0.004 0.003 0.002 0.002 0.001 0.001 0.001 0.001 0.001 0.001 0.001 0.001 0.001 0.001 0.001 0.001 0.001 0.001 0.001 0.001 0.001 0.001 0.000 0.000 0.000 0.000 0.000 0.000 0.000 0.000 0.000 0.000 0.000 0.000
0.000 0.000 0.000 0.000 0.000 0.000 0.000 0.000 0.000 0.000 0.000 0.000 0.000 0.000 0.000 0.000 0.000 0.011 0.012 0.011 0.010 0.008 0.006 0.004 0.003 0.002 0.001 0.001 0.002 0.003 0.004 0.005 0.006 0.007 0.008 0.008 0.009 0.009 0.008 0.008 0.008 0.007 0.006 0.006 0.005 0.004 0.003 0.002 0.002 0.002 0.001 0.001 0.001 0.001 0.001 0.001 0.001 0.001 0.001 0.001 0.001 0.001 0.001 0.001 0.001 0.001 0.001 0.001 0.001 0.000 0.000 0.000 0.000 0.000 0.000 0.000 0.000
0.000 0.000 0.000 0.000 0.000 0.000 0.000 0.000 0.000 0.000 0.000 0.000 0.000 0.000 0.000 0.000 0.000 0.012 0.012 0.011 0.010 0.008 0.006 0.004 0.003 0.002 0.001 0.001 0.002 0.003 0.004 0.005 0.006 0.007 0.008 0.008 0.009 0.009 0.008 0.008 0.008 0.008 0.007 0.007 0.006 0.005 0.005 0.004 0.003 0.003 0.002 0.002 0.002 0.001 0.001 0.001 0.001 0.001 0.001 0.001 0.001 0.001 0.001 0.001 0.001 0.001 0.001 0.001 0.001 0.001 0.000 0.000 0.000 0.000 0.000 0.000 0.000
0.000 0.000 0.000 0.000 0.000 0.000 0.000 0.000 0.000 0.000 0.000 0.000 0.000 0.000 0.000 0.000 0.000 0.013 0.012 0.011 0.009 0.008 0.006 0.005 0.003 0.002 0.001 0.001 0.002 0.003 0.004 0.005 0.006 0.007 0.007 0.008 0.008 0.008 0.008 0.009 0.008 0.008 0.008 0.007 0.007 0.006 0.006 0.005 0.005 0.004 0.004 0.003 0.003 0.002 0.002 0.002 0.001 0.001 0.001 0.001 0.001 0.001 0.001 0.001 0.001 0.001 0.001 0.001 0.001 0.001 0.000 0.000 0.000 0.000 0.000 0.000 0.000
0.000 0.000 0.000 0.000 0.000 0.000 0.000 0.000 0.000 0.000 0.000 0.000 0.000 0.000 0.000 0.000 0.000 0.013 0.011 0.010 0.009 0.008 0.006 0.005 0.003 0.002 0.001 0.001 0.002 0.002 0.003 0.004 0.005 0.006 0.007 0.007 0.008 0.008 0.009 0.009 0.009 0.009 0.009 0.008 0.007 0.007 0.007 0.006 0.006 0.005 0.005 0.005 0.004 0.004 0.003 0.003 0.002 0.002 0.002 0.002 0.002 0.002 0.003 0.006 0.006 0.000 0.001 0.001 0.001 0.001 0.000 0.000 0.000 0.000 0.000 0.000 0.000
0.000 0.000 0.000 0.000 0.000 0.000 0.000 0.000 0.000 0.000 0.000 0.000 0.000 0.000 0.000 0.000 0.010 0.011 0.011 0.010 0.009 0.008 0.006 0.005 0.004 0.002 0.001 0.001 0.002 0.002 0.003 0.004 0.005 0.006 0.007 0.007 0.008 0.009 0.009 0.010 0.010 0.010 0.009 0.009 0.008 0.008 0.008 0.007 0.007 0.007 0.006 0.006 0.005 0.005 0.004 0.004 0.004 0.004 0.005 0.006 0.008 0.011 0.014 0.018 0.010 0.002 0.001 0.001 0.001 0.001 0.001 0.001 0.001 0.001 0.000 0.000 0.000
0.000 0.000 0.000 0.000 0.000 0.000 0.000 0.000 0.000 0.000 0.000 0.000 0.000 0.000 0.000 0.000 0.012 0.012 0.011 0.010 0.009 0.008 0.007 0.005 0.004 0.001 0.001 0.002 0.002 0.002 0.003 0.004 0.005 0.005 0.006 0.007 0.008 0.010 0.011 0.012 0.012 0.011 0.011 0.010 0.010 0.010 0.009 0.009 0.009 0.008 0.008 0.007 0.007 0.007 0.006 0.006 0.007 0.008 0.011 0.014 0.018 0.022 0.025 0.024 0.028 0.023 0.017 0.012 0.008 0.006 0.003 0.002 0.001 0.001 0.001 0.001 0.001
0.000 0.000 0.000 0.000 0.000 0.000 0.000 0.000 0.000 0.000 0.000 0.000 0.000 0.000 0.000 0.000 0.013 0.012 0.011 0.010 0.009 0.008 0.007 0.005 0.003 0.002 0.002 0.002 0.002 0.002 0.003 0.004 0.004 0.005 0.007 0.009 0.012 0.015 0.016 0.015 0.014 0.014 0.013 0.013 0.013 0.012 0.012 0.011 0.011 0.010 0.010 0.010 0.009 0.009 0.010 0.011 0.013 0.016 0.020 0.024 0.028 0.027 0.023 0.020 0.022 0.026 0.028 0.030 0.031 0.023 0.018 0.013 0.009 0.006 0.004 0.002 0.001
0.089 0.086 0.084 0.000 0.000 0.000 0.000 0.000 0.000 0.000 0.000 0.000 0.000 0.000 0.000 0.013 0.013 0.013 0.012 0.011 0.009 0.008 0.007 0.005 0.003 0.002 0.002 0.002 0.002 0.002 0.003 0.004 0.004 0.006 0.009 0.014 0.019 0.024 0.023 0.019 0.018 0.017 0.017 0.016 0.015 0.015 0.015 0.014 0.014 0.013 0.013 0.013 0.013 0.014 0.015 0.017 0.021 0.025 0.029 0.030 0.028 0.026 0.023 0.018 0.019 0.020 0.022 0.023 0.025 0.028 0.031 0.034 0.033 0.026 0.020 0.014 0.009
0.093 0.090 0.087 0.082 0.078 0.076 0.000 0.000 0.000 0.000 0.000 0.000 0.000 0.000 0.000 0.018 0.016 0.015 0.013 0.012 0.010 0.009 0.007 0.005 0.002 0.002 0.002 0.002 0.002 0.003 0.003 0.004 0.005 0.010 0.016 0.022 0.028 0.034 0.000 0.018 0.021 0.022 0.022 0.019 0.018 0.019 0.018 0.017 0.017 0.017 0.017 0.017 0.018 0.020 0.022 0.026 0.030 0.031 0.030 0.028 0.026 0.024 0.021 0.017 0.016 0.016 0.017 0.018 0.019 0.022 0.024 0.027 0.031 0.034 0.036 0.038 0.032
0.098 0.095 0.091 0.086 0.083 0.079 0.075 0.070 0.067 0.065 0.000 0.000 0.000 0.000 0.000 0.023 0.021 0.018 0.016 0.013 0.011 0.009 0.007 0.005 0.002 0.002 0.002 0.002 0.003 0.003 0.003 0.005 0.011 0.018 0.024 0.030 0.038 0.000 0.000 0.000 0.000 0.000 0.000 0.019 0.023 0.024 0.021 0.020 0.021 0.021 0.021 0.021 0.024 0.026 0.030 0.033 0.031 0.029 0.028 0.026 0.024 0.022 0.020 0.015 0.014 0.014 0.014 0.014 0.014 0.016 0.018 0.020 0.024 0.026 0.029 0.031 0.033
0.000 0.000 0.000 0.089 0.087 0.083 0.078 0.074 0.072 0.068 0.062 0.058 0.055 0.000 0.000 0.028 0.025 0.022 0.018 0.015 0.013 0.010 0.007 0.004 0.003 0.003 0.003 0.003 0.003 0.003 0.005 0.011 0.019 0.026 0.033 0.000 0.000 0.000 0.000 0.000 0.000 0.000 0.000 0.000 0.000 0.000 0.021 0.025 0.026 0.027 0.025 0.027 0.030 0.034 0.032 0.030 0.029 0.027 0.026 0.024 0.022 0.020 0.018 0.014 0.012 0.012 0.011 0.011 0.011 0.012 0.013 0.015 0.017 0.019 0.021 0.022 0.024
0.000 0.000 0.000 0.000 0.000 0.000 0.081 0.078 0.075 0.072 0.066 0.062 0.058 0.051 0.043 0.035 0.029 0.025 0.020 0.017 0.014 0.012 0.008 0.004 0.003 0.003 0.003 0.003 0.003 0.005 0.010 0.018 0.026 0.034 0.000 0.000 0.000 0.000 0.000 0.000 0.000 0.000 0.000 0.000 0.000 0.000 0.000 0.000 0.000 0.000 0.027 0.032 0.033 0.031 0.029 0.028 0.026 0.024 0.023 0.021 0.019 0.018 0.015 0.012 0.010 0.010 0.009 0.009 0.009 0.009 0.010 0.010 0.011 0.012 0.013 0.014 0.017
0.000 0.000 0.000 0.000 0.000 0.000 0.000 0.000 0.000 0.000 0.069 0.066 0.062 0.055 0.045 0.038 0.032 0.027 0.022 0.019 0.015 0.012 0.009 0.004 0.004 0.004 0.004 0.004 0.005 0.009 0.017 0.025 0.034 0.000 0.000 0.000 0.000 0.000 0.000 0.000 0.000 0.000 0.000 0.000 0.000 0.000 0.000 0.000 0.000 0.000 0.000 0.000 0.000 0.000 0.024 0.024 0.023 0.020 0.019 0.017 0.016 0.015 0.013 0.010 0.008 0.008 0.007 0.007 0.007 0.007 0.007 0.007 0.007 0.007 0.008 0.009 0.010
0.000 0.000 0.000 0.000 0.000 0.000 0.000 0.000 0.000 0.000 0.000 0.000 0.000 0.000 0.044 0.037 0.031 0.027 0.023 0.018 0.016 0.012 0.009 0.005 0.004 0.004 0.004 0.005 0.009 0.016 0.025 0.034 0.000 0.000 0.000 0.000 0.000 0.000 0.000 0.000 0.000 0.000 0.000 0.000 0.000 0.000 0.000 0.000 0.000 0.000 0.000 0.000 0.000 0.000 0.000 0.000 0.000 0.014 0.014 0.013 0.012 0.011 0.010 0.008 0.006 0.006 0.005 0.005 0.005 0.005 0.005 0.004 0.004 0.004 0.004 0.005 0.005
0.000 0.000 0.000 0.000 0.000 0.000 0.000 0.000 0.000 0.000 0.000 0.000 0.000 0.000 0.000 0.033 0.030 0.026 0.022 0.019 0.015 0.012 0.009 0.006 0.005 0.005 0.005 0.008 0.016 0.024 0.033 0.042 0.000 0.000 0.000 0.000 0.000 0.000 0.000 0.000 0.000 0.000 0.000 0.000 0.000 0.000 0.000 0.000 0.000 0.000 0.000 0.000 0.000 0.000 0.000 0.000 0.000 0.000 0.000 0.000 0.000 0.006 0.006 0.005 0.004 0.003 0.003 0.003 0.003 0.003 0.003 0.003 0.002 0.002 0.002 0.002 0.002
0.000 0.000 0.000 0.000 0.000 0.000 0.000 0.000 0.000 0.000 0.000 0.000 0.000 0.000 0.026 0.028 0.027 0.024 0.021 0.018 0.016 0.012 0.008 0.006 0.005 0.006 0.008 0.015 0.023 0.032 0.042 0.050 0.000 0.000 0.000 0.000 0.000 0.000 0.000 0.000 0.000 0.000 0.000 0.000 0.000 0.000 0.000 0.000 0.000 0.000 0.000 0.000 0.000 0.000 0.000 0.000 0.000 0.000 0.000 0.000 0.000 0.000 0.000 0.000 0.001 0.001 0.001 0.001 0.001 0.001 0.001 0.001 0.001 0.001 0.001 0.001 0.001
0.000 0.000 0.000 0.000 0.000 0.000 0.000 0.000 0.000 0.000 0.000 0.000 0.000 0.000 0.027 0.026 0.025 0.023 0.020 0.019 0.015 0.012 0.008 0.006 0.006 0.008 0.014 0.022 0.031 0.040 0.049 0.058 0.000 0.000 0.000 0.000 0.000 0.000 0.000 0.000 0.000 0.000 0.000 0.000 0.000 0.000 0.000 0.000 0.000 0.000 0.000 0.000 0.000 0.000 0.000 0.000 0.000 0.000 0.000 0.000 0.000 0.000 0.000 0.000 0.000 0.000 0.000 0.000 0.001 0.001 0.001 0.001 0.001 0.001 0.001 0.001 0.001
0.000 0.000 0.000 0.000 0.000 0.000 0.000 0.000 0.000 0.000 0.000 0.000 0.000 0.000 0.027 0.024 0.023 0.022 0.019 0.018 0.014 0.012 0.008 0.006 0.008 0.013 0.022 0.030 0.038 0.048 0.057 0.000 0.000 0.000 0.000 0.000 0.000 0.000 0.000 0.000 0.000 0.000 0.000 0.000 0.000 0.000 0.000 0.000 0.000 0.000 0.000 0.000 0.000 0.000 0.000 0.000 0.000 0.000 0.000 0.000 0.000 0.000 0.000 0.000 0.000 0.000 0.000 0.000 0.000 0.000 0.000 0.001 0.001 0.001 0.001 0.001 0.001
0.000 0.000 0.000 0.000 0.000 0.000 0.000 0.000 0.000 0.000 0.000 0.000 0.000 0.000 0.026 0.024 0.022 0.021 0.020 0.017 0.015 0.010 0.007 0.008 0.013 0.019 0.028 0.037 0.046 0.055 0.064 0.000 0.000 0.000 0.000 0.000 0.000 0.000 0.000 0.000 0.000 0.000 0.000 0.000 0.000 0.000 0.000 0.000 0.000 0.000 0.000 0.000 0.000 0.000 0.000 0.000 0.000 0.000 0.000 0.000 0.000 0.000 0.000 0.000 0.000 0.000 0.000 0.000 0.000 0.000 0.000 0.000 0.000 0.000 0.000 0.001 0.001
0.000 0.000 0.000 0.000 0.000 0.000 0.000 0.000 0.000 0.000 0.000 0.000 0.000 0.020 0.022 0.023 0.022 0.021 0.020 0.017 0.014 0.007 0.007 0.012 0.017 0.026 0.034 0.042 0.052 0.061 0.072 0.000 0.000 0.000 0.000 0.000 0.000 0.000 0.000 0.000 0.000 0.000 0.000 0.000 0.000 0.000 0.000 0.000 0.000 0.000 0.000 0.000 0.000 0.000 0.000 0.000 0.000 0.000 0.000 0.000 0.000 0.000 0.000 0.000 0.000 0.000 0.000 0.000 0.000 0.000 0.000 0.000 0.000 0.000 0.000 0.000 0.001
0.000 0.000 0.000 0.000 0.000 0.000 0.000 0.000 0.000 0.000 0.000 0.000 0.000 0.022 0.021 0.021 0.021 0.020 0.018 0.015 0.011 0.007 0.010 0.016 0.023 0.031 0.040 0.048 0.056 0.064 0.000 0.000 0.000 0.000 0.000 0.000 0.000 0.000 0.000 0.000 0.000 0.000 0.000 0.000 0.000 0.000 0.000 0.000 0.000 0.000 0.000 0.000 0.000 0.000 0.000 0.000 0.000 0.000 0.000 0.000 0.000 0.000 0.000 0.000 0.000 0.000 0.000 0.000 0.000 0.000 0.000 0.000 0.000 0.000 0.000 0.000 0.000
