数据/2hours/0.1-2h-30y/coupled-189-0001.wd
ncols         694
nrows         824
xllcorner     581104.939801
yllcorner     3495917.092414
cellsize      2.000000
NODATA_value  -9999.000000
[rows 714 to 747 of 824, columns 154 to 230 of 694]
0.000 0.000 0.000 0.000 0.000 0.000 0.000 0.002 0.003 0.004 0.005 0.006 0.006 0.006 0.006 0.007 0.006 0.006 0.006 0.005 0.001 0.001 0.040 0.032 0.024 0.017 0.011 0.005 0.002 0.001 0.001 0.001 0.000 0.000 0.000 0.000 0.000 0.000 0.000 0.000 0.000 0.000 0.001 0.001 0.001 0.001 0.001 0.001 0.001 0.000 0.000 0.000 0.000 0.000 0.000 0.000 0.000 0.000 0.035 0.045 0.057 0.059 0.039 0.020 0.029 0.001 0.001 0.001 0.000 0.000 0.000 0.000 0.000 0.000 0.000 0.000 0.000
0.000 0.000 0.000 0.000 0.000 0.000 0.002 0.003 0.004 0.005 0.006 0.006 0.007 0.007 0.007 0.007 0.007 0.007 0.007 0.007 0.006 0.005 0.000 0.045 0.040 0.027 0.019 0.015 0.008 0.004 0.001 0.001 0.001 0.001 0.000 0.000 0.000 0.000 0.000 0.000 0.000 0.001 0.001 0.001 0.001 0.001 0.001 0.001 0.002 0.000 0.000 0.000 0.000 0.000 0.000 0.000 0.000 0.000 0.104 0.097 0.073 0.049 0.029 0.023 0.033 0.001 0.001 0.001 0.000 0.000 0.000 0.000 0.000 0.000 0.000 0.000 0.000
0.000 0.000 0.000 0.000 0.000 0.001 0.003 0.004 0.005 0.006 0.006 0.007 0.007 0.007 0.007 0.008 0.008 0.008 0.008 0.008 0.007 0.007 0.006 0.001 0.001 0.037 0.031 0.024 0.015 0.010 0.005 0.002 0.001 0.001 0.001 0.000 0.000 0.000 0.000 0.000 0.001 0.001 0.001 0.001 0.015 0.031 0.043 0.053 0.065 0.000 0.000 0.000 0.000 0.000 0.000 0.000 0.000 0.139 0.114 0.089 0.067 0.040 0.018 0.025 0.035 0.031 0.001 0.001 0.001 0.000 0.000 0.000 0.000 0.000 0.000 0.000 0.000
0.000 0.000 0.000 0.000 0.000 0.002 0.004 0.005 0.006 0.006 0.007 0.007 0.007 0.008 0.008 0.008 0.008 0.008 0.008 0.008 0.008 0.008 0.007 0.006 0.005 0.001 0.044 0.037 0.029 0.018 0.012 0.008 0.005 0.003 0.001 0.001 0.001 0.000 0.000 0.000 0.001 0.001 0.001 0.001 0.054 0.093 0.103 0.115 0.000 0.000 0.000 0.000 0.000 0.000 0.000 0.000 0.000 0.131 0.106 0.081 0.059 0.031 0.016 0.029 0.039 0.049 0.001 0.001 0.001 0.000 0.000 0.000 0.000 0.000 0.000 0.000 0.000
0.000 0.000 0.000 0.000 0.001 0.003 0.005 0.005 0.006 0.007 0.007 0.007 0.008 0.008 0.008 0.008 0.009 0.009 0.009 0.009 0.009 0.009 0.008 0.008 0.007 0.000 0.001 0.053 0.047 0.034 0.023 0.020 0.013 0.008 0.004 0.001 0.001 0.001 0.000 0.001 0.001 0.001 0.001 0.037 0.094 0.151 0.167 0.177 0.000 0.000 0.000 0.000 0.000 0.000 0.000 0.000 0.000 0.122 0.096 0.071 0.051 0.024 0.020 0.032 0.043 0.052 0.036 0.001 0.000 0.000 0.000 0.000 0.000 0.000 0.000 0.000 0.000
0.000 0.000 0.000 0.000 0.001 0.003 0.005 0.006 0.006 0.007 0.007 0.008 0.008 0.008 0.008 0.009 0.009 0.009 0.009 0.009 0.009 0.009 0.009 0.009 0.008 0.007 0.006 0.000 0.001 0.045 0.037 0.029 0.020 0.013 0.007 0.003 0.001 0.001 0.001 0.001 0.001 0.001 0.027 0.079 0.136 0.194 0.230 0.242 0.000 0.000 0.000 0.000 0.000 0.000 0.000 0.000 0.000 0.111 0.087 0.063 0.043 0.016 0.025 0.035 0.045 0.053 0.063 0.001 0.000 0.000 0.000 0.000 0.000 0.000 0.000 0.000 0.000
0.000 0.000 0.000 0.000 0.001 0.003 0.005 0.006 0.006 0.007 0.007 0.008 0.008 0.008 0.009 0.009 0.009 0.009 0.009 0.009 0.009 0.009 0.009 0.009 0.009 0.008 0.008 0.006 0.005 0.001 0.048 0.040 0.030 0.014 0.010 0.005 0.003 0.001 0.001 0.000 0.000 0.016 0.068 0.123 0.179 0.235 0.293 0.304 0.317 0.293 0.000 0.000 0.000 0.000 0.000 0.000 0.128 0.102 0.078 0.055 0.033 0.022 0.029 0.037 0.047 0.056 0.066 0.038 0.000 0.000 0.000 0.000 0.000 0.000 0.000 0.000 0.000
0.000 0.000 0.000 0.000 0.001 0.003 0.005 0.006 0.007 0.007 0.007 0.008 0.008 0.008 0.009 0.009 0.009 0.009 0.009 0.010 0.010 0.010 0.010 0.009 0.009 0.009 0.008 0.008 0.007 0.005 0.001 0.049 0.040 0.021 0.017 0.014 0.013 0.014 0.000 0.000 0.000 0.000 0.109 0.165 0.220 0.278 0.333 0.331 0.308 0.284 0.258 0.235 0.000 0.000 0.000 0.000 0.119 0.094 0.071 0.048 0.026 0.026 0.032 0.041 0.050 0.060 0.070 0.000 0.000 0.000 0.000 0.000 0.000 0.000 0.000 0.000 0.000
0.000 0.000 0.000 0.000 0.001 0.003 0.005 0.006 0.007 0.007 0.008 0.008 0.008 0.008 0.009 0.009 0.009 0.009 0.009 0.010 0.010 0.010 0.010 0.010 0.009 0.009 0.009 0.008 0.008 0.007 0.005 0.001 0.001 0.036 0.033 0.029 0.028 0.000 0.000 0.000 0.000 0.000 0.000 0.206 0.263 0.286 0.307 0.000 0.000 0.275 0.249 0.225 0.201 0.177 0.000 0.000 0.108 0.082 0.060 0.042 0.017 0.026 0.036 0.045 0.054 0.063 0.072 0.000 0.000 0.000 0.000 0.000 0.000 0.000 0.000 0.000 0.000
0.000 0.000 0.000 0.000 0.001 0.003 0.005 0.006 0.007 0.007 0.008 0.008 0.008 0.009 0.009 0.009 0.009 0.009 0.010 0.010 0.010 0.010 0.010 0.010 0.009 0.009 0.009 0.009 0.008 0.007 0.006 0.005 0.004 0.001 0.051 0.046 0.000 0.000 0.000 0.000 0.000 0.000 0.000 0.219 0.240 0.261 0.284 0.000 0.000 0.000 0.000 0.215 0.191 0.169 0.146 0.123 0.098 0.075 0.054 0.028 0.020 0.030 0.040 0.049 0.057 0.066 0.076 0.000 0.000 0.000 0.000 0.000 0.000 0.000 0.000 0.000 0.000
0.000 0.000 0.000 0.000 0.001 0.003 0.005 0.006 0.007 0.007 0.008 0.008 0.008 0.008 0.009 0.009 0.009 0.009 0.010 0.010 0.010 0.010 0.010 0.010 0.009 0.009 0.009 0.009 0.008 0.008 0.007 0.006 0.005 0.004 0.001 0.063 0.059 0.000 0.000 0.000 0.000 0.000 0.000 0.196 0.217 0.238 0.260 0.275 0.000 0.000 0.000 0.000 0.000 0.163 0.139 0.115 0.092 0.071 0.039 0.017 0.023 0.034 0.045 0.053 0.061 0.068 0.000 0.000 0.000 0.000 0.000 0.000 0.000 0.000 0.000 0.000 0.000
0.000 0.000 0.000 0.000 0.001 0.003 0.005 0.006 0.006 0.007 0.007 0.008 0.008 0.008 0.009 0.009 0.009 0.009 0.009 0.010 0.010 0.010 0.010 0.010 0.009 0.009 0.009 0.009 0.008 0.008 0.007 0.007 0.006 0.005 0.004 0.000 0.079 0.080 0.000 0.000 0.000 0.000 0.000 0.000 0.195 0.000 0.000 0.256 0.243 0.000 0.000 0.000 0.000 0.000 0.000 0.105 0.081 0.061 0.030 0.017 0.029 0.039 0.049 0.056 0.065 0.072 0.000 0.000 0.000 0.000 0.000 0.000 0.000 0.000 0.000 0.000 0.000
0.000 0.000 0.000 0.000 0.001 0.003 0.005 0.006 0.006 0.007 0.007 0.008 0.008 0.008 0.009 0.009 0.009 0.009 0.009 0.009 0.010 0.010 0.010 0.009 0.009 0.009 0.009 0.009 0.008 0.008 0.007 0.007 0.006 0.006 0.005 0.003 0.001 0.102 0.122 0.000 0.000 0.000 0.000 0.000 0.000 0.000 0.000 0.000 0.226 0.000 0.000 0.000 0.000 0.000 0.120 0.096 0.072 0.050 0.024 0.023 0.031 0.042 0.053 0.060 0.067 0.075 0.000 0.000 0.000 0.000 0.000 0.000 0.000 0.000 0.000 0.000 0.000
0.000 0.000 0.000 0.000 0.001 0.003 0.005 0.005 0.006 0.007 0.007 0.008 0.008 0.008 0.008 0.009 0.009 0.009 0.009 0.009 0.009 0.009 0.009 0.009 0.009 0.009 0.009 0.009 0.008 0.008 0.008 0.007 0.006 0.006 0.005 0.004 0.003 0.001 0.096 0.114 0.000 0.000 0.000 0.000 0.000 0.000 0.000 0.000 0.206 0.000 0.000 0.000 0.000 0.000 0.111 0.088 0.063 0.039 0.017 0.026 0.037 0.047 0.056 0.064 0.073 0.000 0.000 0.000 0.000 0.000 0.000 0.000 0.000 0.000 0.000 0.000 0.000
0.000 0.000 0.000 0.000 0.000 0.002 0.004 0.005 0.006 0.006 0.007 0.007 0.008 0.008 0.008 0.009 0.009 0.009 0.009 0.009 0.009 0.009 0.009 0.009 0.009 0.009 0.009 0.009 0.008 0.008 0.007 0.007 0.007 0.006 0.005 0.004 0.003 0.001 0.000 0.087 0.105 0.000 0.000 0.000 0.000 0.000 0.000 0.190 0.185 0.000 0.000 0.000 0.000 0.124 0.103 0.080 0.055 0.031 0.023 0.033 0.043 0.052 0.060 0.068 0.078 0.087 0.097 0.000 0.000 0.000 0.000 0.000 0.000 0.000 0.000 0.000 0.000
0.000 0.000 0.000 0.000 0.000 0.001 0.003 0.004 0.005 0.006 0.006 0.007 0.007 0.008 0.008 0.008 0.009 0.009 0.009 0.009 0.009 0.009 0.009 0.009 0.009 0.009 0.009 0.008 0.008 0.008 0.007 0.007 0.006 0.006 0.005 0.004 0.003 0.001 0.000 0.000 0.077 0.094 0.000 0.000 0.000 0.000 0.000 0.000 0.000 0.000 0.000 0.000 0.000 0.105 0.093 0.072 0.048 0.024 0.028 0.037 0.046 0.053 0.063 0.072 0.081 0.091 0.102 0.110 0.120 0.000 0.000 0.000 0.000 0.000 0.000 0.000 0.000
0.000 0.000 0.000 0.000 0.000 0.000 0.002 0.003 0.004 0.005 0.006 0.007 0.007 0.008 0.008 0.008 0.008 0.008 0.009 0.009 0.009 0.009 0.009 0.009 0.009 0.009 0.008 0.008 0.008 0.008 0.007 0.007 0.006 0.006 0.005 0.004 0.003 0.001 0.000 0.000 0.000 0.066 0.081 0.102 0.000 0.000 0.000 0.000 0.000 0.000 0.000 0.000 0.098 0.085 0.074 0.062 0.040 0.019 0.028 0.038 0.048 0.056 0.065 0.075 0.086 0.094 0.104 0.113 0.124 0.132 0.142 0.000 0.000 0.000 0.000 0.000 0.000
0.000 0.000 0.000 0.000 0.000 0.000 0.000 0.002 0.003 0.004 0.005 0.006 0.007 0.007 0.008 0.008 0.008 0.008 0.008 0.008 0.009 0.009 0.009 0.009 0.008 0.008 0.008 0.008 0.008 0.007 0.007 0.007 0.006 0.005 0.005 0.004 0.002 0.000 0.000 0.000 0.000 0.000 0.058 0.077 0.098 0.000 0.000 0.000 0.000 0.000 0.000 0.000 0.077 0.065 0.053 0.041 0.028 0.020 0.030 0.041 0.052 0.060 0.070 0.079 0.089 0.098 0.107 0.117 0.126 0.136 0.144 0.155 0.106 0.000 0.000 0.000 0.000
0.000 0.000 0.000 0.000 0.000 0.000 0.000 0.000 0.002 0.003 0.004 0.005 0.006 0.007 0.007 0.007 0.008 0.008 0.008 0.008 0.008 0.008 0.008 0.008 0.008 0.008 0.008 0.008 0.007 0.007 0.007 0.006 0.006 0.005 0.004 0.003 0.001 0.000 0.000 0.000 0.000 0.000 0.000 0.053 0.072 0.093 0.000 0.000 0.000 0.000 0.000 0.073 0.059 0.045 0.032 0.020 0.018 0.022 0.032 0.043 0.054 0.065 0.073 0.084 0.093 0.000 0.000 0.000 0.130 0.140 0.148 0.159 0.151 0.065 0.001 0.000 0.000
0.000 0.000 0.000 0.000 0.000 0.000 0.000 0.000 0.000 0.002 0.003 0.004 0.005 0.006 0.007 0.007 0.007 0.008 0.008 0.008 0.008 0.008 0.008 0.008 0.008 0.008 0.008 0.007 0.007 0.007 0.006 0.006 0.005 0.004 0.003 0.002 0.000 0.000 0.000 0.000 0.000 0.000 0.000 0.000 0.049 0.068 0.087 0.000 0.000 0.000 0.000 0.055 0.042 0.029 0.021 0.021 0.021 0.023 0.033 0.043 0.053 0.063 0.074 0.083 0.093 0.000 0.000 0.000 0.000 0.000 0.153 0.163 0.172 0.111 0.071 0.033 0.000
0.000 0.000 0.000 0.000 0.000 0.000 0.000 0.000 0.000 0.000 0.002 0.003 0.004 0.005 0.006 0.007 0.007 0.007 0.007 0.007 0.008 0.008 0.008 0.008 0.007 0.007 0.007 0.007 0.007 0.006 0.006 0.005 0.004 0.003 0.002 0.000 0.000 0.000 0.000 0.000 0.000 0.000 0.000 0.000 0.028 0.044 0.061 0.079 0.000 0.066 0.054 0.039 0.026 0.025 0.025 0.023 0.021 0.020 0.031 0.042 0.052 0.062 0.072 0.083 0.000 0.000 0.000 0.000 0.000 0.000 0.000 0.164 0.174 0.180 0.143 0.105 0.000
0.000 0.000 0.000 0.000 0.000 0.000 0.000 0.000 0.000 0.000 0.000 0.002 0.003 0.004 0.005 0.006 0.006 0.007 0.007 0.007 0.007 0.007 0.007 0.007 0.007 0.007 0.007 0.007 0.006 0.006 0.005 0.004 0.003 0.002 0.000 0.000 0.000 0.000 0.000 0.000 0.000 0.000 0.000 0.000 0.000 0.021 0.036 0.050 0.065 0.049 0.034 0.028 0.026 0.025 0.024 0.023 0.021 0.019 0.027 0.038 0.049 0.059 0.070 0.000 0.000 0.000 0.000 0.000 0.000 0.000 0.000 0.000 0.000 0.188 0.184 0.176 0.139
0.000 0.000 0.000 0.000 0.000 0.000 0.000 0.000 0.000 0.000 0.000 0.000 0.002 0.003 0.004 0.005 0.006 0.006 0.006 0.007 0.007 0.007 0.007 0.007 0.007 0.006 0.006 0.006 0.006 0.005 0.004 0.003 0.002 0.000 0.000 0.000 0.000 0.000 0.000 0.000 0.000 0.000 0.000 0.000 0.000 0.000 0.010 0.024 0.040 0.031 0.029 0.027 0.026 0.025 0.023 0.023 0.021 0.020 0.025 0.035 0.046 0.057 0.067 0.000 0.000 0.000 0.000 0.000 0.000 0.000 0.000 0.000 0.000 0.000 0.000 0.187 0.182
0.000 0.000 0.000 0.000 0.000 0.000 0.000 0.000 0.000 0.000 0.000 0.000 0.000 0.002 0.003 0.004 0.005 0.005 0.006 0.006 0.006 0.006 0.006 0.006 0.006 0.006 0.006 0.005 0.005 0.004 0.003 0.002 0.000 0.000 0.000 0.000 0.000 0.000 0.000 0.000 0.000 0.000 0.000 0.000 0.000 0.000 0.000 0.003 0.015 0.030 0.028 0.027 0.025 0.025 0.023 0.021 0.020 0.019 0.024 0.033 0.044 0.054 0.000 0.000 0.000 0.000 0.000 0.000 0.000 0.000 0.000 0.000 0.000 0.000 0.000 0.000 0.000
0.000 0.000 0.000 0.000 0.000 0.000 0.000 0.000 0.000 0.000 0.000 0.000 0.000 0.000 0.002 0.003 0.004 0.005 0.005 0.005 0.005 0.005 0.005 0.005 0.005 0.005 0.005 0.005 0.004 0.003 0.002 0.000 0.000 0.000 0.000 0.000 0.000 0.000 0.000 0.000 0.000 0.000 0.000 0.000 0.000 0.000 0.000 0.000 0.001 0.013 0.027 0.026 0.025 0.024 0.023 0.020 0.018 0.018 0.021 0.031 0.042 0.053 0.000 0.000 0.000 0.000 0.000 0.000 0.000 0.000 0.000 0.000 0.000 0.000 0.000 0.000 0.000
0.000 0.000 0.000 0.000 0.000 0.000 0.000 0.000 0.000 0.000 0.000 0.000 0.000 0.000 0.000 0.001 0.002 0.003 0.003 0.003 0.003 0.003 0.003 0.003 0.003 0.003 0.003 0.003 0.002 0.001 0.000 0.000 0.000 0.000 0.000 0.000 0.000 0.000 0.000 0.000 0.000 0.000 0.000 0.000 0.000 0.000 0.000 0.000 0.000 0.000 0.012 0.025 0.024 0.023 0.021 0.019 0.018 0.018 0.019 0.029 0.039 0.000 0.000 0.000 0.000 0.000 0.000 0.000 0.000 0.000 0.000 0.000 0.000 0.000 0.000 0.000 0.000
0.000 0.000 0.000 0.000 0.000 0.000 0.000 0.000 0.000 0.000 0.000 0.000 0.000 0.000 0.000 0.000 0.000 0.001 0.001 0.001 0.001 0.001 0.001 0.001 0.001 0.001 0.001 0.001 0.000 0.000 0.000 0.000 0.000 0.000 0.000 0.000 0.000 0.000 0.000 0.000 0.000 0.000 0.000 0.000 0.000 0.000 0.000 0.000 0.000 0.000 0.001 0.009 0.022 0.021 0.019 0.019 0.017 0.017 0.017 0.027 0.036 0.000 0.000 0.000 0.000 0.000 0.000 0.000 0.000 0.000 0.000 0.000 0.000 0.000 0.000 0.000 0.000
0.000 0.000 0.000 0.000 0.000 0.000 0.000 0.000 0.000 0.000 0.000 0.000 0.000 0.000 0.000 0.000 0.000 0.000 0.000 0.000 0.000 0.000 0.000 0.000 0.000 0.000 0.000 0.000 0.000 0.000 0.000 0.000 0.000 0.000 0.000 0.000 0.000 0.000 0.000 0.000 0.000 0.000 0.000 0.000 0.000 0.000 0.000 0.000 0.000 0.000 0.001 0.001 0.006 0.019 0.018 0.016 0.014 0.015 0.016 0.026 0.000 0.000 0.000 0.000 0.000 0.000 0.000 0.000 0.000 0.000 0.000 0.000 0.000 0.000 0.000 0.000 0.000
0.000 0.000 0.000 0.000 0.000 0.000 0.000 0.000 0.000 0.000 0.000 0.000 0.000 0.000 0.000 0.000 0.000 0.000 0.000 0.000 0.000 0.000 0.000 0.000 0.000 0.000 0.000 0.000 0.000 0.000 0.000 0.000 0.000 0.000 0.000 0.000 0.000 0.000 0.000 0.000 0.000 0.000 0.000 0.000 0.000 0.000 0.000 0.000 0.000 0.000 0.000 0.001 0.001 0.004 0.016 0.013 0.000 0.011 0.013 0.000 0.000 0.000 0.000 0.000 0.000 0.000 0.000 0.000 0.000 0.000 0.000 0.000 0.000 0.000 0.000 0.000 0.000
0.000 0.000 0.000 0.000 0.000 0.000 0.000 0.000 0.000 0.000 0.000 0.000 0.000 0.000 0.000 0.000 0.000 0.000 0.000 0.000 0.000 0.000 0.000 0.000 0.000 0.000 0.000 0.000 0.000 0.000 0.000 0.000 0.000 0.000 0.000 0.000 0.000 0.000 0.000 0.000 0.000 0.000 0.000 0.000 0.000 0.000 0.000 0.000 0.000 0.000 0.000 0.001 0.001 0.001 0.002 0.011 0.009 0.009 0.010 0.011 0.000 0.000 0.000 0.000 0.000 0.000 0.000 0.000 0.000 0.000 0.000 0.000 0.000 0.000 0.000 0.000 0.000
0.000 0.000 0.000 0.000 0.000 0.000 0.000 0.000 0.000 0.000 0.000 0.000 0.000 0.000 0.000 0.000 0.000 0.000 0.000 0.000 0.000 0.000 0.000 0.000 0.000 0.000 0.000 0.000 0.000 0.000 0.000 0.000 0.000 0.000 0.000 0.000 0.000 0.000 0.000 0.000 0.000 0.000 0.000 0.000 0.000 0.000 0.000 0.000 0.000 0.000 0.000 0.001 0.001 0.001 0.001 0.002 0.008 0.008 0.009 0.008 0.014 0.000 0.000 0.000 0.000 0.000 0.000 0.000 0.000 0.000 0.000 0.000 0.000 0.000 0.000 0.000 0.000
0.000 0.000 0.000 0.000 0.000 0.000 0.000 0.000 0.000 0.000 0.000 0.000 0.000 0.000 0.000 0.000 0.000 0.000 0.000 0.000 0.000 0.000 0.000 0.000 0.000 0.000 0.000 0.000 0.000 0.000 0.000 0.000 0.000 0.000 0.000 0.000 0.000 0.000 0.000 0.000 0.000 0.000 0.000 0.000 0.000 0.000 0.000 0.000 0.000 0.000 0.000 0.001 0.001 0.001 0.001 0.001 0.001 0.007 0.007 0.006 0.010 0.011 0.013 0.000 0.000 0.000 0.000 0.000 0.000 0.000 0.000 0.000 0.000 0.000 0.000 0.000 0.000
0.000 0.000 0.000 0.000 0.000 0.000 0.000 0.000 0.000 0.000 0.000 0.000 0.000 0.000 0.000 0.000 0.000 0.000 0.000 0.000 0.000 0.000 0.000 0.000 0.000 0.000 0.000 0.000 0.000 0.000 0.000 0.000 0.000 0.000 0.000 0.000 0.000 0.000 0.000 0.000 0.000 0.000 0.000 0.000 0.000 0.000 0.000 0.000 0.000 0.000 0.000 0.000 0.001 0.002 0.003 0.002 0.001 0.001 0.007 0.006 0.007 0.007 0.009 0.010 0.000 0.000 0.000 0.000 0.000 0.000 0.000 0.000 0.000 0.000 0.000 0.000 0.000
0.000 0.000 0.000 0.000 0.000 0.000 0.000 0.000 0.000 0.000 0.000 0.000 0.000 0.000 0.000 0.000 0.000 0.000 0.000 0.000 0.000 0.000 0.000 0.000 0.000 0.000 0.000 0.000 0.000 0.000 0.000 0.000 0.000 0.000 0.000 0.000 0.000 0.000 0.000 0.000 0.000 0.000 0.000 0.000 0.000 0.000 0.000 0.000 0.000 0.000 0.000 0.000 0.001 0.003 0.003 0.003 0.002 0.001 0.001 0.005 0.004 0.004 0.006 0.007 0.008 0.000 0.000 0.000 0.000 0.000 0.000 0.000 0.000 0.000 0.000 0.000 0.000
