数据/2hours/0.1-2h-30y/coupled-179-0001.wd
ncols         694
nrows         824
xllcorner     581104.939801
yllcorner     3495917.092414
cellsize      2.000000
NODATA_value  -9999.000000
[rows 714 to 747 of 824, columns 154 to 230 of 694]
0.000 0.000 0.000 0.000 0.000 0.000 0.000 0.002 0.003 0.004 0.005 0.006 0.007 0.007 0.007 0.008 0.008 0.007 0.007 0.006 0.001 0.000 0.048 0.042 0.033 0.022 0.016 0.012 0.007 0.004 0.001 0.001 0.000 0.000 0.000 0.000 0.000 0.000 0.000 0.000 0.000 0.000 0.001 0.001 0.001 0.001 0.001 0.001 0.001 0.000 0.000 0.000 0.000 0.000 0.000 0.000 0.000 0.000 0.046 0.057 0.070 0.069 0.047 0.029 0.038 0.001 0.001 0.001 0.000 0.000 0.000 0.000 0.000 0.000 0.000 0.000 0.000
0.000 0.000 0.000 0.000 0.000 0.000 0.002 0.003 0.004 0.005 0.006 0.007 0.007 0.008 0.008 0.008 0.009 0.009 0.009 0.008 0.008 0.007 0.001 0.062 0.057 0.046 0.032 0.027 0.018 0.012 0.007 0.004 0.001 0.001 0.000 0.000 0.000 0.000 0.000 0.000 0.000 0.001 0.001 0.001 0.001 0.001 0.001 0.002 0.013 0.000 0.000 0.000 0.000 0.000 0.000 0.000 0.000 0.000 0.112 0.109 0.086 0.062 0.038 0.033 0.041 0.001 0.001 0.001 0.000 0.000 0.000 0.000 0.000 0.000 0.000 0.000 0.000
0.000 0.000 0.000 0.000 0.000 0.001 0.003 0.004 0.005 0.006 0.007 0.007 0.008 0.008 0.009 0.009 0.009 0.010 0.010 0.010 0.010 0.010 0.009 0.001 0.001 0.076 0.064 0.048 0.029 0.022 0.015 0.011 0.007 0.004 0.001 0.000 0.000 0.000 0.000 0.000 0.001 0.001 0.001 0.001 0.023 0.041 0.050 0.062 0.074 0.000 0.000 0.000 0.000 0.000 0.000 0.000 0.000 0.147 0.124 0.102 0.079 0.056 0.028 0.034 0.044 0.044 0.001 0.001 0.001 0.000 0.000 0.000 0.000 0.000 0.000 0.000 0.000
0.000 0.000 0.000 0.000 0.000 0.002 0.004 0.005 0.006 0.007 0.007 0.008 0.008 0.009 0.009 0.010 0.010 0.010 0.011 0.011 0.012 0.012 0.013 0.014 0.016 0.001 0.091 0.076 0.056 0.034 0.026 0.022 0.016 0.011 0.007 0.003 0.001 0.000 0.000 0.000 0.001 0.001 0.001 0.010 0.063 0.103 0.114 0.125 0.000 0.000 0.000 0.000 0.000 0.000 0.000 0.000 0.000 0.139 0.116 0.092 0.070 0.048 0.027 0.036 0.047 0.059 0.002 0.001 0.001 0.000 0.000 0.000 0.000 0.000 0.000 0.000 0.000
0.000 0.000 0.000 0.000 0.001 0.003 0.005 0.006 0.006 0.007 0.008 0.008 0.009 0.009 0.010 0.010 0.010 0.011 0.011 0.012 0.013 0.014 0.016 0.019 0.024 0.036 0.001 0.097 0.082 0.057 0.041 0.037 0.027 0.020 0.014 0.009 0.005 0.002 0.000 0.001 0.001 0.001 0.001 0.049 0.106 0.162 0.178 0.190 0.000 0.000 0.000 0.000 0.000 0.000 0.000 0.000 0.000 0.131 0.110 0.084 0.059 0.039 0.031 0.039 0.049 0.060 0.044 0.001 0.000 0.000 0.000 0.000 0.000 0.000 0.000 0.000 0.000
0.000 0.000 0.000 0.000 0.001 0.003 0.005 0.006 0.007 0.007 0.008 0.008 0.009 0.009 0.010 0.010 0.011 0.011 0.012 0.012 0.013 0.014 0.016 0.018 0.021 0.025 0.016 0.001 0.001 0.065 0.056 0.047 0.036 0.029 0.023 0.018 0.014 0.011 0.008 0.002 0.002 0.002 0.037 0.092 0.148 0.205 0.242 0.253 0.000 0.000 0.000 0.000 0.000 0.000 0.000 0.000 0.000 0.122 0.102 0.076 0.050 0.031 0.038 0.044 0.054 0.063 0.073 0.005 0.000 0.000 0.000 0.000 0.000 0.000 0.000 0.000 0.000
0.000 0.000 0.000 0.000 0.001 0.003 0.005 0.006 0.007 0.008 0.008 0.009 0.009 0.010 0.010 0.010 0.011 0.011 0.012 0.013 0.013 0.014 0.016 0.017 0.018 0.019 0.015 0.011 0.008 0.001 0.069 0.060 0.052 0.038 0.034 0.033 0.030 0.029 0.030 0.000 0.000 0.024 0.079 0.135 0.191 0.248 0.304 0.317 0.327 0.305 0.000 0.000 0.000 0.000 0.000 0.000 0.131 0.113 0.093 0.063 0.044 0.031 0.042 0.051 0.059 0.067 0.075 0.047 0.000 0.000 0.000 0.000 0.000 0.000 0.000 0.000 0.000
0.000 0.000 0.000 0.000 0.001 0.003 0.005 0.006 0.007 0.008 0.008 0.009 0.009 0.010 0.010 0.011 0.011 0.012 0.012 0.013 0.013 0.014 0.015 0.016 0.016 0.016 0.014 0.012 0.010 0.007 0.000 0.074 0.067 0.054 0.051 0.050 0.049 0.048 0.000 0.000 0.000 0.000 0.119 0.177 0.233 0.290 0.344 0.342 0.318 0.295 0.272 0.248 0.000 0.000 0.000 0.000 0.127 0.106 0.083 0.053 0.035 0.033 0.044 0.055 0.062 0.069 0.078 0.000 0.000 0.000 0.000 0.000 0.000 0.000 0.000 0.000 0.000
0.000 0.000 0.000 0.000 0.001 0.003 0.005 0.006 0.007 0.008 0.008 0.009 0.009 0.010 0.010 0.011 0.011 0.012 0.012 0.013 0.013 0.014 0.014 0.015 0.015 0.015 0.014 0.012 0.011 0.009 0.006 0.001 0.000 0.073 0.071 0.069 0.068 0.000 0.000 0.000 0.000 0.000 0.000 0.218 0.275 0.298 0.320 0.000 0.000 0.286 0.262 0.239 0.215 0.190 0.000 0.000 0.123 0.096 0.067 0.046 0.030 0.038 0.047 0.057 0.064 0.072 0.080 0.000 0.000 0.000 0.000 0.000 0.000 0.000 0.000 0.000 0.000
0.000 0.000 0.000 0.000 0.001 0.003 0.005 0.006 0.007 0.008 0.008 0.009 0.009 0.010 0.010 0.011 0.011 0.011 0.012 0.012 0.013 0.013 0.014 0.014 0.014 0.014 0.013 0.012 0.011 0.009 0.008 0.006 0.005 0.001 0.090 0.086 0.000 0.000 0.000 0.000 0.000 0.000 0.000 0.231 0.253 0.274 0.296 0.000 0.000 0.000 0.000 0.230 0.206 0.183 0.159 0.135 0.112 0.084 0.058 0.040 0.032 0.038 0.048 0.058 0.067 0.075 0.084 0.000 0.000 0.000 0.000 0.000 0.000 0.000 0.000 0.000 0.000
0.000 0.000 0.000 0.000 0.001 0.003 0.005 0.006 0.007 0.008 0.008 0.009 0.009 0.010 0.010 0.011 0.011 0.011 0.012 0.012 0.012 0.013 0.013 0.013 0.013 0.013 0.012 0.012 0.011 0.010 0.009 0.007 0.006 0.005 0.000 0.102 0.097 0.000 0.000 0.000 0.000 0.000 0.000 0.207 0.229 0.251 0.272 0.285 0.000 0.000 0.000 0.000 0.000 0.175 0.148 0.124 0.101 0.078 0.052 0.028 0.036 0.043 0.051 0.061 0.071 0.080 0.000 0.000 0.000 0.000 0.000 0.000 0.000 0.000 0.000 0.000 0.000
0.000 0.000 0.000 0.000 0.001 0.003 0.005 0.006 0.007 0.008 0.008 0.009 0.009 0.010 0.010 0.010 0.011 0.011 0.011 0.012 0.012 0.012 0.012 0.012 0.012 0.012 0.012 0.011 0.010 0.010 0.009 0.008 0.007 0.006 0.004 0.001 0.114 0.113 0.000 0.000 0.000 0.000 0.000 0.000 0.205 0.000 0.000 0.266 0.255 0.000 0.000 0.000 0.000 0.000 0.000 0.115 0.091 0.068 0.043 0.029 0.036 0.045 0.054 0.064 0.075 0.084 0.000 0.000 0.000 0.000 0.000 0.000 0.000 0.000 0.000 0.000 0.000
0.000 0.000 0.000 0.000 0.001 0.003 0.005 0.006 0.007 0.007 0.008 0.009 0.009 0.009 0.010 0.010 0.011 0.011 0.011 0.011 0.012 0.012 0.012 0.012 0.012 0.012 0.011 0.011 0.010 0.010 0.009 0.008 0.007 0.007 0.005 0.004 0.000 0.133 0.153 0.000 0.000 0.000 0.000 0.000 0.000 0.000 0.000 0.000 0.236 0.000 0.000 0.000 0.000 0.000 0.133 0.108 0.084 0.064 0.036 0.030 0.041 0.050 0.059 0.069 0.079 0.089 0.000 0.000 0.000 0.000 0.000 0.000 0.000 0.000 0.000 0.000 0.000
0.000 0.000 0.000 0.000 0.001 0.003 0.005 0.006 0.006 0.007 0.008 0.008 0.009 0.009 0.010 0.010 0.010 0.011 0.011 0.011 0.011 0.011 0.012 0.012 0.011 0.011 0.011 0.011 0.010 0.010 0.009 0.008 0.008 0.007 0.006 0.005 0.003 0.001 0.127 0.146 0.000 0.000 0.000 0.000 0.000 0.000 0.000 0.000 0.216 0.000 0.000 0.000 0.000 0.000 0.123 0.099 0.074 0.049 0.027 0.036 0.047 0.054 0.063 0.074 0.084 0.000 0.000 0.000 0.000 0.000 0.000 0.000 0.000 0.000 0.000 0.000 0.000
0.000 0.000 0.000 0.000 0.000 0.002 0.004 0.005 0.006 0.007 0.007 0.008 0.008 0.009 0.009 0.010 0.010 0.010 0.011 0.011 0.011 0.011 0.011 0.011 0.011 0.011 0.011 0.010 0.010 0.009 0.009 0.008 0.008 0.007 0.006 0.005 0.003 0.001 0.000 0.118 0.133 0.000 0.000 0.000 0.000 0.000 0.000 0.202 0.197 0.000 0.000 0.000 0.000 0.133 0.113 0.091 0.067 0.046 0.029 0.038 0.048 0.058 0.068 0.078 0.087 0.094 0.102 0.000 0.000 0.000 0.000 0.000 0.000 0.000 0.000 0.000 0.000
0.000 0.000 0.000 0.000 0.000 0.001 0.003 0.004 0.005 0.006 0.007 0.008 0.008 0.009 0.009 0.009 0.010 0.010 0.010 0.010 0.011 0.011 0.011 0.011 0.011 0.010 0.010 0.010 0.009 0.009 0.009 0.008 0.007 0.007 0.006 0.005 0.003 0.001 0.000 0.000 0.103 0.117 0.000 0.000 0.000 0.000 0.000 0.000 0.000 0.000 0.000 0.000 0.000 0.113 0.101 0.082 0.058 0.035 0.036 0.045 0.055 0.064 0.074 0.083 0.090 0.098 0.107 0.118 0.128 0.000 0.000 0.000 0.000 0.000 0.000 0.000 0.000
0.000 0.000 0.000 0.000 0.000 0.000 0.002 0.003 0.004 0.005 0.006 0.007 0.008 0.008 0.009 0.009 0.009 0.010 0.010 0.010 0.010 0.010 0.010 0.010 0.010 0.010 0.010 0.010 0.009 0.009 0.008 0.008 0.007 0.007 0.006 0.005 0.003 0.001 0.000 0.000 0.000 0.087 0.101 0.120 0.000 0.000 0.000 0.000 0.000 0.000 0.000 0.000 0.109 0.095 0.082 0.070 0.049 0.032 0.042 0.051 0.060 0.069 0.077 0.086 0.094 0.101 0.110 0.120 0.131 0.141 0.150 0.000 0.000 0.000 0.000 0.000 0.000
0.000 0.000 0.000 0.000 0.000 0.000 0.000 0.002 0.003 0.004 0.005 0.006 0.007 0.008 0.008 0.009 0.009 0.009 0.009 0.010 0.010 0.010 0.010 0.010 0.010 0.010 0.009 0.009 0.009 0.008 0.008 0.007 0.007 0.006 0.005 0.004 0.002 0.000 0.000 0.000 0.000 0.000 0.076 0.095 0.114 0.000 0.000 0.000 0.000 0.000 0.000 0.000 0.091 0.077 0.065 0.052 0.039 0.035 0.042 0.050 0.060 0.070 0.078 0.088 0.097 0.105 0.114 0.124 0.135 0.145 0.152 0.162 0.113 0.000 0.000 0.000 0.000
0.000 0.000 0.000 0.000 0.000 0.000 0.000 0.000 0.002 0.003 0.004 0.005 0.006 0.007 0.008 0.008 0.008 0.009 0.009 0.009 0.009 0.009 0.009 0.009 0.009 0.009 0.009 0.009 0.008 0.008 0.008 0.007 0.006 0.005 0.004 0.003 0.001 0.000 0.000 0.000 0.000 0.000 0.000 0.069 0.088 0.108 0.000 0.000 0.000 0.000 0.000 0.079 0.068 0.055 0.042 0.028 0.026 0.032 0.040 0.050 0.060 0.070 0.080 0.090 0.100 0.000 0.000 0.000 0.139 0.149 0.157 0.166 0.158 0.072 0.006 0.000 0.000
0.000 0.000 0.000 0.000 0.000 0.000 0.000 0.000 0.000 0.002 0.003 0.004 0.005 0.006 0.007 0.008 0.008 0.008 0.009 0.009 0.009 0.009 0.009 0.009 0.009 0.009 0.009 0.008 0.008 0.008 0.007 0.006 0.005 0.004 0.003 0.002 0.000 0.000 0.000 0.000 0.000 0.000 0.000 0.000 0.063 0.082 0.101 0.000 0.000 0.000 0.000 0.060 0.048 0.036 0.028 0.028 0.028 0.031 0.040 0.049 0.059 0.069 0.079 0.089 0.099 0.000 0.000 0.000 0.000 0.000 0.159 0.169 0.178 0.117 0.078 0.041 0.000
0.000 0.000 0.000 0.000 0.000 0.000 0.000 0.000 0.000 0.000 0.002 0.003 0.004 0.005 0.006 0.007 0.007 0.008 0.008 0.008 0.008 0.008 0.008 0.008 0.008 0.008 0.008 0.008 0.007 0.007 0.006 0.005 0.004 0.003 0.002 0.000 0.000 0.000 0.000 0.000 0.000 0.000 0.000 0.000 0.040 0.057 0.075 0.093 0.000 0.077 0.063 0.046 0.033 0.032 0.031 0.030 0.031 0.030 0.039 0.047 0.058 0.068 0.078 0.088 0.000 0.000 0.000 0.000 0.000 0.000 0.000 0.170 0.180 0.187 0.149 0.111 0.000
0.000 0.000 0.000 0.000 0.000 0.000 0.000 0.000 0.000 0.000 0.000 0.002 0.003 0.004 0.005 0.006 0.007 0.007 0.007 0.008 0.008 0.008 0.008 0.008 0.008 0.008 0.007 0.007 0.007 0.006 0.005 0.004 0.003 0.002 0.000 0.000 0.000 0.000 0.000 0.000 0.000 0.000 0.000 0.000 0.000 0.036 0.050 0.065 0.078 0.060 0.044 0.036 0.034 0.033 0.031 0.030 0.030 0.031 0.037 0.044 0.055 0.066 0.076 0.000 0.000 0.000 0.000 0.000 0.000 0.000 0.000 0.000 0.000 0.193 0.190 0.183 0.145
0.000 0.000 0.000 0.000 0.000 0.000 0.000 0.000 0.000 0.000 0.000 0.000 0.002 0.003 0.004 0.005 0.006 0.006 0.007 0.007 0.007 0.007 0.007 0.007 0.007 0.007 0.007 0.006 0.006 0.005 0.004 0.003 0.002 0.000 0.000 0.000 0.000 0.000 0.000 0.000 0.000 0.000 0.000 0.000 0.000 0.000 0.026 0.039 0.052 0.042 0.038 0.035 0.034 0.033 0.032 0.030 0.028 0.028 0.035 0.043 0.052 0.063 0.075 0.000 0.000 0.000 0.000 0.000 0.000 0.000 0.000 0.000 0.000 0.000 0.000 0.194 0.189
0.000 0.000 0.000 0.000 0.000 0.000 0.000 0.000 0.000 0.000 0.000 0.000 0.000 0.002 0.003 0.004 0.005 0.006 0.006 0.006 0.006 0.006 0.006 0.006 0.006 0.006 0.006 0.006 0.005 0.004 0.003 0.002 0.000 0.000 0.000 0.000 0.000 0.000 0.000 0.000 0.000 0.000 0.000 0.000 0.000 0.000 0.000 0.013 0.028 0.039 0.037 0.034 0.033 0.033 0.032 0.031 0.030 0.028 0.032 0.041 0.051 0.061 0.000 0.000 0.000 0.000 0.000 0.000 0.000 0.000 0.000 0.000 0.000 0.000 0.000 0.000 0.000
0.000 0.000 0.000 0.000 0.000 0.000 0.000 0.000 0.000 0.000 0.000 0.000 0.000 0.000 0.002 0.003 0.004 0.005 0.005 0.005 0.005 0.005 0.005 0.005 0.005 0.005 0.005 0.005 0.004 0.003 0.002 0.000 0.000 0.000 0.000 0.000 0.000 0.000 0.000 0.000 0.000 0.000 0.000 0.000 0.000 0.000 0.000 0.000 0.005 0.022 0.035 0.034 0.033 0.033 0.032 0.031 0.031 0.029 0.030 0.039 0.048 0.057 0.000 0.000 0.000 0.000 0.000 0.000 0.000 0.000 0.000 0.000 0.000 0.000 0.000 0.000 0.000
0.000 0.000 0.000 0.000 0.000 0.000 0.000 0.000 0.000 0.000 0.000 0.000 0.000 0.000 0.000 0.001 0.002 0.003 0.003 0.003 0.003 0.003 0.003 0.003 0.003 0.003 0.003 0.003 0.002 0.001 0.000 0.000 0.000 0.000 0.000 0.000 0.000 0.000 0.000 0.000 0.000 0.000 0.000 0.000 0.000 0.000 0.000 0.000 0.000 0.003 0.019 0.032 0.031 0.030 0.030 0.029 0.027 0.027 0.028 0.038 0.047 0.000 0.000 0.000 0.000 0.000 0.000 0.000 0.000 0.000 0.000 0.000 0.000 0.000 0.000 0.000 0.000
0.000 0.000 0.000 0.000 0.000 0.000 0.000 0.000 0.000 0.000 0.000 0.000 0.000 0.000 0.000 0.000 0.000 0.001 0.001 0.001 0.001 0.001 0.001 0.001 0.001 0.001 0.001 0.001 0.000 0.000 0.000 0.000 0.000 0.000 0.000 0.000 0.000 0.000 0.000 0.000 0.000 0.000 0.000 0.000 0.000 0.000 0.000 0.000 0.000 0.000 0.001 0.016 0.030 0.028 0.027 0.026 0.024 0.024 0.024 0.035 0.046 0.000 0.000 0.000 0.000 0.000 0.000 0.000 0.000 0.000 0.000 0.000 0.000 0.000 0.000 0.000 0.000
0.000 0.000 0.000 0.000 0.000 0.000 0.000 0.000 0.000 0.000 0.000 0.000 0.000 0.000 0.000 0.000 0.000 0.000 0.000 0.000 0.000 0.000 0.000 0.000 0.000 0.000 0.000 0.000 0.000 0.000 0.000 0.000 0.000 0.000 0.000 0.000 0.000 0.000 0.000 0.000 0.000 0.000 0.000 0.000 0.000 0.000 0.000 0.000 0.000 0.000 0.001 0.001 0.014 0.027 0.025 0.022 0.020 0.021 0.022 0.032 0.000 0.000 0.000 0.000 0.000 0.000 0.000 0.000 0.000 0.000 0.000 0.000 0.000 0.000 0.000 0.000 0.000
0.000 0.000 0.000 0.000 0.000 0.000 0.000 0.000 0.000 0.000 0.000 0.000 0.000 0.000 0.000 0.000 0.000 0.000 0.000 0.000 0.000 0.000 0.000 0.000 0.000 0.000 0.000 0.000 0.000 0.000 0.000 0.000 0.000 0.000 0.000 0.000 0.000 0.000 0.000 0.000 0.000 0.000 0.000 0.000 0.000 0.000 0.000 0.000 0.000 0.000 0.000 0.001 0.001 0.010 0.022 0.018 0.000 0.015 0.018 0.000 0.000 0.000 0.000 0.000 0.000 0.000 0.000 0.000 0.000 0.000 0.000 0.000 0.000 0.000 0.000 0.000 0.000
0.000 0.000 0.000 0.000 0.000 0.000 0.000 0.000 0.000 0.000 0.000 0.000 0.000 0.000 0.000 0.000 0.000 0.000 0.000 0.000 0.000 0.000 0.000 0.000 0.000 0.000 0.000 0.000 0.000 0.000 0.000 0.000 0.000 0.000 0.000 0.000 0.000 0.000 0.000 0.000 0.000 0.000 0.000 0.000 0.000 0.000 0.000 0.000 0.000 0.000 0.000 0.001 0.001 0.001 0.005 0.015 0.011 0.012 0.013 0.014 0.000 0.000 0.000 0.000 0.000 0.000 0.000 0.000 0.000 0.000 0.000 0.000 0.000 0.000 0.000 0.000 0.000
0.000 0.000 0.000 0.000 0.000 0.000 0.000 0.000 0.000 0.000 0.000 0.000 0.000 0.000 0.000 0.000 0.000 0.000 0.000 0.000 0.000 0.000 0.000 0.000 0.000 0.000 0.000 0.000 0.000 0.000 0.000 0.000 0.000 0.000 0.000 0.000 0.000 0.000 0.000 0.000 0.000 0.000 0.000 0.000 0.000 0.000 0.000 0.000 0.000 0.000 0.000 0.001 0.001 0.001 0.001 0.002 0.012 0.010 0.011 0.011 0.015 0.000 0.000 0.000 0.000 0.000 0.000 0.000 0.000 0.000 0.000 0.000 0.000 0.000 0.000 0.000 0.000
0.000 0.000 0.000 0.000 0.000 0.000 0.000 0.000 0.000 0.000 0.000 0.000 0.000 0.000 0.000 0.000 0.000 0.000 0.000 0.000 0.000 0.000 0.000 0.000 0.000 0.000 0.000 0.000 0.000 0.000 0.000 0.000 0.000 0.000 0.000 0.000 0.000 0.000 0.000 0.000 0.000 0.000 0.000 0.000 0.000 0.000 0.000 0.000 0.000 0.000 0.000 0.001 0.001 0.001 0.001 0.001 0.001 0.010 0.009 0.007 0.011 0.011 0.013 0.000 0.000 0.000 0.000 0.000 0.000 0.000 0.000 0.000 0.000 0.000 0.000 0.000 0.000
0.000 0.000 0.000 0.000 0.000 0.000 0.000 0.000 0.000 0.000 0.000 0.000 0.000 0.000 0.000 0.000 0.000 0.000 0.000 0.000 0.000 0.000 0.000 0.000 0.000 0.000 0.000 0.000 0.000 0.000 0.000 0.000 0.000 0.000 0.000 0.000 0.000 0.000 0.000 0.000 0.000 0.000 0.000 0.000 0.000 0.000 0.000 0.000 0.000 0.000 0.000 0.000 0.001 0.002 0.003 0.002 0.001 0.001 0.008 0.007 0.008 0.007 0.009 0.011 0.000 0.000 0.000 0.000 0.000 0.000 0.000 0.000 0.000 0.000 0.000 0.000 0.000
0.000 0.000 0.000 0.000 0.000 0.000 0.000 0.000 0.000 0.000 0.000 0.000 0.000 0.000 0.000 0.000 0.000 0.000 0.000 0.000 0.000 0.000 0.000 0.000 0.000 0.000 0.000 0.000 0.000 0.000 0.000 0.000 0.000 0.000 0.000 0.000 0.000 0.000 0.000 0.000 0.000 0.000 0.000 0.000 0.000 0.000 0.000 0.000 0.000 0.000 0.000 0.000 0.001 0.003 0.003 0.003 0.002 0.001 0.001 0.005 0.004 0.005 0.007 0.008 0.009 0.000 0.000 0.000 0.000 0.000 0.000 0.000 0.000 0.000 0.000 0.000 0.000
