数据/2hours/0.1-2h-30y/coupled-134-0001.wd
ncols         694
nrows         824
xllcorner     581104.939801
yllcorner     3495917.092414
cellsize      2.000000
NODATA_value  -9999.000000
[rows 714 to 747 of 824, columns 154 to 230 of 694]
0.000 0.000 0.000 0.000 0.000 0.000 0.000 0.002 0.003 0.004 0.005 0.006 0.007 0.008 0.009 0.009 0.009 0.009 0.009 0.008 0.001 0.001 0.072 0.066 0.050 0.035 0.030 0.027 0.020 0.016 0.012 0.010 0.000 0.000 0.000 0.000 0.000 0.000 0.000 0.000 0.000 0.000 0.001 0.002 0.022 0.033 0.043 0.053 0.063 0.000 0.000 0.000 0.000 0.000 0.000 0.000 0.000 0.000 0.163 0.173 0.185 0.185 0.162 0.141 0.151 0.066 0.001 0.001 0.000 0.000 0.000 0.000 0.000 0.000 0.000 0.000 0.000
0.000 0.000 0.000 0.000 0.000 0.000 0.002 0.003 0.004 0.005 0.006 0.007 0.008 0.009 0.010 0.010 0.011 0.011 0.011 0.011 0.011 0.010 0.001 0.089 0.084 0.072 0.050 0.045 0.035 0.029 0.024 0.018 0.017 0.014 0.000 0.000 0.000 0.000 0.000 0.000 0.000 0.001 0.001 0.040 0.082 0.093 0.105 0.116 0.126 0.000 0.000 0.000 0.000 0.000 0.000 0.000 0.000 0.000 0.225 0.221 0.197 0.175 0.152 0.143 0.152 0.107 0.017 0.001 0.000 0.000 0.000 0.000 0.000 0.000 0.000 0.000 0.000
0.000 0.000 0.000 0.000 0.000 0.001 0.003 0.004 0.005 0.006 0.007 0.008 0.009 0.010 0.011 0.011 0.012 0.013 0.013 0.014 0.014 0.015 0.014 0.001 0.001 0.115 0.098 0.076 0.050 0.043 0.037 0.031 0.032 0.025 0.022 0.000 0.000 0.000 0.000 0.000 0.001 0.001 0.026 0.079 0.136 0.155 0.167 0.178 0.190 0.000 0.000 0.000 0.000 0.000 0.000 0.000 0.000 0.257 0.234 0.212 0.188 0.164 0.142 0.146 0.154 0.152 0.067 0.001 0.001 0.000 0.000 0.000 0.000 0.000 0.000 0.000 0.000
0.000 0.000 0.000 0.000 0.000 0.002 0.004 0.005 0.006 0.007 0.008 0.009 0.010 0.011 0.011 0.012 0.013 0.014 0.015 0.016 0.017 0.019 0.020 0.022 0.026 0.004 0.138 0.116 0.086 0.059 0.053 0.049 0.046 0.040 0.036 0.033 0.031 0.000 0.000 0.000 0.001 0.011 0.065 0.122 0.178 0.219 0.229 0.240 0.000 0.000 0.000 0.000 0.000 0.000 0.000 0.000 0.000 0.248 0.224 0.201 0.179 0.155 0.138 0.146 0.155 0.165 0.107 0.022 0.001 0.000 0.000 0.000 0.000 0.000 0.000 0.000 0.000
0.000 0.000 0.000 0.000 0.001 0.003 0.005 0.006 0.007 0.008 0.009 0.009 0.010 0.011 0.012 0.013 0.014 0.015 0.016 0.017 0.019 0.021 0.025 0.031 0.041 0.060 0.004 0.145 0.120 0.089 0.071 0.070 0.061 0.055 0.051 0.046 0.044 0.042 0.000 0.006 0.009 0.053 0.107 0.164 0.220 0.277 0.291 0.303 0.000 0.000 0.000 0.000 0.000 0.000 0.000 0.000 0.000 0.239 0.215 0.192 0.168 0.144 0.141 0.150 0.158 0.167 0.153 0.069 0.000 0.000 0.000 0.000 0.000 0.000 0.000 0.000 0.000
0.000 0.000 0.000 0.000 0.001 0.003 0.005 0.006 0.007 0.008 0.009 0.010 0.011 0.012 0.012 0.013 0.014 0.015 0.017 0.018 0.020 0.022 0.025 0.030 0.035 0.041 0.027 0.001 0.000 0.100 0.091 0.084 0.076 0.072 0.067 0.064 0.061 0.060 0.055 0.039 0.053 0.094 0.150 0.205 0.262 0.317 0.353 0.365 0.000 0.000 0.000 0.000 0.000 0.000 0.000 0.000 0.000 0.230 0.207 0.183 0.159 0.134 0.143 0.152 0.163 0.171 0.180 0.110 0.000 0.000 0.000 0.000 0.000 0.000 0.000 0.000 0.000
0.000 0.000 0.000 0.000 0.001 0.003 0.005 0.006 0.007 0.008 0.009 0.010 0.011 0.012 0.013 0.014 0.015 0.016 0.017 0.018 0.020 0.022 0.024 0.027 0.030 0.031 0.025 0.018 0.012 0.001 0.107 0.101 0.095 0.086 0.084 0.081 0.081 0.079 0.078 0.000 0.000 0.134 0.191 0.248 0.304 0.360 0.416 0.427 0.437 0.414 0.000 0.000 0.000 0.000 0.000 0.000 0.245 0.222 0.197 0.171 0.149 0.137 0.146 0.154 0.164 0.175 0.185 0.155 0.000 0.000 0.000 0.000 0.000 0.000 0.000 0.000 0.000
0.000 0.000 0.000 0.000 0.001 0.003 0.005 0.006 0.007 0.008 0.009 0.010 0.011 0.012 0.013 0.014 0.015 0.016 0.017 0.018 0.020 0.021 0.023 0.025 0.026 0.026 0.023 0.019 0.015 0.010 0.001 0.117 0.113 0.105 0.103 0.102 0.099 0.097 0.000 0.000 0.000 0.000 0.234 0.290 0.346 0.402 0.457 0.452 0.427 0.403 0.379 0.355 0.000 0.000 0.000 0.000 0.236 0.212 0.188 0.165 0.140 0.140 0.150 0.158 0.169 0.178 0.187 0.000 0.000 0.000 0.000 0.000 0.000 0.000 0.000 0.000 0.000
0.000 0.000 0.000 0.000 0.001 0.003 0.005 0.006 0.007 0.008 0.009 0.010 0.011 0.012 0.013 0.014 0.015 0.016 0.017 0.018 0.019 0.020 0.021 0.022 0.023 0.022 0.021 0.018 0.016 0.013 0.009 0.001 0.000 0.125 0.123 0.122 0.122 0.000 0.000 0.000 0.000 0.000 0.000 0.333 0.388 0.411 0.433 0.000 0.000 0.394 0.370 0.346 0.321 0.296 0.000 0.000 0.226 0.201 0.178 0.153 0.134 0.143 0.151 0.160 0.170 0.180 0.190 0.000 0.000 0.000 0.000 0.000 0.000 0.000 0.000 0.000 0.000
0.000 0.000 0.000 0.000 0.001 0.003 0.005 0.006 0.007 0.008 0.009 0.010 0.011 0.012 0.013 0.014 0.014 0.015 0.016 0.017 0.018 0.019 0.020 0.021 0.021 0.020 0.019 0.017 0.015 0.013 0.011 0.008 0.006 0.001 0.145 0.140 0.000 0.000 0.000 0.000 0.000 0.000 0.000 0.345 0.367 0.388 0.410 0.000 0.000 0.000 0.000 0.336 0.312 0.287 0.262 0.238 0.214 0.190 0.168 0.143 0.134 0.146 0.156 0.164 0.173 0.182 0.192 0.000 0.000 0.000 0.000 0.000 0.000 0.000 0.000 0.000 0.000
0.000 0.000 0.000 0.000 0.001 0.003 0.005 0.006 0.007 0.008 0.009 0.010 0.011 0.012 0.013 0.013 0.014 0.015 0.016 0.016 0.017 0.018 0.019 0.019 0.019 0.019 0.018 0.016 0.015 0.013 0.011 0.010 0.008 0.005 0.000 0.156 0.150 0.000 0.000 0.000 0.000 0.000 0.000 0.321 0.343 0.365 0.387 0.401 0.000 0.000 0.000 0.000 0.000 0.278 0.254 0.227 0.204 0.180 0.163 0.133 0.136 0.147 0.158 0.165 0.175 0.184 0.000 0.000 0.000 0.000 0.000 0.000 0.000 0.000 0.000 0.000 0.000
0.000 0.000 0.000 0.000 0.001 0.003 0.005 0.006 0.007 0.008 0.009 0.010 0.011 0.012 0.012 0.013 0.014 0.014 0.015 0.016 0.016 0.017 0.017 0.018 0.018 0.017 0.016 0.015 0.014 0.013 0.012 0.010 0.009 0.007 0.005 0.000 0.166 0.165 0.000 0.000 0.000 0.000 0.000 0.000 0.320 0.000 0.000 0.382 0.370 0.000 0.000 0.000 0.000 0.000 0.000 0.214 0.191 0.169 0.146 0.130 0.139 0.149 0.159 0.168 0.177 0.186 0.000 0.000 0.000 0.000 0.000 0.000 0.000 0.000 0.000 0.000 0.000
0.000 0.000 0.000 0.000 0.001 0.003 0.005 0.006 0.007 0.008 0.009 0.010 0.010 0.011 0.012 0.013 0.013 0.014 0.015 0.015 0.016 0.016 0.016 0.016 0.016 0.016 0.015 0.015 0.014 0.013 0.011 0.010 0.009 0.008 0.006 0.004 0.000 0.184 0.204 0.000 0.000 0.000 0.000 0.000 0.000 0.000 0.000 0.000 0.350 0.000 0.000 0.000 0.000 0.000 0.222 0.200 0.179 0.155 0.134 0.131 0.138 0.148 0.159 0.168 0.177 0.189 0.000 0.000 0.000 0.000 0.000 0.000 0.000 0.000 0.000 0.000 0.000
0.000 0.000 0.000 0.000 0.001 0.003 0.005 0.006 0.007 0.008 0.008 0.009 0.010 0.011 0.012 0.012 0.013 0.013 0.014 0.014 0.015 0.015 0.015 0.015 0.015 0.015 0.014 0.014 0.013 0.012 0.011 0.010 0.009 0.008 0.006 0.005 0.003 0.001 0.178 0.195 0.000 0.000 0.000 0.000 0.000 0.000 0.000 0.000 0.330 0.000 0.000 0.000 0.000 0.000 0.213 0.189 0.166 0.143 0.121 0.129 0.138 0.149 0.159 0.167 0.175 0.000 0.000 0.000 0.000 0.000 0.000 0.000 0.000 0.000 0.000 0.000 0.000
0.000 0.000 0.000 0.000 0.000 0.002 0.004 0.005 0.006 0.007 0.008 0.009 0.010 0.010 0.011 0.012 0.012 0.013 0.013 0.014 0.014 0.014 0.014 0.014 0.014 0.014 0.014 0.013 0.012 0.012 0.011 0.010 0.009 0.008 0.006 0.005 0.003 0.001 0.000 0.169 0.186 0.000 0.000 0.000 0.000 0.000 0.000 0.317 0.312 0.000 0.000 0.000 0.000 0.222 0.202 0.178 0.155 0.131 0.121 0.128 0.139 0.149 0.159 0.166 0.174 0.180 0.190 0.000 0.000 0.000 0.000 0.000 0.000 0.000 0.000 0.000 0.000
0.000 0.000 0.000 0.000 0.000 0.001 0.003 0.004 0.005 0.006 0.007 0.008 0.009 0.010 0.010 0.011 0.012 0.012 0.013 0.013 0.013 0.013 0.014 0.014 0.013 0.013 0.013 0.012 0.012 0.011 0.010 0.009 0.008 0.007 0.006 0.005 0.003 0.001 0.000 0.000 0.158 0.176 0.000 0.000 0.000 0.000 0.000 0.000 0.000 0.000 0.000 0.000 0.000 0.204 0.192 0.172 0.148 0.122 0.122 0.130 0.139 0.150 0.159 0.168 0.176 0.183 0.192 0.200 0.210 0.000 0.000 0.000 0.000 0.000 0.000 0.000 0.000
0.000 0.000 0.000 0.000 0.000 0.000 0.002 0.003 0.004 0.005 0.006 0.007 0.008 0.009 0.010 0.010 0.011 0.012 0.012 0.012 0.013 0.013 0.013 0.013 0.013 0.012 0.012 0.012 0.011 0.010 0.010 0.009 0.008 0.007 0.006 0.005 0.003 0.001 0.000 0.000 0.000 0.143 0.155 0.173 0.000 0.000 0.000 0.000 0.000 0.000 0.000 0.000 0.193 0.181 0.171 0.158 0.139 0.117 0.126 0.132 0.140 0.151 0.161 0.172 0.179 0.186 0.194 0.202 0.210 0.219 0.230 0.000 0.000 0.000 0.000 0.000 0.000
0.000 0.000 0.000 0.000 0.000 0.000 0.000 0.002 0.003 0.004 0.005 0.006 0.007 0.008 0.009 0.010 0.010 0.011 0.011 0.012 0.012 0.012 0.012 0.012 0.012 0.012 0.011 0.011 0.010 0.010 0.009 0.008 0.007 0.006 0.005 0.004 0.002 0.000 0.000 0.000 0.000 0.000 0.129 0.149 0.172 0.000 0.000 0.000 0.000 0.000 0.000 0.000 0.172 0.161 0.152 0.137 0.125 0.119 0.128 0.135 0.143 0.153 0.164 0.175 0.184 0.190 0.198 0.205 0.214 0.223 0.232 0.240 0.190 0.000 0.000 0.000 0.000
0.000 0.000 0.000 0.000 0.000 0.000 0.000 0.000 0.002 0.003 0.004 0.005 0.006 0.007 0.008 0.009 0.010 0.010 0.010 0.011 0.011 0.011 0.011 0.011 0.011 0.011 0.011 0.010 0.010 0.009 0.008 0.007 0.006 0.005 0.004 0.003 0.001 0.000 0.000 0.000 0.000 0.000 0.000 0.126 0.147 0.167 0.000 0.000 0.000 0.000 0.000 0.164 0.152 0.140 0.128 0.116 0.111 0.117 0.131 0.140 0.148 0.159 0.169 0.178 0.188 0.000 0.000 0.000 0.219 0.228 0.234 0.242 0.234 0.147 0.079 0.000 0.000
0.000 0.000 0.000 0.000 0.000 0.000 0.000 0.000 0.000 0.002 0.003 0.004 0.005 0.006 0.007 0.008 0.009 0.009 0.010 0.010 0.010 0.010 0.010 0.010 0.010 0.010 0.010 0.009 0.009 0.008 0.007 0.006 0.005 0.004 0.003 0.002 0.000 0.000 0.000 0.000 0.000 0.000 0.000 0.000 0.122 0.138 0.156 0.000 0.000 0.000 0.000 0.142 0.130 0.119 0.112 0.113 0.111 0.116 0.129 0.139 0.147 0.156 0.167 0.177 0.189 0.000 0.000 0.000 0.000 0.000 0.237 0.245 0.253 0.190 0.149 0.109 0.000
0.000 0.000 0.000 0.000 0.000 0.000 0.000 0.000 0.000 0.000 0.002 0.003 0.004 0.005 0.006 0.007 0.008 0.008 0.009 0.009 0.009 0.009 0.009 0.009 0.009 0.009 0.009 0.008 0.008 0.007 0.006 0.005 0.004 0.003 0.002 0.000 0.000 0.000 0.000 0.000 0.000 0.000 0.000 0.000 0.098 0.111 0.128 0.146 0.000 0.144 0.135 0.122 0.109 0.111 0.112 0.114 0.112 0.114 0.127 0.138 0.145 0.153 0.165 0.174 0.000 0.000 0.000 0.000 0.000 0.000 0.000 0.244 0.254 0.259 0.219 0.179 0.000
0.000 0.000 0.000 0.000 0.000 0.000 0.000 0.000 0.000 0.000 0.000 0.002 0.003 0.004 0.005 0.006 0.007 0.008 0.008 0.008 0.008 0.008 0.008 0.008 0.008 0.008 0.008 0.008 0.007 0.006 0.005 0.004 0.003 0.002 0.000 0.000 0.000 0.000 0.000 0.000 0.000 0.000 0.000 0.000 0.000 0.084 0.105 0.122 0.139 0.126 0.119 0.111 0.109 0.112 0.113 0.114 0.110 0.111 0.122 0.133 0.141 0.148 0.161 0.000 0.000 0.000 0.000 0.000 0.000 0.000 0.000 0.000 0.000 0.264 0.258 0.248 0.206
0.000 0.000 0.000 0.000 0.000 0.000 0.000 0.000 0.000 0.000 0.000 0.000 0.002 0.003 0.004 0.005 0.006 0.007 0.007 0.007 0.007 0.007 0.007 0.007 0.007 0.007 0.007 0.007 0.006 0.005 0.004 0.003 0.002 0.000 0.000 0.000 0.000 0.000 0.000 0.000 0.000 0.000 0.000 0.000 0.000 0.000 0.083 0.101 0.118 0.115 0.113 0.106 0.109 0.109 0.110 0.110 0.107 0.107 0.115 0.128 0.140 0.144 0.156 0.000 0.000 0.000 0.000 0.000 0.000 0.000 0.000 0.000 0.000 0.000 0.000 0.255 0.249
0.000 0.000 0.000 0.000 0.000 0.000 0.000 0.000 0.000 0.000 0.000 0.000 0.000 0.002 0.003 0.004 0.005 0.006 0.006 0.006 0.006 0.006 0.006 0.006 0.006 0.006 0.006 0.006 0.005 0.004 0.003 0.002 0.000 0.000 0.000 0.000 0.000 0.000 0.000 0.000 0.000 0.000 0.000 0.000 0.000 0.000 0.000 0.082 0.098 0.116 0.109 0.108 0.111 0.108 0.111 0.108 0.108 0.107 0.114 0.125 0.137 0.144 0.000 0.000 0.000 0.000 0.000 0.000 0.000 0.000 0.000 0.000 0.000 0.000 0.000 0.000 0.000
0.000 0.000 0.000 0.000 0.000 0.000 0.000 0.000 0.000 0.000 0.000 0.000 0.000 0.000 0.002 0.003 0.004 0.005 0.005 0.005 0.005 0.005 0.005 0.005 0.005 0.005 0.005 0.005 0.004 0.003 0.002 0.000 0.000 0.000 0.000 0.000 0.000 0.000 0.000 0.000 0.000 0.000 0.000 0.000 0.000 0.000 0.000 0.000 0.082 0.099 0.109 0.111 0.109 0.108 0.110 0.108 0.109 0.107 0.110 0.124 0.135 0.145 0.000 0.000 0.000 0.000 0.000 0.000 0.000 0.000 0.000 0.000 0.000 0.000 0.000 0.000 0.000
0.000 0.000 0.000 0.000 0.000 0.000 0.000 0.000 0.000 0.000 0.000 0.000 0.000 0.000 0.000 0.001 0.002 0.003 0.003 0.003 0.003 0.003 0.003 0.003 0.003 0.003 0.003 0.003 0.002 0.001 0.000 0.000 0.000 0.000 0.000 0.000 0.000 0.000 0.000 0.000 0.000 0.000 0.000 0.000 0.000 0.000 0.000 0.000 0.000 0.073 0.097 0.109 0.105 0.107 0.108 0.106 0.106 0.105 0.105 0.121 0.133 0.000 0.000 0.000 0.000 0.000 0.000 0.000 0.000 0.000 0.000 0.000 0.000 0.000 0.000 0.000 0.000
0.000 0.000 0.000 0.000 0.000 0.000 0.000 0.000 0.000 0.000 0.000 0.000 0.000 0.000 0.000 0.000 0.000 0.001 0.001 0.001 0.001 0.001 0.001 0.001 0.001 0.001 0.001 0.001 0.000 0.000 0.000 0.000 0.000 0.000 0.000 0.000 0.000 0.000 0.000 0.000 0.000 0.000 0.000 0.000 0.000 0.000 0.000 0.000 0.000 0.000 0.073 0.088 0.104 0.103 0.105 0.102 0.108 0.103 0.105 0.119 0.130 0.000 0.000 0.000 0.000 0.000 0.000 0.000 0.000 0.000 0.000 0.000 0.000 0.000 0.000 0.000 0.000
0.000 0.000 0.000 0.000 0.000 0.000 0.000 0.000 0.000 0.000 0.000 0.000 0.000 0.000 0.000 0.000 0.000 0.000 0.000 0.000 0.000 0.000 0.000 0.000 0.000 0.000 0.000 0.000 0.000 0.000 0.000 0.000 0.000 0.000 0.000 0.000 0.000 0.000 0.000 0.000 0.000 0.000 0.000 0.000 0.000 0.000 0.000 0.000 0.000 0.000 0.036 0.060 0.086 0.096 0.099 0.096 0.101 0.099 0.103 0.120 0.000 0.000 0.000 0.000 0.000 0.000 0.000 0.000 0.000 0.000 0.000 0.000 0.000 0.000 0.000 0.000 0.000
0.000 0.000 0.000 0.000 0.000 0.000 0.000 0.000 0.000 0.000 0.000 0.000 0.000 0.000 0.000 0.000 0.000 0.000 0.000 0.000 0.000 0.000 0.000 0.000 0.000 0.000 0.000 0.000 0.000 0.000 0.000 0.000 0.000 0.000 0.000 0.000 0.000 0.000 0.000 0.000 0.000 0.000 0.000 0.000 0.000 0.000 0.000 0.000 0.000 0.000 0.000 0.048 0.065 0.082 0.098 0.094 0.083 0.094 0.093 0.000 0.000 0.000 0.000 0.000 0.000 0.000 0.000 0.000 0.000 0.000 0.000 0.000 0.000 0.000 0.000 0.000 0.000
0.000 0.000 0.000 0.000 0.000 0.000 0.000 0.000 0.000 0.000 0.000 0.000 0.000 0.000 0.000 0.000 0.000 0.000 0.000 0.000 0.000 0.000 0.000 0.000 0.000 0.000 0.000 0.000 0.000 0.000 0.000 0.000 0.000 0.000 0.000 0.000 0.000 0.000 0.000 0.000 0.000 0.000 0.000 0.000 0.000 0.000 0.000 0.000 0.000 0.000 0.000 0.024 0.042 0.061 0.083 0.088 0.086 0.085 0.087 0.081 0.000 0.000 0.000 0.000 0.000 0.000 0.000 0.000 0.000 0.000 0.000 0.000 0.000 0.000 0.000 0.000 0.000
0.000 0.000 0.000 0.000 0.000 0.000 0.000 0.000 0.000 0.000 0.000 0.000 0.000 0.000 0.000 0.000 0.000 0.000 0.000 0.000 0.000 0.000 0.000 0.000 0.000 0.000 0.000 0.000 0.000 0.000 0.000 0.000 0.000 0.000 0.000 0.000 0.000 0.000 0.000 0.000 0.000 0.000 0.000 0.000 0.000 0.000 0.000 0.000 0.000 0.000 0.000 0.002 0.015 0.034 0.055 0.071 0.082 0.085 0.075 0.074 0.075 0.000 0.000 0.000 0.000 0.000 0.000 0.000 0.000 0.000 0.000 0.000 0.000 0.000 0.000 0.000 0.000
0.000 0.000 0.000 0.000 0.000 0.000 0.000 0.000 0.000 0.000 0.000 0.000 0.000 0.000 0.000 0.000 0.000 0.000 0.000 0.000 0.000 0.000 0.000 0.000 0.000 0.000 0.000 0.000 0.000 0.000 0.000 0.000 0.000 0.000 0.000 0.000 0.000 0.000 0.000 0.000 0.000 0.000 0.000 0.000 0.000 0.000 0.000 0.000 0.000 0.000 0.000 0.001 0.001 0.009 0.029 0.047 0.065 0.078 0.072 0.064 0.068 0.060 0.060 0.000 0.000 0.000 0.000 0.000 0.000 0.000 0.000 0.000 0.000 0.000 0.000 0.000 0.000
0.000 0.000 0.000 0.000 0.000 0.000 0.000 0.000 0.000 0.000 0.000 0.000 0.000 0.000 0.000 0.000 0.000 0.000 0.000 0.000 0.000 0.000 0.000 0.000 0.000 0.000 0.000 0.000 0.000 0.000 0.000 0.000 0.000 0.000 0.000 0.000 0.000 0.000 0.000 0.000 0.000 0.000 0.000 0.000 0.000 0.000 0.000 0.000 0.000 0.000 0.000 0.000 0.001 0.005 0.012 0.026 0.042 0.058 0.064 0.061 0.054 0.053 0.057 0.064 0.000 0.000 0.000 0.000 0.000 0.000 0.000 0.000 0.000 0.000 0.000 0.000 0.000
0.000 0.000 0.000 0.000 0.000 0.000 0.000 0.000 0.000 0.000 0.000 0.000 0.000 0.000 0.000 0.000 0.000 0.000 0.000 0.000 0.000 0.000 0.000 0.000 0.000 0.000 0.000 0.000 0.000 0.000 0.000 0.000 0.000 0.000 0.000 0.000 0.000 0.000 0.000 0.000 0.000 0.000 0.000 0.000 0.000 0.000 0.000 0.000 0.000 0.000 0.000 0.000 0.001 0.004 0.004 0.009 0.019 0.036 0.053 0.053 0.049 0.049 0.049 0.056 0.056 0.000 0.000 0.000 0.000 0.000 0.000 0.000 0.000 0.000 0.000 0.000 0.000
