数据/2hours/0.1-2h-30y/coupled-118-0001.wd
ncols         694
nrows         824
xllcorner     581104.939801
yllcorner     3495917.092414
cellsize      2.000000
NODATA_value  -9999.000000
[rows 714 to 747 of 824, columns 154 to 230 of 694]
0.000 0.000 0.000 0.000 0.000 0.000 0.000 0.001 0.003 0.004 0.005 0.006 0.007 0.008 0.008 0.009 0.009 0.009 0.009 0.008 0.001 0.000 0.093 0.087 0.073 0.065 0.061 0.055 0.048 0.042 0.037 0.029 0.000 0.000 0.000 0.000 0.000 0.000 0.000 0.000 0.000 0.000 0.017 0.071 0.095 0.104 0.115 0.125 0.136 0.000 0.000 0.000 0.000 0.000 0.000 0.000 0.000 0.000 0.234 0.245 0.253 0.256 0.231 0.209 0.220 0.131 0.049 0.001 0.000 0.000 0.000 0.000 0.000 0.000 0.000 0.000 0.000
0.000 0.000 0.000 0.000 0.000 0.000 0.001 0.003 0.004 0.005 0.006 0.007 0.008 0.009 0.010 0.010 0.011 0.011 0.012 0.012 0.011 0.010 0.001 0.108 0.103 0.093 0.080 0.075 0.065 0.060 0.052 0.045 0.043 0.036 0.000 0.000 0.000 0.000 0.000 0.000 0.000 0.004 0.056 0.116 0.159 0.168 0.178 0.189 0.199 0.000 0.000 0.000 0.000 0.000 0.000 0.000 0.000 0.000 0.294 0.291 0.268 0.241 0.222 0.211 0.221 0.176 0.089 0.006 0.000 0.000 0.000 0.000 0.000 0.000 0.000 0.000 0.000
0.000 0.000 0.000 0.000 0.000 0.000 0.002 0.004 0.005 0.006 0.007 0.008 0.009 0.010 0.011 0.011 0.012 0.013 0.014 0.014 0.015 0.016 0.015 0.001 0.001 0.131 0.117 0.102 0.084 0.077 0.071 0.065 0.063 0.056 0.051 0.000 0.000 0.000 0.000 0.000 0.003 0.042 0.102 0.156 0.211 0.229 0.240 0.250 0.262 0.000 0.000 0.000 0.000 0.000 0.000 0.000 0.000 0.324 0.303 0.279 0.258 0.233 0.210 0.214 0.224 0.221 0.132 0.044 0.001 0.000 0.000 0.000 0.000 0.000 0.000 0.000 0.000
0.000 0.000 0.000 0.000 0.000 0.002 0.003 0.005 0.006 0.007 0.008 0.009 0.010 0.011 0.011 0.012 0.013 0.014 0.015 0.017 0.018 0.020 0.021 0.024 0.027 0.004 0.154 0.136 0.114 0.096 0.091 0.086 0.084 0.076 0.072 0.069 0.067 0.000 0.000 0.000 0.032 0.085 0.140 0.195 0.251 0.291 0.301 0.313 0.000 0.000 0.000 0.000 0.000 0.000 0.000 0.000 0.000 0.313 0.292 0.270 0.247 0.225 0.207 0.215 0.224 0.235 0.179 0.087 0.007 0.000 0.000 0.000 0.000 0.000 0.000 0.000 0.000
0.000 0.000 0.000 0.000 0.000 0.003 0.004 0.005 0.007 0.007 0.008 0.009 0.010 0.011 0.012 0.013 0.014 0.015 0.017 0.018 0.020 0.022 0.026 0.032 0.043 0.063 0.004 0.162 0.143 0.121 0.112 0.108 0.104 0.096 0.092 0.090 0.088 0.087 0.000 0.052 0.075 0.127 0.181 0.236 0.293 0.350 0.364 0.374 0.000 0.000 0.000 0.000 0.000 0.000 0.000 0.000 0.000 0.304 0.282 0.260 0.240 0.211 0.212 0.219 0.226 0.236 0.222 0.136 0.000 0.000 0.000 0.000 0.000 0.000 0.000 0.000 0.000
0.000 0.000 0.000 0.000 0.001 0.003 0.005 0.006 0.007 0.008 0.009 0.010 0.011 0.012 0.013 0.014 0.015 0.016 0.017 0.019 0.021 0.023 0.027 0.031 0.037 0.043 0.028 0.002 0.000 0.139 0.133 0.127 0.122 0.116 0.113 0.109 0.108 0.106 0.098 0.082 0.118 0.170 0.223 0.280 0.336 0.390 0.426 0.436 0.000 0.000 0.000 0.000 0.000 0.000 0.000 0.000 0.000 0.292 0.272 0.247 0.226 0.203 0.209 0.219 0.229 0.239 0.248 0.182 0.000 0.000 0.000 0.000 0.000 0.000 0.000 0.000 0.000
0.000 0.000 0.000 0.000 0.001 0.003 0.005 0.006 0.007 0.008 0.009 0.010 0.011 0.012 0.013 0.014 0.015 0.016 0.018 0.019 0.021 0.023 0.026 0.028 0.031 0.033 0.026 0.018 0.012 0.001 0.152 0.147 0.142 0.136 0.133 0.130 0.129 0.127 0.125 0.000 0.000 0.211 0.265 0.320 0.377 0.433 0.489 0.499 0.506 0.481 0.000 0.000 0.000 0.000 0.000 0.000 0.299 0.278 0.258 0.237 0.213 0.201 0.211 0.222 0.231 0.240 0.249 0.225 0.000 0.000 0.000 0.000 0.000 0.000 0.000 0.000 0.000
0.000 0.000 0.000 0.000 0.001 0.003 0.005 0.006 0.007 0.008 0.009 0.010 0.011 0.012 0.013 0.014 0.015 0.016 0.018 0.019 0.021 0.022 0.024 0.026 0.027 0.027 0.024 0.020 0.016 0.011 0.000 0.166 0.162 0.157 0.154 0.153 0.151 0.149 0.000 0.000 0.000 0.000 0.304 0.360 0.419 0.474 0.528 0.522 0.496 0.474 0.449 0.422 0.000 0.000 0.000 0.000 0.289 0.268 0.247 0.225 0.204 0.202 0.210 0.222 0.234 0.242 0.251 0.000 0.000 0.000 0.000 0.000 0.000 0.000 0.000 0.000 0.000
0.000 0.000 0.000 0.000 0.001 0.003 0.005 0.006 0.007 0.008 0.009 0.010 0.011 0.012 0.013 0.014 0.015 0.016 0.017 0.018 0.020 0.021 0.022 0.023 0.024 0.024 0.022 0.019 0.016 0.013 0.009 0.000 0.000 0.179 0.176 0.172 0.174 0.000 0.000 0.000 0.000 0.000 0.000 0.403 0.461 0.484 0.507 0.000 0.000 0.463 0.437 0.410 0.383 0.358 0.000 0.000 0.277 0.255 0.236 0.213 0.192 0.206 0.214 0.223 0.236 0.245 0.249 0.000 0.000 0.000 0.000 0.000 0.000 0.000 0.000 0.000 0.000
0.000 0.000 0.000 0.000 0.001 0.003 0.005 0.006 0.007 0.008 0.009 0.010 0.011 0.012 0.013 0.014 0.015 0.016 0.017 0.018 0.019 0.020 0.021 0.022 0.022 0.021 0.020 0.018 0.016 0.014 0.011 0.008 0.006 0.001 0.197 0.190 0.000 0.000 0.000 0.000 0.000 0.000 0.000 0.415 0.438 0.461 0.484 0.000 0.000 0.000 0.000 0.398 0.372 0.346 0.317 0.291 0.266 0.242 0.227 0.204 0.192 0.202 0.212 0.225 0.235 0.244 0.253 0.000 0.000 0.000 0.000 0.000 0.000 0.000 0.000 0.000 0.000
0.000 0.000 0.000 0.000 0.001 0.003 0.005 0.006 0.007 0.008 0.009 0.010 0.011 0.012 0.013 0.014 0.014 0.015 0.016 0.017 0.018 0.019 0.019 0.020 0.020 0.019 0.018 0.017 0.015 0.014 0.012 0.010 0.008 0.005 0.000 0.206 0.197 0.000 0.000 0.000 0.000 0.000 0.000 0.392 0.415 0.437 0.460 0.473 0.000 0.000 0.000 0.000 0.000 0.335 0.311 0.282 0.257 0.236 0.231 0.192 0.191 0.204 0.213 0.224 0.234 0.243 0.000 0.000 0.000 0.000 0.000 0.000 0.000 0.000 0.000 0.000 0.000
0.000 0.000 0.000 0.000 0.000 0.003 0.004 0.006 0.007 0.008 0.009 0.010 0.011 0.012 0.012 0.013 0.014 0.015 0.016 0.016 0.017 0.018 0.018 0.018 0.018 0.018 0.017 0.016 0.015 0.013 0.012 0.010 0.009 0.007 0.005 0.000 0.217 0.215 0.000 0.000 0.000 0.000 0.000 0.000 0.392 0.000 0.000 0.455 0.445 0.000 0.000 0.000 0.000 0.000 0.000 0.272 0.251 0.224 0.203 0.184 0.193 0.202 0.213 0.223 0.234 0.247 0.000 0.000 0.000 0.000 0.000 0.000 0.000 0.000 0.000 0.000 0.000
0.000 0.000 0.000 0.000 0.000 0.002 0.004 0.005 0.006 0.007 0.008 0.009 0.010 0.011 0.012 0.013 0.013 0.014 0.015 0.016 0.016 0.017 0.017 0.017 0.017 0.017 0.016 0.015 0.014 0.013 0.012 0.010 0.009 0.008 0.006 0.004 0.000 0.235 0.249 0.000 0.000 0.000 0.000 0.000 0.000 0.000 0.000 0.000 0.430 0.000 0.000 0.000 0.000 0.000 0.285 0.260 0.239 0.216 0.191 0.190 0.196 0.206 0.215 0.223 0.236 0.246 0.000 0.000 0.000 0.000 0.000 0.000 0.000 0.000 0.000 0.000 0.000
0.000 0.000 0.000 0.000 0.000 0.001 0.003 0.005 0.006 0.007 0.008 0.009 0.010 0.011 0.011 0.012 0.013 0.014 0.014 0.015 0.015 0.016 0.016 0.016 0.016 0.015 0.015 0.014 0.013 0.012 0.011 0.010 0.009 0.008 0.006 0.005 0.003 0.001 0.220 0.235 0.000 0.000 0.000 0.000 0.000 0.000 0.000 0.000 0.413 0.000 0.000 0.000 0.000 0.000 0.274 0.251 0.229 0.203 0.179 0.190 0.199 0.210 0.218 0.224 0.234 0.000 0.000 0.000 0.000 0.000 0.000 0.000 0.000 0.000 0.000 0.000 0.000
0.000 0.000 0.000 0.000 0.000 0.000 0.002 0.004 0.005 0.006 0.007 0.008 0.009 0.010 0.011 0.012 0.012 0.013 0.013 0.014 0.014 0.015 0.015 0.015 0.015 0.014 0.014 0.013 0.013 0.012 0.011 0.010 0.009 0.008 0.006 0.005 0.003 0.001 0.000 0.203 0.223 0.000 0.000 0.000 0.000 0.000 0.000 0.400 0.394 0.000 0.000 0.000 0.000 0.279 0.261 0.238 0.217 0.193 0.182 0.196 0.205 0.217 0.221 0.225 0.233 0.239 0.246 0.000 0.000 0.000 0.000 0.000 0.000 0.000 0.000 0.000 0.000
0.000 0.000 0.000 0.000 0.000 0.000 0.001 0.003 0.004 0.005 0.007 0.008 0.009 0.009 0.010 0.011 0.012 0.012 0.013 0.013 0.014 0.014 0.014 0.014 0.014 0.014 0.013 0.013 0.012 0.011 0.010 0.009 0.008 0.007 0.006 0.005 0.003 0.001 0.000 0.000 0.199 0.222 0.000 0.000 0.000 0.000 0.000 0.000 0.000 0.000 0.000 0.000 0.000 0.257 0.246 0.227 0.207 0.182 0.183 0.194 0.205 0.217 0.222 0.227 0.236 0.240 0.248 0.253 0.263 0.000 0.000 0.000 0.000 0.000 0.000 0.000 0.000
0.000 0.000 0.000 0.000 0.000 0.000 0.000 0.001 0.003 0.004 0.006 0.007 0.008 0.009 0.009 0.010 0.011 0.011 0.012 0.012 0.013 0.013 0.013 0.013 0.013 0.013 0.012 0.012 0.011 0.010 0.010 0.009 0.008 0.007 0.006 0.005 0.003 0.001 0.000 0.000 0.000 0.200 0.218 0.235 0.000 0.000 0.000 0.000 0.000 0.000 0.000 0.000 0.246 0.237 0.227 0.217 0.197 0.177 0.190 0.200 0.209 0.218 0.225 0.235 0.242 0.244 0.250 0.254 0.260 0.268 0.281 0.000 0.000 0.000 0.000 0.000 0.000
0.000 0.000 0.000 0.000 0.000 0.000 0.000 0.000 0.002 0.003 0.005 0.006 0.007 0.008 0.009 0.009 0.010 0.011 0.011 0.011 0.012 0.012 0.012 0.012 0.012 0.012 0.011 0.011 0.010 0.010 0.009 0.008 0.007 0.006 0.005 0.004 0.002 0.000 0.000 0.000 0.000 0.000 0.191 0.205 0.219 0.000 0.000 0.000 0.000 0.000 0.000 0.000 0.229 0.216 0.209 0.196 0.186 0.179 0.192 0.200 0.208 0.218 0.226 0.237 0.242 0.246 0.251 0.259 0.267 0.276 0.284 0.289 0.242 0.000 0.000 0.000 0.000
0.000 0.000 0.000 0.000 0.000 0.000 0.000 0.000 0.000 0.002 0.004 0.005 0.006 0.007 0.008 0.009 0.009 0.010 0.010 0.011 0.011 0.011 0.011 0.011 0.011 0.011 0.011 0.010 0.010 0.009 0.008 0.007 0.006 0.005 0.004 0.003 0.001 0.000 0.000 0.000 0.000 0.000 0.000 0.174 0.193 0.214 0.000 0.000 0.000 0.000 0.000 0.220 0.206 0.196 0.185 0.174 0.175 0.174 0.189 0.198 0.208 0.219 0.227 0.236 0.241 0.000 0.000 0.000 0.271 0.279 0.286 0.292 0.283 0.195 0.123 0.000 0.000
0.000 0.000 0.000 0.000 0.000 0.000 0.000 0.000 0.000 0.000 0.002 0.004 0.005 0.006 0.007 0.008 0.008 0.009 0.009 0.010 0.010 0.010 0.010 0.010 0.010 0.010 0.010 0.009 0.009 0.008 0.007 0.006 0.005 0.004 0.003 0.001 0.000 0.000 0.000 0.000 0.000 0.000 0.000 0.000 0.172 0.190 0.211 0.000 0.000 0.000 0.000 0.197 0.180 0.175 0.163 0.170 0.167 0.171 0.183 0.195 0.206 0.215 0.230 0.238 0.244 0.000 0.000 0.000 0.000 0.000 0.286 0.294 0.302 0.238 0.197 0.158 0.000
0.000 0.000 0.000 0.000 0.000 0.000 0.000 0.000 0.000 0.000 0.000 0.002 0.003 0.005 0.006 0.007 0.007 0.008 0.008 0.009 0.009 0.009 0.009 0.009 0.009 0.009 0.009 0.008 0.008 0.007 0.006 0.005 0.004 0.003 0.002 0.000 0.000 0.000 0.000 0.000 0.000 0.000 0.000 0.000 0.153 0.167 0.186 0.206 0.000 0.200 0.193 0.175 0.167 0.166 0.165 0.167 0.165 0.170 0.179 0.192 0.205 0.213 0.229 0.236 0.000 0.000 0.000 0.000 0.000 0.000 0.000 0.295 0.304 0.306 0.266 0.228 0.000
0.000 0.000 0.000 0.000 0.000 0.000 0.000 0.000 0.000 0.000 0.000 0.000 0.002 0.003 0.004 0.005 0.006 0.007 0.007 0.008 0.008 0.008 0.008 0.008 0.008 0.008 0.008 0.007 0.007 0.006 0.005 0.004 0.003 0.002 0.000 0.000 0.000 0.000 0.000 0.000 0.000 0.000 0.000 0.000 0.000 0.140 0.160 0.173 0.191 0.186 0.173 0.164 0.168 0.166 0.170 0.166 0.167 0.167 0.178 0.192 0.206 0.214 0.228 0.000 0.000 0.000 0.000 0.000 0.000 0.000 0.000 0.000 0.000 0.310 0.305 0.295 0.252
0.000 0.000 0.000 0.000 0.000 0.000 0.000 0.000 0.000 0.000 0.000 0.000 0.000 0.002 0.003 0.004 0.005 0.006 0.006 0.007 0.007 0.007 0.007 0.007 0.007 0.007 0.007 0.006 0.006 0.005 0.004 0.003 0.002 0.000 0.000 0.000 0.000 0.000 0.000 0.000 0.000 0.000 0.000 0.000 0.000 0.000 0.139 0.151 0.169 0.165 0.158 0.162 0.164 0.165 0.167 0.162 0.167 0.164 0.175 0.192 0.200 0.211 0.220 0.000 0.000 0.000 0.000 0.000 0.000 0.000 0.000 0.000 0.000 0.000 0.000 0.303 0.294
0.000 0.000 0.000 0.000 0.000 0.000 0.000 0.000 0.000 0.000 0.000 0.000 0.000 0.000 0.001 0.002 0.003 0.004 0.005 0.005 0.006 0.006 0.006 0.006 0.006 0.006 0.006 0.005 0.005 0.004 0.003 0.001 0.000 0.000 0.000 0.000 0.000 0.000 0.000 0.000 0.000 0.000 0.000 0.000 0.000 0.000 0.000 0.132 0.148 0.161 0.159 0.163 0.161 0.163 0.163 0.164 0.163 0.165 0.170 0.188 0.196 0.206 0.000 0.000 0.000 0.000 0.000 0.000 0.000 0.000 0.000 0.000 0.000 0.000 0.000 0.000 0.000
0.000 0.000 0.000 0.000 0.000 0.000 0.000 0.000 0.000 0.000 0.000 0.000 0.000 0.000 0.000 0.000 0.002 0.002 0.003 0.004 0.004 0.004 0.005 0.005 0.005 0.004 0.004 0.004 0.003 0.002 0.001 0.000 0.000 0.000 0.000 0.000 0.000 0.000 0.000 0.000 0.000 0.000 0.000 0.000 0.000 0.000 0.000 0.000 0.125 0.144 0.161 0.158 0.157 0.154 0.160 0.159 0.165 0.168 0.170 0.186 0.196 0.205 0.000 0.000 0.000 0.000 0.000 0.000 0.000 0.000 0.000 0.000 0.000 0.000 0.000 0.000 0.000
0.000 0.000 0.000 0.000 0.000 0.000 0.000 0.000 0.000 0.000 0.000 0.000 0.000 0.000 0.000 0.000 0.000 0.000 0.001 0.002 0.002 0.003 0.003 0.003 0.003 0.003 0.002 0.002 0.001 0.000 0.000 0.000 0.000 0.000 0.000 0.000 0.000 0.000 0.000 0.000 0.000 0.000 0.000 0.000 0.000 0.000 0.000 0.000 0.000 0.110 0.140 0.152 0.150 0.149 0.155 0.156 0.167 0.168 0.170 0.181 0.193 0.000 0.000 0.000 0.000 0.000 0.000 0.000 0.000 0.000 0.000 0.000 0.000 0.000 0.000 0.000 0.000
0.000 0.000 0.000 0.000 0.000 0.000 0.000 0.000 0.000 0.000 0.000 0.000 0.000 0.000 0.000 0.000 0.000 0.000 0.000 0.000 0.000 0.000 0.001 0.001 0.001 0.000 0.000 0.000 0.000 0.000 0.000 0.000 0.000 0.000 0.000 0.000 0.000 0.000 0.000 0.000 0.000 0.000 0.000 0.000 0.000 0.000 0.000 0.000 0.000 0.000 0.122 0.139 0.151 0.152 0.151 0.158 0.159 0.163 0.164 0.174 0.187 0.000 0.000 0.000 0.000 0.000 0.000 0.000 0.000 0.000 0.000 0.000 0.000 0.000 0.000 0.000 0.000
0.000 0.000 0.000 0.000 0.000 0.000 0.000 0.000 0.000 0.000 0.000 0.000 0.000 0.000 0.000 0.000 0.000 0.000 0.000 0.000 0.000 0.000 0.000 0.000 0.000 0.000 0.000 0.000 0.000 0.000 0.000 0.000 0.000 0.000 0.000 0.000 0.000 0.000 0.000 0.000 0.000 0.000 0.000 0.000 0.000 0.000 0.000 0.000 0.000 0.000 0.099 0.118 0.138 0.151 0.151 0.154 0.159 0.156 0.159 0.166 0.000 0.000 0.000 0.000 0.000 0.000 0.000 0.000 0.000 0.000 0.000 0.000 0.000 0.000 0.000 0.000 0.000
0.000 0.000 0.000 0.000 0.000 0.000 0.000 0.000 0.000 0.000 0.000 0.000 0.000 0.000 0.000 0.000 0.000 0.000 0.000 0.000 0.000 0.000 0.000 0.000 0.000 0.000 0.000 0.000 0.000 0.000 0.000 0.000 0.000 0.000 0.000 0.000 0.000 0.000 0.000 0.000 0.000 0.000 0.000 0.000 0.000 0.000 0.000 0.000 0.000 0.000 0.000 0.095 0.118 0.139 0.151 0.149 0.145 0.146 0.152 0.000 0.000 0.000 0.000 0.000 0.000 0.000 0.000 0.000 0.000 0.000 0.000 0.000 0.000 0.000 0.000 0.000 0.000
0.000 0.000 0.000 0.000 0.000 0.000 0.000 0.000 0.000 0.000 0.000 0.000 0.000 0.000 0.000 0.000 0.000 0.000 0.000 0.000 0.000 0.000 0.000 0.000 0.000 0.000 0.000 0.000 0.000 0.000 0.000 0.000 0.000 0.000 0.000 0.000 0.000 0.000 0.000 0.000 0.000 0.000 0.000 0.000 0.000 0.000 0.000 0.000 0.000 0.000 0.000 0.066 0.090 0.115 0.132 0.140 0.139 0.140 0.133 0.128 0.000 0.000 0.000 0.000 0.000 0.000 0.000 0.000 0.000 0.000 0.000 0.000 0.000 0.000 0.000 0.000 0.000
0.000 0.000 0.000 0.000 0.000 0.000 0.000 0.000 0.000 0.000 0.000 0.000 0.000 0.000 0.000 0.000 0.000 0.000 0.000 0.000 0.000 0.000 0.000 0.000 0.000 0.000 0.000 0.000 0.000 0.000 0.000 0.000 0.000 0.000 0.000 0.000 0.000 0.000 0.000 0.000 0.000 0.000 0.000 0.000 0.000 0.000 0.000 0.000 0.000 0.000 0.000 0.050 0.070 0.092 0.108 0.118 0.134 0.132 0.126 0.115 0.123 0.000 0.000 0.000 0.000 0.000 0.000 0.000 0.000 0.000 0.000 0.000 0.000 0.000 0.000 0.000 0.000
0.000 0.000 0.000 0.000 0.000 0.000 0.000 0.000 0.000 0.000 0.000 0.000 0.000 0.000 0.000 0.000 0.000 0.000 0.000 0.000 0.000 0.000 0.000 0.000 0.000 0.000 0.000 0.000 0.000 0.000 0.000 0.000 0.000 0.000 0.000 0.000 0.000 0.000 0.000 0.000 0.000 0.000 0.000 0.000 0.000 0.000 0.000 0.000 0.000 0.000 0.000 0.020 0.041 0.060 0.082 0.104 0.112 0.122 0.115 0.112 0.110 0.101 0.097 0.000 0.000 0.000 0.000 0.000 0.000 0.000 0.000 0.000 0.000 0.000 0.000 0.000 0.000
0.000 0.000 0.000 0.000 0.000 0.000 0.000 0.000 0.000 0.000 0.000 0.000 0.000 0.000 0.000 0.000 0.000 0.000 0.000 0.000 0.000 0.000 0.000 0.000 0.000 0.000 0.000 0.000 0.000 0.000 0.000 0.000 0.000 0.000 0.000 0.000 0.000 0.000 0.000 0.000 0.000 0.000 0.000 0.000 0.000 0.000 0.000 0.000 0.000 0.000 0.000 0.000 0.025 0.041 0.056 0.073 0.090 0.104 0.112 0.100 0.098 0.087 0.089 0.092 0.000 0.000 0.000 0.000 0.000 0.000 0.000 0.000 0.000 0.000 0.000 0.000 0.000
0.000 0.000 0.000 0.000 0.000 0.000 0.000 0.000 0.000 0.000 0.000 0.000 0.000 0.000 0.000 0.000 0.000 0.000 0.000 0.000 0.000 0.000 0.000 0.000 0.000 0.000 0.000 0.000 0.000 0.000 0.000 0.000 0.000 0.000 0.000 0.000 0.000 0.000 0.000 0.000 0.000 0.000 0.000 0.000 0.000 0.000 0.000 0.000 0.000 0.000 0.000 0.000 0.005 0.023 0.035 0.047 0.062 0.079 0.095 0.096 0.082 0.086 0.084 0.087 0.095 0.000 0.000 0.000 0.000 0.000 0.000 0.000 0.000 0.000 0.000 0.000 0.000
