数据/2hours/0.1-2h-30y/coupled-110-0001.wd
ncols         694
nrows         824
xllcorner     581104.939801
yllcorner     3495917.092414
cellsize      2.000000
NODATA_value  -9999.000000
[rows 408 to 441 of 824, columns 385 to 461 of 694]
0.000 0.000 0.000 0.000 0.000 0.000 0.000 0.000 0.000 0.000 0.000 0.000 0.000 0.000 0.000 0.000 0.000 0.000 0.000 0.000 0.000 0.000 0.000 0.000 0.000 0.000 0.000 0.000 0.000 0.000 0.000 0.000 0.052 0.065 0.059 0.078 0.072 0.081 0.089 0.085 0.084 0.086 0.081 0.000 0.000 0.000 0.000 0.000 0.000 0.000 0.027 0.027 0.027 0.027 0.027 0.024 0.020 0.015 0.010 0.006 0.000 0.000 0.000 0.000 0.000 0.000 0.000 0.000 0.000 0.000 0.000 0.000 0.000 0.000 0.000 0.000 0.000
0.000 0.000 0.000 0.000 0.000 0.000 0.000 0.000 0.000 0.000 0.000 0.000 0.000 0.000 0.000 0.000 0.000 0.000 0.000 0.000 0.000 0.000 0.000 0.000 0.000 0.000 0.000 0.000 0.000 0.000 0.000 0.032 0.050 0.061 0.066 0.072 0.078 0.078 0.087 0.085 0.079 0.088 0.082 0.000 0.000 0.000 0.000 0.000 0.000 0.027 0.028 0.027 0.027 0.027 0.027 0.027 0.027 0.023 0.018 0.013 0.009 0.003 0.000 0.000 0.000 0.000 0.000 0.000 0.000 0.000 0.000 0.000 0.000 0.000 0.000 0.000 0.000
0.000 0.000 0.000 0.000 0.000 0.000 0.000 0.000 0.000 0.000 0.000 0.000 0.000 0.000 0.000 0.000 0.000 0.000 0.000 0.000 0.000 0.000 0.000 0.000 0.000 0.000 0.000 0.000 0.000 0.000 0.000 0.051 0.053 0.056 0.072 0.085 0.082 0.083 0.082 0.077 0.084 0.088 0.084 0.000 0.000 0.000 0.000 0.000 0.000 0.029 0.028 0.028 0.028 0.027 0.027 0.027 0.027 0.026 0.025 0.021 0.016 0.011 0.006 0.000 0.000 0.000 0.000 0.000 0.000 0.000 0.000 0.000 0.000 0.000 0.000 0.000 0.000
0.000 0.000 0.000 0.000 0.000 0.000 0.000 0.000 0.000 0.000 0.000 0.000 0.000 0.000 0.000 0.000 0.000 0.000 0.000 0.000 0.000 0.000 0.000 0.000 0.000 0.000 0.000 0.000 0.000 0.000 0.000 0.054 0.046 0.067 0.079 0.082 0.085 0.083 0.089 0.087 0.088 0.086 0.085 0.000 0.000 0.000 0.000 0.000 0.000 0.028 0.029 0.028 0.028 0.028 0.028 0.027 0.027 0.027 0.026 0.026 0.023 0.018 0.013 0.009 0.003 0.000 0.000 0.000 0.000 0.000 0.000 0.000 0.000 0.000 0.000 0.000 0.000
0.000 0.000 0.000 0.000 0.000 0.000 0.000 0.000 0.000 0.000 0.000 0.000 0.000 0.000 0.000 0.000 0.000 0.000 0.000 0.000 0.000 0.000 0.000 0.000 0.000 0.000 0.000 0.000 0.000 0.000 0.000 0.045 0.057 0.066 0.074 0.090 0.085 0.089 0.090 0.092 0.090 0.094 0.000 0.000 0.000 0.000 0.000 0.000 0.000 0.029 0.029 0.028 0.028 0.028 0.028 0.028 0.027 0.027 0.026 0.026 0.026 0.025 0.021 0.015 0.011 0.006 0.000 0.000 0.000 0.000 0.000 0.000 0.000 0.000 0.000 0.000 0.000
0.000 0.000 0.000 0.000 0.000 0.000 0.000 0.000 0.000 0.000 0.000 0.000 0.000 0.000 0.000 0.000 0.000 0.000 0.000 0.000 0.000 0.000 0.000 0.000 0.000 0.000 0.000 0.000 0.000 0.000 0.047 0.050 0.056 0.074 0.080 0.098 0.084 0.089 0.098 0.095 0.093 0.084 0.000 0.000 0.000 0.000 0.000 0.000 0.029 0.029 0.029 0.029 0.029 0.028 0.028 0.028 0.028 0.028 0.027 0.026 0.026 0.025 0.025 0.023 0.018 0.013 0.008 0.002 0.000 0.000 0.000 0.000 0.000 0.000 0.000 0.000 0.000
0.000 0.000 0.000 0.000 0.000 0.000 0.000 0.000 0.000 0.000 0.000 0.000 0.000 0.000 0.000 0.000 0.000 0.000 0.000 0.000 0.000 0.000 0.000 0.000 0.000 0.000 0.000 0.000 0.000 0.000 0.052 0.062 0.064 0.076 0.087 0.086 0.088 0.089 0.094 0.103 0.103 0.101 0.000 0.000 0.000 0.000 0.000 0.000 0.029 0.030 0.030 0.030 0.029 0.028 0.028 0.027 0.028 0.027 0.027 0.027 0.026 0.025 0.024 0.024 0.023 0.020 0.015 0.010 0.005 0.000 0.000 0.000 0.000 0.000 0.000 0.000 0.000
0.000 0.000 0.000 0.000 0.000 0.000 0.000 0.000 0.000 0.000 0.000 0.000 0.000 0.000 0.000 0.000 0.000 0.000 0.000 0.000 0.000 0.000 0.000 0.000 0.000 0.000 0.000 0.000 0.000 0.000 0.043 0.062 0.062 0.065 0.075 0.084 0.091 0.087 0.085 0.096 0.088 0.000 0.000 0.000 0.000 0.000 0.000 0.000 0.029 0.030 0.030 0.030 0.029 0.029 0.029 0.028 0.028 0.027 0.027 0.027 0.026 0.025 0.025 0.024 0.023 0.023 0.022 0.017 0.012 0.006 0.000 0.000 0.000 0.000 0.000 0.000 0.000
0.000 0.000 0.000 0.000 0.000 0.000 0.000 0.000 0.000 0.000 0.000 0.000 0.000 0.000 0.000 0.000 0.000 0.000 0.000 0.000 0.000 0.000 0.000 0.000 0.000 0.000 0.000 0.000 0.000 0.000 0.047 0.060 0.067 0.075 0.085 0.085 0.087 0.091 0.094 0.084 0.078 0.000 0.000 0.000 0.000 0.000 0.000 0.032 0.031 0.031 0.030 0.030 0.029 0.029 0.029 0.028 0.028 0.027 0.027 0.027 0.027 0.025 0.024 0.024 0.023 0.022 0.022 0.021 0.019 0.013 0.008 0.002 0.000 0.000 0.000 0.000 0.000
0.000 0.000 0.000 0.000 0.000 0.000 0.000 0.000 0.000 0.000 0.000 0.000 0.000 0.000 0.000 0.000 0.000 0.000 0.000 0.000 0.000 0.000 0.000 0.000 0.000 0.000 0.000 0.000 0.050 0.060 0.058 0.067 0.071 0.082 0.091 0.095 0.105 0.099 0.095 0.085 0.078 0.000 0.000 0.000 0.000 0.000 0.000 0.033 0.032 0.032 0.032 0.031 0.030 0.030 0.029 0.029 0.028 0.027 0.027 0.027 0.026 0.026 0.024 0.024 0.022 0.022 0.021 0.021 0.020 0.019 0.015 0.009 0.004 0.000 0.000 0.000 0.000
0.000 0.000 0.000 0.000 0.000 0.000 0.000 0.000 0.000 0.000 0.000 0.000 0.000 0.000 0.000 0.000 0.000 0.000 0.000 0.000 0.000 0.000 0.000 0.000 0.000 0.000 0.000 0.000 0.043 0.052 0.067 0.074 0.077 0.084 0.090 0.097 0.096 0.090 0.084 0.084 0.106 0.000 0.000 0.000 0.000 0.000 0.000 0.034 0.034 0.033 0.033 0.033 0.032 0.031 0.030 0.028 0.028 0.027 0.027 0.027 0.026 0.026 0.025 0.023 0.022 0.021 0.021 0.020 0.020 0.019 0.018 0.016 0.011 0.006 0.000 0.000 0.000
0.000 0.000 0.000 0.000 0.000 0.000 0.000 0.000 0.000 0.000 0.000 0.000 0.000 0.000 0.000 0.000 0.000 0.000 0.000 0.000 0.000 0.000 0.000 0.000 0.000 0.000 0.000 0.000 0.054 0.041 0.058 0.070 0.077 0.083 0.092 0.101 0.093 0.084 0.087 0.083 0.098 0.000 0.000 0.000 0.000 0.000 0.000 0.035 0.034 0.034 0.034 0.034 0.034 0.033 0.031 0.029 0.028 0.027 0.026 0.026 0.026 0.025 0.025 0.024 0.022 0.021 0.020 0.020 0.019 0.018 0.017 0.016 0.015 0.012 0.007 0.001 0.000
0.000 0.000 0.000 0.000 0.000 0.000 0.000 0.000 0.000 0.000 0.000 0.000 0.000 0.000 0.000 0.000 0.000 0.000 0.000 0.000 0.000 0.000 0.000 0.000 0.000 0.000 0.000 0.000 0.049 0.056 0.060 0.079 0.082 0.089 0.093 0.092 0.097 0.079 0.085 0.101 0.084 0.000 0.000 0.000 0.000 0.000 0.037 0.036 0.036 0.034 0.034 0.034 0.034 0.034 0.033 0.030 0.029 0.028 0.027 0.026 0.026 0.025 0.025 0.023 0.022 0.021 0.020 0.019 0.019 0.018 0.017 0.016 0.015 0.014 0.013 0.008 0.002
0.000 0.000 0.000 0.000 0.000 0.000 0.000 0.000 0.000 0.000 0.000 0.000 0.000 0.000 0.000 0.000 0.000 0.000 0.000 0.000 0.000 0.000 0.000 0.000 0.000 0.000 0.000 0.000 0.035 0.058 0.065 0.079 0.086 0.082 0.093 0.082 0.084 0.082 0.073 0.092 0.088 0.000 0.000 0.000 0.000 0.000 0.038 0.036 0.036 0.035 0.034 0.034 0.034 0.034 0.033 0.032 0.029 0.028 0.027 0.026 0.025 0.025 0.024 0.023 0.022 0.020 0.020 0.019 0.018 0.017 0.016 0.015 0.014 0.013 0.012 0.011 0.009
0.000 0.000 0.000 0.000 0.000 0.000 0.000 0.000 0.000 0.000 0.000 0.000 0.000 0.000 0.000 0.000 0.000 0.000 0.000 0.000 0.000 0.000 0.000 0.000 0.000 0.000 0.000 0.036 0.051 0.049 0.071 0.081 0.093 0.088 0.082 0.090 0.082 0.089 0.081 0.086 0.081 0.000 0.000 0.000 0.000 0.000 0.036 0.036 0.036 0.035 0.035 0.035 0.034 0.035 0.035 0.033 0.030 0.028 0.027 0.026 0.025 0.025 0.024 0.023 0.022 0.020 0.019 0.018 0.018 0.017 0.016 0.014 0.013 0.012 0.011 0.010 0.009
0.000 0.000 0.000 0.000 0.000 0.000 0.000 0.000 0.000 0.000 0.000 0.000 0.000 0.000 0.000 0.000 0.000 0.000 0.000 0.000 0.000 0.000 0.000 0.000 0.000 0.000 0.000 0.035 0.039 0.053 0.072 0.086 0.082 0.090 0.088 0.086 0.089 0.087 0.086 0.093 0.083 0.080 0.087 0.000 0.000 0.000 0.000 0.000 0.036 0.036 0.036 0.035 0.035 0.036 0.036 0.034 0.031 0.028 0.027 0.026 0.025 0.024 0.024 0.023 0.021 0.020 0.019 0.018 0.017 0.016 0.015 0.014 0.013 0.012 0.010 0.009 0.008
0.000 0.000 0.000 0.000 0.000 0.000 0.000 0.000 0.000 0.000 0.000 0.000 0.000 0.000 0.000 0.000 0.000 0.000 0.000 0.000 0.000 0.000 0.000 0.000 0.000 0.000 0.000 0.033 0.051 0.052 0.079 0.079 0.087 0.094 0.089 0.101 0.088 0.095 0.085 0.085 0.085 0.079 0.082 0.080 0.081 0.085 0.000 0.044 0.040 0.037 0.036 0.036 0.035 0.035 0.036 0.035 0.032 0.029 0.027 0.026 0.025 0.024 0.024 0.023 0.021 0.019 0.018 0.017 0.016 0.015 0.014 0.013 0.012 0.011 0.009 0.008 0.006
0.000 0.000 0.000 0.000 0.000 0.000 0.000 0.000 0.000 0.000 0.000 0.000 0.000 0.000 0.000 0.000 0.000 0.000 0.000 0.000 0.000 0.000 0.000 0.000 0.000 0.000 0.000 0.037 0.051 0.066 0.074 0.075 0.091 0.110 0.091 0.084 0.083 0.088 0.088 0.089 0.083 0.079 0.080 0.075 0.074 0.076 0.066 0.051 0.043 0.039 0.037 0.036 0.035 0.035 0.036 0.035 0.032 0.029 0.027 0.026 0.024 0.024 0.023 0.022 0.021 0.019 0.017 0.016 0.016 0.015 0.013 0.012 0.011 0.009 0.008 0.006 0.004
0.000 0.000 0.000 0.000 0.000 0.000 0.000 0.000 0.000 0.000 0.000 0.000 0.000 0.000 0.000 0.000 0.000 0.000 0.000 0.000 0.000 0.000 0.000 0.000 0.000 0.000 0.000 0.038 0.062 0.058 0.071 0.080 0.107 0.142 0.083 0.084 0.079 0.096 0.084 0.096 0.000 0.088 0.084 0.078 0.073 0.072 0.061 0.051 0.045 0.039 0.037 0.037 0.036 0.036 0.036 0.035 0.032 0.029 0.027 0.025 0.024 0.024 0.023 0.022 0.020 0.018 0.017 0.016 0.014 0.013 0.012 0.011 0.009 0.008 0.006 0.004 0.003
0.000 0.000 0.000 0.000 0.000 0.000 0.000 0.000 0.000 0.000 0.000 0.000 0.000 0.000 0.000 0.000 0.000 0.000 0.000 0.000 0.000 0.000 0.000 0.000 0.000 0.000 0.000 0.045 0.059 0.070 0.072 0.079 0.090 0.089 0.083 0.086 0.090 0.091 0.090 0.000 0.000 0.000 0.000 0.000 0.076 0.071 0.057 0.049 0.042 0.040 0.038 0.037 0.036 0.036 0.036 0.035 0.032 0.029 0.027 0.025 0.024 0.023 0.022 0.021 0.019 0.017 0.016 0.015 0.014 0.012 0.011 0.009 0.007 0.005 0.004 0.004 0.003
0.000 0.000 0.000 0.000 0.000 0.000 0.000 0.000 0.000 0.000 0.000 0.000 0.000 0.000 0.000 0.000 0.000 0.000 0.000 0.000 0.000 0.000 0.000 0.000 0.000 0.000 0.035 0.046 0.071 0.066 0.078 0.077 0.088 0.092 0.085 0.090 0.073 0.097 0.000 0.000 0.000 0.000 0.000 0.000 0.000 0.000 0.047 0.044 0.041 0.040 0.038 0.037 0.036 0.036 0.036 0.034 0.031 0.028 0.026 0.024 0.023 0.022 0.021 0.020 0.018 0.016 0.015 0.014 0.012 0.011 0.008 0.006 0.005 0.005 0.004 0.004 0.003
0.000 0.000 0.000 0.000 0.000 0.000 0.000 0.000 0.000 0.000 0.000 0.000 0.000 0.000 0.000 0.000 0.000 0.000 0.000 0.000 0.000 0.000 0.000 0.000 0.000 0.000 0.036 0.046 0.069 0.080 0.076 0.078 0.085 0.078 0.081 0.077 0.085 0.077 0.000 0.000 0.000 0.000 0.000 0.000 0.000 0.000 0.043 0.042 0.041 0.039 0.038 0.037 0.036 0.036 0.035 0.033 0.030 0.027 0.026 0.024 0.022 0.022 0.021 0.019 0.017 0.015 0.013 0.012 0.010 0.008 0.006 0.006 0.005 0.005 0.004 0.004 0.003
0.000 0.000 0.000 0.000 0.000 0.000 0.000 0.000 0.000 0.000 0.000 0.000 0.000 0.000 0.000 0.000 0.000 0.000 0.000 0.000 0.000 0.000 0.000 0.000 0.000 0.000 0.040 0.051 0.072 0.074 0.085 0.082 0.085 0.093 0.094 0.097 0.086 0.000 0.000 0.000 0.000 0.000 0.049 0.044 0.046 0.045 0.043 0.042 0.041 0.040 0.039 0.037 0.036 0.035 0.035 0.032 0.028 0.027 0.025 0.023 0.022 0.021 0.019 0.017 0.015 0.013 0.011 0.009 0.007 0.007 0.006 0.006 0.005 0.005 0.004 0.004 0.004
0.000 0.000 0.000 0.000 0.000 0.000 0.000 0.000 0.000 0.000 0.000 0.000 0.000 0.000 0.000 0.000 0.000 0.000 0.000 0.000 0.000 0.000 0.000 0.000 0.000 0.000 0.044 0.045 0.078 0.077 0.083 0.076 0.092 0.078 0.084 0.078 0.092 0.000 0.000 0.000 0.000 0.000 0.000 0.043 0.044 0.044 0.041 0.041 0.041 0.041 0.040 0.037 0.037 0.036 0.034 0.030 0.028 0.026 0.024 0.023 0.021 0.020 0.018 0.015 0.013 0.010 0.008 0.008 0.007 0.007 0.006 0.006 0.005 0.005 0.004 0.004 0.005
0.000 0.000 0.000 0.000 0.000 0.000 0.000 0.000 0.000 0.000 0.000 0.000 0.000 0.000 0.000 0.000 0.000 0.000 0.000 0.000 0.000 0.000 0.000 0.000 0.000 0.000 0.037 0.053 0.065 0.086 0.082 0.085 0.087 0.088 0.097 0.085 0.101 0.000 0.000 0.000 0.000 0.000 0.000 0.000 0.000 0.000 0.039 0.040 0.041 0.042 0.041 0.038 0.037 0.036 0.032 0.029 0.027 0.025 0.024 0.022 0.020 0.018 0.015 0.012 0.009 0.009 0.008 0.008 0.007 0.007 0.006 0.006 0.005 0.005 0.005 0.005 0.006
0.000 0.000 0.000 0.000 0.000 0.000 0.000 0.000 0.000 0.000 0.000 0.000 0.000 0.000 0.000 0.000 0.000 0.000 0.000 0.000 0.000 0.000 0.000 0.000 0.000 0.042 0.036 0.059 0.068 0.080 0.078 0.086 0.082 0.090 0.088 0.095 0.000 0.000 0.000 0.000 0.000 0.000 0.000 0.000 0.000 0.000 0.000 0.000 0.042 0.041 0.041 0.039 0.038 0.034 0.030 0.027 0.025 0.024 0.022 0.020 0.018 0.015 0.011 0.010 0.009 0.008 0.008 0.008 0.007 0.007 0.006 0.006 0.005 0.005 0.005 0.006 0.005
0.069 0.000 0.000 0.000 0.000 0.040 0.027 0.018 0.016 0.015 0.000 0.000 0.000 0.000 0.000 0.000 0.000 0.000 0.000 0.000 0.000 0.000 0.000 0.000 0.000 0.047 0.038 0.052 0.071 0.076 0.081 0.084 0.086 0.091 0.083 0.085 0.000 0.000 0.000 0.000 0.000 0.000 0.000 0.000 0.000 0.000 0.000 0.000 0.000 0.000 0.000 0.038 0.036 0.032 0.028 0.026 0.024 0.022 0.020 0.017 0.014 0.012 0.010 0.010 0.009 0.009 0.008 0.008 0.007 0.007 0.006 0.006 0.006 0.005 0.006 0.007 0.005
0.082 0.081 0.075 0.074 0.068 0.059 0.048 0.034 0.025 0.023 0.016 0.010 0.000 0.000 0.000 0.000 0.000 0.000 0.000 0.000 0.000 0.000 0.000 0.000 0.000 0.042 0.046 0.044 0.061 0.078 0.088 0.084 0.086 0.087 0.086 0.085 0.000 0.000 0.000 0.000 0.000 0.000 0.000 0.000 0.000 0.000 0.000 0.000 0.000 0.000 0.000 0.000 0.000 0.000 0.026 0.025 0.022 0.019 0.015 0.013 0.013 0.011 0.010 0.010 0.009 0.009 0.008 0.008 0.007 0.007 0.007 0.006 0.006 0.006 0.008 0.007 0.004
0.095 0.093 0.087 0.085 0.080 0.073 0.061 0.046 0.035 0.030 0.026 0.018 0.012 0.001 0.000 0.000 0.000 0.000 0.000 0.000 0.000 0.000 0.000 0.000 0.000 0.036 0.047 0.049 0.058 0.065 0.084 0.089 0.091 0.090 0.081 0.089 0.000 0.000 0.000 0.000 0.000 0.000 0.000 0.000 0.000 0.000 0.000 0.000 0.000 0.000 0.000 0.000 0.000 0.000 0.000 0.000 0.015 0.013 0.013 0.013 0.012 0.011 0.010 0.010 0.009 0.009 0.008 0.008 0.008 0.007 0.007 0.007 0.007 0.007 0.010 0.007 0.003
0.108 0.105 0.099 0.096 0.090 0.083 0.070 0.057 0.045 0.038 0.034 0.027 0.020 0.012 0.001 0.000 0.000 0.000 0.000 0.000 0.000 0.000 0.000 0.000 0.000 0.032 0.041 0.055 0.063 0.067 0.078 0.090 0.089 0.081 0.079 0.000 0.000 0.000 0.000 0.000 0.000 0.000 0.000 0.000 0.000 0.000 0.000 0.000 0.000 0.000 0.000 0.000 0.000 0.000 0.000 0.000 0.012 0.012 0.013 0.013 0.012 0.011 0.010 0.010 0.009 0.009 0.009 0.008 0.008 0.008 0.007 0.007 0.009 0.013 0.013 0.008 0.002
0.122 0.117 0.112 0.107 0.100 0.089 0.077 0.065 0.056 0.047 0.042 0.036 0.028 0.023 0.011 0.002 0.000 0.000 0.000 0.000 0.000 0.001 0.006 0.017 0.023 0.028 0.037 0.051 0.064 0.077 0.088 0.085 0.087 0.082 0.082 0.000 0.000 0.000 0.000 0.000 0.000 0.000 0.000 0.000 0.000 0.000 0.000 0.000 0.000 0.000 0.000 0.000 0.000 0.000 0.000 0.000 0.010 0.012 0.012 0.012 0.011 0.010 0.010 0.010 0.009 0.009 0.009 0.009 0.008 0.008 0.009 0.011 0.016 0.022 0.018 0.013 0.007
0.136 0.130 0.123 0.118 0.107 0.095 0.085 0.074 0.065 0.057 0.050 0.044 0.037 0.030 0.024 0.010 0.002 0.000 0.000 0.000 0.000 0.001 0.008 0.018 0.020 0.031 0.036 0.047 0.063 0.074 0.085 0.085 0.083 0.089 0.087 0.000 0.000 0.000 0.000 0.000 0.000 0.000 0.000 0.000 0.000 0.000 0.000 0.000 0.000 0.000 0.000 0.000 0.000 0.000 0.000 0.000 0.009 0.010 0.011 0.010 0.010 0.010 0.010 0.010 0.010 0.010 0.010 0.009 0.009 0.010 0.014 0.022 0.029 0.029 0.025 0.019 0.014
0.149 0.143 0.135 0.124 0.114 0.103 0.092 0.083 0.074 0.066 0.059 0.053 0.045 0.038 0.032 0.022 0.010 0.003 0.000 0.000 0.000 0.001 0.009 0.018 0.018 0.034 0.032 0.048 0.058 0.065 0.075 0.078 0.080 0.082 0.092 0.000 0.000 0.000 0.000 0.000 0.000 0.000 0.000 0.000 0.000 0.000 0.000 0.000 0.000 0.000 0.000 0.000 0.000 0.000 0.000 0.000 0.007 0.008 0.009 0.009 0.009 0.010 0.010 0.010 0.010 0.010 0.010 0.010 0.011 0.016 0.025 0.000 0.000 0.036 0.031 0.026 0.021
0.000 0.000 0.140 0.130 0.120 0.111 0.102 0.092 0.083 0.075 0.068 0.061 0.054 0.047 0.040 0.032 0.020 0.010 0.004 0.000 0.000 0.001 0.009 0.016 0.021 0.028 0.037 0.045 0.056 0.065 0.066 0.075 0.079 0.073 0.000 0.000 0.000 0.000 0.000 0.000 0.000 0.000 0.000 0.000 0.000 0.000 0.000 0.000 0.000 0.000 0.000 0.000 0.000 0.000 0.000 0.000 0.005 0.007 0.008 0.009 0.009 0.010 0.010 0.011 0.011 0.011 0.010 0.011 0.014 0.019 0.000 0.000 0.000 0.000 0.000 0.033 0.028
