数据/2hours/0.1-2h-30y/coupled-109-0001.wd
ncols         694
nrows         824
xllcorner     581104.939801
yllcorner     3495917.092414
cellsize      2.000000
NODATA_value  -9999.000000
[rows 408 to 441 of 824, columns 385 to 461 of 694]
0.000 0.000 0.000 0.000 0.000 0.000 0.000 0.000 0.000 0.000 0.000 0.000 0.000 0.000 0.000 0.000 0.000 0.000 0.000 0.000 0.000 0.000 0.000 0.000 0.000 0.000 0.000 0.000 0.000 0.000 0.000 0.000 0.052 0.064 0.058 0.078 0.072 0.080 0.089 0.086 0.083 0.087 0.080 0.000 0.000 0.000 0.000 0.000 0.000 0.000 0.026 0.026 0.026 0.026 0.026 0.024 0.019 0.014 0.010 0.005 0.000 0.000 0.000 0.000 0.000 0.000 0.000 0.000 0.000 0.000 0.000 0.000 0.000 0.000 0.000 0.000 0.000
0.000 0.000 0.000 0.000 0.000 0.000 0.000 0.000 0.000 0.000 0.000 0.000 0.000 0.000 0.000 0.000 0.000 0.000 0.000 0.000 0.000 0.000 0.000 0.000 0.000 0.000 0.000 0.000 0.000 0.000 0.000 0.031 0.049 0.059 0.069 0.072 0.080 0.079 0.088 0.085 0.081 0.088 0.081 0.000 0.000 0.000 0.000 0.000 0.000 0.026 0.027 0.026 0.026 0.026 0.026 0.026 0.026 0.022 0.017 0.012 0.008 0.002 0.000 0.000 0.000 0.000 0.000 0.000 0.000 0.000 0.000 0.000 0.000 0.000 0.000 0.000 0.000
0.000 0.000 0.000 0.000 0.000 0.000 0.000 0.000 0.000 0.000 0.000 0.000 0.000 0.000 0.000 0.000 0.000 0.000 0.000 0.000 0.000 0.000 0.000 0.000 0.000 0.000 0.000 0.000 0.000 0.000 0.000 0.052 0.053 0.059 0.074 0.087 0.083 0.084 0.084 0.077 0.085 0.089 0.084 0.000 0.000 0.000 0.000 0.000 0.000 0.028 0.027 0.027 0.026 0.026 0.026 0.026 0.026 0.026 0.025 0.020 0.015 0.010 0.005 0.000 0.000 0.000 0.000 0.000 0.000 0.000 0.000 0.000 0.000 0.000 0.000 0.000 0.000
0.000 0.000 0.000 0.000 0.000 0.000 0.000 0.000 0.000 0.000 0.000 0.000 0.000 0.000 0.000 0.000 0.000 0.000 0.000 0.000 0.000 0.000 0.000 0.000 0.000 0.000 0.000 0.000 0.000 0.000 0.000 0.054 0.046 0.068 0.079 0.079 0.085 0.084 0.088 0.090 0.089 0.087 0.085 0.000 0.000 0.000 0.000 0.000 0.000 0.028 0.028 0.028 0.027 0.027 0.027 0.026 0.026 0.026 0.025 0.025 0.022 0.017 0.012 0.008 0.001 0.000 0.000 0.000 0.000 0.000 0.000 0.000 0.000 0.000 0.000 0.000 0.000
0.000 0.000 0.000 0.000 0.000 0.000 0.000 0.000 0.000 0.000 0.000 0.000 0.000 0.000 0.000 0.000 0.000 0.000 0.000 0.000 0.000 0.000 0.000 0.000 0.000 0.000 0.000 0.000 0.000 0.000 0.000 0.044 0.060 0.065 0.072 0.093 0.085 0.089 0.092 0.090 0.091 0.094 0.000 0.000 0.000 0.000 0.000 0.000 0.000 0.028 0.027 0.027 0.028 0.028 0.027 0.027 0.027 0.026 0.026 0.025 0.024 0.024 0.020 0.015 0.010 0.005 0.000 0.000 0.000 0.000 0.000 0.000 0.000 0.000 0.000 0.000 0.000
0.000 0.000 0.000 0.000 0.000 0.000 0.000 0.000 0.000 0.000 0.000 0.000 0.000 0.000 0.000 0.000 0.000 0.000 0.000 0.000 0.000 0.000 0.000 0.000 0.000 0.000 0.000 0.000 0.000 0.000 0.053 0.053 0.057 0.077 0.083 0.099 0.083 0.093 0.099 0.097 0.095 0.084 0.000 0.000 0.000 0.000 0.000 0.000 0.029 0.029 0.028 0.028 0.028 0.028 0.027 0.027 0.027 0.027 0.026 0.025 0.024 0.024 0.024 0.022 0.017 0.012 0.007 0.001 0.000 0.000 0.000 0.000 0.000 0.000 0.000 0.000 0.000
0.000 0.000 0.000 0.000 0.000 0.000 0.000 0.000 0.000 0.000 0.000 0.000 0.000 0.000 0.000 0.000 0.000 0.000 0.000 0.000 0.000 0.000 0.000 0.000 0.000 0.000 0.000 0.000 0.000 0.000 0.050 0.064 0.064 0.076 0.084 0.083 0.092 0.093 0.092 0.107 0.100 0.101 0.000 0.000 0.000 0.000 0.000 0.000 0.028 0.028 0.029 0.028 0.028 0.028 0.028 0.027 0.027 0.027 0.026 0.026 0.025 0.024 0.023 0.023 0.022 0.019 0.014 0.009 0.003 0.000 0.000 0.000 0.000 0.000 0.000 0.000 0.000
0.000 0.000 0.000 0.000 0.000 0.000 0.000 0.000 0.000 0.000 0.000 0.000 0.000 0.000 0.000 0.000 0.000 0.000 0.000 0.000 0.000 0.000 0.000 0.000 0.000 0.000 0.000 0.000 0.000 0.000 0.043 0.064 0.063 0.067 0.074 0.085 0.095 0.089 0.088 0.093 0.091 0.000 0.000 0.000 0.000 0.000 0.000 0.000 0.029 0.029 0.029 0.029 0.029 0.028 0.028 0.027 0.027 0.026 0.026 0.026 0.025 0.024 0.024 0.023 0.022 0.022 0.021 0.016 0.011 0.005 0.000 0.000 0.000 0.000 0.000 0.000 0.000
0.000 0.000 0.000 0.000 0.000 0.000 0.000 0.000 0.000 0.000 0.000 0.000 0.000 0.000 0.000 0.000 0.000 0.000 0.000 0.000 0.000 0.000 0.000 0.000 0.000 0.000 0.000 0.000 0.000 0.000 0.048 0.058 0.070 0.076 0.088 0.086 0.086 0.090 0.097 0.085 0.082 0.000 0.000 0.000 0.000 0.000 0.000 0.031 0.030 0.030 0.030 0.029 0.029 0.029 0.028 0.028 0.027 0.027 0.026 0.026 0.026 0.024 0.024 0.023 0.022 0.021 0.021 0.020 0.018 0.012 0.007 0.001 0.000 0.000 0.000 0.000 0.000
0.000 0.000 0.000 0.000 0.000 0.000 0.000 0.000 0.000 0.000 0.000 0.000 0.000 0.000 0.000 0.000 0.000 0.000 0.000 0.000 0.000 0.000 0.000 0.000 0.000 0.000 0.000 0.000 0.046 0.061 0.065 0.070 0.070 0.084 0.091 0.098 0.110 0.099 0.093 0.084 0.080 0.000 0.000 0.000 0.000 0.000 0.000 0.032 0.032 0.032 0.031 0.031 0.030 0.029 0.028 0.028 0.027 0.027 0.026 0.026 0.026 0.025 0.024 0.023 0.021 0.021 0.020 0.020 0.019 0.018 0.014 0.008 0.003 0.000 0.000 0.000 0.000
0.000 0.000 0.000 0.000 0.000 0.000 0.000 0.000 0.000 0.000 0.000 0.000 0.000 0.000 0.000 0.000 0.000 0.000 0.000 0.000 0.000 0.000 0.000 0.000 0.000 0.000 0.000 0.000 0.050 0.052 0.067 0.072 0.080 0.084 0.092 0.099 0.094 0.087 0.084 0.085 0.113 0.000 0.000 0.000 0.000 0.000 0.000 0.034 0.033 0.033 0.033 0.032 0.032 0.031 0.029 0.028 0.027 0.027 0.026 0.026 0.026 0.025 0.024 0.023 0.022 0.020 0.020 0.019 0.019 0.018 0.017 0.015 0.010 0.005 0.000 0.000 0.000
0.000 0.000 0.000 0.000 0.000 0.000 0.000 0.000 0.000 0.000 0.000 0.000 0.000 0.000 0.000 0.000 0.000 0.000 0.000 0.000 0.000 0.000 0.000 0.000 0.000 0.000 0.000 0.000 0.055 0.045 0.061 0.069 0.077 0.089 0.094 0.104 0.097 0.083 0.087 0.084 0.093 0.000 0.000 0.000 0.000 0.000 0.000 0.034 0.034 0.033 0.033 0.033 0.033 0.032 0.031 0.029 0.028 0.027 0.026 0.025 0.026 0.025 0.024 0.023 0.021 0.020 0.020 0.019 0.018 0.018 0.016 0.015 0.014 0.011 0.006 0.000 0.000
0.000 0.000 0.000 0.000 0.000 0.000 0.000 0.000 0.000 0.000 0.000 0.000 0.000 0.000 0.000 0.000 0.000 0.000 0.000 0.000 0.000 0.000 0.000 0.000 0.000 0.000 0.000 0.000 0.046 0.059 0.060 0.082 0.086 0.091 0.094 0.091 0.096 0.081 0.084 0.108 0.083 0.000 0.000 0.000 0.000 0.000 0.037 0.036 0.035 0.034 0.033 0.033 0.034 0.033 0.032 0.030 0.028 0.027 0.026 0.025 0.025 0.025 0.024 0.023 0.021 0.020 0.019 0.018 0.018 0.017 0.016 0.014 0.014 0.013 0.011 0.007 0.000
0.000 0.000 0.000 0.000 0.000 0.000 0.000 0.000 0.000 0.000 0.000 0.000 0.000 0.000 0.000 0.000 0.000 0.000 0.000 0.000 0.000 0.000 0.000 0.000 0.000 0.000 0.000 0.000 0.037 0.060 0.066 0.079 0.090 0.081 0.091 0.085 0.080 0.087 0.071 0.089 0.089 0.000 0.000 0.000 0.000 0.000 0.037 0.036 0.035 0.034 0.034 0.033 0.034 0.034 0.033 0.032 0.029 0.027 0.026 0.026 0.025 0.025 0.024 0.023 0.021 0.020 0.019 0.018 0.017 0.016 0.015 0.014 0.013 0.012 0.011 0.009 0.007
0.000 0.000 0.000 0.000 0.000 0.000 0.000 0.000 0.000 0.000 0.000 0.000 0.000 0.000 0.000 0.000 0.000 0.000 0.000 0.000 0.000 0.000 0.000 0.000 0.000 0.000 0.000 0.038 0.055 0.047 0.074 0.085 0.092 0.092 0.084 0.092 0.082 0.093 0.086 0.090 0.080 0.000 0.000 0.000 0.000 0.000 0.036 0.037 0.036 0.036 0.035 0.034 0.034 0.035 0.034 0.033 0.030 0.027 0.026 0.025 0.025 0.024 0.024 0.023 0.021 0.020 0.019 0.018 0.017 0.016 0.014 0.013 0.012 0.011 0.010 0.009 0.007
0.000 0.000 0.000 0.000 0.000 0.000 0.000 0.000 0.000 0.000 0.000 0.000 0.000 0.000 0.000 0.000 0.000 0.000 0.000 0.000 0.000 0.000 0.000 0.000 0.000 0.000 0.000 0.035 0.039 0.054 0.074 0.084 0.083 0.091 0.085 0.087 0.088 0.088 0.085 0.093 0.084 0.081 0.091 0.000 0.000 0.000 0.000 0.000 0.036 0.036 0.036 0.035 0.034 0.035 0.035 0.034 0.031 0.028 0.026 0.025 0.024 0.024 0.024 0.023 0.021 0.019 0.018 0.017 0.016 0.015 0.014 0.013 0.011 0.010 0.009 0.008 0.006
0.000 0.000 0.000 0.000 0.000 0.000 0.000 0.000 0.000 0.000 0.000 0.000 0.000 0.000 0.000 0.000 0.000 0.000 0.000 0.000 0.000 0.000 0.000 0.000 0.000 0.000 0.000 0.033 0.054 0.053 0.074 0.079 0.089 0.100 0.093 0.104 0.087 0.099 0.088 0.083 0.082 0.081 0.081 0.081 0.082 0.087 0.000 0.045 0.040 0.037 0.036 0.036 0.035 0.035 0.036 0.035 0.032 0.029 0.027 0.025 0.024 0.024 0.023 0.022 0.021 0.019 0.018 0.016 0.015 0.014 0.013 0.012 0.011 0.009 0.008 0.007 0.005
0.000 0.000 0.000 0.000 0.000 0.000 0.000 0.000 0.000 0.000 0.000 0.000 0.000 0.000 0.000 0.000 0.000 0.000 0.000 0.000 0.000 0.000 0.000 0.000 0.000 0.000 0.000 0.039 0.055 0.068 0.072 0.079 0.094 0.111 0.091 0.083 0.082 0.088 0.088 0.090 0.084 0.079 0.082 0.074 0.075 0.078 0.068 0.052 0.044 0.039 0.037 0.035 0.035 0.035 0.035 0.035 0.032 0.029 0.027 0.025 0.024 0.023 0.023 0.022 0.020 0.018 0.017 0.016 0.015 0.014 0.012 0.011 0.010 0.008 0.007 0.005 0.003
0.000 0.000 0.000 0.000 0.000 0.000 0.000 0.000 0.000 0.000 0.000 0.000 0.000 0.000 0.000 0.000 0.000 0.000 0.000 0.000 0.000 0.000 0.000 0.000 0.000 0.000 0.000 0.039 0.066 0.060 0.074 0.080 0.109 0.145 0.086 0.086 0.079 0.097 0.089 0.096 0.000 0.089 0.084 0.080 0.074 0.073 0.063 0.052 0.045 0.040 0.037 0.037 0.036 0.035 0.036 0.034 0.032 0.029 0.026 0.025 0.024 0.023 0.022 0.021 0.020 0.018 0.016 0.015 0.014 0.013 0.011 0.010 0.008 0.007 0.005 0.003 0.002
0.000 0.000 0.000 0.000 0.000 0.000 0.000 0.000 0.000 0.000 0.000 0.000 0.000 0.000 0.000 0.000 0.000 0.000 0.000 0.000 0.000 0.000 0.000 0.000 0.000 0.000 0.000 0.043 0.061 0.072 0.070 0.080 0.090 0.094 0.085 0.085 0.091 0.093 0.091 0.000 0.000 0.000 0.000 0.000 0.077 0.074 0.058 0.049 0.043 0.040 0.038 0.037 0.036 0.036 0.036 0.035 0.032 0.029 0.026 0.024 0.023 0.022 0.022 0.020 0.019 0.017 0.015 0.014 0.013 0.012 0.010 0.008 0.006 0.004 0.004 0.003 0.002
0.000 0.000 0.000 0.000 0.000 0.000 0.000 0.000 0.000 0.000 0.000 0.000 0.000 0.000 0.000 0.000 0.000 0.000 0.000 0.000 0.000 0.000 0.000 0.000 0.000 0.000 0.038 0.046 0.071 0.069 0.080 0.079 0.087 0.092 0.082 0.090 0.075 0.100 0.000 0.000 0.000 0.000 0.000 0.000 0.000 0.000 0.047 0.044 0.040 0.040 0.038 0.037 0.036 0.036 0.036 0.034 0.031 0.028 0.026 0.024 0.022 0.022 0.021 0.019 0.018 0.016 0.014 0.013 0.012 0.010 0.008 0.006 0.005 0.004 0.004 0.003 0.002
0.000 0.000 0.000 0.000 0.000 0.000 0.000 0.000 0.000 0.000 0.000 0.000 0.000 0.000 0.000 0.000 0.000 0.000 0.000 0.000 0.000 0.000 0.000 0.000 0.000 0.000 0.039 0.044 0.073 0.081 0.074 0.077 0.088 0.080 0.082 0.080 0.087 0.078 0.000 0.000 0.000 0.000 0.000 0.000 0.000 0.000 0.043 0.042 0.042 0.040 0.038 0.037 0.036 0.035 0.035 0.033 0.030 0.027 0.025 0.024 0.022 0.021 0.020 0.019 0.017 0.015 0.013 0.011 0.010 0.007 0.006 0.005 0.005 0.004 0.004 0.003 0.002
0.000 0.000 0.000 0.000 0.000 0.000 0.000 0.000 0.000 0.000 0.000 0.000 0.000 0.000 0.000 0.000 0.000 0.000 0.000 0.000 0.000 0.000 0.000 0.000 0.000 0.000 0.040 0.052 0.071 0.076 0.084 0.086 0.084 0.095 0.094 0.097 0.083 0.000 0.000 0.000 0.000 0.000 0.049 0.045 0.045 0.045 0.044 0.043 0.042 0.040 0.039 0.037 0.036 0.035 0.035 0.032 0.029 0.026 0.025 0.023 0.022 0.021 0.019 0.017 0.015 0.013 0.011 0.009 0.007 0.006 0.006 0.005 0.005 0.004 0.004 0.003 0.003
0.000 0.000 0.000 0.000 0.000 0.000 0.000 0.000 0.000 0.000 0.000 0.000 0.000 0.000 0.000 0.000 0.000 0.000 0.000 0.000 0.000 0.000 0.000 0.000 0.000 0.000 0.046 0.047 0.081 0.076 0.084 0.078 0.091 0.082 0.085 0.083 0.095 0.000 0.000 0.000 0.000 0.000 0.000 0.043 0.044 0.044 0.041 0.041 0.041 0.041 0.041 0.038 0.036 0.036 0.034 0.031 0.027 0.026 0.025 0.022 0.021 0.020 0.017 0.015 0.013 0.010 0.007 0.007 0.007 0.006 0.006 0.005 0.005 0.004 0.004 0.003 0.004
0.000 0.000 0.000 0.000 0.000 0.000 0.000 0.000 0.000 0.000 0.000 0.000 0.000 0.000 0.000 0.000 0.000 0.000 0.000 0.000 0.000 0.000 0.000 0.000 0.000 0.000 0.041 0.052 0.071 0.083 0.085 0.085 0.092 0.088 0.098 0.086 0.102 0.000 0.000 0.000 0.000 0.000 0.000 0.000 0.000 0.000 0.040 0.040 0.041 0.042 0.041 0.038 0.037 0.036 0.033 0.029 0.026 0.025 0.023 0.021 0.020 0.018 0.015 0.012 0.009 0.008 0.008 0.007 0.007 0.006 0.006 0.005 0.005 0.004 0.004 0.004 0.004
0.000 0.000 0.000 0.000 0.000 0.000 0.000 0.000 0.000 0.000 0.000 0.000 0.000 0.000 0.000 0.000 0.000 0.000 0.000 0.000 0.000 0.000 0.000 0.000 0.000 0.044 0.038 0.062 0.067 0.085 0.079 0.087 0.083 0.090 0.094 0.094 0.000 0.000 0.000 0.000 0.000 0.000 0.000 0.000 0.000 0.000 0.000 0.000 0.042 0.041 0.041 0.039 0.038 0.035 0.030 0.027 0.025 0.024 0.022 0.020 0.018 0.015 0.011 0.010 0.009 0.008 0.008 0.007 0.007 0.006 0.006 0.005 0.005 0.005 0.004 0.005 0.004
0.092 0.000 0.000 0.000 0.000 0.026 0.016 0.010 0.008 0.004 0.000 0.000 0.000 0.000 0.000 0.000 0.000 0.000 0.000 0.000 0.000 0.000 0.000 0.000 0.000 0.049 0.037 0.056 0.073 0.079 0.079 0.084 0.087 0.092 0.082 0.087 0.000 0.000 0.000 0.000 0.000 0.000 0.000 0.000 0.000 0.000 0.000 0.000 0.000 0.000 0.000 0.039 0.037 0.033 0.028 0.026 0.023 0.022 0.020 0.017 0.014 0.012 0.010 0.009 0.009 0.008 0.008 0.007 0.007 0.006 0.006 0.006 0.005 0.005 0.005 0.006 0.003
0.099 0.089 0.079 0.072 0.061 0.048 0.034 0.020 0.016 0.011 0.009 0.008 0.000 0.000 0.000 0.000 0.000 0.000 0.000 0.000 0.000 0.000 0.000 0.000 0.000 0.045 0.045 0.047 0.064 0.077 0.087 0.084 0.089 0.090 0.086 0.084 0.000 0.000 0.000 0.000 0.000 0.000 0.000 0.000 0.000 0.000 0.000 0.000 0.000 0.000 0.000 0.000 0.000 0.000 0.026 0.025 0.021 0.019 0.015 0.013 0.013 0.011 0.010 0.009 0.009 0.009 0.008 0.008 0.007 0.007 0.006 0.006 0.006 0.005 0.007 0.006 0.002
0.108 0.099 0.089 0.081 0.072 0.061 0.045 0.032 0.024 0.020 0.017 0.012 0.010 0.000 0.000 0.000 0.000 0.000 0.000 0.000 0.000 0.000 0.000 0.000 0.000 0.039 0.049 0.050 0.055 0.069 0.086 0.090 0.093 0.090 0.083 0.091 0.000 0.000 0.000 0.000 0.000 0.000 0.000 0.000 0.000 0.000 0.000 0.000 0.000 0.000 0.000 0.000 0.000 0.000 0.000 0.000 0.015 0.013 0.013 0.013 0.013 0.011 0.010 0.009 0.009 0.009 0.008 0.008 0.007 0.007 0.007 0.006 0.006 0.007 0.009 0.006 0.000
0.118 0.107 0.098 0.091 0.081 0.070 0.055 0.042 0.034 0.028 0.026 0.020 0.015 0.012 0.000 0.000 0.000 0.000 0.000 0.000 0.000 0.000 0.000 0.000 0.000 0.032 0.042 0.057 0.064 0.066 0.079 0.090 0.090 0.086 0.074 0.000 0.000 0.000 0.000 0.000 0.000 0.000 0.000 0.000 0.000 0.000 0.000 0.000 0.000 0.000 0.000 0.000 0.000 0.000 0.000 0.000 0.012 0.013 0.013 0.013 0.012 0.011 0.010 0.009 0.009 0.009 0.009 0.008 0.008 0.007 0.007 0.007 0.008 0.011 0.011 0.006 0.000
0.124 0.116 0.109 0.099 0.090 0.078 0.064 0.053 0.044 0.037 0.033 0.028 0.023 0.019 0.011 0.000 0.000 0.000 0.000 0.000 0.000 0.001 0.008 0.017 0.023 0.028 0.038 0.053 0.065 0.077 0.083 0.090 0.088 0.078 0.083 0.000 0.000 0.000 0.000 0.000 0.000 0.000 0.000 0.000 0.000 0.000 0.000 0.000 0.000 0.000 0.000 0.000 0.000 0.000 0.000 0.000 0.010 0.012 0.012 0.012 0.011 0.010 0.010 0.009 0.009 0.009 0.009 0.009 0.008 0.008 0.008 0.009 0.014 0.020 0.015 0.010 0.003
0.133 0.127 0.117 0.110 0.099 0.085 0.073 0.063 0.054 0.046 0.041 0.037 0.030 0.026 0.022 0.008 0.000 0.000 0.000 0.000 0.000 0.001 0.009 0.018 0.021 0.029 0.038 0.048 0.062 0.075 0.090 0.086 0.083 0.088 0.089 0.000 0.000 0.000 0.000 0.000 0.000 0.000 0.000 0.000 0.000 0.000 0.000 0.000 0.000 0.000 0.000 0.000 0.000 0.000 0.000 0.000 0.009 0.010 0.011 0.010 0.010 0.010 0.010 0.009 0.010 0.010 0.009 0.009 0.008 0.009 0.012 0.019 0.026 0.026 0.022 0.016 0.010
0.142 0.136 0.127 0.117 0.106 0.094 0.082 0.073 0.064 0.056 0.048 0.045 0.038 0.033 0.029 0.021 0.005 0.000 0.000 0.000 0.000 0.001 0.011 0.017 0.019 0.034 0.034 0.046 0.062 0.069 0.078 0.081 0.082 0.085 0.094 0.000 0.000 0.000 0.000 0.000 0.000 0.000 0.000 0.000 0.000 0.000 0.000 0.000 0.000 0.000 0.000 0.000 0.000 0.000 0.000 0.000 0.007 0.008 0.009 0.009 0.009 0.009 0.010 0.010 0.010 0.010 0.010 0.009 0.010 0.014 0.023 0.000 0.000 0.033 0.029 0.023 0.017
0.000 0.000 0.136 0.126 0.113 0.102 0.092 0.082 0.074 0.066 0.058 0.053 0.047 0.041 0.037 0.030 0.018 0.005 0.000 0.000 0.000 0.002 0.011 0.016 0.021 0.031 0.035 0.047 0.057 0.066 0.071 0.074 0.079 0.073 0.000 0.000 0.000 0.000 0.000 0.000 0.000 0.000 0.000 0.000 0.000 0.000 0.000 0.000 0.000 0.000 0.000 0.000 0.000 0.000 0.000 0.000 0.005 0.007 0.008 0.009 0.009 0.010 0.010 0.011 0.011 0.010 0.010 0.010 0.012 0.017 0.000 0.000 0.000 0.000 0.000 0.030 0.024
