数据/2hours/0.1-2h-30y/coupled-148-0001.wd
ncols         694
nrows         824
xllcorner     581104.939801
yllcorner     3495917.092414
cellsize      2.000000
NODATA_value  -9999.000000
[rows 714 to 747 of 824, columns 154 to 230 of 694]
0.000 0.000 0.000 0.000 0.000 0.000 0.000 0.002 0.003 0.004 0.005 0.006 0.007 0.008 0.009 0.009 0.009 0.009 0.009 0.008 0.001 0.001 0.066 0.062 0.047 0.029 0.025 0.021 0.016 0.013 0.010 0.008 0.000 0.000 0.000 0.000 0.000 0.000 0.000 0.000 0.000 0.000 0.001 0.001 0.001 0.001 0.006 0.018 0.028 0.000 0.000 0.000 0.000 0.000 0.000 0.000 0.000 0.000 0.122 0.133 0.144 0.143 0.120 0.099 0.108 0.021 0.001 0.001 0.000 0.000 0.000 0.000 0.000 0.000 0.000 0.000 0.000
0.000 0.000 0.000 0.000 0.000 0.000 0.002 0.003 0.004 0.005 0.006 0.007 0.008 0.009 0.010 0.010 0.011 0.011 0.011 0.011 0.011 0.010 0.001 0.086 0.081 0.068 0.045 0.040 0.031 0.026 0.020 0.015 0.015 0.012 0.000 0.000 0.000 0.000 0.000 0.000 0.000 0.001 0.001 0.004 0.043 0.055 0.067 0.079 0.089 0.000 0.000 0.000 0.000 0.000 0.000 0.000 0.000 0.000 0.187 0.182 0.159 0.135 0.111 0.102 0.110 0.063 0.001 0.001 0.000 0.000 0.000 0.000 0.000 0.000 0.000 0.000 0.000
0.000 0.000 0.000 0.000 0.000 0.001 0.003 0.004 0.005 0.006 0.007 0.008 0.009 0.010 0.010 0.011 0.012 0.012 0.013 0.014 0.014 0.015 0.014 0.001 0.001 0.112 0.094 0.073 0.046 0.040 0.033 0.027 0.027 0.023 0.019 0.000 0.000 0.000 0.000 0.000 0.001 0.001 0.001 0.047 0.098 0.117 0.128 0.140 0.151 0.000 0.000 0.000 0.000 0.000 0.000 0.000 0.000 0.222 0.197 0.173 0.150 0.126 0.102 0.105 0.113 0.109 0.019 0.001 0.001 0.000 0.000 0.000 0.000 0.000 0.000 0.000 0.000
0.000 0.000 0.000 0.000 0.000 0.002 0.004 0.005 0.006 0.007 0.008 0.009 0.010 0.010 0.011 0.012 0.013 0.013 0.014 0.015 0.017 0.018 0.020 0.022 0.025 0.003 0.134 0.113 0.083 0.055 0.048 0.045 0.041 0.036 0.031 0.027 0.025 0.000 0.000 0.000 0.001 0.001 0.039 0.086 0.141 0.181 0.191 0.202 0.000 0.000 0.000 0.000 0.000 0.000 0.000 0.000 0.000 0.214 0.190 0.165 0.142 0.118 0.099 0.108 0.116 0.125 0.066 0.001 0.001 0.000 0.000 0.000 0.000 0.000 0.000 0.000 0.000
0.000 0.000 0.000 0.000 0.001 0.003 0.005 0.006 0.007 0.008 0.009 0.009 0.010 0.011 0.012 0.013 0.013 0.014 0.016 0.017 0.019 0.021 0.024 0.030 0.040 0.058 0.003 0.141 0.117 0.086 0.067 0.065 0.055 0.051 0.046 0.042 0.039 0.038 0.000 0.001 0.001 0.029 0.074 0.128 0.184 0.239 0.255 0.265 0.000 0.000 0.000 0.000 0.000 0.000 0.000 0.000 0.000 0.204 0.180 0.157 0.132 0.110 0.104 0.113 0.120 0.128 0.112 0.024 0.000 0.000 0.000 0.000 0.000 0.000 0.000 0.000 0.000
0.000 0.000 0.000 0.000 0.001 0.003 0.005 0.006 0.007 0.008 0.009 0.010 0.011 0.011 0.012 0.013 0.014 0.015 0.016 0.018 0.019 0.022 0.025 0.029 0.034 0.040 0.026 0.001 0.000 0.096 0.088 0.079 0.071 0.067 0.061 0.059 0.055 0.055 0.049 0.032 0.037 0.060 0.113 0.169 0.226 0.282 0.317 0.328 0.000 0.000 0.000 0.000 0.000 0.000 0.000 0.000 0.000 0.195 0.172 0.147 0.124 0.099 0.106 0.115 0.125 0.132 0.141 0.070 0.000 0.000 0.000 0.000 0.000 0.000 0.000 0.000 0.000
0.000 0.000 0.000 0.000 0.001 0.003 0.005 0.006 0.007 0.008 0.009 0.010 0.011 0.012 0.012 0.013 0.014 0.015 0.017 0.018 0.020 0.021 0.024 0.026 0.029 0.030 0.024 0.017 0.011 0.001 0.103 0.096 0.089 0.080 0.076 0.075 0.073 0.073 0.073 0.000 0.000 0.095 0.154 0.211 0.268 0.324 0.379 0.390 0.399 0.376 0.000 0.000 0.000 0.000 0.000 0.000 0.209 0.186 0.163 0.139 0.114 0.100 0.109 0.118 0.127 0.136 0.145 0.116 0.000 0.000 0.000 0.000 0.000 0.000 0.000 0.000 0.000
0.000 0.000 0.000 0.000 0.001 0.003 0.005 0.006 0.007 0.008 0.009 0.010 0.011 0.012 0.013 0.013 0.014 0.015 0.016 0.018 0.019 0.021 0.022 0.024 0.025 0.025 0.022 0.018 0.014 0.010 0.001 0.112 0.107 0.097 0.096 0.093 0.092 0.092 0.000 0.000 0.000 0.000 0.197 0.254 0.311 0.366 0.420 0.416 0.391 0.367 0.343 0.319 0.000 0.000 0.000 0.000 0.199 0.176 0.152 0.129 0.103 0.102 0.112 0.122 0.131 0.140 0.149 0.000 0.000 0.000 0.000 0.000 0.000 0.000 0.000 0.000 0.000
0.000 0.000 0.000 0.000 0.001 0.003 0.005 0.006 0.007 0.008 0.009 0.010 0.011 0.012 0.013 0.013 0.014 0.015 0.016 0.017 0.018 0.020 0.021 0.022 0.022 0.022 0.020 0.018 0.015 0.012 0.009 0.001 0.000 0.116 0.115 0.112 0.110 0.000 0.000 0.000 0.000 0.000 0.000 0.297 0.353 0.376 0.397 0.000 0.000 0.358 0.334 0.308 0.283 0.259 0.000 0.000 0.188 0.166 0.144 0.120 0.097 0.106 0.115 0.125 0.134 0.144 0.153 0.000 0.000 0.000 0.000 0.000 0.000 0.000 0.000 0.000 0.000
0.000 0.000 0.000 0.000 0.001 0.003 0.005 0.006 0.007 0.008 0.009 0.010 0.011 0.012 0.012 0.013 0.014 0.015 0.016 0.017 0.018 0.019 0.019 0.020 0.020 0.020 0.018 0.017 0.015 0.013 0.011 0.008 0.006 0.001 0.134 0.131 0.000 0.000 0.000 0.000 0.000 0.000 0.000 0.309 0.331 0.353 0.374 0.000 0.000 0.000 0.000 0.298 0.275 0.250 0.225 0.202 0.179 0.156 0.133 0.109 0.100 0.109 0.119 0.129 0.139 0.148 0.156 0.000 0.000 0.000 0.000 0.000 0.000 0.000 0.000 0.000 0.000
0.000 0.000 0.000 0.000 0.001 0.003 0.005 0.006 0.007 0.008 0.009 0.010 0.011 0.012 0.012 0.013 0.014 0.015 0.015 0.016 0.017 0.018 0.018 0.018 0.018 0.018 0.017 0.016 0.014 0.013 0.011 0.009 0.008 0.005 0.001 0.147 0.141 0.000 0.000 0.000 0.000 0.000 0.000 0.285 0.307 0.330 0.351 0.365 0.000 0.000 0.000 0.000 0.000 0.241 0.217 0.192 0.169 0.146 0.127 0.101 0.103 0.112 0.122 0.131 0.141 0.151 0.000 0.000 0.000 0.000 0.000 0.000 0.000 0.000 0.000 0.000 0.000
0.000 0.000 0.000 0.000 0.001 0.003 0.005 0.006 0.007 0.008 0.009 0.010 0.011 0.011 0.012 0.013 0.013 0.014 0.015 0.015 0.016 0.017 0.017 0.017 0.017 0.017 0.016 0.015 0.014 0.013 0.011 0.010 0.009 0.007 0.005 0.000 0.156 0.153 0.000 0.000 0.000 0.000 0.000 0.000 0.282 0.000 0.000 0.347 0.334 0.000 0.000 0.000 0.000 0.000 0.000 0.183 0.160 0.138 0.115 0.097 0.106 0.115 0.124 0.134 0.144 0.153 0.000 0.000 0.000 0.000 0.000 0.000 0.000 0.000 0.000 0.000 0.000
0.000 0.000 0.000 0.000 0.001 0.003 0.005 0.006 0.007 0.008 0.009 0.010 0.010 0.011 0.012 0.012 0.013 0.014 0.014 0.015 0.015 0.016 0.016 0.016 0.016 0.016 0.015 0.014 0.013 0.012 0.011 0.010 0.009 0.008 0.006 0.004 0.000 0.171 0.188 0.000 0.000 0.000 0.000 0.000 0.000 0.000 0.000 0.000 0.314 0.000 0.000 0.000 0.000 0.000 0.194 0.172 0.149 0.127 0.104 0.100 0.109 0.117 0.126 0.136 0.146 0.157 0.000 0.000 0.000 0.000 0.000 0.000 0.000 0.000 0.000 0.000 0.000
0.000 0.000 0.000 0.000 0.001 0.003 0.005 0.006 0.007 0.008 0.008 0.009 0.010 0.011 0.011 0.012 0.012 0.013 0.013 0.014 0.014 0.015 0.015 0.015 0.015 0.015 0.014 0.013 0.013 0.012 0.011 0.010 0.009 0.008 0.006 0.005 0.003 0.001 0.163 0.179 0.000 0.000 0.000 0.000 0.000 0.000 0.000 0.000 0.294 0.000 0.000 0.000 0.000 0.000 0.183 0.159 0.137 0.116 0.092 0.100 0.109 0.118 0.127 0.137 0.146 0.000 0.000 0.000 0.000 0.000 0.000 0.000 0.000 0.000 0.000 0.000 0.000
0.000 0.000 0.000 0.000 0.000 0.002 0.004 0.005 0.006 0.007 0.008 0.009 0.009 0.010 0.011 0.011 0.012 0.012 0.013 0.013 0.014 0.014 0.014 0.014 0.014 0.014 0.013 0.013 0.012 0.011 0.010 0.010 0.009 0.008 0.006 0.005 0.003 0.001 0.000 0.154 0.173 0.000 0.000 0.000 0.000 0.000 0.000 0.278 0.274 0.000 0.000 0.000 0.000 0.190 0.172 0.148 0.124 0.103 0.092 0.101 0.109 0.119 0.128 0.138 0.146 0.154 0.163 0.000 0.000 0.000 0.000 0.000 0.000 0.000 0.000 0.000 0.000
0.000 0.000 0.000 0.000 0.000 0.001 0.003 0.004 0.005 0.006 0.007 0.008 0.009 0.010 0.010 0.011 0.011 0.012 0.012 0.013 0.013 0.013 0.013 0.013 0.013 0.013 0.012 0.012 0.011 0.011 0.010 0.009 0.008 0.007 0.006 0.005 0.003 0.001 0.000 0.000 0.148 0.162 0.000 0.000 0.000 0.000 0.000 0.000 0.000 0.000 0.000 0.000 0.000 0.169 0.157 0.138 0.114 0.091 0.092 0.101 0.110 0.120 0.129 0.138 0.148 0.156 0.165 0.174 0.183 0.000 0.000 0.000 0.000 0.000 0.000 0.000 0.000
0.000 0.000 0.000 0.000 0.000 0.000 0.002 0.003 0.004 0.005 0.006 0.007 0.008 0.009 0.010 0.010 0.011 0.011 0.012 0.012 0.012 0.012 0.012 0.012 0.012 0.012 0.012 0.011 0.011 0.010 0.009 0.009 0.008 0.007 0.006 0.005 0.003 0.001 0.000 0.000 0.000 0.128 0.138 0.155 0.000 0.000 0.000 0.000 0.000 0.000 0.000 0.000 0.161 0.150 0.138 0.126 0.103 0.083 0.092 0.102 0.112 0.121 0.129 0.140 0.150 0.160 0.168 0.177 0.185 0.193 0.201 0.000 0.000 0.000 0.000 0.000 0.000
0.000 0.000 0.000 0.000 0.000 0.000 0.000 0.002 0.003 0.004 0.005 0.006 0.007 0.008 0.009 0.010 0.010 0.011 0.011 0.011 0.011 0.012 0.012 0.012 0.012 0.011 0.011 0.011 0.010 0.010 0.009 0.008 0.007 0.006 0.005 0.004 0.002 0.000 0.000 0.000 0.000 0.000 0.110 0.129 0.148 0.000 0.000 0.000 0.000 0.000 0.000 0.000 0.143 0.131 0.118 0.106 0.092 0.087 0.095 0.105 0.114 0.123 0.132 0.141 0.151 0.161 0.170 0.179 0.188 0.196 0.205 0.213 0.164 0.000 0.000 0.000 0.000
0.000 0.000 0.000 0.000 0.000 0.000 0.000 0.000 0.002 0.003 0.004 0.005 0.006 0.007 0.008 0.009 0.009 0.010 0.010 0.011 0.011 0.011 0.011 0.011 0.011 0.011 0.010 0.010 0.009 0.009 0.008 0.007 0.006 0.005 0.004 0.003 0.001 0.000 0.000 0.000 0.000 0.000 0.000 0.104 0.123 0.142 0.000 0.000 0.000 0.000 0.000 0.137 0.124 0.112 0.100 0.087 0.084 0.087 0.096 0.106 0.116 0.126 0.135 0.145 0.153 0.000 0.000 0.000 0.191 0.199 0.207 0.216 0.208 0.121 0.054 0.000 0.000
0.000 0.000 0.000 0.000 0.000 0.000 0.000 0.000 0.000 0.002 0.003 0.004 0.005 0.006 0.007 0.008 0.009 0.009 0.010 0.010 0.010 0.010 0.010 0.010 0.010 0.010 0.010 0.009 0.009 0.008 0.007 0.006 0.005 0.004 0.003 0.002 0.000 0.000 0.000 0.000 0.000 0.000 0.000 0.000 0.098 0.116 0.134 0.000 0.000 0.000 0.000 0.122 0.106 0.095 0.085 0.084 0.084 0.087 0.095 0.104 0.115 0.125 0.135 0.145 0.154 0.000 0.000 0.000 0.000 0.000 0.210 0.219 0.227 0.165 0.125 0.086 0.000
0.000 0.000 0.000 0.000 0.000 0.000 0.000 0.000 0.000 0.000 0.002 0.003 0.004 0.005 0.006 0.007 0.008 0.008 0.009 0.009 0.009 0.009 0.009 0.009 0.009 0.009 0.009 0.008 0.008 0.007 0.006 0.005 0.004 0.003 0.002 0.000 0.000 0.000 0.000 0.000 0.000 0.000 0.000 0.000 0.077 0.093 0.109 0.127 0.000 0.124 0.112 0.100 0.087 0.087 0.085 0.082 0.081 0.084 0.093 0.102 0.113 0.124 0.134 0.146 0.000 0.000 0.000 0.000 0.000 0.000 0.000 0.218 0.228 0.233 0.194 0.155 0.000
0.000 0.000 0.000 0.000 0.000 0.000 0.000 0.000 0.000 0.000 0.000 0.002 0.003 0.004 0.005 0.006 0.007 0.008 0.008 0.008 0.008 0.008 0.008 0.008 0.008 0.008 0.008 0.008 0.007 0.006 0.005 0.004 0.003 0.002 0.000 0.000 0.000 0.000 0.000 0.000 0.000 0.000 0.000 0.000 0.000 0.069 0.084 0.101 0.119 0.106 0.091 0.084 0.085 0.084 0.083 0.081 0.081 0.084 0.092 0.101 0.111 0.122 0.132 0.000 0.000 0.000 0.000 0.000 0.000 0.000 0.000 0.000 0.000 0.238 0.234 0.224 0.183
0.000 0.000 0.000 0.000 0.000 0.000 0.000 0.000 0.000 0.000 0.000 0.000 0.002 0.003 0.004 0.005 0.006 0.007 0.007 0.007 0.007 0.007 0.007 0.007 0.007 0.007 0.007 0.007 0.006 0.005 0.004 0.003 0.002 0.000 0.000 0.000 0.000 0.000 0.000 0.000 0.000 0.000 0.000 0.000 0.000 0.000 0.055 0.076 0.095 0.087 0.084 0.085 0.086 0.084 0.083 0.083 0.084 0.086 0.092 0.100 0.110 0.122 0.131 0.000 0.000 0.000 0.000 0.000 0.000 0.000 0.000 0.000 0.000 0.000 0.000 0.232 0.227
0.000 0.000 0.000 0.000 0.000 0.000 0.000 0.000 0.000 0.000 0.000 0.000 0.000 0.002 0.003 0.004 0.005 0.006 0.006 0.006 0.006 0.006 0.006 0.006 0.006 0.006 0.006 0.006 0.005 0.004 0.003 0.002 0.000 0.000 0.000 0.000 0.000 0.000 0.000 0.000 0.000 0.000 0.000 0.000 0.000 0.000 0.000 0.053 0.074 0.086 0.084 0.088 0.085 0.082 0.083 0.080 0.083 0.083 0.088 0.095 0.105 0.118 0.000 0.000 0.000 0.000 0.000 0.000 0.000 0.000 0.000 0.000 0.000 0.000 0.000 0.000 0.000
0.000 0.000 0.000 0.000 0.000 0.000 0.000 0.000 0.000 0.000 0.000 0.000 0.000 0.000 0.002 0.003 0.004 0.005 0.005 0.005 0.005 0.005 0.005 0.005 0.005 0.005 0.005 0.005 0.004 0.003 0.002 0.000 0.000 0.000 0.000 0.000 0.000 0.000 0.000 0.000 0.000 0.000 0.000 0.000 0.000 0.000 0.000 0.000 0.056 0.070 0.085 0.084 0.078 0.080 0.078 0.078 0.081 0.079 0.083 0.092 0.099 0.113 0.000 0.000 0.000 0.000 0.000 0.000 0.000 0.000 0.000 0.000 0.000 0.000 0.000 0.000 0.000
0.000 0.000 0.000 0.000 0.000 0.000 0.000 0.000 0.000 0.000 0.000 0.000 0.000 0.000 0.000 0.001 0.002 0.003 0.003 0.003 0.003 0.003 0.003 0.003 0.003 0.003 0.003 0.003 0.002 0.001 0.000 0.000 0.000 0.000 0.000 0.000 0.000 0.000 0.000 0.000 0.000 0.000 0.000 0.000 0.000 0.000 0.000 0.000 0.000 0.040 0.066 0.080 0.078 0.079 0.076 0.080 0.082 0.081 0.082 0.092 0.097 0.000 0.000 0.000 0.000 0.000 0.000 0.000 0.000 0.000 0.000 0.000 0.000 0.000 0.000 0.000 0.000
0.000 0.000 0.000 0.000 0.000 0.000 0.000 0.000 0.000 0.000 0.000 0.000 0.000 0.000 0.000 0.000 0.000 0.001 0.001 0.001 0.001 0.001 0.001 0.001 0.001 0.001 0.001 0.001 0.000 0.000 0.000 0.000 0.000 0.000 0.000 0.000 0.000 0.000 0.000 0.000 0.000 0.000 0.000 0.000 0.000 0.000 0.000 0.000 0.000 0.000 0.041 0.063 0.076 0.073 0.076 0.075 0.081 0.076 0.078 0.089 0.099 0.000 0.000 0.000 0.000 0.000 0.000 0.000 0.000 0.000 0.000 0.000 0.000 0.000 0.000 0.000 0.000
0.000 0.000 0.000 0.000 0.000 0.000 0.000 0.000 0.000 0.000 0.000 0.000 0.000 0.000 0.000 0.000 0.000 0.000 0.000 0.000 0.000 0.000 0.000 0.000 0.000 0.000 0.000 0.000 0.000 0.000 0.000 0.000 0.000 0.000 0.000 0.000 0.000 0.000 0.000 0.000 0.000 0.000 0.000 0.000 0.000 0.000 0.000 0.000 0.000 0.000 0.020 0.041 0.058 0.072 0.073 0.070 0.077 0.075 0.073 0.083 0.000 0.000 0.000 0.000 0.000 0.000 0.000 0.000 0.000 0.000 0.000 0.000 0.000 0.000 0.000 0.000 0.000
0.000 0.000 0.000 0.000 0.000 0.000 0.000 0.000 0.000 0.000 0.000 0.000 0.000 0.000 0.000 0.000 0.000 0.000 0.000 0.000 0.000 0.000 0.000 0.000 0.000 0.000 0.000 0.000 0.000 0.000 0.000 0.000 0.000 0.000 0.000 0.000 0.000 0.000 0.000 0.000 0.000 0.000 0.000 0.000 0.000 0.000 0.000 0.000 0.000 0.000 0.000 0.020 0.039 0.055 0.069 0.067 0.057 0.069 0.071 0.000 0.000 0.000 0.000 0.000 0.000 0.000 0.000 0.000 0.000 0.000 0.000 0.000 0.000 0.000 0.000 0.000 0.000
0.000 0.000 0.000 0.000 0.000 0.000 0.000 0.000 0.000 0.000 0.000 0.000 0.000 0.000 0.000 0.000 0.000 0.000 0.000 0.000 0.000 0.000 0.000 0.000 0.000 0.000 0.000 0.000 0.000 0.000 0.000 0.000 0.000 0.000 0.000 0.000 0.000 0.000 0.000 0.000 0.000 0.000 0.000 0.000 0.000 0.000 0.000 0.000 0.000 0.000 0.000 0.001 0.015 0.035 0.057 0.062 0.059 0.055 0.061 0.055 0.000 0.000 0.000 0.000 0.000 0.000 0.000 0.000 0.000 0.000 0.000 0.000 0.000 0.000 0.000 0.000 0.000
0.000 0.000 0.000 0.000 0.000 0.000 0.000 0.000 0.000 0.000 0.000 0.000 0.000 0.000 0.000 0.000 0.000 0.000 0.000 0.000 0.000 0.000 0.000 0.000 0.000 0.000 0.000 0.000 0.000 0.000 0.000 0.000 0.000 0.000 0.000 0.000 0.000 0.000 0.000 0.000 0.000 0.000 0.000 0.000 0.000 0.000 0.000 0.000 0.000 0.000 0.000 0.001 0.001 0.010 0.029 0.050 0.061 0.057 0.051 0.050 0.052 0.000 0.000 0.000 0.000 0.000 0.000 0.000 0.000 0.000 0.000 0.000 0.000 0.000 0.000 0.000 0.000
0.000 0.000 0.000 0.000 0.000 0.000 0.000 0.000 0.000 0.000 0.000 0.000 0.000 0.000 0.000 0.000 0.000 0.000 0.000 0.000 0.000 0.000 0.000 0.000 0.000 0.000 0.000 0.000 0.000 0.000 0.000 0.000 0.000 0.000 0.000 0.000 0.000 0.000 0.000 0.000 0.000 0.000 0.000 0.000 0.000 0.000 0.000 0.000 0.000 0.000 0.000 0.001 0.001 0.001 0.007 0.023 0.042 0.051 0.052 0.040 0.046 0.043 0.046 0.000 0.000 0.000 0.000 0.000 0.000 0.000 0.000 0.000 0.000 0.000 0.000 0.000 0.000
0.000 0.000 0.000 0.000 0.000 0.000 0.000 0.000 0.000 0.000 0.000 0.000 0.000 0.000 0.000 0.000 0.000 0.000 0.000 0.000 0.000 0.000 0.000 0.000 0.000 0.000 0.000 0.000 0.000 0.000 0.000 0.000 0.000 0.000 0.000 0.000 0.000 0.000 0.000 0.000 0.000 0.000 0.000 0.000 0.000 0.000 0.000 0.000 0.000 0.000 0.000 0.000 0.001 0.002 0.004 0.008 0.023 0.041 0.045 0.043 0.040 0.033 0.037 0.037 0.000 0.000 0.000 0.000 0.000 0.000 0.000 0.000 0.000 0.000 0.000 0.000 0.000
0.000 0.000 0.000 0.000 0.000 0.000 0.000 0.000 0.000 0.000 0.000 0.000 0.000 0.000 0.000 0.000 0.000 0.000 0.000 0.000 0.000 0.000 0.000 0.000 0.000 0.000 0.000 0.000 0.000 0.000 0.000 0.000 0.000 0.000 0.000 0.000 0.000 0.000 0.000 0.000 0.000 0.000 0.000 0.000 0.000 0.000 0.000 0.000 0.000 0.000 0.000 0.000 0.001 0.003 0.003 0.004 0.006 0.014 0.031 0.035 0.028 0.030 0.033 0.029 0.032 0.000 0.000 0.000 0.000 0.000 0.000 0.000 0.000 0.000 0.000 0.000 0.000
