数据/2hours/0.1-2h-30y/coupled-116-0001.wd
ncols         694
nrows         824
xllcorner     581104.939801
yllcorner     3495917.092414
cellsize      2.000000
NODATA_value  -9999.000000
[rows 408 to 441 of 824, columns 385 to 461 of 694]
0.000 0.000 0.000 0.000 0.000 0.000 0.000 0.000 0.000 0.000 0.000 0.000 0.000 0.000 0.000 0.000 0.000 0.000 0.000 0.000 0.000 0.000 0.000 0.000 0.000 0.000 0.000 0.000 0.000 0.000 0.000 0.000 0.046 0.060 0.057 0.067 0.073 0.077 0.074 0.082 0.082 0.086 0.077 0.000 0.000 0.000 0.000 0.000 0.000 0.000 0.030 0.030 0.031 0.030 0.030 0.027 0.023 0.018 0.013 0.009 0.004 0.000 0.000 0.000 0.000 0.000 0.000 0.000 0.000 0.000 0.000 0.000 0.000 0.000 0.000 0.000 0.000
0.000 0.000 0.000 0.000 0.000 0.000 0.000 0.000 0.000 0.000 0.000 0.000 0.000 0.000 0.000 0.000 0.000 0.000 0.000 0.000 0.000 0.000 0.000 0.000 0.000 0.000 0.000 0.000 0.000 0.000 0.000 0.043 0.050 0.062 0.063 0.069 0.072 0.078 0.079 0.079 0.079 0.081 0.078 0.000 0.000 0.000 0.000 0.000 0.000 0.030 0.031 0.029 0.030 0.029 0.029 0.030 0.029 0.025 0.021 0.016 0.011 0.007 0.002 0.000 0.000 0.000 0.000 0.000 0.000 0.000 0.000 0.000 0.000 0.000 0.000 0.000 0.000
0.000 0.000 0.000 0.000 0.000 0.000 0.000 0.000 0.000 0.000 0.000 0.000 0.000 0.000 0.000 0.000 0.000 0.000 0.000 0.000 0.000 0.000 0.000 0.000 0.000 0.000 0.000 0.000 0.000 0.000 0.000 0.039 0.051 0.062 0.061 0.074 0.075 0.078 0.074 0.071 0.076 0.079 0.077 0.000 0.000 0.000 0.000 0.000 0.000 0.031 0.031 0.030 0.030 0.030 0.030 0.030 0.030 0.029 0.028 0.023 0.019 0.014 0.009 0.004 0.000 0.000 0.000 0.000 0.000 0.000 0.000 0.000 0.000 0.000 0.000 0.000 0.000
0.000 0.000 0.000 0.000 0.000 0.000 0.000 0.000 0.000 0.000 0.000 0.000 0.000 0.000 0.000 0.000 0.000 0.000 0.000 0.000 0.000 0.000 0.000 0.000 0.000 0.000 0.000 0.000 0.000 0.000 0.000 0.040 0.049 0.057 0.069 0.079 0.076 0.077 0.079 0.078 0.081 0.077 0.075 0.000 0.000 0.000 0.000 0.000 0.000 0.031 0.031 0.031 0.031 0.030 0.031 0.030 0.030 0.029 0.029 0.029 0.026 0.021 0.016 0.012 0.007 0.002 0.000 0.000 0.000 0.000 0.000 0.000 0.000 0.000 0.000 0.000 0.000
0.000 0.000 0.000 0.000 0.000 0.000 0.000 0.000 0.000 0.000 0.000 0.000 0.000 0.000 0.000 0.000 0.000 0.000 0.000 0.000 0.000 0.000 0.000 0.000 0.000 0.000 0.000 0.000 0.000 0.000 0.000 0.046 0.051 0.064 0.075 0.086 0.079 0.083 0.082 0.086 0.082 0.086 0.000 0.000 0.000 0.000 0.000 0.000 0.000 0.031 0.031 0.031 0.031 0.031 0.030 0.030 0.030 0.030 0.029 0.029 0.028 0.028 0.023 0.018 0.014 0.009 0.004 0.000 0.000 0.000 0.000 0.000 0.000 0.000 0.000 0.000 0.000
0.000 0.000 0.000 0.000 0.000 0.000 0.000 0.000 0.000 0.000 0.000 0.000 0.000 0.000 0.000 0.000 0.000 0.000 0.000 0.000 0.000 0.000 0.000 0.000 0.000 0.000 0.000 0.000 0.000 0.000 0.024 0.047 0.049 0.070 0.076 0.082 0.083 0.081 0.085 0.089 0.087 0.080 0.000 0.000 0.000 0.000 0.000 0.000 0.031 0.031 0.032 0.031 0.031 0.031 0.030 0.031 0.030 0.030 0.029 0.029 0.028 0.028 0.028 0.026 0.021 0.016 0.011 0.006 0.000 0.000 0.000 0.000 0.000 0.000 0.000 0.000 0.000
0.000 0.000 0.000 0.000 0.000 0.000 0.000 0.000 0.000 0.000 0.000 0.000 0.000 0.000 0.000 0.000 0.000 0.000 0.000 0.000 0.000 0.000 0.000 0.000 0.000 0.000 0.000 0.000 0.000 0.000 0.042 0.050 0.055 0.063 0.075 0.081 0.083 0.083 0.084 0.089 0.093 0.090 0.000 0.000 0.000 0.000 0.000 0.000 0.031 0.031 0.032 0.031 0.031 0.031 0.030 0.030 0.029 0.030 0.029 0.029 0.028 0.028 0.027 0.026 0.026 0.023 0.018 0.013 0.008 0.003 0.000 0.000 0.000 0.000 0.000 0.000 0.000
0.000 0.000 0.000 0.000 0.000 0.000 0.000 0.000 0.000 0.000 0.000 0.000 0.000 0.000 0.000 0.000 0.000 0.000 0.000 0.000 0.000 0.000 0.000 0.000 0.000 0.000 0.000 0.000 0.000 0.000 0.048 0.054 0.061 0.067 0.076 0.078 0.073 0.077 0.088 0.083 0.091 0.000 0.000 0.000 0.000 0.000 0.000 0.000 0.032 0.032 0.031 0.032 0.032 0.031 0.031 0.030 0.030 0.030 0.029 0.029 0.029 0.028 0.027 0.027 0.026 0.025 0.025 0.020 0.015 0.010 0.004 0.000 0.000 0.000 0.000 0.000 0.000
0.000 0.000 0.000 0.000 0.000 0.000 0.000 0.000 0.000 0.000 0.000 0.000 0.000 0.000 0.000 0.000 0.000 0.000 0.000 0.000 0.000 0.000 0.000 0.000 0.000 0.000 0.000 0.000 0.000 0.000 0.044 0.049 0.058 0.065 0.078 0.080 0.078 0.074 0.081 0.085 0.079 0.000 0.000 0.000 0.000 0.000 0.000 0.032 0.032 0.032 0.031 0.031 0.031 0.031 0.031 0.030 0.031 0.030 0.029 0.029 0.029 0.028 0.026 0.026 0.026 0.025 0.024 0.024 0.022 0.017 0.011 0.006 0.000 0.000 0.000 0.000 0.000
0.000 0.000 0.000 0.000 0.000 0.000 0.000 0.000 0.000 0.000 0.000 0.000 0.000 0.000 0.000 0.000 0.000 0.000 0.000 0.000 0.000 0.000 0.000 0.000 0.000 0.000 0.000 0.000 0.050 0.042 0.050 0.058 0.065 0.070 0.079 0.085 0.085 0.087 0.087 0.086 0.075 0.000 0.000 0.000 0.000 0.000 0.000 0.033 0.033 0.033 0.033 0.032 0.032 0.031 0.030 0.030 0.030 0.029 0.029 0.029 0.029 0.028 0.027 0.026 0.025 0.024 0.024 0.024 0.023 0.022 0.018 0.013 0.008 0.003 0.000 0.000 0.000
0.000 0.000 0.000 0.000 0.000 0.000 0.000 0.000 0.000 0.000 0.000 0.000 0.000 0.000 0.000 0.000 0.000 0.000 0.000 0.000 0.000 0.000 0.000 0.000 0.000 0.000 0.000 0.000 0.036 0.048 0.053 0.059 0.062 0.070 0.085 0.082 0.084 0.091 0.089 0.085 0.078 0.000 0.000 0.000 0.000 0.000 0.000 0.034 0.034 0.034 0.033 0.033 0.032 0.032 0.031 0.030 0.030 0.029 0.028 0.028 0.028 0.028 0.026 0.026 0.025 0.024 0.024 0.023 0.023 0.022 0.021 0.020 0.014 0.009 0.004 0.000 0.000
0.000 0.000 0.000 0.000 0.000 0.000 0.000 0.000 0.000 0.000 0.000 0.000 0.000 0.000 0.000 0.000 0.000 0.000 0.000 0.000 0.000 0.000 0.000 0.000 0.000 0.000 0.000 0.000 0.028 0.048 0.056 0.059 0.065 0.068 0.082 0.083 0.086 0.091 0.077 0.079 0.086 0.000 0.000 0.000 0.000 0.000 0.000 0.035 0.034 0.034 0.034 0.034 0.034 0.033 0.032 0.030 0.030 0.029 0.028 0.028 0.028 0.028 0.027 0.026 0.025 0.024 0.023 0.022 0.022 0.021 0.021 0.019 0.019 0.016 0.010 0.005 0.000
0.000 0.000 0.000 0.000 0.000 0.000 0.000 0.000 0.000 0.000 0.000 0.000 0.000 0.000 0.000 0.000 0.000 0.000 0.000 0.000 0.000 0.000 0.000 0.000 0.000 0.000 0.000 0.000 0.047 0.033 0.055 0.058 0.072 0.086 0.083 0.094 0.085 0.086 0.086 0.074 0.090 0.000 0.000 0.000 0.000 0.000 0.037 0.036 0.036 0.035 0.034 0.034 0.034 0.034 0.033 0.031 0.030 0.028 0.028 0.028 0.028 0.028 0.027 0.025 0.024 0.024 0.023 0.022 0.021 0.021 0.020 0.019 0.018 0.017 0.016 0.012 0.006
0.000 0.000 0.000 0.000 0.000 0.000 0.000 0.000 0.000 0.000 0.000 0.000 0.000 0.000 0.000 0.000 0.000 0.000 0.000 0.000 0.000 0.000 0.000 0.000 0.000 0.000 0.000 0.000 0.039 0.054 0.060 0.077 0.071 0.089 0.086 0.080 0.088 0.080 0.084 0.084 0.078 0.000 0.000 0.000 0.000 0.000 0.037 0.036 0.036 0.036 0.035 0.035 0.034 0.034 0.033 0.031 0.030 0.029 0.028 0.027 0.027 0.027 0.027 0.025 0.024 0.023 0.022 0.021 0.021 0.020 0.019 0.018 0.017 0.016 0.015 0.014 0.012
0.000 0.000 0.000 0.000 0.000 0.000 0.000 0.000 0.000 0.000 0.000 0.000 0.000 0.000 0.000 0.000 0.000 0.000 0.000 0.000 0.000 0.000 0.000 0.000 0.000 0.000 0.000 0.023 0.033 0.056 0.054 0.071 0.079 0.083 0.092 0.078 0.076 0.077 0.075 0.079 0.080 0.000 0.000 0.000 0.000 0.000 0.036 0.036 0.035 0.035 0.035 0.035 0.035 0.035 0.034 0.032 0.030 0.029 0.028 0.028 0.027 0.027 0.026 0.025 0.023 0.022 0.022 0.021 0.020 0.020 0.018 0.017 0.016 0.015 0.014 0.013 0.012
0.000 0.000 0.000 0.000 0.000 0.000 0.000 0.000 0.000 0.000 0.000 0.000 0.000 0.000 0.000 0.000 0.000 0.000 0.000 0.000 0.000 0.000 0.000 0.000 0.000 0.000 0.000 0.025 0.037 0.048 0.068 0.074 0.081 0.084 0.079 0.078 0.079 0.080 0.082 0.081 0.076 0.074 0.072 0.000 0.000 0.000 0.000 0.000 0.036 0.036 0.036 0.036 0.035 0.036 0.035 0.033 0.030 0.029 0.028 0.027 0.027 0.026 0.026 0.024 0.023 0.022 0.021 0.020 0.020 0.019 0.018 0.017 0.015 0.014 0.014 0.012 0.011
0.000 0.000 0.000 0.000 0.000 0.000 0.000 0.000 0.000 0.000 0.000 0.000 0.000 0.000 0.000 0.000 0.000 0.000 0.000 0.000 0.000 0.000 0.000 0.000 0.000 0.000 0.000 0.035 0.033 0.060 0.060 0.074 0.079 0.075 0.083 0.073 0.077 0.076 0.080 0.087 0.081 0.076 0.073 0.074 0.073 0.073 0.000 0.041 0.038 0.036 0.036 0.036 0.036 0.036 0.036 0.034 0.031 0.029 0.028 0.027 0.026 0.026 0.025 0.024 0.023 0.021 0.020 0.019 0.018 0.018 0.017 0.016 0.014 0.013 0.012 0.011 0.009
0.000 0.000 0.000 0.000 0.000 0.000 0.000 0.000 0.000 0.000 0.000 0.000 0.000 0.000 0.000 0.000 0.000 0.000 0.000 0.000 0.000 0.000 0.000 0.000 0.000 0.000 0.000 0.034 0.043 0.045 0.072 0.073 0.083 0.086 0.081 0.082 0.083 0.081 0.082 0.080 0.081 0.078 0.076 0.073 0.071 0.067 0.057 0.047 0.040 0.038 0.037 0.036 0.036 0.036 0.036 0.035 0.031 0.029 0.028 0.026 0.026 0.025 0.025 0.023 0.022 0.021 0.019 0.018 0.017 0.017 0.016 0.014 0.013 0.012 0.011 0.009 0.007
0.000 0.000 0.000 0.000 0.000 0.000 0.000 0.000 0.000 0.000 0.000 0.000 0.000 0.000 0.000 0.000 0.000 0.000 0.000 0.000 0.000 0.000 0.000 0.000 0.000 0.000 0.000 0.040 0.036 0.061 0.064 0.073 0.083 0.119 0.096 0.080 0.080 0.080 0.087 0.083 0.000 0.080 0.076 0.071 0.067 0.061 0.054 0.045 0.041 0.039 0.037 0.036 0.036 0.036 0.035 0.033 0.031 0.028 0.027 0.026 0.025 0.025 0.024 0.023 0.021 0.020 0.018 0.018 0.017 0.016 0.014 0.013 0.012 0.010 0.008 0.006 0.006
0.000 0.000 0.000 0.000 0.000 0.000 0.000 0.000 0.000 0.000 0.000 0.000 0.000 0.000 0.000 0.000 0.000 0.000 0.000 0.000 0.000 0.000 0.000 0.000 0.000 0.000 0.000 0.044 0.049 0.051 0.072 0.073 0.090 0.090 0.081 0.079 0.077 0.080 0.086 0.000 0.000 0.000 0.000 0.000 0.064 0.060 0.050 0.043 0.040 0.039 0.037 0.036 0.036 0.036 0.035 0.033 0.031 0.028 0.027 0.025 0.025 0.024 0.023 0.022 0.020 0.019 0.017 0.016 0.016 0.014 0.013 0.011 0.009 0.007 0.006 0.006 0.006
0.000 0.000 0.000 0.000 0.000 0.000 0.000 0.000 0.000 0.000 0.000 0.000 0.000 0.000 0.000 0.000 0.000 0.000 0.000 0.000 0.000 0.000 0.000 0.000 0.000 0.000 0.025 0.044 0.047 0.064 0.067 0.074 0.085 0.071 0.081 0.078 0.075 0.067 0.000 0.000 0.000 0.000 0.000 0.000 0.000 0.000 0.042 0.040 0.040 0.038 0.037 0.037 0.036 0.036 0.034 0.032 0.030 0.028 0.026 0.025 0.024 0.023 0.022 0.021 0.019 0.018 0.016 0.015 0.014 0.012 0.010 0.008 0.007 0.007 0.006 0.006 0.006
0.000 0.000 0.000 0.000 0.000 0.000 0.000 0.000 0.000 0.000 0.000 0.000 0.000 0.000 0.000 0.000 0.000 0.000 0.000 0.000 0.000 0.000 0.000 0.000 0.000 0.000 0.032 0.047 0.054 0.062 0.073 0.079 0.083 0.083 0.082 0.080 0.077 0.074 0.000 0.000 0.000 0.000 0.000 0.000 0.000 0.000 0.041 0.041 0.039 0.038 0.038 0.037 0.036 0.036 0.034 0.031 0.029 0.027 0.026 0.024 0.023 0.022 0.021 0.019 0.018 0.016 0.015 0.013 0.011 0.009 0.007 0.007 0.007 0.007 0.006 0.006 0.006
0.000 0.000 0.000 0.000 0.000 0.000 0.000 0.000 0.000 0.000 0.000 0.000 0.000 0.000 0.000 0.000 0.000 0.000 0.000 0.000 0.000 0.000 0.000 0.000 0.000 0.000 0.032 0.050 0.056 0.066 0.074 0.075 0.086 0.073 0.083 0.084 0.084 0.000 0.000 0.000 0.000 0.000 0.046 0.042 0.043 0.043 0.041 0.040 0.039 0.039 0.037 0.036 0.035 0.035 0.033 0.030 0.028 0.027 0.025 0.024 0.023 0.022 0.020 0.018 0.016 0.014 0.012 0.010 0.008 0.008 0.007 0.007 0.007 0.006 0.006 0.006 0.007
0.000 0.000 0.000 0.000 0.000 0.000 0.000 0.000 0.000 0.000 0.000 0.000 0.000 0.000 0.000 0.000 0.000 0.000 0.000 0.000 0.000 0.000 0.000 0.000 0.000 0.000 0.031 0.054 0.051 0.075 0.066 0.081 0.076 0.080 0.085 0.074 0.073 0.000 0.000 0.000 0.000 0.000 0.000 0.039 0.041 0.042 0.041 0.040 0.040 0.039 0.038 0.036 0.035 0.034 0.032 0.029 0.027 0.026 0.025 0.023 0.021 0.020 0.018 0.016 0.014 0.011 0.009 0.009 0.008 0.008 0.007 0.007 0.007 0.006 0.006 0.007 0.010
0.000 0.000 0.000 0.000 0.000 0.000 0.000 0.000 0.000 0.000 0.000 0.000 0.000 0.000 0.000 0.000 0.000 0.000 0.000 0.000 0.000 0.000 0.000 0.000 0.000 0.000 0.030 0.054 0.054 0.067 0.069 0.084 0.074 0.084 0.076 0.091 0.078 0.000 0.000 0.000 0.000 0.000 0.000 0.000 0.000 0.000 0.039 0.040 0.040 0.040 0.039 0.037 0.035 0.033 0.031 0.028 0.026 0.025 0.024 0.022 0.020 0.018 0.015 0.013 0.009 0.009 0.009 0.009 0.008 0.008 0.007 0.007 0.007 0.007 0.007 0.008 0.012
0.000 0.000 0.000 0.000 0.000 0.000 0.000 0.000 0.000 0.000 0.000 0.000 0.000 0.000 0.000 0.000 0.000 0.000 0.000 0.000 0.000 0.000 0.000 0.000 0.000 0.031 0.034 0.044 0.061 0.063 0.075 0.081 0.078 0.079 0.078 0.076 0.000 0.000 0.000 0.000 0.000 0.000 0.000 0.000 0.000 0.000 0.000 0.000 0.041 0.041 0.040 0.037 0.035 0.032 0.029 0.027 0.025 0.024 0.022 0.020 0.018 0.015 0.011 0.010 0.009 0.009 0.009 0.008 0.008 0.008 0.007 0.007 0.007 0.007 0.008 0.011 0.012
0.084 0.000 0.000 0.000 0.000 0.062 0.051 0.037 0.023 0.019 0.000 0.000 0.000 0.000 0.000 0.000 0.000 0.000 0.000 0.000 0.000 0.000 0.000 0.000 0.000 0.029 0.040 0.039 0.058 0.071 0.079 0.080 0.083 0.081 0.086 0.079 0.000 0.000 0.000 0.000 0.000 0.000 0.000 0.000 0.000 0.000 0.000 0.000 0.000 0.000 0.000 0.034 0.032 0.030 0.027 0.026 0.024 0.022 0.020 0.017 0.014 0.011 0.011 0.010 0.010 0.009 0.009 0.008 0.008 0.008 0.007 0.007 0.007 0.008 0.010 0.014 0.011
0.097 0.094 0.091 0.085 0.080 0.072 0.065 0.052 0.038 0.031 0.024 0.020 0.016 0.006 0.001 0.000 0.000 0.000 0.000 0.000 0.000 0.000 0.000 0.000 0.000 0.026 0.043 0.046 0.055 0.065 0.080 0.090 0.083 0.082 0.087 0.085 0.000 0.000 0.000 0.000 0.000 0.000 0.000 0.000 0.000 0.000 0.000 0.000 0.000 0.000 0.000 0.000 0.000 0.000 0.026 0.025 0.022 0.019 0.016 0.013 0.012 0.011 0.010 0.010 0.010 0.009 0.009 0.008 0.008 0.008 0.008 0.008 0.008 0.010 0.015 0.015 0.012
0.110 0.107 0.102 0.097 0.093 0.085 0.078 0.066 0.051 0.042 0.035 0.030 0.025 0.018 0.005 0.001 0.001 0.000 0.000 0.000 0.000 0.000 0.000 0.000 0.000 0.027 0.040 0.049 0.054 0.068 0.076 0.079 0.080 0.078 0.085 0.073 0.000 0.000 0.000 0.000 0.000 0.000 0.000 0.000 0.000 0.000 0.000 0.000 0.000 0.000 0.000 0.000 0.000 0.000 0.000 0.000 0.015 0.013 0.014 0.013 0.012 0.011 0.010 0.010 0.010 0.009 0.009 0.009 0.008 0.008 0.008 0.009 0.011 0.016 0.022 0.018 0.014
0.125 0.118 0.115 0.109 0.104 0.097 0.088 0.076 0.063 0.053 0.044 0.039 0.033 0.025 0.019 0.006 0.001 0.002 0.002 0.002 0.001 0.000 0.000 0.000 0.000 0.029 0.035 0.045 0.059 0.069 0.076 0.077 0.080 0.087 0.073 0.000 0.000 0.000 0.000 0.000 0.000 0.000 0.000 0.000 0.000 0.000 0.000 0.000 0.000 0.000 0.000 0.000 0.000 0.000 0.000 0.000 0.012 0.013 0.013 0.012 0.011 0.011 0.010 0.010 0.010 0.009 0.009 0.009 0.009 0.009 0.011 0.015 0.020 0.027 0.027 0.023 0.018
0.133 0.133 0.125 0.120 0.114 0.107 0.096 0.085 0.072 0.062 0.053 0.047 0.042 0.033 0.026 0.018 0.006 0.002 0.003 0.004 0.005 0.005 0.007 0.017 0.024 0.026 0.033 0.045 0.060 0.068 0.075 0.080 0.085 0.085 0.081 0.000 0.000 0.000 0.000 0.000 0.000 0.000 0.000 0.000 0.000 0.000 0.000 0.000 0.000 0.000 0.000 0.000 0.000 0.000 0.000 0.000 0.010 0.011 0.012 0.011 0.011 0.010 0.010 0.010 0.010 0.010 0.010 0.010 0.010 0.013 0.019 0.025 0.032 0.038 0.034 0.030 0.025
0.148 0.145 0.137 0.132 0.124 0.115 0.103 0.093 0.080 0.071 0.062 0.055 0.049 0.041 0.034 0.027 0.017 0.006 0.004 0.005 0.006 0.007 0.010 0.020 0.020 0.028 0.033 0.047 0.054 0.066 0.074 0.078 0.081 0.080 0.079 0.000 0.000 0.000 0.000 0.000 0.000 0.000 0.000 0.000 0.000 0.000 0.000 0.000 0.000 0.000 0.000 0.000 0.000 0.000 0.000 0.000 0.008 0.010 0.010 0.010 0.010 0.010 0.010 0.010 0.010 0.010 0.010 0.011 0.015 0.021 0.029 0.037 0.045 0.046 0.041 0.037 0.032
0.163 0.156 0.150 0.141 0.132 0.122 0.111 0.100 0.088 0.079 0.071 0.064 0.057 0.049 0.042 0.036 0.027 0.016 0.007 0.006 0.007 0.008 0.012 0.021 0.020 0.028 0.037 0.043 0.051 0.058 0.070 0.072 0.071 0.075 0.076 0.000 0.000 0.000 0.000 0.000 0.000 0.000 0.000 0.000 0.000 0.000 0.000 0.000 0.000 0.000 0.000 0.000 0.000 0.000 0.000 0.000 0.006 0.008 0.009 0.009 0.009 0.010 0.010 0.011 0.011 0.012 0.013 0.017 0.023 0.031 0.040 0.000 0.000 0.053 0.049 0.045 0.040
0.000 0.000 0.158 0.149 0.140 0.129 0.120 0.108 0.097 0.088 0.080 0.072 0.066 0.058 0.050 0.044 0.036 0.026 0.016 0.007 0.008 0.009 0.014 0.019 0.024 0.027 0.037 0.043 0.058 0.061 0.065 0.069 0.069 0.068 0.000 0.000 0.000 0.000 0.000 0.000 0.000 0.000 0.000 0.000 0.000 0.000 0.000 0.000 0.000 0.000 0.000 0.000 0.000 0.000 0.000 0.000 0.005 0.007 0.008 0.009 0.009 0.010 0.011 0.012 0.014 0.016 0.020 0.026 0.033 0.040 0.000 0.000 0.000 0.000 0.000 0.052 0.048
