数据/2hours/0.1-2h-30y/coupled-117-0001.wd
ncols         694
nrows         824
xllcorner     581104.939801
yllcorner     3495917.092414
cellsize      2.000000
NODATA_value  -9999.000000
[rows 442 to 475 of 824, columns 385 to 461 of 694]
0.000 0.000 0.000 0.155 0.147 0.135 0.123 0.113 0.103 0.094 0.087 0.080 0.073 0.068 0.062 0.056 0.050 0.043 0.033 0.021 0.012 0.012 0.015 0.018 0.024 0.026 0.040 0.043 0.054 0.066 0.061 0.062 0.068 0.065 0.000 0.000 0.000 0.000 0.000 0.000 0.000 0.000 0.000 0.000 0.000 0.000 0.000 0.000 0.000 0.000 0.000 0.000 0.000 0.000 0.000 0.000 0.005 0.007 0.008 0.009 0.011 0.013 0.016 0.019 0.024 0.029 0.035 0.042 0.049 0.056 0.000 0.000 0.000 0.000 0.000 0.000 0.000
0.000 0.000 0.000 0.000 0.000 0.140 0.133 0.121 0.112 0.103 0.095 0.089 0.082 0.077 0.071 0.065 0.059 0.052 0.042 0.030 0.018 0.013 0.014 0.017 0.022 0.031 0.037 0.045 0.051 0.061 0.064 0.063 0.062 0.068 0.000 0.000 0.000 0.000 0.000 0.000 0.000 0.000 0.000 0.000 0.000 0.000 0.000 0.000 0.000 0.000 0.000 0.000 0.000 0.000 0.000 0.000 0.005 0.007 0.010 0.012 0.015 0.019 0.025 0.030 0.036 0.042 0.049 0.056 0.062 0.069 0.076 0.078 0.000 0.000 0.000 0.000 0.000
0.000 0.000 0.000 0.000 0.000 0.000 0.000 0.128 0.120 0.113 0.105 0.098 0.091 0.086 0.080 0.074 0.068 0.060 0.050 0.039 0.027 0.017 0.014 0.017 0.024 0.028 0.038 0.044 0.052 0.061 0.058 0.061 0.061 0.000 0.000 0.000 0.000 0.000 0.000 0.000 0.000 0.000 0.000 0.000 0.000 0.000 0.000 0.000 0.000 0.000 0.000 0.000 0.000 0.000 0.000 0.000 0.008 0.013 0.018 0.022 0.025 0.030 0.036 0.043 0.049 0.055 0.062 0.069 0.076 0.082 0.089 0.086 0.080 0.075 0.070 0.000 0.000
0.000 0.000 0.000 0.000 0.000 0.000 0.000 0.000 0.126 0.122 0.115 0.108 0.102 0.095 0.090 0.084 0.076 0.069 0.059 0.048 0.037 0.025 0.015 0.017 0.024 0.027 0.039 0.045 0.057 0.059 0.058 0.059 0.057 0.000 0.000 0.000 0.000 0.000 0.000 0.000 0.000 0.000 0.000 0.000 0.000 0.000 0.000 0.000 0.000 0.000 0.000 0.000 0.000 0.000 0.000 0.000 0.000 0.026 0.000 0.000 0.035 0.042 0.049 0.055 0.061 0.068 0.075 0.082 0.089 0.095 0.097 0.093 0.087 0.082 0.076 0.070 0.065
0.000 0.000 0.000 0.000 0.000 0.000 0.000 0.000 0.000 0.000 0.118 0.115 0.111 0.105 0.100 0.093 0.086 0.078 0.068 0.057 0.045 0.035 0.024 0.017 0.024 0.029 0.036 0.043 0.054 0.055 0.054 0.058 0.052 0.000 0.000 0.000 0.000 0.000 0.000 0.000 0.000 0.000 0.000 0.000 0.000 0.000 0.000 0.000 0.000 0.000 0.000 0.000 0.000 0.000 0.000 0.000 0.000 0.000 0.000 0.000 0.000 0.000 0.000 0.000 0.074 0.081 0.088 0.095 0.102 0.109 0.105 0.100 0.095 0.088 0.084 0.077 0.072
0.000 0.000 0.000 0.000 0.000 0.000 0.000 0.000 0.000 0.000 0.000 0.118 0.115 0.112 0.108 0.103 0.095 0.086 0.075 0.064 0.053 0.042 0.032 0.023 0.024 0.031 0.036 0.041 0.046 0.048 0.048 0.048 0.043 0.036 0.030 0.025 0.000 0.000 0.000 0.000 0.000 0.000 0.000 0.000 0.000 0.000 0.000 0.000 0.000 0.000 0.000 0.000 0.000 0.000 0.000 0.000 0.000 0.000 0.000 0.000 0.000 0.000 0.000 0.000 0.000 0.000 0.000 0.000 0.115 0.117 0.113 0.107 0.102 0.097 0.090 0.085 0.079
0.000 0.000 0.000 0.000 0.000 0.000 0.000 0.000 0.000 0.000 0.000 0.000 0.000 0.115 0.112 0.107 0.101 0.093 0.083 0.072 0.062 0.051 0.040 0.030 0.025 0.028 0.035 0.039 0.047 0.042 0.039 0.042 0.036 0.031 0.026 0.019 0.015 0.010 0.007 0.007 0.000 0.000 0.000 0.000 0.000 0.000 0.000 0.000 0.000 0.000 0.000 0.000 0.000 0.000 0.000 0.000 0.000 0.000 0.000 0.000 0.000 0.000 0.000 0.000 0.000 0.000 0.000 0.000 0.000 0.000 0.000 0.114 0.109 0.104 0.098 0.092 0.087
0.000 0.000 0.000 0.000 0.000 0.000 0.000 0.000 0.000 0.000 0.000 0.000 0.000 0.000 0.000 0.109 0.102 0.095 0.085 0.075 0.066 0.057 0.048 0.039 0.031 0.028 0.030 0.037 0.035 0.034 0.037 0.031 0.030 0.027 0.021 0.020 0.017 0.012 0.010 0.009 0.007 0.005 0.005 0.000 0.000 0.000 0.000 0.000 0.000 0.000 0.000 0.000 0.000 0.000 0.000 0.000 0.000 0.000 0.000 0.000 0.000 0.000 0.000 0.000 0.000 0.000 0.000 0.000 0.000 0.000 0.000 0.000 0.000 0.000 0.000 0.099 0.094
0.000 0.000 0.000 0.000 0.000 0.000 0.000 0.000 0.000 0.000 0.000 0.000 0.000 0.000 0.000 0.000 0.103 0.095 0.082 0.073 0.066 0.060 0.053 0.043 0.035 0.032 0.031 0.035 0.035 0.033 0.030 0.027 0.027 0.023 0.022 0.023 0.019 0.014 0.012 0.011 0.011 0.009 0.008 0.005 0.004 0.003 0.003 0.000 0.000 0.000 0.000 0.000 0.000 0.000 0.000 0.000 0.000 0.000 0.000 0.000 0.000 0.000 0.000 0.000 0.000 0.000 0.000 0.000 0.000 0.000 0.000 0.000 0.000 0.000 0.000 0.000 0.000
0.000 0.000 0.000 0.000 0.000 0.000 0.000 0.000 0.000 0.000 0.000 0.000 0.000 0.000 0.000 0.000 0.000 0.000 0.071 0.066 0.062 0.058 0.054 0.048 0.040 0.034 0.028 0.029 0.035 0.026 0.026 0.026 0.026 0.027 0.028 0.026 0.020 0.017 0.016 0.015 0.015 0.015 0.014 0.011 0.008 0.007 0.006 0.004 0.004 0.003 0.002 0.001 0.001 0.001 0.000 0.000 0.000 0.000 0.000 0.000 0.000 0.000 0.000 0.000 0.000 0.000 0.000 0.000 0.000 0.000 0.000 0.000 0.000 0.000 0.000 0.000 0.000
0.000 0.000 0.000 0.000 0.000 0.000 0.000 0.000 0.000 0.000 0.000 0.000 0.000 0.000 0.000 0.000 0.000 0.000 0.063 0.061 0.059 0.055 0.051 0.047 0.044 0.035 0.033 0.024 0.025 0.028 0.027 0.031 0.040 0.041 0.037 0.029 0.027 0.025 0.020 0.019 0.021 0.023 0.023 0.020 0.017 0.015 0.013 0.010 0.007 0.006 0.006 0.004 0.003 0.003 0.002 0.002 0.001 0.001 0.000 0.000 0.000 0.000 0.000 0.000 0.000 0.000 0.000 0.000 0.000 0.000 0.000 0.000 0.000 0.000 0.000 0.000 0.000
0.000 0.000 0.000 0.000 0.000 0.000 0.000 0.000 0.000 0.000 0.000 0.000 0.000 0.000 0.000 0.000 0.000 0.000 0.060 0.060 0.056 0.051 0.048 0.045 0.046 0.043 0.038 0.029 0.020 0.023 0.023 0.030 0.038 0.041 0.042 0.042 0.043 0.037 0.031 0.029 0.027 0.027 0.030 0.031 0.028 0.024 0.023 0.022 0.018 0.015 0.013 0.010 0.008 0.007 0.006 0.006 0.005 0.004 0.004 0.003 0.004 0.000 0.000 0.000 0.000 0.000 0.000 0.000 0.000 0.000 0.000 0.000 0.000 0.000 0.000 0.000 0.000
0.000 0.000 0.000 0.000 0.000 0.000 0.000 0.000 0.000 0.000 0.000 0.000 0.000 0.000 0.000 0.000 0.000 0.000 0.061 0.060 0.057 0.051 0.047 0.044 0.043 0.039 0.038 0.033 0.034 0.029 0.029 0.033 0.033 0.032 0.033 0.040 0.049 0.054 0.052 0.045 0.038 0.037 0.039 0.037 0.034 0.035 0.035 0.031 0.031 0.028 0.025 0.022 0.018 0.014 0.012 0.012 0.013 0.013 0.012 0.011 0.010 0.008 0.007 0.007 0.010 0.000 0.000 0.000 0.000 0.000 0.000 0.000 0.000 0.000 0.000 0.000 0.000
0.000 0.000 0.000 0.000 0.000 0.000 0.000 0.000 0.000 0.000 0.000 0.000 0.000 0.000 0.000 0.000 0.000 0.073 0.067 0.064 0.058 0.053 0.051 0.047 0.045 0.037 0.029 0.023 0.025 0.028 0.029 0.033 0.037 0.040 0.042 0.042 0.044 0.050 0.058 0.060 0.057 0.053 0.050 0.046 0.045 0.042 0.041 0.041 0.042 0.038 0.036 0.036 0.031 0.025 0.023 0.021 0.020 0.020 0.022 0.023 0.022 0.022 0.022 0.022 0.024 0.025 0.016 0.009 0.002 0.000 0.000 0.000 0.000 0.000 0.000 0.000 0.000
0.000 0.000 0.000 0.000 0.000 0.000 0.000 0.000 0.000 0.000 0.000 0.000 0.000 0.000 0.000 0.000 0.000 0.073 0.066 0.064 0.065 0.061 0.057 0.051 0.042 0.039 0.030 0.029 0.029 0.024 0.024 0.031 0.039 0.046 0.053 0.056 0.057 0.058 0.062 0.063 0.061 0.060 0.060 0.056 0.051 0.050 0.051 0.049 0.050 0.050 0.048 0.047 0.043 0.038 0.034 0.032 0.030 0.031 0.031 0.032 0.033 0.033 0.034 0.035 0.036 0.032 0.024 0.016 0.007 0.000 0.000 0.000 0.000 0.000 0.000 0.000 0.000
0.000 0.000 0.000 0.000 0.000 0.000 0.000 0.000 0.000 0.000 0.000 0.000 0.000 0.000 0.000 0.000 0.000 0.065 0.062 0.061 0.066 0.068 0.068 0.064 0.050 0.038 0.031 0.034 0.033 0.032 0.038 0.046 0.050 0.053 0.057 0.063 0.068 0.069 0.068 0.067 0.066 0.068 0.067 0.062 0.057 0.056 0.054 0.053 0.055 0.058 0.060 0.058 0.053 0.051 0.047 0.043 0.041 0.041 0.041 0.043 0.044 0.045 0.047 0.048 0.049 0.038 0.030 0.020 0.008 0.000 0.000 0.000 0.000 0.000 0.000 0.000 0.000
0.000 0.000 0.000 0.000 0.000 0.000 0.000 0.000 0.000 0.000 0.000 0.000 0.000 0.000 0.000 0.000 0.000 0.072 0.072 0.076 0.079 0.084 0.085 0.089 0.084 0.067 0.050 0.044 0.042 0.045 0.052 0.059 0.065 0.071 0.074 0.076 0.076 0.079 0.078 0.074 0.072 0.074 0.073 0.070 0.066 0.062 0.059 0.059 0.060 0.063 0.065 0.064 0.061 0.060 0.058 0.055 0.054 0.053 0.053 0.054 0.056 0.057 0.058 0.060 0.055 0.041 0.031 0.019 0.007 0.000 0.000 0.000 0.000 0.000 0.000 0.000 0.000
0.000 0.000 0.000 0.000 0.000 0.000 0.000 0.000 0.000 0.000 0.000 0.000 0.000 0.000 0.000 0.000 0.079 0.082 0.089 0.091 0.094 0.101 0.106 0.106 0.108 0.104 0.091 0.077 0.073 0.074 0.077 0.081 0.082 0.083 0.088 0.092 0.093 0.089 0.085 0.084 0.081 0.080 0.079 0.076 0.072 0.068 0.066 0.065 0.066 0.068 0.069 0.069 0.067 0.066 0.065 0.064 0.063 0.064 0.064 0.065 0.067 0.069 0.071 0.071 0.059 0.044 0.030 0.024 0.016 0.009 0.005 0.003 0.001 0.000 0.000 0.000 0.000
0.000 0.000 0.000 0.000 0.000 0.000 0.000 0.000 0.000 0.000 0.000 0.000 0.000 0.000 0.000 0.000 0.112 0.105 0.102 0.106 0.106 0.102 0.096 0.088 0.079 0.077 0.088 0.083 0.073 0.069 0.070 0.078 0.086 0.095 0.100 0.103 0.105 0.105 0.100 0.093 0.089 0.086 0.083 0.079 0.077 0.074 0.071 0.070 0.071 0.072 0.075 0.075 0.074 0.073 0.072 0.071 0.071 0.071 0.071 0.073 0.075 0.078 0.081 0.079 0.084 0.077 0.066 0.057 0.046 0.035 0.026 0.018 0.012 0.008 0.006 0.002 0.000
0.000 0.000 0.000 0.000 0.000 0.000 0.000 0.000 0.000 0.000 0.000 0.000 0.000 0.000 0.000 0.000 0.119 0.112 0.111 0.112 0.107 0.104 0.095 0.089 0.079 0.068 0.082 0.092 0.085 0.078 0.081 0.083 0.089 0.096 0.106 0.111 0.114 0.116 0.113 0.104 0.097 0.092 0.088 0.085 0.082 0.079 0.076 0.075 0.075 0.077 0.079 0.081 0.081 0.081 0.080 0.079 0.079 0.080 0.080 0.081 0.084 0.080 0.076 0.073 0.077 0.080 0.083 0.086 0.086 0.073 0.061 0.049 0.037 0.028 0.023 0.019 0.014
0.278 0.270 0.267 0.000 0.000 0.000 0.000 0.000 0.000 0.000 0.000 0.000 0.000 0.000 0.000 0.122 0.122 0.108 0.102 0.095 0.096 0.094 0.095 0.090 0.093 0.088 0.088 0.104 0.106 0.100 0.099 0.099 0.099 0.104 0.115 0.122 0.125 0.127 0.123 0.111 0.102 0.096 0.093 0.090 0.086 0.083 0.081 0.080 0.080 0.083 0.085 0.087 0.087 0.087 0.088 0.088 0.088 0.088 0.089 0.086 0.083 0.078 0.073 0.068 0.071 0.074 0.076 0.078 0.079 0.080 0.081 0.080 0.074 0.063 0.055 0.048 0.042
0.278 0.278 0.272 0.285 0.284 0.290 0.000 0.000 0.000 0.000 0.000 0.000 0.000 0.000 0.000 0.135 0.126 0.111 0.105 0.101 0.101 0.092 0.093 0.079 0.077 0.087 0.092 0.095 0.111 0.107 0.097 0.103 0.111 0.119 0.126 0.131 0.135 0.143 0.000 0.105 0.104 0.102 0.099 0.092 0.089 0.087 0.085 0.085 0.086 0.089 0.091 0.094 0.095 0.095 0.096 0.096 0.096 0.094 0.088 0.083 0.079 0.075 0.069 0.063 0.065 0.067 0.069 0.071 0.072 0.072 0.072 0.072 0.072 0.075 0.079 0.084 0.081
0.291 0.291 0.283 0.287 0.286 0.294 0.291 0.302 0.311 0.302 0.000 0.000 0.000 0.000 0.000 0.131 0.119 0.116 0.116 0.117 0.102 0.103 0.093 0.093 0.078 0.080 0.088 0.092 0.103 0.113 0.115 0.115 0.121 0.129 0.136 0.143 0.145 0.000 0.000 0.000 0.000 0.000 0.000 0.092 0.094 0.092 0.089 0.090 0.093 0.096 0.097 0.100 0.102 0.102 0.103 0.103 0.096 0.091 0.085 0.080 0.076 0.072 0.067 0.060 0.060 0.062 0.063 0.064 0.065 0.065 0.064 0.063 0.064 0.066 0.071 0.077 0.083
0.000 0.000 0.000 0.300 0.293 0.300 0.298 0.302 0.303 0.297 0.288 0.283 0.276 0.000 0.000 0.148 0.133 0.118 0.114 0.111 0.109 0.105 0.101 0.091 0.093 0.102 0.097 0.102 0.109 0.117 0.114 0.116 0.122 0.131 0.143 0.000 0.000 0.000 0.000 0.000 0.000 0.000 0.000 0.000 0.000 0.000 0.091 0.096 0.099 0.102 0.103 0.106 0.109 0.110 0.104 0.098 0.092 0.086 0.081 0.077 0.073 0.068 0.064 0.057 0.055 0.056 0.057 0.057 0.057 0.056 0.055 0.054 0.056 0.059 0.065 0.071 0.075
0.000 0.000 0.000 0.000 0.000 0.000 0.307 0.310 0.305 0.297 0.295 0.286 0.269 0.233 0.193 0.166 0.143 0.115 0.110 0.112 0.103 0.111 0.101 0.096 0.092 0.095 0.103 0.109 0.113 0.123 0.131 0.130 0.128 0.131 0.000 0.000 0.000 0.000 0.000 0.000 0.000 0.000 0.000 0.000 0.000 0.000 0.000 0.000 0.000 0.000 0.108 0.113 0.111 0.107 0.100 0.094 0.088 0.082 0.077 0.072 0.068 0.064 0.059 0.053 0.049 0.049 0.048 0.048 0.047 0.046 0.046 0.046 0.049 0.054 0.059 0.064 0.067
0.000 0.000 0.000 0.000 0.000 0.000 0.000 0.000 0.000 0.000 0.296 0.285 0.270 0.238 0.195 0.174 0.150 0.121 0.117 0.115 0.111 0.110 0.105 0.104 0.110 0.108 0.113 0.113 0.123 0.134 0.141 0.137 0.145 0.000 0.000 0.000 0.000 0.000 0.000 0.000 0.000 0.000 0.000 0.000 0.000 0.000 0.000 0.000 0.000 0.000 0.000 0.000 0.000 0.000 0.092 0.089 0.085 0.077 0.072 0.067 0.064 0.059 0.054 0.049 0.044 0.043 0.042 0.041 0.040 0.039 0.039 0.040 0.043 0.048 0.053 0.057 0.060
0.000 0.000 0.000 0.000 0.000 0.000 0.000 0.000 0.000 0.000 0.000 0.000 0.000 0.000 0.187 0.164 0.135 0.119 0.121 0.125 0.125 0.124 0.113 0.112 0.127 0.115 0.113 0.117 0.126 0.136 0.143 0.148 0.000 0.000 0.000 0.000 0.000 0.000 0.000 0.000 0.000 0.000 0.000 0.000 0.000 0.000 0.000 0.000 0.000 0.000 0.000 0.000 0.000 0.000 0.000 0.000 0.000 0.069 0.067 0.064 0.060 0.055 0.051 0.045 0.039 0.038 0.037 0.036 0.034 0.033 0.033 0.034 0.037 0.041 0.045 0.048 0.051
0.000 0.000 0.000 0.000 0.000 0.000 0.000 0.000 0.000 0.000 0.000 0.000 0.000 0.000 0.000 0.140 0.130 0.107 0.126 0.125 0.125 0.133 0.134 0.129 0.135 0.138 0.137 0.140 0.150 0.156 0.163 0.161 0.000 0.000 0.000 0.000 0.000 0.000 0.000 0.000 0.000 0.000 0.000 0.000 0.000 0.000 0.000 0.000 0.000 0.000 0.000 0.000 0.000 0.000 0.000 0.000 0.000 0.000 0.000 0.000 0.000 0.048 0.046 0.042 0.033 0.031 0.031 0.030 0.029 0.028 0.029 0.030 0.032 0.035 0.038 0.040 0.042
0.000 0.000 0.000 0.000 0.000 0.000 0.000 0.000 0.000 0.000 0.000 0.000 0.000 0.000 0.120 0.130 0.121 0.106 0.106 0.111 0.112 0.110 0.106 0.116 0.124 0.141 0.142 0.147 0.155 0.168 0.177 0.179 0.000 0.000 0.000 0.000 0.000 0.000 0.000 0.000 0.000 0.000 0.000 0.000 0.000 0.000 0.000 0.000 0.000 0.000 0.000 0.000 0.000 0.000 0.000 0.000 0.000 0.000 0.000 0.000 0.000 0.000 0.000 0.000 0.019 0.022 0.022 0.022 0.021 0.022 0.023 0.026 0.028 0.030 0.032 0.034 0.035
0.000 0.000 0.000 0.000 0.000 0.000 0.000 0.000 0.000 0.000 0.000 0.000 0.000 0.000 0.136 0.139 0.127 0.112 0.117 0.110 0.112 0.106 0.103 0.111 0.127 0.142 0.146 0.151 0.171 0.178 0.191 0.197 0.000 0.000 0.000 0.000 0.000 0.000 0.000 0.000 0.000 0.000 0.000 0.000 0.000 0.000 0.000 0.000 0.000 0.000 0.000 0.000 0.000 0.000 0.000 0.000 0.000 0.000 0.000 0.000 0.000 0.000 0.000 0.000 0.000 0.000 0.000 0.000 0.010 0.013 0.017 0.019 0.022 0.025 0.027 0.029 0.028
0.000 0.000 0.000 0.000 0.000 0.000 0.000 0.000 0.000 0.000 0.000 0.000 0.000 0.000 0.165 0.161 0.158 0.142 0.138 0.135 0.132 0.124 0.125 0.140 0.160 0.158 0.151 0.165 0.176 0.190 0.209 0.000 0.000 0.000 0.000 0.000 0.000 0.000 0.000 0.000 0.000 0.000 0.000 0.000 0.000 0.000 0.000 0.000 0.000 0.000 0.000 0.000 0.000 0.000 0.000 0.000 0.000 0.000 0.000 0.000 0.000 0.000 0.000 0.000 0.000 0.000 0.000 0.000 0.000 0.000 0.000 0.010 0.013 0.014 0.014 0.014 0.014
0.000 0.000 0.000 0.000 0.000 0.000 0.000 0.000 0.000 0.000 0.000 0.000 0.000 0.000 0.181 0.173 0.170 0.168 0.164 0.157 0.155 0.150 0.152 0.165 0.167 0.172 0.172 0.180 0.190 0.198 0.210 0.000 0.000 0.000 0.000 0.000 0.000 0.000 0.000 0.000 0.000 0.000 0.000 0.000 0.000 0.000 0.000 0.000 0.000 0.000 0.000 0.000 0.000 0.000 0.000 0.000 0.000 0.000 0.000 0.000 0.000 0.000 0.000 0.000 0.000 0.000 0.000 0.000 0.000 0.000 0.000 0.000 0.000 0.000 0.000 0.003 0.005
0.000 0.000 0.000 0.000 0.000 0.000 0.000 0.000 0.000 0.000 0.000 0.000 0.000 0.189 0.184 0.172 0.175 0.163 0.162 0.158 0.151 0.152 0.171 0.192 0.198 0.192 0.200 0.212 0.212 0.224 0.228 0.000 0.000 0.000 0.000 0.000 0.000 0.000 0.000 0.000 0.000 0.000 0.000 0.000 0.000 0.000 0.000 0.000 0.000 0.000 0.000 0.000 0.000 0.000 0.000 0.000 0.000 0.000 0.000 0.000 0.000 0.000 0.000 0.000 0.000 0.000 0.000 0.000 0.000 0.000 0.000 0.000 0.000 0.000 0.000 0.000 0.000
0.000 0.000 0.000 0.000 0.000 0.000 0.000 0.000 0.000 0.000 0.000 0.000 0.000 0.187 0.170 0.160 0.169 0.154 0.147 0.143 0.136 0.148 0.168 0.192 0.204 0.211 0.222 0.239 0.243 0.257 0.000 0.000 0.000 0.000 0.000 0.000 0.000 0.000 0.000 0.000 0.000 0.000 0.000 0.000 0.000 0.000 0.000 0.000 0.000 0.000 0.000 0.000 0.000 0.000 0.000 0.000 0.000 0.000 0.000 0.000 0.000 0.000 0.000 0.000 0.000 0.000 0.000 0.000 0.000 0.000 0.000 0.000 0.000 0.000 0.000 0.000 0.000
