数据/2hours/0.1-2h-30y/coupled-130-0001.wd
ncols         694
nrows         824
xllcorner     581104.939801
yllcorner     3495917.092414
cellsize      2.000000
NODATA_value  -9999.000000
[rows 442 to 475 of 824, columns 385 to 461 of 694]
0.000 0.000 0.000 0.113 0.108 0.101 0.095 0.090 0.085 0.080 0.074 0.067 0.059 0.051 0.043 0.035 0.027 0.021 0.015 0.009 0.005 0.005 0.004 0.006 0.009 0.018 0.018 0.035 0.042 0.048 0.053 0.053 0.049 0.049 0.000 0.000 0.000 0.000 0.000 0.000 0.000 0.000 0.000 0.000 0.000 0.000 0.000 0.000 0.000 0.000 0.000 0.000 0.000 0.000 0.000 0.000 0.005 0.010 0.015 0.021 0.028 0.035 0.043 0.050 0.057 0.065 0.071 0.079 0.085 0.093 0.000 0.000 0.000 0.000 0.000 0.000 0.000
0.000 0.000 0.000 0.000 0.000 0.111 0.106 0.100 0.096 0.090 0.084 0.077 0.068 0.060 0.052 0.044 0.036 0.029 0.022 0.016 0.010 0.007 0.007 0.007 0.009 0.017 0.025 0.033 0.043 0.051 0.050 0.051 0.051 0.050 0.000 0.000 0.000 0.000 0.000 0.000 0.000 0.000 0.000 0.000 0.000 0.000 0.000 0.000 0.000 0.000 0.000 0.000 0.000 0.000 0.000 0.006 0.014 0.021 0.028 0.034 0.041 0.049 0.056 0.063 0.071 0.079 0.085 0.091 0.099 0.105 0.112 0.114 0.000 0.000 0.000 0.000 0.000
0.000 0.000 0.000 0.000 0.000 0.000 0.000 0.111 0.106 0.101 0.094 0.086 0.078 0.070 0.061 0.053 0.045 0.037 0.030 0.023 0.017 0.009 0.008 0.009 0.010 0.018 0.026 0.036 0.043 0.048 0.052 0.053 0.049 0.000 0.000 0.000 0.000 0.000 0.000 0.000 0.000 0.000 0.000 0.000 0.000 0.000 0.000 0.000 0.000 0.000 0.000 0.000 0.000 0.003 0.012 0.020 0.028 0.035 0.041 0.048 0.055 0.062 0.069 0.077 0.085 0.091 0.098 0.105 0.112 0.119 0.125 0.120 0.115 0.110 0.105 0.000 0.000
0.000 0.000 0.000 0.000 0.000 0.000 0.000 0.000 0.114 0.111 0.103 0.095 0.087 0.079 0.071 0.062 0.054 0.045 0.038 0.030 0.023 0.017 0.008 0.009 0.010 0.017 0.027 0.037 0.053 0.049 0.047 0.051 0.050 0.000 0.000 0.000 0.000 0.000 0.000 0.000 0.000 0.000 0.000 0.000 0.000 0.000 0.000 0.000 0.000 0.000 0.000 0.000 0.000 0.000 0.000 0.000 0.000 0.048 0.000 0.000 0.068 0.075 0.082 0.091 0.098 0.105 0.112 0.119 0.124 0.131 0.133 0.128 0.123 0.117 0.112 0.108 0.103
0.000 0.000 0.000 0.000 0.000 0.000 0.000 0.000 0.000 0.000 0.107 0.102 0.096 0.088 0.080 0.071 0.063 0.054 0.046 0.039 0.032 0.024 0.015 0.009 0.010 0.016 0.023 0.035 0.046 0.045 0.046 0.046 0.045 0.000 0.000 0.000 0.000 0.000 0.000 0.000 0.000 0.000 0.000 0.000 0.000 0.000 0.000 0.000 0.000 0.000 0.000 0.000 0.000 0.000 0.000 0.000 0.000 0.000 0.000 0.000 0.000 0.000 0.000 0.000 0.111 0.118 0.124 0.131 0.138 0.144 0.141 0.135 0.130 0.125 0.120 0.115 0.111
0.000 0.000 0.000 0.000 0.000 0.000 0.000 0.000 0.000 0.000 0.000 0.104 0.100 0.093 0.088 0.080 0.072 0.063 0.054 0.046 0.039 0.032 0.023 0.014 0.011 0.015 0.021 0.031 0.040 0.042 0.039 0.041 0.039 0.029 0.021 0.020 0.000 0.000 0.000 0.000 0.000 0.000 0.000 0.000 0.000 0.000 0.000 0.000 0.000 0.000 0.000 0.000 0.000 0.000 0.000 0.000 0.000 0.000 0.000 0.000 0.000 0.000 0.000 0.000 0.000 0.000 0.000 0.000 0.151 0.153 0.148 0.142 0.137 0.132 0.127 0.122 0.118
0.000 0.000 0.000 0.000 0.000 0.000 0.000 0.000 0.000 0.000 0.000 0.000 0.000 0.095 0.090 0.083 0.077 0.072 0.062 0.054 0.046 0.038 0.030 0.021 0.012 0.014 0.017 0.028 0.034 0.035 0.038 0.031 0.030 0.025 0.017 0.015 0.011 0.007 0.005 0.005 0.000 0.000 0.000 0.000 0.000 0.000 0.000 0.000 0.000 0.000 0.000 0.000 0.000 0.000 0.000 0.000 0.000 0.000 0.000 0.000 0.000 0.000 0.000 0.000 0.000 0.000 0.000 0.000 0.000 0.000 0.000 0.149 0.144 0.139 0.135 0.130 0.126
0.000 0.000 0.000 0.000 0.000 0.000 0.000 0.000 0.000 0.000 0.000 0.000 0.000 0.000 0.000 0.084 0.079 0.073 0.067 0.061 0.053 0.045 0.037 0.028 0.018 0.010 0.017 0.020 0.019 0.030 0.028 0.028 0.027 0.017 0.015 0.015 0.012 0.009 0.007 0.006 0.005 0.003 0.003 0.000 0.000 0.000 0.000 0.000 0.000 0.000 0.000 0.000 0.000 0.000 0.000 0.000 0.000 0.000 0.000 0.000 0.000 0.000 0.000 0.000 0.000 0.000 0.000 0.000 0.000 0.000 0.000 0.000 0.000 0.000 0.000 0.137 0.133
0.000 0.000 0.000 0.000 0.000 0.000 0.000 0.000 0.000 0.000 0.000 0.000 0.000 0.000 0.000 0.000 0.080 0.076 0.067 0.060 0.054 0.049 0.043 0.035 0.025 0.015 0.012 0.015 0.019 0.020 0.022 0.021 0.018 0.016 0.017 0.016 0.012 0.010 0.009 0.008 0.007 0.005 0.004 0.003 0.003 0.002 0.002 0.000 0.000 0.000 0.000 0.000 0.000 0.000 0.000 0.000 0.000 0.000 0.000 0.000 0.000 0.000 0.000 0.000 0.000 0.000 0.000 0.000 0.000 0.000 0.000 0.000 0.000 0.000 0.000 0.000 0.000
0.000 0.000 0.000 0.000 0.000 0.000 0.000 0.000 0.000 0.000 0.000 0.000 0.000 0.000 0.000 0.000 0.000 0.000 0.062 0.059 0.054 0.049 0.043 0.036 0.030 0.023 0.016 0.014 0.014 0.014 0.017 0.017 0.017 0.020 0.019 0.015 0.013 0.012 0.012 0.011 0.009 0.008 0.007 0.005 0.005 0.004 0.003 0.003 0.002 0.002 0.001 0.001 0.001 0.001 0.001 0.000 0.000 0.000 0.000 0.000 0.000 0.000 0.000 0.000 0.000 0.000 0.000 0.000 0.000 0.000 0.000 0.000 0.000 0.000 0.000 0.000 0.000
0.000 0.000 0.000 0.000 0.000 0.000 0.000 0.000 0.000 0.000 0.000 0.000 0.000 0.000 0.000 0.000 0.000 0.000 0.060 0.057 0.053 0.048 0.043 0.032 0.031 0.026 0.023 0.019 0.015 0.017 0.019 0.021 0.022 0.022 0.018 0.017 0.015 0.014 0.015 0.014 0.014 0.013 0.011 0.010 0.008 0.006 0.005 0.004 0.003 0.003 0.003 0.003 0.003 0.002 0.002 0.001 0.001 0.002 0.000 0.000 0.000 0.000 0.000 0.000 0.000 0.000 0.000 0.000 0.000 0.000 0.000 0.000 0.000 0.000 0.000 0.000 0.000
0.000 0.000 0.000 0.000 0.000 0.000 0.000 0.000 0.000 0.000 0.000 0.000 0.000 0.000 0.000 0.000 0.000 0.000 0.057 0.055 0.052 0.047 0.042 0.038 0.035 0.031 0.026 0.019 0.018 0.020 0.022 0.023 0.024 0.023 0.023 0.021 0.019 0.020 0.021 0.021 0.021 0.020 0.018 0.016 0.013 0.000 0.006 0.007 0.007 0.006 0.006 0.006 0.006 0.006 0.005 0.004 0.004 0.003 0.003 0.003 0.003 0.000 0.000 0.000 0.000 0.000 0.000 0.000 0.000 0.000 0.000 0.000 0.000 0.000 0.000 0.000 0.000
0.000 0.000 0.000 0.000 0.000 0.000 0.000 0.000 0.000 0.000 0.000 0.000 0.000 0.000 0.000 0.000 0.000 0.000 0.053 0.052 0.049 0.044 0.042 0.039 0.035 0.032 0.029 0.024 0.019 0.020 0.023 0.024 0.024 0.026 0.027 0.026 0.026 0.028 0.028 0.029 0.031 0.030 0.028 0.025 0.022 0.020 0.019 0.018 0.016 0.014 0.012 0.011 0.011 0.011 0.012 0.011 0.011 0.010 0.009 0.007 0.007 0.006 0.006 0.006 0.009 0.000 0.000 0.000 0.000 0.000 0.000 0.000 0.000 0.000 0.000 0.000 0.000
0.000 0.000 0.000 0.000 0.000 0.000 0.000 0.000 0.000 0.000 0.000 0.000 0.000 0.000 0.000 0.000 0.000 0.045 0.048 0.048 0.047 0.044 0.041 0.039 0.034 0.028 0.025 0.027 0.026 0.025 0.026 0.026 0.028 0.031 0.033 0.033 0.033 0.034 0.034 0.035 0.037 0.038 0.038 0.036 0.033 0.031 0.030 0.028 0.026 0.024 0.022 0.020 0.019 0.019 0.019 0.020 0.019 0.020 0.020 0.019 0.018 0.017 0.016 0.016 0.018 0.021 0.015 0.009 0.003 0.000 0.000 0.000 0.000 0.000 0.000 0.000 0.000
0.000 0.000 0.000 0.000 0.000 0.000 0.000 0.000 0.000 0.000 0.000 0.000 0.000 0.000 0.000 0.000 0.000 0.048 0.047 0.046 0.045 0.044 0.042 0.039 0.035 0.030 0.025 0.019 0.018 0.023 0.027 0.030 0.034 0.037 0.039 0.040 0.041 0.041 0.041 0.042 0.043 0.042 0.042 0.042 0.042 0.041 0.041 0.040 0.037 0.035 0.033 0.031 0.030 0.029 0.028 0.028 0.029 0.029 0.030 0.030 0.030 0.030 0.030 0.030 0.031 0.028 0.021 0.015 0.007 0.001 0.000 0.000 0.000 0.000 0.000 0.000 0.000
0.000 0.000 0.000 0.000 0.000 0.000 0.000 0.000 0.000 0.000 0.000 0.000 0.000 0.000 0.000 0.000 0.000 0.047 0.048 0.047 0.045 0.045 0.043 0.041 0.038 0.031 0.024 0.023 0.025 0.029 0.033 0.037 0.041 0.043 0.046 0.048 0.049 0.048 0.048 0.048 0.048 0.048 0.047 0.046 0.046 0.046 0.047 0.047 0.045 0.045 0.044 0.043 0.041 0.040 0.039 0.038 0.038 0.039 0.040 0.041 0.042 0.042 0.043 0.044 0.043 0.033 0.026 0.018 0.008 0.001 0.000 0.000 0.000 0.000 0.000 0.000 0.000
0.000 0.000 0.000 0.000 0.000 0.000 0.000 0.000 0.000 0.000 0.000 0.000 0.000 0.000 0.000 0.000 0.000 0.046 0.048 0.048 0.046 0.044 0.041 0.038 0.035 0.029 0.023 0.024 0.029 0.034 0.039 0.045 0.049 0.052 0.055 0.057 0.058 0.058 0.058 0.057 0.054 0.052 0.052 0.052 0.051 0.051 0.051 0.051 0.051 0.051 0.050 0.050 0.049 0.050 0.049 0.049 0.049 0.050 0.051 0.052 0.053 0.055 0.055 0.056 0.052 0.034 0.027 0.015 0.007 0.001 0.000 0.000 0.000 0.000 0.000 0.000 0.000
0.000 0.000 0.000 0.000 0.000 0.000 0.000 0.000 0.000 0.000 0.000 0.000 0.000 0.000 0.000 0.000 0.052 0.053 0.051 0.051 0.048 0.043 0.039 0.037 0.032 0.027 0.028 0.032 0.035 0.039 0.044 0.050 0.055 0.060 0.065 0.068 0.069 0.068 0.066 0.064 0.061 0.059 0.058 0.058 0.057 0.056 0.056 0.057 0.058 0.057 0.057 0.056 0.056 0.057 0.056 0.056 0.057 0.059 0.061 0.063 0.065 0.067 0.068 0.068 0.055 0.039 0.026 0.020 0.014 0.009 0.005 0.003 0.002 0.001 0.000 0.000 0.000
0.000 0.000 0.000 0.000 0.000 0.000 0.000 0.000 0.000 0.000 0.000 0.000 0.000 0.000 0.000 0.000 0.064 0.062 0.062 0.062 0.056 0.051 0.046 0.039 0.034 0.029 0.031 0.036 0.043 0.051 0.058 0.062 0.065 0.068 0.071 0.075 0.078 0.079 0.077 0.072 0.069 0.066 0.064 0.062 0.061 0.061 0.062 0.063 0.063 0.064 0.064 0.064 0.064 0.063 0.063 0.064 0.065 0.067 0.068 0.071 0.074 0.076 0.078 0.075 0.080 0.073 0.062 0.052 0.042 0.031 0.025 0.018 0.012 0.009 0.006 0.003 0.001
0.000 0.000 0.000 0.000 0.000 0.000 0.000 0.000 0.000 0.000 0.000 0.000 0.000 0.000 0.000 0.000 0.076 0.075 0.074 0.069 0.065 0.063 0.059 0.054 0.042 0.037 0.040 0.046 0.051 0.057 0.064 0.072 0.078 0.082 0.084 0.087 0.089 0.089 0.085 0.080 0.075 0.072 0.069 0.067 0.067 0.066 0.067 0.068 0.069 0.070 0.071 0.071 0.072 0.071 0.071 0.072 0.073 0.074 0.076 0.079 0.082 0.079 0.074 0.070 0.073 0.077 0.079 0.081 0.081 0.068 0.058 0.048 0.037 0.028 0.024 0.019 0.015
0.242 0.239 0.235 0.000 0.000 0.000 0.000 0.000 0.000 0.000 0.000 0.000 0.000 0.000 0.000 0.084 0.084 0.081 0.077 0.075 0.074 0.069 0.065 0.063 0.060 0.051 0.050 0.053 0.061 0.068 0.073 0.080 0.089 0.095 0.098 0.099 0.100 0.100 0.093 0.084 0.080 0.077 0.075 0.073 0.072 0.072 0.072 0.074 0.075 0.076 0.077 0.077 0.078 0.079 0.078 0.079 0.081 0.083 0.085 0.083 0.081 0.077 0.071 0.065 0.068 0.070 0.072 0.074 0.074 0.076 0.077 0.078 0.073 0.063 0.055 0.049 0.042
0.246 0.241 0.236 0.227 0.220 0.214 0.000 0.000 0.000 0.000 0.000 0.000 0.000 0.000 0.000 0.090 0.084 0.085 0.082 0.084 0.084 0.079 0.077 0.067 0.066 0.073 0.070 0.070 0.073 0.080 0.087 0.092 0.096 0.103 0.109 0.111 0.113 0.115 0.000 0.082 0.084 0.084 0.082 0.076 0.077 0.078 0.078 0.080 0.081 0.082 0.084 0.084 0.085 0.085 0.086 0.087 0.089 0.089 0.085 0.081 0.077 0.073 0.068 0.061 0.062 0.064 0.065 0.066 0.066 0.067 0.069 0.070 0.071 0.074 0.079 0.084 0.081
0.251 0.246 0.240 0.231 0.222 0.212 0.197 0.181 0.169 0.160 0.000 0.000 0.000 0.000 0.000 0.096 0.094 0.091 0.087 0.088 0.081 0.083 0.075 0.073 0.067 0.071 0.079 0.082 0.083 0.084 0.093 0.102 0.108 0.116 0.122 0.122 0.125 0.000 0.000 0.000 0.000 0.000 0.000 0.078 0.082 0.084 0.083 0.085 0.088 0.090 0.090 0.091 0.092 0.092 0.093 0.093 0.089 0.085 0.082 0.079 0.074 0.071 0.065 0.058 0.058 0.059 0.059 0.060 0.061 0.061 0.061 0.061 0.062 0.066 0.071 0.077 0.083
0.000 0.000 0.000 0.232 0.225 0.214 0.198 0.183 0.170 0.159 0.148 0.141 0.136 0.000 0.000 0.099 0.098 0.095 0.098 0.094 0.096 0.091 0.086 0.079 0.078 0.082 0.084 0.090 0.096 0.099 0.105 0.110 0.116 0.124 0.135 0.000 0.000 0.000 0.000 0.000 0.000 0.000 0.000 0.000 0.000 0.000 0.086 0.091 0.095 0.096 0.095 0.098 0.099 0.100 0.095 0.090 0.086 0.082 0.078 0.075 0.072 0.067 0.062 0.055 0.052 0.053 0.053 0.053 0.053 0.052 0.051 0.052 0.055 0.059 0.065 0.071 0.075
0.000 0.000 0.000 0.000 0.000 0.000 0.196 0.186 0.174 0.163 0.151 0.143 0.136 0.126 0.117 0.104 0.098 0.095 0.094 0.097 0.100 0.096 0.092 0.088 0.083 0.086 0.093 0.097 0.104 0.111 0.112 0.116 0.126 0.129 0.000 0.000 0.000 0.000 0.000 0.000 0.000 0.000 0.000 0.000 0.000 0.000 0.000 0.000 0.000 0.000 0.099 0.103 0.101 0.096 0.090 0.086 0.082 0.078 0.074 0.071 0.067 0.062 0.057 0.050 0.046 0.045 0.044 0.044 0.043 0.042 0.043 0.044 0.048 0.053 0.059 0.064 0.067
0.000 0.000 0.000 0.000 0.000 0.000 0.000 0.000 0.000 0.000 0.148 0.145 0.141 0.132 0.115 0.104 0.096 0.096 0.096 0.099 0.105 0.099 0.096 0.083 0.089 0.095 0.097 0.100 0.110 0.115 0.120 0.126 0.136 0.000 0.000 0.000 0.000 0.000 0.000 0.000 0.000 0.000 0.000 0.000 0.000 0.000 0.000 0.000 0.000 0.000 0.000 0.000 0.000 0.000 0.082 0.082 0.078 0.073 0.070 0.067 0.063 0.058 0.053 0.046 0.041 0.040 0.038 0.037 0.036 0.036 0.037 0.039 0.042 0.047 0.053 0.057 0.060
0.000 0.000 0.000 0.000 0.000 0.000 0.000 0.000 0.000 0.000 0.000 0.000 0.000 0.000 0.112 0.103 0.097 0.102 0.099 0.101 0.103 0.099 0.094 0.094 0.088 0.106 0.107 0.112 0.116 0.125 0.129 0.132 0.000 0.000 0.000 0.000 0.000 0.000 0.000 0.000 0.000 0.000 0.000 0.000 0.000 0.000 0.000 0.000 0.000 0.000 0.000 0.000 0.000 0.000 0.000 0.000 0.000 0.067 0.066 0.063 0.059 0.053 0.049 0.043 0.037 0.035 0.033 0.032 0.031 0.031 0.032 0.033 0.036 0.040 0.044 0.048 0.051
0.000 0.000 0.000 0.000 0.000 0.000 0.000 0.000 0.000 0.000 0.000 0.000 0.000 0.000 0.000 0.100 0.097 0.104 0.097 0.111 0.115 0.114 0.109 0.102 0.106 0.111 0.113 0.118 0.123 0.129 0.136 0.141 0.000 0.000 0.000 0.000 0.000 0.000 0.000 0.000 0.000 0.000 0.000 0.000 0.000 0.000 0.000 0.000 0.000 0.000 0.000 0.000 0.000 0.000 0.000 0.000 0.000 0.000 0.000 0.000 0.000 0.046 0.044 0.039 0.030 0.028 0.027 0.027 0.027 0.027 0.028 0.030 0.032 0.036 0.039 0.041 0.042
0.000 0.000 0.000 0.000 0.000 0.000 0.000 0.000 0.000 0.000 0.000 0.000 0.000 0.000 0.114 0.107 0.103 0.108 0.107 0.110 0.115 0.113 0.104 0.103 0.108 0.113 0.118 0.122 0.128 0.138 0.145 0.149 0.000 0.000 0.000 0.000 0.000 0.000 0.000 0.000 0.000 0.000 0.000 0.000 0.000 0.000 0.000 0.000 0.000 0.000 0.000 0.000 0.000 0.000 0.000 0.000 0.000 0.000 0.000 0.000 0.000 0.000 0.000 0.000 0.016 0.018 0.018 0.019 0.019 0.021 0.023 0.026 0.028 0.031 0.033 0.034 0.035
0.000 0.000 0.000 0.000 0.000 0.000 0.000 0.000 0.000 0.000 0.000 0.000 0.000 0.000 0.116 0.111 0.105 0.106 0.099 0.105 0.108 0.105 0.102 0.106 0.110 0.118 0.125 0.129 0.132 0.139 0.144 0.158 0.000 0.000 0.000 0.000 0.000 0.000 0.000 0.000 0.000 0.000 0.000 0.000 0.000 0.000 0.000 0.000 0.000 0.000 0.000 0.000 0.000 0.000 0.000 0.000 0.000 0.000 0.000 0.000 0.000 0.000 0.000 0.000 0.000 0.000 0.000 0.000 0.009 0.014 0.018 0.020 0.023 0.026 0.028 0.029 0.030
0.000 0.000 0.000 0.000 0.000 0.000 0.000 0.000 0.000 0.000 0.000 0.000 0.000 0.000 0.120 0.113 0.111 0.112 0.107 0.107 0.108 0.105 0.103 0.103 0.113 0.124 0.125 0.131 0.136 0.143 0.153 0.000 0.000 0.000 0.000 0.000 0.000 0.000 0.000 0.000 0.000 0.000 0.000 0.000 0.000 0.000 0.000 0.000 0.000 0.000 0.000 0.000 0.000 0.000 0.000 0.000 0.000 0.000 0.000 0.000 0.000 0.000 0.000 0.000 0.000 0.000 0.000 0.000 0.000 0.000 0.000 0.010 0.014 0.015 0.017 0.017 0.018
0.000 0.000 0.000 0.000 0.000 0.000 0.000 0.000 0.000 0.000 0.000 0.000 0.000 0.000 0.125 0.123 0.118 0.118 0.106 0.106 0.106 0.102 0.102 0.112 0.124 0.125 0.130 0.135 0.142 0.154 0.167 0.000 0.000 0.000 0.000 0.000 0.000 0.000 0.000 0.000 0.000 0.000 0.000 0.000 0.000 0.000 0.000 0.000 0.000 0.000 0.000 0.000 0.000 0.000 0.000 0.000 0.000 0.000 0.000 0.000 0.000 0.000 0.000 0.000 0.000 0.000 0.000 0.000 0.000 0.000 0.000 0.000 0.000 0.000 0.000 0.004 0.006
0.000 0.000 0.000 0.000 0.000 0.000 0.000 0.000 0.000 0.000 0.000 0.000 0.000 0.133 0.128 0.131 0.125 0.124 0.123 0.114 0.114 0.105 0.113 0.120 0.128 0.132 0.139 0.147 0.156 0.163 0.163 0.000 0.000 0.000 0.000 0.000 0.000 0.000 0.000 0.000 0.000 0.000 0.000 0.000 0.000 0.000 0.000 0.000 0.000 0.000 0.000 0.000 0.000 0.000 0.000 0.000 0.000 0.000 0.000 0.000 0.000 0.000 0.000 0.000 0.000 0.000 0.000 0.000 0.000 0.000 0.000 0.000 0.000 0.000 0.000 0.000 0.002
0.000 0.000 0.000 0.000 0.000 0.000 0.000 0.000 0.000 0.000 0.000 0.000 0.000 0.136 0.136 0.137 0.133 0.129 0.128 0.119 0.122 0.117 0.122 0.126 0.131 0.142 0.144 0.150 0.168 0.181 0.000 0.000 0.000 0.000 0.000 0.000 0.000 0.000 0.000 0.000 0.000 0.000 0.000 0.000 0.000 0.000 0.000 0.000 0.000 0.000 0.000 0.000 0.000 0.000 0.000 0.000 0.000 0.000 0.000 0.000 0.000 0.000 0.000 0.000 0.000 0.000 0.000 0.000 0.000 0.000 0.000 0.000 0.000 0.000 0.000 0.000 0.000
