数据/2hours/0.1-2h-30y/coupled-166-0001.wd
ncols         694
nrows         824
xllcorner     581104.939801
yllcorner     3495917.092414
cellsize      2.000000
NODATA_value  -9999.000000
[rows 714 to 747 of 824, columns 154 to 230 of 694]
0.000 0.000 0.000 0.000 0.000 0.000 0.000 0.002 0.003 0.004 0.005 0.006 0.007 0.008 0.008 0.009 0.009 0.009 0.008 0.007 0.000 0.000 0.058 0.053 0.040 0.023 0.019 0.015 0.012 0.009 0.006 0.005 0.000 0.000 0.000 0.000 0.000 0.000 0.000 0.000 0.000 0.000 0.001 0.001 0.001 0.001 0.001 0.001 0.001 0.000 0.000 0.000 0.000 0.000 0.000 0.000 0.000 0.000 0.075 0.084 0.095 0.091 0.066 0.046 0.055 0.001 0.001 0.001 0.000 0.000 0.000 0.000 0.000 0.000 0.000 0.000 0.000
0.000 0.000 0.000 0.000 0.000 0.000 0.002 0.003 0.004 0.005 0.006 0.007 0.008 0.009 0.009 0.010 0.010 0.010 0.010 0.010 0.010 0.009 0.001 0.077 0.072 0.059 0.038 0.033 0.026 0.019 0.014 0.012 0.008 0.005 0.000 0.000 0.000 0.000 0.000 0.000 0.000 0.001 0.001 0.001 0.001 0.004 0.016 0.026 0.035 0.000 0.000 0.000 0.000 0.000 0.000 0.000 0.000 0.000 0.132 0.128 0.106 0.084 0.057 0.048 0.057 0.014 0.001 0.001 0.000 0.000 0.000 0.000 0.000 0.000 0.000 0.000 0.000
0.000 0.000 0.000 0.000 0.000 0.001 0.003 0.004 0.005 0.006 0.007 0.008 0.009 0.009 0.010 0.011 0.011 0.012 0.012 0.012 0.013 0.013 0.012 0.000 0.000 0.098 0.082 0.063 0.038 0.031 0.024 0.023 0.017 0.013 0.010 0.000 0.000 0.000 0.000 0.000 0.001 0.001 0.001 0.001 0.041 0.062 0.075 0.087 0.098 0.000 0.000 0.000 0.000 0.000 0.000 0.000 0.000 0.168 0.143 0.120 0.096 0.075 0.050 0.051 0.059 0.056 0.001 0.001 0.001 0.000 0.000 0.000 0.000 0.000 0.000 0.000 0.000
0.000 0.000 0.000 0.000 0.000 0.002 0.004 0.005 0.006 0.007 0.008 0.009 0.009 0.010 0.011 0.011 0.012 0.013 0.013 0.014 0.015 0.016 0.017 0.019 0.021 0.002 0.117 0.099 0.073 0.046 0.040 0.036 0.029 0.024 0.019 0.014 0.009 0.000 0.000 0.000 0.001 0.001 0.001 0.032 0.087 0.127 0.139 0.149 0.000 0.000 0.000 0.000 0.000 0.000 0.000 0.000 0.000 0.158 0.135 0.114 0.087 0.065 0.049 0.057 0.065 0.073 0.017 0.001 0.001 0.000 0.000 0.000 0.000 0.000 0.000 0.000 0.000
0.000 0.000 0.000 0.000 0.001 0.003 0.005 0.006 0.007 0.008 0.008 0.009 0.010 0.010 0.011 0.012 0.013 0.013 0.014 0.015 0.017 0.018 0.021 0.025 0.034 0.049 0.002 0.124 0.103 0.075 0.058 0.052 0.044 0.037 0.031 0.027 0.024 0.020 0.000 0.001 0.001 0.001 0.022 0.075 0.130 0.187 0.201 0.213 0.000 0.000 0.000 0.000 0.000 0.000 0.000 0.000 0.000 0.147 0.125 0.105 0.080 0.056 0.052 0.061 0.071 0.078 0.059 0.001 0.000 0.000 0.000 0.000 0.000 0.000 0.000 0.000 0.000
0.000 0.000 0.000 0.000 0.001 0.003 0.005 0.006 0.007 0.008 0.009 0.009 0.010 0.011 0.012 0.012 0.013 0.014 0.015 0.016 0.017 0.019 0.021 0.025 0.029 0.034 0.022 0.001 0.001 0.084 0.075 0.066 0.057 0.049 0.045 0.041 0.039 0.035 0.032 0.019 0.019 0.023 0.059 0.115 0.173 0.228 0.265 0.274 0.000 0.000 0.000 0.000 0.000 0.000 0.000 0.000 0.000 0.138 0.117 0.096 0.069 0.049 0.052 0.061 0.073 0.082 0.091 0.020 0.000 0.000 0.000 0.000 0.000 0.000 0.000 0.000 0.000
0.000 0.000 0.000 0.000 0.001 0.003 0.005 0.006 0.007 0.008 0.009 0.010 0.010 0.011 0.012 0.013 0.013 0.014 0.015 0.016 0.018 0.019 0.021 0.023 0.025 0.026 0.021 0.015 0.010 0.001 0.089 0.082 0.074 0.062 0.059 0.059 0.057 0.056 0.054 0.000 0.000 0.050 0.103 0.158 0.215 0.271 0.327 0.337 0.346 0.323 0.000 0.000 0.000 0.000 0.000 0.000 0.153 0.131 0.109 0.088 0.058 0.051 0.059 0.065 0.075 0.086 0.096 0.065 0.000 0.000 0.000 0.000 0.000 0.000 0.000 0.000 0.000
0.000 0.000 0.000 0.000 0.001 0.003 0.005 0.006 0.007 0.008 0.009 0.010 0.011 0.011 0.012 0.013 0.014 0.014 0.015 0.016 0.017 0.018 0.020 0.021 0.022 0.022 0.019 0.016 0.013 0.009 0.001 0.097 0.090 0.079 0.078 0.076 0.075 0.077 0.000 0.000 0.000 0.000 0.145 0.201 0.257 0.313 0.366 0.362 0.338 0.315 0.292 0.268 0.000 0.000 0.000 0.000 0.150 0.126 0.097 0.074 0.053 0.051 0.062 0.068 0.077 0.088 0.100 0.000 0.000 0.000 0.000 0.000 0.000 0.000 0.000 0.000 0.000
0.000 0.000 0.000 0.000 0.001 0.003 0.005 0.006 0.007 0.008 0.009 0.010 0.011 0.011 0.012 0.013 0.013 0.014 0.015 0.016 0.017 0.018 0.019 0.019 0.020 0.019 0.018 0.016 0.014 0.011 0.008 0.000 0.001 0.100 0.097 0.096 0.094 0.000 0.000 0.000 0.000 0.000 0.000 0.243 0.299 0.321 0.343 0.000 0.000 0.305 0.284 0.261 0.236 0.212 0.000 0.000 0.136 0.112 0.091 0.066 0.045 0.055 0.064 0.070 0.080 0.092 0.103 0.000 0.000 0.000 0.000 0.000 0.000 0.000 0.000 0.000 0.000
0.000 0.000 0.000 0.000 0.001 0.003 0.005 0.006 0.007 0.008 0.009 0.010 0.011 0.011 0.012 0.013 0.013 0.014 0.015 0.015 0.016 0.017 0.017 0.018 0.018 0.018 0.017 0.015 0.014 0.012 0.010 0.007 0.005 0.000 0.118 0.112 0.000 0.000 0.000 0.000 0.000 0.000 0.000 0.253 0.275 0.297 0.320 0.000 0.000 0.000 0.000 0.251 0.226 0.200 0.178 0.151 0.129 0.105 0.085 0.057 0.047 0.058 0.068 0.075 0.084 0.096 0.106 0.000 0.000 0.000 0.000 0.000 0.000 0.000 0.000 0.000 0.000
0.000 0.000 0.000 0.000 0.001 0.003 0.005 0.006 0.007 0.008 0.009 0.010 0.011 0.011 0.012 0.012 0.013 0.014 0.014 0.015 0.016 0.016 0.017 0.017 0.017 0.016 0.016 0.015 0.013 0.012 0.011 0.009 0.007 0.005 0.001 0.128 0.121 0.000 0.000 0.000 0.000 0.000 0.000 0.229 0.251 0.274 0.296 0.308 0.000 0.000 0.000 0.000 0.000 0.189 0.170 0.147 0.122 0.098 0.061 0.048 0.053 0.061 0.069 0.079 0.089 0.100 0.000 0.000 0.000 0.000 0.000 0.000 0.000 0.000 0.000 0.000 0.000
0.000 0.000 0.000 0.000 0.001 0.003 0.005 0.006 0.007 0.008 0.009 0.010 0.010 0.011 0.012 0.012 0.013 0.013 0.014 0.014 0.015 0.015 0.016 0.016 0.016 0.015 0.015 0.014 0.013 0.012 0.011 0.010 0.008 0.007 0.005 0.000 0.138 0.138 0.000 0.000 0.000 0.000 0.000 0.000 0.225 0.000 0.000 0.290 0.277 0.000 0.000 0.000 0.000 0.000 0.000 0.138 0.112 0.086 0.065 0.050 0.055 0.063 0.074 0.084 0.095 0.105 0.000 0.000 0.000 0.000 0.000 0.000 0.000 0.000 0.000 0.000 0.000
0.000 0.000 0.000 0.000 0.001 0.003 0.005 0.006 0.007 0.008 0.009 0.009 0.010 0.011 0.011 0.012 0.012 0.013 0.013 0.014 0.014 0.015 0.015 0.015 0.015 0.014 0.014 0.013 0.012 0.012 0.011 0.010 0.009 0.007 0.006 0.004 0.000 0.156 0.175 0.000 0.000 0.000 0.000 0.000 0.000 0.000 0.000 0.000 0.260 0.000 0.000 0.000 0.000 0.000 0.151 0.129 0.106 0.078 0.058 0.053 0.060 0.067 0.077 0.087 0.097 0.108 0.000 0.000 0.000 0.000 0.000 0.000 0.000 0.000 0.000 0.000 0.000
0.000 0.000 0.000 0.000 0.001 0.003 0.005 0.006 0.007 0.008 0.008 0.009 0.010 0.010 0.011 0.012 0.012 0.013 0.013 0.013 0.014 0.014 0.014 0.014 0.014 0.014 0.013 0.013 0.012 0.011 0.010 0.010 0.009 0.008 0.006 0.005 0.003 0.001 0.147 0.165 0.000 0.000 0.000 0.000 0.000 0.000 0.000 0.000 0.241 0.000 0.000 0.000 0.000 0.000 0.141 0.118 0.096 0.071 0.048 0.053 0.060 0.069 0.079 0.089 0.098 0.000 0.000 0.000 0.000 0.000 0.000 0.000 0.000 0.000 0.000 0.000 0.000
0.000 0.000 0.000 0.000 0.000 0.002 0.004 0.005 0.006 0.007 0.008 0.009 0.009 0.010 0.011 0.011 0.012 0.012 0.012 0.013 0.013 0.013 0.013 0.013 0.013 0.013 0.013 0.012 0.012 0.011 0.010 0.009 0.009 0.008 0.006 0.005 0.003 0.001 0.000 0.138 0.157 0.000 0.000 0.000 0.000 0.000 0.000 0.225 0.222 0.000 0.000 0.000 0.000 0.152 0.131 0.107 0.086 0.063 0.048 0.059 0.067 0.076 0.085 0.094 0.102 0.114 0.124 0.000 0.000 0.000 0.000 0.000 0.000 0.000 0.000 0.000 0.000
0.000 0.000 0.000 0.000 0.000 0.001 0.003 0.004 0.005 0.006 0.007 0.008 0.009 0.010 0.010 0.011 0.011 0.012 0.012 0.012 0.012 0.013 0.013 0.013 0.013 0.012 0.012 0.012 0.011 0.010 0.010 0.009 0.008 0.007 0.006 0.005 0.003 0.001 0.000 0.000 0.126 0.138 0.000 0.000 0.000 0.000 0.000 0.000 0.000 0.000 0.000 0.000 0.000 0.132 0.120 0.095 0.074 0.053 0.056 0.061 0.068 0.079 0.088 0.095 0.105 0.116 0.125 0.131 0.139 0.000 0.000 0.000 0.000 0.000 0.000 0.000 0.000
0.000 0.000 0.000 0.000 0.000 0.000 0.002 0.003 0.004 0.005 0.006 0.007 0.008 0.009 0.010 0.010 0.011 0.011 0.011 0.012 0.012 0.012 0.012 0.012 0.012 0.012 0.011 0.011 0.010 0.010 0.009 0.009 0.008 0.007 0.006 0.005 0.003 0.001 0.000 0.000 0.000 0.105 0.118 0.138 0.000 0.000 0.000 0.000 0.000 0.000 0.000 0.000 0.124 0.114 0.101 0.088 0.068 0.047 0.054 0.060 0.069 0.080 0.089 0.097 0.108 0.120 0.127 0.135 0.142 0.150 0.161 0.000 0.000 0.000 0.000 0.000 0.000
0.000 0.000 0.000 0.000 0.000 0.000 0.000 0.002 0.003 0.004 0.005 0.006 0.007 0.008 0.009 0.010 0.010 0.010 0.011 0.011 0.011 0.011 0.011 0.011 0.011 0.011 0.011 0.010 0.010 0.009 0.009 0.008 0.007 0.006 0.005 0.004 0.002 0.000 0.000 0.000 0.000 0.000 0.092 0.111 0.129 0.000 0.000 0.000 0.000 0.000 0.000 0.000 0.102 0.092 0.077 0.066 0.055 0.050 0.060 0.068 0.078 0.086 0.094 0.102 0.113 0.123 0.131 0.137 0.146 0.155 0.165 0.176 0.127 0.000 0.000 0.000 0.000
0.000 0.000 0.000 0.000 0.000 0.000 0.000 0.000 0.002 0.003 0.004 0.005 0.006 0.007 0.008 0.009 0.009 0.010 0.010 0.010 0.011 0.011 0.011 0.011 0.011 0.010 0.010 0.010 0.009 0.009 0.008 0.007 0.006 0.005 0.004 0.003 0.001 0.000 0.000 0.000 0.000 0.000 0.000 0.086 0.102 0.121 0.000 0.000 0.000 0.000 0.000 0.092 0.082 0.071 0.058 0.046 0.043 0.049 0.060 0.070 0.080 0.089 0.097 0.105 0.115 0.000 0.000 0.000 0.150 0.159 0.169 0.179 0.171 0.085 0.017 0.000 0.000
0.000 0.000 0.000 0.000 0.000 0.000 0.000 0.000 0.000 0.002 0.003 0.004 0.005 0.006 0.007 0.008 0.009 0.009 0.009 0.010 0.010 0.010 0.010 0.010 0.010 0.010 0.009 0.009 0.009 0.008 0.007 0.006 0.005 0.004 0.003 0.002 0.000 0.000 0.000 0.000 0.000 0.000 0.000 0.000 0.076 0.095 0.114 0.000 0.000 0.000 0.000 0.069 0.060 0.048 0.040 0.039 0.039 0.043 0.055 0.066 0.075 0.084 0.093 0.102 0.113 0.000 0.000 0.000 0.000 0.000 0.174 0.182 0.191 0.129 0.087 0.048 0.000
0.000 0.000 0.000 0.000 0.000 0.000 0.000 0.000 0.000 0.000 0.002 0.003 0.004 0.005 0.006 0.007 0.008 0.008 0.009 0.009 0.009 0.009 0.009 0.009 0.009 0.009 0.009 0.008 0.008 0.007 0.006 0.005 0.004 0.003 0.002 0.000 0.000 0.000 0.000 0.000 0.000 0.000 0.000 0.000 0.054 0.070 0.088 0.105 0.000 0.089 0.074 0.055 0.041 0.038 0.040 0.039 0.039 0.037 0.049 0.061 0.071 0.080 0.090 0.099 0.000 0.000 0.000 0.000 0.000 0.000 0.000 0.184 0.193 0.199 0.159 0.120 0.000
0.000 0.000 0.000 0.000 0.000 0.000 0.000 0.000 0.000 0.000 0.000 0.002 0.003 0.004 0.005 0.006 0.007 0.008 0.008 0.008 0.008 0.008 0.008 0.008 0.008 0.008 0.008 0.008 0.007 0.006 0.005 0.004 0.003 0.002 0.000 0.000 0.000 0.000 0.000 0.000 0.000 0.000 0.000 0.000 0.000 0.045 0.061 0.077 0.091 0.073 0.055 0.046 0.042 0.041 0.042 0.042 0.042 0.041 0.049 0.058 0.067 0.077 0.088 0.000 0.000 0.000 0.000 0.000 0.000 0.000 0.000 0.000 0.000 0.204 0.200 0.193 0.153
0.000 0.000 0.000 0.000 0.000 0.000 0.000 0.000 0.000 0.000 0.000 0.000 0.002 0.003 0.004 0.005 0.006 0.007 0.007 0.007 0.007 0.007 0.007 0.007 0.007 0.007 0.007 0.007 0.006 0.005 0.004 0.003 0.002 0.000 0.000 0.000 0.000 0.000 0.000 0.000 0.000 0.000 0.000 0.000 0.000 0.000 0.039 0.053 0.066 0.056 0.051 0.047 0.044 0.044 0.044 0.045 0.042 0.041 0.049 0.059 0.068 0.078 0.087 0.000 0.000 0.000 0.000 0.000 0.000 0.000 0.000 0.000 0.000 0.000 0.000 0.202 0.199
0.000 0.000 0.000 0.000 0.000 0.000 0.000 0.000 0.000 0.000 0.000 0.000 0.000 0.002 0.003 0.004 0.005 0.006 0.006 0.006 0.006 0.006 0.006 0.006 0.006 0.006 0.006 0.006 0.005 0.004 0.003 0.002 0.000 0.000 0.000 0.000 0.000 0.000 0.000 0.000 0.000 0.000 0.000 0.000 0.000 0.000 0.000 0.028 0.043 0.053 0.049 0.046 0.045 0.044 0.043 0.045 0.044 0.042 0.046 0.057 0.068 0.078 0.000 0.000 0.000 0.000 0.000 0.000 0.000 0.000 0.000 0.000 0.000 0.000 0.000 0.000 0.000
0.000 0.000 0.000 0.000 0.000 0.000 0.000 0.000 0.000 0.000 0.000 0.000 0.000 0.000 0.002 0.003 0.004 0.005 0.005 0.005 0.005 0.005 0.005 0.005 0.005 0.005 0.005 0.005 0.004 0.003 0.002 0.000 0.000 0.000 0.000 0.000 0.000 0.000 0.000 0.000 0.000 0.000 0.000 0.000 0.000 0.000 0.000 0.000 0.018 0.034 0.048 0.046 0.044 0.042 0.043 0.042 0.043 0.042 0.044 0.055 0.066 0.077 0.000 0.000 0.000 0.000 0.000 0.000 0.000 0.000 0.000 0.000 0.000 0.000 0.000 0.000 0.000
0.000 0.000 0.000 0.000 0.000 0.000 0.000 0.000 0.000 0.000 0.000 0.000 0.000 0.000 0.000 0.001 0.002 0.003 0.003 0.003 0.003 0.003 0.003 0.003 0.003 0.003 0.003 0.003 0.002 0.001 0.000 0.000 0.000 0.000 0.000 0.000 0.000 0.000 0.000 0.000 0.000 0.000 0.000 0.000 0.000 0.000 0.000 0.000 0.000 0.000 0.031 0.045 0.043 0.041 0.040 0.039 0.041 0.040 0.042 0.053 0.063 0.000 0.000 0.000 0.000 0.000 0.000 0.000 0.000 0.000 0.000 0.000 0.000 0.000 0.000 0.000 0.000
0.000 0.000 0.000 0.000 0.000 0.000 0.000 0.000 0.000 0.000 0.000 0.000 0.000 0.000 0.000 0.000 0.000 0.001 0.001 0.001 0.001 0.001 0.001 0.001 0.001 0.001 0.001 0.001 0.000 0.000 0.000 0.000 0.000 0.000 0.000 0.000 0.000 0.000 0.000 0.000 0.000 0.000 0.000 0.000 0.000 0.000 0.000 0.000 0.000 0.000 0.008 0.029 0.042 0.042 0.040 0.040 0.039 0.040 0.040 0.050 0.061 0.000 0.000 0.000 0.000 0.000 0.000 0.000 0.000 0.000 0.000 0.000 0.000 0.000 0.000 0.000 0.000
0.000 0.000 0.000 0.000 0.000 0.000 0.000 0.000 0.000 0.000 0.000 0.000 0.000 0.000 0.000 0.000 0.000 0.000 0.000 0.000 0.000 0.000 0.000 0.000 0.000 0.000 0.000 0.000 0.000 0.000 0.000 0.000 0.000 0.000 0.000 0.000 0.000 0.000 0.000 0.000 0.000 0.000 0.000 0.000 0.000 0.000 0.000 0.000 0.000 0.000 0.001 0.005 0.028 0.039 0.039 0.038 0.036 0.036 0.037 0.047 0.000 0.000 0.000 0.000 0.000 0.000 0.000 0.000 0.000 0.000 0.000 0.000 0.000 0.000 0.000 0.000 0.000
0.000 0.000 0.000 0.000 0.000 0.000 0.000 0.000 0.000 0.000 0.000 0.000 0.000 0.000 0.000 0.000 0.000 0.000 0.000 0.000 0.000 0.000 0.000 0.000 0.000 0.000 0.000 0.000 0.000 0.000 0.000 0.000 0.000 0.000 0.000 0.000 0.000 0.000 0.000 0.000 0.000 0.000 0.000 0.000 0.000 0.000 0.000 0.000 0.000 0.000 0.000 0.001 0.003 0.023 0.035 0.033 0.025 0.028 0.030 0.000 0.000 0.000 0.000 0.000 0.000 0.000 0.000 0.000 0.000 0.000 0.000 0.000 0.000 0.000 0.000 0.000 0.000
0.000 0.000 0.000 0.000 0.000 0.000 0.000 0.000 0.000 0.000 0.000 0.000 0.000 0.000 0.000 0.000 0.000 0.000 0.000 0.000 0.000 0.000 0.000 0.000 0.000 0.000 0.000 0.000 0.000 0.000 0.000 0.000 0.000 0.000 0.000 0.000 0.000 0.000 0.000 0.000 0.000 0.000 0.000 0.000 0.000 0.000 0.000 0.000 0.000 0.000 0.000 0.001 0.001 0.002 0.017 0.029 0.025 0.024 0.024 0.026 0.000 0.000 0.000 0.000 0.000 0.000 0.000 0.000 0.000 0.000 0.000 0.000 0.000 0.000 0.000 0.000 0.000
0.000 0.000 0.000 0.000 0.000 0.000 0.000 0.000 0.000 0.000 0.000 0.000 0.000 0.000 0.000 0.000 0.000 0.000 0.000 0.000 0.000 0.000 0.000 0.000 0.000 0.000 0.000 0.000 0.000 0.000 0.000 0.000 0.000 0.000 0.000 0.000 0.000 0.000 0.000 0.000 0.000 0.000 0.000 0.000 0.000 0.000 0.000 0.000 0.000 0.000 0.000 0.001 0.001 0.001 0.001 0.015 0.024 0.023 0.020 0.020 0.024 0.000 0.000 0.000 0.000 0.000 0.000 0.000 0.000 0.000 0.000 0.000 0.000 0.000 0.000 0.000 0.000
0.000 0.000 0.000 0.000 0.000 0.000 0.000 0.000 0.000 0.000 0.000 0.000 0.000 0.000 0.000 0.000 0.000 0.000 0.000 0.000 0.000 0.000 0.000 0.000 0.000 0.000 0.000 0.000 0.000 0.000 0.000 0.000 0.000 0.000 0.000 0.000 0.000 0.000 0.000 0.000 0.000 0.000 0.000 0.000 0.000 0.000 0.000 0.000 0.000 0.000 0.000 0.001 0.001 0.001 0.001 0.001 0.011 0.022 0.019 0.017 0.017 0.016 0.018 0.000 0.000 0.000 0.000 0.000 0.000 0.000 0.000 0.000 0.000 0.000 0.000 0.000 0.000
0.000 0.000 0.000 0.000 0.000 0.000 0.000 0.000 0.000 0.000 0.000 0.000 0.000 0.000 0.000 0.000 0.000 0.000 0.000 0.000 0.000 0.000 0.000 0.000 0.000 0.000 0.000 0.000 0.000 0.000 0.000 0.000 0.000 0.000 0.000 0.000 0.000 0.000 0.000 0.000 0.000 0.000 0.000 0.000 0.000 0.000 0.000 0.000 0.000 0.000 0.000 0.000 0.001 0.002 0.003 0.002 0.001 0.006 0.016 0.012 0.012 0.011 0.014 0.016 0.000 0.000 0.000 0.000 0.000 0.000 0.000 0.000 0.000 0.000 0.000 0.000 0.000
0.000 0.000 0.000 0.000 0.000 0.000 0.000 0.000 0.000 0.000 0.000 0.000 0.000 0.000 0.000 0.000 0.000 0.000 0.000 0.000 0.000 0.000 0.000 0.000 0.000 0.000 0.000 0.000 0.000 0.000 0.000 0.000 0.000 0.000 0.000 0.000 0.000 0.000 0.000 0.000 0.000 0.000 0.000 0.000 0.000 0.000 0.000 0.000 0.000 0.000 0.000 0.000 0.001 0.003 0.003 0.003 0.002 0.001 0.002 0.008 0.007 0.008 0.011 0.013 0.015 0.000 0.000 0.000 0.000 0.000 0.000 0.000 0.000 0.000 0.000 0.000 0.000
