数据/10y_1h/10y_1h_res/10y_1h_89-0001.wd
ncols         694
nrows         824
xllcorner     581104.939801
yllcorner     3495917.092414
cellsize      2.000000
NODATA_value  -9999.000000
[rows 442 to 475 of 824, columns 385 to 461 of 694]
0.000 0.000 0.000 0.000 0.000 0.000 0.000 0.000 0.000 0.000 0.000 0.000 0.000 0.000 0.000 0.000 0.000 0.000 0.001 0.001 0.001 0.003 0.007 0.014 0.021 0.029 0.038 0.047 0.056 0.064 0.066 0.066 0.066 0.067 0.000 0.000 0.000 0.000 0.000 0.000 0.000 0.000 0.000 0.000 0.000 0.000 0.000 0.000 0.000 0.000 0.000 0.000 0.000 0.000 0.000 0.000 0.006 0.008 0.009 0.010 0.011 0.012 0.012 0.012 0.012 0.012 0.011 0.011 0.012 0.014 0.000 0.000 0.000 0.000 0.000 0.000 0.000
0.000 0.000 0.000 0.000 0.000 0.000 0.000 0.000 0.000 0.000 0.000 0.000 0.000 0.000 0.000 0.000 0.002 0.002 0.002 0.001 0.001 0.002 0.007 0.014 0.022 0.031 0.040 0.049 0.057 0.066 0.066 0.066 0.066 0.066 0.000 0.000 0.000 0.000 0.000 0.000 0.000 0.000 0.000 0.000 0.000 0.000 0.000 0.000 0.000 0.000 0.000 0.000 0.000 0.000 0.000 0.000 0.005 0.008 0.010 0.012 0.013 0.013 0.013 0.014 0.014 0.013 0.013 0.013 0.013 0.014 0.012 0.011 0.000 0.000 0.000 0.000 0.000
0.000 0.000 0.000 0.000 0.000 0.000 0.000 0.011 0.008 0.004 0.000 0.000 0.000 0.000 0.001 0.002 0.002 0.002 0.002 0.003 0.002 0.002 0.007 0.015 0.023 0.032 0.042 0.051 0.060 0.067 0.066 0.065 0.065 0.000 0.000 0.000 0.000 0.000 0.000 0.000 0.000 0.000 0.000 0.000 0.000 0.000 0.000 0.000 0.000 0.000 0.000 0.000 0.000 0.000 0.000 0.000 0.008 0.013 0.016 0.018 0.016 0.017 0.018 0.018 0.018 0.017 0.017 0.017 0.017 0.018 0.021 0.015 0.007 0.000 0.000 0.000 0.000
0.000 0.000 0.000 0.000 0.000 0.000 0.000 0.000 0.017 0.016 0.013 0.009 0.005 0.002 0.002 0.003 0.003 0.003 0.003 0.004 0.004 0.005 0.005 0.014 0.023 0.032 0.042 0.053 0.068 0.066 0.064 0.063 0.062 0.000 0.000 0.000 0.000 0.000 0.000 0.000 0.000 0.000 0.000 0.000 0.000 0.000 0.000 0.000 0.000 0.000 0.000 0.000 0.000 0.000 0.000 0.000 0.000 0.026 0.000 0.000 0.021 0.024 0.026 0.026 0.023 0.023 0.023 0.024 0.025 0.028 0.028 0.021 0.013 0.003 0.000 0.000 0.000
0.000 0.000 0.000 0.000 0.000 0.000 0.000 0.000 0.000 0.000 0.020 0.018 0.016 0.012 0.008 0.005 0.004 0.004 0.005 0.005 0.006 0.007 0.008 0.011 0.021 0.031 0.040 0.049 0.059 0.061 0.060 0.059 0.057 0.000 0.000 0.000 0.000 0.000 0.000 0.000 0.000 0.000 0.000 0.000 0.000 0.000 0.000 0.000 0.000 0.000 0.000 0.000 0.000 0.000 0.000 0.000 0.000 0.000 0.000 0.000 0.000 0.000 0.000 0.000 0.028 0.031 0.033 0.035 0.035 0.039 0.034 0.027 0.019 0.010 0.000 0.000 0.000
0.000 0.000 0.000 0.000 0.000 0.000 0.000 0.000 0.000 0.000 0.000 0.023 0.021 0.019 0.018 0.014 0.010 0.007 0.007 0.007 0.008 0.009 0.010 0.012 0.018 0.028 0.036 0.045 0.052 0.055 0.054 0.052 0.049 0.040 0.034 0.030 0.000 0.000 0.000 0.000 0.000 0.000 0.000 0.000 0.000 0.000 0.000 0.000 0.000 0.000 0.000 0.000 0.000 0.000 0.000 0.000 0.000 0.000 0.000 0.000 0.000 0.000 0.000 0.000 0.000 0.000 0.000 0.000 0.045 0.047 0.041 0.032 0.024 0.015 0.004 0.000 0.000
0.000 0.000 0.000 0.000 0.000 0.000 0.000 0.000 0.000 0.000 0.000 0.000 0.000 0.024 0.022 0.021 0.019 0.017 0.013 0.011 0.010 0.011 0.012 0.014 0.016 0.023 0.032 0.038 0.042 0.046 0.046 0.045 0.042 0.036 0.030 0.025 0.019 0.015 0.012 0.011 0.000 0.000 0.000 0.000 0.000 0.000 0.000 0.000 0.000 0.000 0.000 0.000 0.000 0.000 0.000 0.000 0.000 0.000 0.000 0.000 0.000 0.000 0.000 0.000 0.000 0.000 0.000 0.000 0.000 0.000 0.000 0.036 0.030 0.022 0.011 0.000 0.000
0.000 0.000 0.000 0.000 0.000 0.000 0.000 0.000 0.000 0.000 0.000 0.000 0.000 0.000 0.000 0.025 0.023 0.021 0.019 0.017 0.015 0.014 0.015 0.016 0.017 0.018 0.025 0.027 0.000 0.034 0.038 0.037 0.034 0.029 0.027 0.025 0.021 0.018 0.015 0.013 0.010 0.008 0.008 0.000 0.000 0.000 0.000 0.000 0.000 0.000 0.000 0.000 0.000 0.000 0.000 0.000 0.000 0.000 0.000 0.000 0.000 0.000 0.000 0.000 0.000 0.000 0.000 0.000 0.000 0.000 0.000 0.000 0.000 0.000 0.000 0.000 0.000
0.000 0.000 0.000 0.000 0.000 0.000 0.000 0.000 0.000 0.000 0.000 0.000 0.000 0.000 0.000 0.000 0.027 0.025 0.022 0.019 0.018 0.018 0.018 0.018 0.018 0.018 0.018 0.022 0.022 0.027 0.030 0.029 0.029 0.029 0.028 0.026 0.023 0.020 0.018 0.016 0.013 0.011 0.010 0.007 0.005 0.004 0.004 0.000 0.000 0.000 0.000 0.000 0.000 0.000 0.000 0.000 0.000 0.000 0.000 0.000 0.000 0.000 0.000 0.000 0.000 0.000 0.000 0.000 0.000 0.000 0.000 0.000 0.000 0.000 0.000 0.000 0.000
0.000 0.000 0.000 0.000 0.000 0.000 0.000 0.000 0.000 0.000 0.000 0.000 0.000 0.000 0.000 0.000 0.000 0.000 0.022 0.020 0.019 0.018 0.017 0.017 0.019 0.019 0.018 0.018 0.021 0.021 0.025 0.027 0.029 0.029 0.028 0.026 0.024 0.022 0.020 0.018 0.015 0.013 0.012 0.010 0.008 0.006 0.006 0.004 0.003 0.002 0.002 0.001 0.000 0.000 0.000 0.000 0.000 0.000 0.000 0.000 0.000 0.000 0.000 0.000 0.000 0.000 0.000 0.000 0.000 0.000 0.000 0.000 0.000 0.000 0.000 0.000 0.000
0.000 0.000 0.000 0.000 0.000 0.000 0.000 0.000 0.000 0.000 0.000 0.000 0.000 0.000 0.000 0.000 0.000 0.000 0.022 0.020 0.019 0.017 0.014 0.000 0.016 0.018 0.018 0.016 0.016 0.021 0.025 0.027 0.028 0.029 0.028 0.027 0.025 0.024 0.022 0.020 0.018 0.016 0.014 0.012 0.010 0.008 0.007 0.005 0.004 0.003 0.003 0.002 0.001 0.000 0.000 0.000 0.000 0.000 0.000 0.000 0.000 0.000 0.000 0.000 0.000 0.000 0.000 0.000 0.000 0.000 0.000 0.000 0.000 0.000 0.000 0.000 0.000
0.000 0.000 0.000 0.000 0.000 0.000 0.000 0.000 0.000 0.000 0.000 0.000 0.000 0.000 0.000 0.000 0.000 0.000 0.022 0.021 0.019 0.017 0.015 0.013 0.015 0.017 0.016 0.013 0.000 0.019 0.024 0.027 0.029 0.030 0.029 0.028 0.027 0.025 0.024 0.022 0.020 0.018 0.017 0.015 0.013 0.010 0.008 0.007 0.006 0.005 0.004 0.003 0.003 0.002 0.001 0.000 0.000 0.000 0.000 0.000 0.000 0.000 0.000 0.000 0.000 0.000 0.000 0.000 0.000 0.000 0.000 0.000 0.000 0.000 0.000 0.000 0.000
0.000 0.000 0.000 0.000 0.000 0.000 0.000 0.000 0.000 0.000 0.000 0.000 0.000 0.000 0.000 0.000 0.000 0.000 0.022 0.020 0.019 0.018 0.016 0.015 0.015 0.016 0.014 0.012 0.012 0.018 0.023 0.026 0.028 0.029 0.029 0.029 0.029 0.028 0.026 0.025 0.023 0.021 0.020 0.018 0.016 0.013 0.011 0.010 0.008 0.007 0.006 0.005 0.005 0.004 0.003 0.002 0.001 0.000 0.000 0.000 0.000 0.000 0.000 0.000 0.000 0.000 0.000 0.000 0.000 0.000 0.000 0.000 0.000 0.000 0.000 0.000 0.000
0.000 0.000 0.000 0.000 0.000 0.000 0.000 0.000 0.000 0.000 0.000 0.000 0.000 0.000 0.000 0.000 0.000 0.019 0.020 0.020 0.019 0.018 0.017 0.016 0.015 0.014 0.012 0.011 0.013 0.018 0.021 0.024 0.026 0.027 0.028 0.028 0.028 0.028 0.027 0.027 0.026 0.025 0.023 0.022 0.020 0.017 0.015 0.014 0.012 0.011 0.009 0.008 0.007 0.006 0.005 0.004 0.003 0.002 0.001 0.000 0.000 0.000 0.000 0.000 0.000 0.000 0.000 0.000 0.000 0.000 0.000 0.000 0.000 0.000 0.000 0.000 0.000
0.000 0.000 0.000 0.000 0.000 0.000 0.000 0.000 0.000 0.000 0.000 0.000 0.000 0.000 0.000 0.000 0.000 0.020 0.020 0.019 0.019 0.018 0.017 0.016 0.015 0.013 0.010 0.011 0.013 0.017 0.020 0.023 0.024 0.026 0.027 0.027 0.027 0.027 0.027 0.027 0.027 0.026 0.025 0.024 0.023 0.022 0.020 0.019 0.017 0.015 0.014 0.012 0.011 0.009 0.008 0.007 0.006 0.005 0.004 0.004 0.003 0.002 0.001 0.000 0.002 0.000 0.000 0.000 0.000 0.000 0.000 0.000 0.000 0.000 0.000 0.000 0.000
0.000 0.000 0.000 0.000 0.000 0.000 0.000 0.000 0.000 0.000 0.000 0.000 0.000 0.000 0.000 0.000 0.000 0.021 0.020 0.019 0.018 0.017 0.016 0.015 0.014 0.012 0.009 0.011 0.013 0.016 0.019 0.021 0.023 0.024 0.025 0.026 0.027 0.027 0.027 0.027 0.027 0.027 0.026 0.026 0.025 0.024 0.023 0.022 0.021 0.020 0.019 0.018 0.016 0.015 0.013 0.012 0.011 0.010 0.010 0.009 0.009 0.010 0.011 0.013 0.016 0.009 0.004 0.000 0.000 0.000 0.000 0.000 0.000 0.000 0.000 0.000 0.000
0.000 0.000 0.000 0.000 0.000 0.000 0.000 0.000 0.000 0.000 0.000 0.000 0.000 0.000 0.000 0.000 0.000 0.021 0.020 0.019 0.018 0.017 0.016 0.015 0.013 0.010 0.009 0.010 0.012 0.015 0.017 0.019 0.021 0.023 0.024 0.025 0.026 0.027 0.028 0.028 0.028 0.028 0.028 0.028 0.027 0.026 0.025 0.024 0.024 0.023 0.022 0.021 0.020 0.020 0.019 0.019 0.018 0.018 0.019 0.019 0.021 0.022 0.024 0.026 0.023 0.000 0.004 0.000 0.000 0.000 0.000 0.000 0.000 0.000 0.000 0.000 0.000
0.000 0.000 0.000 0.000 0.000 0.000 0.000 0.000 0.000 0.000 0.000 0.000 0.000 0.000 0.000 0.000 0.017 0.019 0.019 0.019 0.018 0.017 0.016 0.014 0.012 0.009 0.009 0.010 0.012 0.014 0.016 0.018 0.020 0.022 0.023 0.025 0.027 0.028 0.029 0.030 0.030 0.031 0.030 0.030 0.029 0.029 0.028 0.027 0.027 0.026 0.025 0.024 0.024 0.024 0.023 0.024 0.025 0.026 0.029 0.031 0.034 0.036 0.037 0.039 0.029 0.015 0.005 0.003 0.000 0.000 0.000 0.000 0.000 0.000 0.000 0.000 0.000
0.000 0.000 0.000 0.000 0.000 0.000 0.000 0.000 0.000 0.000 0.000 0.000 0.000 0.000 0.000 0.000 0.019 0.019 0.019 0.018 0.017 0.017 0.015 0.014 0.011 0.008 0.008 0.010 0.011 0.013 0.015 0.017 0.019 0.021 0.023 0.026 0.028 0.031 0.033 0.033 0.033 0.033 0.033 0.033 0.032 0.032 0.031 0.031 0.030 0.029 0.029 0.028 0.028 0.028 0.029 0.030 0.031 0.034 0.036 0.039 0.042 0.045 0.048 0.047 0.051 0.045 0.036 0.028 0.022 0.016 0.011 0.008 0.005 0.002 0.000 0.000 0.000
0.000 0.000 0.000 0.000 0.000 0.000 0.000 0.000 0.000 0.000 0.000 0.000 0.000 0.000 0.000 0.000 0.020 0.019 0.018 0.018 0.017 0.016 0.015 0.013 0.010 0.008 0.008 0.009 0.011 0.013 0.014 0.016 0.019 0.021 0.024 0.028 0.033 0.036 0.037 0.037 0.037 0.037 0.037 0.037 0.036 0.035 0.035 0.034 0.033 0.033 0.033 0.033 0.033 0.033 0.035 0.036 0.039 0.042 0.045 0.048 0.051 0.049 0.045 0.042 0.045 0.049 0.051 0.054 0.055 0.047 0.038 0.030 0.022 0.017 0.012 0.007 0.004
0.021 0.017 0.014 0.000 0.000 0.000 0.000 0.000 0.000 0.000 0.000 0.000 0.000 0.000 0.000 0.017 0.018 0.018 0.018 0.017 0.017 0.016 0.014 0.012 0.009 0.008 0.008 0.009 0.010 0.012 0.014 0.016 0.019 0.023 0.028 0.034 0.040 0.044 0.044 0.041 0.041 0.042 0.042 0.041 0.040 0.039 0.038 0.038 0.038 0.037 0.037 0.037 0.038 0.039 0.041 0.044 0.047 0.050 0.053 0.053 0.050 0.047 0.043 0.038 0.040 0.042 0.045 0.047 0.050 0.053 0.056 0.058 0.055 0.046 0.037 0.029 0.022
0.025 0.021 0.018 0.014 0.012 0.010 0.000 0.000 0.000 0.000 0.000 0.000 0.000 0.000 0.000 0.019 0.018 0.018 0.018 0.017 0.016 0.015 0.013 0.011 0.008 0.007 0.008 0.009 0.010 0.012 0.014 0.017 0.021 0.027 0.033 0.041 0.048 0.055 0.000 0.042 0.046 0.048 0.047 0.044 0.044 0.044 0.042 0.042 0.042 0.042 0.042 0.043 0.044 0.046 0.048 0.051 0.055 0.056 0.053 0.051 0.048 0.045 0.041 0.035 0.035 0.037 0.039 0.041 0.043 0.046 0.048 0.050 0.053 0.056 0.057 0.060 0.054
0.029 0.026 0.022 0.019 0.016 0.014 0.013 0.011 0.009 0.008 0.000 0.000 0.000 0.000 0.000 0.019 0.019 0.018 0.017 0.017 0.016 0.014 0.013 0.010 0.007 0.007 0.008 0.009 0.010 0.012 0.014 0.019 0.025 0.033 0.041 0.048 0.056 0.000 0.000 0.000 0.000 0.000 0.000 0.045 0.048 0.049 0.046 0.046 0.047 0.048 0.047 0.048 0.050 0.053 0.056 0.058 0.055 0.053 0.050 0.048 0.045 0.042 0.038 0.033 0.032 0.032 0.034 0.035 0.037 0.039 0.041 0.043 0.046 0.048 0.050 0.052 0.055
0.000 0.000 0.000 0.023 0.021 0.019 0.018 0.016 0.014 0.013 0.012 0.011 0.010 0.000 0.000 0.019 0.018 0.018 0.017 0.016 0.015 0.014 0.012 0.009 0.007 0.007 0.008 0.008 0.010 0.012 0.017 0.023 0.032 0.040 0.048 0.000 0.000 0.000 0.000 0.000 0.000 0.000 0.000 0.000 0.000 0.000 0.047 0.052 0.053 0.054 0.052 0.054 0.057 0.060 0.057 0.054 0.052 0.050 0.047 0.045 0.042 0.039 0.036 0.030 0.028 0.029 0.029 0.030 0.031 0.033 0.034 0.036 0.038 0.040 0.042 0.044 0.046
0.000 0.000 0.000 0.000 0.000 0.000 0.023 0.021 0.019 0.018 0.018 0.016 0.015 0.015 0.015 0.017 0.018 0.017 0.017 0.016 0.015 0.013 0.011 0.007 0.007 0.007 0.007 0.008 0.010 0.014 0.020 0.029 0.038 0.047 0.000 0.000 0.000 0.000 0.000 0.000 0.000 0.000 0.000 0.000 0.000 0.000 0.000 0.000 0.000 0.000 0.055 0.060 0.059 0.057 0.053 0.050 0.048 0.046 0.044 0.042 0.039 0.036 0.033 0.028 0.025 0.025 0.025 0.025 0.026 0.027 0.028 0.030 0.031 0.033 0.035 0.037 0.038
0.000 0.000 0.000 0.000 0.000 0.000 0.000 0.000 0.000 0.000 0.023 0.021 0.020 0.019 0.018 0.018 0.017 0.017 0.016 0.015 0.014 0.012 0.010 0.006 0.006 0.006 0.007 0.008 0.011 0.016 0.024 0.034 0.044 0.000 0.000 0.000 0.000 0.000 0.000 0.000 0.000 0.000 0.000 0.000 0.000 0.000 0.000 0.000 0.000 0.000 0.000 0.000 0.000 0.000 0.046 0.046 0.044 0.041 0.040 0.038 0.036 0.033 0.029 0.025 0.022 0.021 0.021 0.021 0.021 0.022 0.022 0.023 0.024 0.026 0.027 0.029 0.031
0.000 0.000 0.000 0.000 0.000 0.000 0.000 0.000 0.000 0.000 0.000 0.000 0.000 0.000 0.022 0.019 0.017 0.016 0.015 0.014 0.013 0.011 0.009 0.006 0.005 0.005 0.007 0.008 0.012 0.018 0.027 0.036 0.000 0.000 0.000 0.000 0.000 0.000 0.000 0.000 0.000 0.000 0.000 0.000 0.000 0.000 0.000 0.000 0.000 0.000 0.000 0.000 0.000 0.000 0.000 0.000 0.000 0.035 0.035 0.034 0.032 0.028 0.025 0.022 0.018 0.017 0.017 0.017 0.017 0.017 0.017 0.017 0.018 0.019 0.020 0.021 0.023
0.000 0.000 0.000 0.000 0.000 0.000 0.000 0.000 0.000 0.000 0.000 0.000 0.000 0.000 0.000 0.018 0.016 0.015 0.014 0.013 0.012 0.010 0.007 0.006 0.005 0.005 0.007 0.009 0.014 0.022 0.030 0.039 0.000 0.000 0.000 0.000 0.000 0.000 0.000 0.000 0.000 0.000 0.000 0.000 0.000 0.000 0.000 0.000 0.000 0.000 0.000 0.000 0.000 0.000 0.000 0.000 0.000 0.000 0.000 0.000 0.000 0.022 0.021 0.018 0.014 0.013 0.012 0.012 0.012 0.012 0.011 0.011 0.012 0.012 0.013 0.014 0.015
0.000 0.000 0.000 0.000 0.000 0.000 0.000 0.000 0.000 0.000 0.000 0.000 0.000 0.000 0.013 0.015 0.015 0.014 0.012 0.011 0.011 0.009 0.006 0.005 0.005 0.006 0.007 0.010 0.017 0.026 0.035 0.044 0.000 0.000 0.000 0.000 0.000 0.000 0.000 0.000 0.000 0.000 0.000 0.000 0.000 0.000 0.000 0.000 0.000 0.000 0.000 0.000 0.000 0.000 0.000 0.000 0.000 0.000 0.000 0.000 0.000 0.000 0.000 0.000 0.004 0.005 0.005 0.005 0.005 0.005 0.005 0.004 0.003 0.003 0.004 0.004 0.005
0.000 0.000 0.000 0.000 0.000 0.000 0.000 0.000 0.000 0.000 0.000 0.000 0.000 0.000 0.015 0.015 0.014 0.013 0.011 0.010 0.010 0.008 0.005 0.005 0.005 0.006 0.008 0.013 0.021 0.030 0.040 0.050 0.000 0.000 0.000 0.000 0.000 0.000 0.000 0.000 0.000 0.000 0.000 0.000 0.000 0.000 0.000 0.000 0.000 0.000 0.000 0.000 0.000 0.000 0.000 0.000 0.000 0.000 0.000 0.000 0.000 0.000 0.000 0.000 0.000 0.000 0.000 0.000 0.000 0.000 0.000 0.000 0.000 0.000 0.000 0.000 0.000
0.000 0.000 0.000 0.000 0.000 0.000 0.000 0.000 0.000 0.000 0.000 0.000 0.000 0.000 0.015 0.014 0.013 0.012 0.011 0.010 0.009 0.006 0.005 0.005 0.005 0.006 0.009 0.016 0.025 0.034 0.043 0.000 0.000 0.000 0.000 0.000 0.000 0.000 0.000 0.000 0.000 0.000 0.000 0.000 0.000 0.000 0.000 0.000 0.000 0.000 0.000 0.000 0.000 0.000 0.000 0.000 0.000 0.000 0.000 0.000 0.000 0.000 0.000 0.000 0.000 0.000 0.000 0.000 0.000 0.000 0.000 0.000 0.000 0.000 0.000 0.000 0.000
0.000 0.000 0.000 0.000 0.000 0.000 0.000 0.000 0.000 0.000 0.000 0.000 0.000 0.000 0.015 0.014 0.013 0.012 0.011 0.010 0.008 0.005 0.005 0.005 0.005 0.007 0.012 0.020 0.029 0.039 0.048 0.000 0.000 0.000 0.000 0.000 0.000 0.000 0.000 0.000 0.000 0.000 0.000 0.000 0.000 0.000 0.000 0.000 0.000 0.000 0.000 0.000 0.000 0.000 0.000 0.000 0.000 0.000 0.000 0.000 0.000 0.000 0.000 0.000 0.000 0.000 0.000 0.000 0.000 0.000 0.000 0.000 0.000 0.000 0.000 0.000 0.000
0.000 0.000 0.000 0.000 0.000 0.000 0.000 0.000 0.000 0.000 0.000 0.000 0.000 0.011 0.013 0.013 0.012 0.011 0.010 0.009 0.007 0.004 0.004 0.004 0.005 0.008 0.016 0.025 0.034 0.044 0.054 0.000 0.000 0.000 0.000 0.000 0.000 0.000 0.000 0.000 0.000 0.000 0.000 0.000 0.000 0.000 0.000 0.000 0.000 0.000 0.000 0.000 0.000 0.000 0.000 0.000 0.000 0.000 0.000 0.000 0.000 0.000 0.000 0.000 0.000 0.000 0.000 0.000 0.000 0.000 0.000 0.000 0.000 0.000 0.000 0.000 0.000
0.000 0.000 0.000 0.000 0.000 0.000 0.000 0.000 0.000 0.000 0.000 0.000 0.000 0.013 0.013 0.012 0.012 0.011 0.010 0.008 0.006 0.004 0.004 0.004 0.006 0.012 0.021 0.030 0.039 0.048 0.000 0.000 0.000 0.000 0.000 0.000 0.000 0.000 0.000 0.000 0.000 0.000 0.000 0.000 0.000 0.000 0.000 0.000 0.000 0.000 0.000 0.000 0.000 0.000 0.000 0.000 0.000 0.000 0.000 0.000 0.000 0.000 0.000 0.000 0.000 0.000 0.000 0.000 0.000 0.000 0.000 0.000 0.000 0.000 0.000 0.000 0.000
