数据/100y_1h/100y_1h_res_2/100y_1h_119-0001.wd
ncols         694
nrows         824
xllcorner     581104.939801
yllcorner     3495917.092414
cellsize      2.000000
NODATA_value  -9999.000000
[rows 442 to 475 of 824, columns 385 to 461 of 694]
0.000 0.000 0.000 0.030 0.025 0.020 0.015 0.010 0.005 0.002 0.001 0.001 0.001 0.001 0.001 0.001 0.001 0.001 0.001 0.001 0.001 0.002 0.002 0.003 0.007 0.013 0.022 0.030 0.038 0.046 0.049 0.049 0.048 0.048 0.000 0.000 0.000 0.000 0.000 0.000 0.000 0.000 0.000 0.000 0.000 0.000 0.000 0.000 0.000 0.000 0.000 0.000 0.000 0.000 0.000 0.005 0.012 0.019 0.026 0.033 0.039 0.047 0.054 0.061 0.068 0.075 0.082 0.089 0.096 0.104 0.000 0.000 0.000 0.000 0.000 0.000 0.000
0.000 0.000 0.000 0.000 0.000 0.030 0.026 0.020 0.014 0.009 0.004 0.002 0.001 0.001 0.001 0.001 0.001 0.001 0.001 0.001 0.001 0.001 0.002 0.003 0.008 0.015 0.023 0.032 0.040 0.048 0.049 0.049 0.049 0.049 0.000 0.000 0.000 0.000 0.000 0.000 0.000 0.000 0.000 0.000 0.000 0.000 0.000 0.000 0.000 0.000 0.000 0.000 0.000 0.000 0.009 0.017 0.024 0.031 0.038 0.045 0.053 0.059 0.067 0.074 0.081 0.088 0.095 0.102 0.110 0.117 0.124 0.125 0.000 0.000 0.000 0.000 0.000
0.000 0.000 0.000 0.000 0.000 0.000 0.000 0.029 0.024 0.019 0.014 0.009 0.005 0.002 0.002 0.002 0.002 0.001 0.001 0.001 0.001 0.001 0.002 0.004 0.009 0.016 0.025 0.034 0.043 0.049 0.048 0.048 0.048 0.000 0.000 0.000 0.000 0.000 0.000 0.000 0.000 0.000 0.000 0.000 0.000 0.000 0.000 0.000 0.000 0.000 0.000 0.000 0.004 0.014 0.022 0.030 0.037 0.044 0.051 0.058 0.065 0.072 0.079 0.087 0.094 0.101 0.108 0.115 0.122 0.130 0.137 0.133 0.129 0.123 0.119 0.000 0.000
0.000 0.000 0.000 0.000 0.000 0.000 0.000 0.000 0.032 0.030 0.025 0.019 0.014 0.010 0.005 0.003 0.002 0.002 0.002 0.002 0.001 0.001 0.001 0.003 0.009 0.017 0.026 0.036 0.050 0.049 0.047 0.046 0.046 0.000 0.000 0.000 0.000 0.000 0.000 0.000 0.000 0.000 0.000 0.000 0.000 0.000 0.000 0.000 0.000 0.000 0.000 0.000 0.003 0.000 0.000 0.000 0.000 0.057 0.000 0.000 0.078 0.085 0.093 0.100 0.107 0.114 0.121 0.128 0.136 0.142 0.145 0.140 0.136 0.131 0.127 0.122 0.117
0.000 0.000 0.000 0.000 0.000 0.000 0.000 0.000 0.000 0.000 0.030 0.028 0.025 0.020 0.015 0.010 0.005 0.003 0.003 0.002 0.002 0.002 0.002 0.003 0.009 0.017 0.025 0.034 0.044 0.046 0.044 0.043 0.043 0.000 0.000 0.000 0.000 0.000 0.000 0.000 0.000 0.000 0.000 0.000 0.000 0.000 0.000 0.000 0.000 0.000 0.000 0.000 0.001 0.000 0.000 0.000 0.000 0.000 0.000 0.000 0.000 0.000 0.000 0.000 0.120 0.127 0.134 0.141 0.149 0.155 0.153 0.148 0.143 0.139 0.134 0.128 0.125
0.000 0.000 0.000 0.000 0.000 0.000 0.000 0.000 0.000 0.000 0.000 0.032 0.030 0.027 0.024 0.020 0.014 0.009 0.005 0.004 0.003 0.003 0.003 0.004 0.007 0.016 0.023 0.031 0.039 0.041 0.040 0.039 0.036 0.029 0.025 0.022 0.000 0.000 0.000 0.000 0.000 0.000 0.000 0.000 0.000 0.000 0.000 0.000 0.000 0.000 0.000 0.000 0.000 0.000 0.000 0.000 0.000 0.000 0.000 0.000 0.000 0.000 0.000 0.000 0.000 0.000 0.000 0.000 0.162 0.164 0.160 0.155 0.151 0.146 0.141 0.137 0.132
0.000 0.000 0.000 0.000 0.000 0.000 0.000 0.000 0.000 0.000 0.000 0.000 0.000 0.031 0.029 0.025 0.022 0.019 0.013 0.008 0.005 0.005 0.005 0.005 0.006 0.013 0.020 0.026 0.031 0.035 0.035 0.033 0.031 0.026 0.021 0.017 0.012 0.009 0.007 0.007 0.000 0.000 0.000 0.000 0.000 0.000 0.000 0.000 0.000 0.000 0.000 0.000 0.000 0.000 0.000 0.000 0.000 0.000 0.000 0.000 0.000 0.000 0.000 0.000 0.000 0.000 0.000 0.000 0.000 0.000 0.000 0.163 0.158 0.153 0.149 0.144 0.139
0.000 0.000 0.000 0.000 0.000 0.000 0.000 0.000 0.000 0.000 0.000 0.000 0.000 0.000 0.000 0.028 0.025 0.022 0.019 0.016 0.011 0.008 0.007 0.007 0.008 0.009 0.016 0.019 0.000 0.025 0.028 0.028 0.025 0.020 0.019 0.017 0.014 0.012 0.010 0.009 0.006 0.005 0.005 0.000 0.000 0.000 0.000 0.000 0.000 0.000 0.000 0.000 0.000 0.000 0.000 0.000 0.000 0.000 0.000 0.000 0.000 0.000 0.000 0.000 0.000 0.000 0.000 0.000 0.000 0.000 0.000 0.000 0.000 0.000 0.000 0.151 0.147
0.000 0.000 0.000 0.000 0.000 0.000 0.000 0.000 0.000 0.000 0.000 0.000 0.000 0.000 0.000 0.000 0.029 0.026 0.021 0.017 0.014 0.012 0.011 0.009 0.009 0.010 0.011 0.015 0.016 0.020 0.022 0.021 0.021 0.020 0.019 0.018 0.016 0.014 0.012 0.010 0.009 0.007 0.006 0.004 0.004 0.003 0.003 0.000 0.000 0.000 0.000 0.000 0.000 0.000 0.000 0.000 0.000 0.000 0.000 0.000 0.000 0.000 0.000 0.000 0.000 0.000 0.000 0.000 0.000 0.000 0.000 0.000 0.000 0.000 0.000 0.000 0.000
0.000 0.000 0.000 0.000 0.000 0.000 0.000 0.000 0.000 0.000 0.000 0.000 0.000 0.000 0.000 0.000 0.000 0.000 0.020 0.018 0.015 0.013 0.012 0.011 0.012 0.012 0.011 0.012 0.015 0.015 0.018 0.020 0.020 0.020 0.020 0.018 0.017 0.015 0.014 0.012 0.010 0.009 0.008 0.006 0.005 0.005 0.004 0.003 0.002 0.002 0.002 0.002 0.002 0.001 0.000 0.000 0.000 0.000 0.000 0.000 0.000 0.000 0.000 0.000 0.000 0.000 0.000 0.000 0.000 0.000 0.000 0.000 0.000 0.000 0.000 0.000 0.000
0.000 0.000 0.000 0.000 0.000 0.000 0.000 0.000 0.000 0.000 0.000 0.000 0.000 0.000 0.000 0.000 0.000 0.000 0.020 0.018 0.016 0.013 0.012 0.011 0.011 0.012 0.012 0.011 0.012 0.015 0.018 0.020 0.020 0.020 0.020 0.019 0.018 0.017 0.015 0.014 0.012 0.011 0.010 0.008 0.007 0.006 0.005 0.004 0.003 0.003 0.003 0.002 0.002 0.002 0.002 0.001 0.000 0.000 0.000 0.000 0.000 0.000 0.000 0.000 0.000 0.000 0.000 0.000 0.000 0.000 0.000 0.000 0.000 0.000 0.000 0.000 0.000
0.000 0.000 0.000 0.000 0.000 0.000 0.000 0.000 0.000 0.000 0.000 0.000 0.000 0.000 0.000 0.000 0.000 0.000 0.020 0.018 0.016 0.014 0.012 0.011 0.011 0.011 0.011 0.008 0.000 0.014 0.018 0.020 0.021 0.021 0.021 0.020 0.019 0.018 0.017 0.016 0.014 0.013 0.012 0.010 0.009 0.007 0.006 0.005 0.004 0.004 0.003 0.003 0.003 0.003 0.002 0.002 0.002 0.002 0.001 0.000 0.000 0.000 0.000 0.000 0.000 0.000 0.000 0.000 0.000 0.000 0.000 0.000 0.000 0.000 0.000 0.000 0.000
0.000 0.000 0.000 0.000 0.000 0.000 0.000 0.000 0.000 0.000 0.000 0.000 0.000 0.000 0.000 0.000 0.000 0.000 0.019 0.017 0.016 0.014 0.012 0.011 0.010 0.010 0.009 0.007 0.007 0.013 0.016 0.018 0.020 0.021 0.021 0.021 0.021 0.021 0.020 0.018 0.017 0.015 0.014 0.013 0.011 0.009 0.008 0.007 0.006 0.005 0.005 0.004 0.004 0.004 0.003 0.003 0.003 0.002 0.002 0.002 0.002 0.001 0.000 0.000 0.000 0.000 0.000 0.000 0.000 0.000 0.000 0.000 0.000 0.000 0.000 0.000 0.000
0.000 0.000 0.000 0.000 0.000 0.000 0.000 0.000 0.000 0.000 0.000 0.000 0.000 0.000 0.000 0.000 0.000 0.016 0.017 0.017 0.016 0.014 0.013 0.011 0.010 0.009 0.008 0.007 0.008 0.012 0.015 0.017 0.018 0.020 0.020 0.021 0.021 0.021 0.021 0.020 0.019 0.019 0.017 0.016 0.014 0.013 0.011 0.010 0.009 0.008 0.007 0.006 0.006 0.005 0.004 0.004 0.004 0.003 0.003 0.003 0.003 0.002 0.002 0.002 0.002 0.003 0.001 0.000 0.000 0.000 0.000 0.000 0.000 0.000 0.000 0.000 0.000
0.000 0.000 0.000 0.000 0.000 0.000 0.000 0.000 0.000 0.000 0.000 0.000 0.000 0.000 0.000 0.000 0.000 0.018 0.017 0.017 0.016 0.014 0.013 0.012 0.010 0.009 0.006 0.007 0.008 0.011 0.013 0.016 0.017 0.018 0.019 0.020 0.020 0.021 0.021 0.020 0.020 0.020 0.019 0.018 0.018 0.017 0.016 0.014 0.013 0.011 0.010 0.009 0.008 0.008 0.007 0.006 0.005 0.005 0.004 0.004 0.004 0.004 0.004 0.004 0.006 0.005 0.002 0.001 0.000 0.000 0.000 0.000 0.000 0.000 0.000 0.000 0.000
0.000 0.000 0.000 0.000 0.000 0.000 0.000 0.000 0.000 0.000 0.000 0.000 0.000 0.000 0.000 0.000 0.000 0.019 0.018 0.017 0.016 0.015 0.013 0.012 0.010 0.008 0.006 0.007 0.008 0.010 0.013 0.014 0.016 0.017 0.019 0.019 0.020 0.020 0.021 0.021 0.021 0.021 0.020 0.020 0.019 0.018 0.018 0.017 0.016 0.015 0.015 0.014 0.013 0.012 0.011 0.010 0.009 0.008 0.008 0.008 0.008 0.008 0.009 0.012 0.016 0.011 0.004 0.002 0.000 0.000 0.000 0.000 0.000 0.000 0.000 0.000 0.000
0.000 0.000 0.000 0.000 0.000 0.000 0.000 0.000 0.000 0.000 0.000 0.000 0.000 0.000 0.000 0.000 0.000 0.019 0.018 0.017 0.016 0.015 0.013 0.012 0.010 0.008 0.006 0.007 0.008 0.010 0.012 0.014 0.015 0.017 0.018 0.019 0.020 0.021 0.021 0.022 0.022 0.022 0.022 0.022 0.021 0.021 0.020 0.019 0.019 0.018 0.017 0.017 0.016 0.016 0.015 0.015 0.015 0.015 0.015 0.016 0.017 0.019 0.021 0.025 0.023 0.017 0.005 0.002 0.000 0.000 0.000 0.000 0.000 0.000 0.000 0.000 0.000
0.000 0.000 0.000 0.000 0.000 0.000 0.000 0.000 0.000 0.000 0.000 0.000 0.000 0.000 0.000 0.000 0.019 0.019 0.019 0.018 0.016 0.015 0.014 0.012 0.010 0.007 0.006 0.007 0.008 0.010 0.011 0.013 0.015 0.016 0.017 0.019 0.020 0.022 0.023 0.024 0.024 0.024 0.024 0.024 0.024 0.023 0.023 0.022 0.021 0.021 0.020 0.020 0.019 0.019 0.019 0.020 0.021 0.022 0.024 0.027 0.030 0.032 0.035 0.037 0.028 0.017 0.005 0.004 0.003 0.002 0.002 0.000 0.000 0.000 0.000 0.000 0.000
0.000 0.000 0.000 0.000 0.000 0.000 0.000 0.000 0.000 0.000 0.000 0.000 0.000 0.000 0.000 0.000 0.022 0.021 0.020 0.018 0.017 0.016 0.014 0.012 0.010 0.006 0.006 0.007 0.008 0.009 0.011 0.012 0.014 0.016 0.018 0.020 0.022 0.025 0.026 0.027 0.027 0.027 0.027 0.027 0.027 0.026 0.026 0.025 0.024 0.024 0.024 0.023 0.023 0.023 0.024 0.025 0.027 0.029 0.032 0.035 0.039 0.042 0.045 0.044 0.049 0.043 0.034 0.026 0.020 0.015 0.011 0.007 0.005 0.003 0.002 0.001 0.000
0.000 0.000 0.000 0.000 0.000 0.000 0.000 0.000 0.000 0.000 0.000 0.000 0.000 0.000 0.000 0.000 0.024 0.023 0.022 0.020 0.018 0.016 0.014 0.012 0.009 0.006 0.007 0.007 0.008 0.009 0.011 0.012 0.014 0.016 0.019 0.023 0.027 0.030 0.031 0.031 0.031 0.031 0.031 0.031 0.030 0.029 0.029 0.028 0.028 0.028 0.027 0.027 0.028 0.028 0.030 0.032 0.034 0.037 0.041 0.044 0.048 0.046 0.042 0.039 0.042 0.046 0.049 0.051 0.053 0.044 0.036 0.028 0.021 0.016 0.011 0.007 0.005
0.118 0.115 0.112 0.000 0.000 0.000 0.000 0.000 0.000 0.000 0.000 0.000 0.000 0.000 0.000 0.029 0.028 0.026 0.024 0.022 0.020 0.018 0.015 0.013 0.009 0.007 0.007 0.008 0.008 0.009 0.011 0.012 0.015 0.018 0.023 0.029 0.035 0.039 0.038 0.035 0.035 0.035 0.036 0.034 0.034 0.033 0.033 0.032 0.032 0.032 0.032 0.032 0.033 0.034 0.036 0.039 0.042 0.045 0.049 0.049 0.047 0.044 0.040 0.035 0.037 0.040 0.042 0.045 0.048 0.051 0.053 0.056 0.053 0.044 0.036 0.028 0.021
0.122 0.119 0.116 0.111 0.108 0.105 0.000 0.000 0.000 0.000 0.000 0.000 0.000 0.000 0.000 0.034 0.032 0.030 0.027 0.025 0.022 0.019 0.016 0.013 0.009 0.008 0.008 0.008 0.009 0.010 0.011 0.013 0.017 0.023 0.029 0.036 0.043 0.050 0.000 0.036 0.040 0.041 0.041 0.038 0.037 0.037 0.037 0.036 0.036 0.036 0.036 0.037 0.038 0.040 0.043 0.046 0.050 0.051 0.049 0.047 0.044 0.041 0.038 0.032 0.033 0.034 0.036 0.038 0.041 0.043 0.046 0.048 0.051 0.054 0.056 0.059 0.053
0.126 0.124 0.120 0.115 0.112 0.109 0.103 0.100 0.096 0.093 0.000 0.000 0.000 0.000 0.000 0.039 0.037 0.034 0.031 0.028 0.024 0.021 0.017 0.014 0.009 0.009 0.009 0.009 0.009 0.010 0.012 0.016 0.022 0.029 0.037 0.044 0.052 0.000 0.000 0.000 0.000 0.000 0.000 0.039 0.042 0.043 0.040 0.040 0.041 0.042 0.042 0.042 0.045 0.047 0.051 0.053 0.051 0.049 0.046 0.044 0.042 0.039 0.035 0.030 0.029 0.030 0.031 0.032 0.034 0.037 0.039 0.041 0.044 0.046 0.049 0.051 0.054
0.000 0.000 0.000 0.119 0.116 0.113 0.108 0.104 0.101 0.097 0.090 0.086 0.082 0.000 0.000 0.044 0.041 0.038 0.034 0.030 0.026 0.022 0.018 0.014 0.011 0.010 0.010 0.010 0.010 0.012 0.015 0.021 0.029 0.037 0.045 0.000 0.000 0.000 0.000 0.000 0.000 0.000 0.000 0.000 0.000 0.000 0.041 0.046 0.047 0.048 0.046 0.048 0.051 0.055 0.052 0.050 0.048 0.045 0.043 0.041 0.039 0.036 0.033 0.028 0.026 0.026 0.027 0.027 0.029 0.030 0.032 0.034 0.037 0.039 0.041 0.043 0.046
0.000 0.000 0.000 0.000 0.000 0.000 0.111 0.109 0.105 0.101 0.094 0.089 0.084 0.075 0.064 0.053 0.046 0.041 0.036 0.032 0.027 0.023 0.019 0.013 0.011 0.011 0.010 0.010 0.011 0.014 0.020 0.028 0.036 0.045 0.000 0.000 0.000 0.000 0.000 0.000 0.000 0.000 0.000 0.000 0.000 0.000 0.000 0.000 0.000 0.000 0.049 0.054 0.054 0.051 0.048 0.046 0.044 0.042 0.040 0.038 0.036 0.033 0.030 0.025 0.023 0.023 0.023 0.023 0.024 0.025 0.026 0.028 0.030 0.032 0.034 0.036 0.038
0.000 0.000 0.000 0.000 0.000 0.000 0.000 0.000 0.000 0.000 0.096 0.093 0.088 0.079 0.067 0.056 0.048 0.042 0.037 0.033 0.028 0.023 0.019 0.012 0.011 0.010 0.011 0.011 0.013 0.018 0.026 0.034 0.044 0.000 0.000 0.000 0.000 0.000 0.000 0.000 0.000 0.000 0.000 0.000 0.000 0.000 0.000 0.000 0.000 0.000 0.000 0.000 0.000 0.000 0.042 0.041 0.040 0.037 0.036 0.034 0.032 0.030 0.027 0.023 0.020 0.019 0.019 0.019 0.019 0.020 0.021 0.022 0.023 0.025 0.027 0.029 0.031
0.000 0.000 0.000 0.000 0.000 0.000 0.000 0.000 0.000 0.000 0.000 0.000 0.000 0.000 0.064 0.055 0.048 0.042 0.037 0.032 0.028 0.023 0.017 0.012 0.000 0.009 0.011 0.013 0.017 0.023 0.031 0.040 0.000 0.000 0.000 0.000 0.000 0.000 0.000 0.000 0.000 0.000 0.000 0.000 0.000 0.000 0.000 0.000 0.000 0.000 0.000 0.000 0.000 0.000 0.000 0.000 0.000 0.032 0.032 0.031 0.029 0.025 0.023 0.020 0.016 0.016 0.015 0.015 0.015 0.015 0.016 0.016 0.017 0.018 0.020 0.022 0.023
0.000 0.000 0.000 0.000 0.000 0.000 0.000 0.000 0.000 0.000 0.000 0.000 0.000 0.000 0.000 0.048 0.044 0.040 0.036 0.031 0.027 0.022 0.016 0.012 0.010 0.011 0.013 0.016 0.022 0.029 0.037 0.046 0.000 0.000 0.000 0.000 0.000 0.000 0.000 0.000 0.000 0.000 0.000 0.000 0.000 0.000 0.000 0.000 0.000 0.000 0.000 0.000 0.000 0.000 0.000 0.000 0.000 0.000 0.000 0.000 0.000 0.019 0.018 0.016 0.012 0.012 0.011 0.011 0.011 0.011 0.011 0.011 0.012 0.012 0.013 0.015 0.016
0.000 0.000 0.000 0.000 0.000 0.000 0.000 0.000 0.000 0.000 0.000 0.000 0.000 0.000 0.038 0.041 0.040 0.037 0.034 0.030 0.026 0.021 0.014 0.013 0.012 0.013 0.015 0.020 0.027 0.035 0.044 0.052 0.000 0.000 0.000 0.000 0.000 0.000 0.000 0.000 0.000 0.000 0.000 0.000 0.000 0.000 0.000 0.000 0.000 0.000 0.000 0.000 0.000 0.000 0.000 0.000 0.000 0.000 0.000 0.000 0.000 0.000 0.000 0.000 0.003 0.004 0.005 0.005 0.005 0.005 0.006 0.006 0.006 0.006 0.007 0.008 0.009
0.000 0.000 0.000 0.000 0.000 0.000 0.000 0.000 0.000 0.000 0.000 0.000 0.000 0.000 0.038 0.038 0.037 0.035 0.032 0.028 0.024 0.019 0.014 0.013 0.014 0.015 0.019 0.025 0.033 0.042 0.050 0.060 0.000 0.000 0.000 0.000 0.000 0.000 0.000 0.000 0.000 0.000 0.000 0.000 0.000 0.000 0.000 0.000 0.000 0.000 0.000 0.000 0.000 0.000 0.000 0.000 0.000 0.000 0.000 0.000 0.000 0.000 0.000 0.000 0.000 0.000 0.000 0.000 0.001 0.001 0.001 0.001 0.001 0.001 0.002 0.002 0.003
0.000 0.000 0.000 0.000 0.000 0.000 0.000 0.000 0.000 0.000 0.000 0.000 0.000 0.000 0.037 0.036 0.035 0.033 0.030 0.026 0.022 0.017 0.014 0.014 0.015 0.018 0.024 0.031 0.039 0.048 0.056 0.000 0.000 0.000 0.000 0.000 0.000 0.000 0.000 0.000 0.000 0.000 0.000 0.000 0.000 0.000 0.000 0.000 0.000 0.000 0.000 0.000 0.000 0.000 0.000 0.000 0.000 0.000 0.000 0.000 0.000 0.000 0.000 0.000 0.000 0.000 0.000 0.000 0.000 0.000 0.000 0.001 0.001 0.001 0.001 0.001 0.001
0.000 0.000 0.000 0.000 0.000 0.000 0.000 0.000 0.000 0.000 0.000 0.000 0.000 0.000 0.035 0.034 0.033 0.031 0.028 0.025 0.021 0.015 0.014 0.015 0.018 0.022 0.030 0.037 0.046 0.054 0.063 0.000 0.000 0.000 0.000 0.000 0.000 0.000 0.000 0.000 0.000 0.000 0.000 0.000 0.000 0.000 0.000 0.000 0.000 0.000 0.000 0.000 0.000 0.000 0.000 0.000 0.000 0.000 0.000 0.000 0.000 0.000 0.000 0.000 0.000 0.000 0.000 0.000 0.000 0.000 0.000 0.000 0.000 0.000 0.000 0.000 0.000
0.000 0.000 0.000 0.000 0.000 0.000 0.000 0.000 0.000 0.000 0.000 0.000 0.000 0.030 0.032 0.032 0.031 0.029 0.027 0.023 0.019 0.014 0.015 0.017 0.021 0.028 0.035 0.044 0.052 0.061 0.070 0.000 0.000 0.000 0.000 0.000 0.000 0.000 0.000 0.000 0.000 0.000 0.000 0.000 0.000 0.000 0.000 0.000 0.000 0.000 0.000 0.000 0.000 0.000 0.000 0.000 0.000 0.000 0.000 0.000 0.000 0.000 0.000 0.000 0.000 0.000 0.000 0.000 0.000 0.000 0.000 0.000 0.000 0.000 0.000 0.000 0.000
0.000 0.000 0.000 0.000 0.000 0.000 0.000 0.000 0.000 0.000 0.000 0.000 0.000 0.031 0.031 0.031 0.029 0.028 0.025 0.022 0.018 0.015 0.017 0.020 0.026 0.034 0.042 0.050 0.058 0.067 0.000 0.000 0.000 0.000 0.000 0.000 0.000 0.000 0.000 0.000 0.000 0.000 0.000 0.000 0.000 0.000 0.000 0.000 0.000 0.000 0.000 0.000 0.000 0.000 0.000 0.000 0.000 0.000 0.000 0.000 0.000 0.000 0.000 0.000 0.000 0.000 0.000 0.000 0.000 0.000 0.000 0.000 0.000 0.000 0.000 0.000 0.000
