数据/100y_1h/100y_1h_res_2/100y_1h_108-0001.wd
ncols         694
nrows         824
xllcorner     581104.939801
yllcorner     3495917.092414
cellsize      2.000000
NODATA_value  -9999.000000
[rows 442 to 475 of 824, columns 385 to 461 of 694]
0.000 0.000 0.000 0.032 0.027 0.022 0.016 0.011 0.006 0.003 0.002 0.002 0.002 0.002 0.002 0.002 0.002 0.001 0.001 0.001 0.001 0.003 0.007 0.015 0.022 0.031 0.040 0.048 0.057 0.066 0.068 0.068 0.069 0.069 0.000 0.000 0.000 0.000 0.000 0.000 0.000 0.000 0.000 0.000 0.000 0.000 0.000 0.000 0.000 0.000 0.000 0.000 0.000 0.000 0.000 0.003 0.009 0.014 0.019 0.024 0.030 0.037 0.043 0.050 0.057 0.064 0.071 0.078 0.085 0.092 0.000 0.000 0.000 0.000 0.000 0.000 0.000
0.000 0.000 0.000 0.000 0.000 0.032 0.027 0.022 0.016 0.012 0.007 0.004 0.002 0.002 0.002 0.002 0.002 0.002 0.002 0.002 0.001 0.002 0.007 0.015 0.024 0.033 0.041 0.051 0.059 0.067 0.068 0.068 0.068 0.068 0.000 0.000 0.000 0.000 0.000 0.000 0.000 0.000 0.000 0.000 0.000 0.000 0.000 0.000 0.000 0.000 0.000 0.000 0.000 0.000 0.000 0.007 0.015 0.022 0.029 0.035 0.042 0.049 0.056 0.063 0.070 0.076 0.084 0.091 0.098 0.105 0.112 0.114 0.000 0.000 0.000 0.000 0.000
0.000 0.000 0.000 0.000 0.000 0.000 0.000 0.032 0.027 0.022 0.017 0.012 0.008 0.004 0.003 0.003 0.003 0.003 0.003 0.003 0.002 0.002 0.007 0.016 0.024 0.034 0.043 0.053 0.062 0.069 0.068 0.067 0.067 0.000 0.000 0.000 0.000 0.000 0.000 0.000 0.000 0.000 0.000 0.000 0.000 0.000 0.000 0.000 0.000 0.000 0.000 0.000 0.000 0.003 0.012 0.020 0.027 0.034 0.041 0.048 0.055 0.062 0.068 0.075 0.082 0.089 0.097 0.104 0.110 0.118 0.125 0.121 0.116 0.111 0.107 0.000 0.000
0.000 0.000 0.000 0.000 0.000 0.000 0.000 0.000 0.035 0.033 0.028 0.023 0.018 0.013 0.009 0.005 0.004 0.004 0.004 0.004 0.004 0.005 0.006 0.015 0.024 0.034 0.044 0.055 0.071 0.069 0.066 0.065 0.064 0.000 0.000 0.000 0.000 0.000 0.000 0.000 0.000 0.000 0.000 0.000 0.000 0.000 0.000 0.000 0.000 0.000 0.000 0.000 0.000 0.000 0.000 0.000 0.000 0.047 0.000 0.000 0.067 0.075 0.082 0.088 0.095 0.102 0.109 0.116 0.124 0.131 0.133 0.128 0.124 0.119 0.115 0.109 0.105
0.000 0.000 0.000 0.000 0.000 0.000 0.000 0.000 0.000 0.000 0.034 0.032 0.029 0.024 0.019 0.014 0.010 0.006 0.005 0.005 0.006 0.007 0.008 0.012 0.022 0.032 0.042 0.052 0.062 0.064 0.063 0.061 0.060 0.000 0.000 0.000 0.000 0.000 0.000 0.000 0.000 0.000 0.000 0.000 0.000 0.000 0.000 0.000 0.000 0.000 0.000 0.000 0.000 0.000 0.000 0.000 0.000 0.000 0.000 0.000 0.000 0.000 0.000 0.000 0.108 0.115 0.122 0.130 0.137 0.143 0.140 0.136 0.132 0.126 0.122 0.117 0.112
0.000 0.000 0.000 0.000 0.000 0.000 0.000 0.000 0.000 0.000 0.000 0.036 0.034 0.031 0.029 0.025 0.019 0.015 0.010 0.008 0.008 0.009 0.011 0.013 0.019 0.030 0.039 0.049 0.057 0.059 0.058 0.055 0.051 0.042 0.035 0.031 0.000 0.000 0.000 0.000 0.000 0.000 0.000 0.000 0.000 0.000 0.000 0.000 0.000 0.000 0.000 0.000 0.000 0.000 0.000 0.000 0.000 0.000 0.000 0.000 0.000 0.000 0.000 0.000 0.000 0.000 0.000 0.000 0.149 0.153 0.148 0.143 0.139 0.134 0.129 0.124 0.119
0.000 0.000 0.000 0.000 0.000 0.000 0.000 0.000 0.000 0.000 0.000 0.000 0.000 0.035 0.033 0.030 0.027 0.025 0.019 0.015 0.012 0.012 0.013 0.014 0.016 0.025 0.036 0.045 0.053 0.053 0.052 0.049 0.045 0.038 0.031 0.025 0.019 0.014 0.012 0.012 0.000 0.000 0.000 0.000 0.000 0.000 0.000 0.000 0.000 0.000 0.000 0.000 0.000 0.000 0.000 0.000 0.000 0.000 0.000 0.000 0.000 0.000 0.000 0.000 0.000 0.000 0.000 0.000 0.000 0.000 0.000 0.151 0.146 0.142 0.137 0.132 0.127
0.000 0.000 0.000 0.000 0.000 0.000 0.000 0.000 0.000 0.000 0.000 0.000 0.000 0.000 0.000 0.034 0.031 0.028 0.025 0.022 0.019 0.016 0.015 0.016 0.017 0.020 0.031 0.040 0.048 0.047 0.045 0.042 0.037 0.031 0.028 0.025 0.021 0.018 0.015 0.014 0.010 0.008 0.008 0.000 0.000 0.000 0.000 0.000 0.000 0.000 0.000 0.000 0.000 0.000 0.000 0.000 0.000 0.000 0.000 0.000 0.000 0.000 0.000 0.000 0.000 0.000 0.000 0.000 0.000 0.000 0.000 0.000 0.000 0.000 0.000 0.139 0.134
0.000 0.000 0.000 0.000 0.000 0.000 0.000 0.000 0.000 0.000 0.000 0.000 0.000 0.000 0.000 0.000 0.035 0.032 0.028 0.024 0.022 0.020 0.019 0.018 0.019 0.020 0.024 0.035 0.042 0.040 0.038 0.034 0.032 0.030 0.028 0.025 0.023 0.020 0.018 0.016 0.013 0.011 0.010 0.007 0.005 0.004 0.004 0.000 0.000 0.000 0.000 0.000 0.000 0.000 0.000 0.000 0.000 0.000 0.000 0.000 0.000 0.000 0.000 0.000 0.000 0.000 0.000 0.000 0.000 0.000 0.000 0.000 0.000 0.000 0.000 0.000 0.000
0.000 0.000 0.000 0.000 0.000 0.000 0.000 0.000 0.000 0.000 0.000 0.000 0.000 0.000 0.000 0.000 0.000 0.000 0.027 0.024 0.022 0.020 0.019 0.017 0.020 0.021 0.022 0.027 0.033 0.031 0.031 0.031 0.030 0.029 0.028 0.026 0.024 0.022 0.020 0.018 0.016 0.013 0.012 0.010 0.008 0.006 0.006 0.004 0.003 0.002 0.002 0.002 0.002 0.001 0.000 0.000 0.000 0.000 0.000 0.000 0.000 0.000 0.000 0.000 0.000 0.000 0.000 0.000 0.000 0.000 0.000 0.000 0.000 0.000 0.000 0.000 0.000
0.000 0.000 0.000 0.000 0.000 0.000 0.000 0.000 0.000 0.000 0.000 0.000 0.000 0.000 0.000 0.000 0.000 0.000 0.026 0.024 0.022 0.020 0.016 0.000 0.016 0.019 0.021 0.022 0.025 0.028 0.029 0.029 0.029 0.028 0.028 0.027 0.025 0.024 0.022 0.020 0.018 0.016 0.014 0.012 0.010 0.008 0.007 0.005 0.004 0.004 0.003 0.003 0.003 0.002 0.002 0.001 0.000 0.000 0.000 0.000 0.000 0.000 0.000 0.000 0.000 0.000 0.000 0.000 0.000 0.000 0.000 0.000 0.000 0.000 0.000 0.000 0.000
0.000 0.000 0.000 0.000 0.000 0.000 0.000 0.000 0.000 0.000 0.000 0.000 0.000 0.000 0.000 0.000 0.000 0.000 0.026 0.024 0.022 0.020 0.017 0.014 0.015 0.017 0.017 0.017 0.021 0.024 0.026 0.028 0.029 0.029 0.029 0.028 0.027 0.025 0.024 0.022 0.020 0.018 0.017 0.015 0.012 0.000 0.007 0.007 0.006 0.005 0.004 0.004 0.004 0.003 0.003 0.002 0.002 0.002 0.001 0.000 0.000 0.000 0.000 0.000 0.000 0.000 0.000 0.000 0.000 0.000 0.000 0.000 0.000 0.000 0.000 0.000 0.000
0.000 0.000 0.000 0.000 0.000 0.000 0.000 0.000 0.000 0.000 0.000 0.000 0.000 0.000 0.000 0.000 0.000 0.000 0.025 0.024 0.022 0.020 0.018 0.016 0.016 0.015 0.014 0.013 0.017 0.020 0.023 0.025 0.027 0.028 0.029 0.029 0.029 0.028 0.027 0.025 0.023 0.021 0.020 0.018 0.015 0.012 0.011 0.010 0.009 0.008 0.007 0.006 0.005 0.004 0.004 0.003 0.003 0.003 0.002 0.002 0.002 0.001 0.000 0.000 0.000 0.000 0.000 0.000 0.000 0.000 0.000 0.000 0.000 0.000 0.000 0.000 0.000
0.000 0.000 0.000 0.000 0.000 0.000 0.000 0.000 0.000 0.000 0.000 0.000 0.000 0.000 0.000 0.000 0.000 0.022 0.023 0.023 0.022 0.020 0.019 0.017 0.016 0.015 0.012 0.012 0.015 0.018 0.021 0.023 0.025 0.027 0.028 0.028 0.028 0.028 0.028 0.027 0.026 0.025 0.024 0.022 0.020 0.017 0.016 0.014 0.012 0.011 0.010 0.009 0.008 0.007 0.006 0.005 0.004 0.004 0.003 0.003 0.003 0.003 0.002 0.003 0.003 0.004 0.002 0.000 0.000 0.000 0.000 0.000 0.000 0.000 0.000 0.000 0.000
0.000 0.000 0.000 0.000 0.000 0.000 0.000 0.000 0.000 0.000 0.000 0.000 0.000 0.000 0.000 0.000 0.000 0.024 0.023 0.022 0.021 0.020 0.019 0.017 0.016 0.014 0.011 0.011 0.013 0.016 0.019 0.022 0.024 0.025 0.027 0.027 0.028 0.028 0.028 0.027 0.027 0.026 0.025 0.024 0.023 0.022 0.021 0.019 0.017 0.016 0.014 0.013 0.011 0.010 0.009 0.008 0.007 0.006 0.006 0.006 0.005 0.005 0.005 0.006 0.009 0.008 0.004 0.002 0.000 0.000 0.000 0.000 0.000 0.000 0.000 0.000 0.000
0.000 0.000 0.000 0.000 0.000 0.000 0.000 0.000 0.000 0.000 0.000 0.000 0.000 0.000 0.000 0.000 0.000 0.024 0.023 0.022 0.021 0.020 0.019 0.017 0.015 0.013 0.009 0.011 0.013 0.015 0.018 0.021 0.023 0.024 0.025 0.026 0.027 0.028 0.028 0.028 0.028 0.027 0.027 0.026 0.025 0.024 0.023 0.022 0.021 0.020 0.019 0.018 0.017 0.015 0.014 0.013 0.012 0.011 0.011 0.011 0.012 0.012 0.014 0.016 0.019 0.012 0.007 0.003 0.000 0.000 0.000 0.000 0.000 0.000 0.000 0.000 0.000
0.000 0.000 0.000 0.000 0.000 0.000 0.000 0.000 0.000 0.000 0.000 0.000 0.000 0.000 0.000 0.000 0.000 0.025 0.024 0.022 0.021 0.020 0.019 0.017 0.015 0.012 0.010 0.011 0.013 0.015 0.017 0.019 0.021 0.023 0.025 0.026 0.027 0.028 0.029 0.029 0.029 0.029 0.029 0.028 0.028 0.027 0.026 0.025 0.024 0.023 0.023 0.022 0.021 0.020 0.020 0.020 0.020 0.020 0.020 0.021 0.023 0.024 0.026 0.029 0.025 0.000 0.006 0.002 0.000 0.000 0.000 0.000 0.000 0.000 0.000 0.000 0.000
0.000 0.000 0.000 0.000 0.000 0.000 0.000 0.000 0.000 0.000 0.000 0.000 0.000 0.000 0.000 0.000 0.024 0.024 0.024 0.023 0.022 0.020 0.019 0.017 0.014 0.010 0.010 0.011 0.012 0.014 0.016 0.019 0.021 0.022 0.024 0.026 0.028 0.029 0.030 0.031 0.031 0.031 0.031 0.031 0.030 0.030 0.029 0.028 0.027 0.027 0.026 0.025 0.025 0.025 0.025 0.025 0.026 0.028 0.030 0.033 0.036 0.038 0.039 0.041 0.030 0.016 0.007 0.006 0.004 0.003 0.002 0.000 0.000 0.000 0.000 0.000 0.000
0.000 0.000 0.000 0.000 0.000 0.000 0.000 0.000 0.000 0.000 0.000 0.000 0.000 0.000 0.000 0.000 0.027 0.026 0.025 0.024 0.022 0.021 0.019 0.016 0.014 0.009 0.010 0.011 0.012 0.014 0.016 0.018 0.020 0.022 0.024 0.027 0.030 0.033 0.034 0.034 0.035 0.035 0.034 0.034 0.034 0.033 0.032 0.032 0.031 0.030 0.030 0.029 0.029 0.029 0.030 0.031 0.033 0.035 0.038 0.041 0.044 0.047 0.050 0.049 0.053 0.047 0.038 0.030 0.023 0.018 0.013 0.009 0.006 0.004 0.002 0.002 0.000
0.000 0.000 0.000 0.000 0.000 0.000 0.000 0.000 0.000 0.000 0.000 0.000 0.000 0.000 0.000 0.000 0.030 0.028 0.027 0.025 0.023 0.021 0.019 0.016 0.013 0.010 0.010 0.011 0.012 0.014 0.015 0.017 0.020 0.023 0.026 0.031 0.035 0.038 0.039 0.039 0.038 0.039 0.038 0.038 0.037 0.037 0.036 0.035 0.035 0.034 0.034 0.034 0.034 0.035 0.036 0.038 0.040 0.043 0.046 0.050 0.053 0.051 0.047 0.044 0.047 0.051 0.054 0.056 0.058 0.049 0.040 0.032 0.025 0.019 0.013 0.009 0.006
0.134 0.131 0.128 0.000 0.000 0.000 0.000 0.000 0.000 0.000 0.000 0.000 0.000 0.000 0.000 0.035 0.033 0.032 0.030 0.027 0.025 0.023 0.020 0.017 0.012 0.011 0.011 0.011 0.012 0.014 0.015 0.018 0.021 0.025 0.031 0.037 0.042 0.047 0.046 0.042 0.043 0.043 0.043 0.042 0.041 0.040 0.040 0.039 0.039 0.039 0.038 0.039 0.039 0.041 0.043 0.045 0.048 0.051 0.055 0.055 0.052 0.049 0.045 0.039 0.042 0.044 0.047 0.050 0.053 0.056 0.058 0.061 0.058 0.049 0.040 0.032 0.024
0.138 0.135 0.132 0.127 0.123 0.120 0.000 0.000 0.000 0.000 0.000 0.000 0.000 0.000 0.000 0.039 0.038 0.035 0.033 0.030 0.027 0.024 0.021 0.017 0.012 0.011 0.011 0.012 0.013 0.014 0.016 0.019 0.024 0.030 0.037 0.044 0.051 0.058 0.000 0.044 0.048 0.049 0.049 0.045 0.045 0.045 0.044 0.043 0.043 0.043 0.043 0.044 0.045 0.047 0.050 0.053 0.056 0.057 0.055 0.052 0.049 0.046 0.042 0.037 0.037 0.039 0.041 0.043 0.046 0.048 0.051 0.053 0.056 0.059 0.061 0.063 0.058
0.143 0.140 0.136 0.130 0.127 0.123 0.117 0.113 0.109 0.106 0.000 0.000 0.000 0.000 0.000 0.044 0.042 0.039 0.036 0.033 0.029 0.026 0.022 0.017 0.013 0.012 0.012 0.012 0.013 0.015 0.018 0.023 0.030 0.037 0.045 0.052 0.060 0.000 0.000 0.000 0.000 0.000 0.000 0.046 0.050 0.050 0.047 0.048 0.049 0.049 0.049 0.050 0.052 0.054 0.057 0.059 0.057 0.054 0.052 0.049 0.047 0.044 0.040 0.034 0.033 0.034 0.036 0.037 0.039 0.042 0.044 0.046 0.049 0.051 0.053 0.056 0.059
0.000 0.000 0.000 0.134 0.131 0.127 0.121 0.117 0.114 0.109 0.102 0.097 0.093 0.000 0.000 0.050 0.047 0.043 0.039 0.035 0.031 0.027 0.022 0.017 0.014 0.013 0.013 0.013 0.014 0.017 0.022 0.028 0.036 0.044 0.053 0.000 0.000 0.000 0.000 0.000 0.000 0.000 0.000 0.000 0.000 0.000 0.049 0.053 0.055 0.055 0.053 0.055 0.058 0.061 0.058 0.056 0.054 0.051 0.049 0.046 0.044 0.041 0.037 0.032 0.030 0.030 0.031 0.032 0.033 0.035 0.037 0.039 0.041 0.044 0.046 0.048 0.051
0.000 0.000 0.000 0.000 0.000 0.000 0.125 0.122 0.118 0.113 0.106 0.101 0.095 0.085 0.073 0.060 0.052 0.046 0.040 0.036 0.031 0.027 0.022 0.017 0.015 0.014 0.014 0.014 0.016 0.020 0.027 0.035 0.044 0.052 0.000 0.000 0.000 0.000 0.000 0.000 0.000 0.000 0.000 0.000 0.000 0.000 0.000 0.000 0.000 0.000 0.056 0.062 0.061 0.058 0.054 0.052 0.050 0.047 0.045 0.043 0.041 0.038 0.034 0.029 0.026 0.026 0.027 0.027 0.028 0.029 0.031 0.032 0.034 0.036 0.038 0.041 0.043
0.000 0.000 0.000 0.000 0.000 0.000 0.000 0.000 0.000 0.000 0.108 0.104 0.098 0.089 0.074 0.063 0.054 0.047 0.040 0.035 0.031 0.026 0.022 0.016 0.015 0.014 0.014 0.015 0.019 0.025 0.033 0.041 0.051 0.000 0.000 0.000 0.000 0.000 0.000 0.000 0.000 0.000 0.000 0.000 0.000 0.000 0.000 0.000 0.000 0.000 0.000 0.000 0.000 0.000 0.048 0.048 0.046 0.043 0.041 0.039 0.037 0.034 0.031 0.026 0.023 0.023 0.022 0.023 0.023 0.024 0.025 0.026 0.028 0.029 0.031 0.033 0.035
0.000 0.000 0.000 0.000 0.000 0.000 0.000 0.000 0.000 0.000 0.000 0.000 0.000 0.000 0.071 0.060 0.052 0.044 0.035 0.031 0.028 0.025 0.020 0.016 0.015 0.015 0.015 0.017 0.023 0.030 0.038 0.046 0.000 0.000 0.000 0.000 0.000 0.000 0.000 0.000 0.000 0.000 0.000 0.000 0.000 0.000 0.000 0.000 0.000 0.000 0.000 0.000 0.000 0.000 0.000 0.000 0.000 0.037 0.037 0.036 0.033 0.030 0.027 0.023 0.019 0.019 0.018 0.018 0.018 0.019 0.019 0.020 0.021 0.023 0.024 0.026 0.028
0.000 0.000 0.000 0.000 0.000 0.000 0.000 0.000 0.000 0.000 0.000 0.000 0.000 0.000 0.000 0.051 0.046 0.036 0.000 0.024 0.025 0.023 0.018 0.016 0.015 0.015 0.017 0.021 0.027 0.035 0.044 0.052 0.000 0.000 0.000 0.000 0.000 0.000 0.000 0.000 0.000 0.000 0.000 0.000 0.000 0.000 0.000 0.000 0.000 0.000 0.000 0.000 0.000 0.000 0.000 0.000 0.000 0.000 0.000 0.000 0.000 0.023 0.022 0.019 0.015 0.014 0.014 0.013 0.013 0.014 0.014 0.014 0.015 0.016 0.017 0.019 0.021
0.000 0.000 0.000 0.000 0.000 0.000 0.000 0.000 0.000 0.000 0.000 0.000 0.000 0.000 0.040 0.043 0.040 0.034 0.026 0.025 0.024 0.021 0.017 0.016 0.016 0.017 0.020 0.025 0.033 0.041 0.050 0.059 0.000 0.000 0.000 0.000 0.000 0.000 0.000 0.000 0.000 0.000 0.000 0.000 0.000 0.000 0.000 0.000 0.000 0.000 0.000 0.000 0.000 0.000 0.000 0.000 0.000 0.000 0.000 0.000 0.000 0.000 0.000 0.000 0.005 0.006 0.007 0.007 0.008 0.008 0.008 0.009 0.009 0.010 0.011 0.012 0.013
0.000 0.000 0.000 0.000 0.000 0.000 0.000 0.000 0.000 0.000 0.000 0.000 0.000 0.000 0.041 0.040 0.038 0.033 0.029 0.026 0.024 0.020 0.016 0.017 0.017 0.019 0.024 0.031 0.039 0.047 0.056 0.066 0.000 0.000 0.000 0.000 0.000 0.000 0.000 0.000 0.000 0.000 0.000 0.000 0.000 0.000 0.000 0.000 0.000 0.000 0.000 0.000 0.000 0.000 0.000 0.000 0.000 0.000 0.000 0.000 0.000 0.000 0.000 0.000 0.000 0.000 0.000 0.000 0.002 0.002 0.003 0.003 0.003 0.004 0.005 0.005 0.007
0.000 0.000 0.000 0.000 0.000 0.000 0.000 0.000 0.000 0.000 0.000 0.000 0.000 0.000 0.040 0.039 0.036 0.033 0.030 0.027 0.024 0.019 0.017 0.017 0.019 0.022 0.029 0.036 0.045 0.053 0.062 0.000 0.000 0.000 0.000 0.000 0.000 0.000 0.000 0.000 0.000 0.000 0.000 0.000 0.000 0.000 0.000 0.000 0.000 0.000 0.000 0.000 0.000 0.000 0.000 0.000 0.000 0.000 0.000 0.000 0.000 0.000 0.000 0.000 0.000 0.000 0.000 0.000 0.000 0.000 0.000 0.001 0.001 0.001 0.001 0.001 0.001
0.000 0.000 0.000 0.000 0.000 0.000 0.000 0.000 0.000 0.000 0.000 0.000 0.000 0.000 0.039 0.037 0.035 0.033 0.030 0.027 0.023 0.018 0.018 0.019 0.022 0.027 0.034 0.042 0.051 0.059 0.068 0.000 0.000 0.000 0.000 0.000 0.000 0.000 0.000 0.000 0.000 0.000 0.000 0.000 0.000 0.000 0.000 0.000 0.000 0.000 0.000 0.000 0.000 0.000 0.000 0.000 0.000 0.000 0.000 0.000 0.000 0.000 0.000 0.000 0.000 0.000 0.000 0.000 0.000 0.000 0.000 0.000 0.000 0.000 0.000 0.000 0.000
0.000 0.000 0.000 0.000 0.000 0.000 0.000 0.000 0.000 0.000 0.000 0.000 0.000 0.033 0.035 0.035 0.034 0.032 0.029 0.026 0.022 0.017 0.018 0.021 0.025 0.032 0.040 0.048 0.057 0.066 0.075 0.000 0.000 0.000 0.000 0.000 0.000 0.000 0.000 0.000 0.000 0.000 0.000 0.000 0.000 0.000 0.000 0.000 0.000 0.000 0.000 0.000 0.000 0.000 0.000 0.000 0.000 0.000 0.000 0.000 0.000 0.000 0.000 0.000 0.000 0.000 0.000 0.000 0.000 0.000 0.000 0.000 0.000 0.000 0.000 0.000 0.000
0.000 0.000 0.000 0.000 0.000 0.000 0.000 0.000 0.000 0.000 0.000 0.000 0.000 0.035 0.034 0.034 0.033 0.031 0.028 0.025 0.021 0.018 0.020 0.024 0.030 0.037 0.046 0.054 0.062 0.071 0.000 0.000 0.000 0.000 0.000 0.000 0.000 0.000 0.000 0.000 0.000 0.000 0.000 0.000 0.000 0.000 0.000 0.000 0.000 0.000 0.000 0.000 0.000 0.000 0.000 0.000 0.000 0.000 0.000 0.000 0.000 0.000 0.000 0.000 0.000 0.000 0.000 0.000 0.000 0.000 0.000 0.000 0.000 0.000 0.000 0.000 0.000
