数据/100y_1h/100y_1h_res_2/100y_1h_81-0001.wd
ncols         694
nrows         824
xllcorner     581104.939801
yllcorner     3495917.092414
cellsize      2.000000
NODATA_value  -9999.000000
[rows 714 to 747 of 824, columns 154 to 230 of 694]
0.000 0.000 0.000 0.000 0.000 0.000 0.002 0.003 0.004 0.005 0.006 0.007 0.008 0.009 0.009 0.010 0.010 0.010 0.010 0.008 0.001 0.001 0.092 0.087 0.082 0.080 0.078 0.074 0.069 0.065 0.061 0.057 0.000 0.000 0.000 0.000 0.000 0.000 0.000 0.000 0.000 0.000 0.019 0.072 0.097 0.106 0.116 0.127 0.137 0.000 0.000 0.000 0.000 0.000 0.000 0.000 0.000 0.000 0.239 0.251 0.259 0.260 0.238 0.215 0.225 0.139 0.058 0.001 0.000 0.000 0.000 0.000 0.000 0.000 0.000 0.000 0.000
0.000 0.000 0.000 0.000 0.000 0.002 0.003 0.004 0.005 0.006 0.007 0.008 0.009 0.010 0.010 0.011 0.011 0.012 0.012 0.012 0.011 0.010 0.000 0.106 0.104 0.101 0.098 0.094 0.090 0.085 0.080 0.074 0.069 0.065 0.000 0.000 0.000 0.000 0.000 0.000 0.000 0.007 0.058 0.117 0.160 0.170 0.181 0.190 0.200 0.000 0.000 0.000 0.000 0.000 0.000 0.000 0.000 0.000 0.301 0.296 0.275 0.248 0.227 0.218 0.226 0.183 0.096 0.013 0.000 0.000 0.000 0.000 0.000 0.000 0.000 0.000 0.000
0.000 0.000 0.000 0.000 0.001 0.003 0.004 0.005 0.006 0.007 0.008 0.009 0.010 0.011 0.011 0.012 0.013 0.013 0.014 0.015 0.016 0.016 0.015 0.001 0.001 0.122 0.119 0.115 0.110 0.104 0.099 0.093 0.089 0.085 0.081 0.000 0.000 0.000 0.000 0.000 0.004 0.046 0.103 0.159 0.215 0.233 0.243 0.254 0.263 0.000 0.000 0.000 0.000 0.000 0.000 0.000 0.000 0.333 0.312 0.287 0.265 0.240 0.216 0.221 0.230 0.225 0.138 0.053 0.000 0.000 0.000 0.000 0.000 0.000 0.000 0.000 0.000
0.000 0.000 0.000 0.000 0.002 0.004 0.005 0.006 0.007 0.008 0.009 0.010 0.011 0.011 0.012 0.013 0.014 0.015 0.016 0.017 0.018 0.020 0.022 0.024 0.028 0.004 0.140 0.135 0.130 0.124 0.118 0.113 0.109 0.104 0.101 0.097 0.094 0.000 0.000 0.000 0.037 0.089 0.145 0.200 0.255 0.296 0.306 0.317 0.000 0.000 0.000 0.000 0.000 0.000 0.000 0.000 0.000 0.324 0.301 0.278 0.254 0.232 0.215 0.222 0.231 0.242 0.184 0.096 0.016 0.000 0.000 0.000 0.000 0.000 0.000 0.000 0.000
0.000 0.000 0.000 0.000 0.003 0.004 0.005 0.006 0.007 0.008 0.009 0.010 0.011 0.012 0.013 0.014 0.015 0.016 0.017 0.018 0.020 0.023 0.026 0.033 0.044 0.064 0.004 0.155 0.150 0.143 0.138 0.133 0.129 0.125 0.121 0.118 0.115 0.113 0.000 0.066 0.083 0.131 0.186 0.240 0.298 0.355 0.369 0.379 0.000 0.000 0.000 0.000 0.000 0.000 0.000 0.000 0.000 0.314 0.292 0.269 0.248 0.219 0.217 0.226 0.234 0.243 0.229 0.142 0.000 0.000 0.000 0.000 0.000 0.000 0.000 0.000 0.000
0.000 0.000 0.000 0.001 0.003 0.005 0.006 0.007 0.008 0.009 0.010 0.011 0.012 0.012 0.013 0.014 0.015 0.016 0.018 0.019 0.021 0.024 0.027 0.032 0.037 0.044 0.029 0.002 0.001 0.160 0.157 0.153 0.149 0.146 0.142 0.139 0.136 0.133 0.125 0.101 0.127 0.173 0.227 0.284 0.340 0.394 0.432 0.442 0.000 0.000 0.000 0.000 0.000 0.000 0.000 0.000 0.000 0.304 0.283 0.259 0.235 0.213 0.218 0.228 0.238 0.246 0.255 0.187 0.000 0.000 0.000 0.000 0.000 0.000 0.000 0.000 0.000
0.000 0.000 0.000 0.001 0.003 0.005 0.006 0.007 0.008 0.009 0.010 0.011 0.012 0.013 0.014 0.015 0.016 0.017 0.018 0.020 0.021 0.023 0.026 0.029 0.032 0.033 0.027 0.019 0.013 0.001 0.176 0.173 0.170 0.167 0.163 0.160 0.157 0.155 0.151 0.000 0.000 0.214 0.269 0.325 0.382 0.438 0.495 0.506 0.515 0.491 0.000 0.000 0.000 0.000 0.000 0.000 0.317 0.295 0.272 0.250 0.226 0.212 0.222 0.231 0.240 0.250 0.258 0.231 0.000 0.000 0.000 0.000 0.000 0.000 0.000 0.000 0.000
0.000 0.000 0.000 0.001 0.003 0.005 0.006 0.007 0.008 0.009 0.010 0.011 0.012 0.013 0.014 0.015 0.016 0.017 0.018 0.019 0.021 0.023 0.024 0.026 0.028 0.027 0.024 0.020 0.016 0.011 0.001 0.194 0.192 0.187 0.184 0.182 0.179 0.177 0.000 0.000 0.000 0.000 0.311 0.366 0.424 0.481 0.535 0.529 0.505 0.482 0.460 0.435 0.000 0.000 0.000 0.000 0.307 0.284 0.263 0.239 0.216 0.215 0.221 0.233 0.243 0.252 0.261 0.000 0.000 0.000 0.000 0.000 0.000 0.000 0.000 0.000 0.000
0.000 0.000 0.000 0.001 0.003 0.005 0.006 0.007 0.008 0.009 0.010 0.011 0.012 0.013 0.014 0.015 0.016 0.017 0.018 0.019 0.020 0.021 0.023 0.024 0.024 0.024 0.022 0.019 0.016 0.013 0.009 0.000 0.000 0.208 0.204 0.203 0.201 0.000 0.000 0.000 0.000 0.000 0.000 0.408 0.464 0.488 0.512 0.000 0.000 0.474 0.448 0.424 0.400 0.375 0.000 0.000 0.298 0.275 0.253 0.230 0.207 0.217 0.225 0.235 0.247 0.255 0.262 0.000 0.000 0.000 0.000 0.000 0.000 0.000 0.000 0.000 0.000
0.000 0.000 0.000 0.001 0.003 0.005 0.006 0.007 0.008 0.009 0.010 0.011 0.012 0.013 0.014 0.014 0.015 0.016 0.017 0.018 0.019 0.020 0.021 0.022 0.022 0.022 0.020 0.018 0.016 0.014 0.011 0.009 0.006 0.000 0.225 0.221 0.000 0.000 0.000 0.000 0.000 0.000 0.000 0.421 0.445 0.465 0.486 0.000 0.000 0.000 0.000 0.414 0.389 0.365 0.339 0.312 0.288 0.265 0.241 0.220 0.209 0.217 0.226 0.237 0.247 0.256 0.266 0.000 0.000 0.000 0.000 0.000 0.000 0.000 0.000 0.000 0.000
0.000 0.000 0.000 0.001 0.003 0.005 0.006 0.007 0.008 0.009 0.010 0.011 0.012 0.013 0.013 0.014 0.015 0.016 0.017 0.017 0.018 0.019 0.020 0.020 0.020 0.020 0.019 0.017 0.016 0.014 0.012 0.010 0.008 0.006 0.000 0.237 0.229 0.000 0.000 0.000 0.000 0.000 0.000 0.398 0.421 0.442 0.462 0.473 0.000 0.000 0.000 0.000 0.000 0.355 0.331 0.305 0.278 0.255 0.234 0.209 0.210 0.220 0.229 0.239 0.248 0.257 0.000 0.000 0.000 0.000 0.000 0.000 0.000 0.000 0.000 0.000 0.000
0.000 0.000 0.000 0.000 0.003 0.004 0.006 0.007 0.008 0.009 0.010 0.011 0.011 0.012 0.013 0.014 0.015 0.015 0.016 0.017 0.017 0.018 0.018 0.019 0.019 0.018 0.017 0.016 0.015 0.014 0.012 0.011 0.009 0.007 0.005 0.000 0.246 0.243 0.000 0.000 0.000 0.000 0.000 0.000 0.399 0.000 0.000 0.454 0.444 0.000 0.000 0.000 0.000 0.000 0.000 0.291 0.270 0.244 0.222 0.204 0.213 0.221 0.229 0.239 0.250 0.260 0.000 0.000 0.000 0.000 0.000 0.000 0.000 0.000 0.000 0.000 0.000
0.000 0.000 0.000 0.000 0.002 0.004 0.005 0.006 0.008 0.008 0.009 0.010 0.011 0.012 0.013 0.013 0.014 0.015 0.015 0.016 0.016 0.017 0.017 0.017 0.017 0.017 0.016 0.015 0.014 0.013 0.012 0.011 0.009 0.008 0.006 0.004 0.001 0.261 0.278 0.000 0.000 0.000 0.000 0.000 0.000 0.000 0.000 0.000 0.427 0.000 0.000 0.000 0.000 0.000 0.301 0.278 0.258 0.234 0.208 0.206 0.213 0.221 0.231 0.241 0.251 0.262 0.000 0.000 0.000 0.000 0.000 0.000 0.000 0.000 0.000 0.000 0.000
0.000 0.000 0.000 0.000 0.001 0.003 0.005 0.006 0.007 0.008 0.009 0.010 0.011 0.011 0.012 0.013 0.013 0.014 0.015 0.015 0.016 0.016 0.016 0.016 0.016 0.016 0.015 0.014 0.014 0.013 0.012 0.011 0.009 0.008 0.007 0.005 0.003 0.001 0.250 0.267 0.000 0.000 0.000 0.000 0.000 0.000 0.000 0.000 0.407 0.000 0.000 0.000 0.000 0.000 0.291 0.268 0.246 0.221 0.197 0.206 0.213 0.224 0.233 0.240 0.250 0.000 0.000 0.000 0.000 0.000 0.000 0.000 0.000 0.000 0.000 0.000 0.000
0.000 0.000 0.000 0.000 0.000 0.002 0.004 0.005 0.006 0.007 0.008 0.009 0.010 0.011 0.012 0.012 0.013 0.013 0.014 0.014 0.015 0.015 0.015 0.015 0.015 0.015 0.014 0.014 0.013 0.012 0.011 0.010 0.009 0.008 0.007 0.006 0.004 0.002 0.000 0.238 0.254 0.000 0.000 0.000 0.000 0.000 0.000 0.392 0.388 0.000 0.000 0.000 0.000 0.298 0.280 0.256 0.235 0.210 0.198 0.208 0.217 0.227 0.234 0.240 0.248 0.255 0.263 0.000 0.000 0.000 0.000 0.000 0.000 0.000 0.000 0.000 0.000
0.000 0.000 0.000 0.000 0.000 0.001 0.003 0.004 0.006 0.007 0.008 0.009 0.010 0.010 0.011 0.012 0.012 0.013 0.013 0.013 0.014 0.014 0.014 0.014 0.014 0.014 0.013 0.013 0.012 0.011 0.011 0.010 0.009 0.008 0.007 0.005 0.004 0.002 0.000 0.000 0.224 0.239 0.000 0.000 0.000 0.000 0.000 0.000 0.000 0.000 0.000 0.000 0.000 0.278 0.267 0.246 0.223 0.199 0.201 0.209 0.217 0.227 0.233 0.241 0.251 0.257 0.264 0.271 0.281 0.000 0.000 0.000 0.000 0.000 0.000 0.000 0.000
0.000 0.000 0.000 0.000 0.000 0.000 0.002 0.003 0.005 0.006 0.007 0.008 0.009 0.010 0.010 0.011 0.011 0.012 0.012 0.013 0.013 0.013 0.013 0.013 0.013 0.013 0.012 0.012 0.011 0.011 0.010 0.009 0.008 0.007 0.006 0.005 0.004 0.002 0.000 0.000 0.000 0.210 0.223 0.243 0.000 0.000 0.000 0.000 0.000 0.000 0.000 0.000 0.268 0.258 0.245 0.234 0.213 0.191 0.203 0.212 0.219 0.227 0.235 0.246 0.254 0.260 0.267 0.273 0.280 0.287 0.297 0.000 0.000 0.000 0.000 0.000 0.000
0.000 0.000 0.000 0.000 0.000 0.000 0.000 0.002 0.004 0.005 0.006 0.007 0.008 0.009 0.010 0.010 0.011 0.011 0.011 0.012 0.012 0.012 0.012 0.012 0.012 0.012 0.012 0.011 0.011 0.010 0.009 0.008 0.007 0.006 0.005 0.004 0.003 0.001 0.000 0.000 0.000 0.000 0.198 0.216 0.235 0.000 0.000 0.000 0.000 0.000 0.000 0.000 0.248 0.236 0.224 0.212 0.200 0.193 0.203 0.213 0.221 0.229 0.238 0.248 0.255 0.262 0.269 0.277 0.284 0.292 0.300 0.307 0.258 0.000 0.000 0.000 0.000
0.000 0.000 0.000 0.000 0.000 0.000 0.000 0.000 0.002 0.004 0.005 0.006 0.007 0.008 0.009 0.009 0.010 0.010 0.011 0.011 0.011 0.011 0.011 0.011 0.011 0.011 0.011 0.010 0.010 0.009 0.008 0.008 0.007 0.005 0.004 0.003 0.002 0.000 0.000 0.000 0.000 0.000 0.000 0.190 0.209 0.228 0.000 0.000 0.000 0.000 0.000 0.236 0.225 0.213 0.203 0.189 0.188 0.190 0.201 0.212 0.222 0.231 0.240 0.249 0.256 0.000 0.000 0.000 0.287 0.295 0.302 0.309 0.301 0.214 0.146 0.000 0.000
0.000 0.000 0.000 0.000 0.000 0.000 0.000 0.000 0.000 0.003 0.004 0.005 0.006 0.007 0.008 0.008 0.009 0.009 0.010 0.010 0.010 0.010 0.010 0.010 0.010 0.010 0.010 0.009 0.009 0.008 0.008 0.007 0.006 0.004 0.003 0.002 0.000 0.000 0.000 0.000 0.000 0.000 0.000 0.000 0.184 0.203 0.223 0.000 0.000 0.000 0.000 0.215 0.202 0.192 0.183 0.185 0.185 0.187 0.198 0.208 0.220 0.229 0.240 0.251 0.258 0.000 0.000 0.000 0.000 0.000 0.303 0.311 0.321 0.258 0.216 0.178 0.000
0.000 0.000 0.000 0.000 0.000 0.000 0.000 0.000 0.000 0.001 0.003 0.004 0.005 0.006 0.007 0.008 0.008 0.008 0.009 0.009 0.009 0.009 0.009 0.009 0.009 0.009 0.009 0.009 0.008 0.007 0.007 0.006 0.004 0.003 0.002 0.000 0.000 0.000 0.000 0.000 0.000 0.000 0.000 0.000 0.162 0.179 0.198 0.217 0.000 0.218 0.207 0.194 0.182 0.182 0.183 0.184 0.182 0.183 0.193 0.205 0.216 0.226 0.237 0.247 0.000 0.000 0.000 0.000 0.000 0.000 0.000 0.312 0.322 0.326 0.286 0.248 0.000
0.000 0.000 0.000 0.000 0.000 0.000 0.000 0.000 0.000 0.000 0.001 0.002 0.004 0.005 0.006 0.006 0.007 0.008 0.008 0.008 0.008 0.008 0.008 0.008 0.008 0.008 0.008 0.008 0.007 0.006 0.005 0.004 0.003 0.002 0.000 0.000 0.000 0.000 0.000 0.000 0.000 0.000 0.000 0.000 0.000 0.157 0.174 0.190 0.210 0.197 0.186 0.180 0.181 0.180 0.182 0.181 0.181 0.181 0.191 0.203 0.213 0.225 0.234 0.000 0.000 0.000 0.000 0.000 0.000 0.000 0.000 0.000 0.000 0.331 0.326 0.315 0.272
0.000 0.000 0.000 0.000 0.000 0.000 0.000 0.000 0.000 0.000 0.000 0.000 0.002 0.003 0.004 0.005 0.006 0.007 0.007 0.007 0.007 0.007 0.007 0.007 0.007 0.007 0.007 0.007 0.006 0.005 0.004 0.003 0.002 0.000 0.000 0.000 0.000 0.000 0.000 0.000 0.000 0.000 0.000 0.000 0.000 0.000 0.152 0.168 0.186 0.179 0.179 0.178 0.179 0.180 0.181 0.180 0.180 0.180 0.188 0.201 0.210 0.221 0.231 0.000 0.000 0.000 0.000 0.000 0.000 0.000 0.000 0.000 0.000 0.000 0.000 0.322 0.316
0.000 0.000 0.000 0.000 0.000 0.000 0.000 0.000 0.000 0.000 0.000 0.000 0.000 0.002 0.003 0.004 0.005 0.005 0.006 0.006 0.006 0.006 0.006 0.006 0.006 0.006 0.006 0.006 0.005 0.004 0.003 0.002 0.000 0.000 0.000 0.000 0.000 0.000 0.000 0.000 0.000 0.000 0.000 0.000 0.000 0.000 0.000 0.146 0.164 0.178 0.177 0.177 0.178 0.178 0.178 0.178 0.178 0.178 0.184 0.196 0.206 0.218 0.000 0.000 0.000 0.000 0.000 0.000 0.000 0.000 0.000 0.000 0.000 0.000 0.000 0.000 0.000
0.000 0.000 0.000 0.000 0.000 0.000 0.000 0.000 0.000 0.000 0.000 0.000 0.000 0.000 0.001 0.002 0.003 0.004 0.005 0.005 0.005 0.005 0.005 0.005 0.005 0.005 0.005 0.005 0.004 0.003 0.002 0.000 0.000 0.000 0.000 0.000 0.000 0.000 0.000 0.000 0.000 0.000 0.000 0.000 0.000 0.000 0.000 0.000 0.141 0.161 0.175 0.176 0.176 0.175 0.175 0.175 0.177 0.178 0.181 0.193 0.203 0.214 0.000 0.000 0.000 0.000 0.000 0.000 0.000 0.000 0.000 0.000 0.000 0.000 0.000 0.000 0.000
0.000 0.000 0.000 0.000 0.000 0.000 0.000 0.000 0.000 0.000 0.000 0.000 0.000 0.000 0.000 0.000 0.002 0.002 0.003 0.003 0.003 0.003 0.003 0.003 0.003 0.003 0.003 0.003 0.002 0.001 0.000 0.000 0.000 0.000 0.000 0.000 0.000 0.000 0.000 0.000 0.000 0.000 0.000 0.000 0.000 0.000 0.000 0.000 0.000 0.133 0.158 0.174 0.173 0.172 0.172 0.173 0.174 0.175 0.177 0.189 0.199 0.000 0.000 0.000 0.000 0.000 0.000 0.000 0.000 0.000 0.000 0.000 0.000 0.000 0.000 0.000 0.000
0.000 0.000 0.000 0.000 0.000 0.000 0.000 0.000 0.000 0.000 0.000 0.000 0.000 0.000 0.000 0.000 0.000 0.000 0.001 0.001 0.001 0.001 0.001 0.001 0.001 0.001 0.001 0.001 0.000 0.000 0.000 0.000 0.000 0.000 0.000 0.000 0.000 0.000 0.000 0.000 0.000 0.000 0.000 0.000 0.000 0.000 0.000 0.000 0.000 0.000 0.138 0.158 0.170 0.170 0.168 0.169 0.170 0.171 0.173 0.184 0.196 0.000 0.000 0.000 0.000 0.000 0.000 0.000 0.000 0.000 0.000 0.000 0.000 0.000 0.000 0.000 0.000
0.000 0.000 0.000 0.000 0.000 0.000 0.000 0.000 0.000 0.000 0.000 0.000 0.000 0.000 0.000 0.000 0.000 0.000 0.000 0.000 0.000 0.000 0.000 0.000 0.000 0.000 0.000 0.000 0.000 0.000 0.000 0.000 0.000 0.000 0.000 0.000 0.000 0.000 0.000 0.000 0.000 0.000 0.000 0.000 0.000 0.000 0.000 0.000 0.000 0.000 0.118 0.136 0.154 0.167 0.166 0.165 0.165 0.165 0.167 0.179 0.000 0.000 0.000 0.000 0.000 0.000 0.000 0.000 0.000 0.000 0.000 0.000 0.000 0.000 0.000 0.000 0.000
0.000 0.000 0.000 0.000 0.000 0.000 0.000 0.000 0.000 0.000 0.000 0.000 0.000 0.000 0.000 0.000 0.000 0.000 0.000 0.000 0.000 0.000 0.000 0.000 0.000 0.000 0.000 0.000 0.000 0.000 0.000 0.000 0.000 0.000 0.000 0.000 0.000 0.000 0.000 0.000 0.000 0.000 0.000 0.000 0.000 0.000 0.000 0.000 0.000 0.000 0.000 0.113 0.132 0.151 0.162 0.158 0.152 0.155 0.156 0.000 0.000 0.000 0.000 0.000 0.000 0.000 0.000 0.000 0.000 0.000 0.000 0.000 0.000 0.000 0.000 0.000 0.000
0.000 0.000 0.000 0.000 0.000 0.000 0.000 0.000 0.000 0.000 0.000 0.000 0.000 0.000 0.000 0.000 0.000 0.000 0.000 0.000 0.000 0.000 0.000 0.000 0.000 0.000 0.000 0.000 0.000 0.000 0.000 0.000 0.000 0.000 0.000 0.000 0.000 0.000 0.000 0.000 0.000 0.000 0.000 0.000 0.000 0.000 0.000 0.000 0.000 0.000 0.000 0.089 0.108 0.126 0.144 0.154 0.150 0.148 0.145 0.140 0.000 0.000 0.000 0.000 0.000 0.000 0.000 0.000 0.000 0.000 0.000 0.000 0.000 0.000 0.000 0.000 0.000
0.000 0.000 0.000 0.000 0.000 0.000 0.000 0.000 0.000 0.000 0.000 0.000 0.000 0.000 0.000 0.000 0.000 0.000 0.000 0.000 0.000 0.000 0.000 0.000 0.000 0.000 0.000 0.000 0.000 0.000 0.000 0.000 0.000 0.000 0.000 0.000 0.000 0.000 0.000 0.000 0.000 0.000 0.000 0.000 0.000 0.000 0.000 0.000 0.000 0.000 0.000 0.064 0.083 0.102 0.119 0.136 0.146 0.142 0.137 0.130 0.130 0.000 0.000 0.000 0.000 0.000 0.000 0.000 0.000 0.000 0.000 0.000 0.000 0.000 0.000 0.000 0.000
0.000 0.000 0.000 0.000 0.000 0.000 0.000 0.000 0.000 0.000 0.000 0.000 0.000 0.000 0.000 0.000 0.000 0.000 0.000 0.000 0.000 0.000 0.000 0.000 0.000 0.000 0.000 0.000 0.000 0.000 0.000 0.000 0.000 0.000 0.000 0.000 0.000 0.000 0.000 0.000 0.000 0.000 0.000 0.000 0.000 0.000 0.000 0.000 0.000 0.000 0.000 0.041 0.060 0.077 0.095 0.111 0.128 0.135 0.128 0.119 0.116 0.106 0.106 0.000 0.000 0.000 0.000 0.000 0.000 0.000 0.000 0.000 0.000 0.000 0.000 0.000 0.000
0.000 0.000 0.000 0.000 0.000 0.000 0.000 0.000 0.000 0.000 0.000 0.000 0.000 0.000 0.000 0.000 0.000 0.000 0.000 0.000 0.000 0.000 0.000 0.000 0.000 0.000 0.000 0.000 0.000 0.000 0.000 0.000 0.000 0.000 0.000 0.000 0.000 0.000 0.000 0.000 0.000 0.000 0.000 0.000 0.000 0.000 0.000 0.000 0.000 0.000 0.000 0.000 0.035 0.053 0.070 0.087 0.102 0.116 0.121 0.110 0.104 0.097 0.096 0.097 0.000 0.000 0.000 0.000 0.000 0.000 0.000 0.000 0.000 0.000 0.000 0.000 0.000
0.000 0.000 0.000 0.000 0.000 0.000 0.000 0.000 0.000 0.000 0.000 0.000 0.000 0.000 0.000 0.000 0.000 0.000 0.000 0.000 0.000 0.000 0.000 0.000 0.000 0.000 0.000 0.000 0.000 0.000 0.000 0.000 0.000 0.000 0.000 0.000 0.000 0.000 0.000 0.000 0.000 0.000 0.000 0.000 0.000 0.000 0.000 0.000 0.000 0.000 0.000 0.000 0.011 0.028 0.046 0.061 0.076 0.089 0.100 0.099 0.089 0.085 0.086 0.087 0.087 0.000 0.000 0.000 0.000 0.000 0.000 0.000 0.000 0.000 0.000 0.000 0.000
