数据/100y_1h/100y_1h_res_2/100y_1h_114-0001.wd
ncols         694
nrows         824
xllcorner     581104.939801
yllcorner     3495917.092414
cellsize      2.000000
NODATA_value  -9999.000000
[rows 408 to 441 of 824, columns 385 to 461 of 694]
0.000 0.000 0.000 0.000 0.000 0.000 0.000 0.000 0.000 0.000 0.000 0.000 0.000 0.000 0.000 0.000 0.000 0.000 0.000 0.000 0.000 0.000 0.000 0.000 0.000 0.000 0.000 0.000 0.000 0.000 0.000 0.000 0.018 0.027 0.035 0.044 0.050 0.048 0.030 0.048 0.051 0.051 0.052 0.000 0.000 0.000 0.000 0.000 0.000 0.000 0.035 0.035 0.036 0.035 0.036 0.033 0.029 0.024 0.020 0.015 0.010 0.006 0.002 0.001 0.000 0.000 0.000 0.000 0.000 0.000 0.000 0.000 0.000 0.000 0.000 0.000 0.000
0.000 0.000 0.000 0.000 0.000 0.000 0.000 0.000 0.000 0.000 0.000 0.000 0.000 0.000 0.000 0.000 0.000 0.000 0.000 0.000 0.000 0.000 0.000 0.000 0.000 0.000 0.000 0.000 0.000 0.000 0.000 0.011 0.019 0.028 0.037 0.045 0.050 0.049 0.047 0.049 0.051 0.051 0.052 0.000 0.000 0.000 0.000 0.000 0.000 0.035 0.035 0.035 0.035 0.035 0.035 0.035 0.035 0.031 0.027 0.022 0.018 0.013 0.009 0.004 0.002 0.000 0.000 0.000 0.000 0.000 0.000 0.000 0.000 0.000 0.000 0.000 0.000
0.000 0.000 0.000 0.000 0.000 0.000 0.000 0.000 0.000 0.000 0.000 0.000 0.000 0.000 0.000 0.000 0.000 0.000 0.000 0.000 0.000 0.000 0.000 0.000 0.000 0.000 0.000 0.000 0.000 0.000 0.000 0.012 0.021 0.029 0.038 0.047 0.051 0.050 0.050 0.050 0.051 0.051 0.052 0.000 0.000 0.000 0.000 0.000 0.000 0.035 0.035 0.035 0.035 0.035 0.035 0.035 0.035 0.035 0.034 0.029 0.025 0.020 0.016 0.011 0.007 0.003 0.001 0.000 0.000 0.000 0.000 0.000 0.000 0.000 0.000 0.000 0.000
0.000 0.000 0.000 0.000 0.000 0.000 0.000 0.000 0.000 0.000 0.000 0.000 0.000 0.000 0.000 0.000 0.000 0.000 0.000 0.000 0.000 0.000 0.000 0.000 0.000 0.000 0.000 0.000 0.000 0.000 0.000 0.014 0.022 0.031 0.040 0.048 0.051 0.051 0.050 0.051 0.051 0.051 0.052 0.000 0.000 0.000 0.000 0.000 0.000 0.035 0.035 0.035 0.036 0.035 0.035 0.035 0.035 0.035 0.035 0.035 0.032 0.028 0.023 0.018 0.014 0.009 0.004 0.002 0.000 0.000 0.000 0.000 0.000 0.000 0.000 0.000 0.000
0.000 0.000 0.000 0.000 0.000 0.000 0.000 0.000 0.000 0.000 0.000 0.000 0.000 0.000 0.000 0.000 0.000 0.000 0.000 0.000 0.000 0.000 0.000 0.000 0.000 0.000 0.000 0.000 0.000 0.000 0.000 0.015 0.024 0.033 0.041 0.050 0.051 0.051 0.050 0.050 0.051 0.051 0.000 0.000 0.000 0.000 0.000 0.000 0.000 0.035 0.035 0.035 0.035 0.035 0.035 0.035 0.035 0.035 0.035 0.035 0.035 0.035 0.030 0.025 0.021 0.016 0.011 0.007 0.003 0.000 0.000 0.000 0.000 0.000 0.000 0.000 0.000
0.000 0.000 0.000 0.000 0.000 0.000 0.000 0.000 0.000 0.000 0.000 0.000 0.000 0.000 0.000 0.000 0.000 0.000 0.000 0.000 0.000 0.000 0.000 0.000 0.000 0.000 0.000 0.000 0.000 0.000 0.009 0.017 0.025 0.034 0.043 0.051 0.050 0.051 0.050 0.050 0.051 0.051 0.000 0.000 0.000 0.000 0.000 0.000 0.035 0.035 0.035 0.035 0.035 0.035 0.035 0.035 0.035 0.035 0.035 0.035 0.035 0.034 0.034 0.032 0.028 0.023 0.018 0.013 0.009 0.004 0.002 0.000 0.000 0.000 0.000 0.000 0.000
0.000 0.000 0.000 0.000 0.000 0.000 0.000 0.000 0.000 0.000 0.000 0.000 0.000 0.000 0.000 0.000 0.000 0.000 0.000 0.000 0.000 0.000 0.000 0.000 0.000 0.000 0.000 0.000 0.000 0.000 0.011 0.019 0.027 0.036 0.044 0.050 0.051 0.050 0.050 0.050 0.051 0.051 0.000 0.000 0.000 0.000 0.000 0.000 0.035 0.035 0.035 0.035 0.035 0.035 0.035 0.035 0.035 0.035 0.035 0.035 0.034 0.034 0.034 0.034 0.033 0.030 0.025 0.020 0.016 0.011 0.006 0.002 0.000 0.000 0.000 0.000 0.000
0.000 0.000 0.000 0.000 0.000 0.000 0.000 0.000 0.000 0.000 0.000 0.000 0.000 0.000 0.000 0.000 0.000 0.000 0.000 0.000 0.000 0.000 0.000 0.000 0.000 0.000 0.000 0.000 0.000 0.000 0.012 0.020 0.028 0.037 0.046 0.050 0.050 0.050 0.050 0.050 0.051 0.000 0.000 0.000 0.000 0.000 0.000 0.000 0.035 0.035 0.035 0.035 0.035 0.035 0.035 0.035 0.035 0.035 0.034 0.034 0.034 0.034 0.034 0.033 0.033 0.033 0.032 0.027 0.022 0.018 0.013 0.008 0.003 0.000 0.000 0.000 0.000
0.000 0.000 0.000 0.000 0.000 0.000 0.000 0.000 0.000 0.000 0.000 0.000 0.000 0.000 0.000 0.000 0.000 0.000 0.000 0.000 0.000 0.000 0.000 0.000 0.000 0.000 0.000 0.000 0.000 0.000 0.014 0.022 0.030 0.038 0.047 0.050 0.050 0.050 0.050 0.050 0.050 0.000 0.000 0.000 0.000 0.000 0.000 0.035 0.035 0.035 0.035 0.035 0.035 0.035 0.035 0.035 0.035 0.034 0.034 0.034 0.034 0.034 0.033 0.033 0.033 0.032 0.032 0.032 0.029 0.024 0.019 0.014 0.010 0.005 0.002 0.000 0.000
0.000 0.000 0.000 0.000 0.000 0.000 0.000 0.000 0.000 0.000 0.000 0.000 0.000 0.000 0.000 0.000 0.000 0.000 0.000 0.000 0.000 0.000 0.000 0.000 0.000 0.000 0.000 0.000 0.002 0.007 0.015 0.023 0.032 0.040 0.049 0.050 0.050 0.050 0.050 0.050 0.050 0.000 0.000 0.000 0.000 0.000 0.000 0.035 0.035 0.035 0.035 0.035 0.035 0.035 0.035 0.035 0.034 0.034 0.034 0.034 0.034 0.033 0.033 0.033 0.032 0.032 0.032 0.031 0.031 0.030 0.026 0.021 0.016 0.011 0.006 0.002 0.000
0.000 0.000 0.000 0.000 0.000 0.000 0.000 0.000 0.000 0.000 0.000 0.000 0.000 0.000 0.000 0.000 0.000 0.000 0.000 0.000 0.000 0.000 0.000 0.000 0.000 0.000 0.000 0.000 0.003 0.009 0.016 0.025 0.033 0.042 0.050 0.050 0.050 0.050 0.050 0.049 0.050 0.000 0.000 0.000 0.000 0.000 0.000 0.035 0.035 0.035 0.035 0.035 0.035 0.035 0.035 0.034 0.034 0.034 0.034 0.034 0.034 0.033 0.033 0.032 0.032 0.032 0.031 0.031 0.030 0.030 0.029 0.028 0.023 0.018 0.013 0.008 0.003
0.000 0.000 0.000 0.000 0.000 0.000 0.000 0.000 0.000 0.000 0.000 0.000 0.000 0.000 0.000 0.000 0.000 0.000 0.000 0.000 0.000 0.000 0.000 0.000 0.000 0.000 0.000 0.000 0.004 0.010 0.018 0.026 0.035 0.044 0.050 0.050 0.050 0.050 0.050 0.050 0.050 0.000 0.000 0.000 0.000 0.000 0.000 0.036 0.035 0.035 0.035 0.035 0.035 0.035 0.035 0.034 0.034 0.034 0.034 0.034 0.033 0.033 0.032 0.032 0.032 0.031 0.031 0.030 0.030 0.029 0.028 0.028 0.027 0.024 0.019 0.014 0.008
0.000 0.000 0.000 0.000 0.000 0.000 0.000 0.000 0.000 0.000 0.000 0.000 0.000 0.000 0.000 0.000 0.000 0.000 0.000 0.000 0.000 0.000 0.000 0.000 0.000 0.000 0.000 0.000 0.005 0.011 0.019 0.027 0.036 0.045 0.050 0.050 0.050 0.050 0.050 0.050 0.050 0.000 0.000 0.000 0.000 0.000 0.035 0.035 0.035 0.035 0.035 0.035 0.035 0.035 0.035 0.034 0.034 0.034 0.034 0.033 0.033 0.033 0.032 0.032 0.031 0.031 0.030 0.030 0.029 0.029 0.028 0.027 0.026 0.025 0.024 0.020 0.014
0.000 0.000 0.000 0.000 0.000 0.000 0.000 0.000 0.000 0.000 0.000 0.000 0.000 0.000 0.000 0.000 0.000 0.000 0.000 0.000 0.000 0.000 0.000 0.000 0.000 0.000 0.000 0.000 0.006 0.013 0.020 0.029 0.037 0.046 0.049 0.050 0.050 0.050 0.050 0.050 0.050 0.000 0.000 0.000 0.000 0.000 0.035 0.035 0.035 0.035 0.035 0.035 0.035 0.035 0.034 0.034 0.034 0.034 0.033 0.033 0.032 0.032 0.032 0.031 0.031 0.030 0.030 0.029 0.028 0.028 0.027 0.026 0.025 0.025 0.023 0.022 0.020
0.000 0.000 0.000 0.000 0.000 0.000 0.000 0.000 0.000 0.000 0.000 0.000 0.000 0.000 0.000 0.000 0.000 0.000 0.000 0.000 0.000 0.000 0.000 0.000 0.000 0.000 0.000 0.002 0.007 0.014 0.022 0.030 0.039 0.047 0.049 0.049 0.049 0.049 0.049 0.049 0.049 0.000 0.000 0.000 0.000 0.000 0.035 0.035 0.035 0.035 0.035 0.035 0.035 0.035 0.034 0.034 0.034 0.033 0.033 0.033 0.032 0.032 0.031 0.031 0.030 0.030 0.029 0.028 0.028 0.027 0.026 0.025 0.025 0.024 0.022 0.021 0.020
0.000 0.000 0.000 0.000 0.000 0.000 0.000 0.000 0.000 0.000 0.000 0.000 0.000 0.000 0.000 0.000 0.000 0.000 0.000 0.000 0.000 0.000 0.000 0.000 0.000 0.000 0.000 0.003 0.008 0.015 0.023 0.031 0.040 0.048 0.049 0.049 0.049 0.049 0.049 0.049 0.048 0.047 0.047 0.000 0.000 0.000 0.000 0.000 0.035 0.035 0.035 0.035 0.035 0.035 0.034 0.034 0.034 0.033 0.033 0.032 0.032 0.031 0.031 0.030 0.030 0.029 0.028 0.028 0.027 0.026 0.025 0.024 0.023 0.022 0.021 0.020 0.018
0.000 0.000 0.000 0.000 0.000 0.000 0.000 0.000 0.000 0.000 0.000 0.000 0.000 0.000 0.000 0.000 0.000 0.000 0.000 0.000 0.000 0.000 0.000 0.000 0.000 0.000 0.000 0.004 0.010 0.017 0.024 0.032 0.041 0.047 0.048 0.048 0.048 0.049 0.049 0.049 0.048 0.047 0.046 0.045 0.044 0.044 0.000 0.037 0.036 0.036 0.035 0.035 0.035 0.034 0.034 0.034 0.033 0.033 0.032 0.032 0.031 0.031 0.030 0.030 0.029 0.028 0.028 0.027 0.026 0.025 0.024 0.023 0.022 0.021 0.020 0.018 0.016
0.000 0.000 0.000 0.000 0.000 0.000 0.000 0.000 0.000 0.000 0.000 0.000 0.000 0.000 0.000 0.000 0.000 0.000 0.000 0.000 0.000 0.000 0.000 0.000 0.000 0.000 0.000 0.005 0.011 0.018 0.026 0.034 0.041 0.044 0.046 0.048 0.048 0.049 0.048 0.049 0.048 0.047 0.046 0.045 0.044 0.042 0.040 0.038 0.036 0.036 0.035 0.035 0.035 0.034 0.034 0.034 0.033 0.033 0.032 0.031 0.031 0.030 0.030 0.029 0.028 0.028 0.027 0.026 0.025 0.024 0.023 0.022 0.021 0.019 0.017 0.015 0.013
0.000 0.000 0.000 0.000 0.000 0.000 0.000 0.000 0.000 0.000 0.000 0.000 0.000 0.000 0.000 0.000 0.000 0.000 0.000 0.000 0.000 0.000 0.000 0.000 0.000 0.000 0.000 0.006 0.013 0.020 0.028 0.035 0.040 0.025 0.044 0.047 0.048 0.049 0.049 0.049 0.000 0.046 0.046 0.045 0.043 0.042 0.040 0.038 0.037 0.036 0.035 0.035 0.035 0.034 0.034 0.033 0.033 0.032 0.032 0.031 0.030 0.030 0.029 0.028 0.027 0.027 0.026 0.025 0.024 0.023 0.021 0.020 0.018 0.017 0.014 0.011 0.011
0.000 0.000 0.000 0.000 0.000 0.000 0.000 0.000 0.000 0.000 0.000 0.000 0.000 0.000 0.000 0.000 0.000 0.000 0.000 0.000 0.000 0.000 0.000 0.000 0.000 0.000 0.000 0.008 0.015 0.023 0.031 0.038 0.045 0.045 0.047 0.048 0.049 0.049 0.048 0.000 0.000 0.000 0.000 0.000 0.042 0.041 0.039 0.037 0.036 0.036 0.035 0.035 0.034 0.034 0.034 0.033 0.032 0.032 0.031 0.030 0.030 0.029 0.028 0.027 0.026 0.025 0.024 0.023 0.022 0.021 0.019 0.018 0.015 0.012 0.012 0.011 0.011
0.000 0.000 0.000 0.000 0.000 0.000 0.000 0.000 0.000 0.000 0.000 0.000 0.000 0.000 0.000 0.000 0.000 0.000 0.000 0.000 0.000 0.000 0.000 0.000 0.000 0.000 0.004 0.010 0.017 0.025 0.033 0.041 0.049 0.048 0.049 0.049 0.049 0.049 0.000 0.000 0.000 0.000 0.000 0.000 0.000 0.000 0.037 0.037 0.036 0.036 0.035 0.035 0.034 0.034 0.033 0.033 0.032 0.031 0.031 0.030 0.029 0.028 0.027 0.026 0.025 0.024 0.023 0.022 0.020 0.018 0.016 0.013 0.012 0.012 0.012 0.012 0.012
0.000 0.000 0.000 0.000 0.000 0.000 0.000 0.000 0.000 0.000 0.000 0.000 0.000 0.000 0.000 0.000 0.000 0.000 0.000 0.000 0.000 0.000 0.000 0.000 0.000 0.000 0.005 0.012 0.020 0.028 0.036 0.044 0.051 0.050 0.050 0.050 0.050 0.050 0.000 0.000 0.000 0.000 0.000 0.000 0.000 0.000 0.036 0.036 0.036 0.035 0.035 0.035 0.034 0.034 0.033 0.032 0.031 0.031 0.030 0.029 0.028 0.027 0.026 0.025 0.024 0.022 0.021 0.019 0.017 0.014 0.013 0.013 0.012 0.012 0.012 0.012 0.014
0.000 0.000 0.000 0.000 0.000 0.000 0.000 0.000 0.000 0.000 0.000 0.000 0.000 0.000 0.000 0.000 0.000 0.000 0.000 0.000 0.000 0.000 0.000 0.000 0.000 0.000 0.007 0.014 0.022 0.030 0.038 0.047 0.052 0.051 0.051 0.051 0.051 0.000 0.000 0.000 0.000 0.000 0.036 0.036 0.036 0.036 0.036 0.036 0.036 0.035 0.035 0.034 0.034 0.033 0.032 0.032 0.031 0.030 0.029 0.028 0.027 0.026 0.024 0.023 0.022 0.020 0.018 0.015 0.013 0.013 0.013 0.013 0.013 0.013 0.013 0.014 0.017
0.000 0.000 0.000 0.000 0.000 0.000 0.000 0.000 0.000 0.000 0.000 0.000 0.000 0.000 0.000 0.000 0.000 0.000 0.000 0.000 0.000 0.000 0.000 0.000 0.000 0.000 0.009 0.016 0.024 0.032 0.041 0.049 0.053 0.052 0.052 0.052 0.052 0.000 0.000 0.000 0.000 0.000 0.000 0.036 0.036 0.036 0.036 0.036 0.035 0.035 0.035 0.034 0.034 0.033 0.032 0.031 0.030 0.029 0.028 0.027 0.025 0.024 0.023 0.021 0.019 0.016 0.013 0.013 0.013 0.013 0.013 0.013 0.013 0.013 0.014 0.017 0.022
0.000 0.000 0.000 0.000 0.000 0.000 0.000 0.000 0.000 0.000 0.000 0.000 0.000 0.000 0.000 0.000 0.000 0.000 0.000 0.000 0.000 0.000 0.000 0.000 0.000 0.000 0.010 0.018 0.026 0.035 0.043 0.051 0.054 0.053 0.053 0.053 0.052 0.000 0.000 0.000 0.000 0.000 0.000 0.000 0.000 0.000 0.036 0.036 0.035 0.035 0.034 0.034 0.033 0.032 0.031 0.030 0.029 0.028 0.027 0.025 0.024 0.022 0.020 0.017 0.014 0.014 0.014 0.014 0.013 0.013 0.013 0.013 0.014 0.015 0.017 0.022 0.026
0.000 0.000 0.000 0.000 0.000 0.000 0.000 0.000 0.000 0.000 0.000 0.000 0.000 0.000 0.000 0.000 0.000 0.000 0.000 0.000 0.000 0.000 0.000 0.000 0.000 0.005 0.012 0.020 0.028 0.037 0.045 0.054 0.054 0.054 0.054 0.054 0.000 0.000 0.000 0.000 0.000 0.000 0.000 0.000 0.000 0.000 0.000 0.000 0.035 0.035 0.034 0.034 0.033 0.032 0.031 0.030 0.028 0.027 0.025 0.023 0.021 0.018 0.015 0.014 0.014 0.014 0.014 0.014 0.014 0.014 0.014 0.014 0.016 0.019 0.024 0.031 0.030
0.000 0.000 0.000 0.000 0.000 0.000 0.000 0.000 0.000 0.000 0.000 0.000 0.000 0.000 0.000 0.000 0.000 0.000 0.000 0.000 0.000 0.000 0.000 0.000 0.000 0.007 0.014 0.022 0.031 0.039 0.047 0.055 0.055 0.055 0.055 0.055 0.000 0.000 0.000 0.000 0.000 0.000 0.000 0.000 0.000 0.000 0.000 0.000 0.000 0.000 0.000 0.033 0.033 0.032 0.030 0.029 0.027 0.024 0.022 0.020 0.016 0.015 0.015 0.015 0.014 0.014 0.014 0.014 0.014 0.015 0.016 0.018 0.022 0.027 0.034 0.039 0.034
0.000 0.000 0.000 0.000 0.000 0.000 0.000 0.000 0.000 0.000 0.000 0.000 0.000 0.000 0.000 0.000 0.000 0.000 0.003 0.000 0.000 0.000 0.000 0.000 0.000 0.008 0.016 0.024 0.033 0.041 0.050 0.055 0.055 0.055 0.055 0.055 0.000 0.000 0.000 0.000 0.000 0.000 0.000 0.000 0.000 0.000 0.000 0.000 0.000 0.000 0.000 0.000 0.000 0.000 0.029 0.028 0.024 0.021 0.018 0.016 0.015 0.015 0.015 0.015 0.015 0.015 0.015 0.015 0.016 0.017 0.021 0.026 0.032 0.039 0.046 0.045 0.041
0.000 0.000 0.000 0.000 0.000 0.000 0.000 0.000 0.000 0.000 0.000 0.000 0.000 0.000 0.000 0.000 0.000 0.000 0.002 0.002 0.004 0.000 0.000 0.000 0.000 0.010 0.018 0.026 0.035 0.043 0.052 0.056 0.055 0.056 0.056 0.055 0.000 0.000 0.000 0.000 0.000 0.000 0.000 0.000 0.000 0.000 0.000 0.000 0.000 0.000 0.000 0.000 0.000 0.000 0.000 0.000 0.017 0.015 0.016 0.016 0.015 0.015 0.015 0.015 0.015 0.015 0.016 0.017 0.020 0.025 0.031 0.037 0.044 0.051 0.057 0.052 0.048
0.001 0.000 0.000 0.000 0.000 0.000 0.000 0.000 0.000 0.000 0.000 0.000 0.000 0.000 0.000 0.000 0.000 0.000 0.002 0.002 0.003 0.005 0.000 0.000 0.000 0.012 0.020 0.028 0.036 0.045 0.053 0.056 0.056 0.056 0.057 0.000 0.000 0.000 0.000 0.000 0.000 0.000 0.000 0.000 0.000 0.000 0.000 0.000 0.000 0.000 0.000 0.000 0.000 0.000 0.000 0.000 0.013 0.014 0.015 0.015 0.015 0.015 0.015 0.016 0.016 0.017 0.020 0.024 0.029 0.036 0.042 0.050 0.057 0.064 0.064 0.059 0.055
0.007 0.003 0.000 0.000 0.000 0.000 0.000 0.000 0.000 0.000 0.000 0.000 0.000 0.000 0.000 0.000 0.000 0.000 0.002 0.002 0.003 0.004 0.004 0.004 0.007 0.014 0.022 0.030 0.038 0.046 0.055 0.056 0.056 0.056 0.057 0.000 0.000 0.000 0.000 0.000 0.000 0.000 0.000 0.000 0.000 0.000 0.000 0.000 0.000 0.000 0.000 0.000 0.000 0.000 0.000 0.000 0.012 0.013 0.014 0.015 0.015 0.016 0.016 0.017 0.019 0.023 0.028 0.034 0.041 0.048 0.055 0.062 0.070 0.076 0.071 0.067 0.062
0.016 0.011 0.007 0.002 0.000 0.000 0.000 0.000 0.000 0.000 0.000 0.000 0.000 0.000 0.001 0.001 0.001 0.001 0.001 0.002 0.003 0.003 0.004 0.005 0.009 0.016 0.023 0.031 0.040 0.048 0.056 0.057 0.056 0.057 0.056 0.000 0.000 0.000 0.000 0.000 0.000 0.000 0.000 0.000 0.000 0.000 0.000 0.000 0.000 0.000 0.000 0.000 0.000 0.000 0.000 0.002 0.010 0.012 0.014 0.015 0.016 0.017 0.019 0.022 0.027 0.033 0.039 0.046 0.053 0.060 0.068 0.075 0.082 0.083 0.079 0.074 0.070
0.027 0.022 0.016 0.011 0.006 0.002 0.000 0.000 0.000 0.000 0.000 0.000 0.001 0.001 0.001 0.001 0.001 0.001 0.001 0.002 0.002 0.003 0.003 0.005 0.010 0.017 0.025 0.033 0.042 0.050 0.057 0.056 0.056 0.057 0.056 0.000 0.000 0.000 0.000 0.000 0.000 0.000 0.000 0.000 0.000 0.000 0.000 0.000 0.000 0.000 0.000 0.000 0.000 0.000 0.000 0.002 0.009 0.012 0.013 0.015 0.018 0.021 0.026 0.032 0.038 0.045 0.052 0.059 0.066 0.073 0.081 0.000 0.000 0.090 0.086 0.082 0.077
0.000 0.000 0.026 0.021 0.016 0.011 0.006 0.002 0.001 0.000 0.000 0.001 0.001 0.001 0.001 0.001 0.001 0.001 0.001 0.001 0.002 0.002 0.003 0.005 0.011 0.018 0.027 0.035 0.044 0.052 0.057 0.056 0.056 0.057 0.000 0.000 0.000 0.000 0.000 0.000 0.000 0.000 0.000 0.000 0.000 0.000 0.000 0.000 0.000 0.000 0.000 0.000 0.000 0.000 0.000 0.003 0.008 0.012 0.015 0.019 0.024 0.030 0.037 0.044 0.051 0.058 0.065 0.072 0.079 0.086 0.000 0.000 0.000 0.000 0.000 0.089 0.084
