数据/100y_1h/100y_1h_res_2/100y_1h_116-0001.wd
ncols         694
nrows         824
xllcorner     581104.939801
yllcorner     3495917.092414
cellsize      2.000000
NODATA_value  -9999.000000
[rows 714 to 747 of 824, columns 154 to 230 of 694]
0.000 0.000 0.000 0.000 0.000 0.000 0.002 0.003 0.004 0.005 0.006 0.007 0.008 0.008 0.009 0.009 0.009 0.009 0.009 0.008 0.001 0.000 0.061 0.058 0.054 0.052 0.050 0.046 0.043 0.039 0.035 0.031 0.000 0.000 0.000 0.000 0.000 0.000 0.000 0.000 0.000 0.000 0.001 0.002 0.016 0.025 0.034 0.044 0.055 0.000 0.000 0.000 0.000 0.000 0.000 0.000 0.000 0.000 0.152 0.163 0.173 0.173 0.150 0.130 0.139 0.055 0.001 0.001 0.000 0.000 0.000 0.000 0.000 0.000 0.000 0.000 0.000
0.000 0.000 0.000 0.000 0.000 0.002 0.003 0.004 0.005 0.006 0.007 0.008 0.009 0.009 0.010 0.010 0.011 0.011 0.011 0.011 0.011 0.010 0.001 0.077 0.077 0.074 0.071 0.067 0.063 0.058 0.053 0.047 0.042 0.038 0.000 0.000 0.000 0.000 0.000 0.000 0.000 0.001 0.001 0.035 0.076 0.087 0.096 0.108 0.118 0.000 0.000 0.000 0.000 0.000 0.000 0.000 0.000 0.000 0.215 0.210 0.187 0.164 0.141 0.132 0.142 0.097 0.012 0.001 0.000 0.000 0.000 0.000 0.000 0.000 0.000 0.000 0.000
0.000 0.000 0.000 0.000 0.001 0.003 0.004 0.005 0.006 0.007 0.008 0.009 0.009 0.010 0.011 0.011 0.012 0.012 0.013 0.014 0.014 0.015 0.014 0.001 0.001 0.096 0.092 0.088 0.083 0.077 0.071 0.065 0.060 0.056 0.052 0.000 0.000 0.000 0.000 0.000 0.001 0.001 0.020 0.075 0.131 0.150 0.160 0.170 0.181 0.000 0.000 0.000 0.000 0.000 0.000 0.000 0.000 0.249 0.225 0.201 0.178 0.155 0.131 0.135 0.145 0.141 0.056 0.001 0.000 0.000 0.000 0.000 0.000 0.000 0.000 0.000 0.000
0.000 0.000 0.000 0.000 0.002 0.004 0.005 0.006 0.007 0.008 0.009 0.009 0.010 0.011 0.011 0.012 0.013 0.014 0.015 0.016 0.017 0.018 0.020 0.022 0.025 0.003 0.114 0.108 0.103 0.095 0.089 0.083 0.079 0.074 0.070 0.066 0.063 0.000 0.000 0.000 0.001 0.009 0.061 0.117 0.173 0.213 0.223 0.234 0.000 0.000 0.000 0.000 0.000 0.000 0.000 0.000 0.000 0.240 0.216 0.193 0.169 0.146 0.128 0.138 0.148 0.157 0.099 0.014 0.001 0.000 0.000 0.000 0.000 0.000 0.000 0.000 0.000
0.000 0.000 0.000 0.001 0.003 0.005 0.006 0.007 0.008 0.008 0.009 0.010 0.011 0.011 0.012 0.013 0.014 0.015 0.016 0.017 0.019 0.021 0.024 0.030 0.040 0.058 0.003 0.127 0.122 0.114 0.107 0.102 0.098 0.094 0.090 0.087 0.084 0.081 0.000 0.028 0.028 0.053 0.103 0.159 0.216 0.271 0.286 0.297 0.000 0.000 0.000 0.000 0.000 0.000 0.000 0.000 0.000 0.231 0.207 0.183 0.160 0.137 0.132 0.141 0.150 0.160 0.144 0.058 0.000 0.000 0.000 0.000 0.000 0.000 0.000 0.000 0.000
0.000 0.000 0.000 0.001 0.003 0.005 0.006 0.007 0.008 0.009 0.009 0.010 0.011 0.012 0.012 0.013 0.014 0.015 0.016 0.018 0.020 0.022 0.025 0.029 0.034 0.040 0.026 0.001 0.001 0.130 0.125 0.121 0.117 0.113 0.110 0.107 0.104 0.101 0.093 0.068 0.074 0.095 0.146 0.202 0.258 0.313 0.349 0.359 0.000 0.000 0.000 0.000 0.000 0.000 0.000 0.000 0.000 0.222 0.198 0.174 0.151 0.127 0.135 0.144 0.153 0.163 0.173 0.103 0.000 0.000 0.000 0.000 0.000 0.000 0.000 0.000 0.000
0.000 0.000 0.000 0.001 0.003 0.005 0.006 0.007 0.008 0.009 0.010 0.010 0.011 0.012 0.013 0.014 0.014 0.015 0.017 0.018 0.020 0.021 0.024 0.026 0.029 0.030 0.024 0.017 0.011 0.001 0.143 0.140 0.137 0.134 0.130 0.127 0.125 0.123 0.120 0.000 0.000 0.133 0.188 0.244 0.299 0.355 0.411 0.422 0.434 0.410 0.000 0.000 0.000 0.000 0.000 0.000 0.237 0.213 0.189 0.165 0.142 0.129 0.138 0.148 0.157 0.166 0.176 0.148 0.000 0.000 0.000 0.000 0.000 0.000 0.000 0.000 0.000
0.000 0.000 0.000 0.001 0.003 0.005 0.006 0.007 0.008 0.009 0.010 0.011 0.011 0.012 0.013 0.014 0.015 0.016 0.017 0.018 0.019 0.021 0.022 0.024 0.025 0.025 0.022 0.018 0.014 0.010 0.001 0.159 0.158 0.154 0.151 0.148 0.146 0.144 0.000 0.000 0.000 0.000 0.230 0.286 0.342 0.398 0.451 0.448 0.425 0.401 0.377 0.353 0.000 0.000 0.000 0.000 0.227 0.204 0.180 0.156 0.133 0.132 0.141 0.151 0.160 0.169 0.179 0.000 0.000 0.000 0.000 0.000 0.000 0.000 0.000 0.000 0.000
0.000 0.000 0.000 0.001 0.003 0.005 0.006 0.007 0.008 0.009 0.010 0.011 0.011 0.012 0.013 0.014 0.014 0.015 0.016 0.017 0.019 0.020 0.021 0.022 0.022 0.022 0.020 0.018 0.015 0.012 0.009 0.001 0.000 0.174 0.171 0.169 0.168 0.000 0.000 0.000 0.000 0.000 0.000 0.328 0.384 0.407 0.428 0.000 0.000 0.392 0.368 0.344 0.319 0.295 0.000 0.000 0.218 0.194 0.171 0.147 0.126 0.135 0.144 0.153 0.163 0.172 0.182 0.000 0.000 0.000 0.000 0.000 0.000 0.000 0.000 0.000 0.000
0.000 0.000 0.000 0.001 0.003 0.005 0.006 0.007 0.008 0.009 0.010 0.011 0.011 0.012 0.013 0.014 0.014 0.015 0.016 0.017 0.018 0.019 0.019 0.020 0.020 0.020 0.018 0.017 0.015 0.013 0.011 0.008 0.006 0.000 0.191 0.187 0.000 0.000 0.000 0.000 0.000 0.000 0.000 0.341 0.362 0.384 0.405 0.000 0.000 0.000 0.000 0.334 0.310 0.285 0.259 0.233 0.209 0.185 0.161 0.137 0.129 0.138 0.147 0.156 0.166 0.175 0.184 0.000 0.000 0.000 0.000 0.000 0.000 0.000 0.000 0.000 0.000
0.000 0.000 0.000 0.001 0.003 0.005 0.006 0.007 0.008 0.009 0.010 0.011 0.011 0.012 0.013 0.013 0.014 0.015 0.015 0.016 0.017 0.018 0.018 0.018 0.018 0.018 0.017 0.016 0.014 0.013 0.011 0.009 0.008 0.005 0.000 0.202 0.194 0.000 0.000 0.000 0.000 0.000 0.000 0.317 0.339 0.361 0.382 0.395 0.000 0.000 0.000 0.000 0.000 0.275 0.250 0.224 0.199 0.175 0.152 0.128 0.132 0.141 0.150 0.159 0.168 0.177 0.000 0.000 0.000 0.000 0.000 0.000 0.000 0.000 0.000 0.000 0.000
0.000 0.000 0.000 0.001 0.003 0.005 0.006 0.007 0.008 0.009 0.010 0.010 0.011 0.012 0.012 0.013 0.014 0.014 0.015 0.015 0.016 0.017 0.017 0.017 0.017 0.017 0.016 0.015 0.014 0.013 0.011 0.010 0.009 0.007 0.005 0.000 0.209 0.206 0.000 0.000 0.000 0.000 0.000 0.000 0.316 0.000 0.000 0.375 0.362 0.000 0.000 0.000 0.000 0.000 0.000 0.212 0.188 0.165 0.142 0.125 0.133 0.142 0.152 0.161 0.171 0.180 0.000 0.000 0.000 0.000 0.000 0.000 0.000 0.000 0.000 0.000 0.000
0.000 0.000 0.000 0.001 0.003 0.005 0.006 0.007 0.008 0.009 0.009 0.010 0.011 0.011 0.012 0.013 0.013 0.014 0.014 0.015 0.015 0.016 0.016 0.016 0.016 0.016 0.015 0.014 0.013 0.012 0.011 0.010 0.009 0.008 0.006 0.004 0.001 0.224 0.241 0.000 0.000 0.000 0.000 0.000 0.000 0.000 0.000 0.000 0.341 0.000 0.000 0.000 0.000 0.000 0.223 0.201 0.178 0.154 0.131 0.127 0.135 0.144 0.153 0.163 0.172 0.182 0.000 0.000 0.000 0.000 0.000 0.000 0.000 0.000 0.000 0.000 0.000
0.000 0.000 0.000 0.001 0.003 0.005 0.006 0.007 0.008 0.008 0.009 0.010 0.010 0.011 0.012 0.012 0.013 0.013 0.014 0.014 0.014 0.015 0.015 0.015 0.015 0.015 0.014 0.013 0.013 0.012 0.011 0.010 0.009 0.008 0.007 0.005 0.003 0.001 0.212 0.228 0.000 0.000 0.000 0.000 0.000 0.000 0.000 0.000 0.322 0.000 0.000 0.000 0.000 0.000 0.214 0.191 0.168 0.144 0.120 0.128 0.137 0.146 0.155 0.164 0.173 0.000 0.000 0.000 0.000 0.000 0.000 0.000 0.000 0.000 0.000 0.000 0.000
0.000 0.000 0.000 0.000 0.002 0.004 0.005 0.006 0.007 0.008 0.009 0.009 0.010 0.011 0.011 0.012 0.012 0.013 0.013 0.013 0.014 0.014 0.014 0.014 0.014 0.014 0.013 0.013 0.012 0.011 0.011 0.010 0.009 0.008 0.007 0.006 0.004 0.002 0.000 0.199 0.214 0.000 0.000 0.000 0.000 0.000 0.000 0.308 0.301 0.000 0.000 0.000 0.000 0.223 0.203 0.180 0.157 0.133 0.121 0.130 0.139 0.148 0.156 0.165 0.173 0.179 0.188 0.000 0.000 0.000 0.000 0.000 0.000 0.000 0.000 0.000 0.000
0.000 0.000 0.000 0.000 0.001 0.003 0.004 0.005 0.006 0.007 0.008 0.009 0.010 0.010 0.011 0.011 0.012 0.012 0.012 0.013 0.013 0.013 0.013 0.013 0.013 0.013 0.013 0.012 0.011 0.011 0.010 0.009 0.009 0.008 0.007 0.006 0.004 0.003 0.001 0.000 0.184 0.198 0.000 0.000 0.000 0.000 0.000 0.000 0.000 0.000 0.000 0.000 0.000 0.203 0.191 0.170 0.147 0.123 0.123 0.132 0.141 0.149 0.158 0.167 0.175 0.183 0.191 0.198 0.206 0.000 0.000 0.000 0.000 0.000 0.000 0.000 0.000
0.000 0.000 0.000 0.000 0.000 0.002 0.003 0.004 0.005 0.006 0.007 0.008 0.009 0.010 0.010 0.011 0.011 0.011 0.012 0.012 0.012 0.012 0.012 0.012 0.012 0.012 0.012 0.011 0.011 0.010 0.010 0.009 0.008 0.007 0.006 0.005 0.004 0.003 0.001 0.000 0.000 0.166 0.178 0.196 0.000 0.000 0.000 0.000 0.000 0.000 0.000 0.000 0.193 0.181 0.170 0.157 0.136 0.116 0.125 0.134 0.143 0.152 0.161 0.169 0.178 0.185 0.193 0.201 0.209 0.217 0.225 0.000 0.000 0.000 0.000 0.000 0.000
0.000 0.000 0.000 0.000 0.000 0.000 0.002 0.003 0.004 0.005 0.006 0.007 0.008 0.009 0.010 0.010 0.010 0.011 0.011 0.011 0.012 0.012 0.012 0.012 0.012 0.011 0.011 0.011 0.010 0.010 0.009 0.009 0.008 0.007 0.006 0.005 0.004 0.002 0.000 0.000 0.000 0.000 0.151 0.169 0.187 0.000 0.000 0.000 0.000 0.000 0.000 0.000 0.173 0.161 0.149 0.137 0.124 0.118 0.128 0.137 0.146 0.155 0.164 0.172 0.181 0.189 0.197 0.204 0.211 0.220 0.228 0.236 0.187 0.000 0.000 0.000 0.000
0.000 0.000 0.000 0.000 0.000 0.000 0.000 0.002 0.003 0.004 0.005 0.006 0.007 0.008 0.009 0.009 0.010 0.010 0.010 0.011 0.011 0.011 0.011 0.011 0.011 0.011 0.010 0.010 0.010 0.009 0.009 0.008 0.007 0.006 0.005 0.004 0.003 0.001 0.000 0.000 0.000 0.000 0.000 0.143 0.160 0.178 0.000 0.000 0.000 0.000 0.000 0.165 0.153 0.140 0.128 0.116 0.113 0.118 0.128 0.138 0.148 0.158 0.167 0.176 0.186 0.000 0.000 0.000 0.214 0.223 0.231 0.239 0.231 0.144 0.077 0.000 0.000
0.000 0.000 0.000 0.000 0.000 0.000 0.000 0.000 0.002 0.003 0.004 0.005 0.006 0.007 0.008 0.009 0.009 0.009 0.010 0.010 0.010 0.010 0.010 0.010 0.010 0.010 0.010 0.009 0.009 0.009 0.008 0.007 0.006 0.005 0.004 0.003 0.002 0.000 0.000 0.000 0.000 0.000 0.000 0.000 0.133 0.151 0.169 0.000 0.000 0.000 0.000 0.145 0.132 0.120 0.113 0.113 0.113 0.115 0.126 0.136 0.146 0.156 0.166 0.176 0.186 0.000 0.000 0.000 0.000 0.000 0.233 0.242 0.251 0.188 0.146 0.107 0.000
0.000 0.000 0.000 0.000 0.000 0.000 0.000 0.000 0.000 0.002 0.003 0.004 0.005 0.006 0.007 0.008 0.008 0.009 0.009 0.009 0.009 0.009 0.009 0.009 0.009 0.009 0.009 0.009 0.008 0.008 0.007 0.006 0.005 0.004 0.003 0.002 0.000 0.000 0.000 0.000 0.000 0.000 0.000 0.000 0.110 0.125 0.142 0.159 0.000 0.150 0.137 0.125 0.112 0.112 0.112 0.112 0.112 0.113 0.123 0.134 0.144 0.153 0.164 0.173 0.000 0.000 0.000 0.000 0.000 0.000 0.000 0.242 0.252 0.256 0.217 0.177 0.000
0.000 0.000 0.000 0.000 0.000 0.000 0.000 0.000 0.000 0.000 0.002 0.003 0.004 0.005 0.006 0.007 0.008 0.008 0.008 0.008 0.008 0.008 0.008 0.008 0.008 0.008 0.008 0.008 0.008 0.007 0.006 0.005 0.004 0.003 0.002 0.000 0.000 0.000 0.000 0.000 0.000 0.000 0.000 0.000 0.000 0.101 0.116 0.131 0.146 0.131 0.117 0.112 0.111 0.111 0.111 0.111 0.111 0.111 0.121 0.131 0.141 0.151 0.161 0.000 0.000 0.000 0.000 0.000 0.000 0.000 0.000 0.000 0.000 0.261 0.257 0.246 0.205
0.000 0.000 0.000 0.000 0.000 0.000 0.000 0.000 0.000 0.000 0.000 0.002 0.003 0.004 0.005 0.006 0.007 0.007 0.007 0.007 0.007 0.007 0.007 0.007 0.007 0.007 0.007 0.007 0.007 0.006 0.005 0.004 0.003 0.002 0.000 0.000 0.000 0.000 0.000 0.000 0.000 0.000 0.000 0.000 0.000 0.000 0.091 0.106 0.121 0.113 0.112 0.110 0.110 0.110 0.110 0.110 0.110 0.110 0.117 0.128 0.139 0.149 0.159 0.000 0.000 0.000 0.000 0.000 0.000 0.000 0.000 0.000 0.000 0.000 0.000 0.254 0.248
0.000 0.000 0.000 0.000 0.000 0.000 0.000 0.000 0.000 0.000 0.000 0.000 0.002 0.003 0.004 0.005 0.006 0.006 0.006 0.006 0.006 0.006 0.006 0.006 0.006 0.006 0.006 0.006 0.006 0.005 0.004 0.003 0.002 0.000 0.000 0.000 0.000 0.000 0.000 0.000 0.000 0.000 0.000 0.000 0.000 0.000 0.000 0.082 0.098 0.111 0.110 0.109 0.109 0.108 0.108 0.108 0.109 0.109 0.114 0.125 0.136 0.146 0.000 0.000 0.000 0.000 0.000 0.000 0.000 0.000 0.000 0.000 0.000 0.000 0.000 0.000 0.000
0.000 0.000 0.000 0.000 0.000 0.000 0.000 0.000 0.000 0.000 0.000 0.000 0.000 0.002 0.003 0.004 0.005 0.005 0.005 0.005 0.005 0.005 0.005 0.005 0.005 0.005 0.005 0.005 0.005 0.004 0.003 0.002 0.000 0.000 0.000 0.000 0.000 0.000 0.000 0.000 0.000 0.000 0.000 0.000 0.000 0.000 0.000 0.000 0.075 0.093 0.107 0.107 0.107 0.107 0.107 0.107 0.107 0.107 0.111 0.122 0.133 0.144 0.000 0.000 0.000 0.000 0.000 0.000 0.000 0.000 0.000 0.000 0.000 0.000 0.000 0.000 0.000
0.000 0.000 0.000 0.000 0.000 0.000 0.000 0.000 0.000 0.000 0.000 0.000 0.000 0.000 0.001 0.002 0.003 0.003 0.003 0.003 0.003 0.003 0.003 0.003 0.003 0.003 0.003 0.003 0.003 0.002 0.001 0.000 0.000 0.000 0.000 0.000 0.000 0.000 0.000 0.000 0.000 0.000 0.000 0.000 0.000 0.000 0.000 0.000 0.000 0.054 0.089 0.105 0.105 0.105 0.104 0.104 0.104 0.105 0.107 0.118 0.129 0.000 0.000 0.000 0.000 0.000 0.000 0.000 0.000 0.000 0.000 0.000 0.000 0.000 0.000 0.000 0.000
0.000 0.000 0.000 0.000 0.000 0.000 0.000 0.000 0.000 0.000 0.000 0.000 0.000 0.000 0.000 0.000 0.001 0.001 0.001 0.001 0.001 0.001 0.001 0.001 0.001 0.001 0.001 0.001 0.001 0.000 0.000 0.000 0.000 0.000 0.000 0.000 0.000 0.000 0.000 0.000 0.000 0.000 0.000 0.000 0.000 0.000 0.000 0.000 0.000 0.000 0.068 0.089 0.103 0.102 0.101 0.100 0.100 0.101 0.103 0.114 0.127 0.000 0.000 0.000 0.000 0.000 0.000 0.000 0.000 0.000 0.000 0.000 0.000 0.000 0.000 0.000 0.000
0.000 0.000 0.000 0.000 0.000 0.000 0.000 0.000 0.000 0.000 0.000 0.000 0.000 0.000 0.000 0.000 0.000 0.000 0.000 0.000 0.000 0.000 0.000 0.000 0.000 0.000 0.000 0.000 0.000 0.000 0.000 0.000 0.000 0.000 0.000 0.000 0.000 0.000 0.000 0.000 0.000 0.000 0.000 0.000 0.000 0.000 0.000 0.000 0.000 0.000 0.047 0.067 0.087 0.099 0.097 0.095 0.093 0.095 0.098 0.110 0.000 0.000 0.000 0.000 0.000 0.000 0.000 0.000 0.000 0.000 0.000 0.000 0.000 0.000 0.000 0.000 0.000
0.000 0.000 0.000 0.000 0.000 0.000 0.000 0.000 0.000 0.000 0.000 0.000 0.000 0.000 0.000 0.000 0.000 0.000 0.000 0.000 0.000 0.000 0.000 0.000 0.000 0.000 0.000 0.000 0.000 0.000 0.000 0.000 0.000 0.000 0.000 0.000 0.000 0.000 0.000 0.000 0.000 0.000 0.000 0.000 0.000 0.000 0.000 0.000 0.000 0.000 0.000 0.045 0.064 0.082 0.093 0.088 0.075 0.084 0.087 0.000 0.000 0.000 0.000 0.000 0.000 0.000 0.000 0.000 0.000 0.000 0.000 0.000 0.000 0.000 0.000 0.000 0.000
0.000 0.000 0.000 0.000 0.000 0.000 0.000 0.000 0.000 0.000 0.000 0.000 0.000 0.000 0.000 0.000 0.000 0.000 0.000 0.000 0.000 0.000 0.000 0.000 0.000 0.000 0.000 0.000 0.000 0.000 0.000 0.000 0.000 0.000 0.000 0.000 0.000 0.000 0.000 0.000 0.000 0.000 0.000 0.000 0.000 0.000 0.000 0.000 0.000 0.000 0.000 0.023 0.041 0.059 0.075 0.084 0.078 0.079 0.077 0.075 0.000 0.000 0.000 0.000 0.000 0.000 0.000 0.000 0.000 0.000 0.000 0.000 0.000 0.000 0.000 0.000 0.000
0.000 0.000 0.000 0.000 0.000 0.000 0.000 0.000 0.000 0.000 0.000 0.000 0.000 0.000 0.000 0.000 0.000 0.000 0.000 0.000 0.000 0.000 0.000 0.000 0.000 0.000 0.000 0.000 0.000 0.000 0.000 0.000 0.000 0.000 0.000 0.000 0.000 0.000 0.000 0.000 0.000 0.000 0.000 0.000 0.000 0.000 0.000 0.000 0.000 0.000 0.000 0.003 0.017 0.035 0.051 0.067 0.077 0.075 0.072 0.068 0.071 0.000 0.000 0.000 0.000 0.000 0.000 0.000 0.000 0.000 0.000 0.000 0.000 0.000 0.000 0.000 0.000
0.000 0.000 0.000 0.000 0.000 0.000 0.000 0.000 0.000 0.000 0.000 0.000 0.000 0.000 0.000 0.000 0.000 0.000 0.000 0.000 0.000 0.000 0.000 0.000 0.000 0.000 0.000 0.000 0.000 0.000 0.000 0.000 0.000 0.000 0.000 0.000 0.000 0.000 0.000 0.000 0.000 0.000 0.000 0.000 0.000 0.000 0.000 0.000 0.000 0.000 0.000 0.001 0.002 0.011 0.027 0.044 0.062 0.071 0.067 0.061 0.062 0.057 0.058 0.000 0.000 0.000 0.000 0.000 0.000 0.000 0.000 0.000 0.000 0.000 0.000 0.000 0.000
0.000 0.000 0.000 0.000 0.000 0.000 0.000 0.000 0.000 0.000 0.000 0.000 0.000 0.000 0.000 0.000 0.000 0.000 0.000 0.000 0.000 0.000 0.000 0.000 0.000 0.000 0.000 0.000 0.000 0.000 0.000 0.000 0.000 0.000 0.000 0.000 0.000 0.000 0.000 0.000 0.000 0.000 0.000 0.000 0.000 0.000 0.000 0.000 0.000 0.000 0.000 0.000 0.001 0.001 0.006 0.021 0.038 0.055 0.062 0.055 0.053 0.049 0.051 0.054 0.000 0.000 0.000 0.000 0.000 0.000 0.000 0.000 0.000 0.000 0.000 0.000 0.000
0.000 0.000 0.000 0.000 0.000 0.000 0.000 0.000 0.000 0.000 0.000 0.000 0.000 0.000 0.000 0.000 0.000 0.000 0.000 0.000 0.000 0.000 0.000 0.000 0.000 0.000 0.000 0.000 0.000 0.000 0.000 0.000 0.000 0.000 0.000 0.000 0.000 0.000 0.000 0.000 0.000 0.000 0.000 0.000 0.000 0.000 0.000 0.000 0.000 0.000 0.000 0.000 0.001 0.001 0.001 0.003 0.015 0.031 0.045 0.049 0.043 0.041 0.044 0.047 0.049 0.000 0.000 0.000 0.000 0.000 0.000 0.000 0.000 0.000 0.000 0.000 0.000
