数据/100y_1h/100y_1h_res_2/100y_1h_63-0001.wd
ncols         694
nrows         824
xllcorner     581104.939801
yllcorner     3495917.092414
cellsize      2.000000
NODATA_value  -9999.000000
[rows 544 to 577 of 824, columns 308 to 384 of 694]
0.000 0.000 0.000 0.000 0.000 0.000 0.000 0.000 0.000 0.001 0.001 0.001 0.001 0.001 0.001 0.001 0.001 0.001 0.001 0.001 0.001 0.001 0.001 0.001 0.001 0.002 0.002 0.004 0.037 0.057 0.059 0.056 0.053 0.051 0.050 0.049 0.052 0.067 0.072 0.071 0.070 0.071 0.076 0.090 0.117 0.155 0.197 0.000 0.000 0.000 0.000 0.000 0.000 0.000 0.000 0.000 0.000 0.000 0.000 0.000 0.000 0.000 0.000 0.000 0.000 0.000 0.000 0.000 0.000 0.000 0.000 0.000 0.000 0.000 0.000 0.000 0.000
0.000 0.000 0.000 0.000 0.000 0.000 0.000 0.000 0.001 0.001 0.001 0.001 0.001 0.001 0.001 0.001 0.001 0.001 0.001 0.001 0.001 0.001 0.001 0.001 0.001 0.001 0.001 0.002 0.009 0.023 0.044 0.046 0.047 0.047 0.047 0.050 0.064 0.069 0.068 0.067 0.067 0.068 0.071 0.083 0.108 0.145 0.187 0.000 0.000 0.000 0.000 0.000 0.000 0.000 0.000 0.000 0.000 0.000 0.000 0.000 0.000 0.000 0.000 0.000 0.000 0.000 0.000 0.000 0.000 0.000 0.000 0.000 0.000 0.001 0.002 0.002 0.002
0.001 0.000 0.000 0.000 0.000 0.000 0.000 0.000 0.001 0.001 0.001 0.001 0.001 0.001 0.001 0.001 0.001 0.001 0.001 0.001 0.001 0.001 0.001 0.001 0.001 0.001 0.001 0.001 0.001 0.004 0.028 0.036 0.039 0.041 0.044 0.057 0.064 0.064 0.063 0.063 0.063 0.063 0.066 0.075 0.097 0.134 0.176 0.000 0.000 0.000 0.000 0.000 0.000 0.000 0.000 0.000 0.000 0.000 0.000 0.000 0.000 0.000 0.000 0.000 0.000 0.000 0.000 0.000 0.000 0.000 0.000 0.000 0.000 0.005 0.006 0.007 0.008
0.002 0.002 0.001 0.001 0.001 0.001 0.000 0.000 0.001 0.001 0.001 0.001 0.001 0.001 0.001 0.001 0.001 0.001 0.001 0.001 0.001 0.001 0.001 0.001 0.001 0.001 0.001 0.001 0.001 0.001 0.007 0.024 0.030 0.035 0.048 0.057 0.058 0.058 0.058 0.058 0.058 0.058 0.060 0.067 0.086 0.123 0.000 0.000 0.000 0.000 0.000 0.000 0.000 0.000 0.000 0.000 0.000 0.000 0.000 0.000 0.000 0.000 0.000 0.000 0.000 0.000 0.000 0.000 0.000 0.000 0.000 0.000 0.007 0.009 0.011 0.012 0.014
0.006 0.005 0.005 0.004 0.003 0.002 0.002 0.002 0.001 0.001 0.001 0.001 0.001 0.001 0.001 0.001 0.001 0.001 0.001 0.001 0.001 0.000 0.001 0.001 0.001 0.001 0.001 0.001 0.001 0.001 0.002 0.016 0.023 0.037 0.049 0.050 0.051 0.052 0.052 0.053 0.053 0.053 0.054 0.058 0.071 0.106 0.000 0.000 0.000 0.000 0.000 0.000 0.000 0.000 0.000 0.000 0.000 0.000 0.000 0.000 0.000 0.000 0.000 0.000 0.000 0.000 0.000 0.000 0.000 0.000 0.000 0.000 0.011 0.013 0.015 0.017 0.018
0.023 0.023 0.015 0.010 0.007 0.006 0.000 0.000 0.001 0.001 0.001 0.001 0.001 0.001 0.001 0.001 0.001 0.001 0.001 0.001 0.001 0.001 0.001 0.001 0.001 0.001 0.001 0.001 0.001 0.001 0.001 0.001 0.026 0.043 0.045 0.047 0.047 0.047 0.048 0.048 0.048 0.048 0.048 0.047 0.030 0.073 0.081 0.107 0.000 0.000 0.000 0.000 0.000 0.000 0.000 0.000 0.000 0.000 0.000 0.000 0.000 0.000 0.000 0.000 0.000 0.000 0.000 0.000 0.000 0.000 0.000 0.000 0.016 0.019 0.020 0.021 0.023
0.000 0.000 0.011 0.010 0.008 0.013 0.000 0.000 0.000 0.000 0.001 0.002 0.002 0.002 0.002 0.002 0.002 0.002 0.002 0.002 0.002 0.002 0.002 0.002 0.001 0.001 0.001 0.001 0.001 0.001 0.005 0.056 0.061 0.052 0.046 0.045 0.044 0.044 0.043 0.043 0.043 0.043 0.043 0.042 0.040 0.054 0.065 0.080 0.078 0.080 0.089 0.114 0.000 0.000 0.000 0.000 0.000 0.000 0.000 0.000 0.000 0.000 0.000 0.000 0.000 0.000 0.000 0.000 0.000 0.000 0.023 0.027 0.025 0.025 0.025 0.026 0.027
0.000 0.000 0.009 0.009 0.015 0.116 0.000 0.000 0.000 0.000 0.000 0.000 0.000 0.003 0.004 0.005 0.006 0.004 0.004 0.004 0.003 0.003 0.003 0.003 0.003 0.002 0.002 0.002 0.002 0.004 0.059 0.110 0.087 0.073 0.063 0.053 0.045 0.040 0.038 0.038 0.038 0.038 0.037 0.037 0.036 0.041 0.048 0.057 0.060 0.064 0.072 0.087 0.087 0.095 0.119 0.000 0.000 0.000 0.000 0.000 0.000 0.000 0.000 0.000 0.000 0.000 0.000 0.000 0.028 0.032 0.031 0.031 0.030 0.029 0.029 0.029 0.031
0.000 0.000 0.007 0.009 0.017 0.000 0.000 0.000 0.000 0.000 0.000 0.000 0.000 0.000 0.000 0.000 0.000 0.005 0.007 0.008 0.006 0.005 0.005 0.005 0.005 0.004 0.004 0.004 0.007 0.015 0.053 0.082 0.077 0.071 0.066 0.060 0.054 0.049 0.043 0.037 0.033 0.032 0.031 0.030 0.029 0.030 0.033 0.039 0.043 0.048 0.054 0.064 0.069 0.077 0.091 0.086 0.082 0.079 0.099 0.000 0.000 0.000 0.000 0.000 0.000 0.000 0.035 0.039 0.036 0.036 0.035 0.034 0.033 0.032 0.032 0.032 0.034
0.000 0.000 0.006 0.009 0.025 0.000 0.000 0.000 0.000 0.000 0.000 0.000 0.000 0.000 0.000 0.000 0.000 0.000 0.000 0.000 0.007 0.009 0.011 0.012 0.009 0.007 0.008 0.011 0.012 0.021 0.046 0.065 0.067 0.066 0.064 0.061 0.058 0.054 0.050 0.046 0.042 0.036 0.027 0.021 0.019 0.021 0.023 0.026 0.029 0.033 0.038 0.045 0.050 0.058 0.067 0.067 0.064 0.042 0.070 0.076 0.096 0.122 0.000 0.000 0.045 0.048 0.043 0.042 0.040 0.039 0.038 0.037 0.036 0.035 0.034 0.034 0.036
0.000 0.000 0.005 0.021 0.129 0.000 0.000 0.000 0.000 0.000 0.000 0.000 0.000 0.000 0.000 0.000 0.000 0.000 0.000 0.000 0.000 0.000 0.000 0.000 0.010 0.018 0.016 0.015 0.017 0.025 0.042 0.055 0.060 0.061 0.061 0.061 0.059 0.056 0.054 0.051 0.047 0.040 0.000 0.016 0.019 0.018 0.017 0.019 0.021 0.024 0.026 0.030 0.034 0.040 0.046 0.049 0.049 0.045 0.052 0.061 0.081 0.103 0.088 0.070 0.055 0.051 0.047 0.045 0.043 0.041 0.040 0.038 0.037 0.036 0.035 0.035 0.037
0.000 0.000 0.005 0.021 0.000 0.000 0.000 0.000 0.000 0.000 0.000 0.000 0.000 0.000 0.000 0.000 0.000 0.000 0.000 0.000 0.000 0.000 0.000 0.000 0.000 0.000 0.013 0.018 0.023 0.032 0.046 0.050 0.054 0.057 0.058 0.059 0.059 0.057 0.056 0.054 0.051 0.047 0.041 0.037 0.034 0.031 0.029 0.026 0.024 0.020 0.020 0.022 0.024 0.026 0.029 0.032 0.034 0.034 0.038 0.046 0.065 0.085 0.072 0.058 0.054 0.051 0.048 0.046 0.044 0.042 0.040 0.039 0.037 0.036 0.034 0.035 0.036
0.000 0.000 0.005 0.021 0.000 0.000 0.000 0.000 0.000 0.000 0.000 0.000 0.000 0.000 0.000 0.000 0.000 0.000 0.000 0.000 0.000 0.000 0.000 0.000 0.000 0.000 0.000 0.000 0.000 0.000 0.000 0.045 0.049 0.054 0.056 0.057 0.057 0.058 0.057 0.056 0.054 0.051 0.047 0.044 0.041 0.038 0.036 0.034 0.032 0.030 0.027 0.024 0.020 0.019 0.020 0.021 0.022 0.023 0.025 0.031 0.049 0.067 0.054 0.051 0.050 0.048 0.046 0.044 0.042 0.041 0.039 0.038 0.036 0.033 0.032 0.033 0.034
0.000 0.000 0.005 0.021 0.000 0.000 0.000 0.000 0.000 0.000 0.000 0.000 0.000 0.000 0.000 0.000 0.000 0.000 0.000 0.000 0.000 0.000 0.000 0.000 0.000 0.000 0.000 0.000 0.000 0.000 0.000 0.000 0.044 0.055 0.054 0.054 0.055 0.057 0.058 0.057 0.056 0.053 0.051 0.048 0.046 0.043 0.041 0.039 0.038 0.036 0.034 0.031 0.029 0.026 0.022 0.018 0.017 0.017 0.018 0.021 0.034 0.049 0.043 0.044 0.044 0.043 0.042 0.041 0.040 0.038 0.037 0.036 0.033 0.028 0.027 0.030 0.031
0.000 0.000 0.005 0.016 0.009 0.009 0.000 0.000 0.000 0.000 0.000 0.000 0.000 0.000 0.000 0.000 0.000 0.000 0.000 0.000 0.000 0.000 0.000 0.000 0.000 0.000 0.000 0.000 0.000 0.000 0.000 0.000 0.000 0.000 0.047 0.049 0.054 0.058 0.059 0.058 0.056 0.054 0.052 0.050 0.048 0.046 0.045 0.043 0.042 0.040 0.038 0.036 0.034 0.032 0.029 0.026 0.023 0.020 0.016 0.016 0.021 0.030 0.034 0.036 0.037 0.037 0.037 0.037 0.036 0.035 0.034 0.033 0.029 0.000 0.021 0.028 0.028
0.000 0.000 0.004 0.012 0.010 0.010 0.007 0.006 0.006 0.000 0.000 0.000 0.000 0.000 0.000 0.000 0.000 0.000 0.000 0.000 0.000 0.000 0.000 0.000 0.000 0.000 0.000 0.000 0.000 0.000 0.000 0.000 0.000 0.000 0.000 0.045 0.057 0.063 0.058 0.057 0.055 0.054 0.052 0.051 0.049 0.048 0.047 0.045 0.044 0.043 0.041 0.040 0.038 0.036 0.033 0.031 0.029 0.026 0.024 0.022 0.021 0.024 0.026 0.028 0.030 0.031 0.031 0.031 0.031 0.031 0.031 0.030 0.027 0.022 0.022 0.026 0.026
0.000 0.000 0.004 0.009 0.013 0.016 0.017 0.012 0.009 0.007 0.006 0.000 0.000 0.000 0.000 0.000 0.000 0.000 0.000 0.000 0.000 0.000 0.000 0.000 0.000 0.000 0.000 0.000 0.000 0.000 0.000 0.000 0.000 0.000 0.000 0.000 0.000 0.000 0.050 0.051 0.052 0.051 0.050 0.050 0.049 0.048 0.047 0.046 0.046 0.045 0.043 0.042 0.040 0.039 0.037 0.035 0.033 0.030 0.028 0.027 0.027 0.030 0.028 0.026 0.023 0.023 0.024 0.026 0.026 0.026 0.026 0.026 0.025 0.023 0.023 0.024 0.023
0.000 0.000 0.003 0.009 0.000 0.000 0.000 0.011 0.014 0.014 0.009 0.005 0.001 0.000 0.000 0.000 0.000 0.000 0.000 0.000 0.000 0.000 0.000 0.000 0.000 0.000 0.000 0.000 0.000 0.000 0.000 0.000 0.000 0.000 0.000 0.000 0.000 0.000 0.000 0.044 0.045 0.046 0.047 0.047 0.047 0.047 0.047 0.046 0.046 0.045 0.044 0.043 0.042 0.041 0.039 0.037 0.035 0.033 0.032 0.031 0.032 0.036 0.033 0.030 0.027 0.026 0.023 0.020 0.020 0.020 0.021 0.021 0.021 0.020 0.021 0.021 0.020
0.000 0.000 0.003 0.009 0.000 0.000 0.000 0.000 0.000 0.000 0.006 0.002 0.000 0.000 0.000 0.000 0.000 0.000 0.000 0.000 0.000 0.000 0.000 0.000 0.000 0.000 0.000 0.000 0.000 0.000 0.000 0.000 0.000 0.000 0.000 0.000 0.000 0.000 0.000 0.000 0.032 0.038 0.041 0.043 0.044 0.045 0.045 0.046 0.046 0.045 0.045 0.044 0.043 0.042 0.040 0.039 0.038 0.036 0.035 0.035 0.037 0.042 0.038 0.035 0.034 0.038 0.031 0.026 0.022 0.018 0.015 0.015 0.015 0.016 0.017 0.017 0.014
0.000 0.000 0.002 0.007 0.004 0.003 0.002 0.000 0.000 0.000 0.000 0.000 0.000 0.000 0.000 0.000 0.000 0.000 0.000 0.000 0.000 0.000 0.000 0.000 0.000 0.000 0.000 0.000 0.000 0.000 0.000 0.000 0.000 0.000 0.000 0.000 0.000 0.000 0.000 0.000 0.024 0.031 0.036 0.039 0.041 0.042 0.043 0.044 0.044 0.044 0.044 0.044 0.043 0.042 0.042 0.041 0.040 0.039 0.039 0.039 0.042 0.047 0.044 0.041 0.039 0.038 0.034 0.030 0.026 0.022 0.018 0.015 0.012 0.011 0.012 0.010 0.000
0.000 0.000 0.001 0.005 0.005 0.000 0.000 0.000 0.000 0.000 0.000 0.000 0.000 0.000 0.000 0.000 0.000 0.000 0.000 0.000 0.000 0.000 0.000 0.000 0.000 0.000 0.000 0.000 0.000 0.000 0.000 0.000 0.000 0.000 0.000 0.000 0.000 0.000 0.000 0.000 0.018 0.025 0.030 0.034 0.037 0.039 0.041 0.042 0.043 0.043 0.043 0.043 0.044 0.044 0.044 0.044 0.043 0.043 0.042 0.043 0.046 0.053 0.050 0.046 0.044 0.041 0.038 0.034 0.030 0.026 0.022 0.019 0.016 0.014 0.011 0.008 0.005
0.000 0.000 0.000 0.003 0.007 0.000 0.000 0.000 0.000 0.000 0.000 0.000 0.000 0.000 0.000 0.000 0.000 0.000 0.000 0.000 0.000 0.000 0.000 0.000 0.000 0.000 0.000 0.000 0.000 0.000 0.000 0.000 0.000 0.000 0.000 0.000 0.000 0.000 0.000 0.000 0.013 0.020 0.025 0.030 0.034 0.036 0.038 0.040 0.041 0.042 0.043 0.045 0.046 0.047 0.048 0.048 0.047 0.047 0.047 0.048 0.052 0.059 0.056 0.052 0.049 0.046 0.042 0.038 0.034 0.030 0.027 0.023 0.021 0.018 0.013 0.009 0.006
0.000 0.000 0.000 0.003 0.000 0.000 0.000 0.000 0.000 0.000 0.000 0.000 0.000 0.000 0.000 0.000 0.000 0.000 0.000 0.000 0.000 0.000 0.000 0.000 0.000 0.000 0.000 0.000 0.000 0.000 0.000 0.000 0.000 0.000 0.000 0.000 0.000 0.000 0.000 0.000 0.010 0.015 0.021 0.025 0.030 0.034 0.036 0.038 0.039 0.042 0.046 0.049 0.052 0.053 0.054 0.053 0.053 0.053 0.053 0.054 0.058 0.066 0.062 0.058 0.055 0.051 0.047 0.043 0.039 0.035 0.032 0.029 0.029 0.018 0.014 0.000 0.004
0.000 0.000 0.000 0.000 0.000 0.000 0.000 0.000 0.000 0.000 0.000 0.000 0.000 0.000 0.000 0.000 0.000 0.000 0.000 0.000 0.000 0.000 0.000 0.000 0.000 0.000 0.000 0.000 0.000 0.000 0.000 0.000 0.000 0.000 0.000 0.000 0.000 0.000 0.000 0.000 0.007 0.013 0.018 0.022 0.028 0.032 0.036 0.037 0.039 0.045 0.055 0.060 0.063 0.064 0.062 0.060 0.060 0.060 0.059 0.060 0.065 0.074 0.069 0.065 0.060 0.056 0.052 0.048 0.044 0.040 0.038 0.039 0.029 0.021 0.016 0.011 0.008
0.000 0.000 0.000 0.000 0.000 0.000 0.000 0.000 0.000 0.000 0.000 0.000 0.000 0.000 0.000 0.000 0.000 0.000 0.000 0.000 0.000 0.000 0.000 0.000 0.000 0.000 0.000 0.000 0.000 0.000 0.000 0.000 0.000 0.000 0.000 0.000 0.000 0.000 0.000 0.000 0.005 0.009 0.013 0.018 0.026 0.025 0.030 0.037 0.042 0.057 0.078 0.079 0.080 0.079 0.069 0.067 0.068 0.069 0.067 0.067 0.072 0.082 0.076 0.071 0.066 0.061 0.057 0.052 0.049 0.047 0.047 0.041 0.028 0.023 0.019 0.014 0.011
0.000 0.000 0.000 0.000 0.000 0.000 0.000 0.000 0.000 0.000 0.000 0.000 0.000 0.000 0.000 0.000 0.000 0.000 0.000 0.000 0.000 0.000 0.000 0.000 0.000 0.000 0.000 0.000 0.000 0.000 0.000 0.000 0.000 0.000 0.000 0.000 0.000 0.000 0.000 0.000 0.003 0.006 0.010 0.017 0.014 0.017 0.022 0.030 0.049 0.078 0.110 0.000 0.000 0.000 0.063 0.074 0.080 0.081 0.073 0.074 0.081 0.089 0.083 0.076 0.071 0.065 0.061 0.057 0.055 0.055 0.052 0.040 0.029 0.025 0.021 0.017 0.013
0.000 0.000 0.000 0.000 0.000 0.000 0.000 0.000 0.000 0.000 0.000 0.000 0.000 0.000 0.000 0.000 0.000 0.000 0.000 0.000 0.000 0.000 0.000 0.000 0.000 0.000 0.000 0.000 0.000 0.000 0.000 0.000 0.000 0.000 0.000 0.000 0.000 0.000 0.000 0.000 0.002 0.004 0.009 0.009 0.007 0.011 0.015 0.023 0.048 0.094 0.132 0.000 0.000 0.000 0.000 0.000 0.000 0.000 0.069 0.083 0.093 0.096 0.087 0.080 0.074 0.069 0.065 0.062 0.062 0.062 0.051 0.038 0.031 0.027 0.023 0.019 0.015
0.000 0.000 0.000 0.000 0.000 0.000 0.000 0.000 0.000 0.000 0.000 0.000 0.000 0.000 0.000 0.000 0.000 0.000 0.000 0.000 0.000 0.000 0.000 0.000 0.000 0.000 0.000 0.000 0.000 0.000 0.000 0.000 0.000 0.000 0.000 0.000 0.000 0.000 0.000 0.000 0.001 0.003 0.005 0.003 0.004 0.007 0.010 0.018 0.049 0.097 0.146 0.000 0.000 0.000 0.000 0.000 0.000 0.000 0.000 0.000 0.000 0.097 0.087 0.079 0.074 0.070 0.068 0.068 0.071 0.060 0.049 0.036 0.032 0.028 0.024 0.020 0.017
0.000 0.000 0.000 0.000 0.000 0.000 0.000 0.000 0.000 0.000 0.000 0.000 0.000 0.000 0.000 0.000 0.000 0.000 0.000 0.000 0.000 0.000 0.000 0.000 0.000 0.000 0.000 0.000 0.000 0.000 0.000 0.000 0.000 0.000 0.000 0.000 0.000 0.000 0.000 0.000 0.000 0.000 0.000 0.000 0.002 0.004 0.006 0.014 0.052 0.100 0.000 0.000 0.000 0.000 0.000 0.000 0.000 0.000 0.000 0.000 0.000 0.000 0.074 0.074 0.072 0.071 0.071 0.074 0.068 0.057 0.045 0.036 0.033 0.029 0.025 0.022 0.018
0.000 0.000 0.000 0.000 0.000 0.000 0.000 0.000 0.000 0.000 0.000 0.000 0.000 0.000 0.000 0.000 0.000 0.000 0.000 0.000 0.000 0.000 0.000 0.000 0.000 0.000 0.000 0.000 0.000 0.000 0.000 0.000 0.000 0.000 0.000 0.000 0.000 0.000 0.000 0.000 0.000 0.000 0.000 0.000 0.000 0.002 0.004 0.012 0.054 0.104 0.000 0.000 0.000 0.000 0.000 0.000 0.000 0.000 0.000 0.000 0.000 0.039 0.063 0.069 0.070 0.072 0.075 0.071 0.062 0.052 0.040 0.036 0.032 0.029 0.026 0.023 0.019
0.000 0.000 0.000 0.000 0.000 0.000 0.000 0.000 0.000 0.000 0.000 0.000 0.000 0.000 0.000 0.000 0.000 0.000 0.000 0.000 0.000 0.000 0.000 0.000 0.000 0.000 0.000 0.000 0.000 0.000 0.000 0.000 0.000 0.000 0.000 0.000 0.000 0.000 0.000 0.000 0.000 0.000 0.000 0.000 0.000 0.000 0.002 0.012 0.058 0.000 0.000 0.000 0.000 0.000 0.000 0.000 0.000 0.000 0.000 0.000 0.000 0.043 0.059 0.066 0.070 0.073 0.072 0.058 0.054 0.045 0.037 0.034 0.031 0.029 0.026 0.023 0.019
0.000 0.000 0.000 0.000 0.000 0.000 0.000 0.000 0.000 0.000 0.000 0.000 0.000 0.000 0.000 0.000 0.000 0.000 0.000 0.000 0.000 0.000 0.000 0.000 0.000 0.000 0.000 0.000 0.000 0.000 0.000 0.000 0.000 0.000 0.000 0.000 0.000 0.000 0.000 0.000 0.000 0.000 0.000 0.000 0.000 0.000 0.000 0.012 0.061 0.000 0.000 0.000 0.000 0.000 0.000 0.000 0.000 0.000 0.000 0.000 0.000 0.045 0.058 0.065 0.071 0.074 0.059 0.000 0.039 0.037 0.034 0.032 0.027 0.026 0.025 0.022 0.019
0.000 0.000 0.000 0.000 0.000 0.000 0.000 0.000 0.000 0.000 0.000 0.000 0.000 0.000 0.000 0.000 0.000 0.000 0.000 0.000 0.000 0.000 0.000 0.000 0.000 0.000 0.000 0.000 0.000 0.000 0.000 0.000 0.000 0.000 0.000 0.000 0.000 0.000 0.000 0.000 0.000 0.000 0.000 0.000 0.000 0.000 0.000 0.013 0.000 0.000 0.000 0.000 0.000 0.000 0.000 0.000 0.000 0.000 0.000 0.000 0.003 0.046 0.059 0.067 0.075 0.068 0.055 0.039 0.035 0.031 0.031 0.027 0.000 0.022 0.023 0.021 0.018
0.000 0.000 0.000 0.000 0.000 0.000 0.000 0.000 0.000 0.000 0.000 0.000 0.000 0.000 0.000 0.000 0.000 0.000 0.000 0.000 0.000 0.000 0.000 0.000 0.000 0.000 0.000 0.000 0.000 0.000 0.000 0.000 0.000 0.000 0.000 0.000 0.000 0.000 0.000 0.000 0.000 0.000 0.000 0.000 0.000 0.000 0.000 0.013 0.000 0.000 0.000 0.000 0.000 0.000 0.000 0.000 0.000 0.000 0.000 0.000 0.006 0.049 0.064 0.073 0.072 0.064 0.054 0.043 0.034 0.030 0.030 0.027 0.022 0.023 0.023 0.021 0.017
