数据/50y_1h/50y_1h_res_2/50y_1h_100-0001.wd
ncols         694
nrows         824
xllcorner     581104.939801
yllcorner     3495917.092414
cellsize      2.000000
NODATA_value  -9999.000000
[rows 714 to 747 of 824, columns 154 to 230 of 694]
0.000 0.000 0.000 0.000 0.000 0.000 0.000 0.002 0.003 0.004 0.005 0.006 0.007 0.008 0.009 0.009 0.009 0.009 0.009 0.008 0.000 0.001 0.069 0.064 0.059 0.058 0.056 0.053 0.049 0.045 0.041 0.038 0.000 0.000 0.000 0.000 0.000 0.000 0.000 0.000 0.000 0.000 0.001 0.018 0.040 0.049 0.060 0.072 0.083 0.000 0.000 0.000 0.000 0.000 0.000 0.000 0.000 0.000 0.179 0.190 0.200 0.201 0.178 0.157 0.167 0.082 0.009 0.000 0.000 0.000 0.000 0.000 0.000 0.000 0.000 0.000 0.000
0.000 0.000 0.000 0.000 0.000 0.000 0.002 0.003 0.004 0.005 0.006 0.007 0.008 0.009 0.010 0.010 0.011 0.011 0.011 0.011 0.011 0.010 0.001 0.084 0.082 0.080 0.077 0.073 0.069 0.064 0.059 0.054 0.049 0.045 0.000 0.000 0.000 0.000 0.000 0.000 0.000 0.000 0.007 0.060 0.102 0.112 0.123 0.133 0.143 0.000 0.000 0.000 0.000 0.000 0.000 0.000 0.000 0.000 0.242 0.238 0.215 0.191 0.168 0.160 0.169 0.124 0.039 0.001 0.000 0.000 0.000 0.000 0.000 0.000 0.000 0.000 0.000
0.000 0.000 0.000 0.000 0.000 0.001 0.003 0.004 0.005 0.006 0.007 0.008 0.009 0.010 0.011 0.011 0.012 0.013 0.013 0.014 0.014 0.015 0.014 0.001 0.001 0.101 0.098 0.094 0.089 0.084 0.078 0.073 0.067 0.064 0.060 0.000 0.000 0.000 0.000 0.000 0.000 0.002 0.048 0.102 0.157 0.175 0.186 0.196 0.206 0.000 0.000 0.000 0.000 0.000 0.000 0.000 0.000 0.275 0.252 0.228 0.205 0.182 0.158 0.162 0.171 0.168 0.081 0.004 0.000 0.000 0.000 0.000 0.000 0.000 0.000 0.000 0.000
0.000 0.000 0.000 0.000 0.000 0.002 0.004 0.005 0.006 0.007 0.008 0.009 0.010 0.011 0.011 0.012 0.013 0.014 0.015 0.016 0.017 0.018 0.020 0.022 0.026 0.004 0.120 0.114 0.109 0.103 0.097 0.091 0.087 0.083 0.079 0.075 0.072 0.000 0.000 0.000 0.002 0.035 0.089 0.144 0.199 0.239 0.250 0.260 0.000 0.000 0.000 0.000 0.000 0.000 0.000 0.000 0.000 0.267 0.243 0.219 0.196 0.172 0.155 0.165 0.174 0.183 0.127 0.041 0.002 0.000 0.000 0.000 0.000 0.000 0.000 0.000 0.000
0.000 0.000 0.000 0.000 0.001 0.003 0.005 0.006 0.007 0.008 0.009 0.009 0.010 0.011 0.012 0.013 0.014 0.015 0.016 0.017 0.019 0.021 0.025 0.030 0.041 0.059 0.004 0.135 0.129 0.121 0.116 0.110 0.106 0.103 0.099 0.095 0.093 0.090 0.000 0.037 0.042 0.077 0.130 0.186 0.242 0.297 0.313 0.322 0.000 0.000 0.000 0.000 0.000 0.000 0.000 0.000 0.000 0.258 0.234 0.210 0.187 0.163 0.158 0.168 0.177 0.186 0.170 0.085 0.000 0.000 0.000 0.000 0.000 0.000 0.000 0.000 0.000
0.000 0.000 0.000 0.000 0.001 0.003 0.005 0.006 0.007 0.008 0.009 0.010 0.011 0.012 0.012 0.013 0.014 0.015 0.016 0.018 0.020 0.022 0.025 0.029 0.034 0.041 0.027 0.001 0.000 0.138 0.134 0.130 0.126 0.123 0.119 0.116 0.113 0.110 0.102 0.076 0.088 0.119 0.173 0.227 0.284 0.340 0.375 0.387 0.000 0.000 0.000 0.000 0.000 0.000 0.000 0.000 0.000 0.248 0.225 0.200 0.177 0.154 0.161 0.171 0.180 0.189 0.199 0.129 0.000 0.000 0.000 0.000 0.000 0.000 0.000 0.000 0.000
0.000 0.000 0.000 0.000 0.001 0.003 0.005 0.006 0.007 0.008 0.009 0.010 0.011 0.012 0.013 0.014 0.015 0.016 0.017 0.018 0.020 0.022 0.024 0.027 0.029 0.031 0.025 0.017 0.012 0.001 0.152 0.150 0.146 0.143 0.140 0.137 0.134 0.132 0.129 0.000 0.000 0.158 0.214 0.270 0.326 0.382 0.438 0.450 0.460 0.436 0.000 0.000 0.000 0.000 0.000 0.000 0.263 0.239 0.216 0.192 0.167 0.156 0.165 0.174 0.183 0.192 0.202 0.174 0.000 0.000 0.000 0.000 0.000 0.000 0.000 0.000 0.000
0.000 0.000 0.000 0.000 0.001 0.003 0.005 0.006 0.007 0.008 0.009 0.010 0.011 0.012 0.013 0.014 0.015 0.016 0.017 0.018 0.019 0.021 0.023 0.024 0.026 0.026 0.022 0.018 0.015 0.010 0.001 0.169 0.167 0.163 0.160 0.158 0.156 0.154 0.000 0.000 0.000 0.000 0.257 0.312 0.368 0.425 0.479 0.475 0.451 0.427 0.403 0.379 0.000 0.000 0.000 0.000 0.253 0.230 0.205 0.182 0.159 0.158 0.168 0.176 0.186 0.196 0.205 0.000 0.000 0.000 0.000 0.000 0.000 0.000 0.000 0.000 0.000
0.000 0.000 0.000 0.000 0.001 0.003 0.005 0.006 0.007 0.008 0.009 0.010 0.011 0.012 0.013 0.014 0.015 0.015 0.016 0.018 0.019 0.020 0.021 0.022 0.023 0.022 0.020 0.018 0.015 0.012 0.009 0.001 0.000 0.183 0.181 0.179 0.177 0.000 0.000 0.000 0.000 0.000 0.000 0.355 0.410 0.433 0.455 0.000 0.000 0.418 0.393 0.370 0.345 0.321 0.000 0.000 0.244 0.221 0.197 0.173 0.151 0.162 0.171 0.179 0.189 0.198 0.208 0.000 0.000 0.000 0.000 0.000 0.000 0.000 0.000 0.000 0.000
0.000 0.000 0.000 0.000 0.001 0.003 0.005 0.006 0.007 0.008 0.009 0.010 0.011 0.012 0.013 0.014 0.014 0.015 0.016 0.017 0.018 0.019 0.020 0.020 0.021 0.020 0.019 0.017 0.015 0.013 0.011 0.008 0.006 0.001 0.200 0.197 0.000 0.000 0.000 0.000 0.000 0.000 0.000 0.367 0.389 0.410 0.431 0.000 0.000 0.000 0.000 0.360 0.336 0.310 0.285 0.259 0.235 0.210 0.186 0.164 0.154 0.164 0.173 0.182 0.191 0.201 0.211 0.000 0.000 0.000 0.000 0.000 0.000 0.000 0.000 0.000 0.000
0.000 0.000 0.000 0.000 0.001 0.003 0.005 0.006 0.007 0.008 0.009 0.010 0.011 0.012 0.013 0.013 0.014 0.015 0.016 0.016 0.017 0.018 0.018 0.019 0.019 0.018 0.017 0.016 0.015 0.013 0.011 0.009 0.008 0.006 0.000 0.212 0.204 0.000 0.000 0.000 0.000 0.000 0.000 0.344 0.366 0.387 0.408 0.420 0.000 0.000 0.000 0.000 0.000 0.300 0.276 0.249 0.224 0.200 0.177 0.153 0.157 0.166 0.176 0.184 0.193 0.203 0.000 0.000 0.000 0.000 0.000 0.000 0.000 0.000 0.000 0.000 0.000
0.000 0.000 0.000 0.000 0.001 0.003 0.005 0.006 0.007 0.008 0.009 0.010 0.011 0.012 0.012 0.013 0.014 0.014 0.015 0.016 0.016 0.017 0.017 0.017 0.017 0.017 0.016 0.015 0.014 0.013 0.011 0.010 0.009 0.007 0.005 0.000 0.220 0.216 0.000 0.000 0.000 0.000 0.000 0.000 0.342 0.000 0.000 0.401 0.388 0.000 0.000 0.000 0.000 0.000 0.000 0.237 0.213 0.189 0.166 0.149 0.159 0.168 0.177 0.186 0.196 0.206 0.000 0.000 0.000 0.000 0.000 0.000 0.000 0.000 0.000 0.000 0.000
0.000 0.000 0.000 0.000 0.001 0.003 0.005 0.006 0.007 0.008 0.009 0.010 0.010 0.011 0.012 0.013 0.013 0.014 0.014 0.015 0.015 0.016 0.016 0.016 0.016 0.016 0.015 0.014 0.013 0.012 0.011 0.010 0.009 0.008 0.006 0.004 0.000 0.234 0.251 0.000 0.000 0.000 0.000 0.000 0.000 0.000 0.000 0.000 0.369 0.000 0.000 0.000 0.000 0.000 0.248 0.225 0.202 0.178 0.155 0.152 0.160 0.169 0.178 0.188 0.198 0.208 0.000 0.000 0.000 0.000 0.000 0.000 0.000 0.000 0.000 0.000 0.000
0.000 0.000 0.000 0.000 0.001 0.003 0.005 0.006 0.007 0.008 0.008 0.009 0.010 0.011 0.011 0.012 0.013 0.013 0.014 0.014 0.015 0.015 0.015 0.015 0.015 0.015 0.014 0.013 0.013 0.012 0.011 0.010 0.009 0.008 0.006 0.005 0.003 0.001 0.223 0.239 0.000 0.000 0.000 0.000 0.000 0.000 0.000 0.000 0.348 0.000 0.000 0.000 0.000 0.000 0.239 0.215 0.192 0.168 0.144 0.153 0.161 0.170 0.180 0.188 0.197 0.000 0.000 0.000 0.000 0.000 0.000 0.000 0.000 0.000 0.000 0.000 0.000
0.000 0.000 0.000 0.000 0.000 0.002 0.004 0.005 0.006 0.007 0.008 0.009 0.010 0.010 0.011 0.012 0.012 0.013 0.013 0.013 0.014 0.014 0.014 0.014 0.014 0.014 0.013 0.013 0.012 0.011 0.011 0.010 0.009 0.008 0.006 0.005 0.003 0.001 0.000 0.210 0.225 0.000 0.000 0.000 0.000 0.000 0.000 0.333 0.328 0.000 0.000 0.000 0.000 0.248 0.229 0.205 0.181 0.158 0.146 0.155 0.163 0.172 0.181 0.189 0.196 0.203 0.211 0.000 0.000 0.000 0.000 0.000 0.000 0.000 0.000 0.000 0.000
0.000 0.000 0.000 0.000 0.000 0.001 0.003 0.004 0.005 0.006 0.007 0.008 0.009 0.010 0.010 0.011 0.012 0.012 0.012 0.013 0.013 0.013 0.013 0.013 0.013 0.013 0.013 0.012 0.011 0.011 0.010 0.009 0.008 0.007 0.006 0.005 0.003 0.001 0.000 0.000 0.194 0.209 0.000 0.000 0.000 0.000 0.000 0.000 0.000 0.000 0.000 0.000 0.000 0.227 0.215 0.195 0.171 0.147 0.148 0.157 0.165 0.174 0.182 0.190 0.198 0.206 0.214 0.221 0.229 0.000 0.000 0.000 0.000 0.000 0.000 0.000 0.000
0.000 0.000 0.000 0.000 0.000 0.000 0.002 0.003 0.004 0.005 0.006 0.007 0.008 0.009 0.010 0.010 0.011 0.011 0.012 0.012 0.012 0.012 0.013 0.012 0.012 0.012 0.012 0.011 0.011 0.010 0.010 0.009 0.008 0.007 0.006 0.005 0.003 0.001 0.000 0.000 0.000 0.177 0.190 0.209 0.000 0.000 0.000 0.000 0.000 0.000 0.000 0.000 0.216 0.205 0.194 0.182 0.160 0.140 0.149 0.159 0.167 0.176 0.184 0.193 0.202 0.210 0.217 0.224 0.232 0.239 0.248 0.000 0.000 0.000 0.000 0.000 0.000
0.000 0.000 0.000 0.000 0.000 0.000 0.000 0.002 0.003 0.004 0.005 0.006 0.007 0.008 0.009 0.010 0.010 0.011 0.011 0.011 0.012 0.012 0.012 0.012 0.012 0.011 0.011 0.011 0.010 0.010 0.009 0.008 0.007 0.006 0.005 0.004 0.002 0.000 0.000 0.000 0.000 0.000 0.164 0.182 0.201 0.000 0.000 0.000 0.000 0.000 0.000 0.000 0.196 0.184 0.172 0.160 0.148 0.143 0.151 0.161 0.169 0.179 0.188 0.196 0.205 0.213 0.220 0.228 0.234 0.242 0.250 0.258 0.209 0.000 0.000 0.000 0.000
0.000 0.000 0.000 0.000 0.000 0.000 0.000 0.000 0.002 0.003 0.004 0.005 0.006 0.007 0.008 0.009 0.010 0.010 0.010 0.011 0.011 0.011 0.011 0.011 0.011 0.011 0.010 0.010 0.010 0.009 0.008 0.007 0.006 0.005 0.004 0.003 0.001 0.000 0.000 0.000 0.000 0.000 0.000 0.156 0.174 0.192 0.000 0.000 0.000 0.000 0.000 0.186 0.175 0.162 0.151 0.138 0.137 0.142 0.151 0.161 0.171 0.181 0.191 0.200 0.209 0.000 0.000 0.000 0.236 0.245 0.253 0.261 0.253 0.166 0.098 0.000 0.000
0.000 0.000 0.000 0.000 0.000 0.000 0.000 0.000 0.000 0.002 0.003 0.004 0.005 0.006 0.007 0.008 0.009 0.009 0.010 0.010 0.010 0.010 0.010 0.010 0.010 0.010 0.010 0.009 0.009 0.008 0.007 0.006 0.005 0.004 0.003 0.002 0.000 0.000 0.000 0.000 0.000 0.000 0.000 0.000 0.147 0.165 0.184 0.000 0.000 0.000 0.000 0.167 0.154 0.142 0.135 0.135 0.136 0.139 0.149 0.159 0.169 0.179 0.189 0.199 0.209 0.000 0.000 0.000 0.000 0.000 0.255 0.264 0.273 0.210 0.168 0.129 0.000
0.000 0.000 0.000 0.000 0.000 0.000 0.000 0.000 0.000 0.000 0.002 0.003 0.004 0.005 0.006 0.007 0.008 0.008 0.009 0.009 0.009 0.009 0.009 0.009 0.009 0.009 0.009 0.008 0.008 0.007 0.006 0.005 0.004 0.003 0.002 0.000 0.000 0.000 0.000 0.000 0.000 0.000 0.000 0.000 0.124 0.140 0.158 0.176 0.000 0.170 0.158 0.146 0.134 0.134 0.134 0.134 0.135 0.136 0.146 0.155 0.166 0.176 0.186 0.196 0.000 0.000 0.000 0.000 0.000 0.000 0.000 0.264 0.274 0.278 0.239 0.199 0.000
0.000 0.000 0.000 0.000 0.000 0.000 0.000 0.000 0.000 0.000 0.000 0.002 0.003 0.004 0.005 0.006 0.007 0.008 0.008 0.008 0.008 0.008 0.008 0.008 0.008 0.008 0.008 0.008 0.007 0.006 0.005 0.004 0.003 0.002 0.000 0.000 0.000 0.000 0.000 0.000 0.000 0.000 0.000 0.000 0.000 0.117 0.133 0.149 0.165 0.151 0.138 0.133 0.133 0.133 0.133 0.133 0.134 0.134 0.143 0.153 0.163 0.174 0.184 0.000 0.000 0.000 0.000 0.000 0.000 0.000 0.000 0.000 0.000 0.283 0.278 0.267 0.225
0.000 0.000 0.000 0.000 0.000 0.000 0.000 0.000 0.000 0.000 0.000 0.000 0.002 0.003 0.004 0.005 0.006 0.007 0.007 0.007 0.007 0.007 0.007 0.007 0.007 0.007 0.007 0.007 0.006 0.005 0.004 0.003 0.002 0.000 0.000 0.000 0.000 0.000 0.000 0.000 0.000 0.000 0.000 0.000 0.000 0.000 0.109 0.125 0.141 0.133 0.133 0.132 0.131 0.131 0.132 0.132 0.132 0.133 0.140 0.150 0.161 0.172 0.182 0.000 0.000 0.000 0.000 0.000 0.000 0.000 0.000 0.000 0.000 0.000 0.000 0.274 0.269
0.000 0.000 0.000 0.000 0.000 0.000 0.000 0.000 0.000 0.000 0.000 0.000 0.000 0.002 0.003 0.004 0.005 0.006 0.006 0.006 0.006 0.006 0.006 0.006 0.006 0.006 0.006 0.006 0.005 0.004 0.003 0.002 0.000 0.000 0.000 0.000 0.000 0.000 0.000 0.000 0.000 0.000 0.000 0.000 0.000 0.000 0.000 0.101 0.119 0.132 0.131 0.130 0.130 0.130 0.130 0.131 0.131 0.131 0.136 0.147 0.158 0.169 0.000 0.000 0.000 0.000 0.000 0.000 0.000 0.000 0.000 0.000 0.000 0.000 0.000 0.000 0.000
0.000 0.000 0.000 0.000 0.000 0.000 0.000 0.000 0.000 0.000 0.000 0.000 0.000 0.000 0.002 0.003 0.004 0.005 0.005 0.005 0.005 0.005 0.005 0.005 0.005 0.005 0.005 0.005 0.004 0.003 0.002 0.000 0.000 0.000 0.000 0.000 0.000 0.000 0.000 0.000 0.000 0.000 0.000 0.000 0.000 0.000 0.000 0.000 0.096 0.114 0.129 0.128 0.128 0.128 0.128 0.128 0.129 0.129 0.133 0.144 0.155 0.167 0.000 0.000 0.000 0.000 0.000 0.000 0.000 0.000 0.000 0.000 0.000 0.000 0.000 0.000 0.000
0.000 0.000 0.000 0.000 0.000 0.000 0.000 0.000 0.000 0.000 0.000 0.000 0.000 0.000 0.000 0.001 0.002 0.003 0.003 0.003 0.003 0.003 0.003 0.003 0.003 0.003 0.003 0.003 0.002 0.001 0.000 0.000 0.000 0.000 0.000 0.000 0.000 0.000 0.000 0.000 0.000 0.000 0.000 0.000 0.000 0.000 0.000 0.000 0.000 0.081 0.110 0.126 0.126 0.126 0.126 0.126 0.126 0.127 0.129 0.141 0.152 0.000 0.000 0.000 0.000 0.000 0.000 0.000 0.000 0.000 0.000 0.000 0.000 0.000 0.000 0.000 0.000
0.000 0.000 0.000 0.000 0.000 0.000 0.000 0.000 0.000 0.000 0.000 0.000 0.000 0.000 0.000 0.000 0.000 0.001 0.001 0.001 0.001 0.001 0.001 0.001 0.001 0.001 0.001 0.001 0.000 0.000 0.000 0.000 0.000 0.000 0.000 0.000 0.000 0.000 0.000 0.000 0.000 0.000 0.000 0.000 0.000 0.000 0.000 0.000 0.000 0.000 0.089 0.110 0.124 0.124 0.123 0.123 0.122 0.123 0.125 0.137 0.149 0.000 0.000 0.000 0.000 0.000 0.000 0.000 0.000 0.000 0.000 0.000 0.000 0.000 0.000 0.000 0.000
0.000 0.000 0.000 0.000 0.000 0.000 0.000 0.000 0.000 0.000 0.000 0.000 0.000 0.000 0.000 0.000 0.000 0.000 0.000 0.000 0.000 0.000 0.000 0.000 0.000 0.000 0.000 0.000 0.000 0.000 0.000 0.000 0.000 0.000 0.000 0.000 0.000 0.000 0.000 0.000 0.000 0.000 0.000 0.000 0.000 0.000 0.000 0.000 0.000 0.000 0.068 0.088 0.108 0.121 0.119 0.118 0.116 0.117 0.120 0.132 0.000 0.000 0.000 0.000 0.000 0.000 0.000 0.000 0.000 0.000 0.000 0.000 0.000 0.000 0.000 0.000 0.000
0.000 0.000 0.000 0.000 0.000 0.000 0.000 0.000 0.000 0.000 0.000 0.000 0.000 0.000 0.000 0.000 0.000 0.000 0.000 0.000 0.000 0.000 0.000 0.000 0.000 0.000 0.000 0.000 0.000 0.000 0.000 0.000 0.000 0.000 0.000 0.000 0.000 0.000 0.000 0.000 0.000 0.000 0.000 0.000 0.000 0.000 0.000 0.000 0.000 0.000 0.000 0.065 0.085 0.104 0.115 0.111 0.101 0.107 0.109 0.000 0.000 0.000 0.000 0.000 0.000 0.000 0.000 0.000 0.000 0.000 0.000 0.000 0.000 0.000 0.000 0.000 0.000
0.000 0.000 0.000 0.000 0.000 0.000 0.000 0.000 0.000 0.000 0.000 0.000 0.000 0.000 0.000 0.000 0.000 0.000 0.000 0.000 0.000 0.000 0.000 0.000 0.000 0.000 0.000 0.000 0.000 0.000 0.000 0.000 0.000 0.000 0.000 0.000 0.000 0.000 0.000 0.000 0.000 0.000 0.000 0.000 0.000 0.000 0.000 0.000 0.000 0.000 0.000 0.043 0.062 0.080 0.097 0.106 0.102 0.101 0.099 0.097 0.000 0.000 0.000 0.000 0.000 0.000 0.000 0.000 0.000 0.000 0.000 0.000 0.000 0.000 0.000 0.000 0.000
0.000 0.000 0.000 0.000 0.000 0.000 0.000 0.000 0.000 0.000 0.000 0.000 0.000 0.000 0.000 0.000 0.000 0.000 0.000 0.000 0.000 0.000 0.000 0.000 0.000 0.000 0.000 0.000 0.000 0.000 0.000 0.000 0.000 0.000 0.000 0.000 0.000 0.000 0.000 0.000 0.000 0.000 0.000 0.000 0.000 0.000 0.000 0.000 0.000 0.000 0.000 0.020 0.039 0.056 0.073 0.090 0.100 0.097 0.093 0.088 0.090 0.000 0.000 0.000 0.000 0.000 0.000 0.000 0.000 0.000 0.000 0.000 0.000 0.000 0.000 0.000 0.000
0.000 0.000 0.000 0.000 0.000 0.000 0.000 0.000 0.000 0.000 0.000 0.000 0.000 0.000 0.000 0.000 0.000 0.000 0.000 0.000 0.000 0.000 0.000 0.000 0.000 0.000 0.000 0.000 0.000 0.000 0.000 0.000 0.000 0.000 0.000 0.000 0.000 0.000 0.000 0.000 0.000 0.000 0.000 0.000 0.000 0.000 0.000 0.000 0.000 0.000 0.000 0.002 0.015 0.032 0.050 0.066 0.083 0.092 0.087 0.080 0.079 0.073 0.073 0.000 0.000 0.000 0.000 0.000 0.000 0.000 0.000 0.000 0.000 0.000 0.000 0.000 0.000
0.000 0.000 0.000 0.000 0.000 0.000 0.000 0.000 0.000 0.000 0.000 0.000 0.000 0.000 0.000 0.000 0.000 0.000 0.000 0.000 0.000 0.000 0.000 0.000 0.000 0.000 0.000 0.000 0.000 0.000 0.000 0.000 0.000 0.000 0.000 0.000 0.000 0.000 0.000 0.000 0.000 0.000 0.000 0.000 0.000 0.000 0.000 0.000 0.000 0.000 0.000 0.000 0.002 0.009 0.026 0.043 0.059 0.075 0.081 0.073 0.069 0.065 0.065 0.068 0.000 0.000 0.000 0.000 0.000 0.000 0.000 0.000 0.000 0.000 0.000 0.000 0.000
0.000 0.000 0.000 0.000 0.000 0.000 0.000 0.000 0.000 0.000 0.000 0.000 0.000 0.000 0.000 0.000 0.000 0.000 0.000 0.000 0.000 0.000 0.000 0.000 0.000 0.000 0.000 0.000 0.000 0.000 0.000 0.000 0.000 0.000 0.000 0.000 0.000 0.000 0.000 0.000 0.000 0.000 0.000 0.000 0.000 0.000 0.000 0.000 0.000 0.000 0.000 0.000 0.001 0.001 0.005 0.019 0.035 0.050 0.063 0.065 0.058 0.056 0.058 0.060 0.061 0.000 0.000 0.000 0.000 0.000 0.000 0.000 0.000 0.000 0.000 0.000 0.000
