数据/50y_1h/50y_1h_res_2/50y_1h_68-0001.wd
ncols         694
nrows         824
xllcorner     581104.939801
yllcorner     3495917.092414
cellsize      2.000000
NODATA_value  -9999.000000
[rows 544 to 577 of 824, columns 308 to 384 of 694]
0.000 0.000 0.000 0.000 0.000 0.000 0.000 0.000 0.000 0.001 0.001 0.001 0.001 0.001 0.001 0.001 0.001 0.001 0.001 0.001 0.001 0.001 0.001 0.000 0.000 0.000 0.000 0.000 0.027 0.046 0.048 0.046 0.044 0.042 0.040 0.039 0.041 0.053 0.057 0.055 0.054 0.054 0.055 0.061 0.079 0.113 0.154 0.000 0.000 0.000 0.000 0.000 0.000 0.000 0.000 0.000 0.000 0.000 0.000 0.000 0.000 0.000 0.000 0.000 0.000 0.000 0.000 0.000 0.000 0.000 0.000 0.000 0.000 0.000 0.001 0.002 0.004
0.000 0.000 0.000 0.000 0.000 0.000 0.000 0.000 0.001 0.001 0.001 0.001 0.001 0.001 0.001 0.001 0.001 0.001 0.001 0.001 0.001 0.001 0.001 0.000 0.000 0.000 0.000 0.000 0.004 0.016 0.034 0.037 0.038 0.038 0.038 0.040 0.050 0.055 0.053 0.052 0.051 0.050 0.050 0.055 0.072 0.105 0.146 0.000 0.000 0.000 0.000 0.000 0.000 0.000 0.000 0.000 0.000 0.000 0.000 0.000 0.000 0.000 0.000 0.000 0.000 0.000 0.000 0.000 0.000 0.000 0.000 0.000 0.000 0.002 0.003 0.005 0.007
0.000 0.000 0.000 0.000 0.000 0.000 0.000 0.000 0.001 0.001 0.001 0.001 0.001 0.001 0.001 0.001 0.001 0.001 0.001 0.001 0.001 0.001 0.001 0.001 0.000 0.000 0.000 0.000 0.000 0.002 0.021 0.028 0.031 0.032 0.035 0.045 0.050 0.049 0.048 0.047 0.046 0.045 0.045 0.049 0.064 0.095 0.135 0.000 0.000 0.000 0.000 0.000 0.000 0.000 0.000 0.000 0.000 0.000 0.000 0.000 0.000 0.000 0.000 0.000 0.000 0.000 0.000 0.000 0.000 0.000 0.000 0.000 0.000 0.004 0.006 0.008 0.010
0.001 0.001 0.001 0.001 0.001 0.001 0.000 0.000 0.001 0.001 0.001 0.001 0.001 0.001 0.001 0.001 0.001 0.001 0.001 0.001 0.001 0.001 0.001 0.001 0.000 0.000 0.000 0.001 0.001 0.001 0.003 0.019 0.023 0.027 0.036 0.043 0.042 0.041 0.041 0.040 0.040 0.039 0.039 0.042 0.055 0.087 0.000 0.000 0.000 0.000 0.000 0.000 0.000 0.000 0.000 0.000 0.000 0.000 0.000 0.000 0.000 0.000 0.000 0.000 0.000 0.000 0.000 0.000 0.000 0.000 0.000 0.000 0.006 0.007 0.009 0.011 0.013
0.004 0.004 0.003 0.003 0.002 0.002 0.002 0.002 0.001 0.001 0.001 0.001 0.001 0.001 0.001 0.001 0.001 0.001 0.001 0.001 0.001 0.000 0.001 0.001 0.001 0.001 0.001 0.001 0.001 0.001 0.001 0.012 0.017 0.025 0.032 0.033 0.033 0.033 0.033 0.033 0.033 0.033 0.033 0.035 0.046 0.075 0.000 0.000 0.000 0.000 0.000 0.000 0.000 0.000 0.000 0.000 0.000 0.000 0.000 0.000 0.000 0.000 0.000 0.000 0.000 0.000 0.000 0.000 0.000 0.000 0.000 0.000 0.008 0.011 0.013 0.015 0.017
0.016 0.016 0.010 0.007 0.005 0.005 0.000 0.000 0.001 0.001 0.001 0.001 0.001 0.001 0.001 0.001 0.001 0.001 0.001 0.001 0.001 0.001 0.001 0.001 0.001 0.001 0.001 0.001 0.001 0.001 0.001 0.001 0.012 0.021 0.022 0.023 0.024 0.025 0.026 0.026 0.027 0.027 0.027 0.029 0.035 0.052 0.059 0.082 0.000 0.000 0.000 0.000 0.000 0.000 0.000 0.000 0.000 0.000 0.000 0.000 0.000 0.000 0.000 0.000 0.000 0.000 0.000 0.000 0.000 0.000 0.000 0.000 0.013 0.015 0.017 0.018 0.021
0.000 0.000 0.008 0.007 0.006 0.009 0.000 0.000 0.000 0.000 0.001 0.001 0.001 0.001 0.001 0.001 0.001 0.001 0.001 0.001 0.001 0.001 0.001 0.001 0.001 0.001 0.001 0.001 0.001 0.001 0.001 0.009 0.018 0.017 0.016 0.018 0.019 0.020 0.021 0.021 0.022 0.022 0.022 0.023 0.025 0.033 0.042 0.056 0.054 0.054 0.060 0.083 0.000 0.000 0.000 0.000 0.000 0.000 0.000 0.000 0.000 0.000 0.000 0.000 0.000 0.000 0.000 0.000 0.000 0.000 0.018 0.021 0.020 0.020 0.021 0.022 0.024
0.000 0.000 0.006 0.007 0.011 0.111 0.000 0.000 0.000 0.000 0.000 0.000 0.000 0.001 0.001 0.001 0.001 0.001 0.001 0.001 0.001 0.001 0.001 0.001 0.001 0.001 0.001 0.001 0.001 0.001 0.010 0.054 0.043 0.036 0.030 0.026 0.021 0.018 0.017 0.018 0.018 0.018 0.018 0.018 0.019 0.021 0.025 0.034 0.036 0.038 0.044 0.058 0.057 0.064 0.088 0.000 0.000 0.000 0.000 0.000 0.000 0.000 0.000 0.000 0.000 0.000 0.000 0.000 0.021 0.024 0.024 0.024 0.024 0.024 0.024 0.025 0.027
0.000 0.000 0.005 0.006 0.012 0.000 0.000 0.000 0.000 0.000 0.000 0.000 0.000 0.000 0.000 0.000 0.000 0.001 0.001 0.001 0.001 0.001 0.001 0.001 0.001 0.001 0.001 0.001 0.001 0.003 0.011 0.038 0.037 0.034 0.032 0.029 0.027 0.024 0.021 0.018 0.015 0.015 0.014 0.014 0.014 0.015 0.016 0.018 0.020 0.022 0.026 0.035 0.039 0.047 0.062 0.059 0.056 0.052 0.072 0.000 0.000 0.000 0.000 0.000 0.000 0.000 0.027 0.030 0.028 0.028 0.027 0.027 0.027 0.027 0.027 0.027 0.030
0.000 0.000 0.004 0.007 0.018 0.000 0.000 0.000 0.000 0.000 0.000 0.000 0.000 0.000 0.000 0.000 0.000 0.000 0.000 0.000 0.001 0.002 0.002 0.002 0.002 0.001 0.002 0.002 0.002 0.004 0.012 0.027 0.030 0.031 0.031 0.030 0.029 0.027 0.025 0.023 0.021 0.019 0.014 0.011 0.010 0.011 0.012 0.012 0.013 0.014 0.015 0.019 0.023 0.029 0.039 0.041 0.038 0.000 0.044 0.050 0.070 0.099 0.000 0.000 0.035 0.038 0.034 0.033 0.032 0.031 0.030 0.029 0.029 0.028 0.028 0.029 0.031
0.000 0.000 0.004 0.015 0.121 0.000 0.000 0.000 0.000 0.000 0.000 0.000 0.000 0.000 0.000 0.000 0.000 0.000 0.000 0.000 0.000 0.000 0.000 0.000 0.002 0.004 0.003 0.003 0.004 0.005 0.012 0.021 0.025 0.027 0.029 0.029 0.029 0.029 0.028 0.026 0.025 0.022 0.000 0.008 0.010 0.010 0.009 0.009 0.010 0.011 0.011 0.012 0.013 0.016 0.020 0.024 0.025 0.021 0.027 0.035 0.056 0.081 0.070 0.055 0.044 0.041 0.038 0.036 0.034 0.033 0.031 0.031 0.030 0.029 0.029 0.030 0.033
0.000 0.000 0.004 0.016 0.000 0.000 0.000 0.000 0.000 0.000 0.000 0.000 0.000 0.000 0.000 0.000 0.000 0.000 0.000 0.000 0.000 0.000 0.000 0.000 0.000 0.000 0.003 0.004 0.005 0.008 0.014 0.018 0.022 0.024 0.026 0.028 0.029 0.029 0.029 0.028 0.027 0.025 0.022 0.020 0.018 0.017 0.016 0.015 0.013 0.010 0.009 0.009 0.010 0.011 0.012 0.013 0.014 0.015 0.017 0.023 0.042 0.065 0.055 0.044 0.042 0.040 0.038 0.036 0.034 0.033 0.032 0.031 0.030 0.029 0.029 0.030 0.032
0.000 0.000 0.004 0.016 0.000 0.000 0.000 0.000 0.000 0.000 0.000 0.000 0.000 0.000 0.000 0.000 0.000 0.000 0.000 0.000 0.000 0.000 0.000 0.000 0.000 0.000 0.000 0.000 0.000 0.000 0.000 0.016 0.019 0.022 0.025 0.027 0.028 0.029 0.029 0.029 0.028 0.027 0.026 0.024 0.023 0.022 0.020 0.019 0.018 0.016 0.014 0.012 0.010 0.009 0.009 0.010 0.010 0.011 0.012 0.015 0.029 0.049 0.039 0.038 0.038 0.037 0.036 0.034 0.033 0.032 0.031 0.030 0.029 0.027 0.027 0.028 0.030
0.000 0.000 0.003 0.016 0.000 0.000 0.000 0.000 0.000 0.000 0.000 0.000 0.000 0.000 0.000 0.000 0.000 0.000 0.000 0.000 0.000 0.000 0.000 0.000 0.000 0.000 0.000 0.000 0.000 0.000 0.000 0.000 0.017 0.024 0.024 0.025 0.026 0.028 0.029 0.029 0.029 0.029 0.028 0.027 0.026 0.025 0.024 0.023 0.022 0.020 0.019 0.017 0.015 0.014 0.012 0.009 0.008 0.009 0.009 0.010 0.018 0.033 0.029 0.032 0.032 0.032 0.032 0.031 0.030 0.030 0.029 0.028 0.027 0.022 0.023 0.026 0.028
0.000 0.000 0.003 0.012 0.007 0.007 0.000 0.000 0.000 0.000 0.000 0.000 0.000 0.000 0.000 0.000 0.000 0.000 0.000 0.000 0.000 0.000 0.000 0.000 0.000 0.000 0.000 0.000 0.000 0.000 0.000 0.000 0.000 0.000 0.020 0.022 0.025 0.028 0.029 0.030 0.030 0.029 0.029 0.028 0.027 0.027 0.026 0.025 0.024 0.023 0.022 0.020 0.019 0.018 0.016 0.015 0.013 0.011 0.009 0.008 0.010 0.017 0.022 0.025 0.026 0.027 0.027 0.027 0.027 0.026 0.026 0.026 0.023 0.000 0.017 0.024 0.025
0.000 0.000 0.003 0.009 0.007 0.007 0.006 0.005 0.005 0.000 0.000 0.000 0.000 0.000 0.000 0.000 0.000 0.000 0.000 0.000 0.000 0.000 0.000 0.000 0.000 0.000 0.000 0.000 0.000 0.000 0.000 0.000 0.000 0.000 0.000 0.019 0.027 0.032 0.030 0.030 0.029 0.029 0.029 0.029 0.028 0.028 0.027 0.027 0.026 0.025 0.024 0.023 0.022 0.021 0.020 0.018 0.017 0.016 0.014 0.013 0.012 0.014 0.015 0.017 0.019 0.021 0.021 0.022 0.022 0.023 0.023 0.023 0.021 0.017 0.018 0.022 0.023
0.000 0.000 0.003 0.007 0.010 0.012 0.013 0.009 0.008 0.006 0.007 0.000 0.000 0.000 0.000 0.000 0.000 0.000 0.000 0.000 0.000 0.000 0.000 0.000 0.000 0.000 0.000 0.000 0.000 0.000 0.000 0.000 0.000 0.000 0.000 0.000 0.000 0.000 0.025 0.026 0.028 0.028 0.028 0.028 0.028 0.028 0.028 0.027 0.027 0.026 0.025 0.025 0.024 0.023 0.022 0.021 0.020 0.019 0.017 0.016 0.016 0.018 0.016 0.015 0.013 0.014 0.015 0.017 0.018 0.019 0.019 0.019 0.019 0.018 0.019 0.021 0.020
0.000 0.000 0.003 0.007 0.000 0.000 0.000 0.010 0.012 0.014 0.011 0.008 0.006 0.008 0.000 0.000 0.000 0.000 0.000 0.000 0.000 0.000 0.000 0.000 0.000 0.000 0.000 0.000 0.000 0.000 0.000 0.000 0.000 0.000 0.000 0.000 0.000 0.000 0.000 0.022 0.024 0.025 0.026 0.026 0.027 0.027 0.027 0.027 0.027 0.027 0.026 0.026 0.025 0.024 0.024 0.023 0.022 0.021 0.020 0.019 0.020 0.022 0.020 0.018 0.016 0.016 0.015 0.013 0.013 0.014 0.015 0.015 0.015 0.016 0.017 0.018 0.017
0.000 0.000 0.002 0.007 0.000 0.000 0.000 0.000 0.000 0.000 0.011 0.013 0.014 0.015 0.020 0.000 0.000 0.000 0.000 0.000 0.000 0.000 0.000 0.000 0.000 0.000 0.000 0.000 0.000 0.000 0.000 0.000 0.000 0.000 0.000 0.000 0.000 0.000 0.000 0.000 0.016 0.020 0.023 0.024 0.025 0.026 0.026 0.027 0.027 0.027 0.027 0.026 0.026 0.025 0.025 0.024 0.023 0.023 0.022 0.022 0.023 0.026 0.023 0.021 0.022 0.031 0.023 0.018 0.015 0.012 0.010 0.010 0.011 0.012 0.014 0.014 0.013
0.000 0.000 0.002 0.005 0.003 0.003 0.003 0.000 0.000 0.000 0.000 0.000 0.012 0.017 0.021 0.015 0.011 0.006 0.002 0.000 0.000 0.000 0.000 0.000 0.000 0.000 0.000 0.000 0.000 0.000 0.000 0.000 0.000 0.000 0.000 0.000 0.000 0.000 0.000 0.000 0.012 0.016 0.019 0.021 0.023 0.024 0.025 0.026 0.026 0.026 0.026 0.026 0.026 0.026 0.026 0.025 0.025 0.025 0.024 0.024 0.026 0.030 0.027 0.026 0.026 0.028 0.024 0.021 0.018 0.015 0.012 0.010 0.008 0.007 0.009 0.008 0.000
0.000 0.000 0.002 0.004 0.005 0.000 0.003 0.002 0.001 0.001 0.000 0.000 0.000 0.000 0.000 0.009 0.006 0.002 0.000 0.000 0.000 0.000 0.000 0.000 0.000 0.000 0.000 0.000 0.000 0.000 0.000 0.000 0.000 0.000 0.000 0.000 0.000 0.000 0.000 0.000 0.008 0.012 0.016 0.019 0.021 0.022 0.023 0.024 0.025 0.025 0.026 0.026 0.026 0.026 0.027 0.027 0.027 0.026 0.026 0.026 0.029 0.034 0.031 0.029 0.029 0.028 0.026 0.023 0.021 0.018 0.015 0.013 0.011 0.010 0.008 0.007 0.005
0.000 0.000 0.001 0.003 0.040 0.000 0.000 0.002 0.001 0.000 0.000 0.000 0.000 0.000 0.000 0.000 0.001 0.000 0.000 0.000 0.000 0.000 0.000 0.000 0.000 0.000 0.000 0.000 0.000 0.000 0.000 0.000 0.000 0.000 0.000 0.000 0.000 0.000 0.000 0.000 0.006 0.010 0.013 0.016 0.018 0.020 0.022 0.023 0.024 0.024 0.025 0.026 0.027 0.028 0.029 0.029 0.029 0.029 0.029 0.029 0.032 0.038 0.036 0.034 0.032 0.031 0.028 0.026 0.023 0.020 0.018 0.016 0.014 0.013 0.010 0.007 0.005
0.000 0.000 0.001 0.017 0.000 0.000 0.000 0.000 0.000 0.000 0.000 0.000 0.000 0.000 0.000 0.000 0.000 0.000 0.000 0.000 0.000 0.000 0.000 0.000 0.000 0.000 0.000 0.000 0.000 0.000 0.000 0.000 0.000 0.000 0.000 0.000 0.000 0.000 0.000 0.000 0.004 0.007 0.010 0.013 0.016 0.019 0.021 0.022 0.023 0.024 0.026 0.028 0.030 0.032 0.033 0.033 0.033 0.033 0.033 0.033 0.036 0.043 0.041 0.038 0.036 0.034 0.031 0.029 0.026 0.023 0.020 0.019 0.021 0.012 0.010 0.000 0.005
0.000 0.000 0.000 0.000 0.000 0.000 0.000 0.000 0.000 0.000 0.000 0.000 0.000 0.000 0.000 0.000 0.000 0.000 0.000 0.000 0.000 0.000 0.000 0.000 0.000 0.000 0.000 0.000 0.000 0.000 0.000 0.000 0.000 0.000 0.000 0.000 0.000 0.000 0.000 0.000 0.003 0.006 0.009 0.012 0.015 0.018 0.021 0.022 0.023 0.025 0.032 0.036 0.039 0.040 0.039 0.038 0.038 0.038 0.038 0.038 0.041 0.049 0.046 0.043 0.040 0.038 0.035 0.032 0.029 0.023 0.022 0.025 0.019 0.014 0.012 0.009 0.007
0.000 0.000 0.000 0.000 0.000 0.000 0.000 0.000 0.000 0.000 0.000 0.000 0.000 0.000 0.000 0.000 0.000 0.000 0.000 0.000 0.000 0.000 0.000 0.000 0.000 0.000 0.000 0.000 0.000 0.000 0.000 0.000 0.000 0.000 0.000 0.000 0.000 0.000 0.000 0.000 0.002 0.004 0.006 0.009 0.014 0.013 0.017 0.021 0.023 0.033 0.053 0.054 0.055 0.055 0.046 0.044 0.045 0.045 0.044 0.044 0.047 0.056 0.052 0.049 0.045 0.042 0.038 0.035 0.029 0.000 0.025 0.025 0.017 0.015 0.013 0.011 0.010
0.000 0.000 0.000 0.000 0.000 0.000 0.000 0.000 0.000 0.000 0.000 0.000 0.000 0.000 0.000 0.000 0.000 0.000 0.000 0.000 0.000 0.000 0.000 0.000 0.000 0.000 0.000 0.000 0.000 0.000 0.000 0.000 0.000 0.000 0.000 0.000 0.000 0.000 0.000 0.000 0.002 0.003 0.005 0.009 0.007 0.009 0.012 0.016 0.027 0.051 0.084 0.000 0.000 0.000 0.041 0.050 0.055 0.057 0.050 0.050 0.055 0.063 0.058 0.054 0.049 0.046 0.042 0.038 0.034 0.032 0.033 0.025 0.018 0.017 0.015 0.013 0.011
0.000 0.000 0.000 0.000 0.000 0.000 0.000 0.000 0.000 0.000 0.000 0.000 0.000 0.000 0.000 0.000 0.000 0.000 0.000 0.000 0.000 0.000 0.000 0.000 0.000 0.000 0.000 0.000 0.000 0.000 0.000 0.000 0.000 0.000 0.000 0.000 0.000 0.000 0.000 0.000 0.001 0.002 0.005 0.004 0.004 0.005 0.007 0.011 0.024 0.067 0.105 0.000 0.000 0.000 0.000 0.000 0.000 0.000 0.045 0.057 0.065 0.070 0.063 0.057 0.053 0.049 0.045 0.043 0.042 0.043 0.034 0.024 0.020 0.019 0.017 0.015 0.013
0.000 0.000 0.000 0.000 0.000 0.000 0.000 0.000 0.000 0.000 0.000 0.000 0.000 0.000 0.000 0.000 0.000 0.000 0.000 0.000 0.000 0.000 0.000 0.000 0.000 0.000 0.000 0.000 0.000 0.000 0.000 0.000 0.000 0.000 0.000 0.000 0.000 0.000 0.000 0.000 0.001 0.002 0.003 0.002 0.002 0.003 0.005 0.008 0.024 0.070 0.118 0.000 0.000 0.000 0.000 0.000 0.000 0.000 0.000 0.000 0.000 0.072 0.064 0.058 0.054 0.051 0.049 0.049 0.052 0.043 0.034 0.024 0.022 0.021 0.019 0.017 0.015
0.000 0.000 0.000 0.000 0.000 0.000 0.000 0.000 0.000 0.000 0.000 0.000 0.000 0.000 0.000 0.000 0.000 0.000 0.000 0.000 0.000 0.000 0.000 0.000 0.000 0.000 0.000 0.000 0.000 0.000 0.000 0.000 0.000 0.000 0.000 0.000 0.000 0.000 0.000 0.000 0.000 0.000 0.000 0.000 0.001 0.002 0.003 0.005 0.026 0.073 0.000 0.000 0.000 0.000 0.000 0.000 0.000 0.000 0.000 0.000 0.000 0.000 0.054 0.054 0.053 0.052 0.053 0.057 0.051 0.042 0.032 0.026 0.024 0.022 0.020 0.018 0.016
0.000 0.000 0.000 0.000 0.000 0.000 0.000 0.000 0.000 0.000 0.000 0.000 0.000 0.000 0.000 0.000 0.000 0.000 0.000 0.000 0.000 0.000 0.000 0.000 0.000 0.000 0.000 0.000 0.000 0.000 0.000 0.000 0.000 0.000 0.000 0.000 0.000 0.000 0.000 0.000 0.000 0.000 0.000 0.000 0.000 0.001 0.002 0.004 0.029 0.076 0.000 0.000 0.000 0.000 0.000 0.000 0.000 0.000 0.000 0.000 0.000 0.025 0.047 0.051 0.053 0.054 0.058 0.056 0.048 0.040 0.029 0.027 0.025 0.023 0.021 0.020 0.017
0.000 0.000 0.000 0.000 0.000 0.000 0.000 0.000 0.000 0.000 0.000 0.000 0.000 0.000 0.000 0.000 0.000 0.000 0.000 0.000 0.000 0.000 0.000 0.000 0.000 0.000 0.000 0.000 0.000 0.000 0.000 0.000 0.000 0.000 0.000 0.000 0.000 0.000 0.000 0.000 0.000 0.000 0.000 0.000 0.000 0.000 0.001 0.003 0.032 0.000 0.000 0.000 0.000 0.000 0.000 0.000 0.000 0.000 0.000 0.000 0.000 0.028 0.044 0.049 0.053 0.057 0.058 0.046 0.042 0.035 0.028 0.027 0.025 0.023 0.022 0.020 0.018
0.000 0.000 0.000 0.000 0.000 0.000 0.000 0.000 0.000 0.000 0.000 0.000 0.000 0.000 0.000 0.000 0.000 0.000 0.000 0.000 0.000 0.000 0.000 0.000 0.000 0.000 0.000 0.000 0.000 0.000 0.000 0.000 0.000 0.000 0.000 0.000 0.000 0.000 0.000 0.000 0.000 0.000 0.000 0.000 0.000 0.000 0.000 0.002 0.035 0.000 0.000 0.000 0.000 0.000 0.000 0.000 0.000 0.000 0.000 0.000 0.000 0.030 0.043 0.050 0.056 0.060 0.048 0.000 0.031 0.029 0.026 0.026 0.023 0.022 0.021 0.020 0.019
0.000 0.000 0.000 0.000 0.000 0.000 0.000 0.000 0.000 0.000 0.000 0.000 0.000 0.000 0.000 0.000 0.000 0.000 0.000 0.000 0.000 0.000 0.000 0.000 0.000 0.000 0.000 0.000 0.000 0.000 0.000 0.000 0.000 0.000 0.000 0.000 0.000 0.000 0.000 0.000 0.000 0.000 0.000 0.000 0.000 0.000 0.000 0.003 0.000 0.000 0.000 0.000 0.000 0.000 0.000 0.000 0.000 0.000 0.000 0.000 0.000 0.032 0.045 0.053 0.062 0.056 0.045 0.031 0.028 0.024 0.025 0.022 0.000 0.019 0.020 0.020 0.019
0.000 0.000 0.000 0.000 0.000 0.000 0.000 0.000 0.000 0.000 0.000 0.000 0.000 0.000 0.000 0.000 0.000 0.000 0.000 0.000 0.000 0.000 0.000 0.000 0.000 0.000 0.000 0.000 0.000 0.000 0.000 0.000 0.000 0.000 0.000 0.000 0.000 0.000 0.000 0.000 0.000 0.000 0.000 0.000 0.000 0.000 0.000 0.003 0.000 0.000 0.000 0.000 0.000 0.000 0.000 0.000 0.000 0.000 0.000 0.000 0.001 0.036 0.051 0.061 0.060 0.053 0.045 0.035 0.027 0.024 0.024 0.022 0.019 0.020 0.021 0.021 0.020
