数据/50y_1h/50y_1h_res_2/50y_1h_98-0001.wd
ncols         694
nrows         824
xllcorner     581104.939801
yllcorner     3495917.092414
cellsize      2.000000
NODATA_value  -9999.000000
[rows 306 to 339 of 824, columns 462 to 538 of 694]
0.061 0.060 0.058 0.057 0.055 0.055 0.055 0.055 0.050 0.043 0.036 0.029 0.023 0.018 0.013 0.009 0.006 0.000 0.002 0.002 0.002 0.001 0.001 0.002 0.003 0.006 0.010 0.014 0.017 0.018 0.018 0.016 0.014 0.012 0.010 0.008 0.006 0.004 0.005 0.000 0.000 0.000 0.000 0.000 0.000 0.000 0.000 0.000 0.000 0.000 0.000 0.000 0.000 0.000 0.017 0.017 0.018 0.022 0.000 0.001 0.001 0.001 0.001 0.001 0.002 0.027 0.000 0.000 0.000 0.000 0.004 0.013 0.024 0.036 0.047 0.047 0.043
0.081 0.069 0.063 0.060 0.059 0.059 0.059 0.059 0.060 0.057 0.049 0.042 0.036 0.029 0.023 0.017 0.012 0.008 0.006 0.005 0.004 0.003 0.003 0.003 0.004 0.006 0.010 0.014 0.016 0.017 0.017 0.016 0.015 0.013 0.011 0.009 0.007 0.008 0.016 0.000 0.000 0.000 0.000 0.000 0.000 0.000 0.000 0.000 0.000 0.000 0.000 0.000 0.000 0.000 0.000 0.000 0.000 0.018 0.017 0.014 0.012 0.010 0.009 0.009 0.014 0.000 0.000 0.000 0.000 0.000 0.018 0.031 0.042 0.043 0.040 0.038 0.036
0.068 0.066 0.064 0.063 0.064 0.064 0.065 0.065 0.066 0.066 0.064 0.057 0.050 0.043 0.035 0.028 0.021 0.016 0.012 0.009 0.007 0.005 0.004 0.004 0.004 0.000 0.010 0.013 0.016 0.017 0.017 0.016 0.015 0.013 0.011 0.010 0.008 0.009 0.000 0.000 0.000 0.000 0.000 0.000 0.000 0.000 0.000 0.000 0.000 0.000 0.000 0.000 0.000 0.000 0.000 0.000 0.000 0.000 0.000 0.010 0.012 0.013 0.011 0.012 0.018 0.000 0.000 0.000 0.000 0.024 0.036 0.040 0.037 0.035 0.032 0.030 0.030
0.063 0.065 0.066 0.067 0.069 0.070 0.072 0.073 0.073 0.072 0.072 0.073 0.066 0.058 0.049 0.039 0.032 0.026 0.020 0.016 0.012 0.009 0.007 0.005 0.005 0.004 0.010 0.013 0.015 0.016 0.017 0.016 0.015 0.014 0.012 0.010 0.009 0.008 0.005 0.003 0.002 0.000 0.000 0.000 0.000 0.000 0.000 0.000 0.000 0.000 0.000 0.000 0.000 0.000 0.000 0.000 0.000 0.000 0.000 0.000 0.000 0.000 0.009 0.013 0.016 0.021 0.000 0.000 0.000 0.035 0.035 0.033 0.030 0.028 0.026 0.025 0.024
0.063 0.067 0.070 0.073 0.076 0.078 0.080 0.081 0.080 0.077 0.078 0.081 0.082 0.075 0.064 0.052 0.043 0.035 0.028 0.022 0.017 0.013 0.010 0.008 0.006 0.006 0.010 0.013 0.015 0.016 0.016 0.016 0.015 0.014 0.013 0.011 0.010 0.009 0.006 0.004 0.003 0.002 0.002 0.000 0.000 0.000 0.000 0.000 0.000 0.000 0.000 0.000 0.000 0.000 0.000 0.000 0.000 0.000 0.000 0.000 0.000 0.000 0.000 0.000 0.014 0.022 0.028 0.042 0.044 0.036 0.032 0.028 0.026 0.024 0.022 0.021 0.022
0.067 0.072 0.077 0.081 0.085 0.088 0.090 0.091 0.089 0.077 0.087 0.091 0.091 0.089 0.076 0.063 0.053 0.043 0.035 0.029 0.023 0.018 0.014 0.011 0.009 0.008 0.010 0.012 0.014 0.016 0.016 0.016 0.015 0.014 0.013 0.012 0.010 0.009 0.007 0.005 0.004 0.003 0.002 0.001 0.001 0.002 0.000 0.000 0.000 0.000 0.000 0.000 0.000 0.000 0.000 0.000 0.000 0.000 0.000 0.000 0.000 0.000 0.000 0.000 0.000 0.000 0.000 0.029 0.031 0.030 0.027 0.024 0.022 0.020 0.019 0.018 0.016
0.075 0.081 0.087 0.092 0.096 0.099 0.102 0.103 0.103 0.100 0.101 0.103 0.095 0.081 0.077 0.069 0.058 0.048 0.040 0.033 0.027 0.022 0.018 0.014 0.012 0.010 0.011 0.012 0.014 0.015 0.016 0.016 0.015 0.015 0.013 0.012 0.011 0.009 0.008 0.006 0.005 0.004 0.003 0.002 0.001 0.002 0.002 0.003 0.000 0.000 0.000 0.000 0.000 0.002 0.000 0.000 0.000 0.000 0.000 0.000 0.000 0.000 0.000 0.000 0.000 0.000 0.031 0.029 0.027 0.025 0.023 0.021 0.019 0.017 0.016 0.017 0.000
0.085 0.092 0.097 0.103 0.107 0.111 0.114 0.110 0.101 0.091 0.082 0.073 0.062 0.045 0.057 0.069 0.060 0.052 0.044 0.037 0.031 0.026 0.021 0.018 0.015 0.013 0.013 0.013 0.015 0.016 0.016 0.016 0.016 0.015 0.014 0.013 0.012 0.010 0.009 0.007 0.006 0.004 0.003 0.002 0.001 0.001 0.002 0.002 0.002 0.002 0.002 0.002 0.002 0.003 0.007 0.022 0.047 0.000 0.000 0.000 0.000 0.000 0.000 0.000 0.000 0.000 0.026 0.026 0.025 0.023 0.021 0.019 0.017 0.015 0.014 0.012 0.000
0.096 0.103 0.104 0.101 0.096 0.091 0.085 0.078 0.071 0.063 0.054 0.045 0.032 0.032 0.017 0.059 0.061 0.055 0.048 0.042 0.036 0.031 0.027 0.023 0.020 0.018 0.017 0.017 0.017 0.018 0.018 0.018 0.018 0.017 0.016 0.015 0.013 0.012 0.010 0.009 0.007 0.006 0.005 0.003 0.002 0.002 0.002 0.002 0.003 0.003 0.003 0.003 0.005 0.010 0.021 0.036 0.057 0.080 0.107 0.000 0.000 0.000 0.000 0.000 0.000 0.033 0.029 0.026 0.024 0.021 0.019 0.016 0.014 0.013 0.014 0.000 0.000
0.076 0.074 0.071 0.068 0.064 0.059 0.054 0.048 0.042 0.036 0.028 0.019 0.014 0.020 0.022 0.046 0.064 0.058 0.053 0.048 0.043 0.039 0.036 0.033 0.031 0.029 0.028 0.027 0.027 0.026 0.025 0.025 0.024 0.022 0.021 0.020 0.018 0.016 0.014 0.013 0.011 0.009 0.008 0.007 0.006 0.005 0.004 0.004 0.005 0.005 0.007 0.011 0.018 0.027 0.037 0.051 0.070 0.092 0.106 0.110 0.114 0.121 0.000 0.000 0.000 0.028 0.028 0.025 0.022 0.019 0.017 0.014 0.012 0.011 0.010 0.000 0.000
0.043 0.041 0.039 0.036 0.032 0.029 0.025 0.021 0.017 0.013 0.010 0.005 0.008 0.012 0.017 0.034 0.060 0.064 0.060 0.056 0.054 0.052 0.051 0.051 0.050 0.050 0.049 0.047 0.046 0.044 0.042 0.040 0.038 0.035 0.032 0.030 0.028 0.026 0.024 0.022 0.020 0.019 0.017 0.016 0.015 0.014 0.012 0.010 0.012 0.016 0.021 0.028 0.035 0.044 0.055 0.068 0.077 0.079 0.083 0.086 0.089 0.091 0.090 0.098 0.000 0.032 0.028 0.024 0.020 0.017 0.014 0.012 0.010 0.010 0.000 0.000 0.000
0.013 0.012 0.011 0.010 0.008 0.007 0.006 0.005 0.004 0.003 0.001 0.002 0.004 0.007 0.012 0.025 0.048 0.073 0.072 0.071 0.072 0.073 0.074 0.075 0.075 0.075 0.074 0.073 0.071 0.069 0.066 0.062 0.059 0.055 0.052 0.049 0.046 0.043 0.040 0.038 0.037 0.036 0.036 0.035 0.034 0.033 0.032 0.028 0.027 0.033 0.039 0.045 0.053 0.062 0.067 0.063 0.060 0.060 0.061 0.062 0.061 0.047 0.060 0.066 0.059 0.042 0.029 0.021 0.017 0.013 0.011 0.009 0.008 0.007 0.000 0.000 0.000
0.002 0.002 0.002 0.002 0.002 0.002 0.001 0.001 0.001 0.001 0.001 0.001 0.002 0.004 0.008 0.018 0.039 0.078 0.091 0.093 0.096 0.099 0.101 0.103 0.103 0.103 0.102 0.101 0.099 0.096 0.092 0.087 0.083 0.079 0.075 0.072 0.068 0.066 0.063 0.062 0.061 0.060 0.060 0.059 0.060 0.059 0.058 0.055 0.048 0.051 0.056 0.063 0.068 0.061 0.055 0.049 0.045 0.043 0.041 0.040 0.039 0.035 0.037 0.039 0.036 0.027 0.000 0.009 0.009 0.008 0.007 0.006 0.006 0.000 0.000 0.000 0.000
0.000 0.000 0.000 0.000 0.000 0.000 0.000 0.000 0.000 0.000 0.001 0.001 0.001 0.002 0.005 0.012 0.033 0.076 0.116 0.120 0.124 0.127 0.130 0.131 0.132 0.132 0.131 0.129 0.127 0.124 0.119 0.113 0.108 0.104 0.101 0.097 0.093 0.091 0.089 0.088 0.088 0.088 0.088 0.088 0.088 0.088 0.086 0.083 0.078 0.069 0.073 0.064 0.055 0.048 0.041 0.036 0.031 0.027 0.024 0.022 0.020 0.018 0.017 0.017 0.016 0.014 0.010 0.007 0.006 0.005 0.004 0.003 0.003 0.014 0.000 0.000 0.000
0.000 0.000 0.000 0.000 0.000 0.000 0.000 0.000 0.000 0.000 0.000 0.001 0.001 0.001 0.003 0.008 0.032 0.077 0.131 0.148 0.153 0.157 0.161 0.161 0.161 0.161 0.160 0.159 0.156 0.152 0.147 0.137 0.133 0.131 0.127 0.122 0.119 0.117 0.116 0.115 0.116 0.116 0.117 0.117 0.118 0.118 0.117 0.115 0.104 0.081 0.079 0.071 0.061 0.052 0.044 0.037 0.031 0.026 0.021 0.018 0.014 0.011 0.009 0.007 0.005 0.004 0.003 0.003 0.002 0.002 0.001 0.001 0.000 0.000 0.000 0.000 0.000
0.000 0.000 0.000 0.000 0.000 0.000 0.000 0.000 0.000 0.000 0.000 0.000 0.001 0.001 0.002 0.006 0.037 0.000 0.133 0.177 0.182 0.187 0.192 0.000 0.000 0.000 0.000 0.000 0.000 0.000 0.000 0.158 0.160 0.159 0.155 0.147 0.145 0.144 0.143 0.143 0.144 0.145 0.146 0.147 0.148 0.141 0.128 0.114 0.098 0.076 0.075 0.078 0.082 0.073 0.064 0.057 0.049 0.043 0.037 0.031 0.026 0.022 0.018 0.014 0.011 0.009 0.007 0.005 0.004 0.003 0.002 0.002 0.002 0.001 0.001 0.000 0.000
0.000 0.000 0.000 0.000 0.000 0.000 0.000 0.000 0.000 0.000 0.000 0.000 0.000 0.006 0.000 0.000 0.039 0.000 0.000 0.194 0.000 0.000 0.000 0.000 0.000 0.000 0.000 0.000 0.000 0.000 0.000 0.000 0.000 0.000 0.000 0.170 0.173 0.172 0.170 0.171 0.173 0.174 0.167 0.157 0.146 0.134 0.121 0.108 0.092 0.070 0.070 0.072 0.075 0.080 0.082 0.074 0.066 0.059 0.052 0.045 0.039 0.034 0.028 0.024 0.019 0.016 0.013 0.010 0.008 0.006 0.005 0.004 0.003 0.002 0.002 0.001 0.001
0.000 0.000 0.000 0.000 0.000 0.000 0.000 0.000 0.000 0.000 0.000 0.000 0.000 0.000 0.000 0.000 0.000 0.000 0.000 0.000 0.000 0.000 0.000 0.000 0.000 0.000 0.000 0.000 0.000 0.000 0.000 0.000 0.000 0.000 0.000 0.000 0.000 0.000 0.196 0.192 0.182 0.172 0.159 0.149 0.138 0.126 0.114 0.101 0.084 0.065 0.065 0.065 0.067 0.071 0.077 0.083 0.082 0.074 0.067 0.060 0.053 0.047 0.040 0.035 0.029 0.025 0.020 0.016 0.013 0.010 0.008 0.007 0.005 0.004 0.003 0.003 0.002
0.000 0.000 0.000 0.000 0.000 0.000 0.000 0.000 0.000 0.000 0.000 0.000 0.000 0.000 0.000 0.000 0.000 0.000 0.000 0.000 0.000 0.000 0.000 0.000 0.000 0.000 0.000 0.000 0.000 0.000 0.000 0.000 0.000 0.000 0.000 0.000 0.000 0.000 0.000 0.000 0.000 0.000 0.150 0.141 0.131 0.118 0.106 0.093 0.076 0.060 0.059 0.058 0.060 0.062 0.067 0.072 0.079 0.085 0.082 0.074 0.067 0.060 0.053 0.047 0.041 0.035 0.030 0.025 0.020 0.017 0.014 0.011 0.009 0.007 0.006 0.005 0.004
0.000 0.000 0.000 0.000 0.000 0.000 0.000 0.000 0.000 0.000 0.000 0.000 0.000 0.000 0.000 0.000 0.000 0.000 0.000 0.000 0.000 0.000 0.000 0.000 0.000 0.000 0.000 0.000 0.000 0.000 0.000 0.000 0.000 0.000 0.000 0.000 0.000 0.000 0.000 0.000 0.000 0.000 0.000 0.000 0.000 0.108 0.098 0.085 0.065 0.052 0.050 0.050 0.051 0.054 0.057 0.062 0.068 0.074 0.081 0.088 0.082 0.074 0.066 0.059 0.053 0.046 0.040 0.035 0.030 0.025 0.021 0.018 0.015 0.013 0.011 0.009 0.007
0.000 0.000 0.000 0.000 0.000 0.000 0.000 0.000 0.000 0.000 0.000 0.000 0.000 0.000 0.000 0.000 0.000 0.000 0.000 0.000 0.000 0.000 0.000 0.000 0.000 0.000 0.000 0.000 0.000 0.000 0.000 0.000 0.000 0.000 0.000 0.000 0.000 0.000 0.000 0.000 0.000 0.000 0.000 0.000 0.000 0.000 0.000 0.000 0.048 0.042 0.040 0.040 0.042 0.045 0.048 0.052 0.057 0.063 0.069 0.076 0.083 0.087 0.080 0.072 0.065 0.059 0.052 0.046 0.041 0.037 0.032 0.029 0.026 0.023 0.020 0.017 0.014
0.000 0.000 0.000 0.000 0.000 0.000 0.000 0.000 0.000 0.000 0.000 0.000 0.000 0.000 0.000 0.000 0.000 0.000 0.000 0.000 0.000 0.000 0.000 0.000 0.000 0.000 0.000 0.000 0.000 0.000 0.000 0.000 0.000 0.000 0.000 0.000 0.000 0.000 0.000 0.000 0.000 0.000 0.000 0.000 0.000 0.000 0.000 0.000 0.000 0.000 0.024 0.030 0.034 0.037 0.038 0.042 0.047 0.053 0.058 0.064 0.070 0.077 0.084 0.086 0.079 0.072 0.065 0.060 0.055 0.051 0.048 0.044 0.041 0.038 0.034 0.030 0.026
0.000 0.000 0.000 0.000 0.000 0.000 0.000 0.000 0.000 0.000 0.000 0.000 0.000 0.000 0.000 0.000 0.000 0.000 0.000 0.000 0.000 0.000 0.000 0.000 0.000 0.000 0.000 0.000 0.000 0.000 0.000 0.000 0.000 0.000 0.000 0.000 0.000 0.000 0.000 0.000 0.000 0.000 0.000 0.000 0.000 0.000 0.000 0.000 0.000 0.000 0.000 0.000 0.000 0.000 0.024 0.032 0.038 0.044 0.046 0.051 0.057 0.064 0.071 0.079 0.086 0.086 0.080 0.075 0.072 0.069 0.067 0.064 0.061 0.057 0.052 0.047 0.042
0.000 0.000 0.000 0.000 0.000 0.000 0.000 0.000 0.000 0.000 0.000 0.000 0.000 0.000 0.000 0.000 0.000 0.000 0.000 0.000 0.000 0.000 0.000 0.000 0.000 0.000 0.000 0.000 0.000 0.000 0.000 0.000 0.000 0.000 0.000 0.000 0.000 0.000 0.000 0.000 0.000 0.000 0.000 0.000 0.000 0.000 0.000 0.000 0.000 0.000 0.000 0.000 0.000 0.000 0.000 0.000 0.000 0.000 0.031 0.038 0.044 0.051 0.058 0.066 0.074 0.083 0.093 0.093 0.092 0.091 0.090 0.087 0.084 0.079 0.072 0.065 0.058
0.000 0.000 0.000 0.000 0.000 0.000 0.000 0.000 0.000 0.000 0.000 0.000 0.000 0.000 0.000 0.000 0.000 0.000 0.000 0.000 0.000 0.000 0.000 0.000 0.000 0.000 0.000 0.000 0.000 0.000 0.000 0.000 0.000 0.000 0.000 0.000 0.000 0.000 0.000 0.000 0.000 0.000 0.000 0.000 0.000 0.000 0.000 0.000 0.000 0.000 0.000 0.000 0.000 0.000 0.000 0.000 0.000 0.000 0.000 0.023 0.031 0.038 0.046 0.053 0.061 0.071 0.083 0.098 0.115 0.116 0.115 0.112 0.108 0.102 0.092 0.083 0.074
0.000 0.000 0.000 0.000 0.000 0.000 0.000 0.000 0.000 0.000 0.000 0.000 0.000 0.000 0.000 0.000 0.000 0.000 0.000 0.000 0.000 0.000 0.000 0.000 0.000 0.000 0.000 0.000 0.000 0.000 0.000 0.000 0.000 0.000 0.000 0.000 0.000 0.000 0.000 0.000 0.000 0.000 0.000 0.000 0.000 0.000 0.000 0.000 0.000 0.000 0.000 0.000 0.000 0.000 0.000 0.000 0.000 0.000 0.000 0.012 0.019 0.026 0.033 0.041 0.049 0.059 0.073 0.091 0.111 0.131 0.141 0.139 0.134 0.126 0.109 0.099 0.088
0.000 0.000 0.000 0.000 0.000 0.000 0.000 0.000 0.000 0.000 0.000 0.000 0.000 0.000 0.000 0.000 0.000 0.000 0.000 0.000 0.000 0.000 0.000 0.000 0.000 0.000 0.000 0.000 0.000 0.000 0.000 0.000 0.000 0.000 0.000 0.000 0.000 0.000 0.000 0.000 0.000 0.000 0.000 0.000 0.000 0.000 0.000 0.000 0.000 0.000 0.000 0.000 0.000 0.000 0.000 0.000 0.000 0.000 0.000 0.004 0.010 0.015 0.022 0.028 0.037 0.048 0.064 0.085 0.108 0.131 0.000 0.000 0.000 0.000 0.117 0.115 0.098
0.000 0.000 0.000 0.000 0.000 0.000 0.000 0.000 0.000 0.000 0.000 0.000 0.000 0.000 0.000 0.000 0.000 0.000 0.000 0.000 0.000 0.000 0.000 0.000 0.000 0.000 0.000 0.000 0.000 0.000 0.000 0.000 0.000 0.000 0.000 0.000 0.000 0.000 0.000 0.000 0.000 0.000 0.000 0.000 0.000 0.000 0.000 0.000 0.000 0.000 0.000 0.000 0.000 0.000 0.000 0.000 0.000 0.000 0.000 0.001 0.002 0.006 0.011 0.017 0.025 0.038 0.057 0.081 0.105 0.000 0.000 0.000 0.000 0.000 0.000 0.000 0.100
0.000 0.000 0.000 0.000 0.000 0.000 0.000 0.000 0.000 0.000 0.000 0.000 0.000 0.000 0.000 0.000 0.000 0.000 0.000 0.000 0.000 0.000 0.000 0.000 0.000 0.000 0.000 0.000 0.000 0.000 0.000 0.000 0.000 0.000 0.000 0.000 0.000 0.000 0.000 0.000 0.000 0.000 0.000 0.000 0.000 0.000 0.000 0.000 0.000 0.000 0.000 0.000 0.000 0.000 0.000 0.000 0.000 0.000 0.000 0.000 0.001 0.001 0.002 0.007 0.015 0.029 0.050 0.077 0.000 0.000 0.000 0.000 0.000 0.000 0.000 0.000 0.000
0.000 0.000 0.000 0.000 0.000 0.000 0.000 0.000 0.000 0.000 0.000 0.000 0.000 0.000 0.000 0.000 0.000 0.000 0.000 0.000 0.000 0.000 0.000 0.000 0.000 0.000 0.000 0.000 0.000 0.000 0.000 0.000 0.000 0.000 0.000 0.000 0.000 0.000 0.000 0.000 0.000 0.000 0.000 0.000 0.000 0.000 0.000 0.000 0.000 0.000 0.000 0.000 0.000 0.000 0.000 0.000 0.000 0.000 0.000 0.000 0.000 0.001 0.001 0.002 0.008 0.021 0.045 0.073 0.000 0.000 0.000 0.000 0.000 0.000 0.000 0.000 0.000
0.000 0.000 0.000 0.000 0.000 0.000 0.000 0.000 0.000 0.000 0.000 0.000 0.000 0.000 0.000 0.000 0.000 0.000 0.000 0.000 0.000 0.000 0.000 0.000 0.000 0.000 0.000 0.000 0.000 0.000 0.000 0.000 0.000 0.000 0.000 0.000 0.000 0.000 0.000 0.000 0.000 0.000 0.000 0.000 0.000 0.000 0.000 0.000 0.000 0.000 0.000 0.000 0.000 0.000 0.000 0.000 0.000 0.000 0.000 0.000 0.000 0.000 0.000 0.001 0.002 0.013 0.040 0.000 0.000 0.000 0.000 0.000 0.000 0.000 0.000 0.000 0.000
0.000 0.000 0.000 0.000 0.000 0.000 0.000 0.000 0.000 0.000 0.000 0.000 0.000 0.000 0.000 0.000 0.000 0.000 0.000 0.000 0.000 0.000 0.000 0.000 0.000 0.000 0.000 0.000 0.000 0.000 0.000 0.000 0.000 0.000 0.000 0.000 0.000 0.000 0.000 0.000 0.000 0.000 0.000 0.000 0.000 0.000 0.000 0.000 0.000 0.000 0.000 0.000 0.000 0.000 0.000 0.000 0.000 0.000 0.000 0.000 0.000 0.000 0.000 0.001 0.002 0.017 0.051 0.000 0.000 0.000 0.000 0.000 0.000 0.000 0.000 0.000 0.000
0.000 0.000 0.000 0.000 0.000 0.000 0.000 0.000 0.000 0.000 0.000 0.000 0.000 0.000 0.000 0.000 0.000 0.000 0.000 0.000 0.000 0.000 0.000 0.000 0.000 0.000 0.000 0.000 0.000 0.000 0.000 0.000 0.000 0.000 0.000 0.000 0.000 0.000 0.000 0.000 0.000 0.000 0.000 0.000 0.000 0.000 0.000 0.000 0.000 0.000 0.000 0.000 0.000 0.000 0.000 0.000 0.000 0.000 0.000 0.000 0.000 0.000 0.000 0.001 0.002 0.017 0.000 0.000 0.000 0.000 0.000 0.000 0.000 0.000 0.000 0.000 0.000
0.000 0.000 0.000 0.000 0.000 0.000 0.000 0.000 0.000 0.000 0.000 0.000 0.000 0.000 0.000 0.000 0.000 0.000 0.000 0.000 0.000 0.000 0.000 0.000 0.000 0.000 0.000 0.000 0.000 0.000 0.000 0.000 0.000 0.000 0.000 0.000 0.000 0.000 0.000 0.000 0.000 0.000 0.000 0.000 0.000 0.000 0.000 0.000 0.000 0.000 0.000 0.000 0.000 0.000 0.000 0.000 0.000 0.000 0.000 0.000 0.000 0.000 0.000 0.001 0.003 0.017 0.000 0.000 0.000 0.000 0.000 0.000 0.000 0.000 0.000 0.000 0.000
