数据/50y_1h/50y_1h_res_2/50y_1h_92-0001.wd
ncols         694
nrows         824
xllcorner     581104.939801
yllcorner     3495917.092414
cellsize      2.000000
NODATA_value  -9999.000000
[rows 714 to 747 of 824, columns 154 to 230 of 694]
0.000 0.000 0.000 0.000 0.000 0.000 0.000 0.002 0.003 0.004 0.005 0.006 0.007 0.008 0.009 0.009 0.009 0.009 0.009 0.008 0.000 0.001 0.074 0.069 0.064 0.062 0.059 0.056 0.052 0.048 0.043 0.040 0.000 0.000 0.000 0.000 0.000 0.000 0.000 0.000 0.000 0.000 0.001 0.035 0.058 0.069 0.080 0.090 0.100 0.000 0.000 0.000 0.000 0.000 0.000 0.000 0.000 0.000 0.200 0.210 0.221 0.220 0.199 0.178 0.187 0.103 0.025 0.000 0.000 0.000 0.000 0.000 0.000 0.000 0.000 0.000 0.000
0.000 0.000 0.000 0.000 0.000 0.000 0.002 0.003 0.004 0.005 0.006 0.007 0.008 0.009 0.010 0.010 0.011 0.011 0.011 0.011 0.011 0.010 0.000 0.089 0.086 0.084 0.081 0.077 0.072 0.067 0.061 0.056 0.051 0.047 0.000 0.000 0.000 0.000 0.000 0.000 0.000 0.000 0.023 0.076 0.121 0.132 0.142 0.153 0.163 0.000 0.000 0.000 0.000 0.000 0.000 0.000 0.000 0.000 0.263 0.258 0.235 0.212 0.188 0.180 0.189 0.146 0.059 0.001 0.000 0.000 0.000 0.000 0.000 0.000 0.000 0.000 0.000
0.000 0.000 0.000 0.000 0.000 0.001 0.003 0.004 0.005 0.006 0.007 0.008 0.009 0.010 0.011 0.011 0.012 0.013 0.013 0.014 0.014 0.015 0.014 0.001 0.001 0.105 0.102 0.097 0.092 0.086 0.080 0.075 0.070 0.066 0.062 0.000 0.000 0.000 0.000 0.000 0.000 0.011 0.064 0.119 0.175 0.195 0.205 0.215 0.226 0.000 0.000 0.000 0.000 0.000 0.000 0.000 0.000 0.295 0.272 0.249 0.225 0.202 0.178 0.182 0.191 0.187 0.102 0.018 0.000 0.000 0.000 0.000 0.000 0.000 0.000 0.000 0.000
0.000 0.000 0.000 0.000 0.000 0.002 0.004 0.005 0.006 0.007 0.008 0.009 0.010 0.011 0.011 0.012 0.013 0.014 0.015 0.016 0.017 0.019 0.020 0.022 0.026 0.004 0.123 0.117 0.112 0.105 0.100 0.094 0.089 0.085 0.081 0.077 0.075 0.000 0.000 0.000 0.006 0.052 0.106 0.162 0.218 0.257 0.268 0.279 0.000 0.000 0.000 0.000 0.000 0.000 0.000 0.000 0.000 0.287 0.263 0.239 0.216 0.192 0.176 0.185 0.195 0.204 0.146 0.061 0.003 0.000 0.000 0.000 0.000 0.000 0.000 0.000 0.000
0.000 0.000 0.000 0.000 0.001 0.003 0.005 0.006 0.007 0.008 0.009 0.009 0.010 0.011 0.012 0.013 0.014 0.015 0.016 0.017 0.019 0.021 0.025 0.031 0.041 0.060 0.004 0.136 0.132 0.124 0.118 0.113 0.109 0.105 0.102 0.098 0.095 0.093 0.000 0.043 0.053 0.095 0.148 0.204 0.260 0.316 0.331 0.342 0.000 0.000 0.000 0.000 0.000 0.000 0.000 0.000 0.000 0.278 0.253 0.230 0.206 0.183 0.178 0.187 0.197 0.207 0.191 0.105 0.000 0.000 0.000 0.000 0.000 0.000 0.000 0.000 0.000
0.000 0.000 0.000 0.000 0.001 0.003 0.005 0.006 0.007 0.008 0.009 0.010 0.011 0.012 0.012 0.013 0.014 0.015 0.017 0.018 0.020 0.022 0.026 0.030 0.035 0.041 0.027 0.002 0.000 0.141 0.137 0.132 0.129 0.125 0.122 0.119 0.116 0.113 0.106 0.081 0.098 0.137 0.191 0.246 0.302 0.358 0.394 0.405 0.000 0.000 0.000 0.000 0.000 0.000 0.000 0.000 0.000 0.268 0.244 0.221 0.196 0.174 0.182 0.190 0.200 0.209 0.218 0.149 0.000 0.000 0.000 0.000 0.000 0.000 0.000 0.000 0.000
0.000 0.000 0.000 0.000 0.001 0.003 0.005 0.006 0.007 0.008 0.009 0.010 0.011 0.012 0.013 0.014 0.015 0.016 0.017 0.018 0.020 0.022 0.024 0.027 0.030 0.031 0.025 0.018 0.012 0.001 0.155 0.152 0.149 0.146 0.143 0.140 0.137 0.135 0.132 0.000 0.000 0.177 0.233 0.288 0.345 0.401 0.456 0.468 0.479 0.456 0.000 0.000 0.000 0.000 0.000 0.000 0.282 0.259 0.235 0.211 0.188 0.174 0.184 0.193 0.203 0.212 0.222 0.194 0.000 0.000 0.000 0.000 0.000 0.000 0.000 0.000 0.000
0.000 0.000 0.000 0.000 0.001 0.003 0.005 0.006 0.007 0.008 0.009 0.010 0.011 0.012 0.013 0.014 0.015 0.016 0.017 0.018 0.020 0.021 0.023 0.025 0.026 0.026 0.023 0.019 0.015 0.010 0.000 0.172 0.170 0.166 0.164 0.160 0.158 0.157 0.000 0.000 0.000 0.000 0.275 0.331 0.387 0.442 0.497 0.494 0.471 0.447 0.422 0.397 0.000 0.000 0.000 0.000 0.272 0.249 0.225 0.202 0.177 0.178 0.187 0.196 0.205 0.215 0.224 0.000 0.000 0.000 0.000 0.000 0.000 0.000 0.000 0.000 0.000
0.000 0.000 0.000 0.000 0.001 0.003 0.005 0.006 0.007 0.008 0.009 0.010 0.011 0.012 0.013 0.014 0.015 0.016 0.017 0.018 0.019 0.020 0.021 0.022 0.023 0.023 0.021 0.018 0.016 0.013 0.009 0.000 0.000 0.186 0.184 0.182 0.180 0.000 0.000 0.000 0.000 0.000 0.000 0.374 0.429 0.451 0.473 0.000 0.000 0.436 0.413 0.388 0.363 0.339 0.000 0.000 0.262 0.239 0.215 0.192 0.172 0.180 0.189 0.198 0.208 0.218 0.228 0.000 0.000 0.000 0.000 0.000 0.000 0.000 0.000 0.000 0.000
0.000 0.000 0.000 0.000 0.001 0.003 0.005 0.006 0.007 0.008 0.009 0.010 0.011 0.012 0.013 0.014 0.014 0.015 0.016 0.017 0.018 0.019 0.020 0.021 0.021 0.020 0.019 0.017 0.015 0.013 0.011 0.008 0.006 0.001 0.203 0.200 0.000 0.000 0.000 0.000 0.000 0.000 0.000 0.386 0.407 0.428 0.449 0.000 0.000 0.000 0.000 0.379 0.354 0.329 0.303 0.277 0.253 0.230 0.204 0.182 0.174 0.182 0.191 0.201 0.210 0.220 0.231 0.000 0.000 0.000 0.000 0.000 0.000 0.000 0.000 0.000 0.000
0.000 0.000 0.000 0.000 0.001 0.003 0.005 0.006 0.007 0.008 0.009 0.010 0.011 0.012 0.013 0.013 0.014 0.015 0.016 0.017 0.017 0.018 0.019 0.019 0.019 0.019 0.018 0.016 0.015 0.013 0.012 0.010 0.008 0.006 0.000 0.215 0.208 0.000 0.000 0.000 0.000 0.000 0.000 0.363 0.384 0.404 0.425 0.438 0.000 0.000 0.000 0.000 0.000 0.318 0.293 0.268 0.242 0.219 0.196 0.172 0.175 0.184 0.193 0.202 0.212 0.222 0.000 0.000 0.000 0.000 0.000 0.000 0.000 0.000 0.000 0.000 0.000
0.000 0.000 0.000 0.000 0.001 0.003 0.005 0.006 0.007 0.008 0.009 0.010 0.011 0.012 0.012 0.013 0.014 0.014 0.015 0.016 0.016 0.017 0.017 0.018 0.018 0.017 0.017 0.016 0.014 0.013 0.012 0.010 0.009 0.007 0.005 0.000 0.224 0.221 0.000 0.000 0.000 0.000 0.000 0.000 0.362 0.000 0.000 0.418 0.407 0.000 0.000 0.000 0.000 0.000 0.000 0.256 0.231 0.208 0.184 0.167 0.177 0.185 0.195 0.204 0.214 0.224 0.000 0.000 0.000 0.000 0.000 0.000 0.000 0.000 0.000 0.000 0.000
0.000 0.000 0.000 0.000 0.001 0.003 0.005 0.006 0.007 0.008 0.009 0.010 0.010 0.011 0.012 0.013 0.013 0.014 0.015 0.015 0.016 0.016 0.016 0.017 0.016 0.016 0.015 0.015 0.014 0.013 0.012 0.010 0.009 0.008 0.006 0.004 0.000 0.239 0.256 0.000 0.000 0.000 0.000 0.000 0.000 0.000 0.000 0.000 0.388 0.000 0.000 0.000 0.000 0.000 0.266 0.243 0.220 0.197 0.173 0.169 0.178 0.187 0.196 0.206 0.216 0.227 0.000 0.000 0.000 0.000 0.000 0.000 0.000 0.000 0.000 0.000 0.000
0.000 0.000 0.000 0.000 0.001 0.003 0.005 0.006 0.007 0.008 0.008 0.009 0.010 0.011 0.012 0.012 0.013 0.013 0.014 0.014 0.015 0.015 0.015 0.016 0.015 0.015 0.015 0.014 0.013 0.012 0.011 0.010 0.009 0.008 0.006 0.005 0.003 0.001 0.228 0.245 0.000 0.000 0.000 0.000 0.000 0.000 0.000 0.000 0.367 0.000 0.000 0.000 0.000 0.000 0.257 0.233 0.209 0.186 0.163 0.171 0.180 0.187 0.197 0.206 0.215 0.000 0.000 0.000 0.000 0.000 0.000 0.000 0.000 0.000 0.000 0.000 0.000
0.000 0.000 0.000 0.000 0.000 0.002 0.004 0.005 0.006 0.007 0.008 0.009 0.010 0.010 0.011 0.012 0.012 0.013 0.013 0.014 0.014 0.014 0.015 0.015 0.014 0.014 0.014 0.013 0.012 0.012 0.011 0.010 0.009 0.008 0.006 0.005 0.003 0.001 0.000 0.216 0.231 0.000 0.000 0.000 0.000 0.000 0.000 0.351 0.347 0.000 0.000 0.000 0.000 0.266 0.246 0.223 0.199 0.176 0.164 0.172 0.181 0.189 0.198 0.207 0.214 0.220 0.228 0.000 0.000 0.000 0.000 0.000 0.000 0.000 0.000 0.000 0.000
0.000 0.000 0.000 0.000 0.000 0.001 0.003 0.004 0.005 0.006 0.007 0.008 0.009 0.010 0.010 0.011 0.012 0.012 0.013 0.013 0.013 0.014 0.014 0.014 0.014 0.013 0.013 0.012 0.012 0.011 0.010 0.009 0.008 0.007 0.006 0.005 0.003 0.001 0.000 0.000 0.201 0.216 0.000 0.000 0.000 0.000 0.000 0.000 0.000 0.000 0.000 0.000 0.000 0.245 0.233 0.212 0.189 0.165 0.165 0.174 0.183 0.192 0.200 0.208 0.216 0.223 0.230 0.238 0.245 0.000 0.000 0.000 0.000 0.000 0.000 0.000 0.000
0.000 0.000 0.000 0.000 0.000 0.000 0.002 0.003 0.004 0.005 0.006 0.007 0.008 0.009 0.010 0.010 0.011 0.012 0.012 0.012 0.013 0.013 0.013 0.013 0.013 0.013 0.012 0.012 0.011 0.010 0.010 0.009 0.008 0.007 0.006 0.005 0.003 0.001 0.000 0.000 0.000 0.186 0.199 0.219 0.000 0.000 0.000 0.000 0.000 0.000 0.000 0.000 0.233 0.222 0.211 0.199 0.178 0.158 0.167 0.176 0.185 0.194 0.203 0.210 0.218 0.226 0.234 0.242 0.248 0.256 0.264 0.000 0.000 0.000 0.000 0.000 0.000
0.000 0.000 0.000 0.000 0.000 0.000 0.000 0.002 0.003 0.004 0.005 0.006 0.007 0.008 0.009 0.010 0.010 0.011 0.011 0.012 0.012 0.012 0.012 0.012 0.012 0.012 0.011 0.011 0.010 0.010 0.009 0.008 0.007 0.006 0.005 0.004 0.002 0.000 0.000 0.000 0.000 0.000 0.174 0.192 0.211 0.000 0.000 0.000 0.000 0.000 0.000 0.000 0.212 0.201 0.189 0.178 0.165 0.161 0.169 0.178 0.188 0.197 0.205 0.213 0.221 0.230 0.237 0.245 0.251 0.259 0.267 0.275 0.225 0.000 0.000 0.000 0.000
0.000 0.000 0.000 0.000 0.000 0.000 0.000 0.000 0.002 0.003 0.004 0.005 0.006 0.007 0.008 0.009 0.010 0.010 0.010 0.011 0.011 0.011 0.011 0.011 0.011 0.011 0.011 0.010 0.010 0.009 0.008 0.007 0.006 0.005 0.004 0.003 0.001 0.000 0.000 0.000 0.000 0.000 0.000 0.166 0.184 0.202 0.000 0.000 0.000 0.000 0.000 0.202 0.192 0.179 0.169 0.156 0.154 0.159 0.169 0.178 0.188 0.199 0.207 0.217 0.225 0.000 0.000 0.000 0.253 0.262 0.269 0.277 0.270 0.182 0.115 0.000 0.000
0.000 0.000 0.000 0.000 0.000 0.000 0.000 0.000 0.000 0.002 0.003 0.004 0.005 0.006 0.007 0.008 0.009 0.009 0.010 0.010 0.010 0.010 0.010 0.010 0.010 0.010 0.010 0.009 0.009 0.008 0.007 0.006 0.005 0.004 0.003 0.002 0.000 0.000 0.000 0.000 0.000 0.000 0.000 0.000 0.157 0.176 0.196 0.000 0.000 0.000 0.000 0.182 0.171 0.159 0.152 0.152 0.153 0.155 0.165 0.175 0.185 0.196 0.206 0.216 0.225 0.000 0.000 0.000 0.000 0.000 0.272 0.280 0.289 0.226 0.185 0.145 0.000
0.000 0.000 0.000 0.000 0.000 0.000 0.000 0.000 0.000 0.000 0.002 0.003 0.004 0.005 0.006 0.007 0.008 0.008 0.009 0.009 0.009 0.009 0.009 0.009 0.009 0.009 0.009 0.009 0.008 0.007 0.006 0.005 0.004 0.003 0.002 0.000 0.000 0.000 0.000 0.000 0.000 0.000 0.000 0.000 0.135 0.152 0.170 0.189 0.000 0.187 0.172 0.162 0.149 0.150 0.150 0.151 0.151 0.152 0.162 0.172 0.182 0.193 0.204 0.214 0.000 0.000 0.000 0.000 0.000 0.000 0.000 0.280 0.290 0.294 0.255 0.216 0.000
0.000 0.000 0.000 0.000 0.000 0.000 0.000 0.000 0.000 0.000 0.000 0.002 0.003 0.004 0.005 0.006 0.007 0.008 0.008 0.008 0.008 0.008 0.008 0.008 0.008 0.008 0.008 0.008 0.007 0.006 0.005 0.004 0.003 0.002 0.000 0.000 0.000 0.000 0.000 0.000 0.000 0.000 0.000 0.000 0.000 0.129 0.146 0.163 0.180 0.166 0.153 0.149 0.149 0.149 0.149 0.149 0.149 0.150 0.159 0.169 0.179 0.190 0.201 0.000 0.000 0.000 0.000 0.000 0.000 0.000 0.000 0.000 0.000 0.300 0.294 0.283 0.241
0.000 0.000 0.000 0.000 0.000 0.000 0.000 0.000 0.000 0.000 0.000 0.000 0.002 0.003 0.004 0.005 0.006 0.007 0.007 0.007 0.007 0.007 0.007 0.007 0.007 0.007 0.007 0.007 0.006 0.005 0.004 0.003 0.002 0.000 0.000 0.000 0.000 0.000 0.000 0.000 0.000 0.000 0.000 0.000 0.000 0.000 0.122 0.139 0.155 0.148 0.148 0.148 0.148 0.148 0.147 0.148 0.148 0.149 0.156 0.166 0.177 0.188 0.199 0.000 0.000 0.000 0.000 0.000 0.000 0.000 0.000 0.000 0.000 0.000 0.000 0.290 0.284
0.000 0.000 0.000 0.000 0.000 0.000 0.000 0.000 0.000 0.000 0.000 0.000 0.000 0.002 0.003 0.004 0.005 0.006 0.006 0.006 0.006 0.006 0.006 0.006 0.006 0.006 0.006 0.006 0.005 0.004 0.003 0.002 0.000 0.000 0.000 0.000 0.000 0.000 0.000 0.000 0.000 0.000 0.000 0.000 0.000 0.000 0.000 0.116 0.133 0.147 0.147 0.146 0.146 0.146 0.146 0.146 0.147 0.148 0.154 0.164 0.175 0.185 0.000 0.000 0.000 0.000 0.000 0.000 0.000 0.000 0.000 0.000 0.000 0.000 0.000 0.000 0.000
0.000 0.000 0.000 0.000 0.000 0.000 0.000 0.000 0.000 0.000 0.000 0.000 0.000 0.000 0.002 0.003 0.004 0.005 0.005 0.005 0.005 0.005 0.005 0.005 0.005 0.005 0.005 0.005 0.004 0.003 0.002 0.000 0.000 0.000 0.000 0.000 0.000 0.000 0.000 0.000 0.000 0.000 0.000 0.000 0.000 0.000 0.000 0.000 0.111 0.129 0.144 0.144 0.144 0.144 0.144 0.144 0.144 0.146 0.150 0.160 0.172 0.183 0.000 0.000 0.000 0.000 0.000 0.000 0.000 0.000 0.000 0.000 0.000 0.000 0.000 0.000 0.000
0.000 0.000 0.000 0.000 0.000 0.000 0.000 0.000 0.000 0.000 0.000 0.000 0.000 0.000 0.000 0.001 0.002 0.003 0.003 0.003 0.003 0.003 0.003 0.003 0.003 0.003 0.003 0.003 0.002 0.001 0.000 0.000 0.000 0.000 0.000 0.000 0.000 0.000 0.000 0.000 0.000 0.000 0.000 0.000 0.000 0.000 0.000 0.000 0.000 0.098 0.126 0.142 0.142 0.142 0.141 0.142 0.142 0.143 0.146 0.156 0.168 0.000 0.000 0.000 0.000 0.000 0.000 0.000 0.000 0.000 0.000 0.000 0.000 0.000 0.000 0.000 0.000
0.000 0.000 0.000 0.000 0.000 0.000 0.000 0.000 0.000 0.000 0.000 0.000 0.000 0.000 0.000 0.000 0.000 0.001 0.001 0.001 0.001 0.001 0.001 0.001 0.001 0.001 0.001 0.001 0.000 0.000 0.000 0.000 0.000 0.000 0.000 0.000 0.000 0.000 0.000 0.000 0.000 0.000 0.000 0.000 0.000 0.000 0.000 0.000 0.000 0.000 0.105 0.126 0.140 0.140 0.139 0.139 0.139 0.139 0.142 0.153 0.165 0.000 0.000 0.000 0.000 0.000 0.000 0.000 0.000 0.000 0.000 0.000 0.000 0.000 0.000 0.000 0.000
0.000 0.000 0.000 0.000 0.000 0.000 0.000 0.000 0.000 0.000 0.000 0.000 0.000 0.000 0.000 0.000 0.000 0.000 0.000 0.000 0.000 0.000 0.000 0.000 0.000 0.000 0.000 0.000 0.000 0.000 0.000 0.000 0.000 0.000 0.000 0.000 0.000 0.000 0.000 0.000 0.000 0.000 0.000 0.000 0.000 0.000 0.000 0.000 0.000 0.000 0.085 0.104 0.124 0.137 0.136 0.134 0.133 0.134 0.136 0.148 0.000 0.000 0.000 0.000 0.000 0.000 0.000 0.000 0.000 0.000 0.000 0.000 0.000 0.000 0.000 0.000 0.000
0.000 0.000 0.000 0.000 0.000 0.000 0.000 0.000 0.000 0.000 0.000 0.000 0.000 0.000 0.000 0.000 0.000 0.000 0.000 0.000 0.000 0.000 0.000 0.000 0.000 0.000 0.000 0.000 0.000 0.000 0.000 0.000 0.000 0.000 0.000 0.000 0.000 0.000 0.000 0.000 0.000 0.000 0.000 0.000 0.000 0.000 0.000 0.000 0.000 0.000 0.000 0.081 0.100 0.120 0.131 0.127 0.119 0.124 0.125 0.000 0.000 0.000 0.000 0.000 0.000 0.000 0.000 0.000 0.000 0.000 0.000 0.000 0.000 0.000 0.000 0.000 0.000
0.000 0.000 0.000 0.000 0.000 0.000 0.000 0.000 0.000 0.000 0.000 0.000 0.000 0.000 0.000 0.000 0.000 0.000 0.000 0.000 0.000 0.000 0.000 0.000 0.000 0.000 0.000 0.000 0.000 0.000 0.000 0.000 0.000 0.000 0.000 0.000 0.000 0.000 0.000 0.000 0.000 0.000 0.000 0.000 0.000 0.000 0.000 0.000 0.000 0.000 0.000 0.058 0.077 0.096 0.113 0.123 0.118 0.118 0.115 0.112 0.000 0.000 0.000 0.000 0.000 0.000 0.000 0.000 0.000 0.000 0.000 0.000 0.000 0.000 0.000 0.000 0.000
0.000 0.000 0.000 0.000 0.000 0.000 0.000 0.000 0.000 0.000 0.000 0.000 0.000 0.000 0.000 0.000 0.000 0.000 0.000 0.000 0.000 0.000 0.000 0.000 0.000 0.000 0.000 0.000 0.000 0.000 0.000 0.000 0.000 0.000 0.000 0.000 0.000 0.000 0.000 0.000 0.000 0.000 0.000 0.000 0.000 0.000 0.000 0.000 0.000 0.000 0.000 0.035 0.054 0.072 0.089 0.106 0.116 0.113 0.108 0.103 0.104 0.000 0.000 0.000 0.000 0.000 0.000 0.000 0.000 0.000 0.000 0.000 0.000 0.000 0.000 0.000 0.000
0.000 0.000 0.000 0.000 0.000 0.000 0.000 0.000 0.000 0.000 0.000 0.000 0.000 0.000 0.000 0.000 0.000 0.000 0.000 0.000 0.000 0.000 0.000 0.000 0.000 0.000 0.000 0.000 0.000 0.000 0.000 0.000 0.000 0.000 0.000 0.000 0.000 0.000 0.000 0.000 0.000 0.000 0.000 0.000 0.000 0.000 0.000 0.000 0.000 0.000 0.000 0.012 0.031 0.048 0.065 0.082 0.099 0.107 0.102 0.094 0.092 0.084 0.085 0.000 0.000 0.000 0.000 0.000 0.000 0.000 0.000 0.000 0.000 0.000 0.000 0.000 0.000
0.000 0.000 0.000 0.000 0.000 0.000 0.000 0.000 0.000 0.000 0.000 0.000 0.000 0.000 0.000 0.000 0.000 0.000 0.000 0.000 0.000 0.000 0.000 0.000 0.000 0.000 0.000 0.000 0.000 0.000 0.000 0.000 0.000 0.000 0.000 0.000 0.000 0.000 0.000 0.000 0.000 0.000 0.000 0.000 0.000 0.000 0.000 0.000 0.000 0.000 0.000 0.000 0.008 0.024 0.041 0.058 0.074 0.090 0.095 0.086 0.081 0.076 0.076 0.078 0.000 0.000 0.000 0.000 0.000 0.000 0.000 0.000 0.000 0.000 0.000 0.000 0.000
0.000 0.000 0.000 0.000 0.000 0.000 0.000 0.000 0.000 0.000 0.000 0.000 0.000 0.000 0.000 0.000 0.000 0.000 0.000 0.000 0.000 0.000 0.000 0.000 0.000 0.000 0.000 0.000 0.000 0.000 0.000 0.000 0.000 0.000 0.000 0.000 0.000 0.000 0.000 0.000 0.000 0.000 0.000 0.000 0.000 0.000 0.000 0.000 0.000 0.000 0.000 0.000 0.001 0.004 0.017 0.034 0.049 0.064 0.076 0.077 0.069 0.066 0.068 0.070 0.070 0.000 0.000 0.000 0.000 0.000 0.000 0.000 0.000 0.000 0.000 0.000 0.000
