数据/50y_1h/50y_1h_res_2/50y_1h_105-0001.wd
ncols         694
nrows         824
xllcorner     581104.939801
yllcorner     3495917.092414
cellsize      2.000000
NODATA_value  -9999.000000
[rows 306 to 339 of 824, columns 462 to 538 of 694]
0.047 0.047 0.046 0.045 0.044 0.043 0.043 0.043 0.038 0.031 0.025 0.019 0.014 0.010 0.007 0.005 0.003 0.001 0.001 0.001 0.001 0.001 0.001 0.001 0.002 0.003 0.007 0.011 0.013 0.015 0.015 0.014 0.012 0.010 0.008 0.006 0.005 0.004 0.004 0.000 0.000 0.000 0.000 0.000 0.000 0.000 0.000 0.000 0.000 0.000 0.000 0.000 0.000 0.000 0.013 0.013 0.013 0.017 0.000 0.001 0.001 0.001 0.001 0.001 0.002 0.027 0.000 0.000 0.000 0.000 0.002 0.007 0.016 0.028 0.038 0.037 0.033
0.062 0.053 0.049 0.047 0.046 0.046 0.046 0.046 0.046 0.043 0.036 0.029 0.024 0.018 0.014 0.010 0.006 0.004 0.003 0.002 0.002 0.002 0.001 0.001 0.002 0.003 0.007 0.010 0.013 0.014 0.014 0.014 0.012 0.010 0.009 0.007 0.006 0.006 0.015 0.000 0.000 0.000 0.000 0.000 0.000 0.000 0.000 0.000 0.000 0.000 0.000 0.000 0.000 0.000 0.000 0.000 0.000 0.013 0.013 0.010 0.009 0.008 0.007 0.007 0.010 0.000 0.000 0.000 0.000 0.000 0.011 0.023 0.033 0.034 0.031 0.029 0.027
0.052 0.050 0.049 0.049 0.049 0.050 0.050 0.051 0.051 0.050 0.049 0.042 0.035 0.029 0.023 0.017 0.012 0.009 0.007 0.005 0.004 0.003 0.002 0.002 0.002 0.002 0.007 0.010 0.012 0.014 0.014 0.014 0.012 0.011 0.009 0.008 0.007 0.007 0.000 0.000 0.000 0.000 0.000 0.000 0.000 0.000 0.000 0.000 0.000 0.000 0.000 0.000 0.000 0.000 0.000 0.000 0.000 0.000 0.000 0.007 0.009 0.010 0.009 0.009 0.014 0.000 0.000 0.000 0.000 0.018 0.029 0.032 0.030 0.027 0.025 0.023 0.022
0.047 0.049 0.050 0.052 0.053 0.055 0.056 0.057 0.057 0.055 0.055 0.056 0.050 0.043 0.036 0.027 0.022 0.017 0.013 0.010 0.007 0.005 0.004 0.003 0.003 0.002 0.007 0.010 0.012 0.013 0.014 0.013 0.013 0.011 0.010 0.008 0.008 0.007 0.004 0.002 0.002 0.000 0.000 0.000 0.000 0.000 0.000 0.000 0.000 0.000 0.000 0.000 0.000 0.000 0.000 0.000 0.000 0.000 0.000 0.000 0.000 0.000 0.007 0.010 0.012 0.016 0.000 0.000 0.000 0.028 0.027 0.025 0.023 0.021 0.019 0.018 0.017
0.046 0.050 0.054 0.057 0.059 0.062 0.064 0.064 0.063 0.059 0.060 0.063 0.065 0.059 0.049 0.039 0.032 0.025 0.020 0.015 0.011 0.008 0.006 0.005 0.004 0.003 0.007 0.010 0.012 0.013 0.014 0.013 0.013 0.012 0.010 0.009 0.008 0.007 0.005 0.003 0.002 0.002 0.002 0.000 0.000 0.000 0.000 0.000 0.000 0.000 0.000 0.000 0.000 0.000 0.000 0.000 0.000 0.000 0.000 0.000 0.000 0.000 0.000 0.000 0.010 0.017 0.021 0.033 0.034 0.028 0.024 0.021 0.019 0.017 0.016 0.015 0.016
0.050 0.055 0.060 0.064 0.068 0.071 0.073 0.074 0.071 0.056 0.067 0.072 0.074 0.073 0.062 0.050 0.041 0.033 0.026 0.020 0.016 0.012 0.009 0.007 0.005 0.005 0.007 0.009 0.011 0.013 0.013 0.013 0.013 0.012 0.011 0.010 0.009 0.007 0.006 0.004 0.003 0.002 0.002 0.001 0.001 0.002 0.000 0.000 0.000 0.000 0.000 0.000 0.000 0.000 0.000 0.000 0.000 0.000 0.000 0.000 0.000 0.000 0.000 0.000 0.000 0.000 0.000 0.021 0.023 0.022 0.020 0.018 0.016 0.014 0.013 0.013 0.011
0.057 0.063 0.069 0.074 0.078 0.082 0.084 0.086 0.085 0.082 0.083 0.085 0.078 0.065 0.062 0.056 0.046 0.037 0.031 0.025 0.020 0.016 0.012 0.009 0.007 0.006 0.007 0.009 0.011 0.012 0.013 0.013 0.013 0.012 0.011 0.010 0.009 0.008 0.006 0.005 0.004 0.003 0.002 0.002 0.001 0.001 0.001 0.003 0.000 0.000 0.000 0.000 0.000 0.002 0.000 0.000 0.000 0.000 0.000 0.000 0.000 0.000 0.000 0.000 0.000 0.000 0.023 0.021 0.020 0.018 0.017 0.015 0.014 0.012 0.011 0.012 0.000
0.067 0.073 0.080 0.085 0.090 0.094 0.097 0.093 0.084 0.074 0.065 0.057 0.047 0.033 0.044 0.056 0.048 0.041 0.034 0.029 0.023 0.019 0.015 0.012 0.010 0.008 0.008 0.010 0.011 0.012 0.013 0.013 0.013 0.012 0.011 0.010 0.009 0.008 0.007 0.005 0.004 0.003 0.003 0.000 0.001 0.001 0.001 0.002 0.002 0.002 0.002 0.002 0.002 0.002 0.002 0.007 0.028 0.000 0.000 0.000 0.000 0.000 0.000 0.000 0.000 0.000 0.019 0.019 0.018 0.016 0.015 0.013 0.012 0.010 0.010 0.008 0.000
0.078 0.085 0.086 0.083 0.079 0.074 0.068 0.062 0.055 0.047 0.039 0.031 0.020 0.022 0.000 0.048 0.050 0.044 0.038 0.033 0.028 0.023 0.019 0.016 0.013 0.011 0.010 0.011 0.012 0.013 0.013 0.013 0.013 0.013 0.012 0.011 0.010 0.009 0.007 0.006 0.005 0.004 0.003 0.002 0.002 0.001 0.001 0.002 0.002 0.002 0.002 0.002 0.002 0.003 0.008 0.020 0.038 0.061 0.088 0.000 0.000 0.000 0.000 0.000 0.000 0.025 0.022 0.020 0.017 0.015 0.013 0.011 0.010 0.009 0.009 0.000 0.000
0.058 0.056 0.053 0.050 0.046 0.042 0.038 0.033 0.028 0.022 0.017 0.011 0.008 0.012 0.015 0.035 0.052 0.047 0.042 0.037 0.033 0.029 0.025 0.022 0.019 0.017 0.016 0.015 0.015 0.015 0.016 0.016 0.015 0.015 0.014 0.013 0.012 0.010 0.009 0.008 0.006 0.005 0.004 0.003 0.003 0.002 0.002 0.002 0.002 0.002 0.003 0.004 0.007 0.014 0.024 0.036 0.052 0.073 0.088 0.092 0.097 0.104 0.000 0.000 0.000 0.021 0.021 0.018 0.016 0.013 0.011 0.010 0.008 0.008 0.006 0.000 0.000
0.026 0.024 0.022 0.020 0.018 0.015 0.013 0.010 0.008 0.006 0.004 0.002 0.004 0.007 0.011 0.026 0.049 0.052 0.047 0.044 0.040 0.038 0.036 0.034 0.033 0.031 0.030 0.029 0.028 0.027 0.026 0.024 0.023 0.021 0.020 0.018 0.016 0.015 0.013 0.012 0.010 0.009 0.008 0.007 0.006 0.006 0.005 0.004 0.004 0.005 0.009 0.015 0.022 0.031 0.041 0.053 0.060 0.061 0.065 0.068 0.071 0.074 0.075 0.082 0.000 0.025 0.022 0.018 0.014 0.011 0.009 0.008 0.007 0.007 0.000 0.000 0.000
0.004 0.004 0.004 0.004 0.003 0.003 0.002 0.002 0.002 0.001 0.001 0.001 0.002 0.004 0.008 0.019 0.038 0.058 0.056 0.055 0.054 0.055 0.055 0.056 0.055 0.055 0.054 0.052 0.050 0.048 0.046 0.043 0.039 0.036 0.034 0.031 0.028 0.026 0.024 0.022 0.020 0.019 0.019 0.018 0.018 0.017 0.016 0.014 0.014 0.020 0.025 0.032 0.040 0.049 0.054 0.049 0.046 0.044 0.044 0.045 0.043 0.025 0.044 0.052 0.046 0.032 0.023 0.017 0.012 0.009 0.007 0.006 0.005 0.004 0.000 0.000 0.000
0.001 0.001 0.001 0.001 0.001 0.001 0.001 0.001 0.001 0.001 0.001 0.001 0.001 0.002 0.005 0.013 0.029 0.061 0.072 0.074 0.076 0.079 0.081 0.082 0.083 0.082 0.081 0.080 0.077 0.075 0.071 0.066 0.062 0.058 0.054 0.051 0.048 0.045 0.043 0.041 0.041 0.040 0.040 0.040 0.041 0.042 0.041 0.039 0.034 0.038 0.043 0.051 0.056 0.049 0.043 0.038 0.034 0.030 0.028 0.027 0.025 0.020 0.021 0.024 0.023 0.019 0.015 0.011 0.007 0.005 0.004 0.004 0.004 0.000 0.000 0.000 0.000
0.000 0.000 0.000 0.000 0.000 0.000 0.000 0.000 0.000 0.000 0.001 0.001 0.001 0.001 0.003 0.009 0.023 0.058 0.096 0.100 0.104 0.107 0.110 0.111 0.111 0.111 0.110 0.108 0.106 0.102 0.097 0.091 0.086 0.082 0.079 0.075 0.072 0.069 0.068 0.067 0.067 0.067 0.068 0.069 0.070 0.070 0.070 0.068 0.064 0.056 0.060 0.052 0.044 0.037 0.032 0.027 0.022 0.019 0.016 0.014 0.012 0.010 0.009 0.008 0.008 0.007 0.006 0.005 0.003 0.002 0.002 0.002 0.002 0.014 0.000 0.000 0.000
0.000 0.000 0.000 0.000 0.000 0.000 0.000 0.000 0.000 0.000 0.000 0.001 0.001 0.001 0.002 0.006 0.021 0.058 0.111 0.128 0.132 0.137 0.140 0.141 0.141 0.140 0.139 0.137 0.135 0.131 0.125 0.115 0.111 0.108 0.105 0.100 0.097 0.095 0.094 0.094 0.095 0.096 0.097 0.099 0.100 0.101 0.101 0.099 0.089 0.068 0.066 0.059 0.050 0.042 0.035 0.028 0.023 0.018 0.015 0.011 0.009 0.007 0.005 0.004 0.003 0.002 0.002 0.001 0.001 0.001 0.001 0.001 0.000 0.000 0.000 0.000 0.000
0.000 0.000 0.000 0.000 0.000 0.000 0.000 0.000 0.000 0.000 0.000 0.000 0.001 0.001 0.002 0.004 0.025 0.000 0.113 0.157 0.162 0.167 0.172 0.000 0.000 0.000 0.000 0.000 0.000 0.000 0.000 0.135 0.137 0.136 0.132 0.125 0.123 0.122 0.121 0.122 0.123 0.125 0.127 0.128 0.130 0.124 0.112 0.099 0.084 0.063 0.062 0.065 0.070 0.062 0.053 0.046 0.039 0.033 0.028 0.023 0.019 0.015 0.012 0.009 0.007 0.005 0.004 0.003 0.003 0.002 0.002 0.001 0.001 0.001 0.001 0.000 0.000
0.000 0.000 0.000 0.000 0.000 0.000 0.000 0.000 0.000 0.000 0.000 0.000 0.000 0.006 0.000 0.000 0.028 0.000 0.000 0.174 0.000 0.000 0.000 0.000 0.000 0.000 0.000 0.000 0.000 0.000 0.000 0.000 0.000 0.000 0.000 0.147 0.150 0.150 0.148 0.150 0.152 0.154 0.148 0.138 0.128 0.117 0.105 0.093 0.078 0.057 0.058 0.059 0.063 0.068 0.070 0.063 0.055 0.048 0.042 0.036 0.030 0.025 0.021 0.017 0.013 0.010 0.008 0.006 0.005 0.004 0.003 0.002 0.002 0.001 0.001 0.001 0.001
0.000 0.000 0.000 0.000 0.000 0.000 0.000 0.000 0.000 0.000 0.000 0.000 0.000 0.000 0.000 0.000 0.000 0.000 0.000 0.000 0.000 0.000 0.000 0.000 0.000 0.000 0.000 0.000 0.000 0.000 0.000 0.000 0.000 0.000 0.000 0.000 0.000 0.000 0.175 0.171 0.162 0.152 0.140 0.131 0.121 0.110 0.098 0.086 0.071 0.053 0.053 0.053 0.055 0.059 0.064 0.071 0.070 0.063 0.056 0.049 0.043 0.037 0.031 0.026 0.021 0.017 0.014 0.011 0.009 0.007 0.005 0.004 0.003 0.003 0.002 0.002 0.001
0.000 0.000 0.000 0.000 0.000 0.000 0.000 0.000 0.000 0.000 0.000 0.000 0.000 0.000 0.000 0.000 0.000 0.000 0.000 0.000 0.000 0.000 0.000 0.000 0.000 0.000 0.000 0.000 0.000 0.000 0.000 0.000 0.000 0.000 0.000 0.000 0.000 0.000 0.000 0.000 0.000 0.000 0.131 0.123 0.113 0.102 0.091 0.078 0.063 0.048 0.047 0.047 0.048 0.051 0.055 0.060 0.066 0.073 0.070 0.063 0.056 0.049 0.043 0.037 0.031 0.026 0.022 0.018 0.014 0.011 0.009 0.007 0.006 0.004 0.004 0.003 0.002
0.000 0.000 0.000 0.000 0.000 0.000 0.000 0.000 0.000 0.000 0.000 0.000 0.000 0.000 0.000 0.000 0.000 0.000 0.000 0.000 0.000 0.000 0.000 0.000 0.000 0.000 0.000 0.000 0.000 0.000 0.000 0.000 0.000 0.000 0.000 0.000 0.000 0.000 0.000 0.000 0.000 0.000 0.000 0.000 0.000 0.092 0.083 0.071 0.053 0.040 0.039 0.039 0.040 0.042 0.046 0.050 0.056 0.062 0.069 0.075 0.069 0.062 0.055 0.048 0.042 0.036 0.031 0.026 0.022 0.018 0.015 0.012 0.010 0.008 0.007 0.005 0.004
0.000 0.000 0.000 0.000 0.000 0.000 0.000 0.000 0.000 0.000 0.000 0.000 0.000 0.000 0.000 0.000 0.000 0.000 0.000 0.000 0.000 0.000 0.000 0.000 0.000 0.000 0.000 0.000 0.000 0.000 0.000 0.000 0.000 0.000 0.000 0.000 0.000 0.000 0.000 0.000 0.000 0.000 0.000 0.000 0.000 0.000 0.000 0.000 0.037 0.031 0.030 0.030 0.032 0.034 0.036 0.040 0.045 0.051 0.057 0.064 0.070 0.075 0.068 0.060 0.053 0.047 0.041 0.036 0.031 0.027 0.023 0.020 0.017 0.015 0.012 0.010 0.009
0.000 0.000 0.000 0.000 0.000 0.000 0.000 0.000 0.000 0.000 0.000 0.000 0.000 0.000 0.000 0.000 0.000 0.000 0.000 0.000 0.000 0.000 0.000 0.000 0.000 0.000 0.000 0.000 0.000 0.000 0.000 0.000 0.000 0.000 0.000 0.000 0.000 0.000 0.000 0.000 0.000 0.000 0.000 0.000 0.000 0.000 0.000 0.000 0.000 0.000 0.015 0.020 0.023 0.026 0.027 0.030 0.035 0.041 0.046 0.052 0.058 0.065 0.071 0.072 0.065 0.058 0.052 0.047 0.042 0.039 0.035 0.033 0.030 0.027 0.023 0.020 0.017
0.000 0.000 0.000 0.000 0.000 0.000 0.000 0.000 0.000 0.000 0.000 0.000 0.000 0.000 0.000 0.000 0.000 0.000 0.000 0.000 0.000 0.000 0.000 0.000 0.000 0.000 0.000 0.000 0.000 0.000 0.000 0.000 0.000 0.000 0.000 0.000 0.000 0.000 0.000 0.000 0.000 0.000 0.000 0.000 0.000 0.000 0.000 0.000 0.000 0.000 0.000 0.000 0.000 0.000 0.014 0.021 0.026 0.032 0.035 0.040 0.046 0.052 0.057 0.064 0.071 0.070 0.065 0.060 0.057 0.055 0.053 0.050 0.047 0.044 0.040 0.035 0.030
0.000 0.000 0.000 0.000 0.000 0.000 0.000 0.000 0.000 0.000 0.000 0.000 0.000 0.000 0.000 0.000 0.000 0.000 0.000 0.000 0.000 0.000 0.000 0.000 0.000 0.000 0.000 0.000 0.000 0.000 0.000 0.000 0.000 0.000 0.000 0.000 0.000 0.000 0.000 0.000 0.000 0.000 0.000 0.000 0.000 0.000 0.000 0.000 0.000 0.000 0.000 0.000 0.000 0.000 0.000 0.000 0.000 0.000 0.021 0.027 0.033 0.039 0.041 0.049 0.057 0.067 0.077 0.077 0.076 0.075 0.074 0.072 0.069 0.065 0.059 0.053 0.046
0.000 0.000 0.000 0.000 0.000 0.000 0.000 0.000 0.000 0.000 0.000 0.000 0.000 0.000 0.000 0.000 0.000 0.000 0.000 0.000 0.000 0.000 0.000 0.000 0.000 0.000 0.000 0.000 0.000 0.000 0.000 0.000 0.000 0.000 0.000 0.000 0.000 0.000 0.000 0.000 0.000 0.000 0.000 0.000 0.000 0.000 0.000 0.000 0.000 0.000 0.000 0.000 0.000 0.000 0.000 0.000 0.000 0.000 0.000 0.015 0.021 0.025 0.000 0.033 0.044 0.054 0.066 0.081 0.098 0.099 0.098 0.097 0.093 0.088 0.079 0.070 0.062
0.000 0.000 0.000 0.000 0.000 0.000 0.000 0.000 0.000 0.000 0.000 0.000 0.000 0.000 0.000 0.000 0.000 0.000 0.000 0.000 0.000 0.000 0.000 0.000 0.000 0.000 0.000 0.000 0.000 0.000 0.000 0.000 0.000 0.000 0.000 0.000 0.000 0.000 0.000 0.000 0.000 0.000 0.000 0.000 0.000 0.000 0.000 0.000 0.000 0.000 0.000 0.000 0.000 0.000 0.000 0.000 0.000 0.000 0.000 0.006 0.011 0.014 0.013 0.023 0.032 0.043 0.056 0.074 0.094 0.114 0.124 0.123 0.119 0.112 0.095 0.086 0.076
0.000 0.000 0.000 0.000 0.000 0.000 0.000 0.000 0.000 0.000 0.000 0.000 0.000 0.000 0.000 0.000 0.000 0.000 0.000 0.000 0.000 0.000 0.000 0.000 0.000 0.000 0.000 0.000 0.000 0.000 0.000 0.000 0.000 0.000 0.000 0.000 0.000 0.000 0.000 0.000 0.000 0.000 0.000 0.000 0.000 0.000 0.000 0.000 0.000 0.000 0.000 0.000 0.000 0.000 0.000 0.000 0.000 0.000 0.000 0.001 0.003 0.006 0.008 0.014 0.022 0.033 0.048 0.068 0.090 0.113 0.000 0.000 0.000 0.000 0.104 0.102 0.086
0.000 0.000 0.000 0.000 0.000 0.000 0.000 0.000 0.000 0.000 0.000 0.000 0.000 0.000 0.000 0.000 0.000 0.000 0.000 0.000 0.000 0.000 0.000 0.000 0.000 0.000 0.000 0.000 0.000 0.000 0.000 0.000 0.000 0.000 0.000 0.000 0.000 0.000 0.000 0.000 0.000 0.000 0.000 0.000 0.000 0.000 0.000 0.000 0.000 0.000 0.000 0.000 0.000 0.000 0.000 0.000 0.000 0.000 0.000 0.001 0.001 0.001 0.003 0.007 0.014 0.024 0.041 0.064 0.088 0.000 0.000 0.000 0.000 0.000 0.000 0.000 0.088
0.000 0.000 0.000 0.000 0.000 0.000 0.000 0.000 0.000 0.000 0.000 0.000 0.000 0.000 0.000 0.000 0.000 0.000 0.000 0.000 0.000 0.000 0.000 0.000 0.000 0.000 0.000 0.000 0.000 0.000 0.000 0.000 0.000 0.000 0.000 0.000 0.000 0.000 0.000 0.000 0.000 0.000 0.000 0.000 0.000 0.000 0.000 0.000 0.000 0.000 0.000 0.000 0.000 0.000 0.000 0.000 0.000 0.000 0.000 0.000 0.001 0.001 0.001 0.002 0.007 0.016 0.035 0.061 0.000 0.000 0.000 0.000 0.000 0.000 0.000 0.000 0.000
0.000 0.000 0.000 0.000 0.000 0.000 0.000 0.000 0.000 0.000 0.000 0.000 0.000 0.000 0.000 0.000 0.000 0.000 0.000 0.000 0.000 0.000 0.000 0.000 0.000 0.000 0.000 0.000 0.000 0.000 0.000 0.000 0.000 0.000 0.000 0.000 0.000 0.000 0.000 0.000 0.000 0.000 0.000 0.000 0.000 0.000 0.000 0.000 0.000 0.000 0.000 0.000 0.000 0.000 0.000 0.000 0.000 0.000 0.000 0.000 0.000 0.001 0.001 0.001 0.002 0.010 0.030 0.057 0.000 0.000 0.000 0.000 0.000 0.000 0.000 0.000 0.000
0.000 0.000 0.000 0.000 0.000 0.000 0.000 0.000 0.000 0.000 0.000 0.000 0.000 0.000 0.000 0.000 0.000 0.000 0.000 0.000 0.000 0.000 0.000 0.000 0.000 0.000 0.000 0.000 0.000 0.000 0.000 0.000 0.000 0.000 0.000 0.000 0.000 0.000 0.000 0.000 0.000 0.000 0.000 0.000 0.000 0.000 0.000 0.000 0.000 0.000 0.000 0.000 0.000 0.000 0.000 0.000 0.000 0.000 0.000 0.000 0.000 0.000 0.000 0.001 0.001 0.004 0.026 0.000 0.000 0.000 0.000 0.000 0.000 0.000 0.000 0.000 0.000
0.000 0.000 0.000 0.000 0.000 0.000 0.000 0.000 0.000 0.000 0.000 0.000 0.000 0.000 0.000 0.000 0.000 0.000 0.000 0.000 0.000 0.000 0.000 0.000 0.000 0.000 0.000 0.000 0.000 0.000 0.000 0.000 0.000 0.000 0.000 0.000 0.000 0.000 0.000 0.000 0.000 0.000 0.000 0.000 0.000 0.000 0.000 0.000 0.000 0.000 0.000 0.000 0.000 0.000 0.000 0.000 0.000 0.000 0.000 0.000 0.000 0.000 0.000 0.001 0.001 0.007 0.039 0.000 0.000 0.000 0.000 0.000 0.000 0.000 0.000 0.000 0.000
0.000 0.000 0.000 0.000 0.000 0.000 0.000 0.000 0.000 0.000 0.000 0.000 0.000 0.000 0.000 0.000 0.000 0.000 0.000 0.000 0.000 0.000 0.000 0.000 0.000 0.000 0.000 0.000 0.000 0.000 0.000 0.000 0.000 0.000 0.000 0.000 0.000 0.000 0.000 0.000 0.000 0.000 0.000 0.000 0.000 0.000 0.000 0.000 0.000 0.000 0.000 0.000 0.000 0.000 0.000 0.000 0.000 0.000 0.000 0.000 0.000 0.000 0.000 0.001 0.001 0.007 0.000 0.000 0.000 0.000 0.000 0.000 0.000 0.000 0.000 0.000 0.000
0.000 0.000 0.000 0.000 0.000 0.000 0.000 0.000 0.000 0.000 0.000 0.000 0.000 0.000 0.000 0.000 0.000 0.000 0.000 0.000 0.000 0.000 0.000 0.000 0.000 0.000 0.000 0.000 0.000 0.000 0.000 0.000 0.000 0.000 0.000 0.000 0.000 0.000 0.000 0.000 0.000 0.000 0.000 0.000 0.000 0.000 0.000 0.000 0.000 0.000 0.000 0.000 0.000 0.000 0.000 0.000 0.000 0.000 0.000 0.000 0.000 0.000 0.000 0.001 0.001 0.007 0.000 0.000 0.000 0.000 0.000 0.000 0.000 0.000 0.000 0.000 0.000
