数据/50y_1h/50y_1h_res_2/50y_1h_118-0001.wd
ncols         694
nrows         824
xllcorner     581104.939801
yllcorner     3495917.092414
cellsize      2.000000
NODATA_value  -9999.000000
[rows 306 to 339 of 824, columns 462 to 538 of 694]
0.018 0.020 0.022 0.023 0.023 0.023 0.023 0.023 0.019 0.014 0.009 0.006 0.004 0.003 0.002 0.001 0.001 0.000 0.001 0.001 0.001 0.001 0.001 0.001 0.001 0.002 0.004 0.007 0.009 0.011 0.011 0.010 0.009 0.007 0.006 0.004 0.003 0.003 0.003 0.000 0.000 0.000 0.000 0.000 0.000 0.000 0.000 0.000 0.000 0.000 0.000 0.000 0.000 0.000 0.010 0.010 0.010 0.013 0.000 0.001 0.001 0.001 0.001 0.001 0.002 0.027 0.000 0.000 0.000 0.000 0.001 0.003 0.010 0.021 0.030 0.029 0.025
0.000 0.017 0.020 0.022 0.023 0.023 0.023 0.023 0.023 0.020 0.015 0.011 0.007 0.005 0.003 0.002 0.001 0.001 0.001 0.001 0.001 0.001 0.001 0.001 0.001 0.002 0.004 0.006 0.009 0.010 0.010 0.010 0.009 0.008 0.006 0.005 0.004 0.005 0.013 0.000 0.000 0.000 0.000 0.000 0.000 0.000 0.000 0.000 0.000 0.000 0.000 0.000 0.000 0.000 0.000 0.000 0.000 0.010 0.010 0.008 0.007 0.006 0.005 0.005 0.007 0.000 0.000 0.000 0.000 0.000 0.007 0.018 0.027 0.028 0.024 0.022 0.020
0.011 0.016 0.019 0.021 0.022 0.023 0.023 0.024 0.024 0.024 0.023 0.018 0.013 0.009 0.006 0.004 0.002 0.002 0.002 0.001 0.001 0.001 0.001 0.001 0.001 0.000 0.004 0.006 0.009 0.010 0.010 0.010 0.009 0.008 0.007 0.005 0.005 0.005 0.000 0.000 0.000 0.000 0.000 0.000 0.000 0.000 0.000 0.000 0.000 0.000 0.000 0.000 0.000 0.000 0.000 0.000 0.000 0.000 0.000 0.006 0.007 0.008 0.007 0.006 0.011 0.000 0.000 0.000 0.000 0.013 0.023 0.026 0.024 0.021 0.019 0.017 0.015
0.013 0.016 0.018 0.020 0.022 0.024 0.025 0.026 0.027 0.028 0.029 0.030 0.024 0.018 0.013 0.009 0.006 0.005 0.004 0.003 0.002 0.002 0.001 0.001 0.001 0.001 0.004 0.006 0.008 0.009 0.010 0.010 0.009 0.008 0.007 0.006 0.005 0.005 0.003 0.002 0.002 0.000 0.000 0.000 0.000 0.000 0.000 0.000 0.000 0.000 0.000 0.000 0.000 0.000 0.000 0.000 0.000 0.000 0.000 0.000 0.000 0.000 0.005 0.007 0.009 0.012 0.000 0.000 0.000 0.023 0.022 0.020 0.018 0.016 0.014 0.013 0.012
0.013 0.016 0.019 0.021 0.024 0.026 0.029 0.031 0.033 0.035 0.036 0.038 0.039 0.033 0.025 0.018 0.013 0.009 0.007 0.005 0.004 0.003 0.002 0.002 0.001 0.001 0.004 0.006 0.008 0.009 0.010 0.010 0.009 0.008 0.007 0.006 0.006 0.005 0.004 0.003 0.002 0.001 0.001 0.000 0.000 0.000 0.000 0.000 0.000 0.000 0.000 0.000 0.000 0.000 0.000 0.000 0.000 0.000 0.000 0.000 0.000 0.000 0.000 0.000 0.007 0.012 0.015 0.026 0.028 0.023 0.019 0.017 0.015 0.013 0.012 0.011 0.011
0.014 0.018 0.021 0.025 0.029 0.033 0.036 0.040 0.043 0.045 0.047 0.048 0.049 0.047 0.037 0.028 0.020 0.015 0.011 0.008 0.006 0.004 0.003 0.003 0.002 0.002 0.004 0.006 0.008 0.009 0.009 0.010 0.009 0.009 0.008 0.007 0.006 0.005 0.004 0.003 0.002 0.002 0.001 0.001 0.001 0.002 0.000 0.000 0.000 0.000 0.000 0.000 0.000 0.000 0.000 0.000 0.000 0.000 0.000 0.000 0.000 0.000 0.000 0.000 0.000 0.000 0.000 0.017 0.018 0.017 0.016 0.014 0.012 0.011 0.010 0.009 0.007
0.018 0.023 0.028 0.033 0.038 0.043 0.047 0.051 0.055 0.057 0.059 0.060 0.053 0.041 0.039 0.034 0.025 0.019 0.014 0.011 0.008 0.006 0.005 0.004 0.003 0.003 0.004 0.006 0.007 0.009 0.009 0.010 0.009 0.009 0.008 0.007 0.006 0.006 0.005 0.004 0.003 0.002 0.002 0.001 0.001 0.001 0.001 0.002 0.000 0.000 0.000 0.000 0.000 0.002 0.000 0.000 0.000 0.000 0.000 0.000 0.000 0.000 0.000 0.000 0.000 0.000 0.020 0.018 0.016 0.015 0.013 0.012 0.010 0.009 0.008 0.009 0.000
0.026 0.032 0.039 0.044 0.050 0.054 0.059 0.057 0.052 0.046 0.039 0.032 0.024 0.015 0.027 0.035 0.028 0.022 0.017 0.013 0.010 0.007 0.006 0.004 0.004 0.003 0.004 0.006 0.007 0.008 0.009 0.010 0.009 0.009 0.008 0.008 0.007 0.006 0.005 0.004 0.003 0.003 0.002 0.001 0.001 0.001 0.001 0.001 0.001 0.001 0.001 0.001 0.001 0.001 0.001 0.002 0.010 0.000 0.000 0.000 0.000 0.000 0.000 0.000 0.000 0.000 0.017 0.017 0.015 0.013 0.012 0.010 0.009 0.008 0.007 0.006 0.000
0.038 0.044 0.046 0.043 0.039 0.035 0.031 0.027 0.023 0.019 0.015 0.010 0.005 0.008 0.017 0.031 0.031 0.025 0.020 0.016 0.012 0.009 0.007 0.006 0.004 0.004 0.004 0.006 0.007 0.008 0.009 0.009 0.009 0.009 0.008 0.008 0.007 0.006 0.005 0.004 0.004 0.003 0.002 0.001 0.001 0.001 0.001 0.001 0.001 0.001 0.001 0.001 0.001 0.001 0.002 0.005 0.019 0.041 0.068 0.000 0.000 0.000 0.000 0.000 0.000 0.022 0.020 0.017 0.015 0.012 0.010 0.009 0.007 0.007 0.007 0.000 0.000
0.020 0.018 0.016 0.014 0.013 0.011 0.009 0.007 0.006 0.005 0.003 0.002 0.002 0.004 0.010 0.021 0.032 0.027 0.022 0.018 0.015 0.012 0.009 0.007 0.006 0.005 0.005 0.006 0.007 0.008 0.009 0.009 0.009 0.009 0.009 0.008 0.007 0.007 0.006 0.005 0.004 0.003 0.003 0.002 0.002 0.001 0.001 0.001 0.001 0.001 0.001 0.001 0.002 0.003 0.009 0.019 0.034 0.053 0.068 0.073 0.080 0.088 0.000 0.000 0.000 0.018 0.018 0.016 0.014 0.011 0.009 0.007 0.006 0.006 0.005 0.000 0.000
0.004 0.003 0.003 0.003 0.002 0.002 0.002 0.002 0.001 0.001 0.001 0.001 0.001 0.002 0.006 0.014 0.029 0.029 0.025 0.021 0.018 0.015 0.012 0.010 0.009 0.008 0.008 0.008 0.009 0.009 0.010 0.010 0.010 0.010 0.009 0.009 0.008 0.007 0.006 0.006 0.005 0.004 0.003 0.003 0.002 0.002 0.002 0.001 0.001 0.002 0.002 0.003 0.008 0.016 0.026 0.036 0.042 0.042 0.046 0.050 0.055 0.059 0.062 0.070 0.000 0.021 0.018 0.015 0.012 0.009 0.007 0.006 0.005 0.005 0.000 0.000 0.000
0.001 0.001 0.001 0.001 0.001 0.001 0.001 0.001 0.001 0.001 0.001 0.001 0.001 0.001 0.003 0.008 0.020 0.032 0.028 0.025 0.023 0.021 0.020 0.019 0.018 0.018 0.017 0.017 0.017 0.017 0.017 0.017 0.016 0.015 0.013 0.012 0.011 0.010 0.009 0.008 0.007 0.006 0.006 0.005 0.005 0.005 0.005 0.004 0.003 0.005 0.009 0.016 0.025 0.034 0.039 0.034 0.030 0.028 0.028 0.028 0.027 0.000 0.033 0.041 0.037 0.026 0.018 0.013 0.010 0.007 0.005 0.004 0.004 0.003 0.000 0.000 0.000
0.001 0.001 0.001 0.001 0.001 0.001 0.001 0.001 0.001 0.001 0.001 0.001 0.001 0.001 0.002 0.005 0.013 0.030 0.035 0.035 0.035 0.036 0.038 0.039 0.040 0.040 0.040 0.039 0.038 0.037 0.035 0.032 0.029 0.027 0.024 0.022 0.020 0.019 0.017 0.016 0.015 0.015 0.015 0.015 0.016 0.017 0.018 0.018 0.015 0.020 0.027 0.035 0.040 0.035 0.029 0.025 0.021 0.018 0.016 0.015 0.014 0.010 0.011 0.015 0.016 0.013 0.000 0.004 0.004 0.004 0.003 0.003 0.003 0.000 0.000 0.000 0.000
0.000 0.000 0.000 0.000 0.000 0.000 0.000 0.000 0.000 0.000 0.001 0.001 0.001 0.001 0.001 0.003 0.009 0.024 0.051 0.055 0.059 0.062 0.066 0.067 0.068 0.068 0.068 0.067 0.065 0.063 0.059 0.054 0.050 0.047 0.044 0.041 0.038 0.037 0.036 0.035 0.036 0.038 0.040 0.042 0.044 0.046 0.047 0.047 0.045 0.039 0.044 0.037 0.030 0.025 0.020 0.017 0.014 0.011 0.009 0.007 0.006 0.005 0.005 0.005 0.004 0.004 0.003 0.003 0.002 0.002 0.002 0.002 0.002 0.014 0.000 0.000 0.000
0.000 0.000 0.000 0.000 0.000 0.000 0.000 0.000 0.000 0.000 0.000 0.001 0.001 0.001 0.001 0.002 0.007 0.022 0.065 0.082 0.087 0.092 0.096 0.096 0.097 0.097 0.097 0.096 0.094 0.091 0.086 0.077 0.073 0.071 0.068 0.064 0.062 0.061 0.061 0.062 0.064 0.066 0.069 0.071 0.074 0.076 0.078 0.078 0.070 0.051 0.049 0.043 0.035 0.029 0.023 0.018 0.014 0.011 0.008 0.006 0.005 0.004 0.003 0.002 0.002 0.001 0.001 0.001 0.001 0.001 0.001 0.001 0.000 0.000 0.000 0.000 0.000
0.000 0.000 0.000 0.000 0.000 0.000 0.000 0.000 0.000 0.000 0.000 0.000 0.001 0.001 0.001 0.002 0.011 0.000 0.068 0.112 0.117 0.122 0.127 0.000 0.000 0.000 0.000 0.000 0.000 0.000 0.000 0.097 0.099 0.098 0.095 0.088 0.087 0.088 0.088 0.090 0.092 0.095 0.098 0.101 0.104 0.100 0.089 0.078 0.064 0.046 0.045 0.049 0.054 0.047 0.039 0.033 0.028 0.023 0.018 0.014 0.011 0.009 0.007 0.005 0.004 0.003 0.002 0.002 0.002 0.001 0.001 0.001 0.001 0.001 0.001 0.000 0.000
0.000 0.000 0.000 0.000 0.000 0.000 0.000 0.000 0.000 0.000 0.000 0.000 0.000 0.006 0.000 0.000 0.014 0.000 0.000 0.128 0.000 0.000 0.000 0.000 0.000 0.000 0.000 0.000 0.000 0.000 0.000 0.000 0.000 0.000 0.000 0.111 0.114 0.116 0.116 0.118 0.122 0.125 0.120 0.111 0.102 0.093 0.083 0.072 0.058 0.040 0.041 0.043 0.046 0.052 0.054 0.048 0.041 0.035 0.029 0.024 0.020 0.016 0.013 0.010 0.008 0.006 0.004 0.004 0.003 0.002 0.002 0.001 0.001 0.001 0.001 0.001 0.001
0.000 0.000 0.000 0.000 0.000 0.000 0.000 0.000 0.000 0.000 0.000 0.000 0.000 0.000 0.000 0.000 0.000 0.000 0.000 0.000 0.000 0.000 0.000 0.000 0.000 0.000 0.000 0.000 0.000 0.000 0.000 0.000 0.000 0.000 0.000 0.000 0.000 0.000 0.143 0.139 0.131 0.122 0.113 0.104 0.095 0.086 0.076 0.065 0.052 0.036 0.036 0.037 0.039 0.043 0.049 0.055 0.055 0.048 0.041 0.036 0.030 0.025 0.021 0.017 0.013 0.010 0.008 0.006 0.005 0.004 0.003 0.002 0.002 0.001 0.001 0.001 0.001
0.000 0.000 0.000 0.000 0.000 0.000 0.000 0.000 0.000 0.000 0.000 0.000 0.000 0.000 0.000 0.000 0.000 0.000 0.000 0.000 0.000 0.000 0.000 0.000 0.000 0.000 0.000 0.000 0.000 0.000 0.000 0.000 0.000 0.000 0.000 0.000 0.000 0.000 0.000 0.000 0.000 0.000 0.104 0.097 0.088 0.078 0.069 0.058 0.044 0.032 0.031 0.031 0.033 0.035 0.039 0.044 0.051 0.057 0.054 0.048 0.041 0.036 0.030 0.025 0.021 0.017 0.013 0.011 0.008 0.006 0.005 0.004 0.003 0.002 0.002 0.002 0.001
0.000 0.000 0.000 0.000 0.000 0.000 0.000 0.000 0.000 0.000 0.000 0.000 0.000 0.000 0.000 0.000 0.000 0.000 0.000 0.000 0.000 0.000 0.000 0.000 0.000 0.000 0.000 0.000 0.000 0.000 0.000 0.000 0.000 0.000 0.000 0.000 0.000 0.000 0.000 0.000 0.000 0.000 0.000 0.000 0.000 0.069 0.061 0.051 0.036 0.026 0.025 0.025 0.026 0.028 0.031 0.035 0.040 0.046 0.053 0.059 0.054 0.047 0.041 0.035 0.030 0.025 0.021 0.017 0.013 0.011 0.008 0.007 0.005 0.004 0.003 0.003 0.002
0.000 0.000 0.000 0.000 0.000 0.000 0.000 0.000 0.000 0.000 0.000 0.000 0.000 0.000 0.000 0.000 0.000 0.000 0.000 0.000 0.000 0.000 0.000 0.000 0.000 0.000 0.000 0.000 0.000 0.000 0.000 0.000 0.000 0.000 0.000 0.000 0.000 0.000 0.000 0.000 0.000 0.000 0.000 0.000 0.000 0.000 0.000 0.000 0.021 0.017 0.017 0.018 0.019 0.020 0.022 0.026 0.030 0.035 0.041 0.047 0.054 0.059 0.053 0.046 0.040 0.034 0.029 0.024 0.020 0.017 0.014 0.011 0.009 0.007 0.006 0.005 0.004
0.000 0.000 0.000 0.000 0.000 0.000 0.000 0.000 0.000 0.000 0.000 0.000 0.000 0.000 0.000 0.000 0.000 0.000 0.000 0.000 0.000 0.000 0.000 0.000 0.000 0.000 0.000 0.000 0.000 0.000 0.000 0.000 0.000 0.000 0.000 0.000 0.000 0.000 0.000 0.000 0.000 0.000 0.000 0.000 0.000 0.000 0.000 0.000 0.000 0.000 0.006 0.009 0.011 0.013 0.014 0.017 0.020 0.025 0.030 0.036 0.042 0.049 0.056 0.058 0.051 0.045 0.039 0.034 0.029 0.025 0.022 0.019 0.016 0.014 0.012 0.010 0.008
0.000 0.000 0.000 0.000 0.000 0.000 0.000 0.000 0.000 0.000 0.000 0.000 0.000 0.000 0.000 0.000 0.000 0.000 0.000 0.000 0.000 0.000 0.000 0.000 0.000 0.000 0.000 0.000 0.000 0.000 0.000 0.000 0.000 0.000 0.000 0.000 0.000 0.000 0.000 0.000 0.000 0.000 0.000 0.000 0.000 0.000 0.000 0.000 0.000 0.000 0.000 0.000 0.000 0.000 0.005 0.008 0.011 0.016 0.020 0.025 0.031 0.037 0.044 0.051 0.058 0.057 0.050 0.045 0.040 0.037 0.034 0.031 0.029 0.026 0.023 0.020 0.017
0.000 0.000 0.000 0.000 0.000 0.000 0.000 0.000 0.000 0.000 0.000 0.000 0.000 0.000 0.000 0.000 0.000 0.000 0.000 0.000 0.000 0.000 0.000 0.000 0.000 0.000 0.000 0.000 0.000 0.000 0.000 0.000 0.000 0.000 0.000 0.000 0.000 0.000 0.000 0.000 0.000 0.000 0.000 0.000 0.000 0.000 0.000 0.000 0.000 0.000 0.000 0.000 0.000 0.000 0.000 0.000 0.000 0.000 0.009 0.015 0.020 0.026 0.032 0.039 0.046 0.053 0.061 0.059 0.055 0.054 0.052 0.050 0.048 0.044 0.040 0.035 0.030
0.000 0.000 0.000 0.000 0.000 0.000 0.000 0.000 0.000 0.000 0.000 0.000 0.000 0.000 0.000 0.000 0.000 0.000 0.000 0.000 0.000 0.000 0.000 0.000 0.000 0.000 0.000 0.000 0.000 0.000 0.000 0.000 0.000 0.000 0.000 0.000 0.000 0.000 0.000 0.000 0.000 0.000 0.000 0.000 0.000 0.000 0.000 0.000 0.000 0.000 0.000 0.000 0.000 0.000 0.000 0.000 0.000 0.000 0.000 0.005 0.010 0.016 0.021 0.027 0.034 0.041 0.049 0.061 0.074 0.075 0.075 0.073 0.071 0.066 0.059 0.051 0.044
0.000 0.000 0.000 0.000 0.000 0.000 0.000 0.000 0.000 0.000 0.000 0.000 0.000 0.000 0.000 0.000 0.000 0.000 0.000 0.000 0.000 0.000 0.000 0.000 0.000 0.000 0.000 0.000 0.000 0.000 0.000 0.000 0.000 0.000 0.000 0.000 0.000 0.000 0.000 0.000 0.000 0.000 0.000 0.000 0.000 0.000 0.000 0.000 0.000 0.000 0.000 0.000 0.000 0.000 0.000 0.000 0.000 0.000 0.000 0.001 0.003 0.006 0.011 0.016 0.022 0.029 0.038 0.051 0.069 0.089 0.100 0.099 0.096 0.090 0.075 0.066 0.057
0.000 0.000 0.000 0.000 0.000 0.000 0.000 0.000 0.000 0.000 0.000 0.000 0.000 0.000 0.000 0.000 0.000 0.000 0.000 0.000 0.000 0.000 0.000 0.000 0.000 0.000 0.000 0.000 0.000 0.000 0.000 0.000 0.000 0.000 0.000 0.000 0.000 0.000 0.000 0.000 0.000 0.000 0.000 0.000 0.000 0.000 0.000 0.000 0.000 0.000 0.000 0.000 0.000 0.000 0.000 0.000 0.000 0.000 0.000 0.001 0.001 0.001 0.002 0.006 0.011 0.018 0.028 0.044 0.065 0.088 0.000 0.000 0.000 0.000 0.083 0.082 0.068
0.000 0.000 0.000 0.000 0.000 0.000 0.000 0.000 0.000 0.000 0.000 0.000 0.000 0.000 0.000 0.000 0.000 0.000 0.000 0.000 0.000 0.000 0.000 0.000 0.000 0.000 0.000 0.000 0.000 0.000 0.000 0.000 0.000 0.000 0.000 0.000 0.000 0.000 0.000 0.000 0.000 0.000 0.000 0.000 0.000 0.000 0.000 0.000 0.000 0.000 0.000 0.000 0.000 0.000 0.000 0.000 0.000 0.000 0.000 0.001 0.001 0.001 0.001 0.001 0.003 0.009 0.019 0.039 0.062 0.000 0.000 0.000 0.000 0.000 0.000 0.000 0.070
0.000 0.000 0.000 0.000 0.000 0.000 0.000 0.000 0.000 0.000 0.000 0.000 0.000 0.000 0.000 0.000 0.000 0.000 0.000 0.000 0.000 0.000 0.000 0.000 0.000 0.000 0.000 0.000 0.000 0.000 0.000 0.000 0.000 0.000 0.000 0.000 0.000 0.000 0.000 0.000 0.000 0.000 0.000 0.000 0.000 0.000 0.000 0.000 0.000 0.000 0.000 0.000 0.000 0.000 0.000 0.000 0.000 0.000 0.000 0.000 0.001 0.001 0.001 0.001 0.001 0.003 0.013 0.036 0.000 0.000 0.000 0.000 0.000 0.000 0.000 0.000 0.000
0.000 0.000 0.000 0.000 0.000 0.000 0.000 0.000 0.000 0.000 0.000 0.000 0.000 0.000 0.000 0.000 0.000 0.000 0.000 0.000 0.000 0.000 0.000 0.000 0.000 0.000 0.000 0.000 0.000 0.000 0.000 0.000 0.000 0.000 0.000 0.000 0.000 0.000 0.000 0.000 0.000 0.000 0.000 0.000 0.000 0.000 0.000 0.000 0.000 0.000 0.000 0.000 0.000 0.000 0.000 0.000 0.000 0.000 0.000 0.000 0.000 0.001 0.001 0.001 0.001 0.001 0.008 0.031 0.000 0.000 0.000 0.000 0.000 0.000 0.000 0.000 0.000
0.000 0.000 0.000 0.000 0.000 0.000 0.000 0.000 0.000 0.000 0.000 0.000 0.000 0.000 0.000 0.000 0.000 0.000 0.000 0.000 0.000 0.000 0.000 0.000 0.000 0.000 0.000 0.000 0.000 0.000 0.000 0.000 0.000 0.000 0.000 0.000 0.000 0.000 0.000 0.000 0.000 0.000 0.000 0.000 0.000 0.000 0.000 0.000 0.000 0.000 0.000 0.000 0.000 0.000 0.000 0.000 0.000 0.000 0.000 0.000 0.000 0.000 0.000 0.001 0.001 0.001 0.006 0.000 0.000 0.000 0.000 0.000 0.000 0.000 0.000 0.000 0.000
0.000 0.000 0.000 0.000 0.000 0.000 0.000 0.000 0.000 0.000 0.000 0.000 0.000 0.000 0.000 0.000 0.000 0.000 0.000 0.000 0.000 0.000 0.000 0.000 0.000 0.000 0.000 0.000 0.000 0.000 0.000 0.000 0.000 0.000 0.000 0.000 0.000 0.000 0.000 0.000 0.000 0.000 0.000 0.000 0.000 0.000 0.000 0.000 0.000 0.000 0.000 0.000 0.000 0.000 0.000 0.000 0.000 0.000 0.000 0.000 0.000 0.000 0.000 0.001 0.001 0.001 0.019 0.000 0.000 0.000 0.000 0.000 0.000 0.000 0.000 0.000 0.000
0.000 0.000 0.000 0.000 0.000 0.000 0.000 0.000 0.000 0.000 0.000 0.000 0.000 0.000 0.000 0.000 0.000 0.000 0.000 0.000 0.000 0.000 0.000 0.000 0.000 0.000 0.000 0.000 0.000 0.000 0.000 0.000 0.000 0.000 0.000 0.000 0.000 0.000 0.000 0.000 0.000 0.000 0.000 0.000 0.000 0.000 0.000 0.000 0.000 0.000 0.000 0.000 0.000 0.000 0.000 0.000 0.000 0.000 0.000 0.000 0.000 0.000 0.000 0.001 0.001 0.001 0.000 0.000 0.000 0.000 0.000 0.000 0.000 0.000 0.000 0.000 0.000
0.000 0.000 0.000 0.000 0.000 0.000 0.000 0.000 0.000 0.000 0.000 0.000 0.000 0.000 0.000 0.000 0.000 0.000 0.000 0.000 0.000 0.000 0.000 0.000 0.000 0.000 0.000 0.000 0.000 0.000 0.000 0.000 0.000 0.000 0.000 0.000 0.000 0.000 0.000 0.000 0.000 0.000 0.000 0.000 0.000 0.000 0.000 0.000 0.000 0.000 0.000 0.000 0.000 0.000 0.000 0.000 0.000 0.000 0.000 0.000 0.000 0.000 0.000 0.001 0.001 0.001 0.000 0.000 0.000 0.000 0.000 0.000 0.000 0.000 0.000 0.000 0.000
