数据/50y_1h/50y_1h_res_2/50y_1h_106-0001.wd
ncols         694
nrows         824
xllcorner     581104.939801
yllcorner     3495917.092414
cellsize      2.000000
NODATA_value  -9999.000000
[rows 714 to 747 of 824, columns 154 to 230 of 694]
0.000 0.000 0.000 0.000 0.000 0.000 0.000 0.002 0.003 0.004 0.005 0.006 0.007 0.008 0.009 0.009 0.009 0.009 0.009 0.008 0.001 0.001 0.064 0.061 0.057 0.055 0.053 0.050 0.046 0.042 0.038 0.034 0.000 0.000 0.000 0.000 0.000 0.000 0.000 0.000 0.000 0.000 0.001 0.007 0.026 0.037 0.046 0.058 0.069 0.000 0.000 0.000 0.000 0.000 0.000 0.000 0.000 0.000 0.165 0.176 0.187 0.186 0.163 0.143 0.152 0.068 0.002 0.000 0.000 0.000 0.000 0.000 0.000 0.000 0.000 0.000 0.000
0.000 0.000 0.000 0.000 0.000 0.000 0.002 0.003 0.004 0.005 0.006 0.007 0.008 0.009 0.010 0.010 0.011 0.011 0.011 0.011 0.011 0.010 0.001 0.081 0.079 0.077 0.074 0.070 0.066 0.061 0.056 0.051 0.045 0.042 0.000 0.000 0.000 0.000 0.000 0.000 0.000 0.000 0.002 0.049 0.089 0.098 0.109 0.119 0.130 0.000 0.000 0.000 0.000 0.000 0.000 0.000 0.000 0.000 0.228 0.223 0.200 0.177 0.154 0.145 0.155 0.110 0.024 0.001 0.000 0.000 0.000 0.000 0.000 0.000 0.000 0.000 0.000
0.000 0.000 0.000 0.000 0.000 0.001 0.003 0.004 0.005 0.006 0.007 0.008 0.009 0.010 0.011 0.011 0.012 0.012 0.013 0.014 0.014 0.015 0.014 0.000 0.001 0.098 0.095 0.091 0.086 0.080 0.074 0.069 0.064 0.060 0.056 0.000 0.000 0.000 0.000 0.000 0.000 0.002 0.035 0.089 0.144 0.162 0.173 0.183 0.193 0.000 0.000 0.000 0.000 0.000 0.000 0.000 0.000 0.261 0.238 0.215 0.191 0.168 0.145 0.148 0.158 0.154 0.068 0.002 0.000 0.000 0.000 0.000 0.000 0.000 0.000 0.000 0.000
0.000 0.000 0.000 0.000 0.000 0.002 0.004 0.005 0.006 0.007 0.008 0.009 0.010 0.011 0.011 0.012 0.013 0.014 0.015 0.016 0.017 0.018 0.020 0.022 0.026 0.004 0.117 0.111 0.106 0.099 0.093 0.087 0.083 0.079 0.075 0.071 0.068 0.000 0.000 0.000 0.002 0.021 0.075 0.130 0.186 0.226 0.237 0.246 0.000 0.000 0.000 0.000 0.000 0.000 0.000 0.000 0.000 0.252 0.229 0.205 0.182 0.158 0.142 0.151 0.160 0.170 0.112 0.027 0.001 0.000 0.000 0.000 0.000 0.000 0.000 0.000 0.000
0.000 0.000 0.000 0.000 0.001 0.003 0.005 0.006 0.007 0.008 0.009 0.009 0.010 0.011 0.012 0.013 0.014 0.014 0.016 0.017 0.019 0.021 0.024 0.030 0.040 0.059 0.004 0.130 0.125 0.118 0.111 0.106 0.102 0.098 0.094 0.091 0.088 0.085 0.000 0.032 0.035 0.065 0.117 0.172 0.228 0.284 0.299 0.309 0.000 0.000 0.000 0.000 0.000 0.000 0.000 0.000 0.000 0.244 0.220 0.197 0.173 0.149 0.145 0.154 0.163 0.173 0.157 0.072 0.000 0.000 0.000 0.000 0.000 0.000 0.000 0.000 0.000
0.000 0.000 0.000 0.000 0.001 0.003 0.005 0.006 0.007 0.008 0.009 0.010 0.011 0.011 0.012 0.013 0.014 0.015 0.016 0.018 0.020 0.022 0.025 0.029 0.034 0.040 0.026 0.002 0.001 0.133 0.129 0.125 0.122 0.118 0.115 0.112 0.108 0.105 0.098 0.072 0.081 0.106 0.159 0.215 0.270 0.326 0.362 0.373 0.000 0.000 0.000 0.000 0.000 0.000 0.000 0.000 0.000 0.235 0.211 0.187 0.164 0.140 0.148 0.157 0.167 0.176 0.185 0.116 0.000 0.000 0.000 0.000 0.000 0.000 0.000 0.000 0.000
0.000 0.000 0.000 0.000 0.001 0.003 0.005 0.006 0.007 0.008 0.009 0.010 0.011 0.012 0.013 0.013 0.014 0.015 0.017 0.018 0.020 0.022 0.024 0.026 0.029 0.031 0.024 0.017 0.012 0.001 0.148 0.145 0.142 0.138 0.135 0.132 0.130 0.127 0.125 0.000 0.000 0.145 0.201 0.256 0.313 0.368 0.425 0.436 0.446 0.423 0.000 0.000 0.000 0.000 0.000 0.000 0.249 0.226 0.202 0.178 0.154 0.142 0.151 0.160 0.169 0.179 0.188 0.161 0.000 0.000 0.000 0.000 0.000 0.000 0.000 0.000 0.000
0.000 0.000 0.000 0.000 0.001 0.003 0.005 0.006 0.007 0.008 0.009 0.010 0.011 0.012 0.013 0.014 0.014 0.015 0.017 0.018 0.019 0.021 0.022 0.024 0.025 0.025 0.022 0.018 0.015 0.010 0.001 0.164 0.162 0.159 0.156 0.153 0.151 0.149 0.000 0.000 0.000 0.000 0.243 0.299 0.355 0.411 0.465 0.462 0.437 0.414 0.390 0.366 0.000 0.000 0.000 0.000 0.240 0.216 0.193 0.169 0.145 0.145 0.154 0.163 0.173 0.182 0.191 0.000 0.000 0.000 0.000 0.000 0.000 0.000 0.000 0.000 0.000
0.000 0.000 0.000 0.000 0.001 0.003 0.005 0.006 0.007 0.008 0.009 0.010 0.011 0.012 0.013 0.014 0.014 0.015 0.016 0.017 0.019 0.020 0.021 0.022 0.022 0.022 0.020 0.018 0.015 0.012 0.009 0.001 0.000 0.178 0.176 0.173 0.173 0.000 0.000 0.000 0.000 0.000 0.000 0.341 0.398 0.421 0.442 0.000 0.000 0.405 0.381 0.356 0.332 0.308 0.000 0.000 0.231 0.207 0.183 0.159 0.139 0.148 0.157 0.166 0.175 0.185 0.195 0.000 0.000 0.000 0.000 0.000 0.000 0.000 0.000 0.000 0.000
0.000 0.000 0.000 0.000 0.001 0.003 0.005 0.006 0.007 0.008 0.009 0.010 0.011 0.012 0.013 0.013 0.014 0.015 0.016 0.017 0.018 0.019 0.019 0.020 0.020 0.020 0.019 0.017 0.015 0.013 0.011 0.008 0.006 0.001 0.195 0.192 0.000 0.000 0.000 0.000 0.000 0.000 0.000 0.354 0.376 0.397 0.419 0.000 0.000 0.000 0.000 0.347 0.323 0.297 0.272 0.246 0.222 0.197 0.174 0.150 0.141 0.151 0.160 0.169 0.179 0.188 0.197 0.000 0.000 0.000 0.000 0.000 0.000 0.000 0.000 0.000 0.000
0.000 0.000 0.000 0.000 0.001 0.003 0.005 0.006 0.007 0.008 0.009 0.010 0.011 0.012 0.012 0.013 0.014 0.015 0.015 0.016 0.017 0.018 0.018 0.019 0.019 0.018 0.017 0.016 0.014 0.013 0.011 0.009 0.008 0.005 0.001 0.207 0.199 0.000 0.000 0.000 0.000 0.000 0.000 0.331 0.353 0.375 0.395 0.407 0.000 0.000 0.000 0.000 0.000 0.288 0.263 0.236 0.211 0.187 0.164 0.140 0.144 0.153 0.162 0.171 0.181 0.190 0.000 0.000 0.000 0.000 0.000 0.000 0.000 0.000 0.000 0.000 0.000
0.000 0.000 0.000 0.000 0.001 0.003 0.005 0.006 0.007 0.008 0.009 0.010 0.011 0.011 0.012 0.013 0.013 0.014 0.015 0.015 0.016 0.017 0.017 0.017 0.017 0.017 0.016 0.015 0.014 0.013 0.011 0.010 0.009 0.007 0.005 0.000 0.214 0.211 0.000 0.000 0.000 0.000 0.000 0.000 0.329 0.000 0.000 0.388 0.375 0.000 0.000 0.000 0.000 0.000 0.000 0.224 0.200 0.177 0.153 0.137 0.146 0.155 0.164 0.174 0.183 0.192 0.000 0.000 0.000 0.000 0.000 0.000 0.000 0.000 0.000 0.000 0.000
0.000 0.000 0.000 0.000 0.001 0.003 0.005 0.006 0.007 0.008 0.009 0.010 0.010 0.011 0.012 0.012 0.013 0.014 0.014 0.015 0.015 0.016 0.016 0.016 0.016 0.016 0.015 0.014 0.013 0.012 0.011 0.010 0.009 0.008 0.006 0.004 0.000 0.229 0.246 0.000 0.000 0.000 0.000 0.000 0.000 0.000 0.000 0.000 0.355 0.000 0.000 0.000 0.000 0.000 0.235 0.212 0.190 0.166 0.143 0.139 0.147 0.156 0.166 0.175 0.185 0.195 0.000 0.000 0.000 0.000 0.000 0.000 0.000 0.000 0.000 0.000 0.000
0.000 0.000 0.000 0.000 0.001 0.003 0.005 0.006 0.007 0.008 0.008 0.009 0.010 0.011 0.011 0.012 0.012 0.013 0.014 0.014 0.014 0.015 0.015 0.015 0.015 0.015 0.014 0.013 0.013 0.012 0.011 0.010 0.009 0.008 0.006 0.005 0.003 0.001 0.218 0.234 0.000 0.000 0.000 0.000 0.000 0.000 0.000 0.000 0.334 0.000 0.000 0.000 0.000 0.000 0.226 0.202 0.179 0.156 0.132 0.140 0.149 0.158 0.167 0.176 0.184 0.000 0.000 0.000 0.000 0.000 0.000 0.000 0.000 0.000 0.000 0.000 0.000
0.000 0.000 0.000 0.000 0.000 0.002 0.004 0.005 0.006 0.007 0.008 0.009 0.010 0.010 0.011 0.011 0.012 0.012 0.013 0.013 0.014 0.014 0.014 0.014 0.014 0.014 0.013 0.013 0.012 0.011 0.010 0.010 0.009 0.008 0.006 0.005 0.003 0.001 0.000 0.204 0.219 0.000 0.000 0.000 0.000 0.000 0.000 0.319 0.315 0.000 0.000 0.000 0.000 0.235 0.215 0.192 0.169 0.145 0.133 0.142 0.151 0.160 0.168 0.176 0.184 0.191 0.199 0.000 0.000 0.000 0.000 0.000 0.000 0.000 0.000 0.000 0.000
0.000 0.000 0.000 0.000 0.000 0.001 0.003 0.004 0.005 0.006 0.007 0.008 0.009 0.010 0.010 0.011 0.011 0.012 0.012 0.013 0.013 0.013 0.013 0.013 0.013 0.013 0.012 0.012 0.011 0.011 0.010 0.009 0.008 0.007 0.006 0.005 0.003 0.001 0.000 0.000 0.189 0.203 0.000 0.000 0.000 0.000 0.000 0.000 0.000 0.000 0.000 0.000 0.000 0.215 0.202 0.182 0.159 0.135 0.135 0.144 0.152 0.161 0.170 0.178 0.186 0.194 0.202 0.209 0.218 0.000 0.000 0.000 0.000 0.000 0.000 0.000 0.000
0.000 0.000 0.000 0.000 0.000 0.000 0.002 0.003 0.004 0.005 0.006 0.007 0.008 0.009 0.010 0.010 0.011 0.011 0.012 0.012 0.012 0.012 0.012 0.012 0.012 0.012 0.012 0.011 0.011 0.010 0.009 0.009 0.008 0.007 0.006 0.005 0.003 0.001 0.000 0.000 0.000 0.172 0.184 0.202 0.000 0.000 0.000 0.000 0.000 0.000 0.000 0.000 0.204 0.193 0.181 0.169 0.148 0.128 0.137 0.146 0.155 0.163 0.172 0.181 0.189 0.197 0.204 0.212 0.219 0.227 0.236 0.000 0.000 0.000 0.000 0.000 0.000
0.000 0.000 0.000 0.000 0.000 0.000 0.000 0.002 0.003 0.004 0.005 0.006 0.007 0.008 0.009 0.010 0.010 0.011 0.011 0.011 0.011 0.012 0.012 0.012 0.012 0.011 0.011 0.011 0.010 0.010 0.009 0.008 0.007 0.006 0.005 0.004 0.002 0.000 0.000 0.000 0.000 0.000 0.158 0.176 0.194 0.000 0.000 0.000 0.000 0.000 0.000 0.000 0.184 0.172 0.160 0.148 0.136 0.130 0.139 0.148 0.157 0.166 0.175 0.184 0.193 0.201 0.208 0.215 0.222 0.230 0.239 0.246 0.197 0.000 0.000 0.000 0.000
0.000 0.000 0.000 0.000 0.000 0.000 0.000 0.000 0.002 0.003 0.004 0.005 0.006 0.007 0.008 0.009 0.009 0.010 0.010 0.011 0.011 0.011 0.011 0.011 0.011 0.011 0.010 0.010 0.009 0.009 0.008 0.007 0.006 0.005 0.004 0.003 0.001 0.000 0.000 0.000 0.000 0.000 0.000 0.150 0.167 0.185 0.000 0.000 0.000 0.000 0.000 0.175 0.163 0.152 0.138 0.127 0.125 0.129 0.139 0.150 0.159 0.169 0.179 0.188 0.197 0.000 0.000 0.000 0.225 0.234 0.241 0.250 0.242 0.154 0.087 0.000 0.000
0.000 0.000 0.000 0.000 0.000 0.000 0.000 0.000 0.000 0.002 0.003 0.004 0.005 0.006 0.007 0.008 0.009 0.009 0.010 0.010 0.010 0.010 0.010 0.010 0.010 0.010 0.010 0.009 0.009 0.008 0.007 0.006 0.005 0.004 0.003 0.002 0.000 0.000 0.000 0.000 0.000 0.000 0.000 0.000 0.139 0.158 0.176 0.000 0.000 0.000 0.000 0.155 0.143 0.131 0.123 0.124 0.124 0.127 0.137 0.147 0.157 0.167 0.177 0.187 0.198 0.000 0.000 0.000 0.000 0.000 0.244 0.252 0.261 0.198 0.157 0.117 0.000
0.000 0.000 0.000 0.000 0.000 0.000 0.000 0.000 0.000 0.000 0.002 0.003 0.004 0.005 0.006 0.007 0.008 0.008 0.009 0.009 0.009 0.009 0.009 0.009 0.009 0.009 0.009 0.008 0.008 0.007 0.006 0.005 0.004 0.003 0.002 0.000 0.000 0.000 0.000 0.000 0.000 0.000 0.000 0.000 0.116 0.133 0.149 0.167 0.000 0.159 0.147 0.135 0.123 0.122 0.123 0.123 0.123 0.124 0.134 0.144 0.154 0.164 0.174 0.185 0.000 0.000 0.000 0.000 0.000 0.000 0.000 0.252 0.262 0.266 0.227 0.188 0.000
0.000 0.000 0.000 0.000 0.000 0.000 0.000 0.000 0.000 0.000 0.000 0.002 0.003 0.004 0.005 0.006 0.007 0.008 0.008 0.008 0.008 0.008 0.008 0.008 0.008 0.008 0.008 0.008 0.007 0.006 0.005 0.004 0.003 0.002 0.000 0.000 0.000 0.000 0.000 0.000 0.000 0.000 0.000 0.000 0.000 0.109 0.124 0.140 0.155 0.141 0.128 0.122 0.122 0.121 0.122 0.122 0.122 0.122 0.131 0.142 0.152 0.162 0.172 0.000 0.000 0.000 0.000 0.000 0.000 0.000 0.000 0.000 0.000 0.272 0.266 0.256 0.214
0.000 0.000 0.000 0.000 0.000 0.000 0.000 0.000 0.000 0.000 0.000 0.000 0.002 0.003 0.004 0.005 0.006 0.007 0.007 0.007 0.007 0.007 0.007 0.007 0.007 0.007 0.007 0.007 0.006 0.005 0.004 0.003 0.002 0.000 0.000 0.000 0.000 0.000 0.000 0.000 0.000 0.000 0.000 0.000 0.000 0.000 0.100 0.115 0.131 0.123 0.122 0.121 0.120 0.120 0.121 0.120 0.121 0.121 0.128 0.139 0.149 0.160 0.170 0.000 0.000 0.000 0.000 0.000 0.000 0.000 0.000 0.000 0.000 0.000 0.000 0.263 0.257
0.000 0.000 0.000 0.000 0.000 0.000 0.000 0.000 0.000 0.000 0.000 0.000 0.000 0.002 0.003 0.004 0.005 0.006 0.006 0.006 0.006 0.006 0.006 0.006 0.006 0.006 0.006 0.006 0.005 0.004 0.003 0.002 0.000 0.000 0.000 0.000 0.000 0.000 0.000 0.000 0.000 0.000 0.000 0.000 0.000 0.000 0.000 0.091 0.108 0.122 0.120 0.119 0.119 0.119 0.119 0.119 0.119 0.120 0.125 0.136 0.147 0.157 0.000 0.000 0.000 0.000 0.000 0.000 0.000 0.000 0.000 0.000 0.000 0.000 0.000 0.000 0.000
0.000 0.000 0.000 0.000 0.000 0.000 0.000 0.000 0.000 0.000 0.000 0.000 0.000 0.000 0.002 0.003 0.004 0.005 0.005 0.005 0.005 0.005 0.005 0.005 0.005 0.005 0.005 0.005 0.004 0.003 0.002 0.000 0.000 0.000 0.000 0.000 0.000 0.000 0.000 0.000 0.000 0.000 0.000 0.000 0.000 0.000 0.000 0.000 0.085 0.103 0.118 0.117 0.117 0.117 0.117 0.117 0.117 0.118 0.121 0.133 0.144 0.155 0.000 0.000 0.000 0.000 0.000 0.000 0.000 0.000 0.000 0.000 0.000 0.000 0.000 0.000 0.000
0.000 0.000 0.000 0.000 0.000 0.000 0.000 0.000 0.000 0.000 0.000 0.000 0.000 0.000 0.000 0.001 0.002 0.003 0.003 0.003 0.003 0.003 0.003 0.003 0.003 0.003 0.003 0.003 0.002 0.001 0.000 0.000 0.000 0.000 0.000 0.000 0.000 0.000 0.000 0.000 0.000 0.000 0.000 0.000 0.000 0.000 0.000 0.000 0.000 0.067 0.099 0.115 0.115 0.115 0.115 0.115 0.115 0.115 0.117 0.129 0.140 0.000 0.000 0.000 0.000 0.000 0.000 0.000 0.000 0.000 0.000 0.000 0.000 0.000 0.000 0.000 0.000
0.000 0.000 0.000 0.000 0.000 0.000 0.000 0.000 0.000 0.000 0.000 0.000 0.000 0.000 0.000 0.000 0.000 0.001 0.001 0.001 0.001 0.001 0.001 0.001 0.001 0.001 0.001 0.001 0.000 0.000 0.000 0.000 0.000 0.000 0.000 0.000 0.000 0.000 0.000 0.000 0.000 0.000 0.000 0.000 0.000 0.000 0.000 0.000 0.000 0.000 0.078 0.099 0.113 0.113 0.112 0.111 0.111 0.112 0.113 0.126 0.138 0.000 0.000 0.000 0.000 0.000 0.000 0.000 0.000 0.000 0.000 0.000 0.000 0.000 0.000 0.000 0.000
0.000 0.000 0.000 0.000 0.000 0.000 0.000 0.000 0.000 0.000 0.000 0.000 0.000 0.000 0.000 0.000 0.000 0.000 0.000 0.000 0.000 0.000 0.000 0.000 0.000 0.000 0.000 0.000 0.000 0.000 0.000 0.000 0.000 0.000 0.000 0.000 0.000 0.000 0.000 0.000 0.000 0.000 0.000 0.000 0.000 0.000 0.000 0.000 0.000 0.000 0.057 0.077 0.097 0.110 0.108 0.106 0.104 0.106 0.109 0.121 0.000 0.000 0.000 0.000 0.000 0.000 0.000 0.000 0.000 0.000 0.000 0.000 0.000 0.000 0.000 0.000 0.000
0.000 0.000 0.000 0.000 0.000 0.000 0.000 0.000 0.000 0.000 0.000 0.000 0.000 0.000 0.000 0.000 0.000 0.000 0.000 0.000 0.000 0.000 0.000 0.000 0.000 0.000 0.000 0.000 0.000 0.000 0.000 0.000 0.000 0.000 0.000 0.000 0.000 0.000 0.000 0.000 0.000 0.000 0.000 0.000 0.000 0.000 0.000 0.000 0.000 0.000 0.000 0.055 0.074 0.093 0.104 0.099 0.088 0.095 0.098 0.000 0.000 0.000 0.000 0.000 0.000 0.000 0.000 0.000 0.000 0.000 0.000 0.000 0.000 0.000 0.000 0.000 0.000
0.000 0.000 0.000 0.000 0.000 0.000 0.000 0.000 0.000 0.000 0.000 0.000 0.000 0.000 0.000 0.000 0.000 0.000 0.000 0.000 0.000 0.000 0.000 0.000 0.000 0.000 0.000 0.000 0.000 0.000 0.000 0.000 0.000 0.000 0.000 0.000 0.000 0.000 0.000 0.000 0.000 0.000 0.000 0.000 0.000 0.000 0.000 0.000 0.000 0.000 0.000 0.033 0.051 0.069 0.086 0.095 0.090 0.090 0.088 0.086 0.000 0.000 0.000 0.000 0.000 0.000 0.000 0.000 0.000 0.000 0.000 0.000 0.000 0.000 0.000 0.000 0.000
0.000 0.000 0.000 0.000 0.000 0.000 0.000 0.000 0.000 0.000 0.000 0.000 0.000 0.000 0.000 0.000 0.000 0.000 0.000 0.000 0.000 0.000 0.000 0.000 0.000 0.000 0.000 0.000 0.000 0.000 0.000 0.000 0.000 0.000 0.000 0.000 0.000 0.000 0.000 0.000 0.000 0.000 0.000 0.000 0.000 0.000 0.000 0.000 0.000 0.000 0.000 0.010 0.028 0.045 0.062 0.078 0.088 0.086 0.082 0.078 0.080 0.000 0.000 0.000 0.000 0.000 0.000 0.000 0.000 0.000 0.000 0.000 0.000 0.000 0.000 0.000 0.000
0.000 0.000 0.000 0.000 0.000 0.000 0.000 0.000 0.000 0.000 0.000 0.000 0.000 0.000 0.000 0.000 0.000 0.000 0.000 0.000 0.000 0.000 0.000 0.000 0.000 0.000 0.000 0.000 0.000 0.000 0.000 0.000 0.000 0.000 0.000 0.000 0.000 0.000 0.000 0.000 0.000 0.000 0.000 0.000 0.000 0.000 0.000 0.000 0.000 0.000 0.000 0.001 0.006 0.021 0.038 0.055 0.072 0.082 0.077 0.070 0.070 0.065 0.066 0.000 0.000 0.000 0.000 0.000 0.000 0.000 0.000 0.000 0.000 0.000 0.000 0.000 0.000
0.000 0.000 0.000 0.000 0.000 0.000 0.000 0.000 0.000 0.000 0.000 0.000 0.000 0.000 0.000 0.000 0.000 0.000 0.000 0.000 0.000 0.000 0.000 0.000 0.000 0.000 0.000 0.000 0.000 0.000 0.000 0.000 0.000 0.000 0.000 0.000 0.000 0.000 0.000 0.000 0.000 0.000 0.000 0.000 0.000 0.000 0.000 0.000 0.000 0.000 0.000 0.000 0.001 0.003 0.014 0.032 0.049 0.065 0.072 0.064 0.061 0.057 0.058 0.061 0.000 0.000 0.000 0.000 0.000 0.000 0.000 0.000 0.000 0.000 0.000 0.000 0.000
0.000 0.000 0.000 0.000 0.000 0.000 0.000 0.000 0.000 0.000 0.000 0.000 0.000 0.000 0.000 0.000 0.000 0.000 0.000 0.000 0.000 0.000 0.000 0.000 0.000 0.000 0.000 0.000 0.000 0.000 0.000 0.000 0.000 0.000 0.000 0.000 0.000 0.000 0.000 0.000 0.000 0.000 0.000 0.000 0.000 0.000 0.000 0.000 0.000 0.000 0.000 0.000 0.001 0.001 0.002 0.009 0.025 0.040 0.054 0.057 0.050 0.048 0.051 0.053 0.055 0.000 0.000 0.000 0.000 0.000 0.000 0.000 0.000 0.000 0.000 0.000 0.000
