数据/50y_1h/50y_1h_res_2/50y_1h_83-0001.wd
ncols         694
nrows         824
xllcorner     581104.939801
yllcorner     3495917.092414
cellsize      2.000000
NODATA_value  -9999.000000
[rows 714 to 747 of 824, columns 154 to 230 of 694]
0.000 0.000 0.000 0.000 0.000 0.000 0.000 0.002 0.003 0.004 0.005 0.006 0.007 0.008 0.009 0.009 0.010 0.010 0.009 0.008 0.001 0.000 0.086 0.080 0.075 0.073 0.070 0.067 0.062 0.058 0.054 0.049 0.000 0.000 0.000 0.000 0.000 0.000 0.000 0.000 0.000 0.000 0.005 0.059 0.081 0.091 0.101 0.111 0.123 0.000 0.000 0.000 0.000 0.000 0.000 0.000 0.000 0.000 0.223 0.234 0.245 0.245 0.220 0.200 0.209 0.126 0.044 0.000 0.000 0.000 0.000 0.000 0.000 0.000 0.000 0.000 0.000
0.000 0.000 0.000 0.000 0.000 0.000 0.002 0.003 0.004 0.005 0.006 0.007 0.008 0.009 0.010 0.010 0.011 0.011 0.012 0.012 0.011 0.010 0.000 0.100 0.097 0.094 0.091 0.087 0.082 0.077 0.072 0.066 0.061 0.057 0.000 0.000 0.000 0.000 0.000 0.000 0.000 0.000 0.045 0.100 0.144 0.154 0.164 0.175 0.185 0.000 0.000 0.000 0.000 0.000 0.000 0.000 0.000 0.000 0.285 0.281 0.256 0.235 0.211 0.202 0.211 0.165 0.081 0.003 0.000 0.000 0.000 0.000 0.000 0.000 0.000 0.000 0.000
0.000 0.000 0.000 0.000 0.000 0.001 0.003 0.004 0.005 0.006 0.007 0.008 0.009 0.010 0.011 0.012 0.012 0.013 0.014 0.014 0.015 0.015 0.015 0.001 0.001 0.115 0.112 0.108 0.102 0.096 0.091 0.085 0.080 0.076 0.072 0.000 0.000 0.000 0.000 0.000 0.000 0.033 0.085 0.143 0.198 0.217 0.228 0.238 0.249 0.000 0.000 0.000 0.000 0.000 0.000 0.000 0.000 0.319 0.294 0.272 0.248 0.224 0.201 0.204 0.215 0.211 0.125 0.038 0.000 0.000 0.000 0.000 0.000 0.000 0.000 0.000 0.000
0.000 0.000 0.000 0.000 0.000 0.002 0.004 0.005 0.006 0.007 0.008 0.009 0.010 0.011 0.012 0.012 0.013 0.014 0.015 0.016 0.018 0.019 0.021 0.023 0.027 0.004 0.133 0.128 0.123 0.116 0.110 0.105 0.100 0.096 0.092 0.088 0.085 0.000 0.000 0.000 0.022 0.072 0.128 0.184 0.240 0.278 0.290 0.301 0.000 0.000 0.000 0.000 0.000 0.000 0.000 0.000 0.000 0.309 0.285 0.262 0.239 0.215 0.197 0.207 0.215 0.225 0.168 0.082 0.005 0.000 0.000 0.000 0.000 0.000 0.000 0.000 0.000
0.000 0.000 0.000 0.000 0.001 0.003 0.005 0.006 0.007 0.008 0.009 0.009 0.010 0.011 0.012 0.013 0.014 0.015 0.016 0.018 0.020 0.022 0.026 0.032 0.043 0.062 0.004 0.148 0.143 0.135 0.129 0.124 0.120 0.116 0.113 0.109 0.106 0.104 0.000 0.055 0.070 0.114 0.170 0.225 0.279 0.338 0.353 0.364 0.000 0.000 0.000 0.000 0.000 0.000 0.000 0.000 0.000 0.300 0.276 0.253 0.228 0.206 0.201 0.210 0.220 0.228 0.211 0.127 0.000 0.000 0.000 0.000 0.000 0.000 0.000 0.000 0.000
0.000 0.000 0.000 0.000 0.001 0.003 0.005 0.006 0.007 0.008 0.009 0.010 0.011 0.012 0.013 0.014 0.015 0.016 0.017 0.019 0.021 0.023 0.026 0.031 0.036 0.043 0.028 0.001 0.001 0.152 0.148 0.144 0.140 0.137 0.133 0.130 0.127 0.124 0.117 0.092 0.114 0.156 0.211 0.267 0.322 0.381 0.414 0.425 0.000 0.000 0.000 0.000 0.000 0.000 0.000 0.000 0.000 0.289 0.266 0.243 0.221 0.194 0.203 0.214 0.222 0.231 0.242 0.171 0.000 0.000 0.000 0.000 0.000 0.000 0.000 0.000 0.000
0.000 0.000 0.000 0.000 0.001 0.003 0.005 0.006 0.007 0.008 0.009 0.010 0.011 0.012 0.013 0.014 0.015 0.016 0.017 0.019 0.021 0.023 0.025 0.028 0.031 0.033 0.026 0.018 0.012 0.000 0.167 0.164 0.161 0.158 0.154 0.151 0.148 0.146 0.143 0.000 0.000 0.197 0.254 0.309 0.365 0.422 0.477 0.491 0.501 0.477 0.000 0.000 0.000 0.000 0.000 0.000 0.303 0.280 0.257 0.234 0.211 0.197 0.206 0.216 0.225 0.233 0.242 0.216 0.000 0.000 0.000 0.000 0.000 0.000 0.000 0.000 0.000
0.000 0.000 0.000 0.000 0.001 0.003 0.005 0.006 0.007 0.008 0.009 0.010 0.011 0.012 0.013 0.014 0.015 0.016 0.017 0.019 0.020 0.022 0.024 0.026 0.027 0.027 0.023 0.019 0.015 0.011 0.000 0.185 0.182 0.178 0.175 0.172 0.170 0.167 0.000 0.000 0.000 0.000 0.297 0.353 0.408 0.463 0.518 0.515 0.490 0.467 0.443 0.419 0.000 0.000 0.000 0.000 0.293 0.270 0.248 0.224 0.201 0.198 0.209 0.219 0.227 0.236 0.246 0.000 0.000 0.000 0.000 0.000 0.000 0.000 0.000 0.000 0.000
0.000 0.000 0.000 0.000 0.001 0.003 0.005 0.006 0.007 0.008 0.009 0.010 0.011 0.012 0.013 0.014 0.015 0.016 0.017 0.018 0.020 0.021 0.022 0.023 0.024 0.023 0.021 0.019 0.016 0.013 0.009 0.000 0.000 0.198 0.196 0.194 0.192 0.000 0.000 0.000 0.000 0.000 0.000 0.394 0.450 0.473 0.494 0.000 0.000 0.459 0.434 0.409 0.384 0.359 0.000 0.000 0.284 0.259 0.238 0.213 0.194 0.201 0.210 0.220 0.229 0.238 0.249 0.000 0.000 0.000 0.000 0.000 0.000 0.000 0.000 0.000 0.000
0.000 0.000 0.000 0.000 0.001 0.003 0.005 0.006 0.007 0.008 0.009 0.010 0.011 0.012 0.013 0.014 0.015 0.016 0.017 0.018 0.019 0.020 0.021 0.021 0.022 0.021 0.020 0.018 0.016 0.014 0.011 0.008 0.006 0.001 0.215 0.212 0.000 0.000 0.000 0.000 0.000 0.000 0.000 0.407 0.428 0.449 0.470 0.000 0.000 0.000 0.000 0.399 0.374 0.349 0.323 0.298 0.274 0.249 0.227 0.203 0.196 0.203 0.212 0.222 0.232 0.242 0.252 0.000 0.000 0.000 0.000 0.000 0.000 0.000 0.000 0.000 0.000
0.000 0.000 0.000 0.000 0.001 0.003 0.005 0.006 0.007 0.008 0.009 0.010 0.011 0.012 0.013 0.014 0.014 0.015 0.016 0.017 0.018 0.019 0.019 0.020 0.020 0.019 0.018 0.017 0.015 0.014 0.012 0.010 0.008 0.006 0.000 0.227 0.220 0.000 0.000 0.000 0.000 0.000 0.000 0.384 0.405 0.426 0.445 0.458 0.000 0.000 0.000 0.000 0.000 0.340 0.314 0.288 0.264 0.239 0.218 0.192 0.198 0.205 0.212 0.223 0.233 0.242 0.000 0.000 0.000 0.000 0.000 0.000 0.000 0.000 0.000 0.000 0.000
0.000 0.000 0.000 0.000 0.001 0.003 0.005 0.006 0.007 0.008 0.009 0.010 0.011 0.012 0.012 0.013 0.014 0.015 0.016 0.016 0.017 0.018 0.018 0.018 0.018 0.018 0.017 0.016 0.015 0.013 0.012 0.010 0.009 0.007 0.005 0.000 0.236 0.233 0.000 0.000 0.000 0.000 0.000 0.000 0.387 0.000 0.000 0.439 0.430 0.000 0.000 0.000 0.000 0.000 0.000 0.276 0.253 0.228 0.206 0.189 0.198 0.206 0.214 0.225 0.235 0.245 0.000 0.000 0.000 0.000 0.000 0.000 0.000 0.000 0.000 0.000 0.000
0.000 0.000 0.000 0.000 0.001 0.003 0.005 0.006 0.007 0.008 0.009 0.010 0.010 0.011 0.012 0.013 0.014 0.014 0.015 0.016 0.016 0.017 0.017 0.017 0.017 0.017 0.016 0.015 0.014 0.013 0.012 0.010 0.009 0.008 0.006 0.004 0.000 0.251 0.269 0.000 0.000 0.000 0.000 0.000 0.000 0.000 0.000 0.000 0.413 0.000 0.000 0.000 0.000 0.000 0.287 0.265 0.242 0.217 0.195 0.190 0.198 0.208 0.216 0.225 0.237 0.248 0.000 0.000 0.000 0.000 0.000 0.000 0.000 0.000 0.000 0.000 0.000
0.000 0.000 0.000 0.000 0.000 0.003 0.004 0.005 0.007 0.007 0.008 0.009 0.010 0.011 0.012 0.012 0.013 0.014 0.014 0.015 0.015 0.016 0.016 0.016 0.016 0.015 0.015 0.014 0.013 0.012 0.011 0.010 0.009 0.008 0.006 0.005 0.003 0.001 0.241 0.257 0.000 0.000 0.000 0.000 0.000 0.000 0.000 0.000 0.393 0.000 0.000 0.000 0.000 0.000 0.277 0.253 0.230 0.207 0.184 0.191 0.201 0.210 0.217 0.226 0.237 0.000 0.000 0.000 0.000 0.000 0.000 0.000 0.000 0.000 0.000 0.000 0.000
0.000 0.000 0.000 0.000 0.000 0.002 0.003 0.005 0.006 0.007 0.008 0.009 0.010 0.010 0.011 0.012 0.012 0.013 0.014 0.014 0.014 0.015 0.015 0.015 0.015 0.014 0.014 0.013 0.013 0.012 0.011 0.010 0.009 0.008 0.006 0.005 0.003 0.001 0.000 0.228 0.243 0.000 0.000 0.000 0.000 0.000 0.000 0.374 0.370 0.000 0.000 0.000 0.000 0.285 0.266 0.243 0.219 0.196 0.185 0.193 0.201 0.209 0.217 0.227 0.235 0.239 0.248 0.000 0.000 0.000 0.000 0.000 0.000 0.000 0.000 0.000 0.000
0.000 0.000 0.000 0.000 0.000 0.000 0.003 0.004 0.005 0.006 0.007 0.008 0.009 0.010 0.010 0.011 0.012 0.012 0.013 0.013 0.014 0.014 0.014 0.014 0.014 0.014 0.013 0.013 0.012 0.011 0.010 0.009 0.008 0.007 0.006 0.005 0.003 0.001 0.000 0.000 0.214 0.229 0.000 0.000 0.000 0.000 0.000 0.000 0.000 0.000 0.000 0.000 0.000 0.264 0.252 0.233 0.210 0.185 0.185 0.193 0.203 0.212 0.221 0.230 0.236 0.243 0.250 0.256 0.265 0.000 0.000 0.000 0.000 0.000 0.000 0.000 0.000
0.000 0.000 0.000 0.000 0.000 0.000 0.001 0.003 0.004 0.005 0.006 0.007 0.008 0.009 0.010 0.010 0.011 0.012 0.012 0.012 0.013 0.013 0.013 0.013 0.013 0.013 0.012 0.012 0.011 0.011 0.010 0.009 0.008 0.007 0.006 0.005 0.003 0.001 0.000 0.000 0.000 0.199 0.213 0.233 0.000 0.000 0.000 0.000 0.000 0.000 0.000 0.000 0.253 0.241 0.230 0.219 0.198 0.179 0.187 0.196 0.206 0.215 0.223 0.230 0.237 0.244 0.253 0.259 0.267 0.276 0.283 0.000 0.000 0.000 0.000 0.000 0.000
0.000 0.000 0.000 0.000 0.000 0.000 0.000 0.002 0.003 0.004 0.005 0.006 0.007 0.008 0.009 0.010 0.010 0.011 0.011 0.012 0.012 0.012 0.012 0.012 0.012 0.012 0.011 0.011 0.011 0.010 0.009 0.008 0.007 0.006 0.005 0.004 0.002 0.000 0.000 0.000 0.000 0.000 0.188 0.206 0.224 0.000 0.000 0.000 0.000 0.000 0.000 0.000 0.233 0.221 0.209 0.198 0.186 0.180 0.189 0.197 0.208 0.216 0.224 0.232 0.240 0.248 0.257 0.264 0.270 0.278 0.285 0.293 0.244 0.000 0.000 0.000 0.000
0.000 0.000 0.000 0.000 0.000 0.000 0.000 0.000 0.002 0.003 0.004 0.005 0.006 0.007 0.008 0.009 0.010 0.010 0.010 0.011 0.011 0.011 0.011 0.011 0.011 0.011 0.011 0.010 0.010 0.009 0.008 0.007 0.006 0.005 0.004 0.003 0.001 0.000 0.000 0.000 0.000 0.000 0.000 0.180 0.197 0.216 0.000 0.000 0.000 0.000 0.000 0.222 0.210 0.200 0.187 0.177 0.173 0.178 0.187 0.198 0.209 0.218 0.228 0.235 0.244 0.000 0.000 0.000 0.273 0.281 0.288 0.296 0.288 0.200 0.133 0.000 0.000
0.000 0.000 0.000 0.000 0.000 0.000 0.000 0.000 0.000 0.002 0.003 0.004 0.005 0.006 0.007 0.008 0.009 0.009 0.010 0.010 0.010 0.010 0.010 0.010 0.010 0.010 0.010 0.009 0.009 0.008 0.007 0.006 0.005 0.004 0.003 0.002 0.000 0.000 0.000 0.000 0.000 0.000 0.000 0.000 0.172 0.191 0.211 0.000 0.000 0.000 0.000 0.200 0.189 0.177 0.170 0.171 0.171 0.174 0.183 0.194 0.204 0.214 0.225 0.233 0.244 0.000 0.000 0.000 0.000 0.000 0.290 0.298 0.307 0.244 0.203 0.164 0.000
0.000 0.000 0.000 0.000 0.000 0.000 0.000 0.000 0.000 0.000 0.002 0.003 0.004 0.005 0.006 0.007 0.008 0.008 0.009 0.009 0.009 0.009 0.009 0.009 0.009 0.009 0.009 0.009 0.008 0.007 0.006 0.005 0.004 0.003 0.002 0.000 0.000 0.000 0.000 0.000 0.000 0.000 0.000 0.000 0.151 0.167 0.186 0.206 0.000 0.204 0.193 0.179 0.168 0.168 0.170 0.169 0.169 0.171 0.180 0.191 0.202 0.212 0.224 0.234 0.000 0.000 0.000 0.000 0.000 0.000 0.000 0.298 0.307 0.312 0.274 0.234 0.000
0.000 0.000 0.000 0.000 0.000 0.000 0.000 0.000 0.000 0.000 0.000 0.002 0.003 0.004 0.005 0.006 0.007 0.007 0.008 0.008 0.008 0.008 0.008 0.008 0.008 0.008 0.008 0.008 0.007 0.006 0.005 0.004 0.003 0.002 0.000 0.000 0.000 0.000 0.000 0.000 0.000 0.000 0.000 0.000 0.000 0.145 0.162 0.179 0.197 0.185 0.172 0.166 0.168 0.168 0.168 0.168 0.168 0.168 0.178 0.188 0.200 0.210 0.221 0.000 0.000 0.000 0.000 0.000 0.000 0.000 0.000 0.000 0.000 0.317 0.313 0.302 0.259
0.000 0.000 0.000 0.000 0.000 0.000 0.000 0.000 0.000 0.000 0.000 0.000 0.002 0.003 0.004 0.005 0.006 0.006 0.007 0.007 0.007 0.007 0.007 0.007 0.007 0.007 0.007 0.007 0.006 0.005 0.004 0.003 0.002 0.000 0.000 0.000 0.000 0.000 0.000 0.000 0.000 0.000 0.000 0.000 0.000 0.000 0.139 0.156 0.172 0.166 0.165 0.166 0.166 0.166 0.166 0.165 0.166 0.166 0.174 0.185 0.196 0.207 0.218 0.000 0.000 0.000 0.000 0.000 0.000 0.000 0.000 0.000 0.000 0.000 0.000 0.308 0.302
0.000 0.000 0.000 0.000 0.000 0.000 0.000 0.000 0.000 0.000 0.000 0.000 0.000 0.002 0.003 0.004 0.005 0.005 0.006 0.006 0.006 0.006 0.006 0.006 0.006 0.006 0.006 0.006 0.005 0.004 0.003 0.002 0.000 0.000 0.000 0.000 0.000 0.000 0.000 0.000 0.000 0.000 0.000 0.000 0.000 0.000 0.000 0.134 0.150 0.164 0.164 0.165 0.165 0.164 0.164 0.164 0.165 0.166 0.171 0.182 0.193 0.203 0.000 0.000 0.000 0.000 0.000 0.000 0.000 0.000 0.000 0.000 0.000 0.000 0.000 0.000 0.000
0.000 0.000 0.000 0.000 0.000 0.000 0.000 0.000 0.000 0.000 0.000 0.000 0.000 0.000 0.001 0.002 0.003 0.004 0.005 0.005 0.005 0.005 0.005 0.005 0.005 0.005 0.005 0.005 0.004 0.003 0.002 0.000 0.000 0.000 0.000 0.000 0.000 0.000 0.000 0.000 0.000 0.000 0.000 0.000 0.000 0.000 0.000 0.000 0.129 0.147 0.163 0.162 0.162 0.161 0.162 0.162 0.163 0.165 0.168 0.180 0.191 0.201 0.000 0.000 0.000 0.000 0.000 0.000 0.000 0.000 0.000 0.000 0.000 0.000 0.000 0.000 0.000
0.000 0.000 0.000 0.000 0.000 0.000 0.000 0.000 0.000 0.000 0.000 0.000 0.000 0.000 0.000 0.000 0.002 0.002 0.003 0.003 0.003 0.003 0.003 0.003 0.003 0.003 0.003 0.003 0.002 0.001 0.000 0.000 0.000 0.000 0.000 0.000 0.000 0.000 0.000 0.000 0.000 0.000 0.000 0.000 0.000 0.000 0.000 0.000 0.000 0.119 0.145 0.160 0.160 0.158 0.159 0.159 0.160 0.162 0.164 0.176 0.186 0.000 0.000 0.000 0.000 0.000 0.000 0.000 0.000 0.000 0.000 0.000 0.000 0.000 0.000 0.000 0.000
0.000 0.000 0.000 0.000 0.000 0.000 0.000 0.000 0.000 0.000 0.000 0.000 0.000 0.000 0.000 0.000 0.000 0.000 0.001 0.001 0.001 0.001 0.001 0.001 0.001 0.001 0.001 0.001 0.000 0.000 0.000 0.000 0.000 0.000 0.000 0.000 0.000 0.000 0.000 0.000 0.000 0.000 0.000 0.000 0.000 0.000 0.000 0.000 0.000 0.000 0.125 0.144 0.158 0.157 0.157 0.156 0.157 0.158 0.159 0.171 0.182 0.000 0.000 0.000 0.000 0.000 0.000 0.000 0.000 0.000 0.000 0.000 0.000 0.000 0.000 0.000 0.000
0.000 0.000 0.000 0.000 0.000 0.000 0.000 0.000 0.000 0.000 0.000 0.000 0.000 0.000 0.000 0.000 0.000 0.000 0.000 0.000 0.000 0.000 0.000 0.000 0.000 0.000 0.000 0.000 0.000 0.000 0.000 0.000 0.000 0.000 0.000 0.000 0.000 0.000 0.000 0.000 0.000 0.000 0.000 0.000 0.000 0.000 0.000 0.000 0.000 0.000 0.103 0.122 0.142 0.155 0.153 0.152 0.151 0.152 0.155 0.166 0.000 0.000 0.000 0.000 0.000 0.000 0.000 0.000 0.000 0.000 0.000 0.000 0.000 0.000 0.000 0.000 0.000
0.000 0.000 0.000 0.000 0.000 0.000 0.000 0.000 0.000 0.000 0.000 0.000 0.000 0.000 0.000 0.000 0.000 0.000 0.000 0.000 0.000 0.000 0.000 0.000 0.000 0.000 0.000 0.000 0.000 0.000 0.000 0.000 0.000 0.000 0.000 0.000 0.000 0.000 0.000 0.000 0.000 0.000 0.000 0.000 0.000 0.000 0.000 0.000 0.000 0.000 0.000 0.099 0.119 0.137 0.149 0.146 0.138 0.142 0.144 0.000 0.000 0.000 0.000 0.000 0.000 0.000 0.000 0.000 0.000 0.000 0.000 0.000 0.000 0.000 0.000 0.000 0.000
0.000 0.000 0.000 0.000 0.000 0.000 0.000 0.000 0.000 0.000 0.000 0.000 0.000 0.000 0.000 0.000 0.000 0.000 0.000 0.000 0.000 0.000 0.000 0.000 0.000 0.000 0.000 0.000 0.000 0.000 0.000 0.000 0.000 0.000 0.000 0.000 0.000 0.000 0.000 0.000 0.000 0.000 0.000 0.000 0.000 0.000 0.000 0.000 0.000 0.000 0.000 0.074 0.094 0.113 0.131 0.140 0.136 0.136 0.132 0.128 0.000 0.000 0.000 0.000 0.000 0.000 0.000 0.000 0.000 0.000 0.000 0.000 0.000 0.000 0.000 0.000 0.000
0.000 0.000 0.000 0.000 0.000 0.000 0.000 0.000 0.000 0.000 0.000 0.000 0.000 0.000 0.000 0.000 0.000 0.000 0.000 0.000 0.000 0.000 0.000 0.000 0.000 0.000 0.000 0.000 0.000 0.000 0.000 0.000 0.000 0.000 0.000 0.000 0.000 0.000 0.000 0.000 0.000 0.000 0.000 0.000 0.000 0.000 0.000 0.000 0.000 0.000 0.000 0.051 0.070 0.089 0.106 0.123 0.133 0.130 0.124 0.118 0.119 0.000 0.000 0.000 0.000 0.000 0.000 0.000 0.000 0.000 0.000 0.000 0.000 0.000 0.000 0.000 0.000
0.000 0.000 0.000 0.000 0.000 0.000 0.000 0.000 0.000 0.000 0.000 0.000 0.000 0.000 0.000 0.000 0.000 0.000 0.000 0.000 0.000 0.000 0.000 0.000 0.000 0.000 0.000 0.000 0.000 0.000 0.000 0.000 0.000 0.000 0.000 0.000 0.000 0.000 0.000 0.000 0.000 0.000 0.000 0.000 0.000 0.000 0.000 0.000 0.000 0.000 0.000 0.029 0.047 0.064 0.082 0.099 0.115 0.124 0.117 0.109 0.106 0.097 0.096 0.000 0.000 0.000 0.000 0.000 0.000 0.000 0.000 0.000 0.000 0.000 0.000 0.000 0.000
0.000 0.000 0.000 0.000 0.000 0.000 0.000 0.000 0.000 0.000 0.000 0.000 0.000 0.000 0.000 0.000 0.000 0.000 0.000 0.000 0.000 0.000 0.000 0.000 0.000 0.000 0.000 0.000 0.000 0.000 0.000 0.000 0.000 0.000 0.000 0.000 0.000 0.000 0.000 0.000 0.000 0.000 0.000 0.000 0.000 0.000 0.000 0.000 0.000 0.000 0.000 0.000 0.022 0.041 0.058 0.074 0.090 0.105 0.110 0.100 0.094 0.087 0.087 0.089 0.000 0.000 0.000 0.000 0.000 0.000 0.000 0.000 0.000 0.000 0.000 0.000 0.000
0.000 0.000 0.000 0.000 0.000 0.000 0.000 0.000 0.000 0.000 0.000 0.000 0.000 0.000 0.000 0.000 0.000 0.000 0.000 0.000 0.000 0.000 0.000 0.000 0.000 0.000 0.000 0.000 0.000 0.000 0.000 0.000 0.000 0.000 0.000 0.000 0.000 0.000 0.000 0.000 0.000 0.000 0.000 0.000 0.000 0.000 0.000 0.000 0.000 0.000 0.000 0.000 0.003 0.016 0.033 0.049 0.065 0.078 0.090 0.090 0.080 0.077 0.078 0.080 0.080 0.000 0.000 0.000 0.000 0.000 0.000 0.000 0.000 0.000 0.000 0.000 0.000
