数据/2hours/0.1-2h-200y/coupled-104-0001.wd
ncols         694
nrows         824
xllcorner     581104.939801
yllcorner     3495917.092414
cellsize      2.000000
NODATA_value  -9999.000000
[rows 544 to 577 of 824, columns 308 to 384 of 694]
0.001 0.001 0.000 0.000 0.000 0.000 0.000 0.000 0.018 0.011 0.008 0.006 0.004 0.003 0.002 0.002 0.002 0.002 0.001 0.001 0.001 0.001 0.001 0.001 0.001 0.001 0.001 0.003 0.024 0.020 0.002 0.035 0.068 0.029 0.000 0.000 0.079 0.316 0.474 0.197 0.238 0.160 0.185 0.820 0.546 0.353 0.239 0.000 0.000 0.000 0.000 0.000 0.000 0.000 0.000 0.000 0.000 0.000 0.000 0.000 0.000 0.000 0.000 0.000 0.000 0.000 0.000 0.000 0.000 0.000 0.000 0.000 0.000 0.013 0.015 0.024 0.028
0.001 0.001 0.001 0.001 0.000 0.000 0.000 0.000 0.013 0.011 0.009 0.007 0.006 0.004 0.003 0.003 0.002 0.001 0.001 0.001 0.001 0.001 0.001 0.001 0.001 0.001 0.001 0.001 0.007 0.049 0.132 0.130 0.075 0.017 0.101 0.198 0.421 0.398 0.214 0.216 0.350 0.138 0.239 0.557 0.614 0.224 0.245 0.000 0.000 0.000 0.000 0.000 0.000 0.000 0.000 0.000 0.000 0.000 0.000 0.000 0.000 0.000 0.000 0.000 0.000 0.000 0.000 0.000 0.000 0.000 0.000 0.000 0.007 0.025 0.002 0.035 0.058
0.002 0.002 0.001 0.001 0.001 0.001 0.001 0.000 0.011 0.010 0.009 0.008 0.007 0.006 0.005 0.004 0.003 0.002 0.002 0.001 0.001 0.001 0.001 0.001 0.001 0.001 0.001 0.001 0.002 0.016 0.119 0.201 0.256 0.280 0.289 0.250 0.194 0.235 0.313 0.213 0.322 0.107 0.209 0.479 0.210 0.198 0.387 0.000 0.000 0.000 0.000 0.000 0.000 0.000 0.000 0.000 0.000 0.000 0.000 0.000 0.000 0.000 0.000 0.000 0.000 0.000 0.000 0.000 0.000 0.000 0.000 0.000 0.000 0.006 0.002 0.012 0.009
0.004 0.003 0.003 0.002 0.002 0.001 0.001 0.001 0.008 0.009 0.009 0.009 0.008 0.007 0.006 0.005 0.004 0.003 0.003 0.002 0.002 0.002 0.002 0.001 0.001 0.001 0.001 0.001 0.002 0.000 0.015 0.082 0.120 0.110 0.077 0.051 0.070 0.066 0.119 0.158 0.189 0.111 0.228 0.388 0.433 0.268 0.000 0.000 0.000 0.000 0.000 0.000 0.000 0.000 0.000 0.000 0.000 0.000 0.000 0.000 0.000 0.000 0.000 0.000 0.000 0.000 0.000 0.000 0.000 0.000 0.000 0.000 0.124 0.094 0.017 0.000 0.000
0.008 0.009 0.008 0.006 0.004 0.003 0.003 0.005 0.007 0.008 0.009 0.009 0.008 0.008 0.007 0.006 0.005 0.004 0.004 0.003 0.003 0.011 0.008 0.005 0.004 0.003 0.002 0.002 0.002 0.002 0.004 0.010 0.014 0.029 0.010 0.002 0.004 0.034 0.043 0.159 0.187 0.133 0.202 0.164 0.234 0.081 0.000 0.000 0.000 0.000 0.000 0.000 0.000 0.000 0.000 0.000 0.000 0.000 0.000 0.000 0.000 0.000 0.000 0.000 0.000 0.000 0.000 0.000 0.000 0.000 0.000 0.000 0.107 0.161 0.195 0.033 0.000
0.012 0.024 0.029 0.021 0.012 0.008 0.000 0.000 0.008 0.012 0.011 0.010 0.010 0.009 0.008 0.008 0.007 0.006 0.005 0.004 0.005 0.009 0.008 0.007 0.005 0.004 0.003 0.003 0.003 0.003 0.004 0.003 0.000 0.002 0.005 0.001 0.048 0.003 0.053 0.005 0.051 0.078 0.061 0.037 0.151 0.023 0.191 0.731 0.000 0.000 0.000 0.000 0.000 0.000 0.000 0.000 0.000 0.000 0.000 0.000 0.000 0.000 0.000 0.000 0.000 0.000 0.000 0.000 0.000 0.000 0.000 0.000 0.021 0.003 0.145 0.212 0.024
0.000 0.000 0.025 0.020 0.013 0.014 0.000 0.000 0.000 0.000 0.011 0.015 0.018 0.014 0.011 0.010 0.010 0.009 0.008 0.007 0.007 0.008 0.008 0.007 0.006 0.005 0.005 0.004 0.004 0.008 0.000 0.000 0.000 0.007 0.000 0.006 0.008 0.004 0.000 0.014 0.028 0.061 0.133 0.042 0.003 0.113 0.400 0.608 0.010 0.163 0.426 0.324 0.000 0.000 0.000 0.000 0.000 0.000 0.000 0.000 0.000 0.000 0.000 0.000 0.000 0.000 0.000 0.000 0.000 0.000 0.043 0.091 0.108 0.049 0.058 0.226 0.139
0.000 0.000 0.018 0.016 0.019 0.116 0.000 0.000 0.000 0.000 0.000 0.000 0.000 0.014 0.018 0.021 0.022 0.016 0.013 0.011 0.011 0.011 0.010 0.009 0.007 0.007 0.006 0.006 0.006 0.066 0.112 0.029 0.000 0.000 0.000 0.000 0.000 0.075 0.102 0.084 0.093 0.108 0.004 0.341 0.434 0.588 0.624 0.149 0.022 0.242 0.532 0.180 0.029 0.000 0.000 0.000 0.000 0.000 0.000 0.000 0.000 0.000 0.000 0.000 0.000 0.000 0.000 0.000 0.242 0.179 0.093 0.045 0.005 0.052 0.078 0.172 0.249
0.000 0.000 0.011 0.012 0.019 0.000 0.000 0.000 0.000 0.000 0.000 0.000 0.000 0.000 0.000 0.000 0.000 0.016 0.017 0.018 0.017 0.017 0.014 0.011 0.009 0.009 0.009 0.010 0.057 0.032 0.270 0.197 0.191 0.185 0.237 0.280 0.314 0.340 0.338 0.372 0.452 0.498 0.476 0.550 0.524 0.407 0.116 0.032 0.000 0.403 0.421 0.082 0.010 0.013 0.013 0.000 0.187 0.394 0.767 0.000 0.000 0.000 0.000 0.000 0.000 0.000 0.095 0.100 0.185 0.192 0.167 0.100 0.124 0.111 0.091 0.130 0.268
0.000 0.000 0.007 0.010 0.021 0.000 0.000 0.000 0.000 0.000 0.000 0.000 0.000 0.000 0.000 0.000 0.000 0.000 0.000 0.000 0.025 0.031 0.027 0.020 0.013 0.010 0.016 0.027 0.080 0.045 0.099 0.204 0.300 0.363 0.324 0.275 0.223 0.160 0.130 0.094 0.076 0.119 0.150 0.059 0.087 0.047 0.014 0.000 0.374 0.476 0.084 0.105 0.011 0.000 0.015 0.145 0.163 0.265 0.603 0.416 0.039 0.001 0.000 0.000 0.059 0.111 0.119 0.144 0.207 0.248 0.229 0.131 0.100 0.090 0.088 0.111 0.242
0.000 0.000 0.005 0.029 0.132 0.000 0.000 0.000 0.000 0.000 0.000 0.000 0.000 0.000 0.000 0.000 0.000 0.000 0.000 0.000 0.000 0.000 0.000 0.000 0.011 0.042 0.042 0.030 0.063 0.133 0.041 0.061 0.079 0.102 0.114 0.123 0.053 0.000 0.050 0.157 0.152 0.159 0.158 0.197 0.140 0.139 0.256 0.397 0.222 0.071 0.070 0.003 0.000 0.121 0.315 0.109 0.153 0.310 0.593 0.207 0.010 0.000 0.001 0.205 0.166 0.018 0.020 0.099 0.140 0.215 0.201 0.171 0.122 0.099 0.092 0.105 0.212
0.000 0.000 0.005 0.028 0.000 0.000 0.000 0.000 0.000 0.000 0.000 0.000 0.000 0.000 0.000 0.000 0.000 0.000 0.000 0.000 0.000 0.000 0.000 0.000 0.000 0.000 0.027 0.035 0.024 0.118 0.178 0.114 0.060 0.028 0.042 0.101 0.189 0.208 0.200 0.077 0.085 0.063 0.188 0.260 0.295 0.184 0.132 0.053 0.115 0.124 0.053 0.060 0.239 0.297 0.257 0.049 0.143 0.441 0.412 0.059 0.042 0.089 0.006 0.111 0.210 0.116 0.013 0.000 0.049 0.167 0.230 0.248 0.165 0.090 0.093 0.107 0.190
0.000 0.000 0.005 0.025 0.000 0.000 0.000 0.000 0.000 0.000 0.000 0.000 0.000 0.000 0.000 0.000 0.000 0.000 0.000 0.000 0.000 0.000 0.000 0.000 0.000 0.000 0.000 0.000 0.000 0.000 0.000 0.225 0.194 0.154 0.202 0.281 0.393 0.354 0.135 0.080 0.018 0.048 0.048 0.142 0.165 0.158 0.217 0.224 0.259 0.235 0.219 0.231 0.196 0.075 0.075 0.000 0.209 0.505 0.115 0.007 0.005 0.000 0.127 0.194 0.201 0.034 0.005 0.000 0.026 0.159 0.238 0.230 0.226 0.105 0.104 0.099 0.198
0.000 0.000 0.005 0.021 0.000 0.000 0.000 0.000 0.000 0.000 0.000 0.000 0.000 0.000 0.000 0.000 0.000 0.000 0.000 0.000 0.000 0.000 0.000 0.000 0.000 0.000 0.000 0.000 0.000 0.000 0.000 0.000 0.067 0.124 0.196 0.238 0.285 0.298 0.198 0.164 0.151 0.187 0.265 0.199 0.253 0.272 0.201 0.135 0.084 0.088 0.101 0.074 0.010 0.022 0.071 0.019 0.475 0.174 0.003 0.011 0.014 0.195 0.180 0.255 0.116 0.012 0.005 0.002 0.012 0.046 0.146 0.174 0.287 0.164 0.094 0.095 0.189
0.000 0.000 0.005 0.013 0.007 0.008 0.000 0.000 0.000 0.000 0.000 0.000 0.000 0.000 0.000 0.000 0.000 0.000 0.000 0.000 0.000 0.000 0.000 0.000 0.000 0.000 0.000 0.000 0.000 0.000 0.000 0.000 0.000 0.000 0.152 0.063 0.071 0.160 0.187 0.199 0.161 0.093 0.001 0.133 0.195 0.139 0.028 0.004 0.000 0.069 0.047 0.022 0.000 0.000 0.065 0.463 0.198 0.004 0.000 0.015 0.139 0.130 0.234 0.238 0.050 0.003 0.000 0.000 0.027 0.150 0.125 0.114 0.264 0.222 0.128 0.111 0.212
0.000 0.000 0.004 0.009 0.008 0.009 0.007 0.007 0.010 0.000 0.000 0.000 0.000 0.000 0.000 0.000 0.000 0.000 0.000 0.000 0.000 0.000 0.000 0.000 0.000 0.000 0.000 0.000 0.000 0.000 0.000 0.000 0.000 0.000 0.000 0.000 0.026 0.065 0.143 0.186 0.083 0.017 0.099 0.120 0.102 0.032 0.000 0.000 0.000 0.040 0.006 0.005 0.064 0.296 0.447 0.155 0.013 0.010 0.017 0.071 0.135 0.239 0.315 0.122 0.011 0.000 0.000 0.000 0.147 0.240 0.101 0.045 0.166 0.266 0.166 0.125 0.244
0.000 0.000 0.004 0.008 0.011 0.011 0.010 0.012 0.021 0.014 0.009 0.000 0.000 0.000 0.000 0.000 0.000 0.000 0.000 0.000 0.000 0.000 0.000 0.000 0.000 0.000 0.000 0.000 0.000 0.000 0.000 0.000 0.000 0.000 0.000 0.000 0.000 0.000 0.110 0.248 0.188 0.143 0.138 0.117 0.069 0.094 0.089 0.064 0.071 0.055 0.142 0.261 0.430 0.313 0.071 0.002 0.000 0.061 0.083 0.078 0.153 0.405 0.265 0.050 0.001 0.000 0.032 0.102 0.199 0.227 0.063 0.015 0.067 0.256 0.203 0.164 0.268
0.000 0.000 0.004 0.009 0.000 0.000 0.000 0.031 0.032 0.022 0.013 0.007 0.006 0.011 0.000 0.000 0.000 0.000 0.000 0.000 0.000 0.000 0.000 0.000 0.000 0.000 0.000 0.000 0.000 0.000 0.000 0.000 0.000 0.000 0.000 0.000 0.000 0.000 0.000 0.403 0.349 0.285 0.302 0.255 0.253 0.281 0.281 0.328 0.376 0.404 0.389 0.277 0.113 0.015 0.000 0.000 0.020 0.207 0.181 0.129 0.301 0.332 0.236 0.033 0.000 0.000 0.008 0.092 0.231 0.131 0.000 0.000 0.141 0.223 0.204 0.226 0.252
0.000 0.000 0.004 0.008 0.000 0.000 0.000 0.000 0.000 0.000 0.011 0.013 0.000 0.013 0.055 0.000 0.001 0.004 0.000 0.000 0.000 0.000 0.000 0.000 0.000 0.000 0.000 0.000 0.000 0.000 0.000 0.000 0.000 0.000 0.000 0.000 0.000 0.000 0.000 0.000 0.378 0.377 0.376 0.343 0.363 0.405 0.401 0.358 0.284 0.171 0.067 0.014 0.001 0.003 0.030 0.030 0.033 0.273 0.338 0.227 0.229 0.169 0.261 0.104 0.033 0.000 0.000 0.100 0.234 0.017 0.020 0.088 0.106 0.161 0.176 0.305 0.181
0.000 0.000 0.003 0.006 0.005 0.006 0.005 0.000 0.000 0.000 0.000 0.000 0.042 0.057 0.038 0.024 0.021 0.017 0.016 0.000 0.000 0.000 0.000 0.000 0.000 0.000 0.000 0.000 0.000 0.000 0.000 0.000 0.000 0.000 0.000 0.000 0.000 0.000 0.000 0.000 0.097 0.091 0.068 0.119 0.145 0.115 0.075 0.043 0.017 0.004 0.000 0.030 0.007 0.000 0.060 0.072 0.235 0.453 0.150 0.012 0.103 0.280 0.180 0.148 0.096 0.013 0.006 0.257 0.157 0.000 0.079 0.099 0.058 0.085 0.168 0.358 0.061
0.000 0.000 0.003 0.006 0.015 0.000 0.005 0.003 0.003 0.006 0.000 0.000 0.000 0.000 0.000 0.021 0.019 0.016 0.013 0.008 0.005 0.006 0.009 0.030 0.000 0.000 0.000 0.000 0.000 0.000 0.000 0.000 0.000 0.000 0.000 0.000 0.000 0.000 0.000 0.006 0.011 0.005 0.001 0.000 0.000 0.000 0.001 0.000 0.000 0.000 0.000 0.011 0.052 0.082 0.000 0.067 0.516 0.271 0.011 0.000 0.039 0.282 0.254 0.047 0.012 0.000 0.170 0.302 0.036 0.000 0.114 0.186 0.079 0.071 0.237 0.333 0.041
0.000 0.000 0.002 0.010 0.144 0.000 0.000 0.004 0.006 0.007 0.005 0.004 0.004 0.000 0.000 0.000 0.010 0.009 0.007 0.006 0.004 0.014 0.028 0.000 0.000 0.000 0.000 0.000 0.000 0.000 0.000 0.000 0.000 0.000 0.000 0.000 0.000 0.000 0.008 0.056 0.000 0.000 0.000 0.055 0.082 0.020 0.000 0.000 0.000 0.072 0.080 0.117 0.040 0.000 0.134 0.406 0.415 0.090 0.033 0.000 0.146 0.412 0.192 0.014 0.000 0.085 0.332 0.105 0.039 0.000 0.137 0.243 0.160 0.109 0.325 0.250 0.014
0.000 0.000 0.002 0.081 0.000 0.000 0.000 0.000 0.000 0.000 0.003 0.003 0.003 0.001 0.000 0.000 0.000 0.000 0.004 0.005 0.018 0.028 0.030 0.000 0.000 0.000 0.000 0.000 0.000 0.000 0.000 0.000 0.000 0.000 0.000 0.000 0.000 0.000 0.020 0.007 0.061 0.060 0.146 0.142 0.096 0.067 0.098 0.132 0.152 0.155 0.136 0.099 0.114 0.239 0.452 0.430 0.179 0.189 0.223 0.206 0.308 0.394 0.254 0.000 0.013 0.290 0.158 0.108 0.063 0.079 0.177 0.259 0.217 0.166 0.383 0.078 0.000
0.000 0.000 0.002 0.000 0.000 0.000 0.000 0.000 0.000 0.000 0.000 0.001 0.000 0.000 0.000 0.000 0.000 0.000 0.009 0.016 0.020 0.011 0.038 0.000 0.000 0.000 0.000 0.000 0.000 0.000 0.000 0.000 0.000 0.000 0.000 0.000 0.000 0.000 0.029 0.012 0.072 0.071 0.051 0.035 0.020 0.085 0.128 0.149 0.134 0.176 0.146 0.242 0.431 0.581 0.322 0.123 0.023 0.013 0.178 0.310 0.324 0.324 0.169 0.064 0.287 0.165 0.064 0.140 0.150 0.123 0.142 0.231 0.236 0.294 0.348 0.043 0.000
0.000 0.000 0.003 0.000 0.000 0.000 0.000 0.000 0.000 0.000 0.000 0.000 0.000 0.000 0.000 0.000 0.000 0.000 0.000 0.012 0.011 0.018 0.025 0.000 0.000 0.000 0.000 0.000 0.000 0.000 0.000 0.000 0.000 0.000 0.000 0.000 0.000 0.000 0.014 0.086 0.033 0.016 0.017 0.021 0.041 0.071 0.161 0.211 0.261 0.311 0.370 0.582 0.534 0.254 0.014 0.000 0.003 0.068 0.011 0.179 0.201 0.328 0.382 0.320 0.125 0.000 0.053 0.156 0.139 0.142 0.167 0.203 0.311 0.399 0.206 0.009 0.000
0.000 0.000 0.002 0.002 0.000 0.000 0.000 0.000 0.000 0.000 0.000 0.000 0.000 0.000 0.000 0.000 0.000 0.000 0.000 0.000 0.008 0.006 0.001 0.000 0.000 0.000 0.000 0.000 0.000 0.000 0.000 0.000 0.000 0.000 0.000 0.000 0.000 0.000 0.013 0.025 0.103 0.119 0.119 0.128 0.153 0.200 0.287 0.387 0.420 0.397 0.321 0.000 0.000 0.000 0.000 0.000 0.024 0.245 0.327 0.540 0.364 0.498 0.473 0.093 0.002 0.000 0.100 0.148 0.175 0.206 0.165 0.230 0.427 0.330 0.116 0.015 0.000
0.000 0.000 0.001 0.000 0.000 0.000 0.000 0.000 0.000 0.000 0.000 0.000 0.000 0.000 0.000 0.000 0.000 0.000 0.000 0.000 0.000 0.000 0.000 0.000 0.000 0.000 0.000 0.000 0.000 0.000 0.000 0.000 0.000 0.000 0.000 0.000 0.000 0.000 0.014 0.013 0.088 0.143 0.206 0.211 0.212 0.225 0.238 0.310 0.211 0.171 0.166 0.000 0.000 0.000 0.000 0.000 0.000 0.000 0.119 0.002 0.355 0.779 0.186 0.003 0.000 0.000 0.102 0.163 0.197 0.154 0.126 0.337 0.416 0.257 0.055 0.010 0.000
0.000 0.000 0.000 0.000 0.000 0.000 0.000 0.000 0.000 0.000 0.000 0.000 0.000 0.000 0.000 0.000 0.000 0.000 0.000 0.000 0.000 0.000 0.000 0.000 0.000 0.000 0.000 0.000 0.000 0.000 0.000 0.000 0.000 0.000 0.000 0.000 0.000 0.000 0.005 0.078 0.013 0.043 0.056 0.063 0.046 0.034 0.034 0.142 0.151 0.214 0.211 0.000 0.000 0.000 0.000 0.000 0.000 0.000 0.000 0.000 0.000 0.158 0.007 0.001 0.000 0.027 0.078 0.161 0.149 0.154 0.164 0.476 0.362 0.171 0.039 0.000 0.000
0.000 0.000 0.000 0.000 0.000 0.000 0.000 0.000 0.000 0.000 0.000 0.000 0.000 0.000 0.000 0.000 0.000 0.000 0.000 0.000 0.000 0.000 0.000 0.000 0.000 0.000 0.000 0.000 0.000 0.000 0.000 0.000 0.000 0.000 0.000 0.000 0.000 0.000 0.000 0.045 0.105 0.057 0.020 0.009 0.007 0.009 0.000 0.116 0.183 0.173 0.000 0.000 0.000 0.000 0.000 0.000 0.000 0.000 0.000 0.000 0.000 0.000 0.000 0.000 0.003 0.089 0.022 0.145 0.162 0.178 0.275 0.462 0.272 0.105 0.021 0.007 0.001
0.000 0.000 0.000 0.000 0.000 0.000 0.000 0.000 0.000 0.000 0.000 0.000 0.000 0.000 0.000 0.000 0.000 0.000 0.000 0.000 0.000 0.000 0.000 0.000 0.000 0.000 0.000 0.000 0.000 0.000 0.000 0.000 0.000 0.000 0.000 0.000 0.000 0.000 0.000 0.001 0.074 0.102 0.106 0.107 0.073 0.010 0.043 0.107 0.112 0.000 0.000 0.000 0.000 0.000 0.000 0.000 0.000 0.000 0.000 0.000 0.000 0.000 0.000 0.000 0.023 0.030 0.095 0.231 0.232 0.105 0.430 0.368 0.169 0.044 0.005 0.000 0.000
0.000 0.000 0.000 0.000 0.000 0.000 0.000 0.000 0.000 0.000 0.000 0.000 0.000 0.000 0.000 0.000 0.000 0.000 0.000 0.000 0.000 0.000 0.000 0.000 0.000 0.000 0.000 0.000 0.000 0.000 0.000 0.000 0.000 0.000 0.000 0.000 0.000 0.000 0.000 0.000 0.001 0.014 0.037 0.103 0.168 0.177 0.199 0.261 0.257 0.000 0.000 0.000 0.000 0.000 0.000 0.000 0.000 0.000 0.000 0.000 0.000 0.043 0.045 0.038 0.086 0.047 0.250 0.243 0.140 0.199 0.469 0.243 0.095 0.056 0.005 0.000 0.000
0.000 0.000 0.000 0.000 0.000 0.000 0.000 0.000 0.000 0.000 0.000 0.000 0.000 0.000 0.000 0.000 0.000 0.000 0.000 0.000 0.000 0.000 0.000 0.000 0.000 0.000 0.000 0.000 0.000 0.000 0.000 0.000 0.000 0.000 0.000 0.000 0.000 0.000 0.000 0.000 0.000 0.000 0.002 0.028 0.065 0.113 0.166 0.303 0.462 0.000 0.000 0.000 0.000 0.000 0.000 0.000 0.000 0.000 0.000 0.000 0.000 0.013 0.072 0.174 0.230 0.205 0.206 0.130 0.068 0.548 0.281 0.119 0.039 0.056 0.002 0.000 0.007
0.000 0.000 0.000 0.000 0.000 0.000 0.000 0.000 0.000 0.000 0.000 0.000 0.000 0.000 0.000 0.000 0.000 0.000 0.000 0.000 0.000 0.000 0.000 0.000 0.000 0.000 0.000 0.000 0.000 0.000 0.000 0.000 0.000 0.000 0.000 0.000 0.000 0.000 0.000 0.000 0.000 0.000 0.000 0.052 0.001 0.081 0.087 0.151 0.000 0.000 0.000 0.000 0.000 0.000 0.000 0.000 0.000 0.000 0.000 0.000 0.272 0.093 0.144 0.259 0.184 0.122 0.111 0.196 0.521 0.282 0.166 0.041 0.056 0.060 0.000 0.000 0.003
0.000 0.000 0.000 0.000 0.000 0.000 0.000 0.000 0.000 0.000 0.000 0.000 0.000 0.000 0.000 0.000 0.000 0.000 0.000 0.000 0.000 0.000 0.000 0.000 0.000 0.000 0.000 0.000 0.000 0.000 0.000 0.000 0.000 0.000 0.000 0.000 0.000 0.000 0.000 0.000 0.000 0.000 0.000 0.051 0.031 0.068 0.081 0.198 0.000 0.000 0.000 0.000 0.000 0.000 0.000 0.000 0.000 0.000 0.000 0.000 0.302 0.239 0.280 0.287 0.270 0.250 0.357 0.453 0.267 0.143 0.081 0.039 0.010 0.062 0.046 0.073 0.053
