数据/2hours/0.1-2h-200y/coupled-174-0001.wd
ncols         694
nrows         824
xllcorner     581104.939801
yllcorner     3495917.092414
cellsize      2.000000
NODATA_value  -9999.000000
[rows 714 to 747 of 824, columns 154 to 230 of 694]
0.000 0.000 0.000 0.000 0.000 0.000 0.002 0.003 0.004 0.005 0.006 0.007 0.008 0.008 0.009 0.009 0.009 0.009 0.009 0.008 0.001 0.000 0.081 0.076 0.066 0.061 0.058 0.054 0.047 0.044 0.038 0.034 0.000 0.000 0.000 0.000 0.000 0.000 0.000 0.000 0.000 0.000 0.058 0.110 0.133 0.144 0.155 0.165 0.176 0.000 0.000 0.000 0.000 0.000 0.000 0.000 0.000 0.000 0.273 0.285 0.294 0.295 0.270 0.247 0.259 0.170 0.088 0.011 0.001 0.001 0.000 0.000 0.000 0.000 0.000 0.000 0.000
0.000 0.000 0.000 0.000 0.000 0.002 0.003 0.004 0.005 0.006 0.007 0.008 0.009 0.009 0.010 0.010 0.011 0.011 0.011 0.011 0.010 0.009 0.000 0.099 0.095 0.088 0.079 0.075 0.068 0.065 0.059 0.055 0.053 0.049 0.000 0.000 0.000 0.000 0.000 0.000 0.000 0.044 0.097 0.153 0.196 0.208 0.218 0.228 0.239 0.000 0.000 0.000 0.000 0.000 0.000 0.000 0.000 0.000 0.334 0.330 0.307 0.281 0.259 0.249 0.260 0.220 0.132 0.046 0.001 0.001 0.000 0.000 0.000 0.000 0.000 0.000 0.000
0.000 0.000 0.000 0.000 0.001 0.003 0.004 0.005 0.006 0.007 0.008 0.009 0.009 0.010 0.011 0.011 0.012 0.012 0.013 0.013 0.014 0.014 0.013 0.001 0.001 0.124 0.113 0.101 0.089 0.085 0.080 0.077 0.074 0.071 0.068 0.000 0.000 0.000 0.000 0.000 0.037 0.084 0.139 0.196 0.251 0.271 0.280 0.291 0.302 0.000 0.000 0.000 0.000 0.000 0.000 0.000 0.000 0.369 0.346 0.320 0.297 0.272 0.249 0.256 0.265 0.260 0.172 0.092 0.003 0.000 0.000 0.000 0.000 0.000 0.000 0.000 0.000
0.000 0.000 0.000 0.000 0.002 0.004 0.005 0.006 0.007 0.008 0.009 0.009 0.010 0.011 0.011 0.012 0.013 0.013 0.014 0.015 0.016 0.018 0.020 0.021 0.025 0.001 0.147 0.133 0.117 0.106 0.102 0.099 0.096 0.092 0.088 0.087 0.085 0.000 0.000 0.000 0.073 0.126 0.183 0.239 0.294 0.332 0.343 0.353 0.000 0.000 0.000 0.000 0.000 0.000 0.000 0.000 0.000 0.355 0.333 0.309 0.286 0.262 0.247 0.256 0.268 0.278 0.220 0.133 0.048 0.000 0.000 0.000 0.000 0.000 0.000 0.000 0.000
0.000 0.000 0.000 0.001 0.003 0.005 0.006 0.007 0.008 0.008 0.009 0.010 0.010 0.011 0.012 0.012 0.013 0.014 0.015 0.017 0.018 0.021 0.024 0.029 0.039 0.058 0.001 0.159 0.144 0.130 0.124 0.120 0.118 0.114 0.111 0.110 0.106 0.103 0.000 0.087 0.115 0.170 0.225 0.281 0.336 0.392 0.407 0.416 0.000 0.000 0.000 0.000 0.000 0.000 0.000 0.000 0.000 0.346 0.324 0.298 0.277 0.251 0.252 0.263 0.270 0.279 0.262 0.175 0.000 0.000 0.000 0.000 0.000 0.000 0.000 0.000 0.000
0.000 0.000 0.000 0.001 0.003 0.005 0.006 0.007 0.008 0.009 0.009 0.010 0.011 0.011 0.012 0.013 0.014 0.015 0.016 0.017 0.019 0.021 0.024 0.028 0.033 0.039 0.026 0.000 0.001 0.149 0.146 0.141 0.138 0.135 0.133 0.131 0.128 0.123 0.119 0.109 0.157 0.211 0.267 0.322 0.378 0.433 0.469 0.479 0.000 0.000 0.000 0.000 0.000 0.000 0.000 0.000 0.000 0.333 0.312 0.286 0.265 0.242 0.249 0.262 0.272 0.279 0.290 0.224 0.000 0.000 0.000 0.000 0.000 0.000 0.000 0.000 0.000
0.000 0.000 0.000 0.001 0.003 0.005 0.006 0.007 0.008 0.009 0.010 0.010 0.011 0.012 0.012 0.013 0.014 0.015 0.016 0.018 0.019 0.021 0.023 0.026 0.029 0.030 0.024 0.017 0.011 0.000 0.165 0.163 0.159 0.153 0.153 0.151 0.148 0.146 0.144 0.000 0.000 0.253 0.310 0.365 0.421 0.476 0.533 0.544 0.552 0.525 0.000 0.000 0.000 0.000 0.000 0.000 0.346 0.322 0.301 0.276 0.254 0.242 0.253 0.267 0.276 0.283 0.294 0.268 0.000 0.000 0.000 0.000 0.000 0.000 0.000 0.000 0.000
0.000 0.000 0.000 0.001 0.003 0.005 0.006 0.007 0.008 0.009 0.010 0.011 0.011 0.012 0.013 0.013 0.014 0.015 0.016 0.018 0.019 0.020 0.022 0.024 0.025 0.025 0.022 0.018 0.014 0.010 0.001 0.182 0.179 0.173 0.172 0.171 0.169 0.166 0.000 0.000 0.000 0.000 0.353 0.407 0.463 0.518 0.572 0.567 0.540 0.514 0.488 0.463 0.000 0.000 0.000 0.000 0.337 0.314 0.292 0.266 0.243 0.242 0.252 0.265 0.276 0.285 0.295 0.000 0.000 0.000 0.000 0.000 0.000 0.000 0.000 0.000 0.000
0.000 0.000 0.000 0.001 0.003 0.005 0.006 0.007 0.008 0.009 0.010 0.011 0.011 0.012 0.013 0.013 0.014 0.015 0.016 0.017 0.018 0.019 0.021 0.022 0.022 0.022 0.020 0.017 0.015 0.012 0.009 0.001 0.000 0.193 0.193 0.191 0.191 0.000 0.000 0.000 0.000 0.000 0.000 0.449 0.505 0.528 0.549 0.000 0.000 0.504 0.479 0.453 0.428 0.402 0.000 0.000 0.330 0.306 0.283 0.257 0.236 0.246 0.257 0.266 0.278 0.288 0.296 0.000 0.000 0.000 0.000 0.000 0.000 0.000 0.000 0.000 0.000
0.000 0.000 0.000 0.001 0.003 0.005 0.006 0.007 0.008 0.009 0.010 0.011 0.011 0.012 0.013 0.013 0.014 0.015 0.016 0.017 0.017 0.018 0.019 0.020 0.020 0.020 0.018 0.017 0.015 0.013 0.011 0.008 0.006 0.001 0.218 0.214 0.000 0.000 0.000 0.000 0.000 0.000 0.000 0.462 0.483 0.504 0.525 0.000 0.000 0.000 0.000 0.444 0.418 0.394 0.370 0.346 0.321 0.295 0.275 0.248 0.241 0.249 0.256 0.267 0.279 0.288 0.301 0.000 0.000 0.000 0.000 0.000 0.000 0.000 0.000 0.000 0.000
0.000 0.000 0.000 0.001 0.003 0.005 0.006 0.007 0.008 0.009 0.010 0.011 0.011 0.012 0.012 0.013 0.014 0.014 0.015 0.016 0.017 0.017 0.018 0.018 0.018 0.018 0.017 0.016 0.014 0.013 0.011 0.009 0.008 0.005 0.000 0.233 0.227 0.000 0.000 0.000 0.000 0.000 0.000 0.439 0.459 0.481 0.502 0.516 0.000 0.000 0.000 0.000 0.000 0.385 0.361 0.336 0.313 0.288 0.251 0.239 0.248 0.255 0.262 0.268 0.280 0.289 0.000 0.000 0.000 0.000 0.000 0.000 0.000 0.000 0.000 0.000 0.000
0.000 0.000 0.000 0.001 0.003 0.005 0.006 0.007 0.008 0.009 0.010 0.010 0.011 0.012 0.012 0.013 0.013 0.014 0.015 0.015 0.016 0.016 0.017 0.017 0.017 0.017 0.016 0.015 0.014 0.013 0.011 0.010 0.009 0.007 0.005 0.000 0.245 0.242 0.000 0.000 0.000 0.000 0.000 0.000 0.437 0.000 0.000 0.498 0.486 0.000 0.000 0.000 0.000 0.000 0.000 0.323 0.303 0.275 0.254 0.240 0.252 0.257 0.263 0.270 0.283 0.292 0.000 0.000 0.000 0.000 0.000 0.000 0.000 0.000 0.000 0.000 0.000
0.000 0.000 0.000 0.001 0.003 0.005 0.006 0.007 0.008 0.009 0.010 0.010 0.011 0.011 0.012 0.013 0.013 0.014 0.014 0.015 0.015 0.016 0.016 0.016 0.016 0.015 0.015 0.014 0.013 0.012 0.011 0.010 0.009 0.008 0.006 0.004 0.001 0.261 0.275 0.000 0.000 0.000 0.000 0.000 0.000 0.000 0.000 0.000 0.467 0.000 0.000 0.000 0.000 0.000 0.335 0.311 0.289 0.267 0.243 0.243 0.250 0.260 0.271 0.279 0.288 0.297 0.000 0.000 0.000 0.000 0.000 0.000 0.000 0.000 0.000 0.000 0.000
0.000 0.000 0.000 0.001 0.003 0.005 0.006 0.007 0.008 0.009 0.009 0.010 0.011 0.011 0.012 0.012 0.013 0.013 0.014 0.014 0.014 0.015 0.015 0.015 0.015 0.015 0.014 0.013 0.013 0.012 0.011 0.010 0.009 0.008 0.007 0.006 0.004 0.000 0.246 0.267 0.000 0.000 0.000 0.000 0.000 0.000 0.000 0.000 0.447 0.000 0.000 0.000 0.000 0.000 0.324 0.301 0.281 0.258 0.237 0.241 0.249 0.261 0.273 0.282 0.294 0.000 0.000 0.000 0.000 0.000 0.000 0.000 0.000 0.000 0.000 0.000 0.000
0.000 0.000 0.000 0.001 0.003 0.005 0.006 0.007 0.008 0.008 0.009 0.010 0.010 0.011 0.011 0.012 0.012 0.013 0.013 0.013 0.014 0.014 0.014 0.014 0.014 0.014 0.013 0.013 0.012 0.011 0.011 0.010 0.009 0.008 0.007 0.006 0.005 0.003 0.001 0.244 0.267 0.000 0.000 0.000 0.000 0.000 0.000 0.433 0.428 0.000 0.000 0.000 0.000 0.333 0.314 0.293 0.272 0.250 0.242 0.249 0.254 0.265 0.275 0.285 0.298 0.306 0.314 0.000 0.000 0.000 0.000 0.000 0.000 0.000 0.000 0.000 0.000
0.000 0.000 0.000 0.000 0.002 0.004 0.005 0.006 0.007 0.008 0.009 0.009 0.010 0.010 0.011 0.011 0.012 0.012 0.012 0.013 0.013 0.013 0.013 0.013 0.013 0.013 0.013 0.012 0.012 0.011 0.010 0.010 0.009 0.008 0.007 0.006 0.005 0.003 0.001 0.000 0.244 0.258 0.000 0.000 0.000 0.000 0.000 0.000 0.000 0.000 0.000 0.000 0.000 0.312 0.303 0.283 0.261 0.237 0.237 0.248 0.253 0.263 0.273 0.285 0.301 0.309 0.319 0.332 0.345 0.000 0.000 0.000 0.000 0.000 0.000 0.000 0.077
0.000 0.000 0.000 0.000 0.001 0.003 0.004 0.005 0.006 0.007 0.008 0.009 0.009 0.010 0.010 0.011 0.011 0.012 0.012 0.012 0.012 0.013 0.013 0.013 0.013 0.012 0.012 0.012 0.011 0.011 0.010 0.009 0.009 0.008 0.007 0.006 0.005 0.003 0.001 0.000 0.000 0.226 0.244 0.266 0.000 0.000 0.000 0.000 0.000 0.000 0.000 0.000 0.300 0.290 0.278 0.267 0.247 0.227 0.237 0.249 0.260 0.268 0.278 0.292 0.304 0.313 0.325 0.337 0.348 0.359 0.372 0.000 0.000 0.000 0.000 0.000 0.000
0.000 0.000 0.000 0.000 0.000 0.002 0.003 0.004 0.005 0.006 0.007 0.008 0.009 0.009 0.010 0.010 0.011 0.011 0.011 0.012 0.012 0.012 0.012 0.012 0.012 0.012 0.011 0.011 0.011 0.010 0.009 0.009 0.008 0.007 0.007 0.006 0.005 0.003 0.001 0.000 0.000 0.000 0.222 0.246 0.269 0.000 0.000 0.000 0.000 0.000 0.000 0.000 0.279 0.266 0.256 0.244 0.233 0.230 0.240 0.253 0.263 0.274 0.283 0.293 0.305 0.316 0.326 0.342 0.354 0.367 0.378 0.389 0.345 0.000 0.000 0.000 0.000
0.000 0.000 0.000 0.000 0.000 0.000 0.002 0.003 0.004 0.005 0.006 0.007 0.008 0.009 0.009 0.010 0.010 0.011 0.011 0.011 0.011 0.011 0.011 0.011 0.011 0.011 0.011 0.010 0.010 0.009 0.009 0.008 0.008 0.007 0.006 0.005 0.004 0.002 0.000 0.000 0.000 0.000 0.000 0.226 0.241 0.259 0.000 0.000 0.000 0.000 0.000 0.272 0.261 0.248 0.236 0.222 0.223 0.224 0.239 0.254 0.265 0.279 0.284 0.292 0.303 0.000 0.000 0.000 0.359 0.370 0.382 0.393 0.390 0.310 0.246 0.000 0.000
0.000 0.000 0.000 0.000 0.000 0.000 0.000 0.002 0.003 0.004 0.005 0.006 0.007 0.008 0.009 0.009 0.010 0.010 0.010 0.010 0.011 0.011 0.011 0.011 0.011 0.010 0.010 0.010 0.009 0.009 0.008 0.008 0.007 0.006 0.005 0.004 0.003 0.001 0.000 0.000 0.000 0.000 0.000 0.000 0.209 0.229 0.245 0.000 0.000 0.000 0.000 0.254 0.236 0.229 0.216 0.224 0.220 0.224 0.235 0.247 0.262 0.273 0.285 0.295 0.305 0.000 0.000 0.000 0.000 0.000 0.387 0.399 0.412 0.356 0.321 0.288 0.000
0.000 0.000 0.000 0.000 0.000 0.000 0.000 0.000 0.002 0.003 0.004 0.005 0.006 0.007 0.008 0.009 0.009 0.009 0.010 0.010 0.010 0.010 0.010 0.010 0.010 0.010 0.009 0.009 0.009 0.008 0.008 0.007 0.006 0.005 0.004 0.003 0.002 0.000 0.000 0.000 0.000 0.000 0.000 0.000 0.181 0.201 0.221 0.240 0.000 0.245 0.238 0.226 0.218 0.215 0.214 0.220 0.219 0.224 0.234 0.244 0.259 0.266 0.281 0.290 0.000 0.000 0.000 0.000 0.000 0.000 0.000 0.403 0.416 0.429 0.396 0.360 0.000
0.000 0.000 0.000 0.000 0.000 0.000 0.000 0.000 0.000 0.002 0.003 0.004 0.005 0.006 0.007 0.008 0.008 0.009 0.009 0.009 0.009 0.009 0.009 0.009 0.009 0.009 0.009 0.008 0.008 0.008 0.007 0.006 0.005 0.004 0.003 0.002 0.000 0.000 0.000 0.000 0.000 0.000 0.000 0.000 0.000 0.187 0.205 0.222 0.240 0.232 0.218 0.210 0.217 0.212 0.217 0.220 0.221 0.223 0.233 0.240 0.257 0.262 0.276 0.000 0.000 0.000 0.000 0.000 0.000 0.000 0.000 0.000 0.000 0.439 0.438 0.436 0.403
0.000 0.000 0.000 0.000 0.000 0.000 0.000 0.000 0.000 0.000 0.002 0.003 0.004 0.005 0.006 0.007 0.008 0.008 0.008 0.008 0.008 0.008 0.008 0.008 0.008 0.008 0.008 0.008 0.007 0.007 0.006 0.005 0.004 0.003 0.002 0.000 0.000 0.000 0.000 0.000 0.000 0.000 0.000 0.000 0.000 0.000 0.178 0.199 0.218 0.213 0.210 0.211 0.210 0.209 0.211 0.213 0.216 0.218 0.224 0.236 0.251 0.260 0.271 0.000 0.000 0.000 0.000 0.000 0.000 0.000 0.000 0.000 0.000 0.000 0.000 0.451 0.450
0.000 0.000 0.000 0.000 0.000 0.000 0.000 0.000 0.000 0.000 0.000 0.002 0.003 0.004 0.005 0.006 0.007 0.007 0.007 0.007 0.007 0.007 0.007 0.007 0.007 0.007 0.007 0.007 0.006 0.006 0.005 0.004 0.003 0.002 0.000 0.000 0.000 0.000 0.000 0.000 0.000 0.000 0.000 0.000 0.000 0.000 0.000 0.177 0.199 0.212 0.211 0.210 0.208 0.209 0.210 0.213 0.210 0.213 0.215 0.228 0.244 0.255 0.000 0.000 0.000 0.000 0.000 0.000 0.000 0.000 0.000 0.000 0.000 0.000 0.000 0.000 0.000
0.000 0.000 0.000 0.000 0.000 0.000 0.000 0.000 0.000 0.000 0.000 0.000 0.002 0.003 0.004 0.005 0.006 0.006 0.006 0.006 0.006 0.006 0.006 0.006 0.006 0.006 0.006 0.006 0.005 0.005 0.004 0.003 0.002 0.000 0.000 0.000 0.000 0.000 0.000 0.000 0.000 0.000 0.000 0.000 0.000 0.000 0.000 0.000 0.184 0.197 0.211 0.204 0.208 0.206 0.213 0.210 0.210 0.212 0.214 0.222 0.239 0.255 0.000 0.000 0.000 0.000 0.000 0.000 0.000 0.000 0.000 0.000 0.000 0.000 0.000 0.000 0.000
0.000 0.000 0.000 0.000 0.000 0.000 0.000 0.000 0.000 0.000 0.000 0.000 0.000 0.002 0.003 0.004 0.005 0.005 0.005 0.005 0.005 0.005 0.005 0.005 0.005 0.005 0.005 0.005 0.004 0.004 0.003 0.002 0.000 0.000 0.000 0.000 0.000 0.000 0.000 0.000 0.000 0.000 0.000 0.000 0.000 0.000 0.000 0.000 0.000 0.160 0.190 0.200 0.203 0.203 0.207 0.207 0.207 0.209 0.214 0.220 0.235 0.000 0.000 0.000 0.000 0.000 0.000 0.000 0.000 0.000 0.000 0.000 0.000 0.000 0.000 0.000 0.000
0.000 0.000 0.000 0.000 0.000 0.000 0.000 0.000 0.000 0.000 0.000 0.000 0.000 0.000 0.001 0.002 0.003 0.003 0.003 0.003 0.003 0.003 0.003 0.003 0.003 0.003 0.003 0.003 0.003 0.002 0.001 0.000 0.000 0.000 0.000 0.000 0.000 0.000 0.000 0.000 0.000 0.000 0.000 0.000 0.000 0.000 0.000 0.000 0.000 0.000 0.165 0.185 0.204 0.204 0.203 0.207 0.202 0.203 0.210 0.219 0.232 0.000 0.000 0.000 0.000 0.000 0.000 0.000 0.000 0.000 0.000 0.000 0.000 0.000 0.000 0.000 0.000
0.000 0.000 0.000 0.000 0.000 0.000 0.000 0.000 0.000 0.000 0.000 0.000 0.000 0.000 0.000 0.000 0.001 0.001 0.001 0.001 0.001 0.001 0.001 0.001 0.001 0.001 0.001 0.001 0.001 0.000 0.000 0.000 0.000 0.000 0.000 0.000 0.000 0.000 0.000 0.000 0.000 0.000 0.000 0.000 0.000 0.000 0.000 0.000 0.000 0.000 0.140 0.165 0.187 0.199 0.198 0.195 0.200 0.195 0.206 0.217 0.000 0.000 0.000 0.000 0.000 0.000 0.000 0.000 0.000 0.000 0.000 0.000 0.000 0.000 0.000 0.000 0.000
0.000 0.000 0.000 0.000 0.000 0.000 0.000 0.000 0.000 0.000 0.000 0.000 0.000 0.000 0.000 0.000 0.000 0.000 0.000 0.000 0.000 0.000 0.000 0.000 0.000 0.000 0.000 0.000 0.000 0.000 0.000 0.000 0.000 0.000 0.000 0.000 0.000 0.000 0.000 0.000 0.000 0.000 0.000 0.000 0.000 0.000 0.000 0.000 0.000 0.000 0.000 0.143 0.158 0.179 0.195 0.192 0.182 0.191 0.195 0.000 0.000 0.000 0.000 0.000 0.000 0.000 0.000 0.000 0.000 0.000 0.000 0.000 0.000 0.000 0.000 0.000 0.000
0.000 0.000 0.000 0.000 0.000 0.000 0.000 0.000 0.000 0.000 0.000 0.000 0.000 0.000 0.000 0.000 0.000 0.000 0.000 0.000 0.000 0.000 0.000 0.000 0.000 0.000 0.000 0.000 0.000 0.000 0.000 0.000 0.000 0.000 0.000 0.000 0.000 0.000 0.000 0.000 0.000 0.000 0.000 0.000 0.000 0.000 0.000 0.000 0.000 0.000 0.000 0.115 0.132 0.155 0.181 0.187 0.183 0.186 0.179 0.177 0.000 0.000 0.000 0.000 0.000 0.000 0.000 0.000 0.000 0.000 0.000 0.000 0.000 0.000 0.000 0.000 0.000
0.000 0.000 0.000 0.000 0.000 0.000 0.000 0.000 0.000 0.000 0.000 0.000 0.000 0.000 0.000 0.000 0.000 0.000 0.000 0.000 0.000 0.000 0.000 0.000 0.000 0.000 0.000 0.000 0.000 0.000 0.000 0.000 0.000 0.000 0.000 0.000 0.000 0.000 0.000 0.000 0.000 0.000 0.000 0.000 0.000 0.000 0.000 0.000 0.000 0.000 0.000 0.103 0.116 0.132 0.157 0.173 0.181 0.175 0.169 0.165 0.166 0.000 0.000 0.000 0.000 0.000 0.000 0.000 0.000 0.000 0.000 0.000 0.000 0.000 0.000 0.000 0.000
0.000 0.000 0.000 0.000 0.000 0.000 0.000 0.000 0.000 0.000 0.000 0.000 0.000 0.000 0.000 0.000 0.000 0.000 0.000 0.000 0.000 0.000 0.000 0.000 0.000 0.000 0.000 0.000 0.000 0.000 0.000 0.000 0.000 0.000 0.000 0.000 0.000 0.000 0.000 0.000 0.000 0.000 0.000 0.000 0.000 0.000 0.000 0.000 0.000 0.000 0.000 0.075 0.099 0.109 0.128 0.154 0.162 0.172 0.166 0.161 0.156 0.150 0.156 0.000 0.000 0.000 0.000 0.000 0.000 0.000 0.000 0.000 0.000 0.000 0.000 0.000 0.000
0.000 0.000 0.000 0.000 0.000 0.000 0.000 0.000 0.000 0.000 0.000 0.000 0.000 0.000 0.000 0.000 0.000 0.000 0.000 0.000 0.000 0.000 0.000 0.000 0.000 0.000 0.000 0.000 0.000 0.000 0.000 0.000 0.000 0.000 0.000 0.000 0.000 0.000 0.000 0.000 0.000 0.000 0.000 0.000 0.000 0.000 0.000 0.000 0.000 0.000 0.000 0.000 0.076 0.094 0.108 0.122 0.140 0.153 0.162 0.149 0.147 0.144 0.152 0.162 0.000 0.000 0.000 0.000 0.000 0.000 0.000 0.000 0.000 0.000 0.000 0.000 0.000
0.000 0.000 0.000 0.000 0.000 0.000 0.000 0.000 0.000 0.000 0.000 0.000 0.000 0.000 0.000 0.000 0.000 0.000 0.000 0.000 0.000 0.000 0.000 0.000 0.000 0.000 0.000 0.000 0.000 0.000 0.000 0.000 0.000 0.000 0.000 0.000 0.000 0.000 0.000 0.000 0.000 0.000 0.000 0.000 0.000 0.000 0.000 0.000 0.000 0.000 0.000 0.000 0.056 0.073 0.086 0.097 0.111 0.128 0.142 0.147 0.135 0.144 0.151 0.161 0.169 0.000 0.000 0.000 0.000 0.000 0.000 0.000 0.000 0.000 0.000 0.000 0.000
