数据/2hours/0.1-2h-200y/coupled-154-0001.wd
ncols         694
nrows         824
xllcorner     581104.939801
yllcorner     3495917.092414
cellsize      2.000000
NODATA_value  -9999.000000
[rows 544 to 577 of 824, columns 385 to 461 of 694]
0.019 0.030 0.045 0.045 0.055 0.067 0.075 0.088 0.095 0.096 0.000 0.000 0.000 0.000 0.000 0.000 0.000 0.000 0.000 0.000 0.000 0.000 0.000 0.000 0.000 0.000 0.000 0.000 0.000 0.000 0.000 0.000 0.000 0.000 0.000 0.000 0.000 0.000 0.000 0.000 0.000 0.000 0.001 0.001 0.001 0.001 0.001 0.001 0.001 0.001 0.002 0.075 0.140 0.214 0.285 0.355 0.427 0.000 0.000 0.000 0.000 0.000 0.000 0.000 0.000 0.000 0.000 0.000 0.000 0.000 0.000 0.000 0.000 0.000 0.000 0.000 0.000
0.015 0.030 0.041 0.045 0.056 0.061 0.073 0.078 0.085 0.099 0.000 0.000 0.000 0.000 0.000 0.000 0.000 0.000 0.000 0.000 0.000 0.000 0.000 0.000 0.000 0.000 0.000 0.000 0.000 0.000 0.000 0.000 0.000 0.000 0.000 0.000 0.000 0.000 0.000 0.000 0.000 0.000 0.001 0.001 0.001 0.001 0.001 0.001 0.001 0.001 0.035 0.093 0.170 0.240 0.309 0.378 0.449 0.000 0.000 0.000 0.000 0.000 0.000 0.000 0.000 0.000 0.000 0.000 0.000 0.000 0.000 0.000 0.000 0.000 0.000 0.000 0.000
0.010 0.033 0.032 0.043 0.050 0.062 0.070 0.076 0.086 0.091 0.000 0.000 0.000 0.000 0.000 0.000 0.000 0.000 0.000 0.000 0.000 0.000 0.000 0.000 0.000 0.000 0.000 0.000 0.000 0.000 0.000 0.000 0.000 0.000 0.000 0.000 0.000 0.000 0.000 0.000 0.000 0.000 0.001 0.001 0.001 0.001 0.001 0.001 0.001 0.002 0.059 0.092 0.191 0.262 0.332 0.402 0.474 0.000 0.000 0.000 0.000 0.000 0.000 0.000 0.000 0.000 0.000 0.000 0.000 0.000 0.000 0.000 0.000 0.000 0.000 0.000 0.000
0.008 0.024 0.035 0.039 0.044 0.055 0.064 0.073 0.079 0.000 0.000 0.000 0.000 0.000 0.000 0.000 0.000 0.000 0.000 0.000 0.000 0.000 0.000 0.000 0.000 0.000 0.000 0.000 0.000 0.000 0.000 0.000 0.000 0.000 0.000 0.000 0.000 0.000 0.000 0.000 0.000 0.000 0.001 0.001 0.001 0.001 0.001 0.001 0.001 0.005 0.090 0.152 0.217 0.283 0.355 0.427 0.499 0.000 0.000 0.000 0.000 0.000 0.000 0.000 0.000 0.000 0.000 0.000 0.000 0.000 0.000 0.000 0.000 0.000 0.000 0.000 0.000
0.008 0.015 0.027 0.037 0.047 0.051 0.060 0.066 0.073 0.000 0.000 0.000 0.000 0.000 0.000 0.000 0.000 0.000 0.000 0.000 0.000 0.000 0.000 0.000 0.000 0.000 0.000 0.000 0.000 0.000 0.000 0.000 0.000 0.000 0.000 0.000 0.000 0.000 0.000 0.000 0.000 0.001 0.001 0.001 0.001 0.001 0.001 0.001 0.001 0.025 0.098 0.178 0.240 0.308 0.380 0.453 0.525 0.000 0.000 0.000 0.000 0.000 0.000 0.000 0.000 0.000 0.000 0.000 0.000 0.000 0.000 0.000 0.000 0.000 0.000 0.000 0.000
0.008 0.013 0.018 0.029 0.036 0.044 0.052 0.060 0.066 0.063 0.064 0.069 0.075 0.000 0.000 0.000 0.000 0.000 0.000 0.000 0.000 0.000 0.000 0.000 0.000 0.000 0.000 0.000 0.000 0.000 0.000 0.000 0.000 0.000 0.000 0.000 0.000 0.000 0.000 0.000 0.000 0.001 0.001 0.001 0.001 0.001 0.001 0.001 0.002 0.052 0.117 0.198 0.265 0.335 0.407 0.478 0.000 0.000 0.000 0.000 0.000 0.000 0.000 0.000 0.000 0.000 0.000 0.000 0.000 0.000 0.000 0.000 0.000 0.000 0.000 0.000 0.000
0.008 0.011 0.017 0.025 0.032 0.040 0.046 0.052 0.056 0.057 0.061 0.065 0.070 0.076 0.083 0.090 0.000 0.000 0.000 0.000 0.000 0.000 0.000 0.000 0.000 0.000 0.000 0.000 0.000 0.000 0.000 0.000 0.000 0.000 0.000 0.000 0.000 0.000 0.000 0.000 0.000 0.001 0.001 0.001 0.001 0.001 0.001 0.001 0.016 0.076 0.148 0.218 0.288 0.359 0.431 0.503 0.000 0.000 0.000 0.000 0.000 0.000 0.000 0.000 0.000 0.000 0.000 0.000 0.000 0.000 0.000 0.000 0.000 0.000 0.000 0.000 0.000
0.006 0.011 0.015 0.021 0.027 0.033 0.038 0.044 0.048 0.053 0.056 0.061 0.067 0.073 0.080 0.087 0.000 0.000 0.000 0.000 0.000 0.000 0.000 0.000 0.000 0.000 0.000 0.000 0.000 0.000 0.000 0.000 0.000 0.000 0.000 0.000 0.000 0.000 0.000 0.000 0.001 0.001 0.001 0.001 0.001 0.001 0.001 0.001 0.033 0.098 0.174 0.241 0.312 0.385 0.456 0.528 0.000 0.000 0.000 0.000 0.000 0.000 0.000 0.000 0.000 0.000 0.000 0.000 0.000 0.000 0.000 0.000 0.000 0.000 0.000 0.000 0.000
0.004 0.007 0.012 0.018 0.023 0.028 0.033 0.038 0.043 0.047 0.052 0.058 0.063 0.069 0.076 0.084 0.091 0.099 0.000 0.000 0.000 0.000 0.000 0.000 0.000 0.000 0.000 0.000 0.000 0.000 0.000 0.000 0.000 0.000 0.000 0.000 0.000 0.000 0.000 0.000 0.001 0.001 0.001 0.001 0.001 0.001 0.001 0.003 0.052 0.120 0.198 0.266 0.340 0.413 0.484 0.554 0.000 0.000 0.000 0.000 0.000 0.000 0.000 0.000 0.000 0.000 0.000 0.000 0.000 0.000 0.000 0.000 0.000 0.000 0.000 0.000 0.000
0.003 0.006 0.009 0.016 0.000 0.022 0.028 0.033 0.039 0.043 0.048 0.053 0.060 0.066 0.073 0.080 0.087 0.095 0.000 0.000 0.000 0.000 0.000 0.000 0.000 0.000 0.000 0.000 0.000 0.000 0.000 0.000 0.000 0.000 0.000 0.000 0.000 0.000 0.000 0.000 0.001 0.001 0.001 0.001 0.001 0.001 0.001 0.021 0.074 0.146 0.225 0.294 0.368 0.441 0.513 0.000 0.000 0.000 0.000 0.000 0.000 0.000 0.000 0.000 0.000 0.000 0.000 0.000 0.000 0.000 0.000 0.000 0.000 0.000 0.000 0.000 0.000
0.003 0.003 0.008 0.012 0.014 0.019 0.024 0.029 0.035 0.039 0.044 0.050 0.056 0.061 0.068 0.075 0.083 0.091 0.098 0.000 0.000 0.000 0.000 0.000 0.000 0.000 0.000 0.000 0.000 0.000 0.000 0.000 0.000 0.000 0.000 0.000 0.000 0.000 0.000 0.001 0.001 0.001 0.001 0.001 0.001 0.001 0.001 0.032 0.103 0.175 0.254 0.321 0.393 0.458 0.513 0.000 0.000 0.000 0.000 0.000 0.000 0.000 0.000 0.000 0.000 0.000 0.000 0.000 0.000 0.000 0.000 0.000 0.000 0.000 0.000 0.000 0.000
0.002 0.002 0.004 0.008 0.011 0.015 0.019 0.025 0.030 0.035 0.040 0.045 0.051 0.057 0.064 0.071 0.078 0.086 0.093 0.000 0.000 0.000 0.000 0.000 0.000 0.000 0.000 0.000 0.000 0.000 0.000 0.000 0.000 0.000 0.000 0.000 0.000 0.000 0.000 0.001 0.001 0.001 0.001 0.001 0.004 0.004 0.007 0.061 0.132 0.202 0.280 0.345 0.398 0.455 0.511 0.000 0.000 0.000 0.000 0.000 0.000 0.000 0.000 0.000 0.000 0.000 0.000 0.000 0.000 0.000 0.000 0.000 0.000 0.000 0.000 0.000 0.000
0.001 0.001 0.001 0.004 0.007 0.011 0.016 0.021 0.025 0.030 0.035 0.041 0.046 0.053 0.059 0.066 0.073 0.080 0.087 0.000 0.000 0.000 0.000 0.000 0.000 0.000 0.000 0.000 0.000 0.000 0.000 0.000 0.000 0.000 0.000 0.000 0.000 0.000 0.000 0.001 0.001 0.001 0.001 0.001 0.037 0.000 0.000 0.000 0.000 0.234 0.292 0.341 0.395 0.452 0.509 0.000 0.000 0.000 0.000 0.000 0.000 0.000 0.000 0.000 0.000 0.000 0.000 0.000 0.000 0.000 0.000 0.000 0.000 0.000 0.000 0.000 0.000
0.001 0.001 0.001 0.001 0.004 0.007 0.012 0.017 0.022 0.027 0.031 0.036 0.042 0.048 0.054 0.060 0.066 0.072 0.079 0.000 0.000 0.000 0.000 0.000 0.000 0.000 0.000 0.000 0.000 0.000 0.000 0.000 0.000 0.000 0.000 0.000 0.000 0.000 0.000 0.001 0.001 0.001 0.001 0.011 0.066 0.000 0.000 0.000 0.000 0.242 0.293 0.340 0.393 0.452 0.000 0.000 0.000 0.000 0.000 0.000 0.000 0.000 0.000 0.000 0.000 0.000 0.000 0.000 0.000 0.000 0.000 0.000 0.000 0.000 0.000 0.000 0.000
0.001 0.001 0.001 0.001 0.002 0.005 0.008 0.012 0.017 0.022 0.027 0.032 0.037 0.042 0.048 0.054 0.059 0.064 0.067 0.062 0.062 0.065 0.000 0.000 0.000 0.000 0.000 0.000 0.000 0.000 0.000 0.000 0.000 0.000 0.000 0.000 0.000 0.000 0.001 0.001 0.001 0.001 0.001 0.039 0.000 0.000 0.000 0.000 0.000 0.240 0.291 0.341 0.394 0.452 0.000 0.000 0.000 0.000 0.000 0.000 0.000 0.000 0.000 0.000 0.000 0.000 0.000 0.000 0.000 0.000 0.000 0.000 0.000 0.000 0.000 0.000 0.000
0.001 0.001 0.001 0.001 0.001 0.004 0.000 0.007 0.012 0.017 0.022 0.026 0.032 0.037 0.042 0.047 0.051 0.055 0.057 0.056 0.056 0.057 0.054 0.053 0.054 0.059 0.000 0.000 0.000 0.000 0.000 0.000 0.000 0.000 0.000 0.000 0.000 0.000 0.001 0.001 0.001 0.001 0.001 0.063 0.000 0.000 0.000 0.000 0.000 0.234 0.287 0.341 0.395 0.449 0.000 0.000 0.000 0.000 0.000 0.000 0.000 0.000 0.000 0.000 0.000 0.000 0.000 0.000 0.000 0.000 0.000 0.000 0.000 0.000 0.000 0.000 0.000
0.001 0.001 0.001 0.001 0.001 0.001 0.003 0.004 0.008 0.012 0.016 0.021 0.025 0.030 0.035 0.040 0.043 0.047 0.049 0.049 0.050 0.050 0.049 0.049 0.050 0.052 0.051 0.053 0.058 0.000 0.000 0.000 0.000 0.000 0.000 0.000 0.000 0.000 0.001 0.001 0.001 0.001 0.016 0.085 0.000 0.000 0.000 0.000 0.172 0.229 0.282 0.339 0.392 0.445 0.000 0.000 0.000 0.000 0.000 0.000 0.000 0.000 0.000 0.000 0.000 0.000 0.000 0.000 0.000 0.000 0.000 0.000 0.000 0.000 0.000 0.000 0.000
0.001 0.001 0.001 0.001 0.001 0.001 0.001 0.002 0.005 0.008 0.012 0.016 0.020 0.024 0.029 0.033 0.036 0.039 0.041 0.042 0.043 0.043 0.044 0.044 0.044 0.046 0.046 0.048 0.050 0.048 0.048 0.052 0.000 0.000 0.000 0.000 0.000 0.001 0.001 0.001 0.001 0.002 0.033 0.085 0.000 0.000 0.000 0.000 0.164 0.228 0.281 0.336 0.388 0.441 0.000 0.000 0.000 0.000 0.000 0.000 0.000 0.000 0.000 0.000 0.000 0.000 0.000 0.000 0.000 0.000 0.000 0.000 0.000 0.000 0.000 0.000 0.000
0.001 0.001 0.001 0.001 0.001 0.001 0.001 0.001 0.002 0.005 0.008 0.012 0.015 0.019 0.023 0.026 0.030 0.032 0.034 0.036 0.036 0.037 0.038 0.038 0.038 0.039 0.040 0.042 0.043 0.042 0.043 0.044 0.041 0.045 0.000 0.000 0.000 0.001 0.001 0.001 0.005 0.008 0.034 0.000 0.000 0.000 0.000 0.000 0.163 0.221 0.279 0.332 0.383 0.000 0.000 0.000 0.000 0.000 0.000 0.000 0.000 0.000 0.000 0.000 0.000 0.000 0.000 0.000 0.000 0.000 0.000 0.000 0.000 0.000 0.000 0.000 0.000
0.001 0.001 0.001 0.001 0.001 0.001 0.001 0.001 0.001 0.002 0.005 0.008 0.011 0.014 0.017 0.020 0.023 0.025 0.027 0.028 0.030 0.030 0.031 0.031 0.032 0.033 0.034 0.035 0.035 0.035 0.036 0.036 0.035 0.036 0.031 0.022 0.013 0.012 0.013 0.013 0.012 0.012 0.032 0.000 0.000 0.000 0.000 0.096 0.158 0.212 0.272 0.328 0.381 0.000 0.000 0.000 0.000 0.000 0.000 0.000 0.000 0.000 0.000 0.000 0.000 0.000 0.000 0.000 0.000 0.000 0.000 0.000 0.000 0.000 0.000 0.000 0.000
0.001 0.001 0.001 0.001 0.001 0.001 0.001 0.001 0.001 0.001 0.002 0.003 0.005 0.008 0.010 0.012 0.014 0.016 0.018 0.019 0.020 0.021 0.022 0.023 0.024 0.026 0.026 0.027 0.027 0.027 0.027 0.027 0.027 0.027 0.023 0.017 0.015 0.015 0.013 0.012 0.011 0.012 0.027 0.000 0.000 0.000 0.000 0.094 0.154 0.208 0.263 0.321 0.379 0.000 0.000 0.000 0.000 0.000 0.000 0.000 0.000 0.000 0.000 0.000 0.000 0.000 0.000 0.000 0.000 0.000 0.000 0.000 0.000 0.000 0.000 0.000 0.000
0.001 0.001 0.001 0.001 0.001 0.001 0.001 0.001 0.001 0.001 0.002 0.003 0.005 0.007 0.009 0.011 0.013 0.014 0.015 0.016 0.017 0.019 0.020 0.021 0.022 0.022 0.022 0.023 0.023 0.023 0.022 0.022 0.022 0.021 0.018 0.012 0.012 0.011 0.011 0.010 0.009 0.010 0.023 0.000 0.000 0.000 0.000 0.098 0.159 0.212 0.267 0.324 0.380 0.000 0.000 0.000 0.000 0.000 0.000 0.000 0.000 0.000 0.000 0.000 0.000 0.000 0.000 0.000 0.000 0.000 0.000 0.000 0.000 0.000 0.000 0.000 0.000
0.001 0.001 0.001 0.001 0.001 0.001 0.001 0.001 0.001 0.001 0.002 0.003 0.005 0.007 0.009 0.011 0.012 0.012 0.000 0.013 0.016 0.018 0.019 0.020 0.021 0.021 0.021 0.022 0.022 0.021 0.021 0.021 0.021 0.020 0.017 0.012 0.012 0.011 0.011 0.011 0.010 0.011 0.017 0.013 0.011 0.023 0.000 0.123 0.182 0.236 0.292 0.348 0.000 0.000 0.000 0.000 0.000 0.000 0.000 0.000 0.000 0.000 0.000 0.000 0.000 0.000 0.000 0.000 0.000 0.000 0.000 0.000 0.000 0.000 0.000 0.000 0.000
0.001 0.001 0.001 0.001 0.001 0.001 0.001 0.001 0.001 0.001 0.002 0.003 0.004 0.006 0.008 0.010 0.011 0.011 0.009 0.013 0.015 0.017 0.018 0.018 0.019 0.019 0.020 0.020 0.020 0.020 0.021 0.020 0.020 0.019 0.015 0.012 0.014 0.011 0.011 0.011 0.010 0.011 0.013 0.012 0.012 0.024 0.067 0.138 0.195 0.252 0.310 0.367 0.000 0.000 0.000 0.000 0.000 0.000 0.000 0.000 0.000 0.000 0.000 0.000 0.000 0.000 0.000 0.000 0.000 0.000 0.000 0.000 0.000 0.000 0.000 0.000 0.000
0.001 0.001 0.001 0.001 0.001 0.001 0.001 0.001 0.001 0.001 0.002 0.003 0.004 0.005 0.007 0.008 0.009 0.010 0.009 0.012 0.014 0.015 0.016 0.016 0.016 0.017 0.018 0.019 0.019 0.019 0.019 0.019 0.019 0.019 0.014 0.012 0.014 0.013 0.011 0.010 0.010 0.010 0.011 0.011 0.015 0.044 0.107 0.164 0.218 0.270 0.329 0.386 0.000 0.000 0.000 0.000 0.000 0.000 0.000 0.000 0.000 0.000 0.000 0.000 0.000 0.000 0.000 0.000 0.000 0.000 0.000 0.000 0.000 0.000 0.000 0.000 0.000
0.001 0.001 0.001 0.001 0.001 0.001 0.001 0.001 0.001 0.001 0.002 0.003 0.004 0.005 0.006 0.007 0.008 0.008 0.009 0.010 0.012 0.013 0.014 0.014 0.015 0.016 0.017 0.018 0.018 0.018 0.018 0.019 0.020 0.018 0.012 0.011 0.013 0.014 0.011 0.010 0.009 0.010 0.010 0.011 0.017 0.064 0.121 0.181 0.234 0.286 0.347 0.404 0.000 0.000 0.000 0.000 0.000 0.000 0.000 0.000 0.000 0.000 0.000 0.000 0.000 0.000 0.000 0.000 0.000 0.000 0.000 0.000 0.000 0.000 0.000 0.000 0.000
0.001 0.001 0.001 0.001 0.001 0.001 0.001 0.001 0.001 0.001 0.002 0.003 0.004 0.005 0.006 0.007 0.007 0.000 0.007 0.009 0.010 0.011 0.011 0.012 0.014 0.015 0.017 0.017 0.017 0.018 0.019 0.020 0.019 0.017 0.011 0.011 0.012 0.015 0.013 0.010 0.009 0.009 0.009 0.011 0.027 0.084 0.144 0.190 0.247 0.304 0.361 0.000 0.000 0.000 0.000 0.000 0.000 0.000 0.000 0.000 0.000 0.000 0.000 0.000 0.000 0.000 0.000 0.000 0.000 0.000 0.000 0.000 0.000 0.000 0.000 0.000 0.000
0.001 0.001 0.001 0.001 0.001 0.001 0.001 0.001 0.001 0.001 0.002 0.003 0.004 0.005 0.006 0.007 0.007 0.006 0.007 0.008 0.009 0.010 0.011 0.012 0.014 0.015 0.017 0.017 0.017 0.018 0.020 0.020 0.020 0.016 0.010 0.010 0.010 0.014 0.014 0.011 0.009 0.008 0.009 0.015 0.055 0.098 0.153 0.213 0.266 0.321 0.376 0.000 0.000 0.000 0.000 0.000 0.000 0.000 0.000 0.000 0.000 0.000 0.000 0.000 0.000 0.000 0.000 0.000 0.000 0.000 0.000 0.000 0.000 0.000 0.000 0.000 0.000
0.001 0.001 0.001 0.001 0.001 0.001 0.001 0.001 0.001 0.002 0.002 0.003 0.004 0.005 0.006 0.007 0.007 0.007 0.008 0.009 0.009 0.010 0.012 0.013 0.015 0.017 0.018 0.018 0.019 0.020 0.022 0.021 0.019 0.014 0.010 0.010 0.010 0.012 0.014 0.012 0.010 0.000 0.006 0.019 0.066 0.121 0.177 0.224 0.282 0.338 0.390 0.000 0.000 0.000 0.000 0.000 0.000 0.000 0.000 0.000 0.000 0.000 0.000 0.000 0.000 0.000 0.000 0.000 0.000 0.000 0.000 0.000 0.000 0.000 0.000 0.000 0.000
0.001 0.001 0.001 0.001 0.001 0.001 0.001 0.001 0.001 0.002 0.002 0.003 0.004 0.005 0.006 0.007 0.007 0.008 0.009 0.010 0.010 0.012 0.013 0.015 0.017 0.019 0.019 0.019 0.021 0.022 0.023 0.021 0.018 0.013 0.010 0.010 0.010 0.011 0.016 0.014 0.012 0.008 0.008 0.030 0.082 0.133 0.178 0.246 0.296 0.350 0.406 0.000 0.000 0.000 0.000 0.000 0.000 0.000 0.000 0.000 0.000 0.000 0.000 0.000 0.000 0.000 0.000 0.000 0.000 0.000 0.000 0.000 0.000 0.000 0.000 0.000 0.000
0.001 0.001 0.001 0.001 0.001 0.001 0.001 0.001 0.002 0.002 0.003 0.004 0.005 0.006 0.007 0.008 0.008 0.009 0.010 0.011 0.012 0.014 0.015 0.017 0.019 0.020 0.020 0.021 0.023 0.024 0.023 0.021 0.018 0.011 0.010 0.010 0.010 0.011 0.015 0.016 0.014 0.011 0.020 0.047 0.096 0.162 0.199 0.261 0.316 0.371 0.428 0.000 0.000 0.000 0.000 0.000 0.000 0.000 0.000 0.000 0.000 0.000 0.000 0.000 0.000 0.000 0.000 0.000 0.000 0.000 0.000 0.000 0.000 0.000 0.000 0.000 0.000
0.001 0.001 0.001 0.001 0.001 0.001 0.001 0.002 0.003 0.005 0.007 0.009 0.010 0.010 0.010 0.010 0.010 0.011 0.012 0.013 0.014 0.016 0.017 0.019 0.020 0.020 0.021 0.023 0.025 0.025 0.023 0.020 0.017 0.010 0.010 0.010 0.010 0.011 0.014 0.018 0.018 0.028 0.061 0.086 0.123 0.169 0.223 0.275 0.333 0.388 0.000 0.000 0.000 0.000 0.000 0.000 0.000 0.000 0.000 0.000 0.000 0.000 0.000 0.000 0.000 0.000 0.000 0.000 0.000 0.000 0.000 0.000 0.000 0.000 0.000 0.000 0.000
0.001 0.001 0.001 0.001 0.001 0.002 0.004 0.007 0.010 0.015 0.019 0.021 0.021 0.019 0.017 0.016 0.015 0.014 0.015 0.016 0.017 0.018 0.019 0.021 0.022 0.022 0.023 0.025 0.025 0.024 0.022 0.020 0.017 0.010 0.010 0.010 0.010 0.011 0.013 0.030 0.052 0.079 0.106 0.122 0.139 0.194 0.242 0.291 0.350 0.407 0.000 0.000 0.000 0.000 0.000 0.000 0.000 0.000 0.000 0.000 0.000 0.000 0.000 0.000 0.000 0.000 0.000 0.000 0.000 0.000 0.000 0.000 0.000 0.000 0.000 0.000 0.000
0.001 0.001 0.001 0.003 0.006 0.009 0.013 0.019 0.025 0.030 0.035 0.038 0.035 0.028 0.026 0.024 0.023 0.021 0.020 0.020 0.021 0.022 0.023 0.024 0.025 0.025 0.026 0.026 0.025 0.024 0.023 0.020 0.016 0.011 0.011 0.011 0.011 0.011 0.013 0.042 0.089 0.112 0.146 0.157 0.184 0.212 0.270 0.312 0.369 0.431 0.000 0.000 0.000 0.000 0.000 0.000 0.000 0.000 0.000 0.000 0.000 0.000 0.000 0.000 0.000 0.000 0.000 0.000 0.000 0.000 0.000 0.000 0.000 0.000 0.000 0.000 0.000
