数据/2hours/0.1-2h-200y/coupled-130-0001.wd
ncols         694
nrows         824
xllcorner     581104.939801
yllcorner     3495917.092414
cellsize      2.000000
NODATA_value  -9999.000000
[rows 544 to 577 of 824, columns 385 to 461 of 694]
0.243 0.227 0.210 0.231 0.256 0.273 0.220 0.221 0.246 0.270 0.000 0.000 0.000 0.000 0.000 0.000 0.000 0.000 0.000 0.000 0.000 0.000 0.000 0.000 0.000 0.000 0.000 0.000 0.000 0.000 0.000 0.000 0.000 0.000 0.000 0.000 0.000 0.000 0.000 0.000 0.000 0.000 0.001 0.001 0.001 0.002 0.006 0.059 0.166 0.263 0.346 0.425 0.503 0.573 0.645 0.718 0.788 0.000 0.000 0.000 0.000 0.000 0.000 0.000 0.000 0.000 0.000 0.000 0.000 0.000 0.000 0.000 0.000 0.000 0.000 0.000 0.000
0.221 0.230 0.213 0.258 0.266 0.240 0.230 0.237 0.254 0.266 0.000 0.000 0.000 0.000 0.000 0.000 0.000 0.000 0.000 0.000 0.000 0.000 0.000 0.000 0.000 0.000 0.000 0.000 0.000 0.000 0.000 0.000 0.000 0.000 0.000 0.000 0.000 0.000 0.000 0.000 0.000 0.000 0.001 0.001 0.002 0.003 0.000 0.107 0.198 0.288 0.372 0.450 0.523 0.601 0.674 0.746 0.814 0.000 0.000 0.000 0.000 0.000 0.000 0.000 0.000 0.000 0.000 0.000 0.000 0.000 0.000 0.000 0.000 0.000 0.000 0.000 0.000
0.232 0.251 0.211 0.231 0.241 0.222 0.241 0.270 0.263 0.238 0.000 0.000 0.000 0.000 0.000 0.000 0.000 0.000 0.000 0.000 0.000 0.000 0.000 0.000 0.000 0.000 0.000 0.000 0.000 0.000 0.000 0.000 0.000 0.000 0.000 0.000 0.000 0.000 0.000 0.000 0.000 0.000 0.001 0.001 0.002 0.007 0.042 0.147 0.232 0.312 0.391 0.452 0.546 0.625 0.699 0.768 0.841 0.000 0.000 0.000 0.000 0.000 0.000 0.000 0.000 0.000 0.000 0.000 0.000 0.000 0.000 0.000 0.000 0.000 0.000 0.000 0.000
0.183 0.285 0.300 0.241 0.233 0.240 0.247 0.260 0.264 0.000 0.000 0.000 0.000 0.000 0.000 0.000 0.000 0.000 0.000 0.000 0.000 0.000 0.000 0.000 0.000 0.000 0.000 0.000 0.000 0.000 0.000 0.000 0.000 0.000 0.000 0.000 0.000 0.000 0.000 0.000 0.000 0.000 0.001 0.001 0.003 0.002 0.101 0.175 0.254 0.345 0.427 0.493 0.568 0.646 0.721 0.792 0.870 0.000 0.000 0.000 0.000 0.000 0.000 0.000 0.000 0.000 0.000 0.000 0.000 0.000 0.000 0.000 0.000 0.000 0.000 0.000 0.000
0.162 0.215 0.264 0.273 0.250 0.251 0.272 0.262 0.265 0.000 0.000 0.000 0.000 0.000 0.000 0.000 0.000 0.000 0.000 0.000 0.000 0.000 0.000 0.000 0.000 0.000 0.000 0.000 0.000 0.000 0.000 0.000 0.000 0.000 0.000 0.000 0.000 0.000 0.000 0.000 0.000 0.001 0.001 0.002 0.004 0.083 0.137 0.209 0.289 0.369 0.445 0.522 0.595 0.666 0.736 0.809 0.888 0.000 0.000 0.000 0.000 0.000 0.000 0.000 0.000 0.000 0.000 0.000 0.000 0.000 0.000 0.000 0.000 0.000 0.000 0.000 0.000
0.194 0.174 0.160 0.201 0.240 0.251 0.241 0.238 0.229 0.217 0.234 0.252 0.257 0.000 0.000 0.000 0.000 0.000 0.000 0.000 0.000 0.000 0.000 0.000 0.000 0.000 0.000 0.000 0.000 0.000 0.000 0.000 0.000 0.000 0.000 0.000 0.000 0.000 0.000 0.000 0.000 0.001 0.001 0.002 0.020 0.112 0.159 0.243 0.321 0.392 0.471 0.543 0.618 0.688 0.760 0.831 0.000 0.000 0.000 0.000 0.000 0.000 0.000 0.000 0.000 0.000 0.000 0.000 0.000 0.000 0.000 0.000 0.000 0.000 0.000 0.000 0.000
0.200 0.199 0.193 0.185 0.209 0.222 0.209 0.212 0.212 0.226 0.233 0.250 0.259 0.277 0.285 0.273 0.000 0.000 0.000 0.000 0.000 0.000 0.000 0.000 0.000 0.000 0.000 0.000 0.000 0.000 0.000 0.000 0.000 0.000 0.000 0.000 0.000 0.000 0.000 0.000 0.000 0.001 0.001 0.004 0.064 0.132 0.194 0.272 0.349 0.422 0.492 0.564 0.640 0.715 0.788 0.853 0.000 0.000 0.000 0.000 0.000 0.000 0.000 0.000 0.000 0.000 0.000 0.000 0.000 0.000 0.000 0.000 0.000 0.000 0.000 0.000 0.000
0.176 0.175 0.206 0.210 0.235 0.235 0.252 0.246 0.234 0.218 0.219 0.242 0.249 0.262 0.275 0.263 0.000 0.000 0.000 0.000 0.000 0.000 0.000 0.000 0.000 0.000 0.000 0.000 0.000 0.000 0.000 0.000 0.000 0.000 0.000 0.000 0.000 0.000 0.000 0.000 0.001 0.001 0.002 0.020 0.096 0.149 0.221 0.301 0.376 0.447 0.522 0.595 0.667 0.738 0.809 0.877 0.000 0.000 0.000 0.000 0.000 0.000 0.000 0.000 0.000 0.000 0.000 0.000 0.000 0.000 0.000 0.000 0.000 0.000 0.000 0.000 0.000
0.165 0.181 0.194 0.215 0.208 0.250 0.251 0.241 0.230 0.216 0.212 0.219 0.230 0.249 0.261 0.255 0.240 0.241 0.000 0.000 0.000 0.000 0.000 0.000 0.000 0.000 0.000 0.000 0.000 0.000 0.000 0.000 0.000 0.000 0.000 0.000 0.000 0.000 0.000 0.000 0.001 0.001 0.004 0.060 0.117 0.177 0.253 0.325 0.397 0.469 0.544 0.618 0.693 0.764 0.833 0.905 0.000 0.000 0.000 0.000 0.000 0.000 0.000 0.000 0.000 0.000 0.000 0.000 0.000 0.000 0.000 0.000 0.000 0.000 0.000 0.000 0.000
0.190 0.152 0.164 0.177 0.000 0.216 0.233 0.232 0.220 0.204 0.203 0.213 0.228 0.245 0.242 0.237 0.239 0.236 0.000 0.000 0.000 0.000 0.000 0.000 0.000 0.000 0.000 0.000 0.000 0.000 0.000 0.000 0.000 0.000 0.000 0.000 0.000 0.000 0.000 0.000 0.001 0.002 0.010 0.060 0.141 0.203 0.278 0.351 0.427 0.491 0.569 0.641 0.717 0.790 0.858 0.000 0.000 0.000 0.000 0.000 0.000 0.000 0.000 0.000 0.000 0.000 0.000 0.000 0.000 0.000 0.000 0.000 0.000 0.000 0.000 0.000 0.000
0.190 0.133 0.114 0.131 0.147 0.201 0.222 0.224 0.218 0.198 0.190 0.194 0.222 0.232 0.227 0.229 0.227 0.212 0.216 0.000 0.000 0.000 0.000 0.000 0.000 0.000 0.000 0.000 0.000 0.000 0.000 0.000 0.000 0.000 0.000 0.000 0.000 0.000 0.000 0.001 0.001 0.003 0.007 0.105 0.178 0.243 0.312 0.382 0.457 0.530 0.609 0.680 0.750 0.811 0.863 0.000 0.000 0.000 0.000 0.000 0.000 0.000 0.000 0.000 0.000 0.000 0.000 0.000 0.000 0.000 0.000 0.000 0.000 0.000 0.000 0.000 0.000
0.218 0.118 0.099 0.123 0.135 0.159 0.177 0.200 0.203 0.175 0.172 0.190 0.210 0.216 0.215 0.217 0.212 0.209 0.208 0.000 0.000 0.000 0.000 0.000 0.000 0.000 0.000 0.000 0.000 0.000 0.000 0.000 0.000 0.000 0.000 0.000 0.000 0.000 0.000 0.001 0.001 0.008 0.109 0.172 0.238 0.288 0.344 0.415 0.487 0.578 0.657 0.729 0.779 0.831 0.878 0.000 0.000 0.000 0.000 0.000 0.000 0.000 0.000 0.000 0.000 0.000 0.000 0.000 0.000 0.000 0.000 0.000 0.000 0.000 0.000 0.000 0.000
0.225 0.107 0.103 0.142 0.149 0.154 0.161 0.168 0.187 0.171 0.165 0.181 0.198 0.210 0.215 0.211 0.199 0.197 0.200 0.000 0.000 0.000 0.000 0.000 0.000 0.000 0.000 0.000 0.000 0.000 0.000 0.000 0.000 0.000 0.000 0.000 0.000 0.000 0.000 0.001 0.004 0.113 0.151 0.212 0.276 0.000 0.000 0.000 0.000 0.640 0.699 0.755 0.808 0.854 0.889 0.000 0.000 0.000 0.000 0.000 0.000 0.000 0.000 0.000 0.000 0.000 0.000 0.000 0.000 0.000 0.000 0.000 0.000 0.000 0.000 0.000 0.000
0.205 0.117 0.092 0.113 0.131 0.138 0.143 0.169 0.194 0.174 0.153 0.157 0.175 0.204 0.210 0.197 0.193 0.191 0.188 0.000 0.000 0.000 0.000 0.000 0.000 0.000 0.000 0.000 0.000 0.000 0.000 0.000 0.000 0.000 0.000 0.000 0.000 0.000 0.000 0.001 0.078 0.077 0.126 0.212 0.294 0.000 0.000 0.000 0.000 0.671 0.728 0.784 0.843 0.890 0.000 0.000 0.000 0.000 0.000 0.000 0.000 0.000 0.000 0.000 0.000 0.000 0.000 0.000 0.000 0.000 0.000 0.000 0.000 0.000 0.000 0.000 0.000
0.211 0.125 0.097 0.117 0.115 0.131 0.150 0.166 0.172 0.145 0.132 0.148 0.172 0.194 0.192 0.195 0.190 0.170 0.162 0.145 0.133 0.111 0.000 0.000 0.000 0.000 0.000 0.000 0.000 0.000 0.000 0.000 0.000 0.000 0.000 0.000 0.000 0.000 0.001 0.010 0.054 0.103 0.123 0.199 0.000 0.000 0.000 0.000 0.000 0.691 0.743 0.795 0.856 0.915 0.000 0.000 0.000 0.000 0.000 0.000 0.000 0.000 0.000 0.000 0.000 0.000 0.000 0.000 0.000 0.000 0.000 0.000 0.000 0.000 0.000 0.000 0.000
0.224 0.124 0.090 0.106 0.117 0.121 0.000 0.143 0.147 0.141 0.139 0.146 0.149 0.165 0.178 0.188 0.179 0.155 0.144 0.137 0.133 0.112 0.094 0.114 0.137 0.146 0.000 0.000 0.000 0.000 0.000 0.000 0.000 0.000 0.000 0.000 0.000 0.000 0.001 0.037 0.056 0.113 0.159 0.196 0.000 0.000 0.000 0.000 0.000 0.691 0.746 0.803 0.857 0.916 0.000 0.000 0.000 0.000 0.000 0.000 0.000 0.000 0.000 0.000 0.000 0.000 0.000 0.000 0.000 0.000 0.000 0.000 0.000 0.000 0.000 0.000 0.000
0.227 0.089 0.067 0.093 0.120 0.144 0.173 0.159 0.136 0.132 0.128 0.136 0.136 0.152 0.173 0.182 0.171 0.139 0.123 0.128 0.126 0.112 0.098 0.117 0.139 0.144 0.138 0.156 0.159 0.000 0.000 0.000 0.000 0.000 0.000 0.000 0.000 0.000 0.001 0.056 0.092 0.123 0.191 0.247 0.000 0.000 0.000 0.000 0.637 0.692 0.743 0.802 0.858 0.907 0.000 0.000 0.000 0.000 0.000 0.000 0.000 0.000 0.000 0.000 0.000 0.000 0.000 0.000 0.000 0.000 0.000 0.000 0.000 0.000 0.000 0.000 0.000
0.183 0.066 0.063 0.095 0.130 0.144 0.164 0.167 0.129 0.116 0.119 0.134 0.135 0.151 0.174 0.190 0.164 0.125 0.105 0.113 0.120 0.100 0.091 0.101 0.126 0.141 0.143 0.147 0.149 0.149 0.145 0.134 0.000 0.000 0.000 0.000 0.000 0.001 0.039 0.001 0.152 0.187 0.208 0.257 0.000 0.000 0.000 0.000 0.633 0.683 0.733 0.791 0.849 0.907 0.000 0.000 0.000 0.000 0.000 0.000 0.000 0.000 0.000 0.000 0.000 0.000 0.000 0.000 0.000 0.000 0.000 0.000 0.000 0.000 0.000 0.000 0.000
0.140 0.045 0.043 0.065 0.116 0.153 0.156 0.150 0.115 0.102 0.114 0.129 0.126 0.140 0.173 0.170 0.148 0.124 0.106 0.107 0.114 0.087 0.075 0.084 0.106 0.123 0.140 0.152 0.149 0.146 0.148 0.140 0.144 0.179 0.000 0.000 0.000 0.021 0.047 0.066 0.123 0.162 0.203 0.000 0.000 0.000 0.000 0.000 0.627 0.667 0.710 0.772 0.826 0.000 0.000 0.000 0.000 0.000 0.000 0.000 0.000 0.000 0.000 0.000 0.000 0.000 0.000 0.000 0.000 0.000 0.000 0.000 0.000 0.000 0.000 0.000 0.000
0.065 0.031 0.027 0.067 0.109 0.173 0.168 0.128 0.123 0.101 0.111 0.120 0.116 0.133 0.187 0.155 0.132 0.122 0.092 0.095 0.108 0.090 0.077 0.074 0.085 0.107 0.132 0.150 0.148 0.146 0.142 0.128 0.122 0.143 0.119 0.063 0.030 0.021 0.028 0.075 0.115 0.176 0.221 0.000 0.000 0.000 0.000 0.544 0.607 0.655 0.696 0.744 0.801 0.000 0.000 0.000 0.000 0.000 0.000 0.000 0.000 0.000 0.000 0.000 0.000 0.000 0.000 0.000 0.000 0.000 0.000 0.000 0.000 0.000 0.000 0.000 0.000
0.033 0.034 0.018 0.044 0.081 0.170 0.181 0.111 0.123 0.115 0.113 0.108 0.127 0.128 0.168 0.132 0.108 0.107 0.081 0.093 0.108 0.090 0.067 0.063 0.075 0.088 0.114 0.145 0.143 0.142 0.132 0.101 0.097 0.120 0.121 0.067 0.035 0.023 0.026 0.076 0.099 0.189 0.241 0.000 0.000 0.000 0.000 0.523 0.578 0.627 0.683 0.733 0.786 0.000 0.000 0.000 0.000 0.000 0.000 0.000 0.000 0.000 0.000 0.000 0.000 0.000 0.000 0.000 0.000 0.000 0.000 0.000 0.000 0.000 0.000 0.000 0.000
0.059 0.038 0.005 0.034 0.083 0.172 0.195 0.123 0.137 0.151 0.114 0.091 0.133 0.153 0.155 0.146 0.133 0.105 0.087 0.111 0.119 0.071 0.034 0.056 0.092 0.101 0.109 0.135 0.146 0.155 0.121 0.081 0.086 0.118 0.127 0.073 0.040 0.030 0.034 0.086 0.076 0.184 0.290 0.000 0.000 0.000 0.000 0.504 0.556 0.610 0.665 0.722 0.779 0.000 0.000 0.000 0.000 0.000 0.000 0.000 0.000 0.000 0.000 0.000 0.000 0.000 0.000 0.000 0.000 0.000 0.000 0.000 0.000 0.000 0.000 0.000 0.000
0.020 0.028 0.034 0.059 0.111 0.201 0.195 0.137 0.147 0.170 0.121 0.100 0.162 0.200 0.165 0.138 0.150 0.112 0.075 0.119 0.120 0.060 0.031 0.039 0.076 0.109 0.117 0.129 0.160 0.166 0.114 0.082 0.097 0.128 0.133 0.086 0.056 0.050 0.033 0.070 0.088 0.212 0.343 0.413 0.428 0.430 0.000 0.491 0.554 0.610 0.664 0.725 0.000 0.000 0.000 0.000 0.000 0.000 0.000 0.000 0.000 0.000 0.000 0.000 0.000 0.000 0.000 0.000 0.000 0.000 0.000 0.000 0.000 0.000 0.000 0.000 0.000
0.036 0.023 0.038 0.063 0.102 0.207 0.179 0.134 0.158 0.175 0.122 0.122 0.197 0.204 0.147 0.122 0.156 0.143 0.112 0.136 0.106 0.054 0.029 0.034 0.068 0.104 0.126 0.134 0.179 0.160 0.101 0.092 0.116 0.142 0.144 0.102 0.082 0.049 0.000 0.070 0.129 0.234 0.333 0.423 0.449 0.440 0.455 0.495 0.556 0.607 0.669 0.735 0.000 0.000 0.000 0.000 0.000 0.000 0.000 0.000 0.000 0.000 0.000 0.000 0.000 0.000 0.000 0.000 0.000 0.000 0.000 0.000 0.000 0.000 0.000 0.000 0.000
0.061 0.063 0.055 0.062 0.141 0.213 0.151 0.129 0.156 0.156 0.118 0.142 0.206 0.179 0.129 0.107 0.132 0.161 0.127 0.124 0.089 0.041 0.038 0.032 0.045 0.084 0.126 0.156 0.212 0.130 0.092 0.101 0.132 0.163 0.146 0.095 0.078 0.023 0.000 0.072 0.157 0.254 0.339 0.423 0.465 0.463 0.470 0.513 0.565 0.615 0.681 0.741 0.000 0.000 0.000 0.000 0.000 0.000 0.000 0.000 0.000 0.000 0.000 0.000 0.000 0.000 0.000 0.000 0.000 0.000 0.000 0.000 0.000 0.000 0.000 0.000 0.000
0.077 0.028 0.040 0.098 0.197 0.190 0.173 0.156 0.148 0.126 0.092 0.147 0.224 0.168 0.126 0.111 0.110 0.140 0.120 0.097 0.103 0.068 0.047 0.030 0.040 0.073 0.113 0.185 0.226 0.108 0.092 0.107 0.142 0.177 0.119 0.080 0.079 0.049 0.000 0.090 0.170 0.253 0.327 0.415 0.479 0.495 0.502 0.529 0.580 0.632 0.694 0.758 0.000 0.000 0.000 0.000 0.000 0.000 0.000 0.000 0.000 0.000 0.000 0.000 0.000 0.000 0.000 0.000 0.000 0.000 0.000 0.000 0.000 0.000 0.000 0.000 0.000
0.055 0.000 0.041 0.151 0.224 0.177 0.192 0.186 0.145 0.119 0.098 0.164 0.231 0.157 0.120 0.115 0.086 0.121 0.139 0.102 0.118 0.096 0.062 0.037 0.044 0.071 0.122 0.213 0.213 0.091 0.090 0.111 0.151 0.171 0.094 0.076 0.097 0.083 0.032 0.115 0.192 0.260 0.327 0.399 0.482 0.516 0.531 0.549 0.592 0.642 0.692 0.000 0.000 0.000 0.000 0.000 0.000 0.000 0.000 0.000 0.000 0.000 0.000 0.000 0.000 0.000 0.000 0.000 0.000 0.000 0.000 0.000 0.000 0.000 0.000 0.000 0.000
0.024 0.004 0.027 0.149 0.218 0.161 0.194 0.195 0.172 0.148 0.136 0.221 0.252 0.145 0.100 0.111 0.081 0.120 0.145 0.117 0.141 0.135 0.086 0.062 0.073 0.106 0.151 0.212 0.193 0.083 0.083 0.109 0.150 0.157 0.085 0.085 0.105 0.078 0.133 0.150 0.203 0.268 0.337 0.401 0.483 0.524 0.552 0.576 0.606 0.653 0.711 0.000 0.000 0.000 0.000 0.000 0.000 0.000 0.000 0.000 0.000 0.000 0.000 0.000 0.000 0.000 0.000 0.000 0.000 0.000 0.000 0.000 0.000 0.000 0.000 0.000 0.000
0.034 0.000 0.065 0.153 0.229 0.159 0.193 0.213 0.193 0.156 0.166 0.274 0.268 0.167 0.126 0.121 0.110 0.139 0.167 0.135 0.147 0.154 0.100 0.072 0.090 0.124 0.149 0.197 0.191 0.094 0.083 0.112 0.158 0.145 0.086 0.093 0.130 0.116 0.150 0.199 0.245 0.300 0.359 0.412 0.482 0.545 0.580 0.606 0.638 0.680 0.722 0.000 0.000 0.000 0.000 0.000 0.000 0.000 0.000 0.000 0.000 0.000 0.000 0.000 0.000 0.000 0.000 0.000 0.000 0.000 0.000 0.000 0.000 0.000 0.000 0.000 0.000
0.045 0.057 0.102 0.172 0.206 0.152 0.191 0.225 0.193 0.183 0.213 0.325 0.279 0.182 0.134 0.136 0.131 0.152 0.163 0.157 0.155 0.146 0.098 0.078 0.098 0.119 0.130 0.182 0.199 0.110 0.096 0.132 0.165 0.126 0.105 0.083 0.157 0.192 0.202 0.248 0.306 0.348 0.372 0.427 0.493 0.561 0.587 0.627 0.660 0.698 0.732 0.000 0.000 0.000 0.000 0.000 0.000 0.000 0.000 0.000 0.000 0.000 0.000 0.000 0.000 0.000 0.000 0.000 0.000 0.000 0.000 0.000 0.000 0.000 0.000 0.000 0.000
0.070 0.098 0.117 0.186 0.196 0.194 0.219 0.243 0.203 0.186 0.244 0.289 0.252 0.182 0.156 0.136 0.139 0.157 0.161 0.146 0.147 0.140 0.104 0.083 0.097 0.111 0.128 0.177 0.202 0.126 0.108 0.152 0.171 0.121 0.114 0.066 0.170 0.192 0.264 0.325 0.369 0.398 0.405 0.441 0.500 0.572 0.621 0.657 0.687 0.722 0.756 0.000 0.000 0.000 0.000 0.000 0.000 0.000 0.000 0.000 0.000 0.000 0.000 0.000 0.000 0.000 0.000 0.000 0.000 0.000 0.000 0.000 0.000 0.000 0.000 0.000 0.000
0.110 0.125 0.131 0.239 0.227 0.214 0.244 0.234 0.193 0.202 0.255 0.274 0.204 0.158 0.151 0.161 0.151 0.147 0.158 0.154 0.150 0.131 0.110 0.089 0.102 0.122 0.142 0.186 0.204 0.137 0.123 0.155 0.169 0.141 0.119 0.105 0.133 0.191 0.285 0.381 0.421 0.436 0.452 0.481 0.525 0.586 0.630 0.676 0.716 0.758 0.000 0.000 0.000 0.000 0.000 0.000 0.000 0.000 0.000 0.000 0.000 0.000 0.000 0.000 0.000 0.000 0.000 0.000 0.000 0.000 0.000 0.000 0.000 0.000 0.000 0.000 0.000
0.173 0.142 0.176 0.267 0.228 0.222 0.266 0.231 0.191 0.211 0.254 0.262 0.179 0.163 0.153 0.153 0.162 0.166 0.159 0.156 0.149 0.139 0.117 0.102 0.114 0.123 0.138 0.188 0.221 0.149 0.123 0.151 0.158 0.127 0.109 0.064 0.110 0.218 0.324 0.424 0.468 0.492 0.509 0.526 0.562 0.613 0.660 0.702 0.744 0.796 0.000 0.000 0.000 0.000 0.000 0.000 0.000 0.000 0.000 0.000 0.000 0.000 0.000 0.000 0.000 0.000 0.000 0.000 0.000 0.000 0.000 0.000 0.000 0.000 0.000 0.000 0.000
0.164 0.138 0.168 0.280 0.189 0.215 0.246 0.188 0.182 0.226 0.273 0.262 0.179 0.153 0.163 0.182 0.170 0.168 0.162 0.152 0.145 0.122 0.097 0.098 0.116 0.128 0.144 0.193 0.223 0.150 0.132 0.146 0.152 0.121 0.093 0.064 0.149 0.259 0.359 0.450 0.508 0.526 0.552 0.581 0.605 0.625 0.682 0.725 0.780 0.828 0.000 0.000 0.000 0.000 0.000 0.000 0.000 0.000 0.000 0.000 0.000 0.000 0.000 0.000 0.000 0.000 0.000 0.000 0.000 0.000 0.000 0.000 0.000 0.000 0.000 0.000 0.000
