数据/2hours/0.1-2h-200y/coupled-110-0001.wd
ncols         694
nrows         824
xllcorner     581104.939801
yllcorner     3495917.092414
cellsize      2.000000
NODATA_value  -9999.000000
[rows 408 to 441 of 824, columns 385 to 461 of 694]
0.000 0.000 0.000 0.000 0.000 0.000 0.000 0.000 0.000 0.000 0.000 0.000 0.000 0.000 0.000 0.000 0.000 0.000 0.000 0.000 0.000 0.000 0.000 0.000 0.000 0.000 0.000 0.000 0.000 0.000 0.000 0.000 0.084 0.072 0.085 0.097 0.112 0.109 0.120 0.110 0.111 0.109 0.111 0.000 0.000 0.000 0.000 0.000 0.000 0.000 0.026 0.026 0.026 0.026 0.025 0.023 0.018 0.013 0.008 0.001 0.000 0.000 0.000 0.000 0.000 0.000 0.000 0.000 0.000 0.000 0.000 0.000 0.000 0.000 0.000 0.000 0.000
0.000 0.000 0.000 0.000 0.000 0.000 0.000 0.000 0.000 0.000 0.000 0.000 0.000 0.000 0.000 0.000 0.000 0.000 0.000 0.000 0.000 0.000 0.000 0.000 0.000 0.000 0.000 0.000 0.000 0.000 0.000 0.075 0.075 0.084 0.097 0.106 0.113 0.115 0.120 0.115 0.111 0.103 0.104 0.000 0.000 0.000 0.000 0.000 0.000 0.028 0.028 0.027 0.027 0.027 0.026 0.026 0.026 0.021 0.016 0.011 0.006 0.000 0.000 0.000 0.000 0.000 0.000 0.000 0.000 0.000 0.000 0.000 0.000 0.000 0.000 0.000 0.000
0.000 0.000 0.000 0.000 0.000 0.000 0.000 0.000 0.000 0.000 0.000 0.000 0.000 0.000 0.000 0.000 0.000 0.000 0.000 0.000 0.000 0.000 0.000 0.000 0.000 0.000 0.000 0.000 0.000 0.000 0.000 0.089 0.084 0.107 0.105 0.111 0.118 0.121 0.130 0.122 0.121 0.111 0.104 0.000 0.000 0.000 0.000 0.000 0.000 0.028 0.028 0.028 0.028 0.027 0.027 0.027 0.027 0.026 0.024 0.019 0.014 0.008 0.002 0.000 0.000 0.000 0.000 0.000 0.000 0.000 0.000 0.000 0.000 0.000 0.000 0.000 0.000
0.000 0.000 0.000 0.000 0.000 0.000 0.000 0.000 0.000 0.000 0.000 0.000 0.000 0.000 0.000 0.000 0.000 0.000 0.000 0.000 0.000 0.000 0.000 0.000 0.000 0.000 0.000 0.000 0.000 0.000 0.000 0.104 0.112 0.095 0.113 0.119 0.119 0.122 0.122 0.133 0.135 0.127 0.110 0.000 0.000 0.000 0.000 0.000 0.000 0.028 0.028 0.028 0.028 0.028 0.027 0.027 0.027 0.027 0.026 0.026 0.021 0.017 0.011 0.006 0.000 0.000 0.000 0.000 0.000 0.000 0.000 0.000 0.000 0.000 0.000 0.000 0.000
0.000 0.000 0.000 0.000 0.000 0.000 0.000 0.000 0.000 0.000 0.000 0.000 0.000 0.000 0.000 0.000 0.000 0.000 0.000 0.000 0.000 0.000 0.000 0.000 0.000 0.000 0.000 0.000 0.000 0.000 0.000 0.098 0.082 0.096 0.101 0.098 0.112 0.130 0.118 0.133 0.127 0.147 0.000 0.000 0.000 0.000 0.000 0.000 0.000 0.029 0.029 0.029 0.029 0.028 0.028 0.027 0.027 0.026 0.026 0.026 0.025 0.024 0.019 0.013 0.008 0.001 0.000 0.000 0.000 0.000 0.000 0.000 0.000 0.000 0.000 0.000 0.000
0.000 0.000 0.000 0.000 0.000 0.000 0.000 0.000 0.000 0.000 0.000 0.000 0.000 0.000 0.000 0.000 0.000 0.000 0.000 0.000 0.000 0.000 0.000 0.000 0.000 0.000 0.000 0.000 0.000 0.000 0.083 0.091 0.088 0.103 0.096 0.111 0.122 0.125 0.141 0.106 0.137 0.146 0.000 0.000 0.000 0.000 0.000 0.000 0.030 0.030 0.029 0.029 0.029 0.029 0.029 0.028 0.027 0.026 0.026 0.026 0.026 0.025 0.023 0.021 0.015 0.010 0.004 0.000 0.000 0.000 0.000 0.000 0.000 0.000 0.000 0.000 0.000
0.000 0.000 0.000 0.000 0.000 0.000 0.000 0.000 0.000 0.000 0.000 0.000 0.000 0.000 0.000 0.000 0.000 0.000 0.000 0.000 0.000 0.000 0.000 0.000 0.000 0.000 0.000 0.000 0.000 0.000 0.093 0.100 0.101 0.103 0.123 0.132 0.142 0.129 0.121 0.106 0.118 0.128 0.000 0.000 0.000 0.000 0.000 0.000 0.032 0.032 0.031 0.031 0.030 0.030 0.029 0.028 0.028 0.027 0.026 0.026 0.026 0.025 0.023 0.022 0.021 0.017 0.012 0.007 0.000 0.000 0.000 0.000 0.000 0.000 0.000 0.000 0.000
0.000 0.000 0.000 0.000 0.000 0.000 0.000 0.000 0.000 0.000 0.000 0.000 0.000 0.000 0.000 0.000 0.000 0.000 0.000 0.000 0.000 0.000 0.000 0.000 0.000 0.000 0.000 0.000 0.000 0.000 0.103 0.101 0.115 0.123 0.124 0.131 0.138 0.120 0.103 0.116 0.129 0.000 0.000 0.000 0.000 0.000 0.000 0.000 0.035 0.034 0.034 0.033 0.032 0.031 0.030 0.029 0.028 0.028 0.026 0.026 0.025 0.026 0.024 0.023 0.021 0.020 0.019 0.014 0.008 0.000 0.000 0.000 0.000 0.000 0.000 0.000 0.000
0.000 0.000 0.000 0.000 0.000 0.000 0.000 0.000 0.000 0.000 0.000 0.000 0.000 0.000 0.000 0.000 0.000 0.000 0.000 0.000 0.000 0.000 0.000 0.000 0.000 0.000 0.000 0.000 0.000 0.000 0.103 0.100 0.115 0.122 0.132 0.135 0.118 0.096 0.100 0.119 0.122 0.000 0.000 0.000 0.000 0.000 0.000 0.042 0.039 0.037 0.037 0.036 0.035 0.034 0.032 0.030 0.029 0.028 0.028 0.026 0.025 0.026 0.025 0.023 0.021 0.020 0.019 0.018 0.016 0.009 0.001 0.000 0.000 0.000 0.000 0.000 0.000
0.000 0.000 0.000 0.000 0.000 0.000 0.000 0.000 0.000 0.000 0.000 0.000 0.000 0.000 0.000 0.000 0.000 0.000 0.000 0.000 0.000 0.000 0.000 0.000 0.000 0.000 0.000 0.000 0.087 0.089 0.100 0.099 0.116 0.134 0.144 0.133 0.112 0.118 0.112 0.128 0.096 0.000 0.000 0.000 0.000 0.000 0.000 0.041 0.040 0.039 0.038 0.037 0.036 0.037 0.035 0.032 0.030 0.029 0.028 0.027 0.025 0.025 0.025 0.024 0.022 0.020 0.018 0.017 0.016 0.015 0.010 0.002 0.000 0.000 0.000 0.000 0.000
0.000 0.000 0.000 0.000 0.000 0.000 0.000 0.000 0.000 0.000 0.000 0.000 0.000 0.000 0.000 0.000 0.000 0.000 0.000 0.000 0.000 0.000 0.000 0.000 0.000 0.000 0.000 0.000 0.043 0.044 0.092 0.114 0.129 0.136 0.132 0.140 0.108 0.142 0.132 0.097 0.127 0.000 0.000 0.000 0.000 0.000 0.000 0.041 0.041 0.040 0.038 0.037 0.037 0.037 0.038 0.035 0.032 0.030 0.028 0.027 0.026 0.025 0.024 0.024 0.022 0.020 0.018 0.017 0.016 0.015 0.013 0.011 0.003 0.000 0.000 0.000 0.000
0.000 0.000 0.000 0.000 0.000 0.000 0.000 0.000 0.000 0.000 0.000 0.000 0.000 0.000 0.000 0.000 0.000 0.000 0.000 0.000 0.000 0.000 0.000 0.000 0.000 0.000 0.000 0.000 0.077 0.080 0.058 0.098 0.104 0.136 0.125 0.117 0.119 0.111 0.118 0.090 0.135 0.000 0.000 0.000 0.000 0.000 0.000 0.041 0.041 0.041 0.040 0.038 0.036 0.036 0.038 0.038 0.035 0.031 0.029 0.027 0.026 0.025 0.024 0.024 0.023 0.020 0.018 0.017 0.016 0.014 0.013 0.010 0.008 0.002 0.000 0.000 0.000
0.000 0.000 0.000 0.000 0.000 0.000 0.000 0.000 0.000 0.000 0.000 0.000 0.000 0.000 0.000 0.000 0.000 0.000 0.000 0.000 0.000 0.000 0.000 0.000 0.000 0.000 0.000 0.000 0.074 0.103 0.102 0.115 0.117 0.109 0.145 0.112 0.145 0.118 0.124 0.122 0.096 0.000 0.000 0.000 0.000 0.000 0.042 0.042 0.042 0.042 0.041 0.039 0.038 0.037 0.037 0.039 0.038 0.034 0.030 0.028 0.027 0.025 0.024 0.024 0.023 0.021 0.018 0.017 0.015 0.014 0.012 0.010 0.007 0.004 0.001 0.000 0.000
0.000 0.000 0.000 0.000 0.000 0.000 0.000 0.000 0.000 0.000 0.000 0.000 0.000 0.000 0.000 0.000 0.000 0.000 0.000 0.000 0.000 0.000 0.000 0.000 0.000 0.000 0.000 0.000 0.092 0.093 0.103 0.079 0.111 0.106 0.134 0.127 0.123 0.130 0.114 0.126 0.122 0.000 0.000 0.000 0.000 0.000 0.042 0.042 0.043 0.042 0.041 0.040 0.038 0.038 0.037 0.037 0.039 0.037 0.032 0.029 0.027 0.025 0.024 0.024 0.023 0.021 0.019 0.017 0.015 0.014 0.012 0.010 0.007 0.004 0.001 0.000 0.000
0.000 0.000 0.000 0.000 0.000 0.000 0.000 0.000 0.000 0.000 0.000 0.000 0.000 0.000 0.000 0.000 0.000 0.000 0.000 0.000 0.000 0.000 0.000 0.000 0.000 0.000 0.000 0.092 0.089 0.107 0.093 0.094 0.093 0.116 0.129 0.138 0.140 0.125 0.120 0.105 0.104 0.000 0.000 0.000 0.000 0.000 0.043 0.043 0.045 0.044 0.042 0.041 0.040 0.039 0.038 0.038 0.038 0.038 0.034 0.030 0.027 0.026 0.024 0.024 0.023 0.022 0.019 0.016 0.015 0.013 0.012 0.010 0.007 0.005 0.002 0.000 0.000
0.000 0.000 0.000 0.000 0.000 0.000 0.000 0.000 0.000 0.000 0.000 0.000 0.000 0.000 0.000 0.000 0.000 0.000 0.000 0.000 0.000 0.000 0.000 0.000 0.000 0.000 0.000 0.080 0.114 0.074 0.100 0.098 0.116 0.120 0.122 0.129 0.128 0.132 0.114 0.126 0.113 0.106 0.123 0.000 0.000 0.000 0.000 0.000 0.050 0.047 0.044 0.042 0.041 0.040 0.039 0.038 0.039 0.038 0.036 0.031 0.028 0.026 0.024 0.023 0.023 0.021 0.019 0.016 0.015 0.013 0.012 0.009 0.007 0.005 0.002 0.000 0.000
0.000 0.000 0.000 0.000 0.000 0.000 0.000 0.000 0.000 0.000 0.000 0.000 0.000 0.000 0.000 0.000 0.000 0.000 0.000 0.000 0.000 0.000 0.000 0.000 0.000 0.000 0.000 0.092 0.078 0.075 0.112 0.119 0.087 0.102 0.109 0.141 0.134 0.129 0.120 0.118 0.120 0.122 0.114 0.108 0.098 0.096 0.000 0.077 0.064 0.053 0.046 0.043 0.042 0.041 0.039 0.039 0.038 0.039 0.037 0.032 0.028 0.026 0.024 0.023 0.022 0.021 0.019 0.016 0.014 0.013 0.011 0.009 0.007 0.005 0.002 0.000 0.000
0.000 0.000 0.000 0.000 0.000 0.000 0.000 0.000 0.000 0.000 0.000 0.000 0.000 0.000 0.000 0.000 0.000 0.000 0.000 0.000 0.000 0.000 0.000 0.000 0.000 0.000 0.000 0.089 0.082 0.083 0.122 0.092 0.098 0.132 0.114 0.130 0.119 0.136 0.105 0.123 0.108 0.115 0.111 0.112 0.106 0.094 0.088 0.080 0.072 0.059 0.049 0.044 0.042 0.040 0.040 0.039 0.039 0.039 0.037 0.033 0.028 0.026 0.024 0.023 0.022 0.021 0.018 0.016 0.014 0.012 0.011 0.009 0.007 0.005 0.002 0.000 0.000
0.000 0.000 0.000 0.000 0.000 0.000 0.000 0.000 0.000 0.000 0.000 0.000 0.000 0.000 0.000 0.000 0.000 0.000 0.000 0.000 0.000 0.000 0.000 0.000 0.000 0.000 0.000 0.082 0.077 0.070 0.096 0.114 0.131 0.214 0.119 0.126 0.133 0.122 0.096 0.112 0.000 0.106 0.106 0.105 0.102 0.098 0.092 0.085 0.076 0.062 0.050 0.045 0.042 0.040 0.040 0.039 0.039 0.039 0.037 0.033 0.029 0.026 0.024 0.023 0.022 0.020 0.018 0.015 0.013 0.012 0.010 0.008 0.006 0.004 0.002 0.000 0.000
0.000 0.000 0.000 0.000 0.000 0.000 0.000 0.000 0.000 0.000 0.000 0.000 0.000 0.000 0.000 0.000 0.000 0.000 0.000 0.000 0.000 0.000 0.000 0.000 0.000 0.000 0.000 0.069 0.087 0.078 0.106 0.104 0.114 0.135 0.115 0.153 0.109 0.133 0.113 0.000 0.000 0.000 0.000 0.000 0.103 0.098 0.088 0.081 0.074 0.058 0.052 0.047 0.043 0.041 0.041 0.039 0.039 0.039 0.036 0.032 0.028 0.026 0.023 0.022 0.021 0.020 0.017 0.015 0.013 0.011 0.009 0.007 0.004 0.002 0.001 0.000 0.000
0.000 0.000 0.000 0.000 0.000 0.000 0.000 0.000 0.000 0.000 0.000 0.000 0.000 0.000 0.000 0.000 0.000 0.000 0.000 0.000 0.000 0.000 0.000 0.000 0.000 0.000 0.089 0.092 0.073 0.085 0.107 0.125 0.131 0.131 0.134 0.120 0.128 0.119 0.000 0.000 0.000 0.000 0.000 0.000 0.000 0.000 0.079 0.076 0.062 0.056 0.050 0.048 0.045 0.043 0.041 0.039 0.039 0.038 0.034 0.031 0.028 0.025 0.023 0.022 0.021 0.019 0.016 0.014 0.011 0.010 0.007 0.005 0.003 0.002 0.001 0.000 0.000
0.000 0.000 0.000 0.000 0.000 0.000 0.000 0.000 0.000 0.000 0.000 0.000 0.000 0.000 0.000 0.000 0.000 0.000 0.000 0.000 0.000 0.000 0.000 0.000 0.000 0.000 0.093 0.066 0.105 0.092 0.124 0.118 0.127 0.107 0.097 0.143 0.134 0.132 0.000 0.000 0.000 0.000 0.000 0.000 0.000 0.000 0.069 0.062 0.056 0.051 0.050 0.049 0.046 0.042 0.041 0.039 0.040 0.038 0.034 0.029 0.027 0.025 0.022 0.021 0.020 0.017 0.015 0.012 0.009 0.007 0.005 0.004 0.003 0.002 0.001 0.000 0.000
0.000 0.000 0.000 0.000 0.000 0.000 0.000 0.000 0.000 0.000 0.000 0.000 0.000 0.000 0.000 0.000 0.000 0.000 0.000 0.000 0.000 0.000 0.000 0.000 0.000 0.000 0.082 0.102 0.077 0.082 0.106 0.126 0.138 0.137 0.142 0.119 0.132 0.000 0.000 0.000 0.000 0.000 0.059 0.058 0.058 0.057 0.057 0.055 0.050 0.049 0.048 0.049 0.046 0.044 0.041 0.038 0.039 0.038 0.033 0.028 0.026 0.024 0.022 0.020 0.019 0.016 0.012 0.009 0.007 0.006 0.005 0.004 0.004 0.003 0.001 0.000 0.000
0.000 0.000 0.000 0.000 0.000 0.000 0.000 0.000 0.000 0.000 0.000 0.000 0.000 0.000 0.000 0.000 0.000 0.000 0.000 0.000 0.000 0.000 0.000 0.000 0.000 0.000 0.088 0.078 0.092 0.083 0.119 0.115 0.121 0.112 0.102 0.104 0.086 0.000 0.000 0.000 0.000 0.000 0.000 0.059 0.059 0.057 0.056 0.053 0.050 0.047 0.047 0.047 0.046 0.046 0.041 0.039 0.039 0.036 0.030 0.026 0.025 0.023 0.020 0.019 0.016 0.012 0.008 0.008 0.007 0.006 0.006 0.005 0.004 0.003 0.002 0.000 0.000
0.000 0.000 0.000 0.000 0.000 0.000 0.000 0.000 0.000 0.000 0.000 0.000 0.000 0.000 0.000 0.000 0.000 0.000 0.000 0.000 0.000 0.000 0.000 0.000 0.000 0.000 0.078 0.083 0.095 0.082 0.123 0.109 0.142 0.132 0.140 0.095 0.134 0.000 0.000 0.000 0.000 0.000 0.000 0.000 0.000 0.000 0.055 0.054 0.050 0.046 0.048 0.047 0.047 0.046 0.041 0.040 0.039 0.034 0.028 0.025 0.023 0.020 0.018 0.016 0.012 0.010 0.009 0.008 0.007 0.007 0.006 0.005 0.004 0.003 0.002 0.001 0.000
0.000 0.000 0.000 0.000 0.000 0.000 0.000 0.000 0.000 0.000 0.000 0.000 0.000 0.000 0.000 0.000 0.000 0.000 0.000 0.000 0.000 0.000 0.000 0.000 0.000 0.082 0.075 0.110 0.080 0.103 0.100 0.134 0.107 0.097 0.108 0.125 0.000 0.000 0.000 0.000 0.000 0.000 0.000 0.000 0.000 0.000 0.000 0.000 0.047 0.047 0.048 0.048 0.050 0.047 0.043 0.042 0.037 0.030 0.025 0.022 0.020 0.017 0.014 0.013 0.012 0.010 0.009 0.008 0.008 0.007 0.006 0.005 0.004 0.003 0.002 0.001 0.000
0.241 0.000 0.000 0.000 0.000 0.152 0.147 0.133 0.140 0.130 0.000 0.000 0.000 0.000 0.000 0.000 0.000 0.000 0.000 0.000 0.000 0.000 0.000 0.000 0.000 0.088 0.062 0.112 0.094 0.097 0.110 0.129 0.117 0.121 0.085 0.110 0.000 0.000 0.000 0.000 0.000 0.000 0.000 0.000 0.000 0.000 0.000 0.000 0.000 0.000 0.000 0.047 0.047 0.047 0.044 0.041 0.033 0.027 0.022 0.019 0.016 0.014 0.014 0.014 0.012 0.010 0.009 0.008 0.008 0.007 0.006 0.005 0.005 0.004 0.003 0.001 0.000
0.259 0.233 0.209 0.198 0.179 0.164 0.157 0.142 0.143 0.142 0.131 0.121 0.099 0.084 0.057 0.023 0.036 0.000 0.000 0.000 0.000 0.000 0.000 0.000 0.000 0.076 0.099 0.096 0.107 0.105 0.119 0.125 0.121 0.113 0.124 0.116 0.000 0.000 0.000 0.000 0.000 0.000 0.000 0.000 0.000 0.000 0.000 0.000 0.000 0.000 0.000 0.000 0.000 0.000 0.041 0.035 0.027 0.022 0.018 0.016 0.015 0.014 0.014 0.014 0.012 0.010 0.009 0.008 0.008 0.007 0.007 0.006 0.005 0.004 0.004 0.001 0.000
0.252 0.236 0.220 0.204 0.187 0.174 0.170 0.158 0.151 0.151 0.136 0.124 0.111 0.096 0.070 0.030 0.029 0.030 0.018 0.002 0.004 0.000 0.000 0.000 0.000 0.063 0.114 0.112 0.110 0.109 0.111 0.106 0.109 0.098 0.106 0.093 0.000 0.000 0.000 0.000 0.000 0.000 0.000 0.000 0.000 0.000 0.000 0.000 0.000 0.000 0.000 0.000 0.000 0.000 0.000 0.000 0.019 0.016 0.016 0.016 0.015 0.014 0.015 0.014 0.011 0.010 0.009 0.009 0.008 0.008 0.007 0.006 0.005 0.005 0.005 0.000 0.000
0.253 0.234 0.219 0.208 0.200 0.186 0.183 0.171 0.158 0.160 0.141 0.135 0.126 0.106 0.082 0.045 0.026 0.025 0.026 0.005 0.010 0.016 0.000 0.000 0.000 0.091 0.082 0.093 0.108 0.124 0.108 0.120 0.108 0.105 0.113 0.000 0.000 0.000 0.000 0.000 0.000 0.000 0.000 0.000 0.000 0.000 0.000 0.000 0.000 0.000 0.000 0.000 0.000 0.000 0.000 0.000 0.014 0.014 0.015 0.015 0.014 0.015 0.015 0.013 0.011 0.010 0.009 0.009 0.009 0.009 0.008 0.007 0.006 0.007 0.005 0.000 0.000
0.254 0.239 0.229 0.217 0.210 0.197 0.193 0.181 0.169 0.167 0.149 0.145 0.138 0.112 0.091 0.060 0.039 0.025 0.029 0.014 0.011 0.016 0.023 0.030 0.044 0.083 0.074 0.076 0.085 0.098 0.117 0.106 0.107 0.099 0.112 0.000 0.000 0.000 0.000 0.000 0.000 0.000 0.000 0.000 0.000 0.000 0.000 0.000 0.000 0.000 0.000 0.000 0.000 0.000 0.000 0.000 0.012 0.014 0.014 0.014 0.015 0.016 0.014 0.012 0.011 0.010 0.010 0.010 0.010 0.009 0.008 0.008 0.009 0.012 0.007 0.000 0.000
0.261 0.255 0.245 0.227 0.217 0.208 0.202 0.194 0.181 0.174 0.160 0.157 0.146 0.119 0.105 0.072 0.049 0.036 0.030 0.025 0.013 0.015 0.020 0.030 0.038 0.067 0.079 0.071 0.095 0.107 0.108 0.101 0.099 0.121 0.100 0.000 0.000 0.000 0.000 0.000 0.000 0.000 0.000 0.000 0.000 0.000 0.000 0.000 0.000 0.000 0.000 0.000 0.000 0.000 0.000 0.000 0.010 0.012 0.013 0.014 0.015 0.015 0.013 0.011 0.011 0.011 0.011 0.011 0.010 0.010 0.011 0.014 0.018 0.017 0.011 0.002 0.000
0.272 0.265 0.250 0.236 0.221 0.211 0.208 0.205 0.194 0.182 0.172 0.163 0.149 0.130 0.117 0.085 0.061 0.049 0.035 0.035 0.019 0.016 0.018 0.029 0.039 0.050 0.078 0.089 0.088 0.101 0.108 0.105 0.113 0.108 0.098 0.000 0.000 0.000 0.000 0.000 0.000 0.000 0.000 0.000 0.000 0.000 0.000 0.000 0.000 0.000 0.000 0.000 0.000 0.000 0.000 0.000 0.009 0.012 0.013 0.014 0.014 0.013 0.011 0.011 0.012 0.012 0.012 0.012 0.012 0.013 0.021 0.000 0.000 0.022 0.017 0.007 0.000
0.000 0.000 0.256 0.231 0.223 0.217 0.220 0.217 0.200 0.194 0.184 0.168 0.150 0.139 0.127 0.095 0.078 0.056 0.046 0.042 0.025 0.017 0.018 0.031 0.030 0.056 0.062 0.085 0.088 0.094 0.109 0.109 0.109 0.107 0.000 0.000 0.000 0.000 0.000 0.000 0.000 0.000 0.000 0.000 0.000 0.000 0.000 0.000 0.000 0.000 0.000 0.000 0.000 0.000 0.000 0.000 0.008 0.011 0.012 0.012 0.012 0.012 0.012 0.012 0.012 0.012 0.012 0.013 0.013 0.015 0.000 0.000 0.000 0.000 0.000 0.002 0.000
