数据/2hours/0.1-2h-200y/coupled-144-0001.wd
ncols         694
nrows         824
xllcorner     581104.939801
yllcorner     3495917.092414
cellsize      2.000000
NODATA_value  -9999.000000
[rows 544 to 577 of 824, columns 385 to 461 of 694]
0.127 0.147 0.161 0.178 0.201 0.213 0.227 0.223 0.227 0.218 0.000 0.000 0.000 0.000 0.000 0.000 0.000 0.000 0.000 0.000 0.000 0.000 0.000 0.000 0.000 0.000 0.000 0.000 0.000 0.000 0.000 0.000 0.000 0.000 0.000 0.000 0.000 0.000 0.000 0.000 0.000 0.000 0.001 0.001 0.001 0.001 0.001 0.002 0.005 0.041 0.144 0.235 0.316 0.390 0.460 0.529 0.602 0.000 0.000 0.000 0.000 0.000 0.000 0.000 0.000 0.000 0.000 0.000 0.000 0.000 0.000 0.000 0.000 0.000 0.000 0.000 0.000
0.122 0.137 0.157 0.169 0.188 0.213 0.232 0.226 0.219 0.225 0.000 0.000 0.000 0.000 0.000 0.000 0.000 0.000 0.000 0.000 0.000 0.000 0.000 0.000 0.000 0.000 0.000 0.000 0.000 0.000 0.000 0.000 0.000 0.000 0.000 0.000 0.000 0.000 0.000 0.000 0.000 0.000 0.001 0.001 0.001 0.001 0.001 0.003 0.002 0.070 0.167 0.232 0.334 0.408 0.477 0.549 0.623 0.000 0.000 0.000 0.000 0.000 0.000 0.000 0.000 0.000 0.000 0.000 0.000 0.000 0.000 0.000 0.000 0.000 0.000 0.000 0.000
0.107 0.132 0.146 0.180 0.187 0.218 0.230 0.233 0.236 0.245 0.000 0.000 0.000 0.000 0.000 0.000 0.000 0.000 0.000 0.000 0.000 0.000 0.000 0.000 0.000 0.000 0.000 0.000 0.000 0.000 0.000 0.000 0.000 0.000 0.000 0.000 0.000 0.000 0.000 0.000 0.000 0.000 0.001 0.001 0.001 0.001 0.001 0.005 0.050 0.105 0.179 0.254 0.350 0.428 0.498 0.570 0.643 0.000 0.000 0.000 0.000 0.000 0.000 0.000 0.000 0.000 0.000 0.000 0.000 0.000 0.000 0.000 0.000 0.000 0.000 0.000 0.000
0.105 0.119 0.140 0.151 0.175 0.194 0.220 0.224 0.232 0.000 0.000 0.000 0.000 0.000 0.000 0.000 0.000 0.000 0.000 0.000 0.000 0.000 0.000 0.000 0.000 0.000 0.000 0.000 0.000 0.000 0.000 0.000 0.000 0.000 0.000 0.000 0.000 0.000 0.000 0.000 0.000 0.000 0.001 0.001 0.001 0.001 0.002 0.006 0.064 0.131 0.207 0.298 0.369 0.444 0.518 0.592 0.668 0.000 0.000 0.000 0.000 0.000 0.000 0.000 0.000 0.000 0.000 0.000 0.000 0.000 0.000 0.000 0.000 0.000 0.000 0.000 0.000
0.120 0.121 0.132 0.155 0.171 0.181 0.195 0.207 0.217 0.000 0.000 0.000 0.000 0.000 0.000 0.000 0.000 0.000 0.000 0.000 0.000 0.000 0.000 0.000 0.000 0.000 0.000 0.000 0.000 0.000 0.000 0.000 0.000 0.000 0.000 0.000 0.000 0.000 0.000 0.000 0.000 0.001 0.001 0.001 0.001 0.001 0.003 0.043 0.097 0.169 0.244 0.308 0.390 0.462 0.537 0.610 0.691 0.000 0.000 0.000 0.000 0.000 0.000 0.000 0.000 0.000 0.000 0.000 0.000 0.000 0.000 0.000 0.000 0.000 0.000 0.000 0.000
0.134 0.135 0.132 0.152 0.169 0.181 0.189 0.192 0.190 0.166 0.144 0.136 0.138 0.000 0.000 0.000 0.000 0.000 0.000 0.000 0.000 0.000 0.000 0.000 0.000 0.000 0.000 0.000 0.000 0.000 0.000 0.000 0.000 0.000 0.000 0.000 0.000 0.000 0.000 0.000 0.000 0.001 0.001 0.001 0.001 0.001 0.006 0.045 0.127 0.195 0.265 0.333 0.411 0.484 0.559 0.628 0.000 0.000 0.000 0.000 0.000 0.000 0.000 0.000 0.000 0.000 0.000 0.000 0.000 0.000 0.000 0.000 0.000 0.000 0.000 0.000 0.000
0.127 0.131 0.141 0.142 0.153 0.164 0.167 0.171 0.171 0.150 0.136 0.128 0.132 0.138 0.135 0.131 0.000 0.000 0.000 0.000 0.000 0.000 0.000 0.000 0.000 0.000 0.000 0.000 0.000 0.000 0.000 0.000 0.000 0.000 0.000 0.000 0.000 0.000 0.000 0.000 0.000 0.001 0.001 0.001 0.001 0.002 0.018 0.071 0.159 0.220 0.289 0.371 0.439 0.508 0.583 0.652 0.000 0.000 0.000 0.000 0.000 0.000 0.000 0.000 0.000 0.000 0.000 0.000 0.000 0.000 0.000 0.000 0.000 0.000 0.000 0.000 0.000
0.105 0.098 0.096 0.097 0.107 0.132 0.159 0.163 0.154 0.136 0.126 0.124 0.130 0.137 0.136 0.139 0.000 0.000 0.000 0.000 0.000 0.000 0.000 0.000 0.000 0.000 0.000 0.000 0.000 0.000 0.000 0.000 0.000 0.000 0.000 0.000 0.000 0.000 0.000 0.000 0.001 0.001 0.001 0.001 0.001 0.003 0.044 0.101 0.188 0.253 0.321 0.401 0.468 0.537 0.609 0.675 0.000 0.000 0.000 0.000 0.000 0.000 0.000 0.000 0.000 0.000 0.000 0.000 0.000 0.000 0.000 0.000 0.000 0.000 0.000 0.000 0.000
0.085 0.080 0.076 0.073 0.083 0.102 0.130 0.144 0.137 0.125 0.117 0.122 0.137 0.143 0.142 0.155 0.183 0.200 0.000 0.000 0.000 0.000 0.000 0.000 0.000 0.000 0.000 0.000 0.000 0.000 0.000 0.000 0.000 0.000 0.000 0.000 0.000 0.000 0.000 0.000 0.001 0.001 0.001 0.001 0.001 0.009 0.082 0.150 0.216 0.282 0.358 0.430 0.497 0.569 0.641 0.702 0.000 0.000 0.000 0.000 0.000 0.000 0.000 0.000 0.000 0.000 0.000 0.000 0.000 0.000 0.000 0.000 0.000 0.000 0.000 0.000 0.000
0.091 0.074 0.070 0.072 0.000 0.092 0.111 0.129 0.135 0.123 0.119 0.128 0.139 0.142 0.143 0.156 0.179 0.193 0.000 0.000 0.000 0.000 0.000 0.000 0.000 0.000 0.000 0.000 0.000 0.000 0.000 0.000 0.000 0.000 0.000 0.000 0.000 0.000 0.000 0.000 0.001 0.001 0.001 0.001 0.002 0.039 0.111 0.170 0.239 0.309 0.391 0.469 0.537 0.608 0.682 0.000 0.000 0.000 0.000 0.000 0.000 0.000 0.000 0.000 0.000 0.000 0.000 0.000 0.000 0.000 0.000 0.000 0.000 0.000 0.000 0.000 0.000
0.088 0.069 0.060 0.068 0.079 0.092 0.109 0.128 0.134 0.125 0.120 0.119 0.122 0.130 0.137 0.151 0.170 0.187 0.207 0.000 0.000 0.000 0.000 0.000 0.000 0.000 0.000 0.000 0.000 0.000 0.000 0.000 0.000 0.000 0.000 0.000 0.000 0.000 0.000 0.001 0.001 0.001 0.001 0.001 0.013 0.076 0.133 0.199 0.270 0.347 0.429 0.509 0.580 0.642 0.698 0.000 0.000 0.000 0.000 0.000 0.000 0.000 0.000 0.000 0.000 0.000 0.000 0.000 0.000 0.000 0.000 0.000 0.000 0.000 0.000 0.000 0.000
0.083 0.072 0.038 0.056 0.072 0.092 0.114 0.141 0.139 0.121 0.115 0.111 0.112 0.119 0.126 0.139 0.158 0.180 0.196 0.000 0.000 0.000 0.000 0.000 0.000 0.000 0.000 0.000 0.000 0.000 0.000 0.000 0.000 0.000 0.000 0.000 0.000 0.000 0.000 0.001 0.001 0.001 0.001 0.002 0.045 0.095 0.155 0.226 0.316 0.403 0.475 0.550 0.602 0.654 0.708 0.000 0.000 0.000 0.000 0.000 0.000 0.000 0.000 0.000 0.000 0.000 0.000 0.000 0.000 0.000 0.000 0.000 0.000 0.000 0.000 0.000 0.000
0.075 0.074 0.050 0.051 0.061 0.085 0.108 0.132 0.132 0.113 0.103 0.103 0.106 0.108 0.117 0.129 0.145 0.165 0.186 0.000 0.000 0.000 0.000 0.000 0.000 0.000 0.000 0.000 0.000 0.000 0.000 0.000 0.000 0.000 0.000 0.000 0.000 0.000 0.000 0.001 0.001 0.001 0.001 0.028 0.091 0.000 0.000 0.000 0.000 0.452 0.510 0.566 0.614 0.663 0.715 0.000 0.000 0.000 0.000 0.000 0.000 0.000 0.000 0.000 0.000 0.000 0.000 0.000 0.000 0.000 0.000 0.000 0.000 0.000 0.000 0.000 0.000
0.073 0.077 0.071 0.066 0.080 0.094 0.106 0.130 0.126 0.100 0.091 0.094 0.101 0.105 0.111 0.120 0.143 0.162 0.171 0.000 0.000 0.000 0.000 0.000 0.000 0.000 0.000 0.000 0.000 0.000 0.000 0.000 0.000 0.000 0.000 0.000 0.000 0.000 0.000 0.001 0.001 0.001 0.001 0.033 0.111 0.000 0.000 0.000 0.000 0.465 0.519 0.576 0.624 0.671 0.000 0.000 0.000 0.000 0.000 0.000 0.000 0.000 0.000 0.000 0.000 0.000 0.000 0.000 0.000 0.000 0.000 0.000 0.000 0.000 0.000 0.000 0.000
0.084 0.067 0.058 0.058 0.087 0.088 0.102 0.128 0.121 0.093 0.083 0.089 0.099 0.105 0.111 0.125 0.142 0.153 0.151 0.141 0.135 0.135 0.000 0.000 0.000 0.000 0.000 0.000 0.000 0.000 0.000 0.000 0.000 0.000 0.000 0.000 0.000 0.000 0.001 0.001 0.001 0.001 0.006 0.062 0.000 0.000 0.000 0.000 0.000 0.477 0.526 0.578 0.631 0.685 0.000 0.000 0.000 0.000 0.000 0.000 0.000 0.000 0.000 0.000 0.000 0.000 0.000 0.000 0.000 0.000 0.000 0.000 0.000 0.000 0.000 0.000 0.000
0.088 0.051 0.037 0.062 0.075 0.049 0.000 0.109 0.082 0.071 0.071 0.082 0.095 0.107 0.116 0.127 0.140 0.148 0.144 0.133 0.127 0.125 0.118 0.111 0.104 0.099 0.000 0.000 0.000 0.000 0.000 0.000 0.000 0.000 0.000 0.000 0.000 0.000 0.001 0.001 0.001 0.001 0.019 0.094 0.000 0.000 0.000 0.000 0.000 0.481 0.537 0.588 0.641 0.701 0.000 0.000 0.000 0.000 0.000 0.000 0.000 0.000 0.000 0.000 0.000 0.000 0.000 0.000 0.000 0.000 0.000 0.000 0.000 0.000 0.000 0.000 0.000
0.070 0.036 0.031 0.050 0.066 0.071 0.119 0.111 0.075 0.064 0.063 0.073 0.087 0.101 0.114 0.128 0.143 0.145 0.133 0.124 0.120 0.117 0.111 0.102 0.095 0.089 0.078 0.073 0.076 0.000 0.000 0.000 0.000 0.000 0.000 0.000 0.000 0.000 0.001 0.001 0.001 0.002 0.048 0.119 0.000 0.000 0.000 0.000 0.417 0.480 0.544 0.597 0.651 0.709 0.000 0.000 0.000 0.000 0.000 0.000 0.000 0.000 0.000 0.000 0.000 0.000 0.000 0.000 0.000 0.000 0.000 0.000 0.000 0.000 0.000 0.000 0.000
0.027 0.021 0.029 0.047 0.068 0.090 0.127 0.100 0.063 0.059 0.059 0.068 0.080 0.095 0.112 0.131 0.143 0.133 0.118 0.111 0.111 0.108 0.103 0.093 0.083 0.078 0.074 0.070 0.069 0.063 0.062 0.066 0.000 0.000 0.000 0.000 0.000 0.001 0.001 0.001 0.001 0.013 0.087 0.127 0.000 0.000 0.000 0.000 0.402 0.472 0.534 0.595 0.654 0.710 0.000 0.000 0.000 0.000 0.000 0.000 0.000 0.000 0.000 0.000 0.000 0.000 0.000 0.000 0.000 0.000 0.000 0.000 0.000 0.000 0.000 0.000 0.000
0.003 0.006 0.031 0.047 0.066 0.088 0.115 0.067 0.058 0.045 0.049 0.062 0.077 0.091 0.110 0.133 0.135 0.114 0.103 0.102 0.102 0.095 0.088 0.084 0.077 0.071 0.069 0.067 0.065 0.065 0.062 0.065 0.076 0.088 0.000 0.000 0.000 0.001 0.001 0.002 0.009 0.042 0.067 0.000 0.000 0.000 0.000 0.000 0.406 0.469 0.527 0.584 0.640 0.000 0.000 0.000 0.000 0.000 0.000 0.000 0.000 0.000 0.000 0.000 0.000 0.000 0.000 0.000 0.000 0.000 0.000 0.000 0.000 0.000 0.000 0.000 0.000
0.013 0.005 0.028 0.042 0.067 0.129 0.086 0.065 0.037 0.029 0.040 0.054 0.073 0.090 0.114 0.129 0.105 0.089 0.090 0.092 0.089 0.082 0.077 0.072 0.066 0.065 0.066 0.062 0.059 0.060 0.060 0.061 0.065 0.075 0.081 0.071 0.037 0.024 0.019 0.016 0.015 0.025 0.063 0.000 0.000 0.000 0.000 0.318 0.392 0.449 0.513 0.568 0.621 0.000 0.000 0.000 0.000 0.000 0.000 0.000 0.000 0.000 0.000 0.000 0.000 0.000 0.000 0.000 0.000 0.000 0.000 0.000 0.000 0.000 0.000 0.000 0.000
0.015 0.000 0.018 0.055 0.119 0.089 0.041 0.015 0.013 0.020 0.037 0.054 0.072 0.104 0.132 0.102 0.069 0.070 0.080 0.082 0.076 0.066 0.058 0.055 0.060 0.061 0.057 0.054 0.051 0.049 0.050 0.050 0.047 0.055 0.066 0.064 0.045 0.030 0.019 0.015 0.013 0.014 0.047 0.000 0.000 0.000 0.000 0.297 0.372 0.437 0.501 0.557 0.615 0.000 0.000 0.000 0.000 0.000 0.000 0.000 0.000 0.000 0.000 0.000 0.000 0.000 0.000 0.000 0.000 0.000 0.000 0.000 0.000 0.000 0.000 0.000 0.000
0.002 0.007 0.044 0.109 0.091 0.036 0.009 0.000 0.005 0.009 0.033 0.057 0.087 0.132 0.118 0.063 0.057 0.064 0.071 0.076 0.072 0.061 0.052 0.048 0.052 0.061 0.060 0.051 0.046 0.042 0.043 0.040 0.036 0.039 0.054 0.054 0.039 0.023 0.016 0.012 0.012 0.020 0.042 0.000 0.000 0.000 0.000 0.313 0.374 0.432 0.495 0.554 0.616 0.000 0.000 0.000 0.000 0.000 0.000 0.000 0.000 0.000 0.000 0.000 0.000 0.000 0.000 0.000 0.000 0.000 0.000 0.000 0.000 0.000 0.000 0.000 0.000
0.000 0.025 0.087 0.109 0.040 0.015 0.001 0.000 0.000 0.000 0.015 0.048 0.100 0.136 0.079 0.051 0.054 0.060 0.058 0.070 0.068 0.058 0.056 0.050 0.050 0.059 0.063 0.059 0.050 0.046 0.045 0.036 0.033 0.041 0.048 0.040 0.039 0.028 0.020 0.015 0.014 0.019 0.023 0.044 0.091 0.164 0.000 0.331 0.385 0.434 0.494 0.552 0.000 0.000 0.000 0.000 0.000 0.000 0.000 0.000 0.000 0.000 0.000 0.000 0.000 0.000 0.000 0.000 0.000 0.000 0.000 0.000 0.000 0.000 0.000 0.000 0.000
0.005 0.050 0.129 0.059 0.022 0.004 0.000 0.001 0.000 0.000 0.000 0.043 0.112 0.121 0.062 0.053 0.056 0.056 0.063 0.071 0.078 0.068 0.061 0.054 0.049 0.051 0.060 0.067 0.062 0.056 0.044 0.034 0.039 0.043 0.036 0.028 0.041 0.036 0.028 0.020 0.019 0.030 0.025 0.028 0.128 0.204 0.289 0.347 0.393 0.442 0.497 0.551 0.000 0.000 0.000 0.000 0.000 0.000 0.000 0.000 0.000 0.000 0.000 0.000 0.000 0.000 0.000 0.000 0.000 0.000 0.000 0.000 0.000 0.000 0.000 0.000 0.000
0.013 0.091 0.118 0.034 0.014 0.001 0.001 0.001 0.000 0.000 0.008 0.058 0.125 0.104 0.067 0.070 0.058 0.045 0.056 0.081 0.096 0.092 0.067 0.048 0.045 0.045 0.052 0.071 0.078 0.063 0.044 0.040 0.045 0.039 0.026 0.021 0.021 0.040 0.042 0.030 0.025 0.056 0.036 0.093 0.170 0.248 0.314 0.349 0.392 0.443 0.498 0.553 0.000 0.000 0.000 0.000 0.000 0.000 0.000 0.000 0.000 0.000 0.000 0.000 0.000 0.000 0.000 0.000 0.000 0.000 0.000 0.000 0.000 0.000 0.000 0.000 0.000
0.032 0.130 0.084 0.034 0.004 0.000 0.002 0.003 0.000 0.000 0.023 0.088 0.125 0.079 0.073 0.073 0.046 0.038 0.054 0.081 0.114 0.105 0.062 0.045 0.043 0.042 0.050 0.067 0.084 0.078 0.063 0.053 0.045 0.031 0.019 0.019 0.020 0.017 0.057 0.049 0.044 0.072 0.071 0.144 0.214 0.253 0.297 0.344 0.396 0.453 0.502 0.564 0.000 0.000 0.000 0.000 0.000 0.000 0.000 0.000 0.000 0.000 0.000 0.000 0.000 0.000 0.000 0.000 0.000 0.000 0.000 0.000 0.000 0.000 0.000 0.000 0.000
0.063 0.145 0.063 0.029 0.012 0.003 0.006 0.002 0.000 0.000 0.028 0.114 0.116 0.072 0.088 0.076 0.041 0.034 0.059 0.084 0.129 0.114 0.054 0.040 0.044 0.048 0.051 0.064 0.084 0.095 0.085 0.061 0.044 0.028 0.016 0.017 0.020 0.005 0.060 0.086 0.104 0.086 0.116 0.166 0.211 0.252 0.301 0.350 0.401 0.455 0.499 0.000 0.000 0.000 0.000 0.000 0.000 0.000 0.000 0.000 0.000 0.000 0.000 0.000 0.000 0.000 0.000 0.000 0.000 0.000 0.000 0.000 0.000 0.000 0.000 0.000 0.000
0.119 0.130 0.031 0.034 0.013 0.003 0.010 0.002 0.000 0.000 0.054 0.136 0.104 0.077 0.108 0.083 0.042 0.047 0.070 0.104 0.140 0.101 0.053 0.055 0.058 0.055 0.050 0.060 0.082 0.111 0.102 0.065 0.039 0.024 0.013 0.014 0.019 0.000 0.047 0.141 0.158 0.104 0.137 0.213 0.242 0.285 0.317 0.368 0.402 0.453 0.499 0.000 0.000 0.000 0.000 0.000 0.000 0.000 0.000 0.000 0.000 0.000 0.000 0.000 0.000 0.000 0.000 0.000 0.000 0.000 0.000 0.000 0.000 0.000 0.000 0.000 0.000
0.183 0.056 0.033 0.042 0.014 0.011 0.009 0.000 0.000 0.036 0.089 0.156 0.093 0.085 0.113 0.078 0.039 0.052 0.076 0.123 0.139 0.089 0.078 0.075 0.060 0.048 0.044 0.056 0.080 0.121 0.113 0.068 0.034 0.018 0.012 0.013 0.015 0.005 0.045 0.130 0.155 0.113 0.178 0.225 0.263 0.312 0.329 0.378 0.410 0.458 0.510 0.000 0.000 0.000 0.000 0.000 0.000 0.000 0.000 0.000 0.000 0.000 0.000 0.000 0.000 0.000 0.000 0.000 0.000 0.000 0.000 0.000 0.000 0.000 0.000 0.000 0.000
0.122 0.029 0.040 0.059 0.009 0.013 0.000 0.022 0.053 0.060 0.131 0.167 0.088 0.097 0.122 0.077 0.036 0.056 0.084 0.138 0.136 0.104 0.083 0.074 0.053 0.040 0.040 0.059 0.083 0.128 0.120 0.066 0.031 0.017 0.013 0.013 0.016 0.011 0.089 0.164 0.213 0.190 0.208 0.268 0.300 0.312 0.321 0.384 0.421 0.467 0.514 0.000 0.000 0.000 0.000 0.000 0.000 0.000 0.000 0.000 0.000 0.000 0.000 0.000 0.000 0.000 0.000 0.000 0.000 0.000 0.000 0.000 0.000 0.000 0.000 0.000 0.000
0.050 0.035 0.034 0.053 0.000 0.029 0.055 0.070 0.067 0.078 0.155 0.174 0.104 0.109 0.134 0.095 0.056 0.071 0.107 0.161 0.153 0.100 0.074 0.064 0.050 0.036 0.043 0.063 0.088 0.135 0.121 0.066 0.035 0.018 0.015 0.013 0.021 0.010 0.025 0.156 0.252 0.267 0.268 0.294 0.313 0.328 0.356 0.395 0.445 0.488 0.536 0.000 0.000 0.000 0.000 0.000 0.000 0.000 0.000 0.000 0.000 0.000 0.000 0.000 0.000 0.000 0.000 0.000 0.000 0.000 0.000 0.000 0.000 0.000 0.000 0.000 0.000
0.048 0.049 0.048 0.081 0.058 0.080 0.095 0.096 0.096 0.112 0.171 0.187 0.136 0.127 0.141 0.118 0.083 0.087 0.131 0.183 0.137 0.072 0.058 0.054 0.050 0.043 0.048 0.069 0.098 0.139 0.120 0.070 0.038 0.021 0.018 0.000 0.006 0.000 0.042 0.184 0.271 0.316 0.299 0.307 0.328 0.350 0.379 0.423 0.469 0.517 0.000 0.000 0.000 0.000 0.000 0.000 0.000 0.000 0.000 0.000 0.000 0.000 0.000 0.000 0.000 0.000 0.000 0.000 0.000 0.000 0.000 0.000 0.000 0.000 0.000 0.000 0.000
0.045 0.044 0.049 0.094 0.098 0.107 0.098 0.122 0.130 0.139 0.180 0.192 0.149 0.128 0.141 0.137 0.111 0.118 0.162 0.166 0.088 0.055 0.050 0.051 0.053 0.052 0.057 0.080 0.106 0.144 0.118 0.072 0.041 0.021 0.020 0.015 0.005 0.000 0.086 0.241 0.322 0.348 0.322 0.327 0.343 0.382 0.406 0.443 0.497 0.547 0.000 0.000 0.000 0.000 0.000 0.000 0.000 0.000 0.000 0.000 0.000 0.000 0.000 0.000 0.000 0.000 0.000 0.000 0.000 0.000 0.000 0.000 0.000 0.000 0.000 0.000 0.000
0.035 0.049 0.082 0.117 0.113 0.102 0.097 0.131 0.141 0.151 0.201 0.215 0.165 0.137 0.148 0.141 0.123 0.135 0.161 0.129 0.075 0.056 0.053 0.057 0.061 0.062 0.066 0.087 0.118 0.144 0.112 0.074 0.042 0.025 0.020 0.014 0.005 0.017 0.136 0.293 0.370 0.396 0.382 0.363 0.387 0.411 0.439 0.475 0.521 0.567 0.000 0.000 0.000 0.000 0.000 0.000 0.000 0.000 0.000 0.000 0.000 0.000 0.000 0.000 0.000 0.000 0.000 0.000 0.000 0.000 0.000 0.000 0.000 0.000 0.000 0.000 0.000
