数据/2hours/0.1-2h-200y/coupled-163-0001.wd
ncols         694
nrows         824
xllcorner     581104.939801
yllcorner     3495917.092414
cellsize      2.000000
NODATA_value  -9999.000000
[rows 646 to 679 of 824, columns 77 to 153 of 694]
0.628 0.606 0.585 0.563 0.541 0.000 0.000 0.000 0.000 0.000 0.000 0.000 0.000 0.000 0.362 0.344 0.327 0.312 0.000 0.000 0.000 0.290 0.291 0.290 0.270 0.237 0.204 0.171 0.138 0.104 0.072 0.040 0.000 0.230 0.198 0.164 0.131 0.000 0.000 0.000 0.026 0.003 0.002 0.001 0.001 0.001 0.001 0.001 0.001 0.001 0.001 0.001 0.000 0.000 0.000 0.000 0.000 0.000 0.000 0.040 0.018 0.001 0.000 0.001 0.001 0.001 0.001 0.001 0.001 0.001 0.000 0.000 0.001 0.001 0.001 0.001 0.001
0.613 0.588 0.567 0.545 0.523 0.500 0.000 0.000 0.000 0.000 0.000 0.000 0.000 0.361 0.344 0.327 0.311 0.000 0.000 0.000 0.000 0.000 0.000 0.000 0.289 0.258 0.224 0.191 0.159 0.126 0.092 0.059 0.000 0.000 0.219 0.185 0.000 0.000 0.000 0.000 0.000 0.000 0.020 0.001 0.001 0.001 0.001 0.001 0.001 0.001 0.001 0.001 0.000 0.000 0.000 0.000 0.000 0.000 0.000 0.000 0.038 0.016 0.001 0.001 0.001 0.001 0.001 0.001 0.001 0.000 0.000 0.000 0.000 0.001 0.001 0.001 0.001
0.622 0.581 0.549 0.527 0.505 0.483 0.000 0.000 0.000 0.000 0.000 0.000 0.357 0.342 0.325 0.309 0.000 0.000 0.000 0.000 0.000 0.000 0.000 0.291 0.290 0.279 0.245 0.212 0.179 0.146 0.113 0.080 0.000 0.011 0.000 0.000 0.000 0.000 0.000 0.000 0.000 0.000 0.039 0.015 0.001 0.001 0.001 0.001 0.001 0.001 0.001 0.001 0.000 0.000 0.000 0.000 0.000 0.000 0.000 0.000 0.000 0.037 0.011 0.001 0.001 0.001 0.001 0.001 0.000 0.000 0.000 0.000 0.000 0.000 0.001 0.001 0.001
0.630 0.589 0.550 0.510 0.487 0.465 0.000 0.000 0.000 0.000 0.000 0.351 0.338 0.323 0.307 0.000 0.000 0.000 0.000 0.000 0.000 0.000 0.000 0.291 0.000 0.000 0.266 0.234 0.199 0.166 0.133 0.100 0.066 0.035 0.002 0.000 0.000 0.000 0.000 0.000 0.000 0.000 0.000 0.038 0.013 0.001 0.001 0.001 0.001 0.001 0.001 0.001 0.001 0.000 0.000 0.000 0.000 0.000 0.000 0.000 0.000 0.000 0.019 0.001 0.001 0.001 0.001 0.000 0.000 0.000 0.000 0.000 0.000 0.000 0.000 0.000 0.001
0.639 0.598 0.558 0.518 0.477 0.446 0.423 0.000 0.000 0.000 0.347 0.333 0.319 0.305 0.294 0.294 0.294 0.000 0.000 0.000 0.000 0.000 0.000 0.000 0.000 0.000 0.287 0.253 0.220 0.186 0.151 0.118 0.087 0.054 0.021 0.001 0.001 0.000 0.000 0.000 0.000 0.000 0.000 0.000 0.036 0.012 0.002 0.001 0.001 0.001 0.001 0.001 0.001 0.001 0.000 0.000 0.000 0.000 0.000 0.000 0.000 0.000 0.000 0.001 0.001 0.001 0.000 0.000 0.000 0.000 0.000 0.000 0.000 0.000 0.000 0.000 0.000
0.647 0.606 0.566 0.526 0.485 0.447 0.407 0.386 0.000 0.348 0.330 0.315 0.301 0.293 0.294 0.295 0.296 0.297 0.000 0.000 0.000 0.000 0.000 0.000 0.000 0.000 0.000 0.000 0.241 0.207 0.174 0.140 0.107 0.074 0.041 0.010 0.001 0.001 0.000 0.000 0.000 0.000 0.000 0.000 0.000 0.000 0.026 0.002 0.001 0.001 0.001 0.001 0.001 0.001 0.001 0.001 0.000 0.000 0.000 0.000 0.000 0.000 0.001 0.001 0.001 0.001 0.001 0.000 0.000 0.000 0.000 0.000 0.000 0.000 0.000 0.000 0.000
0.000 0.615 0.576 0.535 0.495 0.456 0.416 0.378 0.349 0.331 0.313 0.299 0.291 0.293 0.294 0.294 0.296 0.296 0.297 0.297 0.000 0.000 0.000 0.000 0.000 0.000 0.000 0.000 0.261 0.228 0.195 0.162 0.126 0.093 0.059 0.024 0.001 0.001 0.000 0.000 0.000 0.000 0.000 0.000 0.000 0.000 0.049 0.024 0.001 0.001 0.001 0.001 0.001 0.001 0.001 0.001 0.001 0.000 0.000 0.000 0.000 0.022 0.001 0.001 0.001 0.001 0.001 0.001 0.000 0.000 0.000 0.000 0.000 0.000 0.000 0.000 0.000
0.000 0.000 0.000 0.544 0.504 0.464 0.426 0.387 0.350 0.314 0.295 0.289 0.291 0.292 0.292 0.293 0.295 0.296 0.297 0.297 0.295 0.000 0.000 0.000 0.000 0.000 0.000 0.000 0.280 0.249 0.215 0.181 0.148 0.108 0.071 0.036 0.002 0.001 0.000 0.000 0.000 0.000 0.000 0.000 0.000 0.000 0.000 0.047 0.022 0.001 0.001 0.001 0.001 0.001 0.001 0.001 0.001 0.000 0.000 0.000 0.028 0.002 0.001 0.001 0.001 0.001 0.001 0.001 0.001 0.000 0.000 0.000 0.000 0.000 0.000 0.000 0.000
0.000 0.000 0.000 0.000 0.513 0.473 0.436 0.398 0.360 0.323 0.302 0.301 0.300 0.298 0.297 0.295 0.295 0.296 0.296 0.295 0.294 0.000 0.000 0.000 0.000 0.000 0.000 0.280 0.280 0.267 0.236 0.198 0.161 0.125 0.085 0.050 0.014 0.001 0.001 0.000 0.000 0.000 0.000 0.000 0.000 0.000 0.000 0.000 0.044 0.021 0.001 0.001 0.001 0.001 0.001 0.001 0.001 0.001 0.001 0.001 0.001 0.001 0.001 0.001 0.001 0.001 0.001 0.001 0.001 0.010 0.000 0.000 0.000 0.000 0.000 0.000 0.000
0.000 0.000 0.000 0.000 0.522 0.484 0.446 0.408 0.371 0.333 0.337 0.342 0.341 0.340 0.336 0.336 0.333 0.332 0.329 0.325 0.321 0.318 0.316 0.000 0.000 0.000 0.298 0.293 0.287 0.286 0.250 0.212 0.175 0.139 0.101 0.061 0.028 0.001 0.001 0.001 0.001 0.001 0.000 0.000 0.000 0.000 0.000 0.000 0.000 0.025 0.001 0.001 0.001 0.001 0.001 0.001 0.001 0.001 0.001 0.001 0.001 0.001 0.001 0.001 0.001 0.001 0.001 0.001 0.001 0.002 0.012 0.000 0.000 0.000 0.000 0.000 0.000
0.000 0.000 0.000 0.000 0.000 0.000 0.457 0.419 0.382 0.364 0.372 0.000 0.382 0.379 0.378 0.374 0.374 0.370 0.368 0.363 0.360 0.357 0.354 0.000 0.000 0.342 0.338 0.334 0.331 0.304 0.266 0.227 0.189 0.153 0.116 0.077 0.041 0.008 0.001 0.001 0.001 0.001 0.001 0.000 0.000 0.000 0.000 0.000 0.000 0.000 0.001 0.001 0.001 0.001 0.001 0.001 0.001 0.001 0.001 0.001 0.001 0.001 0.001 0.001 0.001 0.001 0.001 0.001 0.001 0.001 0.002 0.012 0.000 0.000 0.000 0.000 0.000
0.000 0.000 0.000 0.000 0.000 0.000 0.000 0.428 0.392 0.400 0.000 0.000 0.000 0.000 0.417 0.415 0.414 0.412 0.407 0.403 0.399 0.397 0.392 0.387 0.383 0.381 0.378 0.373 0.355 0.318 0.283 0.242 0.203 0.166 0.130 0.094 0.053 0.026 0.004 0.001 0.001 0.001 0.001 0.000 0.000 0.000 0.000 0.000 0.000 0.000 0.000 0.001 0.001 0.001 0.001 0.001 0.001 0.001 0.001 0.001 0.001 0.001 0.001 0.001 0.001 0.001 0.001 0.001 0.000 0.000 0.001 0.001 0.011 0.000 0.000 0.000 0.000
0.000 0.000 0.000 0.000 0.000 0.000 0.475 0.439 0.424 0.000 0.000 0.000 0.000 0.000 0.000 0.000 0.455 0.452 0.447 0.443 0.440 0.436 0.433 0.429 0.425 0.421 0.419 0.410 0.372 0.332 0.296 0.257 0.217 0.181 0.143 0.107 0.071 0.046 0.025 0.002 0.001 0.001 0.001 0.000 0.000 0.000 0.000 0.000 0.000 0.000 0.000 0.000 0.001 0.001 0.001 0.001 0.001 0.001 0.001 0.001 0.001 0.001 0.001 0.001 0.001 0.001 0.001 0.001 0.000 0.000 0.000 0.000 0.000 0.000 0.000 0.000 0.000
0.000 0.000 0.000 0.000 0.000 0.524 0.485 0.451 0.459 0.000 0.000 0.000 0.000 0.000 0.000 0.000 0.497 0.492 0.487 0.482 0.480 0.474 0.471 0.469 0.465 0.460 0.455 0.422 0.385 0.348 0.309 0.271 0.233 0.194 0.158 0.119 0.096 0.069 0.046 0.025 0.002 0.001 0.001 0.001 0.000 0.000 0.000 0.000 0.000 0.000 0.000 0.000 0.000 0.001 0.001 0.001 0.001 0.001 0.001 0.001 0.001 0.001 0.001 0.001 0.001 0.001 0.001 0.001 0.000 0.000 0.000 0.000 0.000 0.000 0.000 0.000 0.000
0.721 0.000 0.000 0.000 0.572 0.533 0.496 0.484 0.000 0.000 0.000 0.000 0.000 0.000 0.000 0.000 0.000 0.000 0.527 0.522 0.519 0.516 0.512 0.509 0.505 0.501 0.477 0.438 0.399 0.364 0.325 0.286 0.247 0.210 0.173 0.138 0.115 0.093 0.068 0.046 0.007 0.001 0.001 0.001 0.001 0.001 0.000 0.000 0.000 0.000 0.000 0.000 0.000 0.000 0.001 0.001 0.001 0.001 0.001 0.001 0.001 0.001 0.001 0.001 0.001 0.001 0.001 0.000 0.000 0.000 0.000 0.000 0.000 0.000 0.000 0.000 0.000
0.728 0.000 0.000 0.621 0.580 0.547 0.514 0.517 0.525 0.531 0.000 0.000 0.000 0.000 0.000 0.000 0.000 0.000 0.000 0.560 0.558 0.556 0.552 0.548 0.545 0.528 0.491 0.453 0.415 0.376 0.339 0.303 0.260 0.224 0.186 0.162 0.135 0.116 0.081 0.041 0.004 0.001 0.001 0.001 0.001 0.001 0.001 0.000 0.000 0.000 0.000 0.000 0.000 0.007 0.001 0.001 0.001 0.001 0.001 0.001 0.001 0.001 0.001 0.001 0.001 0.001 0.000 0.000 0.000 0.000 0.000 0.000 0.000 0.000 0.000 0.000 0.000
0.742 0.708 0.666 0.628 0.592 0.554 0.543 0.553 0.561 0.568 0.000 0.000 0.000 0.000 0.000 0.000 0.000 0.000 0.000 0.000 0.598 0.593 0.592 0.587 0.581 0.543 0.506 0.468 0.428 0.392 0.353 0.313 0.280 0.236 0.208 0.185 0.152 0.115 0.077 0.037 0.002 0.001 0.001 0.001 0.001 0.001 0.001 0.001 0.000 0.000 0.000 0.007 0.001 0.001 0.001 0.001 0.001 0.001 0.001 0.001 0.001 0.001 0.001 0.001 0.001 0.000 0.000 0.000 0.000 0.000 0.000 0.000 0.000 0.000 0.000 0.000 0.000
0.752 0.714 0.675 0.638 0.597 0.572 0.581 0.588 0.596 0.605 0.611 0.619 0.000 0.000 0.000 0.000 0.000 0.000 0.000 0.000 0.000 0.633 0.631 0.625 0.596 0.559 0.520 0.482 0.444 0.408 0.366 0.329 0.291 0.252 0.228 0.189 0.150 0.110 0.073 0.034 0.001 0.001 0.001 0.001 0.001 0.001 0.001 0.001 0.000 0.000 0.007 0.001 0.001 0.001 0.001 0.001 0.001 0.001 0.001 0.001 0.001 0.001 0.001 0.001 0.001 0.000 0.000 0.000 0.000 0.000 0.000 0.000 0.000 0.000 0.000 0.000 0.000
0.761 0.724 0.687 0.649 0.609 0.610 0.611 0.622 0.632 0.634 0.643 0.651 0.655 0.000 0.000 0.000 0.000 0.000 0.000 0.000 0.675 0.672 0.668 0.650 0.612 0.573 0.533 0.496 0.460 0.418 0.381 0.345 0.304 0.262 0.223 0.183 0.148 0.104 0.069 0.030 0.001 0.001 0.001 0.001 0.001 0.001 0.001 0.001 0.001 0.001 0.001 0.001 0.001 0.001 0.001 0.001 0.001 0.001 0.001 0.001 0.001 0.001 0.001 0.001 0.001 0.000 0.000 0.000 0.000 0.000 0.000 0.000 0.000 0.000 0.000 0.000 0.000
0.773 0.736 0.699 0.657 0.637 0.643 0.650 0.661 0.664 0.674 0.680 0.687 0.692 0.700 0.000 0.000 0.000 0.000 0.000 0.718 0.712 0.713 0.702 0.666 0.627 0.586 0.550 0.514 0.473 0.432 0.397 0.349 0.300 0.260 0.218 0.179 0.144 0.101 0.066 0.026 0.001 0.001 0.001 0.001 0.001 0.001 0.001 0.001 0.001 0.001 0.001 0.001 0.001 0.001 0.001 0.001 0.001 0.001 0.001 0.001 0.001 0.001 0.001 0.001 0.001 0.000 0.000 0.000 0.000 0.000 0.000 0.000 0.000 0.000 0.000 0.000 0.000
0.784 0.745 0.708 0.670 0.672 0.678 0.687 0.694 0.699 0.708 0.714 0.724 0.729 0.734 0.000 0.757 0.000 0.000 0.000 0.758 0.755 0.753 0.715 0.678 0.641 0.602 0.566 0.527 0.483 0.438 0.393 0.344 0.298 0.256 0.215 0.177 0.141 0.097 0.062 0.023 0.001 0.001 0.001 0.001 0.001 0.001 0.001 0.001 0.001 0.001 0.001 0.001 0.001 0.001 0.001 0.001 0.001 0.001 0.001 0.001 0.001 0.001 0.001 0.001 0.001 0.000 0.000 0.000 0.000 0.000 0.000 0.000 0.000 0.000 0.000 0.000 0.000
0.796 0.757 0.718 0.699 0.705 0.715 0.725 0.729 0.736 0.744 0.751 0.757 0.766 0.773 0.782 0.793 0.000 0.000 0.801 0.799 0.794 0.768 0.731 0.693 0.655 0.618 0.574 0.529 0.480 0.436 0.388 0.340 0.297 0.253 0.210 0.176 0.136 0.095 0.059 0.020 0.001 0.001 0.001 0.001 0.001 0.001 0.001 0.001 0.001 0.001 0.001 0.001 0.001 0.001 0.001 0.001 0.001 0.001 0.001 0.001 0.001 0.001 0.001 0.001 0.000 0.000 0.000 0.000 0.000 0.000 0.000 0.000 0.000 0.000 0.000 0.000 0.000
0.806 0.766 0.728 0.735 0.741 0.748 0.758 0.766 0.773 0.778 0.785 0.796 0.802 0.808 0.819 0.828 0.836 0.842 0.841 0.838 0.822 0.783 0.747 0.708 0.664 0.618 0.571 0.526 0.478 0.430 0.385 0.339 0.293 0.250 0.207 0.174 0.131 0.092 0.055 0.017 0.001 0.001 0.001 0.001 0.001 0.001 0.001 0.001 0.001 0.001 0.001 0.001 0.001 0.001 0.001 0.001 0.001 0.001 0.001 0.001 0.001 0.001 0.001 0.001 0.000 0.000 0.000 0.000 0.000 0.000 0.000 0.000 0.000 0.000 0.000 0.000 0.000
0.814 0.774 0.763 0.768 0.775 0.786 0.795 0.800 0.808 0.816 0.824 0.830 0.839 0.846 0.852 0.861 0.874 0.881 0.880 0.875 0.837 0.798 0.752 0.705 0.660 0.614 0.569 0.521 0.472 0.429 0.382 0.335 0.289 0.246 0.208 0.169 0.127 0.088 0.051 0.013 0.001 0.001 0.001 0.001 0.001 0.001 0.001 0.001 0.001 0.001 0.001 0.001 0.001 0.001 0.001 0.001 0.001 0.001 0.001 0.001 0.001 0.001 0.001 0.001 0.001 0.000 0.000 0.000 0.000 0.000 0.000 0.000 0.000 0.000 0.000 0.000 0.000
0.825 0.788 0.798 0.807 0.812 0.818 0.830 0.838 0.843 0.851 0.860 0.869 0.872 0.879 0.891 0.898 0.907 0.916 0.920 0.888 0.842 0.794 0.749 0.703 0.657 0.611 0.563 0.518 0.471 0.425 0.380 0.331 0.286 0.246 0.208 0.164 0.124 0.084 0.047 0.009 0.001 0.001 0.001 0.001 0.001 0.001 0.001 0.001 0.001 0.001 0.001 0.001 0.001 0.001 0.001 0.001 0.001 0.001 0.001 0.001 0.001 0.001 0.001 0.001 0.001 0.001 0.001 0.001 0.001 0.001 0.001 0.001 0.000 0.000 0.000 0.000 0.000
0.835 0.827 0.836 0.840 0.847 0.859 0.865 0.871 0.880 0.885 0.894 0.905 0.911 0.918 0.926 0.934 0.938 0.939 0.932 0.886 0.837 0.792 0.746 0.699 0.653 0.608 0.561 0.514 0.469 0.420 0.375 0.328 0.285 0.243 0.204 0.162 0.121 0.081 0.042 0.006 0.001 0.001 0.001 0.001 0.001 0.001 0.001 0.001 0.001 0.001 0.001 0.001 0.001 0.001 0.001 0.001 0.001 0.001 0.001 0.001 0.001 0.001 0.001 0.001 0.001 0.001 0.001 0.001 0.001 0.001 0.001 0.001 0.001 0.001 0.001 0.001 0.001
0.855 0.862 0.871 0.879 0.885 0.892 0.901 0.909 0.914 0.921 0.932 0.938 0.938 0.939 0.937 0.936 0.937 0.937 0.934 0.888 0.837 0.792 0.743 0.697 0.651 0.603 0.558 0.511 0.463 0.417 0.372 0.326 0.282 0.237 0.203 0.161 0.119 0.079 0.037 0.004 0.001 0.001 0.001 0.001 0.001 0.001 0.001 0.001 0.001 0.001 0.001 0.001 0.001 0.001 0.001 0.001 0.001 0.001 0.001 0.001 0.001 0.001 0.001 0.001 0.001 0.001 0.001 0.001 0.001 0.001 0.001 0.001 0.001 0.001 0.001 0.001 0.001
0.893 0.901 0.907 0.913 0.923 0.931 0.938 0.939 0.938 0.938 0.940 0.940 0.939 0.940 0.937 0.939 0.940 0.939 0.938 0.888 0.842 0.795 0.747 0.700 0.650 0.605 0.556 0.509 0.463 0.414 0.369 0.321 0.276 0.236 0.201 0.159 0.116 0.078 0.034 0.002 0.001 0.001 0.001 0.001 0.001 0.001 0.001 0.001 0.001 0.001 0.001 0.001 0.001 0.001 0.001 0.001 0.001 0.001 0.001 0.001 0.001 0.001 0.001 0.001 0.001 0.001 0.001 0.001 0.001 0.001 0.001 0.001 0.001 0.001 0.001 0.001 0.001
0.929 0.936 0.943 0.945 0.944 0.942 0.942 0.942 0.940 0.939 0.941 0.942 0.939 0.939 0.938 0.938 0.939 0.938 0.938 0.890 0.845 0.797 0.750 0.702 0.654 0.607 0.559 0.510 0.462 0.413 0.366 0.320 0.277 0.234 0.196 0.159 0.125 0.090 0.055 0.012 0.001 0.001 0.001 0.001 0.001 0.001 0.001 0.001 0.001 0.001 0.001 0.001 0.001 0.001 0.001 0.001 0.001 0.001 0.001 0.001 0.001 0.001 0.001 0.001 0.001 0.001 0.001 0.001 0.001 0.001 0.001 0.001 0.001 0.001 0.001 0.001 0.001
0.946 0.946 0.947 0.947 0.947 0.945 0.943 0.942 0.941 0.942 0.942 0.940 0.939 0.938 0.939 0.940 0.939 0.939 0.939 0.895 0.846 0.796 0.750 0.703 0.658 0.609 0.557 0.514 0.463 0.414 0.366 0.405 0.317 0.254 0.221 0.188 0.151 0.116 0.081 0.046 0.004 0.001 0.001 0.001 0.001 0.001 0.001 0.001 0.001 0.001 0.001 0.001 0.001 0.001 0.001 0.001 0.001 0.001 0.001 0.001 0.001 0.001 0.001 0.001 0.001 0.001 0.001 0.001 0.001 0.001 0.001 0.001 0.001 0.001 0.001 0.001 0.001
1.087 1.177 1.132 1.010 0.946 0.946 0.944 0.943 0.941 0.943 0.941 0.942 0.941 0.940 0.939 0.938 0.938 0.939 0.942 0.897 0.849 0.803 0.753 0.705 0.658 0.608 0.562 0.512 0.563 0.648 0.738 0.601 0.444 0.286 0.244 0.212 0.179 0.143 0.107 0.071 0.037 0.003 0.001 0.001 0.001 0.001 0.001 0.001 0.001 0.001 0.001 0.001 0.001 0.001 0.001 0.001 0.001 0.001 0.001 0.001 0.001 0.001 0.001 0.001 0.001 0.001 0.001 0.001 0.001 0.001 0.001 0.001 0.001 0.001 0.001 0.001 0.001
1.068 1.160 1.250 1.341 1.430 1.376 1.251 1.127 1.004 0.944 0.943 0.942 0.941 0.938 0.938 0.939 0.940 0.941 0.941 0.898 0.851 0.801 0.748 0.706 0.657 0.720 0.805 0.899 0.983 1.049 0.887 0.730 0.569 0.412 0.271 0.235 0.202 0.169 0.134 0.097 0.061 0.029 0.002 0.001 0.001 0.001 0.001 0.001 0.001 0.001 0.001 0.001 0.001 0.001 0.001 0.001 0.001 0.001 0.001 0.001 0.001 0.001 0.001 0.001 0.001 0.001 0.001 0.001 0.001 0.001 0.001 0.001 0.001 0.001 0.001 0.001 0.001
1.048 1.139 1.231 1.321 1.410 1.499 1.589 1.679 1.622 1.498 1.375 1.250 1.124 0.999 0.940 0.940 0.940 0.939 0.939 0.899 0.852 0.804 0.866 0.961 1.053 1.143 1.228 1.319 1.332 1.177 1.013 0.856 0.694 0.539 0.380 0.263 0.229 0.192 0.160 0.125 0.088 0.054 0.026 0.001 0.001 0.001 0.001 0.001 0.001 0.001 0.001 0.001 0.001 0.001 0.001 0.001 0.001 0.001 0.001 0.001 0.001 0.001 0.001 0.001 0.001 0.001 0.001 0.001 0.001 0.001 0.001 0.001 0.001 0.001 0.001 0.001 0.001
1.029 1.119 0.000 0.000 0.000 0.000 0.000 0.000 1.751 1.842 1.933 1.867 1.743 1.619 1.495 1.371 1.248 1.125 1.002 1.035 1.124 1.210 1.295 1.384 1.470 1.559 1.649 1.619 1.457 1.300 1.138 0.984 0.822 0.663 0.504 0.346 0.258 0.225 0.187 0.151 0.119 0.081 0.052 0.025 0.002 0.001 0.001 0.001 0.001 0.001 0.001 0.001 0.001 0.001 0.001 0.001 0.001 0.001 0.001 0.001 0.001 0.001 0.001 0.001 0.001 0.001 0.001 0.001 0.001 0.001 0.001 0.001 0.001 0.001 0.001 0.001 0.001
