数据/2hours/0.1-2h-200y/coupled-134-0001.wd
ncols         694
nrows         824
xllcorner     581104.939801
yllcorner     3495917.092414
cellsize      2.000000
NODATA_value  -9999.000000
[rows 442 to 475 of 824, columns 462 to 538 of 694]
0.000 0.135 0.130 0.125 0.120 0.114 0.110 0.105 0.100 0.097 0.092 0.085 0.076 0.067 0.057 0.047 0.038 0.028 0.019 0.010 0.000 0.000 0.000 0.000 0.000 0.000 0.000 0.000 0.000 0.000 0.000 0.000 0.000 0.000 0.000 0.000 0.000 0.000 0.000 0.000 0.000 0.000 0.000 0.000 0.000 0.000 0.037 0.087 0.116 0.145 0.172 0.201 0.217 0.239 0.000 0.000 0.000 0.000 0.000 0.000 0.000 0.002 0.004 0.008 0.013 0.018 0.023 0.000 0.000 0.000 0.000 0.000 0.000 0.000 0.000 0.000 0.000
0.000 0.000 0.000 0.000 0.126 0.122 0.117 0.112 0.108 0.103 0.094 0.086 0.077 0.068 0.058 0.049 0.039 0.030 0.020 0.011 0.000 0.000 0.000 0.000 0.000 0.000 0.000 0.000 0.000 0.000 0.000 0.000 0.000 0.000 0.000 0.000 0.000 0.000 0.000 0.000 0.000 0.000 0.000 0.000 0.000 0.000 0.047 0.093 0.120 0.151 0.169 0.183 0.203 0.223 0.000 0.000 0.000 0.000 0.000 0.000 0.000 0.002 0.004 0.008 0.014 0.019 0.022 0.037 0.000 0.000 0.000 0.000 0.000 0.000 0.000 0.000 0.000
0.000 0.000 0.000 0.000 0.000 0.000 0.000 0.119 0.113 0.104 0.095 0.087 0.078 0.069 0.059 0.050 0.040 0.031 0.022 0.013 0.001 0.000 0.000 0.000 0.000 0.000 0.000 0.000 0.000 0.000 0.000 0.000 0.000 0.000 0.000 0.000 0.000 0.000 0.000 0.000 0.000 0.000 0.000 0.000 0.000 0.013 0.059 0.102 0.127 0.139 0.152 0.168 0.186 0.196 0.000 0.000 0.000 0.000 0.000 0.000 0.000 0.002 0.004 0.009 0.016 0.021 0.022 0.000 0.000 0.000 0.000 0.000 0.000 0.000 0.000 0.000 0.000
0.163 0.000 0.000 0.000 0.000 0.000 0.000 0.000 0.000 0.106 0.097 0.088 0.079 0.070 0.060 0.050 0.041 0.033 0.023 0.014 0.002 0.000 0.000 0.000 0.000 0.000 0.000 0.000 0.000 0.000 0.000 0.000 0.000 0.000 0.000 0.000 0.000 0.000 0.000 0.000 0.000 0.000 0.000 0.000 0.003 0.042 0.084 0.104 0.111 0.122 0.135 0.141 0.152 0.171 0.000 0.000 0.000 0.000 0.000 0.000 0.002 0.002 0.005 0.010 0.018 0.024 0.018 0.000 0.000 0.000 0.000 0.000 0.000 0.000 0.000 0.000 0.000
0.170 0.166 0.162 0.158 0.000 0.000 0.000 0.000 0.000 0.108 0.098 0.089 0.080 0.070 0.061 0.052 0.042 0.034 0.025 0.015 0.004 0.000 0.000 0.000 0.000 0.000 0.000 0.000 0.000 0.000 0.000 0.000 0.000 0.000 0.000 0.000 0.000 0.000 0.000 0.000 0.000 0.000 0.000 0.000 0.023 0.065 0.102 0.111 0.117 0.127 0.133 0.146 0.153 0.158 0.000 0.000 0.000 0.000 0.000 0.000 0.001 0.002 0.006 0.012 0.020 0.030 0.000 0.000 0.000 0.000 0.000 0.000 0.000 0.000 0.000 0.000 0.000
0.177 0.173 0.169 0.165 0.158 0.149 0.140 0.000 0.119 0.110 0.100 0.090 0.081 0.071 0.061 0.053 0.044 0.035 0.026 0.017 0.006 0.000 0.000 0.000 0.000 0.000 0.000 0.000 0.000 0.000 0.000 0.000 0.000 0.000 0.000 0.000 0.000 0.000 0.000 0.000 0.000 0.000 0.000 0.005 0.042 0.085 0.112 0.119 0.127 0.136 0.144 0.156 0.168 0.163 0.000 0.000 0.000 0.000 0.000 0.000 0.002 0.005 0.010 0.018 0.026 0.037 0.000 0.000 0.000 0.000 0.000 0.000 0.000 0.000 0.000 0.000 0.000
0.185 0.181 0.176 0.168 0.159 0.151 0.142 0.131 0.121 0.112 0.102 0.092 0.082 0.072 0.062 0.054 0.045 0.037 0.028 0.000 0.000 0.000 0.000 0.000 0.000 0.000 0.000 0.000 0.000 0.000 0.000 0.000 0.000 0.000 0.000 0.000 0.000 0.000 0.000 0.000 0.000 0.000 0.000 0.020 0.059 0.103 0.119 0.127 0.137 0.147 0.159 0.168 0.176 0.000 0.000 0.000 0.000 0.000 0.000 0.002 0.004 0.008 0.015 0.023 0.032 0.044 0.000 0.000 0.000 0.000 0.000 0.000 0.000 0.000 0.000 0.000 0.000
0.193 0.186 0.178 0.170 0.161 0.152 0.143 0.133 0.123 0.113 0.103 0.093 0.083 0.073 0.063 0.054 0.046 0.038 0.029 0.000 0.000 0.000 0.000 0.000 0.000 0.000 0.000 0.000 0.000 0.000 0.000 0.000 0.000 0.000 0.000 0.000 0.000 0.000 0.000 0.000 0.000 0.000 0.002 0.037 0.079 0.112 0.123 0.133 0.144 0.155 0.167 0.176 0.188 0.000 0.000 0.000 0.000 0.000 0.000 0.002 0.005 0.011 0.017 0.026 0.035 0.047 0.000 0.000 0.000 0.000 0.000 0.000 0.000 0.000 0.000 0.000 0.000
0.000 0.000 0.179 0.172 0.162 0.154 0.144 0.134 0.125 0.114 0.104 0.094 0.084 0.074 0.065 0.056 0.048 0.039 0.030 0.020 0.008 0.000 0.000 0.000 0.000 0.000 0.000 0.000 0.000 0.000 0.000 0.000 0.000 0.000 0.000 0.000 0.000 0.000 0.000 0.000 0.000 0.000 0.014 0.055 0.100 0.120 0.131 0.138 0.152 0.163 0.175 0.181 0.192 0.000 0.000 0.000 0.000 0.000 0.000 0.003 0.007 0.013 0.019 0.027 0.036 0.048 0.061 0.075 0.000 0.000 0.000 0.000 0.000 0.000 0.173 0.187 0.200
0.000 0.000 0.000 0.000 0.000 0.000 0.145 0.136 0.126 0.115 0.105 0.094 0.085 0.075 0.066 0.057 0.049 0.040 0.031 0.021 0.008 0.000 0.000 0.000 0.000 0.000 0.000 0.000 0.000 0.000 0.000 0.000 0.000 0.000 0.000 0.000 0.000 0.000 0.000 0.000 0.000 0.001 0.033 0.069 0.112 0.124 0.138 0.147 0.158 0.171 0.180 0.192 0.000 0.000 0.000 0.000 0.000 0.000 0.000 0.005 0.009 0.015 0.021 0.028 0.037 0.049 0.000 0.073 0.088 0.102 0.116 0.000 0.000 0.157 0.170 0.185 0.198
0.000 0.000 0.000 0.000 0.000 0.000 0.000 0.000 0.000 0.116 0.106 0.096 0.086 0.076 0.067 0.058 0.050 0.042 0.032 0.021 0.009 0.000 0.000 0.000 0.000 0.000 0.000 0.000 0.000 0.000 0.000 0.000 0.000 0.000 0.000 0.000 0.000 0.000 0.000 0.000 0.000 0.009 0.044 0.090 0.121 0.135 0.144 0.155 0.166 0.179 0.186 0.203 0.000 0.000 0.000 0.000 0.000 0.000 0.003 0.006 0.011 0.017 0.024 0.031 0.038 0.048 0.000 0.000 0.000 0.099 0.112 0.126 0.140 0.154 0.168 0.182 0.000
0.000 0.000 0.000 0.000 0.000 0.000 0.000 0.000 0.000 0.000 0.000 0.000 0.000 0.078 0.068 0.060 0.052 0.043 0.033 0.022 0.009 0.000 0.000 0.000 0.000 0.000 0.000 0.000 0.000 0.000 0.000 0.000 0.000 0.000 0.000 0.000 0.000 0.000 0.000 0.000 0.000 0.023 0.065 0.119 0.130 0.142 0.149 0.158 0.171 0.180 0.195 0.205 0.000 0.000 0.000 0.000 0.000 0.000 0.003 0.008 0.014 0.022 0.028 0.035 0.040 0.000 0.000 0.000 0.083 0.097 0.000 0.000 0.138 0.152 0.166 0.180 0.194
0.000 0.000 0.000 0.000 0.000 0.000 0.000 0.000 0.000 0.000 0.000 0.000 0.000 0.000 0.000 0.000 0.054 0.045 0.039 0.033 0.020 0.012 0.007 0.005 0.002 0.000 0.000 0.000 0.000 0.000 0.000 0.000 0.000 0.000 0.000 0.000 0.000 0.000 0.000 0.000 0.004 0.034 0.085 0.121 0.135 0.144 0.150 0.165 0.175 0.180 0.198 0.208 0.000 0.000 0.000 0.000 0.000 0.000 0.005 0.011 0.019 0.027 0.034 0.042 0.000 0.000 0.000 0.000 0.000 0.000 0.000 0.000 0.135 0.149 0.164 0.178 0.193
0.000 0.000 0.000 0.000 0.000 0.000 0.000 0.000 0.000 0.000 0.000 0.000 0.000 0.000 0.000 0.000 0.000 0.000 0.000 0.000 0.040 0.037 0.032 0.025 0.014 0.009 0.007 0.005 0.004 0.004 0.003 0.003 0.002 0.002 0.001 0.000 0.000 0.000 0.000 0.000 0.017 0.057 0.107 0.121 0.137 0.148 0.153 0.168 0.178 0.187 0.199 0.000 0.000 0.000 0.000 0.000 0.000 0.004 0.008 0.016 0.024 0.033 0.040 0.044 0.000 0.000 0.000 0.000 0.000 0.000 0.000 0.000 0.132 0.147 0.000 0.000 0.000
0.000 0.000 0.000 0.000 0.000 0.000 0.000 0.000 0.000 0.000 0.000 0.000 0.000 0.000 0.000 0.000 0.000 0.000 0.000 0.000 0.000 0.000 0.000 0.000 0.022 0.019 0.019 0.012 0.007 0.005 0.004 0.004 0.003 0.003 0.003 0.002 0.001 0.000 0.000 0.001 0.026 0.073 0.120 0.131 0.144 0.153 0.163 0.173 0.185 0.196 0.201 0.000 0.000 0.000 0.000 0.000 0.000 0.006 0.014 0.021 0.029 0.037 0.048 0.000 0.000 0.000 0.000 0.000 0.000 0.000 0.000 0.000 0.000 0.000 0.000 0.000 0.187
0.000 0.000 0.000 0.000 0.000 0.000 0.000 0.000 0.000 0.000 0.000 0.000 0.000 0.000 0.000 0.000 0.000 0.000 0.000 0.000 0.000 0.000 0.000 0.000 0.000 0.000 0.000 0.008 0.006 0.004 0.003 0.003 0.003 0.003 0.003 0.002 0.001 0.000 0.000 0.010 0.046 0.091 0.124 0.140 0.155 0.160 0.170 0.179 0.188 0.198 0.207 0.000 0.000 0.000 0.000 0.000 0.000 0.010 0.016 0.023 0.031 0.040 0.051 0.066 0.000 0.000 0.000 0.000 0.000 0.000 0.000 0.000 0.000 0.000 0.000 0.000 0.000
0.001 0.001 0.001 0.000 0.000 0.000 0.000 0.000 0.000 0.000 0.000 0.000 0.000 0.000 0.000 0.000 0.000 0.000 0.000 0.000 0.000 0.000 0.000 0.000 0.000 0.000 0.000 0.006 0.005 0.004 0.003 0.003 0.003 0.003 0.002 0.001 0.000 0.000 0.001 0.021 0.072 0.121 0.131 0.140 0.154 0.158 0.172 0.183 0.188 0.204 0.000 0.000 0.000 0.000 0.000 0.000 0.000 0.010 0.016 0.024 0.033 0.041 0.050 0.000 0.043 0.060 0.073 0.000 0.000 0.000 0.000 0.000 0.000 0.000 0.000 0.000 0.182
0.008 0.005 0.002 0.001 0.001 0.001 0.000 0.000 0.000 0.000 0.000 0.000 0.000 0.000 0.000 0.000 0.000 0.000 0.000 0.000 0.000 0.000 0.000 0.000 0.000 0.000 0.000 0.004 0.004 0.004 0.003 0.002 0.002 0.002 0.001 0.000 0.000 0.000 0.005 0.046 0.086 0.124 0.128 0.143 0.154 0.162 0.175 0.189 0.191 0.209 0.000 0.000 0.000 0.000 0.000 0.000 0.007 0.011 0.017 0.024 0.034 0.045 0.000 0.000 0.000 0.000 0.069 0.081 0.000 0.000 0.000 0.000 0.000 0.000 0.000 0.000 0.180
0.026 0.020 0.014 0.011 0.007 0.003 0.002 0.001 0.001 0.001 0.000 0.000 0.000 0.000 0.000 0.000 0.000 0.000 0.000 0.000 0.000 0.000 0.000 0.000 0.000 0.000 0.000 0.003 0.004 0.004 0.003 0.002 0.001 0.001 0.000 0.000 0.000 0.001 0.023 0.066 0.103 0.117 0.127 0.138 0.150 0.164 0.170 0.192 0.202 0.207 0.000 0.000 0.000 0.000 0.000 0.000 0.006 0.011 0.017 0.025 0.033 0.043 0.055 0.066 0.000 0.000 0.066 0.077 0.085 0.095 0.107 0.119 0.000 0.000 0.000 0.164 0.177
0.060 0.050 0.038 0.032 0.026 0.020 0.014 0.008 0.004 0.002 0.001 0.001 0.001 0.000 0.000 0.000 0.000 0.000 0.000 0.000 0.000 0.000 0.000 0.000 0.000 0.000 0.000 0.003 0.003 0.003 0.003 0.002 0.001 0.000 0.000 0.000 0.000 0.004 0.037 0.072 0.115 0.120 0.135 0.148 0.156 0.161 0.177 0.186 0.202 0.209 0.000 0.000 0.000 0.000 0.000 0.000 0.007 0.013 0.019 0.027 0.035 0.044 0.053 0.060 0.062 0.064 0.066 0.074 0.082 0.092 0.103 0.115 0.127 0.000 0.000 0.161 0.175
0.100 0.090 0.076 0.067 0.057 0.049 0.038 0.029 0.019 0.012 0.007 0.004 0.002 0.001 0.001 0.001 0.001 0.000 0.000 0.000 0.000 0.000 0.000 0.000 0.000 0.000 0.000 0.002 0.003 0.003 0.003 0.002 0.001 0.000 0.000 0.000 0.001 0.016 0.050 0.093 0.119 0.131 0.143 0.149 0.158 0.168 0.185 0.190 0.198 0.000 0.000 0.000 0.000 0.000 0.000 0.000 0.011 0.019 0.026 0.033 0.041 0.049 0.056 0.057 0.059 0.061 0.065 0.070 0.079 0.088 0.099 0.111 0.122 0.134 0.147 0.160 0.173
0.144 0.133 0.120 0.108 0.098 0.088 0.075 0.053 0.045 0.038 0.027 0.021 0.014 0.012 0.008 0.004 0.002 0.001 0.001 0.001 0.000 0.000 0.000 0.000 0.000 0.000 0.000 0.002 0.002 0.003 0.002 0.001 0.000 0.000 0.000 0.000 0.003 0.030 0.068 0.112 0.131 0.135 0.146 0.152 0.154 0.182 0.194 0.199 0.203 0.000 0.000 0.000 0.000 0.000 0.000 0.013 0.021 0.029 0.036 0.043 0.049 0.057 0.064 0.000 0.000 0.000 0.000 0.067 0.076 0.084 0.095 0.106 0.119 0.131 0.144 0.158 0.000
0.159 0.162 0.163 0.152 0.141 0.130 0.117 0.102 0.087 0.077 0.064 0.053 0.041 0.035 0.028 0.026 0.016 0.010 0.007 0.004 0.002 0.001 0.001 0.001 0.000 0.000 0.000 0.001 0.002 0.002 0.001 0.000 0.000 0.001 0.002 0.008 0.025 0.047 0.093 0.123 0.134 0.137 0.157 0.164 0.176 0.181 0.198 0.207 0.209 0.000 0.000 0.000 0.000 0.000 0.000 0.026 0.035 0.041 0.047 0.052 0.058 0.065 0.067 0.000 0.000 0.000 0.057 0.067 0.000 0.079 0.092 0.104 0.116 0.129 0.142 0.155 0.000
0.152 0.155 0.156 0.157 0.159 0.162 0.159 0.145 0.131 0.119 0.105 0.093 0.081 0.071 0.063 0.055 0.048 0.038 0.028 0.022 0.019 0.012 0.006 0.003 0.002 0.001 0.001 0.001 0.001 0.001 0.001 0.001 0.006 0.020 0.040 0.058 0.073 0.094 0.112 0.135 0.139 0.152 0.156 0.158 0.175 0.189 0.198 0.218 0.000 0.000 0.000 0.000 0.000 0.000 0.000 0.035 0.041 0.046 0.052 0.058 0.065 0.075 0.000 0.000 0.000 0.000 0.000 0.000 0.000 0.075 0.000 0.000 0.112 0.126 0.140 0.000 0.000
0.145 0.146 0.146 0.148 0.151 0.154 0.155 0.155 0.154 0.155 0.148 0.135 0.123 0.112 0.103 0.095 0.086 0.077 0.066 0.056 0.048 0.043 0.038 0.028 0.019 0.013 0.007 0.004 0.004 0.006 0.013 0.034 0.052 0.072 0.095 0.114 0.134 0.143 0.148 0.151 0.147 0.154 0.167 0.176 0.182 0.191 0.206 0.213 0.000 0.000 0.000 0.000 0.000 0.000 0.034 0.038 0.041 0.048 0.054 0.061 0.068 0.080 0.000 0.000 0.000 0.000 0.000 0.000 0.000 0.000 0.000 0.000 0.000 0.122 0.137 0.000 0.000
0.136 0.136 0.137 0.139 0.143 0.145 0.147 0.147 0.146 0.146 0.148 0.148 0.150 0.153 0.146 0.136 0.126 0.115 0.104 0.093 0.084 0.078 0.074 0.067 0.057 0.049 0.040 0.030 0.040 0.052 0.065 0.084 0.108 0.123 0.137 0.154 0.164 0.171 0.184 0.185 0.175 0.174 0.171 0.177 0.182 0.194 0.209 0.218 0.000 0.000 0.000 0.000 0.000 0.000 0.026 0.033 0.040 0.047 0.056 0.063 0.068 0.080 0.000 0.000 0.000 0.000 0.000 0.000 0.000 0.000 0.000 0.000 0.000 0.119 0.132 0.143 0.000
0.126 0.127 0.129 0.132 0.135 0.137 0.139 0.139 0.138 0.138 0.138 0.139 0.142 0.145 0.149 0.151 0.154 0.156 0.146 0.137 0.130 0.123 0.114 0.107 0.100 0.089 0.076 0.057 0.080 0.093 0.115 0.133 0.146 0.161 0.178 0.184 0.192 0.204 0.209 0.211 0.210 0.205 0.202 0.197 0.190 0.188 0.218 0.000 0.000 0.000 0.000 0.000 0.000 0.000 0.023 0.031 0.040 0.048 0.058 0.069 0.000 0.000 0.000 0.000 0.000 0.000 0.000 0.000 0.000 0.000 0.000 0.000 0.000 0.118 0.129 0.135 0.131
0.116 0.118 0.121 0.124 0.127 0.129 0.130 0.130 0.129 0.129 0.129 0.130 0.132 0.135 0.138 0.142 0.145 0.149 0.154 0.161 0.167 0.167 0.160 0.152 0.144 0.139 0.130 0.121 0.126 0.141 0.164 0.177 0.184 0.193 0.203 0.204 0.216 0.229 0.230 0.244 0.245 0.242 0.239 0.225 0.215 0.221 0.213 0.000 0.000 0.000 0.000 0.000 0.000 0.000 0.026 0.033 0.040 0.049 0.058 0.068 0.000 0.123 0.000 0.000 0.000 0.000 0.000 0.000 0.000 0.000 0.000 0.000 0.107 0.119 0.131 0.000 0.000
0.107 0.110 0.115 0.117 0.117 0.119 0.120 0.121 0.120 0.119 0.118 0.119 0.122 0.126 0.129 0.133 0.136 0.142 0.148 0.153 0.157 0.165 0.174 0.177 0.183 0.179 0.172 0.170 0.169 0.187 0.200 0.209 0.211 0.221 0.220 0.231 0.244 0.249 0.257 0.267 0.270 0.272 0.270 0.260 0.258 0.257 0.242 0.000 0.000 0.000 0.000 0.000 0.000 0.027 0.031 0.035 0.041 0.048 0.058 0.000 0.000 0.112 0.128 0.144 0.000 0.000 0.000 0.000 0.000 0.000 0.000 0.000 0.106 0.118 0.129 0.000 0.000
0.098 0.102 0.104 0.105 0.108 0.109 0.110 0.111 0.110 0.108 0.107 0.109 0.112 0.116 0.121 0.125 0.128 0.133 0.140 0.146 0.147 0.152 0.163 0.167 0.173 0.180 0.190 0.197 0.211 0.214 0.225 0.229 0.232 0.241 0.249 0.243 0.265 0.268 0.280 0.284 0.292 0.306 0.294 0.297 0.290 0.287 0.000 0.000 0.000 0.000 0.000 0.000 0.000 0.030 0.036 0.039 0.043 0.048 0.056 0.069 0.000 0.099 0.117 0.000 0.000 0.118 0.000 0.000 0.000 0.000 0.000 0.096 0.106 0.118 0.000 0.000 0.000
0.092 0.093 0.096 0.098 0.097 0.097 0.100 0.100 0.097 0.096 0.097 0.100 0.103 0.108 0.112 0.115 0.117 0.120 0.126 0.131 0.135 0.143 0.150 0.157 0.166 0.174 0.197 0.226 0.235 0.239 0.250 0.253 0.258 0.269 0.272 0.285 0.293 0.305 0.304 0.317 0.326 0.329 0.329 0.326 0.323 0.313 0.000 0.000 0.000 0.000 0.000 0.000 0.000 0.041 0.046 0.047 0.048 0.051 0.056 0.065 0.075 0.089 0.104 0.000 0.092 0.109 0.118 0.128 0.141 0.000 0.000 0.000 0.106 0.118 0.000 0.000 0.000
0.082 0.085 0.087 0.088 0.089 0.092 0.092 0.089 0.086 0.086 0.088 0.092 0.095 0.098 0.100 0.103 0.102 0.105 0.112 0.118 0.126 0.136 0.141 0.152 0.181 0.210 0.237 0.263 0.267 0.261 0.269 0.271 0.282 0.292 0.302 0.310 0.317 0.316 0.332 0.338 0.349 0.359 0.359 0.359 0.346 0.339 0.311 0.300 0.295 0.000 0.000 0.000 0.000 0.070 0.059 0.059 0.057 0.053 0.056 0.062 0.068 0.077 0.089 0.091 0.093 0.104 0.116 0.128 0.140 0.000 0.000 0.000 0.106 0.114 0.124 0.000 0.000
0.070 0.075 0.079 0.082 0.083 0.083 0.080 0.078 0.078 0.078 0.080 0.082 0.083 0.085 0.087 0.089 0.089 0.093 0.101 0.108 0.115 0.134 0.160 0.193 0.221 0.253 0.279 0.299 0.301 0.299 0.296 0.291 0.304 0.312 0.326 0.337 0.347 0.350 0.355 0.363 0.374 0.380 0.394 0.394 0.000 0.000 0.328 0.324 0.314 0.286 0.268 0.258 0.000 0.121 0.103 0.085 0.067 0.062 0.059 0.062 0.068 0.073 0.080 0.085 0.089 0.098 0.110 0.123 0.136 0.000 0.000 0.105 0.116 0.000 0.117 0.130 0.000
0.056 0.062 0.066 0.067 0.068 0.069 0.067 0.066 0.065 0.067 0.069 0.072 0.073 0.074 0.075 0.076 0.079 0.083 0.087 0.110 0.141 0.169 0.201 0.231 0.258 0.290 0.317 0.331 0.329 0.330 0.330 0.325 0.335 0.336 0.351 0.366 0.376 0.378 0.382 0.388 0.391 0.405 0.407 0.000 0.000 0.000 0.000 0.000 0.000 0.302 0.291 0.272 0.218 0.172 0.145 0.121 0.102 0.083 0.066 0.063 0.067 0.071 0.075 0.080 0.086 0.095 0.105 0.116 0.125 0.129 0.000 0.106 0.119 0.000 0.000 0.126 0.000
