数据/2hours/0.1-2h-200y/coupled-141-0001.wd
ncols         694
nrows         824
xllcorner     581104.939801
yllcorner     3495917.092414
cellsize      2.000000
NODATA_value  -9999.000000
[rows 612 to 645 of 824, columns 77 to 153 of 694]
0.194 0.157 0.122 0.087 0.000 0.000 0.000 0.000 0.000 0.000 0.000 0.000 0.000 0.001 0.001 0.001 0.001 0.001 0.001 0.001 0.001 0.000 0.000 0.000 0.000 0.000 0.000 0.000 0.000 0.164 0.137 0.133 0.134 0.134 0.134 0.134 0.135 0.134 0.134 0.000 0.000 0.000 0.000 0.000 0.000 0.092 0.094 0.093 0.084 0.080 0.074 0.056 0.005 0.001 0.001 0.001 0.001 0.001 0.001 0.000 0.000 0.000 0.000 0.000 0.000 0.000 0.000 0.000 0.000 0.000 0.000 0.000 0.000 0.000 0.001 0.000 0.000
0.218 0.000 0.000 0.115 0.000 0.000 0.000 0.000 0.000 0.000 0.000 0.000 0.001 0.001 0.001 0.001 0.001 0.001 0.001 0.001 0.000 0.000 0.000 0.000 0.000 0.000 0.000 0.240 0.212 0.185 0.159 0.132 0.118 0.118 0.119 0.119 0.000 0.118 0.118 0.117 0.000 0.000 0.000 0.000 0.000 0.000 0.075 0.078 0.072 0.061 0.054 0.049 0.029 0.001 0.001 0.001 0.001 0.001 0.001 0.001 0.000 0.000 0.001 0.000 0.000 0.000 0.000 0.000 0.000 0.000 0.000 0.000 0.001 0.001 0.001 0.001 0.000
0.000 0.000 0.000 0.000 0.000 0.000 0.000 0.000 0.000 0.000 0.000 0.002 0.001 0.001 0.001 0.001 0.001 0.001 0.001 0.001 0.000 0.000 0.000 0.000 0.000 0.000 0.000 0.261 0.234 0.207 0.180 0.154 0.127 0.104 0.104 0.000 0.000 0.000 0.101 0.101 0.101 0.000 0.000 0.000 0.000 0.063 0.062 0.058 0.052 0.048 0.038 0.028 0.025 0.009 0.001 0.001 0.001 0.001 0.001 0.001 0.001 0.001 0.001 0.000 0.000 0.000 0.000 0.000 0.000 0.000 0.000 0.001 0.001 0.001 0.001 0.001 0.001
0.000 0.000 0.000 0.000 0.000 0.000 0.000 0.000 0.000 0.004 0.002 0.002 0.002 0.001 0.001 0.001 0.001 0.001 0.000 0.001 0.000 0.000 0.000 0.000 0.000 0.000 0.000 0.000 0.255 0.228 0.202 0.175 0.148 0.122 0.000 0.000 0.000 0.000 0.000 0.085 0.084 0.081 0.000 0.000 0.059 0.053 0.000 0.044 0.037 0.027 0.022 0.017 0.013 0.011 0.004 0.001 0.001 0.001 0.001 0.001 0.001 0.001 0.000 0.000 0.000 0.000 0.000 0.000 0.000 0.000 0.001 0.001 0.001 0.001 0.001 0.001 0.001
0.000 0.000 0.000 0.000 0.000 0.000 0.000 0.000 0.028 0.004 0.002 0.001 0.001 0.001 0.001 0.001 0.000 0.000 0.000 0.000 0.000 0.000 0.000 0.000 0.000 0.000 0.000 0.000 0.000 0.250 0.223 0.197 0.169 0.142 0.116 0.000 0.000 0.000 0.000 0.000 0.000 0.060 0.058 0.056 0.051 0.000 0.000 0.000 0.020 0.013 0.010 0.010 0.010 0.010 0.011 0.000 0.001 0.001 0.001 0.001 0.001 0.001 0.000 0.000 0.000 0.000 0.000 0.000 0.000 0.000 0.072 0.001 0.001 0.001 0.001 0.001 0.001
0.000 0.000 0.000 0.000 0.000 0.000 0.000 0.032 0.005 0.001 0.001 0.001 0.001 0.001 0.001 0.000 0.000 0.000 0.000 0.000 0.000 0.000 0.000 0.000 0.000 0.000 0.000 0.000 0.000 0.000 0.244 0.217 0.190 0.164 0.137 0.111 0.000 0.000 0.000 0.000 0.043 0.043 0.042 0.040 0.000 0.000 0.000 0.000 0.000 0.008 0.007 0.007 0.008 0.009 0.010 0.011 0.001 0.001 0.001 0.001 0.001 0.001 0.001 0.000 0.000 0.000 0.000 0.000 0.000 0.000 0.000 0.083 0.013 0.001 0.001 0.001 0.000
0.000 0.000 0.000 0.000 0.000 0.000 0.054 0.016 0.001 0.001 0.001 0.001 0.001 0.001 0.001 0.000 0.000 0.000 0.000 0.000 0.000 0.000 0.000 0.000 0.000 0.000 0.000 0.000 0.000 0.293 0.265 0.239 0.212 0.186 0.158 0.000 0.029 0.002 0.000 0.020 0.026 0.028 0.028 0.000 0.000 0.000 0.000 0.000 0.000 0.000 0.005 0.006 0.007 0.008 0.009 0.010 0.011 0.001 0.001 0.001 0.001 0.001 0.001 0.001 0.000 0.000 0.000 0.000 0.000 0.000 0.000 0.000 0.113 0.042 0.001 0.001 0.000
0.000 0.000 0.000 0.000 0.110 0.069 0.033 0.001 0.001 0.001 0.001 0.001 0.001 0.001 0.001 0.000 0.000 0.000 0.000 0.000 0.000 0.000 0.000 0.000 0.000 0.000 0.000 0.000 0.000 0.314 0.287 0.000 0.000 0.207 0.000 0.000 0.000 0.008 0.007 0.010 0.007 0.010 0.012 0.000 0.000 0.000 0.000 0.000 0.000 0.000 0.000 0.005 0.006 0.007 0.008 0.009 0.009 0.010 0.001 0.001 0.001 0.001 0.001 0.001 0.001 0.000 0.000 0.000 0.000 0.000 0.000 0.000 0.000 0.143 0.073 0.001 0.001
0.000 0.000 0.000 0.134 0.091 0.047 0.013 0.001 0.001 0.001 0.001 0.001 0.001 0.001 0.001 0.000 0.000 0.000 0.000 0.000 0.000 0.000 0.000 0.000 0.000 0.000 0.000 0.000 0.000 0.000 0.000 0.000 0.000 0.000 0.000 0.001 0.000 0.011 0.008 0.008 0.005 0.003 0.006 0.011 0.000 0.000 0.000 0.000 0.000 0.000 0.000 0.000 0.005 0.006 0.007 0.008 0.008 0.008 0.009 0.001 0.001 0.001 0.001 0.001 0.001 0.001 0.000 0.000 0.000 0.000 0.000 0.000 0.000 0.000 0.000 0.001 0.001
0.000 0.000 0.156 0.114 0.073 0.028 0.001 0.001 0.001 0.001 0.001 0.001 0.001 0.001 0.001 0.001 0.000 0.000 0.000 0.000 0.000 0.000 0.000 0.000 0.000 0.000 0.000 0.000 0.000 0.000 0.000 0.000 0.000 0.000 0.006 0.005 0.006 0.009 0.007 0.006 0.004 0.003 0.000 0.008 0.011 0.000 0.000 0.000 0.000 0.000 0.000 0.000 0.000 0.006 0.007 0.008 0.008 0.008 0.007 0.005 0.001 0.001 0.001 0.001 0.001 0.001 0.001 0.000 0.000 0.000 0.000 0.000 0.000 0.000 0.000 0.002 0.001
0.214 0.176 0.137 0.096 0.055 0.007 0.001 0.001 0.001 0.001 0.001 0.000 0.000 0.001 0.001 0.001 0.001 0.000 0.000 0.000 0.000 0.000 0.000 0.000 0.000 0.000 0.000 0.000 0.000 0.000 0.000 0.000 0.000 0.009 0.007 0.007 0.007 0.008 0.006 0.005 0.003 0.000 0.000 0.000 0.007 0.010 0.007 0.000 0.000 0.000 0.000 0.000 0.000 0.000 0.007 0.009 0.010 0.009 0.009 0.008 0.003 0.001 0.001 0.001 0.001 0.001 0.001 0.001 0.000 0.000 0.000 0.000 0.000 0.000 0.007 0.007 0.010
0.195 0.156 0.119 0.077 0.036 0.001 0.001 0.001 0.001 0.001 0.000 0.000 0.000 0.000 0.001 0.001 0.001 0.001 0.001 0.000 0.000 0.000 0.000 0.000 0.000 0.000 0.000 0.000 0.000 0.000 0.000 0.000 0.000 0.013 0.010 0.011 0.013 0.012 0.005 0.004 0.002 0.000 0.000 0.000 0.018 0.004 0.003 0.000 0.000 0.000 0.000 0.000 0.000 0.000 0.000 0.014 0.014 0.013 0.011 0.010 0.012 0.006 0.001 0.001 0.001 0.001 0.001 0.001 0.001 0.000 0.000 0.000 0.000 0.006 0.006 0.006 0.000
0.176 0.137 0.101 0.063 0.019 0.001 0.001 0.001 0.001 0.000 0.000 0.000 0.000 0.000 0.000 0.001 0.001 0.001 0.001 0.001 0.000 0.000 0.000 0.000 0.000 0.000 0.000 0.000 0.000 0.000 0.000 0.000 0.000 0.016 0.010 0.010 0.000 0.037 0.014 0.003 0.002 0.001 0.000 0.000 0.000 0.015 0.006 0.005 0.000 0.000 0.000 0.000 0.000 0.000 0.000 0.000 0.017 0.014 0.012 0.011 0.010 0.022 0.007 0.001 0.001 0.001 0.001 0.001 0.001 0.001 0.000 0.000 0.006 0.006 0.006 0.000 0.000
0.155 0.120 0.086 0.054 0.002 0.001 0.001 0.001 0.000 0.000 0.000 0.000 0.005 0.001 0.001 0.001 0.001 0.001 0.001 0.001 0.000 0.000 0.000 0.000 0.000 0.000 0.000 0.000 0.000 0.002 0.001 0.000 0.016 0.014 0.011 0.000 0.000 0.000 0.034 0.008 0.001 0.001 0.001 0.000 0.000 0.000 0.008 0.006 0.005 0.002 0.000 0.000 0.000 0.000 0.000 0.000 0.000 0.015 0.013 0.012 0.011 0.017 0.028 0.007 0.001 0.001 0.001 0.001 0.002 0.002 0.003 0.004 0.006 0.006 0.000 0.000 0.000
0.125 0.103 0.073 0.043 0.003 0.001 0.001 0.000 0.000 0.000 0.000 0.070 0.036 0.002 0.001 0.001 0.001 0.001 0.001 0.001 0.001 0.001 0.000 0.000 0.000 0.000 0.000 0.000 0.010 0.008 0.009 0.012 0.015 0.014 0.000 0.000 0.000 0.000 0.000 0.016 0.002 0.001 0.001 0.001 0.000 0.000 0.000 0.008 0.006 0.003 0.002 0.000 0.000 0.000 0.000 0.000 0.000 0.000 0.014 0.012 0.011 0.012 0.023 0.034 0.006 0.001 0.002 0.002 0.002 0.003 0.003 0.004 0.004 0.000 0.000 0.000 0.000
0.131 0.124 0.120 0.095 0.068 0.033 0.000 0.000 0.000 0.000 0.000 0.000 0.000 0.035 0.004 0.001 0.001 0.001 0.001 0.001 0.001 0.001 0.001 0.001 0.000 0.000 0.000 0.001 0.014 0.010 0.010 0.011 0.011 0.000 0.000 0.000 0.000 0.000 0.000 0.000 0.011 0.001 0.001 0.001 0.001 0.000 0.000 0.000 0.007 0.005 0.003 0.001 0.000 0.000 0.000 0.000 0.000 0.000 0.000 0.012 0.010 0.008 0.018 0.028 0.038 0.005 0.002 0.002 0.003 0.003 0.003 0.003 0.003 0.000 0.000 0.000 0.000
0.150 0.147 0.176 0.148 0.121 0.000 0.000 0.000 0.000 0.000 0.000 0.000 0.000 0.091 0.058 0.014 0.001 0.001 0.001 0.001 0.001 0.001 0.001 0.001 0.001 0.000 0.002 0.009 0.016 0.009 0.007 0.006 0.000 0.000 0.000 0.000 0.000 0.000 0.000 0.000 0.018 0.001 0.001 0.001 0.001 0.001 0.000 0.000 0.000 0.006 0.004 0.002 0.001 0.000 0.000 0.000 0.000 0.000 0.000 0.000 0.010 0.008 0.012 0.022 0.031 0.041 0.005 0.002 0.003 0.003 0.003 0.003 0.002 0.001 0.000 0.000 0.000
0.170 0.168 0.200 0.200 0.000 0.000 0.000 0.000 0.000 0.000 0.000 0.000 0.000 0.000 0.000 0.060 0.017 0.001 0.001 0.001 0.001 0.001 0.001 0.001 0.005 0.008 0.017 0.027 0.017 0.008 0.006 0.004 0.001 0.001 0.000 0.000 0.000 0.000 0.000 0.000 0.024 0.000 0.009 0.001 0.001 0.001 0.001 0.000 0.000 0.000 0.005 0.003 0.001 0.001 0.000 0.000 0.000 0.000 0.000 0.000 0.000 0.008 0.006 0.016 0.025 0.034 0.042 0.005 0.003 0.003 0.002 0.002 0.002 0.001 0.001 0.000 0.000
0.188 0.189 0.220 0.000 0.000 0.000 0.000 0.000 0.000 0.000 0.000 0.000 0.000 0.000 0.000 0.108 0.064 0.018 0.001 0.001 0.001 0.005 0.013 0.021 0.028 0.035 0.044 0.052 0.023 0.008 0.005 0.003 0.001 0.001 0.000 0.000 0.000 0.000 0.000 0.000 0.000 0.000 0.000 0.009 0.001 0.001 0.001 0.001 0.000 0.000 0.000 0.003 0.002 0.001 0.001 0.000 0.000 0.000 0.000 0.000 0.000 0.000 0.003 0.009 0.018 0.027 0.036 0.044 0.004 0.002 0.002 0.002 0.001 0.001 0.001 0.001 0.000
0.203 0.000 0.000 0.000 0.000 0.000 0.459 0.000 0.000 0.000 0.000 0.000 0.000 0.000 0.000 0.000 0.000 0.061 0.018 0.020 0.028 0.034 0.042 0.051 0.059 0.067 0.077 0.066 0.034 0.010 0.004 0.002 0.001 0.001 0.001 0.000 0.000 0.000 0.000 0.000 0.000 0.000 0.000 0.000 0.009 0.001 0.001 0.001 0.001 0.000 0.000 0.000 0.002 0.001 0.001 0.000 0.000 0.000 0.000 0.000 0.000 0.000 0.000 0.004 0.011 0.020 0.029 0.036 0.046 0.003 0.002 0.001 0.001 0.001 0.001 0.001 0.001
0.000 0.000 0.000 0.000 0.000 0.548 0.515 0.481 0.448 0.000 0.000 0.000 0.000 0.000 0.000 0.000 0.000 0.108 0.064 0.050 0.059 0.067 0.076 0.085 0.093 0.102 0.111 0.082 0.051 0.023 0.005 0.002 0.001 0.001 0.001 0.001 0.001 0.000 0.000 0.000 0.000 0.000 0.000 0.000 0.000 0.001 0.001 0.001 0.001 0.001 0.000 0.000 0.000 0.001 0.001 0.001 0.000 0.000 0.000 0.000 0.000 0.000 0.000 0.000 0.006 0.013 0.021 0.030 0.038 0.046 0.002 0.001 0.001 0.001 0.001 0.001 0.001
0.000 0.000 0.542 0.000 0.595 0.605 0.571 0.537 0.503 0.469 0.000 0.000 0.000 0.000 0.000 0.000 0.199 0.157 0.000 0.083 0.093 0.102 0.111 0.119 0.128 0.137 0.131 0.098 0.069 0.041 0.015 0.002 0.001 0.001 0.001 0.001 0.001 0.001 0.000 0.000 0.000 0.000 0.000 0.000 0.000 0.001 0.001 0.001 0.001 0.001 0.001 0.000 0.000 0.000 0.001 0.001 0.001 0.000 0.000 0.000 0.000 0.000 0.000 0.000 0.000 0.008 0.015 0.022 0.031 0.039 0.044 0.001 0.001 0.001 0.001 0.001 0.001
0.000 0.536 0.563 0.590 0.617 0.645 0.627 0.593 0.559 0.526 0.000 0.000 0.000 0.000 0.000 0.000 0.000 0.000 0.000 0.000 0.128 0.136 0.144 0.153 0.162 0.171 0.146 0.000 0.088 0.059 0.032 0.014 0.006 0.001 0.001 0.001 0.001 0.001 0.000 0.000 0.000 0.000 0.000 0.000 0.005 0.004 0.005 0.007 0.008 0.001 0.001 0.001 0.000 0.000 0.000 0.001 0.001 0.001 0.000 0.000 0.000 0.000 0.000 0.000 0.000 0.000 0.009 0.016 0.023 0.032 0.040 0.039 0.001 0.001 0.001 0.001 0.001
0.000 0.000 0.000 0.611 0.639 0.666 0.682 0.649 0.614 0.576 0.532 0.000 0.000 0.000 0.000 0.000 0.000 0.000 0.000 0.000 0.162 0.170 0.178 0.186 0.196 0.193 0.000 0.000 0.000 0.079 0.051 0.033 0.028 0.008 0.001 0.001 0.001 0.001 0.001 0.001 0.000 0.000 0.005 0.003 0.004 0.004 0.004 0.000 0.032 0.014 0.001 0.001 0.001 0.000 0.000 0.000 0.001 0.001 0.001 0.000 0.000 0.000 0.000 0.000 0.000 0.000 0.000 0.009 0.017 0.025 0.033 0.041 0.033 0.000 0.001 0.001 0.001
0.000 0.000 0.000 0.632 0.660 0.688 0.714 0.704 0.666 0.623 0.581 0.537 0.495 0.000 0.000 0.000 0.000 0.000 0.000 0.000 0.000 0.000 0.210 0.220 0.229 0.000 0.000 0.000 0.000 0.000 0.000 0.000 0.053 0.024 0.007 0.001 0.001 0.001 0.001 0.001 0.000 0.005 0.004 0.003 0.003 0.003 0.000 0.000 0.000 0.035 0.016 0.009 0.001 0.001 0.000 0.000 0.000 0.001 0.001 0.001 0.000 0.000 0.000 0.000 0.000 0.000 0.000 0.000 0.009 0.018 0.025 0.033 0.041 0.027 0.001 0.001 0.001
0.000 0.000 0.000 0.653 0.000 0.708 0.736 0.755 0.714 0.672 0.628 0.585 0.543 0.499 0.000 0.000 0.000 0.000 0.000 0.000 0.000 0.000 0.241 0.252 0.000 0.000 0.000 0.000 0.000 0.000 0.000 0.000 0.070 0.042 0.028 0.007 0.002 0.002 0.002 0.003 0.003 0.004 0.004 0.003 0.003 0.000 0.000 0.000 0.000 0.000 0.000 0.032 0.012 0.001 0.001 0.000 0.000 0.000 0.000 0.001 0.001 0.000 0.000 0.000 0.000 0.000 0.000 0.000 0.002 0.009 0.018 0.026 0.034 0.041 0.020 0.001 0.001
0.000 0.000 0.000 0.000 0.000 0.000 0.758 0.739 0.721 0.704 0.677 0.634 0.592 0.548 0.000 0.000 0.000 0.000 0.000 0.000 0.000 0.259 0.270 0.000 0.000 0.000 0.000 0.000 0.000 0.000 0.000 0.000 0.000 0.000 0.053 0.025 0.008 0.003 0.003 0.003 0.003 0.003 0.003 0.002 0.000 0.000 0.000 0.000 0.000 0.000 0.000 0.052 0.031 0.011 0.001 0.001 0.000 0.000 0.000 0.000 0.001 0.001 0.000 0.000 0.000 0.000 0.000 0.000 0.000 0.003 0.010 0.018 0.026 0.033 0.040 0.011 0.001
0.000 0.000 0.000 0.000 0.000 0.000 0.000 0.000 0.704 0.687 0.672 0.656 0.639 0.597 0.556 0.514 0.000 0.000 0.000 0.000 0.300 0.293 0.303 0.311 0.000 0.000 0.000 0.000 0.000 0.000 0.000 0.000 0.000 0.000 0.071 0.044 0.031 0.008 0.003 0.003 0.003 0.002 0.002 0.001 0.000 0.000 0.000 0.000 0.000 0.000 0.000 0.000 0.051 0.031 0.010 0.001 0.001 0.000 0.000 0.001 0.001 0.001 0.001 0.000 0.000 0.000 0.000 0.000 0.000 0.000 0.003 0.010 0.017 0.025 0.032 0.039 0.015
0.000 0.000 0.000 0.000 0.000 0.000 0.000 0.000 0.688 0.671 0.655 0.639 0.623 0.606 0.590 0.562 0.519 0.000 0.000 0.392 0.348 0.327 0.337 0.328 0.296 0.264 0.000 0.000 0.000 0.000 0.000 0.000 0.000 0.000 0.000 0.000 0.056 0.026 0.003 0.002 0.002 0.002 0.001 0.001 0.001 0.001 0.000 0.000 0.000 0.000 0.000 0.000 0.000 0.050 0.029 0.012 0.001 0.001 0.001 0.001 0.000 0.000 0.001 0.001 0.000 0.000 0.000 0.000 0.000 0.000 0.000 0.003 0.010 0.017 0.024 0.031 0.038
0.000 0.000 0.000 0.000 0.000 0.000 0.000 0.689 0.670 0.000 0.639 0.623 0.606 0.590 0.574 0.558 0.541 0.000 0.483 0.440 0.396 0.362 0.371 0.344 0.312 0.280 0.249 0.216 0.000 0.000 0.000 0.000 0.000 0.000 0.000 0.000 0.074 0.043 0.011 0.002 0.002 0.001 0.001 0.001 0.001 0.001 0.001 0.000 0.000 0.000 0.000 0.000 0.000 0.000 0.000 0.034 0.013 0.001 0.001 0.000 0.000 0.000 0.000 0.001 0.001 0.000 0.000 0.000 0.000 0.000 0.001 0.001 0.002 0.009 0.015 0.022 0.030
0.674 0.000 0.000 0.000 0.000 0.000 0.000 0.000 0.000 0.000 0.000 0.607 0.590 0.574 0.558 0.541 0.525 0.508 0.492 0.476 0.445 0.403 0.391 0.359 0.327 0.295 0.263 0.231 0.197 0.000 0.000 0.000 0.000 0.000 0.000 0.000 0.090 0.059 0.026 0.003 0.001 0.001 0.001 0.001 0.001 0.001 0.001 0.001 0.000 0.000 0.000 0.000 0.000 0.000 0.000 0.053 0.032 0.011 0.000 0.000 0.000 0.000 0.000 0.000 0.001 0.001 0.000 0.000 0.000 0.001 0.001 0.001 0.001 0.002 0.007 0.013 0.020
0.694 0.722 0.000 0.000 0.000 0.000 0.000 0.000 0.000 0.000 0.000 0.590 0.574 0.558 0.540 0.524 0.508 0.491 0.475 0.459 0.444 0.426 0.409 0.375 0.342 0.310 0.278 0.245 0.212 0.000 0.000 0.000 0.000 0.000 0.000 0.139 0.106 0.074 0.041 0.010 0.001 0.001 0.001 0.001 0.001 0.001 0.001 0.000 0.000 0.000 0.000 0.000 0.000 0.000 0.000 0.000 0.052 0.031 0.010 0.000 0.000 0.000 0.000 0.000 0.000 0.001 0.001 0.000 0.001 0.001 0.001 0.001 0.001 0.001 0.001 0.004 0.010
0.715 0.743 0.743 0.723 0.000 0.000 0.000 0.000 0.000 0.000 0.000 0.000 0.558 0.540 0.523 0.506 0.490 0.473 0.458 0.442 0.426 0.425 0.424 0.396 0.362 0.330 0.297 0.262 0.229 0.192 0.158 0.000 0.000 0.000 0.186 0.154 0.122 0.089 0.055 0.026 0.005 0.001 0.001 0.001 0.001 0.001 0.001 0.001 0.000 0.000 0.000 0.000 0.000 0.000 0.000 0.000 0.000 0.050 0.030 0.010 0.000 0.000 0.000 0.000 0.000 0.001 0.001 0.001 0.001 0.001 0.001 0.001 0.001 0.001 0.001 0.001 0.001
0.735 0.750 0.727 0.704 0.682 0.000 0.000 0.000 0.000 0.000 0.000 0.000 0.000 0.000 0.506 0.489 0.473 0.457 0.441 0.000 0.000 0.425 0.425 0.417 0.383 0.349 0.316 0.282 0.247 0.213 0.178 0.000 0.000 0.240 0.206 0.173 0.140 0.106 0.000 0.045 0.020 0.003 0.001 0.001 0.001 0.001 0.001 0.001 0.001 0.001 0.001 0.000 0.000 0.000 0.000 0.000 0.000 0.000 0.050 0.029 0.009 0.000 0.000 0.000 0.001 0.001 0.001 0.001 0.001 0.001 0.001 0.001 0.001 0.001 0.001 0.001 0.001
