数据/2hours/0.1-2h-200y/coupled-182-0001.wd
ncols         694
nrows         824
xllcorner     581104.939801
yllcorner     3495917.092414
cellsize      2.000000
NODATA_value  -9999.000000
[rows 714 to 747 of 824, columns 154 to 230 of 694]
0.000 0.000 0.000 0.000 0.000 0.000 0.002 0.003 0.004 0.005 0.006 0.007 0.008 0.008 0.009 0.009 0.009 0.009 0.009 0.007 0.000 0.001 0.066 0.061 0.046 0.032 0.027 0.024 0.019 0.017 0.014 0.011 0.000 0.000 0.000 0.000 0.000 0.000 0.000 0.000 0.000 0.000 0.006 0.056 0.080 0.091 0.101 0.112 0.122 0.000 0.000 0.000 0.000 0.000 0.000 0.000 0.000 0.000 0.217 0.230 0.239 0.238 0.218 0.194 0.205 0.117 0.037 0.001 0.001 0.001 0.000 0.000 0.000 0.000 0.000 0.000 0.000
0.000 0.000 0.000 0.000 0.000 0.002 0.003 0.004 0.005 0.006 0.007 0.008 0.009 0.009 0.010 0.010 0.010 0.011 0.011 0.011 0.010 0.009 0.000 0.085 0.079 0.068 0.049 0.044 0.036 0.033 0.028 0.022 0.023 0.019 0.000 0.000 0.000 0.000 0.000 0.000 0.000 0.001 0.041 0.098 0.142 0.152 0.164 0.174 0.185 0.000 0.000 0.000 0.000 0.000 0.000 0.000 0.000 0.000 0.281 0.277 0.257 0.229 0.208 0.199 0.207 0.167 0.080 0.001 0.001 0.001 0.000 0.000 0.000 0.000 0.000 0.000 0.000
0.000 0.000 0.000 0.000 0.001 0.003 0.004 0.005 0.006 0.007 0.008 0.009 0.009 0.010 0.010 0.011 0.011 0.012 0.013 0.013 0.014 0.014 0.013 0.001 0.001 0.109 0.093 0.075 0.055 0.050 0.046 0.040 0.040 0.034 0.032 0.000 0.000 0.000 0.000 0.000 0.001 0.028 0.086 0.139 0.196 0.215 0.226 0.237 0.248 0.000 0.000 0.000 0.000 0.000 0.000 0.000 0.000 0.312 0.291 0.266 0.245 0.222 0.196 0.202 0.209 0.204 0.121 0.041 0.001 0.000 0.000 0.000 0.000 0.000 0.000 0.000 0.000
0.000 0.000 0.000 0.000 0.002 0.004 0.005 0.006 0.007 0.008 0.009 0.009 0.010 0.010 0.011 0.012 0.012 0.013 0.014 0.015 0.016 0.017 0.019 0.021 0.024 0.001 0.131 0.112 0.088 0.068 0.065 0.060 0.059 0.051 0.047 0.041 0.039 0.000 0.000 0.000 0.016 0.072 0.127 0.183 0.238 0.279 0.290 0.300 0.000 0.000 0.000 0.000 0.000 0.000 0.000 0.000 0.000 0.304 0.283 0.258 0.234 0.211 0.196 0.204 0.215 0.226 0.170 0.086 0.003 0.000 0.000 0.000 0.000 0.000 0.000 0.000 0.000
0.000 0.000 0.000 0.001 0.003 0.005 0.006 0.007 0.008 0.008 0.009 0.010 0.010 0.011 0.012 0.012 0.013 0.014 0.015 0.016 0.018 0.020 0.023 0.028 0.037 0.055 0.001 0.139 0.119 0.095 0.084 0.082 0.079 0.072 0.070 0.066 0.060 0.056 0.000 0.030 0.057 0.113 0.168 0.225 0.282 0.338 0.352 0.362 0.000 0.000 0.000 0.000 0.000 0.000 0.000 0.000 0.000 0.298 0.274 0.249 0.227 0.200 0.199 0.208 0.218 0.231 0.215 0.129 0.000 0.000 0.000 0.000 0.000 0.000 0.000 0.000 0.000
0.000 0.000 0.000 0.001 0.003 0.005 0.006 0.007 0.008 0.009 0.009 0.010 0.011 0.011 0.012 0.013 0.014 0.015 0.016 0.017 0.019 0.021 0.023 0.027 0.032 0.038 0.025 0.001 0.000 0.111 0.105 0.100 0.097 0.092 0.090 0.088 0.083 0.079 0.073 0.059 0.100 0.155 0.211 0.267 0.324 0.379 0.415 0.426 0.000 0.000 0.000 0.000 0.000 0.000 0.000 0.000 0.000 0.288 0.264 0.239 0.213 0.194 0.202 0.211 0.222 0.233 0.242 0.172 0.000 0.000 0.000 0.000 0.000 0.000 0.000 0.000 0.000
0.000 0.000 0.000 0.001 0.003 0.005 0.006 0.007 0.008 0.009 0.010 0.010 0.011 0.012 0.012 0.013 0.014 0.015 0.016 0.017 0.019 0.021 0.023 0.025 0.027 0.029 0.023 0.016 0.011 0.000 0.123 0.120 0.117 0.109 0.108 0.105 0.102 0.101 0.099 0.000 0.000 0.198 0.253 0.310 0.366 0.422 0.477 0.488 0.497 0.474 0.000 0.000 0.000 0.000 0.000 0.000 0.302 0.278 0.251 0.229 0.204 0.194 0.206 0.215 0.227 0.237 0.246 0.218 0.000 0.000 0.000 0.000 0.000 0.000 0.000 0.000 0.000
0.000 0.000 0.000 0.001 0.003 0.005 0.006 0.007 0.008 0.009 0.010 0.010 0.011 0.012 0.012 0.013 0.014 0.015 0.016 0.017 0.018 0.020 0.021 0.023 0.024 0.024 0.021 0.017 0.014 0.010 0.000 0.140 0.136 0.127 0.126 0.125 0.123 0.120 0.000 0.000 0.000 0.000 0.296 0.352 0.408 0.464 0.518 0.514 0.489 0.466 0.441 0.416 0.000 0.000 0.000 0.000 0.290 0.266 0.239 0.216 0.194 0.199 0.207 0.215 0.227 0.239 0.247 0.000 0.000 0.000 0.000 0.000 0.000 0.000 0.000 0.000 0.000
0.000 0.000 0.000 0.001 0.003 0.005 0.006 0.007 0.008 0.009 0.010 0.010 0.011 0.012 0.012 0.013 0.014 0.015 0.016 0.017 0.018 0.019 0.020 0.021 0.021 0.021 0.019 0.017 0.015 0.012 0.008 0.000 0.000 0.146 0.147 0.146 0.144 0.000 0.000 0.000 0.000 0.000 0.000 0.394 0.450 0.473 0.495 0.000 0.000 0.455 0.429 0.404 0.380 0.355 0.000 0.000 0.278 0.254 0.226 0.206 0.185 0.199 0.212 0.219 0.229 0.242 0.248 0.000 0.000 0.000 0.000 0.000 0.000 0.000 0.000 0.000 0.000
0.000 0.000 0.000 0.001 0.003 0.005 0.006 0.007 0.008 0.009 0.010 0.010 0.011 0.012 0.012 0.013 0.014 0.015 0.015 0.016 0.017 0.018 0.019 0.019 0.019 0.019 0.018 0.016 0.014 0.013 0.010 0.008 0.006 0.001 0.172 0.168 0.000 0.000 0.000 0.000 0.000 0.000 0.000 0.408 0.429 0.450 0.471 0.000 0.000 0.000 0.000 0.396 0.370 0.344 0.319 0.292 0.266 0.241 0.213 0.196 0.188 0.198 0.211 0.221 0.230 0.241 0.250 0.000 0.000 0.000 0.000 0.000 0.000 0.000 0.000 0.000 0.000
0.000 0.000 0.000 0.001 0.003 0.005 0.006 0.007 0.008 0.009 0.010 0.010 0.011 0.012 0.012 0.013 0.014 0.014 0.015 0.016 0.016 0.017 0.018 0.018 0.018 0.017 0.017 0.015 0.014 0.013 0.011 0.009 0.008 0.005 0.000 0.188 0.179 0.000 0.000 0.000 0.000 0.000 0.000 0.383 0.404 0.427 0.448 0.462 0.000 0.000 0.000 0.000 0.000 0.332 0.308 0.285 0.256 0.232 0.193 0.182 0.188 0.201 0.217 0.224 0.232 0.244 0.000 0.000 0.000 0.000 0.000 0.000 0.000 0.000 0.000 0.000 0.000
0.000 0.000 0.000 0.001 0.003 0.005 0.006 0.007 0.008 0.009 0.010 0.010 0.011 0.011 0.012 0.013 0.013 0.014 0.014 0.015 0.016 0.016 0.016 0.017 0.017 0.016 0.016 0.015 0.014 0.012 0.011 0.010 0.009 0.007 0.005 0.000 0.197 0.195 0.000 0.000 0.000 0.000 0.000 0.000 0.378 0.000 0.000 0.441 0.429 0.000 0.000 0.000 0.000 0.000 0.000 0.277 0.249 0.222 0.197 0.181 0.190 0.203 0.214 0.224 0.233 0.244 0.000 0.000 0.000 0.000 0.000 0.000 0.000 0.000 0.000 0.000 0.000
0.000 0.000 0.000 0.001 0.003 0.005 0.006 0.007 0.008 0.009 0.009 0.010 0.011 0.011 0.012 0.012 0.013 0.013 0.014 0.014 0.015 0.015 0.016 0.016 0.016 0.015 0.015 0.014 0.013 0.012 0.011 0.010 0.009 0.008 0.006 0.004 0.001 0.216 0.236 0.000 0.000 0.000 0.000 0.000 0.000 0.000 0.000 0.000 0.408 0.000 0.000 0.000 0.000 0.000 0.293 0.268 0.242 0.219 0.190 0.190 0.196 0.203 0.215 0.226 0.233 0.245 0.000 0.000 0.000 0.000 0.000 0.000 0.000 0.000 0.000 0.000 0.000
0.000 0.000 0.000 0.001 0.003 0.005 0.006 0.007 0.008 0.008 0.009 0.010 0.010 0.011 0.011 0.012 0.012 0.013 0.013 0.014 0.014 0.014 0.015 0.015 0.015 0.014 0.014 0.013 0.013 0.012 0.011 0.010 0.009 0.008 0.007 0.006 0.004 0.000 0.210 0.222 0.000 0.000 0.000 0.000 0.000 0.000 0.000 0.000 0.388 0.000 0.000 0.000 0.000 0.000 0.282 0.259 0.234 0.211 0.185 0.193 0.199 0.205 0.219 0.229 0.237 0.000 0.000 0.000 0.000 0.000 0.000 0.000 0.000 0.000 0.000 0.000 0.000
0.000 0.000 0.000 0.001 0.003 0.005 0.006 0.007 0.007 0.008 0.009 0.009 0.010 0.011 0.011 0.012 0.012 0.012 0.013 0.013 0.014 0.014 0.014 0.014 0.014 0.014 0.013 0.013 0.012 0.011 0.011 0.010 0.009 0.008 0.007 0.006 0.005 0.003 0.001 0.189 0.201 0.000 0.000 0.000 0.000 0.000 0.000 0.375 0.369 0.000 0.000 0.000 0.000 0.284 0.266 0.246 0.224 0.200 0.186 0.197 0.207 0.215 0.224 0.231 0.240 0.256 0.268 0.000 0.000 0.000 0.000 0.000 0.000 0.000 0.000 0.000 0.000
0.000 0.000 0.000 0.000 0.002 0.004 0.005 0.006 0.007 0.008 0.008 0.009 0.010 0.010 0.011 0.011 0.012 0.012 0.012 0.013 0.013 0.013 0.013 0.013 0.013 0.013 0.013 0.012 0.011 0.011 0.010 0.009 0.009 0.008 0.007 0.006 0.005 0.003 0.001 0.000 0.172 0.196 0.000 0.000 0.000 0.000 0.000 0.000 0.000 0.000 0.000 0.000 0.000 0.261 0.253 0.232 0.213 0.189 0.187 0.198 0.209 0.220 0.226 0.232 0.243 0.257 0.272 0.286 0.295 0.000 0.000 0.000 0.000 0.000 0.000 0.000 0.060
0.000 0.000 0.000 0.000 0.001 0.003 0.004 0.005 0.006 0.007 0.008 0.009 0.009 0.010 0.010 0.011 0.011 0.011 0.012 0.012 0.012 0.012 0.013 0.013 0.012 0.012 0.012 0.011 0.011 0.010 0.010 0.009 0.008 0.008 0.007 0.006 0.005 0.003 0.001 0.000 0.000 0.181 0.207 0.225 0.000 0.000 0.000 0.000 0.000 0.000 0.000 0.000 0.245 0.240 0.230 0.220 0.204 0.185 0.186 0.194 0.208 0.222 0.230 0.235 0.245 0.259 0.276 0.293 0.307 0.322 0.332 0.000 0.000 0.000 0.000 0.000 0.000
0.000 0.000 0.000 0.000 0.000 0.002 0.003 0.004 0.005 0.006 0.007 0.008 0.009 0.009 0.010 0.010 0.011 0.011 0.011 0.011 0.012 0.012 0.012 0.012 0.012 0.012 0.011 0.011 0.010 0.010 0.009 0.009 0.008 0.007 0.007 0.006 0.005 0.003 0.001 0.000 0.000 0.000 0.182 0.193 0.203 0.000 0.000 0.000 0.000 0.000 0.000 0.000 0.227 0.216 0.206 0.200 0.189 0.190 0.191 0.195 0.206 0.222 0.234 0.238 0.249 0.263 0.276 0.293 0.311 0.326 0.339 0.353 0.306 0.000 0.000 0.000 0.000
0.000 0.000 0.000 0.000 0.000 0.000 0.002 0.003 0.004 0.005 0.006 0.007 0.008 0.009 0.009 0.010 0.010 0.010 0.011 0.011 0.011 0.011 0.011 0.011 0.011 0.011 0.011 0.010 0.010 0.009 0.009 0.008 0.008 0.007 0.006 0.005 0.004 0.002 0.000 0.000 0.000 0.000 0.000 0.158 0.173 0.194 0.000 0.000 0.000 0.000 0.000 0.227 0.213 0.195 0.188 0.177 0.178 0.181 0.188 0.192 0.201 0.218 0.232 0.242 0.253 0.000 0.000 0.000 0.315 0.328 0.344 0.358 0.354 0.272 0.208 0.000 0.000
0.000 0.000 0.000 0.000 0.000 0.000 0.000 0.002 0.003 0.004 0.005 0.006 0.007 0.008 0.009 0.009 0.009 0.010 0.010 0.010 0.010 0.011 0.011 0.011 0.010 0.010 0.010 0.010 0.009 0.009 0.008 0.008 0.007 0.006 0.005 0.004 0.003 0.001 0.000 0.000 0.000 0.000 0.000 0.000 0.152 0.179 0.199 0.000 0.000 0.000 0.000 0.206 0.187 0.177 0.169 0.173 0.177 0.178 0.186 0.191 0.200 0.215 0.231 0.242 0.251 0.000 0.000 0.000 0.000 0.000 0.353 0.365 0.376 0.319 0.282 0.247 0.000
0.000 0.000 0.000 0.000 0.000 0.000 0.000 0.000 0.002 0.003 0.004 0.005 0.006 0.007 0.008 0.008 0.009 0.009 0.009 0.010 0.010 0.010 0.010 0.010 0.010 0.010 0.009 0.009 0.009 0.008 0.008 0.007 0.006 0.005 0.004 0.003 0.002 0.000 0.000 0.000 0.000 0.000 0.000 0.000 0.136 0.161 0.179 0.203 0.000 0.203 0.192 0.181 0.166 0.168 0.165 0.170 0.173 0.175 0.184 0.190 0.198 0.211 0.228 0.237 0.000 0.000 0.000 0.000 0.000 0.000 0.000 0.368 0.381 0.392 0.357 0.322 0.000
0.000 0.000 0.000 0.000 0.000 0.000 0.000 0.000 0.000 0.002 0.003 0.004 0.005 0.006 0.007 0.008 0.008 0.008 0.009 0.009 0.009 0.009 0.009 0.009 0.009 0.009 0.009 0.008 0.008 0.008 0.007 0.006 0.005 0.004 0.003 0.002 0.000 0.000 0.000 0.000 0.000 0.000 0.000 0.000 0.000 0.146 0.157 0.175 0.192 0.187 0.178 0.168 0.171 0.167 0.163 0.166 0.165 0.169 0.178 0.187 0.196 0.206 0.227 0.000 0.000 0.000 0.000 0.000 0.000 0.000 0.000 0.000 0.000 0.402 0.400 0.398 0.367
0.000 0.000 0.000 0.000 0.000 0.000 0.000 0.000 0.000 0.000 0.002 0.003 0.004 0.005 0.006 0.007 0.007 0.008 0.008 0.008 0.008 0.008 0.008 0.008 0.008 0.008 0.008 0.008 0.007 0.007 0.006 0.005 0.004 0.003 0.002 0.000 0.000 0.000 0.000 0.000 0.000 0.000 0.000 0.000 0.000 0.000 0.123 0.147 0.167 0.167 0.169 0.167 0.169 0.162 0.163 0.158 0.162 0.165 0.177 0.186 0.197 0.205 0.222 0.000 0.000 0.000 0.000 0.000 0.000 0.000 0.000 0.000 0.000 0.000 0.000 0.413 0.413
0.000 0.000 0.000 0.000 0.000 0.000 0.000 0.000 0.000 0.000 0.000 0.002 0.003 0.004 0.005 0.006 0.007 0.007 0.007 0.007 0.007 0.007 0.007 0.007 0.007 0.007 0.007 0.007 0.006 0.006 0.005 0.004 0.003 0.002 0.000 0.000 0.000 0.000 0.000 0.000 0.000 0.000 0.000 0.000 0.000 0.000 0.000 0.126 0.142 0.162 0.162 0.165 0.161 0.161 0.158 0.154 0.158 0.164 0.177 0.189 0.192 0.199 0.000 0.000 0.000 0.000 0.000 0.000 0.000 0.000 0.000 0.000 0.000 0.000 0.000 0.000 0.000
0.000 0.000 0.000 0.000 0.000 0.000 0.000 0.000 0.000 0.000 0.000 0.000 0.002 0.003 0.004 0.005 0.006 0.006 0.006 0.006 0.006 0.006 0.006 0.006 0.006 0.006 0.006 0.006 0.005 0.005 0.004 0.003 0.002 0.000 0.000 0.000 0.000 0.000 0.000 0.000 0.000 0.000 0.000 0.000 0.000 0.000 0.000 0.000 0.115 0.137 0.159 0.158 0.158 0.158 0.157 0.154 0.156 0.161 0.168 0.183 0.187 0.194 0.000 0.000 0.000 0.000 0.000 0.000 0.000 0.000 0.000 0.000 0.000 0.000 0.000 0.000 0.000
0.000 0.000 0.000 0.000 0.000 0.000 0.000 0.000 0.000 0.000 0.000 0.000 0.000 0.002 0.003 0.004 0.005 0.005 0.005 0.005 0.005 0.005 0.005 0.005 0.005 0.005 0.005 0.005 0.004 0.004 0.003 0.002 0.000 0.000 0.000 0.000 0.000 0.000 0.000 0.000 0.000 0.000 0.000 0.000 0.000 0.000 0.000 0.000 0.000 0.087 0.134 0.148 0.152 0.149 0.158 0.154 0.158 0.160 0.163 0.173 0.182 0.000 0.000 0.000 0.000 0.000 0.000 0.000 0.000 0.000 0.000 0.000 0.000 0.000 0.000 0.000 0.000
0.000 0.000 0.000 0.000 0.000 0.000 0.000 0.000 0.000 0.000 0.000 0.000 0.000 0.000 0.001 0.002 0.003 0.003 0.003 0.003 0.003 0.003 0.003 0.003 0.003 0.003 0.003 0.003 0.003 0.002 0.001 0.000 0.000 0.000 0.000 0.000 0.000 0.000 0.000 0.000 0.000 0.000 0.000 0.000 0.000 0.000 0.000 0.000 0.000 0.000 0.114 0.132 0.148 0.149 0.155 0.153 0.153 0.156 0.154 0.161 0.173 0.000 0.000 0.000 0.000 0.000 0.000 0.000 0.000 0.000 0.000 0.000 0.000 0.000 0.000 0.000 0.000
0.000 0.000 0.000 0.000 0.000 0.000 0.000 0.000 0.000 0.000 0.000 0.000 0.000 0.000 0.000 0.000 0.001 0.001 0.001 0.001 0.001 0.001 0.001 0.001 0.001 0.001 0.001 0.001 0.001 0.000 0.000 0.000 0.000 0.000 0.000 0.000 0.000 0.000 0.000 0.000 0.000 0.000 0.000 0.000 0.000 0.000 0.000 0.000 0.000 0.000 0.089 0.112 0.136 0.149 0.150 0.150 0.144 0.144 0.146 0.150 0.000 0.000 0.000 0.000 0.000 0.000 0.000 0.000 0.000 0.000 0.000 0.000 0.000 0.000 0.000 0.000 0.000
0.000 0.000 0.000 0.000 0.000 0.000 0.000 0.000 0.000 0.000 0.000 0.000 0.000 0.000 0.000 0.000 0.000 0.000 0.000 0.000 0.000 0.000 0.000 0.000 0.000 0.000 0.000 0.000 0.000 0.000 0.000 0.000 0.000 0.000 0.000 0.000 0.000 0.000 0.000 0.000 0.000 0.000 0.000 0.000 0.000 0.000 0.000 0.000 0.000 0.000 0.000 0.096 0.116 0.134 0.144 0.139 0.128 0.134 0.144 0.000 0.000 0.000 0.000 0.000 0.000 0.000 0.000 0.000 0.000 0.000 0.000 0.000 0.000 0.000 0.000 0.000 0.000
0.000 0.000 0.000 0.000 0.000 0.000 0.000 0.000 0.000 0.000 0.000 0.000 0.000 0.000 0.000 0.000 0.000 0.000 0.000 0.000 0.000 0.000 0.000 0.000 0.000 0.000 0.000 0.000 0.000 0.000 0.000 0.000 0.000 0.000 0.000 0.000 0.000 0.000 0.000 0.000 0.000 0.000 0.000 0.000 0.000 0.000 0.000 0.000 0.000 0.000 0.000 0.060 0.084 0.109 0.128 0.134 0.134 0.133 0.125 0.123 0.000 0.000 0.000 0.000 0.000 0.000 0.000 0.000 0.000 0.000 0.000 0.000 0.000 0.000 0.000 0.000 0.000
0.000 0.000 0.000 0.000 0.000 0.000 0.000 0.000 0.000 0.000 0.000 0.000 0.000 0.000 0.000 0.000 0.000 0.000 0.000 0.000 0.000 0.000 0.000 0.000 0.000 0.000 0.000 0.000 0.000 0.000 0.000 0.000 0.000 0.000 0.000 0.000 0.000 0.000 0.000 0.000 0.000 0.000 0.000 0.000 0.000 0.000 0.000 0.000 0.000 0.000 0.000 0.056 0.077 0.094 0.107 0.119 0.132 0.129 0.122 0.116 0.128 0.000 0.000 0.000 0.000 0.000 0.000 0.000 0.000 0.000 0.000 0.000 0.000 0.000 0.000 0.000 0.000
0.000 0.000 0.000 0.000 0.000 0.000 0.000 0.000 0.000 0.000 0.000 0.000 0.000 0.000 0.000 0.000 0.000 0.000 0.000 0.000 0.000 0.000 0.000 0.000 0.000 0.000 0.000 0.000 0.000 0.000 0.000 0.000 0.000 0.000 0.000 0.000 0.000 0.000 0.000 0.000 0.000 0.000 0.000 0.000 0.000 0.000 0.000 0.000 0.000 0.000 0.000 0.022 0.041 0.060 0.083 0.103 0.111 0.120 0.115 0.110 0.114 0.101 0.096 0.000 0.000 0.000 0.000 0.000 0.000 0.000 0.000 0.000 0.000 0.000 0.000 0.000 0.000
0.000 0.000 0.000 0.000 0.000 0.000 0.000 0.000 0.000 0.000 0.000 0.000 0.000 0.000 0.000 0.000 0.000 0.000 0.000 0.000 0.000 0.000 0.000 0.000 0.000 0.000 0.000 0.000 0.000 0.000 0.000 0.000 0.000 0.000 0.000 0.000 0.000 0.000 0.000 0.000 0.000 0.000 0.000 0.000 0.000 0.000 0.000 0.000 0.000 0.000 0.000 0.000 0.026 0.040 0.056 0.073 0.092 0.103 0.109 0.104 0.098 0.085 0.090 0.097 0.000 0.000 0.000 0.000 0.000 0.000 0.000 0.000 0.000 0.000 0.000 0.000 0.000
0.000 0.000 0.000 0.000 0.000 0.000 0.000 0.000 0.000 0.000 0.000 0.000 0.000 0.000 0.000 0.000 0.000 0.000 0.000 0.000 0.000 0.000 0.000 0.000 0.000 0.000 0.000 0.000 0.000 0.000 0.000 0.000 0.000 0.000 0.000 0.000 0.000 0.000 0.000 0.000 0.000 0.000 0.000 0.000 0.000 0.000 0.000 0.000 0.000 0.000 0.000 0.000 0.003 0.021 0.033 0.047 0.062 0.077 0.096 0.094 0.080 0.084 0.087 0.091 0.104 0.000 0.000 0.000 0.000 0.000 0.000 0.000 0.000 0.000 0.000 0.000 0.000
