数据/2hours/0.1-2h-200y/coupled-137-0001.wd
ncols         694
nrows         824
xllcorner     581104.939801
yllcorner     3495917.092414
cellsize      2.000000
NODATA_value  -9999.000000
[rows 442 to 475 of 824, columns 462 to 538 of 694]
0.000 0.143 0.139 0.134 0.129 0.124 0.118 0.114 0.110 0.105 0.100 0.093 0.084 0.076 0.066 0.057 0.047 0.037 0.028 0.019 0.011 0.000 0.000 0.000 0.000 0.000 0.000 0.000 0.000 0.000 0.000 0.000 0.000 0.000 0.000 0.000 0.000 0.000 0.000 0.000 0.000 0.000 0.000 0.000 0.000 0.000 0.026 0.072 0.101 0.129 0.155 0.185 0.205 0.224 0.000 0.000 0.000 0.000 0.000 0.000 0.000 0.002 0.004 0.008 0.014 0.019 0.024 0.000 0.000 0.000 0.000 0.000 0.000 0.000 0.000 0.000 0.000
0.000 0.000 0.000 0.000 0.136 0.131 0.126 0.121 0.116 0.112 0.104 0.095 0.086 0.077 0.068 0.058 0.049 0.039 0.030 0.020 0.012 0.000 0.000 0.000 0.000 0.000 0.000 0.000 0.000 0.000 0.000 0.000 0.000 0.000 0.000 0.000 0.000 0.000 0.000 0.000 0.000 0.000 0.000 0.000 0.000 0.000 0.036 0.078 0.108 0.131 0.154 0.170 0.188 0.207 0.000 0.000 0.000 0.000 0.000 0.000 0.000 0.002 0.004 0.009 0.015 0.020 0.024 0.039 0.000 0.000 0.000 0.000 0.000 0.000 0.000 0.000 0.000
0.000 0.000 0.000 0.000 0.000 0.000 0.000 0.128 0.122 0.112 0.104 0.096 0.087 0.078 0.069 0.059 0.050 0.041 0.032 0.022 0.013 0.001 0.000 0.000 0.000 0.000 0.000 0.000 0.000 0.000 0.000 0.000 0.000 0.000 0.000 0.000 0.000 0.000 0.000 0.000 0.000 0.000 0.000 0.000 0.000 0.003 0.047 0.085 0.111 0.126 0.139 0.151 0.166 0.185 0.000 0.000 0.000 0.000 0.000 0.000 0.000 0.002 0.005 0.010 0.017 0.022 0.023 0.000 0.000 0.000 0.000 0.000 0.000 0.000 0.000 0.000 0.000
0.172 0.000 0.000 0.000 0.000 0.000 0.000 0.000 0.000 0.115 0.106 0.097 0.088 0.079 0.070 0.060 0.051 0.042 0.033 0.024 0.015 0.003 0.000 0.000 0.000 0.000 0.000 0.000 0.000 0.000 0.000 0.000 0.000 0.000 0.000 0.000 0.000 0.000 0.000 0.000 0.000 0.000 0.000 0.000 0.001 0.028 0.069 0.086 0.094 0.105 0.114 0.129 0.138 0.152 0.000 0.000 0.000 0.000 0.000 0.000 0.002 0.002 0.005 0.011 0.019 0.025 0.019 0.000 0.000 0.000 0.000 0.000 0.000 0.000 0.000 0.000 0.000
0.179 0.174 0.170 0.166 0.000 0.000 0.000 0.000 0.000 0.117 0.107 0.098 0.089 0.079 0.070 0.061 0.052 0.043 0.034 0.025 0.016 0.006 0.000 0.000 0.000 0.000 0.000 0.000 0.000 0.000 0.000 0.000 0.000 0.000 0.000 0.000 0.000 0.000 0.000 0.000 0.000 0.000 0.000 0.000 0.012 0.050 0.090 0.097 0.104 0.111 0.118 0.129 0.138 0.138 0.000 0.000 0.000 0.000 0.000 0.000 0.001 0.002 0.006 0.012 0.020 0.031 0.000 0.000 0.000 0.000 0.000 0.000 0.000 0.000 0.000 0.000 0.000
0.186 0.182 0.178 0.174 0.166 0.157 0.148 0.000 0.128 0.118 0.109 0.099 0.089 0.080 0.071 0.061 0.052 0.044 0.035 0.027 0.018 0.008 0.000 0.000 0.000 0.000 0.000 0.000 0.000 0.000 0.000 0.000 0.000 0.000 0.000 0.000 0.000 0.000 0.000 0.000 0.000 0.000 0.000 0.001 0.027 0.068 0.095 0.103 0.115 0.121 0.132 0.142 0.152 0.148 0.000 0.000 0.000 0.000 0.000 0.000 0.002 0.005 0.010 0.018 0.027 0.038 0.000 0.000 0.000 0.000 0.000 0.000 0.000 0.000 0.000 0.000 0.000
0.195 0.189 0.184 0.176 0.167 0.158 0.149 0.140 0.129 0.120 0.110 0.100 0.091 0.081 0.072 0.062 0.053 0.045 0.036 0.000 0.000 0.000 0.000 0.000 0.000 0.000 0.000 0.000 0.000 0.000 0.000 0.000 0.000 0.000 0.000 0.000 0.000 0.000 0.000 0.000 0.000 0.000 0.000 0.007 0.045 0.088 0.102 0.110 0.120 0.129 0.140 0.152 0.163 0.000 0.000 0.000 0.000 0.000 0.000 0.001 0.003 0.007 0.015 0.024 0.034 0.046 0.000 0.000 0.000 0.000 0.000 0.000 0.000 0.000 0.000 0.000 0.000
0.201 0.195 0.186 0.178 0.169 0.160 0.150 0.141 0.131 0.121 0.111 0.102 0.091 0.082 0.073 0.064 0.055 0.046 0.037 0.000 0.000 0.000 0.000 0.000 0.000 0.000 0.000 0.000 0.000 0.000 0.000 0.000 0.000 0.000 0.000 0.000 0.000 0.000 0.000 0.000 0.000 0.000 0.001 0.023 0.063 0.098 0.108 0.120 0.127 0.139 0.150 0.160 0.171 0.000 0.000 0.000 0.000 0.000 0.000 0.002 0.005 0.010 0.018 0.026 0.037 0.050 0.000 0.000 0.000 0.000 0.000 0.000 0.000 0.000 0.000 0.000 0.000
0.000 0.000 0.187 0.179 0.170 0.161 0.152 0.143 0.133 0.123 0.113 0.103 0.093 0.082 0.074 0.065 0.056 0.047 0.039 0.028 0.017 0.006 0.000 0.000 0.000 0.000 0.000 0.000 0.000 0.000 0.000 0.000 0.000 0.000 0.000 0.000 0.000 0.000 0.000 0.000 0.000 0.000 0.004 0.040 0.082 0.103 0.113 0.125 0.136 0.146 0.157 0.169 0.173 0.000 0.000 0.000 0.000 0.000 0.000 0.003 0.007 0.013 0.020 0.028 0.039 0.052 0.067 0.082 0.000 0.000 0.000 0.000 0.000 0.000 0.182 0.196 0.209
0.000 0.000 0.000 0.000 0.000 0.000 0.154 0.144 0.134 0.124 0.113 0.103 0.093 0.084 0.075 0.066 0.057 0.049 0.039 0.029 0.018 0.006 0.000 0.000 0.000 0.000 0.000 0.000 0.000 0.000 0.000 0.000 0.000 0.000 0.000 0.000 0.000 0.000 0.000 0.000 0.000 0.001 0.017 0.059 0.098 0.108 0.118 0.131 0.140 0.154 0.166 0.176 0.000 0.000 0.000 0.000 0.000 0.000 0.000 0.004 0.009 0.015 0.021 0.029 0.039 0.051 0.000 0.081 0.095 0.108 0.122 0.000 0.000 0.166 0.180 0.194 0.206
0.000 0.000 0.000 0.000 0.000 0.000 0.000 0.000 0.000 0.124 0.114 0.105 0.095 0.085 0.076 0.068 0.058 0.050 0.040 0.030 0.018 0.006 0.000 0.000 0.000 0.000 0.000 0.000 0.000 0.000 0.000 0.000 0.000 0.000 0.000 0.000 0.000 0.000 0.000 0.000 0.000 0.002 0.035 0.073 0.104 0.117 0.128 0.138 0.151 0.161 0.174 0.185 0.000 0.000 0.000 0.000 0.000 0.000 0.003 0.006 0.011 0.017 0.023 0.031 0.039 0.050 0.000 0.000 0.000 0.105 0.120 0.135 0.149 0.163 0.177 0.191 0.000
0.000 0.000 0.000 0.000 0.000 0.000 0.000 0.000 0.000 0.000 0.000 0.000 0.000 0.087 0.078 0.069 0.060 0.051 0.042 0.030 0.017 0.006 0.000 0.000 0.000 0.000 0.000 0.000 0.000 0.000 0.000 0.000 0.000 0.000 0.000 0.000 0.000 0.000 0.000 0.000 0.000 0.013 0.047 0.094 0.113 0.123 0.138 0.145 0.157 0.169 0.177 0.193 0.000 0.000 0.000 0.000 0.000 0.000 0.003 0.007 0.013 0.020 0.027 0.034 0.040 0.000 0.000 0.000 0.087 0.102 0.000 0.000 0.147 0.161 0.175 0.189 0.204
0.000 0.000 0.000 0.000 0.000 0.000 0.000 0.000 0.000 0.000 0.000 0.000 0.000 0.000 0.000 0.000 0.062 0.052 0.048 0.042 0.028 0.018 0.012 0.008 0.005 0.003 0.002 0.002 0.002 0.001 0.001 0.000 0.000 0.000 0.000 0.000 0.000 0.000 0.000 0.000 0.001 0.024 0.069 0.112 0.118 0.131 0.139 0.147 0.162 0.173 0.180 0.194 0.000 0.000 0.000 0.000 0.000 0.000 0.004 0.009 0.016 0.024 0.031 0.040 0.000 0.000 0.000 0.000 0.000 0.000 0.000 0.000 0.145 0.158 0.172 0.187 0.201
0.000 0.000 0.000 0.000 0.000 0.000 0.000 0.000 0.000 0.000 0.000 0.000 0.000 0.000 0.000 0.000 0.000 0.000 0.000 0.000 0.051 0.047 0.042 0.034 0.019 0.012 0.010 0.008 0.008 0.007 0.006 0.005 0.004 0.004 0.003 0.003 0.003 0.003 0.002 0.002 0.008 0.040 0.089 0.115 0.124 0.136 0.143 0.152 0.167 0.173 0.188 0.000 0.000 0.000 0.000 0.000 0.000 0.003 0.006 0.012 0.020 0.029 0.036 0.041 0.000 0.000 0.000 0.000 0.000 0.000 0.000 0.000 0.142 0.156 0.000 0.000 0.000
0.000 0.000 0.000 0.000 0.000 0.000 0.000 0.000 0.000 0.000 0.000 0.000 0.000 0.000 0.000 0.000 0.000 0.000 0.000 0.000 0.000 0.000 0.000 0.000 0.028 0.024 0.024 0.017 0.012 0.010 0.008 0.006 0.006 0.005 0.005 0.004 0.004 0.004 0.004 0.004 0.019 0.060 0.104 0.113 0.128 0.142 0.144 0.161 0.170 0.178 0.192 0.000 0.000 0.000 0.000 0.000 0.000 0.004 0.009 0.017 0.025 0.034 0.044 0.000 0.000 0.000 0.000 0.000 0.000 0.000 0.000 0.000 0.000 0.000 0.000 0.000 0.195
0.000 0.000 0.000 0.000 0.000 0.000 0.000 0.000 0.000 0.000 0.000 0.000 0.000 0.000 0.000 0.000 0.000 0.000 0.000 0.000 0.000 0.000 0.000 0.000 0.000 0.000 0.000 0.013 0.011 0.007 0.006 0.005 0.005 0.005 0.005 0.005 0.005 0.004 0.004 0.007 0.033 0.083 0.114 0.122 0.130 0.145 0.154 0.164 0.175 0.188 0.192 0.000 0.000 0.000 0.000 0.000 0.000 0.007 0.014 0.021 0.029 0.037 0.047 0.061 0.000 0.000 0.000 0.000 0.000 0.000 0.000 0.000 0.000 0.000 0.000 0.000 0.000
0.001 0.001 0.001 0.000 0.000 0.000 0.000 0.000 0.000 0.000 0.000 0.000 0.000 0.000 0.000 0.000 0.000 0.000 0.000 0.000 0.000 0.000 0.000 0.000 0.000 0.000 0.000 0.011 0.009 0.006 0.004 0.004 0.004 0.004 0.004 0.004 0.004 0.004 0.004 0.014 0.051 0.095 0.116 0.132 0.144 0.149 0.156 0.167 0.182 0.188 0.000 0.000 0.000 0.000 0.000 0.000 0.000 0.010 0.016 0.023 0.032 0.040 0.048 0.000 0.047 0.063 0.075 0.000 0.000 0.000 0.000 0.000 0.000 0.000 0.000 0.000 0.189
0.006 0.003 0.001 0.001 0.001 0.001 0.000 0.000 0.000 0.000 0.000 0.000 0.000 0.000 0.000 0.000 0.000 0.000 0.000 0.000 0.000 0.000 0.000 0.000 0.000 0.000 0.000 0.008 0.007 0.006 0.004 0.003 0.003 0.003 0.004 0.004 0.004 0.004 0.005 0.028 0.082 0.114 0.122 0.126 0.144 0.149 0.160 0.171 0.178 0.191 0.000 0.000 0.000 0.000 0.000 0.000 0.008 0.011 0.017 0.024 0.034 0.044 0.000 0.000 0.000 0.000 0.071 0.084 0.000 0.000 0.000 0.000 0.000 0.000 0.000 0.000 0.188
0.022 0.017 0.013 0.008 0.003 0.002 0.001 0.001 0.001 0.001 0.000 0.000 0.000 0.000 0.000 0.000 0.000 0.000 0.000 0.000 0.000 0.000 0.000 0.000 0.000 0.000 0.000 0.005 0.006 0.005 0.005 0.004 0.003 0.003 0.003 0.003 0.003 0.003 0.011 0.052 0.089 0.112 0.113 0.128 0.141 0.152 0.161 0.177 0.181 0.196 0.000 0.000 0.000 0.000 0.000 0.000 0.006 0.011 0.017 0.025 0.034 0.043 0.054 0.066 0.000 0.000 0.068 0.079 0.088 0.098 0.110 0.123 0.000 0.000 0.000 0.172 0.185
0.054 0.043 0.037 0.030 0.024 0.015 0.008 0.005 0.002 0.001 0.001 0.001 0.001 0.000 0.000 0.000 0.000 0.000 0.000 0.000 0.000 0.000 0.000 0.000 0.000 0.000 0.000 0.004 0.005 0.005 0.005 0.004 0.003 0.002 0.002 0.002 0.003 0.004 0.027 0.065 0.104 0.107 0.116 0.128 0.135 0.153 0.155 0.178 0.189 0.190 0.000 0.000 0.000 0.000 0.000 0.000 0.006 0.012 0.018 0.026 0.035 0.044 0.053 0.060 0.063 0.066 0.068 0.076 0.085 0.095 0.106 0.119 0.132 0.000 0.000 0.170 0.183
0.094 0.083 0.072 0.063 0.053 0.042 0.032 0.021 0.013 0.009 0.005 0.002 0.001 0.001 0.001 0.001 0.001 0.000 0.000 0.000 0.000 0.000 0.000 0.000 0.000 0.000 0.000 0.003 0.004 0.005 0.004 0.004 0.004 0.003 0.002 0.002 0.002 0.008 0.038 0.078 0.099 0.114 0.121 0.138 0.144 0.151 0.162 0.177 0.188 0.000 0.000 0.000 0.000 0.000 0.000 0.000 0.009 0.015 0.022 0.030 0.038 0.047 0.055 0.057 0.060 0.063 0.067 0.073 0.082 0.092 0.103 0.115 0.127 0.140 0.153 0.167 0.181
0.137 0.125 0.113 0.103 0.092 0.079 0.065 0.043 0.036 0.028 0.025 0.016 0.014 0.008 0.004 0.002 0.001 0.001 0.001 0.001 0.000 0.000 0.000 0.000 0.000 0.000 0.000 0.003 0.004 0.004 0.004 0.004 0.004 0.003 0.003 0.002 0.003 0.016 0.052 0.096 0.112 0.121 0.128 0.138 0.140 0.159 0.171 0.178 0.187 0.000 0.000 0.000 0.000 0.000 0.000 0.009 0.015 0.022 0.029 0.037 0.044 0.052 0.061 0.000 0.000 0.000 0.000 0.071 0.079 0.088 0.099 0.111 0.124 0.138 0.151 0.165 0.000
0.153 0.154 0.155 0.145 0.133 0.119 0.106 0.093 0.078 0.067 0.057 0.046 0.039 0.032 0.027 0.017 0.010 0.006 0.003 0.002 0.001 0.001 0.001 0.001 0.000 0.000 0.000 0.002 0.003 0.004 0.004 0.004 0.004 0.004 0.004 0.005 0.010 0.033 0.072 0.108 0.115 0.121 0.135 0.149 0.157 0.169 0.178 0.191 0.187 0.000 0.000 0.000 0.000 0.000 0.000 0.016 0.025 0.032 0.038 0.044 0.051 0.058 0.063 0.000 0.000 0.000 0.064 0.073 0.000 0.083 0.096 0.108 0.121 0.135 0.148 0.162 0.000
0.145 0.145 0.146 0.150 0.152 0.152 0.148 0.135 0.121 0.108 0.096 0.085 0.077 0.067 0.058 0.049 0.037 0.026 0.019 0.015 0.009 0.005 0.003 0.002 0.001 0.001 0.001 0.002 0.003 0.004 0.005 0.005 0.007 0.010 0.022 0.040 0.059 0.075 0.096 0.110 0.122 0.125 0.140 0.148 0.160 0.167 0.185 0.198 0.000 0.000 0.000 0.000 0.000 0.000 0.000 0.027 0.034 0.040 0.045 0.050 0.057 0.067 0.000 0.000 0.000 0.000 0.000 0.000 0.000 0.080 0.000 0.000 0.118 0.132 0.146 0.000 0.000
0.136 0.136 0.137 0.140 0.142 0.144 0.144 0.144 0.145 0.145 0.139 0.128 0.117 0.107 0.097 0.087 0.076 0.063 0.052 0.043 0.037 0.030 0.021 0.014 0.010 0.007 0.004 0.003 0.005 0.006 0.009 0.017 0.040 0.055 0.071 0.089 0.110 0.128 0.132 0.132 0.131 0.134 0.144 0.146 0.164 0.175 0.182 0.204 0.000 0.000 0.000 0.000 0.000 0.000 0.030 0.033 0.038 0.044 0.050 0.056 0.060 0.071 0.000 0.000 0.000 0.000 0.000 0.000 0.000 0.000 0.000 0.000 0.000 0.128 0.142 0.000 0.000
0.126 0.126 0.128 0.131 0.134 0.135 0.136 0.135 0.136 0.138 0.139 0.142 0.145 0.148 0.139 0.128 0.116 0.104 0.090 0.079 0.070 0.061 0.052 0.042 0.035 0.029 0.023 0.016 0.019 0.032 0.046 0.063 0.085 0.109 0.125 0.142 0.143 0.151 0.160 0.167 0.163 0.150 0.151 0.160 0.167 0.174 0.192 0.195 0.000 0.000 0.000 0.000 0.000 0.000 0.023 0.031 0.038 0.046 0.053 0.060 0.061 0.071 0.000 0.000 0.000 0.000 0.000 0.000 0.000 0.000 0.000 0.000 0.000 0.125 0.138 0.149 0.000
0.116 0.118 0.120 0.122 0.125 0.127 0.127 0.127 0.127 0.128 0.130 0.132 0.136 0.139 0.142 0.145 0.146 0.143 0.129 0.117 0.108 0.100 0.091 0.083 0.075 0.067 0.059 0.043 0.052 0.073 0.091 0.116 0.136 0.152 0.158 0.168 0.177 0.182 0.192 0.200 0.196 0.190 0.184 0.175 0.170 0.168 0.197 0.000 0.000 0.000 0.000 0.000 0.000 0.000 0.021 0.029 0.038 0.046 0.056 0.066 0.000 0.000 0.000 0.000 0.000 0.000 0.000 0.000 0.000 0.000 0.000 0.000 0.000 0.125 0.135 0.142 0.137
0.107 0.110 0.112 0.114 0.116 0.118 0.118 0.119 0.119 0.119 0.120 0.124 0.127 0.130 0.132 0.135 0.137 0.136 0.137 0.140 0.145 0.144 0.135 0.126 0.117 0.109 0.106 0.097 0.103 0.118 0.142 0.161 0.174 0.175 0.185 0.195 0.200 0.210 0.218 0.222 0.228 0.224 0.218 0.210 0.202 0.194 0.199 0.000 0.000 0.000 0.000 0.000 0.000 0.000 0.024 0.031 0.039 0.048 0.057 0.066 0.000 0.115 0.000 0.000 0.000 0.000 0.000 0.000 0.000 0.000 0.000 0.000 0.111 0.124 0.136 0.000 0.000
0.101 0.102 0.102 0.104 0.106 0.108 0.109 0.109 0.109 0.109 0.112 0.115 0.118 0.121 0.124 0.126 0.127 0.126 0.128 0.133 0.140 0.143 0.149 0.156 0.160 0.157 0.148 0.144 0.151 0.166 0.183 0.186 0.200 0.201 0.210 0.214 0.224 0.239 0.239 0.250 0.260 0.257 0.254 0.244 0.240 0.229 0.225 0.000 0.000 0.000 0.000 0.000 0.000 0.026 0.030 0.035 0.041 0.048 0.058 0.000 0.000 0.103 0.116 0.140 0.000 0.000 0.000 0.000 0.000 0.000 0.000 0.000 0.110 0.123 0.134 0.000 0.000
0.094 0.093 0.094 0.095 0.095 0.097 0.099 0.098 0.097 0.099 0.103 0.107 0.109 0.113 0.115 0.116 0.117 0.116 0.118 0.123 0.130 0.133 0.139 0.145 0.152 0.160 0.167 0.180 0.188 0.197 0.203 0.215 0.220 0.225 0.236 0.236 0.252 0.261 0.266 0.273 0.287 0.287 0.283 0.279 0.269 0.271 0.000 0.000 0.000 0.000 0.000 0.000 0.000 0.027 0.033 0.038 0.043 0.047 0.053 0.066 0.000 0.092 0.104 0.000 0.000 0.111 0.000 0.000 0.000 0.000 0.000 0.101 0.111 0.123 0.000 0.000 0.000
0.086 0.085 0.083 0.083 0.086 0.089 0.088 0.086 0.088 0.090 0.093 0.096 0.100 0.103 0.105 0.106 0.105 0.104 0.107 0.112 0.117 0.122 0.130 0.134 0.141 0.152 0.177 0.209 0.217 0.220 0.231 0.239 0.244 0.248 0.268 0.272 0.281 0.286 0.290 0.299 0.307 0.323 0.314 0.308 0.301 0.299 0.000 0.000 0.000 0.000 0.000 0.000 0.000 0.038 0.042 0.044 0.047 0.051 0.055 0.063 0.071 0.083 0.095 0.000 0.085 0.102 0.110 0.120 0.134 0.000 0.000 0.000 0.108 0.121 0.000 0.000 0.000
0.073 0.074 0.075 0.077 0.078 0.077 0.076 0.078 0.080 0.083 0.085 0.087 0.090 0.092 0.092 0.092 0.091 0.091 0.094 0.101 0.105 0.110 0.119 0.124 0.156 0.183 0.219 0.241 0.245 0.249 0.252 0.266 0.266 0.279 0.283 0.298 0.308 0.313 0.313 0.319 0.333 0.341 0.348 0.343 0.334 0.321 0.292 0.282 0.275 0.000 0.000 0.000 0.000 0.063 0.054 0.054 0.053 0.053 0.056 0.062 0.067 0.076 0.086 0.086 0.088 0.099 0.109 0.120 0.132 0.000 0.000 0.000 0.107 0.117 0.126 0.000 0.000
0.058 0.060 0.062 0.063 0.065 0.067 0.069 0.070 0.071 0.072 0.075 0.079 0.081 0.080 0.079 0.077 0.078 0.079 0.083 0.089 0.094 0.111 0.135 0.165 0.194 0.228 0.256 0.280 0.277 0.277 0.279 0.283 0.292 0.303 0.314 0.317 0.332 0.335 0.344 0.350 0.351 0.367 0.376 0.376 0.000 0.000 0.311 0.305 0.291 0.260 0.251 0.243 0.000 0.110 0.096 0.081 0.065 0.059 0.059 0.062 0.066 0.071 0.076 0.079 0.084 0.095 0.106 0.116 0.127 0.000 0.000 0.104 0.115 0.000 0.120 0.132 0.000
0.043 0.047 0.050 0.054 0.057 0.058 0.059 0.059 0.061 0.065 0.068 0.069 0.070 0.068 0.066 0.065 0.065 0.067 0.072 0.094 0.116 0.147 0.173 0.206 0.237 0.269 0.298 0.308 0.310 0.314 0.314 0.309 0.316 0.326 0.335 0.346 0.365 0.363 0.373 0.375 0.383 0.388 0.398 0.000 0.000 0.000 0.000 0.000 0.000 0.281 0.273 0.252 0.202 0.163 0.137 0.114 0.097 0.080 0.065 0.063 0.066 0.069 0.073 0.077 0.083 0.092 0.101 0.109 0.117 0.122 0.000 0.105 0.118 0.000 0.000 0.129 0.000
