数据/2hours/0.1-2h-200y/coupled-124-0001.wd
ncols         694
nrows         824
xllcorner     581104.939801
yllcorner     3495917.092414
cellsize      2.000000
NODATA_value  -9999.000000
[rows 646 to 679 of 824, columns 154 to 230 of 694]
0.112 0.123 0.122 0.130 0.141 0.161 0.188 0.111 0.053 0.001 0.001 0.001 0.001 0.001 0.000 0.000 0.000 0.000 0.000 0.000 0.000 0.000 0.000 0.002 0.001 0.001 0.001 0.001 0.001 0.002 0.002 0.003 0.002 0.001 0.001 0.001 0.001 0.001 0.001 0.001 0.001 0.001 0.001 0.001 0.001 0.001 0.000 0.000 0.000 0.000 0.006 0.007 0.003 0.002 0.004 0.000 0.000 0.000 0.000 0.000 0.001 0.001 0.001 0.001 0.001 0.001 0.001 0.001 0.001 0.001 0.000 0.000 0.001 0.001 0.000 0.000 0.000
0.101 0.099 0.104 0.117 0.135 0.148 0.161 0.190 0.137 0.081 0.003 0.001 0.001 0.001 0.001 0.000 0.000 0.000 0.000 0.000 0.000 0.000 0.000 0.000 0.001 0.001 0.001 0.001 0.001 0.001 0.001 0.001 0.001 0.001 0.001 0.001 0.001 0.001 0.001 0.001 0.001 0.001 0.001 0.001 0.001 0.000 0.000 0.000 0.000 0.000 0.010 0.006 0.003 0.002 0.004 0.000 0.000 0.000 0.000 0.000 0.001 0.001 0.001 0.001 0.001 0.001 0.001 0.001 0.001 0.001 0.001 0.001 0.001 0.001 0.001 0.001 0.001
0.090 0.096 0.099 0.127 0.134 0.166 0.180 0.207 0.211 0.175 0.101 0.008 0.001 0.001 0.001 0.001 0.000 0.000 0.000 0.000 0.000 0.000 0.000 0.000 0.000 0.001 0.001 0.001 0.001 0.001 0.001 0.001 0.001 0.001 0.001 0.001 0.001 0.001 0.001 0.001 0.001 0.001 0.001 0.001 0.001 0.000 0.000 0.000 0.000 0.000 0.009 0.005 0.003 0.002 0.005 0.000 0.000 0.000 0.000 0.000 0.001 0.000 0.000 0.000 0.003 0.003 0.001 0.001 0.001 0.001 0.001 0.001 0.001 0.001 0.001 0.001 0.001
0.082 0.102 0.107 0.110 0.140 0.168 0.188 0.173 0.223 0.221 0.182 0.095 0.017 0.001 0.001 0.001 0.001 0.000 0.000 0.000 0.000 0.000 0.000 0.000 0.000 0.001 0.001 0.000 0.000 0.001 0.001 0.001 0.001 0.001 0.001 0.001 0.001 0.001 0.001 0.001 0.001 0.001 0.001 0.001 0.001 0.000 0.000 0.000 0.000 0.000 0.009 0.005 0.003 0.002 0.005 0.000 0.000 0.000 0.001 0.001 0.001 0.000 0.000 0.000 0.000 0.000 0.002 0.001 0.001 0.002 0.002 0.002 0.002 0.002 0.002 0.002 0.002
0.071 0.077 0.095 0.109 0.148 0.169 0.189 0.193 0.200 0.223 0.211 0.165 0.087 0.031 0.001 0.001 0.001 0.001 0.000 0.000 0.000 0.000 0.000 0.000 0.078 0.001 0.001 0.000 0.000 0.000 0.001 0.001 0.001 0.001 0.001 0.001 0.001 0.001 0.001 0.001 0.001 0.001 0.001 0.000 0.000 0.000 0.000 0.000 0.000 0.005 0.009 0.005 0.004 0.002 0.003 0.000 0.000 0.000 0.001 0.001 0.001 0.000 0.000 0.000 0.000 0.000 0.003 0.003 0.002 0.003 0.005 0.006 0.006 0.005 0.006 0.009 0.013
0.000 0.047 0.055 0.080 0.114 0.151 0.145 0.157 0.204 0.181 0.218 0.220 0.155 0.069 0.026 0.022 0.001 0.001 0.000 0.000 0.000 0.000 0.000 0.001 0.001 0.000 0.000 0.000 0.000 0.000 0.000 0.000 0.177 0.001 0.001 0.001 0.001 0.001 0.001 0.001 0.001 0.001 0.000 0.000 0.000 0.000 0.091 0.046 0.002 0.005 0.009 0.005 0.004 0.003 0.003 0.000 0.000 0.000 0.001 0.001 0.001 0.000 0.000 0.000 0.000 0.005 0.005 0.004 0.004 0.004 0.007 0.010 0.008 0.006 0.007 0.010 0.015
0.000 0.000 0.035 0.075 0.136 0.134 0.137 0.173 0.162 0.181 0.184 0.188 0.201 0.158 0.079 0.001 0.001 0.000 0.000 0.000 0.000 0.000 0.001 0.001 0.001 0.000 0.000 0.000 0.000 0.000 0.000 0.000 0.000 0.096 0.001 0.001 0.001 0.001 0.001 0.001 0.001 0.001 0.000 0.000 0.000 0.000 0.000 0.000 0.054 0.006 0.008 0.006 0.003 0.002 0.000 0.000 0.000 0.000 0.001 0.001 0.001 0.000 0.000 0.000 0.000 0.000 0.007 0.005 0.005 0.005 0.007 0.014 0.013 0.006 0.006 0.008 0.012
0.000 0.000 0.000 0.087 0.134 0.124 0.136 0.151 0.175 0.170 0.165 0.159 0.203 0.159 0.084 0.001 0.001 0.001 0.001 0.001 0.001 0.001 0.001 0.001 0.000 0.000 0.000 0.000 0.000 0.000 0.000 0.000 0.000 0.000 0.191 0.097 0.001 0.001 0.001 0.001 0.001 0.000 0.000 0.000 0.000 0.000 0.000 0.000 0.000 0.007 0.007 0.005 0.003 0.002 0.000 0.000 0.000 0.000 0.001 0.001 0.001 0.000 0.000 0.000 0.000 0.004 0.009 0.006 0.006 0.006 0.007 0.013 0.023 0.009 0.005 0.006 0.007
0.000 0.000 0.000 0.000 0.131 0.119 0.129 0.142 0.121 0.145 0.120 0.151 0.127 0.205 0.193 0.124 0.003 0.001 0.001 0.001 0.001 0.001 0.001 0.001 0.000 0.000 0.000 0.000 0.000 0.000 0.000 0.000 0.000 0.000 0.000 0.000 0.097 0.001 0.001 0.001 0.001 0.001 0.000 0.000 0.000 0.000 0.000 0.000 0.000 0.007 0.006 0.005 0.003 0.001 0.000 0.000 0.000 0.001 0.001 0.001 0.004 0.000 0.000 0.000 0.000 0.006 0.011 0.008 0.007 0.006 0.006 0.008 0.018 0.025 0.006 0.005 0.005
0.000 0.000 0.000 0.000 0.000 0.098 0.106 0.123 0.128 0.131 0.110 0.116 0.120 0.153 0.196 0.175 0.163 0.021 0.001 0.001 0.001 0.001 0.001 0.001 0.000 0.000 0.000 0.000 0.000 0.000 0.000 0.000 0.000 0.000 0.000 0.000 0.000 0.152 0.059 0.001 0.001 0.001 0.000 0.001 0.000 0.000 0.000 0.000 0.000 0.007 0.005 0.004 0.002 0.001 0.000 0.000 0.000 0.001 0.001 0.001 0.000 0.000 0.000 0.000 0.005 0.010 0.015 0.010 0.009 0.008 0.006 0.006 0.009 0.021 0.025 0.008 0.005
0.000 0.000 0.000 0.000 0.000 0.000 0.097 0.120 0.079 0.080 0.063 0.119 0.133 0.167 0.192 0.181 0.198 0.205 0.014 0.001 0.001 0.001 0.001 0.001 0.000 0.000 0.000 0.000 0.000 0.000 0.000 0.000 0.000 0.000 0.000 0.000 0.000 0.000 0.000 0.025 0.001 0.001 0.001 0.001 0.001 0.000 0.000 0.000 0.000 0.007 0.005 0.004 0.002 0.001 0.000 0.000 0.000 0.001 0.001 0.001 0.000 0.000 0.000 0.000 0.018 0.042 0.075 0.035 0.013 0.011 0.008 0.006 0.006 0.010 0.018 0.020 0.011
0.000 0.000 0.000 0.000 0.000 0.000 0.000 0.073 0.059 0.029 0.072 0.124 0.151 0.173 0.189 0.201 0.190 0.213 0.216 0.098 0.004 0.001 0.001 0.001 0.000 0.000 0.000 0.000 0.000 0.000 0.000 0.000 0.000 0.000 0.000 0.000 0.000 0.000 0.000 0.000 0.014 0.001 0.001 0.001 0.001 0.001 0.001 0.000 0.000 0.008 0.005 0.003 0.002 0.001 0.000 0.000 0.000 0.001 0.001 0.001 0.000 0.000 0.000 0.000 0.074 0.067 0.081 0.026 0.018 0.008 0.014 0.011 0.008 0.007 0.009 0.012 0.013
0.000 0.000 0.000 0.000 0.000 0.000 0.000 0.000 0.046 0.022 0.102 0.119 0.148 0.175 0.203 0.198 0.227 0.250 0.265 0.267 0.214 0.007 0.001 0.001 0.001 0.001 0.000 0.000 0.000 0.000 0.000 0.000 0.000 0.000 0.000 0.000 0.000 0.000 0.000 0.000 0.000 0.162 0.067 0.001 0.001 0.001 0.001 0.001 0.000 0.008 0.005 0.003 0.002 0.000 0.000 0.000 0.000 0.001 0.001 0.001 0.000 0.000 0.000 0.000 0.089 0.151 0.000 0.000 0.000 0.029 0.032 0.034 0.024 0.015 0.013 0.007 0.007
0.000 0.000 0.000 0.000 0.000 0.000 0.000 0.000 0.000 0.025 0.107 0.128 0.138 0.189 0.174 0.228 0.228 0.249 0.247 0.289 0.285 0.250 0.028 0.001 0.001 0.001 0.001 0.000 0.000 0.000 0.000 0.000 0.000 0.000 0.000 0.000 0.000 0.000 0.000 0.000 0.000 0.000 0.000 0.092 0.001 0.001 0.001 0.002 0.003 0.006 0.005 0.003 0.001 0.000 0.000 0.000 0.000 0.001 0.001 0.001 0.000 0.000 0.000 0.000 0.025 0.000 0.000 0.000 0.000 0.000 0.000 0.000 0.000 0.000 0.080 0.022 0.007
0.000 0.000 0.000 0.000 0.000 0.000 0.000 0.000 0.000 0.000 0.000 0.136 0.143 0.184 0.212 0.205 0.224 0.228 0.265 0.254 0.333 0.314 0.329 0.109 0.003 0.001 0.001 0.001 0.001 0.001 0.000 0.000 0.000 0.000 0.000 0.000 0.000 0.000 0.000 0.000 0.000 0.000 0.000 0.000 0.194 0.097 0.003 0.003 0.004 0.006 0.005 0.002 0.001 0.000 0.000 0.000 0.001 0.001 0.001 0.001 0.000 0.000 0.000 0.015 0.000 0.000 0.000 0.000 0.000 0.000 0.000 0.000 0.000 0.000 0.000 0.000 0.000
0.000 0.000 0.000 0.000 0.000 0.000 0.000 0.000 0.000 0.000 0.000 0.000 0.140 0.185 0.166 0.206 0.233 0.235 0.200 0.300 0.303 0.363 0.355 0.360 0.194 0.071 0.001 0.001 0.001 0.001 0.001 0.001 0.001 0.001 0.000 0.000 0.000 0.000 0.000 0.000 0.000 0.000 0.000 0.000 0.000 0.000 0.124 0.010 0.005 0.005 0.004 0.002 0.001 0.000 0.000 0.000 0.001 0.001 0.001 0.001 0.000 0.000 0.000 0.019 0.007 0.000 0.000 0.000 0.000 0.000 0.000 0.000 0.000 0.000 0.000 0.000 0.000
0.000 0.000 0.000 0.000 0.000 0.000 0.000 0.000 0.000 0.000 0.000 0.000 0.000 0.232 0.210 0.208 0.231 0.199 0.257 0.298 0.334 0.335 0.386 0.409 0.358 0.269 0.141 0.001 0.001 0.001 0.001 0.001 0.001 0.001 0.001 0.001 0.000 0.000 0.000 0.000 0.000 0.000 0.000 0.000 0.000 0.000 0.000 0.133 0.015 0.007 0.003 0.002 0.001 0.000 0.000 0.000 0.002 0.001 0.001 0.001 0.000 0.000 0.000 0.023 0.014 0.000 0.000 0.000 0.000 0.000 0.000 0.000 0.000 0.000 0.000 0.000 0.000
0.000 0.000 0.000 0.000 0.000 0.000 0.000 0.000 0.000 0.000 0.000 0.000 0.000 0.000 0.213 0.224 0.237 0.199 0.257 0.285 0.345 0.347 0.363 0.364 0.434 0.488 0.381 0.182 0.129 0.006 0.001 0.001 0.001 0.001 0.001 0.001 0.001 0.001 0.000 0.000 0.000 0.000 0.000 0.000 0.000 0.000 0.000 0.000 0.042 0.046 0.004 0.002 0.001 0.000 0.000 0.000 0.010 0.004 0.004 0.005 0.005 0.005 0.008 0.015 0.009 0.000 0.000 0.000 0.001 0.001 0.001 0.001 0.001 0.001 0.000 0.000 0.000
0.000 0.000 0.000 0.000 0.000 0.000 0.000 0.000 0.000 0.000 0.000 0.000 0.000 0.000 0.000 0.208 0.236 0.234 0.285 0.318 0.372 0.317 0.381 0.437 0.458 0.480 0.496 0.466 0.385 0.260 0.169 0.035 0.001 0.001 0.001 0.001 0.001 0.001 0.001 0.000 0.000 0.000 0.000 0.000 0.000 0.000 0.000 0.000 0.049 0.038 0.006 0.007 0.011 0.020 0.035 0.015 0.013 0.006 0.007 0.008 0.006 0.006 0.007 0.010 0.005 0.001 0.001 0.001 0.001 0.001 0.001 0.001 0.001 0.001 0.001 0.001 0.000
0.000 0.000 0.000 0.000 0.000 0.000 0.000 0.000 0.000 0.000 0.000 0.000 0.000 0.000 0.000 0.000 0.246 0.226 0.310 0.323 0.323 0.333 0.384 0.398 0.444 0.484 0.487 0.492 0.513 0.480 0.375 0.198 0.147 0.001 0.001 0.001 0.001 0.001 0.001 0.001 0.001 0.000 0.000 0.000 0.000 0.000 0.000 0.000 0.052 0.032 0.006 0.005 0.007 0.000 0.258 0.066 0.076 0.020 0.005 0.011 0.013 0.012 0.015 0.011 0.006 0.003 0.003 0.003 0.001 0.001 0.001 0.001 0.001 0.001 0.001 0.003 0.005
0.000 0.000 0.000 0.000 0.000 0.000 0.000 0.000 0.000 0.000 0.000 0.000 0.000 0.000 0.000 0.000 0.000 0.242 0.243 0.314 0.325 0.341 0.369 0.435 0.529 0.522 0.516 0.435 0.527 0.580 0.510 0.374 0.322 0.161 0.065 0.001 0.001 0.001 0.001 0.001 0.001 0.001 0.000 0.000 0.000 0.000 0.000 0.047 0.038 0.026 0.006 0.004 0.005 0.000 0.000 0.000 0.000 0.000 0.009 0.007 0.011 0.011 0.000 0.000 0.000 0.000 0.000 0.225 0.174 0.128 0.078 0.033 0.002 0.001 0.002 0.002 0.000
0.000 0.000 0.000 0.000 0.000 0.000 0.000 0.000 0.000 0.000 0.000 0.000 0.000 0.000 0.000 0.000 0.000 0.000 0.300 0.350 0.337 0.378 0.429 0.477 0.510 0.513 0.498 0.476 0.538 0.480 0.484 0.476 0.347 0.185 0.036 0.082 0.003 0.001 0.001 0.001 0.001 0.001 0.001 0.001 0.000 0.000 0.020 0.059 0.036 0.019 0.007 0.003 0.000 0.000 0.000 0.000 0.000 0.000 0.180 0.000 0.007 0.005 0.000 0.000 0.000 0.000 0.000 0.000 0.000 0.000 0.000 0.000 0.000 0.105 0.056 0.004 0.000
0.000 0.000 0.000 0.000 0.000 0.000 0.001 0.001 0.000 0.000 0.000 0.000 0.000 0.000 0.000 0.000 0.000 0.000 0.000 0.373 0.398 0.371 0.413 0.449 0.489 0.470 0.468 0.477 0.532 0.451 0.394 0.419 0.418 0.411 0.356 0.222 0.000 0.026 0.001 0.001 0.001 0.001 0.001 0.001 0.001 0.000 0.012 0.060 0.062 0.021 0.007 0.004 0.000 0.000 0.000 0.000 0.000 0.000 0.207 0.018 0.004 0.000 0.000 0.000 0.000 0.000 0.000 0.000 0.000 0.000 0.000 0.000 0.000 0.000 0.000 0.004 0.000
0.000 0.000 0.000 0.000 0.000 0.000 0.001 0.001 0.001 0.000 0.000 0.000 0.000 0.000 0.000 0.000 0.000 0.000 0.000 0.000 0.363 0.363 0.426 0.488 0.474 0.421 0.422 0.478 0.451 0.414 0.487 0.502 0.409 0.486 0.568 0.392 0.245 0.150 0.031 0.007 0.006 0.005 0.004 0.007 0.030 0.070 0.018 0.024 0.048 0.020 0.006 0.000 0.000 0.000 0.000 0.000 0.000 0.000 0.065 0.096 0.028 0.000 0.000 0.000 0.000 0.000 0.000 0.000 0.000 0.000 0.000 0.000 0.000 0.000 0.004 0.007 0.000
0.000 0.000 0.000 0.000 0.000 0.000 0.001 0.001 0.001 0.002 0.000 0.000 0.000 0.000 0.000 0.000 0.000 0.000 0.000 0.000 0.000 0.365 0.393 0.486 0.491 0.465 0.430 0.424 0.452 0.445 0.478 0.461 0.445 0.508 0.553 0.488 0.451 0.278 0.064 0.009 0.009 0.009 0.004 0.007 0.026 0.084 0.079 0.005 0.015 0.011 0.005 0.000 0.000 0.000 0.000 0.000 0.000 0.004 0.011 0.033 0.044 0.000 0.000 0.000 0.000 0.000 0.000 0.000 0.000 0.000 0.000 0.000 0.000 0.000 0.004 0.000 0.000
0.001 0.001 0.001 0.001 0.001 0.001 0.001 0.001 0.001 0.002 0.004 0.010 0.000 0.000 0.000 0.000 0.000 0.000 0.000 0.000 0.000 0.000 0.426 0.455 0.463 0.456 0.422 0.409 0.419 0.475 0.484 0.476 0.452 0.486 0.516 0.410 0.431 0.451 0.297 0.143 0.000 0.013 0.003 0.004 0.010 0.048 0.100 0.035 0.006 0.008 0.005 0.000 0.000 0.000 0.000 0.000 0.000 0.053 0.000 0.006 0.015 0.001 0.001 0.000 0.000 0.000 0.000 0.000 0.000 0.000 0.000 0.000 0.000 0.000 0.004 0.000 0.000
0.001 0.001 0.001 0.001 0.001 0.001 0.001 0.001 0.001 0.003 0.007 0.015 0.046 0.000 0.000 0.000 0.000 0.000 0.000 0.000 0.000 0.379 0.407 0.489 0.468 0.442 0.441 0.000 0.000 0.443 0.401 0.479 0.446 0.396 0.435 0.434 0.396 0.472 0.485 0.374 0.236 0.028 0.072 0.002 0.001 0.010 0.046 0.061 0.027 0.011 0.004 0.000 0.000 0.000 0.000 0.000 0.000 0.170 0.000 0.005 0.007 0.007 0.011 0.011 0.011 0.010 0.009 0.008 0.008 0.000 0.000 0.000 0.000 0.000 0.004 0.000 0.000
0.001 0.001 0.001 0.001 0.001 0.001 0.001 0.001 0.001 0.005 0.009 0.032 0.057 0.000 0.000 0.000 0.000 0.000 0.000 0.000 0.382 0.399 0.390 0.457 0.513 0.510 0.476 0.000 0.000 0.000 0.383 0.487 0.497 0.463 0.441 0.421 0.311 0.345 0.463 0.374 0.416 0.260 0.417 0.069 0.000 0.001 0.010 0.024 0.018 0.009 0.003 0.001 0.000 0.000 0.000 0.000 0.000 0.137 0.044 0.007 0.006 0.006 0.000 0.000 0.000 0.000 0.000 0.000 0.229 0.186 0.132 0.091 0.044 0.011 0.008 0.000 0.000
0.006 0.006 0.005 0.005 0.004 0.003 0.002 0.001 0.001 0.009 0.026 0.045 0.068 0.000 0.000 0.000 0.000 0.000 0.000 0.316 0.388 0.417 0.426 0.441 0.437 0.457 0.000 0.000 0.000 0.000 0.000 0.000 0.385 0.445 0.421 0.447 0.350 0.288 0.433 0.502 0.328 0.390 0.309 0.369 0.425 0.175 0.000 0.006 0.008 0.005 0.003 0.001 0.002 0.002 0.003 0.008 0.023 0.071 0.068 0.026 0.011 0.010 0.000 0.000 0.000 0.000 0.000 0.000 0.000 0.000 0.000 0.000 0.000 0.000 0.223 0.000 0.000
0.053 0.046 0.043 0.054 0.069 0.064 0.050 0.027 0.008 0.043 0.052 0.071 0.000 0.000 0.000 0.000 0.000 0.000 0.283 0.285 0.364 0.401 0.418 0.419 0.442 0.000 0.000 0.000 0.000 0.000 0.000 0.000 0.000 0.562 0.376 0.374 0.367 0.407 0.424 0.425 0.408 0.447 0.487 0.612 0.435 0.107 0.180 0.000 0.018 0.004 0.003 0.003 0.003 0.003 0.004 0.008 0.020 0.039 0.036 0.025 0.013 0.000 0.000 0.000 0.000 0.000 0.000 0.000 0.000 0.000 0.000 0.000 0.000 0.000 0.000 0.000 0.000
0.083 0.091 0.109 0.132 0.118 0.096 0.057 0.036 0.035 0.047 0.051 0.095 0.000 0.000 0.000 0.000 0.000 0.264 0.267 0.313 0.362 0.385 0.402 0.401 0.432 0.000 0.000 0.000 0.000 0.000 0.000 0.000 0.000 0.000 0.000 0.547 0.436 0.417 0.436 0.412 0.434 0.507 0.494 0.464 0.430 0.216 0.320 0.199 0.020 0.005 0.004 0.004 0.004 0.004 0.004 0.007 0.015 0.024 0.019 0.014 0.008 0.000 0.000 0.000 0.000 0.000 0.000 0.000 0.000 0.000 0.000 0.000 0.000 0.000 0.000 0.000 0.000
0.178 0.197 0.203 0.172 0.133 0.103 0.072 0.054 0.052 0.045 0.061 0.000 0.000 0.000 0.000 0.000 0.000 0.258 0.280 0.326 0.377 0.412 0.396 0.381 0.000 0.000 0.000 0.000 0.000 0.000 0.000 0.000 0.000 0.000 0.000 0.000 0.412 0.461 0.325 0.442 0.526 0.548 0.505 0.493 0.326 0.332 0.282 0.297 0.287 0.246 0.122 0.024 0.007 0.006 0.005 0.006 0.010 0.014 0.011 0.008 0.005 0.000 0.000 0.000 0.000 0.000 0.000 0.000 0.000 0.000 0.000 0.000 0.000 0.000 0.000 0.000 0.000
0.265 0.252 0.215 0.174 0.137 0.101 0.093 0.092 0.086 0.077 0.092 0.000 0.000 0.000 0.000 0.000 0.276 0.301 0.281 0.333 0.406 0.404 0.412 0.000 0.000 0.000 0.000 0.000 0.000 0.000 0.000 0.000 0.000 0.000 0.000 0.000 0.000 0.397 0.324 0.350 0.444 0.481 0.517 0.490 0.479 0.330 0.361 0.470 0.556 0.423 0.297 0.317 0.125 0.011 0.013 0.005 0.008 0.009 0.007 0.005 0.003 0.000 0.000 0.000 0.000 0.000 0.000 0.000 0.000 0.000 0.000 0.000 0.000 0.000 0.000 0.000 0.000
0.309 0.278 0.245 0.211 0.178 0.146 0.141 0.134 0.094 0.052 0.000 0.000 0.000 0.000 0.000 0.000 0.290 0.320 0.311 0.340 0.392 0.395 0.447 0.462 0.410 0.000 0.000 0.000 0.458 0.000 0.000 0.000 0.000 0.000 0.000 0.000 0.000 0.000 0.000 0.424 0.344 0.489 0.453 0.408 0.446 0.387 0.437 0.570 0.671 0.631 0.670 0.578 0.312 0.405 0.002 0.059 0.005 0.008 0.006 0.005 0.003 0.001 0.001 0.001 0.001 0.001 0.000 0.000 0.000 0.000 0.000 0.000 0.000 0.000 0.000 0.000 0.000
