数据/2hours/0.1-2h-200y/coupled-194-0001.wd
ncols         694
nrows         824
xllcorner     581104.939801
yllcorner     3495917.092414
cellsize      2.000000
NODATA_value  -9999.000000
[rows 680 to 713 of 824, columns 154 to 230 of 694]
0.001 0.001 0.001 0.001 0.001 0.001 0.001 0.001 0.001 0.001 0.001 0.001 0.001 0.000 0.000 0.000 0.001 0.001 0.001 0.001 0.001 0.002 0.001 0.001 0.002 0.002 0.000 0.002 0.002 0.000 0.000 0.000 0.000 0.000 0.000 0.000 0.000 0.000 0.000 0.001 0.001 0.001 0.001 0.002 0.003 0.003 0.002 0.001 0.002 0.006 0.007 0.017 0.001 0.001 0.001 0.001 0.001 0.001 0.001 0.001 0.001 0.001 0.001 0.001 0.001 0.001 0.001 0.000 0.000 0.000 0.000 0.000 0.000 0.000 0.000 0.000 0.000
0.001 0.001 0.001 0.001 0.001 0.001 0.001 0.001 0.001 0.001 0.001 0.001 0.001 0.001 0.001 0.000 0.001 0.001 0.001 0.001 0.001 0.012 0.029 0.000 0.041 0.019 0.001 0.001 0.000 0.000 0.000 0.000 0.000 0.000 0.000 0.000 0.000 0.000 0.001 0.001 0.001 0.001 0.001 0.001 0.001 0.001 0.001 0.001 0.001 0.001 0.001 0.007 0.010 0.009 0.001 0.001 0.001 0.001 0.001 0.001 0.001 0.001 0.001 0.001 0.001 0.001 0.001 0.001 0.000 0.000 0.000 0.000 0.000 0.000 0.000 0.000 0.000
0.001 0.001 0.001 0.001 0.001 0.001 0.001 0.001 0.001 0.001 0.001 0.001 0.001 0.001 0.001 0.001 0.001 0.001 0.001 0.001 0.002 0.036 0.000 0.000 0.000 0.000 0.025 0.001 0.000 0.000 0.000 0.000 0.000 0.000 0.000 0.000 0.000 0.001 0.001 0.001 0.001 0.001 0.001 0.001 0.001 0.001 0.001 0.001 0.001 0.001 0.001 0.001 0.002 0.008 0.019 0.002 0.001 0.001 0.001 0.001 0.001 0.001 0.001 0.001 0.001 0.001 0.001 0.001 0.001 0.001 0.000 0.000 0.000 0.000 0.000 0.000 0.000
0.001 0.001 0.001 0.001 0.001 0.001 0.001 0.001 0.001 0.001 0.001 0.001 0.001 0.001 0.001 0.001 0.001 0.001 0.001 0.001 0.002 0.000 0.000 0.000 0.000 0.000 0.000 0.026 0.002 0.001 0.000 0.000 0.000 0.000 0.000 0.000 0.000 0.001 0.001 0.001 0.001 0.001 0.001 0.001 0.001 0.000 0.001 0.001 0.001 0.001 0.001 0.001 0.001 0.001 0.008 0.009 0.019 0.001 0.001 0.001 0.001 0.001 0.001 0.001 0.001 0.001 0.001 0.001 0.001 0.001 0.001 0.001 0.000 0.000 0.000 0.000 0.000
0.001 0.001 0.001 0.001 0.001 0.001 0.001 0.001 0.001 0.001 0.001 0.001 0.001 0.001 0.001 0.001 0.001 0.001 0.001 0.001 0.002 0.000 0.000 0.000 0.000 0.000 0.000 0.000 0.049 0.027 0.002 0.000 0.000 0.000 0.000 0.000 0.001 0.001 0.001 0.001 0.001 0.001 0.001 0.001 0.000 0.000 0.000 0.000 0.001 0.001 0.001 0.001 0.001 0.001 0.001 0.001 0.008 0.009 0.019 0.001 0.001 0.001 0.001 0.001 0.001 0.001 0.001 0.001 0.001 0.001 0.001 0.000 0.001 0.001 0.000 0.000 0.000
0.001 0.001 0.001 0.001 0.001 0.001 0.001 0.001 0.001 0.001 0.001 0.001 0.001 0.001 0.001 0.001 0.001 0.001 0.001 0.001 0.001 0.001 0.000 0.000 0.000 0.000 0.000 0.000 0.000 0.000 0.049 0.027 0.002 0.000 0.000 0.001 0.001 0.001 0.001 0.001 0.001 0.001 0.001 0.001 0.000 0.002 0.003 0.004 0.000 0.000 0.001 0.001 0.001 0.001 0.001 0.001 0.001 0.002 0.008 0.011 0.010 0.001 0.001 0.001 0.001 0.001 0.001 0.001 0.001 0.001 0.001 0.001 0.001 0.001 0.001 0.001 0.001
0.001 0.001 0.001 0.001 0.001 0.001 0.001 0.001 0.001 0.001 0.001 0.001 0.001 0.001 0.001 0.001 0.001 0.001 0.001 0.001 0.001 0.002 0.000 0.000 0.000 0.000 0.000 0.000 0.000 0.000 0.000 0.000 0.027 0.002 0.000 0.001 0.001 0.001 0.001 0.001 0.001 0.001 0.001 0.000 0.000 0.001 0.001 0.001 0.001 0.014 0.000 0.000 0.001 0.001 0.001 0.001 0.001 0.001 0.001 0.002 0.009 0.020 0.001 0.001 0.001 0.001 0.001 0.000 0.001 0.000 0.001 0.001 0.001 0.001 0.001 0.001 0.001
0.001 0.001 0.001 0.001 0.001 0.001 0.001 0.001 0.001 0.001 0.001 0.001 0.001 0.001 0.001 0.001 0.001 0.001 0.001 0.001 0.001 0.001 0.001 0.001 0.000 0.000 0.000 0.000 0.000 0.000 0.000 0.000 0.000 0.027 0.002 0.001 0.001 0.001 0.001 0.001 0.001 0.001 0.000 0.000 0.001 0.001 0.001 0.001 0.001 0.008 0.000 0.000 0.000 0.000 0.001 0.001 0.001 0.001 0.001 0.001 0.002 0.008 0.009 0.019 0.001 0.001 0.001 0.001 0.001 0.001 0.001 0.001 0.001 0.001 0.001 0.001 0.001
0.001 0.001 0.001 0.001 0.001 0.001 0.001 0.001 0.001 0.001 0.001 0.001 0.001 0.001 0.001 0.001 0.001 0.001 0.025 0.000 0.000 0.001 0.001 0.001 0.003 0.000 0.000 0.000 0.000 0.000 0.000 0.000 0.000 0.000 0.001 0.001 0.001 0.001 0.001 0.001 0.001 0.001 0.000 0.001 0.001 0.001 0.001 0.001 0.001 0.001 0.008 0.000 0.000 0.007 0.000 0.000 0.001 0.001 0.001 0.001 0.001 0.001 0.002 0.008 0.011 0.025 0.001 0.001 0.001 0.001 0.001 0.001 0.001 0.001 0.001 0.001 0.001
0.001 0.001 0.001 0.001 0.001 0.001 0.001 0.001 0.001 0.001 0.001 0.001 0.001 0.001 0.001 0.001 0.001 0.025 0.000 0.000 0.000 0.000 0.001 0.002 0.023 0.054 0.000 0.116 0.000 0.000 0.000 0.000 0.000 0.012 0.002 0.001 0.001 0.001 0.001 0.001 0.001 0.000 0.000 0.001 0.001 0.001 0.001 0.001 0.001 0.001 0.001 0.001 0.001 0.001 0.001 0.008 0.000 0.000 0.001 0.001 0.001 0.001 0.001 0.001 0.004 0.018 0.044 0.052 0.001 0.001 0.001 0.001 0.001 0.001 0.001 0.001 0.001
0.011 0.001 0.001 0.001 0.001 0.001 0.001 0.001 0.001 0.001 0.001 0.001 0.001 0.001 0.001 0.001 0.001 0.000 0.000 0.000 0.000 0.000 0.000 0.000 0.046 0.077 0.108 0.139 0.000 0.000 0.000 0.000 0.099 0.076 0.024 0.001 0.001 0.001 0.001 0.001 0.001 0.003 0.005 0.000 0.000 0.001 0.001 0.001 0.001 0.001 0.001 0.001 0.001 0.001 0.001 0.001 0.001 0.002 0.001 0.001 0.001 0.001 0.001 0.001 0.001 0.012 0.039 0.068 0.097 0.071 0.001 0.001 0.001 0.001 0.001 0.001 0.001
0.012 0.014 0.001 0.001 0.001 0.001 0.001 0.001 0.001 0.001 0.001 0.001 0.001 0.001 0.001 0.001 0.001 0.000 0.000 0.000 0.000 0.000 0.000 0.000 0.000 0.100 0.132 0.162 0.193 0.000 0.000 0.000 0.162 0.122 0.055 0.001 0.000 0.033 0.001 0.001 0.001 0.001 0.003 0.004 0.005 0.000 0.000 0.001 0.001 0.001 0.001 0.001 0.001 0.001 0.001 0.001 0.001 0.002 0.000 0.000 0.000 0.001 0.001 0.001 0.001 0.007 0.034 0.062 0.091 0.119 0.148 0.130 0.106 0.076 0.037 0.010 0.007
0.037 0.050 0.040 0.011 0.001 0.001 0.001 0.001 0.001 0.001 0.001 0.001 0.001 0.001 0.001 0.001 0.001 0.000 0.000 0.000 0.000 0.000 0.000 0.000 0.000 0.000 0.000 0.186 0.216 0.247 0.270 0.247 0.219 0.152 0.085 0.000 0.000 0.000 0.033 0.001 0.001 0.001 0.001 0.002 0.003 0.004 0.005 0.000 0.001 0.001 0.001 0.001 0.001 0.001 0.001 0.001 0.002 0.000 0.000 0.000 0.000 0.000 0.001 0.001 0.001 0.003 0.028 0.057 0.085 0.120 0.155 0.108 0.019 0.001 0.001 0.001 0.001
0.061 0.074 0.087 0.064 0.036 0.006 0.001 0.001 0.001 0.001 0.001 0.001 0.001 0.001 0.001 0.001 0.001 0.001 0.001 0.000 0.000 0.000 0.000 0.000 0.000 0.000 0.000 0.000 0.239 0.271 0.302 0.311 0.249 0.181 0.115 0.000 0.000 0.000 0.000 0.033 0.001 0.001 0.001 0.001 0.001 0.002 0.003 0.002 0.001 0.001 0.001 0.001 0.001 0.001 0.001 0.001 0.001 0.000 0.000 0.000 0.000 0.000 0.001 0.001 0.001 0.001 0.026 0.060 0.096 0.131 0.154 0.094 0.010 0.001 0.001 0.001 0.001
0.085 0.098 0.112 0.118 0.089 0.060 0.031 0.002 0.001 0.001 0.001 0.001 0.001 0.001 0.000 0.001 0.001 0.001 0.001 0.001 0.000 0.000 0.000 0.000 0.000 0.000 0.000 0.000 0.000 0.274 0.309 0.326 0.277 0.207 0.000 0.000 0.000 0.000 0.000 0.057 0.001 0.001 0.001 0.001 0.001 0.001 0.001 0.001 0.001 0.001 0.001 0.001 0.001 0.001 0.001 0.001 0.000 0.000 0.000 0.000 0.000 0.000 0.001 0.001 0.001 0.002 0.037 0.072 0.107 0.143 0.135 0.075 0.003 0.001 0.001 0.001 0.001
0.110 0.123 0.136 0.149 0.143 0.114 0.084 0.056 0.027 0.001 0.001 0.001 0.001 0.000 0.000 0.000 0.000 0.001 0.001 0.001 0.001 0.000 0.000 0.000 0.000 0.000 0.000 0.000 0.242 0.276 0.304 0.306 0.300 0.000 0.000 0.000 0.000 0.000 0.148 0.081 0.013 0.001 0.001 0.001 0.001 0.001 0.001 0.001 0.001 0.001 0.001 0.001 0.001 0.001 0.001 0.001 0.000 0.000 0.000 0.000 0.000 0.000 0.001 0.001 0.001 0.011 0.048 0.083 0.118 0.153 0.115 0.055 0.001 0.001 0.001 0.001 0.001
0.134 0.147 0.160 0.173 0.186 0.166 0.138 0.109 0.080 0.052 0.005 0.001 0.000 0.000 0.000 0.000 0.000 0.000 0.000 0.001 0.001 0.006 0.041 0.000 0.000 0.000 0.000 0.000 0.245 0.278 0.284 0.286 0.287 0.000 0.000 0.000 0.000 0.000 0.000 0.104 0.036 0.001 0.001 0.001 0.001 0.001 0.001 0.001 0.001 0.001 0.001 0.001 0.001 0.001 0.001 0.001 0.000 0.000 0.000 0.000 0.000 0.000 0.001 0.001 0.001 0.022 0.058 0.094 0.129 0.154 0.095 0.036 0.001 0.001 0.001 0.001 0.001
0.159 0.172 0.184 0.198 0.211 0.220 0.192 0.163 0.134 0.102 0.048 0.001 0.000 0.000 0.000 0.000 0.000 0.000 0.000 0.001 0.001 0.008 0.043 0.075 0.000 0.000 0.000 0.213 0.247 0.264 0.265 0.266 0.000 0.000 0.000 0.000 0.000 0.000 0.000 0.000 0.000 0.021 0.008 0.001 0.001 0.001 0.001 0.001 0.001 0.001 0.001 0.001 0.001 0.001 0.001 0.001 0.000 0.000 0.000 0.000 0.000 0.000 0.001 0.001 0.002 0.032 0.069 0.104 0.140 0.134 0.074 0.017 0.001 0.001 0.001 0.001 0.001
0.188 0.199 0.209 0.222 0.235 0.248 0.246 0.217 0.188 0.145 0.090 0.000 0.000 0.000 0.000 0.000 0.000 0.000 0.000 0.000 0.000 0.000 0.045 0.079 0.113 0.145 0.180 0.214 0.241 0.243 0.245 0.000 0.000 0.000 0.000 0.000 0.000 0.000 0.000 0.000 0.000 0.041 0.027 0.013 0.001 0.001 0.001 0.001 0.001 0.001 0.001 0.001 0.001 0.001 0.001 0.014 0.000 0.000 0.000 0.000 0.000 0.000 0.001 0.001 0.008 0.043 0.079 0.115 0.151 0.113 0.054 0.001 0.001 0.001 0.001 0.001 0.001
0.217 0.228 0.239 0.250 0.260 0.273 0.286 0.271 0.241 0.187 0.000 0.000 0.000 0.000 0.000 0.000 0.000 0.000 0.000 0.000 0.000 0.000 0.045 0.081 0.115 0.148 0.182 0.216 0.222 0.224 0.226 0.000 0.000 0.000 0.000 0.000 0.000 0.000 0.000 0.000 0.000 0.060 0.000 0.032 0.019 0.005 0.001 0.001 0.001 0.001 0.001 0.001 0.001 0.001 0.001 0.025 0.000 0.000 0.000 0.000 0.000 0.001 0.001 0.001 0.018 0.054 0.090 0.126 0.152 0.093 0.034 0.001 0.001 0.001 0.001 0.001 0.001
0.247 0.258 0.268 0.278 0.289 0.300 0.311 0.324 0.286 0.230 0.175 0.120 0.000 0.000 0.000 0.000 0.000 0.000 0.000 0.000 0.000 0.000 0.000 0.000 0.115 0.149 0.184 0.201 0.203 0.204 0.000 0.000 0.000 0.000 0.207 0.000 0.000 0.000 0.000 0.000 0.000 0.000 0.000 0.000 0.000 0.024 0.010 0.001 0.001 0.001 0.001 0.001 0.001 0.001 0.002 0.036 0.000 0.000 0.000 0.000 0.000 0.001 0.001 0.001 0.029 0.065 0.101 0.137 0.132 0.072 0.014 0.001 0.001 0.001 0.001 0.001 0.000
0.276 0.286 0.298 0.308 0.319 0.329 0.341 0.350 0.326 0.273 0.218 0.163 0.108 0.000 0.000 0.000 0.000 0.000 0.000 0.000 0.000 0.000 0.000 0.000 0.000 0.151 0.180 0.181 0.183 0.000 0.000 0.000 0.000 0.186 0.188 0.189 0.166 0.000 0.000 0.000 0.000 0.000 0.000 0.000 0.000 0.000 0.030 0.015 0.001 0.001 0.001 0.001 0.013 0.000 0.000 0.048 0.000 0.000 0.000 0.000 0.000 0.001 0.001 0.005 0.040 0.076 0.112 0.148 0.112 0.053 0.001 0.001 0.001 0.001 0.000 0.000 0.000
0.000 0.316 0.327 0.338 0.348 0.359 0.370 0.356 0.329 0.301 0.260 0.206 0.151 0.096 0.040 0.000 0.000 0.000 0.000 0.000 0.000 0.000 0.000 0.000 0.000 0.152 0.160 0.161 0.163 0.000 0.000 0.000 0.000 0.167 0.168 0.170 0.171 0.121 0.000 0.000 0.000 0.000 0.000 0.000 0.000 0.000 0.000 0.000 0.001 0.001 0.001 0.001 0.000 0.000 0.000 0.000 0.000 0.000 0.000 0.000 0.000 0.001 0.001 0.016 0.052 0.088 0.123 0.151 0.092 0.033 0.001 0.001 0.001 0.000 0.000 0.000 0.000
0.000 0.000 0.356 0.367 0.378 0.388 0.380 0.359 0.332 0.304 0.277 0.248 0.192 0.138 0.083 0.028 0.000 0.000 0.000 0.000 0.000 0.000 0.000 0.000 0.120 0.139 0.141 0.142 0.000 0.000 0.000 0.000 0.145 0.147 0.147 0.149 0.151 0.145 0.077 0.009 0.000 0.000 0.000 0.000 0.000 0.000 0.000 0.000 0.000 0.001 0.001 0.001 0.000 0.000 0.000 0.000 0.000 0.000 0.000 0.000 0.001 0.001 0.001 0.027 0.062 0.099 0.135 0.132 0.072 0.013 0.001 0.001 0.000 0.000 0.000 0.000 0.000
0.000 0.000 0.000 0.396 0.406 0.399 0.390 0.362 0.334 0.307 0.279 0.251 0.224 0.181 0.125 0.070 0.015 0.000 0.000 0.000 0.000 0.000 0.000 0.088 0.116 0.119 0.121 0.000 0.000 0.000 0.000 0.124 0.127 0.128 0.128 0.131 0.132 0.132 0.101 0.033 0.001 0.000 0.000 0.000 0.000 0.000 0.000 0.000 0.000 0.001 0.001 0.001 0.000 0.000 0.000 0.000 0.000 0.000 0.000 0.000 0.001 0.001 0.003 0.038 0.074 0.110 0.146 0.112 0.052 0.001 0.001 0.001 0.000 0.000 0.000 0.000 0.000
0.000 0.000 0.000 0.000 0.420 0.410 0.393 0.365 0.337 0.309 0.282 0.255 0.227 0.199 0.168 0.113 0.058 0.003 0.001 0.000 0.000 0.000 0.000 0.090 0.098 0.099 0.000 0.000 0.000 0.000 0.000 0.105 0.106 0.108 0.110 0.109 0.111 0.113 0.115 0.057 0.001 0.001 0.000 0.000 0.000 0.000 0.000 0.000 0.001 0.001 0.001 0.001 0.000 0.000 0.000 0.000 0.000 0.000 0.000 0.000 0.001 0.001 0.013 0.050 0.085 0.120 0.151 0.092 0.033 0.001 0.001 0.001 0.000 0.000 0.000 0.000 0.000
0.000 0.000 0.000 0.000 0.000 0.420 0.396 0.368 0.340 0.313 0.285 0.258 0.230 0.202 0.175 0.146 0.100 0.044 0.001 0.001 0.000 0.000 0.057 0.076 0.078 0.079 0.000 0.000 0.000 0.000 0.000 0.085 0.086 0.089 0.090 0.092 0.093 0.094 0.095 0.081 0.012 0.001 0.001 0.001 0.000 0.000 0.000 0.001 0.001 0.001 0.001 0.001 0.001 0.000 0.000 0.000 0.000 0.000 0.000 0.000 0.001 0.001 0.024 0.060 0.097 0.133 0.131 0.072 0.015 0.001 0.001 0.000 0.000 0.000 0.000 0.000 0.000
0.000 0.000 0.000 0.000 0.000 0.000 0.000 0.371 0.343 0.316 0.288 0.260 0.232 0.204 0.177 0.150 0.122 0.088 0.033 0.001 0.001 0.026 0.055 0.057 0.058 0.000 0.000 0.000 0.000 0.000 0.000 0.000 0.068 0.068 0.070 0.071 0.073 0.074 0.076 0.077 0.036 0.001 0.001 0.001 0.001 0.000 0.001 0.001 0.001 0.001 0.001 0.001 0.001 0.000 0.000 0.000 0.000 0.000 0.000 0.001 0.001 0.002 0.036 0.071 0.106 0.142 0.111 0.053 0.001 0.001 0.001 0.000 0.000 0.000 0.000 0.000 0.000
0.000 0.000 0.000 0.000 0.000 0.000 0.000 0.000 0.345 0.319 0.290 0.263 0.235 0.209 0.180 0.153 0.125 0.097 0.069 0.020 0.001 0.028 0.036 0.037 0.000 0.000 0.000 0.000 0.000 0.000 0.000 0.000 0.000 0.000 0.050 0.052 0.055 0.055 0.057 0.058 0.059 0.001 0.001 0.001 0.001 0.001 0.001 0.001 0.001 0.001 0.001 0.001 0.014 0.000 0.000 0.000 0.000 0.000 0.000 0.001 0.001 0.011 0.043 0.079 0.115 0.147 0.090 0.032 0.001 0.001 0.001 0.000 0.000 0.000 0.000 0.000 0.000
0.000 0.000 0.000 0.000 0.000 0.000 0.000 0.000 0.000 0.321 0.294 0.266 0.001 0.001 0.184 0.156 0.128 0.100 0.072 0.043 0.004 0.013 0.013 0.014 0.014 0.015 0.000 0.000 0.000 0.000 0.000 0.000 0.000 0.000 0.031 0.032 0.033 0.034 0.036 0.038 0.039 0.016 0.001 0.001 0.001 0.001 0.001 0.001 0.001 0.001 0.001 0.001 0.000 0.000 0.000 0.000 0.000 0.000 0.000 0.001 0.001 0.021 0.052 0.087 0.124 0.126 0.068 0.013 0.001 0.001 0.001 0.000 0.000 0.000 0.000 0.000 0.000
0.000 0.000 0.000 0.000 0.000 0.000 0.000 0.000 0.000 0.000 0.001 0.000 0.003 0.003 0.001 0.001 0.131 0.102 0.075 0.045 0.019 0.013 0.009 0.006 0.004 0.003 0.001 0.000 0.000 0.000 0.000 0.000 0.000 0.000 0.011 0.000 0.014 0.016 0.017 0.019 0.020 0.021 0.001 0.001 0.001 0.001 0.001 0.001 0.001 0.001 0.001 0.001 0.000 0.000 0.000 0.000 0.000 0.000 0.000 0.001 0.007 0.024 0.062 0.098 0.133 0.103 0.047 0.001 0.001 0.001 0.000 0.000 0.000 0.000 0.000 0.000 0.000
0.000 0.000 0.000 0.000 0.000 0.000 0.000 0.000 0.000 0.002 0.003 0.004 0.005 0.005 0.005 0.004 0.000 0.104 0.077 0.045 0.029 0.021 0.016 0.011 0.007 0.004 0.001 0.001 0.000 0.000 0.000 0.000 0.000 0.000 0.000 0.000 0.000 0.000 0.007 0.004 0.003 0.002 0.001 0.001 0.001 0.001 0.001 0.001 0.001 0.001 0.014 0.027 0.000 0.000 0.000 0.000 0.000 0.000 0.006 0.019 0.033 0.051 0.074 0.109 0.144 0.081 0.027 0.001 0.001 0.001 0.000 0.000 0.000 0.000 0.000 0.000 0.000
0.000 0.000 0.000 0.000 0.000 0.000 0.000 0.000 0.002 0.003 0.004 0.005 0.006 0.006 0.006 0.006 0.005 0.001 0.001 0.055 0.042 0.034 0.026 0.023 0.013 0.007 0.002 0.001 0.001 0.001 0.000 0.000 0.000 0.000 0.000 0.000 0.000 0.000 0.000 0.011 0.009 0.003 0.002 0.001 0.001 0.001 0.001 0.001 0.001 0.012 0.000 0.000 0.000 0.000 0.000 0.000 0.000 0.000 0.049 0.063 0.073 0.086 0.099 0.120 0.121 0.060 0.008 0.001 0.001 0.001 0.000 0.000 0.000 0.000 0.000 0.000 0.000
0.000 0.000 0.000 0.000 0.000 0.000 0.000 0.002 0.003 0.004 0.005 0.006 0.007 0.007 0.007 0.007 0.007 0.006 0.005 0.000 0.058 0.052 0.042 0.029 0.000 0.008 0.005 0.003 0.003 0.001 0.001 0.000 0.000 0.000 0.000 0.000 0.000 0.000 0.000 0.000 0.000 0.003 0.002 0.002 0.002 0.001 0.001 0.001 0.006 0.000 0.000 0.000 0.000 0.000 0.000 0.000 0.000 0.000 0.106 0.117 0.126 0.138 0.148 0.148 0.106 0.042 0.001 0.001 0.001 0.001 0.000 0.000 0.000 0.000 0.000 0.000 0.000
