数据/2hours/0.1-2h-200y/coupled-209-0001.wd
ncols         694
nrows         824
xllcorner     581104.939801
yllcorner     3495917.092414
cellsize      2.000000
NODATA_value  -9999.000000
[rows 714 to 747 of 824, columns 154 to 230 of 694]
0.000 0.000 0.000 0.000 0.000 0.000 0.002 0.003 0.004 0.005 0.006 0.006 0.007 0.007 0.007 0.007 0.007 0.007 0.006 0.005 0.000 0.000 0.045 0.037 0.029 0.021 0.014 0.009 0.004 0.001 0.001 0.001 0.000 0.000 0.000 0.000 0.000 0.000 0.000 0.000 0.000 0.000 0.001 0.002 0.002 0.002 0.008 0.017 0.024 0.000 0.000 0.000 0.000 0.000 0.000 0.000 0.000 0.000 0.137 0.148 0.156 0.150 0.128 0.103 0.115 0.024 0.001 0.001 0.001 0.001 0.000 0.000 0.000 0.000 0.000 0.000 0.000
0.000 0.000 0.000 0.000 0.000 0.002 0.003 0.004 0.005 0.006 0.006 0.007 0.007 0.007 0.007 0.008 0.008 0.008 0.008 0.007 0.006 0.005 0.001 0.054 0.048 0.036 0.026 0.021 0.013 0.008 0.004 0.001 0.001 0.001 0.000 0.000 0.000 0.000 0.000 0.000 0.000 0.001 0.001 0.005 0.039 0.052 0.066 0.078 0.089 0.000 0.000 0.000 0.000 0.000 0.000 0.000 0.000 0.000 0.198 0.191 0.166 0.145 0.117 0.108 0.115 0.070 0.001 0.001 0.001 0.001 0.000 0.000 0.000 0.000 0.000 0.000 0.000
0.000 0.000 0.000 0.000 0.001 0.003 0.004 0.005 0.006 0.006 0.007 0.007 0.007 0.008 0.008 0.008 0.008 0.008 0.009 0.009 0.008 0.008 0.007 0.000 0.001 0.058 0.047 0.036 0.022 0.015 0.010 0.006 0.003 0.001 0.001 0.000 0.000 0.000 0.000 0.000 0.001 0.001 0.001 0.038 0.098 0.119 0.131 0.141 0.153 0.000 0.000 0.000 0.000 0.000 0.000 0.000 0.000 0.233 0.211 0.188 0.155 0.134 0.111 0.113 0.121 0.114 0.030 0.001 0.001 0.000 0.000 0.000 0.000 0.000 0.000 0.000 0.000
0.000 0.000 0.000 0.000 0.002 0.004 0.005 0.006 0.006 0.007 0.007 0.008 0.008 0.008 0.008 0.009 0.009 0.009 0.009 0.009 0.010 0.010 0.010 0.010 0.011 0.001 0.064 0.057 0.043 0.025 0.019 0.014 0.010 0.006 0.003 0.001 0.001 0.000 0.000 0.000 0.001 0.001 0.025 0.086 0.142 0.181 0.193 0.204 0.000 0.000 0.000 0.000 0.000 0.000 0.000 0.000 0.000 0.222 0.195 0.175 0.153 0.124 0.109 0.115 0.125 0.134 0.067 0.002 0.001 0.000 0.000 0.000 0.000 0.000 0.000 0.000 0.000
0.000 0.000 0.000 0.001 0.003 0.005 0.005 0.006 0.007 0.007 0.007 0.008 0.008 0.008 0.009 0.009 0.009 0.010 0.010 0.010 0.010 0.011 0.012 0.013 0.016 0.023 0.000 0.079 0.067 0.047 0.032 0.028 0.020 0.014 0.010 0.005 0.002 0.001 0.000 0.001 0.001 0.008 0.069 0.126 0.183 0.238 0.254 0.266 0.000 0.000 0.000 0.000 0.000 0.000 0.000 0.000 0.000 0.217 0.190 0.163 0.142 0.114 0.114 0.119 0.125 0.136 0.123 0.038 0.000 0.000 0.000 0.000 0.000 0.000 0.000 0.000 0.000
0.000 0.000 0.000 0.001 0.003 0.005 0.006 0.006 0.007 0.007 0.008 0.008 0.008 0.009 0.009 0.009 0.010 0.010 0.010 0.011 0.011 0.011 0.012 0.013 0.014 0.016 0.011 0.000 0.000 0.057 0.048 0.039 0.030 0.023 0.019 0.015 0.010 0.007 0.005 0.001 0.007 0.051 0.110 0.167 0.224 0.281 0.318 0.329 0.000 0.000 0.000 0.000 0.000 0.000 0.000 0.000 0.000 0.206 0.181 0.159 0.130 0.108 0.117 0.126 0.133 0.141 0.150 0.079 0.000 0.000 0.000 0.000 0.000 0.000 0.000 0.000 0.000
0.000 0.000 0.000 0.001 0.003 0.005 0.006 0.007 0.007 0.007 0.008 0.008 0.009 0.009 0.009 0.009 0.010 0.010 0.010 0.011 0.011 0.012 0.012 0.013 0.013 0.013 0.011 0.008 0.006 0.000 0.061 0.054 0.046 0.035 0.031 0.030 0.028 0.028 0.028 0.000 0.000 0.093 0.154 0.211 0.267 0.324 0.382 0.395 0.409 0.387 0.000 0.000 0.000 0.000 0.000 0.000 0.219 0.196 0.169 0.142 0.125 0.115 0.122 0.128 0.135 0.145 0.156 0.124 0.000 0.000 0.000 0.000 0.000 0.000 0.000 0.000 0.000
0.000 0.000 0.000 0.001 0.003 0.005 0.006 0.007 0.007 0.008 0.008 0.008 0.009 0.009 0.009 0.010 0.010 0.010 0.011 0.011 0.011 0.012 0.012 0.012 0.012 0.012 0.011 0.010 0.008 0.006 0.001 0.068 0.062 0.053 0.050 0.049 0.046 0.047 0.000 0.000 0.000 0.000 0.197 0.254 0.309 0.367 0.422 0.420 0.398 0.376 0.352 0.332 0.000 0.000 0.000 0.000 0.210 0.187 0.167 0.138 0.116 0.120 0.130 0.134 0.139 0.148 0.158 0.000 0.000 0.000 0.000 0.000 0.000 0.000 0.000 0.000 0.000
0.000 0.000 0.000 0.001 0.003 0.005 0.006 0.007 0.007 0.008 0.008 0.008 0.009 0.009 0.009 0.010 0.010 0.010 0.011 0.011 0.011 0.011 0.012 0.012 0.012 0.012 0.011 0.010 0.009 0.007 0.005 0.001 0.000 0.073 0.068 0.067 0.067 0.000 0.000 0.000 0.000 0.000 0.000 0.296 0.353 0.377 0.398 0.000 0.000 0.368 0.348 0.327 0.305 0.281 0.000 0.000 0.204 0.177 0.152 0.131 0.113 0.123 0.127 0.135 0.143 0.154 0.164 0.000 0.000 0.000 0.000 0.000 0.000 0.000 0.000 0.000 0.000
0.000 0.000 0.000 0.001 0.003 0.005 0.006 0.007 0.007 0.008 0.008 0.008 0.009 0.009 0.009 0.010 0.010 0.010 0.011 0.011 0.011 0.011 0.011 0.011 0.011 0.011 0.011 0.010 0.009 0.008 0.007 0.006 0.004 0.001 0.088 0.083 0.000 0.000 0.000 0.000 0.000 0.000 0.000 0.309 0.331 0.353 0.375 0.000 0.000 0.000 0.000 0.319 0.295 0.271 0.247 0.220 0.194 0.169 0.148 0.123 0.114 0.125 0.131 0.141 0.150 0.157 0.166 0.000 0.000 0.000 0.000 0.000 0.000 0.000 0.000 0.000 0.000
0.000 0.000 0.000 0.001 0.003 0.005 0.006 0.007 0.007 0.008 0.008 0.008 0.009 0.009 0.009 0.010 0.010 0.010 0.010 0.011 0.011 0.011 0.011 0.011 0.011 0.011 0.010 0.010 0.009 0.009 0.008 0.007 0.006 0.004 0.001 0.102 0.096 0.000 0.000 0.000 0.000 0.000 0.000 0.287 0.309 0.329 0.350 0.364 0.000 0.000 0.000 0.000 0.000 0.260 0.238 0.212 0.187 0.161 0.125 0.113 0.117 0.127 0.133 0.145 0.156 0.164 0.000 0.000 0.000 0.000 0.000 0.000 0.000 0.000 0.000 0.000 0.000
0.000 0.000 0.000 0.001 0.003 0.005 0.006 0.007 0.007 0.008 0.008 0.008 0.009 0.009 0.009 0.010 0.010 0.010 0.010 0.011 0.011 0.011 0.011 0.011 0.011 0.011 0.010 0.010 0.009 0.009 0.008 0.007 0.006 0.005 0.004 0.001 0.116 0.117 0.000 0.000 0.000 0.000 0.000 0.000 0.288 0.000 0.000 0.344 0.331 0.000 0.000 0.000 0.000 0.000 0.000 0.196 0.175 0.147 0.123 0.118 0.124 0.131 0.140 0.151 0.161 0.168 0.000 0.000 0.000 0.000 0.000 0.000 0.000 0.000 0.000 0.000 0.000
0.000 0.000 0.000 0.001 0.003 0.005 0.006 0.007 0.007 0.008 0.008 0.008 0.009 0.009 0.009 0.009 0.010 0.010 0.010 0.010 0.010 0.011 0.011 0.011 0.010 0.010 0.010 0.010 0.009 0.009 0.008 0.008 0.007 0.006 0.005 0.004 0.000 0.139 0.161 0.000 0.000 0.000 0.000 0.000 0.000 0.000 0.000 0.000 0.312 0.000 0.000 0.000 0.000 0.000 0.206 0.181 0.158 0.135 0.116 0.116 0.120 0.131 0.142 0.153 0.164 0.174 0.000 0.000 0.000 0.000 0.000 0.000 0.000 0.000 0.000 0.000 0.000
0.000 0.000 0.000 0.001 0.003 0.005 0.006 0.006 0.007 0.007 0.008 0.008 0.009 0.009 0.009 0.009 0.010 0.010 0.010 0.010 0.010 0.010 0.010 0.010 0.010 0.010 0.010 0.009 0.009 0.009 0.008 0.008 0.007 0.006 0.006 0.005 0.003 0.001 0.135 0.156 0.000 0.000 0.000 0.000 0.000 0.000 0.000 0.000 0.291 0.000 0.000 0.000 0.000 0.000 0.193 0.170 0.148 0.123 0.104 0.115 0.127 0.139 0.147 0.156 0.168 0.000 0.000 0.000 0.000 0.000 0.000 0.000 0.000 0.000 0.000 0.000 0.000
0.000 0.000 0.000 0.001 0.003 0.005 0.005 0.006 0.007 0.007 0.008 0.008 0.008 0.009 0.009 0.009 0.009 0.010 0.010 0.010 0.010 0.010 0.010 0.010 0.010 0.010 0.010 0.009 0.009 0.009 0.008 0.008 0.007 0.007 0.006 0.005 0.004 0.003 0.001 0.130 0.149 0.000 0.000 0.000 0.000 0.000 0.000 0.277 0.270 0.000 0.000 0.000 0.000 0.199 0.179 0.157 0.134 0.111 0.103 0.115 0.127 0.142 0.148 0.157 0.172 0.186 0.197 0.000 0.000 0.000 0.000 0.000 0.000 0.000 0.000 0.000 0.000
0.000 0.000 0.000 0.000 0.002 0.004 0.005 0.006 0.006 0.007 0.007 0.008 0.008 0.008 0.009 0.009 0.009 0.009 0.010 0.010 0.010 0.010 0.010 0.010 0.010 0.010 0.009 0.009 0.009 0.008 0.008 0.008 0.007 0.007 0.006 0.005 0.004 0.003 0.001 0.000 0.121 0.137 0.000 0.000 0.000 0.000 0.000 0.000 0.000 0.000 0.000 0.000 0.000 0.176 0.166 0.147 0.124 0.100 0.102 0.115 0.130 0.144 0.153 0.164 0.177 0.191 0.204 0.219 0.229 0.000 0.000 0.000 0.000 0.000 0.000 0.000 0.050
0.000 0.000 0.000 0.000 0.001 0.003 0.004 0.005 0.006 0.007 0.007 0.008 0.008 0.008 0.008 0.009 0.009 0.009 0.009 0.009 0.009 0.010 0.010 0.009 0.009 0.009 0.009 0.009 0.009 0.008 0.008 0.007 0.007 0.006 0.006 0.005 0.004 0.003 0.001 0.000 0.000 0.109 0.122 0.140 0.000 0.000 0.000 0.000 0.000 0.000 0.000 0.000 0.169 0.157 0.145 0.128 0.117 0.096 0.107 0.119 0.132 0.145 0.157 0.170 0.181 0.194 0.210 0.225 0.237 0.252 0.266 0.000 0.000 0.000 0.000 0.000 0.000
0.000 0.000 0.000 0.000 0.000 0.002 0.003 0.004 0.005 0.006 0.007 0.007 0.008 0.008 0.008 0.008 0.009 0.009 0.009 0.009 0.009 0.009 0.009 0.009 0.009 0.009 0.009 0.009 0.008 0.008 0.008 0.007 0.007 0.006 0.006 0.005 0.004 0.003 0.001 0.000 0.000 0.000 0.096 0.115 0.132 0.000 0.000 0.000 0.000 0.000 0.000 0.000 0.145 0.137 0.126 0.111 0.104 0.097 0.107 0.119 0.133 0.148 0.161 0.171 0.182 0.198 0.216 0.232 0.244 0.258 0.272 0.286 0.237 0.000 0.000 0.000 0.000
0.000 0.000 0.000 0.000 0.000 0.000 0.002 0.003 0.004 0.005 0.006 0.007 0.007 0.008 0.008 0.008 0.008 0.009 0.009 0.009 0.009 0.009 0.009 0.009 0.009 0.009 0.009 0.008 0.008 0.008 0.007 0.007 0.007 0.006 0.005 0.005 0.004 0.002 0.000 0.000 0.000 0.000 0.000 0.089 0.106 0.127 0.000 0.000 0.000 0.000 0.000 0.146 0.127 0.119 0.103 0.092 0.094 0.101 0.112 0.124 0.136 0.151 0.163 0.173 0.183 0.000 0.000 0.000 0.251 0.263 0.277 0.289 0.284 0.201 0.136 0.000 0.000
0.000 0.000 0.000 0.000 0.000 0.000 0.000 0.002 0.003 0.004 0.005 0.006 0.007 0.007 0.008 0.008 0.008 0.008 0.008 0.008 0.009 0.009 0.009 0.009 0.008 0.008 0.008 0.008 0.008 0.007 0.007 0.007 0.006 0.006 0.005 0.004 0.003 0.001 0.000 0.000 0.000 0.000 0.000 0.000 0.083 0.104 0.125 0.000 0.000 0.000 0.000 0.126 0.114 0.099 0.090 0.088 0.088 0.098 0.113 0.123 0.136 0.148 0.160 0.171 0.185 0.000 0.000 0.000 0.000 0.000 0.282 0.295 0.306 0.248 0.211 0.175 0.000
0.000 0.000 0.000 0.000 0.000 0.000 0.000 0.000 0.002 0.003 0.004 0.005 0.006 0.007 0.007 0.007 0.008 0.008 0.008 0.008 0.008 0.008 0.008 0.008 0.008 0.008 0.008 0.008 0.007 0.007 0.007 0.006 0.006 0.005 0.004 0.003 0.002 0.000 0.000 0.000 0.000 0.000 0.000 0.000 0.064 0.083 0.103 0.125 0.000 0.131 0.119 0.104 0.092 0.088 0.092 0.090 0.089 0.093 0.106 0.118 0.131 0.144 0.155 0.166 0.000 0.000 0.000 0.000 0.000 0.000 0.000 0.297 0.309 0.319 0.285 0.251 0.000
0.000 0.000 0.000 0.000 0.000 0.000 0.000 0.000 0.000 0.002 0.003 0.004 0.005 0.006 0.007 0.007 0.007 0.007 0.008 0.008 0.008 0.008 0.008 0.008 0.008 0.008 0.007 0.007 0.007 0.007 0.006 0.006 0.005 0.004 0.003 0.002 0.000 0.000 0.000 0.000 0.000 0.000 0.000 0.000 0.000 0.063 0.081 0.101 0.121 0.109 0.094 0.087 0.091 0.087 0.090 0.094 0.092 0.096 0.108 0.118 0.129 0.141 0.152 0.000 0.000 0.000 0.000 0.000 0.000 0.000 0.000 0.000 0.000 0.329 0.328 0.328 0.296
0.000 0.000 0.000 0.000 0.000 0.000 0.000 0.000 0.000 0.000 0.002 0.003 0.004 0.005 0.006 0.006 0.007 0.007 0.007 0.007 0.007 0.007 0.007 0.007 0.007 0.007 0.007 0.007 0.007 0.006 0.006 0.005 0.004 0.003 0.002 0.000 0.000 0.000 0.000 0.000 0.000 0.000 0.000 0.000 0.000 0.000 0.060 0.079 0.099 0.089 0.085 0.089 0.090 0.089 0.091 0.092 0.092 0.095 0.106 0.115 0.127 0.139 0.152 0.000 0.000 0.000 0.000 0.000 0.000 0.000 0.000 0.000 0.000 0.000 0.000 0.343 0.343
0.000 0.000 0.000 0.000 0.000 0.000 0.000 0.000 0.000 0.000 0.000 0.002 0.003 0.004 0.005 0.006 0.006 0.006 0.007 0.007 0.007 0.007 0.007 0.007 0.007 0.007 0.007 0.006 0.006 0.006 0.005 0.004 0.003 0.002 0.000 0.000 0.000 0.000 0.000 0.000 0.000 0.000 0.000 0.000 0.000 0.000 0.000 0.059 0.078 0.091 0.090 0.093 0.084 0.086 0.088 0.086 0.089 0.089 0.098 0.110 0.117 0.129 0.000 0.000 0.000 0.000 0.000 0.000 0.000 0.000 0.000 0.000 0.000 0.000 0.000 0.000 0.000
0.000 0.000 0.000 0.000 0.000 0.000 0.000 0.000 0.000 0.000 0.000 0.000 0.002 0.003 0.004 0.005 0.005 0.006 0.006 0.006 0.006 0.006 0.006 0.006 0.006 0.006 0.006 0.006 0.005 0.005 0.004 0.003 0.002 0.000 0.000 0.000 0.000 0.000 0.000 0.000 0.000 0.000 0.000 0.000 0.000 0.000 0.000 0.000 0.058 0.076 0.091 0.088 0.082 0.088 0.082 0.086 0.086 0.089 0.094 0.106 0.111 0.122 0.000 0.000 0.000 0.000 0.000 0.000 0.000 0.000 0.000 0.000 0.000 0.000 0.000 0.000 0.000
0.000 0.000 0.000 0.000 0.000 0.000 0.000 0.000 0.000 0.000 0.000 0.000 0.000 0.002 0.003 0.004 0.005 0.005 0.005 0.005 0.005 0.005 0.005 0.005 0.005 0.005 0.005 0.005 0.004 0.004 0.003 0.002 0.000 0.000 0.000 0.000 0.000 0.000 0.000 0.000 0.000 0.000 0.000 0.000 0.000 0.000 0.000 0.000 0.000 0.035 0.075 0.085 0.087 0.083 0.082 0.086 0.086 0.090 0.090 0.100 0.113 0.000 0.000 0.000 0.000 0.000 0.000 0.000 0.000 0.000 0.000 0.000 0.000 0.000 0.000 0.000 0.000
0.000 0.000 0.000 0.000 0.000 0.000 0.000 0.000 0.000 0.000 0.000 0.000 0.000 0.000 0.001 0.002 0.003 0.003 0.003 0.003 0.003 0.003 0.003 0.003 0.003 0.003 0.003 0.003 0.003 0.002 0.001 0.000 0.000 0.000 0.000 0.000 0.000 0.000 0.000 0.000 0.000 0.000 0.000 0.000 0.000 0.000 0.000 0.000 0.000 0.000 0.047 0.072 0.083 0.077 0.081 0.081 0.082 0.087 0.087 0.097 0.112 0.000 0.000 0.000 0.000 0.000 0.000 0.000 0.000 0.000 0.000 0.000 0.000 0.000 0.000 0.000 0.000
0.000 0.000 0.000 0.000 0.000 0.000 0.000 0.000 0.000 0.000 0.000 0.000 0.000 0.000 0.000 0.000 0.001 0.001 0.001 0.001 0.001 0.001 0.001 0.001 0.001 0.001 0.001 0.001 0.001 0.000 0.000 0.000 0.000 0.000 0.000 0.000 0.000 0.000 0.000 0.000 0.000 0.000 0.000 0.000 0.000 0.000 0.000 0.000 0.000 0.000 0.028 0.049 0.064 0.080 0.078 0.083 0.076 0.084 0.084 0.092 0.000 0.000 0.000 0.000 0.000 0.000 0.000 0.000 0.000 0.000 0.000 0.000 0.000 0.000 0.000 0.000 0.000
0.000 0.000 0.000 0.000 0.000 0.000 0.000 0.000 0.000 0.000 0.000 0.000 0.000 0.000 0.000 0.000 0.000 0.000 0.000 0.000 0.000 0.000 0.000 0.000 0.000 0.000 0.000 0.000 0.000 0.000 0.000 0.000 0.000 0.000 0.000 0.000 0.000 0.000 0.000 0.000 0.000 0.000 0.000 0.000 0.000 0.000 0.000 0.000 0.000 0.000 0.000 0.024 0.044 0.063 0.072 0.077 0.065 0.070 0.077 0.000 0.000 0.000 0.000 0.000 0.000 0.000 0.000 0.000 0.000 0.000 0.000 0.000 0.000 0.000 0.000 0.000 0.000
0.000 0.000 0.000 0.000 0.000 0.000 0.000 0.000 0.000 0.000 0.000 0.000 0.000 0.000 0.000 0.000 0.000 0.000 0.000 0.000 0.000 0.000 0.000 0.000 0.000 0.000 0.000 0.000 0.000 0.000 0.000 0.000 0.000 0.000 0.000 0.000 0.000 0.000 0.000 0.000 0.000 0.000 0.000 0.000 0.000 0.000 0.000 0.000 0.000 0.000 0.000 0.001 0.016 0.037 0.055 0.072 0.068 0.070 0.068 0.062 0.000 0.000 0.000 0.000 0.000 0.000 0.000 0.000 0.000 0.000 0.000 0.000 0.000 0.000 0.000 0.000 0.000
0.000 0.000 0.000 0.000 0.000 0.000 0.000 0.000 0.000 0.000 0.000 0.000 0.000 0.000 0.000 0.000 0.000 0.000 0.000 0.000 0.000 0.000 0.000 0.000 0.000 0.000 0.000 0.000 0.000 0.000 0.000 0.000 0.000 0.000 0.000 0.000 0.000 0.000 0.000 0.000 0.000 0.000 0.000 0.000 0.000 0.000 0.000 0.000 0.000 0.000 0.000 0.001 0.001 0.011 0.034 0.054 0.063 0.065 0.061 0.058 0.059 0.000 0.000 0.000 0.000 0.000 0.000 0.000 0.000 0.000 0.000 0.000 0.000 0.000 0.000 0.000 0.000
0.000 0.000 0.000 0.000 0.000 0.000 0.000 0.000 0.000 0.000 0.000 0.000 0.000 0.000 0.000 0.000 0.000 0.000 0.000 0.000 0.000 0.000 0.000 0.000 0.000 0.000 0.000 0.000 0.000 0.000 0.000 0.000 0.000 0.000 0.000 0.000 0.000 0.000 0.000 0.000 0.000 0.000 0.000 0.000 0.000 0.000 0.000 0.000 0.000 0.000 0.000 0.001 0.001 0.001 0.011 0.031 0.050 0.058 0.056 0.050 0.049 0.051 0.053 0.000 0.000 0.000 0.000 0.000 0.000 0.000 0.000 0.000 0.000 0.000 0.000 0.000 0.000
0.000 0.000 0.000 0.000 0.000 0.000 0.000 0.000 0.000 0.000 0.000 0.000 0.000 0.000 0.000 0.000 0.000 0.000 0.000 0.000 0.000 0.000 0.000 0.000 0.000 0.000 0.000 0.000 0.000 0.000 0.000 0.000 0.000 0.000 0.000 0.000 0.000 0.000 0.000 0.000 0.000 0.000 0.000 0.000 0.000 0.000 0.000 0.000 0.000 0.000 0.000 0.000 0.001 0.003 0.004 0.011 0.029 0.047 0.056 0.047 0.049 0.041 0.042 0.044 0.000 0.000 0.000 0.000 0.000 0.000 0.000 0.000 0.000 0.000 0.000 0.000 0.000
0.000 0.000 0.000 0.000 0.000 0.000 0.000 0.000 0.000 0.000 0.000 0.000 0.000 0.000 0.000 0.000 0.000 0.000 0.000 0.000 0.000 0.000 0.000 0.000 0.000 0.000 0.000 0.000 0.000 0.000 0.000 0.000 0.000 0.000 0.000 0.000 0.000 0.000 0.000 0.000 0.000 0.000 0.000 0.000 0.000 0.000 0.000 0.000 0.000 0.000 0.000 0.000 0.001 0.003 0.003 0.004 0.008 0.026 0.040 0.044 0.035 0.033 0.039 0.036 0.032 0.000 0.000 0.000 0.000 0.000 0.000 0.000 0.000 0.000 0.000 0.000 0.000
