数据/2hours/0.1-2h-200y/coupled-150-0001.wd
ncols         694
nrows         824
xllcorner     581104.939801
yllcorner     3495917.092414
cellsize      2.000000
NODATA_value  -9999.000000
[rows 714 to 747 of 824, columns 154 to 230 of 694]
0.000 0.000 0.000 0.000 0.000 0.000 0.002 0.003 0.004 0.005 0.006 0.007 0.008 0.009 0.009 0.009 0.010 0.010 0.009 0.008 0.001 0.001 0.255 0.258 0.254 0.255 0.251 0.252 0.247 0.246 0.241 0.240 0.000 0.000 0.000 0.000 0.000 0.000 0.000 0.000 0.000 0.000 0.282 0.337 0.360 0.370 0.380 0.390 0.400 0.000 0.000 0.000 0.000 0.000 0.000 0.000 0.000 0.000 0.490 0.499 0.511 0.511 0.486 0.466 0.475 0.389 0.303 0.228 0.172 0.116 0.000 0.000 0.000 0.000 0.000 0.000 0.000
0.000 0.000 0.000 0.000 0.000 0.002 0.003 0.004 0.005 0.006 0.007 0.008 0.009 0.010 0.010 0.011 0.011 0.011 0.012 0.012 0.011 0.010 0.000 0.276 0.278 0.278 0.273 0.272 0.270 0.268 0.266 0.262 0.256 0.258 0.000 0.000 0.000 0.000 0.000 0.000 0.000 0.267 0.322 0.378 0.421 0.432 0.442 0.452 0.462 0.000 0.000 0.000 0.000 0.000 0.000 0.000 0.000 0.000 0.553 0.547 0.524 0.499 0.477 0.469 0.478 0.432 0.346 0.261 0.176 0.100 0.000 0.000 0.000 0.000 0.000 0.000 0.000
0.000 0.000 0.000 0.000 0.001 0.003 0.004 0.005 0.006 0.007 0.008 0.009 0.010 0.010 0.011 0.012 0.012 0.013 0.013 0.014 0.015 0.015 0.014 0.001 0.001 0.299 0.298 0.293 0.292 0.289 0.286 0.282 0.278 0.277 0.273 0.000 0.000 0.000 0.000 0.000 0.262 0.309 0.364 0.419 0.475 0.494 0.505 0.515 0.525 0.000 0.000 0.000 0.000 0.000 0.000 0.000 0.000 0.584 0.561 0.536 0.514 0.490 0.468 0.471 0.481 0.477 0.390 0.303 0.215 0.000 0.000 0.000 0.000 0.000 0.000 0.000 0.000
0.000 0.000 0.000 0.000 0.002 0.004 0.005 0.006 0.007 0.008 0.009 0.010 0.010 0.011 0.012 0.012 0.013 0.014 0.015 0.016 0.017 0.019 0.020 0.022 0.026 0.001 0.317 0.315 0.314 0.310 0.307 0.302 0.300 0.297 0.295 0.293 0.293 0.000 0.000 0.000 0.296 0.351 0.405 0.462 0.517 0.556 0.567 0.577 0.000 0.000 0.000 0.000 0.000 0.000 0.000 0.000 0.000 0.573 0.550 0.525 0.503 0.480 0.465 0.474 0.483 0.491 0.436 0.349 0.258 0.000 0.000 0.000 0.000 0.000 0.000 0.000 0.000
0.000 0.000 0.000 0.001 0.003 0.005 0.006 0.007 0.008 0.008 0.009 0.010 0.011 0.012 0.012 0.013 0.014 0.015 0.016 0.017 0.019 0.021 0.025 0.031 0.041 0.060 0.001 0.336 0.333 0.331 0.329 0.325 0.322 0.318 0.317 0.315 0.314 0.312 0.000 0.311 0.339 0.393 0.448 0.503 0.559 0.615 0.630 0.640 0.000 0.000 0.000 0.000 0.000 0.000 0.000 0.000 0.000 0.561 0.537 0.514 0.491 0.469 0.465 0.475 0.484 0.494 0.479 0.397 0.000 0.000 0.000 0.000 0.000 0.000 0.000 0.000 0.000
0.000 0.000 0.000 0.001 0.003 0.005 0.006 0.007 0.008 0.009 0.010 0.010 0.011 0.012 0.013 0.014 0.014 0.015 0.017 0.018 0.020 0.022 0.026 0.030 0.035 0.041 0.027 0.001 0.001 0.351 0.350 0.346 0.342 0.337 0.337 0.336 0.334 0.333 0.332 0.332 0.381 0.434 0.489 0.545 0.601 0.656 0.692 0.702 0.000 0.000 0.000 0.000 0.000 0.000 0.000 0.000 0.000 0.549 0.526 0.503 0.481 0.457 0.466 0.476 0.484 0.496 0.506 0.441 0.000 0.000 0.000 0.000 0.000 0.000 0.000 0.000 0.000
0.000 0.000 0.000 0.001 0.003 0.005 0.006 0.007 0.008 0.009 0.010 0.011 0.011 0.012 0.013 0.014 0.015 0.016 0.017 0.018 0.020 0.022 0.024 0.027 0.030 0.031 0.025 0.018 0.012 0.001 0.371 0.368 0.364 0.359 0.360 0.356 0.354 0.353 0.353 0.000 0.000 0.476 0.531 0.585 0.642 0.698 0.754 0.764 0.774 0.749 0.000 0.000 0.000 0.000 0.000 0.000 0.560 0.537 0.513 0.491 0.468 0.458 0.468 0.479 0.487 0.497 0.507 0.484 0.000 0.000 0.000 0.000 0.000 0.000 0.000 0.000 0.000
0.000 0.000 0.000 0.001 0.003 0.005 0.006 0.007 0.008 0.009 0.010 0.011 0.012 0.012 0.013 0.014 0.015 0.016 0.017 0.018 0.020 0.021 0.023 0.025 0.026 0.026 0.023 0.019 0.015 0.010 0.001 0.388 0.385 0.379 0.378 0.375 0.373 0.373 0.000 0.000 0.000 0.000 0.572 0.627 0.683 0.739 0.793 0.789 0.764 0.737 0.711 0.685 0.000 0.000 0.000 0.000 0.548 0.524 0.502 0.478 0.458 0.459 0.467 0.479 0.489 0.496 0.504 0.000 0.000 0.000 0.000 0.000 0.000 0.000 0.000 0.000 0.000
0.000 0.000 0.000 0.001 0.003 0.005 0.006 0.007 0.008 0.009 0.010 0.011 0.012 0.012 0.013 0.014 0.015 0.016 0.017 0.018 0.019 0.020 0.021 0.023 0.023 0.023 0.021 0.018 0.016 0.013 0.009 0.001 0.000 0.400 0.396 0.394 0.395 0.000 0.000 0.000 0.000 0.000 0.000 0.669 0.725 0.747 0.769 0.000 0.000 0.726 0.701 0.674 0.647 0.621 0.000 0.000 0.536 0.513 0.490 0.468 0.448 0.459 0.467 0.478 0.489 0.498 0.505 0.000 0.000 0.000 0.000 0.000 0.000 0.000 0.000 0.000 0.000
0.000 0.000 0.000 0.001 0.003 0.005 0.006 0.007 0.008 0.009 0.010 0.011 0.012 0.012 0.013 0.014 0.015 0.015 0.016 0.017 0.018 0.019 0.020 0.021 0.021 0.020 0.019 0.017 0.016 0.013 0.011 0.008 0.006 0.000 0.416 0.415 0.000 0.000 0.000 0.000 0.000 0.000 0.000 0.680 0.702 0.723 0.745 0.000 0.000 0.000 0.000 0.663 0.637 0.609 0.582 0.555 0.529 0.505 0.483 0.461 0.453 0.461 0.469 0.479 0.489 0.500 0.508 0.000 0.000 0.000 0.000 0.000 0.000 0.000 0.000 0.000 0.000
0.000 0.000 0.000 0.001 0.003 0.005 0.006 0.007 0.008 0.009 0.010 0.011 0.012 0.012 0.013 0.014 0.014 0.015 0.016 0.017 0.017 0.018 0.019 0.019 0.019 0.019 0.018 0.017 0.015 0.013 0.012 0.010 0.008 0.006 0.001 0.439 0.433 0.000 0.000 0.000 0.000 0.000 0.000 0.656 0.678 0.700 0.721 0.735 0.000 0.000 0.000 0.000 0.000 0.598 0.571 0.546 0.520 0.497 0.478 0.453 0.456 0.463 0.471 0.481 0.492 0.501 0.000 0.000 0.000 0.000 0.000 0.000 0.000 0.000 0.000 0.000 0.000
0.000 0.000 0.000 0.001 0.003 0.005 0.006 0.007 0.008 0.009 0.010 0.011 0.011 0.012 0.013 0.013 0.014 0.015 0.015 0.016 0.017 0.017 0.018 0.018 0.018 0.017 0.017 0.016 0.015 0.013 0.012 0.011 0.009 0.008 0.005 0.001 0.446 0.434 0.000 0.000 0.000 0.000 0.000 0.000 0.654 0.000 0.000 0.716 0.704 0.000 0.000 0.000 0.000 0.000 0.000 0.533 0.510 0.484 0.462 0.445 0.457 0.464 0.471 0.481 0.493 0.502 0.000 0.000 0.000 0.000 0.000 0.000 0.000 0.000 0.000 0.000 0.000
0.000 0.000 0.000 0.001 0.003 0.005 0.006 0.007 0.008 0.009 0.010 0.010 0.011 0.012 0.012 0.013 0.014 0.014 0.015 0.015 0.016 0.016 0.017 0.017 0.017 0.016 0.016 0.015 0.014 0.013 0.012 0.011 0.010 0.008 0.007 0.005 0.000 0.450 0.473 0.000 0.000 0.000 0.000 0.000 0.000 0.000 0.000 0.000 0.685 0.000 0.000 0.000 0.000 0.000 0.540 0.520 0.496 0.471 0.448 0.445 0.457 0.466 0.471 0.480 0.493 0.502 0.000 0.000 0.000 0.000 0.000 0.000 0.000 0.000 0.000 0.000 0.000
0.000 0.000 0.000 0.001 0.003 0.005 0.006 0.007 0.008 0.009 0.010 0.010 0.011 0.011 0.012 0.013 0.013 0.014 0.014 0.015 0.015 0.015 0.016 0.016 0.016 0.015 0.015 0.014 0.013 0.013 0.012 0.011 0.010 0.009 0.007 0.006 0.004 0.000 0.455 0.479 0.000 0.000 0.000 0.000 0.000 0.000 0.000 0.000 0.667 0.000 0.000 0.000 0.000 0.000 0.531 0.508 0.484 0.459 0.437 0.446 0.456 0.468 0.475 0.482 0.495 0.000 0.000 0.000 0.000 0.000 0.000 0.000 0.000 0.000 0.000 0.000 0.000
0.000 0.000 0.000 0.001 0.003 0.005 0.006 0.007 0.008 0.008 0.009 0.010 0.011 0.011 0.012 0.012 0.013 0.013 0.014 0.014 0.014 0.015 0.015 0.015 0.015 0.014 0.014 0.014 0.013 0.012 0.011 0.010 0.010 0.009 0.007 0.006 0.005 0.003 0.001 0.451 0.465 0.000 0.000 0.000 0.000 0.000 0.000 0.655 0.649 0.000 0.000 0.000 0.000 0.542 0.521 0.494 0.471 0.449 0.437 0.447 0.457 0.467 0.477 0.485 0.492 0.501 0.504 0.000 0.000 0.000 0.000 0.000 0.000 0.000 0.000 0.000 0.000
0.000 0.000 0.000 0.000 0.002 0.004 0.005 0.006 0.007 0.008 0.009 0.009 0.010 0.011 0.011 0.012 0.012 0.013 0.013 0.013 0.014 0.014 0.014 0.014 0.014 0.014 0.013 0.013 0.012 0.012 0.011 0.010 0.009 0.008 0.007 0.006 0.005 0.003 0.001 0.000 0.438 0.458 0.000 0.000 0.000 0.000 0.000 0.000 0.000 0.000 0.000 0.000 0.000 0.514 0.505 0.483 0.460 0.437 0.440 0.450 0.461 0.469 0.475 0.488 0.496 0.504 0.513 0.523 0.534 0.000 0.000 0.000 0.000 0.000 0.000 0.000 0.123
0.000 0.000 0.000 0.000 0.001 0.003 0.004 0.005 0.006 0.007 0.008 0.009 0.010 0.010 0.011 0.011 0.012 0.012 0.012 0.013 0.013 0.013 0.013 0.013 0.013 0.013 0.013 0.012 0.012 0.011 0.011 0.010 0.009 0.008 0.007 0.006 0.005 0.003 0.001 0.000 0.000 0.435 0.455 0.476 0.000 0.000 0.000 0.000 0.000 0.000 0.000 0.000 0.505 0.493 0.484 0.473 0.452 0.432 0.440 0.452 0.460 0.471 0.478 0.490 0.501 0.508 0.518 0.526 0.535 0.542 0.551 0.000 0.000 0.000 0.000 0.000 0.000
0.000 0.000 0.000 0.000 0.000 0.002 0.003 0.004 0.005 0.006 0.007 0.008 0.009 0.010 0.010 0.011 0.011 0.011 0.012 0.012 0.012 0.012 0.013 0.012 0.012 0.012 0.012 0.012 0.011 0.011 0.010 0.009 0.009 0.008 0.007 0.006 0.005 0.003 0.001 0.000 0.000 0.000 0.432 0.452 0.472 0.000 0.000 0.000 0.000 0.000 0.000 0.000 0.486 0.477 0.465 0.453 0.440 0.434 0.442 0.453 0.461 0.471 0.482 0.491 0.504 0.511 0.522 0.530 0.538 0.546 0.555 0.566 0.518 0.000 0.000 0.000 0.000
0.000 0.000 0.000 0.000 0.000 0.000 0.002 0.003 0.004 0.005 0.006 0.007 0.008 0.009 0.010 0.010 0.011 0.011 0.011 0.011 0.012 0.012 0.012 0.012 0.012 0.012 0.011 0.011 0.011 0.010 0.009 0.009 0.008 0.007 0.006 0.005 0.004 0.002 0.000 0.000 0.000 0.000 0.000 0.427 0.443 0.469 0.000 0.000 0.000 0.000 0.000 0.473 0.462 0.452 0.442 0.429 0.428 0.431 0.441 0.452 0.465 0.474 0.486 0.493 0.506 0.000 0.000 0.000 0.539 0.548 0.559 0.570 0.565 0.480 0.413 0.000 0.000
0.000 0.000 0.000 0.000 0.000 0.000 0.000 0.002 0.003 0.004 0.005 0.006 0.007 0.008 0.009 0.009 0.010 0.010 0.010 0.011 0.011 0.011 0.011 0.011 0.011 0.011 0.011 0.010 0.010 0.009 0.009 0.008 0.007 0.006 0.005 0.004 0.003 0.001 0.000 0.000 0.000 0.000 0.000 0.000 0.421 0.444 0.460 0.000 0.000 0.000 0.000 0.454 0.441 0.433 0.425 0.426 0.428 0.427 0.439 0.448 0.462 0.471 0.483 0.493 0.504 0.000 0.000 0.000 0.000 0.000 0.565 0.577 0.587 0.526 0.485 0.447 0.000
0.000 0.000 0.000 0.000 0.000 0.000 0.000 0.000 0.002 0.003 0.004 0.005 0.006 0.007 0.008 0.009 0.009 0.010 0.010 0.010 0.010 0.010 0.010 0.010 0.010 0.010 0.010 0.010 0.009 0.009 0.008 0.007 0.006 0.005 0.004 0.003 0.002 0.000 0.000 0.000 0.000 0.000 0.000 0.000 0.400 0.416 0.432 0.450 0.000 0.464 0.451 0.435 0.421 0.426 0.424 0.424 0.424 0.424 0.434 0.444 0.459 0.468 0.479 0.488 0.000 0.000 0.000 0.000 0.000 0.000 0.000 0.579 0.590 0.596 0.558 0.520 0.000
0.000 0.000 0.000 0.000 0.000 0.000 0.000 0.000 0.000 0.002 0.003 0.004 0.005 0.006 0.007 0.008 0.008 0.009 0.009 0.009 0.009 0.009 0.009 0.009 0.009 0.009 0.009 0.009 0.008 0.008 0.007 0.006 0.005 0.004 0.003 0.002 0.000 0.000 0.000 0.000 0.000 0.000 0.000 0.000 0.000 0.398 0.412 0.428 0.453 0.441 0.433 0.422 0.426 0.427 0.425 0.423 0.422 0.423 0.432 0.440 0.455 0.465 0.478 0.000 0.000 0.000 0.000 0.000 0.000 0.000 0.000 0.000 0.000 0.604 0.600 0.593 0.558
0.000 0.000 0.000 0.000 0.000 0.000 0.000 0.000 0.000 0.000 0.002 0.003 0.004 0.005 0.006 0.007 0.008 0.008 0.008 0.008 0.008 0.008 0.008 0.008 0.008 0.008 0.008 0.008 0.007 0.007 0.006 0.005 0.004 0.003 0.002 0.000 0.000 0.000 0.000 0.000 0.000 0.000 0.000 0.000 0.000 0.000 0.388 0.411 0.430 0.425 0.425 0.425 0.427 0.424 0.422 0.419 0.420 0.420 0.431 0.440 0.452 0.459 0.475 0.000 0.000 0.000 0.000 0.000 0.000 0.000 0.000 0.000 0.000 0.000 0.000 0.606 0.604
0.000 0.000 0.000 0.000 0.000 0.000 0.000 0.000 0.000 0.000 0.000 0.002 0.003 0.004 0.005 0.006 0.007 0.007 0.007 0.007 0.007 0.007 0.007 0.007 0.007 0.007 0.007 0.007 0.006 0.006 0.005 0.004 0.003 0.002 0.000 0.000 0.000 0.000 0.000 0.000 0.000 0.000 0.000 0.000 0.000 0.000 0.000 0.391 0.410 0.424 0.424 0.424 0.423 0.424 0.417 0.418 0.418 0.417 0.426 0.437 0.448 0.453 0.000 0.000 0.000 0.000 0.000 0.000 0.000 0.000 0.000 0.000 0.000 0.000 0.000 0.000 0.000
0.000 0.000 0.000 0.000 0.000 0.000 0.000 0.000 0.000 0.000 0.000 0.000 0.002 0.003 0.004 0.005 0.006 0.006 0.006 0.006 0.006 0.006 0.006 0.006 0.006 0.006 0.006 0.006 0.005 0.005 0.004 0.003 0.002 0.000 0.000 0.000 0.000 0.000 0.000 0.000 0.000 0.000 0.000 0.000 0.000 0.000 0.000 0.000 0.392 0.405 0.425 0.423 0.426 0.426 0.421 0.417 0.422 0.417 0.423 0.432 0.443 0.451 0.000 0.000 0.000 0.000 0.000 0.000 0.000 0.000 0.000 0.000 0.000 0.000 0.000 0.000 0.000
0.000 0.000 0.000 0.000 0.000 0.000 0.000 0.000 0.000 0.000 0.000 0.000 0.000 0.002 0.003 0.004 0.005 0.005 0.005 0.005 0.005 0.005 0.005 0.005 0.005 0.005 0.005 0.005 0.004 0.004 0.003 0.002 0.000 0.000 0.000 0.000 0.000 0.000 0.000 0.000 0.000 0.000 0.000 0.000 0.000 0.000 0.000 0.000 0.000 0.369 0.407 0.423 0.425 0.418 0.417 0.415 0.418 0.417 0.419 0.428 0.440 0.000 0.000 0.000 0.000 0.000 0.000 0.000 0.000 0.000 0.000 0.000 0.000 0.000 0.000 0.000 0.000
0.000 0.000 0.000 0.000 0.000 0.000 0.000 0.000 0.000 0.000 0.000 0.000 0.000 0.000 0.001 0.002 0.003 0.003 0.003 0.003 0.003 0.003 0.003 0.003 0.003 0.003 0.003 0.003 0.003 0.002 0.001 0.000 0.000 0.000 0.000 0.000 0.000 0.000 0.000 0.000 0.000 0.000 0.000 0.000 0.000 0.000 0.000 0.000 0.000 0.000 0.379 0.401 0.417 0.413 0.416 0.418 0.414 0.414 0.416 0.422 0.432 0.000 0.000 0.000 0.000 0.000 0.000 0.000 0.000 0.000 0.000 0.000 0.000 0.000 0.000 0.000 0.000
0.000 0.000 0.000 0.000 0.000 0.000 0.000 0.000 0.000 0.000 0.000 0.000 0.000 0.000 0.000 0.000 0.001 0.001 0.001 0.001 0.001 0.001 0.001 0.001 0.001 0.001 0.001 0.001 0.001 0.000 0.000 0.000 0.000 0.000 0.000 0.000 0.000 0.000 0.000 0.000 0.000 0.000 0.000 0.000 0.000 0.000 0.000 0.000 0.000 0.000 0.354 0.380 0.398 0.412 0.416 0.410 0.412 0.411 0.410 0.416 0.000 0.000 0.000 0.000 0.000 0.000 0.000 0.000 0.000 0.000 0.000 0.000 0.000 0.000 0.000 0.000 0.000
0.000 0.000 0.000 0.000 0.000 0.000 0.000 0.000 0.000 0.000 0.000 0.000 0.000 0.000 0.000 0.000 0.000 0.000 0.000 0.000 0.000 0.000 0.000 0.000 0.000 0.000 0.000 0.000 0.000 0.000 0.000 0.000 0.000 0.000 0.000 0.000 0.000 0.000 0.000 0.000 0.000 0.000 0.000 0.000 0.000 0.000 0.000 0.000 0.000 0.000 0.000 0.363 0.377 0.397 0.412 0.404 0.393 0.408 0.402 0.000 0.000 0.000 0.000 0.000 0.000 0.000 0.000 0.000 0.000 0.000 0.000 0.000 0.000 0.000 0.000 0.000 0.000
0.000 0.000 0.000 0.000 0.000 0.000 0.000 0.000 0.000 0.000 0.000 0.000 0.000 0.000 0.000 0.000 0.000 0.000 0.000 0.000 0.000 0.000 0.000 0.000 0.000 0.000 0.000 0.000 0.000 0.000 0.000 0.000 0.000 0.000 0.000 0.000 0.000 0.000 0.000 0.000 0.000 0.000 0.000 0.000 0.000 0.000 0.000 0.000 0.000 0.000 0.000 0.339 0.355 0.373 0.397 0.405 0.401 0.396 0.392 0.388 0.000 0.000 0.000 0.000 0.000 0.000 0.000 0.000 0.000 0.000 0.000 0.000 0.000 0.000 0.000 0.000 0.000
0.000 0.000 0.000 0.000 0.000 0.000 0.000 0.000 0.000 0.000 0.000 0.000 0.000 0.000 0.000 0.000 0.000 0.000 0.000 0.000 0.000 0.000 0.000 0.000 0.000 0.000 0.000 0.000 0.000 0.000 0.000 0.000 0.000 0.000 0.000 0.000 0.000 0.000 0.000 0.000 0.000 0.000 0.000 0.000 0.000 0.000 0.000 0.000 0.000 0.000 0.000 0.316 0.333 0.355 0.371 0.391 0.394 0.393 0.390 0.386 0.392 0.000 0.000 0.000 0.000 0.000 0.000 0.000 0.000 0.000 0.000 0.000 0.000 0.000 0.000 0.000 0.000
0.000 0.000 0.000 0.000 0.000 0.000 0.000 0.000 0.000 0.000 0.000 0.000 0.000 0.000 0.000 0.000 0.000 0.000 0.000 0.000 0.000 0.000 0.000 0.000 0.000 0.000 0.000 0.000 0.000 0.000 0.000 0.000 0.000 0.000 0.000 0.000 0.000 0.000 0.000 0.000 0.000 0.000 0.000 0.000 0.000 0.000 0.000 0.000 0.000 0.000 0.000 0.295 0.314 0.334 0.351 0.368 0.380 0.388 0.383 0.377 0.385 0.385 0.390 0.000 0.000 0.000 0.000 0.000 0.000 0.000 0.000 0.000 0.000 0.000 0.000 0.000 0.000
0.000 0.000 0.000 0.000 0.000 0.000 0.000 0.000 0.000 0.000 0.000 0.000 0.000 0.000 0.000 0.000 0.000 0.000 0.000 0.000 0.000 0.000 0.000 0.000 0.000 0.000 0.000 0.000 0.000 0.000 0.000 0.000 0.000 0.000 0.000 0.000 0.000 0.000 0.000 0.000 0.000 0.000 0.000 0.000 0.000 0.000 0.000 0.000 0.000 0.000 0.000 0.000 0.295 0.314 0.326 0.340 0.354 0.369 0.380 0.375 0.373 0.379 0.386 0.401 0.000 0.000 0.000 0.000 0.000 0.000 0.000 0.000 0.000 0.000 0.000 0.000 0.000
0.000 0.000 0.000 0.000 0.000 0.000 0.000 0.000 0.000 0.000 0.000 0.000 0.000 0.000 0.000 0.000 0.000 0.000 0.000 0.000 0.000 0.000 0.000 0.000 0.000 0.000 0.000 0.000 0.000 0.000 0.000 0.000 0.000 0.000 0.000 0.000 0.000 0.000 0.000 0.000 0.000 0.000 0.000 0.000 0.000 0.000 0.000 0.000 0.000 0.000 0.000 0.000 0.276 0.292 0.304 0.316 0.333 0.350 0.365 0.368 0.371 0.376 0.390 0.403 0.417 0.000 0.000 0.000 0.000 0.000 0.000 0.000 0.000 0.000 0.000 0.000 0.000
