数据/2hours/0.1-2h-200y/coupled-114-0001.wd
ncols         694
nrows         824
xllcorner     581104.939801
yllcorner     3495917.092414
cellsize      2.000000
NODATA_value  -9999.000000
[rows 408 to 441 of 824, columns 385 to 461 of 694]
0.000 0.000 0.000 0.000 0.000 0.000 0.000 0.000 0.000 0.000 0.000 0.000 0.000 0.000 0.000 0.000 0.000 0.000 0.000 0.000 0.000 0.000 0.000 0.000 0.000 0.000 0.000 0.000 0.000 0.000 0.000 0.000 0.088 0.102 0.111 0.124 0.122 0.127 0.138 0.127 0.117 0.122 0.117 0.000 0.000 0.000 0.000 0.000 0.000 0.000 0.036 0.036 0.036 0.036 0.035 0.032 0.028 0.023 0.018 0.013 0.008 0.002 0.000 0.000 0.000 0.000 0.000 0.000 0.000 0.000 0.000 0.000 0.000 0.000 0.000 0.000 0.000
0.000 0.000 0.000 0.000 0.000 0.000 0.000 0.000 0.000 0.000 0.000 0.000 0.000 0.000 0.000 0.000 0.000 0.000 0.000 0.000 0.000 0.000 0.000 0.000 0.000 0.000 0.000 0.000 0.000 0.000 0.000 0.096 0.096 0.107 0.121 0.126 0.128 0.125 0.132 0.132 0.125 0.119 0.117 0.000 0.000 0.000 0.000 0.000 0.000 0.037 0.037 0.037 0.036 0.036 0.035 0.036 0.035 0.031 0.026 0.021 0.016 0.010 0.006 0.000 0.000 0.000 0.000 0.000 0.000 0.000 0.000 0.000 0.000 0.000 0.000 0.000 0.000
0.000 0.000 0.000 0.000 0.000 0.000 0.000 0.000 0.000 0.000 0.000 0.000 0.000 0.000 0.000 0.000 0.000 0.000 0.000 0.000 0.000 0.000 0.000 0.000 0.000 0.000 0.000 0.000 0.000 0.000 0.000 0.108 0.116 0.119 0.126 0.140 0.133 0.139 0.132 0.140 0.133 0.132 0.120 0.000 0.000 0.000 0.000 0.000 0.000 0.037 0.037 0.036 0.036 0.036 0.036 0.035 0.035 0.035 0.034 0.029 0.023 0.017 0.013 0.007 0.002 0.000 0.000 0.000 0.000 0.000 0.000 0.000 0.000 0.000 0.000 0.000 0.000
0.000 0.000 0.000 0.000 0.000 0.000 0.000 0.000 0.000 0.000 0.000 0.000 0.000 0.000 0.000 0.000 0.000 0.000 0.000 0.000 0.000 0.000 0.000 0.000 0.000 0.000 0.000 0.000 0.000 0.000 0.000 0.121 0.111 0.122 0.127 0.129 0.132 0.136 0.146 0.147 0.144 0.147 0.131 0.000 0.000 0.000 0.000 0.000 0.000 0.037 0.037 0.036 0.036 0.036 0.036 0.035 0.035 0.035 0.035 0.034 0.032 0.026 0.020 0.016 0.010 0.005 0.000 0.000 0.000 0.000 0.000 0.000 0.000 0.000 0.000 0.000 0.000
0.000 0.000 0.000 0.000 0.000 0.000 0.000 0.000 0.000 0.000 0.000 0.000 0.000 0.000 0.000 0.000 0.000 0.000 0.000 0.000 0.000 0.000 0.000 0.000 0.000 0.000 0.000 0.000 0.000 0.000 0.000 0.114 0.118 0.116 0.119 0.134 0.138 0.136 0.145 0.141 0.157 0.164 0.000 0.000 0.000 0.000 0.000 0.000 0.000 0.037 0.036 0.036 0.036 0.036 0.036 0.036 0.035 0.035 0.034 0.034 0.034 0.034 0.028 0.022 0.017 0.012 0.007 0.001 0.000 0.000 0.000 0.000 0.000 0.000 0.000 0.000 0.000
0.000 0.000 0.000 0.000 0.000 0.000 0.000 0.000 0.000 0.000 0.000 0.000 0.000 0.000 0.000 0.000 0.000 0.000 0.000 0.000 0.000 0.000 0.000 0.000 0.000 0.000 0.000 0.000 0.000 0.000 0.110 0.117 0.116 0.117 0.128 0.143 0.147 0.150 0.131 0.144 0.147 0.151 0.000 0.000 0.000 0.000 0.000 0.000 0.038 0.038 0.037 0.037 0.037 0.037 0.037 0.036 0.036 0.035 0.034 0.033 0.034 0.034 0.032 0.030 0.024 0.019 0.014 0.009 0.003 0.000 0.000 0.000 0.000 0.000 0.000 0.000 0.000
0.000 0.000 0.000 0.000 0.000 0.000 0.000 0.000 0.000 0.000 0.000 0.000 0.000 0.000 0.000 0.000 0.000 0.000 0.000 0.000 0.000 0.000 0.000 0.000 0.000 0.000 0.000 0.000 0.000 0.000 0.127 0.126 0.129 0.141 0.145 0.161 0.155 0.147 0.136 0.134 0.154 0.148 0.000 0.000 0.000 0.000 0.000 0.000 0.040 0.039 0.039 0.039 0.038 0.037 0.037 0.036 0.036 0.036 0.035 0.033 0.033 0.033 0.033 0.032 0.031 0.026 0.021 0.015 0.010 0.005 0.000 0.000 0.000 0.000 0.000 0.000 0.000
0.000 0.000 0.000 0.000 0.000 0.000 0.000 0.000 0.000 0.000 0.000 0.000 0.000 0.000 0.000 0.000 0.000 0.000 0.000 0.000 0.000 0.000 0.000 0.000 0.000 0.000 0.000 0.000 0.000 0.000 0.121 0.127 0.127 0.138 0.163 0.167 0.151 0.134 0.132 0.142 0.155 0.000 0.000 0.000 0.000 0.000 0.000 0.000 0.043 0.042 0.041 0.041 0.040 0.039 0.038 0.037 0.036 0.036 0.035 0.034 0.033 0.032 0.032 0.032 0.031 0.029 0.028 0.023 0.017 0.012 0.007 0.000 0.000 0.000 0.000 0.000 0.000
0.000 0.000 0.000 0.000 0.000 0.000 0.000 0.000 0.000 0.000 0.000 0.000 0.000 0.000 0.000 0.000 0.000 0.000 0.000 0.000 0.000 0.000 0.000 0.000 0.000 0.000 0.000 0.000 0.000 0.000 0.122 0.125 0.131 0.154 0.171 0.156 0.141 0.137 0.139 0.147 0.140 0.000 0.000 0.000 0.000 0.000 0.000 0.048 0.046 0.045 0.043 0.043 0.042 0.042 0.040 0.039 0.037 0.036 0.035 0.034 0.033 0.032 0.032 0.031 0.031 0.029 0.028 0.027 0.024 0.019 0.014 0.008 0.001 0.000 0.000 0.000 0.000
0.000 0.000 0.000 0.000 0.000 0.000 0.000 0.000 0.000 0.000 0.000 0.000 0.000 0.000 0.000 0.000 0.000 0.000 0.000 0.000 0.000 0.000 0.000 0.000 0.000 0.000 0.000 0.000 0.079 0.105 0.123 0.139 0.153 0.156 0.166 0.160 0.148 0.148 0.151 0.135 0.146 0.000 0.000 0.000 0.000 0.000 0.000 0.048 0.047 0.046 0.045 0.044 0.043 0.043 0.042 0.041 0.038 0.036 0.035 0.034 0.033 0.032 0.031 0.031 0.030 0.029 0.027 0.026 0.025 0.024 0.020 0.015 0.009 0.002 0.000 0.000 0.000
0.000 0.000 0.000 0.000 0.000 0.000 0.000 0.000 0.000 0.000 0.000 0.000 0.000 0.000 0.000 0.000 0.000 0.000 0.000 0.000 0.000 0.000 0.000 0.000 0.000 0.000 0.000 0.000 0.106 0.124 0.109 0.131 0.132 0.154 0.159 0.150 0.155 0.142 0.140 0.134 0.152 0.000 0.000 0.000 0.000 0.000 0.000 0.048 0.048 0.047 0.046 0.044 0.043 0.043 0.043 0.043 0.040 0.037 0.035 0.034 0.033 0.032 0.031 0.031 0.031 0.029 0.027 0.026 0.025 0.023 0.023 0.022 0.016 0.010 0.004 0.000 0.000
0.000 0.000 0.000 0.000 0.000 0.000 0.000 0.000 0.000 0.000 0.000 0.000 0.000 0.000 0.000 0.000 0.000 0.000 0.000 0.000 0.000 0.000 0.000 0.000 0.000 0.000 0.000 0.000 0.097 0.108 0.122 0.126 0.143 0.136 0.153 0.148 0.161 0.153 0.145 0.154 0.134 0.000 0.000 0.000 0.000 0.000 0.000 0.048 0.048 0.048 0.047 0.045 0.044 0.043 0.043 0.044 0.043 0.040 0.036 0.034 0.033 0.032 0.031 0.031 0.030 0.029 0.027 0.025 0.024 0.023 0.022 0.021 0.020 0.017 0.010 0.005 0.000
0.000 0.000 0.000 0.000 0.000 0.000 0.000 0.000 0.000 0.000 0.000 0.000 0.000 0.000 0.000 0.000 0.000 0.000 0.000 0.000 0.000 0.000 0.000 0.000 0.000 0.000 0.000 0.000 0.102 0.102 0.126 0.119 0.135 0.146 0.142 0.164 0.145 0.165 0.139 0.148 0.156 0.000 0.000 0.000 0.000 0.000 0.049 0.049 0.048 0.048 0.047 0.046 0.045 0.044 0.042 0.043 0.043 0.041 0.038 0.035 0.033 0.032 0.031 0.030 0.030 0.029 0.027 0.025 0.024 0.022 0.021 0.021 0.019 0.018 0.016 0.011 0.006
0.000 0.000 0.000 0.000 0.000 0.000 0.000 0.000 0.000 0.000 0.000 0.000 0.000 0.000 0.000 0.000 0.000 0.000 0.000 0.000 0.000 0.000 0.000 0.000 0.000 0.000 0.000 0.000 0.121 0.124 0.127 0.133 0.133 0.152 0.146 0.158 0.167 0.152 0.150 0.143 0.144 0.000 0.000 0.000 0.000 0.000 0.049 0.049 0.049 0.049 0.048 0.047 0.046 0.044 0.043 0.043 0.043 0.042 0.040 0.036 0.033 0.031 0.030 0.030 0.029 0.028 0.027 0.025 0.023 0.022 0.020 0.020 0.018 0.017 0.015 0.014 0.012
0.000 0.000 0.000 0.000 0.000 0.000 0.000 0.000 0.000 0.000 0.000 0.000 0.000 0.000 0.000 0.000 0.000 0.000 0.000 0.000 0.000 0.000 0.000 0.000 0.000 0.000 0.000 0.118 0.121 0.119 0.133 0.134 0.145 0.146 0.149 0.165 0.157 0.160 0.140 0.148 0.141 0.000 0.000 0.000 0.000 0.000 0.048 0.049 0.051 0.051 0.049 0.048 0.046 0.046 0.044 0.043 0.043 0.043 0.041 0.037 0.033 0.032 0.030 0.029 0.028 0.028 0.026 0.024 0.022 0.021 0.020 0.019 0.018 0.016 0.015 0.013 0.011
0.000 0.000 0.000 0.000 0.000 0.000 0.000 0.000 0.000 0.000 0.000 0.000 0.000 0.000 0.000 0.000 0.000 0.000 0.000 0.000 0.000 0.000 0.000 0.000 0.000 0.000 0.000 0.126 0.128 0.132 0.132 0.150 0.139 0.140 0.137 0.157 0.160 0.150 0.148 0.135 0.149 0.139 0.136 0.000 0.000 0.000 0.000 0.000 0.059 0.055 0.052 0.049 0.047 0.046 0.045 0.044 0.043 0.043 0.041 0.038 0.034 0.032 0.030 0.029 0.028 0.027 0.026 0.024 0.022 0.020 0.019 0.018 0.017 0.015 0.013 0.012 0.010
0.000 0.000 0.000 0.000 0.000 0.000 0.000 0.000 0.000 0.000 0.000 0.000 0.000 0.000 0.000 0.000 0.000 0.000 0.000 0.000 0.000 0.000 0.000 0.000 0.000 0.000 0.000 0.131 0.135 0.137 0.145 0.146 0.151 0.144 0.156 0.165 0.167 0.169 0.149 0.151 0.137 0.138 0.143 0.139 0.130 0.117 0.000 0.088 0.075 0.062 0.055 0.050 0.048 0.047 0.046 0.045 0.043 0.043 0.042 0.039 0.035 0.031 0.029 0.028 0.027 0.026 0.025 0.023 0.021 0.019 0.018 0.017 0.015 0.014 0.012 0.010 0.009
0.000 0.000 0.000 0.000 0.000 0.000 0.000 0.000 0.000 0.000 0.000 0.000 0.000 0.000 0.000 0.000 0.000 0.000 0.000 0.000 0.000 0.000 0.000 0.000 0.000 0.000 0.000 0.145 0.140 0.149 0.134 0.153 0.154 0.178 0.159 0.163 0.174 0.150 0.156 0.147 0.148 0.133 0.135 0.137 0.126 0.119 0.103 0.091 0.082 0.069 0.058 0.052 0.048 0.047 0.046 0.045 0.043 0.043 0.041 0.039 0.035 0.031 0.029 0.027 0.026 0.026 0.024 0.022 0.020 0.018 0.017 0.016 0.014 0.012 0.010 0.008 0.006
0.000 0.000 0.000 0.000 0.000 0.000 0.000 0.000 0.000 0.000 0.000 0.000 0.000 0.000 0.000 0.000 0.000 0.000 0.000 0.000 0.000 0.000 0.000 0.000 0.000 0.000 0.000 0.144 0.145 0.149 0.144 0.151 0.166 0.128 0.162 0.171 0.171 0.165 0.168 0.150 0.000 0.128 0.132 0.130 0.125 0.115 0.102 0.094 0.087 0.071 0.060 0.054 0.050 0.048 0.046 0.044 0.044 0.043 0.041 0.038 0.034 0.031 0.028 0.027 0.026 0.025 0.023 0.021 0.019 0.017 0.016 0.014 0.013 0.010 0.008 0.005 0.005
0.000 0.000 0.000 0.000 0.000 0.000 0.000 0.000 0.000 0.000 0.000 0.000 0.000 0.000 0.000 0.000 0.000 0.000 0.000 0.000 0.000 0.000 0.000 0.000 0.000 0.000 0.000 0.131 0.126 0.150 0.143 0.157 0.166 0.161 0.169 0.162 0.166 0.158 0.165 0.000 0.000 0.000 0.000 0.000 0.118 0.110 0.098 0.094 0.082 0.069 0.060 0.056 0.051 0.048 0.046 0.045 0.043 0.042 0.040 0.037 0.033 0.031 0.028 0.026 0.025 0.024 0.022 0.020 0.018 0.016 0.014 0.012 0.010 0.007 0.006 0.005 0.005
0.000 0.000 0.000 0.000 0.000 0.000 0.000 0.000 0.000 0.000 0.000 0.000 0.000 0.000 0.000 0.000 0.000 0.000 0.000 0.000 0.000 0.000 0.000 0.000 0.000 0.000 0.131 0.127 0.146 0.149 0.151 0.161 0.162 0.165 0.174 0.178 0.179 0.163 0.000 0.000 0.000 0.000 0.000 0.000 0.000 0.000 0.090 0.085 0.076 0.063 0.059 0.055 0.051 0.049 0.047 0.044 0.043 0.042 0.039 0.035 0.032 0.030 0.027 0.025 0.024 0.023 0.021 0.018 0.016 0.014 0.011 0.009 0.007 0.007 0.006 0.005 0.005
0.000 0.000 0.000 0.000 0.000 0.000 0.000 0.000 0.000 0.000 0.000 0.000 0.000 0.000 0.000 0.000 0.000 0.000 0.000 0.000 0.000 0.000 0.000 0.000 0.000 0.000 0.138 0.152 0.140 0.158 0.157 0.160 0.180 0.182 0.187 0.174 0.169 0.160 0.000 0.000 0.000 0.000 0.000 0.000 0.000 0.000 0.079 0.075 0.064 0.061 0.056 0.054 0.052 0.049 0.046 0.044 0.043 0.042 0.038 0.034 0.031 0.029 0.026 0.024 0.023 0.022 0.019 0.016 0.013 0.010 0.008 0.008 0.007 0.007 0.006 0.005 0.005
0.000 0.000 0.000 0.000 0.000 0.000 0.000 0.000 0.000 0.000 0.000 0.000 0.000 0.000 0.000 0.000 0.000 0.000 0.000 0.000 0.000 0.000 0.000 0.000 0.000 0.000 0.138 0.158 0.150 0.170 0.166 0.183 0.160 0.180 0.167 0.167 0.158 0.000 0.000 0.000 0.000 0.000 0.067 0.065 0.065 0.065 0.068 0.065 0.061 0.057 0.054 0.053 0.052 0.050 0.047 0.044 0.042 0.041 0.037 0.033 0.029 0.028 0.025 0.023 0.022 0.019 0.016 0.012 0.010 0.009 0.009 0.008 0.007 0.007 0.006 0.005 0.005
0.000 0.000 0.000 0.000 0.000 0.000 0.000 0.000 0.000 0.000 0.000 0.000 0.000 0.000 0.000 0.000 0.000 0.000 0.000 0.000 0.000 0.000 0.000 0.000 0.000 0.000 0.156 0.152 0.153 0.168 0.180 0.161 0.181 0.179 0.174 0.171 0.184 0.000 0.000 0.000 0.000 0.000 0.000 0.065 0.065 0.065 0.064 0.062 0.059 0.055 0.053 0.053 0.052 0.051 0.047 0.044 0.042 0.040 0.035 0.031 0.028 0.026 0.023 0.021 0.019 0.015 0.011 0.011 0.010 0.009 0.009 0.008 0.007 0.007 0.006 0.006 0.007
0.000 0.000 0.000 0.000 0.000 0.000 0.000 0.000 0.000 0.000 0.000 0.000 0.000 0.000 0.000 0.000 0.000 0.000 0.000 0.000 0.000 0.000 0.000 0.000 0.000 0.000 0.152 0.154 0.145 0.169 0.156 0.184 0.159 0.167 0.163 0.174 0.169 0.000 0.000 0.000 0.000 0.000 0.000 0.000 0.000 0.000 0.061 0.060 0.057 0.054 0.054 0.053 0.053 0.051 0.047 0.044 0.042 0.038 0.033 0.028 0.026 0.023 0.020 0.017 0.014 0.013 0.011 0.011 0.010 0.009 0.009 0.008 0.007 0.007 0.006 0.007 0.008
0.000 0.000 0.000 0.000 0.000 0.000 0.000 0.000 0.000 0.000 0.000 0.000 0.000 0.000 0.000 0.000 0.000 0.000 0.000 0.000 0.000 0.000 0.000 0.000 0.000 0.132 0.128 0.160 0.153 0.181 0.164 0.179 0.177 0.210 0.179 0.186 0.000 0.000 0.000 0.000 0.000 0.000 0.000 0.000 0.000 0.000 0.000 0.000 0.056 0.055 0.055 0.053 0.053 0.050 0.047 0.045 0.041 0.035 0.030 0.026 0.023 0.020 0.016 0.015 0.014 0.013 0.011 0.010 0.010 0.009 0.009 0.008 0.008 0.007 0.007 0.009 0.007
0.287 0.000 0.000 0.000 0.000 0.221 0.219 0.214 0.209 0.205 0.000 0.000 0.000 0.000 0.000 0.000 0.000 0.000 0.000 0.000 0.000 0.000 0.000 0.000 0.000 0.157 0.153 0.146 0.168 0.167 0.186 0.190 0.201 0.201 0.204 0.197 0.000 0.000 0.000 0.000 0.000 0.000 0.000 0.000 0.000 0.000 0.000 0.000 0.000 0.000 0.000 0.052 0.051 0.049 0.047 0.044 0.038 0.031 0.026 0.022 0.018 0.016 0.015 0.015 0.014 0.013 0.011 0.011 0.010 0.009 0.009 0.008 0.008 0.008 0.008 0.010 0.007
0.310 0.292 0.276 0.256 0.251 0.238 0.232 0.226 0.220 0.214 0.209 0.196 0.184 0.171 0.151 0.150 0.153 0.000 0.129 0.000 0.000 0.000 0.000 0.000 0.000 0.133 0.161 0.149 0.164 0.169 0.185 0.194 0.202 0.180 0.200 0.195 0.000 0.000 0.000 0.000 0.000 0.000 0.000 0.000 0.000 0.000 0.000 0.000 0.000 0.000 0.000 0.000 0.000 0.000 0.046 0.042 0.033 0.026 0.020 0.018 0.017 0.016 0.016 0.016 0.014 0.012 0.011 0.011 0.010 0.010 0.009 0.009 0.009 0.009 0.011 0.010 0.006
0.324 0.312 0.295 0.275 0.267 0.258 0.244 0.237 0.232 0.227 0.219 0.206 0.195 0.183 0.165 0.151 0.144 0.137 0.134 0.138 0.146 0.000 0.000 0.000 0.000 0.144 0.150 0.155 0.170 0.177 0.186 0.195 0.201 0.208 0.188 0.210 0.000 0.000 0.000 0.000 0.000 0.000 0.000 0.000 0.000 0.000 0.000 0.000 0.000 0.000 0.000 0.000 0.000 0.000 0.000 0.000 0.022 0.018 0.018 0.017 0.017 0.016 0.016 0.016 0.014 0.012 0.011 0.011 0.010 0.010 0.010 0.010 0.010 0.012 0.015 0.011 0.006
0.337 0.331 0.305 0.285 0.271 0.272 0.257 0.246 0.240 0.234 0.224 0.214 0.201 0.188 0.171 0.158 0.143 0.134 0.131 0.133 0.143 0.155 0.000 0.000 0.000 0.161 0.161 0.166 0.174 0.191 0.188 0.209 0.200 0.183 0.173 0.000 0.000 0.000 0.000 0.000 0.000 0.000 0.000 0.000 0.000 0.000 0.000 0.000 0.000 0.000 0.000 0.000 0.000 0.000 0.000 0.000 0.016 0.016 0.017 0.017 0.016 0.016 0.017 0.015 0.013 0.012 0.011 0.011 0.011 0.011 0.011 0.012 0.014 0.019 0.019 0.014 0.009
0.344 0.323 0.296 0.286 0.295 0.277 0.267 0.257 0.248 0.238 0.229 0.225 0.210 0.197 0.182 0.167 0.151 0.133 0.132 0.133 0.138 0.141 0.138 0.151 0.156 0.169 0.177 0.192 0.189 0.191 0.204 0.207 0.193 0.174 0.161 0.000 0.000 0.000 0.000 0.000 0.000 0.000 0.000 0.000 0.000 0.000 0.000 0.000 0.000 0.000 0.000 0.000 0.000 0.000 0.000 0.000 0.013 0.015 0.016 0.016 0.016 0.017 0.016 0.014 0.012 0.012 0.012 0.012 0.012 0.013 0.014 0.017 0.023 0.029 0.024 0.019 0.014
0.340 0.312 0.305 0.298 0.280 0.293 0.277 0.263 0.254 0.247 0.239 0.227 0.217 0.203 0.188 0.175 0.163 0.142 0.134 0.136 0.140 0.145 0.147 0.157 0.156 0.162 0.180 0.196 0.207 0.201 0.222 0.212 0.191 0.193 0.163 0.000 0.000 0.000 0.000 0.000 0.000 0.000 0.000 0.000 0.000 0.000 0.000 0.000 0.000 0.000 0.000 0.000 0.000 0.000 0.000 0.001 0.011 0.014 0.015 0.015 0.016 0.016 0.015 0.013 0.012 0.012 0.013 0.013 0.014 0.017 0.021 0.028 0.035 0.035 0.031 0.026 0.020
0.330 0.311 0.307 0.288 0.308 0.296 0.280 0.275 0.271 0.258 0.245 0.240 0.222 0.210 0.197 0.184 0.169 0.146 0.138 0.137 0.139 0.145 0.154 0.160 0.161 0.160 0.187 0.198 0.198 0.212 0.221 0.207 0.211 0.190 0.175 0.000 0.000 0.000 0.000 0.000 0.000 0.000 0.000 0.000 0.000 0.000 0.000 0.000 0.000 0.000 0.000 0.000 0.000 0.000 0.000 0.001 0.010 0.012 0.014 0.015 0.015 0.014 0.013 0.013 0.013 0.014 0.014 0.016 0.019 0.024 0.032 0.000 0.000 0.042 0.037 0.032 0.026
0.000 0.000 0.313 0.314 0.323 0.298 0.290 0.287 0.277 0.268 0.257 0.242 0.232 0.220 0.206 0.192 0.175 0.155 0.145 0.137 0.129 0.133 0.150 0.159 0.164 0.165 0.179 0.187 0.183 0.198 0.208 0.197 0.210 0.187 0.000 0.000 0.000 0.000 0.000 0.000 0.000 0.000 0.000 0.000 0.000 0.000 0.000 0.000 0.000 0.000 0.000 0.000 0.000 0.000 0.000 0.000 0.009 0.011 0.013 0.014 0.014 0.013 0.013 0.014 0.015 0.016 0.017 0.020 0.025 0.030 0.000 0.000 0.000 0.000 0.000 0.039 0.034
