数据/2hours/0.1-2h-200y/coupled-192-0001.wd
ncols         694
nrows         824
xllcorner     581104.939801
yllcorner     3495917.092414
cellsize      2.000000
NODATA_value  -9999.000000
[rows 714 to 747 of 824, columns 154 to 230 of 694]
0.000 0.000 0.000 0.000 0.000 0.000 0.002 0.003 0.004 0.005 0.006 0.007 0.007 0.008 0.008 0.008 0.008 0.008 0.008 0.007 0.000 0.000 0.057 0.052 0.039 0.023 0.018 0.014 0.011 0.008 0.006 0.005 0.000 0.000 0.000 0.000 0.000 0.000 0.000 0.000 0.000 0.000 0.002 0.006 0.025 0.037 0.049 0.061 0.071 0.000 0.000 0.000 0.000 0.000 0.000 0.000 0.000 0.000 0.170 0.181 0.193 0.189 0.170 0.150 0.160 0.073 0.001 0.001 0.001 0.001 0.000 0.000 0.000 0.000 0.000 0.000 0.000
0.000 0.000 0.000 0.000 0.000 0.002 0.003 0.004 0.005 0.006 0.007 0.008 0.008 0.009 0.009 0.009 0.010 0.010 0.010 0.010 0.009 0.008 0.000 0.074 0.068 0.056 0.036 0.031 0.024 0.018 0.013 0.011 0.008 0.005 0.000 0.000 0.000 0.000 0.000 0.000 0.000 0.001 0.003 0.047 0.093 0.103 0.112 0.124 0.136 0.000 0.000 0.000 0.000 0.000 0.000 0.000 0.000 0.000 0.232 0.227 0.208 0.183 0.156 0.153 0.162 0.123 0.033 0.001 0.001 0.001 0.000 0.000 0.000 0.000 0.000 0.000 0.000
0.000 0.000 0.000 0.000 0.001 0.003 0.004 0.005 0.006 0.007 0.008 0.008 0.009 0.009 0.010 0.010 0.010 0.011 0.011 0.012 0.012 0.012 0.011 0.001 0.001 0.094 0.076 0.059 0.037 0.030 0.025 0.022 0.018 0.014 0.011 0.000 0.000 0.000 0.000 0.000 0.001 0.001 0.036 0.091 0.146 0.164 0.175 0.186 0.198 0.000 0.000 0.000 0.000 0.000 0.000 0.000 0.000 0.267 0.246 0.221 0.194 0.176 0.150 0.156 0.165 0.159 0.078 0.001 0.001 0.000 0.000 0.000 0.000 0.000 0.000 0.000 0.000
0.000 0.000 0.000 0.000 0.002 0.004 0.005 0.006 0.007 0.008 0.008 0.009 0.009 0.010 0.010 0.011 0.011 0.012 0.012 0.013 0.014 0.015 0.016 0.017 0.019 0.001 0.102 0.091 0.069 0.046 0.042 0.037 0.032 0.027 0.023 0.019 0.016 0.000 0.000 0.000 0.001 0.020 0.078 0.133 0.188 0.228 0.238 0.249 0.000 0.000 0.000 0.000 0.000 0.000 0.000 0.000 0.000 0.260 0.237 0.213 0.188 0.166 0.150 0.159 0.174 0.182 0.124 0.049 0.001 0.000 0.000 0.000 0.000 0.000 0.000 0.000 0.000
0.000 0.000 0.000 0.001 0.003 0.005 0.006 0.007 0.007 0.008 0.009 0.009 0.010 0.010 0.011 0.011 0.012 0.012 0.013 0.014 0.015 0.017 0.019 0.023 0.030 0.044 0.001 0.120 0.100 0.074 0.060 0.054 0.048 0.042 0.037 0.034 0.032 0.031 0.000 0.002 0.009 0.062 0.119 0.175 0.231 0.287 0.302 0.313 0.000 0.000 0.000 0.000 0.000 0.000 0.000 0.000 0.000 0.252 0.226 0.203 0.182 0.158 0.151 0.160 0.173 0.184 0.169 0.084 0.000 0.000 0.000 0.000 0.000 0.000 0.000 0.000 0.000
0.000 0.000 0.000 0.001 0.003 0.005 0.006 0.007 0.008 0.008 0.009 0.010 0.010 0.011 0.011 0.012 0.012 0.013 0.014 0.015 0.016 0.017 0.019 0.022 0.026 0.030 0.020 0.001 0.001 0.086 0.078 0.070 0.063 0.057 0.053 0.050 0.049 0.046 0.041 0.031 0.054 0.106 0.161 0.218 0.274 0.330 0.366 0.376 0.000 0.000 0.000 0.000 0.000 0.000 0.000 0.000 0.000 0.243 0.220 0.199 0.172 0.150 0.158 0.168 0.176 0.185 0.192 0.128 0.000 0.000 0.000 0.000 0.000 0.000 0.000 0.000 0.000
0.000 0.000 0.000 0.001 0.003 0.005 0.006 0.007 0.008 0.009 0.009 0.010 0.010 0.011 0.011 0.012 0.013 0.013 0.014 0.015 0.016 0.017 0.019 0.021 0.022 0.023 0.019 0.014 0.009 0.001 0.094 0.088 0.081 0.071 0.070 0.068 0.067 0.066 0.065 0.000 0.000 0.149 0.203 0.259 0.317 0.373 0.428 0.439 0.449 0.428 0.000 0.000 0.000 0.000 0.000 0.000 0.260 0.235 0.212 0.190 0.166 0.147 0.159 0.170 0.180 0.191 0.201 0.173 0.000 0.000 0.000 0.000 0.000 0.000 0.000 0.000 0.000
0.000 0.000 0.000 0.001 0.003 0.005 0.006 0.007 0.008 0.009 0.009 0.010 0.010 0.011 0.012 0.012 0.013 0.013 0.014 0.015 0.016 0.017 0.018 0.019 0.020 0.020 0.017 0.015 0.012 0.008 0.000 0.104 0.099 0.091 0.090 0.088 0.088 0.087 0.000 0.000 0.000 0.000 0.245 0.302 0.359 0.415 0.469 0.466 0.443 0.420 0.396 0.373 0.000 0.000 0.000 0.000 0.251 0.228 0.205 0.179 0.157 0.154 0.163 0.174 0.182 0.190 0.201 0.000 0.000 0.000 0.000 0.000 0.000 0.000 0.000 0.000 0.000
0.000 0.000 0.000 0.001 0.003 0.005 0.006 0.007 0.008 0.009 0.009 0.010 0.011 0.011 0.012 0.012 0.013 0.013 0.014 0.015 0.015 0.016 0.017 0.018 0.018 0.018 0.016 0.015 0.013 0.010 0.007 0.001 0.001 0.113 0.112 0.110 0.107 0.000 0.000 0.000 0.000 0.000 0.000 0.345 0.402 0.426 0.446 0.000 0.000 0.411 0.387 0.366 0.341 0.317 0.000 0.000 0.242 0.216 0.190 0.170 0.149 0.153 0.164 0.179 0.189 0.196 0.206 0.000 0.000 0.000 0.000 0.000 0.000 0.000 0.000 0.000 0.000
0.000 0.000 0.000 0.001 0.003 0.005 0.006 0.007 0.008 0.009 0.009 0.010 0.011 0.011 0.012 0.012 0.013 0.013 0.014 0.014 0.015 0.016 0.016 0.016 0.017 0.016 0.015 0.014 0.013 0.011 0.009 0.007 0.005 0.001 0.136 0.132 0.000 0.000 0.000 0.000 0.000 0.000 0.000 0.359 0.380 0.401 0.423 0.000 0.000 0.000 0.000 0.355 0.331 0.307 0.282 0.254 0.231 0.210 0.182 0.158 0.154 0.162 0.170 0.182 0.192 0.200 0.213 0.000 0.000 0.000 0.000 0.000 0.000 0.000 0.000 0.000 0.000
0.000 0.000 0.000 0.001 0.003 0.005 0.006 0.007 0.008 0.009 0.009 0.010 0.010 0.011 0.012 0.012 0.013 0.013 0.014 0.014 0.014 0.015 0.015 0.016 0.015 0.015 0.014 0.014 0.012 0.011 0.010 0.009 0.007 0.005 0.001 0.148 0.140 0.000 0.000 0.000 0.000 0.000 0.000 0.335 0.357 0.378 0.400 0.411 0.000 0.000 0.000 0.000 0.000 0.296 0.269 0.243 0.217 0.194 0.162 0.151 0.155 0.162 0.171 0.184 0.197 0.206 0.000 0.000 0.000 0.000 0.000 0.000 0.000 0.000 0.000 0.000 0.000
0.000 0.000 0.000 0.001 0.003 0.005 0.006 0.007 0.008 0.009 0.009 0.010 0.010 0.011 0.011 0.012 0.012 0.013 0.013 0.014 0.014 0.014 0.015 0.015 0.015 0.014 0.014 0.013 0.012 0.011 0.010 0.009 0.008 0.007 0.005 0.000 0.159 0.160 0.000 0.000 0.000 0.000 0.000 0.000 0.334 0.000 0.000 0.391 0.377 0.000 0.000 0.000 0.000 0.000 0.000 0.231 0.207 0.184 0.161 0.144 0.156 0.165 0.173 0.185 0.196 0.207 0.000 0.000 0.000 0.000 0.000 0.000 0.000 0.000 0.000 0.000 0.000
0.000 0.000 0.000 0.001 0.003 0.005 0.006 0.007 0.008 0.009 0.009 0.010 0.010 0.011 0.011 0.012 0.012 0.012 0.013 0.013 0.013 0.014 0.014 0.014 0.014 0.014 0.013 0.013 0.012 0.011 0.010 0.009 0.008 0.007 0.006 0.004 0.001 0.181 0.202 0.000 0.000 0.000 0.000 0.000 0.000 0.000 0.000 0.000 0.357 0.000 0.000 0.000 0.000 0.000 0.240 0.218 0.194 0.173 0.145 0.140 0.156 0.168 0.176 0.187 0.199 0.214 0.000 0.000 0.000 0.000 0.000 0.000 0.000 0.000 0.000 0.000 0.000
0.000 0.000 0.000 0.001 0.003 0.005 0.006 0.007 0.008 0.008 0.009 0.009 0.010 0.010 0.011 0.011 0.012 0.012 0.012 0.013 0.013 0.013 0.013 0.013 0.013 0.013 0.013 0.012 0.012 0.011 0.010 0.009 0.009 0.008 0.007 0.006 0.004 0.000 0.175 0.191 0.000 0.000 0.000 0.000 0.000 0.000 0.000 0.000 0.336 0.000 0.000 0.000 0.000 0.000 0.228 0.208 0.183 0.158 0.136 0.144 0.159 0.166 0.176 0.191 0.202 0.000 0.000 0.000 0.000 0.000 0.000 0.000 0.000 0.000 0.000 0.000 0.000
0.000 0.000 0.000 0.001 0.003 0.005 0.006 0.007 0.007 0.008 0.009 0.009 0.010 0.010 0.011 0.011 0.011 0.012 0.012 0.012 0.013 0.013 0.013 0.013 0.013 0.012 0.012 0.012 0.011 0.011 0.010 0.009 0.009 0.008 0.007 0.006 0.005 0.003 0.001 0.164 0.181 0.000 0.000 0.000 0.000 0.000 0.000 0.320 0.315 0.000 0.000 0.000 0.000 0.245 0.221 0.199 0.175 0.152 0.136 0.144 0.156 0.165 0.179 0.196 0.206 0.219 0.231 0.000 0.000 0.000 0.000 0.000 0.000 0.000 0.000 0.000 0.000
0.000 0.000 0.000 0.000 0.002 0.004 0.005 0.006 0.007 0.008 0.008 0.009 0.009 0.010 0.010 0.011 0.011 0.011 0.012 0.012 0.012 0.012 0.012 0.012 0.012 0.012 0.012 0.011 0.011 0.010 0.010 0.009 0.009 0.008 0.007 0.006 0.005 0.003 0.001 0.000 0.151 0.163 0.000 0.000 0.000 0.000 0.000 0.000 0.000 0.000 0.000 0.000 0.000 0.226 0.215 0.191 0.166 0.145 0.146 0.151 0.161 0.170 0.185 0.202 0.212 0.224 0.235 0.250 0.266 0.000 0.000 0.000 0.000 0.000 0.000 0.000 0.051
0.000 0.000 0.000 0.000 0.001 0.003 0.004 0.005 0.006 0.007 0.008 0.008 0.009 0.009 0.010 0.010 0.011 0.011 0.011 0.011 0.012 0.012 0.012 0.012 0.012 0.011 0.011 0.011 0.010 0.010 0.009 0.009 0.008 0.008 0.007 0.006 0.005 0.003 0.001 0.000 0.000 0.129 0.143 0.162 0.000 0.000 0.000 0.000 0.000 0.000 0.000 0.000 0.223 0.209 0.194 0.179 0.157 0.138 0.148 0.155 0.166 0.173 0.186 0.201 0.212 0.227 0.239 0.252 0.268 0.285 0.299 0.000 0.000 0.000 0.000 0.000 0.000
0.000 0.000 0.000 0.000 0.000 0.002 0.003 0.004 0.005 0.006 0.007 0.008 0.008 0.009 0.009 0.010 0.010 0.010 0.011 0.011 0.011 0.011 0.011 0.011 0.011 0.011 0.011 0.010 0.010 0.010 0.009 0.009 0.008 0.007 0.007 0.006 0.005 0.003 0.001 0.000 0.000 0.000 0.118 0.143 0.173 0.000 0.000 0.000 0.000 0.000 0.000 0.000 0.199 0.190 0.171 0.163 0.143 0.143 0.153 0.164 0.172 0.177 0.188 0.202 0.216 0.235 0.248 0.257 0.274 0.291 0.306 0.321 0.277 0.000 0.000 0.000 0.000
0.000 0.000 0.000 0.000 0.000 0.000 0.002 0.003 0.004 0.005 0.006 0.007 0.008 0.008 0.009 0.009 0.010 0.010 0.010 0.010 0.011 0.011 0.011 0.011 0.011 0.010 0.010 0.010 0.010 0.009 0.009 0.008 0.008 0.007 0.006 0.005 0.004 0.002 0.000 0.000 0.000 0.000 0.000 0.128 0.152 0.174 0.000 0.000 0.000 0.000 0.000 0.179 0.173 0.161 0.149 0.139 0.135 0.141 0.152 0.166 0.174 0.182 0.192 0.204 0.217 0.000 0.000 0.000 0.284 0.300 0.314 0.328 0.325 0.243 0.176 0.000 0.000
0.000 0.000 0.000 0.000 0.000 0.000 0.000 0.002 0.003 0.004 0.005 0.006 0.007 0.008 0.008 0.009 0.009 0.009 0.010 0.010 0.010 0.010 0.010 0.010 0.010 0.010 0.010 0.009 0.009 0.009 0.008 0.008 0.007 0.006 0.005 0.004 0.003 0.001 0.000 0.000 0.000 0.000 0.000 0.000 0.129 0.146 0.160 0.000 0.000 0.000 0.000 0.160 0.148 0.139 0.133 0.131 0.137 0.136 0.146 0.159 0.166 0.174 0.187 0.200 0.213 0.000 0.000 0.000 0.000 0.000 0.319 0.334 0.346 0.288 0.250 0.213 0.000
0.000 0.000 0.000 0.000 0.000 0.000 0.000 0.000 0.002 0.003 0.004 0.005 0.006 0.007 0.008 0.008 0.009 0.009 0.009 0.009 0.009 0.010 0.010 0.010 0.009 0.009 0.009 0.009 0.009 0.008 0.008 0.007 0.006 0.005 0.004 0.003 0.002 0.000 0.000 0.000 0.000 0.000 0.000 0.000 0.105 0.119 0.132 0.153 0.000 0.154 0.150 0.143 0.129 0.132 0.135 0.131 0.133 0.134 0.143 0.155 0.163 0.170 0.181 0.197 0.000 0.000 0.000 0.000 0.000 0.000 0.000 0.340 0.351 0.360 0.323 0.287 0.000
0.000 0.000 0.000 0.000 0.000 0.000 0.000 0.000 0.000 0.002 0.003 0.004 0.005 0.006 0.007 0.008 0.008 0.008 0.009 0.009 0.009 0.009 0.009 0.009 0.009 0.009 0.009 0.008 0.008 0.008 0.007 0.006 0.005 0.004 0.003 0.002 0.000 0.000 0.000 0.000 0.000 0.000 0.000 0.000 0.000 0.094 0.111 0.128 0.150 0.143 0.132 0.127 0.127 0.127 0.130 0.131 0.127 0.127 0.134 0.148 0.161 0.167 0.172 0.000 0.000 0.000 0.000 0.000 0.000 0.000 0.000 0.000 0.000 0.368 0.366 0.365 0.333
0.000 0.000 0.000 0.000 0.000 0.000 0.000 0.000 0.000 0.000 0.002 0.003 0.004 0.005 0.006 0.007 0.007 0.008 0.008 0.008 0.008 0.008 0.008 0.008 0.008 0.008 0.008 0.008 0.007 0.007 0.006 0.005 0.004 0.003 0.002 0.000 0.000 0.000 0.000 0.000 0.000 0.000 0.000 0.000 0.000 0.000 0.096 0.111 0.131 0.130 0.123 0.125 0.127 0.124 0.128 0.124 0.126 0.123 0.130 0.141 0.151 0.164 0.166 0.000 0.000 0.000 0.000 0.000 0.000 0.000 0.000 0.000 0.000 0.000 0.000 0.379 0.380
0.000 0.000 0.000 0.000 0.000 0.000 0.000 0.000 0.000 0.000 0.000 0.002 0.003 0.004 0.005 0.006 0.007 0.007 0.007 0.007 0.007 0.007 0.007 0.007 0.007 0.007 0.007 0.007 0.006 0.006 0.005 0.004 0.003 0.002 0.000 0.000 0.000 0.000 0.000 0.000 0.000 0.000 0.000 0.000 0.000 0.000 0.000 0.088 0.112 0.127 0.121 0.126 0.124 0.127 0.129 0.125 0.123 0.119 0.125 0.138 0.147 0.165 0.000 0.000 0.000 0.000 0.000 0.000 0.000 0.000 0.000 0.000 0.000 0.000 0.000 0.000 0.000
0.000 0.000 0.000 0.000 0.000 0.000 0.000 0.000 0.000 0.000 0.000 0.000 0.002 0.003 0.004 0.005 0.006 0.006 0.006 0.006 0.006 0.006 0.006 0.006 0.006 0.006 0.006 0.006 0.005 0.005 0.004 0.003 0.002 0.000 0.000 0.000 0.000 0.000 0.000 0.000 0.000 0.000 0.000 0.000 0.000 0.000 0.000 0.000 0.093 0.113 0.121 0.120 0.117 0.122 0.119 0.120 0.117 0.118 0.119 0.136 0.148 0.163 0.000 0.000 0.000 0.000 0.000 0.000 0.000 0.000 0.000 0.000 0.000 0.000 0.000 0.000 0.000
0.000 0.000 0.000 0.000 0.000 0.000 0.000 0.000 0.000 0.000 0.000 0.000 0.000 0.002 0.003 0.004 0.005 0.005 0.005 0.005 0.005 0.005 0.005 0.005 0.005 0.005 0.005 0.005 0.004 0.004 0.003 0.002 0.000 0.000 0.000 0.000 0.000 0.000 0.000 0.000 0.000 0.000 0.000 0.000 0.000 0.000 0.000 0.000 0.000 0.079 0.105 0.115 0.118 0.114 0.117 0.113 0.117 0.116 0.119 0.131 0.141 0.000 0.000 0.000 0.000 0.000 0.000 0.000 0.000 0.000 0.000 0.000 0.000 0.000 0.000 0.000 0.000
0.000 0.000 0.000 0.000 0.000 0.000 0.000 0.000 0.000 0.000 0.000 0.000 0.000 0.000 0.001 0.002 0.003 0.003 0.003 0.003 0.003 0.003 0.003 0.003 0.003 0.003 0.003 0.003 0.003 0.002 0.001 0.000 0.000 0.000 0.000 0.000 0.000 0.000 0.000 0.000 0.000 0.000 0.000 0.000 0.000 0.000 0.000 0.000 0.000 0.000 0.073 0.097 0.111 0.110 0.115 0.111 0.115 0.113 0.117 0.129 0.139 0.000 0.000 0.000 0.000 0.000 0.000 0.000 0.000 0.000 0.000 0.000 0.000 0.000 0.000 0.000 0.000
0.000 0.000 0.000 0.000 0.000 0.000 0.000 0.000 0.000 0.000 0.000 0.000 0.000 0.000 0.000 0.000 0.001 0.001 0.001 0.001 0.001 0.001 0.001 0.001 0.001 0.001 0.001 0.001 0.001 0.000 0.000 0.000 0.000 0.000 0.000 0.000 0.000 0.000 0.000 0.000 0.000 0.000 0.000 0.000 0.000 0.000 0.000 0.000 0.000 0.000 0.039 0.071 0.095 0.111 0.108 0.111 0.112 0.115 0.116 0.129 0.000 0.000 0.000 0.000 0.000 0.000 0.000 0.000 0.000 0.000 0.000 0.000 0.000 0.000 0.000 0.000 0.000
0.000 0.000 0.000 0.000 0.000 0.000 0.000 0.000 0.000 0.000 0.000 0.000 0.000 0.000 0.000 0.000 0.000 0.000 0.000 0.000 0.000 0.000 0.000 0.000 0.000 0.000 0.000 0.000 0.000 0.000 0.000 0.000 0.000 0.000 0.000 0.000 0.000 0.000 0.000 0.000 0.000 0.000 0.000 0.000 0.000 0.000 0.000 0.000 0.000 0.000 0.000 0.054 0.077 0.096 0.110 0.110 0.099 0.101 0.109 0.000 0.000 0.000 0.000 0.000 0.000 0.000 0.000 0.000 0.000 0.000 0.000 0.000 0.000 0.000 0.000 0.000 0.000
0.000 0.000 0.000 0.000 0.000 0.000 0.000 0.000 0.000 0.000 0.000 0.000 0.000 0.000 0.000 0.000 0.000 0.000 0.000 0.000 0.000 0.000 0.000 0.000 0.000 0.000 0.000 0.000 0.000 0.000 0.000 0.000 0.000 0.000 0.000 0.000 0.000 0.000 0.000 0.000 0.000 0.000 0.000 0.000 0.000 0.000 0.000 0.000 0.000 0.000 0.000 0.028 0.053 0.070 0.092 0.106 0.101 0.094 0.093 0.092 0.000 0.000 0.000 0.000 0.000 0.000 0.000 0.000 0.000 0.000 0.000 0.000 0.000 0.000 0.000 0.000 0.000
0.000 0.000 0.000 0.000 0.000 0.000 0.000 0.000 0.000 0.000 0.000 0.000 0.000 0.000 0.000 0.000 0.000 0.000 0.000 0.000 0.000 0.000 0.000 0.000 0.000 0.000 0.000 0.000 0.000 0.000 0.000 0.000 0.000 0.000 0.000 0.000 0.000 0.000 0.000 0.000 0.000 0.000 0.000 0.000 0.000 0.000 0.000 0.000 0.000 0.000 0.000 0.018 0.042 0.054 0.067 0.085 0.100 0.095 0.089 0.083 0.085 0.000 0.000 0.000 0.000 0.000 0.000 0.000 0.000 0.000 0.000 0.000 0.000 0.000 0.000 0.000 0.000
0.000 0.000 0.000 0.000 0.000 0.000 0.000 0.000 0.000 0.000 0.000 0.000 0.000 0.000 0.000 0.000 0.000 0.000 0.000 0.000 0.000 0.000 0.000 0.000 0.000 0.000 0.000 0.000 0.000 0.000 0.000 0.000 0.000 0.000 0.000 0.000 0.000 0.000 0.000 0.000 0.000 0.000 0.000 0.000 0.000 0.000 0.000 0.000 0.000 0.000 0.000 0.001 0.004 0.018 0.046 0.066 0.076 0.087 0.083 0.073 0.074 0.070 0.067 0.000 0.000 0.000 0.000 0.000 0.000 0.000 0.000 0.000 0.000 0.000 0.000 0.000 0.000
0.000 0.000 0.000 0.000 0.000 0.000 0.000 0.000 0.000 0.000 0.000 0.000 0.000 0.000 0.000 0.000 0.000 0.000 0.000 0.000 0.000 0.000 0.000 0.000 0.000 0.000 0.000 0.000 0.000 0.000 0.000 0.000 0.000 0.000 0.000 0.000 0.000 0.000 0.000 0.000 0.000 0.000 0.000 0.000 0.000 0.000 0.000 0.000 0.000 0.000 0.000 0.000 0.001 0.009 0.021 0.036 0.053 0.071 0.076 0.068 0.068 0.059 0.065 0.076 0.000 0.000 0.000 0.000 0.000 0.000 0.000 0.000 0.000 0.000 0.000 0.000 0.000
0.000 0.000 0.000 0.000 0.000 0.000 0.000 0.000 0.000 0.000 0.000 0.000 0.000 0.000 0.000 0.000 0.000 0.000 0.000 0.000 0.000 0.000 0.000 0.000 0.000 0.000 0.000 0.000 0.000 0.000 0.000 0.000 0.000 0.000 0.000 0.000 0.000 0.000 0.000 0.000 0.000 0.000 0.000 0.000 0.000 0.000 0.000 0.000 0.000 0.000 0.000 0.000 0.001 0.004 0.008 0.016 0.028 0.045 0.060 0.064 0.053 0.058 0.062 0.065 0.068 0.000 0.000 0.000 0.000 0.000 0.000 0.000 0.000 0.000 0.000 0.000 0.000
