数据/2hours/0.1-2h-200y/coupled-205-0001.wd
ncols         694
nrows         824
xllcorner     581104.939801
yllcorner     3495917.092414
cellsize      2.000000
NODATA_value  -9999.000000
[rows 714 to 747 of 824, columns 154 to 230 of 694]
0.000 0.000 0.000 0.000 0.000 0.000 0.002 0.003 0.004 0.005 0.006 0.007 0.007 0.007 0.007 0.007 0.007 0.007 0.007 0.006 0.000 0.001 0.047 0.042 0.033 0.023 0.017 0.012 0.007 0.004 0.001 0.001 0.000 0.000 0.000 0.000 0.000 0.000 0.000 0.000 0.000 0.000 0.001 0.002 0.002 0.005 0.014 0.021 0.032 0.000 0.000 0.000 0.000 0.000 0.000 0.000 0.000 0.000 0.143 0.154 0.164 0.161 0.133 0.111 0.118 0.032 0.001 0.001 0.001 0.001 0.000 0.000 0.000 0.000 0.000 0.000 0.000
0.000 0.000 0.000 0.000 0.000 0.002 0.003 0.004 0.005 0.006 0.007 0.007 0.007 0.008 0.008 0.008 0.008 0.008 0.008 0.008 0.007 0.006 0.001 0.060 0.054 0.044 0.031 0.026 0.017 0.011 0.006 0.003 0.001 0.001 0.000 0.000 0.000 0.000 0.000 0.000 0.000 0.001 0.001 0.006 0.049 0.063 0.076 0.087 0.097 0.000 0.000 0.000 0.000 0.000 0.000 0.000 0.000 0.000 0.207 0.200 0.173 0.151 0.127 0.115 0.123 0.073 0.002 0.001 0.001 0.001 0.000 0.000 0.000 0.000 0.000 0.000 0.000
0.000 0.000 0.000 0.000 0.001 0.003 0.004 0.005 0.006 0.007 0.007 0.008 0.008 0.008 0.008 0.009 0.009 0.009 0.009 0.009 0.009 0.009 0.008 0.001 0.001 0.070 0.058 0.044 0.027 0.020 0.014 0.010 0.006 0.003 0.001 0.000 0.000 0.000 0.000 0.000 0.001 0.001 0.002 0.045 0.106 0.127 0.139 0.150 0.160 0.000 0.000 0.000 0.000 0.000 0.000 0.000 0.000 0.242 0.214 0.191 0.169 0.140 0.118 0.120 0.128 0.125 0.037 0.001 0.001 0.000 0.000 0.000 0.000 0.000 0.000 0.000 0.000
0.000 0.000 0.000 0.000 0.002 0.004 0.005 0.006 0.007 0.007 0.008 0.008 0.008 0.009 0.009 0.009 0.009 0.010 0.010 0.011 0.011 0.011 0.012 0.012 0.014 0.001 0.079 0.070 0.052 0.032 0.024 0.020 0.015 0.010 0.007 0.003 0.001 0.000 0.000 0.000 0.001 0.001 0.032 0.094 0.149 0.189 0.200 0.210 0.000 0.000 0.000 0.000 0.000 0.000 0.000 0.000 0.000 0.231 0.204 0.181 0.158 0.130 0.113 0.122 0.128 0.139 0.073 0.003 0.001 0.000 0.000 0.000 0.000 0.000 0.000 0.000 0.000
0.000 0.000 0.000 0.001 0.003 0.005 0.006 0.006 0.007 0.007 0.008 0.008 0.009 0.009 0.009 0.010 0.010 0.010 0.011 0.011 0.012 0.013 0.014 0.017 0.021 0.031 0.001 0.093 0.078 0.055 0.039 0.035 0.026 0.020 0.015 0.011 0.007 0.003 0.000 0.001 0.001 0.016 0.078 0.135 0.190 0.246 0.261 0.272 0.000 0.000 0.000 0.000 0.000 0.000 0.000 0.000 0.000 0.221 0.197 0.171 0.147 0.124 0.120 0.129 0.132 0.143 0.131 0.047 0.000 0.000 0.000 0.000 0.000 0.000 0.000 0.000 0.000
0.000 0.000 0.000 0.001 0.003 0.005 0.006 0.007 0.007 0.008 0.008 0.008 0.009 0.009 0.010 0.010 0.010 0.011 0.011 0.012 0.013 0.013 0.015 0.016 0.019 0.022 0.014 0.001 0.000 0.064 0.056 0.047 0.038 0.032 0.027 0.024 0.022 0.020 0.017 0.007 0.012 0.062 0.120 0.176 0.233 0.288 0.325 0.336 0.000 0.000 0.000 0.000 0.000 0.000 0.000 0.000 0.000 0.210 0.187 0.163 0.138 0.114 0.125 0.136 0.142 0.149 0.160 0.086 0.000 0.000 0.000 0.000 0.000 0.000 0.000 0.000 0.000
0.000 0.000 0.000 0.001 0.003 0.005 0.006 0.007 0.007 0.008 0.008 0.009 0.009 0.009 0.010 0.010 0.011 0.011 0.011 0.012 0.013 0.013 0.014 0.015 0.016 0.017 0.014 0.010 0.007 0.001 0.069 0.063 0.055 0.044 0.042 0.040 0.040 0.039 0.038 0.000 0.000 0.104 0.164 0.218 0.275 0.331 0.389 0.403 0.415 0.393 0.000 0.000 0.000 0.000 0.000 0.000 0.224 0.203 0.179 0.149 0.132 0.123 0.129 0.136 0.143 0.151 0.161 0.132 0.000 0.000 0.000 0.000 0.000 0.000 0.000 0.000 0.000
0.000 0.000 0.000 0.001 0.003 0.005 0.006 0.007 0.007 0.008 0.008 0.009 0.009 0.009 0.010 0.010 0.011 0.011 0.012 0.012 0.013 0.013 0.014 0.014 0.015 0.015 0.013 0.011 0.009 0.007 0.000 0.079 0.073 0.062 0.060 0.059 0.059 0.059 0.000 0.000 0.000 0.000 0.206 0.262 0.318 0.374 0.430 0.428 0.405 0.381 0.359 0.339 0.000 0.000 0.000 0.000 0.216 0.190 0.169 0.146 0.120 0.127 0.136 0.140 0.148 0.157 0.166 0.000 0.000 0.000 0.000 0.000 0.000 0.000 0.000 0.000 0.000
0.000 0.000 0.000 0.001 0.003 0.005 0.006 0.007 0.008 0.008 0.008 0.009 0.009 0.010 0.010 0.010 0.011 0.011 0.012 0.012 0.012 0.013 0.013 0.014 0.014 0.013 0.013 0.011 0.010 0.008 0.006 0.000 0.000 0.081 0.079 0.077 0.077 0.000 0.000 0.000 0.000 0.000 0.000 0.305 0.361 0.384 0.406 0.000 0.000 0.374 0.354 0.332 0.310 0.289 0.000 0.000 0.211 0.185 0.162 0.138 0.118 0.129 0.134 0.138 0.149 0.162 0.171 0.000 0.000 0.000 0.000 0.000 0.000 0.000 0.000 0.000 0.000
0.000 0.000 0.000 0.001 0.003 0.005 0.006 0.007 0.008 0.008 0.008 0.009 0.009 0.010 0.010 0.010 0.011 0.011 0.011 0.012 0.012 0.013 0.013 0.013 0.013 0.013 0.012 0.011 0.010 0.009 0.008 0.006 0.004 0.001 0.098 0.096 0.000 0.000 0.000 0.000 0.000 0.000 0.000 0.318 0.339 0.360 0.382 0.000 0.000 0.000 0.000 0.327 0.303 0.281 0.253 0.228 0.200 0.175 0.155 0.132 0.121 0.132 0.139 0.146 0.155 0.164 0.172 0.000 0.000 0.000 0.000 0.000 0.000 0.000 0.000 0.000 0.000
0.000 0.000 0.000 0.001 0.003 0.005 0.006 0.007 0.008 0.008 0.008 0.009 0.009 0.010 0.010 0.010 0.011 0.011 0.011 0.012 0.012 0.012 0.012 0.012 0.012 0.012 0.012 0.011 0.010 0.009 0.008 0.007 0.006 0.004 0.001 0.112 0.108 0.000 0.000 0.000 0.000 0.000 0.000 0.296 0.317 0.338 0.358 0.371 0.000 0.000 0.000 0.000 0.000 0.270 0.244 0.218 0.194 0.168 0.133 0.122 0.123 0.133 0.141 0.149 0.158 0.168 0.000 0.000 0.000 0.000 0.000 0.000 0.000 0.000 0.000 0.000 0.000
0.000 0.000 0.000 0.001 0.003 0.005 0.006 0.007 0.007 0.008 0.008 0.009 0.009 0.009 0.010 0.010 0.010 0.011 0.011 0.011 0.012 0.012 0.012 0.012 0.012 0.012 0.011 0.011 0.010 0.009 0.009 0.008 0.007 0.006 0.004 0.001 0.129 0.130 0.000 0.000 0.000 0.000 0.000 0.000 0.295 0.000 0.000 0.351 0.338 0.000 0.000 0.000 0.000 0.000 0.000 0.199 0.178 0.155 0.130 0.120 0.129 0.136 0.147 0.159 0.165 0.174 0.000 0.000 0.000 0.000 0.000 0.000 0.000 0.000 0.000 0.000 0.000
0.000 0.000 0.000 0.001 0.003 0.005 0.006 0.007 0.007 0.008 0.008 0.009 0.009 0.009 0.010 0.010 0.010 0.011 0.011 0.011 0.011 0.011 0.011 0.011 0.011 0.011 0.011 0.010 0.010 0.009 0.009 0.008 0.007 0.006 0.005 0.004 0.001 0.150 0.169 0.000 0.000 0.000 0.000 0.000 0.000 0.000 0.000 0.000 0.318 0.000 0.000 0.000 0.000 0.000 0.210 0.185 0.166 0.141 0.121 0.126 0.130 0.136 0.149 0.159 0.170 0.182 0.000 0.000 0.000 0.000 0.000 0.000 0.000 0.000 0.000 0.000 0.000
0.000 0.000 0.000 0.001 0.003 0.005 0.006 0.007 0.007 0.008 0.008 0.008 0.009 0.009 0.010 0.010 0.010 0.010 0.011 0.011 0.011 0.011 0.011 0.011 0.011 0.011 0.011 0.010 0.010 0.009 0.009 0.008 0.007 0.007 0.006 0.005 0.004 0.000 0.143 0.165 0.000 0.000 0.000 0.000 0.000 0.000 0.000 0.000 0.298 0.000 0.000 0.000 0.000 0.000 0.200 0.173 0.152 0.132 0.106 0.121 0.132 0.143 0.155 0.164 0.177 0.000 0.000 0.000 0.000 0.000 0.000 0.000 0.000 0.000 0.000 0.000 0.000
0.000 0.000 0.000 0.001 0.003 0.005 0.006 0.006 0.007 0.007 0.008 0.008 0.009 0.009 0.009 0.010 0.010 0.010 0.010 0.010 0.011 0.011 0.011 0.011 0.011 0.010 0.010 0.010 0.009 0.009 0.009 0.008 0.008 0.007 0.006 0.005 0.004 0.003 0.001 0.140 0.160 0.000 0.000 0.000 0.000 0.000 0.000 0.282 0.277 0.000 0.000 0.000 0.000 0.204 0.185 0.163 0.139 0.118 0.108 0.120 0.134 0.148 0.158 0.166 0.179 0.191 0.204 0.000 0.000 0.000 0.000 0.000 0.000 0.000 0.000 0.000 0.000
0.000 0.000 0.000 0.000 0.002 0.004 0.005 0.006 0.007 0.007 0.008 0.008 0.008 0.009 0.009 0.009 0.010 0.010 0.010 0.010 0.010 0.010 0.010 0.010 0.010 0.010 0.010 0.010 0.009 0.009 0.008 0.008 0.007 0.007 0.006 0.006 0.005 0.003 0.001 0.000 0.131 0.143 0.000 0.000 0.000 0.000 0.000 0.000 0.000 0.000 0.000 0.000 0.000 0.183 0.170 0.154 0.131 0.107 0.107 0.120 0.135 0.151 0.158 0.167 0.181 0.196 0.210 0.224 0.237 0.000 0.000 0.000 0.000 0.000 0.000 0.000 0.050
0.000 0.000 0.000 0.000 0.001 0.003 0.004 0.005 0.006 0.007 0.007 0.008 0.008 0.008 0.009 0.009 0.009 0.010 0.010 0.010 0.010 0.010 0.010 0.010 0.010 0.010 0.010 0.009 0.009 0.009 0.008 0.008 0.007 0.007 0.006 0.006 0.005 0.003 0.001 0.000 0.000 0.113 0.126 0.145 0.000 0.000 0.000 0.000 0.000 0.000 0.000 0.000 0.174 0.159 0.150 0.138 0.121 0.103 0.112 0.124 0.139 0.153 0.161 0.174 0.187 0.201 0.216 0.229 0.244 0.259 0.271 0.000 0.000 0.000 0.000 0.000 0.000
0.000 0.000 0.000 0.000 0.000 0.002 0.003 0.004 0.005 0.006 0.007 0.007 0.008 0.008 0.008 0.009 0.009 0.009 0.009 0.010 0.010 0.010 0.010 0.010 0.010 0.009 0.009 0.009 0.009 0.008 0.008 0.008 0.007 0.007 0.006 0.005 0.004 0.003 0.001 0.000 0.000 0.000 0.100 0.119 0.138 0.000 0.000 0.000 0.000 0.000 0.000 0.000 0.157 0.142 0.133 0.116 0.111 0.104 0.114 0.125 0.139 0.154 0.164 0.177 0.188 0.203 0.221 0.237 0.252 0.265 0.279 0.292 0.245 0.000 0.000 0.000 0.000
0.000 0.000 0.000 0.000 0.000 0.000 0.002 0.003 0.004 0.005 0.006 0.007 0.007 0.008 0.008 0.008 0.009 0.009 0.009 0.009 0.009 0.009 0.009 0.009 0.009 0.009 0.009 0.009 0.008 0.008 0.008 0.007 0.007 0.006 0.006 0.005 0.004 0.002 0.000 0.000 0.000 0.000 0.000 0.094 0.114 0.134 0.000 0.000 0.000 0.000 0.000 0.155 0.135 0.126 0.111 0.097 0.098 0.104 0.116 0.129 0.143 0.157 0.169 0.178 0.188 0.000 0.000 0.000 0.259 0.270 0.284 0.296 0.291 0.208 0.142 0.000 0.000
0.000 0.000 0.000 0.000 0.000 0.000 0.000 0.002 0.003 0.004 0.005 0.006 0.007 0.007 0.008 0.008 0.008 0.009 0.009 0.009 0.009 0.009 0.009 0.009 0.009 0.009 0.009 0.008 0.008 0.008 0.007 0.007 0.006 0.006 0.005 0.004 0.003 0.001 0.000 0.000 0.000 0.000 0.000 0.000 0.091 0.110 0.133 0.000 0.000 0.000 0.000 0.132 0.119 0.105 0.098 0.095 0.095 0.102 0.116 0.130 0.142 0.155 0.166 0.177 0.191 0.000 0.000 0.000 0.000 0.000 0.290 0.301 0.313 0.254 0.218 0.183 0.000
0.000 0.000 0.000 0.000 0.000 0.000 0.000 0.000 0.002 0.003 0.004 0.005 0.006 0.007 0.007 0.008 0.008 0.008 0.008 0.008 0.009 0.009 0.009 0.009 0.008 0.008 0.008 0.008 0.008 0.007 0.007 0.007 0.006 0.005 0.004 0.003 0.002 0.000 0.000 0.000 0.000 0.000 0.000 0.000 0.073 0.089 0.110 0.130 0.000 0.142 0.125 0.109 0.096 0.092 0.097 0.097 0.094 0.097 0.113 0.126 0.140 0.150 0.159 0.171 0.000 0.000 0.000 0.000 0.000 0.000 0.000 0.304 0.316 0.325 0.292 0.258 0.000
0.000 0.000 0.000 0.000 0.000 0.000 0.000 0.000 0.000 0.002 0.003 0.004 0.005 0.006 0.007 0.007 0.007 0.008 0.008 0.008 0.008 0.008 0.008 0.008 0.008 0.008 0.008 0.008 0.007 0.007 0.006 0.006 0.005 0.004 0.003 0.002 0.000 0.000 0.000 0.000 0.000 0.000 0.000 0.000 0.000 0.067 0.085 0.105 0.126 0.112 0.099 0.095 0.095 0.092 0.096 0.099 0.100 0.100 0.112 0.123 0.133 0.146 0.156 0.000 0.000 0.000 0.000 0.000 0.000 0.000 0.000 0.000 0.000 0.335 0.335 0.334 0.302
0.000 0.000 0.000 0.000 0.000 0.000 0.000 0.000 0.000 0.000 0.002 0.003 0.004 0.005 0.006 0.007 0.007 0.007 0.007 0.008 0.008 0.008 0.008 0.008 0.008 0.007 0.007 0.007 0.007 0.006 0.006 0.005 0.004 0.003 0.002 0.000 0.000 0.000 0.000 0.000 0.000 0.000 0.000 0.000 0.000 0.000 0.063 0.085 0.103 0.091 0.091 0.094 0.093 0.095 0.096 0.099 0.099 0.099 0.110 0.119 0.128 0.141 0.155 0.000 0.000 0.000 0.000 0.000 0.000 0.000 0.000 0.000 0.000 0.000 0.000 0.349 0.349
0.000 0.000 0.000 0.000 0.000 0.000 0.000 0.000 0.000 0.000 0.000 0.002 0.003 0.004 0.005 0.006 0.006 0.007 0.007 0.007 0.007 0.007 0.007 0.007 0.007 0.007 0.007 0.006 0.006 0.006 0.005 0.004 0.003 0.002 0.000 0.000 0.000 0.000 0.000 0.000 0.000 0.000 0.000 0.000 0.000 0.000 0.000 0.068 0.085 0.095 0.096 0.094 0.089 0.091 0.090 0.096 0.095 0.097 0.103 0.114 0.124 0.133 0.000 0.000 0.000 0.000 0.000 0.000 0.000 0.000 0.000 0.000 0.000 0.000 0.000 0.000 0.000
0.000 0.000 0.000 0.000 0.000 0.000 0.000 0.000 0.000 0.000 0.000 0.000 0.002 0.003 0.004 0.005 0.006 0.006 0.006 0.006 0.006 0.006 0.006 0.006 0.006 0.006 0.006 0.006 0.005 0.005 0.004 0.003 0.002 0.000 0.000 0.000 0.000 0.000 0.000 0.000 0.000 0.000 0.000 0.000 0.000 0.000 0.000 0.000 0.066 0.084 0.097 0.093 0.092 0.090 0.088 0.092 0.092 0.094 0.100 0.109 0.120 0.128 0.000 0.000 0.000 0.000 0.000 0.000 0.000 0.000 0.000 0.000 0.000 0.000 0.000 0.000 0.000
0.000 0.000 0.000 0.000 0.000 0.000 0.000 0.000 0.000 0.000 0.000 0.000 0.000 0.002 0.003 0.004 0.005 0.005 0.005 0.005 0.005 0.005 0.005 0.005 0.005 0.005 0.005 0.005 0.004 0.004 0.003 0.002 0.000 0.000 0.000 0.000 0.000 0.000 0.000 0.000 0.000 0.000 0.000 0.000 0.000 0.000 0.000 0.000 0.000 0.042 0.079 0.093 0.094 0.087 0.090 0.090 0.091 0.091 0.096 0.103 0.116 0.000 0.000 0.000 0.000 0.000 0.000 0.000 0.000 0.000 0.000 0.000 0.000 0.000 0.000 0.000 0.000
0.000 0.000 0.000 0.000 0.000 0.000 0.000 0.000 0.000 0.000 0.000 0.000 0.000 0.000 0.001 0.002 0.003 0.003 0.003 0.003 0.003 0.003 0.003 0.003 0.003 0.003 0.003 0.003 0.003 0.002 0.001 0.000 0.000 0.000 0.000 0.000 0.000 0.000 0.000 0.000 0.000 0.000 0.000 0.000 0.000 0.000 0.000 0.000 0.000 0.000 0.050 0.075 0.088 0.085 0.085 0.090 0.089 0.094 0.092 0.101 0.113 0.000 0.000 0.000 0.000 0.000 0.000 0.000 0.000 0.000 0.000 0.000 0.000 0.000 0.000 0.000 0.000
0.000 0.000 0.000 0.000 0.000 0.000 0.000 0.000 0.000 0.000 0.000 0.000 0.000 0.000 0.000 0.000 0.001 0.001 0.001 0.001 0.001 0.001 0.001 0.001 0.001 0.001 0.001 0.001 0.001 0.000 0.000 0.000 0.000 0.000 0.000 0.000 0.000 0.000 0.000 0.000 0.000 0.000 0.000 0.000 0.000 0.000 0.000 0.000 0.000 0.000 0.035 0.057 0.073 0.087 0.081 0.091 0.084 0.086 0.086 0.095 0.000 0.000 0.000 0.000 0.000 0.000 0.000 0.000 0.000 0.000 0.000 0.000 0.000 0.000 0.000 0.000 0.000
0.000 0.000 0.000 0.000 0.000 0.000 0.000 0.000 0.000 0.000 0.000 0.000 0.000 0.000 0.000 0.000 0.000 0.000 0.000 0.000 0.000 0.000 0.000 0.000 0.000 0.000 0.000 0.000 0.000 0.000 0.000 0.000 0.000 0.000 0.000 0.000 0.000 0.000 0.000 0.000 0.000 0.000 0.000 0.000 0.000 0.000 0.000 0.000 0.000 0.000 0.000 0.031 0.048 0.072 0.080 0.083 0.072 0.076 0.079 0.000 0.000 0.000 0.000 0.000 0.000 0.000 0.000 0.000 0.000 0.000 0.000 0.000 0.000 0.000 0.000 0.000 0.000
0.000 0.000 0.000 0.000 0.000 0.000 0.000 0.000 0.000 0.000 0.000 0.000 0.000 0.000 0.000 0.000 0.000 0.000 0.000 0.000 0.000 0.000 0.000 0.000 0.000 0.000 0.000 0.000 0.000 0.000 0.000 0.000 0.000 0.000 0.000 0.000 0.000 0.000 0.000 0.000 0.000 0.000 0.000 0.000 0.000 0.000 0.000 0.000 0.000 0.000 0.000 0.002 0.021 0.039 0.056 0.077 0.074 0.077 0.071 0.067 0.000 0.000 0.000 0.000 0.000 0.000 0.000 0.000 0.000 0.000 0.000 0.000 0.000 0.000 0.000 0.000 0.000
0.000 0.000 0.000 0.000 0.000 0.000 0.000 0.000 0.000 0.000 0.000 0.000 0.000 0.000 0.000 0.000 0.000 0.000 0.000 0.000 0.000 0.000 0.000 0.000 0.000 0.000 0.000 0.000 0.000 0.000 0.000 0.000 0.000 0.000 0.000 0.000 0.000 0.000 0.000 0.000 0.000 0.000 0.000 0.000 0.000 0.000 0.000 0.000 0.000 0.000 0.000 0.001 0.003 0.017 0.039 0.058 0.065 0.065 0.068 0.059 0.064 0.000 0.000 0.000 0.000 0.000 0.000 0.000 0.000 0.000 0.000 0.000 0.000 0.000 0.000 0.000 0.000
0.000 0.000 0.000 0.000 0.000 0.000 0.000 0.000 0.000 0.000 0.000 0.000 0.000 0.000 0.000 0.000 0.000 0.000 0.000 0.000 0.000 0.000 0.000 0.000 0.000 0.000 0.000 0.000 0.000 0.000 0.000 0.000 0.000 0.000 0.000 0.000 0.000 0.000 0.000 0.000 0.000 0.000 0.000 0.000 0.000 0.000 0.000 0.000 0.000 0.000 0.000 0.001 0.001 0.002 0.013 0.036 0.056 0.064 0.058 0.056 0.052 0.053 0.057 0.000 0.000 0.000 0.000 0.000 0.000 0.000 0.000 0.000 0.000 0.000 0.000 0.000 0.000
0.000 0.000 0.000 0.000 0.000 0.000 0.000 0.000 0.000 0.000 0.000 0.000 0.000 0.000 0.000 0.000 0.000 0.000 0.000 0.000 0.000 0.000 0.000 0.000 0.000 0.000 0.000 0.000 0.000 0.000 0.000 0.000 0.000 0.000 0.000 0.000 0.000 0.000 0.000 0.000 0.000 0.000 0.000 0.000 0.000 0.000 0.000 0.000 0.000 0.000 0.000 0.000 0.001 0.003 0.005 0.015 0.030 0.048 0.059 0.048 0.050 0.046 0.047 0.050 0.000 0.000 0.000 0.000 0.000 0.000 0.000 0.000 0.000 0.000 0.000 0.000 0.000
0.000 0.000 0.000 0.000 0.000 0.000 0.000 0.000 0.000 0.000 0.000 0.000 0.000 0.000 0.000 0.000 0.000 0.000 0.000 0.000 0.000 0.000 0.000 0.000 0.000 0.000 0.000 0.000 0.000 0.000 0.000 0.000 0.000 0.000 0.000 0.000 0.000 0.000 0.000 0.000 0.000 0.000 0.000 0.000 0.000 0.000 0.000 0.000 0.000 0.000 0.000 0.000 0.001 0.004 0.004 0.005 0.010 0.030 0.044 0.048 0.040 0.036 0.041 0.043 0.036 0.000 0.000 0.000 0.000 0.000 0.000 0.000 0.000 0.000 0.000 0.000 0.000
