数据/2hours/0.1-2h-200y/coupled-186-0001.wd
ncols         694
nrows         824
xllcorner     581104.939801
yllcorner     3495917.092414
cellsize      2.000000
NODATA_value  -9999.000000
[rows 646 to 679 of 824, columns 77 to 153 of 694]
0.515 0.494 0.473 0.452 0.432 0.000 0.000 0.000 0.000 0.000 0.000 0.000 0.000 0.000 0.248 0.232 0.214 0.198 0.000 0.000 0.000 0.183 0.182 0.181 0.161 0.128 0.095 0.061 0.027 0.001 0.001 0.001 0.000 0.225 0.193 0.159 0.126 0.000 0.000 0.000 0.025 0.002 0.001 0.001 0.001 0.001 0.001 0.001 0.001 0.001 0.001 0.001 0.000 0.000 0.000 0.000 0.000 0.000 0.000 0.038 0.017 0.001 0.000 0.001 0.001 0.001 0.001 0.001 0.001 0.001 0.000 0.000 0.001 0.001 0.001 0.001 0.001
0.501 0.478 0.458 0.437 0.416 0.395 0.000 0.000 0.000 0.000 0.000 0.000 0.000 0.247 0.232 0.215 0.199 0.000 0.000 0.000 0.000 0.000 0.000 0.000 0.181 0.149 0.116 0.082 0.048 0.015 0.001 0.001 0.000 0.000 0.213 0.179 0.000 0.000 0.000 0.000 0.000 0.000 0.020 0.001 0.001 0.001 0.001 0.001 0.001 0.001 0.001 0.001 0.000 0.000 0.000 0.000 0.000 0.000 0.000 0.000 0.036 0.016 0.001 0.001 0.001 0.001 0.001 0.001 0.001 0.000 0.000 0.000 0.000 0.001 0.001 0.001 0.001
0.511 0.473 0.442 0.421 0.400 0.380 0.000 0.000 0.000 0.000 0.000 0.000 0.248 0.230 0.215 0.199 0.000 0.000 0.000 0.000 0.000 0.000 0.000 0.181 0.181 0.171 0.137 0.103 0.069 0.036 0.003 0.001 0.000 0.001 0.000 0.000 0.000 0.000 0.000 0.000 0.000 0.000 0.039 0.015 0.001 0.001 0.001 0.001 0.001 0.001 0.001 0.001 0.000 0.000 0.000 0.000 0.000 0.000 0.000 0.000 0.000 0.036 0.010 0.001 0.001 0.001 0.001 0.001 0.000 0.000 0.000 0.000 0.000 0.000 0.001 0.001 0.001
0.522 0.483 0.445 0.406 0.384 0.364 0.000 0.000 0.000 0.000 0.000 0.249 0.233 0.215 0.198 0.000 0.000 0.000 0.000 0.000 0.000 0.000 0.000 0.182 0.000 0.000 0.158 0.124 0.091 0.056 0.022 0.001 0.001 0.001 0.001 0.000 0.000 0.000 0.000 0.000 0.000 0.000 0.000 0.037 0.013 0.001 0.001 0.001 0.001 0.001 0.001 0.001 0.001 0.000 0.000 0.000 0.000 0.000 0.000 0.000 0.000 0.000 0.017 0.001 0.001 0.001 0.001 0.000 0.000 0.000 0.000 0.000 0.000 0.000 0.000 0.000 0.001
0.531 0.492 0.454 0.416 0.377 0.347 0.327 0.000 0.000 0.000 0.248 0.232 0.216 0.198 0.186 0.184 0.183 0.000 0.000 0.000 0.000 0.000 0.000 0.000 0.000 0.000 0.179 0.145 0.110 0.077 0.043 0.010 0.001 0.001 0.001 0.001 0.001 0.000 0.000 0.000 0.000 0.000 0.000 0.000 0.036 0.011 0.002 0.001 0.001 0.001 0.001 0.001 0.001 0.001 0.000 0.000 0.000 0.000 0.000 0.000 0.000 0.000 0.000 0.001 0.001 0.001 0.000 0.000 0.000 0.000 0.000 0.000 0.000 0.000 0.000 0.000 0.000
0.541 0.502 0.464 0.425 0.387 0.349 0.310 0.289 0.000 0.247 0.229 0.213 0.197 0.186 0.186 0.184 0.183 0.180 0.000 0.000 0.000 0.000 0.000 0.000 0.000 0.000 0.000 0.000 0.129 0.096 0.064 0.032 0.001 0.001 0.001 0.001 0.001 0.001 0.000 0.000 0.000 0.000 0.000 0.000 0.000 0.000 0.026 0.002 0.001 0.001 0.001 0.001 0.001 0.001 0.001 0.001 0.000 0.000 0.000 0.000 0.000 0.000 0.001 0.001 0.001 0.001 0.001 0.000 0.000 0.000 0.000 0.000 0.000 0.000 0.000 0.000 0.000
0.000 0.513 0.474 0.435 0.396 0.358 0.319 0.280 0.251 0.230 0.211 0.195 0.185 0.186 0.185 0.185 0.183 0.181 0.179 0.177 0.000 0.000 0.000 0.000 0.000 0.000 0.000 0.000 0.149 0.116 0.083 0.052 0.019 0.001 0.001 0.001 0.001 0.001 0.000 0.000 0.000 0.000 0.000 0.000 0.000 0.000 0.049 0.024 0.001 0.001 0.001 0.001 0.001 0.001 0.001 0.001 0.001 0.000 0.000 0.000 0.000 0.022 0.001 0.001 0.001 0.001 0.001 0.001 0.000 0.000 0.000 0.000 0.000 0.000 0.000 0.000 0.000
0.000 0.000 0.000 0.444 0.405 0.367 0.327 0.288 0.250 0.212 0.192 0.184 0.184 0.184 0.186 0.185 0.183 0.181 0.180 0.177 0.179 0.000 0.000 0.000 0.000 0.000 0.000 0.000 0.171 0.138 0.104 0.071 0.039 0.002 0.001 0.001 0.001 0.001 0.000 0.000 0.000 0.000 0.000 0.000 0.000 0.000 0.000 0.046 0.022 0.001 0.001 0.001 0.001 0.001 0.001 0.001 0.001 0.000 0.000 0.000 0.028 0.002 0.001 0.001 0.001 0.001 0.001 0.001 0.001 0.000 0.000 0.000 0.000 0.000 0.000 0.000 0.000
0.000 0.000 0.000 0.000 0.415 0.375 0.337 0.297 0.258 0.220 0.198 0.195 0.192 0.191 0.190 0.186 0.181 0.180 0.178 0.176 0.176 0.000 0.000 0.000 0.000 0.000 0.000 0.176 0.174 0.159 0.125 0.090 0.053 0.018 0.001 0.001 0.001 0.001 0.001 0.000 0.000 0.000 0.000 0.000 0.000 0.000 0.000 0.000 0.044 0.021 0.001 0.001 0.001 0.001 0.001 0.001 0.001 0.001 0.001 0.001 0.001 0.001 0.001 0.001 0.001 0.001 0.001 0.001 0.001 0.010 0.000 0.000 0.000 0.000 0.000 0.000 0.000
0.000 0.000 0.000 0.000 0.423 0.385 0.344 0.306 0.266 0.228 0.233 0.234 0.233 0.232 0.229 0.224 0.219 0.216 0.212 0.209 0.204 0.201 0.197 0.000 0.000 0.000 0.185 0.184 0.180 0.177 0.142 0.104 0.065 0.031 0.001 0.001 0.001 0.001 0.001 0.001 0.001 0.001 0.000 0.000 0.000 0.000 0.000 0.000 0.000 0.025 0.001 0.001 0.001 0.001 0.001 0.001 0.001 0.001 0.001 0.001 0.001 0.001 0.001 0.001 0.001 0.001 0.001 0.001 0.001 0.002 0.012 0.000 0.000 0.000 0.000 0.000 0.000
0.000 0.000 0.000 0.000 0.000 0.000 0.353 0.314 0.275 0.257 0.267 0.000 0.273 0.271 0.270 0.263 0.260 0.255 0.254 0.251 0.246 0.241 0.238 0.000 0.000 0.227 0.225 0.224 0.221 0.193 0.155 0.120 0.081 0.044 0.007 0.001 0.001 0.001 0.001 0.001 0.001 0.001 0.001 0.000 0.000 0.000 0.000 0.000 0.000 0.000 0.001 0.001 0.001 0.001 0.001 0.001 0.001 0.001 0.001 0.001 0.001 0.001 0.001 0.001 0.001 0.001 0.001 0.001 0.001 0.001 0.002 0.012 0.000 0.000 0.000 0.000 0.000
0.000 0.000 0.000 0.000 0.000 0.000 0.000 0.322 0.284 0.289 0.000 0.000 0.000 0.000 0.308 0.306 0.299 0.299 0.293 0.291 0.286 0.283 0.279 0.277 0.273 0.268 0.266 0.264 0.246 0.206 0.170 0.133 0.099 0.058 0.023 0.001 0.001 0.001 0.001 0.001 0.001 0.001 0.001 0.000 0.000 0.000 0.000 0.000 0.000 0.000 0.000 0.001 0.001 0.001 0.001 0.001 0.001 0.001 0.001 0.001 0.001 0.001 0.001 0.001 0.001 0.001 0.001 0.001 0.000 0.000 0.001 0.001 0.011 0.000 0.000 0.000 0.000
0.000 0.000 0.000 0.000 0.000 0.000 0.369 0.333 0.319 0.000 0.000 0.000 0.000 0.000 0.000 0.000 0.339 0.336 0.333 0.331 0.327 0.321 0.317 0.315 0.312 0.309 0.306 0.300 0.263 0.221 0.184 0.147 0.110 0.073 0.034 0.001 0.001 0.001 0.001 0.001 0.001 0.001 0.001 0.000 0.000 0.000 0.000 0.000 0.000 0.000 0.000 0.000 0.001 0.001 0.001 0.001 0.001 0.001 0.001 0.001 0.001 0.001 0.001 0.001 0.001 0.001 0.001 0.001 0.000 0.000 0.000 0.000 0.000 0.000 0.000 0.000 0.000
0.000 0.000 0.000 0.000 0.000 0.417 0.379 0.344 0.354 0.000 0.000 0.000 0.000 0.000 0.000 0.000 0.380 0.375 0.371 0.369 0.366 0.363 0.357 0.354 0.351 0.348 0.346 0.313 0.276 0.239 0.199 0.162 0.123 0.089 0.049 0.014 0.001 0.001 0.001 0.001 0.001 0.001 0.001 0.001 0.000 0.000 0.000 0.000 0.000 0.000 0.000 0.000 0.000 0.001 0.001 0.001 0.001 0.001 0.001 0.001 0.001 0.001 0.001 0.001 0.001 0.001 0.001 0.001 0.000 0.000 0.000 0.000 0.000 0.000 0.000 0.000 0.000
0.623 0.000 0.000 0.000 0.464 0.423 0.388 0.378 0.000 0.000 0.000 0.000 0.000 0.000 0.000 0.000 0.000 0.000 0.411 0.410 0.404 0.401 0.397 0.394 0.392 0.389 0.368 0.329 0.289 0.253 0.215 0.175 0.140 0.099 0.066 0.028 0.006 0.001 0.001 0.001 0.001 0.001 0.001 0.001 0.001 0.001 0.000 0.000 0.000 0.000 0.000 0.000 0.000 0.000 0.001 0.001 0.001 0.001 0.001 0.001 0.001 0.001 0.001 0.001 0.001 0.001 0.001 0.000 0.000 0.000 0.000 0.000 0.000 0.000 0.000 0.000 0.000
0.630 0.000 0.000 0.510 0.469 0.433 0.405 0.411 0.420 0.430 0.000 0.000 0.000 0.000 0.000 0.000 0.000 0.000 0.000 0.451 0.446 0.444 0.438 0.433 0.432 0.418 0.379 0.342 0.306 0.267 0.228 0.192 0.153 0.115 0.078 0.053 0.028 0.004 0.001 0.001 0.001 0.001 0.001 0.001 0.001 0.001 0.001 0.000 0.000 0.000 0.000 0.000 0.000 0.007 0.001 0.001 0.001 0.001 0.001 0.001 0.001 0.001 0.001 0.001 0.001 0.001 0.000 0.000 0.000 0.000 0.000 0.000 0.000 0.000 0.000 0.000 0.000
0.637 0.601 0.555 0.519 0.482 0.445 0.439 0.448 0.455 0.462 0.000 0.000 0.000 0.000 0.000 0.000 0.000 0.000 0.000 0.000 0.485 0.481 0.478 0.476 0.473 0.434 0.395 0.356 0.321 0.284 0.243 0.206 0.169 0.132 0.096 0.077 0.043 0.006 0.001 0.001 0.001 0.001 0.001 0.001 0.001 0.001 0.001 0.001 0.000 0.000 0.000 0.007 0.001 0.001 0.001 0.001 0.001 0.001 0.001 0.001 0.001 0.001 0.001 0.001 0.001 0.000 0.000 0.000 0.000 0.000 0.000 0.000 0.000 0.000 0.000 0.000 0.000
0.645 0.605 0.567 0.534 0.492 0.464 0.477 0.481 0.485 0.497 0.502 0.510 0.000 0.000 0.000 0.000 0.000 0.000 0.000 0.000 0.000 0.521 0.519 0.515 0.485 0.447 0.411 0.373 0.334 0.295 0.262 0.217 0.184 0.147 0.117 0.081 0.039 0.003 0.001 0.001 0.001 0.001 0.001 0.001 0.001 0.001 0.001 0.001 0.000 0.000 0.007 0.001 0.001 0.001 0.001 0.001 0.001 0.001 0.001 0.001 0.001 0.001 0.001 0.001 0.001 0.000 0.000 0.000 0.000 0.000 0.000 0.000 0.000 0.000 0.000 0.000 0.000
0.654 0.616 0.581 0.543 0.502 0.503 0.505 0.515 0.528 0.533 0.539 0.549 0.558 0.000 0.000 0.000 0.000 0.000 0.000 0.000 0.563 0.562 0.559 0.537 0.499 0.463 0.426 0.385 0.347 0.314 0.274 0.235 0.198 0.156 0.114 0.076 0.035 0.002 0.001 0.001 0.001 0.001 0.001 0.001 0.001 0.001 0.001 0.001 0.001 0.001 0.001 0.001 0.001 0.001 0.001 0.001 0.001 0.001 0.001 0.001 0.001 0.001 0.001 0.001 0.001 0.000 0.000 0.000 0.000 0.000 0.000 0.000 0.000 0.000 0.000 0.000 0.000
0.668 0.629 0.589 0.551 0.531 0.534 0.544 0.556 0.558 0.568 0.576 0.581 0.591 0.597 0.000 0.000 0.000 0.000 0.000 0.605 0.608 0.605 0.591 0.552 0.517 0.479 0.438 0.400 0.365 0.328 0.285 0.242 0.194 0.151 0.113 0.071 0.031 0.001 0.001 0.001 0.001 0.001 0.001 0.001 0.001 0.001 0.001 0.001 0.001 0.001 0.001 0.001 0.001 0.001 0.001 0.001 0.001 0.001 0.001 0.001 0.001 0.001 0.001 0.001 0.001 0.000 0.000 0.000 0.000 0.000 0.000 0.000 0.000 0.000 0.000 0.000 0.000
0.677 0.639 0.600 0.562 0.567 0.572 0.580 0.586 0.596 0.605 0.611 0.619 0.627 0.636 0.000 0.649 0.000 0.000 0.000 0.650 0.647 0.639 0.606 0.570 0.533 0.492 0.451 0.417 0.378 0.328 0.283 0.237 0.191 0.147 0.111 0.068 0.028 0.001 0.001 0.001 0.001 0.001 0.001 0.001 0.001 0.001 0.001 0.001 0.001 0.001 0.001 0.001 0.001 0.001 0.001 0.001 0.001 0.001 0.001 0.001 0.001 0.001 0.001 0.001 0.001 0.000 0.000 0.000 0.000 0.000 0.000 0.000 0.000 0.000 0.000 0.000 0.000
0.688 0.648 0.610 0.593 0.601 0.609 0.616 0.623 0.632 0.639 0.649 0.653 0.662 0.669 0.676 0.686 0.000 0.000 0.692 0.688 0.685 0.658 0.624 0.585 0.544 0.506 0.463 0.420 0.369 0.325 0.281 0.233 0.188 0.144 0.109 0.065 0.026 0.001 0.001 0.001 0.001 0.001 0.001 0.001 0.001 0.001 0.001 0.001 0.001 0.001 0.001 0.001 0.001 0.001 0.001 0.001 0.001 0.001 0.001 0.001 0.001 0.001 0.001 0.001 0.000 0.000 0.000 0.000 0.000 0.000 0.000 0.000 0.000 0.000 0.000 0.000 0.000
0.699 0.660 0.623 0.630 0.640 0.646 0.648 0.656 0.669 0.674 0.682 0.692 0.699 0.705 0.715 0.723 0.731 0.735 0.731 0.729 0.714 0.675 0.638 0.597 0.554 0.508 0.462 0.413 0.369 0.321 0.278 0.231 0.181 0.143 0.105 0.062 0.022 0.001 0.001 0.001 0.001 0.001 0.001 0.001 0.001 0.001 0.001 0.001 0.001 0.001 0.001 0.001 0.001 0.001 0.001 0.001 0.001 0.001 0.001 0.001 0.001 0.001 0.001 0.001 0.000 0.000 0.000 0.000 0.000 0.000 0.000 0.000 0.000 0.000 0.000 0.000 0.000
0.711 0.671 0.658 0.665 0.673 0.682 0.688 0.693 0.702 0.710 0.720 0.726 0.732 0.744 0.750 0.756 0.763 0.774 0.772 0.767 0.728 0.689 0.645 0.599 0.552 0.504 0.459 0.410 0.366 0.319 0.275 0.227 0.177 0.141 0.100 0.059 0.020 0.001 0.001 0.001 0.001 0.001 0.001 0.001 0.001 0.001 0.001 0.001 0.001 0.001 0.001 0.001 0.001 0.001 0.001 0.001 0.001 0.001 0.001 0.001 0.001 0.001 0.001 0.001 0.001 0.000 0.000 0.000 0.000 0.000 0.000 0.000 0.000 0.000 0.000 0.000 0.000
0.720 0.684 0.692 0.701 0.711 0.715 0.722 0.730 0.738 0.745 0.754 0.764 0.769 0.775 0.786 0.795 0.799 0.808 0.812 0.780 0.732 0.688 0.642 0.595 0.545 0.501 0.455 0.410 0.360 0.316 0.271 0.224 0.176 0.137 0.096 0.056 0.016 0.001 0.001 0.001 0.001 0.001 0.001 0.001 0.001 0.001 0.001 0.001 0.001 0.001 0.001 0.001 0.001 0.001 0.001 0.001 0.001 0.001 0.001 0.001 0.001 0.001 0.001 0.001 0.001 0.001 0.001 0.001 0.001 0.001 0.001 0.001 0.000 0.000 0.000 0.000 0.000
0.729 0.720 0.728 0.733 0.742 0.752 0.758 0.762 0.774 0.783 0.789 0.797 0.806 0.814 0.822 0.828 0.828 0.829 0.825 0.779 0.729 0.686 0.637 0.591 0.546 0.500 0.452 0.402 0.360 0.313 0.267 0.222 0.174 0.132 0.093 0.052 0.013 0.001 0.001 0.001 0.001 0.001 0.001 0.001 0.001 0.001 0.001 0.001 0.001 0.001 0.001 0.001 0.001 0.001 0.001 0.001 0.001 0.001 0.001 0.001 0.001 0.001 0.001 0.001 0.001 0.001 0.001 0.001 0.001 0.001 0.001 0.001 0.001 0.001 0.001 0.001 0.001
0.746 0.753 0.761 0.770 0.778 0.782 0.791 0.802 0.810 0.816 0.824 0.830 0.831 0.831 0.830 0.828 0.829 0.829 0.827 0.779 0.731 0.685 0.637 0.590 0.542 0.494 0.449 0.403 0.354 0.311 0.263 0.218 0.170 0.130 0.090 0.049 0.009 0.001 0.001 0.001 0.001 0.001 0.001 0.001 0.001 0.001 0.001 0.001 0.001 0.001 0.001 0.001 0.001 0.001 0.001 0.001 0.001 0.001 0.001 0.001 0.001 0.001 0.001 0.001 0.001 0.001 0.001 0.001 0.001 0.001 0.001 0.001 0.001 0.001 0.001 0.001 0.001
0.781 0.791 0.798 0.804 0.812 0.820 0.826 0.833 0.833 0.833 0.833 0.833 0.830 0.830 0.830 0.829 0.830 0.829 0.830 0.781 0.735 0.685 0.639 0.592 0.541 0.495 0.444 0.399 0.351 0.306 0.261 0.213 0.168 0.128 0.087 0.046 0.005 0.001 0.001 0.001 0.001 0.001 0.001 0.001 0.001 0.001 0.001 0.001 0.001 0.001 0.001 0.001 0.001 0.001 0.001 0.001 0.001 0.001 0.001 0.001 0.001 0.001 0.001 0.001 0.001 0.001 0.001 0.001 0.001 0.001 0.001 0.001 0.001 0.001 0.001 0.001 0.001
0.817 0.825 0.833 0.837 0.835 0.833 0.832 0.834 0.833 0.831 0.832 0.831 0.832 0.830 0.831 0.831 0.832 0.830 0.830 0.783 0.736 0.687 0.640 0.593 0.543 0.496 0.450 0.398 0.351 0.306 0.258 0.211 0.164 0.125 0.084 0.046 0.011 0.001 0.001 0.001 0.001 0.001 0.001 0.001 0.001 0.001 0.001 0.001 0.001 0.001 0.001 0.001 0.001 0.001 0.001 0.001 0.001 0.001 0.001 0.001 0.001 0.001 0.001 0.001 0.001 0.001 0.001 0.001 0.001 0.001 0.001 0.001 0.001 0.001 0.001 0.001 0.001
0.839 0.838 0.837 0.836 0.834 0.834 0.835 0.834 0.832 0.834 0.834 0.832 0.833 0.830 0.831 0.832 0.831 0.828 0.830 0.786 0.737 0.689 0.642 0.593 0.545 0.499 0.448 0.402 0.355 0.304 0.262 0.296 0.208 0.143 0.108 0.073 0.036 0.004 0.001 0.001 0.001 0.001 0.001 0.001 0.001 0.001 0.001 0.001 0.001 0.001 0.001 0.001 0.001 0.001 0.001 0.001 0.001 0.001 0.001 0.001 0.001 0.001 0.001 0.001 0.001 0.001 0.001 0.001 0.001 0.001 0.001 0.001 0.001 0.001 0.001 0.001 0.001
0.980 1.070 1.024 0.899 0.836 0.835 0.835 0.835 0.834 0.834 0.832 0.831 0.831 0.832 0.831 0.831 0.831 0.832 0.830 0.787 0.739 0.692 0.642 0.594 0.545 0.499 0.452 0.403 0.453 0.543 0.631 0.495 0.333 0.174 0.134 0.099 0.064 0.026 0.002 0.001 0.001 0.001 0.001 0.001 0.001 0.001 0.001 0.001 0.001 0.001 0.001 0.001 0.001 0.001 0.001 0.001 0.001 0.001 0.001 0.001 0.001 0.001 0.001 0.001 0.001 0.001 0.001 0.001 0.001 0.001 0.001 0.001 0.001 0.001 0.001 0.001 0.001
0.961 1.051 1.142 1.230 1.320 1.268 1.146 1.021 0.894 0.832 0.831 0.830 0.832 0.831 0.833 0.832 0.832 0.832 0.830 0.789 0.744 0.691 0.641 0.596 0.547 0.612 0.694 0.790 0.873 0.941 0.778 0.620 0.460 0.300 0.160 0.126 0.090 0.055 0.017 0.001 0.001 0.001 0.001 0.001 0.001 0.001 0.001 0.001 0.001 0.001 0.001 0.001 0.001 0.001 0.001 0.001 0.001 0.001 0.001 0.001 0.001 0.001 0.001 0.001 0.001 0.001 0.001 0.001 0.001 0.001 0.001 0.001 0.001 0.001 0.001 0.001 0.001
0.943 1.033 1.123 1.211 1.302 1.392 1.484 1.573 1.514 1.388 1.263 1.139 1.015 0.892 0.830 0.831 0.831 0.831 0.832 0.792 0.742 0.693 0.755 0.849 0.942 1.029 1.114 1.209 1.222 1.066 0.904 0.749 0.586 0.427 0.265 0.152 0.116 0.081 0.045 0.006 0.001 0.001 0.001 0.001 0.001 0.001 0.001 0.001 0.001 0.001 0.001 0.001 0.001 0.001 0.001 0.001 0.001 0.001 0.001 0.001 0.001 0.001 0.001 0.001 0.001 0.001 0.001 0.001 0.001 0.001 0.001 0.001 0.001 0.001 0.001 0.001 0.001
0.926 1.016 0.000 0.000 0.000 0.000 0.000 0.000 1.643 1.733 1.822 1.757 1.634 1.511 1.386 1.262 1.138 1.014 0.890 0.924 1.015 1.100 1.189 1.275 1.360 1.452 1.540 1.511 1.348 1.193 1.030 0.871 0.711 0.552 0.394 0.231 0.143 0.107 0.072 0.036 0.003 0.001 0.001 0.001 0.001 0.001 0.001 0.001 0.001 0.001 0.001 0.001 0.001 0.001 0.001 0.001 0.001 0.001 0.001 0.001 0.001 0.001 0.001 0.001 0.001 0.001 0.001 0.001 0.001 0.001 0.001 0.001 0.001 0.001 0.001 0.001 0.001
