数据/2hours/0.1-2h-200y/coupled-113-0001.wd
ncols         694
nrows         824
xllcorner     581104.939801
yllcorner     3495917.092414
cellsize      2.000000
NODATA_value  -9999.000000
[rows 442 to 475 of 824, columns 385 to 461 of 694]
0.000 0.000 0.000 0.324 0.309 0.286 0.292 0.279 0.274 0.265 0.249 0.240 0.224 0.215 0.205 0.197 0.191 0.182 0.169 0.159 0.147 0.146 0.146 0.147 0.153 0.162 0.158 0.180 0.178 0.191 0.194 0.176 0.192 0.196 0.000 0.000 0.000 0.000 0.000 0.000 0.000 0.000 0.000 0.000 0.000 0.000 0.000 0.000 0.000 0.000 0.000 0.000 0.000 0.000 0.000 0.000 0.007 0.010 0.012 0.013 0.013 0.014 0.015 0.016 0.017 0.018 0.020 0.024 0.027 0.032 0.000 0.000 0.000 0.000 0.000 0.000 0.000
0.000 0.000 0.000 0.000 0.000 0.290 0.285 0.289 0.287 0.270 0.266 0.244 0.233 0.221 0.206 0.203 0.200 0.187 0.171 0.160 0.147 0.149 0.148 0.145 0.158 0.160 0.166 0.181 0.205 0.212 0.207 0.182 0.182 0.189 0.000 0.000 0.000 0.000 0.000 0.000 0.000 0.000 0.000 0.000 0.000 0.000 0.000 0.000 0.000 0.000 0.000 0.000 0.000 0.000 0.000 0.000 0.007 0.010 0.013 0.015 0.016 0.017 0.019 0.021 0.023 0.025 0.029 0.033 0.037 0.042 0.047 0.049 0.000 0.000 0.000 0.000 0.000
0.000 0.000 0.000 0.000 0.000 0.000 0.000 0.307 0.295 0.284 0.262 0.254 0.240 0.226 0.216 0.215 0.208 0.198 0.185 0.176 0.164 0.150 0.144 0.143 0.152 0.160 0.168 0.189 0.208 0.238 0.228 0.219 0.200 0.000 0.000 0.000 0.000 0.000 0.000 0.000 0.000 0.000 0.000 0.000 0.000 0.000 0.000 0.000 0.000 0.000 0.000 0.000 0.000 0.000 0.000 0.005 0.012 0.017 0.020 0.022 0.021 0.023 0.026 0.029 0.032 0.035 0.040 0.044 0.048 0.054 0.060 0.056 0.050 0.045 0.040 0.000 0.000
0.000 0.000 0.000 0.000 0.000 0.000 0.000 0.000 0.299 0.286 0.274 0.256 0.247 0.236 0.225 0.218 0.216 0.209 0.200 0.188 0.177 0.163 0.147 0.143 0.148 0.151 0.157 0.172 0.198 0.205 0.220 0.232 0.250 0.000 0.000 0.000 0.000 0.000 0.000 0.000 0.000 0.000 0.000 0.000 0.000 0.000 0.000 0.000 0.000 0.000 0.000 0.000 0.000 0.000 0.000 0.000 0.000 0.030 0.000 0.000 0.028 0.033 0.037 0.040 0.042 0.046 0.051 0.056 0.061 0.067 0.068 0.063 0.058 0.052 0.046 0.038 0.031
0.000 0.000 0.000 0.000 0.000 0.000 0.000 0.000 0.000 0.000 0.265 0.262 0.258 0.240 0.232 0.230 0.232 0.230 0.219 0.209 0.201 0.186 0.169 0.149 0.147 0.142 0.153 0.156 0.177 0.174 0.179 0.192 0.215 0.000 0.000 0.000 0.000 0.000 0.000 0.000 0.000 0.000 0.000 0.000 0.000 0.000 0.000 0.000 0.000 0.000 0.000 0.000 0.000 0.000 0.000 0.000 0.000 0.000 0.000 0.000 0.000 0.000 0.000 0.000 0.052 0.058 0.064 0.069 0.074 0.080 0.076 0.071 0.066 0.060 0.053 0.046 0.039
0.000 0.000 0.000 0.000 0.000 0.000 0.000 0.000 0.000 0.000 0.000 0.266 0.256 0.251 0.247 0.244 0.241 0.238 0.229 0.221 0.211 0.196 0.185 0.168 0.161 0.159 0.167 0.176 0.184 0.173 0.169 0.172 0.185 0.166 0.211 0.240 0.000 0.000 0.000 0.000 0.000 0.000 0.000 0.000 0.000 0.000 0.000 0.000 0.000 0.000 0.000 0.000 0.000 0.000 0.000 0.000 0.000 0.000 0.000 0.000 0.000 0.000 0.000 0.000 0.000 0.000 0.000 0.000 0.086 0.089 0.084 0.079 0.073 0.067 0.061 0.054 0.046
0.000 0.000 0.000 0.000 0.000 0.000 0.000 0.000 0.000 0.000 0.000 0.000 0.000 0.250 0.251 0.247 0.249 0.247 0.236 0.226 0.219 0.205 0.197 0.188 0.174 0.171 0.173 0.185 0.189 0.188 0.180 0.172 0.174 0.166 0.162 0.134 0.132 0.203 0.160 0.116 0.000 0.000 0.000 0.000 0.000 0.000 0.000 0.000 0.000 0.000 0.000 0.000 0.000 0.000 0.000 0.000 0.000 0.000 0.000 0.000 0.000 0.000 0.000 0.000 0.000 0.000 0.000 0.000 0.000 0.000 0.000 0.086 0.081 0.075 0.068 0.060 0.054
0.000 0.000 0.000 0.000 0.000 0.000 0.000 0.000 0.000 0.000 0.000 0.000 0.000 0.000 0.000 0.258 0.261 0.257 0.244 0.239 0.230 0.223 0.216 0.207 0.188 0.168 0.164 0.160 0.159 0.168 0.166 0.170 0.162 0.152 0.145 0.136 0.142 0.128 0.091 0.091 0.147 0.196 0.109 0.000 0.000 0.000 0.000 0.000 0.000 0.000 0.000 0.000 0.000 0.000 0.000 0.000 0.000 0.000 0.000 0.000 0.000 0.000 0.000 0.000 0.000 0.000 0.000 0.000 0.000 0.000 0.000 0.000 0.000 0.000 0.000 0.067 0.061
0.000 0.000 0.000 0.000 0.000 0.000 0.000 0.000 0.000 0.000 0.000 0.000 0.000 0.000 0.000 0.000 0.271 0.258 0.239 0.231 0.226 0.214 0.215 0.203 0.191 0.182 0.169 0.177 0.164 0.146 0.133 0.138 0.150 0.154 0.157 0.147 0.132 0.112 0.101 0.107 0.151 0.132 0.093 0.134 0.156 0.126 0.101 0.000 0.000 0.000 0.000 0.000 0.000 0.000 0.000 0.000 0.000 0.000 0.000 0.000 0.000 0.000 0.000 0.000 0.000 0.000 0.000 0.000 0.000 0.000 0.000 0.000 0.000 0.000 0.000 0.000 0.000
0.000 0.000 0.000 0.000 0.000 0.000 0.000 0.000 0.000 0.000 0.000 0.000 0.000 0.000 0.000 0.000 0.000 0.000 0.231 0.227 0.223 0.222 0.225 0.226 0.211 0.197 0.176 0.175 0.175 0.172 0.143 0.130 0.128 0.129 0.129 0.135 0.143 0.140 0.127 0.118 0.128 0.116 0.097 0.123 0.146 0.144 0.133 0.144 0.102 0.097 0.127 0.124 0.108 0.123 0.161 0.000 0.000 0.000 0.000 0.000 0.000 0.000 0.000 0.000 0.000 0.000 0.000 0.000 0.000 0.000 0.000 0.000 0.000 0.000 0.000 0.000 0.000
0.000 0.000 0.000 0.000 0.000 0.000 0.000 0.000 0.000 0.000 0.000 0.000 0.000 0.000 0.000 0.000 0.000 0.000 0.230 0.230 0.228 0.226 0.238 0.238 0.237 0.237 0.218 0.200 0.198 0.201 0.195 0.188 0.171 0.168 0.152 0.137 0.119 0.116 0.124 0.140 0.156 0.155 0.129 0.123 0.121 0.147 0.162 0.155 0.143 0.125 0.124 0.121 0.129 0.143 0.152 0.135 0.136 0.120 0.000 0.000 0.000 0.000 0.000 0.000 0.000 0.000 0.000 0.000 0.000 0.000 0.000 0.000 0.000 0.000 0.000 0.000 0.000
0.000 0.000 0.000 0.000 0.000 0.000 0.000 0.000 0.000 0.000 0.000 0.000 0.000 0.000 0.000 0.000 0.000 0.000 0.232 0.235 0.240 0.233 0.244 0.252 0.248 0.248 0.237 0.230 0.210 0.215 0.204 0.191 0.187 0.182 0.182 0.185 0.173 0.162 0.143 0.134 0.139 0.144 0.159 0.174 0.162 0.139 0.142 0.175 0.167 0.145 0.134 0.138 0.147 0.156 0.142 0.129 0.134 0.132 0.115 0.101 0.101 0.000 0.000 0.000 0.000 0.000 0.000 0.000 0.000 0.000 0.000 0.000 0.000 0.000 0.000 0.000 0.000
0.000 0.000 0.000 0.000 0.000 0.000 0.000 0.000 0.000 0.000 0.000 0.000 0.000 0.000 0.000 0.000 0.000 0.000 0.249 0.241 0.234 0.239 0.247 0.259 0.257 0.253 0.248 0.244 0.249 0.252 0.241 0.243 0.236 0.220 0.203 0.195 0.180 0.173 0.179 0.167 0.167 0.166 0.168 0.177 0.171 0.178 0.166 0.168 0.185 0.171 0.161 0.160 0.155 0.156 0.142 0.130 0.139 0.146 0.135 0.119 0.113 0.116 0.123 0.124 0.133 0.000 0.000 0.000 0.000 0.000 0.000 0.000 0.000 0.000 0.000 0.000 0.000
0.000 0.000 0.000 0.000 0.000 0.000 0.000 0.000 0.000 0.000 0.000 0.000 0.000 0.000 0.000 0.000 0.000 0.283 0.278 0.259 0.247 0.247 0.238 0.240 0.233 0.236 0.233 0.216 0.225 0.249 0.260 0.246 0.249 0.254 0.239 0.222 0.220 0.214 0.196 0.192 0.179 0.180 0.194 0.201 0.195 0.186 0.190 0.195 0.198 0.194 0.184 0.169 0.160 0.159 0.149 0.141 0.148 0.157 0.156 0.143 0.129 0.126 0.132 0.137 0.138 0.131 0.113 0.090 0.073 0.000 0.000 0.000 0.000 0.000 0.000 0.000 0.000
0.000 0.000 0.000 0.000 0.000 0.000 0.000 0.000 0.000 0.000 0.000 0.000 0.000 0.000 0.000 0.000 0.000 0.297 0.276 0.259 0.260 0.251 0.255 0.254 0.248 0.239 0.232 0.239 0.242 0.240 0.233 0.240 0.238 0.235 0.245 0.260 0.259 0.259 0.238 0.210 0.201 0.198 0.203 0.207 0.202 0.207 0.206 0.199 0.203 0.205 0.195 0.183 0.159 0.157 0.159 0.158 0.158 0.164 0.167 0.161 0.148 0.139 0.137 0.144 0.148 0.138 0.118 0.096 0.078 0.058 0.045 0.038 0.000 0.000 0.000 0.000 0.000
0.000 0.000 0.000 0.000 0.000 0.000 0.000 0.000 0.000 0.000 0.000 0.000 0.000 0.000 0.000 0.000 0.000 0.270 0.272 0.279 0.266 0.254 0.246 0.246 0.248 0.248 0.244 0.236 0.233 0.239 0.253 0.254 0.262 0.258 0.256 0.240 0.238 0.255 0.274 0.255 0.233 0.214 0.209 0.206 0.210 0.206 0.205 0.202 0.209 0.199 0.198 0.189 0.165 0.170 0.172 0.172 0.171 0.173 0.178 0.177 0.158 0.146 0.145 0.151 0.154 0.141 0.126 0.099 0.074 0.055 0.047 0.030 0.005 0.000 0.000 0.000 0.000
0.000 0.000 0.000 0.000 0.000 0.000 0.000 0.000 0.000 0.000 0.000 0.000 0.000 0.000 0.000 0.000 0.000 0.263 0.282 0.276 0.279 0.283 0.268 0.253 0.230 0.242 0.231 0.246 0.244 0.235 0.236 0.232 0.246 0.256 0.262 0.263 0.247 0.245 0.256 0.256 0.250 0.240 0.220 0.207 0.205 0.202 0.207 0.203 0.205 0.199 0.204 0.192 0.176 0.181 0.181 0.187 0.184 0.184 0.191 0.187 0.171 0.158 0.157 0.161 0.156 0.145 0.124 0.095 0.071 0.054 0.042 0.021 0.003 0.000 0.000 0.000 0.000
0.000 0.000 0.000 0.000 0.000 0.000 0.000 0.000 0.000 0.000 0.000 0.000 0.000 0.000 0.000 0.000 0.244 0.284 0.289 0.299 0.329 0.309 0.296 0.288 0.287 0.280 0.283 0.261 0.261 0.266 0.251 0.240 0.255 0.264 0.252 0.246 0.245 0.243 0.234 0.256 0.258 0.233 0.217 0.209 0.201 0.206 0.201 0.203 0.203 0.198 0.208 0.206 0.193 0.188 0.185 0.190 0.190 0.194 0.200 0.195 0.185 0.175 0.169 0.168 0.154 0.135 0.114 0.099 0.084 0.068 0.055 0.041 0.031 0.020 0.003 0.000 0.000
0.000 0.000 0.000 0.000 0.000 0.000 0.000 0.000 0.000 0.000 0.000 0.000 0.000 0.000 0.000 0.000 0.292 0.256 0.272 0.291 0.289 0.293 0.278 0.268 0.286 0.296 0.305 0.310 0.304 0.298 0.283 0.282 0.274 0.268 0.287 0.271 0.242 0.246 0.234 0.235 0.243 0.248 0.227 0.200 0.190 0.203 0.206 0.209 0.199 0.204 0.214 0.209 0.196 0.191 0.195 0.195 0.193 0.199 0.202 0.202 0.195 0.184 0.179 0.172 0.174 0.164 0.150 0.139 0.122 0.107 0.089 0.077 0.067 0.055 0.040 0.020 0.010
0.000 0.000 0.000 0.000 0.000 0.000 0.000 0.000 0.000 0.000 0.000 0.000 0.000 0.000 0.000 0.000 0.263 0.279 0.301 0.279 0.275 0.280 0.296 0.274 0.261 0.282 0.306 0.312 0.322 0.332 0.334 0.321 0.314 0.293 0.281 0.277 0.254 0.249 0.246 0.254 0.256 0.237 0.219 0.215 0.215 0.204 0.203 0.210 0.207 0.213 0.214 0.213 0.205 0.196 0.195 0.200 0.200 0.203 0.205 0.206 0.204 0.188 0.173 0.162 0.164 0.164 0.164 0.168 0.164 0.150 0.131 0.118 0.107 0.094 0.079 0.061 0.042
0.628 0.583 0.612 0.000 0.000 0.000 0.000 0.000 0.000 0.000 0.000 0.000 0.000 0.000 0.000 0.277 0.280 0.289 0.275 0.272 0.299 0.287 0.260 0.283 0.286 0.288 0.298 0.294 0.287 0.297 0.309 0.297 0.300 0.323 0.331 0.303 0.296 0.285 0.248 0.240 0.245 0.257 0.246 0.225 0.207 0.209 0.223 0.219 0.213 0.214 0.220 0.222 0.214 0.206 0.202 0.202 0.204 0.208 0.213 0.208 0.200 0.182 0.166 0.151 0.152 0.155 0.156 0.159 0.159 0.156 0.151 0.153 0.149 0.134 0.119 0.102 0.083
0.585 0.579 0.642 0.662 0.593 0.632 0.000 0.000 0.000 0.000 0.000 0.000 0.000 0.000 0.000 0.282 0.294 0.291 0.279 0.293 0.298 0.290 0.283 0.279 0.258 0.287 0.297 0.325 0.327 0.331 0.359 0.359 0.338 0.320 0.337 0.320 0.318 0.305 0.000 0.252 0.263 0.255 0.246 0.229 0.224 0.224 0.220 0.221 0.223 0.227 0.226 0.228 0.226 0.212 0.210 0.210 0.212 0.211 0.206 0.205 0.196 0.178 0.159 0.145 0.145 0.149 0.150 0.152 0.149 0.145 0.142 0.146 0.146 0.143 0.141 0.139 0.125
0.626 0.636 0.689 0.687 0.597 0.613 0.622 0.573 0.536 0.502 0.000 0.000 0.000 0.000 0.000 0.289 0.288 0.272 0.263 0.258 0.265 0.272 0.260 0.261 0.252 0.238 0.234 0.242 0.253 0.278 0.289 0.320 0.343 0.339 0.343 0.345 0.345 0.000 0.000 0.000 0.000 0.000 0.000 0.230 0.230 0.226 0.225 0.226 0.225 0.230 0.234 0.239 0.228 0.214 0.217 0.219 0.211 0.205 0.200 0.193 0.188 0.171 0.152 0.138 0.136 0.139 0.142 0.143 0.139 0.133 0.133 0.139 0.137 0.133 0.131 0.128 0.124
0.000 0.000 0.000 0.652 0.600 0.594 0.576 0.586 0.545 0.466 0.478 0.484 0.468 0.000 0.000 0.288 0.294 0.273 0.256 0.263 0.265 0.267 0.254 0.286 0.310 0.297 0.293 0.312 0.330 0.314 0.315 0.336 0.340 0.366 0.364 0.000 0.000 0.000 0.000 0.000 0.000 0.000 0.000 0.000 0.000 0.000 0.227 0.229 0.233 0.231 0.237 0.240 0.229 0.224 0.216 0.206 0.205 0.201 0.193 0.187 0.179 0.160 0.144 0.133 0.130 0.130 0.134 0.133 0.128 0.124 0.127 0.128 0.127 0.125 0.121 0.116 0.113
0.000 0.000 0.000 0.000 0.000 0.000 0.575 0.584 0.538 0.456 0.455 0.476 0.443 0.474 0.436 0.364 0.327 0.316 0.303 0.296 0.304 0.266 0.249 0.275 0.271 0.261 0.291 0.299 0.308 0.351 0.354 0.355 0.345 0.362 0.000 0.000 0.000 0.000 0.000 0.000 0.000 0.000 0.000 0.000 0.000 0.000 0.000 0.000 0.000 0.000 0.241 0.240 0.228 0.222 0.211 0.197 0.193 0.190 0.186 0.183 0.173 0.150 0.135 0.127 0.123 0.122 0.124 0.121 0.115 0.114 0.117 0.119 0.119 0.116 0.108 0.104 0.104
0.000 0.000 0.000 0.000 0.000 0.000 0.000 0.000 0.000 0.000 0.494 0.481 0.434 0.435 0.425 0.371 0.360 0.359 0.337 0.329 0.315 0.300 0.308 0.294 0.283 0.297 0.295 0.293 0.303 0.342 0.362 0.358 0.353 0.000 0.000 0.000 0.000 0.000 0.000 0.000 0.000 0.000 0.000 0.000 0.000 0.000 0.000 0.000 0.000 0.000 0.000 0.000 0.000 0.000 0.199 0.197 0.190 0.184 0.182 0.178 0.162 0.141 0.126 0.118 0.111 0.113 0.114 0.110 0.107 0.109 0.113 0.113 0.107 0.100 0.095 0.095 0.097
0.000 0.000 0.000 0.000 0.000 0.000 0.000 0.000 0.000 0.000 0.000 0.000 0.000 0.000 0.408 0.376 0.390 0.360 0.369 0.332 0.333 0.321 0.304 0.308 0.315 0.301 0.310 0.316 0.332 0.342 0.343 0.356 0.000 0.000 0.000 0.000 0.000 0.000 0.000 0.000 0.000 0.000 0.000 0.000 0.000 0.000 0.000 0.000 0.000 0.000 0.000 0.000 0.000 0.000 0.000 0.000 0.000 0.189 0.188 0.178 0.154 0.132 0.122 0.114 0.105 0.107 0.107 0.104 0.103 0.105 0.105 0.098 0.089 0.085 0.085 0.087 0.091
0.000 0.000 0.000 0.000 0.000 0.000 0.000 0.000 0.000 0.000 0.000 0.000 0.000 0.000 0.000 0.406 0.387 0.361 0.366 0.347 0.334 0.326 0.327 0.340 0.347 0.321 0.312 0.323 0.332 0.357 0.386 0.384 0.000 0.000 0.000 0.000 0.000 0.000 0.000 0.000 0.000 0.000 0.000 0.000 0.000 0.000 0.000 0.000 0.000 0.000 0.000 0.000 0.000 0.000 0.000 0.000 0.000 0.000 0.000 0.000 0.000 0.119 0.115 0.110 0.100 0.100 0.098 0.097 0.095 0.092 0.086 0.080 0.077 0.077 0.077 0.080 0.083
0.000 0.000 0.000 0.000 0.000 0.000 0.000 0.000 0.000 0.000 0.000 0.000 0.000 0.000 0.331 0.345 0.376 0.390 0.384 0.349 0.327 0.364 0.358 0.351 0.375 0.350 0.340 0.342 0.349 0.354 0.373 0.365 0.000 0.000 0.000 0.000 0.000 0.000 0.000 0.000 0.000 0.000 0.000 0.000 0.000 0.000 0.000 0.000 0.000 0.000 0.000 0.000 0.000 0.000 0.000 0.000 0.000 0.000 0.000 0.000 0.000 0.000 0.000 0.000 0.082 0.086 0.088 0.088 0.080 0.075 0.069 0.066 0.069 0.070 0.071 0.073 0.072
0.000 0.000 0.000 0.000 0.000 0.000 0.000 0.000 0.000 0.000 0.000 0.000 0.000 0.000 0.395 0.348 0.373 0.400 0.382 0.381 0.411 0.382 0.365 0.438 0.431 0.413 0.394 0.413 0.392 0.415 0.408 0.393 0.000 0.000 0.000 0.000 0.000 0.000 0.000 0.000 0.000 0.000 0.000 0.000 0.000 0.000 0.000 0.000 0.000 0.000 0.000 0.000 0.000 0.000 0.000 0.000 0.000 0.000 0.000 0.000 0.000 0.000 0.000 0.000 0.000 0.000 0.000 0.000 0.060 0.060 0.058 0.059 0.060 0.062 0.066 0.064 0.060
0.000 0.000 0.000 0.000 0.000 0.000 0.000 0.000 0.000 0.000 0.000 0.000 0.000 0.000 0.401 0.400 0.408 0.387 0.345 0.342 0.375 0.368 0.367 0.381 0.385 0.367 0.384 0.393 0.430 0.420 0.440 0.000 0.000 0.000 0.000 0.000 0.000 0.000 0.000 0.000 0.000 0.000 0.000 0.000 0.000 0.000 0.000 0.000 0.000 0.000 0.000 0.000 0.000 0.000 0.000 0.000 0.000 0.000 0.000 0.000 0.000 0.000 0.000 0.000 0.000 0.000 0.000 0.000 0.000 0.000 0.000 0.052 0.059 0.061 0.058 0.052 0.051
0.000 0.000 0.000 0.000 0.000 0.000 0.000 0.000 0.000 0.000 0.000 0.000 0.000 0.000 0.343 0.337 0.341 0.332 0.361 0.398 0.376 0.425 0.430 0.415 0.444 0.437 0.417 0.426 0.389 0.426 0.459 0.000 0.000 0.000 0.000 0.000 0.000 0.000 0.000 0.000 0.000 0.000 0.000 0.000 0.000 0.000 0.000 0.000 0.000 0.000 0.000 0.000 0.000 0.000 0.000 0.000 0.000 0.000 0.000 0.000 0.000 0.000 0.000 0.000 0.000 0.000 0.000 0.000 0.000 0.000 0.000 0.000 0.000 0.000 0.000 0.039 0.039
0.000 0.000 0.000 0.000 0.000 0.000 0.000 0.000 0.000 0.000 0.000 0.000 0.000 0.332 0.353 0.340 0.333 0.306 0.298 0.311 0.351 0.360 0.377 0.435 0.426 0.417 0.454 0.478 0.474 0.478 0.460 0.000 0.000 0.000 0.000 0.000 0.000 0.000 0.000 0.000 0.000 0.000 0.000 0.000 0.000 0.000 0.000 0.000 0.000 0.000 0.000 0.000 0.000 0.000 0.000 0.000 0.000 0.000 0.000 0.000 0.000 0.000 0.000 0.000 0.000 0.000 0.000 0.000 0.000 0.000 0.000 0.000 0.000 0.000 0.000 0.000 0.024
0.000 0.000 0.000 0.000 0.000 0.000 0.000 0.000 0.000 0.000 0.000 0.000 0.000 0.381 0.408 0.408 0.364 0.351 0.364 0.350 0.323 0.317 0.351 0.364 0.400 0.429 0.440 0.426 0.470 0.500 0.000 0.000 0.000 0.000 0.000 0.000 0.000 0.000 0.000 0.000 0.000 0.000 0.000 0.000 0.000 0.000 0.000 0.000 0.000 0.000 0.000 0.000 0.000 0.000 0.000 0.000 0.000 0.000 0.000 0.000 0.000 0.000 0.000 0.000 0.000 0.000 0.000 0.000 0.000 0.000 0.000 0.000 0.000 0.000 0.000 0.000 0.001
