数据/2hours/0.1-2h-200y/coupled-164-0001.wd
ncols         694
nrows         824
xllcorner     581104.939801
yllcorner     3495917.092414
cellsize      2.000000
NODATA_value  -9999.000000
[rows 612 to 645 of 824, columns 77 to 153 of 694]
0.209 0.173 0.136 0.100 0.000 0.000 0.000 0.000 0.000 0.000 0.000 0.000 0.000 0.001 0.001 0.001 0.001 0.001 0.001 0.001 0.001 0.000 0.000 0.000 0.000 0.000 0.000 0.000 0.000 0.124 0.097 0.093 0.094 0.093 0.094 0.094 0.094 0.095 0.094 0.000 0.000 0.000 0.000 0.000 0.000 0.005 0.010 0.009 0.004 0.004 0.004 0.004 0.001 0.001 0.001 0.001 0.001 0.001 0.001 0.000 0.000 0.000 0.000 0.000 0.000 0.000 0.000 0.000 0.000 0.000 0.000 0.000 0.000 0.000 0.001 0.000 0.000
0.233 0.000 0.000 0.126 0.000 0.000 0.000 0.000 0.000 0.000 0.000 0.000 0.001 0.001 0.001 0.001 0.001 0.001 0.001 0.001 0.000 0.000 0.000 0.000 0.000 0.000 0.000 0.199 0.173 0.145 0.119 0.092 0.078 0.079 0.079 0.079 0.000 0.079 0.079 0.079 0.000 0.000 0.000 0.000 0.000 0.000 0.012 0.008 0.003 0.003 0.004 0.004 0.003 0.001 0.001 0.001 0.001 0.001 0.001 0.001 0.000 0.000 0.001 0.000 0.000 0.000 0.000 0.000 0.000 0.000 0.000 0.000 0.001 0.001 0.001 0.001 0.000
0.000 0.000 0.000 0.000 0.000 0.000 0.000 0.000 0.000 0.000 0.000 0.001 0.001 0.001 0.001 0.001 0.001 0.001 0.001 0.001 0.000 0.000 0.000 0.000 0.000 0.000 0.000 0.220 0.194 0.165 0.140 0.112 0.086 0.063 0.063 0.000 0.000 0.000 0.064 0.064 0.064 0.000 0.000 0.000 0.000 0.020 0.013 0.007 0.003 0.003 0.003 0.004 0.004 0.002 0.001 0.001 0.001 0.001 0.001 0.001 0.001 0.001 0.001 0.000 0.000 0.000 0.000 0.000 0.000 0.000 0.000 0.001 0.001 0.001 0.001 0.001 0.001
0.000 0.000 0.000 0.000 0.000 0.000 0.000 0.000 0.000 0.001 0.001 0.001 0.001 0.001 0.001 0.001 0.001 0.001 0.000 0.001 0.000 0.000 0.000 0.000 0.000 0.000 0.000 0.000 0.215 0.188 0.160 0.133 0.107 0.080 0.000 0.000 0.000 0.000 0.000 0.049 0.049 0.049 0.000 0.000 0.023 0.018 0.000 0.002 0.002 0.002 0.003 0.003 0.004 0.004 0.001 0.001 0.001 0.001 0.001 0.001 0.001 0.001 0.000 0.000 0.000 0.000 0.000 0.000 0.000 0.000 0.001 0.001 0.001 0.001 0.001 0.001 0.001
0.000 0.000 0.000 0.000 0.000 0.000 0.000 0.000 0.025 0.001 0.001 0.001 0.001 0.001 0.001 0.001 0.000 0.000 0.000 0.000 0.000 0.000 0.000 0.000 0.000 0.000 0.000 0.000 0.000 0.209 0.182 0.155 0.128 0.101 0.074 0.000 0.000 0.000 0.000 0.000 0.000 0.030 0.027 0.024 0.019 0.000 0.000 0.000 0.002 0.002 0.002 0.003 0.003 0.004 0.005 0.000 0.001 0.001 0.001 0.001 0.001 0.001 0.000 0.000 0.000 0.000 0.000 0.000 0.000 0.000 0.072 0.001 0.001 0.001 0.001 0.001 0.001
0.000 0.000 0.000 0.000 0.000 0.000 0.000 0.046 0.005 0.001 0.001 0.001 0.001 0.001 0.001 0.000 0.000 0.000 0.000 0.000 0.000 0.000 0.000 0.000 0.000 0.000 0.000 0.000 0.000 0.000 0.203 0.176 0.149 0.123 0.095 0.068 0.000 0.000 0.000 0.000 0.010 0.012 0.012 0.011 0.000 0.000 0.000 0.000 0.000 0.002 0.002 0.002 0.003 0.004 0.004 0.005 0.001 0.001 0.001 0.001 0.001 0.001 0.001 0.000 0.000 0.000 0.000 0.000 0.000 0.000 0.000 0.083 0.013 0.001 0.001 0.001 0.000
0.000 0.000 0.000 0.000 0.000 0.000 0.062 0.023 0.001 0.001 0.001 0.001 0.001 0.001 0.001 0.000 0.000 0.000 0.000 0.000 0.000 0.000 0.000 0.000 0.000 0.000 0.000 0.000 0.000 0.251 0.224 0.198 0.171 0.143 0.118 0.000 0.028 0.001 0.000 0.001 0.001 0.002 0.003 0.000 0.000 0.000 0.000 0.000 0.000 0.000 0.002 0.002 0.003 0.003 0.003 0.004 0.004 0.001 0.001 0.001 0.001 0.001 0.001 0.001 0.000 0.000 0.000 0.000 0.000 0.000 0.000 0.000 0.113 0.043 0.001 0.001 0.000
0.000 0.000 0.000 0.000 0.117 0.079 0.038 0.004 0.001 0.001 0.001 0.001 0.001 0.001 0.001 0.000 0.000 0.000 0.000 0.000 0.000 0.000 0.000 0.000 0.000 0.000 0.000 0.000 0.000 0.272 0.245 0.000 0.000 0.165 0.000 0.000 0.000 0.001 0.001 0.001 0.001 0.001 0.002 0.000 0.000 0.000 0.000 0.000 0.000 0.000 0.000 0.002 0.002 0.003 0.003 0.003 0.004 0.004 0.001 0.001 0.001 0.001 0.001 0.001 0.001 0.000 0.000 0.000 0.000 0.000 0.000 0.000 0.000 0.143 0.072 0.001 0.001
0.000 0.000 0.000 0.136 0.097 0.059 0.021 0.001 0.001 0.001 0.001 0.001 0.001 0.001 0.001 0.000 0.000 0.000 0.000 0.000 0.000 0.000 0.000 0.000 0.000 0.000 0.000 0.000 0.000 0.000 0.000 0.000 0.000 0.000 0.000 0.001 0.000 0.001 0.001 0.001 0.001 0.001 0.002 0.004 0.000 0.000 0.000 0.000 0.000 0.000 0.000 0.000 0.002 0.002 0.003 0.003 0.003 0.003 0.003 0.001 0.001 0.001 0.001 0.001 0.001 0.001 0.000 0.000 0.000 0.000 0.000 0.000 0.000 0.000 0.000 0.001 0.001
0.000 0.000 0.164 0.121 0.077 0.039 0.004 0.001 0.001 0.001 0.001 0.001 0.001 0.001 0.001 0.001 0.000 0.000 0.000 0.000 0.000 0.000 0.000 0.000 0.000 0.000 0.000 0.000 0.000 0.000 0.000 0.000 0.000 0.000 0.001 0.001 0.001 0.001 0.001 0.001 0.001 0.001 0.000 0.002 0.004 0.000 0.000 0.000 0.000 0.000 0.000 0.000 0.000 0.002 0.003 0.004 0.003 0.003 0.002 0.001 0.001 0.001 0.001 0.001 0.001 0.001 0.001 0.000 0.000 0.000 0.000 0.000 0.000 0.000 0.000 0.001 0.001
0.216 0.182 0.145 0.104 0.059 0.020 0.001 0.001 0.001 0.001 0.001 0.000 0.000 0.001 0.001 0.001 0.001 0.000 0.000 0.000 0.000 0.000 0.000 0.000 0.000 0.000 0.000 0.000 0.000 0.000 0.000 0.000 0.000 0.001 0.001 0.001 0.001 0.001 0.001 0.001 0.001 0.000 0.000 0.000 0.002 0.004 0.002 0.000 0.000 0.000 0.000 0.000 0.000 0.000 0.003 0.004 0.004 0.004 0.004 0.003 0.001 0.001 0.001 0.001 0.001 0.001 0.001 0.001 0.000 0.000 0.000 0.000 0.000 0.000 0.003 0.003 0.004
0.199 0.163 0.126 0.087 0.041 0.003 0.001 0.001 0.001 0.001 0.000 0.000 0.000 0.000 0.001 0.001 0.001 0.001 0.001 0.000 0.000 0.000 0.000 0.000 0.000 0.000 0.000 0.000 0.000 0.000 0.000 0.000 0.000 0.001 0.001 0.001 0.001 0.001 0.001 0.001 0.001 0.000 0.000 0.000 0.013 0.001 0.001 0.000 0.000 0.000 0.000 0.000 0.000 0.000 0.000 0.008 0.007 0.006 0.004 0.004 0.005 0.001 0.001 0.001 0.001 0.001 0.001 0.001 0.001 0.000 0.000 0.000 0.000 0.003 0.003 0.002 0.000
0.180 0.143 0.105 0.068 0.022 0.001 0.001 0.001 0.001 0.000 0.000 0.000 0.000 0.000 0.000 0.001 0.001 0.001 0.001 0.001 0.000 0.000 0.000 0.000 0.000 0.000 0.000 0.000 0.000 0.000 0.000 0.000 0.000 0.001 0.001 0.001 0.000 0.024 0.002 0.001 0.001 0.001 0.000 0.000 0.000 0.011 0.002 0.001 0.000 0.000 0.000 0.000 0.000 0.000 0.000 0.000 0.009 0.006 0.005 0.004 0.004 0.015 0.001 0.001 0.001 0.001 0.001 0.001 0.001 0.001 0.000 0.000 0.003 0.003 0.003 0.000 0.000
0.159 0.124 0.084 0.050 0.003 0.001 0.001 0.001 0.000 0.000 0.000 0.000 0.003 0.001 0.001 0.001 0.001 0.001 0.001 0.001 0.000 0.000 0.000 0.000 0.000 0.000 0.000 0.000 0.000 0.001 0.001 0.000 0.001 0.001 0.001 0.000 0.000 0.000 0.023 0.002 0.001 0.001 0.001 0.000 0.000 0.000 0.003 0.002 0.001 0.001 0.000 0.000 0.000 0.000 0.000 0.000 0.000 0.007 0.005 0.005 0.005 0.010 0.021 0.000 0.001 0.001 0.001 0.001 0.001 0.001 0.001 0.002 0.003 0.003 0.000 0.000 0.000
0.128 0.105 0.067 0.038 0.001 0.001 0.001 0.000 0.000 0.000 0.000 0.069 0.035 0.001 0.001 0.001 0.001 0.001 0.001 0.001 0.001 0.001 0.000 0.000 0.000 0.000 0.000 0.000 0.001 0.001 0.001 0.001 0.001 0.001 0.000 0.000 0.000 0.000 0.000 0.010 0.001 0.001 0.001 0.001 0.000 0.000 0.000 0.003 0.002 0.001 0.001 0.000 0.000 0.000 0.000 0.000 0.000 0.000 0.006 0.004 0.003 0.004 0.015 0.024 0.001 0.001 0.001 0.001 0.001 0.001 0.002 0.002 0.002 0.000 0.000 0.000 0.000
0.135 0.124 0.114 0.087 0.061 0.012 0.000 0.000 0.000 0.000 0.000 0.000 0.000 0.022 0.001 0.001 0.001 0.001 0.001 0.001 0.001 0.001 0.001 0.001 0.000 0.000 0.000 0.001 0.001 0.001 0.001 0.001 0.001 0.000 0.000 0.000 0.000 0.000 0.000 0.000 0.010 0.001 0.001 0.001 0.001 0.000 0.000 0.000 0.003 0.001 0.001 0.001 0.000 0.000 0.000 0.000 0.000 0.000 0.000 0.003 0.001 0.001 0.008 0.018 0.027 0.002 0.001 0.001 0.001 0.001 0.001 0.001 0.001 0.000 0.000 0.000 0.000
0.156 0.150 0.173 0.141 0.112 0.000 0.000 0.000 0.000 0.000 0.000 0.000 0.000 0.077 0.044 0.001 0.001 0.001 0.001 0.001 0.001 0.001 0.001 0.001 0.001 0.000 0.001 0.001 0.001 0.001 0.001 0.001 0.000 0.000 0.000 0.000 0.000 0.000 0.000 0.000 0.017 0.001 0.001 0.001 0.001 0.001 0.000 0.000 0.000 0.002 0.001 0.001 0.001 0.000 0.000 0.000 0.000 0.000 0.000 0.000 0.001 0.001 0.002 0.011 0.020 0.028 0.002 0.001 0.001 0.001 0.001 0.001 0.001 0.001 0.000 0.000 0.000
0.173 0.170 0.198 0.194 0.000 0.000 0.000 0.000 0.000 0.000 0.000 0.000 0.000 0.000 0.000 0.041 0.001 0.001 0.001 0.001 0.001 0.001 0.001 0.001 0.001 0.001 0.001 0.001 0.001 0.001 0.001 0.001 0.001 0.001 0.000 0.000 0.000 0.000 0.000 0.000 0.024 0.000 0.009 0.001 0.001 0.001 0.001 0.000 0.000 0.000 0.002 0.001 0.001 0.001 0.000 0.000 0.000 0.000 0.000 0.000 0.000 0.001 0.001 0.004 0.013 0.022 0.030 0.002 0.001 0.001 0.001 0.001 0.001 0.001 0.001 0.000 0.000
0.191 0.190 0.219 0.000 0.000 0.000 0.000 0.000 0.000 0.000 0.000 0.000 0.000 0.000 0.000 0.089 0.046 0.001 0.001 0.001 0.001 0.001 0.001 0.001 0.001 0.001 0.001 0.001 0.001 0.001 0.001 0.001 0.001 0.001 0.000 0.000 0.000 0.000 0.000 0.000 0.000 0.000 0.000 0.009 0.001 0.001 0.001 0.001 0.000 0.000 0.000 0.001 0.001 0.001 0.001 0.000 0.000 0.000 0.000 0.000 0.000 0.000 0.001 0.001 0.006 0.015 0.023 0.031 0.001 0.001 0.001 0.001 0.001 0.001 0.001 0.001 0.000
0.209 0.000 0.000 0.000 0.000 0.000 0.324 0.000 0.000 0.000 0.000 0.000 0.000 0.000 0.000 0.000 0.000 0.012 0.001 0.001 0.001 0.001 0.001 0.001 0.001 0.001 0.001 0.001 0.001 0.001 0.001 0.001 0.001 0.001 0.001 0.000 0.000 0.000 0.000 0.000 0.000 0.000 0.000 0.000 0.009 0.001 0.001 0.001 0.001 0.000 0.000 0.000 0.001 0.001 0.001 0.000 0.000 0.000 0.000 0.000 0.000 0.000 0.000 0.001 0.001 0.008 0.016 0.024 0.032 0.001 0.001 0.001 0.001 0.001 0.001 0.001 0.001
0.000 0.000 0.000 0.000 0.000 0.413 0.381 0.347 0.314 0.000 0.000 0.000 0.000 0.000 0.000 0.000 0.000 0.060 0.017 0.001 0.001 0.001 0.001 0.001 0.001 0.001 0.002 0.001 0.001 0.001 0.001 0.001 0.001 0.001 0.001 0.001 0.001 0.000 0.000 0.000 0.000 0.000 0.000 0.000 0.000 0.001 0.001 0.001 0.001 0.001 0.000 0.000 0.000 0.001 0.001 0.001 0.000 0.000 0.000 0.000 0.000 0.000 0.000 0.000 0.001 0.001 0.009 0.017 0.025 0.033 0.001 0.001 0.001 0.001 0.001 0.001 0.001
0.000 0.000 0.399 0.000 0.458 0.469 0.436 0.403 0.370 0.337 0.000 0.000 0.000 0.000 0.000 0.000 0.151 0.109 0.000 0.002 0.001 0.001 0.001 0.001 0.001 0.006 0.007 0.007 0.006 0.001 0.001 0.001 0.001 0.001 0.001 0.001 0.001 0.001 0.000 0.000 0.000 0.000 0.000 0.000 0.000 0.001 0.001 0.001 0.001 0.001 0.001 0.000 0.000 0.000 0.001 0.001 0.001 0.000 0.000 0.000 0.000 0.000 0.000 0.000 0.000 0.001 0.001 0.010 0.018 0.026 0.031 0.001 0.001 0.001 0.001 0.001 0.001
0.000 0.392 0.421 0.450 0.479 0.509 0.492 0.459 0.425 0.392 0.000 0.000 0.000 0.000 0.000 0.000 0.000 0.000 0.000 0.000 0.001 0.001 0.002 0.007 0.016 0.025 0.008 0.000 0.027 0.008 0.001 0.001 0.001 0.001 0.001 0.001 0.001 0.001 0.000 0.000 0.000 0.000 0.000 0.000 0.002 0.002 0.002 0.003 0.003 0.001 0.001 0.001 0.000 0.000 0.000 0.001 0.001 0.001 0.000 0.000 0.000 0.000 0.000 0.000 0.000 0.000 0.001 0.002 0.010 0.019 0.026 0.025 0.001 0.001 0.001 0.001 0.001
0.000 0.000 0.000 0.473 0.502 0.530 0.548 0.515 0.481 0.442 0.399 0.000 0.000 0.000 0.000 0.000 0.000 0.000 0.000 0.000 0.015 0.023 0.029 0.038 0.048 0.047 0.000 0.000 0.000 0.028 0.009 0.006 0.006 0.001 0.001 0.001 0.001 0.001 0.001 0.001 0.000 0.000 0.002 0.001 0.002 0.002 0.002 0.000 0.026 0.007 0.001 0.001 0.001 0.000 0.000 0.000 0.001 0.001 0.001 0.000 0.000 0.000 0.000 0.000 0.000 0.000 0.000 0.001 0.003 0.010 0.019 0.027 0.019 0.000 0.001 0.001 0.001
0.000 0.000 0.000 0.494 0.523 0.552 0.581 0.570 0.534 0.491 0.448 0.406 0.363 0.000 0.000 0.000 0.000 0.000 0.000 0.000 0.000 0.000 0.061 0.071 0.080 0.000 0.000 0.000 0.000 0.000 0.000 0.000 0.027 0.002 0.001 0.001 0.001 0.001 0.001 0.001 0.000 0.002 0.002 0.001 0.001 0.001 0.000 0.000 0.000 0.027 0.008 0.003 0.001 0.001 0.000 0.000 0.000 0.001 0.001 0.001 0.000 0.000 0.000 0.000 0.000 0.000 0.000 0.000 0.001 0.003 0.011 0.019 0.027 0.013 0.001 0.001 0.001
0.000 0.000 0.000 0.517 0.000 0.574 0.603 0.622 0.582 0.539 0.496 0.453 0.411 0.368 0.000 0.000 0.000 0.000 0.000 0.000 0.000 0.000 0.094 0.104 0.000 0.000 0.000 0.000 0.000 0.000 0.000 0.000 0.043 0.013 0.006 0.001 0.001 0.001 0.001 0.001 0.001 0.002 0.001 0.001 0.001 0.000 0.000 0.000 0.000 0.000 0.000 0.026 0.004 0.001 0.001 0.000 0.000 0.000 0.000 0.001 0.001 0.000 0.000 0.000 0.000 0.000 0.000 0.000 0.001 0.001 0.003 0.012 0.019 0.028 0.007 0.001 0.001
0.000 0.000 0.000 0.000 0.000 0.000 0.623 0.606 0.589 0.573 0.544 0.502 0.458 0.415 0.000 0.000 0.000 0.000 0.000 0.000 0.000 0.117 0.127 0.000 0.000 0.000 0.000 0.000 0.000 0.000 0.000 0.000 0.000 0.000 0.027 0.002 0.001 0.001 0.001 0.001 0.001 0.001 0.001 0.001 0.000 0.000 0.000 0.000 0.000 0.000 0.000 0.045 0.024 0.003 0.001 0.001 0.000 0.000 0.000 0.000 0.001 0.001 0.000 0.000 0.000 0.000 0.000 0.000 0.000 0.001 0.001 0.004 0.012 0.020 0.028 0.001 0.001
0.000 0.000 0.000 0.000 0.000 0.000 0.000 0.000 0.573 0.555 0.539 0.523 0.506 0.464 0.421 0.378 0.000 0.000 0.000 0.000 0.161 0.153 0.162 0.169 0.000 0.000 0.000 0.000 0.000 0.000 0.000 0.000 0.000 0.000 0.042 0.013 0.006 0.001 0.001 0.001 0.001 0.001 0.001 0.001 0.000 0.000 0.000 0.000 0.000 0.000 0.000 0.000 0.044 0.023 0.002 0.001 0.001 0.000 0.000 0.001 0.001 0.001 0.001 0.000 0.000 0.000 0.000 0.000 0.000 0.000 0.001 0.001 0.004 0.013 0.020 0.027 0.003
0.000 0.000 0.000 0.000 0.000 0.000 0.000 0.000 0.557 0.539 0.523 0.506 0.489 0.472 0.456 0.426 0.385 0.000 0.000 0.252 0.209 0.186 0.195 0.186 0.153 0.121 0.000 0.000 0.000 0.000 0.000 0.000 0.000 0.000 0.000 0.000 0.027 0.002 0.001 0.001 0.001 0.001 0.001 0.001 0.001 0.001 0.000 0.000 0.000 0.000 0.000 0.000 0.000 0.042 0.022 0.004 0.001 0.001 0.001 0.001 0.000 0.000 0.001 0.001 0.000 0.000 0.000 0.000 0.000 0.000 0.000 0.001 0.001 0.005 0.012 0.018 0.025
0.000 0.000 0.000 0.000 0.000 0.000 0.000 0.560 0.540 0.000 0.507 0.490 0.473 0.455 0.439 0.422 0.406 0.000 0.344 0.300 0.257 0.222 0.230 0.201 0.168 0.136 0.103 0.070 0.000 0.000 0.000 0.000 0.000 0.000 0.000 0.000 0.043 0.011 0.001 0.001 0.001 0.001 0.001 0.001 0.001 0.001 0.001 0.000 0.000 0.000 0.000 0.000 0.000 0.000 0.000 0.025 0.004 0.001 0.001 0.000 0.000 0.000 0.000 0.001 0.001 0.000 0.000 0.000 0.000 0.000 0.001 0.001 0.001 0.001 0.004 0.010 0.017
0.539 0.000 0.000 0.000 0.000 0.000 0.000 0.000 0.000 0.000 0.000 0.473 0.456 0.439 0.423 0.406 0.388 0.371 0.355 0.337 0.305 0.262 0.250 0.217 0.185 0.152 0.119 0.085 0.053 0.000 0.000 0.000 0.000 0.000 0.000 0.000 0.059 0.026 0.001 0.001 0.001 0.001 0.001 0.001 0.001 0.001 0.001 0.001 0.000 0.000 0.000 0.000 0.000 0.000 0.000 0.045 0.024 0.003 0.000 0.000 0.000 0.000 0.000 0.000 0.001 0.001 0.000 0.000 0.000 0.001 0.001 0.001 0.001 0.001 0.001 0.002 0.008
0.561 0.588 0.000 0.000 0.000 0.000 0.000 0.000 0.000 0.000 0.000 0.456 0.439 0.422 0.406 0.389 0.372 0.355 0.337 0.320 0.303 0.286 0.267 0.232 0.200 0.167 0.134 0.102 0.069 0.000 0.000 0.000 0.000 0.000 0.000 0.108 0.074 0.042 0.008 0.001 0.001 0.001 0.001 0.001 0.001 0.001 0.001 0.000 0.000 0.000 0.000 0.000 0.000 0.000 0.000 0.000 0.043 0.022 0.002 0.000 0.000 0.000 0.000 0.000 0.000 0.001 0.001 0.000 0.001 0.001 0.001 0.001 0.001 0.001 0.001 0.001 0.001
0.582 0.610 0.612 0.591 0.000 0.000 0.000 0.000 0.000 0.000 0.000 0.000 0.422 0.405 0.389 0.372 0.355 0.338 0.321 0.303 0.286 0.285 0.284 0.255 0.221 0.188 0.154 0.122 0.089 0.057 0.026 0.000 0.000 0.000 0.156 0.123 0.090 0.058 0.025 0.003 0.001 0.001 0.001 0.001 0.001 0.001 0.001 0.001 0.000 0.000 0.000 0.000 0.000 0.000 0.000 0.000 0.000 0.041 0.021 0.001 0.000 0.000 0.000 0.000 0.000 0.001 0.001 0.001 0.001 0.001 0.001 0.001 0.001 0.001 0.001 0.001 0.001
0.603 0.618 0.596 0.574 0.552 0.000 0.000 0.000 0.000 0.000 0.000 0.000 0.000 0.000 0.372 0.355 0.339 0.322 0.303 0.000 0.000 0.284 0.284 0.276 0.243 0.210 0.177 0.143 0.110 0.079 0.046 0.000 0.000 0.208 0.175 0.143 0.109 0.076 0.000 0.022 0.003 0.001 0.001 0.001 0.001 0.001 0.001 0.001 0.001 0.001 0.001 0.000 0.000 0.000 0.000 0.000 0.000 0.000 0.041 0.020 0.001 0.000 0.000 0.000 0.001 0.001 0.001 0.001 0.001 0.001 0.001 0.001 0.001 0.001 0.001 0.001 0.001
