数据/2hours/0.1-2h-200y/coupled-152-0001.wd
ncols         694
nrows         824
xllcorner     581104.939801
yllcorner     3495917.092414
cellsize      2.000000
NODATA_value  -9999.000000
[rows 646 to 679 of 824, columns 77 to 153 of 694]
0.690 0.669 0.647 0.625 0.603 0.000 0.000 0.000 0.000 0.000 0.000 0.000 0.000 0.000 0.423 0.408 0.392 0.376 0.000 0.000 0.000 0.356 0.356 0.355 0.334 0.300 0.265 0.231 0.197 0.163 0.129 0.095 0.000 0.238 0.205 0.172 0.138 0.000 0.000 0.000 0.030 0.006 0.004 0.001 0.001 0.001 0.001 0.001 0.001 0.001 0.001 0.001 0.000 0.000 0.000 0.000 0.000 0.000 0.000 0.043 0.021 0.001 0.000 0.001 0.001 0.001 0.001 0.001 0.001 0.001 0.000 0.000 0.001 0.001 0.001 0.001 0.001
0.675 0.652 0.630 0.608 0.586 0.563 0.000 0.000 0.000 0.000 0.000 0.000 0.000 0.419 0.404 0.390 0.374 0.000 0.000 0.000 0.000 0.000 0.000 0.000 0.352 0.319 0.285 0.252 0.217 0.184 0.149 0.116 0.000 0.000 0.227 0.194 0.000 0.000 0.000 0.000 0.000 0.000 0.025 0.001 0.001 0.001 0.001 0.001 0.001 0.001 0.001 0.001 0.000 0.000 0.000 0.000 0.000 0.000 0.000 0.000 0.041 0.021 0.001 0.001 0.001 0.001 0.001 0.001 0.001 0.000 0.000 0.000 0.000 0.001 0.001 0.001 0.001
0.684 0.645 0.612 0.591 0.569 0.547 0.000 0.000 0.000 0.000 0.000 0.000 0.415 0.401 0.385 0.371 0.000 0.000 0.000 0.000 0.000 0.000 0.000 0.352 0.351 0.340 0.306 0.272 0.238 0.205 0.170 0.136 0.000 0.074 0.000 0.000 0.000 0.000 0.000 0.000 0.000 0.000 0.044 0.020 0.001 0.001 0.001 0.001 0.001 0.001 0.001 0.001 0.000 0.000 0.000 0.000 0.000 0.000 0.000 0.000 0.000 0.040 0.014 0.001 0.001 0.001 0.001 0.001 0.000 0.000 0.000 0.000 0.000 0.000 0.001 0.001 0.001
0.692 0.653 0.614 0.573 0.551 0.528 0.000 0.000 0.000 0.000 0.000 0.413 0.397 0.382 0.367 0.000 0.000 0.000 0.000 0.000 0.000 0.000 0.000 0.352 0.000 0.000 0.326 0.292 0.260 0.226 0.192 0.158 0.125 0.093 0.061 0.000 0.000 0.000 0.000 0.000 0.000 0.000 0.000 0.042 0.018 0.001 0.001 0.001 0.001 0.001 0.001 0.001 0.001 0.000 0.000 0.000 0.000 0.000 0.000 0.000 0.000 0.000 0.023 0.001 0.001 0.001 0.001 0.000 0.000 0.000 0.000 0.000 0.000 0.000 0.000 0.000 0.001
0.701 0.661 0.622 0.582 0.542 0.510 0.488 0.000 0.000 0.000 0.408 0.394 0.379 0.365 0.355 0.357 0.357 0.000 0.000 0.000 0.000 0.000 0.000 0.000 0.000 0.000 0.347 0.314 0.282 0.250 0.216 0.182 0.147 0.112 0.082 0.050 0.021 0.000 0.000 0.000 0.000 0.000 0.000 0.000 0.041 0.017 0.004 0.001 0.001 0.001 0.001 0.001 0.001 0.001 0.000 0.000 0.000 0.000 0.000 0.000 0.000 0.000 0.000 0.001 0.001 0.001 0.000 0.000 0.000 0.000 0.000 0.000 0.000 0.000 0.000 0.000 0.000
0.710 0.671 0.631 0.591 0.551 0.511 0.471 0.449 0.000 0.408 0.393 0.377 0.363 0.354 0.355 0.357 0.358 0.357 0.000 0.000 0.000 0.000 0.000 0.000 0.000 0.000 0.000 0.000 0.304 0.271 0.238 0.204 0.170 0.135 0.102 0.070 0.035 0.002 0.000 0.000 0.000 0.000 0.000 0.000 0.000 0.000 0.029 0.005 0.001 0.001 0.001 0.001 0.001 0.001 0.001 0.001 0.000 0.000 0.000 0.000 0.000 0.000 0.001 0.001 0.001 0.001 0.001 0.000 0.000 0.000 0.000 0.000 0.000 0.000 0.000 0.000 0.000
0.000 0.679 0.639 0.599 0.558 0.519 0.480 0.440 0.412 0.392 0.374 0.360 0.353 0.353 0.355 0.356 0.358 0.358 0.357 0.356 0.000 0.000 0.000 0.000 0.000 0.000 0.000 0.000 0.323 0.290 0.257 0.226 0.192 0.159 0.121 0.085 0.050 0.015 0.000 0.000 0.000 0.000 0.000 0.000 0.000 0.000 0.052 0.027 0.003 0.001 0.001 0.001 0.001 0.001 0.001 0.001 0.001 0.000 0.000 0.000 0.000 0.022 0.001 0.001 0.001 0.001 0.001 0.001 0.000 0.000 0.000 0.000 0.000 0.000 0.000 0.000 0.000
0.000 0.000 0.000 0.607 0.567 0.528 0.489 0.450 0.412 0.376 0.358 0.350 0.352 0.354 0.355 0.357 0.358 0.357 0.358 0.357 0.357 0.000 0.000 0.000 0.000 0.000 0.000 0.000 0.344 0.310 0.278 0.246 0.212 0.174 0.138 0.097 0.062 0.030 0.000 0.000 0.000 0.000 0.000 0.000 0.000 0.000 0.000 0.050 0.025 0.002 0.001 0.001 0.001 0.001 0.001 0.001 0.001 0.000 0.000 0.000 0.028 0.002 0.001 0.001 0.001 0.001 0.001 0.001 0.001 0.000 0.000 0.000 0.000 0.000 0.000 0.000 0.000
0.000 0.000 0.000 0.000 0.576 0.537 0.498 0.460 0.422 0.385 0.364 0.363 0.363 0.361 0.360 0.359 0.357 0.358 0.358 0.358 0.358 0.000 0.000 0.000 0.000 0.000 0.000 0.352 0.349 0.334 0.298 0.264 0.228 0.188 0.152 0.115 0.077 0.041 0.004 0.000 0.000 0.000 0.000 0.000 0.000 0.000 0.000 0.000 0.048 0.024 0.001 0.001 0.001 0.001 0.001 0.001 0.001 0.001 0.001 0.001 0.001 0.001 0.001 0.001 0.001 0.001 0.001 0.001 0.001 0.010 0.000 0.000 0.000 0.000 0.000 0.000 0.000
0.000 0.000 0.000 0.000 0.586 0.547 0.508 0.470 0.431 0.395 0.399 0.403 0.401 0.401 0.400 0.399 0.397 0.394 0.391 0.389 0.387 0.383 0.381 0.000 0.000 0.000 0.366 0.362 0.359 0.356 0.319 0.280 0.242 0.204 0.165 0.132 0.091 0.052 0.022 0.002 0.001 0.001 0.000 0.000 0.000 0.000 0.000 0.000 0.000 0.028 0.001 0.001 0.001 0.001 0.001 0.001 0.001 0.001 0.001 0.001 0.001 0.001 0.001 0.001 0.001 0.001 0.001 0.001 0.001 0.002 0.012 0.000 0.000 0.000 0.000 0.000 0.000
0.000 0.000 0.000 0.000 0.000 0.000 0.519 0.480 0.442 0.425 0.434 0.000 0.444 0.442 0.441 0.440 0.436 0.435 0.431 0.429 0.427 0.424 0.421 0.000 0.000 0.406 0.405 0.401 0.397 0.371 0.332 0.296 0.256 0.219 0.179 0.142 0.106 0.067 0.042 0.021 0.001 0.001 0.001 0.000 0.000 0.000 0.000 0.000 0.000 0.000 0.001 0.001 0.001 0.001 0.001 0.001 0.001 0.001 0.001 0.001 0.001 0.001 0.001 0.001 0.001 0.001 0.001 0.001 0.001 0.001 0.002 0.012 0.000 0.000 0.000 0.000 0.000
0.000 0.000 0.000 0.000 0.000 0.000 0.000 0.490 0.450 0.458 0.000 0.000 0.000 0.000 0.483 0.480 0.476 0.474 0.472 0.469 0.466 0.462 0.458 0.455 0.452 0.448 0.446 0.443 0.426 0.387 0.346 0.313 0.274 0.232 0.196 0.156 0.121 0.090 0.063 0.042 0.021 0.001 0.001 0.000 0.000 0.000 0.000 0.000 0.000 0.000 0.000 0.001 0.001 0.001 0.001 0.001 0.001 0.001 0.001 0.001 0.001 0.001 0.001 0.001 0.001 0.001 0.001 0.001 0.000 0.000 0.001 0.001 0.011 0.000 0.000 0.000 0.000
0.000 0.000 0.000 0.000 0.000 0.000 0.537 0.499 0.484 0.000 0.000 0.000 0.000 0.000 0.000 0.000 0.518 0.515 0.513 0.509 0.506 0.503 0.498 0.495 0.490 0.487 0.483 0.476 0.438 0.401 0.361 0.324 0.289 0.248 0.210 0.172 0.134 0.112 0.087 0.062 0.041 0.020 0.001 0.000 0.000 0.000 0.000 0.000 0.000 0.000 0.000 0.000 0.001 0.001 0.001 0.001 0.001 0.001 0.001 0.001 0.001 0.001 0.001 0.001 0.001 0.001 0.001 0.001 0.000 0.000 0.000 0.000 0.000 0.000 0.000 0.000 0.000
0.000 0.000 0.000 0.000 0.000 0.585 0.547 0.511 0.519 0.000 0.000 0.000 0.000 0.000 0.000 0.000 0.557 0.556 0.553 0.551 0.545 0.542 0.539 0.535 0.532 0.529 0.527 0.494 0.453 0.414 0.377 0.340 0.303 0.265 0.226 0.188 0.157 0.134 0.112 0.085 0.062 0.038 0.003 0.001 0.000 0.000 0.000 0.000 0.000 0.000 0.000 0.000 0.000 0.001 0.001 0.001 0.001 0.001 0.001 0.001 0.001 0.001 0.001 0.001 0.001 0.001 0.001 0.001 0.000 0.000 0.000 0.000 0.000 0.000 0.000 0.000 0.000
0.786 0.000 0.000 0.000 0.635 0.596 0.555 0.546 0.000 0.000 0.000 0.000 0.000 0.000 0.000 0.000 0.000 0.000 0.593 0.591 0.585 0.581 0.579 0.576 0.572 0.570 0.544 0.506 0.467 0.429 0.391 0.355 0.317 0.277 0.243 0.206 0.182 0.154 0.133 0.108 0.069 0.033 0.001 0.001 0.001 0.001 0.000 0.000 0.000 0.000 0.000 0.000 0.000 0.000 0.001 0.001 0.001 0.001 0.001 0.001 0.001 0.001 0.001 0.001 0.001 0.001 0.001 0.000 0.000 0.000 0.000 0.000 0.000 0.000 0.000 0.000 0.000
0.799 0.000 0.000 0.680 0.643 0.602 0.572 0.582 0.586 0.597 0.000 0.000 0.000 0.000 0.000 0.000 0.000 0.000 0.000 0.629 0.626 0.623 0.618 0.614 0.611 0.598 0.558 0.522 0.483 0.443 0.405 0.369 0.330 0.295 0.252 0.229 0.203 0.178 0.143 0.106 0.065 0.028 0.001 0.001 0.001 0.001 0.001 0.000 0.000 0.000 0.000 0.000 0.000 0.007 0.001 0.001 0.001 0.001 0.001 0.001 0.001 0.001 0.001 0.001 0.001 0.001 0.000 0.000 0.000 0.000 0.000 0.000 0.000 0.000 0.000 0.000 0.000
0.808 0.768 0.732 0.689 0.650 0.613 0.611 0.616 0.624 0.631 0.000 0.000 0.000 0.000 0.000 0.000 0.000 0.000 0.000 0.000 0.664 0.661 0.657 0.657 0.651 0.613 0.574 0.535 0.496 0.458 0.422 0.383 0.344 0.310 0.271 0.250 0.219 0.180 0.138 0.102 0.061 0.024 0.001 0.001 0.001 0.001 0.001 0.001 0.000 0.000 0.000 0.007 0.001 0.001 0.001 0.001 0.001 0.001 0.001 0.001 0.001 0.001 0.001 0.001 0.001 0.000 0.000 0.000 0.000 0.000 0.000 0.000 0.000 0.000 0.000 0.000 0.000
0.816 0.779 0.740 0.702 0.664 0.636 0.644 0.654 0.656 0.662 0.670 0.678 0.000 0.000 0.000 0.000 0.000 0.000 0.000 0.000 0.000 0.698 0.698 0.694 0.665 0.628 0.591 0.550 0.510 0.474 0.436 0.397 0.361 0.321 0.294 0.254 0.215 0.177 0.133 0.099 0.056 0.019 0.001 0.001 0.001 0.001 0.001 0.001 0.000 0.000 0.007 0.001 0.001 0.001 0.001 0.001 0.001 0.001 0.001 0.001 0.001 0.001 0.001 0.001 0.001 0.000 0.000 0.000 0.000 0.000 0.000 0.000 0.000 0.000 0.000 0.000 0.000
0.828 0.791 0.750 0.710 0.671 0.672 0.683 0.686 0.693 0.702 0.707 0.715 0.724 0.000 0.000 0.000 0.000 0.000 0.000 0.000 0.738 0.741 0.737 0.716 0.678 0.642 0.603 0.563 0.528 0.489 0.447 0.414 0.375 0.327 0.291 0.248 0.210 0.174 0.129 0.094 0.051 0.016 0.001 0.001 0.001 0.001 0.001 0.001 0.001 0.001 0.001 0.001 0.001 0.001 0.001 0.001 0.001 0.001 0.001 0.001 0.001 0.001 0.001 0.001 0.001 0.000 0.000 0.000 0.000 0.000 0.000 0.000 0.000 0.000 0.000 0.000 0.000
0.838 0.798 0.760 0.724 0.700 0.706 0.713 0.722 0.728 0.734 0.742 0.748 0.757 0.766 0.000 0.000 0.000 0.000 0.000 0.782 0.784 0.779 0.765 0.729 0.694 0.657 0.617 0.579 0.541 0.504 0.462 0.418 0.370 0.325 0.286 0.244 0.206 0.168 0.126 0.089 0.047 0.014 0.001 0.001 0.001 0.001 0.001 0.001 0.001 0.001 0.001 0.001 0.001 0.001 0.001 0.001 0.001 0.001 0.001 0.001 0.001 0.001 0.001 0.001 0.001 0.000 0.000 0.000 0.000 0.000 0.000 0.000 0.000 0.000 0.000 0.000 0.000
0.848 0.809 0.771 0.731 0.732 0.741 0.749 0.757 0.766 0.770 0.777 0.785 0.794 0.802 0.000 0.819 0.000 0.000 0.000 0.824 0.821 0.816 0.784 0.747 0.706 0.668 0.631 0.595 0.553 0.502 0.461 0.412 0.365 0.324 0.282 0.240 0.203 0.161 0.123 0.084 0.042 0.012 0.001 0.001 0.001 0.001 0.001 0.001 0.001 0.001 0.001 0.001 0.001 0.001 0.001 0.001 0.001 0.001 0.001 0.001 0.001 0.001 0.001 0.001 0.001 0.000 0.000 0.000 0.000 0.000 0.000 0.000 0.000 0.000 0.000 0.000 0.000
0.856 0.817 0.779 0.763 0.769 0.777 0.786 0.795 0.800 0.804 0.812 0.820 0.829 0.839 0.847 0.853 0.000 0.000 0.866 0.863 0.862 0.837 0.798 0.757 0.721 0.685 0.640 0.593 0.550 0.504 0.453 0.409 0.363 0.322 0.279 0.236 0.201 0.157 0.120 0.079 0.039 0.009 0.001 0.001 0.001 0.001 0.001 0.001 0.001 0.001 0.001 0.001 0.001 0.001 0.001 0.001 0.001 0.001 0.001 0.001 0.001 0.001 0.001 0.001 0.000 0.000 0.000 0.000 0.000 0.000 0.000 0.000 0.000 0.000 0.000 0.000 0.000
0.867 0.829 0.789 0.794 0.807 0.815 0.821 0.829 0.834 0.843 0.850 0.859 0.868 0.876 0.884 0.892 0.902 0.905 0.905 0.904 0.890 0.851 0.810 0.774 0.731 0.683 0.637 0.592 0.546 0.498 0.452 0.404 0.360 0.319 0.276 0.237 0.196 0.155 0.118 0.077 0.036 0.004 0.001 0.001 0.001 0.001 0.001 0.001 0.001 0.001 0.001 0.001 0.001 0.001 0.001 0.001 0.001 0.001 0.001 0.001 0.001 0.001 0.001 0.001 0.000 0.000 0.000 0.000 0.000 0.000 0.000 0.000 0.000 0.000 0.000 0.000 0.000
0.876 0.838 0.824 0.832 0.841 0.846 0.858 0.866 0.871 0.879 0.886 0.896 0.902 0.911 0.919 0.927 0.935 0.943 0.944 0.939 0.901 0.865 0.819 0.773 0.726 0.680 0.633 0.588 0.542 0.493 0.447 0.403 0.355 0.315 0.274 0.235 0.193 0.153 0.114 0.074 0.031 0.002 0.001 0.001 0.001 0.001 0.001 0.001 0.001 0.001 0.001 0.001 0.001 0.001 0.001 0.001 0.001 0.001 0.001 0.001 0.001 0.001 0.001 0.001 0.001 0.000 0.000 0.000 0.000 0.000 0.000 0.000 0.000 0.000 0.000 0.000 0.000
0.887 0.854 0.859 0.865 0.877 0.884 0.891 0.899 0.907 0.913 0.919 0.930 0.939 0.946 0.955 0.964 0.972 0.980 0.985 0.954 0.907 0.863 0.813 0.767 0.722 0.677 0.631 0.584 0.538 0.493 0.443 0.400 0.351 0.312 0.273 0.231 0.193 0.152 0.111 0.069 0.028 0.002 0.001 0.001 0.001 0.001 0.001 0.001 0.001 0.001 0.001 0.001 0.001 0.001 0.001 0.001 0.001 0.001 0.001 0.001 0.001 0.001 0.001 0.001 0.001 0.001 0.001 0.001 0.001 0.001 0.001 0.001 0.000 0.000 0.000 0.000 0.000
0.899 0.889 0.895 0.902 0.911 0.918 0.927 0.935 0.942 0.953 0.958 0.964 0.971 0.980 0.989 0.996 0.999 0.999 0.999 0.950 0.903 0.859 0.812 0.767 0.721 0.672 0.626 0.582 0.535 0.488 0.441 0.393 0.350 0.310 0.267 0.230 0.192 0.151 0.111 0.068 0.025 0.001 0.001 0.001 0.001 0.001 0.001 0.001 0.001 0.001 0.001 0.001 0.001 0.001 0.001 0.001 0.001 0.001 0.001 0.001 0.001 0.001 0.001 0.001 0.001 0.001 0.001 0.001 0.001 0.001 0.001 0.001 0.001 0.001 0.001 0.001 0.001
0.918 0.925 0.932 0.939 0.948 0.955 0.963 0.973 0.978 0.983 0.993 1.000 1.000 1.001 1.001 1.001 1.003 1.001 0.998 0.952 0.907 0.858 0.809 0.761 0.714 0.670 0.623 0.576 0.532 0.486 0.435 0.392 0.347 0.305 0.264 0.227 0.188 0.148 0.110 0.067 0.021 0.001 0.001 0.001 0.001 0.001 0.001 0.001 0.001 0.001 0.001 0.001 0.001 0.001 0.001 0.001 0.001 0.001 0.001 0.001 0.001 0.001 0.001 0.001 0.001 0.001 0.001 0.001 0.001 0.001 0.001 0.001 0.001 0.001 0.001 0.001 0.001
0.954 0.962 0.972 0.978 0.983 0.992 0.999 1.004 1.003 1.000 0.999 1.000 1.000 1.000 1.002 1.000 1.000 1.001 1.002 0.954 0.906 0.858 0.812 0.764 0.717 0.667 0.619 0.574 0.528 0.482 0.434 0.387 0.342 0.303 0.264 0.223 0.185 0.145 0.105 0.068 0.028 0.002 0.001 0.001 0.001 0.001 0.001 0.001 0.001 0.001 0.001 0.001 0.001 0.001 0.001 0.001 0.001 0.001 0.001 0.001 0.001 0.001 0.001 0.001 0.001 0.001 0.001 0.001 0.001 0.001 0.001 0.001 0.001 0.001 0.001 0.001 0.001
0.991 0.999 1.008 1.008 1.007 1.007 1.005 1.004 1.003 1.002 1.002 1.000 1.000 1.001 1.001 1.001 1.000 1.001 1.000 0.955 0.905 0.862 0.813 0.765 0.719 0.670 0.623 0.575 0.528 0.481 0.430 0.384 0.340 0.300 0.258 0.226 0.193 0.159 0.123 0.089 0.058 0.018 0.001 0.001 0.001 0.001 0.001 0.001 0.001 0.001 0.001 0.001 0.001 0.001 0.001 0.001 0.001 0.001 0.001 0.001 0.001 0.001 0.001 0.001 0.001 0.001 0.001 0.001 0.001 0.001 0.001 0.001 0.001 0.001 0.001 0.001 0.001
1.009 1.009 1.009 1.008 1.007 1.007 1.008 1.005 1.003 1.002 1.003 1.002 1.002 1.003 1.000 1.000 1.000 1.001 1.001 0.957 0.909 0.866 0.814 0.768 0.720 0.672 0.628 0.576 0.531 0.482 0.434 0.471 0.380 0.318 0.285 0.249 0.217 0.184 0.151 0.119 0.084 0.051 0.011 0.001 0.001 0.001 0.001 0.001 0.001 0.001 0.001 0.001 0.001 0.001 0.001 0.001 0.001 0.001 0.001 0.001 0.001 0.001 0.001 0.001 0.001 0.001 0.001 0.001 0.001 0.001 0.001 0.001 0.001 0.001 0.001 0.001 0.001
1.148 1.238 1.194 1.069 1.009 1.006 1.007 1.006 1.004 1.001 1.004 1.004 1.002 1.002 1.000 1.001 1.000 1.001 1.000 0.958 0.912 0.864 0.817 0.770 0.720 0.675 0.626 0.579 0.630 0.716 0.802 0.668 0.507 0.349 0.310 0.278 0.244 0.210 0.175 0.143 0.110 0.079 0.043 0.004 0.001 0.001 0.001 0.001 0.001 0.001 0.001 0.001 0.001 0.001 0.001 0.001 0.001 0.001 0.001 0.001 0.001 0.001 0.001 0.001 0.001 0.001 0.001 0.001 0.001 0.001 0.001 0.001 0.001 0.001 0.001 0.001 0.001
1.128 1.218 1.311 1.401 1.491 1.439 1.315 1.189 1.065 1.004 1.003 1.003 1.002 1.002 1.002 1.001 1.000 1.001 1.002 0.961 0.915 0.867 0.819 0.768 0.724 0.785 0.874 0.960 1.050 1.113 0.953 0.793 0.634 0.474 0.337 0.301 0.269 0.237 0.204 0.170 0.136 0.101 0.070 0.038 0.003 0.001 0.001 0.001 0.001 0.001 0.001 0.001 0.001 0.001 0.001 0.001 0.001 0.001 0.001 0.001 0.001 0.001 0.001 0.001 0.001 0.001 0.001 0.001 0.001 0.001 0.001 0.001 0.001 0.001 0.001 0.001 0.001
1.109 1.199 1.292 1.381 1.472 1.563 1.651 1.740 1.683 1.560 1.436 1.312 1.188 1.063 1.002 1.001 1.003 1.004 1.004 0.962 0.916 0.868 0.925 1.027 1.113 1.204 1.295 1.381 1.401 1.240 1.081 0.921 0.761 0.602 0.443 0.329 0.294 0.261 0.229 0.195 0.162 0.130 0.097 0.061 0.035 0.016 0.001 0.001 0.001 0.001 0.001 0.001 0.001 0.001 0.001 0.001 0.001 0.001 0.001 0.001 0.001 0.001 0.001 0.001 0.001 0.001 0.001 0.001 0.001 0.001 0.001 0.001 0.001 0.001 0.001 0.001 0.001
1.092 1.182 0.000 0.000 0.000 0.000 0.000 0.000 1.812 1.903 1.994 1.929 1.805 1.681 1.557 1.433 1.311 1.187 1.062 1.098 1.187 1.274 1.361 1.448 1.540 1.627 1.715 1.686 1.528 1.365 1.207 1.045 0.887 0.728 0.569 0.411 0.322 0.287 0.254 0.223 0.190 0.155 0.121 0.097 0.070 0.050 0.019 0.006 0.001 0.001 0.001 0.001 0.001 0.001 0.001 0.001 0.001 0.001 0.001 0.001 0.001 0.001 0.001 0.001 0.001 0.001 0.001 0.001 0.001 0.001 0.001 0.001 0.001 0.001 0.001 0.001 0.001
