数据/2hours/0.1-2h-200y/coupled-183-0001.wd
ncols         694
nrows         824
xllcorner     581104.939801
yllcorner     3495917.092414
cellsize      2.000000
NODATA_value  -9999.000000
[rows 612 to 645 of 824, columns 77 to 153 of 694]
0.173 0.136 0.101 0.070 0.000 0.000 0.000 0.000 0.000 0.000 0.000 0.000 0.000 0.001 0.001 0.001 0.001 0.001 0.001 0.001 0.001 0.000 0.000 0.000 0.000 0.000 0.000 0.000 0.000 0.112 0.085 0.081 0.081 0.081 0.083 0.082 0.083 0.083 0.084 0.000 0.000 0.000 0.000 0.000 0.000 0.003 0.007 0.005 0.002 0.002 0.003 0.003 0.001 0.001 0.001 0.001 0.001 0.001 0.001 0.000 0.000 0.000 0.000 0.000 0.000 0.000 0.000 0.000 0.000 0.000 0.000 0.000 0.000 0.000 0.001 0.000 0.000
0.199 0.000 0.000 0.098 0.000 0.000 0.000 0.000 0.000 0.000 0.000 0.000 0.001 0.001 0.001 0.001 0.001 0.001 0.001 0.001 0.000 0.000 0.000 0.000 0.000 0.000 0.000 0.187 0.161 0.133 0.107 0.080 0.067 0.067 0.067 0.068 0.000 0.068 0.068 0.069 0.000 0.000 0.000 0.000 0.000 0.000 0.008 0.005 0.002 0.002 0.002 0.003 0.002 0.001 0.001 0.001 0.001 0.001 0.001 0.001 0.000 0.000 0.001 0.000 0.000 0.000 0.000 0.000 0.000 0.000 0.000 0.000 0.001 0.001 0.001 0.001 0.000
0.000 0.000 0.000 0.000 0.000 0.000 0.000 0.000 0.000 0.000 0.000 0.001 0.001 0.001 0.001 0.001 0.001 0.001 0.001 0.001 0.000 0.000 0.000 0.000 0.000 0.000 0.000 0.208 0.182 0.155 0.128 0.101 0.073 0.052 0.052 0.000 0.000 0.000 0.053 0.054 0.055 0.000 0.000 0.000 0.000 0.014 0.009 0.004 0.001 0.002 0.002 0.002 0.003 0.002 0.001 0.001 0.001 0.001 0.001 0.001 0.001 0.001 0.001 0.000 0.000 0.000 0.000 0.000 0.000 0.000 0.000 0.001 0.001 0.001 0.001 0.001 0.001
0.000 0.000 0.000 0.000 0.000 0.000 0.000 0.000 0.000 0.001 0.001 0.001 0.001 0.001 0.001 0.001 0.001 0.001 0.000 0.001 0.000 0.000 0.000 0.000 0.000 0.000 0.000 0.000 0.203 0.177 0.149 0.122 0.095 0.069 0.000 0.000 0.000 0.000 0.000 0.038 0.038 0.039 0.000 0.000 0.015 0.011 0.000 0.001 0.001 0.001 0.002 0.002 0.002 0.003 0.001 0.001 0.001 0.001 0.001 0.001 0.001 0.001 0.000 0.000 0.000 0.000 0.000 0.000 0.000 0.000 0.001 0.001 0.001 0.001 0.001 0.001 0.001
0.000 0.000 0.000 0.000 0.000 0.000 0.000 0.000 0.022 0.001 0.001 0.001 0.001 0.001 0.001 0.001 0.000 0.000 0.000 0.000 0.000 0.000 0.000 0.000 0.000 0.000 0.000 0.000 0.000 0.198 0.170 0.143 0.116 0.089 0.062 0.000 0.000 0.000 0.000 0.000 0.000 0.020 0.018 0.016 0.012 0.000 0.000 0.000 0.001 0.001 0.001 0.002 0.002 0.003 0.003 0.000 0.001 0.001 0.001 0.001 0.001 0.001 0.000 0.000 0.000 0.000 0.000 0.000 0.000 0.000 0.072 0.001 0.001 0.001 0.001 0.001 0.001
0.000 0.000 0.000 0.000 0.000 0.000 0.000 0.022 0.001 0.001 0.001 0.001 0.001 0.001 0.001 0.000 0.000 0.000 0.000 0.000 0.000 0.000 0.000 0.000 0.000 0.000 0.000 0.000 0.000 0.000 0.191 0.165 0.138 0.111 0.084 0.057 0.000 0.000 0.000 0.000 0.004 0.004 0.005 0.005 0.000 0.000 0.000 0.000 0.000 0.001 0.001 0.002 0.002 0.002 0.003 0.003 0.001 0.001 0.001 0.001 0.001 0.001 0.001 0.000 0.000 0.000 0.000 0.000 0.000 0.000 0.000 0.083 0.013 0.001 0.001 0.001 0.000
0.000 0.000 0.000 0.000 0.000 0.000 0.023 0.001 0.001 0.001 0.001 0.001 0.001 0.001 0.001 0.000 0.000 0.000 0.000 0.000 0.000 0.000 0.000 0.000 0.000 0.000 0.000 0.000 0.000 0.239 0.213 0.186 0.159 0.132 0.105 0.000 0.028 0.001 0.000 0.001 0.001 0.001 0.002 0.000 0.000 0.000 0.000 0.000 0.000 0.000 0.001 0.001 0.002 0.002 0.002 0.003 0.003 0.001 0.001 0.001 0.001 0.001 0.001 0.001 0.000 0.000 0.000 0.000 0.000 0.000 0.000 0.000 0.113 0.042 0.001 0.001 0.000
0.000 0.000 0.000 0.000 0.078 0.036 0.002 0.001 0.001 0.001 0.001 0.001 0.001 0.001 0.001 0.000 0.000 0.000 0.000 0.000 0.000 0.000 0.000 0.000 0.000 0.000 0.000 0.000 0.000 0.260 0.233 0.000 0.000 0.153 0.000 0.000 0.000 0.001 0.001 0.001 0.001 0.001 0.002 0.000 0.000 0.000 0.000 0.000 0.000 0.000 0.000 0.001 0.001 0.002 0.002 0.002 0.002 0.002 0.001 0.001 0.001 0.001 0.001 0.001 0.001 0.000 0.000 0.000 0.000 0.000 0.000 0.000 0.000 0.143 0.073 0.001 0.001
0.000 0.000 0.000 0.095 0.057 0.017 0.001 0.001 0.001 0.001 0.001 0.001 0.001 0.001 0.001 0.000 0.000 0.000 0.000 0.000 0.000 0.000 0.000 0.000 0.000 0.000 0.000 0.000 0.000 0.000 0.000 0.000 0.000 0.000 0.000 0.001 0.000 0.001 0.001 0.001 0.001 0.001 0.002 0.004 0.000 0.000 0.000 0.000 0.000 0.000 0.000 0.000 0.001 0.002 0.002 0.002 0.002 0.002 0.002 0.001 0.001 0.001 0.001 0.001 0.001 0.001 0.000 0.000 0.000 0.000 0.000 0.000 0.000 0.000 0.000 0.001 0.001
0.000 0.000 0.115 0.077 0.038 0.001 0.001 0.001 0.001 0.001 0.001 0.001 0.001 0.001 0.001 0.001 0.000 0.000 0.000 0.000 0.000 0.000 0.000 0.000 0.000 0.000 0.000 0.000 0.000 0.000 0.000 0.000 0.000 0.000 0.001 0.001 0.001 0.001 0.001 0.001 0.001 0.001 0.000 0.002 0.004 0.000 0.000 0.000 0.000 0.000 0.000 0.000 0.000 0.002 0.002 0.002 0.002 0.002 0.001 0.001 0.001 0.001 0.001 0.001 0.001 0.001 0.001 0.000 0.000 0.000 0.000 0.000 0.000 0.000 0.000 0.001 0.001
0.175 0.135 0.095 0.055 0.017 0.001 0.001 0.001 0.001 0.001 0.001 0.000 0.000 0.001 0.001 0.001 0.001 0.000 0.000 0.000 0.000 0.000 0.000 0.000 0.000 0.000 0.000 0.000 0.000 0.000 0.000 0.000 0.000 0.001 0.001 0.001 0.001 0.001 0.001 0.001 0.001 0.000 0.000 0.000 0.002 0.004 0.002 0.000 0.000 0.000 0.000 0.000 0.000 0.000 0.002 0.003 0.003 0.002 0.002 0.002 0.001 0.001 0.001 0.001 0.001 0.001 0.001 0.001 0.000 0.000 0.000 0.000 0.000 0.000 0.002 0.002 0.002
0.156 0.114 0.072 0.035 0.001 0.001 0.001 0.001 0.001 0.001 0.000 0.000 0.000 0.000 0.001 0.001 0.001 0.001 0.001 0.000 0.000 0.000 0.000 0.000 0.000 0.000 0.000 0.000 0.000 0.000 0.000 0.000 0.000 0.001 0.001 0.001 0.001 0.001 0.001 0.001 0.001 0.000 0.000 0.000 0.013 0.001 0.001 0.000 0.000 0.000 0.000 0.000 0.000 0.000 0.000 0.006 0.005 0.004 0.003 0.003 0.004 0.001 0.001 0.001 0.001 0.001 0.001 0.001 0.001 0.000 0.000 0.000 0.000 0.002 0.002 0.002 0.000
0.138 0.097 0.053 0.019 0.001 0.001 0.001 0.001 0.001 0.000 0.000 0.000 0.000 0.000 0.000 0.001 0.001 0.001 0.001 0.001 0.000 0.000 0.000 0.000 0.000 0.000 0.000 0.000 0.000 0.000 0.000 0.000 0.000 0.001 0.001 0.001 0.000 0.024 0.002 0.001 0.001 0.001 0.000 0.000 0.000 0.011 0.002 0.001 0.000 0.000 0.000 0.000 0.000 0.000 0.000 0.000 0.006 0.004 0.003 0.003 0.003 0.014 0.001 0.001 0.001 0.001 0.001 0.001 0.001 0.001 0.000 0.000 0.002 0.002 0.002 0.000 0.000
0.118 0.081 0.036 0.001 0.001 0.001 0.001 0.001 0.000 0.000 0.000 0.000 0.003 0.001 0.001 0.001 0.001 0.001 0.001 0.001 0.000 0.000 0.000 0.000 0.000 0.000 0.000 0.000 0.000 0.001 0.001 0.000 0.001 0.001 0.001 0.000 0.000 0.000 0.023 0.002 0.001 0.001 0.001 0.000 0.000 0.000 0.003 0.002 0.001 0.001 0.000 0.000 0.000 0.000 0.000 0.000 0.000 0.004 0.003 0.003 0.003 0.008 0.018 0.000 0.001 0.001 0.001 0.001 0.001 0.001 0.001 0.001 0.002 0.002 0.000 0.000 0.000
0.084 0.061 0.018 0.001 0.001 0.001 0.001 0.000 0.000 0.000 0.000 0.069 0.035 0.001 0.001 0.001 0.001 0.001 0.001 0.001 0.001 0.001 0.000 0.000 0.000 0.000 0.000 0.000 0.001 0.001 0.001 0.001 0.001 0.001 0.000 0.000 0.000 0.000 0.000 0.010 0.001 0.001 0.001 0.001 0.000 0.000 0.000 0.003 0.002 0.001 0.001 0.000 0.000 0.000 0.000 0.000 0.000 0.000 0.003 0.002 0.002 0.002 0.011 0.021 0.001 0.001 0.001 0.001 0.001 0.001 0.001 0.001 0.001 0.000 0.000 0.000 0.000
0.087 0.077 0.066 0.039 0.002 0.001 0.000 0.000 0.000 0.000 0.000 0.000 0.000 0.022 0.001 0.001 0.001 0.001 0.001 0.001 0.001 0.001 0.001 0.001 0.000 0.000 0.000 0.001 0.001 0.001 0.001 0.001 0.001 0.000 0.000 0.000 0.000 0.000 0.000 0.000 0.010 0.001 0.001 0.001 0.001 0.000 0.000 0.000 0.003 0.001 0.001 0.001 0.000 0.000 0.000 0.000 0.000 0.000 0.000 0.001 0.001 0.001 0.005 0.014 0.023 0.001 0.001 0.001 0.001 0.001 0.001 0.001 0.001 0.000 0.000 0.000 0.000
0.106 0.100 0.125 0.092 0.055 0.000 0.000 0.000 0.000 0.000 0.000 0.000 0.000 0.078 0.044 0.001 0.001 0.001 0.001 0.001 0.001 0.001 0.001 0.001 0.001 0.000 0.001 0.001 0.001 0.001 0.001 0.001 0.000 0.000 0.000 0.000 0.000 0.000 0.000 0.000 0.017 0.001 0.001 0.001 0.001 0.001 0.000 0.000 0.000 0.002 0.001 0.001 0.001 0.000 0.000 0.000 0.000 0.000 0.000 0.000 0.001 0.001 0.001 0.007 0.015 0.024 0.001 0.001 0.001 0.001 0.001 0.001 0.001 0.001 0.000 0.000 0.000
0.125 0.120 0.149 0.147 0.000 0.000 0.000 0.000 0.000 0.000 0.000 0.000 0.000 0.000 0.000 0.041 0.001 0.001 0.001 0.001 0.001 0.001 0.001 0.001 0.001 0.001 0.001 0.001 0.001 0.001 0.001 0.001 0.001 0.001 0.000 0.000 0.000 0.000 0.000 0.000 0.024 0.000 0.009 0.001 0.001 0.001 0.001 0.000 0.000 0.000 0.002 0.001 0.001 0.001 0.000 0.000 0.000 0.000 0.000 0.000 0.000 0.001 0.001 0.001 0.008 0.017 0.025 0.001 0.001 0.001 0.001 0.001 0.001 0.001 0.001 0.000 0.000
0.144 0.141 0.169 0.000 0.000 0.000 0.000 0.000 0.000 0.000 0.000 0.000 0.000 0.000 0.000 0.089 0.046 0.001 0.001 0.001 0.001 0.001 0.001 0.001 0.001 0.001 0.001 0.001 0.001 0.001 0.001 0.001 0.001 0.001 0.000 0.000 0.000 0.000 0.000 0.000 0.000 0.000 0.000 0.009 0.001 0.001 0.001 0.001 0.000 0.000 0.000 0.001 0.001 0.001 0.001 0.000 0.000 0.000 0.000 0.000 0.000 0.000 0.001 0.001 0.002 0.010 0.018 0.027 0.001 0.001 0.001 0.001 0.001 0.001 0.001 0.001 0.000
0.163 0.000 0.000 0.000 0.000 0.000 0.234 0.000 0.000 0.000 0.000 0.000 0.000 0.000 0.000 0.000 0.000 0.012 0.001 0.001 0.001 0.001 0.001 0.001 0.001 0.001 0.001 0.001 0.001 0.001 0.001 0.001 0.001 0.001 0.001 0.000 0.000 0.000 0.000 0.000 0.000 0.000 0.000 0.000 0.009 0.001 0.001 0.001 0.001 0.000 0.000 0.000 0.001 0.001 0.001 0.000 0.000 0.000 0.000 0.000 0.000 0.000 0.000 0.001 0.001 0.002 0.010 0.018 0.026 0.001 0.001 0.001 0.001 0.001 0.001 0.001 0.001
0.000 0.000 0.000 0.000 0.000 0.324 0.290 0.257 0.224 0.000 0.000 0.000 0.000 0.000 0.000 0.000 0.000 0.060 0.017 0.001 0.001 0.001 0.001 0.001 0.001 0.001 0.002 0.001 0.001 0.001 0.001 0.001 0.001 0.001 0.001 0.001 0.001 0.000 0.000 0.000 0.000 0.000 0.000 0.000 0.000 0.001 0.001 0.001 0.001 0.001 0.000 0.000 0.000 0.001 0.001 0.001 0.000 0.000 0.000 0.000 0.000 0.000 0.000 0.000 0.001 0.001 0.003 0.011 0.020 0.029 0.001 0.001 0.001 0.001 0.001 0.001 0.001
0.000 0.000 0.314 0.000 0.370 0.379 0.346 0.313 0.279 0.247 0.000 0.000 0.000 0.000 0.000 0.000 0.151 0.109 0.000 0.002 0.001 0.001 0.001 0.001 0.001 0.002 0.004 0.004 0.004 0.001 0.001 0.001 0.001 0.001 0.001 0.001 0.001 0.001 0.000 0.000 0.000 0.000 0.000 0.000 0.000 0.001 0.001 0.001 0.001 0.001 0.001 0.000 0.000 0.000 0.001 0.001 0.001 0.000 0.000 0.000 0.000 0.000 0.000 0.000 0.000 0.001 0.001 0.004 0.012 0.021 0.026 0.001 0.001 0.001 0.001 0.001 0.001
0.000 0.307 0.335 0.363 0.392 0.420 0.402 0.369 0.335 0.302 0.000 0.000 0.000 0.000 0.000 0.000 0.000 0.000 0.000 0.000 0.001 0.001 0.001 0.001 0.001 0.004 0.003 0.000 0.023 0.005 0.001 0.001 0.001 0.001 0.001 0.001 0.001 0.001 0.000 0.000 0.000 0.000 0.000 0.000 0.002 0.001 0.001 0.002 0.002 0.001 0.001 0.001 0.000 0.000 0.000 0.001 0.001 0.001 0.000 0.000 0.000 0.000 0.000 0.000 0.000 0.000 0.001 0.001 0.005 0.012 0.021 0.019 0.001 0.001 0.001 0.001 0.001
0.000 0.000 0.000 0.385 0.413 0.441 0.458 0.425 0.391 0.351 0.308 0.000 0.000 0.000 0.000 0.000 0.000 0.000 0.000 0.000 0.002 0.002 0.001 0.001 0.005 0.007 0.000 0.000 0.000 0.023 0.005 0.004 0.004 0.001 0.001 0.001 0.001 0.001 0.001 0.001 0.000 0.000 0.001 0.001 0.001 0.001 0.001 0.000 0.024 0.005 0.001 0.001 0.001 0.000 0.000 0.000 0.001 0.001 0.001 0.000 0.000 0.000 0.000 0.000 0.000 0.000 0.000 0.001 0.001 0.005 0.013 0.022 0.014 0.000 0.001 0.001 0.001
0.000 0.000 0.000 0.406 0.434 0.463 0.490 0.480 0.442 0.400 0.356 0.313 0.270 0.000 0.000 0.000 0.000 0.000 0.000 0.000 0.000 0.000 0.001 0.005 0.017 0.000 0.000 0.000 0.000 0.000 0.000 0.000 0.023 0.001 0.001 0.001 0.001 0.001 0.001 0.001 0.000 0.001 0.001 0.001 0.001 0.001 0.000 0.000 0.000 0.025 0.005 0.002 0.001 0.001 0.000 0.000 0.000 0.001 0.001 0.001 0.000 0.000 0.000 0.000 0.000 0.000 0.000 0.000 0.001 0.001 0.006 0.014 0.021 0.008 0.001 0.001 0.001
0.000 0.000 0.000 0.428 0.000 0.484 0.512 0.531 0.491 0.447 0.404 0.361 0.319 0.276 0.000 0.000 0.000 0.000 0.000 0.000 0.000 0.000 0.009 0.020 0.000 0.000 0.000 0.000 0.000 0.000 0.000 0.000 0.039 0.008 0.003 0.001 0.001 0.001 0.001 0.001 0.001 0.001 0.001 0.001 0.001 0.000 0.000 0.000 0.000 0.000 0.000 0.024 0.003 0.001 0.001 0.000 0.000 0.000 0.000 0.001 0.001 0.000 0.000 0.000 0.000 0.000 0.000 0.000 0.001 0.001 0.001 0.006 0.014 0.022 0.002 0.001 0.001
0.000 0.000 0.000 0.000 0.000 0.000 0.533 0.515 0.498 0.480 0.452 0.409 0.367 0.323 0.000 0.000 0.000 0.000 0.000 0.000 0.000 0.029 0.036 0.000 0.000 0.000 0.000 0.000 0.000 0.000 0.000 0.000 0.000 0.000 0.022 0.001 0.001 0.001 0.001 0.001 0.001 0.001 0.001 0.001 0.000 0.000 0.000 0.000 0.000 0.000 0.000 0.044 0.023 0.002 0.001 0.001 0.000 0.000 0.000 0.000 0.001 0.001 0.000 0.000 0.000 0.000 0.000 0.000 0.000 0.001 0.001 0.001 0.006 0.015 0.022 0.001 0.001
0.000 0.000 0.000 0.000 0.000 0.000 0.000 0.000 0.481 0.464 0.446 0.430 0.414 0.371 0.328 0.285 0.000 0.000 0.000 0.000 0.070 0.062 0.071 0.079 0.000 0.000 0.000 0.000 0.000 0.000 0.000 0.000 0.000 0.000 0.038 0.007 0.003 0.001 0.001 0.001 0.001 0.001 0.001 0.001 0.000 0.000 0.000 0.000 0.000 0.000 0.000 0.000 0.042 0.021 0.001 0.001 0.001 0.000 0.000 0.001 0.001 0.001 0.001 0.000 0.000 0.000 0.000 0.000 0.000 0.000 0.001 0.001 0.001 0.007 0.015 0.022 0.001
0.000 0.000 0.000 0.000 0.000 0.000 0.000 0.000 0.464 0.447 0.430 0.413 0.397 0.379 0.363 0.333 0.291 0.000 0.000 0.162 0.118 0.097 0.106 0.096 0.063 0.032 0.000 0.000 0.000 0.000 0.000 0.000 0.000 0.000 0.000 0.000 0.023 0.001 0.001 0.001 0.001 0.001 0.001 0.001 0.001 0.001 0.000 0.000 0.000 0.000 0.000 0.000 0.000 0.041 0.020 0.003 0.001 0.001 0.001 0.001 0.000 0.000 0.001 0.001 0.000 0.000 0.000 0.000 0.000 0.000 0.000 0.001 0.001 0.001 0.006 0.013 0.021
0.000 0.000 0.000 0.000 0.000 0.000 0.000 0.466 0.447 0.000 0.413 0.397 0.380 0.363 0.346 0.329 0.312 0.000 0.253 0.210 0.167 0.131 0.140 0.112 0.079 0.048 0.016 0.001 0.000 0.000 0.000 0.000 0.000 0.000 0.000 0.000 0.038 0.005 0.001 0.001 0.001 0.001 0.001 0.001 0.001 0.001 0.001 0.000 0.000 0.000 0.000 0.000 0.000 0.000 0.000 0.024 0.003 0.001 0.001 0.000 0.000 0.000 0.000 0.001 0.001 0.000 0.000 0.000 0.000 0.000 0.001 0.001 0.001 0.001 0.001 0.005 0.012
0.443 0.000 0.000 0.000 0.000 0.000 0.000 0.000 0.000 0.000 0.000 0.379 0.363 0.346 0.329 0.312 0.295 0.279 0.262 0.245 0.214 0.171 0.159 0.128 0.095 0.063 0.032 0.001 0.001 0.000 0.000 0.000 0.000 0.000 0.000 0.000 0.054 0.022 0.001 0.001 0.001 0.001 0.001 0.001 0.001 0.001 0.001 0.001 0.000 0.000 0.000 0.000 0.000 0.000 0.000 0.044 0.023 0.002 0.000 0.000 0.000 0.000 0.000 0.000 0.001 0.001 0.000 0.000 0.000 0.001 0.001 0.001 0.001 0.001 0.001 0.001 0.003
0.465 0.493 0.000 0.000 0.000 0.000 0.000 0.000 0.000 0.000 0.000 0.362 0.346 0.329 0.312 0.295 0.278 0.261 0.245 0.229 0.212 0.195 0.176 0.143 0.111 0.079 0.046 0.014 0.001 0.000 0.000 0.000 0.000 0.000 0.000 0.102 0.070 0.038 0.005 0.001 0.001 0.001 0.001 0.001 0.001 0.001 0.001 0.000 0.000 0.000 0.000 0.000 0.000 0.000 0.000 0.000 0.042 0.021 0.001 0.000 0.000 0.000 0.000 0.000 0.000 0.001 0.001 0.000 0.001 0.001 0.001 0.001 0.001 0.001 0.001 0.001 0.001
0.486 0.514 0.517 0.496 0.000 0.000 0.000 0.000 0.000 0.000 0.000 0.000 0.328 0.312 0.295 0.279 0.261 0.245 0.228 0.211 0.195 0.194 0.194 0.165 0.132 0.098 0.065 0.032 0.002 0.001 0.001 0.000 0.000 0.000 0.151 0.119 0.086 0.053 0.021 0.002 0.001 0.001 0.001 0.001 0.001 0.001 0.001 0.001 0.000 0.000 0.000 0.000 0.000 0.000 0.000 0.000 0.000 0.041 0.020 0.001 0.000 0.000 0.000 0.000 0.000 0.001 0.001 0.001 0.001 0.001 0.001 0.001 0.001 0.001 0.001 0.001 0.001
0.508 0.523 0.501 0.480 0.459 0.000 0.000 0.000 0.000 0.000 0.000 0.000 0.000 0.000 0.278 0.262 0.245 0.227 0.210 0.000 0.000 0.194 0.194 0.186 0.153 0.120 0.086 0.053 0.019 0.001 0.001 0.000 0.000 0.204 0.171 0.138 0.105 0.071 0.000 0.020 0.002 0.001 0.001 0.001 0.001 0.001 0.001 0.001 0.001 0.001 0.001 0.000 0.000 0.000 0.000 0.000 0.000 0.000 0.040 0.019 0.001 0.000 0.000 0.000 0.001 0.001 0.001 0.001 0.001 0.001 0.001 0.001 0.001 0.001 0.001 0.001 0.001
