数据/2hours/0.1-2h-200y/coupled-173-0001.wd
ncols         694
nrows         824
xllcorner     581104.939801
yllcorner     3495917.092414
cellsize      2.000000
NODATA_value  -9999.000000
[rows 442 to 475 of 824, columns 462 to 538 of 694]
0.000 0.152 0.148 0.144 0.139 0.135 0.131 0.125 0.120 0.116 0.112 0.104 0.095 0.087 0.076 0.068 0.060 0.049 0.041 0.032 0.023 0.014 0.003 0.003 0.003 0.003 0.006 0.008 0.000 0.000 0.000 0.000 0.000 0.001 0.001 0.002 0.002 0.002 0.002 0.002 0.002 0.002 0.002 0.002 0.001 0.001 0.001 0.002 0.002 0.004 0.007 0.013 0.019 0.030 0.000 0.000 0.000 0.000 0.000 0.000 0.000 0.001 0.001 0.001 0.001 0.003 0.004 0.000 0.000 0.000 0.000 0.000 0.000 0.000 0.000 0.000 0.000
0.000 0.000 0.000 0.000 0.146 0.143 0.139 0.133 0.128 0.122 0.114 0.106 0.096 0.087 0.078 0.069 0.060 0.050 0.042 0.034 0.024 0.016 0.005 0.003 0.003 0.004 0.008 0.000 0.000 0.000 0.000 0.000 0.000 0.001 0.001 0.002 0.002 0.002 0.002 0.002 0.002 0.002 0.002 0.002 0.002 0.001 0.002 0.002 0.003 0.005 0.008 0.012 0.017 0.028 0.000 0.000 0.000 0.000 0.000 0.000 0.000 0.001 0.001 0.001 0.001 0.003 0.004 0.021 0.000 0.000 0.000 0.000 0.000 0.000 0.000 0.000 0.000
0.000 0.000 0.000 0.000 0.000 0.000 0.000 0.141 0.133 0.124 0.115 0.106 0.098 0.088 0.080 0.070 0.061 0.052 0.043 0.035 0.026 0.017 0.007 0.004 0.003 0.003 0.007 0.000 0.000 0.000 0.000 0.000 0.000 0.000 0.000 0.000 0.001 0.001 0.002 0.002 0.002 0.002 0.002 0.002 0.002 0.002 0.002 0.003 0.004 0.005 0.007 0.012 0.017 0.024 0.000 0.000 0.000 0.000 0.000 0.000 0.000 0.001 0.001 0.001 0.001 0.003 0.003 0.000 0.000 0.000 0.000 0.000 0.000 0.000 0.000 0.000 0.000
0.179 0.000 0.000 0.000 0.000 0.000 0.000 0.000 0.000 0.124 0.116 0.107 0.098 0.089 0.079 0.071 0.061 0.052 0.044 0.036 0.028 0.018 0.009 0.002 0.002 0.002 0.005 0.000 0.000 0.000 0.000 0.000 0.000 0.000 0.000 0.000 0.000 0.001 0.001 0.001 0.001 0.002 0.002 0.002 0.002 0.002 0.002 0.002 0.003 0.004 0.007 0.011 0.016 0.020 0.000 0.000 0.000 0.000 0.000 0.000 0.001 0.001 0.001 0.001 0.001 0.004 0.003 0.000 0.000 0.000 0.000 0.000 0.000 0.000 0.000 0.000 0.000
0.188 0.184 0.180 0.175 0.000 0.000 0.000 0.000 0.000 0.126 0.117 0.107 0.100 0.089 0.081 0.072 0.062 0.054 0.045 0.037 0.028 0.020 0.011 0.001 0.001 0.002 0.000 0.000 0.000 0.000 0.000 0.000 0.000 0.000 0.000 0.000 0.000 0.001 0.001 0.001 0.001 0.001 0.001 0.002 0.002 0.002 0.003 0.003 0.003 0.005 0.010 0.016 0.021 0.020 0.000 0.000 0.000 0.000 0.000 0.000 0.001 0.001 0.001 0.001 0.001 0.005 0.000 0.000 0.000 0.000 0.000 0.000 0.000 0.000 0.000 0.000 0.000
0.196 0.190 0.187 0.181 0.174 0.165 0.156 0.000 0.137 0.126 0.117 0.110 0.099 0.091 0.081 0.072 0.064 0.056 0.046 0.038 0.029 0.022 0.000 0.001 0.001 0.001 0.001 0.001 0.002 0.000 0.000 0.000 0.000 0.000 0.000 0.000 0.000 0.001 0.001 0.001 0.001 0.001 0.001 0.001 0.001 0.002 0.002 0.003 0.004 0.008 0.014 0.022 0.031 0.028 0.000 0.000 0.000 0.000 0.000 0.000 0.001 0.001 0.001 0.001 0.001 0.006 0.000 0.000 0.000 0.000 0.000 0.000 0.000 0.000 0.000 0.000 0.000
0.203 0.199 0.193 0.185 0.176 0.168 0.157 0.148 0.137 0.129 0.119 0.110 0.101 0.092 0.083 0.073 0.066 0.056 0.048 0.000 0.000 0.000 0.000 0.000 0.000 0.000 0.000 0.000 0.000 0.000 0.000 0.000 0.000 0.000 0.000 0.000 0.000 0.000 0.001 0.001 0.001 0.001 0.001 0.001 0.001 0.002 0.002 0.003 0.005 0.010 0.017 0.026 0.037 0.000 0.000 0.000 0.000 0.000 0.000 0.001 0.001 0.001 0.001 0.001 0.002 0.009 0.000 0.000 0.000 0.000 0.000 0.000 0.000 0.000 0.000 0.000 0.000
0.210 0.205 0.196 0.185 0.176 0.168 0.158 0.150 0.139 0.130 0.120 0.111 0.102 0.093 0.084 0.075 0.067 0.058 0.049 0.000 0.000 0.000 0.000 0.000 0.000 0.000 0.000 0.000 0.000 0.000 0.000 0.000 0.000 0.000 0.000 0.000 0.000 0.000 0.000 0.000 0.001 0.001 0.001 0.001 0.001 0.002 0.002 0.003 0.006 0.012 0.020 0.029 0.039 0.000 0.000 0.000 0.000 0.000 0.000 0.001 0.001 0.001 0.001 0.001 0.002 0.010 0.000 0.000 0.000 0.000 0.000 0.000 0.000 0.000 0.000 0.000 0.000
0.000 0.000 0.196 0.188 0.179 0.169 0.159 0.151 0.140 0.131 0.121 0.112 0.104 0.094 0.086 0.076 0.067 0.059 0.049 0.038 0.027 0.016 0.000 0.000 0.000 0.000 0.000 0.000 0.000 0.000 0.000 0.000 0.000 0.000 0.000 0.000 0.000 0.000 0.000 0.000 0.000 0.000 0.001 0.001 0.001 0.002 0.002 0.004 0.007 0.014 0.023 0.032 0.039 0.000 0.000 0.000 0.000 0.000 0.000 0.001 0.001 0.001 0.001 0.001 0.002 0.010 0.024 0.038 0.000 0.000 0.000 0.000 0.000 0.000 0.134 0.148 0.162
0.000 0.000 0.000 0.000 0.000 0.000 0.162 0.151 0.141 0.132 0.123 0.113 0.104 0.097 0.086 0.078 0.068 0.059 0.050 0.039 0.027 0.016 0.007 0.000 0.000 0.000 0.000 0.000 0.000 0.000 0.000 0.000 0.000 0.000 0.000 0.000 0.000 0.000 0.000 0.000 0.000 0.001 0.001 0.001 0.002 0.002 0.003 0.005 0.009 0.016 0.026 0.038 0.000 0.000 0.000 0.000 0.000 0.000 0.000 0.001 0.001 0.001 0.001 0.001 0.002 0.008 0.000 0.035 0.049 0.062 0.076 0.000 0.000 0.118 0.132 0.145 0.159
0.000 0.000 0.000 0.000 0.000 0.000 0.000 0.000 0.000 0.132 0.124 0.114 0.107 0.097 0.089 0.080 0.070 0.061 0.051 0.040 0.028 0.016 0.007 0.000 0.000 0.000 0.000 0.000 0.000 0.000 0.000 0.000 0.000 0.000 0.000 0.000 0.000 0.000 0.000 0.000 0.000 0.001 0.001 0.001 0.002 0.003 0.004 0.006 0.011 0.018 0.028 0.040 0.000 0.000 0.000 0.000 0.000 0.000 0.001 0.001 0.001 0.001 0.001 0.001 0.002 0.006 0.000 0.000 0.000 0.059 0.074 0.088 0.102 0.116 0.129 0.142 0.000
0.000 0.000 0.000 0.000 0.000 0.000 0.000 0.000 0.000 0.000 0.000 0.000 0.000 0.099 0.090 0.082 0.072 0.062 0.053 0.041 0.027 0.015 0.006 0.000 0.000 0.000 0.000 0.000 0.000 0.000 0.000 0.000 0.000 0.000 0.000 0.000 0.000 0.000 0.000 0.000 0.000 0.001 0.001 0.002 0.004 0.005 0.006 0.008 0.013 0.020 0.029 0.040 0.000 0.000 0.000 0.000 0.000 0.000 0.001 0.001 0.001 0.001 0.001 0.002 0.003 0.000 0.000 0.000 0.042 0.056 0.000 0.000 0.099 0.113 0.127 0.140 0.153
0.000 0.000 0.000 0.000 0.000 0.000 0.000 0.000 0.000 0.000 0.000 0.000 0.000 0.000 0.000 0.000 0.072 0.064 0.058 0.053 0.039 0.029 0.022 0.015 0.009 0.006 0.006 0.006 0.005 0.004 0.004 0.003 0.003 0.003 0.003 0.003 0.003 0.003 0.003 0.002 0.002 0.002 0.002 0.005 0.006 0.006 0.007 0.010 0.015 0.022 0.031 0.039 0.000 0.000 0.000 0.000 0.000 0.000 0.001 0.001 0.001 0.001 0.001 0.004 0.000 0.000 0.000 0.000 0.000 0.000 0.000 0.000 0.097 0.110 0.124 0.137 0.151
0.000 0.000 0.000 0.000 0.000 0.000 0.000 0.000 0.000 0.000 0.000 0.000 0.000 0.000 0.000 0.000 0.000 0.000 0.000 0.000 0.066 0.062 0.057 0.048 0.029 0.018 0.015 0.012 0.012 0.012 0.011 0.009 0.008 0.007 0.006 0.006 0.005 0.005 0.004 0.004 0.004 0.004 0.005 0.007 0.007 0.008 0.008 0.011 0.016 0.024 0.035 0.000 0.000 0.000 0.000 0.000 0.000 0.001 0.001 0.001 0.001 0.001 0.002 0.003 0.000 0.000 0.000 0.000 0.000 0.000 0.000 0.000 0.095 0.108 0.000 0.000 0.000
0.000 0.000 0.000 0.000 0.000 0.000 0.000 0.000 0.000 0.000 0.000 0.000 0.000 0.000 0.000 0.000 0.000 0.000 0.000 0.000 0.000 0.000 0.000 0.000 0.038 0.032 0.031 0.022 0.015 0.014 0.013 0.012 0.010 0.009 0.008 0.007 0.006 0.006 0.006 0.006 0.006 0.006 0.010 0.009 0.009 0.009 0.009 0.012 0.017 0.025 0.036 0.000 0.000 0.000 0.000 0.000 0.000 0.001 0.001 0.001 0.001 0.001 0.003 0.000 0.000 0.000 0.000 0.000 0.000 0.000 0.000 0.000 0.000 0.000 0.000 0.000 0.143
0.000 0.000 0.000 0.000 0.000 0.000 0.000 0.000 0.000 0.000 0.000 0.000 0.000 0.000 0.000 0.000 0.000 0.000 0.000 0.000 0.000 0.000 0.000 0.000 0.000 0.000 0.000 0.016 0.015 0.011 0.011 0.010 0.009 0.008 0.008 0.007 0.007 0.007 0.006 0.006 0.007 0.008 0.010 0.010 0.009 0.009 0.010 0.013 0.019 0.027 0.035 0.000 0.000 0.000 0.000 0.000 0.000 0.001 0.001 0.001 0.001 0.001 0.003 0.017 0.000 0.000 0.000 0.000 0.000 0.000 0.000 0.000 0.000 0.000 0.000 0.000 0.000
0.001 0.001 0.001 0.000 0.000 0.000 0.000 0.000 0.000 0.000 0.000 0.000 0.000 0.000 0.000 0.000 0.000 0.000 0.000 0.000 0.000 0.000 0.000 0.000 0.000 0.000 0.000 0.015 0.015 0.012 0.007 0.007 0.007 0.007 0.007 0.007 0.007 0.006 0.007 0.007 0.007 0.011 0.011 0.010 0.010 0.009 0.010 0.013 0.020 0.030 0.000 0.000 0.000 0.000 0.000 0.000 0.000 0.001 0.001 0.001 0.001 0.001 0.003 0.000 0.001 0.001 0.008 0.000 0.000 0.000 0.000 0.000 0.000 0.000 0.000 0.000 0.136
0.001 0.001 0.001 0.001 0.001 0.001 0.000 0.000 0.000 0.000 0.000 0.000 0.000 0.000 0.000 0.000 0.000 0.000 0.000 0.000 0.000 0.000 0.000 0.000 0.000 0.000 0.000 0.013 0.013 0.011 0.008 0.005 0.005 0.006 0.006 0.006 0.006 0.006 0.006 0.007 0.007 0.011 0.010 0.010 0.009 0.009 0.010 0.013 0.020 0.031 0.000 0.000 0.000 0.000 0.000 0.000 0.001 0.001 0.001 0.001 0.001 0.002 0.000 0.000 0.000 0.000 0.005 0.014 0.000 0.000 0.000 0.000 0.000 0.000 0.000 0.000 0.133
0.001 0.001 0.001 0.001 0.001 0.001 0.001 0.001 0.001 0.001 0.000 0.000 0.000 0.000 0.000 0.000 0.000 0.000 0.000 0.000 0.000 0.000 0.000 0.000 0.000 0.000 0.000 0.010 0.010 0.009 0.008 0.006 0.004 0.004 0.004 0.005 0.005 0.005 0.006 0.006 0.008 0.009 0.009 0.009 0.008 0.008 0.009 0.013 0.020 0.029 0.000 0.000 0.000 0.000 0.000 0.000 0.001 0.001 0.001 0.001 0.001 0.002 0.004 0.011 0.000 0.000 0.004 0.011 0.020 0.032 0.044 0.057 0.000 0.000 0.000 0.116 0.130
0.001 0.001 0.001 0.001 0.001 0.001 0.001 0.001 0.001 0.001 0.001 0.001 0.001 0.000 0.000 0.000 0.000 0.000 0.000 0.000 0.000 0.000 0.000 0.000 0.000 0.000 0.000 0.007 0.008 0.008 0.008 0.006 0.005 0.004 0.003 0.004 0.004 0.005 0.005 0.006 0.009 0.008 0.008 0.008 0.007 0.008 0.008 0.012 0.021 0.028 0.000 0.000 0.000 0.000 0.000 0.000 0.001 0.001 0.001 0.001 0.001 0.003 0.005 0.007 0.007 0.008 0.007 0.009 0.018 0.029 0.042 0.056 0.070 0.000 0.000 0.113 0.127
0.006 0.003 0.002 0.001 0.001 0.001 0.001 0.001 0.001 0.001 0.001 0.001 0.001 0.001 0.001 0.001 0.001 0.000 0.000 0.000 0.000 0.000 0.000 0.000 0.000 0.000 0.000 0.006 0.007 0.008 0.007 0.006 0.005 0.004 0.003 0.003 0.004 0.004 0.004 0.005 0.006 0.006 0.006 0.006 0.006 0.006 0.007 0.011 0.021 0.000 0.000 0.000 0.000 0.000 0.000 0.000 0.001 0.001 0.001 0.001 0.002 0.004 0.007 0.006 0.006 0.006 0.006 0.008 0.016 0.027 0.039 0.053 0.067 0.082 0.096 0.111 0.124
0.024 0.017 0.012 0.008 0.006 0.003 0.001 0.000 0.001 0.001 0.001 0.001 0.001 0.001 0.001 0.001 0.001 0.001 0.001 0.001 0.000 0.000 0.000 0.000 0.000 0.000 0.000 0.005 0.006 0.007 0.007 0.006 0.005 0.005 0.004 0.003 0.003 0.003 0.003 0.005 0.005 0.005 0.005 0.005 0.000 0.002 0.005 0.010 0.019 0.000 0.000 0.000 0.000 0.000 0.000 0.001 0.001 0.001 0.001 0.001 0.003 0.005 0.010 0.000 0.000 0.000 0.000 0.004 0.013 0.024 0.037 0.051 0.065 0.080 0.094 0.108 0.000
0.034 0.036 0.038 0.030 0.023 0.017 0.013 0.008 0.005 0.003 0.001 0.001 0.001 0.001 0.001 0.001 0.001 0.001 0.001 0.001 0.001 0.001 0.001 0.001 0.000 0.000 0.000 0.004 0.005 0.006 0.006 0.006 0.006 0.005 0.005 0.004 0.003 0.002 0.003 0.004 0.004 0.004 0.004 0.004 0.003 0.003 0.005 0.009 0.017 0.000 0.000 0.000 0.000 0.000 0.000 0.001 0.001 0.001 0.001 0.002 0.003 0.007 0.010 0.000 0.000 0.000 0.001 0.002 0.000 0.022 0.035 0.048 0.062 0.077 0.091 0.105 0.000
0.026 0.028 0.031 0.034 0.036 0.038 0.039 0.031 0.023 0.016 0.011 0.007 0.005 0.002 0.001 0.001 0.001 0.001 0.001 0.001 0.001 0.001 0.001 0.001 0.001 0.001 0.001 0.003 0.005 0.005 0.006 0.006 0.006 0.005 0.005 0.005 0.004 0.003 0.002 0.002 0.002 0.002 0.002 0.002 0.002 0.002 0.004 0.011 0.000 0.000 0.000 0.000 0.000 0.000 0.000 0.001 0.001 0.001 0.001 0.002 0.004 0.010 0.000 0.000 0.000 0.000 0.000 0.000 0.000 0.021 0.000 0.000 0.060 0.074 0.087 0.000 0.000
0.019 0.021 0.023 0.025 0.028 0.032 0.035 0.037 0.038 0.040 0.036 0.027 0.020 0.015 0.010 0.007 0.004 0.002 0.001 0.001 0.001 0.001 0.001 0.001 0.001 0.001 0.001 0.003 0.004 0.005 0.006 0.006 0.006 0.006 0.006 0.005 0.004 0.004 0.003 0.002 0.001 0.001 0.001 0.001 0.001 0.001 0.004 0.010 0.000 0.000 0.000 0.000 0.000 0.000 0.001 0.001 0.001 0.001 0.002 0.004 0.005 0.010 0.000 0.000 0.000 0.000 0.000 0.000 0.000 0.000 0.000 0.000 0.000 0.069 0.083 0.000 0.000
0.011 0.013 0.016 0.019 0.022 0.024 0.026 0.028 0.030 0.033 0.035 0.037 0.038 0.041 0.034 0.027 0.020 0.014 0.010 0.006 0.004 0.002 0.001 0.001 0.001 0.001 0.001 0.002 0.004 0.005 0.005 0.006 0.006 0.006 0.006 0.006 0.005 0.004 0.004 0.004 0.001 0.001 0.001 0.001 0.001 0.001 0.004 0.008 0.000 0.000 0.000 0.000 0.000 0.000 0.001 0.001 0.001 0.001 0.003 0.005 0.005 0.009 0.000 0.000 0.000 0.000 0.000 0.000 0.000 0.000 0.000 0.000 0.000 0.065 0.077 0.088 0.000
0.007 0.008 0.010 0.012 0.014 0.016 0.018 0.020 0.022 0.024 0.025 0.028 0.031 0.034 0.037 0.039 0.041 0.042 0.033 0.025 0.018 0.013 0.009 0.006 0.003 0.001 0.001 0.002 0.003 0.005 0.005 0.006 0.007 0.008 0.007 0.006 0.005 0.005 0.004 0.005 0.004 0.002 0.001 0.001 0.001 0.000 0.006 0.000 0.000 0.000 0.000 0.000 0.000 0.000 0.001 0.001 0.001 0.002 0.004 0.008 0.000 0.000 0.000 0.000 0.000 0.000 0.000 0.000 0.000 0.000 0.000 0.000 0.000 0.063 0.074 0.081 0.082
0.003 0.003 0.004 0.005 0.006 0.008 0.010 0.012 0.014 0.016 0.019 0.021 0.023 0.025 0.028 0.030 0.033 0.037 0.039 0.040 0.041 0.038 0.030 0.022 0.016 0.011 0.007 0.004 0.004 0.005 0.006 0.007 0.008 0.007 0.007 0.006 0.005 0.005 0.005 0.006 0.008 0.008 0.008 0.008 0.008 0.007 0.007 0.000 0.000 0.000 0.000 0.000 0.000 0.000 0.001 0.001 0.001 0.003 0.005 0.008 0.000 0.026 0.000 0.000 0.000 0.000 0.000 0.000 0.000 0.000 0.000 0.000 0.047 0.061 0.074 0.000 0.000
0.001 0.001 0.001 0.001 0.001 0.001 0.003 0.005 0.007 0.009 0.011 0.013 0.015 0.018 0.021 0.023 0.026 0.028 0.029 0.031 0.034 0.037 0.038 0.039 0.040 0.032 0.023 0.013 0.009 0.008 0.008 0.008 0.007 0.007 0.007 0.006 0.006 0.007 0.009 0.016 0.030 0.032 0.028 0.025 0.021 0.023 0.029 0.000 0.000 0.000 0.000 0.000 0.000 0.001 0.001 0.001 0.002 0.003 0.007 0.000 0.000 0.024 0.036 0.050 0.000 0.000 0.000 0.000 0.000 0.000 0.000 0.000 0.044 0.058 0.071 0.000 0.000
0.001 0.001 0.001 0.001 0.001 0.001 0.001 0.001 0.001 0.003 0.005 0.007 0.009 0.011 0.013 0.015 0.017 0.019 0.022 0.024 0.026 0.027 0.028 0.030 0.031 0.031 0.026 0.019 0.015 0.012 0.010 0.008 0.008 0.007 0.007 0.000 0.009 0.020 0.033 0.047 0.056 0.065 0.064 0.062 0.060 0.054 0.000 0.000 0.000 0.000 0.000 0.000 0.000 0.001 0.001 0.002 0.003 0.004 0.006 0.014 0.000 0.019 0.033 0.000 0.000 0.027 0.000 0.000 0.000 0.000 0.000 0.027 0.042 0.057 0.000 0.000 0.000
0.001 0.001 0.001 0.001 0.001 0.001 0.001 0.001 0.001 0.001 0.001 0.001 0.002 0.003 0.005 0.007 0.009 0.011 0.013 0.015 0.017 0.019 0.021 0.021 0.019 0.016 0.017 0.019 0.018 0.014 0.011 0.010 0.009 0.010 0.013 0.022 0.034 0.045 0.057 0.070 0.083 0.093 0.090 0.086 0.083 0.089 0.000 0.000 0.000 0.000 0.000 0.000 0.000 0.001 0.001 0.002 0.005 0.006 0.008 0.012 0.014 0.017 0.028 0.000 0.016 0.024 0.033 0.046 0.061 0.000 0.000 0.000 0.042 0.056 0.000 0.000 0.000
0.001 0.001 0.001 0.001 0.001 0.001 0.001 0.001 0.001 0.001 0.001 0.001 0.001 0.001 0.001 0.001 0.003 0.004 0.006 0.008 0.010 0.010 0.009 0.009 0.013 0.014 0.017 0.023 0.021 0.014 0.013 0.014 0.016 0.025 0.033 0.047 0.061 0.074 0.084 0.094 0.107 0.115 0.123 0.116 0.110 0.106 0.091 0.081 0.073 0.000 0.000 0.000 0.000 0.003 0.001 0.003 0.007 0.008 0.010 0.013 0.015 0.018 0.023 0.022 0.020 0.024 0.032 0.044 0.058 0.000 0.000 0.000 0.042 0.056 0.074 0.000 0.000
0.001 0.001 0.001 0.001 0.001 0.001 0.001 0.001 0.001 0.001 0.001 0.001 0.001 0.001 0.001 0.001 0.001 0.001 0.001 0.001 0.002 0.005 0.007 0.009 0.011 0.013 0.018 0.029 0.025 0.021 0.023 0.024 0.031 0.045 0.058 0.071 0.083 0.098 0.109 0.118 0.130 0.142 0.146 0.153 0.000 0.000 0.110 0.105 0.097 0.085 0.078 0.074 0.000 0.032 0.027 0.021 0.012 0.011 0.012 0.013 0.015 0.017 0.020 0.021 0.022 0.025 0.032 0.042 0.054 0.000 0.000 0.035 0.046 0.000 0.073 0.087 0.000
0.001 0.001 0.001 0.001 0.001 0.001 0.001 0.001 0.001 0.001 0.001 0.001 0.001 0.001 0.001 0.001 0.001 0.001 0.001 0.001 0.002 0.004 0.006 0.008 0.010 0.014 0.030 0.039 0.039 0.040 0.043 0.044 0.052 0.065 0.081 0.094 0.109 0.121 0.131 0.147 0.151 0.163 0.172 0.000 0.000 0.000 0.000 0.000 0.000 0.106 0.102 0.097 0.079 0.066 0.056 0.047 0.037 0.029 0.019 0.016 0.017 0.017 0.018 0.019 0.021 0.025 0.031 0.039 0.046 0.052 0.000 0.035 0.046 0.000 0.000 0.083 0.000
