数据/2hours/0.1-2h-200y/coupled-138-0001.wd
ncols         694
nrows         824
xllcorner     581104.939801
yllcorner     3495917.092414
cellsize      2.000000
NODATA_value  -9999.000000
[rows 442 to 475 of 824, columns 462 to 538 of 694]
0.000 0.146 0.141 0.136 0.131 0.126 0.121 0.117 0.112 0.108 0.103 0.096 0.087 0.079 0.069 0.059 0.050 0.040 0.031 0.022 0.013 0.002 0.000 0.000 0.000 0.000 0.000 0.000 0.000 0.000 0.000 0.000 0.000 0.000 0.000 0.000 0.000 0.000 0.000 0.000 0.000 0.000 0.000 0.000 0.000 0.000 0.022 0.069 0.099 0.123 0.150 0.181 0.198 0.220 0.000 0.000 0.000 0.000 0.000 0.000 0.000 0.002 0.004 0.008 0.014 0.019 0.025 0.000 0.000 0.000 0.000 0.000 0.000 0.000 0.000 0.000 0.000
0.000 0.000 0.000 0.000 0.138 0.133 0.128 0.124 0.119 0.114 0.106 0.097 0.089 0.079 0.070 0.060 0.051 0.042 0.033 0.023 0.015 0.004 0.000 0.000 0.000 0.000 0.000 0.000 0.000 0.000 0.000 0.000 0.000 0.000 0.000 0.000 0.000 0.000 0.000 0.000 0.000 0.000 0.000 0.000 0.000 0.000 0.033 0.073 0.103 0.126 0.148 0.167 0.181 0.201 0.000 0.000 0.000 0.000 0.000 0.000 0.000 0.002 0.004 0.009 0.015 0.020 0.024 0.039 0.000 0.000 0.000 0.000 0.000 0.000 0.000 0.000 0.000
0.000 0.000 0.000 0.000 0.000 0.000 0.000 0.131 0.124 0.115 0.107 0.098 0.089 0.081 0.071 0.061 0.052 0.043 0.035 0.025 0.016 0.006 0.000 0.000 0.000 0.000 0.000 0.000 0.000 0.000 0.000 0.000 0.000 0.000 0.000 0.000 0.000 0.000 0.000 0.000 0.000 0.000 0.000 0.000 0.000 0.002 0.044 0.083 0.105 0.121 0.134 0.148 0.161 0.179 0.000 0.000 0.000 0.000 0.000 0.000 0.000 0.002 0.005 0.010 0.017 0.022 0.023 0.000 0.000 0.000 0.000 0.000 0.000 0.000 0.000 0.000 0.000
0.174 0.000 0.000 0.000 0.000 0.000 0.000 0.000 0.000 0.118 0.108 0.099 0.090 0.082 0.072 0.063 0.053 0.044 0.036 0.027 0.018 0.008 0.000 0.000 0.000 0.000 0.000 0.000 0.000 0.000 0.000 0.000 0.000 0.000 0.000 0.000 0.000 0.000 0.000 0.000 0.000 0.000 0.000 0.000 0.001 0.025 0.066 0.083 0.094 0.100 0.109 0.125 0.137 0.145 0.000 0.000 0.000 0.000 0.000 0.000 0.002 0.002 0.005 0.011 0.019 0.025 0.018 0.000 0.000 0.000 0.000 0.000 0.000 0.000 0.000 0.000 0.000
0.182 0.177 0.173 0.168 0.000 0.000 0.000 0.000 0.000 0.119 0.110 0.100 0.092 0.082 0.073 0.063 0.054 0.045 0.036 0.028 0.019 0.009 0.000 0.000 0.000 0.000 0.000 0.000 0.000 0.000 0.000 0.000 0.000 0.000 0.000 0.000 0.000 0.000 0.000 0.000 0.000 0.000 0.000 0.000 0.010 0.046 0.085 0.091 0.098 0.107 0.113 0.123 0.131 0.135 0.000 0.000 0.000 0.000 0.000 0.000 0.001 0.002 0.006 0.012 0.020 0.031 0.000 0.000 0.000 0.000 0.000 0.000 0.000 0.000 0.000 0.000 0.000
0.189 0.185 0.180 0.175 0.168 0.159 0.150 0.000 0.130 0.121 0.111 0.102 0.092 0.083 0.073 0.064 0.054 0.046 0.037 0.029 0.021 0.011 0.000 0.000 0.000 0.000 0.000 0.000 0.000 0.000 0.000 0.000 0.000 0.000 0.000 0.000 0.000 0.000 0.000 0.000 0.000 0.000 0.000 0.001 0.023 0.064 0.092 0.103 0.109 0.116 0.128 0.135 0.146 0.143 0.000 0.000 0.000 0.000 0.000 0.000 0.002 0.005 0.010 0.017 0.027 0.038 0.000 0.000 0.000 0.000 0.000 0.000 0.000 0.000 0.000 0.000 0.000
0.196 0.192 0.187 0.178 0.169 0.160 0.151 0.142 0.132 0.123 0.113 0.103 0.093 0.083 0.074 0.065 0.055 0.047 0.039 0.000 0.000 0.000 0.000 0.000 0.000 0.000 0.000 0.000 0.000 0.000 0.000 0.000 0.000 0.000 0.000 0.000 0.000 0.000 0.000 0.000 0.000 0.000 0.000 0.006 0.041 0.085 0.097 0.106 0.118 0.126 0.135 0.148 0.159 0.000 0.000 0.000 0.000 0.000 0.000 0.001 0.003 0.007 0.014 0.023 0.033 0.046 0.000 0.000 0.000 0.000 0.000 0.000 0.000 0.000 0.000 0.000 0.000
0.204 0.197 0.189 0.180 0.171 0.162 0.153 0.143 0.133 0.124 0.114 0.104 0.094 0.084 0.075 0.066 0.057 0.048 0.040 0.000 0.000 0.000 0.000 0.000 0.000 0.000 0.000 0.000 0.000 0.000 0.000 0.000 0.000 0.000 0.000 0.000 0.000 0.000 0.000 0.000 0.000 0.000 0.001 0.018 0.058 0.093 0.103 0.111 0.121 0.133 0.144 0.154 0.167 0.000 0.000 0.000 0.000 0.000 0.000 0.002 0.004 0.010 0.017 0.026 0.037 0.050 0.000 0.000 0.000 0.000 0.000 0.000 0.000 0.000 0.000 0.000 0.000
0.000 0.000 0.190 0.181 0.172 0.164 0.155 0.145 0.136 0.125 0.115 0.105 0.095 0.085 0.077 0.068 0.059 0.050 0.040 0.030 0.020 0.007 0.000 0.000 0.000 0.000 0.000 0.000 0.000 0.000 0.000 0.000 0.000 0.000 0.000 0.000 0.000 0.000 0.000 0.000 0.000 0.000 0.002 0.036 0.076 0.098 0.109 0.121 0.130 0.142 0.153 0.162 0.169 0.000 0.000 0.000 0.000 0.000 0.000 0.003 0.006 0.012 0.019 0.028 0.039 0.052 0.068 0.083 0.000 0.000 0.000 0.000 0.000 0.000 0.183 0.197 0.211
0.000 0.000 0.000 0.000 0.000 0.000 0.156 0.146 0.136 0.125 0.116 0.105 0.096 0.087 0.077 0.068 0.060 0.050 0.041 0.031 0.021 0.009 0.000 0.000 0.000 0.000 0.000 0.000 0.000 0.000 0.000 0.000 0.000 0.000 0.000 0.000 0.000 0.000 0.000 0.000 0.000 0.001 0.012 0.053 0.092 0.101 0.112 0.126 0.135 0.148 0.158 0.174 0.000 0.000 0.000 0.000 0.000 0.000 0.000 0.004 0.008 0.014 0.021 0.028 0.039 0.052 0.000 0.081 0.095 0.109 0.123 0.000 0.000 0.167 0.181 0.195 0.208
0.000 0.000 0.000 0.000 0.000 0.000 0.000 0.000 0.000 0.126 0.116 0.107 0.097 0.088 0.078 0.070 0.061 0.052 0.043 0.032 0.021 0.009 0.000 0.000 0.000 0.000 0.000 0.000 0.000 0.000 0.000 0.000 0.000 0.000 0.000 0.000 0.000 0.000 0.000 0.000 0.000 0.001 0.031 0.068 0.098 0.110 0.119 0.134 0.142 0.158 0.168 0.177 0.000 0.000 0.000 0.000 0.000 0.000 0.003 0.005 0.010 0.017 0.023 0.030 0.038 0.050 0.000 0.000 0.000 0.106 0.120 0.135 0.150 0.165 0.179 0.193 0.000
0.000 0.000 0.000 0.000 0.000 0.000 0.000 0.000 0.000 0.000 0.000 0.000 0.000 0.089 0.080 0.072 0.063 0.053 0.044 0.033 0.020 0.007 0.000 0.000 0.000 0.000 0.000 0.000 0.000 0.000 0.000 0.000 0.000 0.000 0.000 0.000 0.000 0.000 0.000 0.000 0.000 0.007 0.042 0.087 0.108 0.119 0.132 0.140 0.153 0.164 0.175 0.188 0.000 0.000 0.000 0.000 0.000 0.000 0.003 0.007 0.012 0.019 0.026 0.033 0.039 0.000 0.000 0.000 0.088 0.102 0.000 0.000 0.149 0.162 0.176 0.190 0.205
0.000 0.000 0.000 0.000 0.000 0.000 0.000 0.000 0.000 0.000 0.000 0.000 0.000 0.000 0.000 0.000 0.063 0.055 0.050 0.045 0.031 0.020 0.014 0.009 0.005 0.004 0.003 0.002 0.002 0.002 0.002 0.002 0.001 0.000 0.000 0.000 0.000 0.000 0.000 0.000 0.001 0.023 0.063 0.103 0.114 0.124 0.137 0.144 0.157 0.169 0.176 0.190 0.000 0.000 0.000 0.000 0.000 0.000 0.004 0.008 0.015 0.023 0.030 0.039 0.000 0.000 0.000 0.000 0.000 0.000 0.000 0.000 0.146 0.160 0.174 0.188 0.203
0.000 0.000 0.000 0.000 0.000 0.000 0.000 0.000 0.000 0.000 0.000 0.000 0.000 0.000 0.000 0.000 0.000 0.000 0.000 0.000 0.055 0.051 0.045 0.036 0.021 0.013 0.011 0.009 0.009 0.008 0.006 0.005 0.005 0.004 0.004 0.003 0.003 0.003 0.003 0.003 0.006 0.034 0.084 0.114 0.117 0.131 0.141 0.147 0.164 0.172 0.184 0.000 0.000 0.000 0.000 0.000 0.000 0.003 0.005 0.011 0.019 0.027 0.035 0.040 0.000 0.000 0.000 0.000 0.000 0.000 0.000 0.000 0.143 0.157 0.000 0.000 0.000
0.000 0.000 0.000 0.000 0.000 0.000 0.000 0.000 0.000 0.000 0.000 0.000 0.000 0.000 0.000 0.000 0.000 0.000 0.000 0.000 0.000 0.000 0.000 0.000 0.030 0.025 0.025 0.018 0.013 0.011 0.009 0.007 0.006 0.005 0.005 0.005 0.004 0.004 0.004 0.004 0.018 0.057 0.099 0.112 0.126 0.136 0.142 0.157 0.168 0.175 0.190 0.000 0.000 0.000 0.000 0.000 0.000 0.003 0.008 0.015 0.024 0.032 0.042 0.000 0.000 0.000 0.000 0.000 0.000 0.000 0.000 0.000 0.000 0.000 0.000 0.000 0.195
0.000 0.000 0.000 0.000 0.000 0.000 0.000 0.000 0.000 0.000 0.000 0.000 0.000 0.000 0.000 0.000 0.000 0.000 0.000 0.000 0.000 0.000 0.000 0.000 0.000 0.000 0.000 0.014 0.012 0.008 0.007 0.006 0.006 0.005 0.005 0.005 0.005 0.005 0.005 0.007 0.029 0.078 0.108 0.115 0.127 0.144 0.148 0.161 0.172 0.183 0.189 0.000 0.000 0.000 0.000 0.000 0.000 0.006 0.012 0.020 0.028 0.036 0.045 0.059 0.000 0.000 0.000 0.000 0.000 0.000 0.000 0.000 0.000 0.000 0.000 0.000 0.000
0.001 0.001 0.001 0.000 0.000 0.000 0.000 0.000 0.000 0.000 0.000 0.000 0.000 0.000 0.000 0.000 0.000 0.000 0.000 0.000 0.000 0.000 0.000 0.000 0.000 0.000 0.000 0.012 0.010 0.007 0.005 0.004 0.005 0.005 0.005 0.005 0.005 0.005 0.005 0.013 0.050 0.094 0.115 0.129 0.136 0.146 0.156 0.163 0.177 0.188 0.000 0.000 0.000 0.000 0.000 0.000 0.000 0.009 0.015 0.022 0.031 0.039 0.046 0.000 0.047 0.063 0.075 0.000 0.000 0.000 0.000 0.000 0.000 0.000 0.000 0.000 0.190
0.004 0.002 0.001 0.001 0.001 0.001 0.000 0.000 0.000 0.000 0.000 0.000 0.000 0.000 0.000 0.000 0.000 0.000 0.000 0.000 0.000 0.000 0.000 0.000 0.000 0.000 0.000 0.009 0.008 0.007 0.005 0.003 0.003 0.004 0.004 0.004 0.004 0.004 0.005 0.025 0.076 0.109 0.120 0.126 0.142 0.146 0.155 0.165 0.180 0.185 0.000 0.000 0.000 0.000 0.000 0.000 0.007 0.010 0.016 0.024 0.033 0.043 0.000 0.000 0.000 0.000 0.071 0.084 0.000 0.000 0.000 0.000 0.000 0.000 0.000 0.000 0.187
0.018 0.013 0.011 0.006 0.003 0.002 0.001 0.001 0.001 0.001 0.000 0.000 0.000 0.000 0.000 0.000 0.000 0.000 0.000 0.000 0.000 0.000 0.000 0.000 0.000 0.000 0.000 0.006 0.007 0.006 0.005 0.004 0.003 0.003 0.003 0.004 0.004 0.004 0.009 0.047 0.087 0.108 0.112 0.122 0.139 0.147 0.160 0.171 0.174 0.193 0.000 0.000 0.000 0.000 0.000 0.000 0.006 0.010 0.017 0.025 0.033 0.043 0.054 0.065 0.000 0.000 0.068 0.079 0.087 0.098 0.111 0.124 0.000 0.000 0.000 0.172 0.186
0.046 0.036 0.030 0.025 0.020 0.013 0.007 0.004 0.002 0.001 0.001 0.001 0.001 0.000 0.000 0.000 0.000 0.000 0.000 0.000 0.000 0.000 0.000 0.000 0.000 0.000 0.000 0.005 0.006 0.006 0.005 0.004 0.003 0.003 0.002 0.003 0.003 0.004 0.023 0.062 0.098 0.106 0.112 0.123 0.132 0.151 0.152 0.176 0.183 0.187 0.000 0.000 0.000 0.000 0.000 0.000 0.006 0.012 0.018 0.026 0.034 0.043 0.052 0.060 0.063 0.066 0.068 0.076 0.085 0.095 0.107 0.119 0.132 0.000 0.000 0.170 0.184
0.086 0.073 0.064 0.055 0.047 0.038 0.029 0.020 0.012 0.007 0.004 0.002 0.001 0.001 0.001 0.001 0.001 0.000 0.000 0.000 0.000 0.000 0.000 0.000 0.000 0.000 0.000 0.004 0.005 0.005 0.005 0.004 0.004 0.003 0.002 0.002 0.002 0.006 0.032 0.070 0.096 0.107 0.116 0.131 0.136 0.148 0.154 0.173 0.187 0.000 0.000 0.000 0.000 0.000 0.000 0.000 0.009 0.015 0.022 0.029 0.037 0.046 0.054 0.056 0.060 0.063 0.067 0.074 0.082 0.092 0.104 0.116 0.128 0.141 0.155 0.168 0.181
0.129 0.116 0.105 0.094 0.083 0.074 0.061 0.040 0.035 0.027 0.023 0.014 0.012 0.007 0.003 0.002 0.001 0.001 0.001 0.001 0.000 0.000 0.000 0.000 0.000 0.000 0.000 0.003 0.004 0.005 0.005 0.005 0.004 0.004 0.003 0.002 0.002 0.013 0.047 0.091 0.101 0.116 0.121 0.135 0.138 0.152 0.163 0.174 0.181 0.000 0.000 0.000 0.000 0.000 0.000 0.008 0.014 0.021 0.028 0.035 0.042 0.051 0.060 0.000 0.000 0.000 0.000 0.071 0.079 0.088 0.099 0.112 0.125 0.138 0.152 0.165 0.000
0.144 0.145 0.147 0.137 0.126 0.114 0.100 0.088 0.076 0.065 0.055 0.044 0.037 0.030 0.025 0.015 0.009 0.005 0.003 0.002 0.001 0.001 0.001 0.001 0.000 0.000 0.000 0.003 0.004 0.004 0.005 0.005 0.004 0.004 0.004 0.005 0.008 0.026 0.063 0.100 0.109 0.118 0.127 0.140 0.152 0.166 0.173 0.181 0.181 0.000 0.000 0.000 0.000 0.000 0.000 0.014 0.023 0.030 0.036 0.042 0.049 0.056 0.061 0.000 0.000 0.000 0.065 0.073 0.000 0.083 0.096 0.109 0.122 0.136 0.149 0.163 0.000
0.135 0.136 0.139 0.143 0.145 0.146 0.142 0.130 0.117 0.105 0.094 0.083 0.074 0.066 0.057 0.048 0.036 0.024 0.018 0.013 0.008 0.005 0.003 0.001 0.001 0.001 0.001 0.002 0.003 0.004 0.005 0.005 0.006 0.008 0.014 0.029 0.048 0.064 0.088 0.102 0.114 0.120 0.133 0.145 0.153 0.163 0.179 0.191 0.000 0.000 0.000 0.000 0.000 0.000 0.000 0.024 0.032 0.038 0.043 0.048 0.055 0.065 0.000 0.000 0.000 0.000 0.000 0.000 0.000 0.080 0.000 0.000 0.119 0.133 0.148 0.000 0.000
0.127 0.128 0.131 0.134 0.136 0.138 0.139 0.139 0.140 0.141 0.136 0.126 0.116 0.105 0.095 0.085 0.074 0.061 0.050 0.041 0.035 0.027 0.019 0.013 0.009 0.005 0.003 0.003 0.004 0.006 0.008 0.013 0.029 0.050 0.063 0.082 0.101 0.120 0.124 0.124 0.124 0.127 0.135 0.138 0.158 0.167 0.178 0.196 0.000 0.000 0.000 0.000 0.000 0.000 0.027 0.031 0.037 0.043 0.048 0.054 0.058 0.068 0.000 0.000 0.000 0.000 0.000 0.000 0.000 0.000 0.000 0.000 0.000 0.129 0.144 0.000 0.000
0.117 0.119 0.123 0.126 0.129 0.130 0.130 0.130 0.132 0.133 0.136 0.139 0.142 0.146 0.138 0.127 0.115 0.102 0.088 0.078 0.068 0.058 0.049 0.039 0.033 0.027 0.022 0.015 0.016 0.024 0.041 0.056 0.075 0.101 0.118 0.134 0.139 0.145 0.150 0.160 0.154 0.141 0.144 0.153 0.160 0.166 0.182 0.191 0.000 0.000 0.000 0.000 0.000 0.000 0.022 0.030 0.037 0.045 0.052 0.059 0.059 0.068 0.000 0.000 0.000 0.000 0.000 0.000 0.000 0.000 0.000 0.000 0.000 0.125 0.139 0.150 0.000
0.108 0.111 0.115 0.117 0.120 0.121 0.121 0.122 0.123 0.125 0.127 0.130 0.134 0.137 0.141 0.143 0.145 0.142 0.128 0.115 0.105 0.096 0.087 0.079 0.071 0.063 0.055 0.040 0.049 0.066 0.082 0.108 0.128 0.143 0.147 0.161 0.167 0.174 0.186 0.192 0.189 0.183 0.176 0.166 0.163 0.161 0.189 0.000 0.000 0.000 0.000 0.000 0.000 0.000 0.021 0.028 0.037 0.044 0.054 0.065 0.000 0.000 0.000 0.000 0.000 0.000 0.000 0.000 0.000 0.000 0.000 0.000 0.000 0.125 0.136 0.143 0.139
0.101 0.104 0.106 0.109 0.111 0.113 0.113 0.113 0.114 0.115 0.118 0.122 0.126 0.128 0.131 0.134 0.135 0.135 0.135 0.137 0.141 0.140 0.131 0.121 0.113 0.104 0.100 0.092 0.096 0.115 0.132 0.156 0.167 0.167 0.178 0.188 0.191 0.203 0.211 0.213 0.223 0.215 0.210 0.205 0.197 0.188 0.191 0.000 0.000 0.000 0.000 0.000 0.000 0.000 0.024 0.030 0.038 0.046 0.056 0.065 0.000 0.111 0.000 0.000 0.000 0.000 0.000 0.000 0.000 0.000 0.000 0.000 0.112 0.125 0.136 0.000 0.000
0.094 0.095 0.097 0.100 0.102 0.103 0.104 0.104 0.105 0.106 0.109 0.113 0.117 0.120 0.123 0.125 0.125 0.125 0.124 0.128 0.135 0.140 0.144 0.151 0.157 0.153 0.143 0.137 0.144 0.162 0.175 0.182 0.192 0.193 0.206 0.205 0.216 0.233 0.234 0.243 0.255 0.249 0.246 0.238 0.232 0.222 0.217 0.000 0.000 0.000 0.000 0.000 0.000 0.026 0.029 0.034 0.041 0.048 0.057 0.000 0.000 0.100 0.112 0.139 0.000 0.000 0.000 0.000 0.000 0.000 0.000 0.000 0.111 0.124 0.135 0.000 0.000
0.087 0.088 0.090 0.090 0.091 0.093 0.094 0.093 0.094 0.097 0.101 0.105 0.108 0.111 0.113 0.115 0.116 0.115 0.115 0.119 0.127 0.131 0.136 0.142 0.148 0.156 0.162 0.173 0.183 0.191 0.196 0.211 0.215 0.219 0.227 0.228 0.246 0.256 0.257 0.267 0.280 0.280 0.279 0.268 0.263 0.264 0.000 0.000 0.000 0.000 0.000 0.000 0.000 0.027 0.033 0.038 0.043 0.047 0.052 0.065 0.000 0.090 0.100 0.000 0.000 0.109 0.000 0.000 0.000 0.000 0.000 0.101 0.111 0.123 0.000 0.000 0.000
0.079 0.079 0.079 0.081 0.084 0.084 0.082 0.082 0.084 0.088 0.092 0.096 0.099 0.102 0.103 0.105 0.105 0.104 0.105 0.111 0.114 0.117 0.126 0.130 0.135 0.145 0.171 0.201 0.211 0.214 0.224 0.232 0.236 0.242 0.259 0.265 0.274 0.277 0.286 0.290 0.300 0.317 0.308 0.302 0.294 0.293 0.000 0.000 0.000 0.000 0.000 0.000 0.000 0.037 0.042 0.044 0.047 0.052 0.054 0.062 0.070 0.082 0.094 0.000 0.083 0.100 0.108 0.119 0.132 0.000 0.000 0.000 0.109 0.121 0.000 0.000 0.000
0.068 0.071 0.073 0.074 0.074 0.073 0.072 0.075 0.078 0.080 0.082 0.086 0.090 0.092 0.092 0.092 0.091 0.090 0.092 0.098 0.103 0.107 0.114 0.120 0.149 0.174 0.211 0.237 0.238 0.244 0.246 0.264 0.259 0.272 0.275 0.289 0.299 0.308 0.306 0.314 0.323 0.334 0.340 0.333 0.327 0.312 0.286 0.276 0.266 0.000 0.000 0.000 0.000 0.062 0.053 0.053 0.052 0.054 0.057 0.061 0.066 0.075 0.084 0.084 0.086 0.097 0.108 0.118 0.130 0.000 0.000 0.000 0.108 0.117 0.127 0.000 0.000
0.055 0.057 0.059 0.060 0.062 0.064 0.066 0.066 0.068 0.071 0.075 0.079 0.080 0.079 0.079 0.078 0.077 0.077 0.080 0.085 0.091 0.105 0.130 0.156 0.187 0.219 0.250 0.269 0.270 0.267 0.273 0.277 0.286 0.297 0.304 0.310 0.325 0.329 0.336 0.345 0.348 0.358 0.363 0.370 0.000 0.000 0.305 0.297 0.282 0.253 0.244 0.236 0.000 0.107 0.095 0.080 0.064 0.059 0.059 0.062 0.065 0.070 0.075 0.078 0.083 0.094 0.105 0.115 0.125 0.000 0.000 0.104 0.116 0.000 0.120 0.133 0.000
0.041 0.045 0.048 0.051 0.053 0.053 0.054 0.056 0.059 0.064 0.067 0.070 0.071 0.070 0.067 0.064 0.062 0.063 0.067 0.088 0.111 0.140 0.166 0.200 0.229 0.262 0.291 0.302 0.304 0.305 0.306 0.300 0.308 0.320 0.328 0.337 0.351 0.359 0.366 0.368 0.377 0.379 0.393 0.000 0.000 0.000 0.000 0.000 0.000 0.273 0.264 0.247 0.198 0.160 0.133 0.113 0.097 0.080 0.065 0.063 0.065 0.069 0.072 0.076 0.081 0.090 0.099 0.108 0.116 0.120 0.000 0.104 0.117 0.000 0.000 0.130 0.000
