数据/2hours/0.1-2h-200y/coupled-162-0001.wd
ncols         694
nrows         824
xllcorner     581104.939801
yllcorner     3495917.092414
cellsize      2.000000
NODATA_value  -9999.000000
[rows 408 to 441 of 824, columns 462 to 538 of 694]
0.000 0.000 0.000 0.000 0.000 0.000 0.000 0.000 0.000 0.000 0.000 0.000 0.000 0.000 0.000 0.000 0.000 0.000 0.000 0.000 0.000 0.000 0.000 0.000 0.000 0.000 0.000 0.000 0.000 0.000 0.000 0.000 0.000 0.000 0.000 0.000 0.000 0.000 0.000 0.000 0.000 0.000 0.000 0.000 0.000 0.000 0.000 0.000 0.000 0.000 0.001 0.014 0.064 0.102 0.135 0.175 0.207 0.242 0.279 0.000 0.000 0.000 0.000 0.000 0.000 0.000 0.000 0.000 0.000 0.000 0.000 0.003 0.029 0.061 0.095 0.130 0.000
0.015 0.000 0.000 0.000 0.000 0.000 0.000 0.000 0.000 0.000 0.000 0.000 0.000 0.000 0.000 0.000 0.000 0.000 0.000 0.000 0.000 0.000 0.000 0.000 0.000 0.000 0.000 0.000 0.000 0.000 0.000 0.000 0.000 0.000 0.000 0.000 0.000 0.000 0.000 0.000 0.000 0.000 0.000 0.000 0.000 0.000 0.000 0.000 0.000 0.000 0.001 0.014 0.059 0.097 0.135 0.174 0.206 0.235 0.272 0.000 0.000 0.000 0.000 0.000 0.000 0.000 0.000 0.000 0.000 0.000 0.000 0.003 0.025 0.057 0.089 0.000 0.000
0.007 0.037 0.068 0.073 0.000 0.000 0.000 0.000 0.000 0.000 0.000 0.000 0.000 0.000 0.000 0.000 0.000 0.000 0.000 0.000 0.000 0.000 0.000 0.000 0.000 0.000 0.000 0.000 0.000 0.000 0.000 0.000 0.000 0.000 0.000 0.000 0.000 0.000 0.000 0.000 0.000 0.000 0.000 0.000 0.000 0.000 0.000 0.000 0.000 0.000 0.001 0.014 0.056 0.097 0.133 0.169 0.201 0.235 0.000 0.000 0.000 0.000 0.000 0.000 0.000 0.000 0.000 0.000 0.000 0.000 0.000 0.003 0.021 0.051 0.080 0.000 0.000
0.000 0.029 0.059 0.065 0.060 0.056 0.000 0.000 0.000 0.000 0.000 0.000 0.000 0.000 0.000 0.000 0.000 0.000 0.000 0.000 0.000 0.000 0.000 0.000 0.000 0.000 0.000 0.000 0.000 0.000 0.000 0.000 0.000 0.000 0.000 0.000 0.000 0.000 0.000 0.000 0.000 0.000 0.000 0.000 0.000 0.000 0.000 0.000 0.000 0.000 0.001 0.015 0.053 0.096 0.129 0.164 0.198 0.234 0.000 0.000 0.000 0.000 0.000 0.000 0.000 0.000 0.000 0.000 0.000 0.000 0.000 0.002 0.018 0.043 0.066 0.082 0.112
0.000 0.020 0.050 0.058 0.053 0.048 0.043 0.038 0.034 0.000 0.000 0.000 0.000 0.000 0.000 0.000 0.000 0.000 0.000 0.000 0.000 0.000 0.000 0.000 0.000 0.000 0.000 0.000 0.000 0.000 0.000 0.000 0.000 0.000 0.000 0.000 0.000 0.000 0.000 0.000 0.000 0.000 0.000 0.000 0.000 0.000 0.000 0.000 0.000 0.000 0.001 0.012 0.052 0.094 0.128 0.165 0.198 0.234 0.000 0.000 0.000 0.000 0.000 0.000 0.000 0.000 0.000 0.000 0.000 0.000 0.000 0.000 0.011 0.034 0.058 0.083 0.113
0.000 0.012 0.042 0.051 0.046 0.041 0.036 0.031 0.026 0.020 0.013 0.010 0.000 0.000 0.000 0.000 0.000 0.000 0.000 0.000 0.000 0.000 0.000 0.000 0.000 0.000 0.000 0.000 0.000 0.000 0.000 0.000 0.000 0.000 0.000 0.000 0.000 0.000 0.000 0.000 0.000 0.000 0.000 0.000 0.000 0.000 0.000 0.000 0.000 0.000 0.001 0.011 0.050 0.093 0.128 0.164 0.199 0.233 0.000 0.000 0.000 0.000 0.000 0.000 0.000 0.000 0.000 0.000 0.000 0.000 0.000 0.000 0.005 0.024 0.049 0.079 0.113
0.000 0.002 0.033 0.044 0.038 0.034 0.029 0.024 0.018 0.012 0.006 0.008 0.006 0.008 0.000 0.000 0.000 0.000 0.000 0.000 0.000 0.000 0.000 0.000 0.000 0.000 0.000 0.000 0.000 0.000 0.000 0.000 0.057 0.133 0.176 0.000 0.000 0.000 0.000 0.000 0.000 0.000 0.000 0.000 0.000 0.000 0.000 0.000 0.000 0.000 0.001 0.012 0.047 0.092 0.129 0.162 0.196 0.231 0.000 0.000 0.000 0.000 0.000 0.000 0.000 0.000 0.000 0.000 0.000 0.000 0.000 0.000 0.000 0.016 0.042 0.075 0.109
0.000 0.001 0.025 0.037 0.032 0.027 0.022 0.017 0.011 0.004 0.005 0.006 0.006 0.006 0.005 0.005 0.004 0.004 0.004 0.003 0.003 0.003 0.003 0.003 0.003 0.003 0.003 0.002 0.001 0.001 0.002 0.031 0.092 0.125 0.156 0.189 0.221 0.253 0.000 0.000 0.000 0.000 0.000 0.000 0.000 0.000 0.000 0.000 0.000 0.000 0.001 0.012 0.049 0.084 0.124 0.159 0.195 0.230 0.000 0.000 0.000 0.000 0.000 0.000 0.000 0.000 0.000 0.000 0.000 0.000 0.000 0.000 0.000 0.011 0.037 0.071 0.104
0.001 0.001 0.016 0.029 0.025 0.020 0.015 0.009 0.003 0.003 0.004 0.004 0.005 0.005 0.005 0.005 0.005 0.005 0.005 0.005 0.005 0.005 0.005 0.005 0.005 0.005 0.004 0.002 0.002 0.003 0.015 0.039 0.073 0.106 0.138 0.170 0.202 0.233 0.000 0.000 0.000 0.000 0.000 0.000 0.001 0.000 0.000 0.000 0.000 0.001 0.001 0.013 0.053 0.076 0.120 0.157 0.194 0.230 0.000 0.000 0.000 0.000 0.000 0.000 0.000 0.000 0.000 0.000 0.000 0.000 0.000 0.000 0.000 0.009 0.034 0.067 0.101
0.001 0.001 0.008 0.023 0.018 0.013 0.008 0.002 0.001 0.002 0.003 0.003 0.004 0.005 0.005 0.005 0.005 0.005 0.006 0.006 0.007 0.007 0.008 0.008 0.007 0.007 0.004 0.004 0.009 0.014 0.013 0.022 0.055 0.087 0.118 0.151 0.182 0.214 0.000 0.000 0.000 0.000 0.000 0.001 0.001 0.001 0.000 0.000 0.000 0.001 0.001 0.011 0.052 0.084 0.120 0.156 0.193 0.227 0.000 0.000 0.000 0.000 0.000 0.000 0.000 0.000 0.000 0.000 0.000 0.000 0.000 0.000 0.000 0.002 0.030 0.066 0.099
0.001 0.001 0.003 0.016 0.011 0.007 0.002 0.000 0.000 0.001 0.002 0.003 0.004 0.004 0.005 0.006 0.007 0.007 0.009 0.010 0.010 0.011 0.012 0.011 0.010 0.006 0.007 0.014 0.014 0.012 0.012 0.014 0.037 0.069 0.100 0.132 0.164 0.000 0.000 0.000 0.000 0.000 0.000 0.001 0.001 0.001 0.001 0.000 0.000 0.001 0.001 0.009 0.055 0.082 0.117 0.153 0.189 0.223 0.000 0.000 0.000 0.000 0.000 0.000 0.000 0.000 0.000 0.000 0.000 0.000 0.000 0.001 0.001 0.002 0.031 0.066 0.000
0.001 0.001 0.003 0.012 0.007 0.002 0.000 0.000 0.000 0.001 0.002 0.003 0.004 0.006 0.007 0.009 0.010 0.011 0.012 0.013 0.015 0.015 0.016 0.015 0.012 0.015 0.017 0.014 0.012 0.011 0.010 0.009 0.018 0.052 0.082 0.114 0.146 0.000 0.000 0.000 0.000 0.000 0.002 0.002 0.002 0.001 0.001 0.001 0.001 0.001 0.001 0.009 0.053 0.081 0.117 0.151 0.186 0.219 0.000 0.000 0.000 0.000 0.000 0.000 0.000 0.000 0.000 0.000 0.000 0.000 0.000 0.001 0.001 0.002 0.034 0.067 0.000
0.006 0.001 0.003 0.010 0.004 0.001 0.001 0.001 0.002 0.004 0.005 0.007 0.008 0.010 0.011 0.013 0.014 0.015 0.017 0.018 0.019 0.020 0.020 0.018 0.014 0.012 0.011 0.010 0.009 0.008 0.007 0.007 0.007 0.032 0.064 0.095 0.127 0.000 0.000 0.000 0.000 0.000 0.003 0.003 0.002 0.002 0.002 0.001 0.001 0.001 0.002 0.009 0.049 0.084 0.117 0.152 0.185 0.219 0.000 0.000 0.000 0.000 0.000 0.000 0.000 0.000 0.000 0.000 0.000 0.000 0.001 0.003 0.000 0.000 0.000 0.066 0.000
0.012 0.005 0.004 0.010 0.003 0.002 0.004 0.005 0.007 0.008 0.010 0.011 0.013 0.015 0.016 0.017 0.018 0.019 0.018 0.017 0.016 0.015 0.014 0.012 0.010 0.008 0.007 0.007 0.006 0.006 0.005 0.005 0.004 0.010 0.042 0.074 0.000 0.000 0.000 0.000 0.000 0.000 0.004 0.004 0.003 0.002 0.002 0.002 0.002 0.002 0.003 0.010 0.046 0.076 0.115 0.151 0.184 0.218 0.000 0.000 0.000 0.000 0.000 0.000 0.000 0.000 0.000 0.000 0.000 0.000 0.001 0.003 0.000 0.000 0.000 0.000 0.000
0.016 0.012 0.004 0.009 0.004 0.006 0.008 0.010 0.012 0.013 0.014 0.016 0.015 0.015 0.014 0.013 0.013 0.012 0.012 0.011 0.011 0.010 0.009 0.007 0.006 0.006 0.005 0.004 0.004 0.004 0.004 0.003 0.003 0.004 0.022 0.051 0.000 0.000 0.000 0.000 0.000 0.007 0.007 0.006 0.004 0.004 0.003 0.003 0.003 0.003 0.004 0.012 0.037 0.069 0.115 0.148 0.183 0.000 0.000 0.000 0.000 0.000 0.000 0.000 0.000 0.000 0.000 0.000 0.000 0.000 0.001 0.003 0.000 0.000 0.000 0.000 0.000
0.015 0.013 0.011 0.009 0.010 0.011 0.012 0.011 0.011 0.011 0.011 0.010 0.010 0.010 0.010 0.009 0.009 0.008 0.008 0.008 0.007 0.007 0.006 0.005 0.004 0.004 0.004 0.003 0.003 0.003 0.003 0.003 0.003 0.003 0.005 0.021 0.021 0.026 0.046 0.000 0.000 0.007 0.007 0.006 0.006 0.005 0.005 0.004 0.004 0.004 0.005 0.012 0.037 0.072 0.111 0.144 0.178 0.000 0.000 0.000 0.000 0.000 0.000 0.000 0.000 0.000 0.000 0.000 0.000 0.000 0.003 0.000 0.000 0.000 0.000 0.000 0.000
0.014 0.012 0.012 0.012 0.008 0.008 0.008 0.008 0.008 0.008 0.008 0.008 0.007 0.007 0.007 0.007 0.007 0.006 0.006 0.006 0.006 0.005 0.004 0.003 0.003 0.003 0.003 0.003 0.003 0.003 0.003 0.003 0.003 0.003 0.003 0.003 0.004 0.006 0.018 0.018 0.017 0.012 0.009 0.006 0.006 0.006 0.006 0.005 0.005 0.005 0.006 0.012 0.035 0.078 0.105 0.138 0.174 0.000 0.000 0.000 0.000 0.000 0.000 0.000 0.000 0.000 0.000 0.000 0.000 0.000 0.003 0.000 0.000 0.000 0.000 0.000 0.073
0.013 0.018 0.025 0.021 0.016 0.009 0.007 0.006 0.007 0.006 0.006 0.006 0.006 0.006 0.006 0.006 0.006 0.005 0.005 0.005 0.005 0.004 0.004 0.003 0.003 0.003 0.003 0.003 0.003 0.003 0.002 0.003 0.003 0.003 0.002 0.002 0.003 0.003 0.003 0.003 0.004 0.004 0.003 0.003 0.003 0.003 0.003 0.003 0.003 0.004 0.005 0.011 0.037 0.069 0.099 0.137 0.172 0.000 0.000 0.000 0.000 0.000 0.000 0.000 0.000 0.000 0.000 0.000 0.000 0.001 0.003 0.000 0.000 0.000 0.000 0.000 0.000
0.024 0.031 0.033 0.028 0.024 0.019 0.012 0.006 0.006 0.006 0.006 0.006 0.006 0.006 0.005 0.005 0.005 0.005 0.005 0.005 0.005 0.004 0.003 0.003 0.003 0.003 0.003 0.003 0.003 0.003 0.003 0.002 0.002 0.002 0.002 0.002 0.002 0.002 0.002 0.002 0.002 0.002 0.001 0.002 0.002 0.002 0.002 0.002 0.002 0.003 0.003 0.011 0.034 0.071 0.099 0.137 0.172 0.000 0.000 0.000 0.000 0.000 0.000 0.000 0.000 0.000 0.000 0.000 0.001 0.001 0.002 0.000 0.000 0.000 0.027 0.000 0.000
0.036 0.044 0.041 0.037 0.032 0.027 0.022 0.017 0.009 0.005 0.006 0.006 0.005 0.005 0.005 0.005 0.005 0.005 0.005 0.005 0.004 0.004 0.003 0.003 0.003 0.003 0.003 0.003 0.003 0.003 0.003 0.003 0.002 0.002 0.002 0.002 0.002 0.002 0.002 0.002 0.002 0.002 0.001 0.001 0.001 0.001 0.001 0.001 0.001 0.002 0.003 0.010 0.032 0.062 0.101 0.136 0.169 0.000 0.000 0.000 0.000 0.000 0.000 0.000 0.000 0.000 0.000 0.001 0.001 0.001 0.002 0.005 0.008 0.013 0.019 0.028 0.044
0.051 0.054 0.049 0.044 0.040 0.035 0.030 0.024 0.019 0.014 0.007 0.006 0.005 0.005 0.005 0.005 0.005 0.005 0.005 0.005 0.004 0.004 0.003 0.003 0.003 0.003 0.003 0.003 0.003 0.003 0.003 0.003 0.003 0.002 0.002 0.002 0.002 0.002 0.002 0.002 0.002 0.001 0.001 0.001 0.001 0.001 0.001 0.001 0.001 0.001 0.002 0.008 0.032 0.061 0.099 0.135 0.166 0.000 0.000 0.000 0.000 0.000 0.000 0.000 0.000 0.000 0.001 0.001 0.001 0.002 0.004 0.007 0.011 0.012 0.011 0.012 0.019
0.064 0.061 0.056 0.052 0.047 0.042 0.037 0.032 0.028 0.023 0.017 0.012 0.005 0.005 0.005 0.005 0.005 0.005 0.005 0.004 0.004 0.004 0.003 0.003 0.003 0.003 0.003 0.003 0.003 0.003 0.003 0.003 0.003 0.003 0.002 0.002 0.002 0.002 0.002 0.002 0.002 0.001 0.001 0.001 0.001 0.001 0.001 0.001 0.001 0.001 0.002 0.007 0.033 0.067 0.104 0.139 0.000 0.000 0.000 0.000 0.000 0.000 0.000 0.000 0.000 0.001 0.001 0.001 0.002 0.004 0.007 0.009 0.010 0.011 0.008 0.007 0.006
0.073 0.068 0.064 0.059 0.054 0.050 0.044 0.040 0.034 0.030 0.025 0.021 0.015 0.009 0.005 0.005 0.005 0.005 0.005 0.004 0.004 0.003 0.003 0.003 0.003 0.003 0.003 0.003 0.003 0.003 0.003 0.003 0.003 0.003 0.003 0.002 0.002 0.002 0.002 0.002 0.002 0.001 0.001 0.001 0.001 0.001 0.001 0.001 0.001 0.001 0.002 0.008 0.038 0.072 0.108 0.141 0.000 0.000 0.000 0.000 0.000 0.000 0.000 0.000 0.001 0.001 0.001 0.002 0.004 0.006 0.007 0.008 0.009 0.013 0.000 0.000 0.000
0.080 0.076 0.071 0.066 0.062 0.057 0.051 0.046 0.042 0.037 0.033 0.028 0.024 0.019 0.013 0.006 0.006 0.004 0.005 0.004 0.004 0.003 0.003 0.003 0.003 0.003 0.003 0.003 0.003 0.003 0.003 0.003 0.003 0.003 0.003 0.003 0.003 0.002 0.002 0.002 0.001 0.001 0.001 0.001 0.001 0.001 0.001 0.001 0.001 0.002 0.003 0.009 0.043 0.077 0.110 0.144 0.000 0.000 0.000 0.000 0.000 0.000 0.000 0.000 0.001 0.001 0.002 0.004 0.005 0.005 0.007 0.009 0.008 0.010 0.000 0.000 0.000
0.087 0.083 0.079 0.073 0.069 0.063 0.059 0.054 0.049 0.044 0.040 0.035 0.030 0.026 0.021 0.016 0.011 0.004 0.005 0.004 0.004 0.003 0.002 0.003 0.003 0.003 0.003 0.003 0.003 0.003 0.003 0.003 0.003 0.003 0.003 0.003 0.003 0.002 0.002 0.002 0.002 0.002 0.002 0.002 0.002 0.002 0.002 0.002 0.002 0.002 0.003 0.010 0.046 0.081 0.113 0.147 0.000 0.000 0.000 0.000 0.000 0.000 0.000 0.000 0.001 0.002 0.003 0.004 0.004 0.005 0.007 0.011 0.007 0.007 0.000 0.000 0.000
0.096 0.090 0.086 0.080 0.075 0.070 0.065 0.061 0.056 0.052 0.047 0.043 0.038 0.033 0.029 0.024 0.019 0.014 0.008 0.004 0.004 0.003 0.002 0.002 0.003 0.003 0.003 0.003 0.003 0.003 0.003 0.003 0.003 0.003 0.003 0.003 0.003 0.003 0.002 0.001 0.001 0.001 0.001 0.001 0.001 0.001 0.001 0.001 0.002 0.002 0.003 0.015 0.048 0.083 0.116 0.149 0.000 0.000 0.000 0.000 0.000 0.000 0.000 0.000 0.001 0.003 0.003 0.004 0.004 0.005 0.007 0.014 0.000 0.000 0.000 0.000 0.000
0.102 0.097 0.093 0.087 0.083 0.079 0.074 0.068 0.063 0.059 0.055 0.050 0.046 0.040 0.036 0.031 0.026 0.022 0.017 0.012 0.005 0.002 0.002 0.003 0.003 0.003 0.003 0.003 0.003 0.003 0.003 0.003 0.003 0.003 0.003 0.003 0.003 0.003 0.002 0.002 0.002 0.002 0.002 0.002 0.002 0.002 0.002 0.002 0.002 0.002 0.004 0.026 0.050 0.082 0.115 0.149 0.000 0.000 0.000 0.000 0.000 0.000 0.000 0.001 0.002 0.003 0.003 0.004 0.005 0.005 0.007 0.014 0.000 0.000 0.000 0.000 0.000
0.110 0.106 0.100 0.096 0.091 0.086 0.081 0.076 0.072 0.067 0.062 0.057 0.052 0.048 0.042 0.038 0.034 0.029 0.025 0.020 0.015 0.003 0.003 0.003 0.003 0.003 0.003 0.003 0.003 0.004 0.004 0.004 0.004 0.004 0.004 0.004 0.004 0.003 0.002 0.002 0.002 0.002 0.002 0.002 0.002 0.002 0.002 0.002 0.003 0.003 0.006 0.029 0.051 0.079 0.111 0.144 0.000 0.000 0.000 0.000 0.000 0.000 0.000 0.001 0.002 0.003 0.004 0.005 0.005 0.005 0.007 0.014 0.000 0.000 0.000 0.000 0.000
0.117 0.113 0.107 0.102 0.097 0.092 0.088 0.083 0.079 0.074 0.070 0.064 0.060 0.055 0.051 0.046 0.041 0.036 0.032 0.026 0.017 0.005 0.004 0.004 0.004 0.004 0.004 0.004 0.004 0.004 0.004 0.004 0.004 0.004 0.004 0.004 0.004 0.003 0.002 0.002 0.002 0.002 0.002 0.002 0.002 0.002 0.002 0.002 0.003 0.003 0.008 0.025 0.050 0.079 0.112 0.000 0.000 0.000 0.000 0.000 0.000 0.000 0.000 0.001 0.002 0.003 0.004 0.005 0.005 0.006 0.006 0.013 0.039 0.000 0.000 0.000 0.000
0.125 0.120 0.116 0.109 0.105 0.101 0.096 0.091 0.086 0.082 0.078 0.072 0.068 0.063 0.059 0.053 0.049 0.044 0.036 0.028 0.018 0.007 0.005 0.005 0.005 0.004 0.004 0.004 0.005 0.005 0.005 0.005 0.005 0.005 0.005 0.005 0.003 0.003 0.003 0.002 0.002 0.002 0.002 0.002 0.002 0.002 0.002 0.002 0.003 0.004 0.009 0.019 0.045 0.077 0.110 0.000 0.000 0.000 0.000 0.000 0.000 0.000 0.001 0.001 0.002 0.004 0.005 0.005 0.006 0.006 0.005 0.006 0.019 0.041 0.062 0.082 0.000
0.133 0.127 0.122 0.118 0.112 0.108 0.103 0.099 0.094 0.090 0.085 0.081 0.076 0.071 0.065 0.060 0.056 0.046 0.038 0.029 0.020 0.009 0.006 0.005 0.005 0.004 0.004 0.005 0.005 0.005 0.005 0.005 0.005 0.005 0.005 0.004 0.003 0.003 0.003 0.003 0.003 0.002 0.002 0.002 0.002 0.002 0.002 0.002 0.003 0.004 0.008 0.011 0.040 0.074 0.108 0.000 0.000 0.000 0.000 0.000 0.000 0.000 0.001 0.001 0.003 0.004 0.006 0.006 0.006 0.005 0.005 0.004 0.005 0.018 0.037 0.057 0.078
0.140 0.134 0.130 0.124 0.120 0.116 0.112 0.106 0.102 0.097 0.093 0.088 0.083 0.078 0.074 0.066 0.057 0.047 0.040 0.030 0.021 0.011 0.005 0.004 0.004 0.004 0.004 0.005 0.005 0.005 0.005 0.005 0.005 0.005 0.005 0.003 0.003 0.003 0.003 0.003 0.003 0.002 0.002 0.002 0.002 0.002 0.002 0.002 0.003 0.004 0.008 0.017 0.041 0.073 0.107 0.000 0.000 0.000 0.000 0.000 0.000 0.000 0.001 0.001 0.003 0.005 0.007 0.006 0.006 0.005 0.004 0.004 0.003 0.003 0.010 0.027 0.044
0.146 0.142 0.137 0.132 0.129 0.123 0.119 0.115 0.110 0.105 0.100 0.096 0.091 0.085 0.077 0.068 0.059 0.050 0.040 0.032 0.023 0.014 0.003 0.003 0.003 0.004 0.005 0.006 0.006 0.006 0.006 0.006 0.005 0.005 0.003 0.003 0.003 0.003 0.003 0.003 0.003 0.003 0.002 0.002 0.002 0.002 0.002 0.003 0.003 0.005 0.011 0.023 0.045 0.075 0.106 0.000 0.000 0.000 0.000 0.000 0.000 0.000 0.001 0.002 0.004 0.006 0.008 0.007 0.006 0.005 0.003 0.002 0.002 0.001 0.001 0.001 0.003
0.154 0.150 0.144 0.140 0.136 0.131 0.127 0.122 0.118 0.112 0.108 0.103 0.098 0.089 0.078 0.070 0.060 0.051 0.042 0.034 0.024 0.016 0.003 0.003 0.004 0.004 0.006 0.008 0.007 0.006 0.006 0.005 0.005 0.003 0.003 0.003 0.003 0.003 0.003 0.003 0.003 0.003 0.003 0.002 0.002 0.002 0.002 0.003 0.004 0.008 0.015 0.029 0.049 0.070 0.085 0.000 0.000 0.000 0.000 0.000 0.000 0.001 0.001 0.002 0.004 0.008 0.010 0.006 0.004 0.003 0.000 0.000 0.000 0.000 0.000 0.000 0.000
