数据/2hours/0.1-2h-200y/coupled-122-0001.wd
ncols         694
nrows         824
xllcorner     581104.939801
yllcorner     3495917.092414
cellsize      2.000000
NODATA_value  -9999.000000
[rows 544 to 577 of 824, columns 385 to 461 of 694]
0.326 0.320 0.309 0.311 0.294 0.311 0.332 0.326 0.325 0.328 0.000 0.000 0.000 0.000 0.000 0.000 0.000 0.000 0.000 0.000 0.000 0.000 0.000 0.000 0.000 0.000 0.000 0.000 0.000 0.000 0.000 0.000 0.000 0.000 0.000 0.000 0.000 0.000 0.000 0.000 0.000 0.000 0.010 0.005 0.006 0.048 0.082 0.162 0.242 0.333 0.410 0.495 0.565 0.645 0.720 0.785 0.854 0.000 0.000 0.000 0.000 0.000 0.000 0.000 0.000 0.000 0.000 0.000 0.000 0.000 0.000 0.000 0.000 0.000 0.000 0.000 0.000
0.333 0.368 0.315 0.271 0.283 0.274 0.298 0.303 0.316 0.326 0.000 0.000 0.000 0.000 0.000 0.000 0.000 0.000 0.000 0.000 0.000 0.000 0.000 0.000 0.000 0.000 0.000 0.000 0.000 0.000 0.000 0.000 0.000 0.000 0.000 0.000 0.000 0.000 0.000 0.000 0.000 0.000 0.004 0.003 0.013 0.053 0.140 0.192 0.286 0.365 0.447 0.537 0.600 0.674 0.748 0.814 0.883 0.000 0.000 0.000 0.000 0.000 0.000 0.000 0.000 0.000 0.000 0.000 0.000 0.000 0.000 0.000 0.000 0.000 0.000 0.000 0.000
0.332 0.359 0.339 0.307 0.308 0.297 0.298 0.318 0.321 0.330 0.000 0.000 0.000 0.000 0.000 0.000 0.000 0.000 0.000 0.000 0.000 0.000 0.000 0.000 0.000 0.000 0.000 0.000 0.000 0.000 0.000 0.000 0.000 0.000 0.000 0.000 0.000 0.000 0.000 0.000 0.000 0.000 0.002 0.004 0.027 0.053 0.156 0.223 0.325 0.389 0.463 0.535 0.631 0.721 0.783 0.845 0.915 0.000 0.000 0.000 0.000 0.000 0.000 0.000 0.000 0.000 0.000 0.000 0.000 0.000 0.000 0.000 0.000 0.000 0.000 0.000 0.000
0.356 0.351 0.355 0.346 0.324 0.305 0.295 0.304 0.327 0.000 0.000 0.000 0.000 0.000 0.000 0.000 0.000 0.000 0.000 0.000 0.000 0.000 0.000 0.000 0.000 0.000 0.000 0.000 0.000 0.000 0.000 0.000 0.000 0.000 0.000 0.000 0.000 0.000 0.000 0.000 0.000 0.000 0.002 0.007 0.070 0.125 0.183 0.268 0.340 0.418 0.487 0.560 0.655 0.741 0.812 0.887 0.955 0.000 0.000 0.000 0.000 0.000 0.000 0.000 0.000 0.000 0.000 0.000 0.000 0.000 0.000 0.000 0.000 0.000 0.000 0.000 0.000
0.345 0.366 0.413 0.422 0.373 0.335 0.302 0.314 0.335 0.000 0.000 0.000 0.000 0.000 0.000 0.000 0.000 0.000 0.000 0.000 0.000 0.000 0.000 0.000 0.000 0.000 0.000 0.000 0.000 0.000 0.000 0.000 0.000 0.000 0.000 0.000 0.000 0.000 0.000 0.000 0.000 0.001 0.002 0.029 0.090 0.145 0.216 0.304 0.355 0.445 0.523 0.606 0.691 0.765 0.838 0.913 0.973 0.000 0.000 0.000 0.000 0.000 0.000 0.000 0.000 0.000 0.000 0.000 0.000 0.000 0.000 0.000 0.000 0.000 0.000 0.000 0.000
0.288 0.326 0.401 0.419 0.365 0.310 0.286 0.282 0.273 0.236 0.276 0.300 0.305 0.000 0.000 0.000 0.000 0.000 0.000 0.000 0.000 0.000 0.000 0.000 0.000 0.000 0.000 0.000 0.000 0.000 0.000 0.000 0.000 0.000 0.000 0.000 0.000 0.000 0.000 0.000 0.000 0.001 0.004 0.030 0.064 0.163 0.237 0.317 0.405 0.492 0.577 0.645 0.719 0.783 0.870 0.950 0.000 0.000 0.000 0.000 0.000 0.000 0.000 0.000 0.000 0.000 0.000 0.000 0.000 0.000 0.000 0.000 0.000 0.000 0.000 0.000 0.000
0.291 0.299 0.372 0.384 0.354 0.296 0.286 0.257 0.238 0.236 0.262 0.271 0.276 0.245 0.231 0.225 0.000 0.000 0.000 0.000 0.000 0.000 0.000 0.000 0.000 0.000 0.000 0.000 0.000 0.000 0.000 0.000 0.000 0.000 0.000 0.000 0.000 0.000 0.000 0.000 0.000 0.002 0.005 0.067 0.116 0.203 0.289 0.378 0.468 0.535 0.601 0.669 0.735 0.815 0.891 0.970 0.000 0.000 0.000 0.000 0.000 0.000 0.000 0.000 0.000 0.000 0.000 0.000 0.000 0.000 0.000 0.000 0.000 0.000 0.000 0.000 0.000
0.338 0.328 0.339 0.351 0.333 0.295 0.272 0.264 0.261 0.268 0.261 0.244 0.259 0.253 0.253 0.262 0.000 0.000 0.000 0.000 0.000 0.000 0.000 0.000 0.000 0.000 0.000 0.000 0.000 0.000 0.000 0.000 0.000 0.000 0.000 0.000 0.000 0.000 0.000 0.000 0.002 0.003 0.018 0.114 0.174 0.248 0.310 0.407 0.495 0.568 0.636 0.702 0.765 0.839 0.918 0.999 0.000 0.000 0.000 0.000 0.000 0.000 0.000 0.000 0.000 0.000 0.000 0.000 0.000 0.000 0.000 0.000 0.000 0.000 0.000 0.000 0.000
0.288 0.290 0.327 0.389 0.345 0.290 0.253 0.247 0.245 0.248 0.256 0.259 0.270 0.272 0.284 0.322 0.354 0.371 0.000 0.000 0.000 0.000 0.000 0.000 0.000 0.000 0.000 0.000 0.000 0.000 0.000 0.000 0.000 0.000 0.000 0.000 0.000 0.000 0.000 0.000 0.002 0.004 0.052 0.075 0.184 0.273 0.344 0.428 0.496 0.591 0.664 0.735 0.797 0.868 0.944 1.025 0.000 0.000 0.000 0.000 0.000 0.000 0.000 0.000 0.000 0.000 0.000 0.000 0.000 0.000 0.000 0.000 0.000 0.000 0.000 0.000 0.000
0.261 0.266 0.299 0.400 0.000 0.283 0.252 0.233 0.224 0.222 0.231 0.257 0.295 0.308 0.305 0.330 0.355 0.368 0.000 0.000 0.000 0.000 0.000 0.000 0.000 0.000 0.000 0.000 0.000 0.000 0.000 0.000 0.000 0.000 0.000 0.000 0.000 0.000 0.000 0.000 0.002 0.037 0.054 0.148 0.232 0.305 0.382 0.442 0.527 0.611 0.688 0.767 0.827 0.900 0.969 0.000 0.000 0.000 0.000 0.000 0.000 0.000 0.000 0.000 0.000 0.000 0.000 0.000 0.000 0.000 0.000 0.000 0.000 0.000 0.000 0.000 0.000
0.171 0.208 0.263 0.341 0.437 0.352 0.248 0.224 0.207 0.203 0.211 0.230 0.276 0.309 0.313 0.327 0.353 0.364 0.380 0.000 0.000 0.000 0.000 0.000 0.000 0.000 0.000 0.000 0.000 0.000 0.000 0.000 0.000 0.000 0.000 0.000 0.000 0.000 0.000 0.002 0.018 0.051 0.124 0.212 0.276 0.337 0.412 0.469 0.555 0.637 0.716 0.795 0.869 0.926 0.978 0.000 0.000 0.000 0.000 0.000 0.000 0.000 0.000 0.000 0.000 0.000 0.000 0.000 0.000 0.000 0.000 0.000 0.000 0.000 0.000 0.000 0.000
0.248 0.221 0.224 0.281 0.407 0.390 0.278 0.233 0.215 0.207 0.211 0.219 0.231 0.262 0.291 0.315 0.341 0.361 0.391 0.000 0.000 0.000 0.000 0.000 0.000 0.000 0.000 0.000 0.000 0.000 0.000 0.000 0.000 0.000 0.000 0.000 0.000 0.000 0.000 0.003 0.040 0.171 0.240 0.297 0.354 0.381 0.432 0.496 0.578 0.657 0.733 0.813 0.874 0.937 0.991 0.000 0.000 0.000 0.000 0.000 0.000 0.000 0.000 0.000 0.000 0.000 0.000 0.000 0.000 0.000 0.000 0.000 0.000 0.000 0.000 0.000 0.000
0.254 0.248 0.217 0.260 0.401 0.399 0.269 0.224 0.205 0.209 0.221 0.220 0.229 0.250 0.255 0.282 0.318 0.358 0.406 0.000 0.000 0.000 0.000 0.000 0.000 0.000 0.000 0.000 0.000 0.000 0.000 0.000 0.000 0.000 0.000 0.000 0.000 0.000 0.000 0.062 0.190 0.200 0.272 0.348 0.431 0.000 0.000 0.000 0.000 0.673 0.736 0.804 0.869 0.928 0.995 0.000 0.000 0.000 0.000 0.000 0.000 0.000 0.000 0.000 0.000 0.000 0.000 0.000 0.000 0.000 0.000 0.000 0.000 0.000 0.000 0.000 0.000
0.243 0.278 0.203 0.209 0.345 0.388 0.275 0.221 0.182 0.175 0.198 0.209 0.215 0.225 0.243 0.280 0.321 0.347 0.383 0.000 0.000 0.000 0.000 0.000 0.000 0.000 0.000 0.000 0.000 0.000 0.000 0.000 0.000 0.000 0.000 0.000 0.000 0.000 0.000 0.124 0.160 0.201 0.235 0.321 0.438 0.000 0.000 0.000 0.000 0.672 0.726 0.796 0.868 0.902 0.000 0.000 0.000 0.000 0.000 0.000 0.000 0.000 0.000 0.000 0.000 0.000 0.000 0.000 0.000 0.000 0.000 0.000 0.000 0.000 0.000 0.000 0.000
0.206 0.241 0.182 0.197 0.328 0.379 0.316 0.235 0.174 0.162 0.173 0.178 0.179 0.193 0.224 0.248 0.285 0.301 0.310 0.275 0.258 0.279 0.000 0.000 0.000 0.000 0.000 0.000 0.000 0.000 0.000 0.000 0.000 0.000 0.000 0.000 0.000 0.000 0.081 0.107 0.203 0.223 0.302 0.324 0.000 0.000 0.000 0.000 0.000 0.670 0.723 0.794 0.863 0.907 0.000 0.000 0.000 0.000 0.000 0.000 0.000 0.000 0.000 0.000 0.000 0.000 0.000 0.000 0.000 0.000 0.000 0.000 0.000 0.000 0.000 0.000 0.000
0.195 0.234 0.196 0.194 0.336 0.433 0.000 0.192 0.168 0.164 0.156 0.149 0.152 0.143 0.172 0.204 0.267 0.279 0.257 0.237 0.241 0.272 0.282 0.233 0.174 0.176 0.000 0.000 0.000 0.000 0.000 0.000 0.000 0.000 0.000 0.000 0.000 0.000 0.040 0.183 0.187 0.216 0.286 0.343 0.000 0.000 0.000 0.000 0.000 0.660 0.733 0.795 0.852 0.901 0.000 0.000 0.000 0.000 0.000 0.000 0.000 0.000 0.000 0.000 0.000 0.000 0.000 0.000 0.000 0.000 0.000 0.000 0.000 0.000 0.000 0.000 0.000
0.174 0.201 0.200 0.219 0.355 0.370 0.267 0.199 0.160 0.162 0.153 0.128 0.115 0.101 0.134 0.190 0.250 0.271 0.230 0.212 0.215 0.248 0.271 0.231 0.185 0.184 0.196 0.235 0.330 0.000 0.000 0.000 0.000 0.000 0.000 0.000 0.000 0.000 0.001 0.130 0.141 0.245 0.290 0.352 0.000 0.000 0.000 0.000 0.626 0.679 0.739 0.794 0.850 0.903 0.000 0.000 0.000 0.000 0.000 0.000 0.000 0.000 0.000 0.000 0.000 0.000 0.000 0.000 0.000 0.000 0.000 0.000 0.000 0.000 0.000 0.000 0.000
0.165 0.198 0.208 0.316 0.388 0.287 0.243 0.223 0.153 0.139 0.153 0.137 0.104 0.100 0.125 0.176 0.222 0.266 0.223 0.212 0.201 0.229 0.266 0.226 0.190 0.201 0.210 0.223 0.279 0.262 0.175 0.109 0.000 0.000 0.000 0.000 0.000 0.006 0.078 0.143 0.225 0.290 0.318 0.369 0.000 0.000 0.000 0.000 0.684 0.721 0.771 0.811 0.864 0.903 0.000 0.000 0.000 0.000 0.000 0.000 0.000 0.000 0.000 0.000 0.000 0.000 0.000 0.000 0.000 0.000 0.000 0.000 0.000 0.000 0.000 0.000 0.000
0.131 0.190 0.235 0.396 0.343 0.186 0.220 0.239 0.174 0.122 0.123 0.136 0.099 0.093 0.123 0.161 0.210 0.254 0.210 0.195 0.203 0.251 0.259 0.207 0.181 0.238 0.241 0.210 0.238 0.220 0.156 0.094 0.073 0.050 0.000 0.000 0.000 0.092 0.120 0.111 0.272 0.323 0.353 0.000 0.000 0.000 0.000 0.000 0.722 0.763 0.813 0.852 0.903 0.000 0.000 0.000 0.000 0.000 0.000 0.000 0.000 0.000 0.000 0.000 0.000 0.000 0.000 0.000 0.000 0.000 0.000 0.000 0.000 0.000 0.000 0.000 0.000
0.063 0.172 0.258 0.372 0.246 0.147 0.177 0.227 0.190 0.102 0.089 0.116 0.105 0.122 0.144 0.192 0.240 0.269 0.209 0.179 0.190 0.239 0.248 0.187 0.166 0.249 0.247 0.190 0.201 0.222 0.136 0.073 0.080 0.059 0.025 0.036 0.038 0.102 0.150 0.166 0.270 0.315 0.346 0.000 0.000 0.000 0.000 0.652 0.712 0.774 0.829 0.884 0.945 0.000 0.000 0.000 0.000 0.000 0.000 0.000 0.000 0.000 0.000 0.000 0.000 0.000 0.000 0.000 0.000 0.000 0.000 0.000 0.000 0.000 0.000 0.000 0.000
0.015 0.133 0.284 0.390 0.203 0.129 0.135 0.231 0.163 0.085 0.082 0.102 0.113 0.139 0.164 0.202 0.240 0.263 0.211 0.165 0.181 0.232 0.220 0.142 0.160 0.233 0.239 0.196 0.155 0.221 0.144 0.066 0.085 0.056 0.032 0.025 0.031 0.151 0.209 0.231 0.277 0.298 0.310 0.000 0.000 0.000 0.000 0.636 0.703 0.777 0.830 0.894 0.974 0.000 0.000 0.000 0.000 0.000 0.000 0.000 0.000 0.000 0.000 0.000 0.000 0.000 0.000 0.000 0.000 0.000 0.000 0.000 0.000 0.000 0.000 0.000 0.000
0.090 0.122 0.335 0.382 0.211 0.117 0.113 0.230 0.151 0.084 0.078 0.095 0.098 0.130 0.185 0.236 0.253 0.230 0.189 0.172 0.195 0.216 0.198 0.127 0.147 0.250 0.240 0.170 0.135 0.198 0.154 0.067 0.092 0.063 0.039 0.029 0.009 0.178 0.239 0.229 0.337 0.298 0.232 0.000 0.000 0.000 0.000 0.633 0.701 0.781 0.845 0.920 0.993 0.000 0.000 0.000 0.000 0.000 0.000 0.000 0.000 0.000 0.000 0.000 0.000 0.000 0.000 0.000 0.000 0.000 0.000 0.000 0.000 0.000 0.000 0.000 0.000
0.174 0.129 0.351 0.405 0.195 0.057 0.082 0.223 0.182 0.068 0.053 0.063 0.086 0.114 0.178 0.245 0.249 0.221 0.178 0.169 0.184 0.195 0.195 0.157 0.162 0.266 0.272 0.134 0.103 0.165 0.181 0.071 0.075 0.050 0.018 0.015 0.007 0.189 0.235 0.282 0.322 0.303 0.231 0.229 0.334 0.394 0.000 0.657 0.728 0.816 0.874 0.939 0.000 0.000 0.000 0.000 0.000 0.000 0.000 0.000 0.000 0.000 0.000 0.000 0.000 0.000 0.000 0.000 0.000 0.000 0.000 0.000 0.000 0.000 0.000 0.000 0.000
0.140 0.149 0.409 0.336 0.152 0.037 0.062 0.197 0.193 0.047 0.073 0.094 0.124 0.148 0.190 0.257 0.196 0.171 0.182 0.206 0.210 0.164 0.185 0.165 0.157 0.281 0.255 0.127 0.083 0.139 0.197 0.102 0.059 0.024 0.029 0.029 0.083 0.239 0.214 0.224 0.354 0.393 0.257 0.258 0.358 0.433 0.543 0.649 0.733 0.827 0.909 0.970 0.000 0.000 0.000 0.000 0.000 0.000 0.000 0.000 0.000 0.000 0.000 0.000 0.000 0.000 0.000 0.000 0.000 0.000 0.000 0.000 0.000 0.000 0.000 0.000 0.000
0.154 0.250 0.477 0.259 0.175 0.110 0.134 0.204 0.201 0.057 0.107 0.103 0.112 0.152 0.222 0.290 0.202 0.161 0.167 0.213 0.229 0.157 0.183 0.192 0.165 0.272 0.232 0.113 0.092 0.131 0.212 0.143 0.058 0.027 0.057 0.060 0.118 0.210 0.228 0.240 0.367 0.423 0.328 0.289 0.357 0.453 0.552 0.661 0.757 0.845 0.919 0.985 0.000 0.000 0.000 0.000 0.000 0.000 0.000 0.000 0.000 0.000 0.000 0.000 0.000 0.000 0.000 0.000 0.000 0.000 0.000 0.000 0.000 0.000 0.000 0.000 0.000
0.178 0.374 0.428 0.250 0.249 0.123 0.135 0.213 0.229 0.089 0.102 0.107 0.148 0.178 0.230 0.321 0.232 0.192 0.204 0.239 0.221 0.125 0.170 0.208 0.212 0.278 0.202 0.101 0.087 0.134 0.218 0.168 0.061 0.027 0.053 0.073 0.084 0.165 0.230 0.278 0.347 0.445 0.416 0.367 0.412 0.495 0.585 0.683 0.777 0.850 0.940 1.004 0.000 0.000 0.000 0.000 0.000 0.000 0.000 0.000 0.000 0.000 0.000 0.000 0.000 0.000 0.000 0.000 0.000 0.000 0.000 0.000 0.000 0.000 0.000 0.000 0.000
0.285 0.495 0.369 0.228 0.237 0.171 0.133 0.200 0.230 0.138 0.148 0.122 0.146 0.198 0.283 0.354 0.231 0.201 0.230 0.266 0.229 0.135 0.162 0.228 0.238 0.269 0.193 0.105 0.099 0.133 0.222 0.166 0.046 0.026 0.041 0.044 0.069 0.165 0.207 0.282 0.362 0.461 0.489 0.453 0.465 0.524 0.612 0.688 0.799 0.873 0.947 0.000 0.000 0.000 0.000 0.000 0.000 0.000 0.000 0.000 0.000 0.000 0.000 0.000 0.000 0.000 0.000 0.000 0.000 0.000 0.000 0.000 0.000 0.000 0.000 0.000 0.000
0.426 0.546 0.337 0.151 0.213 0.199 0.113 0.199 0.221 0.144 0.114 0.122 0.157 0.193 0.280 0.312 0.200 0.174 0.214 0.269 0.263 0.151 0.168 0.238 0.238 0.266 0.206 0.133 0.114 0.155 0.222 0.141 0.034 0.022 0.019 0.031 0.036 0.155 0.225 0.313 0.400 0.494 0.554 0.529 0.541 0.596 0.650 0.732 0.823 0.888 0.965 0.000 0.000 0.000 0.000 0.000 0.000 0.000 0.000 0.000 0.000 0.000 0.000 0.000 0.000 0.000 0.000 0.000 0.000 0.000 0.000 0.000 0.000 0.000 0.000 0.000 0.000
0.542 0.473 0.204 0.105 0.196 0.244 0.175 0.220 0.241 0.196 0.120 0.131 0.183 0.243 0.320 0.262 0.157 0.142 0.197 0.266 0.256 0.172 0.174 0.234 0.255 0.249 0.212 0.146 0.149 0.174 0.218 0.102 0.027 0.018 0.012 0.025 0.058 0.201 0.277 0.328 0.395 0.499 0.594 0.604 0.631 0.670 0.728 0.772 0.853 0.932 0.979 0.000 0.000 0.000 0.000 0.000 0.000 0.000 0.000 0.000 0.000 0.000 0.000 0.000 0.000 0.000 0.000 0.000 0.000 0.000 0.000 0.000 0.000 0.000 0.000 0.000 0.000
0.550 0.329 0.176 0.140 0.205 0.265 0.176 0.216 0.270 0.206 0.156 0.113 0.178 0.277 0.330 0.266 0.184 0.171 0.227 0.282 0.264 0.172 0.154 0.233 0.258 0.264 0.210 0.163 0.152 0.184 0.184 0.099 0.031 0.018 0.019 0.024 0.110 0.243 0.326 0.376 0.436 0.521 0.586 0.615 0.671 0.707 0.751 0.793 0.875 0.935 0.986 0.000 0.000 0.000 0.000 0.000 0.000 0.000 0.000 0.000 0.000 0.000 0.000 0.000 0.000 0.000 0.000 0.000 0.000 0.000 0.000 0.000 0.000 0.000 0.000 0.000 0.000
0.404 0.292 0.202 0.142 0.227 0.250 0.169 0.186 0.231 0.259 0.164 0.153 0.194 0.300 0.339 0.278 0.215 0.201 0.263 0.294 0.265 0.178 0.161 0.232 0.288 0.265 0.222 0.173 0.180 0.179 0.144 0.110 0.037 0.025 0.028 0.067 0.158 0.288 0.383 0.452 0.507 0.559 0.580 0.605 0.674 0.729 0.776 0.814 0.888 0.948 1.015 0.000 0.000 0.000 0.000 0.000 0.000 0.000 0.000 0.000 0.000 0.000 0.000 0.000 0.000 0.000 0.000 0.000 0.000 0.000 0.000 0.000 0.000 0.000 0.000 0.000 0.000
0.267 0.282 0.222 0.180 0.272 0.278 0.217 0.212 0.271 0.242 0.151 0.155 0.232 0.319 0.340 0.264 0.197 0.200 0.243 0.280 0.263 0.192 0.188 0.262 0.285 0.274 0.221 0.179 0.188 0.181 0.139 0.110 0.044 0.056 0.061 0.130 0.204 0.323 0.420 0.495 0.533 0.545 0.591 0.626 0.670 0.726 0.773 0.834 0.895 0.951 0.000 0.000 0.000 0.000 0.000 0.000 0.000 0.000 0.000 0.000 0.000 0.000 0.000 0.000 0.000 0.000 0.000 0.000 0.000 0.000 0.000 0.000 0.000 0.000 0.000 0.000 0.000
0.171 0.237 0.199 0.151 0.256 0.299 0.227 0.247 0.308 0.249 0.211 0.210 0.288 0.357 0.339 0.288 0.249 0.228 0.245 0.263 0.237 0.207 0.222 0.277 0.301 0.281 0.222 0.174 0.173 0.161 0.149 0.130 0.050 0.040 0.086 0.181 0.282 0.374 0.464 0.556 0.583 0.599 0.618 0.670 0.700 0.755 0.789 0.845 0.904 0.961 0.000 0.000 0.000 0.000 0.000 0.000 0.000 0.000 0.000 0.000 0.000 0.000 0.000 0.000 0.000 0.000 0.000 0.000 0.000 0.000 0.000 0.000 0.000 0.000 0.000 0.000 0.000
0.188 0.267 0.238 0.182 0.266 0.258 0.225 0.286 0.345 0.290 0.268 0.254 0.301 0.358 0.327 0.279 0.254 0.237 0.268 0.285 0.269 0.234 0.241 0.299 0.294 0.257 0.223 0.189 0.170 0.160 0.145 0.145 0.068 0.011 0.113 0.202 0.278 0.400 0.502 0.572 0.628 0.637 0.662 0.691 0.719 0.754 0.805 0.848 0.920 0.976 0.000 0.000 0.000 0.000 0.000 0.000 0.000 0.000 0.000 0.000 0.000 0.000 0.000 0.000 0.000 0.000 0.000 0.000 0.000 0.000 0.000 0.000 0.000 0.000 0.000 0.000 0.000
