数据/2hours/0.1-2h-200y/coupled-165-0001.wd
ncols         694
nrows         824
xllcorner     581104.939801
yllcorner     3495917.092414
cellsize      2.000000
NODATA_value  -9999.000000
[rows 646 to 679 of 824, columns 77 to 153 of 694]
0.617 0.595 0.574 0.552 0.530 0.000 0.000 0.000 0.000 0.000 0.000 0.000 0.000 0.000 0.350 0.333 0.317 0.300 0.000 0.000 0.000 0.278 0.280 0.279 0.259 0.225 0.192 0.160 0.127 0.094 0.061 0.029 0.000 0.229 0.197 0.163 0.130 0.000 0.000 0.000 0.025 0.002 0.002 0.001 0.001 0.001 0.001 0.001 0.001 0.001 0.001 0.001 0.000 0.000 0.000 0.000 0.000 0.000 0.000 0.040 0.017 0.001 0.000 0.001 0.001 0.001 0.001 0.001 0.001 0.001 0.000 0.000 0.001 0.001 0.001 0.001 0.001
0.602 0.578 0.556 0.534 0.512 0.490 0.000 0.000 0.000 0.000 0.000 0.000 0.000 0.350 0.333 0.317 0.300 0.000 0.000 0.000 0.000 0.000 0.000 0.000 0.278 0.247 0.214 0.180 0.147 0.115 0.082 0.050 0.000 0.000 0.218 0.184 0.000 0.000 0.000 0.000 0.000 0.000 0.020 0.001 0.001 0.001 0.001 0.001 0.001 0.001 0.001 0.001 0.000 0.000 0.000 0.000 0.000 0.000 0.000 0.000 0.037 0.017 0.001 0.001 0.001 0.001 0.001 0.001 0.001 0.000 0.000 0.000 0.000 0.001 0.001 0.001 0.001
0.611 0.570 0.538 0.516 0.494 0.472 0.000 0.000 0.000 0.000 0.000 0.000 0.347 0.331 0.315 0.299 0.000 0.000 0.000 0.000 0.000 0.000 0.000 0.279 0.279 0.268 0.235 0.201 0.168 0.135 0.102 0.069 0.000 0.003 0.000 0.000 0.000 0.000 0.000 0.000 0.000 0.000 0.039 0.015 0.001 0.001 0.001 0.001 0.001 0.001 0.001 0.001 0.000 0.000 0.000 0.000 0.000 0.000 0.000 0.000 0.000 0.037 0.011 0.001 0.001 0.001 0.001 0.001 0.000 0.000 0.000 0.000 0.000 0.000 0.001 0.001 0.001
0.619 0.579 0.539 0.499 0.476 0.454 0.000 0.000 0.000 0.000 0.000 0.341 0.327 0.312 0.295 0.000 0.000 0.000 0.000 0.000 0.000 0.000 0.000 0.279 0.000 0.000 0.255 0.222 0.188 0.154 0.122 0.089 0.055 0.023 0.001 0.000 0.000 0.000 0.000 0.000 0.000 0.000 0.000 0.037 0.013 0.001 0.001 0.001 0.001 0.001 0.001 0.001 0.001 0.000 0.000 0.000 0.000 0.000 0.000 0.000 0.000 0.000 0.019 0.001 0.001 0.001 0.001 0.000 0.000 0.000 0.000 0.000 0.000 0.000 0.000 0.000 0.001
0.627 0.587 0.547 0.507 0.466 0.435 0.412 0.000 0.000 0.000 0.337 0.322 0.308 0.293 0.283 0.283 0.284 0.000 0.000 0.000 0.000 0.000 0.000 0.000 0.000 0.000 0.276 0.243 0.210 0.175 0.142 0.109 0.076 0.044 0.011 0.001 0.001 0.000 0.000 0.000 0.000 0.000 0.000 0.000 0.035 0.011 0.002 0.001 0.001 0.001 0.001 0.001 0.001 0.001 0.000 0.000 0.000 0.000 0.000 0.000 0.000 0.000 0.000 0.001 0.001 0.001 0.000 0.000 0.000 0.000 0.000 0.000 0.000 0.000 0.000 0.000 0.000
0.636 0.595 0.555 0.515 0.474 0.435 0.396 0.375 0.000 0.337 0.319 0.304 0.290 0.282 0.283 0.284 0.285 0.286 0.000 0.000 0.000 0.000 0.000 0.000 0.000 0.000 0.000 0.000 0.230 0.196 0.162 0.127 0.095 0.063 0.032 0.001 0.001 0.001 0.000 0.000 0.000 0.000 0.000 0.000 0.000 0.000 0.026 0.002 0.001 0.001 0.001 0.001 0.001 0.001 0.001 0.001 0.000 0.000 0.000 0.000 0.000 0.000 0.001 0.001 0.001 0.001 0.001 0.000 0.000 0.000 0.000 0.000 0.000 0.000 0.000 0.000 0.000
0.000 0.603 0.565 0.524 0.484 0.445 0.405 0.367 0.339 0.319 0.302 0.288 0.281 0.282 0.283 0.284 0.285 0.285 0.287 0.287 0.000 0.000 0.000 0.000 0.000 0.000 0.000 0.000 0.249 0.216 0.183 0.149 0.114 0.082 0.049 0.014 0.001 0.001 0.000 0.000 0.000 0.000 0.000 0.000 0.000 0.000 0.049 0.024 0.001 0.001 0.001 0.001 0.001 0.001 0.001 0.001 0.001 0.000 0.000 0.000 0.000 0.022 0.001 0.001 0.001 0.001 0.001 0.001 0.000 0.000 0.000 0.000 0.000 0.000 0.000 0.000 0.000
0.000 0.000 0.000 0.533 0.493 0.454 0.415 0.377 0.339 0.303 0.285 0.279 0.280 0.282 0.282 0.283 0.283 0.285 0.285 0.285 0.283 0.000 0.000 0.000 0.000 0.000 0.000 0.000 0.269 0.237 0.203 0.170 0.136 0.098 0.061 0.026 0.001 0.001 0.000 0.000 0.000 0.000 0.000 0.000 0.000 0.000 0.000 0.047 0.022 0.001 0.001 0.001 0.001 0.001 0.001 0.001 0.001 0.000 0.000 0.000 0.028 0.002 0.001 0.001 0.001 0.001 0.001 0.001 0.001 0.000 0.000 0.000 0.000 0.000 0.000 0.000 0.000
0.000 0.000 0.000 0.000 0.502 0.463 0.424 0.387 0.349 0.312 0.291 0.291 0.290 0.288 0.286 0.284 0.284 0.285 0.285 0.284 0.283 0.000 0.000 0.000 0.000 0.000 0.000 0.268 0.270 0.258 0.224 0.187 0.151 0.113 0.075 0.039 0.004 0.001 0.001 0.000 0.000 0.000 0.000 0.000 0.000 0.000 0.000 0.000 0.044 0.021 0.001 0.001 0.001 0.001 0.001 0.001 0.001 0.001 0.001 0.001 0.001 0.001 0.001 0.001 0.001 0.001 0.001 0.001 0.001 0.010 0.000 0.000 0.000 0.000 0.000 0.000 0.000
0.000 0.000 0.000 0.000 0.511 0.473 0.434 0.397 0.360 0.322 0.326 0.331 0.330 0.329 0.326 0.324 0.322 0.321 0.317 0.315 0.310 0.307 0.304 0.000 0.000 0.000 0.286 0.280 0.278 0.276 0.240 0.201 0.164 0.129 0.090 0.052 0.019 0.001 0.001 0.001 0.001 0.001 0.000 0.000 0.000 0.000 0.000 0.000 0.000 0.025 0.001 0.001 0.001 0.001 0.001 0.001 0.001 0.001 0.001 0.001 0.001 0.001 0.001 0.001 0.001 0.001 0.001 0.001 0.001 0.002 0.012 0.000 0.000 0.000 0.000 0.000 0.000
0.000 0.000 0.000 0.000 0.000 0.000 0.445 0.408 0.370 0.354 0.361 0.000 0.372 0.368 0.366 0.364 0.362 0.361 0.357 0.352 0.349 0.346 0.343 0.000 0.000 0.330 0.326 0.322 0.319 0.292 0.252 0.214 0.178 0.140 0.103 0.066 0.030 0.001 0.001 0.001 0.001 0.001 0.001 0.000 0.000 0.000 0.000 0.000 0.000 0.000 0.001 0.001 0.001 0.001 0.001 0.001 0.001 0.001 0.001 0.001 0.001 0.001 0.001 0.001 0.001 0.001 0.001 0.001 0.001 0.001 0.002 0.012 0.000 0.000 0.000 0.000 0.000
0.000 0.000 0.000 0.000 0.000 0.000 0.000 0.418 0.382 0.390 0.000 0.000 0.000 0.000 0.406 0.404 0.403 0.399 0.396 0.392 0.388 0.384 0.380 0.376 0.371 0.369 0.366 0.363 0.344 0.309 0.270 0.228 0.192 0.155 0.119 0.081 0.043 0.017 0.001 0.001 0.001 0.001 0.001 0.000 0.000 0.000 0.000 0.000 0.000 0.000 0.000 0.001 0.001 0.001 0.001 0.001 0.001 0.001 0.001 0.001 0.001 0.001 0.001 0.001 0.001 0.001 0.001 0.001 0.000 0.000 0.001 0.001 0.011 0.000 0.000 0.000 0.000
0.000 0.000 0.000 0.000 0.000 0.000 0.466 0.428 0.413 0.000 0.000 0.000 0.000 0.000 0.000 0.000 0.445 0.440 0.436 0.431 0.428 0.425 0.421 0.417 0.414 0.410 0.405 0.397 0.358 0.321 0.284 0.245 0.206 0.169 0.131 0.098 0.059 0.036 0.016 0.001 0.001 0.001 0.001 0.000 0.000 0.000 0.000 0.000 0.000 0.000 0.000 0.000 0.001 0.001 0.001 0.001 0.001 0.001 0.001 0.001 0.001 0.001 0.001 0.001 0.001 0.001 0.001 0.001 0.000 0.000 0.000 0.000 0.000 0.000 0.000 0.000 0.000
0.000 0.000 0.000 0.000 0.000 0.513 0.474 0.440 0.449 0.000 0.000 0.000 0.000 0.000 0.000 0.000 0.485 0.482 0.475 0.472 0.468 0.464 0.460 0.457 0.453 0.449 0.444 0.412 0.375 0.336 0.297 0.261 0.222 0.184 0.147 0.110 0.082 0.058 0.035 0.013 0.001 0.001 0.001 0.001 0.000 0.000 0.000 0.000 0.000 0.000 0.000 0.000 0.000 0.001 0.001 0.001 0.001 0.001 0.001 0.001 0.001 0.001 0.001 0.001 0.001 0.001 0.001 0.001 0.000 0.000 0.000 0.000 0.000 0.000 0.000 0.000 0.000
0.708 0.000 0.000 0.000 0.562 0.522 0.485 0.473 0.000 0.000 0.000 0.000 0.000 0.000 0.000 0.000 0.000 0.000 0.515 0.511 0.508 0.504 0.501 0.497 0.493 0.490 0.465 0.426 0.389 0.351 0.313 0.274 0.237 0.197 0.162 0.126 0.105 0.082 0.056 0.035 0.002 0.001 0.001 0.001 0.001 0.001 0.000 0.000 0.000 0.000 0.000 0.000 0.000 0.000 0.001 0.001 0.001 0.001 0.001 0.001 0.001 0.001 0.001 0.001 0.001 0.001 0.001 0.000 0.000 0.000 0.000 0.000 0.000 0.000 0.000 0.000 0.000
0.718 0.000 0.000 0.611 0.568 0.535 0.503 0.507 0.516 0.520 0.000 0.000 0.000 0.000 0.000 0.000 0.000 0.000 0.000 0.550 0.546 0.544 0.540 0.537 0.535 0.518 0.480 0.441 0.403 0.365 0.327 0.291 0.248 0.215 0.175 0.150 0.125 0.105 0.068 0.033 0.001 0.001 0.001 0.001 0.001 0.001 0.001 0.000 0.000 0.000 0.000 0.000 0.000 0.007 0.001 0.001 0.001 0.001 0.001 0.001 0.001 0.001 0.001 0.001 0.001 0.001 0.000 0.000 0.000 0.000 0.000 0.000 0.000 0.000 0.000 0.000 0.000
0.729 0.696 0.657 0.616 0.582 0.545 0.531 0.542 0.551 0.556 0.000 0.000 0.000 0.000 0.000 0.000 0.000 0.000 0.000 0.000 0.586 0.582 0.580 0.578 0.571 0.531 0.494 0.457 0.416 0.380 0.343 0.304 0.266 0.227 0.198 0.174 0.140 0.105 0.065 0.028 0.001 0.001 0.001 0.001 0.001 0.001 0.001 0.001 0.000 0.000 0.000 0.007 0.001 0.001 0.001 0.001 0.001 0.001 0.001 0.001 0.001 0.001 0.001 0.001 0.001 0.000 0.000 0.000 0.000 0.000 0.000 0.000 0.000 0.000 0.000 0.000 0.000
0.742 0.703 0.664 0.627 0.588 0.560 0.569 0.578 0.585 0.594 0.600 0.608 0.000 0.000 0.000 0.000 0.000 0.000 0.000 0.000 0.000 0.621 0.620 0.615 0.584 0.547 0.509 0.469 0.431 0.396 0.356 0.318 0.283 0.239 0.216 0.180 0.136 0.101 0.062 0.024 0.001 0.001 0.001 0.001 0.001 0.001 0.001 0.001 0.000 0.000 0.007 0.001 0.001 0.001 0.001 0.001 0.001 0.001 0.001 0.001 0.001 0.001 0.001 0.001 0.001 0.000 0.000 0.000 0.000 0.000 0.000 0.000 0.000 0.000 0.000 0.000 0.000
0.751 0.713 0.676 0.639 0.599 0.599 0.602 0.610 0.621 0.625 0.632 0.641 0.644 0.000 0.000 0.000 0.000 0.000 0.000 0.000 0.662 0.662 0.658 0.638 0.600 0.562 0.523 0.484 0.448 0.411 0.370 0.334 0.295 0.250 0.213 0.173 0.135 0.095 0.058 0.020 0.001 0.001 0.001 0.001 0.001 0.001 0.001 0.001 0.001 0.001 0.001 0.001 0.001 0.001 0.001 0.001 0.001 0.001 0.001 0.001 0.001 0.001 0.001 0.001 0.001 0.000 0.000 0.000 0.000 0.000 0.000 0.000 0.000 0.000 0.000 0.000 0.000
0.761 0.725 0.688 0.647 0.626 0.633 0.638 0.649 0.654 0.662 0.670 0.675 0.682 0.689 0.000 0.000 0.000 0.000 0.000 0.706 0.704 0.701 0.689 0.653 0.616 0.576 0.537 0.501 0.463 0.422 0.384 0.339 0.290 0.248 0.209 0.168 0.132 0.090 0.053 0.017 0.001 0.001 0.001 0.001 0.001 0.001 0.001 0.001 0.001 0.001 0.001 0.001 0.001 0.001 0.001 0.001 0.001 0.001 0.001 0.001 0.001 0.001 0.001 0.001 0.001 0.000 0.000 0.000 0.000 0.000 0.000 0.000 0.000 0.000 0.000 0.000 0.000
0.772 0.735 0.696 0.659 0.661 0.668 0.676 0.683 0.688 0.697 0.703 0.711 0.719 0.724 0.000 0.748 0.000 0.000 0.000 0.746 0.744 0.739 0.705 0.668 0.629 0.590 0.554 0.516 0.472 0.424 0.381 0.334 0.287 0.245 0.205 0.164 0.129 0.084 0.049 0.013 0.001 0.001 0.001 0.001 0.001 0.001 0.001 0.001 0.001 0.001 0.001 0.001 0.001 0.001 0.001 0.001 0.001 0.001 0.001 0.001 0.001 0.001 0.001 0.001 0.001 0.000 0.000 0.000 0.000 0.000 0.000 0.000 0.000 0.000 0.000 0.000 0.000
0.784 0.747 0.708 0.689 0.693 0.704 0.713 0.717 0.725 0.734 0.741 0.747 0.756 0.762 0.772 0.782 0.000 0.000 0.789 0.785 0.782 0.758 0.721 0.682 0.643 0.607 0.564 0.517 0.469 0.425 0.379 0.330 0.285 0.241 0.201 0.162 0.125 0.083 0.044 0.008 0.001 0.001 0.001 0.001 0.001 0.001 0.001 0.001 0.001 0.001 0.001 0.001 0.001 0.001 0.001 0.001 0.001 0.001 0.001 0.001 0.001 0.001 0.001 0.001 0.000 0.000 0.000 0.000 0.000 0.000 0.000 0.000 0.000 0.000 0.000 0.000 0.000
0.795 0.756 0.717 0.724 0.729 0.738 0.746 0.754 0.763 0.768 0.775 0.784 0.793 0.798 0.807 0.816 0.826 0.831 0.830 0.827 0.811 0.773 0.736 0.696 0.654 0.606 0.559 0.515 0.466 0.419 0.374 0.328 0.282 0.239 0.195 0.161 0.121 0.080 0.042 0.005 0.001 0.001 0.001 0.001 0.001 0.001 0.001 0.001 0.001 0.001 0.001 0.001 0.001 0.001 0.001 0.001 0.001 0.001 0.001 0.001 0.001 0.001 0.001 0.001 0.000 0.000 0.000 0.000 0.000 0.000 0.000 0.000 0.000 0.000 0.000 0.000 0.000
0.804 0.764 0.752 0.758 0.763 0.774 0.784 0.789 0.797 0.805 0.813 0.818 0.827 0.836 0.841 0.850 0.863 0.871 0.870 0.864 0.825 0.787 0.742 0.695 0.649 0.601 0.558 0.509 0.461 0.417 0.371 0.325 0.278 0.236 0.194 0.159 0.118 0.077 0.039 0.003 0.001 0.001 0.001 0.001 0.001 0.001 0.001 0.001 0.001 0.001 0.001 0.001 0.001 0.001 0.001 0.001 0.001 0.001 0.001 0.001 0.001 0.001 0.001 0.001 0.001 0.000 0.000 0.000 0.000 0.000 0.000 0.000 0.000 0.000 0.000 0.000 0.000
0.814 0.777 0.786 0.795 0.803 0.809 0.818 0.827 0.834 0.839 0.850 0.857 0.862 0.869 0.879 0.889 0.896 0.905 0.908 0.877 0.831 0.784 0.739 0.692 0.645 0.600 0.554 0.507 0.458 0.415 0.369 0.322 0.274 0.233 0.195 0.155 0.115 0.074 0.037 0.002 0.001 0.001 0.001 0.001 0.001 0.001 0.001 0.001 0.001 0.001 0.001 0.001 0.001 0.001 0.001 0.001 0.001 0.001 0.001 0.001 0.001 0.001 0.001 0.001 0.001 0.001 0.001 0.001 0.001 0.001 0.001 0.001 0.000 0.000 0.000 0.000 0.000
0.824 0.815 0.826 0.830 0.835 0.848 0.855 0.860 0.868 0.875 0.883 0.893 0.901 0.908 0.916 0.924 0.927 0.928 0.923 0.876 0.827 0.781 0.734 0.689 0.642 0.597 0.550 0.504 0.457 0.409 0.364 0.318 0.272 0.232 0.192 0.152 0.111 0.070 0.032 0.002 0.001 0.001 0.001 0.001 0.001 0.001 0.001 0.001 0.001 0.001 0.001 0.001 0.001 0.001 0.001 0.001 0.001 0.001 0.001 0.001 0.001 0.001 0.001 0.001 0.001 0.001 0.001 0.001 0.001 0.001 0.001 0.001 0.001 0.001 0.001 0.001 0.001
0.844 0.852 0.860 0.867 0.875 0.881 0.889 0.896 0.903 0.911 0.922 0.928 0.928 0.928 0.926 0.927 0.926 0.927 0.924 0.877 0.826 0.780 0.732 0.687 0.639 0.593 0.547 0.500 0.451 0.407 0.361 0.315 0.270 0.229 0.189 0.149 0.109 0.067 0.027 0.001 0.001 0.001 0.001 0.001 0.001 0.001 0.001 0.001 0.001 0.001 0.001 0.001 0.001 0.001 0.001 0.001 0.001 0.001 0.001 0.001 0.001 0.001 0.001 0.001 0.001 0.001 0.001 0.001 0.001 0.001 0.001 0.001 0.001 0.001 0.001 0.001 0.001
0.881 0.890 0.896 0.903 0.910 0.919 0.926 0.929 0.928 0.928 0.930 0.930 0.929 0.929 0.927 0.929 0.929 0.927 0.927 0.876 0.831 0.783 0.736 0.688 0.640 0.594 0.544 0.499 0.451 0.403 0.359 0.311 0.265 0.226 0.189 0.148 0.105 0.066 0.022 0.001 0.001 0.001 0.001 0.001 0.001 0.001 0.001 0.001 0.001 0.001 0.001 0.001 0.001 0.001 0.001 0.001 0.001 0.001 0.001 0.001 0.001 0.001 0.001 0.001 0.001 0.001 0.001 0.001 0.001 0.001 0.001 0.001 0.001 0.001 0.001 0.001 0.001
0.918 0.925 0.932 0.935 0.933 0.932 0.930 0.931 0.930 0.929 0.930 0.931 0.929 0.929 0.927 0.928 0.928 0.928 0.927 0.878 0.834 0.787 0.738 0.689 0.642 0.594 0.547 0.500 0.451 0.403 0.354 0.309 0.265 0.224 0.185 0.148 0.113 0.078 0.042 0.005 0.001 0.001 0.001 0.001 0.001 0.001 0.001 0.001 0.001 0.001 0.001 0.001 0.001 0.001 0.001 0.001 0.001 0.001 0.001 0.001 0.001 0.001 0.001 0.001 0.001 0.001 0.001 0.001 0.001 0.001 0.001 0.001 0.001 0.001 0.001 0.001 0.001
0.936 0.936 0.936 0.936 0.935 0.933 0.932 0.930 0.930 0.932 0.931 0.930 0.928 0.927 0.929 0.929 0.928 0.928 0.929 0.883 0.835 0.785 0.738 0.692 0.644 0.597 0.546 0.502 0.452 0.404 0.356 0.395 0.309 0.241 0.209 0.175 0.141 0.105 0.068 0.031 0.003 0.001 0.001 0.001 0.001 0.001 0.001 0.001 0.001 0.001 0.001 0.001 0.001 0.001 0.001 0.001 0.001 0.001 0.001 0.001 0.001 0.001 0.001 0.001 0.001 0.001 0.001 0.001 0.001 0.001 0.001 0.001 0.001 0.001 0.001 0.001 0.001
1.076 1.166 1.122 0.998 0.934 0.934 0.932 0.932 0.931 0.932 0.931 0.931 0.929 0.929 0.929 0.927 0.928 0.929 0.930 0.886 0.836 0.791 0.742 0.694 0.646 0.597 0.551 0.502 0.550 0.638 0.727 0.590 0.434 0.276 0.233 0.202 0.166 0.132 0.095 0.058 0.023 0.001 0.001 0.001 0.001 0.001 0.001 0.001 0.001 0.001 0.001 0.001 0.001 0.001 0.001 0.001 0.001 0.001 0.001 0.001 0.001 0.001 0.001 0.001 0.001 0.001 0.001 0.001 0.001 0.001 0.001 0.001 0.001 0.001 0.001 0.001 0.001
1.057 1.149 1.239 1.330 1.420 1.365 1.241 1.117 0.994 0.933 0.932 0.930 0.930 0.928 0.928 0.927 0.929 0.930 0.929 0.887 0.840 0.792 0.738 0.694 0.646 0.709 0.794 0.887 0.971 1.038 0.875 0.718 0.558 0.401 0.260 0.226 0.194 0.159 0.123 0.087 0.047 0.016 0.001 0.001 0.001 0.001 0.001 0.001 0.001 0.001 0.001 0.001 0.001 0.001 0.001 0.001 0.001 0.001 0.001 0.001 0.001 0.001 0.001 0.001 0.001 0.001 0.001 0.001 0.001 0.001 0.001 0.001 0.001 0.001 0.001 0.001 0.001
1.039 1.128 1.220 1.310 1.400 1.488 1.579 1.670 1.613 1.488 1.364 1.239 1.114 0.990 0.929 0.929 0.930 0.929 0.928 0.889 0.841 0.792 0.855 0.950 1.040 1.131 1.218 1.306 1.322 1.165 1.002 0.844 0.683 0.528 0.368 0.250 0.216 0.182 0.149 0.114 0.081 0.042 0.006 0.001 0.001 0.001 0.001 0.001 0.001 0.001 0.001 0.001 0.001 0.001 0.001 0.001 0.001 0.001 0.001 0.001 0.001 0.001 0.001 0.001 0.001 0.001 0.001 0.001 0.001 0.001 0.001 0.001 0.001 0.001 0.001 0.001 0.001
1.018 1.109 0.000 0.000 0.000 0.000 0.000 0.000 1.740 1.832 1.922 1.857 1.732 1.608 1.484 1.361 1.237 1.113 0.990 1.025 1.113 1.201 1.283 1.374 1.459 1.548 1.638 1.607 1.448 1.288 1.129 0.973 0.813 0.654 0.492 0.335 0.246 0.212 0.174 0.141 0.107 0.074 0.034 0.005 0.001 0.001 0.001 0.001 0.001 0.001 0.001 0.001 0.001 0.001 0.001 0.001 0.001 0.001 0.001 0.001 0.001 0.001 0.001 0.001 0.001 0.001 0.001 0.001 0.001 0.001 0.001 0.001 0.001 0.001 0.001 0.001 0.001
