数据/2hours/0.1-2h-200y/coupled-239-0001.wd
ncols         694
nrows         824
xllcorner     581104.939801
yllcorner     3495917.092414
cellsize      2.000000
NODATA_value  -9999.000000
[rows 680 to 713 of 824, columns 154 to 230 of 694]
0.001 0.001 0.001 0.001 0.001 0.001 0.001 0.001 0.001 0.001 0.001 0.001 0.001 0.000 0.000 0.000 0.001 0.001 0.001 0.001 0.001 0.002 0.001 0.001 0.002 0.002 0.000 0.002 0.002 0.000 0.000 0.000 0.000 0.000 0.000 0.000 0.000 0.000 0.000 0.001 0.001 0.001 0.001 0.001 0.001 0.002 0.001 0.001 0.001 0.005 0.005 0.015 0.001 0.001 0.001 0.001 0.001 0.001 0.001 0.001 0.001 0.001 0.001 0.001 0.001 0.001 0.001 0.000 0.000 0.000 0.000 0.000 0.000 0.000 0.000 0.000 0.000
0.001 0.001 0.001 0.001 0.001 0.001 0.001 0.001 0.001 0.001 0.001 0.001 0.001 0.001 0.001 0.000 0.001 0.001 0.001 0.001 0.001 0.012 0.029 0.000 0.042 0.018 0.001 0.001 0.000 0.000 0.000 0.000 0.000 0.000 0.000 0.000 0.000 0.000 0.001 0.001 0.001 0.001 0.001 0.001 0.001 0.001 0.001 0.001 0.001 0.001 0.001 0.005 0.007 0.006 0.001 0.001 0.001 0.001 0.001 0.001 0.001 0.001 0.001 0.001 0.001 0.001 0.001 0.001 0.000 0.000 0.000 0.000 0.000 0.000 0.000 0.000 0.000
0.001 0.001 0.001 0.001 0.001 0.001 0.001 0.001 0.001 0.001 0.001 0.001 0.001 0.001 0.001 0.001 0.001 0.001 0.001 0.001 0.002 0.036 0.000 0.000 0.000 0.000 0.025 0.001 0.000 0.000 0.000 0.000 0.000 0.000 0.000 0.000 0.000 0.001 0.001 0.001 0.001 0.001 0.001 0.001 0.001 0.001 0.001 0.001 0.001 0.001 0.001 0.001 0.001 0.006 0.016 0.002 0.001 0.001 0.001 0.001 0.001 0.001 0.001 0.001 0.001 0.001 0.001 0.001 0.001 0.001 0.000 0.000 0.000 0.000 0.000 0.000 0.000
0.001 0.001 0.001 0.001 0.001 0.001 0.001 0.001 0.001 0.001 0.001 0.001 0.001 0.001 0.001 0.001 0.001 0.001 0.001 0.001 0.002 0.000 0.000 0.000 0.000 0.000 0.000 0.026 0.002 0.001 0.000 0.000 0.000 0.000 0.000 0.000 0.000 0.001 0.001 0.001 0.001 0.001 0.001 0.001 0.001 0.000 0.001 0.001 0.001 0.001 0.001 0.001 0.001 0.001 0.006 0.006 0.016 0.001 0.001 0.001 0.001 0.001 0.001 0.001 0.001 0.001 0.001 0.001 0.001 0.001 0.001 0.001 0.000 0.000 0.000 0.000 0.000
0.001 0.001 0.001 0.001 0.001 0.001 0.001 0.001 0.001 0.001 0.001 0.001 0.001 0.001 0.001 0.001 0.001 0.001 0.001 0.001 0.002 0.000 0.000 0.000 0.000 0.000 0.000 0.000 0.049 0.027 0.002 0.000 0.000 0.000 0.000 0.000 0.001 0.001 0.001 0.001 0.001 0.001 0.001 0.001 0.000 0.000 0.000 0.000 0.001 0.001 0.001 0.001 0.001 0.001 0.001 0.001 0.006 0.007 0.017 0.001 0.001 0.001 0.001 0.001 0.001 0.001 0.001 0.001 0.001 0.001 0.001 0.000 0.001 0.001 0.000 0.000 0.000
0.001 0.001 0.001 0.001 0.001 0.001 0.001 0.001 0.001 0.001 0.001 0.001 0.001 0.001 0.001 0.001 0.001 0.001 0.001 0.001 0.001 0.001 0.000 0.000 0.000 0.000 0.000 0.000 0.000 0.000 0.049 0.027 0.002 0.000 0.000 0.001 0.001 0.001 0.001 0.001 0.001 0.001 0.001 0.001 0.000 0.002 0.003 0.004 0.000 0.000 0.001 0.001 0.001 0.001 0.001 0.001 0.001 0.001 0.006 0.009 0.007 0.001 0.001 0.001 0.001 0.001 0.001 0.001 0.001 0.001 0.001 0.001 0.001 0.001 0.001 0.001 0.001
0.001 0.001 0.001 0.001 0.001 0.001 0.001 0.001 0.001 0.001 0.001 0.001 0.001 0.001 0.001 0.001 0.001 0.001 0.001 0.001 0.001 0.002 0.000 0.000 0.000 0.000 0.000 0.000 0.000 0.000 0.000 0.000 0.027 0.002 0.000 0.001 0.001 0.001 0.001 0.001 0.001 0.001 0.001 0.000 0.000 0.001 0.001 0.001 0.001 0.014 0.000 0.000 0.001 0.001 0.001 0.001 0.001 0.001 0.001 0.001 0.007 0.017 0.001 0.001 0.001 0.001 0.001 0.000 0.001 0.000 0.001 0.001 0.001 0.001 0.001 0.001 0.001
0.001 0.001 0.001 0.001 0.001 0.001 0.001 0.001 0.001 0.001 0.001 0.001 0.001 0.001 0.001 0.001 0.001 0.001 0.001 0.001 0.001 0.001 0.001 0.001 0.000 0.000 0.000 0.000 0.000 0.000 0.000 0.000 0.000 0.027 0.002 0.001 0.001 0.001 0.001 0.001 0.001 0.001 0.000 0.000 0.001 0.001 0.001 0.001 0.001 0.008 0.000 0.000 0.000 0.000 0.001 0.001 0.001 0.001 0.001 0.001 0.001 0.006 0.007 0.016 0.001 0.001 0.001 0.001 0.001 0.001 0.001 0.001 0.001 0.001 0.001 0.001 0.001
0.001 0.001 0.001 0.001 0.001 0.001 0.001 0.001 0.001 0.001 0.001 0.001 0.001 0.001 0.001 0.001 0.001 0.001 0.025 0.000 0.000 0.001 0.001 0.001 0.002 0.000 0.000 0.000 0.000 0.000 0.000 0.000 0.000 0.000 0.001 0.001 0.001 0.001 0.001 0.001 0.001 0.001 0.000 0.001 0.001 0.001 0.001 0.001 0.001 0.001 0.008 0.000 0.000 0.007 0.000 0.000 0.001 0.001 0.001 0.001 0.001 0.001 0.001 0.006 0.007 0.017 0.001 0.001 0.001 0.001 0.001 0.001 0.001 0.001 0.001 0.001 0.001
0.001 0.001 0.001 0.001 0.001 0.001 0.001 0.001 0.001 0.001 0.001 0.001 0.001 0.001 0.001 0.001 0.001 0.025 0.000 0.000 0.000 0.000 0.001 0.002 0.015 0.046 0.000 0.108 0.000 0.000 0.000 0.000 0.000 0.006 0.002 0.001 0.001 0.001 0.001 0.001 0.001 0.000 0.000 0.001 0.001 0.001 0.001 0.001 0.001 0.001 0.001 0.001 0.001 0.001 0.001 0.008 0.000 0.000 0.001 0.001 0.001 0.001 0.001 0.001 0.002 0.007 0.009 0.008 0.001 0.001 0.001 0.001 0.001 0.001 0.001 0.001 0.001
0.003 0.001 0.001 0.001 0.001 0.001 0.001 0.001 0.001 0.001 0.001 0.001 0.001 0.001 0.001 0.001 0.001 0.000 0.000 0.000 0.000 0.000 0.000 0.000 0.039 0.069 0.101 0.131 0.000 0.000 0.000 0.000 0.090 0.068 0.016 0.001 0.001 0.001 0.001 0.001 0.001 0.003 0.005 0.000 0.000 0.001 0.001 0.001 0.001 0.001 0.001 0.001 0.001 0.001 0.001 0.001 0.001 0.002 0.001 0.001 0.001 0.001 0.001 0.001 0.001 0.001 0.002 0.009 0.027 0.004 0.001 0.001 0.001 0.001 0.001 0.001 0.001
0.003 0.005 0.001 0.001 0.001 0.001 0.001 0.001 0.001 0.001 0.001 0.001 0.001 0.001 0.001 0.001 0.001 0.000 0.000 0.000 0.000 0.000 0.000 0.000 0.000 0.093 0.123 0.153 0.185 0.000 0.000 0.000 0.154 0.114 0.046 0.001 0.000 0.033 0.001 0.001 0.001 0.001 0.003 0.004 0.005 0.000 0.000 0.001 0.001 0.001 0.001 0.001 0.001 0.001 0.001 0.001 0.001 0.002 0.000 0.000 0.000 0.001 0.001 0.001 0.001 0.001 0.001 0.002 0.021 0.049 0.079 0.061 0.037 0.009 0.003 0.003 0.003
0.027 0.041 0.030 0.001 0.001 0.001 0.001 0.001 0.001 0.001 0.001 0.001 0.001 0.001 0.001 0.001 0.001 0.000 0.000 0.000 0.000 0.000 0.000 0.000 0.000 0.000 0.000 0.178 0.209 0.239 0.263 0.239 0.212 0.144 0.076 0.000 0.000 0.000 0.033 0.001 0.001 0.001 0.001 0.002 0.003 0.004 0.005 0.000 0.001 0.001 0.001 0.001 0.001 0.001 0.001 0.001 0.002 0.000 0.000 0.000 0.000 0.000 0.001 0.001 0.001 0.001 0.001 0.001 0.015 0.050 0.085 0.038 0.001 0.001 0.001 0.001 0.001
0.051 0.063 0.078 0.054 0.026 0.001 0.001 0.001 0.001 0.001 0.001 0.001 0.001 0.001 0.001 0.001 0.001 0.001 0.001 0.000 0.000 0.000 0.000 0.000 0.000 0.000 0.000 0.000 0.230 0.262 0.294 0.302 0.241 0.173 0.107 0.000 0.000 0.000 0.000 0.033 0.001 0.001 0.001 0.001 0.001 0.002 0.003 0.002 0.001 0.001 0.001 0.001 0.001 0.001 0.001 0.001 0.001 0.000 0.000 0.000 0.000 0.000 0.001 0.001 0.001 0.001 0.001 0.001 0.026 0.062 0.084 0.025 0.001 0.001 0.001 0.001 0.001
0.076 0.088 0.102 0.108 0.079 0.050 0.021 0.001 0.001 0.001 0.001 0.001 0.001 0.001 0.000 0.001 0.001 0.001 0.001 0.001 0.000 0.000 0.000 0.000 0.000 0.000 0.000 0.000 0.000 0.267 0.299 0.317 0.267 0.198 0.000 0.000 0.000 0.000 0.000 0.057 0.001 0.001 0.001 0.001 0.001 0.001 0.001 0.001 0.001 0.001 0.001 0.001 0.001 0.001 0.001 0.001 0.000 0.000 0.000 0.000 0.000 0.000 0.001 0.001 0.001 0.001 0.001 0.002 0.037 0.073 0.064 0.006 0.001 0.001 0.001 0.001 0.001
0.100 0.114 0.126 0.139 0.133 0.104 0.075 0.047 0.017 0.001 0.001 0.001 0.001 0.000 0.000 0.000 0.000 0.001 0.001 0.001 0.001 0.000 0.000 0.000 0.000 0.000 0.000 0.000 0.234 0.269 0.294 0.298 0.291 0.000 0.000 0.000 0.000 0.000 0.148 0.081 0.012 0.001 0.001 0.001 0.001 0.001 0.001 0.001 0.001 0.001 0.001 0.001 0.001 0.001 0.001 0.001 0.000 0.000 0.000 0.000 0.000 0.000 0.001 0.001 0.001 0.001 0.001 0.012 0.049 0.085 0.045 0.001 0.001 0.001 0.001 0.001 0.001
0.125 0.137 0.151 0.164 0.177 0.159 0.129 0.099 0.071 0.041 0.001 0.001 0.000 0.000 0.000 0.000 0.000 0.000 0.000 0.001 0.001 0.001 0.031 0.000 0.000 0.000 0.000 0.000 0.235 0.271 0.277 0.280 0.279 0.000 0.000 0.000 0.000 0.000 0.000 0.104 0.037 0.001 0.001 0.001 0.001 0.001 0.001 0.001 0.001 0.001 0.001 0.001 0.001 0.001 0.001 0.001 0.000 0.000 0.000 0.000 0.000 0.000 0.001 0.001 0.001 0.001 0.001 0.024 0.060 0.084 0.026 0.001 0.001 0.001 0.001 0.001 0.001
0.149 0.162 0.175 0.188 0.202 0.212 0.183 0.153 0.124 0.091 0.038 0.001 0.000 0.000 0.000 0.000 0.000 0.000 0.000 0.001 0.001 0.001 0.033 0.068 0.000 0.000 0.000 0.205 0.237 0.256 0.257 0.258 0.000 0.000 0.000 0.000 0.000 0.000 0.000 0.000 0.000 0.022 0.008 0.001 0.001 0.001 0.001 0.001 0.001 0.001 0.001 0.001 0.001 0.001 0.001 0.001 0.000 0.000 0.000 0.000 0.000 0.000 0.001 0.001 0.001 0.001 0.001 0.035 0.071 0.064 0.005 0.001 0.001 0.001 0.001 0.001 0.001
0.178 0.189 0.199 0.212 0.226 0.239 0.236 0.207 0.179 0.135 0.081 0.000 0.000 0.000 0.000 0.000 0.000 0.000 0.000 0.000 0.000 0.000 0.035 0.070 0.103 0.138 0.172 0.207 0.234 0.236 0.238 0.000 0.000 0.000 0.000 0.000 0.000 0.000 0.000 0.000 0.000 0.041 0.027 0.013 0.001 0.001 0.001 0.001 0.001 0.001 0.001 0.001 0.001 0.001 0.001 0.014 0.000 0.000 0.000 0.000 0.000 0.000 0.001 0.001 0.001 0.001 0.010 0.047 0.082 0.045 0.001 0.001 0.001 0.001 0.001 0.001 0.001
0.208 0.218 0.229 0.240 0.250 0.263 0.277 0.261 0.231 0.179 0.000 0.000 0.000 0.000 0.000 0.000 0.000 0.000 0.000 0.000 0.000 0.000 0.038 0.071 0.105 0.140 0.173 0.208 0.215 0.214 0.217 0.000 0.000 0.000 0.000 0.000 0.000 0.000 0.000 0.000 0.000 0.060 0.000 0.033 0.018 0.004 0.001 0.001 0.001 0.001 0.001 0.001 0.001 0.001 0.001 0.025 0.000 0.000 0.000 0.000 0.000 0.001 0.001 0.001 0.001 0.001 0.022 0.057 0.084 0.025 0.001 0.001 0.001 0.001 0.001 0.001 0.001
0.238 0.247 0.259 0.269 0.279 0.290 0.301 0.313 0.276 0.221 0.165 0.111 0.000 0.000 0.000 0.000 0.000 0.000 0.000 0.000 0.000 0.000 0.000 0.000 0.107 0.142 0.176 0.193 0.195 0.198 0.000 0.000 0.000 0.000 0.207 0.000 0.000 0.000 0.000 0.000 0.000 0.000 0.000 0.000 0.000 0.024 0.010 0.001 0.001 0.001 0.001 0.001 0.001 0.001 0.002 0.036 0.000 0.000 0.000 0.000 0.000 0.001 0.001 0.001 0.001 0.001 0.033 0.068 0.064 0.005 0.001 0.001 0.001 0.001 0.001 0.001 0.000
0.267 0.277 0.288 0.299 0.309 0.319 0.330 0.340 0.316 0.263 0.208 0.153 0.099 0.000 0.000 0.000 0.000 0.000 0.000 0.000 0.000 0.000 0.000 0.000 0.000 0.143 0.172 0.174 0.174 0.000 0.000 0.000 0.000 0.185 0.187 0.189 0.163 0.000 0.000 0.000 0.000 0.000 0.000 0.000 0.000 0.000 0.029 0.016 0.001 0.001 0.001 0.001 0.013 0.000 0.000 0.048 0.000 0.000 0.000 0.000 0.000 0.001 0.001 0.001 0.001 0.009 0.045 0.080 0.045 0.001 0.001 0.001 0.001 0.001 0.000 0.000 0.000
0.000 0.307 0.317 0.328 0.339 0.349 0.360 0.346 0.319 0.292 0.251 0.195 0.139 0.087 0.031 0.000 0.000 0.000 0.000 0.000 0.000 0.000 0.000 0.000 0.000 0.145 0.152 0.154 0.155 0.000 0.000 0.000 0.000 0.165 0.165 0.169 0.169 0.119 0.000 0.000 0.000 0.000 0.000 0.000 0.000 0.000 0.000 0.000 0.001 0.001 0.001 0.001 0.000 0.000 0.000 0.000 0.000 0.000 0.000 0.000 0.000 0.001 0.001 0.001 0.001 0.020 0.056 0.084 0.026 0.001 0.001 0.001 0.001 0.000 0.000 0.000 0.000
0.000 0.000 0.346 0.357 0.368 0.378 0.370 0.349 0.322 0.294 0.267 0.239 0.183 0.128 0.074 0.018 0.000 0.000 0.000 0.000 0.000 0.000 0.000 0.000 0.112 0.131 0.133 0.135 0.000 0.000 0.000 0.000 0.144 0.145 0.147 0.149 0.151 0.142 0.075 0.008 0.000 0.000 0.000 0.000 0.000 0.000 0.000 0.000 0.000 0.001 0.001 0.001 0.000 0.000 0.000 0.000 0.000 0.000 0.000 0.000 0.001 0.001 0.001 0.001 0.001 0.031 0.066 0.064 0.005 0.001 0.001 0.001 0.000 0.000 0.000 0.000 0.000
0.000 0.000 0.000 0.386 0.397 0.390 0.380 0.352 0.325 0.297 0.270 0.242 0.214 0.171 0.116 0.060 0.006 0.000 0.000 0.000 0.000 0.000 0.000 0.080 0.110 0.112 0.113 0.000 0.000 0.000 0.000 0.122 0.123 0.125 0.128 0.128 0.131 0.132 0.099 0.032 0.001 0.000 0.000 0.000 0.000 0.000 0.000 0.000 0.000 0.001 0.001 0.001 0.000 0.000 0.000 0.000 0.000 0.000 0.000 0.000 0.001 0.001 0.001 0.001 0.007 0.042 0.077 0.044 0.001 0.001 0.001 0.001 0.000 0.000 0.000 0.000 0.000
0.000 0.000 0.000 0.000 0.410 0.401 0.384 0.355 0.328 0.301 0.272 0.245 0.217 0.189 0.159 0.104 0.048 0.001 0.001 0.000 0.000 0.000 0.000 0.082 0.090 0.092 0.000 0.000 0.000 0.000 0.000 0.103 0.105 0.105 0.107 0.108 0.111 0.113 0.113 0.056 0.001 0.001 0.000 0.000 0.000 0.000 0.000 0.000 0.001 0.001 0.001 0.001 0.000 0.000 0.000 0.000 0.000 0.000 0.000 0.000 0.001 0.001 0.001 0.001 0.017 0.053 0.084 0.024 0.001 0.001 0.001 0.001 0.000 0.000 0.000 0.000 0.000
0.000 0.000 0.000 0.000 0.000 0.410 0.385 0.358 0.330 0.303 0.276 0.247 0.220 0.192 0.164 0.137 0.091 0.037 0.001 0.001 0.000 0.000 0.050 0.069 0.071 0.072 0.000 0.000 0.000 0.000 0.000 0.085 0.085 0.087 0.089 0.090 0.091 0.092 0.095 0.079 0.011 0.001 0.001 0.001 0.000 0.000 0.000 0.001 0.001 0.001 0.001 0.001 0.001 0.000 0.000 0.000 0.000 0.000 0.000 0.000 0.001 0.001 0.001 0.001 0.028 0.064 0.062 0.005 0.001 0.001 0.001 0.000 0.000 0.000 0.000 0.000 0.000
0.000 0.000 0.000 0.000 0.000 0.000 0.000 0.360 0.333 0.306 0.279 0.251 0.223 0.195 0.167 0.140 0.112 0.079 0.024 0.001 0.001 0.019 0.048 0.050 0.051 0.000 0.000 0.000 0.000 0.000 0.000 0.000 0.064 0.065 0.068 0.071 0.072 0.072 0.075 0.075 0.035 0.001 0.001 0.001 0.001 0.000 0.001 0.001 0.001 0.001 0.001 0.001 0.001 0.000 0.000 0.000 0.000 0.000 0.000 0.001 0.001 0.001 0.001 0.003 0.038 0.075 0.042 0.001 0.001 0.001 0.001 0.000 0.000 0.000 0.000 0.000 0.000
0.000 0.000 0.000 0.000 0.000 0.000 0.000 0.000 0.336 0.308 0.282 0.254 0.226 0.198 0.170 0.143 0.115 0.087 0.060 0.011 0.001 0.021 0.028 0.030 0.000 0.000 0.000 0.000 0.000 0.000 0.000 0.000 0.000 0.000 0.048 0.050 0.051 0.052 0.054 0.055 0.057 0.001 0.001 0.001 0.001 0.001 0.001 0.001 0.001 0.001 0.001 0.001 0.014 0.000 0.000 0.000 0.000 0.000 0.000 0.001 0.001 0.001 0.001 0.013 0.049 0.081 0.023 0.001 0.001 0.001 0.001 0.000 0.000 0.000 0.000 0.000 0.000
0.000 0.000 0.000 0.000 0.000 0.000 0.000 0.000 0.000 0.311 0.284 0.258 0.000 0.000 0.174 0.146 0.118 0.090 0.062 0.034 0.001 0.006 0.008 0.009 0.010 0.012 0.000 0.000 0.000 0.000 0.000 0.000 0.000 0.000 0.029 0.030 0.031 0.034 0.036 0.037 0.037 0.015 0.001 0.001 0.001 0.001 0.001 0.001 0.001 0.001 0.001 0.001 0.000 0.000 0.000 0.000 0.000 0.000 0.000 0.001 0.001 0.001 0.001 0.029 0.062 0.062 0.004 0.001 0.001 0.001 0.001 0.000 0.000 0.000 0.000 0.000 0.000
0.000 0.000 0.000 0.000 0.000 0.000 0.000 0.000 0.000 0.000 0.001 0.001 0.003 0.003 0.001 0.000 0.121 0.093 0.065 0.037 0.012 0.007 0.004 0.003 0.001 0.001 0.001 0.000 0.000 0.000 0.000 0.000 0.000 0.000 0.010 0.000 0.013 0.014 0.016 0.017 0.018 0.020 0.001 0.001 0.001 0.001 0.001 0.001 0.001 0.001 0.001 0.001 0.000 0.000 0.000 0.000 0.000 0.000 0.000 0.001 0.001 0.001 0.002 0.036 0.072 0.043 0.001 0.001 0.001 0.001 0.000 0.000 0.000 0.000 0.000 0.000 0.000
0.000 0.000 0.000 0.000 0.000 0.000 0.000 0.000 0.000 0.002 0.003 0.003 0.004 0.004 0.003 0.003 0.001 0.097 0.068 0.037 0.020 0.013 0.009 0.005 0.003 0.001 0.001 0.001 0.000 0.000 0.000 0.000 0.000 0.000 0.000 0.000 0.000 0.000 0.006 0.003 0.002 0.001 0.001 0.001 0.001 0.001 0.001 0.001 0.001 0.001 0.014 0.027 0.000 0.000 0.000 0.000 0.000 0.000 0.001 0.001 0.001 0.001 0.012 0.047 0.080 0.024 0.001 0.001 0.001 0.001 0.000 0.000 0.000 0.000 0.000 0.000 0.000
0.000 0.000 0.000 0.000 0.000 0.000 0.000 0.000 0.002 0.003 0.004 0.004 0.004 0.004 0.004 0.004 0.003 0.000 0.000 0.045 0.031 0.024 0.017 0.015 0.009 0.004 0.001 0.001 0.001 0.001 0.000 0.000 0.000 0.000 0.000 0.000 0.000 0.000 0.000 0.009 0.007 0.002 0.001 0.001 0.001 0.001 0.001 0.001 0.001 0.012 0.000 0.000 0.000 0.000 0.000 0.000 0.000 0.000 0.001 0.001 0.010 0.020 0.034 0.054 0.057 0.003 0.001 0.001 0.001 0.001 0.000 0.000 0.000 0.000 0.000 0.000 0.000
0.000 0.000 0.000 0.000 0.000 0.000 0.000 0.002 0.003 0.004 0.004 0.004 0.004 0.004 0.004 0.004 0.004 0.003 0.003 0.001 0.043 0.039 0.029 0.021 0.014 0.008 0.004 0.001 0.001 0.001 0.001 0.000 0.000 0.000 0.000 0.000 0.000 0.000 0.000 0.000 0.000 0.002 0.001 0.001 0.001 0.001 0.001 0.001 0.001 0.000 0.000 0.000 0.000 0.000 0.000 0.000 0.000 0.000 0.039 0.053 0.064 0.075 0.085 0.084 0.040 0.001 0.001 0.001 0.001 0.001 0.000 0.000 0.000 0.000 0.000 0.000 0.000
