数据/2hours/0.1-2h-200y/coupled-117-0001.wd
ncols         694
nrows         824
xllcorner     581104.939801
yllcorner     3495917.092414
cellsize      2.000000
NODATA_value  -9999.000000
[rows 408 to 441 of 824, columns 385 to 461 of 694]
0.000 0.000 0.000 0.000 0.000 0.000 0.000 0.000 0.000 0.000 0.000 0.000 0.000 0.000 0.000 0.000 0.000 0.000 0.000 0.000 0.000 0.000 0.000 0.000 0.000 0.000 0.000 0.000 0.000 0.000 0.000 0.000 0.131 0.135 0.146 0.148 0.159 0.159 0.174 0.151 0.152 0.149 0.154 0.000 0.000 0.000 0.000 0.000 0.000 0.000 0.043 0.043 0.044 0.043 0.044 0.041 0.036 0.031 0.026 0.020 0.015 0.010 0.004 0.000 0.000 0.000 0.000 0.000 0.000 0.000 0.000 0.000 0.000 0.000 0.000 0.000 0.000
0.000 0.000 0.000 0.000 0.000 0.000 0.000 0.000 0.000 0.000 0.000 0.000 0.000 0.000 0.000 0.000 0.000 0.000 0.000 0.000 0.000 0.000 0.000 0.000 0.000 0.000 0.000 0.000 0.000 0.000 0.000 0.133 0.143 0.143 0.150 0.158 0.165 0.165 0.160 0.158 0.160 0.158 0.157 0.000 0.000 0.000 0.000 0.000 0.000 0.043 0.043 0.044 0.043 0.043 0.043 0.043 0.043 0.039 0.034 0.029 0.024 0.018 0.012 0.007 0.000 0.000 0.000 0.000 0.000 0.000 0.000 0.000 0.000 0.000 0.000 0.000 0.000
0.000 0.000 0.000 0.000 0.000 0.000 0.000 0.000 0.000 0.000 0.000 0.000 0.000 0.000 0.000 0.000 0.000 0.000 0.000 0.000 0.000 0.000 0.000 0.000 0.000 0.000 0.000 0.000 0.000 0.000 0.000 0.135 0.143 0.143 0.157 0.156 0.164 0.165 0.160 0.163 0.167 0.166 0.166 0.000 0.000 0.000 0.000 0.000 0.000 0.044 0.043 0.044 0.044 0.044 0.043 0.043 0.043 0.042 0.041 0.036 0.031 0.026 0.020 0.014 0.009 0.003 0.000 0.000 0.000 0.000 0.000 0.000 0.000 0.000 0.000 0.000 0.000
0.000 0.000 0.000 0.000 0.000 0.000 0.000 0.000 0.000 0.000 0.000 0.000 0.000 0.000 0.000 0.000 0.000 0.000 0.000 0.000 0.000 0.000 0.000 0.000 0.000 0.000 0.000 0.000 0.000 0.000 0.000 0.127 0.135 0.146 0.153 0.155 0.159 0.161 0.165 0.158 0.168 0.167 0.170 0.000 0.000 0.000 0.000 0.000 0.000 0.044 0.044 0.044 0.044 0.043 0.044 0.043 0.043 0.043 0.042 0.041 0.038 0.034 0.028 0.023 0.017 0.011 0.006 0.000 0.000 0.000 0.000 0.000 0.000 0.000 0.000 0.000 0.000
0.000 0.000 0.000 0.000 0.000 0.000 0.000 0.000 0.000 0.000 0.000 0.000 0.000 0.000 0.000 0.000 0.000 0.000 0.000 0.000 0.000 0.000 0.000 0.000 0.000 0.000 0.000 0.000 0.000 0.000 0.000 0.127 0.143 0.151 0.159 0.171 0.170 0.162 0.164 0.164 0.161 0.160 0.000 0.000 0.000 0.000 0.000 0.000 0.000 0.046 0.045 0.045 0.044 0.044 0.043 0.043 0.043 0.042 0.042 0.041 0.040 0.041 0.036 0.030 0.025 0.018 0.013 0.007 0.001 0.000 0.000 0.000 0.000 0.000 0.000 0.000 0.000
0.000 0.000 0.000 0.000 0.000 0.000 0.000 0.000 0.000 0.000 0.000 0.000 0.000 0.000 0.000 0.000 0.000 0.000 0.000 0.000 0.000 0.000 0.000 0.000 0.000 0.000 0.000 0.000 0.000 0.000 0.124 0.135 0.146 0.159 0.172 0.177 0.175 0.168 0.161 0.170 0.165 0.156 0.000 0.000 0.000 0.000 0.000 0.000 0.050 0.048 0.047 0.046 0.046 0.045 0.044 0.044 0.043 0.042 0.042 0.041 0.041 0.039 0.040 0.038 0.032 0.027 0.020 0.014 0.009 0.003 0.000 0.000 0.000 0.000 0.000 0.000 0.000
0.000 0.000 0.000 0.000 0.000 0.000 0.000 0.000 0.000 0.000 0.000 0.000 0.000 0.000 0.000 0.000 0.000 0.000 0.000 0.000 0.000 0.000 0.000 0.000 0.000 0.000 0.000 0.000 0.000 0.000 0.124 0.132 0.153 0.162 0.174 0.172 0.164 0.157 0.167 0.173 0.171 0.165 0.000 0.000 0.000 0.000 0.000 0.000 0.052 0.051 0.050 0.049 0.048 0.046 0.046 0.045 0.043 0.043 0.042 0.041 0.041 0.039 0.039 0.039 0.038 0.034 0.028 0.022 0.016 0.010 0.005 0.000 0.000 0.000 0.000 0.000 0.000
0.000 0.000 0.000 0.000 0.000 0.000 0.000 0.000 0.000 0.000 0.000 0.000 0.000 0.000 0.000 0.000 0.000 0.000 0.000 0.000 0.000 0.000 0.000 0.000 0.000 0.000 0.000 0.000 0.000 0.000 0.127 0.139 0.153 0.161 0.170 0.173 0.159 0.167 0.166 0.174 0.167 0.000 0.000 0.000 0.000 0.000 0.000 0.000 0.054 0.054 0.052 0.051 0.050 0.049 0.048 0.047 0.044 0.043 0.042 0.041 0.040 0.039 0.038 0.038 0.038 0.037 0.035 0.029 0.023 0.017 0.012 0.007 0.000 0.000 0.000 0.000 0.000
0.000 0.000 0.000 0.000 0.000 0.000 0.000 0.000 0.000 0.000 0.000 0.000 0.000 0.000 0.000 0.000 0.000 0.000 0.000 0.000 0.000 0.000 0.000 0.000 0.000 0.000 0.000 0.000 0.000 0.000 0.134 0.152 0.160 0.166 0.159 0.171 0.171 0.171 0.170 0.152 0.161 0.000 0.000 0.000 0.000 0.000 0.000 0.057 0.056 0.055 0.054 0.052 0.051 0.050 0.050 0.049 0.047 0.045 0.043 0.042 0.040 0.039 0.038 0.037 0.037 0.037 0.036 0.034 0.030 0.024 0.018 0.013 0.008 0.001 0.000 0.000 0.000
0.000 0.000 0.000 0.000 0.000 0.000 0.000 0.000 0.000 0.000 0.000 0.000 0.000 0.000 0.000 0.000 0.000 0.000 0.000 0.000 0.000 0.000 0.000 0.000 0.000 0.000 0.000 0.000 0.101 0.116 0.121 0.147 0.160 0.154 0.162 0.158 0.178 0.166 0.154 0.156 0.159 0.000 0.000 0.000 0.000 0.000 0.000 0.058 0.057 0.056 0.055 0.054 0.052 0.051 0.050 0.050 0.050 0.047 0.044 0.042 0.040 0.039 0.038 0.037 0.037 0.036 0.035 0.034 0.031 0.030 0.025 0.020 0.014 0.008 0.001 0.000 0.000
0.000 0.000 0.000 0.000 0.000 0.000 0.000 0.000 0.000 0.000 0.000 0.000 0.000 0.000 0.000 0.000 0.000 0.000 0.000 0.000 0.000 0.000 0.000 0.000 0.000 0.000 0.000 0.000 0.126 0.134 0.139 0.135 0.148 0.150 0.167 0.169 0.172 0.162 0.151 0.159 0.144 0.000 0.000 0.000 0.000 0.000 0.000 0.057 0.057 0.056 0.055 0.054 0.053 0.052 0.052 0.050 0.050 0.049 0.046 0.043 0.041 0.039 0.038 0.037 0.036 0.035 0.035 0.033 0.031 0.029 0.028 0.026 0.021 0.015 0.009 0.003 0.000
0.000 0.000 0.000 0.000 0.000 0.000 0.000 0.000 0.000 0.000 0.000 0.000 0.000 0.000 0.000 0.000 0.000 0.000 0.000 0.000 0.000 0.000 0.000 0.000 0.000 0.000 0.000 0.000 0.122 0.124 0.145 0.147 0.151 0.158 0.161 0.179 0.176 0.174 0.160 0.161 0.150 0.000 0.000 0.000 0.000 0.000 0.000 0.058 0.058 0.057 0.057 0.055 0.054 0.052 0.052 0.051 0.050 0.050 0.048 0.044 0.042 0.039 0.037 0.036 0.036 0.035 0.034 0.033 0.031 0.029 0.027 0.026 0.025 0.022 0.016 0.010 0.004
0.000 0.000 0.000 0.000 0.000 0.000 0.000 0.000 0.000 0.000 0.000 0.000 0.000 0.000 0.000 0.000 0.000 0.000 0.000 0.000 0.000 0.000 0.000 0.000 0.000 0.000 0.000 0.000 0.131 0.132 0.126 0.153 0.154 0.173 0.173 0.180 0.177 0.172 0.168 0.158 0.164 0.000 0.000 0.000 0.000 0.000 0.059 0.059 0.059 0.058 0.058 0.057 0.055 0.053 0.052 0.051 0.051 0.050 0.049 0.046 0.042 0.040 0.037 0.036 0.035 0.034 0.034 0.032 0.030 0.028 0.027 0.025 0.024 0.023 0.021 0.016 0.010
0.000 0.000 0.000 0.000 0.000 0.000 0.000 0.000 0.000 0.000 0.000 0.000 0.000 0.000 0.000 0.000 0.000 0.000 0.000 0.000 0.000 0.000 0.000 0.000 0.000 0.000 0.000 0.000 0.129 0.131 0.144 0.164 0.175 0.179 0.176 0.178 0.175 0.177 0.175 0.169 0.162 0.000 0.000 0.000 0.000 0.000 0.058 0.059 0.060 0.060 0.059 0.059 0.057 0.054 0.052 0.052 0.051 0.050 0.050 0.047 0.044 0.040 0.037 0.036 0.035 0.034 0.033 0.032 0.030 0.028 0.025 0.024 0.023 0.022 0.020 0.018 0.016
0.000 0.000 0.000 0.000 0.000 0.000 0.000 0.000 0.000 0.000 0.000 0.000 0.000 0.000 0.000 0.000 0.000 0.000 0.000 0.000 0.000 0.000 0.000 0.000 0.000 0.000 0.000 0.132 0.127 0.146 0.145 0.162 0.161 0.174 0.164 0.168 0.167 0.175 0.179 0.171 0.179 0.000 0.000 0.000 0.000 0.000 0.058 0.059 0.064 0.063 0.061 0.059 0.058 0.055 0.053 0.052 0.052 0.050 0.050 0.048 0.045 0.041 0.037 0.035 0.034 0.033 0.032 0.031 0.029 0.027 0.025 0.023 0.022 0.021 0.019 0.017 0.015
0.000 0.000 0.000 0.000 0.000 0.000 0.000 0.000 0.000 0.000 0.000 0.000 0.000 0.000 0.000 0.000 0.000 0.000 0.000 0.000 0.000 0.000 0.000 0.000 0.000 0.000 0.000 0.137 0.131 0.139 0.150 0.148 0.163 0.169 0.173 0.166 0.173 0.174 0.177 0.168 0.155 0.165 0.159 0.000 0.000 0.000 0.000 0.000 0.076 0.070 0.065 0.061 0.059 0.056 0.053 0.052 0.051 0.051 0.050 0.048 0.045 0.041 0.038 0.035 0.033 0.032 0.031 0.030 0.028 0.026 0.024 0.022 0.021 0.020 0.018 0.016 0.014
0.000 0.000 0.000 0.000 0.000 0.000 0.000 0.000 0.000 0.000 0.000 0.000 0.000 0.000 0.000 0.000 0.000 0.000 0.000 0.000 0.000 0.000 0.000 0.000 0.000 0.000 0.000 0.132 0.138 0.157 0.135 0.134 0.155 0.168 0.173 0.169 0.167 0.165 0.169 0.165 0.160 0.145 0.149 0.140 0.135 0.132 0.000 0.100 0.089 0.080 0.070 0.064 0.061 0.057 0.054 0.052 0.051 0.051 0.050 0.048 0.045 0.041 0.037 0.035 0.033 0.031 0.031 0.029 0.027 0.025 0.023 0.021 0.020 0.018 0.016 0.014 0.012
0.000 0.000 0.000 0.000 0.000 0.000 0.000 0.000 0.000 0.000 0.000 0.000 0.000 0.000 0.000 0.000 0.000 0.000 0.000 0.000 0.000 0.000 0.000 0.000 0.000 0.000 0.000 0.128 0.137 0.137 0.137 0.153 0.175 0.161 0.176 0.169 0.178 0.165 0.170 0.153 0.156 0.149 0.144 0.132 0.126 0.125 0.118 0.107 0.096 0.085 0.074 0.066 0.061 0.058 0.055 0.052 0.051 0.050 0.049 0.048 0.044 0.041 0.037 0.034 0.032 0.031 0.029 0.028 0.026 0.024 0.022 0.020 0.018 0.016 0.014 0.012 0.009
0.000 0.000 0.000 0.000 0.000 0.000 0.000 0.000 0.000 0.000 0.000 0.000 0.000 0.000 0.000 0.000 0.000 0.000 0.000 0.000 0.000 0.000 0.000 0.000 0.000 0.000 0.000 0.139 0.145 0.153 0.155 0.161 0.160 0.184 0.169 0.172 0.178 0.174 0.164 0.163 0.000 0.152 0.145 0.137 0.128 0.121 0.116 0.106 0.097 0.089 0.076 0.068 0.064 0.059 0.055 0.052 0.051 0.050 0.049 0.047 0.044 0.040 0.036 0.034 0.031 0.030 0.029 0.027 0.025 0.022 0.020 0.018 0.016 0.014 0.011 0.008 0.007
0.000 0.000 0.000 0.000 0.000 0.000 0.000 0.000 0.000 0.000 0.000 0.000 0.000 0.000 0.000 0.000 0.000 0.000 0.000 0.000 0.000 0.000 0.000 0.000 0.000 0.000 0.000 0.151 0.159 0.152 0.167 0.161 0.173 0.172 0.185 0.186 0.195 0.183 0.171 0.000 0.000 0.000 0.000 0.000 0.127 0.125 0.115 0.102 0.098 0.087 0.076 0.068 0.063 0.060 0.056 0.052 0.051 0.049 0.048 0.046 0.043 0.039 0.035 0.033 0.031 0.029 0.027 0.026 0.023 0.020 0.018 0.015 0.013 0.010 0.009 0.008 0.007
0.000 0.000 0.000 0.000 0.000 0.000 0.000 0.000 0.000 0.000 0.000 0.000 0.000 0.000 0.000 0.000 0.000 0.000 0.000 0.000 0.000 0.000 0.000 0.000 0.000 0.000 0.159 0.170 0.162 0.170 0.168 0.168 0.172 0.181 0.193 0.193 0.202 0.208 0.000 0.000 0.000 0.000 0.000 0.000 0.000 0.000 0.102 0.098 0.093 0.082 0.072 0.067 0.064 0.060 0.056 0.052 0.051 0.049 0.048 0.046 0.041 0.037 0.034 0.032 0.029 0.027 0.026 0.024 0.021 0.018 0.015 0.011 0.010 0.009 0.009 0.008 0.008
0.000 0.000 0.000 0.000 0.000 0.000 0.000 0.000 0.000 0.000 0.000 0.000 0.000 0.000 0.000 0.000 0.000 0.000 0.000 0.000 0.000 0.000 0.000 0.000 0.000 0.000 0.149 0.143 0.166 0.168 0.182 0.172 0.193 0.189 0.190 0.190 0.204 0.213 0.000 0.000 0.000 0.000 0.000 0.000 0.000 0.000 0.095 0.092 0.084 0.075 0.069 0.066 0.063 0.060 0.056 0.053 0.052 0.049 0.047 0.045 0.040 0.036 0.033 0.030 0.028 0.026 0.024 0.021 0.018 0.014 0.011 0.011 0.010 0.009 0.009 0.008 0.008
0.000 0.000 0.000 0.000 0.000 0.000 0.000 0.000 0.000 0.000 0.000 0.000 0.000 0.000 0.000 0.000 0.000 0.000 0.000 0.000 0.000 0.000 0.000 0.000 0.000 0.000 0.144 0.157 0.168 0.169 0.180 0.183 0.181 0.169 0.192 0.190 0.190 0.000 0.000 0.000 0.000 0.000 0.077 0.077 0.078 0.079 0.085 0.081 0.076 0.070 0.067 0.066 0.062 0.060 0.057 0.054 0.051 0.049 0.047 0.044 0.038 0.034 0.031 0.028 0.026 0.023 0.021 0.017 0.013 0.012 0.011 0.011 0.010 0.009 0.009 0.008 0.010
0.000 0.000 0.000 0.000 0.000 0.000 0.000 0.000 0.000 0.000 0.000 0.000 0.000 0.000 0.000 0.000 0.000 0.000 0.000 0.000 0.000 0.000 0.000 0.000 0.000 0.000 0.153 0.172 0.180 0.178 0.185 0.194 0.193 0.191 0.187 0.203 0.189 0.000 0.000 0.000 0.000 0.000 0.000 0.078 0.078 0.077 0.079 0.075 0.072 0.068 0.068 0.064 0.062 0.060 0.057 0.055 0.052 0.048 0.046 0.042 0.036 0.031 0.028 0.025 0.022 0.020 0.016 0.015 0.013 0.012 0.011 0.011 0.010 0.009 0.009 0.009 0.013
0.000 0.000 0.000 0.000 0.000 0.000 0.000 0.000 0.000 0.000 0.000 0.000 0.000 0.000 0.000 0.000 0.000 0.000 0.000 0.000 0.000 0.000 0.000 0.000 0.000 0.000 0.173 0.174 0.187 0.188 0.203 0.204 0.204 0.196 0.211 0.200 0.186 0.000 0.000 0.000 0.000 0.000 0.000 0.000 0.000 0.000 0.076 0.075 0.070 0.068 0.065 0.062 0.061 0.058 0.056 0.056 0.052 0.048 0.045 0.039 0.033 0.028 0.025 0.022 0.017 0.017 0.016 0.015 0.013 0.012 0.011 0.011 0.010 0.010 0.009 0.011 0.014
0.000 0.000 0.000 0.000 0.000 0.000 0.000 0.000 0.000 0.000 0.000 0.000 0.000 0.000 0.000 0.000 0.000 0.000 0.000 0.000 0.000 0.000 0.000 0.000 0.000 0.189 0.177 0.185 0.183 0.190 0.203 0.219 0.218 0.207 0.204 0.209 0.000 0.000 0.000 0.000 0.000 0.000 0.000 0.000 0.000 0.000 0.000 0.000 0.069 0.067 0.065 0.062 0.059 0.056 0.056 0.055 0.050 0.047 0.042 0.034 0.029 0.024 0.020 0.018 0.018 0.018 0.017 0.015 0.013 0.012 0.011 0.011 0.010 0.010 0.011 0.015 0.014
0.258 0.000 0.000 0.000 0.000 0.227 0.215 0.208 0.207 0.209 0.000 0.000 0.000 0.000 0.000 0.000 0.000 0.000 0.000 0.000 0.000 0.000 0.000 0.000 0.000 0.168 0.149 0.171 0.161 0.187 0.188 0.216 0.207 0.228 0.208 0.232 0.000 0.000 0.000 0.000 0.000 0.000 0.000 0.000 0.000 0.000 0.000 0.000 0.000 0.000 0.000 0.059 0.058 0.060 0.058 0.053 0.048 0.044 0.037 0.029 0.023 0.020 0.019 0.018 0.018 0.018 0.017 0.015 0.013 0.012 0.011 0.011 0.011 0.011 0.014 0.018 0.014
0.267 0.274 0.274 0.263 0.256 0.243 0.230 0.220 0.213 0.211 0.199 0.184 0.172 0.164 0.146 0.128 0.132 0.000 0.145 0.000 0.000 0.000 0.000 0.000 0.000 0.151 0.141 0.151 0.153 0.178 0.188 0.200 0.192 0.197 0.209 0.227 0.000 0.000 0.000 0.000 0.000 0.000 0.000 0.000 0.000 0.000 0.000 0.000 0.000 0.000 0.000 0.000 0.000 0.000 0.055 0.053 0.045 0.038 0.029 0.023 0.021 0.020 0.019 0.018 0.019 0.019 0.017 0.014 0.013 0.012 0.012 0.012 0.013 0.015 0.020 0.019 0.015
0.301 0.283 0.281 0.278 0.266 0.252 0.238 0.226 0.219 0.214 0.206 0.197 0.184 0.174 0.159 0.141 0.144 0.156 0.152 0.154 0.156 0.000 0.000 0.000 0.000 0.147 0.163 0.161 0.174 0.179 0.196 0.195 0.197 0.182 0.201 0.218 0.000 0.000 0.000 0.000 0.000 0.000 0.000 0.000 0.000 0.000 0.000 0.000 0.000 0.000 0.000 0.000 0.000 0.000 0.000 0.000 0.033 0.026 0.024 0.022 0.021 0.020 0.019 0.019 0.019 0.019 0.016 0.014 0.013 0.013 0.013 0.015 0.018 0.022 0.027 0.022 0.017
0.319 0.302 0.290 0.284 0.276 0.257 0.247 0.236 0.230 0.220 0.216 0.208 0.195 0.182 0.167 0.155 0.152 0.156 0.155 0.153 0.157 0.164 0.000 0.000 0.000 0.170 0.182 0.176 0.188 0.203 0.208 0.207 0.201 0.187 0.183 0.000 0.000 0.000 0.000 0.000 0.000 0.000 0.000 0.000 0.000 0.000 0.000 0.000 0.000 0.000 0.000 0.000 0.000 0.000 0.000 0.000 0.022 0.022 0.022 0.020 0.020 0.020 0.019 0.019 0.020 0.018 0.015 0.014 0.014 0.015 0.018 0.022 0.027 0.033 0.032 0.027 0.022
0.326 0.307 0.299 0.288 0.274 0.266 0.252 0.246 0.235 0.228 0.222 0.213 0.199 0.184 0.171 0.160 0.155 0.150 0.148 0.152 0.155 0.162 0.164 0.170 0.181 0.182 0.181 0.184 0.196 0.206 0.226 0.209 0.201 0.192 0.190 0.000 0.000 0.000 0.000 0.000 0.000 0.000 0.000 0.000 0.000 0.000 0.000 0.000 0.000 0.000 0.000 0.000 0.000 0.000 0.000 0.000 0.018 0.019 0.019 0.019 0.020 0.019 0.019 0.020 0.019 0.017 0.015 0.016 0.017 0.021 0.026 0.033 0.039 0.044 0.039 0.034 0.028
0.326 0.311 0.296 0.292 0.283 0.272 0.265 0.254 0.245 0.239 0.231 0.220 0.204 0.186 0.174 0.168 0.161 0.153 0.152 0.158 0.157 0.160 0.164 0.172 0.173 0.176 0.180 0.187 0.196 0.207 0.221 0.206 0.200 0.196 0.206 0.000 0.000 0.000 0.000 0.000 0.000 0.000 0.000 0.000 0.000 0.000 0.000 0.000 0.000 0.000 0.000 0.000 0.000 0.000 0.000 0.002 0.014 0.016 0.018 0.019 0.019 0.018 0.019 0.020 0.018 0.017 0.018 0.020 0.024 0.031 0.038 0.045 0.051 0.051 0.046 0.041 0.035
0.325 0.320 0.299 0.298 0.289 0.283 0.271 0.264 0.255 0.245 0.237 0.225 0.207 0.196 0.191 0.183 0.174 0.164 0.165 0.169 0.159 0.161 0.167 0.173 0.171 0.169 0.187 0.190 0.195 0.208 0.212 0.206 0.194 0.193 0.216 0.000 0.000 0.000 0.000 0.000 0.000 0.000 0.000 0.000 0.000 0.000 0.000 0.000 0.000 0.000 0.000 0.000 0.000 0.000 0.000 0.003 0.012 0.015 0.017 0.018 0.018 0.019 0.020 0.020 0.020 0.020 0.023 0.028 0.034 0.042 0.051 0.000 0.000 0.057 0.053 0.048 0.043
0.000 0.000 0.302 0.309 0.297 0.293 0.283 0.277 0.259 0.254 0.240 0.233 0.223 0.214 0.204 0.194 0.184 0.173 0.169 0.162 0.159 0.166 0.169 0.175 0.176 0.183 0.199 0.197 0.203 0.212 0.221 0.221 0.199 0.181 0.000 0.000 0.000 0.000 0.000 0.000 0.000 0.000 0.000 0.000 0.000 0.000 0.000 0.000 0.000 0.000 0.000 0.000 0.000 0.000 0.000 0.002 0.011 0.014 0.016 0.017 0.018 0.020 0.022 0.023 0.024 0.027 0.032 0.038 0.045 0.052 0.000 0.000 0.000 0.000 0.000 0.055 0.050
