数据/2hours/0.1-2h-200y/coupled-135-0001.wd
ncols         694
nrows         824
xllcorner     581104.939801
yllcorner     3495917.092414
cellsize      2.000000
NODATA_value  -9999.000000
[rows 408 to 441 of 824, columns 385 to 461 of 694]
0.000 0.000 0.000 0.000 0.000 0.000 0.000 0.000 0.000 0.000 0.000 0.000 0.000 0.000 0.000 0.000 0.000 0.000 0.000 0.000 0.000 0.000 0.000 0.000 0.000 0.000 0.000 0.000 0.000 0.000 0.000 0.000 0.102 0.109 0.121 0.123 0.132 0.130 0.119 0.129 0.131 0.128 0.133 0.000 0.000 0.000 0.000 0.000 0.000 0.000 0.054 0.054 0.053 0.054 0.054 0.051 0.047 0.042 0.036 0.032 0.026 0.021 0.016 0.011 0.007 0.003 0.000 0.000 0.000 0.000 0.000 0.000 0.000 0.000 0.000 0.000 0.000
0.000 0.000 0.000 0.000 0.000 0.000 0.000 0.000 0.000 0.000 0.000 0.000 0.000 0.000 0.000 0.000 0.000 0.000 0.000 0.000 0.000 0.000 0.000 0.000 0.000 0.000 0.000 0.000 0.000 0.000 0.000 0.104 0.103 0.117 0.126 0.129 0.133 0.136 0.131 0.129 0.131 0.131 0.132 0.000 0.000 0.000 0.000 0.000 0.000 0.053 0.053 0.054 0.054 0.054 0.054 0.054 0.053 0.049 0.044 0.039 0.034 0.029 0.023 0.018 0.013 0.009 0.004 0.001 0.000 0.000 0.000 0.000 0.000 0.000 0.000 0.000 0.000
0.000 0.000 0.000 0.000 0.000 0.000 0.000 0.000 0.000 0.000 0.000 0.000 0.000 0.000 0.000 0.000 0.000 0.000 0.000 0.000 0.000 0.000 0.000 0.000 0.000 0.000 0.000 0.000 0.000 0.000 0.000 0.103 0.111 0.118 0.128 0.132 0.137 0.135 0.136 0.133 0.136 0.129 0.131 0.000 0.000 0.000 0.000 0.000 0.000 0.053 0.053 0.053 0.053 0.054 0.054 0.054 0.053 0.053 0.052 0.046 0.041 0.036 0.032 0.026 0.020 0.015 0.011 0.006 0.001 0.000 0.000 0.000 0.000 0.000 0.000 0.000 0.000
0.000 0.000 0.000 0.000 0.000 0.000 0.000 0.000 0.000 0.000 0.000 0.000 0.000 0.000 0.000 0.000 0.000 0.000 0.000 0.000 0.000 0.000 0.000 0.000 0.000 0.000 0.000 0.000 0.000 0.000 0.000 0.108 0.114 0.122 0.132 0.137 0.133 0.133 0.130 0.134 0.134 0.138 0.132 0.000 0.000 0.000 0.000 0.000 0.000 0.052 0.052 0.052 0.053 0.053 0.053 0.053 0.053 0.053 0.053 0.052 0.049 0.043 0.039 0.033 0.027 0.022 0.017 0.012 0.007 0.003 0.000 0.000 0.000 0.000 0.000 0.000 0.000
0.000 0.000 0.000 0.000 0.000 0.000 0.000 0.000 0.000 0.000 0.000 0.000 0.000 0.000 0.000 0.000 0.000 0.000 0.000 0.000 0.000 0.000 0.000 0.000 0.000 0.000 0.000 0.000 0.000 0.000 0.000 0.110 0.112 0.121 0.132 0.136 0.134 0.132 0.133 0.138 0.138 0.139 0.000 0.000 0.000 0.000 0.000 0.000 0.000 0.052 0.052 0.053 0.052 0.053 0.051 0.052 0.052 0.053 0.052 0.052 0.051 0.051 0.045 0.041 0.035 0.029 0.024 0.019 0.013 0.009 0.004 0.000 0.000 0.000 0.000 0.000 0.000
0.000 0.000 0.000 0.000 0.000 0.000 0.000 0.000 0.000 0.000 0.000 0.000 0.000 0.000 0.000 0.000 0.000 0.000 0.000 0.000 0.000 0.000 0.000 0.000 0.000 0.000 0.000 0.000 0.000 0.000 0.093 0.105 0.111 0.122 0.129 0.134 0.132 0.133 0.128 0.130 0.131 0.135 0.000 0.000 0.000 0.000 0.000 0.000 0.054 0.053 0.053 0.053 0.052 0.051 0.052 0.052 0.052 0.051 0.051 0.051 0.050 0.050 0.049 0.048 0.041 0.036 0.031 0.025 0.020 0.015 0.010 0.005 0.001 0.000 0.000 0.000 0.000
0.000 0.000 0.000 0.000 0.000 0.000 0.000 0.000 0.000 0.000 0.000 0.000 0.000 0.000 0.000 0.000 0.000 0.000 0.000 0.000 0.000 0.000 0.000 0.000 0.000 0.000 0.000 0.000 0.000 0.000 0.095 0.107 0.110 0.125 0.133 0.142 0.133 0.131 0.131 0.129 0.127 0.136 0.000 0.000 0.000 0.000 0.000 0.000 0.054 0.054 0.054 0.054 0.053 0.052 0.052 0.051 0.050 0.051 0.051 0.050 0.050 0.050 0.048 0.048 0.047 0.043 0.038 0.032 0.027 0.021 0.016 0.011 0.006 0.001 0.000 0.000 0.000
0.000 0.000 0.000 0.000 0.000 0.000 0.000 0.000 0.000 0.000 0.000 0.000 0.000 0.000 0.000 0.000 0.000 0.000 0.000 0.000 0.000 0.000 0.000 0.000 0.000 0.000 0.000 0.000 0.000 0.000 0.098 0.111 0.113 0.125 0.135 0.140 0.138 0.133 0.128 0.125 0.127 0.000 0.000 0.000 0.000 0.000 0.000 0.000 0.056 0.056 0.055 0.054 0.053 0.053 0.052 0.051 0.051 0.051 0.050 0.049 0.049 0.049 0.049 0.047 0.047 0.046 0.045 0.039 0.034 0.028 0.022 0.017 0.012 0.007 0.002 0.000 0.000
0.000 0.000 0.000 0.000 0.000 0.000 0.000 0.000 0.000 0.000 0.000 0.000 0.000 0.000 0.000 0.000 0.000 0.000 0.000 0.000 0.000 0.000 0.000 0.000 0.000 0.000 0.000 0.000 0.000 0.000 0.102 0.110 0.117 0.123 0.132 0.135 0.135 0.126 0.127 0.126 0.132 0.000 0.000 0.000 0.000 0.000 0.000 0.059 0.058 0.057 0.056 0.055 0.054 0.054 0.053 0.052 0.051 0.050 0.049 0.048 0.048 0.048 0.047 0.047 0.046 0.046 0.045 0.044 0.040 0.035 0.029 0.023 0.018 0.013 0.007 0.002 0.000
0.000 0.000 0.000 0.000 0.000 0.000 0.000 0.000 0.000 0.000 0.000 0.000 0.000 0.000 0.000 0.000 0.000 0.000 0.000 0.000 0.000 0.000 0.000 0.000 0.000 0.000 0.000 0.000 0.076 0.085 0.096 0.102 0.113 0.123 0.135 0.135 0.133 0.122 0.128 0.132 0.130 0.000 0.000 0.000 0.000 0.000 0.000 0.059 0.058 0.058 0.057 0.056 0.055 0.054 0.054 0.053 0.052 0.051 0.049 0.048 0.048 0.048 0.047 0.047 0.046 0.045 0.043 0.043 0.041 0.040 0.035 0.030 0.024 0.018 0.013 0.008 0.002
0.000 0.000 0.000 0.000 0.000 0.000 0.000 0.000 0.000 0.000 0.000 0.000 0.000 0.000 0.000 0.000 0.000 0.000 0.000 0.000 0.000 0.000 0.000 0.000 0.000 0.000 0.000 0.000 0.060 0.082 0.098 0.105 0.115 0.124 0.135 0.132 0.130 0.127 0.127 0.134 0.125 0.000 0.000 0.000 0.000 0.000 0.000 0.059 0.058 0.058 0.057 0.057 0.055 0.055 0.054 0.054 0.053 0.052 0.050 0.049 0.048 0.046 0.046 0.045 0.045 0.044 0.043 0.042 0.041 0.039 0.037 0.036 0.030 0.024 0.019 0.013 0.007
0.000 0.000 0.000 0.000 0.000 0.000 0.000 0.000 0.000 0.000 0.000 0.000 0.000 0.000 0.000 0.000 0.000 0.000 0.000 0.000 0.000 0.000 0.000 0.000 0.000 0.000 0.000 0.000 0.065 0.078 0.100 0.107 0.115 0.124 0.130 0.131 0.124 0.128 0.125 0.125 0.128 0.000 0.000 0.000 0.000 0.000 0.000 0.059 0.058 0.058 0.057 0.057 0.057 0.056 0.055 0.054 0.054 0.052 0.050 0.049 0.048 0.046 0.046 0.044 0.044 0.044 0.042 0.042 0.040 0.038 0.037 0.035 0.034 0.030 0.025 0.019 0.013
0.000 0.000 0.000 0.000 0.000 0.000 0.000 0.000 0.000 0.000 0.000 0.000 0.000 0.000 0.000 0.000 0.000 0.000 0.000 0.000 0.000 0.000 0.000 0.000 0.000 0.000 0.000 0.000 0.080 0.083 0.095 0.108 0.114 0.129 0.128 0.132 0.125 0.127 0.127 0.123 0.134 0.000 0.000 0.000 0.000 0.000 0.059 0.059 0.059 0.058 0.058 0.057 0.057 0.057 0.055 0.054 0.054 0.053 0.051 0.049 0.047 0.046 0.045 0.044 0.043 0.042 0.041 0.040 0.039 0.037 0.035 0.034 0.033 0.031 0.030 0.025 0.019
0.000 0.000 0.000 0.000 0.000 0.000 0.000 0.000 0.000 0.000 0.000 0.000 0.000 0.000 0.000 0.000 0.000 0.000 0.000 0.000 0.000 0.000 0.000 0.000 0.000 0.000 0.000 0.000 0.078 0.096 0.094 0.108 0.112 0.125 0.132 0.132 0.130 0.130 0.132 0.130 0.131 0.000 0.000 0.000 0.000 0.000 0.058 0.058 0.058 0.058 0.058 0.058 0.057 0.056 0.055 0.055 0.054 0.053 0.052 0.049 0.047 0.045 0.044 0.043 0.042 0.041 0.040 0.039 0.037 0.036 0.034 0.033 0.031 0.030 0.029 0.027 0.024
0.000 0.000 0.000 0.000 0.000 0.000 0.000 0.000 0.000 0.000 0.000 0.000 0.000 0.000 0.000 0.000 0.000 0.000 0.000 0.000 0.000 0.000 0.000 0.000 0.000 0.000 0.000 0.073 0.089 0.096 0.096 0.101 0.113 0.125 0.131 0.129 0.129 0.129 0.127 0.128 0.134 0.000 0.000 0.000 0.000 0.000 0.058 0.058 0.058 0.058 0.058 0.057 0.057 0.056 0.056 0.055 0.054 0.053 0.051 0.049 0.046 0.045 0.043 0.042 0.041 0.041 0.039 0.038 0.036 0.035 0.033 0.031 0.030 0.029 0.027 0.025 0.023
0.000 0.000 0.000 0.000 0.000 0.000 0.000 0.000 0.000 0.000 0.000 0.000 0.000 0.000 0.000 0.000 0.000 0.000 0.000 0.000 0.000 0.000 0.000 0.000 0.000 0.000 0.000 0.081 0.084 0.097 0.097 0.104 0.111 0.129 0.133 0.131 0.131 0.128 0.128 0.123 0.122 0.126 0.119 0.000 0.000 0.000 0.000 0.000 0.060 0.059 0.058 0.057 0.056 0.056 0.056 0.055 0.054 0.053 0.051 0.049 0.046 0.044 0.042 0.041 0.040 0.039 0.038 0.037 0.035 0.033 0.032 0.030 0.029 0.027 0.026 0.024 0.022
0.000 0.000 0.000 0.000 0.000 0.000 0.000 0.000 0.000 0.000 0.000 0.000 0.000 0.000 0.000 0.000 0.000 0.000 0.000 0.000 0.000 0.000 0.000 0.000 0.000 0.000 0.000 0.080 0.090 0.098 0.099 0.104 0.119 0.126 0.132 0.124 0.129 0.125 0.124 0.125 0.123 0.119 0.117 0.111 0.105 0.101 0.000 0.071 0.065 0.061 0.059 0.057 0.057 0.056 0.055 0.054 0.054 0.052 0.050 0.048 0.045 0.043 0.041 0.040 0.038 0.037 0.037 0.035 0.034 0.032 0.030 0.029 0.027 0.026 0.023 0.022 0.019
0.000 0.000 0.000 0.000 0.000 0.000 0.000 0.000 0.000 0.000 0.000 0.000 0.000 0.000 0.000 0.000 0.000 0.000 0.000 0.000 0.000 0.000 0.000 0.000 0.000 0.000 0.000 0.083 0.085 0.095 0.103 0.114 0.123 0.134 0.129 0.129 0.127 0.124 0.126 0.121 0.123 0.120 0.115 0.111 0.104 0.098 0.087 0.076 0.069 0.063 0.059 0.058 0.057 0.055 0.054 0.054 0.052 0.051 0.050 0.047 0.044 0.042 0.040 0.039 0.038 0.037 0.036 0.034 0.033 0.030 0.029 0.027 0.025 0.023 0.021 0.019 0.016
0.000 0.000 0.000 0.000 0.000 0.000 0.000 0.000 0.000 0.000 0.000 0.000 0.000 0.000 0.000 0.000 0.000 0.000 0.000 0.000 0.000 0.000 0.000 0.000 0.000 0.000 0.000 0.081 0.087 0.097 0.110 0.117 0.131 0.150 0.136 0.126 0.127 0.123 0.123 0.124 0.000 0.113 0.112 0.109 0.102 0.095 0.087 0.077 0.070 0.064 0.060 0.058 0.056 0.055 0.054 0.053 0.052 0.050 0.048 0.045 0.043 0.041 0.039 0.038 0.037 0.036 0.034 0.033 0.031 0.029 0.027 0.025 0.023 0.020 0.018 0.015 0.015
0.000 0.000 0.000 0.000 0.000 0.000 0.000 0.000 0.000 0.000 0.000 0.000 0.000 0.000 0.000 0.000 0.000 0.000 0.000 0.000 0.000 0.000 0.000 0.000 0.000 0.000 0.000 0.085 0.087 0.099 0.111 0.119 0.127 0.133 0.132 0.129 0.128 0.125 0.123 0.000 0.000 0.000 0.000 0.000 0.097 0.093 0.082 0.075 0.069 0.063 0.060 0.058 0.057 0.055 0.053 0.052 0.051 0.049 0.047 0.044 0.042 0.040 0.038 0.037 0.036 0.034 0.033 0.031 0.029 0.027 0.025 0.022 0.019 0.016 0.016 0.018 0.020
0.000 0.000 0.000 0.000 0.000 0.000 0.000 0.000 0.000 0.000 0.000 0.000 0.000 0.000 0.000 0.000 0.000 0.000 0.000 0.000 0.000 0.000 0.000 0.000 0.000 0.000 0.084 0.088 0.094 0.103 0.112 0.115 0.129 0.125 0.129 0.125 0.130 0.124 0.000 0.000 0.000 0.000 0.000 0.000 0.000 0.000 0.073 0.070 0.066 0.062 0.060 0.058 0.056 0.055 0.053 0.051 0.050 0.048 0.046 0.043 0.041 0.039 0.037 0.036 0.034 0.033 0.031 0.029 0.027 0.024 0.021 0.018 0.017 0.019 0.021 0.025 0.030
0.000 0.000 0.000 0.000 0.000 0.000 0.000 0.000 0.000 0.000 0.000 0.000 0.000 0.000 0.000 0.000 0.000 0.000 0.000 0.000 0.000 0.000 0.000 0.000 0.000 0.000 0.088 0.098 0.094 0.106 0.111 0.124 0.128 0.132 0.128 0.125 0.124 0.130 0.000 0.000 0.000 0.000 0.000 0.000 0.000 0.000 0.068 0.066 0.063 0.061 0.060 0.058 0.057 0.055 0.053 0.051 0.049 0.048 0.045 0.042 0.039 0.038 0.036 0.034 0.033 0.031 0.029 0.026 0.023 0.020 0.018 0.019 0.022 0.025 0.030 0.036 0.042
0.000 0.000 0.000 0.000 0.000 0.000 0.000 0.000 0.000 0.000 0.000 0.000 0.000 0.000 0.000 0.000 0.000 0.000 0.000 0.000 0.000 0.000 0.000 0.000 0.000 0.000 0.090 0.098 0.101 0.107 0.116 0.124 0.131 0.127 0.124 0.121 0.122 0.000 0.000 0.000 0.000 0.000 0.069 0.068 0.068 0.066 0.066 0.064 0.062 0.061 0.060 0.058 0.057 0.055 0.053 0.051 0.049 0.046 0.044 0.041 0.038 0.036 0.034 0.033 0.031 0.028 0.025 0.022 0.019 0.020 0.021 0.025 0.030 0.035 0.042 0.048 0.055
0.000 0.000 0.000 0.000 0.000 0.000 0.000 0.000 0.000 0.000 0.000 0.000 0.000 0.000 0.000 0.000 0.000 0.000 0.000 0.000 0.000 0.000 0.000 0.000 0.000 0.000 0.093 0.101 0.100 0.110 0.118 0.130 0.131 0.129 0.130 0.130 0.127 0.000 0.000 0.000 0.000 0.000 0.000 0.068 0.068 0.066 0.065 0.064 0.061 0.060 0.059 0.058 0.057 0.055 0.053 0.050 0.048 0.045 0.042 0.039 0.036 0.034 0.032 0.030 0.028 0.025 0.021 0.021 0.022 0.025 0.028 0.034 0.040 0.047 0.053 0.061 0.068
0.000 0.000 0.000 0.000 0.000 0.000 0.000 0.000 0.000 0.000 0.000 0.000 0.000 0.000 0.000 0.000 0.000 0.000 0.000 0.000 0.000 0.000 0.000 0.000 0.000 0.000 0.094 0.105 0.101 0.112 0.118 0.133 0.128 0.128 0.124 0.132 0.126 0.000 0.000 0.000 0.000 0.000 0.000 0.000 0.000 0.000 0.064 0.064 0.061 0.061 0.059 0.058 0.057 0.055 0.052 0.049 0.046 0.043 0.039 0.036 0.034 0.032 0.029 0.026 0.023 0.023 0.024 0.026 0.029 0.034 0.040 0.046 0.053 0.060 0.066 0.073 0.077
0.000 0.000 0.000 0.000 0.000 0.000 0.000 0.000 0.000 0.000 0.000 0.000 0.000 0.000 0.000 0.000 0.000 0.000 0.000 0.000 0.000 0.000 0.000 0.000 0.000 0.087 0.094 0.100 0.108 0.110 0.121 0.129 0.127 0.126 0.123 0.122 0.000 0.000 0.000 0.000 0.000 0.000 0.000 0.000 0.000 0.000 0.000 0.000 0.060 0.060 0.060 0.058 0.057 0.056 0.052 0.049 0.045 0.041 0.036 0.033 0.031 0.028 0.025 0.025 0.026 0.028 0.031 0.035 0.039 0.045 0.052 0.059 0.066 0.073 0.080 0.087 0.085
0.139 0.000 0.000 0.000 0.000 0.105 0.102 0.099 0.096 0.093 0.000 0.000 0.000 0.000 0.000 0.000 0.000 0.000 0.000 0.000 0.000 0.000 0.000 0.000 0.000 0.082 0.094 0.098 0.108 0.113 0.121 0.126 0.126 0.120 0.126 0.121 0.000 0.000 0.000 0.000 0.000 0.000 0.000 0.000 0.000 0.000 0.000 0.000 0.000 0.000 0.000 0.058 0.057 0.055 0.050 0.047 0.042 0.037 0.033 0.029 0.026 0.025 0.026 0.029 0.032 0.036 0.041 0.046 0.052 0.058 0.065 0.072 0.079 0.086 0.093 0.098 0.093
0.148 0.135 0.122 0.119 0.116 0.114 0.112 0.109 0.106 0.102 0.094 0.086 0.076 0.065 0.050 0.036 0.038 0.000 0.058 0.000 0.000 0.000 0.000 0.000 0.000 0.076 0.095 0.104 0.109 0.114 0.118 0.122 0.120 0.118 0.121 0.121 0.000 0.000 0.000 0.000 0.000 0.000 0.000 0.000 0.000 0.000 0.000 0.000 0.000 0.000 0.000 0.000 0.000 0.000 0.048 0.044 0.037 0.032 0.028 0.025 0.026 0.029 0.031 0.036 0.041 0.046 0.052 0.058 0.065 0.071 0.079 0.085 0.092 0.100 0.106 0.106 0.101
0.159 0.143 0.138 0.131 0.127 0.124 0.121 0.117 0.115 0.110 0.102 0.094 0.084 0.073 0.060 0.046 0.044 0.048 0.055 0.060 0.067 0.000 0.000 0.000 0.000 0.079 0.092 0.106 0.109 0.114 0.116 0.115 0.118 0.121 0.118 0.117 0.000 0.000 0.000 0.000 0.000 0.000 0.000 0.000 0.000 0.000 0.000 0.000 0.000 0.000 0.000 0.000 0.000 0.000 0.000 0.000 0.027 0.025 0.026 0.027 0.031 0.035 0.040 0.045 0.052 0.058 0.064 0.071 0.078 0.085 0.092 0.100 0.106 0.113 0.118 0.114 0.109
0.168 0.158 0.150 0.140 0.138 0.132 0.129 0.125 0.122 0.116 0.109 0.102 0.092 0.082 0.070 0.057 0.047 0.049 0.055 0.059 0.064 0.065 0.000 0.000 0.000 0.086 0.092 0.101 0.107 0.113 0.119 0.119 0.120 0.122 0.120 0.000 0.000 0.000 0.000 0.000 0.000 0.000 0.000 0.000 0.000 0.000 0.000 0.000 0.000 0.000 0.000 0.000 0.000 0.000 0.000 0.000 0.023 0.026 0.029 0.033 0.038 0.043 0.050 0.056 0.063 0.070 0.077 0.084 0.092 0.098 0.106 0.113 0.120 0.126 0.126 0.121 0.116
0.180 0.169 0.157 0.155 0.147 0.141 0.137 0.133 0.128 0.123 0.116 0.109 0.100 0.089 0.078 0.067 0.059 0.053 0.056 0.058 0.061 0.065 0.066 0.069 0.078 0.088 0.093 0.098 0.104 0.110 0.118 0.116 0.117 0.119 0.122 0.000 0.000 0.000 0.000 0.000 0.000 0.000 0.000 0.000 0.000 0.000 0.000 0.000 0.000 0.000 0.000 0.000 0.000 0.000 0.000 0.000 0.026 0.031 0.036 0.042 0.048 0.055 0.062 0.069 0.076 0.083 0.090 0.098 0.105 0.113 0.119 0.127 0.134 0.139 0.134 0.129 0.124
0.187 0.176 0.172 0.163 0.154 0.151 0.146 0.141 0.136 0.131 0.123 0.116 0.107 0.098 0.087 0.077 0.069 0.061 0.057 0.059 0.061 0.064 0.066 0.071 0.080 0.088 0.095 0.095 0.100 0.113 0.115 0.114 0.113 0.112 0.116 0.000 0.000 0.000 0.000 0.000 0.000 0.000 0.000 0.000 0.000 0.000 0.000 0.000 0.000 0.000 0.000 0.000 0.000 0.000 0.000 0.026 0.033 0.040 0.047 0.054 0.061 0.068 0.075 0.082 0.089 0.097 0.103 0.111 0.119 0.125 0.133 0.140 0.147 0.147 0.142 0.136 0.131
0.196 0.189 0.182 0.170 0.166 0.161 0.155 0.151 0.145 0.138 0.131 0.124 0.116 0.106 0.096 0.086 0.077 0.070 0.061 0.060 0.065 0.066 0.068 0.075 0.079 0.085 0.094 0.099 0.103 0.116 0.117 0.114 0.117 0.111 0.112 0.000 0.000 0.000 0.000 0.000 0.000 0.000 0.000 0.000 0.000 0.000 0.000 0.000 0.000 0.000 0.000 0.000 0.000 0.000 0.000 0.038 0.045 0.053 0.060 0.067 0.074 0.081 0.088 0.095 0.102 0.109 0.117 0.124 0.132 0.139 0.146 0.000 0.000 0.154 0.149 0.143 0.138
0.000 0.000 0.186 0.181 0.178 0.172 0.166 0.161 0.153 0.148 0.139 0.132 0.123 0.114 0.105 0.094 0.086 0.078 0.067 0.057 0.063 0.068 0.072 0.076 0.080 0.089 0.098 0.105 0.109 0.114 0.118 0.115 0.116 0.117 0.000 0.000 0.000 0.000 0.000 0.000 0.000 0.000 0.000 0.000 0.000 0.000 0.000 0.000 0.000 0.005 0.013 0.020 0.000 0.000 0.000 0.052 0.059 0.066 0.074 0.081 0.088 0.095 0.102 0.109 0.116 0.123 0.131 0.138 0.144 0.152 0.000 0.000 0.000 0.000 0.000 0.150 0.145
