数据/2hours/0.1-2h-200y/coupled-108-0001.wd
ncols         694
nrows         824
xllcorner     581104.939801
yllcorner     3495917.092414
cellsize      2.000000
NODATA_value  -9999.000000
[rows 544 to 577 of 824, columns 308 to 384 of 694]
0.001 0.001 0.000 0.000 0.000 0.000 0.000 0.000 0.013 0.008 0.006 0.004 0.003 0.002 0.002 0.001 0.001 0.001 0.001 0.001 0.001 0.001 0.001 0.001 0.001 0.001 0.001 0.002 0.018 0.019 0.016 0.132 0.125 0.109 0.017 0.098 0.203 0.039 0.303 0.383 0.327 0.188 0.012 0.433 0.258 0.486 0.118 0.000 0.000 0.000 0.000 0.000 0.000 0.000 0.000 0.000 0.000 0.000 0.000 0.000 0.000 0.000 0.000 0.000 0.000 0.000 0.000 0.000 0.000 0.000 0.000 0.000 0.000 0.251 0.307 0.260 0.336
0.001 0.001 0.001 0.001 0.000 0.000 0.000 0.000 0.010 0.008 0.007 0.005 0.004 0.003 0.003 0.002 0.001 0.001 0.001 0.001 0.001 0.001 0.001 0.001 0.001 0.001 0.001 0.001 0.004 0.044 0.105 0.139 0.061 0.000 0.006 0.242 0.232 0.011 0.015 0.425 0.302 0.193 0.527 0.314 0.486 0.388 0.363 0.000 0.000 0.000 0.000 0.000 0.000 0.000 0.000 0.000 0.000 0.000 0.000 0.000 0.000 0.000 0.000 0.000 0.000 0.000 0.000 0.000 0.000 0.000 0.000 0.000 0.229 0.293 0.319 0.388 0.314
0.001 0.001 0.001 0.001 0.001 0.001 0.001 0.000 0.008 0.008 0.007 0.006 0.005 0.004 0.003 0.003 0.002 0.002 0.001 0.001 0.001 0.001 0.001 0.001 0.001 0.001 0.001 0.001 0.001 0.006 0.036 0.046 0.002 0.053 0.158 0.292 0.263 0.339 0.005 0.211 0.584 0.386 0.319 0.339 0.345 0.363 0.197 0.000 0.000 0.000 0.000 0.000 0.000 0.000 0.000 0.000 0.000 0.000 0.000 0.000 0.000 0.000 0.000 0.000 0.000 0.000 0.000 0.000 0.000 0.000 0.000 0.000 0.000 0.362 0.306 0.301 0.457
0.001 0.001 0.001 0.001 0.001 0.001 0.001 0.001 0.006 0.007 0.007 0.007 0.006 0.005 0.004 0.004 0.003 0.003 0.002 0.002 0.001 0.001 0.001 0.001 0.001 0.001 0.001 0.001 0.001 0.002 0.006 0.003 0.028 0.060 0.096 0.424 0.383 0.476 0.252 0.108 0.520 0.357 0.372 0.253 0.536 0.271 0.000 0.000 0.000 0.000 0.000 0.000 0.000 0.000 0.000 0.000 0.000 0.000 0.000 0.000 0.000 0.000 0.000 0.000 0.000 0.000 0.000 0.000 0.000 0.000 0.000 0.000 0.325 0.312 0.271 0.283 0.403
0.002 0.002 0.002 0.002 0.001 0.001 0.001 0.002 0.005 0.006 0.007 0.007 0.006 0.006 0.005 0.005 0.004 0.003 0.003 0.002 0.002 0.011 0.008 0.005 0.004 0.003 0.002 0.001 0.001 0.001 0.001 0.000 0.010 0.003 0.148 0.275 0.643 0.290 0.720 0.393 0.165 0.131 0.174 0.257 0.183 0.140 0.000 0.000 0.000 0.000 0.000 0.000 0.000 0.000 0.000 0.000 0.000 0.000 0.000 0.000 0.000 0.000 0.000 0.000 0.000 0.000 0.000 0.000 0.000 0.000 0.000 0.000 0.338 0.378 0.300 0.375 0.491
0.010 0.010 0.006 0.004 0.003 0.003 0.000 0.000 0.005 0.009 0.008 0.007 0.007 0.007 0.006 0.006 0.005 0.004 0.004 0.003 0.004 0.009 0.007 0.006 0.005 0.004 0.003 0.003 0.002 0.002 0.005 0.020 0.000 0.000 0.058 0.137 0.422 0.188 0.157 0.521 0.193 0.010 0.123 0.083 0.000 0.072 0.263 0.497 0.000 0.000 0.000 0.000 0.000 0.000 0.000 0.000 0.000 0.000 0.000 0.000 0.000 0.000 0.000 0.000 0.000 0.000 0.000 0.000 0.000 0.000 0.000 0.000 0.213 0.282 0.406 0.343 0.407
0.000 0.000 0.005 0.004 0.003 0.006 0.000 0.000 0.000 0.000 0.008 0.011 0.013 0.010 0.009 0.008 0.007 0.007 0.006 0.005 0.005 0.007 0.007 0.007 0.006 0.005 0.004 0.004 0.004 0.004 0.022 0.087 0.051 0.144 0.237 0.009 0.192 0.335 0.000 0.115 0.360 0.424 0.228 0.129 0.196 0.141 0.590 0.643 0.439 0.575 0.508 0.473 0.000 0.000 0.000 0.000 0.000 0.000 0.000 0.000 0.000 0.000 0.000 0.000 0.000 0.000 0.000 0.000 0.000 0.000 0.070 0.263 0.226 0.192 0.350 0.433 0.513
0.000 0.000 0.004 0.004 0.007 0.105 0.000 0.000 0.000 0.000 0.000 0.000 0.000 0.010 0.013 0.015 0.016 0.012 0.009 0.008 0.008 0.008 0.008 0.008 0.007 0.006 0.006 0.006 0.032 0.000 0.092 0.191 0.179 0.231 0.115 0.152 0.269 0.571 0.082 0.048 0.207 0.088 0.255 0.369 0.186 0.600 0.476 0.416 0.399 0.700 0.729 0.258 0.135 0.020 0.000 0.000 0.000 0.000 0.000 0.000 0.000 0.000 0.000 0.000 0.000 0.000 0.000 0.000 0.022 0.001 0.000 0.132 0.302 0.259 0.281 0.411 0.460
0.000 0.000 0.003 0.004 0.008 0.000 0.000 0.000 0.000 0.000 0.000 0.000 0.000 0.000 0.000 0.000 0.000 0.012 0.015 0.017 0.013 0.011 0.010 0.010 0.010 0.009 0.008 0.050 0.040 0.095 0.103 0.143 0.153 0.169 0.000 0.296 0.225 0.422 0.712 0.091 0.097 0.148 0.319 0.132 0.347 0.352 0.500 0.563 0.549 0.557 0.499 0.314 0.086 0.016 0.030 0.034 0.193 0.480 0.669 0.000 0.000 0.000 0.000 0.000 0.000 0.000 0.000 0.001 0.001 0.002 0.000 0.135 0.368 0.393 0.304 0.377 0.513
0.000 0.000 0.003 0.004 0.012 0.000 0.000 0.000 0.000 0.000 0.000 0.000 0.000 0.000 0.000 0.000 0.000 0.000 0.000 0.000 0.012 0.015 0.017 0.020 0.016 0.014 0.018 0.157 0.087 0.040 0.186 0.002 0.219 0.132 0.032 0.350 0.044 0.256 0.510 0.869 0.753 0.619 0.463 0.284 0.519 0.773 0.660 0.366 0.286 0.380 0.221 0.159 0.106 0.116 0.043 0.011 0.499 0.560 0.638 0.490 0.634 0.928 0.000 0.000 0.592 0.105 0.001 0.008 0.056 0.050 0.000 0.039 0.326 0.415 0.366 0.370 0.441
0.000 0.000 0.002 0.010 0.112 0.000 0.000 0.000 0.000 0.000 0.000 0.000 0.000 0.000 0.000 0.000 0.000 0.000 0.000 0.000 0.000 0.000 0.000 0.000 0.019 0.032 0.028 0.133 0.211 0.009 0.188 0.208 0.189 0.146 0.249 0.055 0.277 0.295 0.318 0.396 0.519 0.718 0.710 0.863 0.715 0.500 0.172 0.086 0.410 0.542 0.340 0.254 0.081 0.004 0.000 0.055 0.495 0.675 0.738 0.604 0.520 0.751 0.710 0.383 0.522 0.547 0.057 0.000 0.000 0.001 0.000 0.000 0.206 0.374 0.397 0.393 0.484
0.000 0.000 0.002 0.010 0.000 0.000 0.000 0.000 0.000 0.000 0.000 0.000 0.000 0.000 0.000 0.000 0.000 0.000 0.000 0.000 0.000 0.000 0.000 0.000 0.000 0.000 0.019 0.075 0.357 0.080 0.165 0.185 0.268 0.289 0.301 0.138 0.440 0.200 0.080 0.177 0.323 0.208 0.377 0.388 0.234 0.059 0.023 0.230 0.422 0.434 0.209 0.187 0.095 0.032 0.006 0.069 0.348 0.549 0.778 0.677 0.641 0.767 0.748 0.416 0.777 0.596 0.034 0.011 0.048 0.013 0.025 0.000 0.340 0.365 0.380 0.369 0.409
0.000 0.000 0.002 0.010 0.000 0.000 0.000 0.000 0.000 0.000 0.000 0.000 0.000 0.000 0.000 0.000 0.000 0.000 0.000 0.000 0.000 0.000 0.000 0.000 0.000 0.000 0.000 0.000 0.000 0.000 0.000 0.232 0.279 0.260 0.161 0.088 0.202 0.225 0.181 0.180 0.114 0.208 0.065 0.191 0.135 0.093 0.000 0.356 0.209 0.017 0.000 0.183 0.199 0.134 0.002 0.070 0.273 0.413 0.682 0.708 0.578 0.907 0.711 0.398 0.962 0.389 0.011 0.011 0.018 0.001 0.044 0.000 0.191 0.317 0.349 0.411 0.359
0.000 0.000 0.002 0.011 0.000 0.000 0.000 0.000 0.000 0.000 0.000 0.000 0.000 0.000 0.000 0.000 0.000 0.000 0.000 0.000 0.000 0.000 0.000 0.000 0.000 0.000 0.000 0.000 0.000 0.000 0.000 0.000 0.345 0.279 0.260 0.558 0.158 0.323 0.285 0.170 0.080 0.108 0.140 0.320 0.191 0.000 0.137 0.287 0.232 0.070 0.154 0.296 0.026 0.021 0.029 0.050 0.224 0.384 0.491 0.446 0.640 1.022 0.504 0.628 0.865 0.164 0.014 0.000 0.000 0.002 0.021 0.015 0.282 0.340 0.323 0.414 0.475
0.000 0.000 0.002 0.008 0.005 0.004 0.000 0.000 0.000 0.000 0.000 0.000 0.000 0.000 0.000 0.000 0.000 0.000 0.000 0.000 0.000 0.000 0.000 0.000 0.000 0.000 0.000 0.000 0.000 0.000 0.000 0.000 0.000 0.000 0.196 0.475 0.193 0.285 0.334 0.404 0.062 0.024 0.159 0.242 0.140 0.116 0.350 0.321 0.225 0.087 0.323 0.076 0.021 0.000 0.083 0.368 0.448 0.606 0.208 0.245 0.731 0.692 0.425 0.996 0.519 0.103 0.116 0.054 0.002 0.000 0.000 0.073 0.301 0.394 0.349 0.346 0.432
0.000 0.000 0.002 0.006 0.005 0.005 0.004 0.003 0.003 0.000 0.000 0.000 0.000 0.000 0.000 0.000 0.000 0.000 0.000 0.000 0.000 0.000 0.000 0.000 0.000 0.000 0.000 0.000 0.000 0.000 0.000 0.000 0.000 0.000 0.000 0.051 0.136 0.092 0.032 0.338 0.451 0.247 0.025 0.302 0.311 0.383 0.272 0.182 0.036 0.076 0.019 0.000 0.069 0.267 0.379 0.483 0.549 0.244 0.151 0.394 0.837 0.240 0.497 1.048 0.205 0.001 0.099 0.129 0.117 0.009 0.000 0.050 0.329 0.401 0.379 0.298 0.407
0.000 0.000 0.002 0.005 0.006 0.008 0.008 0.006 0.005 0.004 0.004 0.000 0.000 0.000 0.000 0.000 0.000 0.000 0.000 0.000 0.000 0.000 0.000 0.000 0.000 0.000 0.000 0.000 0.000 0.000 0.000 0.000 0.000 0.000 0.000 0.000 0.000 0.000 0.130 0.362 0.336 0.043 0.135 0.534 0.664 0.440 0.238 0.036 0.112 0.029 0.000 0.175 0.347 0.354 0.546 0.635 0.294 0.189 0.405 0.778 0.501 0.144 0.837 0.725 0.056 0.000 0.085 0.239 0.102 0.113 0.027 0.014 0.174 0.363 0.405 0.406 0.365
0.000 0.000 0.002 0.005 0.000 0.000 0.000 0.006 0.007 0.008 0.006 0.005 0.003 0.005 0.000 0.000 0.000 0.000 0.000 0.000 0.000 0.000 0.000 0.000 0.000 0.000 0.000 0.000 0.000 0.000 0.000 0.000 0.000 0.000 0.000 0.000 0.000 0.000 0.000 0.549 0.233 0.085 0.541 0.599 0.343 0.218 0.168 0.178 0.037 0.000 0.114 0.459 0.327 0.334 0.496 0.552 0.452 0.584 0.723 0.299 0.276 0.685 0.759 0.467 0.072 0.000 0.054 0.003 0.303 0.105 0.003 0.011 0.000 0.379 0.369 0.338 0.390
0.000 0.000 0.001 0.005 0.000 0.000 0.000 0.000 0.000 0.000 0.006 0.008 0.008 0.009 0.012 0.000 0.001 0.003 0.000 0.000 0.000 0.000 0.000 0.000 0.000 0.000 0.000 0.000 0.000 0.000 0.000 0.000 0.000 0.000 0.000 0.000 0.000 0.000 0.000 0.000 0.304 0.289 0.218 0.126 0.191 0.062 0.032 0.022 0.011 0.074 0.264 0.305 0.385 0.409 0.440 0.739 0.799 0.720 0.287 0.236 0.604 0.981 0.240 0.171 0.178 0.151 0.183 0.382 0.301 0.087 0.077 0.000 0.217 0.285 0.352 0.387 0.406
0.000 0.000 0.001 0.003 0.002 0.002 0.002 0.000 0.000 0.000 0.000 0.000 0.007 0.010 0.014 0.011 0.009 0.008 0.011 0.000 0.000 0.000 0.000 0.000 0.000 0.000 0.000 0.000 0.000 0.000 0.000 0.000 0.000 0.000 0.000 0.000 0.000 0.000 0.000 0.000 0.012 0.143 0.148 0.267 0.215 0.022 0.049 0.006 0.015 0.101 0.201 0.453 0.651 0.621 0.676 0.859 0.720 0.450 0.143 0.263 1.096 0.526 0.236 0.070 0.065 0.251 0.276 0.471 0.377 0.084 0.000 0.170 0.193 0.339 0.469 0.303 0.210
0.000 0.000 0.001 0.002 0.005 0.000 0.002 0.001 0.001 0.003 0.000 0.000 0.000 0.000 0.000 0.008 0.008 0.009 0.010 0.008 0.007 0.007 0.011 0.045 0.000 0.000 0.000 0.000 0.000 0.000 0.000 0.000 0.000 0.000 0.000 0.000 0.000 0.000 0.000 0.088 0.158 0.133 0.157 0.295 0.240 0.130 0.019 0.055 0.198 0.381 0.584 0.783 0.559 0.594 0.751 0.510 0.415 0.292 0.277 1.016 0.922 0.119 0.002 0.000 0.000 0.304 0.471 0.497 0.300 0.036 0.012 0.089 0.234 0.507 0.405 0.213 0.253
0.000 0.000 0.001 0.007 0.139 0.000 0.000 0.002 0.003 0.004 0.003 0.003 0.004 0.000 0.000 0.000 0.007 0.009 0.009 0.008 0.008 0.009 0.016 0.000 0.000 0.000 0.000 0.000 0.000 0.000 0.000 0.000 0.000 0.000 0.000 0.000 0.000 0.000 0.442 0.181 0.253 0.097 0.176 0.219 0.223 0.303 0.248 0.440 0.431 0.458 0.617 0.465 0.519 0.594 0.348 0.040 0.114 0.229 0.771 1.282 0.354 0.080 0.005 0.000 0.107 0.245 0.545 0.477 0.293 0.031 0.004 0.246 0.386 0.554 0.432 0.198 0.285
0.000 0.000 0.005 0.140 0.000 0.000 0.000 0.000 0.000 0.000 0.002 0.003 0.005 0.016 0.052 0.000 0.000 0.000 0.006 0.007 0.008 0.010 0.018 0.000 0.000 0.000 0.000 0.000 0.000 0.000 0.000 0.000 0.000 0.000 0.000 0.000 0.000 0.000 0.377 0.335 0.286 0.216 0.290 0.292 0.204 0.293 0.454 0.472 0.420 0.436 0.458 0.539 0.467 0.451 0.410 0.256 0.364 0.840 1.209 0.772 0.447 0.226 0.000 0.016 0.267 0.250 0.654 0.455 0.144 0.057 0.000 0.343 0.440 0.604 0.304 0.053 0.334
0.000 0.000 0.005 0.000 0.000 0.000 0.000 0.000 0.000 0.000 0.000 0.019 0.000 0.032 0.000 0.000 0.000 0.000 0.005 0.006 0.007 0.009 0.019 0.000 0.000 0.000 0.000 0.000 0.000 0.000 0.000 0.000 0.000 0.000 0.000 0.000 0.000 0.000 0.125 0.492 0.406 0.279 0.345 0.322 0.227 0.338 0.327 0.210 0.151 0.225 0.330 0.578 0.626 0.641 0.633 0.886 0.990 0.872 0.616 0.504 0.571 0.410 0.332 0.412 0.305 0.546 0.584 0.469 0.171 0.011 0.000 0.238 0.394 0.529 0.270 0.087 0.448
0.000 0.000 0.007 0.000 0.000 0.000 0.000 0.000 0.000 0.000 0.000 0.000 0.000 0.000 0.000 0.000 0.000 0.000 0.000 0.005 0.006 0.009 0.021 0.000 0.000 0.000 0.000 0.000 0.000 0.000 0.000 0.000 0.000 0.000 0.000 0.000 0.078 0.027 0.083 0.124 0.386 0.643 0.598 0.450 0.322 0.335 0.322 0.256 0.368 0.572 0.826 1.073 1.307 1.177 0.895 0.508 0.439 0.409 0.545 0.515 0.425 0.641 0.726 0.555 0.447 0.402 0.729 0.383 0.017 0.000 0.056 0.154 0.486 0.560 0.225 0.160 0.490
0.000 0.000 0.007 0.009 0.000 0.000 0.000 0.000 0.000 0.000 0.000 0.000 0.000 0.000 0.000 0.000 0.000 0.000 0.000 0.000 0.004 0.009 0.014 0.018 0.000 0.000 0.000 0.000 0.000 0.000 0.000 0.000 0.000 0.000 0.000 0.000 0.158 0.001 0.036 0.002 0.154 0.330 0.483 0.641 0.601 0.730 0.797 0.788 0.831 0.860 0.868 0.000 0.000 0.000 0.101 0.025 0.190 0.184 0.439 0.216 0.295 0.479 0.785 0.699 0.287 0.657 0.663 0.090 0.001 0.000 0.093 0.209 0.534 0.493 0.256 0.292 0.512
0.000 0.000 0.004 0.007 0.009 0.000 0.000 0.000 0.000 0.000 0.000 0.000 0.000 0.000 0.000 0.000 0.000 0.000 0.000 0.000 0.000 0.000 0.009 0.013 0.012 0.018 0.000 0.000 0.000 0.000 0.000 0.000 0.000 0.000 0.000 0.012 0.131 0.117 0.021 0.007 0.000 0.132 0.138 0.198 0.207 0.293 0.428 0.530 0.481 0.421 0.443 0.000 0.000 0.000 0.000 0.000 0.000 0.000 0.471 0.611 0.867 1.084 0.986 0.217 0.706 0.767 0.183 0.020 0.000 0.000 0.136 0.333 0.453 0.486 0.179 0.391 0.515
0.000 0.000 0.003 0.004 0.006 0.005 0.005 0.008 0.000 0.000 0.000 0.000 0.000 0.000 0.000 0.000 0.000 0.000 0.000 0.000 0.000 0.000 0.006 0.009 0.011 0.015 0.017 0.030 0.000 0.000 0.000 0.000 0.000 0.000 0.000 0.047 0.022 0.200 0.223 0.091 0.099 0.104 0.031 0.000 0.005 0.123 0.233 0.386 0.421 0.464 0.475 0.000 0.000 0.000 0.000 0.000 0.000 0.000 0.000 0.000 0.000 0.652 0.460 0.775 0.863 0.262 0.033 0.000 0.000 0.099 0.010 0.392 0.498 0.461 0.182 0.567 0.369
0.000 0.000 0.002 0.003 0.004 0.004 0.005 0.006 0.006 0.009 0.000 0.000 0.000 0.000 0.000 0.000 0.000 0.000 0.000 0.000 0.000 0.000 0.005 0.009 0.011 0.015 0.018 0.030 0.043 0.000 0.000 0.000 0.000 0.000 0.017 0.081 0.000 0.043 0.217 0.306 0.287 0.232 0.111 0.056 0.074 0.118 0.212 0.401 0.422 0.482 0.000 0.000 0.000 0.000 0.000 0.000 0.000 0.000 0.000 0.000 0.000 0.000 0.935 0.716 0.222 0.016 0.005 0.000 0.116 0.248 0.099 0.476 0.418 0.363 0.354 0.623 0.192
0.000 0.000 0.000 0.002 0.003 0.003 0.004 0.005 0.005 0.007 0.006 0.009 0.000 0.000 0.000 0.000 0.000 0.000 0.000 0.000 0.000 0.000 0.014 0.000 0.000 0.000 0.000 0.000 0.035 0.029 0.031 0.000 0.000 0.003 0.007 0.094 0.027 0.110 0.065 0.170 0.322 0.329 0.335 0.368 0.305 0.308 0.398 0.472 0.419 0.399 0.000 0.000 0.000 0.000 0.000 0.000 0.000 0.000 0.000 0.000 0.000 0.002 0.326 0.083 0.009 0.000 0.000 0.104 0.229 0.227 0.078 0.454 0.432 0.321 0.602 0.430 0.128
0.000 0.000 0.000 0.001 0.002 0.002 0.003 0.004 0.004 0.005 0.005 0.008 0.030 0.000 0.000 0.000 0.000 0.000 0.000 0.000 0.000 0.000 0.000 0.000 0.000 0.000 0.000 0.000 0.000 0.017 0.019 0.014 0.013 0.015 0.018 0.044 0.153 0.084 0.123 0.120 0.141 0.147 0.234 0.272 0.309 0.289 0.378 0.539 0.596 0.000 0.000 0.000 0.000 0.000 0.000 0.000 0.000 0.000 0.000 0.000 0.000 0.011 0.132 0.000 0.067 0.057 0.083 0.195 0.257 0.014 0.389 0.378 0.359 0.319 0.635 0.227 0.034
0.000 0.000 0.000 0.000 0.001 0.002 0.002 0.003 0.003 0.004 0.004 0.008 0.035 0.000 0.000 0.000 0.000 0.000 0.000 0.000 0.000 0.000 0.000 0.000 0.000 0.000 0.000 0.000 0.000 0.000 0.010 0.011 0.014 0.016 0.021 0.048 0.152 0.159 0.148 0.000 0.048 0.000 0.114 0.227 0.223 0.243 0.306 0.403 0.550 0.000 0.000 0.000 0.000 0.000 0.000 0.000 0.000 0.000 0.000 0.000 0.000 0.000 0.149 0.000 0.000 0.064 0.265 0.349 0.358 0.305 0.404 0.199 0.329 0.665 0.472 0.215 0.223
0.000 0.000 0.000 0.000 0.000 0.001 0.001 0.002 0.002 0.003 0.005 0.000 0.000 0.000 0.000 0.000 0.000 0.000 0.000 0.000 0.000 0.000 0.000 0.000 0.000 0.000 0.000 0.000 0.000 0.000 0.006 0.008 0.013 0.020 0.000 0.000 0.000 0.000 0.000 0.000 0.117 0.026 0.005 0.030 0.242 0.348 0.401 0.424 0.000 0.000 0.000 0.000 0.000 0.000 0.000 0.000 0.000 0.000 0.000 0.000 0.286 0.089 0.110 0.025 0.051 0.174 0.291 0.485 0.341 0.314 0.307 0.366 0.534 0.736 0.292 0.264 0.277
0.000 0.000 0.000 0.000 0.000 0.000 0.001 0.001 0.001 0.002 0.004 0.000 0.000 0.000 0.000 0.000 0.000 0.000 0.000 0.000 0.000 0.000 0.000 0.000 0.000 0.000 0.000 0.000 0.000 0.000 0.003 0.006 0.028 0.000 0.000 0.000 0.000 0.000 0.000 0.000 0.000 0.184 0.074 0.195 0.230 0.269 0.363 0.376 0.000 0.000 0.000 0.000 0.000 0.000 0.000 0.000 0.000 0.000 0.000 0.000 0.244 0.321 0.295 0.336 0.250 0.329 0.380 0.473 0.397 0.294 0.307 0.450 0.768 0.448 0.139 0.078 0.285
