数据/2hours/0.1-2h-200y/coupled-115-0001.wd
ncols         694
nrows         824
xllcorner     581104.939801
yllcorner     3495917.092414
cellsize      2.000000
NODATA_value  -9999.000000
[rows 544 to 577 of 824, columns 308 to 384 of 694]
0.001 0.001 0.000 0.000 0.000 0.000 0.000 0.000 0.000 0.001 0.001 0.001 0.001 0.001 0.001 0.001 0.001 0.001 0.001 0.001 0.001 0.001 0.001 0.001 0.001 0.001 0.001 0.001 0.007 0.020 0.023 0.022 0.024 0.019 0.018 0.034 0.399 0.147 0.339 0.386 0.334 0.342 0.438 0.429 0.361 0.312 0.479 0.000 0.000 0.000 0.000 0.000 0.000 0.000 0.000 0.000 0.000 0.000 0.000 0.000 0.000 0.000 0.000 0.000 0.000 0.000 0.000 0.000 0.000 0.000 0.000 0.000 0.000 0.287 0.317 0.324 0.322
0.001 0.001 0.001 0.001 0.000 0.000 0.000 0.000 0.001 0.001 0.001 0.001 0.001 0.001 0.001 0.001 0.001 0.001 0.001 0.001 0.001 0.001 0.001 0.001 0.001 0.001 0.001 0.001 0.001 0.002 0.014 0.016 0.016 0.011 0.043 0.031 0.367 0.332 0.286 0.340 0.352 0.339 0.351 0.320 0.320 0.452 0.387 0.000 0.000 0.000 0.000 0.000 0.000 0.000 0.000 0.000 0.000 0.000 0.000 0.000 0.000 0.000 0.000 0.000 0.000 0.000 0.000 0.000 0.000 0.000 0.000 0.000 0.143 0.252 0.307 0.330 0.319
0.001 0.001 0.001 0.001 0.001 0.001 0.001 0.000 0.001 0.001 0.001 0.001 0.001 0.001 0.001 0.001 0.001 0.001 0.001 0.001 0.001 0.001 0.001 0.001 0.001 0.001 0.001 0.001 0.001 0.001 0.008 0.011 0.015 0.018 0.048 0.018 0.179 0.436 0.255 0.439 0.119 0.445 0.195 0.398 0.364 0.371 0.364 0.000 0.000 0.000 0.000 0.000 0.000 0.000 0.000 0.000 0.000 0.000 0.000 0.000 0.000 0.000 0.000 0.000 0.000 0.000 0.000 0.000 0.000 0.000 0.000 0.000 0.000 0.236 0.289 0.336 0.356
0.001 0.001 0.001 0.001 0.001 0.001 0.001 0.001 0.001 0.001 0.001 0.001 0.001 0.001 0.001 0.001 0.001 0.001 0.001 0.001 0.001 0.001 0.001 0.001 0.001 0.001 0.001 0.001 0.001 0.001 0.001 0.008 0.017 0.007 0.045 0.000 0.096 0.307 0.114 0.570 0.116 0.292 0.332 0.315 0.259 0.452 0.000 0.000 0.000 0.000 0.000 0.000 0.000 0.000 0.000 0.000 0.000 0.000 0.000 0.000 0.000 0.000 0.000 0.000 0.000 0.000 0.000 0.000 0.000 0.000 0.000 0.000 0.275 0.271 0.301 0.304 0.367
0.001 0.001 0.001 0.001 0.001 0.001 0.001 0.001 0.001 0.001 0.001 0.001 0.001 0.001 0.001 0.001 0.001 0.001 0.001 0.001 0.001 0.000 0.001 0.001 0.001 0.001 0.001 0.001 0.001 0.001 0.001 0.004 0.013 0.004 0.046 0.000 0.085 0.309 0.333 0.326 0.536 0.093 0.300 0.391 0.358 0.396 0.000 0.000 0.000 0.000 0.000 0.000 0.000 0.000 0.000 0.000 0.000 0.000 0.000 0.000 0.000 0.000 0.000 0.000 0.000 0.000 0.000 0.000 0.000 0.000 0.000 0.000 0.276 0.278 0.347 0.382 0.366
0.005 0.005 0.004 0.002 0.002 0.001 0.000 0.000 0.001 0.001 0.001 0.001 0.001 0.001 0.001 0.001 0.001 0.001 0.001 0.001 0.001 0.001 0.001 0.001 0.001 0.001 0.001 0.001 0.001 0.001 0.000 0.001 0.010 0.044 0.072 0.042 0.008 0.087 0.510 0.258 0.262 0.465 0.265 0.367 0.362 0.461 0.370 0.250 0.000 0.000 0.000 0.000 0.000 0.000 0.000 0.000 0.000 0.000 0.000 0.000 0.000 0.000 0.000 0.000 0.000 0.000 0.000 0.000 0.000 0.000 0.000 0.000 0.328 0.278 0.336 0.386 0.402
0.000 0.000 0.003 0.002 0.002 0.003 0.000 0.000 0.000 0.000 0.001 0.001 0.001 0.001 0.001 0.001 0.001 0.001 0.001 0.001 0.001 0.001 0.001 0.001 0.001 0.001 0.001 0.001 0.001 0.001 0.001 0.005 0.002 0.067 0.018 0.035 0.014 0.062 0.319 0.561 0.180 0.290 0.314 0.402 0.337 0.509 0.438 0.371 0.397 0.520 0.374 0.039 0.000 0.000 0.000 0.000 0.000 0.000 0.000 0.000 0.000 0.000 0.000 0.000 0.000 0.000 0.000 0.000 0.000 0.000 0.212 0.133 0.264 0.341 0.407 0.370 0.342
0.000 0.000 0.002 0.002 0.004 0.100 0.000 0.000 0.000 0.000 0.000 0.000 0.000 0.001 0.001 0.001 0.001 0.001 0.001 0.001 0.001 0.001 0.001 0.001 0.001 0.001 0.001 0.001 0.001 0.001 0.003 0.043 0.036 0.098 0.000 0.016 0.004 0.005 0.100 0.366 0.503 0.232 0.347 0.349 0.301 0.529 0.436 0.369 0.265 0.625 0.197 0.000 0.037 0.003 0.000 0.000 0.000 0.000 0.000 0.000 0.000 0.000 0.000 0.000 0.000 0.000 0.000 0.000 0.220 0.303 0.328 0.301 0.272 0.261 0.318 0.337 0.353
0.000 0.000 0.002 0.002 0.004 0.000 0.000 0.000 0.000 0.000 0.000 0.000 0.000 0.000 0.000 0.000 0.000 0.001 0.001 0.001 0.001 0.001 0.001 0.001 0.001 0.001 0.001 0.001 0.001 0.001 0.003 0.034 0.019 0.076 0.107 0.008 0.069 0.022 0.004 0.125 0.248 0.468 0.308 0.232 0.440 0.381 0.303 0.290 0.635 0.363 0.028 0.051 0.018 0.000 0.002 0.126 0.294 0.365 0.446 0.000 0.000 0.000 0.000 0.000 0.000 0.000 0.000 0.000 0.068 0.207 0.285 0.336 0.364 0.268 0.310 0.338 0.342
0.000 0.000 0.001 0.002 0.006 0.000 0.000 0.000 0.000 0.000 0.000 0.000 0.000 0.000 0.000 0.000 0.000 0.000 0.000 0.000 0.001 0.001 0.001 0.001 0.001 0.001 0.001 0.001 0.001 0.001 0.003 0.032 0.025 0.008 0.119 0.073 0.058 0.095 0.159 0.055 0.055 0.283 0.521 0.549 0.501 0.438 0.496 0.588 0.312 0.034 0.015 0.058 0.008 0.000 0.098 0.000 0.168 0.403 0.509 0.345 0.285 0.373 0.000 0.000 0.298 0.044 0.013 0.000 0.069 0.159 0.203 0.324 0.327 0.290 0.273 0.357 0.368
0.000 0.000 0.001 0.005 0.104 0.000 0.000 0.000 0.000 0.000 0.000 0.000 0.000 0.000 0.000 0.000 0.000 0.000 0.000 0.000 0.000 0.000 0.000 0.000 0.001 0.001 0.001 0.001 0.001 0.001 0.004 0.022 0.043 0.006 0.058 0.119 0.027 0.108 0.022 0.047 0.092 0.139 0.094 0.116 0.223 0.256 0.302 0.131 0.069 0.026 0.078 0.013 0.029 0.000 0.000 0.201 0.322 0.175 0.409 0.430 0.359 0.439 0.349 0.304 0.468 0.283 0.021 0.000 0.000 0.093 0.156 0.263 0.358 0.416 0.362 0.382 0.349
0.000 0.000 0.001 0.005 0.000 0.000 0.000 0.000 0.000 0.000 0.000 0.000 0.000 0.000 0.000 0.000 0.000 0.000 0.000 0.000 0.000 0.000 0.000 0.000 0.000 0.000 0.001 0.001 0.001 0.001 0.005 0.012 0.024 0.036 0.035 0.133 0.114 0.024 0.000 0.000 0.000 0.035 0.023 0.000 0.105 0.144 0.047 0.053 0.007 0.022 0.000 0.154 0.018 0.083 0.007 0.156 0.189 0.241 0.379 0.457 0.391 0.433 0.393 0.370 0.655 0.230 0.004 0.000 0.000 0.000 0.122 0.229 0.284 0.340 0.326 0.320 0.356
0.000 0.000 0.001 0.005 0.000 0.000 0.000 0.000 0.000 0.000 0.000 0.000 0.000 0.000 0.000 0.000 0.000 0.000 0.000 0.000 0.000 0.000 0.000 0.000 0.000 0.000 0.000 0.000 0.000 0.000 0.000 0.013 0.025 0.078 0.068 0.202 0.221 0.134 0.151 0.112 0.082 0.047 0.000 0.000 0.084 0.071 0.000 0.023 0.019 0.054 0.212 0.114 0.003 0.000 0.218 0.317 0.204 0.254 0.304 0.399 0.428 0.529 0.292 0.448 0.647 0.123 0.021 0.006 0.065 0.000 0.164 0.278 0.339 0.375 0.341 0.351 0.378
0.000 0.000 0.001 0.005 0.000 0.000 0.000 0.000 0.000 0.000 0.000 0.000 0.000 0.000 0.000 0.000 0.000 0.000 0.000 0.000 0.000 0.000 0.000 0.000 0.000 0.000 0.000 0.000 0.000 0.000 0.000 0.000 0.015 0.040 0.072 0.138 0.249 0.271 0.154 0.173 0.222 0.118 0.056 0.037 0.038 0.008 0.118 0.140 0.243 0.243 0.191 0.047 0.000 0.000 0.089 0.169 0.260 0.266 0.236 0.400 0.429 0.281 0.202 0.644 0.398 0.104 0.110 0.087 0.001 0.021 0.062 0.280 0.363 0.287 0.252 0.325 0.293
0.000 0.000 0.001 0.004 0.002 0.002 0.000 0.000 0.000 0.000 0.000 0.000 0.000 0.000 0.000 0.000 0.000 0.000 0.000 0.000 0.000 0.000 0.000 0.000 0.000 0.000 0.000 0.000 0.000 0.000 0.000 0.000 0.000 0.000 0.050 0.084 0.103 0.238 0.213 0.193 0.259 0.253 0.238 0.228 0.195 0.142 0.177 0.257 0.250 0.188 0.002 0.018 0.185 0.220 0.053 0.074 0.192 0.183 0.270 0.368 0.257 0.262 0.447 0.649 0.090 0.012 0.000 0.045 0.155 0.128 0.175 0.242 0.238 0.199 0.220 0.333 0.307
0.000 0.000 0.001 0.003 0.002 0.002 0.002 0.001 0.002 0.000 0.000 0.000 0.000 0.000 0.000 0.000 0.000 0.000 0.000 0.000 0.000 0.000 0.000 0.000 0.000 0.000 0.000 0.000 0.000 0.000 0.000 0.000 0.000 0.000 0.000 0.000 0.122 0.149 0.240 0.302 0.310 0.361 0.318 0.318 0.218 0.206 0.124 0.041 0.016 0.001 0.125 0.288 0.199 0.073 0.017 0.156 0.385 0.392 0.193 0.126 0.220 0.282 0.738 0.284 0.079 0.036 0.023 0.000 0.032 0.209 0.277 0.275 0.331 0.265 0.216 0.253 0.256
0.000 0.000 0.001 0.002 0.003 0.004 0.004 0.003 0.002 0.002 0.002 0.000 0.000 0.000 0.000 0.000 0.000 0.000 0.000 0.000 0.000 0.000 0.000 0.000 0.000 0.000 0.000 0.000 0.000 0.000 0.000 0.000 0.000 0.000 0.000 0.000 0.000 0.000 0.012 0.043 0.225 0.317 0.330 0.317 0.333 0.291 0.233 0.217 0.233 0.261 0.250 0.115 0.004 0.000 0.235 0.407 0.327 0.159 0.176 0.246 0.287 0.608 0.556 0.086 0.014 0.007 0.023 0.026 0.016 0.012 0.267 0.424 0.339 0.284 0.234 0.286 0.214
0.000 0.000 0.001 0.002 0.000 0.000 0.000 0.003 0.004 0.004 0.003 0.002 0.002 0.003 0.000 0.000 0.000 0.000 0.000 0.000 0.000 0.000 0.000 0.000 0.000 0.000 0.000 0.000 0.000 0.000 0.000 0.000 0.000 0.000 0.000 0.000 0.000 0.000 0.000 0.093 0.132 0.081 0.081 0.084 0.145 0.226 0.264 0.274 0.247 0.123 0.026 0.006 0.014 0.137 0.280 0.198 0.184 0.149 0.191 0.394 0.606 0.622 0.252 0.048 0.051 0.045 0.003 0.000 0.000 0.000 0.106 0.330 0.455 0.310 0.266 0.288 0.266
0.000 0.000 0.001 0.002 0.000 0.000 0.000 0.000 0.000 0.000 0.003 0.004 0.005 0.005 0.007 0.000 0.001 0.001 0.000 0.000 0.000 0.000 0.000 0.000 0.000 0.000 0.000 0.000 0.000 0.000 0.000 0.000 0.000 0.000 0.000 0.000 0.000 0.000 0.000 0.000 0.032 0.000 0.000 0.000 0.004 0.009 0.035 0.019 0.020 0.006 0.001 0.000 0.014 0.212 0.220 0.238 0.086 0.030 0.417 0.419 0.510 0.455 0.250 0.046 0.085 0.109 0.064 0.100 0.107 0.024 0.163 0.361 0.578 0.361 0.313 0.259 0.192
0.000 0.000 0.001 0.002 0.001 0.001 0.001 0.000 0.000 0.000 0.000 0.000 0.004 0.005 0.008 0.006 0.005 0.004 0.006 0.000 0.000 0.000 0.000 0.000 0.000 0.000 0.000 0.000 0.000 0.000 0.000 0.000 0.000 0.000 0.000 0.000 0.000 0.000 0.000 0.000 0.048 0.111 0.048 0.017 0.013 0.000 0.000 0.007 0.000 0.002 0.000 0.043 0.141 0.244 0.264 0.142 0.232 0.423 0.643 0.221 0.143 0.403 0.426 0.111 0.060 0.087 0.059 0.036 0.011 0.001 0.099 0.291 0.481 0.368 0.330 0.244 0.177
0.000 0.000 0.001 0.001 0.002 0.000 0.001 0.001 0.001 0.001 0.000 0.000 0.000 0.000 0.000 0.004 0.004 0.004 0.005 0.004 0.004 0.003 0.004 0.041 0.000 0.000 0.000 0.000 0.000 0.000 0.000 0.000 0.000 0.000 0.000 0.000 0.000 0.000 0.000 0.067 0.201 0.173 0.169 0.132 0.105 0.163 0.134 0.120 0.104 0.143 0.154 0.130 0.121 0.092 0.204 0.361 0.662 0.588 0.168 0.091 0.102 0.195 0.408 0.370 0.125 0.136 0.140 0.004 0.000 0.086 0.134 0.240 0.432 0.453 0.272 0.142 0.206
0.000 0.000 0.001 0.004 0.134 0.000 0.000 0.001 0.001 0.002 0.001 0.001 0.001 0.000 0.000 0.000 0.003 0.005 0.005 0.004 0.004 0.004 0.007 0.000 0.000 0.000 0.000 0.000 0.000 0.000 0.000 0.000 0.000 0.000 0.000 0.000 0.000 0.000 0.003 0.084 0.089 0.132 0.173 0.190 0.183 0.167 0.140 0.067 0.074 0.061 0.090 0.140 0.120 0.246 0.432 0.705 0.523 0.228 0.090 0.004 0.016 0.010 0.208 0.251 0.309 0.091 0.172 0.025 0.006 0.087 0.223 0.203 0.435 0.460 0.290 0.303 0.194
0.000 0.000 0.002 0.135 0.000 0.000 0.000 0.000 0.000 0.000 0.001 0.001 0.003 0.036 0.073 0.000 0.000 0.000 0.003 0.003 0.003 0.004 0.008 0.000 0.000 0.000 0.000 0.000 0.000 0.000 0.000 0.000 0.000 0.000 0.000 0.000 0.000 0.000 0.001 0.025 0.122 0.190 0.252 0.306 0.299 0.252 0.210 0.183 0.160 0.200 0.263 0.255 0.317 0.562 0.720 0.394 0.079 0.058 0.178 0.118 0.118 0.019 0.117 0.039 0.335 0.298 0.144 0.036 0.194 0.248 0.289 0.214 0.504 0.504 0.292 0.172 0.125
0.000 0.000 0.002 0.000 0.000 0.000 0.000 0.000 0.000 0.000 0.000 0.018 0.000 0.052 0.000 0.000 0.000 0.000 0.002 0.003 0.003 0.004 0.009 0.000 0.000 0.000 0.000 0.000 0.000 0.000 0.000 0.000 0.000 0.000 0.000 0.000 0.000 0.002 0.008 0.018 0.036 0.098 0.176 0.235 0.329 0.390 0.407 0.437 0.461 0.436 0.481 0.531 0.516 0.435 0.191 0.187 0.177 0.307 0.262 0.103 0.000 0.028 0.254 0.322 0.095 0.205 0.049 0.240 0.272 0.296 0.145 0.189 0.525 0.334 0.146 0.182 0.165
0.000 0.000 0.003 0.000 0.000 0.000 0.000 0.000 0.000 0.000 0.000 0.000 0.000 0.000 0.000 0.000 0.000 0.000 0.000 0.002 0.003 0.004 0.011 0.000 0.000 0.000 0.000 0.000 0.000 0.000 0.000 0.000 0.000 0.000 0.000 0.000 0.005 0.004 0.007 0.020 0.022 0.035 0.023 0.049 0.100 0.104 0.153 0.174 0.252 0.261 0.298 0.267 0.191 0.202 0.171 0.214 0.317 0.366 0.323 0.130 0.091 0.059 0.018 0.004 0.094 0.162 0.268 0.368 0.452 0.218 0.164 0.467 0.476 0.218 0.111 0.215 0.234
0.000 0.000 0.003 0.004 0.000 0.000 0.000 0.000 0.000 0.000 0.000 0.000 0.000 0.000 0.000 0.000 0.000 0.000 0.000 0.000 0.002 0.004 0.008 0.010 0.000 0.000 0.000 0.000 0.000 0.000 0.000 0.000 0.000 0.000 0.000 0.000 0.013 0.000 0.026 0.015 0.017 0.005 0.006 0.064 0.031 0.017 0.088 0.083 0.185 0.143 0.207 0.000 0.000 0.000 0.184 0.231 0.242 0.314 0.329 0.105 0.122 0.000 0.004 0.020 0.000 0.149 0.380 0.478 0.325 0.371 0.435 0.542 0.337 0.119 0.065 0.212 0.325
0.000 0.000 0.002 0.003 0.004 0.000 0.000 0.000 0.000 0.000 0.000 0.000 0.000 0.000 0.000 0.000 0.000 0.000 0.000 0.000 0.000 0.000 0.005 0.007 0.006 0.009 0.000 0.000 0.000 0.000 0.000 0.000 0.000 0.000 0.000 0.001 0.014 0.012 0.032 0.008 0.000 0.000 0.032 0.018 0.023 0.067 0.087 0.112 0.213 0.262 0.276 0.000 0.000 0.000 0.000 0.000 0.000 0.000 0.178 0.054 0.074 0.028 0.100 0.121 0.207 0.280 0.288 0.340 0.417 0.564 0.500 0.454 0.166 0.070 0.065 0.355 0.383
0.000 0.000 0.001 0.002 0.003 0.003 0.002 0.004 0.000 0.000 0.000 0.000 0.000 0.000 0.000 0.000 0.000 0.000 0.000 0.000 0.000 0.000 0.003 0.004 0.005 0.007 0.007 0.011 0.000 0.000 0.000 0.000 0.000 0.000 0.000 0.001 0.010 0.064 0.002 0.061 0.040 0.007 0.006 0.041 0.049 0.000 0.110 0.162 0.218 0.313 0.265 0.000 0.000 0.000 0.000 0.000 0.000 0.000 0.000 0.000 0.000 0.193 0.379 0.149 0.236 0.266 0.426 0.425 0.579 0.538 0.396 0.170 0.145 0.005 0.222 0.482 0.480
0.000 0.000 0.001 0.001 0.002 0.002 0.002 0.003 0.002 0.004 0.000 0.000 0.000 0.000 0.000 0.000 0.000 0.000 0.000 0.000 0.000 0.000 0.002 0.003 0.005 0.006 0.007 0.010 0.014 0.000 0.000 0.000 0.000 0.000 0.001 0.001 0.004 0.087 0.030 0.066 0.075 0.088 0.077 0.060 0.135 0.113 0.190 0.251 0.326 0.410 0.000 0.000 0.000 0.000 0.000 0.000 0.000 0.000 0.000 0.000 0.000 0.000 0.301 0.282 0.310 0.378 0.381 0.300 0.620 0.445 0.229 0.197 0.159 0.091 0.298 0.550 0.375
0.000 0.000 0.000 0.001 0.001 0.001 0.002 0.002 0.002 0.003 0.003 0.029 0.000 0.000 0.000 0.000 0.000 0.000 0.000 0.000 0.000 0.000 0.010 0.000 0.000 0.000 0.000 0.000 0.010 0.009 0.012 0.000 0.000 0.001 0.001 0.001 0.014 0.068 0.109 0.013 0.000 0.056 0.096 0.103 0.152 0.138 0.244 0.206 0.372 0.429 0.000 0.000 0.000 0.000 0.000 0.000 0.000 0.000 0.000 0.000 0.000 0.240 0.285 0.336 0.307 0.324 0.221 0.516 0.637 0.269 0.101 0.128 0.023 0.209 0.524 0.494 0.275
0.000 0.000 0.000 0.001 0.001 0.001 0.001 0.001 0.002 0.002 0.004 0.037 0.073 0.000 0.000 0.000 0.000 0.000 0.000 0.000 0.000 0.000 0.000 0.000 0.000 0.000 0.000 0.000 0.000 0.006 0.009 0.007 0.006 0.006 0.006 0.012 0.033 0.028 0.080 0.148 0.075 0.016 0.068 0.157 0.163 0.128 0.203 0.203 0.215 0.000 0.000 0.000 0.000 0.000 0.000 0.000 0.000 0.000 0.000 0.000 0.000 0.310 0.393 0.284 0.302 0.266 0.447 0.717 0.287 0.155 0.198 0.178 0.271 0.442 0.556 0.411 0.309
0.000 0.000 0.000 0.000 0.001 0.001 0.001 0.001 0.001 0.002 0.008 0.045 0.081 0.000 0.000 0.000 0.000 0.000 0.000 0.000 0.000 0.000 0.000 0.000 0.000 0.000 0.000 0.000 0.000 0.000 0.005 0.005 0.006 0.009 0.010 0.032 0.006 0.036 0.035 0.108 0.139 0.120 0.019 0.055 0.205 0.222 0.211 0.177 0.186 0.000 0.000 0.000 0.000 0.000 0.000 0.000 0.000 0.000 0.000 0.000 0.000 0.458 0.421 0.447 0.392 0.561 0.742 0.274 0.175 0.233 0.195 0.243 0.399 0.532 0.554 0.282 0.333
0.000 0.000 0.000 0.000 0.000 0.001 0.001 0.001 0.001 0.002 0.013 0.000 0.000 0.000 0.000 0.000 0.000 0.000 0.000 0.000 0.000 0.000 0.000 0.000 0.000 0.000 0.000 0.000 0.000 0.000 0.003 0.003 0.007 0.021 0.000 0.000 0.000 0.000 0.000 0.000 0.007 0.031 0.127 0.084 0.130 0.126 0.256 0.230 0.000 0.000 0.000 0.000 0.000 0.000 0.000 0.000 0.000 0.000 0.000 0.000 0.061 0.302 0.341 0.344 0.444 0.460 0.295 0.221 0.246 0.247 0.169 0.322 0.569 0.564 0.366 0.327 0.418
0.000 0.000 0.000 0.000 0.000 0.000 0.001 0.001 0.001 0.001 0.021 0.000 0.000 0.000 0.000 0.000 0.000 0.000 0.000 0.000 0.000 0.000 0.000 0.000 0.000 0.000 0.000 0.000 0.000 0.000 0.002 0.002 0.017 0.000 0.000 0.000 0.000 0.000 0.000 0.000 0.000 0.003 0.068 0.205 0.245 0.165 0.217 0.305 0.000 0.000 0.000 0.000 0.000 0.000 0.000 0.000 0.000 0.000 0.000 0.000 0.146 0.199 0.243 0.246 0.308 0.267 0.370 0.383 0.370 0.257 0.299 0.570 0.530 0.372 0.314 0.383 0.434
