数据/2hours/0.1-2h-200y/coupled-161-0001.wd
ncols         694
nrows         824
xllcorner     581104.939801
yllcorner     3495917.092414
cellsize      2.000000
NODATA_value  -9999.000000
[rows 442 to 475 of 824, columns 385 to 461 of 694]
0.000 0.000 0.000 0.065 0.060 0.054 0.048 0.042 0.037 0.031 0.025 0.019 0.014 0.009 0.004 0.001 0.001 0.001 0.001 0.001 0.001 0.001 0.001 0.001 0.004 0.006 0.018 0.021 0.030 0.041 0.046 0.043 0.040 0.042 0.000 0.000 0.000 0.000 0.000 0.000 0.000 0.000 0.000 0.000 0.000 0.000 0.014 0.021 0.028 0.035 0.043 0.049 0.057 0.064 0.071 0.078 0.085 0.093 0.099 0.107 0.114 0.122 0.129 0.136 0.142 0.150 0.156 0.164 0.169 0.178 0.000 0.000 0.000 0.000 0.000 0.000 0.000
0.000 0.000 0.000 0.000 0.000 0.065 0.059 0.053 0.047 0.041 0.035 0.030 0.024 0.018 0.013 0.007 0.003 0.001 0.001 0.001 0.001 0.001 0.001 0.001 0.004 0.008 0.015 0.028 0.034 0.040 0.043 0.044 0.043 0.041 0.000 0.000 0.000 0.000 0.000 0.000 0.000 0.000 0.000 0.000 0.000 0.000 0.027 0.034 0.041 0.048 0.055 0.063 0.069 0.078 0.085 0.091 0.098 0.106 0.113 0.121 0.128 0.134 0.142 0.148 0.156 0.162 0.168 0.175 0.182 0.190 0.195 0.196 0.000 0.000 0.000 0.000 0.000
0.000 0.000 0.000 0.000 0.000 0.000 0.000 0.063 0.057 0.052 0.046 0.039 0.033 0.028 0.022 0.016 0.010 0.005 0.001 0.001 0.001 0.001 0.001 0.001 0.004 0.008 0.019 0.026 0.037 0.041 0.040 0.040 0.043 0.000 0.000 0.000 0.000 0.000 0.000 0.000 0.000 0.000 0.000 0.000 0.000 0.000 0.040 0.047 0.054 0.061 0.068 0.075 0.082 0.090 0.097 0.105 0.112 0.120 0.127 0.134 0.141 0.148 0.155 0.161 0.168 0.175 0.181 0.189 0.194 0.201 0.209 0.205 0.200 0.196 0.190 0.000 0.000
0.000 0.000 0.000 0.000 0.000 0.000 0.000 0.000 0.064 0.062 0.056 0.049 0.044 0.038 0.031 0.025 0.019 0.013 0.007 0.002 0.001 0.001 0.001 0.001 0.004 0.008 0.018 0.031 0.043 0.041 0.042 0.041 0.041 0.000 0.000 0.000 0.000 0.000 0.000 0.000 0.000 0.000 0.000 0.000 0.000 0.000 0.053 0.061 0.067 0.073 0.081 0.088 0.096 0.000 0.000 0.000 0.000 0.133 0.000 0.000 0.154 0.161 0.168 0.176 0.181 0.187 0.195 0.201 0.209 0.215 0.217 0.212 0.207 0.203 0.198 0.195 0.190
0.000 0.000 0.000 0.000 0.000 0.000 0.000 0.000 0.000 0.000 0.061 0.057 0.054 0.047 0.041 0.035 0.028 0.022 0.015 0.009 0.003 0.001 0.001 0.001 0.004 0.008 0.017 0.027 0.035 0.040 0.037 0.034 0.039 0.000 0.000 0.000 0.000 0.000 0.000 0.000 0.000 0.000 0.000 0.000 0.000 0.000 0.000 0.000 0.000 0.088 0.094 0.102 0.108 0.000 0.000 0.000 0.000 0.000 0.000 0.000 0.000 0.000 0.000 0.000 0.194 0.202 0.208 0.214 0.220 0.228 0.224 0.220 0.215 0.211 0.205 0.202 0.198
0.000 0.000 0.000 0.000 0.000 0.000 0.000 0.000 0.000 0.000 0.000 0.061 0.058 0.054 0.050 0.045 0.038 0.031 0.024 0.016 0.010 0.004 0.001 0.001 0.003 0.007 0.015 0.025 0.032 0.034 0.036 0.032 0.029 0.023 0.018 0.018 0.000 0.000 0.000 0.000 0.000 0.000 0.000 0.000 0.000 0.000 0.000 0.000 0.000 0.000 0.000 0.000 0.000 0.000 0.000 0.000 0.000 0.000 0.000 0.000 0.000 0.000 0.000 0.000 0.000 0.000 0.000 0.000 0.232 0.236 0.231 0.226 0.223 0.218 0.214 0.209 0.205
0.000 0.000 0.000 0.000 0.000 0.000 0.000 0.000 0.000 0.000 0.000 0.000 0.000 0.057 0.054 0.049 0.044 0.040 0.032 0.025 0.017 0.010 0.004 0.002 0.002 0.006 0.014 0.018 0.026 0.032 0.029 0.026 0.026 0.019 0.015 0.013 0.009 0.006 0.004 0.004 0.000 0.000 0.000 0.000 0.000 0.000 0.000 0.000 0.000 0.000 0.000 0.000 0.000 0.000 0.000 0.000 0.000 0.000 0.000 0.000 0.000 0.000 0.000 0.000 0.000 0.000 0.000 0.000 0.000 0.000 0.000 0.233 0.229 0.225 0.221 0.217 0.212
0.000 0.000 0.000 0.000 0.000 0.000 0.000 0.000 0.000 0.000 0.000 0.000 0.000 0.000 0.000 0.051 0.047 0.042 0.037 0.031 0.025 0.017 0.010 0.005 0.004 0.004 0.009 0.013 0.014 0.022 0.023 0.025 0.018 0.013 0.014 0.013 0.010 0.007 0.006 0.005 0.003 0.002 0.002 0.000 0.000 0.000 0.000 0.000 0.000 0.000 0.000 0.000 0.000 0.000 0.000 0.000 0.000 0.000 0.000 0.000 0.000 0.000 0.000 0.000 0.000 0.000 0.000 0.000 0.000 0.000 0.000 0.000 0.000 0.000 0.000 0.225 0.218
0.000 0.000 0.000 0.000 0.000 0.000 0.000 0.000 0.000 0.000 0.000 0.000 0.000 0.000 0.000 0.000 0.049 0.046 0.038 0.032 0.026 0.021 0.016 0.010 0.006 0.006 0.006 0.010 0.011 0.015 0.018 0.014 0.012 0.015 0.015 0.012 0.010 0.008 0.007 0.006 0.005 0.004 0.003 0.002 0.001 0.001 0.001 0.000 0.000 0.000 0.000 0.000 0.000 0.000 0.000 0.000 0.000 0.000 0.000 0.000 0.000 0.000 0.000 0.000 0.000 0.000 0.000 0.000 0.000 0.000 0.000 0.000 0.000 0.000 0.000 0.000 0.000
0.000 0.000 0.000 0.000 0.000 0.000 0.000 0.000 0.000 0.000 0.000 0.000 0.000 0.000 0.000 0.000 0.000 0.000 0.034 0.030 0.026 0.021 0.017 0.011 0.008 0.008 0.007 0.010 0.013 0.012 0.012 0.012 0.015 0.016 0.014 0.012 0.010 0.009 0.008 0.007 0.006 0.005 0.004 0.003 0.002 0.002 0.001 0.001 0.001 0.001 0.001 0.001 0.001 0.001 0.001 0.000 0.000 0.000 0.000 0.000 0.000 0.000 0.000 0.000 0.000 0.000 0.000 0.000 0.000 0.000 0.000 0.000 0.000 0.000 0.000 0.000 0.000
0.000 0.000 0.000 0.000 0.000 0.000 0.000 0.000 0.000 0.000 0.000 0.000 0.000 0.000 0.000 0.000 0.000 0.000 0.032 0.029 0.025 0.021 0.015 0.000 0.007 0.007 0.007 0.008 0.010 0.012 0.013 0.015 0.016 0.014 0.013 0.012 0.011 0.010 0.009 0.007 0.007 0.006 0.005 0.004 0.003 0.002 0.002 0.001 0.001 0.001 0.001 0.001 0.001 0.001 0.001 0.001 0.001 0.001 0.000 0.000 0.000 0.000 0.000 0.000 0.000 0.000 0.000 0.000 0.000 0.000 0.000 0.000 0.000 0.000 0.000 0.000 0.000
0.000 0.000 0.000 0.000 0.000 0.000 0.000 0.000 0.000 0.000 0.000 0.000 0.000 0.000 0.000 0.000 0.000 0.000 0.029 0.027 0.024 0.020 0.015 0.010 0.008 0.006 0.006 0.005 0.000 0.010 0.012 0.014 0.014 0.014 0.013 0.012 0.012 0.011 0.010 0.009 0.009 0.008 0.007 0.005 0.004 0.000 0.002 0.002 0.002 0.002 0.001 0.001 0.001 0.001 0.001 0.001 0.001 0.001 0.001 0.001 0.001 0.000 0.000 0.000 0.000 0.000 0.000 0.000 0.000 0.000 0.000 0.000 0.000 0.000 0.000 0.000 0.000
0.000 0.000 0.000 0.000 0.000 0.000 0.000 0.000 0.000 0.000 0.000 0.000 0.000 0.000 0.000 0.000 0.000 0.000 0.028 0.026 0.023 0.019 0.016 0.013 0.010 0.007 0.005 0.004 0.004 0.007 0.009 0.011 0.012 0.012 0.013 0.014 0.014 0.013 0.012 0.013 0.012 0.011 0.009 0.008 0.006 0.005 0.004 0.004 0.003 0.003 0.002 0.002 0.002 0.001 0.001 0.001 0.001 0.001 0.001 0.001 0.001 0.001 0.001 0.001 0.001 0.000 0.000 0.000 0.000 0.000 0.000 0.000 0.000 0.000 0.000 0.000 0.000
0.000 0.000 0.000 0.000 0.000 0.000 0.000 0.000 0.000 0.000 0.000 0.000 0.000 0.000 0.000 0.000 0.000 0.023 0.025 0.024 0.022 0.019 0.016 0.014 0.011 0.008 0.005 0.005 0.005 0.006 0.008 0.010 0.011 0.012 0.013 0.014 0.014 0.014 0.015 0.016 0.015 0.014 0.013 0.011 0.010 0.009 0.008 0.007 0.006 0.005 0.004 0.004 0.003 0.003 0.003 0.002 0.002 0.002 0.002 0.002 0.001 0.001 0.001 0.001 0.002 0.003 0.001 0.001 0.001 0.000 0.000 0.000 0.000 0.000 0.000 0.000 0.000
0.000 0.000 0.000 0.000 0.000 0.000 0.000 0.000 0.000 0.000 0.000 0.000 0.000 0.000 0.000 0.000 0.000 0.025 0.024 0.023 0.021 0.019 0.017 0.014 0.011 0.009 0.005 0.005 0.006 0.007 0.008 0.009 0.011 0.012 0.013 0.014 0.014 0.016 0.017 0.017 0.017 0.016 0.015 0.015 0.014 0.013 0.013 0.012 0.010 0.009 0.008 0.007 0.007 0.006 0.005 0.005 0.005 0.004 0.004 0.004 0.004 0.004 0.005 0.005 0.008 0.007 0.002 0.001 0.001 0.001 0.001 0.001 0.000 0.000 0.000 0.000 0.000
0.000 0.000 0.000 0.000 0.000 0.000 0.000 0.000 0.000 0.000 0.000 0.000 0.000 0.000 0.000 0.000 0.000 0.026 0.024 0.023 0.021 0.019 0.017 0.014 0.012 0.009 0.006 0.006 0.007 0.008 0.009 0.010 0.011 0.013 0.014 0.015 0.017 0.018 0.019 0.019 0.018 0.018 0.018 0.018 0.017 0.017 0.017 0.016 0.015 0.014 0.014 0.013 0.012 0.012 0.011 0.011 0.010 0.010 0.010 0.011 0.012 0.013 0.014 0.016 0.019 0.011 0.005 0.001 0.001 0.001 0.001 0.001 0.001 0.001 0.001 0.001 0.000
0.000 0.000 0.000 0.000 0.000 0.000 0.000 0.000 0.000 0.000 0.000 0.000 0.000 0.000 0.000 0.000 0.000 0.027 0.025 0.023 0.021 0.019 0.017 0.015 0.013 0.009 0.007 0.007 0.008 0.008 0.009 0.011 0.012 0.014 0.016 0.018 0.020 0.022 0.022 0.022 0.022 0.022 0.022 0.021 0.021 0.021 0.021 0.020 0.019 0.018 0.018 0.017 0.017 0.017 0.018 0.019 0.019 0.020 0.020 0.021 0.022 0.024 0.026 0.028 0.025 0.000 0.004 0.001 0.001 0.001 0.001 0.001 0.001 0.001 0.001 0.001 0.001
0.000 0.000 0.000 0.000 0.000 0.000 0.000 0.000 0.000 0.000 0.000 0.000 0.000 0.000 0.000 0.000 0.026 0.026 0.025 0.024 0.022 0.020 0.018 0.016 0.013 0.009 0.008 0.008 0.008 0.009 0.010 0.012 0.014 0.017 0.020 0.022 0.025 0.026 0.027 0.027 0.027 0.027 0.026 0.026 0.025 0.026 0.026 0.025 0.024 0.023 0.023 0.023 0.022 0.023 0.023 0.025 0.027 0.028 0.030 0.033 0.036 0.038 0.039 0.041 0.030 0.016 0.006 0.004 0.003 0.002 0.001 0.001 0.001 0.001 0.001 0.001 0.001
0.000 0.000 0.000 0.000 0.000 0.000 0.000 0.000 0.000 0.000 0.000 0.000 0.000 0.000 0.000 0.000 0.028 0.027 0.026 0.025 0.023 0.021 0.018 0.016 0.013 0.008 0.008 0.009 0.009 0.010 0.011 0.014 0.017 0.020 0.024 0.028 0.032 0.034 0.034 0.034 0.033 0.032 0.031 0.030 0.030 0.030 0.030 0.029 0.028 0.028 0.028 0.028 0.028 0.029 0.030 0.032 0.034 0.036 0.038 0.041 0.044 0.047 0.049 0.048 0.053 0.046 0.037 0.029 0.021 0.016 0.011 0.008 0.006 0.003 0.001 0.001 0.001
0.000 0.000 0.000 0.000 0.000 0.000 0.000 0.000 0.000 0.000 0.000 0.000 0.000 0.000 0.000 0.000 0.029 0.028 0.027 0.025 0.023 0.021 0.019 0.016 0.012 0.009 0.009 0.010 0.011 0.012 0.014 0.018 0.023 0.028 0.033 0.037 0.041 0.043 0.042 0.040 0.039 0.038 0.037 0.036 0.035 0.035 0.034 0.034 0.033 0.033 0.033 0.034 0.034 0.035 0.037 0.039 0.042 0.045 0.048 0.051 0.054 0.051 0.047 0.043 0.047 0.050 0.052 0.054 0.055 0.045 0.036 0.028 0.023 0.019 0.014 0.010 0.006
0.135 0.131 0.127 0.000 0.000 0.000 0.000 0.000 0.000 0.000 0.000 0.000 0.000 0.000 0.000 0.031 0.031 0.030 0.028 0.027 0.024 0.022 0.019 0.016 0.012 0.010 0.010 0.011 0.013 0.015 0.020 0.025 0.032 0.038 0.043 0.047 0.052 0.054 0.051 0.045 0.044 0.043 0.043 0.041 0.040 0.039 0.039 0.039 0.038 0.038 0.038 0.039 0.041 0.042 0.044 0.047 0.050 0.053 0.057 0.057 0.053 0.050 0.046 0.039 0.042 0.043 0.045 0.047 0.049 0.052 0.053 0.056 0.056 0.049 0.041 0.033 0.026
0.140 0.135 0.130 0.123 0.118 0.115 0.000 0.000 0.000 0.000 0.000 0.000 0.000 0.000 0.000 0.038 0.036 0.034 0.032 0.029 0.027 0.024 0.020 0.016 0.012 0.011 0.012 0.013 0.016 0.022 0.029 0.036 0.043 0.049 0.054 0.058 0.063 0.067 0.000 0.046 0.049 0.050 0.049 0.045 0.044 0.044 0.043 0.043 0.044 0.044 0.044 0.046 0.047 0.050 0.052 0.055 0.059 0.060 0.057 0.054 0.052 0.048 0.044 0.038 0.038 0.039 0.040 0.041 0.043 0.044 0.046 0.050 0.054 0.059 0.062 0.066 0.060
0.144 0.138 0.134 0.127 0.122 0.117 0.110 0.106 0.102 0.100 0.000 0.000 0.000 0.000 0.000 0.042 0.040 0.037 0.034 0.032 0.030 0.028 0.022 0.016 0.012 0.013 0.015 0.019 0.024 0.030 0.037 0.045 0.052 0.059 0.065 0.068 0.074 0.000 0.000 0.000 0.000 0.000 0.000 0.045 0.049 0.049 0.047 0.048 0.049 0.050 0.050 0.052 0.055 0.057 0.060 0.063 0.060 0.057 0.055 0.052 0.049 0.045 0.042 0.036 0.034 0.034 0.035 0.036 0.037 0.038 0.039 0.042 0.047 0.051 0.055 0.058 0.061
0.000 0.000 0.000 0.129 0.125 0.121 0.115 0.111 0.107 0.103 0.097 0.093 0.088 0.000 0.000 0.050 0.047 0.041 0.037 0.032 0.030 0.028 0.026 0.018 0.014 0.017 0.022 0.027 0.034 0.041 0.048 0.054 0.062 0.069 0.075 0.000 0.000 0.000 0.000 0.000 0.000 0.000 0.000 0.000 0.000 0.000 0.049 0.053 0.055 0.056 0.055 0.058 0.061 0.065 0.062 0.059 0.057 0.055 0.052 0.049 0.046 0.042 0.038 0.033 0.030 0.030 0.030 0.030 0.031 0.032 0.033 0.036 0.040 0.043 0.047 0.050 0.053
0.000 0.000 0.000 0.000 0.000 0.000 0.118 0.115 0.112 0.107 0.101 0.096 0.090 0.080 0.069 0.057 0.050 0.045 0.039 0.034 0.032 0.027 0.025 0.021 0.017 0.020 0.027 0.034 0.042 0.050 0.057 0.064 0.071 0.078 0.000 0.000 0.000 0.000 0.000 0.000 0.000 0.000 0.000 0.000 0.000 0.000 0.000 0.000 0.000 0.000 0.059 0.065 0.064 0.061 0.058 0.056 0.053 0.051 0.048 0.046 0.043 0.039 0.035 0.030 0.026 0.026 0.025 0.025 0.025 0.026 0.027 0.029 0.032 0.036 0.040 0.043 0.045
0.000 0.000 0.000 0.000 0.000 0.000 0.000 0.000 0.000 0.000 0.104 0.100 0.094 0.084 0.071 0.060 0.052 0.045 0.039 0.037 0.032 0.030 0.025 0.021 0.019 0.026 0.036 0.042 0.050 0.056 0.064 0.073 0.080 0.000 0.000 0.000 0.000 0.000 0.000 0.000 0.000 0.000 0.000 0.000 0.000 0.000 0.000 0.000 0.000 0.000 0.000 0.000 0.000 0.000 0.051 0.051 0.050 0.046 0.044 0.042 0.039 0.035 0.031 0.026 0.023 0.022 0.022 0.022 0.022 0.022 0.022 0.024 0.026 0.029 0.032 0.034 0.036
0.000 0.000 0.000 0.000 0.000 0.000 0.000 0.000 0.000 0.000 0.000 0.000 0.000 0.000 0.069 0.059 0.051 0.045 0.039 0.037 0.034 0.031 0.027 0.023 0.015 0.035 0.041 0.050 0.057 0.066 0.073 0.081 0.000 0.000 0.000 0.000 0.000 0.000 0.000 0.000 0.000 0.000 0.000 0.000 0.000 0.000 0.000 0.000 0.000 0.000 0.000 0.000 0.000 0.000 0.000 0.000 0.000 0.040 0.040 0.037 0.035 0.030 0.026 0.022 0.018 0.018 0.018 0.018 0.018 0.018 0.019 0.020 0.022 0.023 0.025 0.026 0.028
0.000 0.000 0.000 0.000 0.000 0.000 0.000 0.000 0.000 0.000 0.000 0.000 0.000 0.000 0.000 0.052 0.048 0.041 0.027 0.036 0.033 0.034 0.027 0.031 0.036 0.043 0.049 0.056 0.064 0.072 0.080 0.091 0.000 0.000 0.000 0.000 0.000 0.000 0.000 0.000 0.000 0.000 0.000 0.000 0.000 0.000 0.000 0.000 0.000 0.000 0.000 0.000 0.000 0.000 0.000 0.000 0.000 0.000 0.000 0.000 0.000 0.022 0.021 0.018 0.014 0.014 0.013 0.013 0.013 0.013 0.014 0.015 0.017 0.018 0.020 0.021 0.022
0.000 0.000 0.000 0.000 0.000 0.000 0.000 0.000 0.000 0.000 0.000 0.000 0.000 0.000 0.047 0.050 0.046 0.042 0.040 0.038 0.037 0.035 0.031 0.036 0.043 0.049 0.056 0.060 0.068 0.076 0.088 0.097 0.000 0.000 0.000 0.000 0.000 0.000 0.000 0.000 0.000 0.000 0.000 0.000 0.000 0.000 0.000 0.000 0.000 0.000 0.000 0.000 0.000 0.000 0.000 0.000 0.000 0.000 0.000 0.000 0.000 0.000 0.000 0.000 0.005 0.006 0.007 0.007 0.007 0.007 0.008 0.009 0.010 0.011 0.012 0.014 0.015
0.000 0.000 0.000 0.000 0.000 0.000 0.000 0.000 0.000 0.000 0.000 0.000 0.000 0.000 0.053 0.051 0.049 0.046 0.040 0.042 0.037 0.038 0.033 0.043 0.052 0.057 0.062 0.070 0.076 0.084 0.095 0.104 0.000 0.000 0.000 0.000 0.000 0.000 0.000 0.000 0.000 0.000 0.000 0.000 0.000 0.000 0.000 0.000 0.000 0.000 0.000 0.000 0.000 0.000 0.000 0.000 0.000 0.000 0.000 0.000 0.000 0.000 0.000 0.000 0.000 0.000 0.000 0.000 0.001 0.001 0.002 0.002 0.003 0.004 0.005 0.006 0.008
0.000 0.000 0.000 0.000 0.000 0.000 0.000 0.000 0.000 0.000 0.000 0.000 0.000 0.000 0.056 0.056 0.052 0.051 0.048 0.046 0.046 0.045 0.045 0.056 0.062 0.067 0.072 0.079 0.086 0.092 0.099 0.000 0.000 0.000 0.000 0.000 0.000 0.000 0.000 0.000 0.000 0.000 0.000 0.000 0.000 0.000 0.000 0.000 0.000 0.000 0.000 0.000 0.000 0.000 0.000 0.000 0.000 0.000 0.000 0.000 0.000 0.000 0.000 0.000 0.000 0.000 0.000 0.000 0.000 0.000 0.000 0.001 0.001 0.001 0.001 0.001 0.002
0.000 0.000 0.000 0.000 0.000 0.000 0.000 0.000 0.000 0.000 0.000 0.000 0.000 0.000 0.056 0.058 0.056 0.054 0.053 0.052 0.053 0.050 0.059 0.068 0.071 0.072 0.078 0.086 0.095 0.102 0.111 0.000 0.000 0.000 0.000 0.000 0.000 0.000 0.000 0.000 0.000 0.000 0.000 0.000 0.000 0.000 0.000 0.000 0.000 0.000 0.000 0.000 0.000 0.000 0.000 0.000 0.000 0.000 0.000 0.000 0.000 0.000 0.000 0.000 0.000 0.000 0.000 0.000 0.000 0.000 0.000 0.000 0.000 0.000 0.000 0.001 0.001
0.000 0.000 0.000 0.000 0.000 0.000 0.000 0.000 0.000 0.000 0.000 0.000 0.000 0.060 0.059 0.061 0.060 0.056 0.055 0.055 0.058 0.053 0.064 0.067 0.073 0.078 0.084 0.091 0.102 0.111 0.120 0.000 0.000 0.000 0.000 0.000 0.000 0.000 0.000 0.000 0.000 0.000 0.000 0.000 0.000 0.000 0.000 0.000 0.000 0.000 0.000 0.000 0.000 0.000 0.000 0.000 0.000 0.000 0.000 0.000 0.000 0.000 0.000 0.000 0.000 0.000 0.000 0.000 0.000 0.000 0.000 0.000 0.000 0.000 0.000 0.000 0.001
0.000 0.000 0.000 0.000 0.000 0.000 0.000 0.000 0.000 0.000 0.000 0.000 0.000 0.066 0.062 0.064 0.062 0.060 0.059 0.055 0.056 0.060 0.069 0.074 0.079 0.086 0.095 0.104 0.113 0.118 0.000 0.000 0.000 0.000 0.000 0.000 0.000 0.000 0.000 0.000 0.000 0.000 0.000 0.000 0.000 0.000 0.000 0.000 0.000 0.000 0.000 0.000 0.000 0.000 0.000 0.000 0.000 0.000 0.000 0.000 0.000 0.000 0.000 0.000 0.000 0.000 0.000 0.000 0.000 0.000 0.000 0.000 0.000 0.000 0.000 0.000 0.001
