数据/2hours/0.1-2h-200y/coupled-131-0001.wd
ncols         694
nrows         824
xllcorner     581104.939801
yllcorner     3495917.092414
cellsize      2.000000
NODATA_value  -9999.000000
[rows 544 to 577 of 824, columns 385 to 461 of 694]
0.204 0.240 0.234 0.207 0.201 0.250 0.286 0.297 0.269 0.257 0.000 0.000 0.000 0.000 0.000 0.000 0.000 0.000 0.000 0.000 0.000 0.000 0.000 0.000 0.000 0.000 0.000 0.000 0.000 0.000 0.000 0.000 0.000 0.000 0.000 0.000 0.000 0.000 0.000 0.000 0.000 0.000 0.001 0.001 0.001 0.003 0.015 0.068 0.152 0.236 0.317 0.403 0.478 0.552 0.620 0.689 0.761 0.000 0.000 0.000 0.000 0.000 0.000 0.000 0.000 0.000 0.000 0.000 0.000 0.000 0.000 0.000 0.000 0.000 0.000 0.000 0.000
0.212 0.253 0.250 0.235 0.228 0.229 0.266 0.301 0.292 0.273 0.000 0.000 0.000 0.000 0.000 0.000 0.000 0.000 0.000 0.000 0.000 0.000 0.000 0.000 0.000 0.000 0.000 0.000 0.000 0.000 0.000 0.000 0.000 0.000 0.000 0.000 0.000 0.000 0.000 0.000 0.000 0.000 0.001 0.001 0.002 0.004 0.027 0.111 0.172 0.248 0.330 0.418 0.495 0.575 0.645 0.715 0.786 0.000 0.000 0.000 0.000 0.000 0.000 0.000 0.000 0.000 0.000 0.000 0.000 0.000 0.000 0.000 0.000 0.000 0.000 0.000 0.000
0.205 0.223 0.253 0.230 0.220 0.246 0.272 0.299 0.293 0.265 0.000 0.000 0.000 0.000 0.000 0.000 0.000 0.000 0.000 0.000 0.000 0.000 0.000 0.000 0.000 0.000 0.000 0.000 0.000 0.000 0.000 0.000 0.000 0.000 0.000 0.000 0.000 0.000 0.000 0.000 0.000 0.000 0.001 0.001 0.002 0.012 0.056 0.119 0.182 0.266 0.343 0.414 0.517 0.599 0.669 0.739 0.807 0.000 0.000 0.000 0.000 0.000 0.000 0.000 0.000 0.000 0.000 0.000 0.000 0.000 0.000 0.000 0.000 0.000 0.000 0.000 0.000
0.166 0.174 0.229 0.248 0.238 0.234 0.239 0.261 0.269 0.000 0.000 0.000 0.000 0.000 0.000 0.000 0.000 0.000 0.000 0.000 0.000 0.000 0.000 0.000 0.000 0.000 0.000 0.000 0.000 0.000 0.000 0.000 0.000 0.000 0.000 0.000 0.000 0.000 0.000 0.000 0.000 0.000 0.001 0.001 0.003 0.030 0.094 0.145 0.208 0.296 0.378 0.454 0.535 0.615 0.692 0.764 0.834 0.000 0.000 0.000 0.000 0.000 0.000 0.000 0.000 0.000 0.000 0.000 0.000 0.000 0.000 0.000 0.000 0.000 0.000 0.000 0.000
0.159 0.152 0.176 0.208 0.227 0.234 0.229 0.221 0.242 0.000 0.000 0.000 0.000 0.000 0.000 0.000 0.000 0.000 0.000 0.000 0.000 0.000 0.000 0.000 0.000 0.000 0.000 0.000 0.000 0.000 0.000 0.000 0.000 0.000 0.000 0.000 0.000 0.000 0.000 0.000 0.000 0.001 0.001 0.002 0.003 0.039 0.104 0.176 0.250 0.336 0.416 0.494 0.575 0.647 0.718 0.787 0.856 0.000 0.000 0.000 0.000 0.000 0.000 0.000 0.000 0.000 0.000 0.000 0.000 0.000 0.000 0.000 0.000 0.000 0.000 0.000 0.000
0.169 0.191 0.172 0.184 0.179 0.207 0.209 0.209 0.225 0.226 0.246 0.278 0.298 0.000 0.000 0.000 0.000 0.000 0.000 0.000 0.000 0.000 0.000 0.000 0.000 0.000 0.000 0.000 0.000 0.000 0.000 0.000 0.000 0.000 0.000 0.000 0.000 0.000 0.000 0.000 0.000 0.001 0.001 0.002 0.020 0.057 0.120 0.204 0.289 0.368 0.453 0.524 0.602 0.676 0.749 0.819 0.000 0.000 0.000 0.000 0.000 0.000 0.000 0.000 0.000 0.000 0.000 0.000 0.000 0.000 0.000 0.000 0.000 0.000 0.000 0.000 0.000
0.186 0.165 0.186 0.173 0.185 0.209 0.220 0.222 0.225 0.226 0.243 0.272 0.278 0.261 0.224 0.198 0.000 0.000 0.000 0.000 0.000 0.000 0.000 0.000 0.000 0.000 0.000 0.000 0.000 0.000 0.000 0.000 0.000 0.000 0.000 0.000 0.000 0.000 0.000 0.000 0.000 0.001 0.001 0.003 0.036 0.096 0.167 0.246 0.325 0.406 0.483 0.559 0.635 0.711 0.786 0.856 0.000 0.000 0.000 0.000 0.000 0.000 0.000 0.000 0.000 0.000 0.000 0.000 0.000 0.000 0.000 0.000 0.000 0.000 0.000 0.000 0.000
0.197 0.162 0.162 0.189 0.187 0.185 0.203 0.210 0.207 0.211 0.229 0.252 0.276 0.271 0.230 0.211 0.000 0.000 0.000 0.000 0.000 0.000 0.000 0.000 0.000 0.000 0.000 0.000 0.000 0.000 0.000 0.000 0.000 0.000 0.000 0.000 0.000 0.000 0.000 0.000 0.001 0.001 0.001 0.005 0.050 0.124 0.201 0.273 0.360 0.441 0.523 0.595 0.671 0.746 0.817 0.887 0.000 0.000 0.000 0.000 0.000 0.000 0.000 0.000 0.000 0.000 0.000 0.000 0.000 0.000 0.000 0.000 0.000 0.000 0.000 0.000 0.000
0.206 0.156 0.157 0.197 0.198 0.196 0.190 0.202 0.206 0.198 0.202 0.239 0.265 0.258 0.238 0.235 0.232 0.222 0.000 0.000 0.000 0.000 0.000 0.000 0.000 0.000 0.000 0.000 0.000 0.000 0.000 0.000 0.000 0.000 0.000 0.000 0.000 0.000 0.000 0.000 0.001 0.001 0.002 0.032 0.087 0.161 0.240 0.311 0.391 0.481 0.559 0.632 0.707 0.781 0.849 0.915 0.000 0.000 0.000 0.000 0.000 0.000 0.000 0.000 0.000 0.000 0.000 0.000 0.000 0.000 0.000 0.000 0.000 0.000 0.000 0.000 0.000
0.228 0.173 0.170 0.168 0.000 0.171 0.199 0.209 0.203 0.184 0.206 0.227 0.253 0.259 0.240 0.236 0.236 0.235 0.000 0.000 0.000 0.000 0.000 0.000 0.000 0.000 0.000 0.000 0.000 0.000 0.000 0.000 0.000 0.000 0.000 0.000 0.000 0.000 0.000 0.000 0.001 0.001 0.006 0.049 0.135 0.210 0.282 0.357 0.435 0.518 0.598 0.672 0.746 0.819 0.889 0.000 0.000 0.000 0.000 0.000 0.000 0.000 0.000 0.000 0.000 0.000 0.000 0.000 0.000 0.000 0.000 0.000 0.000 0.000 0.000 0.000 0.000
0.173 0.167 0.162 0.148 0.148 0.168 0.194 0.203 0.193 0.182 0.194 0.220 0.246 0.251 0.249 0.243 0.240 0.241 0.257 0.000 0.000 0.000 0.000 0.000 0.000 0.000 0.000 0.000 0.000 0.000 0.000 0.000 0.000 0.000 0.000 0.000 0.000 0.000 0.000 0.001 0.001 0.003 0.065 0.112 0.160 0.244 0.319 0.400 0.483 0.563 0.648 0.720 0.793 0.853 0.904 0.000 0.000 0.000 0.000 0.000 0.000 0.000 0.000 0.000 0.000 0.000 0.000 0.000 0.000 0.000 0.000 0.000 0.000 0.000 0.000 0.000 0.000
0.165 0.154 0.146 0.138 0.134 0.144 0.167 0.182 0.157 0.160 0.179 0.214 0.238 0.253 0.255 0.224 0.220 0.242 0.254 0.000 0.000 0.000 0.000 0.000 0.000 0.000 0.000 0.000 0.000 0.000 0.000 0.000 0.000 0.000 0.000 0.000 0.000 0.000 0.000 0.001 0.001 0.055 0.080 0.127 0.188 0.268 0.347 0.433 0.522 0.619 0.695 0.763 0.817 0.868 0.920 0.000 0.000 0.000 0.000 0.000 0.000 0.000 0.000 0.000 0.000 0.000 0.000 0.000 0.000 0.000 0.000 0.000 0.000 0.000 0.000 0.000 0.000
0.191 0.167 0.153 0.146 0.134 0.154 0.167 0.144 0.130 0.145 0.167 0.213 0.250 0.265 0.215 0.181 0.194 0.226 0.237 0.000 0.000 0.000 0.000 0.000 0.000 0.000 0.000 0.000 0.000 0.000 0.000 0.000 0.000 0.000 0.000 0.000 0.000 0.000 0.000 0.001 0.011 0.030 0.121 0.150 0.216 0.000 0.000 0.000 0.000 0.661 0.721 0.776 0.826 0.872 0.925 0.000 0.000 0.000 0.000 0.000 0.000 0.000 0.000 0.000 0.000 0.000 0.000 0.000 0.000 0.000 0.000 0.000 0.000 0.000 0.000 0.000 0.000
0.167 0.167 0.158 0.163 0.182 0.202 0.202 0.171 0.170 0.182 0.204 0.238 0.241 0.196 0.158 0.150 0.165 0.196 0.218 0.000 0.000 0.000 0.000 0.000 0.000 0.000 0.000 0.000 0.000 0.000 0.000 0.000 0.000 0.000 0.000 0.000 0.000 0.000 0.000 0.001 0.031 0.079 0.120 0.189 0.231 0.000 0.000 0.000 0.000 0.670 0.722 0.776 0.829 0.871 0.000 0.000 0.000 0.000 0.000 0.000 0.000 0.000 0.000 0.000 0.000 0.000 0.000 0.000 0.000 0.000 0.000 0.000 0.000 0.000 0.000 0.000 0.000
0.152 0.130 0.106 0.125 0.165 0.203 0.205 0.168 0.170 0.185 0.193 0.206 0.178 0.148 0.133 0.125 0.138 0.168 0.193 0.184 0.176 0.160 0.000 0.000 0.000 0.000 0.000 0.000 0.000 0.000 0.000 0.000 0.000 0.000 0.000 0.000 0.000 0.000 0.001 0.002 0.013 0.078 0.183 0.244 0.000 0.000 0.000 0.000 0.000 0.663 0.712 0.761 0.820 0.874 0.000 0.000 0.000 0.000 0.000 0.000 0.000 0.000 0.000 0.000 0.000 0.000 0.000 0.000 0.000 0.000 0.000 0.000 0.000 0.000 0.000 0.000 0.000
0.135 0.091 0.091 0.104 0.143 0.175 0.000 0.102 0.123 0.149 0.177 0.189 0.155 0.124 0.116 0.111 0.125 0.156 0.181 0.170 0.163 0.157 0.151 0.163 0.170 0.183 0.000 0.000 0.000 0.000 0.000 0.000 0.000 0.000 0.000 0.000 0.000 0.000 0.001 0.029 0.070 0.158 0.235 0.291 0.000 0.000 0.000 0.000 0.000 0.647 0.704 0.755 0.808 0.867 0.000 0.000 0.000 0.000 0.000 0.000 0.000 0.000 0.000 0.000 0.000 0.000 0.000 0.000 0.000 0.000 0.000 0.000 0.000 0.000 0.000 0.000 0.000
0.101 0.067 0.077 0.093 0.138 0.172 0.138 0.087 0.099 0.139 0.171 0.173 0.134 0.109 0.102 0.111 0.132 0.172 0.187 0.153 0.139 0.148 0.146 0.151 0.160 0.166 0.156 0.138 0.112 0.000 0.000 0.000 0.000 0.000 0.000 0.000 0.000 0.000 0.001 0.000 0.015 0.140 0.227 0.318 0.000 0.000 0.000 0.000 0.564 0.636 0.694 0.754 0.809 0.864 0.000 0.000 0.000 0.000 0.000 0.000 0.000 0.000 0.000 0.000 0.000 0.000 0.000 0.000 0.000 0.000 0.000 0.000 0.000 0.000 0.000 0.000 0.000
0.045 0.069 0.072 0.078 0.147 0.154 0.131 0.099 0.113 0.160 0.177 0.160 0.123 0.112 0.119 0.129 0.154 0.187 0.185 0.139 0.128 0.136 0.129 0.137 0.155 0.150 0.145 0.142 0.124 0.137 0.138 0.154 0.000 0.000 0.000 0.000 0.000 0.001 0.003 0.045 0.142 0.188 0.225 0.298 0.000 0.000 0.000 0.000 0.561 0.632 0.691 0.753 0.811 0.868 0.000 0.000 0.000 0.000 0.000 0.000 0.000 0.000 0.000 0.000 0.000 0.000 0.000 0.000 0.000 0.000 0.000 0.000 0.000 0.000 0.000 0.000 0.000
0.030 0.056 0.069 0.090 0.127 0.149 0.111 0.097 0.118 0.153 0.158 0.123 0.097 0.098 0.108 0.121 0.150 0.188 0.176 0.128 0.110 0.123 0.125 0.123 0.146 0.142 0.139 0.147 0.129 0.136 0.138 0.155 0.167 0.197 0.000 0.000 0.000 0.002 0.006 0.038 0.122 0.143 0.174 0.000 0.000 0.000 0.000 0.000 0.564 0.621 0.682 0.747 0.800 0.000 0.000 0.000 0.000 0.000 0.000 0.000 0.000 0.000 0.000 0.000 0.000 0.000 0.000 0.000 0.000 0.000 0.000 0.000 0.000 0.000 0.000 0.000 0.000
0.016 0.004 0.033 0.076 0.135 0.124 0.071 0.089 0.130 0.163 0.143 0.077 0.064 0.078 0.093 0.124 0.160 0.192 0.143 0.103 0.101 0.111 0.116 0.117 0.144 0.137 0.124 0.138 0.129 0.124 0.136 0.148 0.147 0.155 0.115 0.049 0.019 0.016 0.016 0.043 0.107 0.124 0.185 0.000 0.000 0.000 0.000 0.514 0.563 0.622 0.679 0.737 0.790 0.000 0.000 0.000 0.000 0.000 0.000 0.000 0.000 0.000 0.000 0.000 0.000 0.000 0.000 0.000 0.000 0.000 0.000 0.000 0.000 0.000 0.000 0.000 0.000
0.029 0.028 0.044 0.101 0.134 0.084 0.073 0.095 0.144 0.172 0.102 0.049 0.049 0.058 0.084 0.119 0.174 0.198 0.111 0.076 0.080 0.084 0.112 0.123 0.132 0.135 0.106 0.120 0.128 0.114 0.127 0.137 0.112 0.123 0.102 0.041 0.024 0.020 0.017 0.014 0.116 0.127 0.198 0.000 0.000 0.000 0.000 0.522 0.569 0.631 0.689 0.739 0.791 0.000 0.000 0.000 0.000 0.000 0.000 0.000 0.000 0.000 0.000 0.000 0.000 0.000 0.000 0.000 0.000 0.000 0.000 0.000 0.000 0.000 0.000 0.000 0.000
0.025 0.019 0.080 0.152 0.135 0.067 0.077 0.109 0.188 0.183 0.085 0.070 0.064 0.071 0.093 0.137 0.198 0.184 0.091 0.057 0.076 0.093 0.113 0.142 0.145 0.130 0.091 0.107 0.129 0.111 0.127 0.129 0.095 0.102 0.092 0.040 0.023 0.017 0.017 0.020 0.119 0.145 0.184 0.000 0.000 0.000 0.000 0.523 0.578 0.644 0.698 0.748 0.790 0.000 0.000 0.000 0.000 0.000 0.000 0.000 0.000 0.000 0.000 0.000 0.000 0.000 0.000 0.000 0.000 0.000 0.000 0.000 0.000 0.000 0.000 0.000 0.000
0.000 0.016 0.111 0.184 0.092 0.059 0.086 0.145 0.227 0.164 0.084 0.083 0.077 0.077 0.091 0.130 0.207 0.190 0.083 0.057 0.077 0.097 0.114 0.140 0.152 0.140 0.092 0.096 0.119 0.122 0.146 0.134 0.087 0.082 0.087 0.052 0.034 0.026 0.019 0.024 0.150 0.183 0.223 0.252 0.225 0.249 0.000 0.521 0.588 0.669 0.731 0.789 0.000 0.000 0.000 0.000 0.000 0.000 0.000 0.000 0.000 0.000 0.000 0.000 0.000 0.000 0.000 0.000 0.000 0.000 0.000 0.000 0.000 0.000 0.000 0.000 0.000
0.044 0.061 0.157 0.156 0.028 0.048 0.087 0.174 0.230 0.134 0.087 0.082 0.076 0.077 0.082 0.124 0.229 0.195 0.086 0.059 0.082 0.111 0.132 0.150 0.159 0.147 0.111 0.098 0.115 0.127 0.159 0.133 0.073 0.069 0.080 0.065 0.055 0.037 0.027 0.025 0.148 0.198 0.232 0.289 0.279 0.311 0.413 0.514 0.601 0.682 0.760 0.827 0.000 0.000 0.000 0.000 0.000 0.000 0.000 0.000 0.000 0.000 0.000 0.000 0.000 0.000 0.000 0.000 0.000 0.000 0.000 0.000 0.000 0.000 0.000 0.000 0.000
0.052 0.100 0.209 0.088 0.029 0.031 0.089 0.201 0.224 0.082 0.099 0.093 0.083 0.081 0.074 0.131 0.267 0.195 0.081 0.074 0.091 0.123 0.146 0.142 0.167 0.173 0.113 0.091 0.103 0.128 0.171 0.133 0.068 0.059 0.073 0.076 0.060 0.042 0.011 0.029 0.147 0.196 0.247 0.318 0.337 0.370 0.445 0.537 0.618 0.704 0.789 0.863 0.000 0.000 0.000 0.000 0.000 0.000 0.000 0.000 0.000 0.000 0.000 0.000 0.000 0.000 0.000 0.000 0.000 0.000 0.000 0.000 0.000 0.000 0.000 0.000 0.000
0.079 0.182 0.205 0.069 0.017 0.036 0.122 0.240 0.179 0.066 0.118 0.121 0.121 0.132 0.099 0.145 0.293 0.188 0.074 0.079 0.103 0.142 0.150 0.129 0.166 0.172 0.106 0.087 0.097 0.128 0.176 0.141 0.080 0.054 0.060 0.089 0.079 0.023 0.032 0.136 0.172 0.201 0.251 0.334 0.381 0.433 0.500 0.571 0.652 0.731 0.811 0.889 0.000 0.000 0.000 0.000 0.000 0.000 0.000 0.000 0.000 0.000 0.000 0.000 0.000 0.000 0.000 0.000 0.000 0.000 0.000 0.000 0.000 0.000 0.000 0.000 0.000
0.114 0.229 0.180 0.061 0.059 0.073 0.187 0.247 0.114 0.095 0.110 0.100 0.090 0.145 0.131 0.170 0.283 0.178 0.073 0.076 0.100 0.148 0.147 0.116 0.155 0.177 0.105 0.094 0.103 0.123 0.180 0.148 0.092 0.059 0.063 0.101 0.087 0.014 0.129 0.170 0.160 0.191 0.258 0.332 0.396 0.457 0.526 0.588 0.674 0.749 0.807 0.000 0.000 0.000 0.000 0.000 0.000 0.000 0.000 0.000 0.000 0.000 0.000 0.000 0.000 0.000 0.000 0.000 0.000 0.000 0.000 0.000 0.000 0.000 0.000 0.000 0.000
0.127 0.218 0.135 0.088 0.098 0.125 0.225 0.212 0.100 0.092 0.094 0.101 0.078 0.123 0.170 0.206 0.266 0.163 0.081 0.082 0.104 0.144 0.139 0.112 0.146 0.173 0.122 0.113 0.107 0.125 0.192 0.151 0.101 0.064 0.069 0.102 0.096 0.026 0.181 0.216 0.181 0.212 0.255 0.310 0.383 0.447 0.523 0.599 0.679 0.756 0.814 0.000 0.000 0.000 0.000 0.000 0.000 0.000 0.000 0.000 0.000 0.000 0.000 0.000 0.000 0.000 0.000 0.000 0.000 0.000 0.000 0.000 0.000 0.000 0.000 0.000 0.000
0.168 0.192 0.114 0.078 0.096 0.126 0.218 0.165 0.138 0.113 0.099 0.113 0.107 0.124 0.181 0.225 0.242 0.179 0.099 0.103 0.121 0.149 0.144 0.116 0.139 0.174 0.134 0.115 0.103 0.125 0.194 0.162 0.108 0.076 0.067 0.088 0.024 0.090 0.211 0.247 0.236 0.216 0.260 0.313 0.382 0.452 0.530 0.603 0.688 0.761 0.816 0.000 0.000 0.000 0.000 0.000 0.000 0.000 0.000 0.000 0.000 0.000 0.000 0.000 0.000 0.000 0.000 0.000 0.000 0.000 0.000 0.000 0.000 0.000 0.000 0.000 0.000
0.243 0.202 0.104 0.069 0.082 0.156 0.230 0.148 0.117 0.107 0.107 0.103 0.123 0.155 0.202 0.223 0.182 0.159 0.126 0.108 0.122 0.155 0.140 0.117 0.141 0.171 0.146 0.125 0.111 0.129 0.185 0.163 0.118 0.079 0.058 0.081 0.066 0.161 0.275 0.301 0.286 0.280 0.282 0.335 0.408 0.467 0.527 0.605 0.686 0.766 0.821 0.000 0.000 0.000 0.000 0.000 0.000 0.000 0.000 0.000 0.000 0.000 0.000 0.000 0.000 0.000 0.000 0.000 0.000 0.000 0.000 0.000 0.000 0.000 0.000 0.000 0.000
0.217 0.113 0.054 0.032 0.081 0.190 0.245 0.172 0.156 0.164 0.142 0.139 0.141 0.185 0.219 0.220 0.179 0.133 0.125 0.115 0.127 0.135 0.132 0.122 0.140 0.173 0.157 0.124 0.115 0.143 0.186 0.154 0.127 0.075 0.058 0.061 0.138 0.213 0.315 0.349 0.333 0.323 0.331 0.371 0.426 0.491 0.558 0.628 0.701 0.771 0.839 0.000 0.000 0.000 0.000 0.000 0.000 0.000 0.000 0.000 0.000 0.000 0.000 0.000 0.000 0.000 0.000 0.000 0.000 0.000 0.000 0.000 0.000 0.000 0.000 0.000 0.000
0.206 0.130 0.083 0.104 0.159 0.275 0.234 0.158 0.170 0.173 0.170 0.152 0.154 0.204 0.254 0.220 0.171 0.141 0.122 0.120 0.127 0.148 0.150 0.128 0.149 0.168 0.145 0.124 0.114 0.147 0.184 0.167 0.128 0.070 0.053 0.083 0.174 0.262 0.354 0.380 0.372 0.371 0.386 0.414 0.455 0.517 0.575 0.648 0.712 0.770 0.000 0.000 0.000 0.000 0.000 0.000 0.000 0.000 0.000 0.000 0.000 0.000 0.000 0.000 0.000 0.000 0.000 0.000 0.000 0.000 0.000 0.000 0.000 0.000 0.000 0.000 0.000
0.187 0.140 0.102 0.129 0.149 0.257 0.181 0.156 0.182 0.175 0.195 0.166 0.183 0.214 0.238 0.223 0.172 0.140 0.129 0.136 0.137 0.157 0.161 0.164 0.177 0.168 0.142 0.127 0.122 0.148 0.173 0.173 0.141 0.082 0.042 0.097 0.232 0.316 0.369 0.394 0.399 0.407 0.430 0.465 0.497 0.557 0.620 0.670 0.725 0.784 0.000 0.000 0.000 0.000 0.000 0.000 0.000 0.000 0.000 0.000 0.000 0.000 0.000 0.000 0.000 0.000 0.000 0.000 0.000 0.000 0.000 0.000 0.000 0.000 0.000 0.000 0.000
0.192 0.165 0.146 0.141 0.241 0.287 0.191 0.194 0.213 0.195 0.199 0.159 0.194 0.243 0.244 0.201 0.160 0.142 0.132 0.142 0.152 0.180 0.185 0.179 0.183 0.181 0.162 0.138 0.135 0.150 0.168 0.180 0.140 0.090 0.045 0.130 0.283 0.348 0.358 0.394 0.433 0.453 0.485 0.509 0.544 0.592 0.645 0.693 0.752 0.801 0.000 0.000 0.000 0.000 0.000 0.000 0.000 0.000 0.000 0.000 0.000 0.000 0.000 0.000 0.000 0.000 0.000 0.000 0.000 0.000 0.000 0.000 0.000 0.000 0.000 0.000 0.000
