数据/2hours/0.1-2h-200y/coupled-166-0001.wd
ncols         694
nrows         824
xllcorner     581104.939801
yllcorner     3495917.092414
cellsize      2.000000
NODATA_value  -9999.000000
[rows 442 to 475 of 824, columns 462 to 538 of 694]
0.000 0.155 0.151 0.146 0.142 0.137 0.133 0.128 0.123 0.119 0.114 0.107 0.097 0.088 0.079 0.071 0.061 0.051 0.043 0.034 0.025 0.016 0.004 0.004 0.004 0.004 0.008 0.010 0.000 0.000 0.000 0.000 0.000 0.001 0.002 0.002 0.002 0.002 0.003 0.003 0.003 0.003 0.003 0.002 0.002 0.002 0.002 0.003 0.004 0.007 0.013 0.024 0.033 0.048 0.000 0.000 0.000 0.000 0.000 0.000 0.000 0.001 0.001 0.001 0.003 0.006 0.009 0.000 0.000 0.000 0.000 0.000 0.000 0.000 0.000 0.000 0.000
0.000 0.000 0.000 0.000 0.150 0.145 0.141 0.136 0.130 0.125 0.116 0.107 0.098 0.090 0.079 0.070 0.062 0.053 0.044 0.036 0.026 0.018 0.006 0.004 0.004 0.005 0.010 0.000 0.000 0.000 0.000 0.000 0.000 0.001 0.002 0.002 0.002 0.002 0.002 0.002 0.002 0.002 0.002 0.002 0.002 0.002 0.002 0.003 0.005 0.010 0.015 0.021 0.030 0.044 0.000 0.000 0.000 0.000 0.000 0.000 0.000 0.001 0.001 0.001 0.003 0.006 0.008 0.025 0.000 0.000 0.000 0.000 0.000 0.000 0.000 0.000 0.000
0.000 0.000 0.000 0.000 0.000 0.000 0.000 0.143 0.136 0.126 0.118 0.109 0.099 0.090 0.081 0.072 0.063 0.053 0.045 0.037 0.028 0.019 0.008 0.005 0.004 0.005 0.010 0.000 0.000 0.000 0.000 0.000 0.000 0.000 0.000 0.000 0.002 0.002 0.002 0.002 0.002 0.002 0.002 0.002 0.002 0.002 0.002 0.004 0.007 0.010 0.015 0.021 0.028 0.036 0.000 0.000 0.000 0.000 0.000 0.000 0.000 0.001 0.001 0.001 0.003 0.007 0.007 0.000 0.000 0.000 0.000 0.000 0.000 0.000 0.000 0.000 0.000
0.184 0.000 0.000 0.000 0.000 0.000 0.000 0.000 0.000 0.127 0.119 0.109 0.100 0.091 0.082 0.072 0.063 0.054 0.047 0.038 0.029 0.021 0.011 0.003 0.003 0.004 0.008 0.000 0.000 0.000 0.000 0.000 0.000 0.000 0.000 0.000 0.000 0.001 0.001 0.002 0.002 0.002 0.002 0.002 0.002 0.002 0.003 0.004 0.005 0.009 0.014 0.020 0.025 0.030 0.000 0.000 0.000 0.000 0.000 0.000 0.001 0.001 0.001 0.001 0.003 0.008 0.006 0.000 0.000 0.000 0.000 0.000 0.000 0.000 0.000 0.000 0.000
0.190 0.187 0.181 0.178 0.000 0.000 0.000 0.000 0.000 0.128 0.119 0.111 0.101 0.092 0.082 0.073 0.065 0.055 0.047 0.039 0.030 0.022 0.013 0.002 0.002 0.003 0.000 0.000 0.000 0.000 0.000 0.000 0.000 0.000 0.000 0.000 0.000 0.001 0.001 0.001 0.001 0.002 0.002 0.002 0.002 0.002 0.004 0.005 0.008 0.013 0.019 0.026 0.032 0.031 0.000 0.000 0.000 0.000 0.000 0.000 0.001 0.001 0.001 0.001 0.003 0.011 0.000 0.000 0.000 0.000 0.000 0.000 0.000 0.000 0.000 0.000 0.000
0.198 0.194 0.190 0.184 0.177 0.168 0.159 0.000 0.139 0.130 0.121 0.110 0.103 0.093 0.084 0.074 0.066 0.057 0.049 0.039 0.031 0.024 0.000 0.001 0.001 0.001 0.001 0.001 0.002 0.000 0.000 0.000 0.000 0.000 0.000 0.000 0.000 0.001 0.001 0.001 0.001 0.001 0.002 0.002 0.002 0.002 0.004 0.006 0.011 0.018 0.026 0.035 0.044 0.040 0.000 0.000 0.000 0.000 0.000 0.000 0.001 0.001 0.001 0.001 0.005 0.014 0.000 0.000 0.000 0.000 0.000 0.000 0.000 0.000 0.000 0.000 0.000
0.205 0.202 0.196 0.187 0.179 0.169 0.160 0.151 0.140 0.131 0.122 0.113 0.103 0.094 0.085 0.076 0.067 0.059 0.050 0.000 0.000 0.000 0.000 0.000 0.000 0.000 0.000 0.000 0.000 0.000 0.000 0.000 0.000 0.000 0.000 0.000 0.000 0.000 0.001 0.001 0.001 0.001 0.001 0.001 0.001 0.002 0.004 0.007 0.013 0.021 0.030 0.040 0.051 0.000 0.000 0.000 0.000 0.000 0.000 0.001 0.001 0.001 0.001 0.002 0.007 0.019 0.000 0.000 0.000 0.000 0.000 0.000 0.000 0.000 0.000 0.000 0.000
0.213 0.207 0.197 0.188 0.180 0.171 0.160 0.151 0.143 0.133 0.123 0.113 0.105 0.095 0.087 0.077 0.068 0.059 0.051 0.000 0.000 0.000 0.000 0.000 0.000 0.000 0.000 0.000 0.000 0.000 0.000 0.000 0.000 0.000 0.000 0.000 0.000 0.000 0.000 0.000 0.001 0.001 0.001 0.001 0.001 0.003 0.004 0.009 0.015 0.024 0.034 0.043 0.054 0.000 0.000 0.000 0.000 0.000 0.000 0.001 0.001 0.001 0.001 0.002 0.007 0.021 0.000 0.000 0.000 0.000 0.000 0.000 0.000 0.000 0.000 0.000 0.000
0.000 0.000 0.199 0.190 0.181 0.172 0.163 0.153 0.143 0.132 0.124 0.115 0.106 0.096 0.088 0.078 0.069 0.060 0.051 0.040 0.029 0.018 0.000 0.000 0.000 0.000 0.000 0.000 0.000 0.000 0.000 0.000 0.000 0.000 0.000 0.000 0.000 0.000 0.000 0.000 0.000 0.000 0.001 0.001 0.001 0.003 0.005 0.010 0.017 0.026 0.037 0.046 0.054 0.000 0.000 0.000 0.000 0.000 0.000 0.001 0.001 0.001 0.001 0.002 0.008 0.023 0.042 0.056 0.000 0.000 0.000 0.000 0.000 0.000 0.153 0.167 0.180
0.000 0.000 0.000 0.000 0.000 0.000 0.164 0.154 0.144 0.134 0.125 0.116 0.108 0.098 0.089 0.080 0.070 0.061 0.052 0.041 0.030 0.017 0.008 0.000 0.000 0.000 0.000 0.000 0.000 0.000 0.000 0.000 0.000 0.000 0.000 0.000 0.000 0.000 0.000 0.000 0.000 0.001 0.001 0.001 0.002 0.004 0.007 0.012 0.019 0.029 0.040 0.052 0.000 0.000 0.000 0.000 0.000 0.000 0.000 0.001 0.001 0.001 0.001 0.003 0.007 0.019 0.000 0.053 0.066 0.078 0.093 0.000 0.000 0.138 0.151 0.164 0.177
0.000 0.000 0.000 0.000 0.000 0.000 0.000 0.000 0.000 0.134 0.126 0.117 0.107 0.100 0.091 0.082 0.072 0.063 0.053 0.042 0.030 0.018 0.008 0.000 0.000 0.000 0.000 0.000 0.000 0.000 0.000 0.000 0.000 0.000 0.000 0.000 0.000 0.000 0.000 0.000 0.000 0.001 0.001 0.001 0.003 0.005 0.008 0.014 0.021 0.031 0.042 0.055 0.000 0.000 0.000 0.000 0.000 0.000 0.001 0.001 0.001 0.001 0.002 0.004 0.007 0.015 0.000 0.000 0.000 0.076 0.091 0.106 0.121 0.135 0.149 0.163 0.000
0.000 0.000 0.000 0.000 0.000 0.000 0.000 0.000 0.000 0.000 0.000 0.000 0.000 0.102 0.093 0.084 0.074 0.065 0.054 0.043 0.029 0.016 0.007 0.000 0.000 0.000 0.000 0.000 0.000 0.000 0.000 0.000 0.000 0.000 0.000 0.000 0.000 0.000 0.000 0.000 0.000 0.001 0.001 0.002 0.004 0.006 0.010 0.016 0.024 0.033 0.043 0.056 0.000 0.000 0.000 0.000 0.000 0.000 0.001 0.001 0.001 0.001 0.002 0.005 0.008 0.000 0.000 0.000 0.055 0.071 0.000 0.000 0.119 0.132 0.147 0.159 0.173
0.000 0.000 0.000 0.000 0.000 0.000 0.000 0.000 0.000 0.000 0.000 0.000 0.000 0.000 0.000 0.000 0.075 0.065 0.060 0.055 0.041 0.031 0.024 0.017 0.010 0.007 0.006 0.006 0.006 0.005 0.004 0.004 0.004 0.003 0.003 0.003 0.003 0.003 0.003 0.003 0.002 0.002 0.002 0.006 0.006 0.008 0.011 0.018 0.027 0.036 0.046 0.054 0.000 0.000 0.000 0.000 0.000 0.000 0.001 0.001 0.001 0.001 0.003 0.007 0.000 0.000 0.000 0.000 0.000 0.000 0.000 0.000 0.116 0.131 0.144 0.157 0.170
0.000 0.000 0.000 0.000 0.000 0.000 0.000 0.000 0.000 0.000 0.000 0.000 0.000 0.000 0.000 0.000 0.000 0.000 0.000 0.000 0.069 0.065 0.059 0.050 0.030 0.019 0.015 0.013 0.013 0.013 0.011 0.010 0.008 0.007 0.007 0.006 0.005 0.005 0.005 0.005 0.005 0.004 0.005 0.007 0.008 0.009 0.013 0.020 0.029 0.039 0.050 0.000 0.000 0.000 0.000 0.000 0.000 0.001 0.001 0.001 0.001 0.002 0.005 0.007 0.000 0.000 0.000 0.000 0.000 0.000 0.000 0.000 0.115 0.128 0.000 0.000 0.000
0.000 0.000 0.000 0.000 0.000 0.000 0.000 0.000 0.000 0.000 0.000 0.000 0.000 0.000 0.000 0.000 0.000 0.000 0.000 0.000 0.000 0.000 0.000 0.000 0.039 0.033 0.032 0.022 0.016 0.015 0.014 0.012 0.010 0.009 0.008 0.008 0.007 0.006 0.006 0.006 0.006 0.006 0.011 0.010 0.009 0.011 0.015 0.022 0.032 0.041 0.052 0.000 0.000 0.000 0.000 0.000 0.000 0.001 0.001 0.001 0.001 0.002 0.007 0.000 0.000 0.000 0.000 0.000 0.000 0.000 0.000 0.000 0.000 0.000 0.000 0.000 0.160
0.000 0.000 0.000 0.000 0.000 0.000 0.000 0.000 0.000 0.000 0.000 0.000 0.000 0.000 0.000 0.000 0.000 0.000 0.000 0.000 0.000 0.000 0.000 0.000 0.000 0.000 0.000 0.017 0.015 0.012 0.012 0.010 0.009 0.009 0.008 0.008 0.007 0.007 0.007 0.007 0.007 0.008 0.011 0.010 0.010 0.012 0.017 0.025 0.034 0.044 0.052 0.000 0.000 0.000 0.000 0.000 0.000 0.001 0.001 0.001 0.001 0.003 0.007 0.021 0.000 0.000 0.000 0.000 0.000 0.000 0.000 0.000 0.000 0.000 0.000 0.000 0.000
0.001 0.001 0.001 0.000 0.000 0.000 0.000 0.000 0.000 0.000 0.000 0.000 0.000 0.000 0.000 0.000 0.000 0.000 0.000 0.000 0.000 0.000 0.000 0.000 0.000 0.000 0.000 0.015 0.016 0.013 0.008 0.007 0.007 0.007 0.007 0.007 0.007 0.007 0.007 0.007 0.007 0.011 0.011 0.011 0.011 0.013 0.018 0.026 0.037 0.048 0.000 0.000 0.000 0.000 0.000 0.000 0.000 0.001 0.001 0.001 0.002 0.004 0.006 0.000 0.002 0.012 0.026 0.000 0.000 0.000 0.000 0.000 0.000 0.000 0.000 0.000 0.155
0.001 0.001 0.001 0.001 0.001 0.001 0.000 0.000 0.000 0.000 0.000 0.000 0.000 0.000 0.000 0.000 0.000 0.000 0.000 0.000 0.000 0.000 0.000 0.000 0.000 0.000 0.000 0.013 0.014 0.011 0.008 0.006 0.006 0.006 0.006 0.006 0.006 0.006 0.006 0.007 0.008 0.012 0.011 0.010 0.010 0.013 0.019 0.027 0.037 0.049 0.000 0.000 0.000 0.000 0.000 0.000 0.001 0.001 0.001 0.001 0.002 0.006 0.000 0.000 0.000 0.000 0.022 0.035 0.000 0.000 0.000 0.000 0.000 0.000 0.000 0.000 0.153
0.001 0.001 0.001 0.001 0.001 0.001 0.001 0.001 0.001 0.001 0.000 0.000 0.000 0.000 0.000 0.000 0.000 0.000 0.000 0.000 0.000 0.000 0.000 0.000 0.000 0.000 0.000 0.010 0.011 0.010 0.008 0.006 0.005 0.004 0.005 0.005 0.005 0.006 0.006 0.007 0.009 0.010 0.009 0.009 0.010 0.013 0.019 0.028 0.037 0.048 0.000 0.000 0.000 0.000 0.000 0.000 0.001 0.001 0.001 0.002 0.003 0.006 0.011 0.020 0.000 0.000 0.020 0.030 0.041 0.053 0.067 0.081 0.000 0.000 0.000 0.138 0.151
0.001 0.001 0.001 0.001 0.001 0.001 0.001 0.001 0.001 0.001 0.001 0.001 0.001 0.000 0.000 0.000 0.000 0.000 0.000 0.000 0.000 0.000 0.000 0.000 0.000 0.000 0.000 0.008 0.009 0.009 0.008 0.007 0.005 0.004 0.003 0.004 0.004 0.005 0.006 0.006 0.010 0.009 0.008 0.008 0.009 0.012 0.018 0.028 0.040 0.047 0.000 0.000 0.000 0.000 0.000 0.000 0.001 0.001 0.001 0.002 0.005 0.008 0.011 0.015 0.015 0.017 0.019 0.027 0.038 0.052 0.065 0.079 0.094 0.000 0.000 0.136 0.149
0.011 0.007 0.004 0.002 0.001 0.001 0.001 0.001 0.001 0.001 0.001 0.001 0.001 0.001 0.001 0.001 0.001 0.000 0.000 0.000 0.000 0.000 0.000 0.000 0.000 0.000 0.000 0.006 0.007 0.008 0.008 0.007 0.006 0.004 0.003 0.003 0.004 0.004 0.005 0.005 0.007 0.006 0.006 0.007 0.008 0.011 0.019 0.029 0.041 0.000 0.000 0.000 0.000 0.000 0.000 0.000 0.001 0.001 0.002 0.003 0.006 0.010 0.015 0.014 0.014 0.015 0.018 0.024 0.035 0.048 0.063 0.077 0.092 0.106 0.120 0.134 0.147
0.037 0.028 0.020 0.014 0.010 0.007 0.004 0.002 0.001 0.001 0.001 0.001 0.001 0.001 0.001 0.001 0.001 0.001 0.001 0.001 0.000 0.000 0.000 0.000 0.000 0.000 0.000 0.005 0.007 0.007 0.007 0.007 0.006 0.005 0.004 0.003 0.003 0.003 0.003 0.005 0.005 0.005 0.005 0.006 0.007 0.013 0.021 0.030 0.041 0.000 0.000 0.000 0.000 0.000 0.000 0.001 0.001 0.001 0.002 0.004 0.008 0.013 0.020 0.000 0.000 0.000 0.000 0.022 0.033 0.045 0.060 0.074 0.089 0.103 0.118 0.131 0.000
0.048 0.049 0.051 0.042 0.033 0.026 0.020 0.015 0.011 0.007 0.004 0.002 0.001 0.001 0.001 0.001 0.001 0.001 0.001 0.001 0.001 0.001 0.001 0.001 0.000 0.000 0.000 0.004 0.006 0.007 0.007 0.006 0.006 0.005 0.005 0.004 0.003 0.002 0.003 0.004 0.004 0.004 0.004 0.005 0.008 0.015 0.024 0.033 0.041 0.000 0.000 0.000 0.000 0.000 0.000 0.001 0.001 0.002 0.003 0.006 0.010 0.015 0.020 0.000 0.000 0.000 0.009 0.020 0.000 0.042 0.057 0.072 0.086 0.101 0.114 0.129 0.000
0.039 0.041 0.043 0.046 0.048 0.051 0.051 0.043 0.035 0.027 0.020 0.014 0.009 0.006 0.003 0.002 0.001 0.001 0.001 0.001 0.001 0.001 0.001 0.001 0.001 0.001 0.001 0.003 0.005 0.006 0.006 0.006 0.006 0.006 0.005 0.005 0.004 0.003 0.002 0.002 0.002 0.002 0.003 0.005 0.010 0.017 0.027 0.038 0.000 0.000 0.000 0.000 0.000 0.000 0.000 0.001 0.001 0.003 0.005 0.007 0.011 0.019 0.000 0.000 0.000 0.000 0.000 0.000 0.000 0.039 0.000 0.000 0.083 0.097 0.110 0.000 0.000
0.031 0.033 0.036 0.038 0.040 0.043 0.048 0.051 0.054 0.056 0.051 0.042 0.032 0.024 0.018 0.013 0.009 0.006 0.003 0.001 0.001 0.001 0.001 0.001 0.001 0.001 0.001 0.003 0.004 0.005 0.006 0.006 0.006 0.006 0.006 0.005 0.004 0.004 0.003 0.002 0.001 0.001 0.003 0.006 0.012 0.021 0.030 0.042 0.000 0.000 0.000 0.000 0.000 0.000 0.001 0.001 0.002 0.004 0.007 0.009 0.012 0.020 0.000 0.000 0.000 0.000 0.000 0.000 0.000 0.000 0.000 0.000 0.000 0.093 0.106 0.000 0.000
0.023 0.025 0.027 0.029 0.033 0.037 0.041 0.043 0.045 0.048 0.051 0.052 0.053 0.055 0.048 0.038 0.030 0.023 0.017 0.012 0.008 0.005 0.002 0.001 0.001 0.001 0.001 0.002 0.004 0.005 0.005 0.006 0.006 0.006 0.007 0.007 0.006 0.005 0.005 0.006 0.005 0.003 0.003 0.005 0.012 0.019 0.029 0.041 0.000 0.000 0.000 0.000 0.000 0.000 0.001 0.002 0.003 0.005 0.009 0.013 0.012 0.018 0.000 0.000 0.000 0.000 0.000 0.000 0.000 0.000 0.000 0.000 0.000 0.088 0.099 0.110 0.000
0.016 0.018 0.020 0.023 0.027 0.030 0.033 0.035 0.037 0.040 0.042 0.044 0.045 0.047 0.050 0.052 0.054 0.055 0.047 0.038 0.030 0.022 0.016 0.010 0.006 0.003 0.002 0.000 0.003 0.005 0.006 0.006 0.007 0.008 0.008 0.007 0.007 0.007 0.008 0.013 0.017 0.014 0.011 0.010 0.010 0.011 0.029 0.000 0.000 0.000 0.000 0.000 0.000 0.000 0.001 0.002 0.004 0.007 0.011 0.018 0.000 0.000 0.000 0.000 0.000 0.000 0.000 0.000 0.000 0.000 0.000 0.000 0.000 0.084 0.095 0.103 0.103
0.011 0.013 0.015 0.017 0.020 0.022 0.025 0.028 0.030 0.032 0.033 0.035 0.037 0.039 0.042 0.044 0.046 0.049 0.053 0.055 0.057 0.054 0.044 0.034 0.025 0.017 0.011 0.006 0.005 0.006 0.006 0.008 0.009 0.009 0.009 0.008 0.008 0.013 0.024 0.038 0.047 0.045 0.046 0.043 0.037 0.030 0.029 0.000 0.000 0.000 0.000 0.000 0.000 0.000 0.002 0.003 0.005 0.008 0.012 0.018 0.000 0.041 0.000 0.000 0.000 0.000 0.000 0.000 0.000 0.000 0.000 0.000 0.069 0.082 0.095 0.000 0.000
0.006 0.008 0.010 0.012 0.014 0.015 0.017 0.019 0.021 0.023 0.025 0.027 0.029 0.031 0.033 0.035 0.039 0.042 0.045 0.047 0.049 0.051 0.052 0.053 0.051 0.042 0.030 0.018 0.012 0.011 0.011 0.011 0.012 0.013 0.015 0.019 0.033 0.041 0.049 0.058 0.071 0.074 0.070 0.069 0.071 0.070 0.059 0.000 0.000 0.000 0.000 0.000 0.000 0.001 0.003 0.005 0.007 0.009 0.014 0.000 0.000 0.036 0.049 0.065 0.000 0.000 0.000 0.000 0.000 0.000 0.000 0.000 0.067 0.080 0.093 0.000 0.000
0.001 0.001 0.002 0.004 0.006 0.008 0.010 0.012 0.014 0.015 0.017 0.018 0.020 0.023 0.026 0.029 0.032 0.034 0.037 0.038 0.041 0.042 0.043 0.043 0.041 0.039 0.034 0.025 0.020 0.016 0.016 0.017 0.024 0.031 0.038 0.037 0.056 0.067 0.078 0.089 0.100 0.107 0.104 0.100 0.098 0.096 0.000 0.000 0.000 0.000 0.000 0.000 0.000 0.001 0.004 0.007 0.009 0.011 0.015 0.023 0.000 0.031 0.045 0.000 0.000 0.041 0.000 0.000 0.000 0.000 0.000 0.051 0.066 0.080 0.000 0.000 0.000
0.001 0.001 0.001 0.001 0.001 0.001 0.003 0.004 0.006 0.008 0.010 0.012 0.014 0.016 0.019 0.021 0.024 0.026 0.029 0.031 0.032 0.032 0.032 0.030 0.027 0.023 0.024 0.026 0.025 0.025 0.030 0.038 0.042 0.051 0.058 0.071 0.082 0.094 0.106 0.117 0.125 0.135 0.133 0.131 0.125 0.121 0.000 0.000 0.000 0.000 0.000 0.000 0.000 0.001 0.006 0.009 0.012 0.014 0.016 0.022 0.025 0.030 0.042 0.000 0.029 0.039 0.050 0.064 0.078 0.000 0.000 0.000 0.066 0.080 0.000 0.000 0.000
0.001 0.001 0.001 0.001 0.001 0.001 0.001 0.001 0.001 0.002 0.004 0.006 0.009 0.011 0.013 0.015 0.017 0.018 0.020 0.021 0.022 0.020 0.018 0.017 0.020 0.021 0.024 0.034 0.036 0.035 0.040 0.055 0.065 0.072 0.078 0.089 0.105 0.119 0.130 0.141 0.148 0.154 0.166 0.157 0.154 0.143 0.124 0.116 0.110 0.000 0.000 0.000 0.000 0.016 0.010 0.013 0.016 0.018 0.019 0.020 0.023 0.027 0.035 0.035 0.034 0.040 0.051 0.063 0.077 0.000 0.000 0.000 0.067 0.079 0.094 0.000 0.000
0.001 0.001 0.001 0.001 0.001 0.001 0.001 0.001 0.001 0.001 0.001 0.001 0.002 0.003 0.006 0.008 0.010 0.012 0.013 0.011 0.010 0.012 0.014 0.016 0.018 0.021 0.028 0.047 0.053 0.058 0.060 0.071 0.082 0.094 0.103 0.115 0.128 0.143 0.156 0.161 0.175 0.183 0.189 0.191 0.000 0.000 0.146 0.142 0.132 0.111 0.101 0.098 0.000 0.048 0.043 0.035 0.023 0.022 0.024 0.024 0.023 0.024 0.027 0.030 0.033 0.039 0.049 0.060 0.074 0.000 0.000 0.057 0.069 0.000 0.092 0.107 0.000
0.001 0.001 0.001 0.001 0.001 0.001 0.001 0.001 0.001 0.001 0.001 0.001 0.001 0.001 0.001 0.001 0.002 0.003 0.003 0.007 0.008 0.010 0.012 0.015 0.019 0.026 0.056 0.076 0.079 0.081 0.085 0.089 0.102 0.113 0.128 0.137 0.154 0.166 0.177 0.196 0.194 0.211 0.220 0.000 0.000 0.000 0.000 0.000 0.000 0.128 0.125 0.119 0.097 0.084 0.074 0.062 0.053 0.042 0.029 0.027 0.027 0.026 0.027 0.027 0.029 0.034 0.043 0.055 0.065 0.074 0.000 0.057 0.069 0.000 0.000 0.106 0.000
