数据/2hours/0.1-2h-200y/coupled-128-0001.wd
ncols         694
nrows         824
xllcorner     581104.939801
yllcorner     3495917.092414
cellsize      2.000000
NODATA_value  -9999.000000
[rows 442 to 475 of 824, columns 385 to 461 of 694]
0.000 0.000 0.000 0.223 0.215 0.208 0.202 0.195 0.188 0.182 0.179 0.176 0.171 0.164 0.155 0.144 0.133 0.121 0.108 0.092 0.080 0.087 0.093 0.096 0.107 0.114 0.126 0.134 0.149 0.155 0.158 0.156 0.162 0.161 0.000 0.000 0.000 0.000 0.000 0.000 0.000 0.000 0.000 0.000 0.000 0.000 0.000 0.000 0.000 0.000 0.000 0.007 0.018 0.028 0.036 0.043 0.050 0.057 0.064 0.070 0.077 0.084 0.092 0.100 0.108 0.115 0.122 0.128 0.135 0.141 0.000 0.000 0.000 0.000 0.000 0.000 0.000
0.000 0.000 0.000 0.000 0.000 0.217 0.213 0.206 0.198 0.192 0.190 0.186 0.180 0.173 0.165 0.155 0.146 0.135 0.122 0.108 0.097 0.094 0.094 0.103 0.109 0.120 0.130 0.140 0.151 0.163 0.155 0.165 0.164 0.163 0.000 0.000 0.000 0.000 0.000 0.000 0.000 0.000 0.000 0.000 0.000 0.000 0.000 0.000 0.000 0.003 0.012 0.021 0.031 0.040 0.049 0.056 0.064 0.071 0.078 0.085 0.092 0.099 0.107 0.114 0.121 0.129 0.135 0.141 0.147 0.153 0.158 0.158 0.000 0.000 0.000 0.000 0.000
0.000 0.000 0.000 0.000 0.000 0.000 0.000 0.215 0.208 0.205 0.200 0.197 0.191 0.184 0.176 0.168 0.156 0.146 0.133 0.120 0.109 0.099 0.100 0.111 0.117 0.128 0.134 0.148 0.155 0.167 0.163 0.168 0.166 0.000 0.000 0.000 0.000 0.000 0.000 0.000 0.000 0.000 0.000 0.000 0.000 0.000 0.000 0.000 0.011 0.018 0.026 0.034 0.043 0.053 0.062 0.070 0.077 0.084 0.091 0.099 0.106 0.113 0.121 0.128 0.135 0.142 0.148 0.155 0.160 0.166 0.171 0.165 0.158 0.151 0.146 0.000 0.000
0.000 0.000 0.000 0.000 0.000 0.000 0.000 0.000 0.214 0.214 0.212 0.208 0.202 0.195 0.188 0.176 0.165 0.153 0.140 0.126 0.118 0.110 0.103 0.112 0.121 0.131 0.136 0.145 0.166 0.165 0.167 0.167 0.167 0.000 0.000 0.000 0.000 0.000 0.000 0.000 0.000 0.000 0.000 0.000 0.000 0.000 0.004 0.015 0.024 0.031 0.039 0.046 0.055 0.000 0.000 0.000 0.000 0.097 0.000 0.000 0.120 0.127 0.134 0.141 0.149 0.155 0.161 0.168 0.172 0.177 0.178 0.172 0.165 0.158 0.153 0.147 0.143
0.000 0.000 0.000 0.000 0.000 0.000 0.000 0.000 0.000 0.000 0.220 0.216 0.212 0.205 0.196 0.187 0.176 0.161 0.147 0.139 0.129 0.118 0.109 0.108 0.117 0.127 0.131 0.136 0.150 0.157 0.160 0.162 0.165 0.000 0.000 0.000 0.000 0.000 0.000 0.000 0.000 0.000 0.000 0.000 0.000 0.000 0.000 0.000 0.000 0.045 0.052 0.059 0.067 0.000 0.000 0.000 0.000 0.000 0.000 0.000 0.000 0.000 0.000 0.000 0.162 0.168 0.175 0.180 0.185 0.190 0.185 0.178 0.172 0.166 0.160 0.155 0.150
0.000 0.000 0.000 0.000 0.000 0.000 0.000 0.000 0.000 0.000 0.000 0.220 0.216 0.211 0.205 0.194 0.181 0.168 0.158 0.148 0.135 0.125 0.117 0.108 0.110 0.120 0.127 0.130 0.138 0.146 0.149 0.150 0.150 0.142 0.139 0.129 0.000 0.000 0.000 0.000 0.000 0.000 0.000 0.000 0.000 0.000 0.000 0.000 0.000 0.000 0.000 0.000 0.000 0.000 0.000 0.000 0.000 0.000 0.000 0.000 0.000 0.000 0.000 0.000 0.000 0.000 0.000 0.000 0.197 0.199 0.193 0.186 0.180 0.173 0.168 0.162 0.157
0.000 0.000 0.000 0.000 0.000 0.000 0.000 0.000 0.000 0.000 0.000 0.000 0.000 0.213 0.208 0.198 0.190 0.177 0.165 0.154 0.146 0.136 0.125 0.116 0.109 0.117 0.122 0.129 0.135 0.137 0.134 0.137 0.134 0.130 0.123 0.114 0.108 0.099 0.096 0.095 0.000 0.000 0.000 0.000 0.000 0.000 0.000 0.000 0.000 0.000 0.000 0.000 0.000 0.000 0.000 0.000 0.000 0.000 0.000 0.000 0.000 0.000 0.000 0.000 0.000 0.000 0.000 0.000 0.000 0.000 0.000 0.191 0.187 0.181 0.174 0.170 0.165
0.000 0.000 0.000 0.000 0.000 0.000 0.000 0.000 0.000 0.000 0.000 0.000 0.000 0.000 0.000 0.198 0.185 0.174 0.165 0.153 0.147 0.140 0.130 0.121 0.116 0.111 0.121 0.129 0.123 0.130 0.124 0.121 0.120 0.114 0.116 0.113 0.111 0.102 0.094 0.099 0.105 0.096 0.091 0.000 0.000 0.000 0.000 0.000 0.000 0.000 0.000 0.000 0.000 0.000 0.000 0.000 0.000 0.000 0.000 0.000 0.000 0.000 0.000 0.000 0.000 0.000 0.000 0.000 0.000 0.000 0.000 0.000 0.000 0.000 0.000 0.177 0.173
0.000 0.000 0.000 0.000 0.000 0.000 0.000 0.000 0.000 0.000 0.000 0.000 0.000 0.000 0.000 0.000 0.183 0.175 0.159 0.148 0.145 0.142 0.139 0.127 0.119 0.117 0.112 0.121 0.125 0.122 0.118 0.115 0.119 0.119 0.118 0.117 0.115 0.110 0.101 0.103 0.109 0.108 0.100 0.098 0.105 0.105 0.104 0.000 0.000 0.000 0.000 0.000 0.000 0.000 0.000 0.000 0.000 0.000 0.000 0.000 0.000 0.000 0.000 0.000 0.000 0.000 0.000 0.000 0.000 0.000 0.000 0.000 0.000 0.000 0.000 0.000 0.000
0.000 0.000 0.000 0.000 0.000 0.000 0.000 0.000 0.000 0.000 0.000 0.000 0.000 0.000 0.000 0.000 0.000 0.000 0.154 0.145 0.144 0.143 0.135 0.129 0.125 0.114 0.113 0.107 0.111 0.112 0.114 0.113 0.121 0.118 0.125 0.126 0.122 0.121 0.113 0.111 0.113 0.114 0.107 0.106 0.110 0.116 0.111 0.109 0.106 0.102 0.105 0.108 0.103 0.105 0.102 0.000 0.000 0.000 0.000 0.000 0.000 0.000 0.000 0.000 0.000 0.000 0.000 0.000 0.000 0.000 0.000 0.000 0.000 0.000 0.000 0.000 0.000
0.000 0.000 0.000 0.000 0.000 0.000 0.000 0.000 0.000 0.000 0.000 0.000 0.000 0.000 0.000 0.000 0.000 0.000 0.150 0.145 0.145 0.148 0.145 0.128 0.129 0.123 0.118 0.118 0.108 0.111 0.117 0.120 0.124 0.127 0.129 0.124 0.127 0.130 0.126 0.122 0.124 0.124 0.122 0.120 0.111 0.118 0.122 0.124 0.117 0.114 0.117 0.121 0.119 0.119 0.116 0.110 0.116 0.125 0.000 0.000 0.000 0.000 0.000 0.000 0.000 0.000 0.000 0.000 0.000 0.000 0.000 0.000 0.000 0.000 0.000 0.000 0.000
0.000 0.000 0.000 0.000 0.000 0.000 0.000 0.000 0.000 0.000 0.000 0.000 0.000 0.000 0.000 0.000 0.000 0.000 0.155 0.143 0.147 0.144 0.143 0.143 0.135 0.131 0.127 0.124 0.115 0.125 0.130 0.131 0.137 0.137 0.137 0.140 0.142 0.142 0.137 0.131 0.136 0.139 0.132 0.130 0.127 0.116 0.125 0.132 0.131 0.127 0.130 0.131 0.131 0.131 0.129 0.125 0.125 0.124 0.115 0.109 0.105 0.000 0.000 0.000 0.000 0.000 0.000 0.000 0.000 0.000 0.000 0.000 0.000 0.000 0.000 0.000 0.000
0.000 0.000 0.000 0.000 0.000 0.000 0.000 0.000 0.000 0.000 0.000 0.000 0.000 0.000 0.000 0.000 0.000 0.000 0.157 0.152 0.147 0.143 0.138 0.129 0.133 0.127 0.128 0.127 0.129 0.129 0.133 0.140 0.148 0.151 0.159 0.160 0.155 0.152 0.150 0.149 0.147 0.150 0.148 0.142 0.142 0.138 0.141 0.141 0.143 0.143 0.147 0.140 0.143 0.142 0.139 0.138 0.134 0.131 0.125 0.120 0.117 0.114 0.114 0.119 0.126 0.000 0.000 0.000 0.000 0.000 0.000 0.000 0.000 0.000 0.000 0.000 0.000
0.000 0.000 0.000 0.000 0.000 0.000 0.000 0.000 0.000 0.000 0.000 0.000 0.000 0.000 0.000 0.000 0.000 0.164 0.165 0.160 0.154 0.147 0.144 0.138 0.130 0.129 0.122 0.130 0.132 0.138 0.144 0.147 0.150 0.155 0.161 0.164 0.169 0.169 0.162 0.158 0.160 0.157 0.157 0.154 0.154 0.152 0.151 0.152 0.154 0.156 0.158 0.152 0.157 0.152 0.147 0.147 0.140 0.137 0.136 0.133 0.131 0.128 0.127 0.128 0.133 0.133 0.125 0.113 0.113 0.000 0.000 0.000 0.000 0.000 0.000 0.000 0.000
0.000 0.000 0.000 0.000 0.000 0.000 0.000 0.000 0.000 0.000 0.000 0.000 0.000 0.000 0.000 0.000 0.000 0.187 0.185 0.173 0.171 0.155 0.144 0.142 0.136 0.132 0.127 0.135 0.146 0.152 0.156 0.156 0.158 0.163 0.163 0.167 0.175 0.178 0.173 0.168 0.164 0.164 0.162 0.161 0.160 0.161 0.161 0.163 0.164 0.169 0.170 0.169 0.165 0.158 0.157 0.158 0.152 0.147 0.143 0.145 0.146 0.140 0.143 0.142 0.143 0.142 0.130 0.120 0.117 0.098 0.089 0.073 0.000 0.000 0.000 0.000 0.000
0.000 0.000 0.000 0.000 0.000 0.000 0.000 0.000 0.000 0.000 0.000 0.000 0.000 0.000 0.000 0.000 0.000 0.206 0.194 0.185 0.179 0.165 0.155 0.151 0.145 0.142 0.138 0.143 0.151 0.155 0.162 0.167 0.168 0.173 0.176 0.176 0.180 0.178 0.182 0.182 0.177 0.174 0.170 0.166 0.167 0.167 0.168 0.171 0.177 0.178 0.183 0.181 0.172 0.170 0.169 0.168 0.162 0.160 0.158 0.156 0.158 0.154 0.152 0.154 0.154 0.141 0.134 0.125 0.113 0.102 0.084 0.071 0.057 0.041 0.014 0.002 0.000
0.000 0.000 0.000 0.000 0.000 0.000 0.000 0.000 0.000 0.000 0.000 0.000 0.000 0.000 0.000 0.000 0.000 0.218 0.214 0.203 0.195 0.184 0.171 0.162 0.151 0.150 0.144 0.150 0.158 0.160 0.172 0.176 0.180 0.181 0.180 0.186 0.186 0.183 0.188 0.193 0.186 0.182 0.178 0.173 0.175 0.174 0.177 0.177 0.180 0.182 0.185 0.181 0.180 0.182 0.180 0.178 0.172 0.169 0.169 0.170 0.169 0.169 0.168 0.164 0.162 0.140 0.129 0.123 0.110 0.096 0.084 0.065 0.052 0.043 0.023 0.011 0.006
0.000 0.000 0.000 0.000 0.000 0.000 0.000 0.000 0.000 0.000 0.000 0.000 0.000 0.000 0.000 0.000 0.236 0.231 0.227 0.216 0.210 0.217 0.195 0.186 0.173 0.160 0.159 0.161 0.168 0.179 0.182 0.179 0.190 0.193 0.187 0.192 0.196 0.196 0.195 0.191 0.191 0.188 0.185 0.182 0.179 0.182 0.182 0.185 0.185 0.184 0.186 0.187 0.187 0.185 0.181 0.183 0.180 0.177 0.176 0.179 0.181 0.179 0.178 0.176 0.164 0.150 0.132 0.124 0.119 0.113 0.105 0.089 0.084 0.071 0.049 0.036 0.028
0.000 0.000 0.000 0.000 0.000 0.000 0.000 0.000 0.000 0.000 0.000 0.000 0.000 0.000 0.000 0.000 0.233 0.239 0.237 0.220 0.220 0.222 0.221 0.212 0.198 0.185 0.183 0.177 0.177 0.185 0.196 0.196 0.204 0.207 0.207 0.204 0.201 0.202 0.201 0.196 0.193 0.191 0.189 0.188 0.185 0.186 0.187 0.192 0.191 0.193 0.193 0.194 0.193 0.189 0.189 0.189 0.184 0.183 0.186 0.185 0.184 0.185 0.185 0.184 0.188 0.182 0.174 0.167 0.159 0.150 0.139 0.127 0.119 0.104 0.083 0.070 0.058
0.000 0.000 0.000 0.000 0.000 0.000 0.000 0.000 0.000 0.000 0.000 0.000 0.000 0.000 0.000 0.000 0.235 0.237 0.232 0.230 0.231 0.227 0.236 0.229 0.227 0.210 0.212 0.211 0.212 0.214 0.215 0.224 0.225 0.219 0.224 0.222 0.213 0.208 0.204 0.197 0.194 0.196 0.197 0.191 0.187 0.191 0.196 0.199 0.199 0.201 0.200 0.199 0.196 0.194 0.196 0.195 0.191 0.191 0.192 0.195 0.193 0.187 0.182 0.178 0.184 0.186 0.193 0.199 0.201 0.190 0.180 0.167 0.155 0.143 0.122 0.109 0.096
0.362 0.344 0.351 0.000 0.000 0.000 0.000 0.000 0.000 0.000 0.000 0.000 0.000 0.000 0.000 0.239 0.229 0.240 0.229 0.232 0.229 0.232 0.230 0.235 0.230 0.234 0.233 0.231 0.235 0.242 0.244 0.249 0.245 0.242 0.244 0.237 0.226 0.219 0.208 0.201 0.200 0.201 0.199 0.195 0.195 0.198 0.202 0.202 0.205 0.207 0.207 0.206 0.204 0.202 0.202 0.198 0.199 0.202 0.198 0.194 0.189 0.181 0.177 0.172 0.177 0.179 0.184 0.188 0.194 0.195 0.201 0.200 0.197 0.183 0.163 0.149 0.135
0.364 0.352 0.358 0.356 0.334 0.350 0.000 0.000 0.000 0.000 0.000 0.000 0.000 0.000 0.000 0.244 0.249 0.252 0.245 0.241 0.242 0.238 0.237 0.236 0.235 0.243 0.244 0.252 0.250 0.250 0.251 0.262 0.267 0.266 0.264 0.253 0.241 0.234 0.000 0.204 0.208 0.210 0.206 0.200 0.202 0.204 0.204 0.208 0.213 0.213 0.214 0.214 0.212 0.210 0.208 0.204 0.206 0.208 0.202 0.192 0.183 0.177 0.173 0.167 0.169 0.171 0.176 0.179 0.183 0.185 0.190 0.190 0.192 0.191 0.187 0.187 0.177
0.371 0.374 0.381 0.360 0.355 0.366 0.360 0.347 0.339 0.356 0.000 0.000 0.000 0.000 0.000 0.266 0.261 0.257 0.255 0.255 0.250 0.248 0.238 0.240 0.240 0.243 0.253 0.253 0.254 0.253 0.261 0.259 0.272 0.276 0.279 0.264 0.255 0.000 0.000 0.000 0.000 0.000 0.000 0.205 0.209 0.211 0.211 0.214 0.216 0.219 0.222 0.222 0.221 0.218 0.215 0.213 0.209 0.202 0.195 0.189 0.181 0.173 0.168 0.160 0.161 0.163 0.165 0.169 0.172 0.174 0.178 0.178 0.182 0.180 0.177 0.178 0.179
0.000 0.000 0.000 0.356 0.357 0.359 0.355 0.358 0.349 0.350 0.338 0.339 0.328 0.000 0.000 0.288 0.287 0.274 0.269 0.259 0.254 0.247 0.243 0.237 0.243 0.252 0.262 0.264 0.258 0.264 0.267 0.272 0.281 0.286 0.296 0.000 0.000 0.000 0.000 0.000 0.000 0.000 0.000 0.000 0.000 0.000 0.216 0.221 0.222 0.226 0.228 0.229 0.229 0.227 0.217 0.210 0.208 0.199 0.192 0.182 0.175 0.170 0.162 0.153 0.149 0.152 0.153 0.158 0.160 0.166 0.167 0.168 0.170 0.168 0.169 0.169 0.170
0.000 0.000 0.000 0.000 0.000 0.000 0.354 0.359 0.350 0.348 0.334 0.336 0.335 0.326 0.313 0.298 0.287 0.276 0.276 0.268 0.259 0.248 0.230 0.226 0.234 0.250 0.257 0.256 0.260 0.268 0.272 0.271 0.280 0.288 0.000 0.000 0.000 0.000 0.000 0.000 0.000 0.000 0.000 0.000 0.000 0.000 0.000 0.000 0.000 0.000 0.234 0.237 0.230 0.224 0.214 0.207 0.200 0.191 0.188 0.179 0.173 0.166 0.157 0.151 0.145 0.142 0.145 0.149 0.151 0.155 0.155 0.158 0.157 0.159 0.162 0.160 0.159
0.000 0.000 0.000 0.000 0.000 0.000 0.000 0.000 0.000 0.000 0.338 0.346 0.339 0.339 0.313 0.301 0.291 0.281 0.283 0.283 0.279 0.259 0.244 0.231 0.245 0.253 0.259 0.258 0.260 0.269 0.266 0.273 0.287 0.000 0.000 0.000 0.000 0.000 0.000 0.000 0.000 0.000 0.000 0.000 0.000 0.000 0.000 0.000 0.000 0.000 0.000 0.000 0.000 0.000 0.202 0.205 0.197 0.184 0.179 0.175 0.169 0.159 0.152 0.143 0.134 0.134 0.137 0.138 0.141 0.141 0.145 0.149 0.151 0.154 0.152 0.150 0.152
0.000 0.000 0.000 0.000 0.000 0.000 0.000 0.000 0.000 0.000 0.000 0.000 0.000 0.000 0.320 0.305 0.287 0.284 0.289 0.291 0.283 0.268 0.266 0.263 0.258 0.279 0.275 0.269 0.276 0.278 0.270 0.272 0.000 0.000 0.000 0.000 0.000 0.000 0.000 0.000 0.000 0.000 0.000 0.000 0.000 0.000 0.000 0.000 0.000 0.000 0.000 0.000 0.000 0.000 0.000 0.000 0.000 0.178 0.175 0.174 0.168 0.154 0.147 0.137 0.127 0.130 0.132 0.132 0.133 0.133 0.136 0.140 0.141 0.142 0.141 0.142 0.147
0.000 0.000 0.000 0.000 0.000 0.000 0.000 0.000 0.000 0.000 0.000 0.000 0.000 0.000 0.000 0.285 0.282 0.283 0.290 0.288 0.278 0.268 0.260 0.255 0.268 0.278 0.274 0.276 0.289 0.291 0.289 0.288 0.000 0.000 0.000 0.000 0.000 0.000 0.000 0.000 0.000 0.000 0.000 0.000 0.000 0.000 0.000 0.000 0.000 0.000 0.000 0.000 0.000 0.000 0.000 0.000 0.000 0.000 0.000 0.000 0.000 0.141 0.135 0.129 0.121 0.124 0.123 0.124 0.123 0.122 0.126 0.128 0.130 0.132 0.135 0.140 0.141
0.000 0.000 0.000 0.000 0.000 0.000 0.000 0.000 0.000 0.000 0.000 0.000 0.000 0.000 0.279 0.280 0.279 0.284 0.294 0.290 0.278 0.275 0.262 0.258 0.269 0.273 0.270 0.278 0.280 0.284 0.294 0.302 0.000 0.000 0.000 0.000 0.000 0.000 0.000 0.000 0.000 0.000 0.000 0.000 0.000 0.000 0.000 0.000 0.000 0.000 0.000 0.000 0.000 0.000 0.000 0.000 0.000 0.000 0.000 0.000 0.000 0.000 0.000 0.000 0.109 0.116 0.118 0.115 0.110 0.112 0.115 0.118 0.122 0.125 0.129 0.131 0.131
0.000 0.000 0.000 0.000 0.000 0.000 0.000 0.000 0.000 0.000 0.000 0.000 0.000 0.000 0.287 0.295 0.284 0.296 0.285 0.291 0.292 0.294 0.286 0.295 0.301 0.301 0.287 0.294 0.297 0.294 0.299 0.301 0.000 0.000 0.000 0.000 0.000 0.000 0.000 0.000 0.000 0.000 0.000 0.000 0.000 0.000 0.000 0.000 0.000 0.000 0.000 0.000 0.000 0.000 0.000 0.000 0.000 0.000 0.000 0.000 0.000 0.000 0.000 0.000 0.000 0.000 0.000 0.000 0.099 0.105 0.109 0.108 0.113 0.119 0.120 0.119 0.119
0.000 0.000 0.000 0.000 0.000 0.000 0.000 0.000 0.000 0.000 0.000 0.000 0.000 0.000 0.298 0.291 0.298 0.298 0.297 0.292 0.291 0.288 0.289 0.299 0.317 0.306 0.309 0.315 0.311 0.311 0.305 0.000 0.000 0.000 0.000 0.000 0.000 0.000 0.000 0.000 0.000 0.000 0.000 0.000 0.000 0.000 0.000 0.000 0.000 0.000 0.000 0.000 0.000 0.000 0.000 0.000 0.000 0.000 0.000 0.000 0.000 0.000 0.000 0.000 0.000 0.000 0.000 0.000 0.000 0.000 0.000 0.093 0.104 0.111 0.112 0.109 0.107
0.000 0.000 0.000 0.000 0.000 0.000 0.000 0.000 0.000 0.000 0.000 0.000 0.000 0.000 0.302 0.294 0.291 0.290 0.275 0.273 0.282 0.271 0.279 0.302 0.318 0.316 0.320 0.321 0.313 0.319 0.334 0.000 0.000 0.000 0.000 0.000 0.000 0.000 0.000 0.000 0.000 0.000 0.000 0.000 0.000 0.000 0.000 0.000 0.000 0.000 0.000 0.000 0.000 0.000 0.000 0.000 0.000 0.000 0.000 0.000 0.000 0.000 0.000 0.000 0.000 0.000 0.000 0.000 0.000 0.000 0.000 0.000 0.000 0.000 0.000 0.098 0.098
0.000 0.000 0.000 0.000 0.000 0.000 0.000 0.000 0.000 0.000 0.000 0.000 0.000 0.287 0.286 0.288 0.290 0.273 0.264 0.277 0.278 0.273 0.285 0.303 0.316 0.322 0.327 0.333 0.337 0.344 0.344 0.000 0.000 0.000 0.000 0.000 0.000 0.000 0.000 0.000 0.000 0.000 0.000 0.000 0.000 0.000 0.000 0.000 0.000 0.000 0.000 0.000 0.000 0.000 0.000 0.000 0.000 0.000 0.000 0.000 0.000 0.000 0.000 0.000 0.000 0.000 0.000 0.000 0.000 0.000 0.000 0.000 0.000 0.000 0.000 0.000 0.083
0.000 0.000 0.000 0.000 0.000 0.000 0.000 0.000 0.000 0.000 0.000 0.000 0.000 0.286 0.284 0.288 0.287 0.273 0.272 0.277 0.273 0.275 0.293 0.308 0.315 0.325 0.332 0.336 0.349 0.362 0.000 0.000 0.000 0.000 0.000 0.000 0.000 0.000 0.000 0.000 0.000 0.000 0.000 0.000 0.000 0.000 0.000 0.000 0.000 0.000 0.000 0.000 0.000 0.000 0.000 0.000 0.000 0.000 0.000 0.000 0.000 0.000 0.000 0.000 0.000 0.000 0.000 0.000 0.000 0.000 0.000 0.000 0.000 0.000 0.000 0.000 0.065
