数据/2hours/0.1-2h-200y/coupled-176-0001.wd
ncols         694
nrows         824
xllcorner     581104.939801
yllcorner     3495917.092414
cellsize      2.000000
NODATA_value  -9999.000000
[rows 714 to 747 of 824, columns 154 to 230 of 694]
0.000 0.000 0.000 0.000 0.000 0.000 0.002 0.003 0.004 0.005 0.006 0.007 0.008 0.008 0.009 0.009 0.009 0.009 0.009 0.008 0.001 0.001 0.075 0.070 0.058 0.050 0.047 0.044 0.039 0.031 0.025 0.027 0.000 0.000 0.000 0.000 0.000 0.000 0.000 0.000 0.000 0.000 0.040 0.096 0.117 0.128 0.140 0.151 0.161 0.000 0.000 0.000 0.000 0.000 0.000 0.000 0.000 0.000 0.258 0.267 0.279 0.282 0.252 0.235 0.245 0.160 0.074 0.002 0.001 0.001 0.000 0.000 0.000 0.000 0.000 0.000 0.000
0.000 0.000 0.000 0.000 0.000 0.002 0.003 0.004 0.005 0.006 0.007 0.008 0.009 0.009 0.010 0.010 0.010 0.011 0.011 0.011 0.010 0.009 0.001 0.093 0.089 0.081 0.069 0.065 0.059 0.052 0.048 0.045 0.043 0.037 0.000 0.000 0.000 0.000 0.000 0.000 0.000 0.029 0.082 0.138 0.182 0.193 0.204 0.214 0.224 0.000 0.000 0.000 0.000 0.000 0.000 0.000 0.000 0.000 0.318 0.317 0.291 0.270 0.246 0.236 0.246 0.198 0.117 0.031 0.001 0.001 0.000 0.000 0.000 0.000 0.000 0.000 0.000
0.000 0.000 0.000 0.000 0.001 0.003 0.004 0.005 0.006 0.007 0.008 0.009 0.009 0.010 0.010 0.011 0.011 0.012 0.013 0.013 0.014 0.014 0.013 0.001 0.000 0.119 0.106 0.092 0.080 0.073 0.070 0.067 0.063 0.057 0.057 0.000 0.000 0.000 0.000 0.000 0.021 0.071 0.125 0.181 0.237 0.257 0.267 0.277 0.287 0.000 0.000 0.000 0.000 0.000 0.000 0.000 0.000 0.354 0.329 0.307 0.283 0.258 0.234 0.241 0.254 0.252 0.164 0.077 0.001 0.000 0.000 0.000 0.000 0.000 0.000 0.000 0.000
0.000 0.000 0.000 0.000 0.002 0.004 0.005 0.006 0.007 0.008 0.009 0.009 0.010 0.010 0.011 0.012 0.012 0.013 0.014 0.015 0.016 0.018 0.019 0.021 0.025 0.001 0.142 0.126 0.108 0.096 0.092 0.088 0.084 0.078 0.078 0.075 0.074 0.000 0.000 0.000 0.058 0.111 0.167 0.224 0.280 0.318 0.328 0.339 0.000 0.000 0.000 0.000 0.000 0.000 0.000 0.000 0.000 0.344 0.320 0.297 0.271 0.250 0.231 0.242 0.253 0.263 0.208 0.119 0.037 0.000 0.000 0.000 0.000 0.000 0.000 0.000 0.000
0.000 0.000 0.000 0.001 0.003 0.005 0.006 0.007 0.008 0.008 0.009 0.010 0.010 0.011 0.012 0.012 0.013 0.014 0.015 0.016 0.018 0.020 0.024 0.029 0.039 0.058 0.001 0.152 0.136 0.120 0.113 0.109 0.104 0.100 0.098 0.095 0.094 0.092 0.000 0.073 0.099 0.153 0.209 0.266 0.320 0.377 0.392 0.402 0.000 0.000 0.000 0.000 0.000 0.000 0.000 0.000 0.000 0.332 0.308 0.287 0.261 0.240 0.239 0.247 0.256 0.266 0.250 0.165 0.000 0.000 0.000 0.000 0.000 0.000 0.000 0.000 0.000
0.000 0.000 0.000 0.001 0.003 0.005 0.006 0.007 0.008 0.009 0.009 0.010 0.011 0.011 0.012 0.013 0.014 0.015 0.016 0.017 0.019 0.021 0.024 0.028 0.033 0.039 0.026 0.001 0.001 0.139 0.135 0.129 0.125 0.122 0.120 0.116 0.114 0.112 0.105 0.097 0.143 0.196 0.252 0.308 0.363 0.419 0.455 0.464 0.000 0.000 0.000 0.000 0.000 0.000 0.000 0.000 0.000 0.321 0.298 0.274 0.254 0.231 0.238 0.251 0.260 0.269 0.280 0.209 0.000 0.000 0.000 0.000 0.000 0.000 0.000 0.000 0.000
0.000 0.000 0.000 0.001 0.003 0.005 0.006 0.007 0.008 0.009 0.010 0.010 0.011 0.012 0.012 0.013 0.014 0.015 0.016 0.018 0.019 0.021 0.023 0.026 0.029 0.030 0.024 0.017 0.011 0.000 0.154 0.151 0.147 0.143 0.141 0.138 0.136 0.133 0.129 0.000 0.000 0.237 0.295 0.350 0.405 0.460 0.516 0.528 0.538 0.513 0.000 0.000 0.000 0.000 0.000 0.000 0.334 0.309 0.287 0.265 0.241 0.230 0.241 0.251 0.260 0.269 0.279 0.255 0.000 0.000 0.000 0.000 0.000 0.000 0.000 0.000 0.000
0.000 0.000 0.000 0.001 0.003 0.005 0.006 0.007 0.008 0.009 0.010 0.010 0.011 0.012 0.013 0.013 0.014 0.015 0.016 0.017 0.019 0.020 0.022 0.023 0.025 0.025 0.022 0.018 0.014 0.010 0.001 0.170 0.168 0.163 0.160 0.159 0.157 0.156 0.000 0.000 0.000 0.000 0.338 0.392 0.448 0.503 0.557 0.553 0.527 0.500 0.474 0.450 0.000 0.000 0.000 0.000 0.326 0.301 0.278 0.253 0.231 0.227 0.240 0.256 0.264 0.270 0.284 0.000 0.000 0.000 0.000 0.000 0.000 0.000 0.000 0.000 0.000
0.000 0.000 0.000 0.001 0.003 0.005 0.006 0.007 0.008 0.009 0.010 0.011 0.011 0.012 0.013 0.013 0.014 0.015 0.016 0.017 0.018 0.019 0.020 0.021 0.022 0.022 0.020 0.017 0.015 0.012 0.009 0.001 0.000 0.181 0.179 0.177 0.177 0.000 0.000 0.000 0.000 0.000 0.000 0.434 0.489 0.512 0.534 0.000 0.000 0.491 0.466 0.439 0.413 0.389 0.000 0.000 0.316 0.291 0.265 0.241 0.222 0.234 0.241 0.252 0.265 0.273 0.285 0.000 0.000 0.000 0.000 0.000 0.000 0.000 0.000 0.000 0.000
0.000 0.000 0.000 0.001 0.003 0.005 0.006 0.007 0.008 0.009 0.010 0.011 0.011 0.012 0.013 0.013 0.014 0.015 0.016 0.016 0.017 0.018 0.019 0.020 0.020 0.019 0.018 0.017 0.015 0.013 0.011 0.008 0.006 0.001 0.200 0.198 0.000 0.000 0.000 0.000 0.000 0.000 0.000 0.448 0.468 0.489 0.510 0.000 0.000 0.000 0.000 0.429 0.405 0.379 0.355 0.332 0.307 0.281 0.259 0.230 0.226 0.235 0.243 0.256 0.267 0.277 0.289 0.000 0.000 0.000 0.000 0.000 0.000 0.000 0.000 0.000 0.000
0.000 0.000 0.000 0.001 0.003 0.005 0.006 0.007 0.008 0.009 0.010 0.010 0.011 0.012 0.012 0.013 0.014 0.014 0.015 0.016 0.017 0.017 0.018 0.018 0.018 0.018 0.017 0.016 0.014 0.013 0.011 0.009 0.008 0.005 0.000 0.218 0.214 0.000 0.000 0.000 0.000 0.000 0.000 0.424 0.446 0.467 0.488 0.502 0.000 0.000 0.000 0.000 0.000 0.372 0.347 0.321 0.299 0.274 0.234 0.225 0.232 0.238 0.245 0.257 0.266 0.276 0.000 0.000 0.000 0.000 0.000 0.000 0.000 0.000 0.000 0.000 0.000
0.000 0.000 0.000 0.001 0.003 0.005 0.006 0.007 0.008 0.009 0.010 0.010 0.011 0.012 0.012 0.013 0.013 0.014 0.015 0.015 0.016 0.016 0.017 0.017 0.017 0.016 0.016 0.015 0.014 0.013 0.011 0.010 0.009 0.007 0.005 0.000 0.232 0.227 0.000 0.000 0.000 0.000 0.000 0.000 0.424 0.000 0.000 0.484 0.471 0.000 0.000 0.000 0.000 0.000 0.000 0.313 0.288 0.263 0.239 0.226 0.235 0.245 0.251 0.259 0.271 0.281 0.000 0.000 0.000 0.000 0.000 0.000 0.000 0.000 0.000 0.000 0.000
0.000 0.000 0.000 0.001 0.003 0.005 0.006 0.007 0.008 0.009 0.010 0.010 0.011 0.011 0.012 0.012 0.013 0.014 0.014 0.015 0.015 0.015 0.016 0.016 0.016 0.015 0.015 0.014 0.013 0.012 0.011 0.010 0.009 0.008 0.006 0.004 0.001 0.247 0.262 0.000 0.000 0.000 0.000 0.000 0.000 0.000 0.000 0.000 0.451 0.000 0.000 0.000 0.000 0.000 0.321 0.302 0.277 0.254 0.231 0.227 0.238 0.250 0.254 0.261 0.275 0.281 0.000 0.000 0.000 0.000 0.000 0.000 0.000 0.000 0.000 0.000 0.000
0.000 0.000 0.000 0.001 0.003 0.005 0.006 0.007 0.008 0.009 0.009 0.010 0.010 0.011 0.012 0.012 0.013 0.013 0.014 0.014 0.014 0.015 0.015 0.015 0.015 0.014 0.014 0.013 0.013 0.012 0.011 0.010 0.009 0.008 0.007 0.006 0.004 0.000 0.235 0.253 0.000 0.000 0.000 0.000 0.000 0.000 0.000 0.000 0.431 0.000 0.000 0.000 0.000 0.000 0.310 0.290 0.268 0.244 0.222 0.229 0.240 0.252 0.260 0.268 0.280 0.000 0.000 0.000 0.000 0.000 0.000 0.000 0.000 0.000 0.000 0.000 0.000
0.000 0.000 0.000 0.001 0.003 0.005 0.006 0.007 0.008 0.008 0.009 0.010 0.010 0.011 0.011 0.012 0.012 0.013 0.013 0.013 0.014 0.014 0.014 0.014 0.014 0.014 0.013 0.013 0.012 0.011 0.011 0.010 0.009 0.008 0.007 0.006 0.005 0.003 0.001 0.225 0.248 0.000 0.000 0.000 0.000 0.000 0.000 0.416 0.411 0.000 0.000 0.000 0.000 0.317 0.302 0.281 0.261 0.240 0.226 0.233 0.239 0.250 0.262 0.274 0.285 0.293 0.301 0.000 0.000 0.000 0.000 0.000 0.000 0.000 0.000 0.000 0.000
0.000 0.000 0.000 0.000 0.002 0.004 0.005 0.006 0.007 0.008 0.009 0.009 0.010 0.010 0.011 0.011 0.012 0.012 0.012 0.013 0.013 0.013 0.013 0.013 0.013 0.013 0.013 0.012 0.012 0.011 0.010 0.010 0.009 0.008 0.007 0.006 0.005 0.003 0.001 0.000 0.231 0.251 0.000 0.000 0.000 0.000 0.000 0.000 0.000 0.000 0.000 0.000 0.000 0.297 0.287 0.270 0.250 0.226 0.226 0.233 0.241 0.251 0.263 0.277 0.289 0.296 0.308 0.320 0.335 0.000 0.000 0.000 0.000 0.000 0.000 0.000 0.072
0.000 0.000 0.000 0.000 0.001 0.003 0.004 0.005 0.006 0.007 0.008 0.009 0.009 0.010 0.010 0.011 0.011 0.012 0.012 0.012 0.012 0.013 0.013 0.013 0.012 0.012 0.012 0.012 0.011 0.011 0.010 0.009 0.009 0.008 0.007 0.006 0.005 0.003 0.001 0.000 0.000 0.220 0.233 0.254 0.000 0.000 0.000 0.000 0.000 0.000 0.000 0.000 0.288 0.277 0.265 0.253 0.234 0.214 0.224 0.238 0.248 0.255 0.264 0.279 0.289 0.301 0.313 0.323 0.335 0.346 0.361 0.000 0.000 0.000 0.000 0.000 0.000
0.000 0.000 0.000 0.000 0.000 0.002 0.003 0.004 0.005 0.006 0.007 0.008 0.009 0.009 0.010 0.010 0.011 0.011 0.011 0.012 0.012 0.012 0.012 0.012 0.012 0.012 0.011 0.011 0.011 0.010 0.009 0.009 0.008 0.007 0.007 0.006 0.005 0.003 0.001 0.000 0.000 0.000 0.208 0.233 0.256 0.000 0.000 0.000 0.000 0.000 0.000 0.000 0.266 0.251 0.244 0.229 0.219 0.214 0.224 0.239 0.252 0.260 0.266 0.280 0.289 0.303 0.318 0.330 0.341 0.354 0.367 0.380 0.332 0.000 0.000 0.000 0.000
0.000 0.000 0.000 0.000 0.000 0.000 0.002 0.003 0.004 0.005 0.006 0.007 0.008 0.009 0.009 0.010 0.010 0.010 0.011 0.011 0.011 0.011 0.011 0.011 0.011 0.011 0.011 0.010 0.010 0.009 0.009 0.008 0.008 0.007 0.006 0.005 0.004 0.002 0.000 0.000 0.000 0.000 0.000 0.214 0.228 0.245 0.000 0.000 0.000 0.000 0.000 0.257 0.244 0.233 0.220 0.212 0.207 0.215 0.228 0.240 0.257 0.265 0.269 0.282 0.292 0.000 0.000 0.000 0.347 0.360 0.372 0.384 0.379 0.300 0.236 0.000 0.000
0.000 0.000 0.000 0.000 0.000 0.000 0.000 0.002 0.003 0.004 0.005 0.006 0.007 0.008 0.009 0.009 0.010 0.010 0.010 0.010 0.011 0.011 0.011 0.011 0.011 0.010 0.010 0.010 0.009 0.009 0.008 0.008 0.007 0.006 0.005 0.004 0.003 0.001 0.000 0.000 0.000 0.000 0.000 0.000 0.199 0.219 0.234 0.000 0.000 0.000 0.000 0.242 0.228 0.214 0.207 0.210 0.206 0.210 0.221 0.236 0.252 0.263 0.269 0.281 0.296 0.000 0.000 0.000 0.000 0.000 0.375 0.389 0.402 0.347 0.312 0.278 0.000
0.000 0.000 0.000 0.000 0.000 0.000 0.000 0.000 0.002 0.003 0.004 0.005 0.006 0.007 0.008 0.009 0.009 0.009 0.010 0.010 0.010 0.010 0.010 0.010 0.010 0.010 0.009 0.009 0.009 0.008 0.008 0.007 0.006 0.005 0.004 0.003 0.002 0.000 0.000 0.000 0.000 0.000 0.000 0.000 0.172 0.193 0.205 0.223 0.000 0.236 0.224 0.217 0.206 0.204 0.205 0.208 0.204 0.208 0.216 0.233 0.247 0.259 0.267 0.276 0.000 0.000 0.000 0.000 0.000 0.000 0.000 0.393 0.406 0.419 0.385 0.350 0.000
0.000 0.000 0.000 0.000 0.000 0.000 0.000 0.000 0.000 0.002 0.003 0.004 0.005 0.006 0.007 0.008 0.008 0.009 0.009 0.009 0.009 0.009 0.009 0.009 0.009 0.009 0.009 0.008 0.008 0.008 0.007 0.006 0.005 0.004 0.003 0.002 0.000 0.000 0.000 0.000 0.000 0.000 0.000 0.000 0.000 0.173 0.188 0.208 0.230 0.212 0.203 0.200 0.199 0.199 0.200 0.206 0.207 0.209 0.217 0.230 0.245 0.253 0.262 0.000 0.000 0.000 0.000 0.000 0.000 0.000 0.000 0.000 0.000 0.429 0.427 0.425 0.393
0.000 0.000 0.000 0.000 0.000 0.000 0.000 0.000 0.000 0.000 0.002 0.003 0.004 0.005 0.006 0.007 0.008 0.008 0.008 0.008 0.008 0.008 0.008 0.008 0.008 0.008 0.008 0.008 0.007 0.007 0.006 0.005 0.004 0.003 0.002 0.000 0.000 0.000 0.000 0.000 0.000 0.000 0.000 0.000 0.000 0.000 0.172 0.188 0.205 0.199 0.199 0.198 0.196 0.197 0.199 0.204 0.204 0.202 0.211 0.219 0.240 0.247 0.256 0.000 0.000 0.000 0.000 0.000 0.000 0.000 0.000 0.000 0.000 0.000 0.000 0.441 0.440
0.000 0.000 0.000 0.000 0.000 0.000 0.000 0.000 0.000 0.000 0.000 0.002 0.003 0.004 0.005 0.006 0.007 0.007 0.007 0.007 0.007 0.007 0.007 0.007 0.007 0.007 0.007 0.007 0.006 0.006 0.005 0.004 0.003 0.002 0.000 0.000 0.000 0.000 0.000 0.000 0.000 0.000 0.000 0.000 0.000 0.000 0.000 0.164 0.188 0.202 0.194 0.194 0.193 0.195 0.196 0.199 0.201 0.202 0.209 0.213 0.233 0.242 0.000 0.000 0.000 0.000 0.000 0.000 0.000 0.000 0.000 0.000 0.000 0.000 0.000 0.000 0.000
0.000 0.000 0.000 0.000 0.000 0.000 0.000 0.000 0.000 0.000 0.000 0.000 0.002 0.003 0.004 0.005 0.006 0.006 0.006 0.006 0.006 0.006 0.006 0.006 0.006 0.006 0.006 0.006 0.005 0.005 0.004 0.003 0.002 0.000 0.000 0.000 0.000 0.000 0.000 0.000 0.000 0.000 0.000 0.000 0.000 0.000 0.000 0.000 0.167 0.180 0.190 0.193 0.196 0.197 0.194 0.200 0.196 0.200 0.204 0.211 0.226 0.240 0.000 0.000 0.000 0.000 0.000 0.000 0.000 0.000 0.000 0.000 0.000 0.000 0.000 0.000 0.000
0.000 0.000 0.000 0.000 0.000 0.000 0.000 0.000 0.000 0.000 0.000 0.000 0.000 0.002 0.003 0.004 0.005 0.005 0.005 0.005 0.005 0.005 0.005 0.005 0.005 0.005 0.005 0.005 0.004 0.004 0.003 0.002 0.000 0.000 0.000 0.000 0.000 0.000 0.000 0.000 0.000 0.000 0.000 0.000 0.000 0.000 0.000 0.000 0.000 0.144 0.173 0.190 0.196 0.193 0.194 0.190 0.192 0.194 0.198 0.208 0.220 0.000 0.000 0.000 0.000 0.000 0.000 0.000 0.000 0.000 0.000 0.000 0.000 0.000 0.000 0.000 0.000
0.000 0.000 0.000 0.000 0.000 0.000 0.000 0.000 0.000 0.000 0.000 0.000 0.000 0.000 0.001 0.002 0.003 0.003 0.003 0.003 0.003 0.003 0.003 0.003 0.003 0.003 0.003 0.003 0.003 0.002 0.001 0.000 0.000 0.000 0.000 0.000 0.000 0.000 0.000 0.000 0.000 0.000 0.000 0.000 0.000 0.000 0.000 0.000 0.000 0.000 0.151 0.171 0.195 0.188 0.190 0.189 0.190 0.192 0.195 0.207 0.220 0.000 0.000 0.000 0.000 0.000 0.000 0.000 0.000 0.000 0.000 0.000 0.000 0.000 0.000 0.000 0.000
0.000 0.000 0.000 0.000 0.000 0.000 0.000 0.000 0.000 0.000 0.000 0.000 0.000 0.000 0.000 0.000 0.001 0.001 0.001 0.001 0.001 0.001 0.001 0.001 0.001 0.001 0.001 0.001 0.001 0.000 0.000 0.000 0.000 0.000 0.000 0.000 0.000 0.000 0.000 0.000 0.000 0.000 0.000 0.000 0.000 0.000 0.000 0.000 0.000 0.000 0.127 0.148 0.176 0.187 0.184 0.189 0.187 0.191 0.192 0.207 0.000 0.000 0.000 0.000 0.000 0.000 0.000 0.000 0.000 0.000 0.000 0.000 0.000 0.000 0.000 0.000 0.000
0.000 0.000 0.000 0.000 0.000 0.000 0.000 0.000 0.000 0.000 0.000 0.000 0.000 0.000 0.000 0.000 0.000 0.000 0.000 0.000 0.000 0.000 0.000 0.000 0.000 0.000 0.000 0.000 0.000 0.000 0.000 0.000 0.000 0.000 0.000 0.000 0.000 0.000 0.000 0.000 0.000 0.000 0.000 0.000 0.000 0.000 0.000 0.000 0.000 0.000 0.000 0.128 0.150 0.168 0.179 0.181 0.171 0.179 0.175 0.000 0.000 0.000 0.000 0.000 0.000 0.000 0.000 0.000 0.000 0.000 0.000 0.000 0.000 0.000 0.000 0.000 0.000
0.000 0.000 0.000 0.000 0.000 0.000 0.000 0.000 0.000 0.000 0.000 0.000 0.000 0.000 0.000 0.000 0.000 0.000 0.000 0.000 0.000 0.000 0.000 0.000 0.000 0.000 0.000 0.000 0.000 0.000 0.000 0.000 0.000 0.000 0.000 0.000 0.000 0.000 0.000 0.000 0.000 0.000 0.000 0.000 0.000 0.000 0.000 0.000 0.000 0.000 0.000 0.104 0.125 0.145 0.163 0.177 0.173 0.172 0.163 0.165 0.000 0.000 0.000 0.000 0.000 0.000 0.000 0.000 0.000 0.000 0.000 0.000 0.000 0.000 0.000 0.000 0.000
0.000 0.000 0.000 0.000 0.000 0.000 0.000 0.000 0.000 0.000 0.000 0.000 0.000 0.000 0.000 0.000 0.000 0.000 0.000 0.000 0.000 0.000 0.000 0.000 0.000 0.000 0.000 0.000 0.000 0.000 0.000 0.000 0.000 0.000 0.000 0.000 0.000 0.000 0.000 0.000 0.000 0.000 0.000 0.000 0.000 0.000 0.000 0.000 0.000 0.000 0.000 0.083 0.104 0.123 0.140 0.161 0.170 0.163 0.157 0.150 0.154 0.000 0.000 0.000 0.000 0.000 0.000 0.000 0.000 0.000 0.000 0.000 0.000 0.000 0.000 0.000 0.000
0.000 0.000 0.000 0.000 0.000 0.000 0.000 0.000 0.000 0.000 0.000 0.000 0.000 0.000 0.000 0.000 0.000 0.000 0.000 0.000 0.000 0.000 0.000 0.000 0.000 0.000 0.000 0.000 0.000 0.000 0.000 0.000 0.000 0.000 0.000 0.000 0.000 0.000 0.000 0.000 0.000 0.000 0.000 0.000 0.000 0.000 0.000 0.000 0.000 0.000 0.000 0.068 0.077 0.104 0.121 0.137 0.150 0.159 0.152 0.148 0.142 0.138 0.141 0.000 0.000 0.000 0.000 0.000 0.000 0.000 0.000 0.000 0.000 0.000 0.000 0.000 0.000
0.000 0.000 0.000 0.000 0.000 0.000 0.000 0.000 0.000 0.000 0.000 0.000 0.000 0.000 0.000 0.000 0.000 0.000 0.000 0.000 0.000 0.000 0.000 0.000 0.000 0.000 0.000 0.000 0.000 0.000 0.000 0.000 0.000 0.000 0.000 0.000 0.000 0.000 0.000 0.000 0.000 0.000 0.000 0.000 0.000 0.000 0.000 0.000 0.000 0.000 0.000 0.000 0.065 0.081 0.096 0.108 0.126 0.141 0.147 0.139 0.134 0.131 0.140 0.145 0.000 0.000 0.000 0.000 0.000 0.000 0.000 0.000 0.000 0.000 0.000 0.000 0.000
0.000 0.000 0.000 0.000 0.000 0.000 0.000 0.000 0.000 0.000 0.000 0.000 0.000 0.000 0.000 0.000 0.000 0.000 0.000 0.000 0.000 0.000 0.000 0.000 0.000 0.000 0.000 0.000 0.000 0.000 0.000 0.000 0.000 0.000 0.000 0.000 0.000 0.000 0.000 0.000 0.000 0.000 0.000 0.000 0.000 0.000 0.000 0.000 0.000 0.000 0.000 0.000 0.044 0.059 0.072 0.084 0.098 0.115 0.130 0.129 0.122 0.131 0.132 0.138 0.150 0.000 0.000 0.000 0.000 0.000 0.000 0.000 0.000 0.000 0.000 0.000 0.000
