数据/200y_1h/200y_1h_res/200y_1h_92-0001.wd
ncols         694
nrows         824
xllcorner     581104.939801
yllcorner     3495917.092414
cellsize      2.000000
NODATA_value  -9999.000000
[rows 306 to 339 of 824, columns 462 to 538 of 694]
0.088 0.086 0.084 0.082 0.081 0.081 0.082 0.083 0.078 0.071 0.063 0.056 0.049 0.042 0.035 0.028 0.021 0.015 0.011 0.008 0.007 0.006 0.007 0.011 0.015 0.020 0.024 0.027 0.029 0.029 0.029 0.027 0.024 0.020 0.017 0.014 0.011 0.009 0.010 0.000 0.000 0.000 0.000 0.000 0.000 0.000 0.000 0.000 0.000 0.000 0.000 0.000 0.000 0.000 0.036 0.036 0.038 0.043 0.000 0.006 0.007 0.007 0.007 0.008 0.020 0.049 0.000 0.000 0.000 0.000 0.014 0.026 0.038 0.052 0.065 0.065 0.060
0.114 0.097 0.090 0.088 0.087 0.088 0.089 0.089 0.090 0.087 0.080 0.072 0.064 0.057 0.049 0.040 0.031 0.025 0.019 0.015 0.012 0.010 0.010 0.012 0.016 0.020 0.024 0.026 0.028 0.029 0.028 0.027 0.024 0.021 0.019 0.016 0.014 0.015 0.025 0.000 0.000 0.000 0.000 0.000 0.000 0.000 0.000 0.000 0.000 0.000 0.000 0.000 0.000 0.000 0.000 0.000 0.000 0.036 0.034 0.026 0.023 0.021 0.019 0.019 0.030 0.000 0.000 0.000 0.000 0.000 0.030 0.045 0.057 0.059 0.057 0.055 0.053
0.097 0.094 0.093 0.093 0.093 0.095 0.096 0.097 0.097 0.098 0.097 0.089 0.081 0.073 0.063 0.053 0.043 0.036 0.029 0.024 0.019 0.015 0.014 0.014 0.016 0.020 0.023 0.026 0.028 0.028 0.028 0.027 0.025 0.022 0.020 0.017 0.016 0.017 0.000 0.000 0.000 0.000 0.000 0.000 0.000 0.000 0.000 0.000 0.000 0.000 0.000 0.000 0.000 0.000 0.000 0.000 0.000 0.000 0.000 0.020 0.024 0.025 0.022 0.023 0.035 0.000 0.000 0.000 0.000 0.038 0.051 0.055 0.053 0.050 0.048 0.046 0.046
0.092 0.095 0.096 0.098 0.100 0.102 0.104 0.105 0.105 0.105 0.106 0.106 0.098 0.089 0.078 0.066 0.057 0.048 0.040 0.033 0.027 0.022 0.019 0.017 0.018 0.020 0.023 0.025 0.027 0.028 0.028 0.027 0.025 0.023 0.021 0.019 0.017 0.016 0.010 0.006 0.005 0.000 0.000 0.000 0.000 0.000 0.000 0.000 0.000 0.000 0.000 0.000 0.000 0.000 0.000 0.000 0.000 0.000 0.000 0.000 0.000 0.000 0.017 0.025 0.031 0.040 0.000 0.000 0.000 0.050 0.050 0.048 0.045 0.043 0.041 0.039 0.039
0.094 0.098 0.102 0.106 0.109 0.111 0.113 0.114 0.114 0.112 0.113 0.115 0.115 0.106 0.093 0.079 0.069 0.059 0.050 0.042 0.035 0.029 0.025 0.022 0.021 0.021 0.023 0.025 0.027 0.027 0.027 0.027 0.026 0.024 0.022 0.020 0.018 0.016 0.012 0.009 0.007 0.004 0.003 0.000 0.000 0.000 0.000 0.000 0.000 0.000 0.000 0.000 0.000 0.000 0.000 0.000 0.000 0.000 0.000 0.000 0.000 0.000 0.000 0.000 0.029 0.042 0.050 0.062 0.062 0.052 0.046 0.043 0.040 0.037 0.035 0.034 0.036
0.100 0.106 0.110 0.115 0.118 0.121 0.124 0.125 0.123 0.115 0.123 0.124 0.124 0.120 0.105 0.091 0.078 0.068 0.058 0.049 0.042 0.036 0.031 0.027 0.025 0.024 0.025 0.026 0.027 0.028 0.028 0.028 0.027 0.025 0.023 0.021 0.020 0.017 0.014 0.011 0.009 0.006 0.005 0.003 0.002 0.003 0.000 0.000 0.000 0.000 0.000 0.000 0.000 0.000 0.000 0.000 0.000 0.000 0.000 0.000 0.000 0.000 0.000 0.000 0.000 0.000 0.000 0.045 0.047 0.045 0.041 0.038 0.035 0.032 0.031 0.030 0.028
0.109 0.115 0.120 0.125 0.129 0.132 0.135 0.137 0.137 0.134 0.136 0.136 0.126 0.110 0.105 0.097 0.084 0.073 0.064 0.056 0.049 0.043 0.038 0.034 0.032 0.030 0.030 0.030 0.030 0.031 0.031 0.030 0.029 0.028 0.026 0.024 0.022 0.020 0.017 0.014 0.012 0.009 0.007 0.005 0.003 0.003 0.003 0.006 0.000 0.000 0.000 0.001 0.002 0.017 0.000 0.000 0.000 0.000 0.000 0.000 0.000 0.000 0.000 0.000 0.000 0.000 0.046 0.043 0.041 0.038 0.036 0.033 0.030 0.029 0.028 0.029 0.000
0.119 0.126 0.131 0.137 0.141 0.144 0.148 0.143 0.134 0.124 0.115 0.105 0.091 0.072 0.085 0.098 0.088 0.079 0.070 0.063 0.056 0.051 0.047 0.044 0.042 0.041 0.040 0.040 0.039 0.039 0.038 0.037 0.036 0.034 0.032 0.030 0.028 0.026 0.023 0.020 0.017 0.015 0.012 0.009 0.006 0.004 0.005 0.006 0.006 0.006 0.007 0.010 0.016 0.026 0.042 0.063 0.089 0.000 0.000 0.000 0.000 0.000 0.000 0.000 0.000 0.000 0.041 0.040 0.038 0.035 0.032 0.029 0.027 0.025 0.024 0.022 0.000
0.131 0.137 0.138 0.134 0.129 0.124 0.118 0.111 0.103 0.095 0.085 0.073 0.056 0.057 0.051 0.089 0.091 0.085 0.078 0.072 0.068 0.064 0.061 0.059 0.058 0.057 0.056 0.056 0.055 0.054 0.052 0.051 0.049 0.046 0.044 0.042 0.039 0.036 0.033 0.030 0.027 0.024 0.021 0.018 0.015 0.011 0.010 0.011 0.013 0.015 0.019 0.025 0.032 0.042 0.056 0.075 0.098 0.121 0.147 0.000 0.000 0.000 0.000 0.000 0.000 0.051 0.046 0.042 0.037 0.033 0.029 0.026 0.023 0.022 0.023 0.000 0.000
0.111 0.108 0.105 0.101 0.096 0.091 0.086 0.080 0.073 0.064 0.055 0.043 0.034 0.042 0.048 0.075 0.098 0.093 0.089 0.085 0.083 0.081 0.081 0.080 0.080 0.079 0.079 0.078 0.076 0.074 0.072 0.069 0.067 0.064 0.061 0.058 0.055 0.052 0.049 0.046 0.043 0.040 0.038 0.035 0.031 0.027 0.022 0.023 0.026 0.031 0.035 0.041 0.049 0.058 0.071 0.089 0.109 0.132 0.145 0.147 0.151 0.158 0.000 0.000 0.000 0.047 0.046 0.042 0.037 0.031 0.026 0.023 0.020 0.019 0.017 0.000 0.000
0.077 0.075 0.072 0.068 0.064 0.059 0.054 0.049 0.043 0.037 0.029 0.016 0.022 0.029 0.039 0.063 0.098 0.105 0.104 0.103 0.103 0.104 0.104 0.105 0.105 0.105 0.104 0.103 0.102 0.099 0.096 0.093 0.089 0.085 0.081 0.077 0.074 0.071 0.068 0.065 0.063 0.061 0.058 0.056 0.053 0.050 0.045 0.038 0.043 0.047 0.052 0.058 0.066 0.075 0.088 0.103 0.114 0.117 0.121 0.123 0.126 0.127 0.127 0.133 0.000 0.053 0.048 0.042 0.035 0.029 0.024 0.019 0.017 0.018 0.000 0.000 0.000
0.044 0.042 0.039 0.036 0.033 0.029 0.025 0.021 0.017 0.013 0.008 0.009 0.014 0.020 0.030 0.052 0.089 0.123 0.124 0.126 0.127 0.129 0.131 0.132 0.133 0.132 0.132 0.130 0.128 0.126 0.122 0.118 0.114 0.109 0.105 0.101 0.097 0.093 0.090 0.087 0.085 0.083 0.082 0.080 0.078 0.075 0.070 0.064 0.060 0.065 0.070 0.076 0.083 0.093 0.099 0.096 0.095 0.095 0.097 0.098 0.098 0.090 0.098 0.101 0.089 0.067 0.052 0.042 0.033 0.026 0.020 0.016 0.014 0.012 0.000 0.000 0.000
0.014 0.013 0.011 0.010 0.009 0.007 0.006 0.005 0.004 0.002 0.002 0.004 0.008 0.013 0.022 0.043 0.083 0.134 0.148 0.151 0.154 0.157 0.159 0.160 0.161 0.161 0.160 0.158 0.156 0.153 0.149 0.144 0.139 0.135 0.131 0.126 0.122 0.118 0.115 0.113 0.110 0.108 0.107 0.105 0.103 0.101 0.097 0.092 0.082 0.083 0.087 0.094 0.098 0.090 0.083 0.078 0.075 0.074 0.074 0.074 0.073 0.070 0.072 0.072 0.065 0.055 0.045 0.036 0.028 0.021 0.015 0.011 0.011 0.000 0.000 0.000 0.000
0.002 0.002 0.002 0.002 0.002 0.001 0.000 0.000 0.000 0.000 0.001 0.002 0.004 0.008 0.016 0.037 0.081 0.134 0.175 0.179 0.182 0.186 0.189 0.190 0.190 0.190 0.189 0.187 0.185 0.181 0.176 0.170 0.165 0.161 0.157 0.152 0.148 0.144 0.142 0.139 0.138 0.136 0.135 0.133 0.131 0.128 0.125 0.120 0.112 0.101 0.104 0.093 0.083 0.074 0.067 0.060 0.055 0.052 0.049 0.048 0.046 0.044 0.044 0.042 0.038 0.033 0.028 0.023 0.017 0.012 0.008 0.006 0.006 0.017 0.000 0.000 0.000
0.000 0.000 0.000 0.000 0.000 0.000 0.000 0.000 0.000 0.000 0.001 0.001 0.002 0.005 0.011 0.033 0.083 0.135 0.190 0.207 0.212 0.216 0.219 0.219 0.219 0.219 0.218 0.216 0.214 0.210 0.204 0.194 0.191 0.188 0.184 0.178 0.174 0.171 0.168 0.166 0.165 0.164 0.163 0.162 0.160 0.158 0.155 0.151 0.137 0.112 0.109 0.100 0.088 0.078 0.069 0.061 0.054 0.048 0.043 0.039 0.035 0.032 0.029 0.026 0.021 0.016 0.012 0.009 0.006 0.004 0.003 0.002 0.001 0.000 0.000 0.000 0.000
0.000 0.000 0.000 0.000 0.000 0.000 0.000 0.000 0.000 0.000 0.000 0.001 0.001 0.003 0.009 0.034 0.086 0.000 0.192 0.236 0.241 0.246 0.251 0.000 0.000 0.000 0.000 0.000 0.000 0.000 0.000 0.216 0.218 0.216 0.211 0.203 0.200 0.198 0.195 0.194 0.193 0.193 0.192 0.191 0.190 0.181 0.166 0.150 0.131 0.107 0.105 0.108 0.111 0.101 0.091 0.082 0.074 0.067 0.060 0.054 0.049 0.044 0.039 0.034 0.029 0.024 0.019 0.015 0.012 0.009 0.007 0.005 0.004 0.003 0.002 0.001 0.000
0.000 0.000 0.000 0.000 0.000 0.000 0.000 0.000 0.000 0.000 0.000 0.000 0.001 0.007 0.000 0.000 0.089 0.000 0.000 0.253 0.000 0.000 0.000 0.000 0.000 0.000 0.000 0.000 0.000 0.000 0.000 0.000 0.000 0.000 0.000 0.225 0.227 0.226 0.221 0.221 0.222 0.222 0.213 0.200 0.187 0.174 0.159 0.143 0.125 0.101 0.100 0.101 0.104 0.109 0.110 0.101 0.092 0.084 0.077 0.070 0.064 0.057 0.051 0.045 0.039 0.034 0.028 0.023 0.019 0.015 0.012 0.009 0.007 0.005 0.004 0.003 0.002
0.000 0.000 0.000 0.000 0.000 0.000 0.000 0.000 0.000 0.000 0.000 0.000 0.000 0.000 0.000 0.000 0.000 0.000 0.000 0.000 0.000 0.000 0.000 0.000 0.000 0.000 0.000 0.000 0.000 0.000 0.000 0.000 0.000 0.000 0.000 0.000 0.000 0.000 0.247 0.242 0.231 0.218 0.204 0.192 0.180 0.166 0.151 0.136 0.117 0.095 0.094 0.094 0.096 0.100 0.105 0.111 0.110 0.102 0.094 0.086 0.079 0.071 0.064 0.058 0.051 0.045 0.039 0.033 0.028 0.023 0.019 0.016 0.013 0.010 0.008 0.006 0.005
0.000 0.000 0.000 0.000 0.000 0.000 0.000 0.000 0.000 0.000 0.000 0.000 0.000 0.000 0.000 0.000 0.000 0.000 0.000 0.000 0.000 0.000 0.000 0.000 0.000 0.000 0.000 0.000 0.000 0.000 0.000 0.000 0.000 0.000 0.000 0.000 0.000 0.000 0.000 0.000 0.000 0.000 0.193 0.184 0.172 0.156 0.143 0.127 0.107 0.089 0.087 0.087 0.088 0.091 0.095 0.100 0.106 0.113 0.110 0.102 0.094 0.086 0.078 0.071 0.063 0.056 0.050 0.044 0.038 0.033 0.029 0.025 0.021 0.017 0.014 0.012 0.009
0.000 0.000 0.000 0.000 0.000 0.000 0.000 0.000 0.000 0.000 0.000 0.000 0.000 0.000 0.000 0.000 0.000 0.000 0.000 0.000 0.000 0.000 0.000 0.000 0.000 0.000 0.000 0.000 0.000 0.000 0.000 0.000 0.000 0.000 0.000 0.000 0.000 0.000 0.000 0.000 0.000 0.000 0.000 0.000 0.000 0.145 0.134 0.119 0.095 0.079 0.078 0.077 0.079 0.081 0.085 0.089 0.095 0.102 0.109 0.116 0.109 0.100 0.092 0.084 0.076 0.068 0.062 0.055 0.050 0.045 0.040 0.036 0.033 0.029 0.025 0.021 0.018
0.000 0.000 0.000 0.000 0.000 0.000 0.000 0.000 0.000 0.000 0.000 0.000 0.000 0.000 0.000 0.000 0.000 0.000 0.000 0.000 0.000 0.000 0.000 0.000 0.000 0.000 0.000 0.000 0.000 0.000 0.000 0.000 0.000 0.000 0.000 0.000 0.000 0.000 0.000 0.000 0.000 0.000 0.000 0.000 0.000 0.000 0.000 0.000 0.077 0.069 0.065 0.067 0.069 0.072 0.074 0.079 0.084 0.091 0.097 0.103 0.110 0.114 0.105 0.096 0.088 0.081 0.074 0.068 0.063 0.059 0.055 0.052 0.048 0.044 0.040 0.036 0.031
0.000 0.000 0.000 0.000 0.000 0.000 0.000 0.000 0.000 0.000 0.000 0.000 0.000 0.000 0.000 0.000 0.000 0.000 0.000 0.000 0.000 0.000 0.000 0.000 0.000 0.000 0.000 0.000 0.000 0.000 0.000 0.000 0.000 0.000 0.000 0.000 0.000 0.000 0.000 0.000 0.000 0.000 0.000 0.000 0.000 0.000 0.000 0.000 0.000 0.000 0.047 0.056 0.060 0.064 0.063 0.068 0.074 0.080 0.085 0.090 0.096 0.102 0.108 0.108 0.100 0.093 0.087 0.083 0.079 0.076 0.074 0.071 0.067 0.063 0.059 0.053 0.048
0.000 0.000 0.000 0.000 0.000 0.000 0.000 0.000 0.000 0.000 0.000 0.000 0.000 0.000 0.000 0.000 0.000 0.000 0.000 0.000 0.000 0.000 0.000 0.000 0.000 0.000 0.000 0.000 0.000 0.000 0.000 0.000 0.000 0.000 0.000 0.000 0.000 0.000 0.000 0.000 0.000 0.000 0.000 0.000 0.000 0.000 0.000 0.000 0.000 0.000 0.000 0.000 0.000 0.000 0.047 0.058 0.066 0.072 0.072 0.077 0.082 0.087 0.091 0.098 0.106 0.107 0.102 0.100 0.098 0.097 0.095 0.093 0.089 0.084 0.079 0.072 0.065
0.000 0.000 0.000 0.000 0.000 0.000 0.000 0.000 0.000 0.000 0.000 0.000 0.000 0.000 0.000 0.000 0.000 0.000 0.000 0.000 0.000 0.000 0.000 0.000 0.000 0.000 0.000 0.000 0.000 0.000 0.000 0.000 0.000 0.000 0.000 0.000 0.000 0.000 0.000 0.000 0.000 0.000 0.000 0.000 0.000 0.000 0.000 0.000 0.000 0.000 0.000 0.000 0.000 0.000 0.000 0.000 0.000 0.000 0.055 0.060 0.066 0.071 0.069 0.079 0.090 0.103 0.117 0.119 0.120 0.120 0.119 0.116 0.112 0.107 0.099 0.091 0.082
0.000 0.000 0.000 0.000 0.000 0.000 0.000 0.000 0.000 0.000 0.000 0.000 0.000 0.000 0.000 0.000 0.000 0.000 0.000 0.000 0.000 0.000 0.000 0.000 0.000 0.000 0.000 0.000 0.000 0.000 0.000 0.000 0.000 0.000 0.000 0.000 0.000 0.000 0.000 0.000 0.000 0.000 0.000 0.000 0.000 0.000 0.000 0.000 0.000 0.000 0.000 0.000 0.000 0.000 0.000 0.000 0.000 0.000 0.000 0.041 0.049 0.050 0.000 0.059 0.076 0.091 0.107 0.125 0.144 0.146 0.144 0.142 0.137 0.130 0.119 0.109 0.098
0.000 0.000 0.000 0.000 0.000 0.000 0.000 0.000 0.000 0.000 0.000 0.000 0.000 0.000 0.000 0.000 0.000 0.000 0.000 0.000 0.000 0.000 0.000 0.000 0.000 0.000 0.000 0.000 0.000 0.000 0.000 0.000 0.000 0.000 0.000 0.000 0.000 0.000 0.000 0.000 0.000 0.000 0.000 0.000 0.000 0.000 0.000 0.000 0.000 0.000 0.000 0.000 0.000 0.000 0.000 0.000 0.000 0.000 0.000 0.026 0.034 0.036 0.031 0.048 0.064 0.080 0.098 0.119 0.140 0.161 0.171 0.168 0.163 0.154 0.135 0.125 0.112
0.000 0.000 0.000 0.000 0.000 0.000 0.000 0.000 0.000 0.000 0.000 0.000 0.000 0.000 0.000 0.000 0.000 0.000 0.000 0.000 0.000 0.000 0.000 0.000 0.000 0.000 0.000 0.000 0.000 0.000 0.000 0.000 0.000 0.000 0.000 0.000 0.000 0.000 0.000 0.000 0.000 0.000 0.000 0.000 0.000 0.000 0.000 0.000 0.000 0.000 0.000 0.000 0.000 0.000 0.000 0.000 0.000 0.000 0.000 0.015 0.021 0.025 0.027 0.039 0.053 0.070 0.091 0.114 0.137 0.160 0.000 0.000 0.000 0.000 0.144 0.141 0.122
0.000 0.000 0.000 0.000 0.000 0.000 0.000 0.000 0.000 0.000 0.000 0.000 0.000 0.000 0.000 0.000 0.000 0.000 0.000 0.000 0.000 0.000 0.000 0.000 0.000 0.000 0.000 0.000 0.000 0.000 0.000 0.000 0.000 0.000 0.000 0.000 0.000 0.000 0.000 0.000 0.000 0.000 0.000 0.000 0.000 0.000 0.000 0.000 0.000 0.000 0.000 0.000 0.000 0.000 0.000 0.000 0.000 0.000 0.000 0.006 0.011 0.015 0.020 0.030 0.044 0.062 0.084 0.110 0.135 0.000 0.000 0.000 0.000 0.000 0.000 0.000 0.123
0.000 0.000 0.000 0.000 0.000 0.000 0.000 0.000 0.000 0.000 0.000 0.000 0.000 0.000 0.000 0.000 0.000 0.000 0.000 0.000 0.000 0.000 0.000 0.000 0.000 0.000 0.000 0.000 0.000 0.000 0.000 0.000 0.000 0.000 0.000 0.000 0.000 0.000 0.000 0.000 0.000 0.000 0.000 0.000 0.000 0.000 0.000 0.000 0.000 0.000 0.000 0.000 0.000 0.000 0.000 0.000 0.000 0.000 0.000 0.001 0.004 0.008 0.013 0.021 0.035 0.054 0.079 0.106 0.000 0.000 0.000 0.000 0.000 0.000 0.000 0.000 0.000
0.000 0.000 0.000 0.000 0.000 0.000 0.000 0.000 0.000 0.000 0.000 0.000 0.000 0.000 0.000 0.000 0.000 0.000 0.000 0.000 0.000 0.000 0.000 0.000 0.000 0.000 0.000 0.000 0.000 0.000 0.000 0.000 0.000 0.000 0.000 0.000 0.000 0.000 0.000 0.000 0.000 0.000 0.000 0.000 0.000 0.000 0.000 0.000 0.000 0.000 0.000 0.000 0.000 0.000 0.000 0.000 0.000 0.000 0.000 0.000 0.000 0.002 0.007 0.014 0.027 0.047 0.074 0.101 0.000 0.000 0.000 0.000 0.000 0.000 0.000 0.000 0.000
0.000 0.000 0.000 0.000 0.000 0.000 0.000 0.000 0.000 0.000 0.000 0.000 0.000 0.000 0.000 0.000 0.000 0.000 0.000 0.000 0.000 0.000 0.000 0.000 0.000 0.000 0.000 0.000 0.000 0.000 0.000 0.000 0.000 0.000 0.000 0.000 0.000 0.000 0.000 0.000 0.000 0.000 0.000 0.000 0.000 0.000 0.000 0.000 0.000 0.000 0.000 0.000 0.000 0.000 0.000 0.000 0.000 0.000 0.000 0.000 0.000 0.000 0.001 0.006 0.017 0.038 0.067 0.000 0.000 0.000 0.000 0.000 0.000 0.000 0.000 0.000 0.000
0.000 0.000 0.000 0.000 0.000 0.000 0.000 0.000 0.000 0.000 0.000 0.000 0.000 0.000 0.000 0.000 0.000 0.000 0.000 0.000 0.000 0.000 0.000 0.000 0.000 0.000 0.000 0.000 0.000 0.000 0.000 0.000 0.000 0.000 0.000 0.000 0.000 0.000 0.000 0.000 0.000 0.000 0.000 0.000 0.000 0.000 0.000 0.000 0.000 0.000 0.000 0.000 0.000 0.000 0.000 0.000 0.000 0.000 0.000 0.000 0.000 0.000 0.001 0.004 0.013 0.040 0.077 0.000 0.000 0.000 0.000 0.000 0.000 0.000 0.000 0.000 0.000
0.000 0.000 0.000 0.000 0.000 0.000 0.000 0.000 0.000 0.000 0.000 0.000 0.000 0.000 0.000 0.000 0.000 0.000 0.000 0.000 0.000 0.000 0.000 0.000 0.000 0.000 0.000 0.000 0.000 0.000 0.000 0.000 0.000 0.000 0.000 0.000 0.000 0.000 0.000 0.000 0.000 0.000 0.000 0.000 0.000 0.000 0.000 0.000 0.000 0.000 0.000 0.000 0.000 0.000 0.000 0.000 0.000 0.000 0.000 0.000 0.000 0.000 0.001 0.004 0.013 0.041 0.000 0.000 0.000 0.000 0.000 0.000 0.000 0.000 0.000 0.000 0.000
0.000 0.000 0.000 0.000 0.000 0.000 0.000 0.000 0.000 0.000 0.000 0.000 0.000 0.000 0.000 0.000 0.000 0.000 0.000 0.000 0.000 0.000 0.000 0.000 0.000 0.000 0.000 0.000 0.000 0.000 0.000 0.000 0.000 0.000 0.000 0.000 0.000 0.000 0.000 0.000 0.000 0.000 0.000 0.000 0.000 0.000 0.000 0.000 0.000 0.000 0.000 0.000 0.000 0.000 0.000 0.000 0.000 0.000 0.000 0.000 0.000 0.000 0.001 0.004 0.013 0.042 0.000 0.000 0.000 0.000 0.000 0.000 0.000 0.000 0.000 0.000 0.000
