数据/200y_1h/200y_1h_res/200y_1h_111-0001.wd
ncols         694
nrows         824
xllcorner     581104.939801
yllcorner     3495917.092414
cellsize      2.000000
NODATA_value  -9999.000000
[rows 408 to 441 of 824, columns 385 to 461 of 694]
0.000 0.000 0.000 0.000 0.000 0.000 0.000 0.000 0.000 0.000 0.000 0.000 0.000 0.000 0.000 0.000 0.000 0.000 0.000 0.000 0.000 0.000 0.000 0.000 0.000 0.000 0.000 0.000 0.000 0.000 0.000 0.000 0.036 0.045 0.054 0.062 0.069 0.067 0.057 0.068 0.070 0.071 0.071 0.000 0.000 0.000 0.000 0.000 0.000 0.000 0.040 0.040 0.040 0.040 0.040 0.038 0.033 0.029 0.024 0.020 0.015 0.010 0.006 0.002 0.001 0.000 0.000 0.000 0.000 0.000 0.000 0.000 0.000 0.000 0.000 0.000 0.000
0.000 0.000 0.000 0.000 0.000 0.000 0.000 0.000 0.000 0.000 0.000 0.000 0.000 0.000 0.000 0.000 0.000 0.000 0.000 0.000 0.000 0.000 0.000 0.000 0.000 0.000 0.000 0.000 0.000 0.000 0.000 0.028 0.038 0.047 0.055 0.064 0.069 0.069 0.067 0.069 0.070 0.070 0.070 0.000 0.000 0.000 0.000 0.000 0.000 0.040 0.040 0.040 0.040 0.040 0.040 0.040 0.040 0.036 0.032 0.027 0.022 0.018 0.013 0.008 0.004 0.002 0.000 0.000 0.000 0.000 0.000 0.000 0.000 0.000 0.000 0.000 0.000
0.000 0.000 0.000 0.000 0.000 0.000 0.000 0.000 0.000 0.000 0.000 0.000 0.000 0.000 0.000 0.000 0.000 0.000 0.000 0.000 0.000 0.000 0.000 0.000 0.000 0.000 0.000 0.000 0.000 0.000 0.000 0.030 0.039 0.048 0.057 0.065 0.070 0.069 0.070 0.070 0.070 0.070 0.070 0.000 0.000 0.000 0.000 0.000 0.000 0.040 0.040 0.040 0.040 0.040 0.040 0.040 0.040 0.040 0.039 0.034 0.029 0.025 0.020 0.016 0.011 0.006 0.003 0.000 0.000 0.000 0.000 0.000 0.000 0.000 0.000 0.000 0.000
0.000 0.000 0.000 0.000 0.000 0.000 0.000 0.000 0.000 0.000 0.000 0.000 0.000 0.000 0.000 0.000 0.000 0.000 0.000 0.000 0.000 0.000 0.000 0.000 0.000 0.000 0.000 0.000 0.000 0.000 0.000 0.032 0.041 0.050 0.059 0.067 0.069 0.069 0.070 0.070 0.070 0.070 0.070 0.000 0.000 0.000 0.000 0.000 0.000 0.040 0.040 0.040 0.040 0.040 0.040 0.040 0.040 0.040 0.040 0.040 0.037 0.032 0.027 0.023 0.018 0.013 0.009 0.004 0.002 0.000 0.000 0.000 0.000 0.000 0.000 0.000 0.000
0.000 0.000 0.000 0.000 0.000 0.000 0.000 0.000 0.000 0.000 0.000 0.000 0.000 0.000 0.000 0.000 0.000 0.000 0.000 0.000 0.000 0.000 0.000 0.000 0.000 0.000 0.000 0.000 0.000 0.000 0.000 0.034 0.043 0.052 0.061 0.069 0.070 0.069 0.070 0.071 0.071 0.071 0.000 0.000 0.000 0.000 0.000 0.000 0.000 0.040 0.040 0.040 0.040 0.040 0.040 0.040 0.040 0.040 0.040 0.040 0.039 0.039 0.035 0.030 0.025 0.020 0.015 0.011 0.006 0.002 0.000 0.000 0.000 0.000 0.000 0.000 0.000
0.000 0.000 0.000 0.000 0.000 0.000 0.000 0.000 0.000 0.000 0.000 0.000 0.000 0.000 0.000 0.000 0.000 0.000 0.000 0.000 0.000 0.000 0.000 0.000 0.000 0.000 0.000 0.000 0.000 0.000 0.028 0.036 0.045 0.053 0.062 0.070 0.070 0.069 0.070 0.071 0.071 0.071 0.000 0.000 0.000 0.000 0.000 0.000 0.040 0.040 0.040 0.040 0.040 0.040 0.040 0.040 0.040 0.040 0.040 0.039 0.039 0.039 0.039 0.037 0.032 0.027 0.022 0.018 0.013 0.008 0.004 0.002 0.000 0.000 0.000 0.000 0.000
0.000 0.000 0.000 0.000 0.000 0.000 0.000 0.000 0.000 0.000 0.000 0.000 0.000 0.000 0.000 0.000 0.000 0.000 0.000 0.000 0.000 0.000 0.000 0.000 0.000 0.000 0.000 0.000 0.000 0.000 0.030 0.038 0.047 0.055 0.064 0.069 0.069 0.069 0.069 0.070 0.070 0.071 0.000 0.000 0.000 0.000 0.000 0.000 0.040 0.040 0.040 0.040 0.040 0.040 0.040 0.040 0.040 0.039 0.039 0.039 0.039 0.039 0.038 0.038 0.038 0.034 0.029 0.025 0.020 0.015 0.010 0.005 0.002 0.000 0.000 0.000 0.000
0.000 0.000 0.000 0.000 0.000 0.000 0.000 0.000 0.000 0.000 0.000 0.000 0.000 0.000 0.000 0.000 0.000 0.000 0.000 0.000 0.000 0.000 0.000 0.000 0.000 0.000 0.000 0.000 0.000 0.000 0.031 0.039 0.047 0.056 0.064 0.069 0.069 0.068 0.069 0.069 0.070 0.000 0.000 0.000 0.000 0.000 0.000 0.000 0.040 0.040 0.040 0.040 0.040 0.040 0.040 0.040 0.040 0.039 0.039 0.039 0.039 0.038 0.038 0.038 0.037 0.037 0.037 0.031 0.027 0.021 0.016 0.012 0.007 0.003 0.000 0.000 0.000
0.000 0.000 0.000 0.000 0.000 0.000 0.000 0.000 0.000 0.000 0.000 0.000 0.000 0.000 0.000 0.000 0.000 0.000 0.000 0.000 0.000 0.000 0.000 0.000 0.000 0.000 0.000 0.000 0.000 0.000 0.032 0.040 0.048 0.057 0.066 0.069 0.069 0.068 0.068 0.069 0.069 0.000 0.000 0.000 0.000 0.000 0.000 0.040 0.040 0.040 0.040 0.040 0.040 0.040 0.040 0.040 0.040 0.039 0.039 0.039 0.039 0.038 0.038 0.038 0.037 0.037 0.036 0.036 0.033 0.028 0.023 0.018 0.013 0.008 0.003 0.000 0.000
0.000 0.000 0.000 0.000 0.000 0.000 0.000 0.000 0.000 0.000 0.000 0.000 0.000 0.000 0.000 0.000 0.000 0.000 0.000 0.000 0.000 0.000 0.000 0.000 0.000 0.000 0.000 0.000 0.018 0.026 0.034 0.041 0.050 0.058 0.068 0.069 0.069 0.068 0.068 0.068 0.067 0.000 0.000 0.000 0.000 0.000 0.000 0.040 0.040 0.040 0.040 0.040 0.040 0.040 0.040 0.040 0.039 0.039 0.039 0.039 0.038 0.038 0.038 0.037 0.037 0.036 0.036 0.035 0.035 0.034 0.030 0.025 0.020 0.014 0.009 0.005 0.000
0.000 0.000 0.000 0.000 0.000 0.000 0.000 0.000 0.000 0.000 0.000 0.000 0.000 0.000 0.000 0.000 0.000 0.000 0.000 0.000 0.000 0.000 0.000 0.000 0.000 0.000 0.000 0.000 0.019 0.027 0.035 0.044 0.052 0.060 0.068 0.069 0.069 0.068 0.068 0.067 0.066 0.000 0.000 0.000 0.000 0.000 0.000 0.041 0.041 0.041 0.041 0.040 0.040 0.040 0.040 0.040 0.039 0.039 0.039 0.038 0.038 0.038 0.037 0.037 0.036 0.036 0.035 0.035 0.034 0.033 0.033 0.032 0.026 0.021 0.016 0.010 0.005
0.000 0.000 0.000 0.000 0.000 0.000 0.000 0.000 0.000 0.000 0.000 0.000 0.000 0.000 0.000 0.000 0.000 0.000 0.000 0.000 0.000 0.000 0.000 0.000 0.000 0.000 0.000 0.000 0.020 0.028 0.037 0.045 0.054 0.062 0.068 0.068 0.069 0.068 0.068 0.068 0.067 0.000 0.000 0.000 0.000 0.000 0.000 0.041 0.041 0.041 0.041 0.041 0.040 0.040 0.040 0.040 0.039 0.039 0.039 0.038 0.038 0.037 0.037 0.036 0.036 0.035 0.035 0.034 0.033 0.033 0.032 0.031 0.030 0.027 0.022 0.016 0.011
0.000 0.000 0.000 0.000 0.000 0.000 0.000 0.000 0.000 0.000 0.000 0.000 0.000 0.000 0.000 0.000 0.000 0.000 0.000 0.000 0.000 0.000 0.000 0.000 0.000 0.000 0.000 0.000 0.021 0.030 0.038 0.047 0.055 0.064 0.069 0.068 0.068 0.068 0.067 0.067 0.068 0.000 0.000 0.000 0.000 0.000 0.041 0.041 0.041 0.041 0.041 0.041 0.040 0.040 0.040 0.040 0.039 0.039 0.038 0.038 0.037 0.037 0.037 0.036 0.036 0.035 0.034 0.034 0.033 0.032 0.031 0.030 0.030 0.028 0.027 0.023 0.017
0.000 0.000 0.000 0.000 0.000 0.000 0.000 0.000 0.000 0.000 0.000 0.000 0.000 0.000 0.000 0.000 0.000 0.000 0.000 0.000 0.000 0.000 0.000 0.000 0.000 0.000 0.000 0.000 0.023 0.031 0.040 0.048 0.057 0.066 0.069 0.069 0.068 0.068 0.067 0.067 0.068 0.000 0.000 0.000 0.000 0.000 0.041 0.041 0.041 0.041 0.041 0.041 0.040 0.040 0.040 0.039 0.039 0.039 0.038 0.038 0.037 0.037 0.036 0.036 0.035 0.034 0.034 0.033 0.032 0.031 0.031 0.030 0.029 0.028 0.026 0.025 0.023
0.000 0.000 0.000 0.000 0.000 0.000 0.000 0.000 0.000 0.000 0.000 0.000 0.000 0.000 0.000 0.000 0.000 0.000 0.000 0.000 0.000 0.000 0.000 0.000 0.000 0.000 0.000 0.016 0.024 0.033 0.041 0.050 0.059 0.067 0.068 0.068 0.068 0.068 0.068 0.068 0.068 0.000 0.000 0.000 0.000 0.000 0.041 0.041 0.041 0.041 0.041 0.041 0.040 0.040 0.040 0.039 0.039 0.038 0.038 0.037 0.037 0.036 0.036 0.035 0.034 0.034 0.033 0.032 0.031 0.031 0.030 0.029 0.028 0.026 0.025 0.024 0.022
0.000 0.000 0.000 0.000 0.000 0.000 0.000 0.000 0.000 0.000 0.000 0.000 0.000 0.000 0.000 0.000 0.000 0.000 0.000 0.000 0.000 0.000 0.000 0.000 0.000 0.000 0.000 0.018 0.026 0.035 0.043 0.051 0.059 0.068 0.068 0.068 0.068 0.068 0.067 0.067 0.067 0.065 0.064 0.000 0.000 0.000 0.000 0.000 0.042 0.042 0.041 0.041 0.041 0.040 0.040 0.039 0.039 0.038 0.038 0.037 0.036 0.036 0.035 0.034 0.034 0.033 0.032 0.031 0.030 0.030 0.029 0.028 0.026 0.025 0.024 0.022 0.020
0.000 0.000 0.000 0.000 0.000 0.000 0.000 0.000 0.000 0.000 0.000 0.000 0.000 0.000 0.000 0.000 0.000 0.000 0.000 0.000 0.000 0.000 0.000 0.000 0.000 0.000 0.000 0.019 0.028 0.036 0.044 0.053 0.060 0.067 0.067 0.067 0.067 0.068 0.068 0.068 0.067 0.065 0.063 0.061 0.060 0.059 0.000 0.045 0.044 0.043 0.042 0.041 0.041 0.040 0.040 0.039 0.038 0.038 0.037 0.037 0.036 0.035 0.034 0.034 0.033 0.032 0.031 0.030 0.029 0.028 0.027 0.026 0.025 0.024 0.022 0.020 0.018
0.000 0.000 0.000 0.000 0.000 0.000 0.000 0.000 0.000 0.000 0.000 0.000 0.000 0.000 0.000 0.000 0.000 0.000 0.000 0.000 0.000 0.000 0.000 0.000 0.000 0.000 0.000 0.021 0.029 0.038 0.046 0.054 0.061 0.064 0.066 0.067 0.068 0.068 0.068 0.068 0.067 0.064 0.063 0.061 0.059 0.057 0.052 0.047 0.045 0.043 0.042 0.041 0.041 0.040 0.040 0.039 0.038 0.038 0.037 0.036 0.035 0.035 0.034 0.033 0.032 0.031 0.030 0.029 0.028 0.027 0.026 0.025 0.023 0.022 0.020 0.017 0.015
0.000 0.000 0.000 0.000 0.000 0.000 0.000 0.000 0.000 0.000 0.000 0.000 0.000 0.000 0.000 0.000 0.000 0.000 0.000 0.000 0.000 0.000 0.000 0.000 0.000 0.000 0.000 0.023 0.031 0.040 0.048 0.055 0.060 0.049 0.064 0.067 0.068 0.068 0.069 0.068 0.000 0.063 0.062 0.061 0.058 0.055 0.051 0.048 0.045 0.044 0.042 0.042 0.041 0.040 0.039 0.039 0.038 0.037 0.036 0.036 0.035 0.034 0.033 0.032 0.031 0.030 0.029 0.028 0.027 0.026 0.024 0.023 0.021 0.019 0.016 0.013 0.013
0.000 0.000 0.000 0.000 0.000 0.000 0.000 0.000 0.000 0.000 0.000 0.000 0.000 0.000 0.000 0.000 0.000 0.000 0.000 0.000 0.000 0.000 0.000 0.000 0.000 0.000 0.000 0.025 0.033 0.041 0.050 0.057 0.064 0.064 0.066 0.067 0.067 0.067 0.069 0.000 0.000 0.000 0.000 0.000 0.056 0.054 0.050 0.047 0.045 0.043 0.042 0.042 0.041 0.040 0.039 0.038 0.038 0.037 0.036 0.035 0.034 0.033 0.032 0.031 0.030 0.029 0.028 0.027 0.025 0.024 0.022 0.020 0.017 0.014 0.014 0.013 0.013
0.000 0.000 0.000 0.000 0.000 0.000 0.000 0.000 0.000 0.000 0.000 0.000 0.000 0.000 0.000 0.000 0.000 0.000 0.000 0.000 0.000 0.000 0.000 0.000 0.000 0.000 0.018 0.027 0.035 0.043 0.052 0.060 0.067 0.067 0.067 0.067 0.068 0.068 0.000 0.000 0.000 0.000 0.000 0.000 0.000 0.000 0.046 0.045 0.044 0.043 0.042 0.041 0.041 0.040 0.039 0.038 0.037 0.036 0.035 0.034 0.033 0.032 0.031 0.030 0.029 0.027 0.026 0.025 0.023 0.021 0.019 0.015 0.014 0.014 0.014 0.014 0.014
0.000 0.000 0.000 0.000 0.000 0.000 0.000 0.000 0.000 0.000 0.000 0.000 0.000 0.000 0.000 0.000 0.000 0.000 0.000 0.000 0.000 0.000 0.000 0.000 0.000 0.000 0.020 0.029 0.037 0.046 0.054 0.062 0.068 0.068 0.068 0.068 0.068 0.068 0.000 0.000 0.000 0.000 0.000 0.000 0.000 0.000 0.045 0.044 0.044 0.043 0.042 0.041 0.040 0.040 0.039 0.038 0.037 0.036 0.034 0.033 0.032 0.031 0.030 0.028 0.027 0.026 0.024 0.022 0.020 0.017 0.015 0.015 0.014 0.014 0.014 0.015 0.017
0.000 0.000 0.000 0.000 0.000 0.000 0.000 0.000 0.000 0.000 0.000 0.000 0.000 0.000 0.000 0.000 0.000 0.000 0.000 0.000 0.000 0.000 0.000 0.000 0.000 0.000 0.022 0.031 0.039 0.048 0.056 0.064 0.069 0.069 0.069 0.069 0.069 0.000 0.000 0.000 0.000 0.000 0.044 0.043 0.044 0.044 0.044 0.044 0.043 0.043 0.042 0.041 0.040 0.039 0.038 0.037 0.036 0.035 0.034 0.032 0.031 0.030 0.028 0.027 0.025 0.023 0.021 0.018 0.015 0.015 0.015 0.015 0.015 0.015 0.015 0.017 0.021
0.000 0.000 0.000 0.000 0.000 0.000 0.000 0.000 0.000 0.000 0.000 0.000 0.000 0.000 0.000 0.000 0.000 0.000 0.000 0.000 0.000 0.000 0.000 0.000 0.000 0.000 0.024 0.032 0.041 0.049 0.058 0.066 0.069 0.070 0.069 0.070 0.070 0.000 0.000 0.000 0.000 0.000 0.000 0.044 0.044 0.043 0.043 0.043 0.043 0.042 0.042 0.041 0.040 0.039 0.038 0.036 0.035 0.034 0.032 0.031 0.029 0.028 0.026 0.024 0.022 0.019 0.016 0.016 0.015 0.015 0.015 0.015 0.015 0.016 0.018 0.022 0.027
0.000 0.000 0.000 0.000 0.000 0.000 0.000 0.000 0.000 0.000 0.000 0.000 0.000 0.000 0.000 0.000 0.000 0.000 0.000 0.000 0.000 0.000 0.000 0.000 0.000 0.000 0.025 0.034 0.043 0.051 0.060 0.068 0.070 0.069 0.070 0.069 0.070 0.000 0.000 0.000 0.000 0.000 0.000 0.000 0.000 0.000 0.043 0.043 0.042 0.042 0.041 0.040 0.039 0.038 0.037 0.036 0.034 0.033 0.031 0.029 0.027 0.025 0.023 0.020 0.017 0.016 0.016 0.016 0.016 0.016 0.016 0.016 0.017 0.019 0.024 0.029 0.034
0.000 0.000 0.000 0.000 0.000 0.000 0.000 0.000 0.000 0.000 0.000 0.000 0.000 0.000 0.000 0.000 0.000 0.000 0.000 0.000 0.000 0.000 0.000 0.000 0.000 0.020 0.028 0.036 0.045 0.054 0.062 0.070 0.071 0.070 0.071 0.070 0.000 0.000 0.000 0.000 0.000 0.000 0.000 0.000 0.000 0.000 0.000 0.000 0.042 0.042 0.041 0.040 0.039 0.038 0.036 0.035 0.033 0.031 0.029 0.027 0.024 0.021 0.018 0.017 0.017 0.017 0.016 0.016 0.016 0.016 0.017 0.019 0.022 0.027 0.033 0.040 0.039
0.000 0.000 0.000 0.000 0.000 0.000 0.000 0.000 0.000 0.000 0.000 0.000 0.000 0.000 0.000 0.000 0.000 0.000 0.000 0.000 0.000 0.000 0.000 0.000 0.000 0.021 0.030 0.038 0.046 0.056 0.064 0.071 0.071 0.070 0.071 0.071 0.000 0.000 0.000 0.000 0.000 0.000 0.000 0.000 0.000 0.000 0.000 0.000 0.000 0.000 0.000 0.039 0.039 0.037 0.035 0.034 0.031 0.029 0.026 0.023 0.020 0.018 0.018 0.017 0.017 0.017 0.017 0.017 0.018 0.019 0.022 0.026 0.031 0.038 0.045 0.050 0.045
0.000 0.000 0.000 0.000 0.000 0.000 0.000 0.000 0.000 0.000 0.000 0.000 0.000 0.000 0.000 0.000 0.000 0.000 0.003 0.000 0.000 0.000 0.000 0.000 0.000 0.023 0.032 0.040 0.048 0.057 0.065 0.071 0.071 0.071 0.071 0.071 0.000 0.000 0.000 0.000 0.000 0.000 0.000 0.000 0.000 0.000 0.000 0.000 0.000 0.000 0.000 0.000 0.000 0.000 0.034 0.032 0.028 0.025 0.021 0.019 0.018 0.018 0.018 0.018 0.017 0.018 0.018 0.019 0.021 0.025 0.030 0.036 0.043 0.050 0.057 0.056 0.052
0.002 0.000 0.000 0.000 0.000 0.000 0.000 0.000 0.000 0.000 0.000 0.000 0.000 0.000 0.000 0.000 0.000 0.001 0.002 0.002 0.004 0.000 0.000 0.000 0.000 0.025 0.034 0.042 0.050 0.058 0.067 0.071 0.070 0.071 0.071 0.071 0.000 0.000 0.000 0.000 0.000 0.000 0.000 0.000 0.000 0.000 0.000 0.000 0.000 0.000 0.000 0.000 0.000 0.000 0.000 0.000 0.021 0.019 0.019 0.018 0.018 0.018 0.018 0.018 0.018 0.019 0.021 0.025 0.029 0.035 0.042 0.048 0.055 0.062 0.068 0.063 0.059
0.009 0.004 0.002 0.000 0.000 0.000 0.000 0.000 0.000 0.000 0.000 0.000 0.000 0.000 0.000 0.000 0.000 0.001 0.002 0.002 0.003 0.005 0.000 0.000 0.000 0.027 0.035 0.043 0.051 0.060 0.069 0.071 0.072 0.071 0.070 0.000 0.000 0.000 0.000 0.000 0.000 0.000 0.000 0.000 0.000 0.000 0.000 0.000 0.000 0.000 0.000 0.000 0.000 0.000 0.000 0.000 0.016 0.017 0.018 0.018 0.018 0.018 0.019 0.020 0.021 0.024 0.029 0.034 0.040 0.047 0.054 0.061 0.068 0.075 0.075 0.071 0.066
0.019 0.014 0.009 0.004 0.000 0.000 0.000 0.000 0.000 0.000 0.000 0.000 0.000 0.000 0.001 0.001 0.001 0.001 0.002 0.002 0.003 0.004 0.005 0.012 0.021 0.027 0.036 0.045 0.054 0.063 0.071 0.072 0.072 0.073 0.071 0.000 0.000 0.000 0.000 0.000 0.000 0.000 0.000 0.000 0.000 0.000 0.000 0.000 0.000 0.000 0.000 0.000 0.000 0.000 0.000 0.000 0.014 0.016 0.017 0.018 0.018 0.019 0.021 0.024 0.028 0.033 0.039 0.046 0.052 0.059 0.067 0.074 0.081 0.087 0.083 0.078 0.073
0.029 0.024 0.018 0.013 0.008 0.003 0.000 0.000 0.000 0.000 0.000 0.000 0.001 0.001 0.001 0.001 0.001 0.001 0.001 0.002 0.003 0.004 0.006 0.014 0.021 0.029 0.038 0.047 0.056 0.065 0.073 0.072 0.072 0.073 0.072 0.000 0.000 0.000 0.000 0.000 0.000 0.000 0.000 0.000 0.000 0.000 0.000 0.000 0.000 0.000 0.000 0.000 0.000 0.000 0.000 0.002 0.012 0.015 0.017 0.018 0.020 0.023 0.027 0.032 0.038 0.044 0.051 0.058 0.065 0.072 0.079 0.087 0.094 0.094 0.090 0.085 0.081
0.040 0.035 0.029 0.023 0.018 0.013 0.008 0.003 0.000 0.000 0.000 0.001 0.001 0.001 0.001 0.001 0.001 0.001 0.001 0.002 0.002 0.003 0.007 0.015 0.022 0.031 0.040 0.048 0.057 0.066 0.072 0.072 0.073 0.072 0.072 0.000 0.000 0.000 0.000 0.000 0.000 0.000 0.000 0.000 0.000 0.000 0.000 0.000 0.000 0.000 0.000 0.000 0.000 0.000 0.000 0.003 0.011 0.015 0.018 0.021 0.025 0.031 0.037 0.043 0.050 0.057 0.064 0.071 0.078 0.085 0.093 0.000 0.000 0.102 0.098 0.093 0.088
0.000 0.000 0.039 0.033 0.028 0.023 0.017 0.012 0.007 0.003 0.001 0.001 0.001 0.001 0.001 0.001 0.001 0.001 0.001 0.001 0.002 0.003 0.008 0.016 0.024 0.032 0.041 0.050 0.059 0.068 0.071 0.072 0.073 0.072 0.000 0.000 0.000 0.000 0.000 0.000 0.000 0.000 0.000 0.000 0.000 0.000 0.000 0.000 0.000 0.000 0.000 0.000 0.000 0.000 0.000 0.004 0.012 0.017 0.023 0.029 0.035 0.042 0.049 0.056 0.063 0.070 0.077 0.084 0.091 0.098 0.000 0.000 0.000 0.000 0.000 0.100 0.096
