数据/200y_1h/200y_1h_res/200y_1h_69-0001.wd
ncols         694
nrows         824
xllcorner     581104.939801
yllcorner     3495917.092414
cellsize      2.000000
NODATA_value  -9999.000000
[rows 544 to 577 of 824, columns 308 to 384 of 694]
0.001 0.001 0.000 0.000 0.000 0.000 0.000 0.000 0.000 0.001 0.001 0.001 0.001 0.001 0.001 0.001 0.001 0.001 0.001 0.001 0.001 0.001 0.001 0.001 0.001 0.001 0.001 0.001 0.030 0.049 0.051 0.049 0.047 0.045 0.043 0.042 0.044 0.057 0.061 0.060 0.059 0.059 0.061 0.070 0.094 0.130 0.172 0.000 0.000 0.000 0.000 0.000 0.000 0.000 0.000 0.000 0.000 0.000 0.000 0.000 0.000 0.000 0.000 0.000 0.000 0.000 0.000 0.000 0.000 0.000 0.000 0.000 0.000 0.002 0.003 0.005 0.007
0.001 0.001 0.001 0.001 0.000 0.000 0.000 0.000 0.001 0.001 0.001 0.001 0.001 0.001 0.001 0.001 0.001 0.001 0.001 0.001 0.001 0.001 0.001 0.001 0.001 0.001 0.001 0.001 0.005 0.018 0.037 0.040 0.041 0.041 0.041 0.043 0.054 0.059 0.058 0.056 0.055 0.055 0.057 0.064 0.085 0.121 0.163 0.000 0.000 0.000 0.000 0.000 0.000 0.000 0.000 0.000 0.000 0.000 0.000 0.000 0.000 0.000 0.000 0.000 0.000 0.000 0.000 0.000 0.000 0.000 0.000 0.000 0.000 0.003 0.005 0.008 0.010
0.001 0.001 0.001 0.001 0.001 0.001 0.001 0.000 0.001 0.001 0.001 0.001 0.001 0.001 0.001 0.001 0.001 0.001 0.001 0.001 0.001 0.001 0.001 0.001 0.001 0.001 0.001 0.001 0.001 0.003 0.023 0.030 0.033 0.035 0.038 0.048 0.054 0.053 0.052 0.051 0.051 0.050 0.051 0.057 0.077 0.111 0.153 0.000 0.000 0.000 0.000 0.000 0.000 0.000 0.000 0.000 0.000 0.000 0.000 0.000 0.000 0.000 0.000 0.000 0.000 0.000 0.000 0.000 0.000 0.000 0.000 0.000 0.000 0.005 0.008 0.010 0.013
0.002 0.001 0.001 0.001 0.001 0.001 0.001 0.001 0.001 0.001 0.001 0.001 0.001 0.001 0.001 0.001 0.001 0.001 0.001 0.001 0.001 0.001 0.001 0.001 0.001 0.001 0.001 0.001 0.001 0.001 0.004 0.020 0.025 0.029 0.039 0.047 0.046 0.046 0.046 0.045 0.045 0.045 0.046 0.050 0.067 0.102 0.000 0.000 0.000 0.000 0.000 0.000 0.000 0.000 0.000 0.000 0.000 0.000 0.000 0.000 0.000 0.000 0.000 0.000 0.000 0.000 0.000 0.000 0.000 0.000 0.000 0.000 0.007 0.009 0.011 0.014 0.017
0.005 0.004 0.004 0.003 0.003 0.002 0.002 0.002 0.001 0.001 0.001 0.001 0.001 0.001 0.001 0.001 0.001 0.001 0.001 0.001 0.001 0.000 0.001 0.001 0.001 0.001 0.001 0.001 0.001 0.001 0.001 0.013 0.019 0.028 0.037 0.038 0.038 0.039 0.039 0.039 0.039 0.039 0.040 0.043 0.057 0.089 0.000 0.000 0.000 0.000 0.000 0.000 0.000 0.000 0.000 0.000 0.000 0.000 0.000 0.000 0.000 0.000 0.000 0.000 0.000 0.000 0.000 0.000 0.000 0.000 0.000 0.000 0.009 0.013 0.015 0.017 0.020
0.018 0.018 0.012 0.008 0.006 0.005 0.000 0.000 0.001 0.002 0.001 0.001 0.001 0.001 0.001 0.001 0.001 0.001 0.001 0.001 0.001 0.001 0.001 0.001 0.001 0.001 0.001 0.001 0.001 0.001 0.001 0.002 0.015 0.027 0.029 0.031 0.032 0.033 0.033 0.033 0.033 0.034 0.034 0.036 0.045 0.065 0.071 0.094 0.000 0.000 0.000 0.000 0.000 0.000 0.000 0.000 0.000 0.000 0.000 0.000 0.000 0.000 0.000 0.000 0.000 0.000 0.000 0.000 0.000 0.000 0.000 0.000 0.014 0.017 0.019 0.021 0.024
0.000 0.000 0.009 0.008 0.006 0.010 0.000 0.000 0.000 0.000 0.001 0.002 0.002 0.001 0.001 0.001 0.001 0.001 0.001 0.001 0.001 0.001 0.001 0.001 0.001 0.001 0.001 0.001 0.001 0.001 0.002 0.027 0.034 0.030 0.027 0.027 0.028 0.028 0.028 0.029 0.029 0.029 0.029 0.030 0.033 0.044 0.053 0.068 0.064 0.064 0.071 0.094 0.000 0.000 0.000 0.000 0.000 0.000 0.000 0.000 0.000 0.000 0.000 0.000 0.000 0.000 0.000 0.000 0.000 0.000 0.019 0.023 0.022 0.022 0.023 0.024 0.027
0.000 0.000 0.007 0.008 0.012 0.113 0.000 0.000 0.000 0.000 0.000 0.000 0.000 0.002 0.002 0.002 0.002 0.002 0.001 0.001 0.001 0.001 0.001 0.001 0.001 0.001 0.001 0.001 0.001 0.001 0.028 0.076 0.060 0.050 0.043 0.036 0.030 0.025 0.024 0.024 0.025 0.024 0.024 0.024 0.025 0.029 0.035 0.044 0.046 0.048 0.054 0.068 0.066 0.073 0.096 0.000 0.000 0.000 0.000 0.000 0.000 0.000 0.000 0.000 0.000 0.000 0.000 0.000 0.022 0.026 0.025 0.026 0.026 0.026 0.026 0.027 0.030
0.000 0.000 0.006 0.007 0.013 0.000 0.000 0.000 0.000 0.000 0.000 0.000 0.000 0.000 0.000 0.000 0.000 0.002 0.003 0.003 0.002 0.002 0.001 0.001 0.001 0.001 0.001 0.001 0.002 0.005 0.026 0.055 0.052 0.048 0.045 0.041 0.037 0.033 0.029 0.024 0.021 0.020 0.020 0.020 0.020 0.020 0.021 0.025 0.028 0.030 0.035 0.044 0.048 0.055 0.069 0.066 0.064 0.061 0.081 0.000 0.000 0.000 0.000 0.000 0.000 0.000 0.026 0.030 0.028 0.029 0.029 0.029 0.029 0.029 0.029 0.030 0.033
0.000 0.000 0.005 0.007 0.020 0.000 0.000 0.000 0.000 0.000 0.000 0.000 0.000 0.000 0.000 0.000 0.000 0.000 0.000 0.000 0.002 0.003 0.004 0.004 0.003 0.003 0.003 0.004 0.004 0.007 0.023 0.041 0.044 0.044 0.043 0.041 0.039 0.037 0.034 0.031 0.028 0.025 0.021 0.018 0.016 0.016 0.015 0.015 0.016 0.017 0.020 0.025 0.030 0.037 0.046 0.048 0.046 0.024 0.052 0.057 0.075 0.102 0.000 0.000 0.034 0.036 0.034 0.033 0.032 0.032 0.031 0.031 0.031 0.030 0.030 0.031 0.034
0.000 0.000 0.004 0.017 0.123 0.000 0.000 0.000 0.000 0.000 0.000 0.000 0.000 0.000 0.000 0.000 0.000 0.000 0.000 0.000 0.000 0.000 0.000 0.000 0.003 0.006 0.006 0.006 0.006 0.010 0.021 0.032 0.037 0.039 0.040 0.040 0.040 0.038 0.037 0.035 0.033 0.030 0.028 0.025 0.022 0.018 0.014 0.012 0.012 0.013 0.014 0.015 0.017 0.021 0.027 0.030 0.031 0.029 0.035 0.042 0.060 0.084 0.071 0.055 0.043 0.039 0.037 0.035 0.034 0.033 0.033 0.032 0.032 0.031 0.031 0.032 0.036
0.000 0.000 0.004 0.017 0.000 0.000 0.000 0.000 0.000 0.000 0.000 0.000 0.000 0.000 0.000 0.000 0.000 0.000 0.000 0.000 0.000 0.000 0.000 0.000 0.000 0.000 0.005 0.007 0.009 0.013 0.023 0.028 0.032 0.035 0.037 0.038 0.039 0.039 0.038 0.037 0.035 0.034 0.032 0.029 0.027 0.024 0.021 0.018 0.015 0.012 0.011 0.012 0.013 0.014 0.015 0.017 0.018 0.019 0.021 0.027 0.045 0.066 0.055 0.044 0.041 0.039 0.037 0.036 0.035 0.034 0.033 0.033 0.032 0.032 0.032 0.033 0.035
0.000 0.000 0.004 0.017 0.000 0.000 0.000 0.000 0.000 0.000 0.000 0.000 0.000 0.000 0.000 0.000 0.000 0.000 0.000 0.000 0.000 0.000 0.000 0.000 0.000 0.000 0.000 0.000 0.000 0.000 0.000 0.025 0.029 0.033 0.035 0.037 0.038 0.039 0.038 0.038 0.037 0.036 0.034 0.032 0.030 0.028 0.026 0.023 0.021 0.019 0.017 0.015 0.012 0.011 0.012 0.012 0.013 0.013 0.014 0.017 0.031 0.050 0.039 0.037 0.037 0.036 0.035 0.034 0.033 0.033 0.032 0.032 0.032 0.031 0.031 0.033 0.034
0.000 0.000 0.004 0.017 0.000 0.000 0.000 0.000 0.000 0.000 0.000 0.000 0.000 0.000 0.000 0.000 0.000 0.000 0.000 0.000 0.000 0.000 0.000 0.000 0.000 0.000 0.000 0.000 0.000 0.000 0.000 0.000 0.025 0.034 0.034 0.035 0.036 0.038 0.039 0.038 0.038 0.037 0.036 0.034 0.033 0.031 0.029 0.027 0.025 0.024 0.022 0.021 0.019 0.017 0.014 0.012 0.011 0.011 0.011 0.012 0.019 0.033 0.028 0.031 0.031 0.032 0.032 0.031 0.031 0.031 0.031 0.030 0.030 0.030 0.030 0.032 0.032
0.000 0.000 0.004 0.013 0.008 0.007 0.000 0.000 0.000 0.000 0.000 0.000 0.000 0.000 0.000 0.000 0.000 0.000 0.000 0.000 0.000 0.000 0.000 0.000 0.000 0.000 0.000 0.000 0.000 0.000 0.000 0.000 0.000 0.000 0.029 0.031 0.034 0.037 0.039 0.039 0.038 0.038 0.037 0.036 0.034 0.033 0.031 0.030 0.028 0.027 0.026 0.024 0.023 0.022 0.020 0.018 0.016 0.014 0.011 0.010 0.012 0.017 0.022 0.024 0.026 0.027 0.027 0.028 0.028 0.028 0.028 0.028 0.028 0.028 0.028 0.031 0.030
0.000 0.000 0.003 0.010 0.008 0.008 0.006 0.005 0.006 0.000 0.000 0.000 0.000 0.000 0.000 0.000 0.000 0.000 0.000 0.000 0.000 0.000 0.000 0.000 0.000 0.000 0.000 0.000 0.000 0.000 0.000 0.000 0.000 0.000 0.000 0.027 0.037 0.042 0.039 0.038 0.038 0.037 0.036 0.036 0.035 0.034 0.033 0.032 0.031 0.029 0.028 0.027 0.026 0.025 0.024 0.022 0.021 0.019 0.017 0.015 0.014 0.014 0.015 0.018 0.020 0.021 0.022 0.023 0.024 0.025 0.025 0.025 0.025 0.025 0.026 0.028 0.027
0.000 0.000 0.003 0.008 0.011 0.013 0.014 0.010 0.009 0.007 0.008 0.000 0.000 0.000 0.000 0.000 0.000 0.000 0.000 0.000 0.000 0.000 0.000 0.000 0.000 0.000 0.000 0.000 0.000 0.000 0.000 0.000 0.000 0.000 0.000 0.000 0.000 0.000 0.033 0.034 0.035 0.035 0.035 0.035 0.034 0.034 0.033 0.032 0.032 0.031 0.030 0.029 0.028 0.027 0.026 0.025 0.024 0.022 0.020 0.019 0.019 0.020 0.018 0.016 0.014 0.015 0.017 0.019 0.020 0.020 0.021 0.021 0.022 0.022 0.023 0.025 0.024
0.000 0.000 0.003 0.008 0.000 0.000 0.000 0.010 0.013 0.015 0.011 0.008 0.007 0.009 0.000 0.000 0.000 0.000 0.000 0.000 0.000 0.000 0.000 0.000 0.000 0.000 0.000 0.000 0.000 0.000 0.000 0.000 0.000 0.000 0.000 0.000 0.000 0.000 0.000 0.029 0.030 0.032 0.032 0.033 0.033 0.033 0.033 0.032 0.032 0.032 0.031 0.031 0.030 0.029 0.028 0.027 0.026 0.024 0.023 0.022 0.023 0.025 0.023 0.020 0.018 0.018 0.017 0.014 0.015 0.016 0.017 0.017 0.018 0.018 0.020 0.021 0.020
0.000 0.000 0.003 0.008 0.000 0.000 0.000 0.000 0.000 0.000 0.012 0.014 0.016 0.018 0.025 0.000 0.001 0.006 0.000 0.000 0.000 0.000 0.000 0.000 0.000 0.000 0.000 0.000 0.000 0.000 0.000 0.000 0.000 0.000 0.000 0.000 0.000 0.000 0.000 0.000 0.021 0.026 0.028 0.030 0.031 0.031 0.032 0.032 0.032 0.032 0.032 0.031 0.031 0.030 0.029 0.028 0.028 0.027 0.026 0.025 0.027 0.030 0.027 0.025 0.025 0.033 0.025 0.020 0.017 0.014 0.012 0.012 0.013 0.014 0.016 0.016 0.015
0.000 0.000 0.002 0.006 0.004 0.004 0.004 0.000 0.000 0.000 0.000 0.000 0.014 0.020 0.026 0.020 0.017 0.015 0.019 0.000 0.000 0.000 0.000 0.000 0.000 0.000 0.000 0.000 0.000 0.000 0.000 0.000 0.000 0.000 0.000 0.000 0.000 0.000 0.000 0.000 0.015 0.020 0.024 0.026 0.028 0.029 0.030 0.031 0.031 0.031 0.031 0.031 0.031 0.031 0.030 0.030 0.029 0.029 0.028 0.028 0.030 0.035 0.032 0.030 0.030 0.031 0.027 0.024 0.020 0.017 0.015 0.012 0.010 0.009 0.011 0.010 0.000
0.000 0.000 0.002 0.004 0.009 0.000 0.004 0.003 0.002 0.005 0.000 0.000 0.000 0.000 0.000 0.016 0.015 0.015 0.017 0.014 0.012 0.011 0.017 0.054 0.000 0.000 0.000 0.000 0.000 0.000 0.000 0.000 0.000 0.000 0.000 0.000 0.000 0.000 0.000 0.000 0.011 0.016 0.020 0.023 0.025 0.027 0.028 0.029 0.030 0.030 0.031 0.031 0.031 0.032 0.032 0.032 0.032 0.031 0.031 0.031 0.034 0.040 0.037 0.035 0.033 0.032 0.030 0.027 0.024 0.021 0.018 0.015 0.013 0.012 0.011 0.009 0.007
0.000 0.000 0.002 0.014 0.146 0.000 0.000 0.003 0.005 0.006 0.005 0.004 0.006 0.000 0.000 0.000 0.012 0.016 0.016 0.014 0.013 0.014 0.025 0.000 0.000 0.000 0.000 0.000 0.000 0.000 0.000 0.000 0.000 0.000 0.000 0.000 0.000 0.000 0.000 0.000 0.008 0.012 0.016 0.019 0.022 0.025 0.026 0.028 0.029 0.029 0.030 0.032 0.033 0.034 0.034 0.035 0.035 0.034 0.034 0.035 0.038 0.045 0.042 0.040 0.038 0.036 0.033 0.030 0.027 0.024 0.021 0.019 0.018 0.016 0.012 0.011 0.008
0.000 0.000 0.009 0.147 0.000 0.000 0.000 0.000 0.000 0.000 0.004 0.004 0.007 0.009 0.043 0.000 0.000 0.000 0.010 0.011 0.012 0.015 0.030 0.000 0.000 0.000 0.000 0.000 0.000 0.000 0.000 0.000 0.000 0.000 0.000 0.000 0.000 0.000 0.000 0.000 0.006 0.009 0.013 0.016 0.020 0.023 0.025 0.026 0.028 0.029 0.032 0.035 0.037 0.039 0.039 0.039 0.039 0.039 0.039 0.040 0.043 0.051 0.048 0.045 0.042 0.040 0.037 0.034 0.030 0.027 0.024 0.023 0.024 0.015 0.014 0.012 0.010
0.000 0.000 0.009 0.000 0.000 0.000 0.000 0.000 0.000 0.000 0.000 0.018 0.000 0.024 0.000 0.000 0.000 0.000 0.008 0.010 0.011 0.016 0.033 0.000 0.000 0.000 0.000 0.000 0.000 0.000 0.000 0.000 0.000 0.000 0.000 0.000 0.000 0.000 0.000 0.000 0.004 0.008 0.011 0.014 0.018 0.022 0.025 0.026 0.027 0.031 0.040 0.044 0.047 0.048 0.047 0.046 0.045 0.045 0.045 0.045 0.049 0.058 0.054 0.051 0.047 0.044 0.041 0.037 0.033 0.027 0.026 0.029 0.022 0.017 0.016 0.014 0.011
0.000 0.000 0.011 0.000 0.000 0.000 0.000 0.000 0.000 0.000 0.000 0.000 0.000 0.000 0.000 0.000 0.000 0.000 0.000 0.008 0.010 0.017 0.036 0.000 0.000 0.000 0.000 0.000 0.000 0.000 0.000 0.000 0.000 0.000 0.000 0.000 0.000 0.000 0.000 0.000 0.003 0.005 0.008 0.011 0.017 0.016 0.021 0.026 0.029 0.041 0.062 0.063 0.064 0.063 0.054 0.052 0.053 0.053 0.052 0.052 0.056 0.065 0.061 0.057 0.053 0.049 0.045 0.040 0.033 0.000 0.029 0.029 0.020 0.019 0.017 0.015 0.013
0.000 0.000 0.011 0.014 0.000 0.000 0.000 0.000 0.000 0.000 0.000 0.000 0.000 0.000 0.000 0.000 0.000 0.000 0.000 0.000 0.008 0.018 0.027 0.032 0.000 0.000 0.000 0.000 0.000 0.000 0.000 0.000 0.000 0.000 0.000 0.000 0.000 0.000 0.000 0.000 0.002 0.004 0.006 0.011 0.009 0.011 0.015 0.020 0.034 0.061 0.094 0.000 0.000 0.000 0.049 0.058 0.064 0.065 0.057 0.058 0.064 0.073 0.067 0.062 0.057 0.053 0.049 0.044 0.040 0.037 0.037 0.029 0.022 0.021 0.019 0.018 0.016
0.000 0.000 0.007 0.011 0.015 0.000 0.000 0.000 0.000 0.000 0.000 0.000 0.000 0.000 0.000 0.000 0.000 0.000 0.000 0.000 0.000 0.000 0.018 0.023 0.021 0.029 0.000 0.000 0.000 0.000 0.000 0.000 0.000 0.000 0.000 0.000 0.000 0.000 0.000 0.000 0.001 0.003 0.006 0.005 0.004 0.007 0.010 0.015 0.032 0.077 0.116 0.000 0.000 0.000 0.000 0.000 0.000 0.000 0.053 0.066 0.075 0.079 0.072 0.066 0.060 0.056 0.052 0.050 0.048 0.048 0.039 0.028 0.024 0.023 0.021 0.020 0.018
0.000 0.000 0.005 0.008 0.010 0.009 0.008 0.012 0.000 0.000 0.000 0.000 0.000 0.000 0.000 0.000 0.000 0.000 0.000 0.000 0.000 0.000 0.012 0.017 0.019 0.025 0.026 0.040 0.000 0.000 0.000 0.000 0.000 0.000 0.000 0.000 0.000 0.000 0.000 0.000 0.001 0.003 0.003 0.002 0.003 0.004 0.006 0.010 0.033 0.080 0.129 0.000 0.000 0.000 0.000 0.000 0.000 0.000 0.000 0.000 0.000 0.081 0.072 0.066 0.062 0.058 0.056 0.056 0.059 0.050 0.039 0.028 0.027 0.025 0.023 0.022 0.020
0.000 0.000 0.004 0.005 0.007 0.007 0.008 0.010 0.009 0.012 0.000 0.000 0.000 0.000 0.000 0.000 0.000 0.000 0.000 0.000 0.000 0.000 0.009 0.015 0.019 0.024 0.029 0.041 0.048 0.000 0.000 0.000 0.000 0.000 0.000 0.000 0.000 0.000 0.000 0.000 0.000 0.000 0.000 0.000 0.001 0.002 0.004 0.007 0.036 0.084 0.000 0.000 0.000 0.000 0.000 0.000 0.000 0.000 0.000 0.000 0.000 0.000 0.062 0.062 0.061 0.060 0.061 0.065 0.059 0.049 0.038 0.031 0.029 0.027 0.025 0.023 0.021
0.000 0.000 0.000 0.003 0.005 0.005 0.006 0.007 0.007 0.009 0.007 0.005 0.000 0.000 0.000 0.000 0.000 0.000 0.000 0.000 0.000 0.000 0.017 0.000 0.000 0.000 0.000 0.000 0.037 0.032 0.039 0.000 0.000 0.003 0.003 0.002 0.001 0.000 0.000 0.000 0.000 0.000 0.000 0.000 0.000 0.001 0.002 0.006 0.039 0.087 0.000 0.000 0.000 0.000 0.000 0.000 0.000 0.000 0.000 0.000 0.000 0.031 0.053 0.059 0.061 0.064 0.068 0.066 0.058 0.048 0.036 0.032 0.030 0.028 0.026 0.024 0.022
0.000 0.000 0.000 0.002 0.003 0.004 0.004 0.005 0.005 0.005 0.004 0.001 0.000 0.000 0.000 0.000 0.000 0.000 0.000 0.000 0.000 0.000 0.000 0.000 0.000 0.000 0.000 0.000 0.000 0.024 0.029 0.024 0.021 0.019 0.018 0.017 0.016 0.015 0.012 0.010 0.002 0.000 0.000 0.000 0.000 0.000 0.001 0.007 0.042 0.000 0.000 0.000 0.000 0.000 0.000 0.000 0.000 0.000 0.000 0.000 0.000 0.035 0.051 0.058 0.063 0.069 0.071 0.064 0.055 0.045 0.036 0.033 0.031 0.029 0.027 0.025 0.023
0.000 0.000 0.000 0.000 0.002 0.002 0.003 0.003 0.002 0.002 0.000 0.000 0.000 0.000 0.000 0.000 0.000 0.000 0.000 0.000 0.000 0.000 0.000 0.000 0.000 0.000 0.000 0.000 0.000 0.000 0.018 0.018 0.019 0.024 0.024 0.024 0.023 0.022 0.022 0.012 0.003 0.000 0.000 0.000 0.000 0.000 0.001 0.009 0.045 0.000 0.000 0.000 0.000 0.000 0.000 0.000 0.000 0.000 0.000 0.000 0.000 0.037 0.051 0.059 0.067 0.074 0.068 0.061 0.052 0.041 0.036 0.034 0.032 0.030 0.028 0.026 0.024
0.000 0.000 0.000 0.000 0.000 0.001 0.000 0.000 0.000 0.000 0.000 0.000 0.000 0.000 0.000 0.000 0.000 0.000 0.000 0.000 0.000 0.000 0.000 0.000 0.000 0.000 0.000 0.000 0.000 0.000 0.011 0.014 0.017 0.037 0.000 0.000 0.000 0.000 0.000 0.000 0.000 0.000 0.000 0.000 0.000 0.000 0.000 0.014 0.000 0.000 0.000 0.000 0.000 0.000 0.000 0.000 0.000 0.000 0.000 0.000 0.001 0.040 0.054 0.064 0.074 0.071 0.065 0.057 0.048 0.038 0.036 0.034 0.032 0.029 0.028 0.026 0.024
0.000 0.000 0.000 0.000 0.000 0.000 0.000 0.000 0.000 0.000 0.000 0.000 0.000 0.000 0.000 0.000 0.000 0.000 0.000 0.000 0.000 0.000 0.000 0.000 0.000 0.000 0.000 0.000 0.000 0.000 0.007 0.010 0.022 0.000 0.000 0.000 0.000 0.000 0.000 0.000 0.000 0.000 0.000 0.000 0.000 0.000 0.000 0.017 0.000 0.000 0.000 0.000 0.000 0.000 0.000 0.000 0.000 0.000 0.000 0.000 0.004 0.044 0.060 0.071 0.072 0.067 0.061 0.054 0.044 0.037 0.035 0.033 0.031 0.029 0.027 0.026 0.025
