数据/200y_1h/200y_1h_res/200y_1h_149-0001.wd
ncols         694
nrows         824
xllcorner     581104.939801
yllcorner     3495917.092414
cellsize      2.000000
NODATA_value  -9999.000000
[rows 442 to 475 of 824, columns 385 to 461 of 694]
0.000 0.000 0.000 0.023 0.019 0.013 0.009 0.004 0.002 0.001 0.001 0.001 0.001 0.001 0.001 0.001 0.001 0.001 0.001 0.001 0.001 0.002 0.002 0.003 0.003 0.003 0.004 0.005 0.009 0.017 0.020 0.020 0.021 0.021 0.000 0.000 0.000 0.000 0.000 0.000 0.000 0.000 0.000 0.000 0.000 0.000 0.000 0.000 0.000 0.000 0.000 0.000 0.009 0.017 0.024 0.032 0.039 0.046 0.053 0.061 0.067 0.075 0.082 0.089 0.097 0.104 0.111 0.118 0.125 0.132 0.000 0.000 0.000 0.000 0.000 0.000 0.000
0.000 0.000 0.000 0.000 0.000 0.024 0.019 0.013 0.008 0.004 0.002 0.001 0.001 0.001 0.001 0.001 0.001 0.001 0.001 0.001 0.001 0.001 0.002 0.002 0.003 0.003 0.004 0.005 0.009 0.018 0.019 0.020 0.020 0.021 0.000 0.000 0.000 0.000 0.000 0.000 0.000 0.000 0.000 0.000 0.000 0.000 0.000 0.000 0.000 0.000 0.008 0.015 0.023 0.030 0.037 0.045 0.051 0.059 0.066 0.073 0.080 0.088 0.095 0.102 0.110 0.117 0.124 0.131 0.138 0.146 0.153 0.154 0.000 0.000 0.000 0.000 0.000
0.000 0.000 0.000 0.000 0.000 0.000 0.000 0.023 0.018 0.013 0.009 0.004 0.002 0.001 0.001 0.001 0.001 0.001 0.001 0.001 0.001 0.001 0.002 0.002 0.003 0.003 0.004 0.005 0.008 0.018 0.018 0.018 0.019 0.000 0.000 0.000 0.000 0.000 0.000 0.000 0.000 0.000 0.000 0.000 0.000 0.000 0.000 0.000 0.006 0.014 0.021 0.028 0.036 0.043 0.051 0.057 0.065 0.072 0.080 0.086 0.094 0.101 0.108 0.116 0.123 0.130 0.137 0.145 0.151 0.159 0.167 0.162 0.158 0.153 0.149 0.000 0.000
0.000 0.000 0.000 0.000 0.000 0.000 0.000 0.000 0.026 0.024 0.019 0.014 0.009 0.004 0.002 0.001 0.001 0.001 0.001 0.001 0.001 0.001 0.001 0.002 0.002 0.003 0.003 0.004 0.000 0.016 0.017 0.017 0.017 0.000 0.000 0.000 0.000 0.000 0.000 0.000 0.000 0.000 0.000 0.000 0.000 0.000 0.004 0.012 0.020 0.027 0.034 0.041 0.049 0.000 0.000 0.000 0.000 0.085 0.000 0.000 0.107 0.114 0.121 0.128 0.137 0.142 0.151 0.157 0.165 0.171 0.175 0.170 0.165 0.160 0.155 0.151 0.148
0.000 0.000 0.000 0.000 0.000 0.000 0.000 0.000 0.000 0.000 0.024 0.022 0.019 0.014 0.009 0.005 0.002 0.001 0.001 0.001 0.001 0.001 0.001 0.001 0.002 0.002 0.003 0.004 0.008 0.015 0.015 0.015 0.015 0.000 0.000 0.000 0.000 0.000 0.000 0.000 0.000 0.000 0.000 0.000 0.000 0.000 0.000 0.000 0.000 0.040 0.047 0.054 0.062 0.000 0.000 0.000 0.000 0.000 0.000 0.000 0.000 0.000 0.000 0.000 0.149 0.156 0.163 0.170 0.178 0.184 0.182 0.178 0.172 0.168 0.164 0.160 0.154
0.000 0.000 0.000 0.000 0.000 0.000 0.000 0.000 0.000 0.000 0.000 0.026 0.024 0.021 0.019 0.014 0.009 0.004 0.002 0.001 0.001 0.001 0.001 0.001 0.001 0.002 0.003 0.004 0.009 0.013 0.013 0.013 0.013 0.010 0.008 0.007 0.000 0.000 0.000 0.000 0.000 0.000 0.000 0.000 0.000 0.000 0.000 0.000 0.000 0.000 0.000 0.000 0.000 0.000 0.000 0.000 0.000 0.000 0.000 0.000 0.000 0.000 0.000 0.000 0.000 0.000 0.000 0.000 0.190 0.193 0.189 0.184 0.180 0.175 0.171 0.166 0.161
0.000 0.000 0.000 0.000 0.000 0.000 0.000 0.000 0.000 0.000 0.000 0.000 0.000 0.025 0.023 0.019 0.016 0.013 0.008 0.003 0.002 0.001 0.001 0.001 0.001 0.002 0.002 0.004 0.009 0.011 0.011 0.011 0.010 0.008 0.006 0.004 0.003 0.002 0.002 0.002 0.000 0.000 0.000 0.000 0.000 0.000 0.000 0.000 0.000 0.000 0.000 0.000 0.000 0.000 0.000 0.000 0.000 0.000 0.000 0.000 0.000 0.000 0.000 0.000 0.000 0.000 0.000 0.000 0.000 0.000 0.000 0.192 0.188 0.183 0.178 0.174 0.169
0.000 0.000 0.000 0.000 0.000 0.000 0.000 0.000 0.000 0.000 0.000 0.000 0.000 0.000 0.000 0.023 0.020 0.017 0.013 0.010 0.006 0.002 0.001 0.001 0.001 0.001 0.002 0.003 0.007 0.009 0.009 0.009 0.008 0.005 0.005 0.005 0.004 0.003 0.003 0.003 0.002 0.002 0.002 0.000 0.000 0.000 0.000 0.000 0.000 0.000 0.000 0.000 0.000 0.000 0.000 0.000 0.000 0.000 0.000 0.000 0.000 0.000 0.000 0.000 0.000 0.000 0.000 0.000 0.000 0.000 0.000 0.000 0.000 0.000 0.000 0.181 0.177
0.000 0.000 0.000 0.000 0.000 0.000 0.000 0.000 0.000 0.000 0.000 0.000 0.000 0.000 0.000 0.000 0.023 0.020 0.016 0.012 0.008 0.005 0.003 0.002 0.001 0.001 0.001 0.002 0.005 0.006 0.007 0.006 0.006 0.006 0.005 0.005 0.004 0.004 0.003 0.003 0.003 0.002 0.002 0.002 0.002 0.002 0.002 0.000 0.000 0.000 0.000 0.000 0.000 0.000 0.000 0.000 0.000 0.000 0.000 0.000 0.000 0.000 0.000 0.000 0.000 0.000 0.000 0.000 0.000 0.000 0.000 0.000 0.000 0.000 0.000 0.000 0.000
0.000 0.000 0.000 0.000 0.000 0.000 0.000 0.000 0.000 0.000 0.000 0.000 0.000 0.000 0.000 0.000 0.000 0.000 0.015 0.012 0.009 0.006 0.004 0.003 0.002 0.002 0.001 0.002 0.004 0.004 0.005 0.005 0.006 0.006 0.005 0.005 0.005 0.004 0.004 0.003 0.003 0.003 0.003 0.002 0.002 0.002 0.002 0.002 0.002 0.002 0.002 0.002 0.002 0.002 0.001 0.000 0.000 0.000 0.000 0.000 0.000 0.000 0.000 0.000 0.000 0.000 0.000 0.000 0.000 0.000 0.000 0.000 0.000 0.000 0.000 0.000 0.000
0.000 0.000 0.000 0.000 0.000 0.000 0.000 0.000 0.000 0.000 0.000 0.000 0.000 0.000 0.000 0.000 0.000 0.000 0.014 0.012 0.009 0.007 0.004 0.000 0.002 0.002 0.002 0.002 0.003 0.004 0.005 0.005 0.006 0.006 0.006 0.005 0.005 0.005 0.004 0.004 0.003 0.003 0.003 0.003 0.003 0.002 0.002 0.002 0.002 0.002 0.002 0.002 0.002 0.002 0.002 0.002 0.002 0.001 0.000 0.000 0.000 0.000 0.000 0.000 0.000 0.000 0.000 0.000 0.000 0.000 0.000 0.000 0.000 0.000 0.000 0.000 0.000
0.000 0.000 0.000 0.000 0.000 0.000 0.000 0.000 0.000 0.000 0.000 0.000 0.000 0.000 0.000 0.000 0.000 0.000 0.014 0.012 0.009 0.007 0.005 0.003 0.003 0.003 0.002 0.002 0.001 0.003 0.004 0.005 0.006 0.006 0.006 0.006 0.006 0.005 0.005 0.004 0.004 0.004 0.003 0.003 0.003 0.002 0.002 0.002 0.002 0.002 0.002 0.002 0.002 0.002 0.002 0.002 0.002 0.002 0.002 0.002 0.002 0.000 0.000 0.000 0.000 0.000 0.000 0.000 0.000 0.000 0.000 0.000 0.000 0.000 0.000 0.000 0.000
0.000 0.000 0.000 0.000 0.000 0.000 0.000 0.000 0.000 0.000 0.000 0.000 0.000 0.000 0.000 0.000 0.000 0.000 0.013 0.011 0.010 0.008 0.006 0.004 0.003 0.003 0.002 0.002 0.002 0.003 0.004 0.005 0.006 0.006 0.006 0.006 0.006 0.006 0.006 0.005 0.005 0.004 0.004 0.004 0.003 0.003 0.003 0.003 0.003 0.003 0.003 0.003 0.003 0.003 0.003 0.003 0.002 0.002 0.002 0.002 0.002 0.002 0.002 0.002 0.002 0.000 0.000 0.000 0.000 0.000 0.000 0.000 0.000 0.000 0.000 0.000 0.000
0.000 0.000 0.000 0.000 0.000 0.000 0.000 0.000 0.000 0.000 0.000 0.000 0.000 0.000 0.000 0.000 0.000 0.010 0.011 0.011 0.009 0.008 0.006 0.005 0.004 0.003 0.002 0.002 0.002 0.003 0.004 0.004 0.005 0.006 0.006 0.006 0.006 0.006 0.006 0.006 0.006 0.006 0.005 0.005 0.004 0.004 0.004 0.003 0.003 0.003 0.003 0.003 0.003 0.003 0.003 0.003 0.003 0.003 0.003 0.003 0.003 0.002 0.002 0.002 0.002 0.003 0.001 0.001 0.000 0.000 0.000 0.000 0.000 0.000 0.000 0.000 0.000
0.000 0.000 0.000 0.000 0.000 0.000 0.000 0.000 0.000 0.000 0.000 0.000 0.000 0.000 0.000 0.000 0.000 0.012 0.011 0.010 0.009 0.008 0.006 0.005 0.004 0.003 0.002 0.002 0.002 0.003 0.004 0.004 0.005 0.005 0.006 0.006 0.006 0.006 0.006 0.006 0.006 0.006 0.006 0.006 0.005 0.005 0.005 0.004 0.004 0.004 0.004 0.004 0.004 0.004 0.004 0.003 0.003 0.003 0.003 0.003 0.003 0.003 0.003 0.003 0.004 0.004 0.002 0.002 0.002 0.000 0.000 0.000 0.000 0.000 0.000 0.000 0.000
0.000 0.000 0.000 0.000 0.000 0.000 0.000 0.000 0.000 0.000 0.000 0.000 0.000 0.000 0.000 0.000 0.000 0.012 0.011 0.010 0.009 0.008 0.006 0.005 0.004 0.003 0.002 0.002 0.002 0.003 0.003 0.004 0.004 0.005 0.005 0.006 0.006 0.006 0.007 0.007 0.007 0.007 0.006 0.006 0.006 0.006 0.005 0.005 0.005 0.005 0.005 0.005 0.005 0.005 0.004 0.004 0.004 0.004 0.004 0.004 0.004 0.004 0.004 0.004 0.007 0.004 0.003 0.002 0.002 0.000 0.000 0.000 0.000 0.000 0.000 0.000 0.000
0.000 0.000 0.000 0.000 0.000 0.000 0.000 0.000 0.000 0.000 0.000 0.000 0.000 0.000 0.000 0.000 0.000 0.012 0.011 0.010 0.009 0.008 0.006 0.005 0.004 0.003 0.002 0.002 0.002 0.003 0.003 0.004 0.004 0.005 0.005 0.006 0.006 0.006 0.007 0.007 0.007 0.007 0.007 0.007 0.006 0.006 0.006 0.006 0.006 0.006 0.006 0.006 0.006 0.006 0.005 0.005 0.005 0.005 0.005 0.005 0.005 0.006 0.007 0.011 0.010 0.004 0.003 0.002 0.001 0.000 0.000 0.000 0.000 0.000 0.000 0.000 0.000
0.000 0.000 0.000 0.000 0.000 0.000 0.000 0.000 0.000 0.000 0.000 0.000 0.000 0.000 0.000 0.000 0.010 0.011 0.011 0.010 0.009 0.008 0.006 0.005 0.004 0.002 0.002 0.002 0.002 0.003 0.003 0.004 0.004 0.005 0.005 0.005 0.006 0.006 0.007 0.007 0.007 0.007 0.007 0.007 0.007 0.007 0.007 0.007 0.007 0.006 0.006 0.006 0.006 0.006 0.006 0.006 0.006 0.006 0.007 0.009 0.011 0.014 0.017 0.021 0.014 0.005 0.002 0.002 0.002 0.001 0.001 0.001 0.000 0.000 0.000 0.000 0.000
0.000 0.000 0.000 0.000 0.000 0.000 0.000 0.000 0.000 0.000 0.000 0.000 0.000 0.000 0.000 0.000 0.012 0.012 0.011 0.010 0.009 0.008 0.006 0.005 0.004 0.002 0.002 0.002 0.002 0.003 0.003 0.004 0.004 0.005 0.005 0.005 0.006 0.007 0.008 0.008 0.008 0.008 0.008 0.008 0.008 0.008 0.008 0.008 0.008 0.008 0.007 0.007 0.007 0.007 0.007 0.007 0.008 0.009 0.012 0.015 0.019 0.024 0.027 0.027 0.032 0.026 0.020 0.014 0.010 0.007 0.005 0.003 0.002 0.001 0.001 0.001 0.000
0.000 0.000 0.000 0.000 0.000 0.000 0.000 0.000 0.000 0.000 0.000 0.000 0.000 0.000 0.000 0.000 0.014 0.013 0.012 0.010 0.009 0.008 0.007 0.005 0.003 0.002 0.002 0.002 0.002 0.003 0.003 0.004 0.004 0.005 0.005 0.006 0.007 0.010 0.011 0.011 0.010 0.010 0.010 0.010 0.010 0.010 0.010 0.009 0.009 0.009 0.009 0.009 0.008 0.009 0.009 0.010 0.012 0.015 0.020 0.024 0.028 0.028 0.025 0.022 0.025 0.029 0.032 0.034 0.036 0.029 0.022 0.016 0.011 0.008 0.005 0.003 0.002
0.078 0.076 0.074 0.000 0.000 0.000 0.000 0.000 0.000 0.000 0.000 0.000 0.000 0.000 0.000 0.016 0.015 0.014 0.013 0.011 0.010 0.009 0.007 0.005 0.003 0.002 0.002 0.003 0.003 0.003 0.003 0.004 0.004 0.005 0.006 0.008 0.013 0.018 0.017 0.014 0.013 0.014 0.014 0.013 0.013 0.012 0.012 0.011 0.011 0.011 0.011 0.011 0.011 0.011 0.013 0.015 0.019 0.023 0.028 0.029 0.028 0.026 0.023 0.019 0.020 0.023 0.025 0.027 0.031 0.034 0.036 0.039 0.037 0.029 0.022 0.016 0.011
0.083 0.080 0.078 0.075 0.072 0.070 0.000 0.000 0.000 0.000 0.000 0.000 0.000 0.000 0.000 0.020 0.018 0.017 0.015 0.013 0.011 0.009 0.008 0.006 0.003 0.003 0.003 0.003 0.003 0.003 0.003 0.004 0.004 0.005 0.009 0.015 0.022 0.028 0.000 0.014 0.017 0.018 0.019 0.016 0.015 0.015 0.015 0.014 0.014 0.014 0.013 0.014 0.014 0.016 0.019 0.023 0.027 0.030 0.028 0.027 0.025 0.024 0.021 0.017 0.017 0.018 0.020 0.021 0.024 0.027 0.029 0.031 0.035 0.037 0.039 0.042 0.037
0.087 0.085 0.082 0.079 0.076 0.073 0.070 0.067 0.064 0.062 0.000 0.000 0.000 0.000 0.000 0.024 0.022 0.020 0.018 0.015 0.013 0.010 0.008 0.006 0.003 0.003 0.003 0.003 0.004 0.004 0.004 0.004 0.005 0.009 0.016 0.023 0.030 0.000 0.000 0.000 0.000 0.000 0.000 0.016 0.019 0.020 0.017 0.017 0.017 0.018 0.017 0.018 0.019 0.022 0.026 0.030 0.028 0.027 0.026 0.025 0.023 0.022 0.019 0.016 0.015 0.015 0.016 0.017 0.018 0.020 0.022 0.025 0.027 0.030 0.032 0.035 0.038
0.000 0.000 0.000 0.083 0.081 0.078 0.074 0.071 0.068 0.065 0.061 0.057 0.054 0.000 0.000 0.029 0.027 0.024 0.020 0.017 0.014 0.012 0.009 0.006 0.004 0.004 0.004 0.004 0.004 0.004 0.004 0.005 0.009 0.017 0.025 0.000 0.000 0.000 0.000 0.000 0.000 0.000 0.000 0.000 0.000 0.000 0.018 0.021 0.023 0.023 0.021 0.022 0.026 0.030 0.028 0.027 0.026 0.024 0.023 0.022 0.021 0.019 0.017 0.014 0.013 0.013 0.013 0.013 0.014 0.015 0.016 0.018 0.020 0.023 0.025 0.027 0.030
0.000 0.000 0.000 0.000 0.000 0.000 0.078 0.076 0.073 0.070 0.065 0.061 0.057 0.051 0.043 0.036 0.031 0.027 0.023 0.019 0.016 0.013 0.010 0.006 0.005 0.004 0.004 0.004 0.004 0.004 0.005 0.008 0.016 0.024 0.000 0.000 0.000 0.000 0.000 0.000 0.000 0.000 0.000 0.000 0.000 0.000 0.000 0.000 0.000 0.000 0.023 0.028 0.028 0.027 0.024 0.023 0.022 0.021 0.020 0.019 0.018 0.017 0.015 0.012 0.011 0.011 0.011 0.011 0.011 0.011 0.012 0.013 0.014 0.016 0.018 0.020 0.022
0.000 0.000 0.000 0.000 0.000 0.000 0.000 0.000 0.000 0.000 0.068 0.065 0.061 0.055 0.046 0.039 0.033 0.028 0.024 0.020 0.017 0.013 0.010 0.005 0.005 0.005 0.005 0.005 0.005 0.005 0.008 0.015 0.024 0.000 0.000 0.000 0.000 0.000 0.000 0.000 0.000 0.000 0.000 0.000 0.000 0.000 0.000 0.000 0.000 0.000 0.000 0.000 0.000 0.000 0.019 0.019 0.019 0.018 0.017 0.016 0.015 0.014 0.013 0.010 0.009 0.009 0.008 0.009 0.009 0.009 0.009 0.009 0.010 0.010 0.012 0.013 0.015
0.000 0.000 0.000 0.000 0.000 0.000 0.000 0.000 0.000 0.000 0.000 0.000 0.000 0.000 0.046 0.039 0.033 0.028 0.024 0.020 0.017 0.013 0.009 0.006 0.000 0.004 0.005 0.005 0.005 0.007 0.012 0.020 0.000 0.000 0.000 0.000 0.000 0.000 0.000 0.000 0.000 0.000 0.000 0.000 0.000 0.000 0.000 0.000 0.000 0.000 0.000 0.000 0.000 0.000 0.000 0.000 0.000 0.012 0.013 0.013 0.012 0.011 0.010 0.008 0.006 0.006 0.006 0.007 0.007 0.007 0.007 0.007 0.007 0.007 0.007 0.008 0.009
0.000 0.000 0.000 0.000 0.000 0.000 0.000 0.000 0.000 0.000 0.000 0.000 0.000 0.000 0.000 0.034 0.031 0.027 0.024 0.020 0.016 0.013 0.008 0.006 0.005 0.005 0.005 0.005 0.007 0.011 0.018 0.026 0.000 0.000 0.000 0.000 0.000 0.000 0.000 0.000 0.000 0.000 0.000 0.000 0.000 0.000 0.000 0.000 0.000 0.000 0.000 0.000 0.000 0.000 0.000 0.000 0.000 0.000 0.000 0.000 0.000 0.006 0.006 0.006 0.004 0.004 0.004 0.004 0.004 0.005 0.005 0.005 0.005 0.005 0.005 0.005 0.005
0.000 0.000 0.000 0.000 0.000 0.000 0.000 0.000 0.000 0.000 0.000 0.000 0.000 0.000 0.026 0.029 0.028 0.025 0.022 0.019 0.015 0.012 0.007 0.007 0.006 0.006 0.006 0.007 0.010 0.017 0.025 0.033 0.000 0.000 0.000 0.000 0.000 0.000 0.000 0.000 0.000 0.000 0.000 0.000 0.000 0.000 0.000 0.000 0.000 0.000 0.000 0.000 0.000 0.000 0.000 0.000 0.000 0.000 0.000 0.000 0.000 0.000 0.000 0.000 0.001 0.001 0.001 0.001 0.001 0.001 0.001 0.001 0.001 0.001 0.002 0.002 0.003
0.000 0.000 0.000 0.000 0.000 0.000 0.000 0.000 0.000 0.000 0.000 0.000 0.000 0.000 0.027 0.027 0.026 0.024 0.021 0.018 0.015 0.011 0.007 0.007 0.007 0.007 0.007 0.009 0.015 0.023 0.032 0.041 0.000 0.000 0.000 0.000 0.000 0.000 0.000 0.000 0.000 0.000 0.000 0.000 0.000 0.000 0.000 0.000 0.000 0.000 0.000 0.000 0.000 0.000 0.000 0.000 0.000 0.000 0.000 0.000 0.000 0.000 0.000 0.000 0.000 0.000 0.000 0.000 0.001 0.001 0.001 0.001 0.001 0.001 0.001 0.001 0.001
0.000 0.000 0.000 0.000 0.000 0.000 0.000 0.000 0.000 0.000 0.000 0.000 0.000 0.000 0.027 0.026 0.025 0.023 0.020 0.017 0.014 0.010 0.008 0.008 0.008 0.008 0.009 0.014 0.022 0.030 0.039 0.000 0.000 0.000 0.000 0.000 0.000 0.000 0.000 0.000 0.000 0.000 0.000 0.000 0.000 0.000 0.000 0.000 0.000 0.000 0.000 0.000 0.000 0.000 0.000 0.000 0.000 0.000 0.000 0.000 0.000 0.000 0.000 0.000 0.000 0.000 0.000 0.000 0.000 0.000 0.000 0.001 0.001 0.001 0.001 0.001 0.001
0.000 0.000 0.000 0.000 0.000 0.000 0.000 0.000 0.000 0.000 0.000 0.000 0.000 0.000 0.026 0.025 0.023 0.022 0.019 0.016 0.013 0.009 0.008 0.008 0.008 0.009 0.013 0.021 0.029 0.037 0.046 0.000 0.000 0.000 0.000 0.000 0.000 0.000 0.000 0.000 0.000 0.000 0.000 0.000 0.000 0.000 0.000 0.000 0.000 0.000 0.000 0.000 0.000 0.000 0.000 0.000 0.000 0.000 0.000 0.000 0.000 0.000 0.000 0.000 0.000 0.000 0.000 0.000 0.000 0.000 0.000 0.000 0.000 0.000 0.000 0.001 0.001
0.000 0.000 0.000 0.000 0.000 0.000 0.000 0.000 0.000 0.000 0.000 0.000 0.000 0.022 0.024 0.023 0.022 0.021 0.019 0.016 0.013 0.008 0.008 0.009 0.010 0.013 0.019 0.028 0.036 0.044 0.053 0.000 0.000 0.000 0.000 0.000 0.000 0.000 0.000 0.000 0.000 0.000 0.000 0.000 0.000 0.000 0.000 0.000 0.000 0.000 0.000 0.000 0.000 0.000 0.000 0.000 0.000 0.000 0.000 0.000 0.000 0.000 0.000 0.000 0.000 0.000 0.000 0.000 0.000 0.000 0.000 0.000 0.000 0.000 0.000 0.000 0.000
0.000 0.000 0.000 0.000 0.000 0.000 0.000 0.000 0.000 0.000 0.000 0.000 0.000 0.023 0.023 0.023 0.022 0.020 0.018 0.015 0.012 0.009 0.009 0.010 0.012 0.018 0.026 0.034 0.043 0.051 0.000 0.000 0.000 0.000 0.000 0.000 0.000 0.000 0.000 0.000 0.000 0.000 0.000 0.000 0.000 0.000 0.000 0.000 0.000 0.000 0.000 0.000 0.000 0.000 0.000 0.000 0.000 0.000 0.000 0.000 0.000 0.000 0.000 0.000 0.000 0.000 0.000 0.000 0.000 0.000 0.000 0.000 0.000 0.000 0.000 0.000 0.000
