数据/200y_1h/200y_1h_res/200y_1h_81-0001.wd
ncols         694
nrows         824
xllcorner     581104.939801
yllcorner     3495917.092414
cellsize      2.000000
NODATA_value  -9999.000000
[rows 306 to 339 of 824, columns 462 to 538 of 694]
0.114 0.112 0.109 0.108 0.107 0.107 0.108 0.109 0.104 0.096 0.088 0.080 0.072 0.063 0.055 0.045 0.033 0.000 0.013 0.013 0.012 0.013 0.018 0.024 0.030 0.035 0.040 0.043 0.044 0.044 0.042 0.039 0.035 0.031 0.026 0.022 0.018 0.015 0.016 0.000 0.000 0.000 0.000 0.000 0.000 0.000 0.000 0.000 0.000 0.000 0.000 0.000 0.000 0.000 0.038 0.038 0.040 0.044 0.000 0.006 0.007 0.007 0.006 0.006 0.009 0.019 0.000 0.000 0.000 0.000 0.013 0.026 0.038 0.051 0.063 0.064 0.059
0.146 0.125 0.117 0.114 0.113 0.114 0.115 0.115 0.116 0.113 0.105 0.097 0.088 0.079 0.070 0.059 0.047 0.037 0.029 0.024 0.020 0.019 0.021 0.025 0.029 0.031 0.037 0.041 0.042 0.043 0.041 0.039 0.036 0.032 0.028 0.024 0.021 0.023 0.033 0.000 0.000 0.000 0.000 0.000 0.000 0.000 0.000 0.000 0.000 0.000 0.000 0.000 0.000 0.000 0.000 0.000 0.000 0.037 0.035 0.027 0.023 0.021 0.019 0.018 0.025 0.000 0.000 0.000 0.000 0.000 0.031 0.045 0.057 0.059 0.056 0.054 0.052
0.125 0.121 0.120 0.119 0.120 0.121 0.122 0.123 0.124 0.124 0.122 0.114 0.105 0.095 0.085 0.073 0.061 0.052 0.043 0.036 0.030 0.027 0.025 0.026 0.024 0.000 0.032 0.038 0.041 0.041 0.041 0.039 0.036 0.033 0.029 0.026 0.024 0.025 0.000 0.000 0.000 0.000 0.000 0.000 0.000 0.000 0.000 0.000 0.000 0.000 0.000 0.000 0.000 0.000 0.000 0.000 0.000 0.000 0.000 0.021 0.024 0.025 0.021 0.022 0.031 0.000 0.000 0.000 0.000 0.040 0.052 0.056 0.053 0.050 0.047 0.045 0.044
0.119 0.122 0.123 0.125 0.127 0.129 0.131 0.132 0.132 0.131 0.132 0.132 0.123 0.112 0.100 0.086 0.075 0.065 0.056 0.047 0.040 0.035 0.031 0.029 0.026 0.022 0.031 0.037 0.039 0.040 0.040 0.039 0.036 0.034 0.031 0.028 0.026 0.023 0.015 0.010 0.008 0.000 0.000 0.000 0.000 0.000 0.000 0.000 0.000 0.000 0.000 0.000 0.000 0.000 0.000 0.000 0.000 0.000 0.000 0.000 0.000 0.000 0.017 0.023 0.028 0.036 0.000 0.000 0.000 0.052 0.051 0.049 0.046 0.043 0.040 0.039 0.038
0.121 0.125 0.129 0.133 0.136 0.138 0.140 0.140 0.141 0.139 0.139 0.140 0.139 0.129 0.114 0.100 0.088 0.077 0.067 0.057 0.050 0.043 0.039 0.035 0.032 0.030 0.033 0.037 0.039 0.040 0.040 0.039 0.037 0.035 0.032 0.029 0.027 0.023 0.018 0.013 0.010 0.006 0.005 0.000 0.000 0.000 0.000 0.000 0.000 0.000 0.000 0.000 0.000 0.000 0.000 0.000 0.000 0.000 0.000 0.000 0.000 0.000 0.000 0.000 0.025 0.038 0.048 0.063 0.064 0.054 0.048 0.044 0.041 0.038 0.035 0.034 0.036
0.127 0.132 0.138 0.142 0.145 0.148 0.150 0.151 0.151 0.144 0.149 0.150 0.148 0.142 0.126 0.111 0.098 0.087 0.076 0.067 0.059 0.052 0.047 0.043 0.039 0.038 0.039 0.041 0.042 0.042 0.042 0.041 0.039 0.037 0.035 0.032 0.029 0.026 0.021 0.017 0.013 0.010 0.007 0.004 0.003 0.005 0.000 0.000 0.000 0.000 0.000 0.000 0.000 0.000 0.000 0.000 0.000 0.000 0.000 0.000 0.000 0.000 0.000 0.000 0.000 0.000 0.000 0.046 0.049 0.047 0.043 0.040 0.037 0.034 0.031 0.030 0.027
0.136 0.142 0.147 0.152 0.156 0.159 0.162 0.163 0.162 0.160 0.161 0.161 0.149 0.132 0.126 0.118 0.105 0.094 0.084 0.075 0.068 0.062 0.057 0.053 0.050 0.049 0.049 0.049 0.049 0.049 0.048 0.047 0.045 0.042 0.040 0.037 0.034 0.031 0.027 0.023 0.019 0.015 0.012 0.008 0.005 0.005 0.005 0.008 0.000 0.000 0.000 0.002 0.008 0.027 0.000 0.000 0.000 0.000 0.000 0.000 0.000 0.000 0.000 0.000 0.000 0.000 0.047 0.045 0.043 0.041 0.039 0.036 0.033 0.030 0.028 0.029 0.000
0.147 0.152 0.158 0.163 0.167 0.171 0.174 0.168 0.160 0.150 0.140 0.128 0.113 0.092 0.107 0.121 0.111 0.101 0.092 0.084 0.078 0.073 0.069 0.067 0.065 0.064 0.063 0.063 0.063 0.062 0.060 0.058 0.055 0.053 0.050 0.047 0.043 0.040 0.036 0.032 0.028 0.023 0.018 0.000 0.006 0.006 0.007 0.009 0.009 0.010 0.012 0.017 0.024 0.036 0.052 0.073 0.099 0.000 0.000 0.000 0.000 0.000 0.000 0.000 0.000 0.000 0.041 0.041 0.039 0.037 0.035 0.032 0.029 0.027 0.025 0.022 0.000
0.158 0.164 0.165 0.160 0.155 0.150 0.143 0.136 0.129 0.118 0.108 0.096 0.076 0.076 0.077 0.114 0.116 0.109 0.102 0.097 0.093 0.089 0.087 0.085 0.084 0.083 0.082 0.082 0.081 0.079 0.078 0.075 0.072 0.068 0.065 0.061 0.057 0.053 0.050 0.046 0.042 0.037 0.033 0.028 0.024 0.019 0.017 0.018 0.021 0.024 0.028 0.033 0.041 0.051 0.066 0.085 0.108 0.130 0.156 0.000 0.000 0.000 0.000 0.000 0.000 0.051 0.046 0.041 0.038 0.035 0.032 0.029 0.026 0.024 0.025 0.000 0.000
0.137 0.135 0.131 0.127 0.123 0.117 0.111 0.104 0.096 0.088 0.078 0.062 0.051 0.060 0.071 0.101 0.125 0.120 0.116 0.113 0.111 0.110 0.109 0.108 0.108 0.107 0.106 0.105 0.103 0.101 0.098 0.095 0.091 0.087 0.083 0.079 0.075 0.071 0.067 0.063 0.060 0.056 0.052 0.049 0.045 0.040 0.032 0.033 0.037 0.041 0.045 0.051 0.058 0.068 0.081 0.098 0.119 0.141 0.154 0.156 0.160 0.166 0.000 0.000 0.000 0.046 0.044 0.040 0.036 0.032 0.028 0.026 0.023 0.022 0.019 0.000 0.000
0.103 0.100 0.097 0.093 0.089 0.084 0.079 0.073 0.066 0.057 0.047 0.030 0.038 0.047 0.060 0.088 0.126 0.134 0.133 0.133 0.133 0.133 0.134 0.134 0.134 0.133 0.132 0.131 0.129 0.126 0.122 0.118 0.114 0.109 0.104 0.100 0.095 0.091 0.088 0.084 0.081 0.078 0.075 0.071 0.068 0.063 0.057 0.049 0.054 0.058 0.063 0.068 0.075 0.085 0.097 0.113 0.124 0.127 0.130 0.132 0.134 0.135 0.134 0.140 0.000 0.052 0.046 0.039 0.033 0.028 0.025 0.022 0.020 0.020 0.000 0.000 0.000
0.070 0.067 0.064 0.061 0.056 0.052 0.047 0.042 0.036 0.029 0.019 0.019 0.026 0.034 0.049 0.077 0.118 0.153 0.155 0.156 0.158 0.160 0.161 0.161 0.161 0.161 0.160 0.158 0.156 0.152 0.148 0.144 0.139 0.134 0.129 0.124 0.119 0.114 0.110 0.106 0.103 0.101 0.098 0.096 0.092 0.089 0.084 0.076 0.072 0.076 0.080 0.086 0.093 0.102 0.108 0.105 0.104 0.104 0.106 0.107 0.106 0.099 0.105 0.107 0.094 0.068 0.048 0.036 0.029 0.024 0.020 0.017 0.016 0.014 0.000 0.000 0.000
0.037 0.035 0.032 0.029 0.025 0.022 0.018 0.015 0.011 0.007 0.005 0.010 0.016 0.024 0.038 0.068 0.113 0.165 0.179 0.182 0.185 0.187 0.189 0.190 0.190 0.189 0.188 0.186 0.183 0.180 0.175 0.169 0.164 0.159 0.154 0.149 0.144 0.140 0.136 0.132 0.129 0.126 0.123 0.120 0.118 0.115 0.110 0.104 0.093 0.094 0.098 0.103 0.107 0.099 0.092 0.087 0.084 0.082 0.082 0.081 0.080 0.077 0.079 0.077 0.069 0.052 0.000 0.018 0.018 0.016 0.014 0.013 0.013 0.000 0.000 0.000 0.000
0.006 0.006 0.005 0.004 0.003 0.001 0.000 0.000 0.000 0.000 0.002 0.005 0.009 0.016 0.030 0.062 0.111 0.165 0.206 0.210 0.213 0.216 0.219 0.219 0.219 0.218 0.217 0.215 0.212 0.208 0.202 0.195 0.190 0.185 0.181 0.175 0.170 0.166 0.162 0.159 0.156 0.154 0.151 0.149 0.146 0.143 0.138 0.132 0.123 0.112 0.114 0.103 0.092 0.083 0.075 0.068 0.063 0.059 0.057 0.055 0.053 0.051 0.050 0.048 0.042 0.035 0.024 0.016 0.013 0.010 0.009 0.007 0.007 0.017 0.000 0.000 0.000
0.000 0.000 0.000 0.000 0.000 0.000 0.000 0.000 0.000 0.000 0.001 0.003 0.005 0.010 0.023 0.059 0.113 0.166 0.221 0.238 0.242 0.246 0.249 0.249 0.248 0.248 0.246 0.244 0.241 0.237 0.230 0.220 0.216 0.212 0.207 0.201 0.196 0.192 0.188 0.186 0.183 0.182 0.180 0.177 0.175 0.172 0.168 0.163 0.148 0.123 0.119 0.110 0.097 0.087 0.077 0.068 0.061 0.055 0.050 0.046 0.042 0.038 0.035 0.031 0.025 0.019 0.014 0.010 0.007 0.005 0.003 0.002 0.001 0.000 0.000 0.000 0.000
0.000 0.000 0.000 0.000 0.000 0.000 0.000 0.000 0.000 0.000 0.000 0.001 0.003 0.007 0.021 0.060 0.116 0.000 0.223 0.267 0.272 0.276 0.281 0.000 0.000 0.000 0.000 0.000 0.000 0.000 0.000 0.241 0.242 0.240 0.235 0.225 0.222 0.219 0.215 0.213 0.211 0.210 0.208 0.206 0.204 0.195 0.179 0.162 0.142 0.118 0.115 0.117 0.121 0.110 0.099 0.090 0.081 0.074 0.067 0.061 0.055 0.050 0.045 0.040 0.034 0.028 0.022 0.018 0.014 0.011 0.008 0.006 0.004 0.003 0.002 0.001 0.000
0.000 0.000 0.000 0.000 0.000 0.000 0.000 0.000 0.000 0.000 0.000 0.000 0.001 0.011 0.000 0.000 0.118 0.000 0.000 0.284 0.000 0.000 0.000 0.000 0.000 0.000 0.000 0.000 0.000 0.000 0.000 0.000 0.000 0.000 0.000 0.247 0.249 0.246 0.241 0.240 0.240 0.239 0.229 0.216 0.202 0.187 0.172 0.155 0.136 0.111 0.110 0.111 0.113 0.118 0.119 0.109 0.100 0.092 0.084 0.077 0.070 0.064 0.057 0.051 0.045 0.038 0.032 0.027 0.022 0.018 0.014 0.011 0.008 0.006 0.004 0.003 0.002
0.000 0.000 0.000 0.000 0.000 0.000 0.000 0.000 0.000 0.000 0.000 0.000 0.000 0.000 0.000 0.000 0.000 0.000 0.000 0.000 0.000 0.000 0.000 0.000 0.000 0.000 0.000 0.000 0.000 0.000 0.000 0.000 0.000 0.000 0.000 0.000 0.000 0.000 0.266 0.260 0.249 0.236 0.220 0.207 0.194 0.179 0.164 0.147 0.127 0.105 0.104 0.104 0.105 0.109 0.113 0.119 0.118 0.109 0.101 0.093 0.086 0.078 0.071 0.064 0.057 0.050 0.044 0.038 0.032 0.027 0.022 0.018 0.014 0.011 0.009 0.007 0.005
0.000 0.000 0.000 0.000 0.000 0.000 0.000 0.000 0.000 0.000 0.000 0.000 0.000 0.000 0.000 0.000 0.000 0.000 0.000 0.000 0.000 0.000 0.000 0.000 0.000 0.000 0.000 0.000 0.000 0.000 0.000 0.000 0.000 0.000 0.000 0.000 0.000 0.000 0.000 0.000 0.000 0.000 0.209 0.199 0.186 0.170 0.155 0.139 0.118 0.098 0.096 0.096 0.097 0.099 0.103 0.108 0.114 0.121 0.117 0.109 0.101 0.093 0.085 0.078 0.070 0.063 0.056 0.049 0.043 0.037 0.032 0.027 0.023 0.019 0.016 0.013 0.010
0.000 0.000 0.000 0.000 0.000 0.000 0.000 0.000 0.000 0.000 0.000 0.000 0.000 0.000 0.000 0.000 0.000 0.000 0.000 0.000 0.000 0.000 0.000 0.000 0.000 0.000 0.000 0.000 0.000 0.000 0.000 0.000 0.000 0.000 0.000 0.000 0.000 0.000 0.000 0.000 0.000 0.000 0.000 0.000 0.000 0.157 0.146 0.130 0.106 0.089 0.087 0.086 0.087 0.090 0.093 0.097 0.103 0.110 0.117 0.123 0.116 0.108 0.099 0.091 0.084 0.076 0.069 0.062 0.056 0.050 0.045 0.040 0.035 0.031 0.027 0.023 0.020
0.000 0.000 0.000 0.000 0.000 0.000 0.000 0.000 0.000 0.000 0.000 0.000 0.000 0.000 0.000 0.000 0.000 0.000 0.000 0.000 0.000 0.000 0.000 0.000 0.000 0.000 0.000 0.000 0.000 0.000 0.000 0.000 0.000 0.000 0.000 0.000 0.000 0.000 0.000 0.000 0.000 0.000 0.000 0.000 0.000 0.000 0.000 0.000 0.086 0.078 0.074 0.075 0.078 0.080 0.083 0.087 0.092 0.098 0.105 0.111 0.118 0.122 0.114 0.105 0.097 0.090 0.083 0.077 0.071 0.066 0.061 0.056 0.052 0.047 0.043 0.038 0.033
0.000 0.000 0.000 0.000 0.000 0.000 0.000 0.000 0.000 0.000 0.000 0.000 0.000 0.000 0.000 0.000 0.000 0.000 0.000 0.000 0.000 0.000 0.000 0.000 0.000 0.000 0.000 0.000 0.000 0.000 0.000 0.000 0.000 0.000 0.000 0.000 0.000 0.000 0.000 0.000 0.000 0.000 0.000 0.000 0.000 0.000 0.000 0.000 0.000 0.000 0.055 0.064 0.069 0.072 0.071 0.075 0.082 0.088 0.093 0.098 0.104 0.111 0.118 0.119 0.112 0.104 0.098 0.092 0.088 0.084 0.080 0.076 0.072 0.067 0.061 0.056 0.049
0.000 0.000 0.000 0.000 0.000 0.000 0.000 0.000 0.000 0.000 0.000 0.000 0.000 0.000 0.000 0.000 0.000 0.000 0.000 0.000 0.000 0.000 0.000 0.000 0.000 0.000 0.000 0.000 0.000 0.000 0.000 0.000 0.000 0.000 0.000 0.000 0.000 0.000 0.000 0.000 0.000 0.000 0.000 0.000 0.000 0.000 0.000 0.000 0.000 0.000 0.000 0.000 0.000 0.000 0.054 0.065 0.073 0.079 0.080 0.084 0.090 0.096 0.104 0.112 0.120 0.120 0.114 0.110 0.107 0.104 0.102 0.098 0.094 0.088 0.082 0.075 0.067
0.000 0.000 0.000 0.000 0.000 0.000 0.000 0.000 0.000 0.000 0.000 0.000 0.000 0.000 0.000 0.000 0.000 0.000 0.000 0.000 0.000 0.000 0.000 0.000 0.000 0.000 0.000 0.000 0.000 0.000 0.000 0.000 0.000 0.000 0.000 0.000 0.000 0.000 0.000 0.000 0.000 0.000 0.000 0.000 0.000 0.000 0.000 0.000 0.000 0.000 0.000 0.000 0.000 0.000 0.000 0.000 0.000 0.000 0.061 0.067 0.074 0.082 0.089 0.098 0.107 0.117 0.129 0.130 0.129 0.128 0.125 0.122 0.117 0.111 0.102 0.094 0.084
0.000 0.000 0.000 0.000 0.000 0.000 0.000 0.000 0.000 0.000 0.000 0.000 0.000 0.000 0.000 0.000 0.000 0.000 0.000 0.000 0.000 0.000 0.000 0.000 0.000 0.000 0.000 0.000 0.000 0.000 0.000 0.000 0.000 0.000 0.000 0.000 0.000 0.000 0.000 0.000 0.000 0.000 0.000 0.000 0.000 0.000 0.000 0.000 0.000 0.000 0.000 0.000 0.000 0.000 0.000 0.000 0.000 0.000 0.000 0.047 0.058 0.067 0.075 0.084 0.094 0.105 0.119 0.135 0.153 0.153 0.151 0.147 0.142 0.134 0.122 0.111 0.101
0.000 0.000 0.000 0.000 0.000 0.000 0.000 0.000 0.000 0.000 0.000 0.000 0.000 0.000 0.000 0.000 0.000 0.000 0.000 0.000 0.000 0.000 0.000 0.000 0.000 0.000 0.000 0.000 0.000 0.000 0.000 0.000 0.000 0.000 0.000 0.000 0.000 0.000 0.000 0.000 0.000 0.000 0.000 0.000 0.000 0.000 0.000 0.000 0.000 0.000 0.000 0.000 0.000 0.000 0.000 0.000 0.000 0.000 0.000 0.032 0.043 0.052 0.061 0.070 0.081 0.093 0.109 0.128 0.149 0.169 0.177 0.174 0.168 0.158 0.139 0.127 0.115
0.000 0.000 0.000 0.000 0.000 0.000 0.000 0.000 0.000 0.000 0.000 0.000 0.000 0.000 0.000 0.000 0.000 0.000 0.000 0.000 0.000 0.000 0.000 0.000 0.000 0.000 0.000 0.000 0.000 0.000 0.000 0.000 0.000 0.000 0.000 0.000 0.000 0.000 0.000 0.000 0.000 0.000 0.000 0.000 0.000 0.000 0.000 0.000 0.000 0.000 0.000 0.000 0.000 0.000 0.000 0.000 0.000 0.000 0.000 0.019 0.029 0.038 0.047 0.057 0.068 0.083 0.101 0.123 0.146 0.169 0.000 0.000 0.000 0.000 0.147 0.144 0.125
0.000 0.000 0.000 0.000 0.000 0.000 0.000 0.000 0.000 0.000 0.000 0.000 0.000 0.000 0.000 0.000 0.000 0.000 0.000 0.000 0.000 0.000 0.000 0.000 0.000 0.000 0.000 0.000 0.000 0.000 0.000 0.000 0.000 0.000 0.000 0.000 0.000 0.000 0.000 0.000 0.000 0.000 0.000 0.000 0.000 0.000 0.000 0.000 0.000 0.000 0.000 0.000 0.000 0.000 0.000 0.000 0.000 0.000 0.000 0.009 0.017 0.025 0.034 0.044 0.056 0.073 0.094 0.118 0.143 0.000 0.000 0.000 0.000 0.000 0.000 0.000 0.125
0.000 0.000 0.000 0.000 0.000 0.000 0.000 0.000 0.000 0.000 0.000 0.000 0.000 0.000 0.000 0.000 0.000 0.000 0.000 0.000 0.000 0.000 0.000 0.000 0.000 0.000 0.000 0.000 0.000 0.000 0.000 0.000 0.000 0.000 0.000 0.000 0.000 0.000 0.000 0.000 0.000 0.000 0.000 0.000 0.000 0.000 0.000 0.000 0.000 0.000 0.000 0.000 0.000 0.000 0.000 0.000 0.000 0.000 0.000 0.001 0.007 0.013 0.022 0.031 0.045 0.063 0.087 0.114 0.000 0.000 0.000 0.000 0.000 0.000 0.000 0.000 0.000
0.000 0.000 0.000 0.000 0.000 0.000 0.000 0.000 0.000 0.000 0.000 0.000 0.000 0.000 0.000 0.000 0.000 0.000 0.000 0.000 0.000 0.000 0.000 0.000 0.000 0.000 0.000 0.000 0.000 0.000 0.000 0.000 0.000 0.000 0.000 0.000 0.000 0.000 0.000 0.000 0.000 0.000 0.000 0.000 0.000 0.000 0.000 0.000 0.000 0.000 0.000 0.000 0.000 0.000 0.000 0.000 0.000 0.000 0.000 0.000 0.000 0.004 0.010 0.020 0.033 0.055 0.081 0.109 0.000 0.000 0.000 0.000 0.000 0.000 0.000 0.000 0.000
0.000 0.000 0.000 0.000 0.000 0.000 0.000 0.000 0.000 0.000 0.000 0.000 0.000 0.000 0.000 0.000 0.000 0.000 0.000 0.000 0.000 0.000 0.000 0.000 0.000 0.000 0.000 0.000 0.000 0.000 0.000 0.000 0.000 0.000 0.000 0.000 0.000 0.000 0.000 0.000 0.000 0.000 0.000 0.000 0.000 0.000 0.000 0.000 0.000 0.000 0.000 0.000 0.000 0.000 0.000 0.000 0.000 0.000 0.000 0.000 0.000 0.000 0.002 0.007 0.020 0.043 0.072 0.000 0.000 0.000 0.000 0.000 0.000 0.000 0.000 0.000 0.000
0.000 0.000 0.000 0.000 0.000 0.000 0.000 0.000 0.000 0.000 0.000 0.000 0.000 0.000 0.000 0.000 0.000 0.000 0.000 0.000 0.000 0.000 0.000 0.000 0.000 0.000 0.000 0.000 0.000 0.000 0.000 0.000 0.000 0.000 0.000 0.000 0.000 0.000 0.000 0.000 0.000 0.000 0.000 0.000 0.000 0.000 0.000 0.000 0.000 0.000 0.000 0.000 0.000 0.000 0.000 0.000 0.000 0.000 0.000 0.000 0.000 0.000 0.001 0.005 0.014 0.043 0.081 0.000 0.000 0.000 0.000 0.000 0.000 0.000 0.000 0.000 0.000
0.000 0.000 0.000 0.000 0.000 0.000 0.000 0.000 0.000 0.000 0.000 0.000 0.000 0.000 0.000 0.000 0.000 0.000 0.000 0.000 0.000 0.000 0.000 0.000 0.000 0.000 0.000 0.000 0.000 0.000 0.000 0.000 0.000 0.000 0.000 0.000 0.000 0.000 0.000 0.000 0.000 0.000 0.000 0.000 0.000 0.000 0.000 0.000 0.000 0.000 0.000 0.000 0.000 0.000 0.000 0.000 0.000 0.000 0.000 0.000 0.000 0.000 0.001 0.005 0.014 0.042 0.000 0.000 0.000 0.000 0.000 0.000 0.000 0.000 0.000 0.000 0.000
0.000 0.000 0.000 0.000 0.000 0.000 0.000 0.000 0.000 0.000 0.000 0.000 0.000 0.000 0.000 0.000 0.000 0.000 0.000 0.000 0.000 0.000 0.000 0.000 0.000 0.000 0.000 0.000 0.000 0.000 0.000 0.000 0.000 0.000 0.000 0.000 0.000 0.000 0.000 0.000 0.000 0.000 0.000 0.000 0.000 0.000 0.000 0.000 0.000 0.000 0.000 0.000 0.000 0.000 0.000 0.000 0.000 0.000 0.000 0.000 0.000 0.000 0.001 0.005 0.014 0.042 0.000 0.000 0.000 0.000 0.000 0.000 0.000 0.000 0.000 0.000 0.000
