数据/200y_1h/200y_1h_res/200y_1h_141-0001.wd
ncols         694
nrows         824
xllcorner     581104.939801
yllcorner     3495917.092414
cellsize      2.000000
NODATA_value  -9999.000000
[rows 306 to 339 of 824, columns 462 to 538 of 694]
0.011 0.013 0.013 0.014 0.014 0.014 0.014 0.014 0.011 0.007 0.004 0.003 0.002 0.001 0.001 0.001 0.001 0.000 0.001 0.001 0.001 0.001 0.001 0.001 0.001 0.001 0.003 0.005 0.007 0.008 0.008 0.008 0.007 0.005 0.004 0.003 0.003 0.002 0.003 0.000 0.000 0.000 0.000 0.000 0.000 0.000 0.000 0.000 0.000 0.000 0.000 0.000 0.000 0.000 0.008 0.008 0.009 0.011 0.000 0.001 0.001 0.001 0.001 0.001 0.004 0.034 0.000 0.000 0.000 0.000 0.001 0.001 0.006 0.016 0.024 0.024 0.020
0.010 0.011 0.012 0.013 0.014 0.014 0.014 0.014 0.013 0.011 0.008 0.005 0.003 0.002 0.001 0.001 0.001 0.001 0.001 0.001 0.001 0.001 0.001 0.001 0.001 0.001 0.003 0.005 0.007 0.008 0.008 0.008 0.007 0.006 0.005 0.004 0.003 0.004 0.013 0.000 0.000 0.000 0.000 0.000 0.000 0.000 0.000 0.000 0.000 0.000 0.000 0.000 0.000 0.000 0.000 0.000 0.000 0.009 0.009 0.007 0.006 0.005 0.005 0.005 0.008 0.000 0.000 0.000 0.000 0.000 0.004 0.013 0.022 0.022 0.020 0.017 0.015
0.008 0.010 0.011 0.012 0.013 0.014 0.014 0.014 0.014 0.013 0.012 0.008 0.006 0.004 0.002 0.001 0.001 0.001 0.001 0.001 0.001 0.001 0.001 0.001 0.001 0.000 0.003 0.005 0.006 0.008 0.008 0.008 0.007 0.006 0.005 0.004 0.004 0.005 0.000 0.000 0.000 0.000 0.000 0.000 0.000 0.000 0.000 0.000 0.000 0.000 0.000 0.000 0.000 0.000 0.000 0.000 0.000 0.000 0.000 0.005 0.006 0.007 0.006 0.006 0.011 0.000 0.000 0.000 0.000 0.010 0.019 0.022 0.019 0.016 0.014 0.013 0.012
0.007 0.009 0.010 0.012 0.013 0.013 0.014 0.014 0.014 0.014 0.014 0.014 0.011 0.008 0.006 0.003 0.002 0.002 0.002 0.001 0.001 0.001 0.001 0.001 0.001 0.001 0.003 0.005 0.006 0.007 0.008 0.008 0.007 0.006 0.005 0.005 0.004 0.004 0.002 0.002 0.002 0.000 0.000 0.000 0.000 0.000 0.000 0.000 0.000 0.000 0.000 0.000 0.000 0.000 0.000 0.000 0.000 0.000 0.000 0.000 0.000 0.000 0.005 0.007 0.009 0.012 0.000 0.000 0.000 0.019 0.018 0.016 0.014 0.012 0.011 0.010 0.009
0.007 0.008 0.010 0.011 0.012 0.013 0.015 0.016 0.016 0.014 0.015 0.018 0.021 0.018 0.013 0.009 0.007 0.005 0.003 0.002 0.002 0.001 0.001 0.001 0.001 0.001 0.003 0.005 0.006 0.007 0.008 0.008 0.007 0.006 0.006 0.005 0.004 0.004 0.003 0.002 0.002 0.001 0.001 0.000 0.000 0.000 0.000 0.000 0.000 0.000 0.000 0.000 0.000 0.000 0.000 0.000 0.000 0.000 0.000 0.000 0.000 0.000 0.000 0.000 0.007 0.012 0.014 0.022 0.023 0.018 0.015 0.013 0.011 0.010 0.009 0.008 0.008
0.007 0.008 0.010 0.012 0.014 0.016 0.018 0.020 0.019 0.000 0.020 0.026 0.030 0.031 0.024 0.017 0.012 0.008 0.006 0.004 0.003 0.002 0.001 0.001 0.001 0.001 0.003 0.005 0.006 0.007 0.007 0.008 0.007 0.007 0.006 0.005 0.005 0.004 0.003 0.003 0.002 0.002 0.001 0.001 0.001 0.002 0.000 0.000 0.000 0.000 0.000 0.000 0.000 0.000 0.000 0.000 0.000 0.000 0.000 0.000 0.000 0.000 0.000 0.000 0.000 0.000 0.000 0.013 0.014 0.013 0.012 0.010 0.009 0.008 0.007 0.007 0.006
0.007 0.009 0.012 0.015 0.019 0.022 0.026 0.030 0.032 0.032 0.035 0.038 0.034 0.026 0.026 0.022 0.016 0.012 0.008 0.006 0.004 0.003 0.002 0.001 0.001 0.001 0.003 0.005 0.006 0.007 0.007 0.007 0.007 0.007 0.006 0.006 0.005 0.005 0.004 0.003 0.003 0.002 0.002 0.001 0.001 0.001 0.001 0.002 0.000 0.000 0.000 0.001 0.001 0.002 0.000 0.000 0.000 0.000 0.000 0.000 0.000 0.000 0.000 0.000 0.000 0.000 0.015 0.013 0.012 0.011 0.010 0.009 0.007 0.007 0.006 0.006 0.000
0.010 0.014 0.019 0.024 0.029 0.034 0.038 0.036 0.031 0.025 0.020 0.015 0.011 0.007 0.017 0.024 0.019 0.014 0.010 0.007 0.005 0.004 0.003 0.002 0.002 0.002 0.003 0.005 0.006 0.007 0.007 0.007 0.007 0.007 0.006 0.006 0.005 0.005 0.004 0.003 0.003 0.002 0.002 0.000 0.001 0.001 0.001 0.001 0.001 0.001 0.001 0.001 0.001 0.001 0.001 0.001 0.002 0.000 0.000 0.000 0.000 0.000 0.000 0.000 0.000 0.000 0.012 0.012 0.011 0.010 0.008 0.007 0.006 0.006 0.005 0.004 0.000
0.020 0.025 0.026 0.023 0.020 0.016 0.014 0.011 0.009 0.007 0.005 0.004 0.002 0.004 0.010 0.021 0.021 0.016 0.012 0.009 0.007 0.005 0.004 0.003 0.002 0.002 0.003 0.004 0.006 0.006 0.007 0.007 0.007 0.007 0.006 0.006 0.005 0.005 0.004 0.004 0.003 0.003 0.002 0.001 0.001 0.001 0.001 0.001 0.001 0.001 0.001 0.001 0.001 0.001 0.001 0.001 0.004 0.021 0.048 0.000 0.000 0.000 0.000 0.000 0.000 0.016 0.014 0.012 0.010 0.009 0.007 0.006 0.005 0.005 0.005 0.000 0.000
0.008 0.006 0.005 0.004 0.003 0.003 0.002 0.002 0.002 0.002 0.001 0.001 0.001 0.002 0.005 0.013 0.022 0.018 0.014 0.011 0.008 0.006 0.005 0.004 0.003 0.003 0.003 0.004 0.005 0.006 0.007 0.007 0.007 0.007 0.007 0.006 0.006 0.005 0.005 0.004 0.003 0.003 0.002 0.002 0.001 0.001 0.001 0.001 0.001 0.001 0.001 0.001 0.001 0.001 0.002 0.006 0.018 0.034 0.049 0.056 0.064 0.073 0.000 0.000 0.000 0.013 0.013 0.011 0.009 0.008 0.006 0.005 0.005 0.004 0.003 0.000 0.000
0.002 0.001 0.001 0.001 0.001 0.001 0.001 0.001 0.001 0.001 0.001 0.001 0.001 0.001 0.003 0.008 0.019 0.020 0.016 0.013 0.010 0.008 0.006 0.005 0.004 0.003 0.003 0.004 0.005 0.006 0.007 0.007 0.007 0.007 0.007 0.006 0.006 0.005 0.005 0.004 0.004 0.003 0.003 0.002 0.002 0.001 0.001 0.001 0.001 0.001 0.001 0.001 0.002 0.005 0.013 0.022 0.026 0.025 0.028 0.033 0.040 0.046 0.052 0.061 0.000 0.015 0.013 0.011 0.008 0.006 0.005 0.004 0.004 0.004 0.000 0.000 0.000
0.001 0.001 0.001 0.001 0.001 0.001 0.001 0.001 0.001 0.001 0.001 0.001 0.001 0.001 0.002 0.005 0.012 0.021 0.018 0.015 0.012 0.010 0.008 0.007 0.006 0.005 0.005 0.006 0.006 0.007 0.008 0.008 0.008 0.008 0.007 0.007 0.006 0.006 0.005 0.004 0.004 0.003 0.003 0.003 0.002 0.002 0.002 0.002 0.002 0.002 0.002 0.005 0.012 0.021 0.025 0.022 0.018 0.016 0.014 0.014 0.014 0.000 0.024 0.032 0.029 0.020 0.014 0.009 0.007 0.005 0.004 0.003 0.003 0.003 0.000 0.000 0.000
0.001 0.001 0.001 0.001 0.001 0.001 0.001 0.001 0.001 0.001 0.001 0.001 0.001 0.001 0.001 0.003 0.008 0.019 0.021 0.018 0.016 0.015 0.015 0.014 0.014 0.014 0.014 0.014 0.014 0.014 0.014 0.013 0.012 0.011 0.010 0.009 0.008 0.008 0.007 0.006 0.005 0.005 0.005 0.005 0.005 0.005 0.005 0.005 0.004 0.007 0.012 0.021 0.026 0.022 0.018 0.015 0.012 0.010 0.008 0.007 0.006 0.005 0.005 0.007 0.007 0.007 0.000 0.002 0.003 0.002 0.002 0.002 0.003 0.000 0.000 0.000 0.000
0.001 0.001 0.001 0.001 0.001 0.001 0.000 0.000 0.000 0.000 0.001 0.001 0.001 0.001 0.001 0.002 0.005 0.013 0.027 0.028 0.030 0.033 0.035 0.037 0.037 0.037 0.037 0.037 0.036 0.034 0.032 0.028 0.025 0.022 0.020 0.018 0.016 0.015 0.014 0.013 0.013 0.014 0.016 0.018 0.021 0.024 0.026 0.028 0.027 0.024 0.030 0.024 0.019 0.015 0.012 0.009 0.007 0.006 0.005 0.004 0.003 0.003 0.002 0.002 0.002 0.002 0.002 0.001 0.001 0.001 0.001 0.001 0.002 0.014 0.000 0.000 0.000
0.000 0.000 0.000 0.000 0.000 0.000 0.000 0.000 0.000 0.000 0.001 0.001 0.001 0.001 0.001 0.001 0.003 0.010 0.036 0.052 0.057 0.061 0.065 0.066 0.066 0.066 0.066 0.066 0.064 0.062 0.057 0.048 0.044 0.041 0.039 0.036 0.033 0.032 0.033 0.034 0.037 0.040 0.044 0.048 0.051 0.055 0.058 0.060 0.053 0.036 0.035 0.030 0.024 0.019 0.015 0.011 0.008 0.006 0.004 0.003 0.002 0.002 0.001 0.001 0.001 0.001 0.001 0.001 0.001 0.001 0.001 0.001 0.001 0.000 0.000 0.000 0.000
0.000 0.000 0.000 0.000 0.000 0.000 0.000 0.000 0.000 0.000 0.000 0.001 0.001 0.001 0.001 0.001 0.009 0.000 0.037 0.081 0.086 0.091 0.096 0.000 0.000 0.000 0.000 0.000 0.000 0.000 0.000 0.065 0.067 0.067 0.065 0.058 0.057 0.058 0.059 0.062 0.066 0.070 0.074 0.078 0.082 0.078 0.069 0.059 0.048 0.031 0.031 0.034 0.039 0.033 0.027 0.022 0.017 0.014 0.011 0.008 0.006 0.005 0.004 0.003 0.002 0.002 0.001 0.001 0.001 0.001 0.001 0.001 0.001 0.001 0.001 0.001 0.000
0.000 0.000 0.000 0.000 0.000 0.000 0.000 0.000 0.000 0.000 0.000 0.000 0.001 0.006 0.000 0.000 0.012 0.000 0.000 0.098 0.000 0.000 0.000 0.000 0.000 0.000 0.000 0.000 0.000 0.000 0.000 0.000 0.000 0.000 0.000 0.080 0.084 0.086 0.087 0.091 0.095 0.099 0.096 0.088 0.080 0.071 0.063 0.053 0.042 0.026 0.026 0.028 0.031 0.037 0.039 0.034 0.028 0.023 0.019 0.015 0.012 0.009 0.007 0.005 0.004 0.003 0.002 0.002 0.002 0.001 0.001 0.001 0.001 0.001 0.001 0.001 0.001
0.000 0.000 0.000 0.000 0.000 0.000 0.000 0.000 0.000 0.000 0.000 0.000 0.000 0.000 0.000 0.000 0.000 0.000 0.000 0.000 0.000 0.000 0.000 0.000 0.000 0.000 0.000 0.000 0.000 0.000 0.000 0.000 0.000 0.000 0.000 0.000 0.000 0.000 0.115 0.112 0.104 0.097 0.088 0.081 0.073 0.064 0.056 0.047 0.035 0.022 0.022 0.023 0.025 0.028 0.034 0.039 0.039 0.034 0.028 0.023 0.019 0.015 0.012 0.010 0.007 0.006 0.004 0.003 0.003 0.002 0.002 0.001 0.001 0.001 0.001 0.001 0.001
0.000 0.000 0.000 0.000 0.000 0.000 0.000 0.000 0.000 0.000 0.000 0.000 0.000 0.000 0.000 0.000 0.000 0.000 0.000 0.000 0.000 0.000 0.000 0.000 0.000 0.000 0.000 0.000 0.000 0.000 0.000 0.000 0.000 0.000 0.000 0.000 0.000 0.000 0.000 0.000 0.000 0.000 0.080 0.073 0.066 0.057 0.049 0.040 0.028 0.019 0.018 0.019 0.019 0.021 0.025 0.030 0.036 0.042 0.039 0.033 0.028 0.023 0.019 0.015 0.012 0.010 0.007 0.006 0.005 0.004 0.003 0.002 0.002 0.001 0.001 0.001 0.001
0.000 0.000 0.000 0.000 0.000 0.000 0.000 0.000 0.000 0.000 0.000 0.000 0.000 0.000 0.000 0.000 0.000 0.000 0.000 0.000 0.000 0.000 0.000 0.000 0.000 0.000 0.000 0.000 0.000 0.000 0.000 0.000 0.000 0.000 0.000 0.000 0.000 0.000 0.000 0.000 0.000 0.000 0.000 0.000 0.000 0.049 0.042 0.033 0.021 0.014 0.014 0.014 0.014 0.015 0.017 0.021 0.025 0.031 0.037 0.043 0.038 0.033 0.028 0.023 0.019 0.015 0.012 0.010 0.008 0.006 0.005 0.004 0.003 0.002 0.002 0.001 0.001
0.000 0.000 0.000 0.000 0.000 0.000 0.000 0.000 0.000 0.000 0.000 0.000 0.000 0.000 0.000 0.000 0.000 0.000 0.000 0.000 0.000 0.000 0.000 0.000 0.000 0.000 0.000 0.000 0.000 0.000 0.000 0.000 0.000 0.000 0.000 0.000 0.000 0.000 0.000 0.000 0.000 0.000 0.000 0.000 0.000 0.000 0.000 0.000 0.009 0.007 0.007 0.008 0.008 0.009 0.010 0.012 0.016 0.021 0.026 0.032 0.039 0.043 0.038 0.032 0.027 0.022 0.018 0.015 0.012 0.009 0.007 0.006 0.005 0.004 0.003 0.002 0.002
0.000 0.000 0.000 0.000 0.000 0.000 0.000 0.000 0.000 0.000 0.000 0.000 0.000 0.000 0.000 0.000 0.000 0.000 0.000 0.000 0.000 0.000 0.000 0.000 0.000 0.000 0.000 0.000 0.000 0.000 0.000 0.000 0.000 0.000 0.000 0.000 0.000 0.000 0.000 0.000 0.000 0.000 0.000 0.000 0.000 0.000 0.000 0.000 0.000 0.000 0.001 0.001 0.002 0.003 0.003 0.005 0.007 0.011 0.016 0.021 0.027 0.034 0.041 0.042 0.036 0.031 0.026 0.022 0.018 0.015 0.012 0.010 0.008 0.007 0.005 0.005 0.004
0.000 0.000 0.000 0.000 0.000 0.000 0.000 0.000 0.000 0.000 0.000 0.000 0.000 0.000 0.000 0.000 0.000 0.000 0.000 0.000 0.000 0.000 0.000 0.000 0.000 0.000 0.000 0.000 0.000 0.000 0.000 0.000 0.000 0.000 0.000 0.000 0.000 0.000 0.000 0.000 0.000 0.000 0.000 0.000 0.000 0.000 0.000 0.000 0.000 0.000 0.000 0.000 0.000 0.000 0.001 0.001 0.001 0.003 0.007 0.012 0.017 0.023 0.029 0.036 0.042 0.041 0.036 0.031 0.026 0.023 0.019 0.017 0.015 0.013 0.011 0.009 0.008
0.000 0.000 0.000 0.000 0.000 0.000 0.000 0.000 0.000 0.000 0.000 0.000 0.000 0.000 0.000 0.000 0.000 0.000 0.000 0.000 0.000 0.000 0.000 0.000 0.000 0.000 0.000 0.000 0.000 0.000 0.000 0.000 0.000 0.000 0.000 0.000 0.000 0.000 0.000 0.000 0.000 0.000 0.000 0.000 0.000 0.000 0.000 0.000 0.000 0.000 0.000 0.000 0.000 0.000 0.000 0.000 0.000 0.000 0.001 0.004 0.008 0.013 0.018 0.024 0.031 0.038 0.045 0.041 0.037 0.034 0.032 0.030 0.028 0.025 0.022 0.019 0.016
0.000 0.000 0.000 0.000 0.000 0.000 0.000 0.000 0.000 0.000 0.000 0.000 0.000 0.000 0.000 0.000 0.000 0.000 0.000 0.000 0.000 0.000 0.000 0.000 0.000 0.000 0.000 0.000 0.000 0.000 0.000 0.000 0.000 0.000 0.000 0.000 0.000 0.000 0.000 0.000 0.000 0.000 0.000 0.000 0.000 0.000 0.000 0.000 0.000 0.000 0.000 0.000 0.000 0.000 0.000 0.000 0.000 0.000 0.000 0.001 0.002 0.005 0.009 0.014 0.020 0.026 0.033 0.042 0.052 0.052 0.051 0.050 0.048 0.045 0.039 0.033 0.028
0.000 0.000 0.000 0.000 0.000 0.000 0.000 0.000 0.000 0.000 0.000 0.000 0.000 0.000 0.000 0.000 0.000 0.000 0.000 0.000 0.000 0.000 0.000 0.000 0.000 0.000 0.000 0.000 0.000 0.000 0.000 0.000 0.000 0.000 0.000 0.000 0.000 0.000 0.000 0.000 0.000 0.000 0.000 0.000 0.000 0.000 0.000 0.000 0.000 0.000 0.000 0.000 0.000 0.000 0.000 0.000 0.000 0.000 0.000 0.001 0.001 0.001 0.001 0.005 0.010 0.016 0.022 0.031 0.045 0.064 0.075 0.075 0.073 0.068 0.055 0.047 0.040
0.000 0.000 0.000 0.000 0.000 0.000 0.000 0.000 0.000 0.000 0.000 0.000 0.000 0.000 0.000 0.000 0.000 0.000 0.000 0.000 0.000 0.000 0.000 0.000 0.000 0.000 0.000 0.000 0.000 0.000 0.000 0.000 0.000 0.000 0.000 0.000 0.000 0.000 0.000 0.000 0.000 0.000 0.000 0.000 0.000 0.000 0.000 0.000 0.000 0.000 0.000 0.000 0.000 0.000 0.000 0.000 0.000 0.000 0.000 0.001 0.001 0.001 0.001 0.001 0.002 0.007 0.013 0.022 0.040 0.062 0.000 0.000 0.000 0.000 0.062 0.062 0.050
0.000 0.000 0.000 0.000 0.000 0.000 0.000 0.000 0.000 0.000 0.000 0.000 0.000 0.000 0.000 0.000 0.000 0.000 0.000 0.000 0.000 0.000 0.000 0.000 0.000 0.000 0.000 0.000 0.000 0.000 0.000 0.000 0.000 0.000 0.000 0.000 0.000 0.000 0.000 0.000 0.000 0.000 0.000 0.000 0.000 0.000 0.000 0.000 0.000 0.000 0.000 0.000 0.000 0.000 0.000 0.000 0.000 0.000 0.000 0.001 0.001 0.001 0.001 0.001 0.001 0.001 0.005 0.016 0.036 0.000 0.000 0.000 0.000 0.000 0.000 0.000 0.053
0.000 0.000 0.000 0.000 0.000 0.000 0.000 0.000 0.000 0.000 0.000 0.000 0.000 0.000 0.000 0.000 0.000 0.000 0.000 0.000 0.000 0.000 0.000 0.000 0.000 0.000 0.000 0.000 0.000 0.000 0.000 0.000 0.000 0.000 0.000 0.000 0.000 0.000 0.000 0.000 0.000 0.000 0.000 0.000 0.000 0.000 0.000 0.000 0.000 0.000 0.000 0.000 0.000 0.000 0.000 0.000 0.000 0.000 0.000 0.001 0.001 0.001 0.001 0.001 0.001 0.001 0.002 0.013 0.000 0.000 0.000 0.000 0.000 0.000 0.000 0.000 0.000
0.000 0.000 0.000 0.000 0.000 0.000 0.000 0.000 0.000 0.000 0.000 0.000 0.000 0.000 0.000 0.000 0.000 0.000 0.000 0.000 0.000 0.000 0.000 0.000 0.000 0.000 0.000 0.000 0.000 0.000 0.000 0.000 0.000 0.000 0.000 0.000 0.000 0.000 0.000 0.000 0.000 0.000 0.000 0.000 0.000 0.000 0.000 0.000 0.000 0.000 0.000 0.000 0.000 0.000 0.000 0.000 0.000 0.000 0.000 0.000 0.000 0.001 0.001 0.001 0.001 0.001 0.002 0.009 0.000 0.000 0.000 0.000 0.000 0.000 0.000 0.000 0.000
0.000 0.000 0.000 0.000 0.000 0.000 0.000 0.000 0.000 0.000 0.000 0.000 0.000 0.000 0.000 0.000 0.000 0.000 0.000 0.000 0.000 0.000 0.000 0.000 0.000 0.000 0.000 0.000 0.000 0.000 0.000 0.000 0.000 0.000 0.000 0.000 0.000 0.000 0.000 0.000 0.000 0.000 0.000 0.000 0.000 0.000 0.000 0.000 0.000 0.000 0.000 0.000 0.000 0.000 0.000 0.000 0.000 0.000 0.000 0.000 0.000 0.000 0.001 0.001 0.001 0.001 0.003 0.000 0.000 0.000 0.000 0.000 0.000 0.000 0.000 0.000 0.000
0.000 0.000 0.000 0.000 0.000 0.000 0.000 0.000 0.000 0.000 0.000 0.000 0.000 0.000 0.000 0.000 0.000 0.000 0.000 0.000 0.000 0.000 0.000 0.000 0.000 0.000 0.000 0.000 0.000 0.000 0.000 0.000 0.000 0.000 0.000 0.000 0.000 0.000 0.000 0.000 0.000 0.000 0.000 0.000 0.000 0.000 0.000 0.000 0.000 0.000 0.000 0.000 0.000 0.000 0.000 0.000 0.000 0.000 0.000 0.000 0.000 0.000 0.001 0.001 0.001 0.001 0.016 0.000 0.000 0.000 0.000 0.000 0.000 0.000 0.000 0.000 0.000
0.000 0.000 0.000 0.000 0.000 0.000 0.000 0.000 0.000 0.000 0.000 0.000 0.000 0.000 0.000 0.000 0.000 0.000 0.000 0.000 0.000 0.000 0.000 0.000 0.000 0.000 0.000 0.000 0.000 0.000 0.000 0.000 0.000 0.000 0.000 0.000 0.000 0.000 0.000 0.000 0.000 0.000 0.000 0.000 0.000 0.000 0.000 0.000 0.000 0.000 0.000 0.000 0.000 0.000 0.000 0.000 0.000 0.000 0.000 0.000 0.000 0.000 0.001 0.001 0.001 0.001 0.000 0.000 0.000 0.000 0.000 0.000 0.000 0.000 0.000 0.000 0.000
0.000 0.000 0.000 0.000 0.000 0.000 0.000 0.000 0.000 0.000 0.000 0.000 0.000 0.000 0.000 0.000 0.000 0.000 0.000 0.000 0.000 0.000 0.000 0.000 0.000 0.000 0.000 0.000 0.000 0.000 0.000 0.000 0.000 0.000 0.000 0.000 0.000 0.000 0.000 0.000 0.000 0.000 0.000 0.000 0.000 0.000 0.000 0.000 0.000 0.000 0.000 0.000 0.000 0.000 0.000 0.000 0.000 0.000 0.000 0.000 0.000 0.000 0.001 0.001 0.001 0.001 0.000 0.000 0.000 0.000 0.000 0.000 0.000 0.000 0.000 0.000 0.000
