数据/200y_1h/200y_1h_res/200y_1h_108-0001.wd
ncols         694
nrows         824
xllcorner     581104.939801
yllcorner     3495917.092414
cellsize      2.000000
NODATA_value  -9999.000000
[rows 714 to 747 of 824, columns 154 to 230 of 694]
0.000 0.000 0.000 0.000 0.000 0.000 0.002 0.003 0.004 0.005 0.006 0.007 0.008 0.008 0.009 0.009 0.009 0.009 0.009 0.008 0.001 0.001 0.067 0.064 0.059 0.057 0.055 0.052 0.049 0.045 0.041 0.037 0.000 0.000 0.000 0.000 0.000 0.000 0.000 0.000 0.000 0.000 0.001 0.016 0.038 0.047 0.058 0.070 0.080 0.000 0.000 0.000 0.000 0.000 0.000 0.000 0.000 0.000 0.177 0.188 0.199 0.199 0.176 0.155 0.165 0.080 0.008 0.001 0.000 0.000 0.000 0.000 0.000 0.000 0.000 0.000 0.000
0.000 0.000 0.000 0.000 0.000 0.002 0.003 0.004 0.005 0.006 0.007 0.008 0.009 0.009 0.010 0.010 0.011 0.011 0.011 0.011 0.011 0.010 0.001 0.084 0.082 0.080 0.077 0.073 0.068 0.064 0.059 0.054 0.048 0.045 0.000 0.000 0.000 0.000 0.000 0.000 0.000 0.001 0.005 0.058 0.100 0.110 0.121 0.130 0.141 0.000 0.000 0.000 0.000 0.000 0.000 0.000 0.000 0.000 0.240 0.236 0.212 0.189 0.167 0.157 0.167 0.122 0.036 0.001 0.000 0.000 0.000 0.000 0.000 0.000 0.000 0.000 0.000
0.000 0.000 0.000 0.000 0.001 0.003 0.004 0.005 0.006 0.007 0.008 0.009 0.009 0.010 0.011 0.011 0.012 0.013 0.013 0.014 0.014 0.015 0.014 0.000 0.001 0.101 0.098 0.094 0.089 0.083 0.078 0.072 0.067 0.063 0.059 0.000 0.000 0.000 0.000 0.000 0.001 0.002 0.046 0.100 0.155 0.173 0.183 0.194 0.203 0.000 0.000 0.000 0.000 0.000 0.000 0.000 0.000 0.273 0.250 0.226 0.204 0.179 0.157 0.160 0.169 0.167 0.079 0.003 0.000 0.000 0.000 0.000 0.000 0.000 0.000 0.000 0.000
0.000 0.000 0.000 0.000 0.002 0.004 0.005 0.006 0.007 0.008 0.009 0.009 0.010 0.011 0.012 0.012 0.013 0.014 0.015 0.016 0.017 0.018 0.020 0.022 0.026 0.004 0.119 0.114 0.109 0.102 0.096 0.091 0.086 0.082 0.078 0.074 0.071 0.000 0.000 0.000 0.002 0.032 0.087 0.142 0.197 0.237 0.247 0.258 0.000 0.000 0.000 0.000 0.000 0.000 0.000 0.000 0.000 0.264 0.241 0.217 0.194 0.170 0.153 0.163 0.172 0.181 0.124 0.038 0.002 0.000 0.000 0.000 0.000 0.000 0.000 0.000 0.000
0.000 0.000 0.000 0.001 0.003 0.005 0.006 0.007 0.008 0.008 0.009 0.010 0.011 0.011 0.012 0.013 0.014 0.015 0.016 0.017 0.019 0.021 0.025 0.030 0.041 0.059 0.004 0.134 0.128 0.121 0.115 0.110 0.106 0.102 0.098 0.095 0.092 0.089 0.000 0.036 0.041 0.075 0.128 0.184 0.239 0.295 0.311 0.321 0.000 0.000 0.000 0.000 0.000 0.000 0.000 0.000 0.000 0.255 0.232 0.209 0.185 0.161 0.157 0.166 0.175 0.185 0.168 0.083 0.000 0.000 0.000 0.000 0.000 0.000 0.000 0.000 0.000
0.000 0.000 0.000 0.001 0.003 0.005 0.006 0.007 0.008 0.009 0.010 0.010 0.011 0.012 0.013 0.013 0.014 0.015 0.017 0.018 0.020 0.022 0.025 0.029 0.035 0.041 0.027 0.001 0.001 0.137 0.133 0.129 0.126 0.122 0.118 0.115 0.112 0.109 0.102 0.076 0.086 0.116 0.170 0.226 0.282 0.337 0.373 0.384 0.000 0.000 0.000 0.000 0.000 0.000 0.000 0.000 0.000 0.247 0.223 0.199 0.175 0.152 0.159 0.169 0.178 0.188 0.197 0.127 0.000 0.000 0.000 0.000 0.000 0.000 0.000 0.000 0.000
0.000 0.000 0.000 0.001 0.003 0.005 0.006 0.007 0.008 0.009 0.010 0.011 0.011 0.012 0.013 0.014 0.015 0.016 0.017 0.018 0.020 0.022 0.024 0.027 0.030 0.031 0.025 0.017 0.012 0.001 0.151 0.149 0.145 0.142 0.139 0.136 0.134 0.131 0.128 0.000 0.000 0.156 0.211 0.267 0.323 0.380 0.436 0.447 0.457 0.434 0.000 0.000 0.000 0.000 0.000 0.000 0.261 0.237 0.214 0.190 0.165 0.154 0.163 0.172 0.181 0.190 0.200 0.172 0.000 0.000 0.000 0.000 0.000 0.000 0.000 0.000 0.000
0.000 0.000 0.000 0.001 0.003 0.005 0.006 0.007 0.008 0.009 0.010 0.011 0.012 0.012 0.013 0.014 0.015 0.016 0.017 0.018 0.019 0.021 0.023 0.024 0.026 0.026 0.022 0.019 0.015 0.010 0.001 0.167 0.166 0.162 0.160 0.157 0.155 0.153 0.000 0.000 0.000 0.000 0.254 0.310 0.366 0.422 0.476 0.473 0.449 0.425 0.401 0.376 0.000 0.000 0.000 0.000 0.251 0.228 0.204 0.180 0.157 0.157 0.166 0.174 0.184 0.194 0.203 0.000 0.000 0.000 0.000 0.000 0.000 0.000 0.000 0.000 0.000
0.000 0.000 0.000 0.001 0.003 0.005 0.006 0.007 0.008 0.009 0.010 0.011 0.012 0.012 0.013 0.014 0.015 0.016 0.017 0.018 0.019 0.020 0.021 0.022 0.023 0.022 0.020 0.018 0.015 0.012 0.009 0.001 0.000 0.183 0.180 0.178 0.176 0.000 0.000 0.000 0.000 0.000 0.000 0.352 0.408 0.431 0.453 0.000 0.000 0.415 0.391 0.367 0.342 0.319 0.000 0.000 0.242 0.219 0.195 0.171 0.149 0.160 0.169 0.177 0.187 0.197 0.206 0.000 0.000 0.000 0.000 0.000 0.000 0.000 0.000 0.000 0.000
0.000 0.000 0.000 0.001 0.003 0.005 0.006 0.007 0.008 0.009 0.010 0.011 0.012 0.012 0.013 0.014 0.015 0.015 0.016 0.017 0.018 0.019 0.020 0.020 0.021 0.020 0.019 0.017 0.015 0.013 0.011 0.008 0.006 0.001 0.199 0.196 0.000 0.000 0.000 0.000 0.000 0.000 0.000 0.365 0.387 0.408 0.429 0.000 0.000 0.000 0.000 0.358 0.334 0.308 0.282 0.257 0.233 0.208 0.184 0.162 0.153 0.162 0.171 0.180 0.189 0.199 0.209 0.000 0.000 0.000 0.000 0.000 0.000 0.000 0.000 0.000 0.000
0.000 0.000 0.000 0.001 0.003 0.005 0.006 0.007 0.008 0.009 0.010 0.011 0.011 0.012 0.013 0.014 0.014 0.015 0.016 0.016 0.017 0.018 0.018 0.019 0.019 0.018 0.017 0.016 0.015 0.013 0.011 0.010 0.008 0.006 0.000 0.211 0.203 0.000 0.000 0.000 0.000 0.000 0.000 0.342 0.363 0.384 0.405 0.418 0.000 0.000 0.000 0.000 0.000 0.298 0.273 0.247 0.222 0.198 0.176 0.151 0.155 0.164 0.174 0.183 0.192 0.201 0.000 0.000 0.000 0.000 0.000 0.000 0.000 0.000 0.000 0.000 0.000
0.000 0.000 0.000 0.001 0.003 0.005 0.006 0.007 0.008 0.009 0.010 0.011 0.011 0.012 0.013 0.013 0.014 0.015 0.015 0.016 0.016 0.017 0.017 0.018 0.017 0.017 0.016 0.015 0.014 0.013 0.012 0.010 0.009 0.007 0.005 0.000 0.219 0.215 0.000 0.000 0.000 0.000 0.000 0.000 0.339 0.000 0.000 0.398 0.387 0.000 0.000 0.000 0.000 0.000 0.000 0.235 0.211 0.187 0.164 0.148 0.157 0.166 0.175 0.184 0.194 0.203 0.000 0.000 0.000 0.000 0.000 0.000 0.000 0.000 0.000 0.000 0.000
0.000 0.000 0.000 0.001 0.003 0.005 0.006 0.007 0.008 0.009 0.010 0.010 0.011 0.012 0.012 0.013 0.014 0.014 0.015 0.015 0.016 0.016 0.016 0.016 0.016 0.016 0.015 0.015 0.014 0.013 0.012 0.010 0.009 0.008 0.006 0.004 0.001 0.233 0.250 0.000 0.000 0.000 0.000 0.000 0.000 0.000 0.000 0.000 0.366 0.000 0.000 0.000 0.000 0.000 0.246 0.223 0.200 0.176 0.153 0.150 0.158 0.167 0.176 0.186 0.195 0.206 0.000 0.000 0.000 0.000 0.000 0.000 0.000 0.000 0.000 0.000 0.000
0.000 0.000 0.000 0.001 0.003 0.005 0.006 0.007 0.008 0.009 0.009 0.010 0.011 0.011 0.012 0.013 0.013 0.014 0.014 0.015 0.015 0.015 0.015 0.015 0.015 0.015 0.014 0.014 0.013 0.012 0.011 0.010 0.009 0.008 0.007 0.005 0.003 0.001 0.222 0.238 0.000 0.000 0.000 0.000 0.000 0.000 0.000 0.000 0.346 0.000 0.000 0.000 0.000 0.000 0.237 0.213 0.190 0.166 0.142 0.151 0.159 0.168 0.178 0.186 0.195 0.000 0.000 0.000 0.000 0.000 0.000 0.000 0.000 0.000 0.000 0.000 0.000
0.000 0.000 0.000 0.001 0.003 0.005 0.006 0.007 0.008 0.008 0.009 0.010 0.010 0.011 0.012 0.012 0.013 0.013 0.014 0.014 0.014 0.014 0.015 0.015 0.014 0.014 0.014 0.013 0.013 0.012 0.011 0.010 0.009 0.008 0.007 0.006 0.004 0.003 0.001 0.209 0.224 0.000 0.000 0.000 0.000 0.000 0.000 0.332 0.326 0.000 0.000 0.000 0.000 0.246 0.226 0.203 0.179 0.156 0.144 0.153 0.161 0.171 0.179 0.186 0.194 0.201 0.210 0.000 0.000 0.000 0.000 0.000 0.000 0.000 0.000 0.000 0.000
0.000 0.000 0.000 0.000 0.002 0.004 0.005 0.006 0.007 0.008 0.009 0.009 0.010 0.011 0.011 0.012 0.012 0.013 0.013 0.013 0.013 0.014 0.014 0.014 0.014 0.013 0.013 0.013 0.012 0.011 0.011 0.010 0.009 0.008 0.007 0.006 0.005 0.003 0.001 0.000 0.193 0.208 0.000 0.000 0.000 0.000 0.000 0.000 0.000 0.000 0.000 0.000 0.000 0.225 0.213 0.192 0.169 0.145 0.146 0.155 0.163 0.172 0.180 0.188 0.196 0.204 0.212 0.219 0.228 0.000 0.000 0.000 0.000 0.000 0.000 0.000 0.000
0.000 0.000 0.000 0.000 0.001 0.003 0.004 0.005 0.006 0.007 0.008 0.009 0.010 0.010 0.011 0.011 0.012 0.012 0.012 0.013 0.013 0.013 0.013 0.013 0.013 0.013 0.012 0.012 0.011 0.011 0.010 0.009 0.009 0.008 0.007 0.006 0.005 0.003 0.001 0.000 0.000 0.176 0.189 0.208 0.000 0.000 0.000 0.000 0.000 0.000 0.000 0.000 0.215 0.203 0.191 0.180 0.158 0.138 0.147 0.157 0.165 0.174 0.182 0.191 0.200 0.208 0.215 0.222 0.230 0.238 0.246 0.000 0.000 0.000 0.000 0.000 0.000
0.000 0.000 0.000 0.000 0.000 0.002 0.003 0.004 0.005 0.006 0.007 0.008 0.009 0.010 0.010 0.011 0.011 0.011 0.012 0.012 0.012 0.012 0.012 0.012 0.012 0.012 0.012 0.011 0.011 0.010 0.010 0.009 0.008 0.008 0.007 0.006 0.005 0.003 0.001 0.000 0.000 0.000 0.163 0.181 0.199 0.000 0.000 0.000 0.000 0.000 0.000 0.000 0.194 0.182 0.170 0.157 0.146 0.140 0.149 0.159 0.167 0.176 0.186 0.195 0.204 0.211 0.218 0.226 0.233 0.240 0.249 0.257 0.207 0.000 0.000 0.000 0.000
0.000 0.000 0.000 0.000 0.000 0.000 0.002 0.003 0.004 0.005 0.006 0.007 0.008 0.009 0.010 0.010 0.010 0.011 0.011 0.011 0.011 0.012 0.012 0.012 0.011 0.011 0.011 0.011 0.010 0.010 0.009 0.009 0.008 0.007 0.006 0.005 0.004 0.002 0.000 0.000 0.000 0.000 0.000 0.155 0.172 0.191 0.000 0.000 0.000 0.000 0.000 0.184 0.172 0.161 0.149 0.136 0.135 0.139 0.149 0.159 0.170 0.179 0.189 0.198 0.207 0.000 0.000 0.000 0.235 0.243 0.251 0.260 0.251 0.165 0.097 0.000 0.000
0.000 0.000 0.000 0.000 0.000 0.000 0.000 0.002 0.003 0.004 0.005 0.006 0.007 0.008 0.009 0.009 0.010 0.010 0.010 0.011 0.011 0.011 0.011 0.011 0.011 0.011 0.010 0.010 0.010 0.009 0.009 0.008 0.007 0.006 0.005 0.004 0.003 0.001 0.000 0.000 0.000 0.000 0.000 0.000 0.145 0.164 0.183 0.000 0.000 0.000 0.000 0.165 0.152 0.140 0.133 0.133 0.134 0.137 0.147 0.157 0.167 0.177 0.187 0.198 0.208 0.000 0.000 0.000 0.000 0.000 0.254 0.263 0.271 0.209 0.167 0.127 0.000
0.000 0.000 0.000 0.000 0.000 0.000 0.000 0.000 0.002 0.003 0.004 0.005 0.006 0.007 0.008 0.009 0.009 0.009 0.010 0.010 0.010 0.010 0.010 0.010 0.010 0.010 0.010 0.009 0.009 0.009 0.008 0.007 0.006 0.005 0.004 0.003 0.002 0.000 0.000 0.000 0.000 0.000 0.000 0.000 0.123 0.139 0.156 0.175 0.000 0.168 0.156 0.144 0.132 0.132 0.132 0.132 0.133 0.134 0.144 0.154 0.164 0.174 0.185 0.195 0.000 0.000 0.000 0.000 0.000 0.000 0.000 0.263 0.272 0.277 0.237 0.198 0.000
0.000 0.000 0.000 0.000 0.000 0.000 0.000 0.000 0.000 0.002 0.003 0.004 0.005 0.006 0.007 0.008 0.008 0.009 0.009 0.009 0.009 0.009 0.009 0.009 0.009 0.009 0.009 0.009 0.008 0.008 0.007 0.006 0.005 0.004 0.003 0.002 0.000 0.000 0.000 0.000 0.000 0.000 0.000 0.000 0.000 0.115 0.131 0.147 0.164 0.149 0.136 0.131 0.131 0.131 0.131 0.131 0.132 0.132 0.141 0.151 0.161 0.172 0.182 0.000 0.000 0.000 0.000 0.000 0.000 0.000 0.000 0.000 0.000 0.282 0.277 0.266 0.224
0.000 0.000 0.000 0.000 0.000 0.000 0.000 0.000 0.000 0.000 0.002 0.003 0.004 0.005 0.006 0.007 0.008 0.008 0.008 0.008 0.008 0.008 0.008 0.008 0.008 0.008 0.008 0.008 0.008 0.007 0.006 0.005 0.004 0.003 0.002 0.000 0.000 0.000 0.000 0.000 0.000 0.000 0.000 0.000 0.000 0.000 0.107 0.123 0.140 0.132 0.131 0.130 0.129 0.129 0.130 0.130 0.130 0.131 0.138 0.148 0.159 0.170 0.180 0.000 0.000 0.000 0.000 0.000 0.000 0.000 0.000 0.000 0.000 0.000 0.000 0.274 0.268
0.000 0.000 0.000 0.000 0.000 0.000 0.000 0.000 0.000 0.000 0.000 0.002 0.003 0.004 0.005 0.006 0.007 0.007 0.007 0.007 0.007 0.007 0.007 0.007 0.007 0.007 0.007 0.007 0.007 0.006 0.005 0.004 0.003 0.002 0.000 0.000 0.000 0.000 0.000 0.000 0.000 0.000 0.000 0.000 0.000 0.000 0.000 0.100 0.117 0.131 0.129 0.129 0.128 0.128 0.128 0.129 0.129 0.129 0.134 0.146 0.156 0.167 0.000 0.000 0.000 0.000 0.000 0.000 0.000 0.000 0.000 0.000 0.000 0.000 0.000 0.000 0.000
0.000 0.000 0.000 0.000 0.000 0.000 0.000 0.000 0.000 0.000 0.000 0.000 0.002 0.003 0.004 0.005 0.006 0.006 0.006 0.006 0.006 0.006 0.006 0.006 0.006 0.006 0.006 0.006 0.006 0.005 0.004 0.003 0.002 0.000 0.000 0.000 0.000 0.000 0.000 0.000 0.000 0.000 0.000 0.000 0.000 0.000 0.000 0.000 0.094 0.112 0.127 0.126 0.126 0.126 0.127 0.127 0.127 0.127 0.131 0.142 0.153 0.165 0.000 0.000 0.000 0.000 0.000 0.000 0.000 0.000 0.000 0.000 0.000 0.000 0.000 0.000 0.000
0.000 0.000 0.000 0.000 0.000 0.000 0.000 0.000 0.000 0.000 0.000 0.000 0.000 0.002 0.003 0.004 0.005 0.005 0.005 0.005 0.005 0.005 0.005 0.005 0.005 0.005 0.005 0.005 0.005 0.004 0.003 0.002 0.000 0.000 0.000 0.000 0.000 0.000 0.000 0.000 0.000 0.000 0.000 0.000 0.000 0.000 0.000 0.000 0.000 0.078 0.108 0.124 0.125 0.124 0.124 0.124 0.124 0.125 0.127 0.139 0.150 0.000 0.000 0.000 0.000 0.000 0.000 0.000 0.000 0.000 0.000 0.000 0.000 0.000 0.000 0.000 0.000
0.000 0.000 0.000 0.000 0.000 0.000 0.000 0.000 0.000 0.000 0.000 0.000 0.000 0.000 0.001 0.002 0.003 0.003 0.003 0.003 0.003 0.003 0.003 0.003 0.003 0.003 0.003 0.003 0.003 0.002 0.001 0.000 0.000 0.000 0.000 0.000 0.000 0.000 0.000 0.000 0.000 0.000 0.000 0.000 0.000 0.000 0.000 0.000 0.000 0.000 0.087 0.108 0.122 0.122 0.121 0.121 0.120 0.121 0.123 0.135 0.147 0.000 0.000 0.000 0.000 0.000 0.000 0.000 0.000 0.000 0.000 0.000 0.000 0.000 0.000 0.000 0.000
0.000 0.000 0.000 0.000 0.000 0.000 0.000 0.000 0.000 0.000 0.000 0.000 0.000 0.000 0.000 0.000 0.001 0.001 0.001 0.001 0.001 0.001 0.001 0.001 0.001 0.001 0.001 0.001 0.001 0.000 0.000 0.000 0.000 0.000 0.000 0.000 0.000 0.000 0.000 0.000 0.000 0.000 0.000 0.000 0.000 0.000 0.000 0.000 0.000 0.000 0.066 0.086 0.106 0.119 0.117 0.116 0.114 0.115 0.118 0.131 0.000 0.000 0.000 0.000 0.000 0.000 0.000 0.000 0.000 0.000 0.000 0.000 0.000 0.000 0.000 0.000 0.000
0.000 0.000 0.000 0.000 0.000 0.000 0.000 0.000 0.000 0.000 0.000 0.000 0.000 0.000 0.000 0.000 0.000 0.000 0.000 0.000 0.000 0.000 0.000 0.000 0.000 0.000 0.000 0.000 0.000 0.000 0.000 0.000 0.000 0.000 0.000 0.000 0.000 0.000 0.000 0.000 0.000 0.000 0.000 0.000 0.000 0.000 0.000 0.000 0.000 0.000 0.000 0.063 0.083 0.102 0.113 0.109 0.099 0.105 0.107 0.000 0.000 0.000 0.000 0.000 0.000 0.000 0.000 0.000 0.000 0.000 0.000 0.000 0.000 0.000 0.000 0.000 0.000
0.000 0.000 0.000 0.000 0.000 0.000 0.000 0.000 0.000 0.000 0.000 0.000 0.000 0.000 0.000 0.000 0.000 0.000 0.000 0.000 0.000 0.000 0.000 0.000 0.000 0.000 0.000 0.000 0.000 0.000 0.000 0.000 0.000 0.000 0.000 0.000 0.000 0.000 0.000 0.000 0.000 0.000 0.000 0.000 0.000 0.000 0.000 0.000 0.000 0.000 0.000 0.041 0.060 0.078 0.095 0.104 0.100 0.099 0.097 0.095 0.000 0.000 0.000 0.000 0.000 0.000 0.000 0.000 0.000 0.000 0.000 0.000 0.000 0.000 0.000 0.000 0.000
0.000 0.000 0.000 0.000 0.000 0.000 0.000 0.000 0.000 0.000 0.000 0.000 0.000 0.000 0.000 0.000 0.000 0.000 0.000 0.000 0.000 0.000 0.000 0.000 0.000 0.000 0.000 0.000 0.000 0.000 0.000 0.000 0.000 0.000 0.000 0.000 0.000 0.000 0.000 0.000 0.000 0.000 0.000 0.000 0.000 0.000 0.000 0.000 0.000 0.000 0.000 0.018 0.037 0.054 0.071 0.088 0.098 0.095 0.091 0.087 0.088 0.000 0.000 0.000 0.000 0.000 0.000 0.000 0.000 0.000 0.000 0.000 0.000 0.000 0.000 0.000 0.000
0.000 0.000 0.000 0.000 0.000 0.000 0.000 0.000 0.000 0.000 0.000 0.000 0.000 0.000 0.000 0.000 0.000 0.000 0.000 0.000 0.000 0.000 0.000 0.000 0.000 0.000 0.000 0.000 0.000 0.000 0.000 0.000 0.000 0.000 0.000 0.000 0.000 0.000 0.000 0.000 0.000 0.000 0.000 0.000 0.000 0.000 0.000 0.000 0.000 0.000 0.000 0.002 0.013 0.030 0.048 0.064 0.081 0.090 0.085 0.078 0.078 0.071 0.072 0.000 0.000 0.000 0.000 0.000 0.000 0.000 0.000 0.000 0.000 0.000 0.000 0.000 0.000
0.000 0.000 0.000 0.000 0.000 0.000 0.000 0.000 0.000 0.000 0.000 0.000 0.000 0.000 0.000 0.000 0.000 0.000 0.000 0.000 0.000 0.000 0.000 0.000 0.000 0.000 0.000 0.000 0.000 0.000 0.000 0.000 0.000 0.000 0.000 0.000 0.000 0.000 0.000 0.000 0.000 0.000 0.000 0.000 0.000 0.000 0.000 0.000 0.000 0.000 0.000 0.000 0.001 0.008 0.023 0.041 0.057 0.073 0.080 0.071 0.068 0.063 0.064 0.067 0.000 0.000 0.000 0.000 0.000 0.000 0.000 0.000 0.000 0.000 0.000 0.000 0.000
0.000 0.000 0.000 0.000 0.000 0.000 0.000 0.000 0.000 0.000 0.000 0.000 0.000 0.000 0.000 0.000 0.000 0.000 0.000 0.000 0.000 0.000 0.000 0.000 0.000 0.000 0.000 0.000 0.000 0.000 0.000 0.000 0.000 0.000 0.000 0.000 0.000 0.000 0.000 0.000 0.000 0.000 0.000 0.000 0.000 0.000 0.000 0.000 0.000 0.000 0.000 0.000 0.001 0.001 0.003 0.017 0.033 0.048 0.061 0.064 0.056 0.054 0.057 0.059 0.060 0.000 0.000 0.000 0.000 0.000 0.000 0.000 0.000 0.000 0.000 0.000 0.000
