数据/200y_1h/200y_1h_res/200y_1h_96-0001.wd
ncols         694
nrows         824
xllcorner     581104.939801
yllcorner     3495917.092414
cellsize      2.000000
NODATA_value  -9999.000000
[rows 714 to 747 of 824, columns 154 to 230 of 694]
0.000 0.000 0.000 0.000 0.000 0.000 0.002 0.003 0.004 0.005 0.006 0.007 0.008 0.009 0.009 0.010 0.010 0.010 0.009 0.008 0.001 0.001 0.077 0.072 0.066 0.065 0.062 0.059 0.055 0.050 0.046 0.042 0.000 0.000 0.000 0.000 0.000 0.000 0.000 0.000 0.000 0.000 0.002 0.045 0.067 0.077 0.088 0.098 0.109 0.000 0.000 0.000 0.000 0.000 0.000 0.000 0.000 0.000 0.208 0.218 0.230 0.228 0.206 0.186 0.194 0.110 0.030 0.001 0.000 0.000 0.000 0.000 0.000 0.000 0.000 0.000 0.000
0.000 0.000 0.000 0.000 0.000 0.002 0.003 0.004 0.005 0.006 0.007 0.008 0.009 0.010 0.010 0.011 0.011 0.011 0.012 0.012 0.011 0.010 0.001 0.091 0.089 0.086 0.084 0.079 0.074 0.069 0.064 0.059 0.053 0.050 0.000 0.000 0.000 0.000 0.000 0.000 0.000 0.001 0.032 0.086 0.130 0.141 0.151 0.161 0.173 0.000 0.000 0.000 0.000 0.000 0.000 0.000 0.000 0.000 0.270 0.266 0.242 0.220 0.195 0.188 0.197 0.152 0.066 0.002 0.000 0.000 0.000 0.000 0.000 0.000 0.000 0.000 0.000
0.000 0.000 0.000 0.000 0.001 0.003 0.004 0.005 0.006 0.007 0.008 0.009 0.010 0.010 0.011 0.012 0.012 0.013 0.014 0.014 0.015 0.015 0.014 0.001 0.001 0.108 0.104 0.100 0.094 0.089 0.083 0.078 0.072 0.069 0.065 0.000 0.000 0.000 0.000 0.000 0.001 0.019 0.072 0.128 0.184 0.203 0.214 0.224 0.235 0.000 0.000 0.000 0.000 0.000 0.000 0.000 0.000 0.304 0.280 0.257 0.232 0.210 0.186 0.189 0.199 0.195 0.110 0.025 0.000 0.000 0.000 0.000 0.000 0.000 0.000 0.000 0.000
0.000 0.000 0.000 0.000 0.002 0.004 0.005 0.006 0.007 0.008 0.009 0.010 0.010 0.011 0.012 0.012 0.013 0.014 0.015 0.016 0.017 0.019 0.021 0.023 0.027 0.004 0.125 0.120 0.115 0.108 0.102 0.097 0.092 0.088 0.084 0.080 0.078 0.000 0.000 0.000 0.011 0.060 0.114 0.170 0.226 0.266 0.277 0.287 0.000 0.000 0.000 0.000 0.000 0.000 0.000 0.000 0.000 0.295 0.270 0.248 0.223 0.200 0.183 0.193 0.202 0.211 0.153 0.068 0.003 0.000 0.000 0.000 0.000 0.000 0.000 0.000 0.000
0.000 0.000 0.000 0.001 0.003 0.005 0.006 0.007 0.008 0.009 0.009 0.010 0.011 0.012 0.012 0.013 0.014 0.015 0.016 0.018 0.019 0.022 0.025 0.031 0.042 0.061 0.004 0.139 0.135 0.127 0.121 0.116 0.112 0.109 0.105 0.101 0.099 0.096 0.000 0.047 0.059 0.103 0.157 0.213 0.268 0.324 0.340 0.350 0.000 0.000 0.000 0.000 0.000 0.000 0.000 0.000 0.000 0.285 0.261 0.237 0.214 0.191 0.186 0.195 0.205 0.214 0.198 0.112 0.000 0.000 0.000 0.000 0.000 0.000 0.000 0.000 0.000
0.000 0.000 0.000 0.001 0.003 0.005 0.006 0.007 0.008 0.009 0.010 0.011 0.011 0.012 0.013 0.014 0.015 0.016 0.017 0.018 0.020 0.023 0.026 0.030 0.035 0.042 0.027 0.002 0.000 0.144 0.140 0.136 0.133 0.129 0.125 0.122 0.119 0.116 0.109 0.084 0.104 0.144 0.199 0.255 0.311 0.367 0.403 0.413 0.000 0.000 0.000 0.000 0.000 0.000 0.000 0.000 0.000 0.276 0.251 0.229 0.204 0.181 0.189 0.199 0.208 0.217 0.226 0.157 0.000 0.000 0.000 0.000 0.000 0.000 0.000 0.000 0.000
0.000 0.000 0.000 0.001 0.003 0.005 0.006 0.007 0.008 0.009 0.010 0.011 0.012 0.012 0.013 0.014 0.015 0.016 0.017 0.019 0.020 0.022 0.025 0.027 0.030 0.032 0.025 0.018 0.012 0.001 0.158 0.156 0.153 0.149 0.146 0.143 0.140 0.138 0.135 0.000 0.000 0.185 0.241 0.297 0.352 0.409 0.465 0.476 0.487 0.465 0.000 0.000 0.000 0.000 0.000 0.000 0.289 0.266 0.242 0.219 0.196 0.182 0.191 0.201 0.210 0.220 0.230 0.202 0.000 0.000 0.000 0.000 0.000 0.000 0.000 0.000 0.000
0.000 0.000 0.000 0.001 0.003 0.005 0.006 0.007 0.008 0.009 0.010 0.011 0.012 0.013 0.013 0.014 0.015 0.016 0.017 0.019 0.020 0.022 0.023 0.025 0.026 0.026 0.023 0.019 0.015 0.010 0.000 0.176 0.173 0.170 0.167 0.164 0.162 0.160 0.000 0.000 0.000 0.000 0.284 0.339 0.395 0.451 0.505 0.502 0.479 0.454 0.430 0.406 0.000 0.000 0.000 0.000 0.280 0.257 0.232 0.210 0.185 0.185 0.195 0.204 0.213 0.222 0.232 0.000 0.000 0.000 0.000 0.000 0.000 0.000 0.000 0.000 0.000
0.000 0.000 0.000 0.001 0.003 0.005 0.006 0.007 0.008 0.009 0.010 0.011 0.012 0.013 0.013 0.014 0.015 0.016 0.017 0.018 0.019 0.020 0.022 0.023 0.023 0.023 0.021 0.018 0.016 0.013 0.009 0.000 0.000 0.190 0.187 0.185 0.184 0.000 0.000 0.000 0.000 0.000 0.000 0.382 0.437 0.460 0.481 0.000 0.000 0.446 0.422 0.397 0.371 0.347 0.000 0.000 0.269 0.246 0.223 0.199 0.179 0.187 0.196 0.206 0.215 0.225 0.236 0.000 0.000 0.000 0.000 0.000 0.000 0.000 0.000 0.000 0.000
0.000 0.000 0.000 0.001 0.003 0.005 0.006 0.007 0.008 0.009 0.010 0.011 0.012 0.013 0.013 0.014 0.015 0.016 0.017 0.017 0.018 0.019 0.020 0.021 0.021 0.021 0.019 0.018 0.016 0.014 0.011 0.008 0.006 0.001 0.207 0.203 0.000 0.000 0.000 0.000 0.000 0.000 0.000 0.395 0.416 0.437 0.458 0.000 0.000 0.000 0.000 0.386 0.362 0.337 0.311 0.285 0.260 0.237 0.212 0.189 0.182 0.191 0.199 0.208 0.218 0.228 0.239 0.000 0.000 0.000 0.000 0.000 0.000 0.000 0.000 0.000 0.000
0.000 0.000 0.000 0.001 0.003 0.005 0.006 0.007 0.008 0.009 0.010 0.011 0.012 0.012 0.013 0.014 0.015 0.015 0.016 0.017 0.018 0.018 0.019 0.019 0.019 0.019 0.018 0.017 0.015 0.014 0.012 0.010 0.008 0.006 0.000 0.219 0.211 0.000 0.000 0.000 0.000 0.000 0.000 0.371 0.393 0.413 0.434 0.446 0.000 0.000 0.000 0.000 0.000 0.326 0.302 0.275 0.250 0.226 0.203 0.179 0.183 0.191 0.200 0.209 0.219 0.229 0.000 0.000 0.000 0.000 0.000 0.000 0.000 0.000 0.000 0.000 0.000
0.000 0.000 0.000 0.001 0.003 0.005 0.006 0.007 0.008 0.009 0.010 0.011 0.011 0.012 0.013 0.014 0.014 0.015 0.016 0.016 0.017 0.017 0.018 0.018 0.018 0.018 0.017 0.016 0.015 0.013 0.012 0.011 0.009 0.007 0.005 0.000 0.228 0.225 0.000 0.000 0.000 0.000 0.000 0.000 0.371 0.000 0.000 0.426 0.415 0.000 0.000 0.000 0.000 0.000 0.000 0.264 0.239 0.215 0.192 0.175 0.184 0.193 0.202 0.211 0.221 0.231 0.000 0.000 0.000 0.000 0.000 0.000 0.000 0.000 0.000 0.000 0.000
0.000 0.000 0.000 0.001 0.003 0.005 0.006 0.007 0.008 0.009 0.010 0.011 0.011 0.012 0.013 0.013 0.014 0.014 0.015 0.015 0.016 0.016 0.017 0.017 0.017 0.016 0.016 0.015 0.014 0.013 0.012 0.011 0.009 0.008 0.006 0.004 0.001 0.243 0.260 0.000 0.000 0.000 0.000 0.000 0.000 0.000 0.000 0.000 0.396 0.000 0.000 0.000 0.000 0.000 0.274 0.252 0.228 0.204 0.181 0.176 0.185 0.194 0.203 0.213 0.223 0.235 0.000 0.000 0.000 0.000 0.000 0.000 0.000 0.000 0.000 0.000 0.000
0.000 0.000 0.000 0.001 0.003 0.005 0.006 0.007 0.008 0.009 0.010 0.010 0.011 0.012 0.012 0.013 0.013 0.014 0.014 0.015 0.015 0.016 0.016 0.016 0.016 0.015 0.015 0.014 0.013 0.013 0.012 0.011 0.009 0.008 0.007 0.005 0.003 0.001 0.232 0.249 0.000 0.000 0.000 0.000 0.000 0.000 0.000 0.000 0.376 0.000 0.000 0.000 0.000 0.000 0.264 0.241 0.217 0.194 0.170 0.179 0.187 0.195 0.204 0.214 0.223 0.000 0.000 0.000 0.000 0.000 0.000 0.000 0.000 0.000 0.000 0.000 0.000
0.000 0.000 0.000 0.001 0.003 0.005 0.006 0.007 0.008 0.008 0.009 0.010 0.011 0.011 0.012 0.012 0.013 0.013 0.014 0.014 0.014 0.015 0.015 0.015 0.015 0.015 0.014 0.014 0.013 0.012 0.011 0.010 0.009 0.008 0.007 0.006 0.004 0.003 0.001 0.220 0.236 0.000 0.000 0.000 0.000 0.000 0.000 0.360 0.355 0.000 0.000 0.000 0.000 0.273 0.253 0.231 0.207 0.183 0.171 0.180 0.188 0.196 0.205 0.215 0.222 0.227 0.235 0.000 0.000 0.000 0.000 0.000 0.000 0.000 0.000 0.000 0.000
0.000 0.000 0.000 0.000 0.002 0.004 0.005 0.006 0.007 0.008 0.009 0.009 0.010 0.011 0.011 0.012 0.012 0.013 0.013 0.013 0.014 0.014 0.014 0.014 0.014 0.014 0.013 0.013 0.012 0.012 0.011 0.010 0.009 0.008 0.007 0.006 0.005 0.003 0.001 0.000 0.206 0.221 0.000 0.000 0.000 0.000 0.000 0.000 0.000 0.000 0.000 0.000 0.000 0.252 0.240 0.220 0.196 0.173 0.172 0.182 0.191 0.199 0.208 0.216 0.224 0.231 0.238 0.245 0.253 0.000 0.000 0.000 0.000 0.000 0.000 0.000 0.000
0.000 0.000 0.000 0.000 0.001 0.003 0.004 0.005 0.006 0.007 0.008 0.009 0.010 0.010 0.011 0.011 0.012 0.012 0.013 0.013 0.013 0.013 0.013 0.013 0.013 0.013 0.013 0.012 0.012 0.011 0.010 0.010 0.009 0.008 0.007 0.006 0.005 0.003 0.001 0.000 0.000 0.191 0.205 0.224 0.000 0.000 0.000 0.000 0.000 0.000 0.000 0.000 0.240 0.229 0.219 0.206 0.186 0.166 0.174 0.183 0.193 0.202 0.211 0.218 0.225 0.233 0.241 0.249 0.256 0.264 0.272 0.000 0.000 0.000 0.000 0.000 0.000
0.000 0.000 0.000 0.000 0.000 0.002 0.003 0.004 0.005 0.006 0.007 0.008 0.009 0.010 0.010 0.011 0.011 0.012 0.012 0.012 0.012 0.013 0.013 0.013 0.012 0.012 0.012 0.012 0.011 0.011 0.010 0.009 0.008 0.008 0.007 0.006 0.005 0.003 0.001 0.000 0.000 0.000 0.179 0.197 0.216 0.000 0.000 0.000 0.000 0.000 0.000 0.000 0.220 0.209 0.197 0.186 0.173 0.168 0.177 0.185 0.196 0.205 0.213 0.220 0.228 0.237 0.245 0.252 0.259 0.266 0.274 0.282 0.233 0.000 0.000 0.000 0.000
0.000 0.000 0.000 0.000 0.000 0.000 0.002 0.003 0.004 0.005 0.006 0.007 0.008 0.009 0.010 0.010 0.011 0.011 0.011 0.011 0.012 0.012 0.012 0.012 0.012 0.011 0.011 0.011 0.010 0.010 0.009 0.009 0.008 0.007 0.006 0.005 0.004 0.002 0.000 0.000 0.000 0.000 0.000 0.172 0.189 0.208 0.000 0.000 0.000 0.000 0.000 0.210 0.199 0.187 0.176 0.164 0.161 0.166 0.176 0.186 0.196 0.206 0.215 0.224 0.233 0.000 0.000 0.000 0.261 0.269 0.277 0.285 0.277 0.190 0.122 0.000 0.000
0.000 0.000 0.000 0.000 0.000 0.000 0.000 0.002 0.003 0.004 0.005 0.006 0.007 0.008 0.009 0.009 0.010 0.010 0.011 0.011 0.011 0.011 0.011 0.011 0.011 0.011 0.011 0.010 0.010 0.009 0.009 0.008 0.007 0.006 0.005 0.004 0.003 0.001 0.000 0.000 0.000 0.000 0.000 0.000 0.163 0.182 0.202 0.000 0.000 0.000 0.000 0.189 0.178 0.166 0.159 0.160 0.160 0.162 0.172 0.182 0.192 0.203 0.213 0.223 0.233 0.000 0.000 0.000 0.000 0.000 0.279 0.288 0.296 0.234 0.193 0.153 0.000
0.000 0.000 0.000 0.000 0.000 0.000 0.000 0.000 0.002 0.003 0.004 0.005 0.006 0.007 0.008 0.009 0.009 0.010 0.010 0.010 0.010 0.010 0.010 0.010 0.010 0.010 0.010 0.009 0.009 0.009 0.008 0.007 0.006 0.005 0.004 0.003 0.002 0.000 0.000 0.000 0.000 0.000 0.000 0.000 0.141 0.158 0.176 0.196 0.000 0.194 0.181 0.169 0.157 0.158 0.158 0.158 0.158 0.159 0.170 0.180 0.190 0.200 0.212 0.222 0.000 0.000 0.000 0.000 0.000 0.000 0.000 0.288 0.297 0.302 0.263 0.223 0.000
0.000 0.000 0.000 0.000 0.000 0.000 0.000 0.000 0.000 0.002 0.003 0.004 0.005 0.006 0.007 0.008 0.008 0.009 0.009 0.009 0.009 0.009 0.009 0.009 0.009 0.009 0.009 0.009 0.008 0.008 0.007 0.006 0.005 0.004 0.003 0.002 0.000 0.000 0.000 0.000 0.000 0.000 0.000 0.000 0.000 0.136 0.152 0.170 0.187 0.173 0.161 0.156 0.156 0.157 0.156 0.157 0.157 0.157 0.166 0.176 0.188 0.198 0.209 0.000 0.000 0.000 0.000 0.000 0.000 0.000 0.000 0.000 0.000 0.307 0.302 0.291 0.249
0.000 0.000 0.000 0.000 0.000 0.000 0.000 0.000 0.000 0.000 0.002 0.003 0.004 0.005 0.006 0.007 0.008 0.008 0.008 0.008 0.008 0.008 0.008 0.008 0.008 0.008 0.008 0.008 0.008 0.007 0.006 0.005 0.004 0.003 0.002 0.000 0.000 0.000 0.000 0.000 0.000 0.000 0.000 0.000 0.000 0.000 0.129 0.145 0.162 0.155 0.155 0.155 0.155 0.155 0.154 0.155 0.155 0.156 0.163 0.173 0.185 0.195 0.207 0.000 0.000 0.000 0.000 0.000 0.000 0.000 0.000 0.000 0.000 0.000 0.000 0.298 0.292
0.000 0.000 0.000 0.000 0.000 0.000 0.000 0.000 0.000 0.000 0.000 0.002 0.003 0.004 0.005 0.006 0.007 0.007 0.007 0.007 0.007 0.007 0.007 0.007 0.007 0.007 0.007 0.007 0.007 0.006 0.005 0.004 0.003 0.002 0.000 0.000 0.000 0.000 0.000 0.000 0.000 0.000 0.000 0.000 0.000 0.000 0.000 0.123 0.139 0.154 0.153 0.154 0.153 0.153 0.153 0.153 0.154 0.155 0.161 0.171 0.182 0.192 0.000 0.000 0.000 0.000 0.000 0.000 0.000 0.000 0.000 0.000 0.000 0.000 0.000 0.000 0.000
0.000 0.000 0.000 0.000 0.000 0.000 0.000 0.000 0.000 0.000 0.000 0.000 0.002 0.003 0.004 0.005 0.006 0.006 0.006 0.006 0.006 0.006 0.006 0.006 0.006 0.006 0.006 0.006 0.006 0.005 0.004 0.003 0.002 0.000 0.000 0.000 0.000 0.000 0.000 0.000 0.000 0.000 0.000 0.000 0.000 0.000 0.000 0.000 0.118 0.136 0.152 0.152 0.151 0.151 0.151 0.151 0.152 0.153 0.157 0.168 0.179 0.190 0.000 0.000 0.000 0.000 0.000 0.000 0.000 0.000 0.000 0.000 0.000 0.000 0.000 0.000 0.000
0.000 0.000 0.000 0.000 0.000 0.000 0.000 0.000 0.000 0.000 0.000 0.000 0.000 0.002 0.003 0.004 0.005 0.005 0.005 0.005 0.005 0.005 0.005 0.005 0.005 0.005 0.005 0.005 0.005 0.004 0.003 0.002 0.000 0.000 0.000 0.000 0.000 0.000 0.000 0.000 0.000 0.000 0.000 0.000 0.000 0.000 0.000 0.000 0.000 0.106 0.134 0.149 0.149 0.148 0.149 0.149 0.149 0.150 0.153 0.164 0.175 0.000 0.000 0.000 0.000 0.000 0.000 0.000 0.000 0.000 0.000 0.000 0.000 0.000 0.000 0.000 0.000
0.000 0.000 0.000 0.000 0.000 0.000 0.000 0.000 0.000 0.000 0.000 0.000 0.000 0.000 0.001 0.002 0.003 0.003 0.003 0.003 0.003 0.003 0.003 0.003 0.003 0.003 0.003 0.003 0.003 0.002 0.001 0.000 0.000 0.000 0.000 0.000 0.000 0.000 0.000 0.000 0.000 0.000 0.000 0.000 0.000 0.000 0.000 0.000 0.000 0.000 0.113 0.133 0.147 0.147 0.146 0.146 0.146 0.147 0.149 0.160 0.172 0.000 0.000 0.000 0.000 0.000 0.000 0.000 0.000 0.000 0.000 0.000 0.000 0.000 0.000 0.000 0.000
0.000 0.000 0.000 0.000 0.000 0.000 0.000 0.000 0.000 0.000 0.000 0.000 0.000 0.000 0.000 0.000 0.001 0.001 0.001 0.001 0.001 0.001 0.001 0.001 0.001 0.001 0.001 0.001 0.001 0.000 0.000 0.000 0.000 0.000 0.000 0.000 0.000 0.000 0.000 0.000 0.000 0.000 0.000 0.000 0.000 0.000 0.000 0.000 0.000 0.000 0.092 0.111 0.131 0.144 0.143 0.141 0.140 0.141 0.144 0.155 0.000 0.000 0.000 0.000 0.000 0.000 0.000 0.000 0.000 0.000 0.000 0.000 0.000 0.000 0.000 0.000 0.000
0.000 0.000 0.000 0.000 0.000 0.000 0.000 0.000 0.000 0.000 0.000 0.000 0.000 0.000 0.000 0.000 0.000 0.000 0.000 0.000 0.000 0.000 0.000 0.000 0.000 0.000 0.000 0.000 0.000 0.000 0.000 0.000 0.000 0.000 0.000 0.000 0.000 0.000 0.000 0.000 0.000 0.000 0.000 0.000 0.000 0.000 0.000 0.000 0.000 0.000 0.000 0.088 0.108 0.127 0.138 0.134 0.126 0.131 0.133 0.000 0.000 0.000 0.000 0.000 0.000 0.000 0.000 0.000 0.000 0.000 0.000 0.000 0.000 0.000 0.000 0.000 0.000
0.000 0.000 0.000 0.000 0.000 0.000 0.000 0.000 0.000 0.000 0.000 0.000 0.000 0.000 0.000 0.000 0.000 0.000 0.000 0.000 0.000 0.000 0.000 0.000 0.000 0.000 0.000 0.000 0.000 0.000 0.000 0.000 0.000 0.000 0.000 0.000 0.000 0.000 0.000 0.000 0.000 0.000 0.000 0.000 0.000 0.000 0.000 0.000 0.000 0.000 0.000 0.064 0.084 0.103 0.120 0.130 0.126 0.125 0.122 0.119 0.000 0.000 0.000 0.000 0.000 0.000 0.000 0.000 0.000 0.000 0.000 0.000 0.000 0.000 0.000 0.000 0.000
0.000 0.000 0.000 0.000 0.000 0.000 0.000 0.000 0.000 0.000 0.000 0.000 0.000 0.000 0.000 0.000 0.000 0.000 0.000 0.000 0.000 0.000 0.000 0.000 0.000 0.000 0.000 0.000 0.000 0.000 0.000 0.000 0.000 0.000 0.000 0.000 0.000 0.000 0.000 0.000 0.000 0.000 0.000 0.000 0.000 0.000 0.000 0.000 0.000 0.000 0.000 0.042 0.061 0.079 0.096 0.113 0.123 0.120 0.115 0.109 0.110 0.000 0.000 0.000 0.000 0.000 0.000 0.000 0.000 0.000 0.000 0.000 0.000 0.000 0.000 0.000 0.000
0.000 0.000 0.000 0.000 0.000 0.000 0.000 0.000 0.000 0.000 0.000 0.000 0.000 0.000 0.000 0.000 0.000 0.000 0.000 0.000 0.000 0.000 0.000 0.000 0.000 0.000 0.000 0.000 0.000 0.000 0.000 0.000 0.000 0.000 0.000 0.000 0.000 0.000 0.000 0.000 0.000 0.000 0.000 0.000 0.000 0.000 0.000 0.000 0.000 0.000 0.000 0.019 0.038 0.055 0.072 0.090 0.106 0.114 0.108 0.100 0.098 0.090 0.090 0.000 0.000 0.000 0.000 0.000 0.000 0.000 0.000 0.000 0.000 0.000 0.000 0.000 0.000
0.000 0.000 0.000 0.000 0.000 0.000 0.000 0.000 0.000 0.000 0.000 0.000 0.000 0.000 0.000 0.000 0.000 0.000 0.000 0.000 0.000 0.000 0.000 0.000 0.000 0.000 0.000 0.000 0.000 0.000 0.000 0.000 0.000 0.000 0.000 0.000 0.000 0.000 0.000 0.000 0.000 0.000 0.000 0.000 0.000 0.000 0.000 0.000 0.000 0.000 0.000 0.000 0.013 0.031 0.048 0.065 0.081 0.096 0.101 0.092 0.087 0.081 0.081 0.083 0.000 0.000 0.000 0.000 0.000 0.000 0.000 0.000 0.000 0.000 0.000 0.000 0.000
0.000 0.000 0.000 0.000 0.000 0.000 0.000 0.000 0.000 0.000 0.000 0.000 0.000 0.000 0.000 0.000 0.000 0.000 0.000 0.000 0.000 0.000 0.000 0.000 0.000 0.000 0.000 0.000 0.000 0.000 0.000 0.000 0.000 0.000 0.000 0.000 0.000 0.000 0.000 0.000 0.000 0.000 0.000 0.000 0.000 0.000 0.000 0.000 0.000 0.000 0.000 0.000 0.002 0.008 0.024 0.040 0.056 0.070 0.082 0.082 0.074 0.071 0.072 0.074 0.074 0.000 0.000 0.000 0.000 0.000 0.000 0.000 0.000 0.000 0.000 0.000 0.000
