数据/200y_1h/200y_1h_res/200y_1h_77-0001.wd
ncols         694
nrows         824
xllcorner     581104.939801
yllcorner     3495917.092414
cellsize      2.000000
NODATA_value  -9999.000000
[rows 442 to 475 of 824, columns 385 to 461 of 694]
0.000 0.000 0.000 0.044 0.040 0.036 0.032 0.029 0.025 0.021 0.017 0.013 0.010 0.009 0.009 0.010 0.011 0.012 0.014 0.017 0.021 0.033 0.044 0.054 0.064 0.074 0.084 0.094 0.104 0.114 0.118 0.119 0.120 0.121 0.000 0.000 0.000 0.000 0.000 0.000 0.000 0.000 0.000 0.000 0.000 0.000 0.000 0.000 0.000 0.000 0.000 0.000 0.000 0.000 0.000 0.006 0.014 0.018 0.021 0.023 0.025 0.026 0.027 0.027 0.028 0.028 0.029 0.031 0.035 0.040 0.000 0.000 0.000 0.000 0.000 0.000 0.000
0.000 0.000 0.000 0.000 0.000 0.048 0.044 0.041 0.037 0.033 0.029 0.025 0.021 0.017 0.015 0.014 0.015 0.016 0.018 0.020 0.023 0.029 0.041 0.052 0.063 0.073 0.083 0.093 0.103 0.112 0.114 0.115 0.117 0.120 0.000 0.000 0.000 0.000 0.000 0.000 0.000 0.000 0.000 0.000 0.000 0.000 0.000 0.000 0.000 0.000 0.000 0.000 0.000 0.000 0.000 0.009 0.016 0.021 0.025 0.028 0.029 0.030 0.031 0.032 0.033 0.034 0.036 0.038 0.042 0.045 0.047 0.048 0.000 0.000 0.000 0.000 0.000
0.000 0.000 0.000 0.000 0.000 0.000 0.000 0.053 0.049 0.045 0.040 0.036 0.032 0.028 0.024 0.021 0.020 0.020 0.021 0.023 0.025 0.028 0.038 0.049 0.060 0.071 0.082 0.092 0.102 0.110 0.110 0.110 0.110 0.000 0.000 0.000 0.000 0.000 0.000 0.000 0.000 0.000 0.000 0.000 0.000 0.000 0.000 0.000 0.000 0.000 0.000 0.000 0.000 0.002 0.011 0.018 0.025 0.030 0.034 0.037 0.036 0.037 0.039 0.040 0.041 0.042 0.044 0.047 0.051 0.055 0.059 0.054 0.047 0.040 0.034 0.000 0.000
0.000 0.000 0.000 0.000 0.000 0.000 0.000 0.000 0.057 0.056 0.052 0.048 0.043 0.039 0.035 0.031 0.028 0.026 0.026 0.027 0.028 0.030 0.033 0.045 0.057 0.068 0.079 0.091 0.104 0.106 0.104 0.104 0.104 0.000 0.000 0.000 0.000 0.000 0.000 0.000 0.000 0.000 0.000 0.000 0.000 0.000 0.000 0.000 0.000 0.000 0.000 0.000 0.000 0.000 0.000 0.000 0.000 0.043 0.000 0.000 0.043 0.047 0.050 0.051 0.050 0.052 0.055 0.058 0.062 0.066 0.067 0.060 0.053 0.047 0.040 0.031 0.022
0.000 0.000 0.000 0.000 0.000 0.000 0.000 0.000 0.000 0.000 0.059 0.057 0.054 0.050 0.046 0.042 0.038 0.034 0.032 0.031 0.031 0.033 0.035 0.039 0.052 0.063 0.074 0.084 0.095 0.098 0.097 0.096 0.095 0.000 0.000 0.000 0.000 0.000 0.000 0.000 0.000 0.000 0.000 0.000 0.000 0.000 0.000 0.000 0.000 0.000 0.000 0.000 0.000 0.000 0.000 0.000 0.000 0.000 0.000 0.000 0.000 0.000 0.000 0.000 0.058 0.063 0.067 0.070 0.073 0.078 0.074 0.067 0.060 0.053 0.046 0.037 0.028
0.000 0.000 0.000 0.000 0.000 0.000 0.000 0.000 0.000 0.000 0.000 0.061 0.060 0.058 0.056 0.053 0.048 0.044 0.040 0.037 0.036 0.036 0.037 0.038 0.045 0.057 0.067 0.077 0.086 0.088 0.087 0.085 0.080 0.066 0.056 0.051 0.000 0.000 0.000 0.000 0.000 0.000 0.000 0.000 0.000 0.000 0.000 0.000 0.000 0.000 0.000 0.000 0.000 0.000 0.000 0.000 0.000 0.000 0.000 0.000 0.000 0.000 0.000 0.000 0.000 0.000 0.000 0.000 0.084 0.087 0.081 0.073 0.067 0.060 0.052 0.044 0.035
0.000 0.000 0.000 0.000 0.000 0.000 0.000 0.000 0.000 0.000 0.000 0.000 0.000 0.063 0.061 0.058 0.056 0.054 0.049 0.045 0.041 0.039 0.039 0.039 0.041 0.049 0.059 0.067 0.073 0.077 0.076 0.074 0.069 0.059 0.051 0.043 0.033 0.027 0.023 0.022 0.000 0.000 0.000 0.000 0.000 0.000 0.000 0.000 0.000 0.000 0.000 0.000 0.000 0.000 0.000 0.000 0.000 0.000 0.000 0.000 0.000 0.000 0.000 0.000 0.000 0.000 0.000 0.000 0.000 0.000 0.000 0.079 0.074 0.067 0.059 0.049 0.040
0.000 0.000 0.000 0.000 0.000 0.000 0.000 0.000 0.000 0.000 0.000 0.000 0.000 0.000 0.000 0.062 0.060 0.058 0.055 0.052 0.048 0.044 0.042 0.040 0.040 0.040 0.049 0.053 0.040 0.060 0.064 0.063 0.058 0.050 0.046 0.042 0.036 0.032 0.028 0.025 0.020 0.016 0.016 0.000 0.000 0.000 0.000 0.000 0.000 0.000 0.000 0.000 0.000 0.000 0.000 0.000 0.000 0.000 0.000 0.000 0.000 0.000 0.000 0.000 0.000 0.000 0.000 0.000 0.000 0.000 0.000 0.000 0.000 0.000 0.000 0.053 0.047
0.000 0.000 0.000 0.000 0.000 0.000 0.000 0.000 0.000 0.000 0.000 0.000 0.000 0.000 0.000 0.000 0.064 0.061 0.056 0.052 0.049 0.047 0.045 0.042 0.040 0.039 0.039 0.044 0.045 0.050 0.053 0.051 0.050 0.048 0.045 0.042 0.038 0.034 0.031 0.028 0.024 0.021 0.019 0.015 0.012 0.010 0.009 0.000 0.000 0.000 0.000 0.000 0.000 0.000 0.000 0.000 0.000 0.000 0.000 0.000 0.000 0.000 0.000 0.000 0.000 0.000 0.000 0.000 0.000 0.000 0.000 0.000 0.000 0.000 0.000 0.000 0.000
0.000 0.000 0.000 0.000 0.000 0.000 0.000 0.000 0.000 0.000 0.000 0.000 0.000 0.000 0.000 0.000 0.000 0.000 0.053 0.051 0.048 0.045 0.041 0.036 0.039 0.039 0.036 0.037 0.041 0.041 0.044 0.047 0.047 0.046 0.045 0.042 0.039 0.036 0.033 0.031 0.028 0.025 0.022 0.019 0.016 0.014 0.012 0.009 0.007 0.005 0.004 0.003 0.003 0.002 0.001 0.000 0.000 0.000 0.000 0.000 0.000 0.000 0.000 0.000 0.000 0.000 0.000 0.000 0.000 0.000 0.000 0.000 0.000 0.000 0.000 0.000 0.000
0.000 0.000 0.000 0.000 0.000 0.000 0.000 0.000 0.000 0.000 0.000 0.000 0.000 0.000 0.000 0.000 0.000 0.000 0.051 0.049 0.046 0.042 0.035 0.000 0.030 0.034 0.035 0.034 0.035 0.039 0.043 0.045 0.046 0.046 0.044 0.043 0.041 0.038 0.036 0.033 0.031 0.028 0.026 0.023 0.020 0.018 0.015 0.012 0.010 0.008 0.007 0.006 0.005 0.004 0.003 0.003 0.002 0.001 0.000 0.000 0.000 0.000 0.000 0.000 0.000 0.000 0.000 0.000 0.000 0.000 0.000 0.000 0.000 0.000 0.000 0.000 0.000
0.000 0.000 0.000 0.000 0.000 0.000 0.000 0.000 0.000 0.000 0.000 0.000 0.000 0.000 0.000 0.000 0.000 0.000 0.049 0.047 0.044 0.040 0.034 0.028 0.029 0.031 0.031 0.029 0.033 0.038 0.042 0.044 0.046 0.046 0.045 0.044 0.042 0.040 0.039 0.036 0.034 0.032 0.030 0.027 0.024 0.022 0.019 0.016 0.014 0.012 0.011 0.009 0.008 0.007 0.006 0.006 0.005 0.004 0.003 0.002 0.001 0.000 0.000 0.000 0.000 0.000 0.000 0.000 0.000 0.000 0.000 0.000 0.000 0.000 0.000 0.000 0.000
0.000 0.000 0.000 0.000 0.000 0.000 0.000 0.000 0.000 0.000 0.000 0.000 0.000 0.000 0.000 0.000 0.000 0.000 0.047 0.045 0.042 0.039 0.035 0.032 0.030 0.030 0.028 0.027 0.031 0.035 0.039 0.041 0.043 0.044 0.045 0.045 0.045 0.043 0.042 0.040 0.038 0.036 0.034 0.032 0.029 0.027 0.024 0.021 0.019 0.017 0.016 0.014 0.013 0.012 0.011 0.009 0.008 0.008 0.007 0.006 0.005 0.004 0.003 0.001 0.000 0.000 0.000 0.000 0.000 0.000 0.000 0.000 0.000 0.000 0.000 0.000 0.000
0.000 0.000 0.000 0.000 0.000 0.000 0.000 0.000 0.000 0.000 0.000 0.000 0.000 0.000 0.000 0.000 0.000 0.041 0.043 0.042 0.041 0.038 0.035 0.033 0.031 0.029 0.026 0.026 0.030 0.033 0.036 0.039 0.041 0.042 0.043 0.043 0.044 0.044 0.043 0.043 0.042 0.041 0.040 0.037 0.035 0.033 0.030 0.028 0.026 0.024 0.022 0.021 0.019 0.018 0.016 0.015 0.014 0.013 0.013 0.012 0.011 0.011 0.011 0.011 0.014 0.017 0.011 0.004 0.000 0.000 0.000 0.000 0.000 0.000 0.000 0.000 0.000
0.000 0.000 0.000 0.000 0.000 0.000 0.000 0.000 0.000 0.000 0.000 0.000 0.000 0.000 0.000 0.000 0.000 0.043 0.042 0.041 0.040 0.038 0.035 0.033 0.030 0.028 0.024 0.025 0.028 0.031 0.034 0.037 0.039 0.040 0.042 0.043 0.043 0.044 0.044 0.044 0.044 0.043 0.042 0.041 0.040 0.039 0.038 0.035 0.033 0.031 0.030 0.028 0.027 0.025 0.024 0.023 0.022 0.022 0.021 0.021 0.021 0.021 0.022 0.024 0.028 0.026 0.019 0.011 0.002 0.000 0.000 0.000 0.000 0.000 0.000 0.000 0.000
0.000 0.000 0.000 0.000 0.000 0.000 0.000 0.000 0.000 0.000 0.000 0.000 0.000 0.000 0.000 0.000 0.000 0.043 0.041 0.040 0.039 0.037 0.035 0.032 0.030 0.026 0.022 0.024 0.027 0.030 0.032 0.035 0.037 0.039 0.041 0.042 0.043 0.044 0.045 0.046 0.046 0.045 0.045 0.044 0.043 0.042 0.041 0.040 0.039 0.038 0.038 0.037 0.035 0.034 0.033 0.032 0.032 0.032 0.032 0.032 0.033 0.034 0.035 0.038 0.040 0.033 0.026 0.015 0.002 0.000 0.000 0.000 0.000 0.000 0.000 0.000 0.000
0.000 0.000 0.000 0.000 0.000 0.000 0.000 0.000 0.000 0.000 0.000 0.000 0.000 0.000 0.000 0.000 0.000 0.041 0.040 0.039 0.038 0.036 0.034 0.032 0.028 0.024 0.022 0.024 0.026 0.028 0.031 0.033 0.036 0.038 0.040 0.042 0.044 0.046 0.047 0.048 0.048 0.048 0.048 0.048 0.047 0.046 0.045 0.044 0.043 0.043 0.042 0.042 0.042 0.042 0.042 0.043 0.043 0.043 0.044 0.045 0.046 0.047 0.048 0.051 0.048 0.040 0.028 0.015 0.001 0.000 0.000 0.000 0.000 0.000 0.000 0.000 0.000
0.000 0.000 0.000 0.000 0.000 0.000 0.000 0.000 0.000 0.000 0.000 0.000 0.000 0.000 0.000 0.000 0.036 0.038 0.039 0.038 0.037 0.035 0.033 0.030 0.027 0.022 0.022 0.023 0.025 0.027 0.030 0.033 0.035 0.038 0.041 0.044 0.047 0.049 0.051 0.052 0.052 0.052 0.052 0.051 0.051 0.050 0.049 0.048 0.048 0.047 0.047 0.047 0.047 0.047 0.048 0.049 0.050 0.052 0.054 0.056 0.059 0.060 0.061 0.063 0.052 0.039 0.026 0.019 0.012 0.008 0.005 0.003 0.000 0.000 0.000 0.000 0.000
0.000 0.000 0.000 0.000 0.000 0.000 0.000 0.000 0.000 0.000 0.000 0.000 0.000 0.000 0.000 0.000 0.038 0.038 0.037 0.037 0.036 0.034 0.032 0.029 0.025 0.020 0.021 0.023 0.025 0.027 0.030 0.033 0.036 0.040 0.043 0.048 0.051 0.054 0.056 0.056 0.056 0.056 0.056 0.055 0.055 0.054 0.053 0.053 0.052 0.052 0.052 0.052 0.052 0.053 0.054 0.055 0.057 0.059 0.062 0.064 0.067 0.069 0.071 0.070 0.075 0.069 0.059 0.049 0.040 0.031 0.024 0.018 0.013 0.008 0.005 0.003 0.000
0.000 0.000 0.000 0.000 0.000 0.000 0.000 0.000 0.000 0.000 0.000 0.000 0.000 0.000 0.000 0.000 0.038 0.037 0.036 0.036 0.034 0.033 0.030 0.027 0.023 0.020 0.021 0.022 0.024 0.027 0.030 0.034 0.038 0.043 0.048 0.053 0.058 0.061 0.062 0.061 0.061 0.061 0.060 0.060 0.059 0.058 0.058 0.057 0.057 0.057 0.057 0.057 0.058 0.059 0.060 0.062 0.065 0.067 0.070 0.073 0.075 0.073 0.068 0.064 0.068 0.072 0.075 0.077 0.078 0.068 0.058 0.048 0.039 0.031 0.024 0.018 0.012
0.095 0.091 0.089 0.000 0.000 0.000 0.000 0.000 0.000 0.000 0.000 0.000 0.000 0.000 0.000 0.035 0.036 0.036 0.036 0.035 0.033 0.031 0.029 0.026 0.021 0.020 0.021 0.022 0.025 0.028 0.032 0.036 0.041 0.047 0.053 0.060 0.066 0.070 0.069 0.065 0.065 0.066 0.066 0.064 0.063 0.063 0.062 0.062 0.062 0.062 0.062 0.063 0.064 0.065 0.067 0.070 0.072 0.075 0.078 0.077 0.074 0.070 0.065 0.059 0.062 0.065 0.068 0.070 0.073 0.075 0.078 0.080 0.077 0.067 0.057 0.047 0.038
0.099 0.096 0.092 0.086 0.081 0.078 0.000 0.000 0.000 0.000 0.000 0.000 0.000 0.000 0.000 0.037 0.037 0.036 0.035 0.034 0.032 0.030 0.028 0.024 0.019 0.019 0.021 0.023 0.026 0.029 0.034 0.040 0.046 0.053 0.060 0.067 0.074 0.081 0.000 0.066 0.071 0.072 0.072 0.068 0.068 0.068 0.067 0.067 0.067 0.067 0.068 0.069 0.070 0.072 0.074 0.077 0.080 0.080 0.077 0.074 0.071 0.067 0.062 0.056 0.057 0.059 0.061 0.063 0.065 0.068 0.070 0.072 0.075 0.077 0.079 0.082 0.075
0.103 0.100 0.095 0.089 0.085 0.081 0.075 0.071 0.067 0.064 0.000 0.000 0.000 0.000 0.000 0.039 0.038 0.036 0.035 0.033 0.031 0.029 0.026 0.023 0.018 0.019 0.021 0.024 0.027 0.032 0.038 0.045 0.052 0.060 0.068 0.075 0.083 0.000 0.000 0.000 0.000 0.000 0.000 0.069 0.073 0.073 0.071 0.071 0.073 0.073 0.073 0.074 0.076 0.079 0.081 0.083 0.080 0.077 0.074 0.071 0.068 0.064 0.059 0.053 0.052 0.053 0.055 0.056 0.058 0.060 0.063 0.065 0.067 0.069 0.072 0.074 0.076
0.000 0.000 0.000 0.092 0.089 0.085 0.079 0.075 0.071 0.068 0.062 0.058 0.055 0.000 0.000 0.041 0.039 0.037 0.035 0.033 0.031 0.028 0.025 0.021 0.018 0.019 0.022 0.025 0.030 0.036 0.043 0.051 0.059 0.068 0.076 0.000 0.000 0.000 0.000 0.000 0.000 0.000 0.000 0.000 0.000 0.000 0.073 0.077 0.079 0.080 0.078 0.080 0.083 0.086 0.083 0.079 0.077 0.074 0.071 0.068 0.064 0.060 0.056 0.050 0.047 0.048 0.049 0.050 0.052 0.054 0.055 0.057 0.060 0.062 0.064 0.066 0.068
0.000 0.000 0.000 0.000 0.000 0.000 0.082 0.079 0.076 0.072 0.066 0.062 0.059 0.053 0.048 0.044 0.041 0.038 0.035 0.033 0.030 0.027 0.024 0.019 0.018 0.020 0.023 0.028 0.034 0.041 0.049 0.058 0.066 0.075 0.000 0.000 0.000 0.000 0.000 0.000 0.000 0.000 0.000 0.000 0.000 0.000 0.000 0.000 0.000 0.000 0.081 0.087 0.086 0.082 0.078 0.075 0.073 0.070 0.067 0.064 0.061 0.057 0.052 0.046 0.043 0.043 0.043 0.044 0.045 0.047 0.049 0.050 0.052 0.054 0.056 0.058 0.060
0.000 0.000 0.000 0.000 0.000 0.000 0.000 0.000 0.000 0.000 0.069 0.067 0.063 0.058 0.051 0.046 0.042 0.038 0.035 0.032 0.029 0.026 0.022 0.017 0.016 0.019 0.024 0.031 0.038 0.046 0.055 0.064 0.073 0.000 0.000 0.000 0.000 0.000 0.000 0.000 0.000 0.000 0.000 0.000 0.000 0.000 0.000 0.000 0.000 0.000 0.000 0.000 0.000 0.000 0.071 0.071 0.069 0.065 0.062 0.060 0.057 0.053 0.048 0.043 0.038 0.038 0.038 0.038 0.039 0.040 0.042 0.043 0.045 0.047 0.048 0.050 0.052
0.000 0.000 0.000 0.000 0.000 0.000 0.000 0.000 0.000 0.000 0.000 0.000 0.000 0.000 0.052 0.046 0.041 0.038 0.034 0.031 0.028 0.024 0.020 0.015 0.000 0.019 0.027 0.035 0.043 0.051 0.060 0.068 0.000 0.000 0.000 0.000 0.000 0.000 0.000 0.000 0.000 0.000 0.000 0.000 0.000 0.000 0.000 0.000 0.000 0.000 0.000 0.000 0.000 0.000 0.000 0.000 0.000 0.058 0.058 0.056 0.053 0.048 0.044 0.038 0.033 0.033 0.032 0.033 0.033 0.034 0.035 0.036 0.038 0.039 0.041 0.042 0.044
0.000 0.000 0.000 0.000 0.000 0.000 0.000 0.000 0.000 0.000 0.000 0.000 0.000 0.000 0.000 0.041 0.039 0.036 0.033 0.030 0.027 0.023 0.018 0.015 0.016 0.024 0.031 0.040 0.048 0.057 0.065 0.074 0.000 0.000 0.000 0.000 0.000 0.000 0.000 0.000 0.000 0.000 0.000 0.000 0.000 0.000 0.000 0.000 0.000 0.000 0.000 0.000 0.000 0.000 0.000 0.000 0.000 0.000 0.000 0.000 0.000 0.040 0.038 0.034 0.027 0.026 0.026 0.027 0.027 0.027 0.028 0.029 0.030 0.032 0.033 0.034 0.036
0.000 0.000 0.000 0.000 0.000 0.000 0.000 0.000 0.000 0.000 0.000 0.000 0.000 0.000 0.033 0.036 0.035 0.034 0.031 0.028 0.025 0.021 0.016 0.017 0.021 0.028 0.036 0.045 0.054 0.062 0.071 0.080 0.000 0.000 0.000 0.000 0.000 0.000 0.000 0.000 0.000 0.000 0.000 0.000 0.000 0.000 0.000 0.000 0.000 0.000 0.000 0.000 0.000 0.000 0.000 0.000 0.000 0.000 0.000 0.000 0.000 0.000 0.000 0.000 0.015 0.018 0.019 0.020 0.020 0.020 0.021 0.022 0.023 0.024 0.025 0.026 0.028
0.000 0.000 0.000 0.000 0.000 0.000 0.000 0.000 0.000 0.000 0.000 0.000 0.000 0.000 0.034 0.034 0.033 0.032 0.029 0.027 0.024 0.020 0.016 0.020 0.026 0.033 0.042 0.050 0.059 0.068 0.077 0.087 0.000 0.000 0.000 0.000 0.000 0.000 0.000 0.000 0.000 0.000 0.000 0.000 0.000 0.000 0.000 0.000 0.000 0.000 0.000 0.000 0.000 0.000 0.000 0.000 0.000 0.000 0.000 0.000 0.000 0.000 0.000 0.000 0.000 0.000 0.000 0.000 0.009 0.012 0.013 0.014 0.015 0.016 0.017 0.018 0.019
0.000 0.000 0.000 0.000 0.000 0.000 0.000 0.000 0.000 0.000 0.000 0.000 0.000 0.000 0.034 0.033 0.032 0.030 0.028 0.025 0.022 0.019 0.018 0.023 0.030 0.038 0.047 0.056 0.064 0.073 0.082 0.000 0.000 0.000 0.000 0.000 0.000 0.000 0.000 0.000 0.000 0.000 0.000 0.000 0.000 0.000 0.000 0.000 0.000 0.000 0.000 0.000 0.000 0.000 0.000 0.000 0.000 0.000 0.000 0.000 0.000 0.000 0.000 0.000 0.000 0.000 0.000 0.000 0.000 0.000 0.000 0.004 0.005 0.006 0.007 0.008 0.009
0.000 0.000 0.000 0.000 0.000 0.000 0.000 0.000 0.000 0.000 0.000 0.000 0.000 0.000 0.033 0.032 0.031 0.029 0.027 0.025 0.022 0.018 0.021 0.028 0.035 0.044 0.052 0.061 0.070 0.079 0.088 0.000 0.000 0.000 0.000 0.000 0.000 0.000 0.000 0.000 0.000 0.000 0.000 0.000 0.000 0.000 0.000 0.000 0.000 0.000 0.000 0.000 0.000 0.000 0.000 0.000 0.000 0.000 0.000 0.000 0.000 0.000 0.000 0.000 0.000 0.000 0.000 0.000 0.000 0.000 0.000 0.000 0.000 0.000 0.000 0.000 0.000
0.000 0.000 0.000 0.000 0.000 0.000 0.000 0.000 0.000 0.000 0.000 0.000 0.000 0.030 0.031 0.031 0.030 0.028 0.027 0.024 0.022 0.019 0.025 0.032 0.040 0.049 0.058 0.066 0.075 0.085 0.094 0.000 0.000 0.000 0.000 0.000 0.000 0.000 0.000 0.000 0.000 0.000 0.000 0.000 0.000 0.000 0.000 0.000 0.000 0.000 0.000 0.000 0.000 0.000 0.000 0.000 0.000 0.000 0.000 0.000 0.000 0.000 0.000 0.000 0.000 0.000 0.000 0.000 0.000 0.000 0.000 0.000 0.000 0.000 0.000 0.000 0.000
0.000 0.000 0.000 0.000 0.000 0.000 0.000 0.000 0.000 0.000 0.000 0.000 0.000 0.032 0.031 0.031 0.030 0.028 0.027 0.025 0.022 0.022 0.029 0.037 0.046 0.054 0.063 0.072 0.080 0.089 0.000 0.000 0.000 0.000 0.000 0.000 0.000 0.000 0.000 0.000 0.000 0.000 0.000 0.000 0.000 0.000 0.000 0.000 0.000 0.000 0.000 0.000 0.000 0.000 0.000 0.000 0.000 0.000 0.000 0.000 0.000 0.000 0.000 0.000 0.000 0.000 0.000 0.000 0.000 0.000 0.000 0.000 0.000 0.000 0.000 0.000 0.000
