数据/200y_1h/200y_1h_res/200y_1h_142-0001.wd
ncols         694
nrows         824
xllcorner     581104.939801
yllcorner     3495917.092414
cellsize      2.000000
NODATA_value  -9999.000000
[rows 306 to 339 of 824, columns 462 to 538 of 694]
0.010 0.012 0.013 0.014 0.014 0.014 0.014 0.013 0.010 0.007 0.004 0.003 0.002 0.001 0.001 0.001 0.001 0.000 0.001 0.001 0.001 0.001 0.001 0.001 0.001 0.001 0.003 0.005 0.007 0.008 0.008 0.008 0.007 0.005 0.004 0.003 0.003 0.002 0.003 0.000 0.000 0.000 0.000 0.000 0.000 0.000 0.000 0.000 0.000 0.000 0.000 0.000 0.000 0.000 0.008 0.008 0.008 0.011 0.000 0.001 0.001 0.001 0.001 0.001 0.004 0.034 0.000 0.000 0.000 0.000 0.001 0.001 0.006 0.016 0.024 0.023 0.019
0.000 0.010 0.012 0.013 0.013 0.014 0.014 0.013 0.013 0.011 0.007 0.005 0.003 0.002 0.001 0.001 0.001 0.001 0.001 0.001 0.001 0.001 0.001 0.001 0.001 0.001 0.003 0.005 0.006 0.008 0.008 0.008 0.007 0.006 0.005 0.004 0.003 0.004 0.013 0.000 0.000 0.000 0.000 0.000 0.000 0.000 0.000 0.000 0.000 0.000 0.000 0.000 0.000 0.000 0.000 0.000 0.000 0.009 0.008 0.007 0.006 0.005 0.005 0.004 0.008 0.000 0.000 0.000 0.000 0.000 0.004 0.013 0.022 0.022 0.019 0.017 0.015
0.006 0.009 0.011 0.012 0.013 0.013 0.013 0.013 0.013 0.013 0.012 0.008 0.005 0.003 0.002 0.001 0.001 0.001 0.001 0.001 0.001 0.001 0.001 0.001 0.001 0.000 0.003 0.005 0.006 0.007 0.008 0.008 0.007 0.006 0.005 0.004 0.004 0.005 0.000 0.000 0.000 0.000 0.000 0.000 0.000 0.000 0.000 0.000 0.000 0.000 0.000 0.000 0.000 0.000 0.000 0.000 0.000 0.000 0.000 0.005 0.006 0.007 0.006 0.006 0.011 0.000 0.000 0.000 0.000 0.009 0.019 0.021 0.019 0.016 0.014 0.013 0.011
0.007 0.009 0.010 0.011 0.012 0.013 0.013 0.014 0.014 0.014 0.014 0.014 0.011 0.008 0.005 0.003 0.002 0.002 0.002 0.001 0.001 0.001 0.001 0.001 0.001 0.001 0.003 0.005 0.006 0.007 0.008 0.008 0.007 0.006 0.005 0.005 0.004 0.004 0.002 0.001 0.002 0.000 0.000 0.000 0.000 0.000 0.000 0.000 0.000 0.000 0.000 0.000 0.000 0.000 0.000 0.000 0.000 0.000 0.000 0.000 0.000 0.000 0.004 0.007 0.009 0.012 0.000 0.000 0.000 0.018 0.018 0.016 0.014 0.012 0.011 0.010 0.009
0.007 0.008 0.010 0.011 0.012 0.013 0.014 0.015 0.016 0.017 0.018 0.019 0.020 0.017 0.013 0.009 0.006 0.004 0.003 0.002 0.002 0.001 0.001 0.001 0.001 0.001 0.003 0.005 0.006 0.007 0.008 0.008 0.007 0.006 0.006 0.005 0.004 0.004 0.003 0.002 0.002 0.001 0.001 0.000 0.000 0.000 0.000 0.000 0.000 0.000 0.000 0.000 0.000 0.000 0.000 0.000 0.000 0.000 0.000 0.000 0.000 0.000 0.000 0.000 0.007 0.012 0.014 0.022 0.023 0.018 0.015 0.013 0.011 0.010 0.008 0.008 0.008
0.007 0.008 0.009 0.011 0.013 0.015 0.017 0.020 0.022 0.024 0.026 0.028 0.030 0.030 0.023 0.016 0.012 0.008 0.006 0.004 0.003 0.002 0.001 0.001 0.001 0.001 0.003 0.005 0.006 0.007 0.007 0.008 0.007 0.007 0.006 0.005 0.005 0.004 0.003 0.003 0.002 0.002 0.001 0.001 0.001 0.002 0.000 0.000 0.000 0.000 0.000 0.000 0.000 0.000 0.000 0.000 0.000 0.000 0.000 0.000 0.000 0.000 0.000 0.000 0.000 0.000 0.000 0.012 0.014 0.013 0.012 0.010 0.009 0.008 0.007 0.006 0.005
0.007 0.009 0.011 0.015 0.018 0.022 0.026 0.030 0.033 0.036 0.038 0.040 0.035 0.025 0.025 0.021 0.015 0.011 0.008 0.006 0.004 0.003 0.002 0.001 0.001 0.001 0.003 0.005 0.006 0.007 0.007 0.007 0.007 0.007 0.006 0.005 0.005 0.004 0.004 0.003 0.003 0.002 0.002 0.001 0.001 0.001 0.001 0.002 0.000 0.000 0.000 0.001 0.001 0.002 0.000 0.000 0.000 0.000 0.000 0.000 0.000 0.000 0.000 0.000 0.000 0.000 0.015 0.013 0.012 0.011 0.009 0.008 0.007 0.006 0.006 0.006 0.000
0.010 0.014 0.018 0.024 0.029 0.033 0.037 0.036 0.031 0.026 0.021 0.016 0.011 0.007 0.015 0.022 0.018 0.013 0.010 0.007 0.005 0.004 0.003 0.002 0.002 0.002 0.003 0.005 0.006 0.007 0.007 0.007 0.007 0.007 0.006 0.006 0.005 0.005 0.004 0.003 0.003 0.002 0.002 0.001 0.001 0.001 0.001 0.001 0.001 0.001 0.001 0.001 0.001 0.001 0.001 0.001 0.002 0.000 0.000 0.000 0.000 0.000 0.000 0.000 0.000 0.000 0.012 0.012 0.011 0.009 0.008 0.007 0.006 0.005 0.005 0.004 0.000
0.020 0.024 0.025 0.022 0.019 0.016 0.013 0.011 0.009 0.007 0.005 0.003 0.002 0.004 0.000 0.019 0.019 0.016 0.012 0.009 0.007 0.005 0.003 0.003 0.002 0.002 0.003 0.004 0.006 0.006 0.007 0.007 0.007 0.007 0.006 0.006 0.005 0.005 0.004 0.004 0.003 0.003 0.002 0.001 0.001 0.001 0.001 0.001 0.001 0.001 0.001 0.001 0.001 0.001 0.001 0.001 0.004 0.019 0.047 0.000 0.000 0.000 0.000 0.000 0.000 0.015 0.014 0.012 0.010 0.009 0.007 0.006 0.005 0.005 0.005 0.000 0.000
0.008 0.006 0.005 0.004 0.003 0.003 0.002 0.002 0.002 0.002 0.001 0.001 0.001 0.002 0.003 0.012 0.021 0.017 0.014 0.011 0.008 0.006 0.005 0.003 0.003 0.003 0.003 0.004 0.005 0.006 0.007 0.007 0.007 0.007 0.006 0.006 0.006 0.005 0.004 0.004 0.003 0.003 0.002 0.002 0.001 0.001 0.001 0.001 0.001 0.001 0.001 0.001 0.001 0.001 0.002 0.006 0.017 0.033 0.048 0.055 0.064 0.074 0.000 0.000 0.000 0.013 0.012 0.011 0.009 0.008 0.006 0.005 0.004 0.004 0.003 0.000 0.000
0.002 0.001 0.001 0.001 0.001 0.001 0.001 0.001 0.001 0.001 0.001 0.001 0.001 0.001 0.002 0.008 0.019 0.020 0.016 0.013 0.010 0.007 0.006 0.004 0.004 0.003 0.003 0.004 0.005 0.006 0.007 0.007 0.007 0.007 0.006 0.006 0.006 0.005 0.005 0.004 0.004 0.003 0.003 0.002 0.002 0.001 0.001 0.001 0.001 0.001 0.001 0.001 0.002 0.005 0.013 0.022 0.025 0.024 0.027 0.033 0.040 0.049 0.055 0.064 0.000 0.015 0.012 0.010 0.008 0.006 0.005 0.004 0.004 0.004 0.000 0.000 0.000
0.001 0.001 0.001 0.001 0.001 0.001 0.001 0.001 0.001 0.001 0.001 0.001 0.001 0.001 0.002 0.005 0.012 0.021 0.018 0.015 0.012 0.009 0.008 0.006 0.006 0.005 0.005 0.005 0.006 0.007 0.007 0.008 0.008 0.007 0.007 0.007 0.006 0.005 0.005 0.004 0.004 0.003 0.003 0.003 0.002 0.002 0.002 0.001 0.002 0.002 0.002 0.005 0.011 0.020 0.025 0.021 0.018 0.015 0.014 0.014 0.017 0.023 0.029 0.035 0.031 0.020 0.013 0.009 0.006 0.005 0.003 0.003 0.003 0.003 0.000 0.000 0.000
0.001 0.001 0.001 0.001 0.001 0.001 0.001 0.001 0.001 0.001 0.001 0.001 0.001 0.001 0.001 0.003 0.008 0.019 0.020 0.018 0.016 0.014 0.014 0.014 0.013 0.013 0.013 0.013 0.013 0.014 0.013 0.013 0.012 0.011 0.010 0.009 0.008 0.007 0.006 0.006 0.005 0.005 0.005 0.005 0.005 0.005 0.005 0.005 0.004 0.006 0.012 0.020 0.026 0.022 0.018 0.015 0.012 0.010 0.008 0.007 0.006 0.005 0.005 0.006 0.007 0.006 0.004 0.002 0.002 0.002 0.002 0.002 0.003 0.000 0.000 0.000 0.000
0.001 0.001 0.001 0.001 0.001 0.001 0.000 0.000 0.000 0.000 0.001 0.001 0.001 0.001 0.001 0.002 0.005 0.013 0.026 0.027 0.028 0.031 0.034 0.035 0.036 0.036 0.036 0.035 0.035 0.033 0.031 0.027 0.024 0.021 0.019 0.017 0.015 0.014 0.013 0.012 0.012 0.013 0.015 0.017 0.020 0.023 0.025 0.027 0.027 0.024 0.029 0.023 0.018 0.014 0.011 0.009 0.007 0.006 0.004 0.004 0.003 0.002 0.002 0.002 0.002 0.002 0.002 0.001 0.001 0.001 0.001 0.001 0.002 0.014 0.000 0.000 0.000
0.000 0.000 0.000 0.000 0.000 0.000 0.000 0.000 0.000 0.000 0.001 0.001 0.001 0.001 0.001 0.001 0.003 0.010 0.034 0.050 0.055 0.060 0.064 0.064 0.065 0.065 0.065 0.064 0.063 0.060 0.056 0.046 0.042 0.040 0.038 0.034 0.032 0.031 0.031 0.033 0.035 0.039 0.043 0.047 0.051 0.054 0.057 0.059 0.053 0.035 0.034 0.030 0.023 0.018 0.014 0.011 0.008 0.006 0.004 0.003 0.002 0.002 0.001 0.001 0.001 0.001 0.001 0.001 0.001 0.001 0.001 0.001 0.001 0.000 0.000 0.000 0.000
0.000 0.000 0.000 0.000 0.000 0.000 0.000 0.000 0.000 0.000 0.000 0.001 0.001 0.001 0.001 0.001 0.008 0.000 0.036 0.079 0.085 0.090 0.095 0.000 0.000 0.000 0.000 0.000 0.000 0.000 0.000 0.064 0.066 0.066 0.063 0.056 0.055 0.056 0.058 0.061 0.064 0.068 0.073 0.077 0.081 0.077 0.068 0.058 0.047 0.030 0.030 0.033 0.038 0.032 0.026 0.021 0.017 0.013 0.010 0.008 0.006 0.004 0.003 0.003 0.002 0.002 0.001 0.001 0.001 0.001 0.001 0.001 0.001 0.001 0.001 0.001 0.000
0.000 0.000 0.000 0.000 0.000 0.000 0.000 0.000 0.000 0.000 0.000 0.000 0.001 0.006 0.000 0.000 0.012 0.000 0.000 0.096 0.000 0.000 0.000 0.000 0.000 0.000 0.000 0.000 0.000 0.000 0.000 0.000 0.000 0.000 0.000 0.079 0.082 0.084 0.086 0.089 0.094 0.098 0.094 0.087 0.079 0.070 0.062 0.052 0.041 0.025 0.025 0.027 0.031 0.036 0.039 0.033 0.027 0.023 0.018 0.014 0.011 0.009 0.007 0.005 0.004 0.003 0.002 0.002 0.001 0.001 0.001 0.001 0.001 0.001 0.001 0.001 0.001
0.000 0.000 0.000 0.000 0.000 0.000 0.000 0.000 0.000 0.000 0.000 0.000 0.000 0.000 0.000 0.000 0.000 0.000 0.000 0.000 0.000 0.000 0.000 0.000 0.000 0.000 0.000 0.000 0.000 0.000 0.000 0.000 0.000 0.000 0.000 0.000 0.000 0.000 0.114 0.111 0.103 0.095 0.087 0.080 0.072 0.064 0.055 0.046 0.034 0.022 0.022 0.022 0.024 0.028 0.033 0.039 0.039 0.033 0.028 0.023 0.019 0.015 0.012 0.009 0.007 0.005 0.004 0.003 0.003 0.002 0.002 0.001 0.001 0.001 0.001 0.001 0.001
0.000 0.000 0.000 0.000 0.000 0.000 0.000 0.000 0.000 0.000 0.000 0.000 0.000 0.000 0.000 0.000 0.000 0.000 0.000 0.000 0.000 0.000 0.000 0.000 0.000 0.000 0.000 0.000 0.000 0.000 0.000 0.000 0.000 0.000 0.000 0.000 0.000 0.000 0.000 0.000 0.000 0.000 0.079 0.072 0.065 0.056 0.048 0.039 0.028 0.018 0.018 0.018 0.019 0.021 0.024 0.029 0.035 0.041 0.038 0.033 0.027 0.023 0.019 0.015 0.012 0.009 0.007 0.005 0.004 0.003 0.003 0.002 0.002 0.001 0.001 0.001 0.001
0.000 0.000 0.000 0.000 0.000 0.000 0.000 0.000 0.000 0.000 0.000 0.000 0.000 0.000 0.000 0.000 0.000 0.000 0.000 0.000 0.000 0.000 0.000 0.000 0.000 0.000 0.000 0.000 0.000 0.000 0.000 0.000 0.000 0.000 0.000 0.000 0.000 0.000 0.000 0.000 0.000 0.000 0.000 0.000 0.000 0.048 0.041 0.032 0.020 0.014 0.013 0.013 0.014 0.014 0.016 0.020 0.025 0.030 0.036 0.043 0.038 0.032 0.027 0.022 0.018 0.015 0.012 0.009 0.007 0.006 0.005 0.003 0.003 0.002 0.002 0.001 0.001
0.000 0.000 0.000 0.000 0.000 0.000 0.000 0.000 0.000 0.000 0.000 0.000 0.000 0.000 0.000 0.000 0.000 0.000 0.000 0.000 0.000 0.000 0.000 0.000 0.000 0.000 0.000 0.000 0.000 0.000 0.000 0.000 0.000 0.000 0.000 0.000 0.000 0.000 0.000 0.000 0.000 0.000 0.000 0.000 0.000 0.000 0.000 0.000 0.008 0.006 0.007 0.007 0.008 0.008 0.010 0.012 0.015 0.020 0.025 0.031 0.038 0.042 0.037 0.031 0.026 0.022 0.018 0.014 0.012 0.009 0.007 0.006 0.005 0.004 0.003 0.002 0.002
0.000 0.000 0.000 0.000 0.000 0.000 0.000 0.000 0.000 0.000 0.000 0.000 0.000 0.000 0.000 0.000 0.000 0.000 0.000 0.000 0.000 0.000 0.000 0.000 0.000 0.000 0.000 0.000 0.000 0.000 0.000 0.000 0.000 0.000 0.000 0.000 0.000 0.000 0.000 0.000 0.000 0.000 0.000 0.000 0.000 0.000 0.000 0.000 0.000 0.000 0.001 0.001 0.001 0.002 0.003 0.004 0.007 0.011 0.015 0.021 0.027 0.033 0.040 0.041 0.036 0.030 0.026 0.021 0.018 0.014 0.012 0.009 0.008 0.006 0.005 0.004 0.004
0.000 0.000 0.000 0.000 0.000 0.000 0.000 0.000 0.000 0.000 0.000 0.000 0.000 0.000 0.000 0.000 0.000 0.000 0.000 0.000 0.000 0.000 0.000 0.000 0.000 0.000 0.000 0.000 0.000 0.000 0.000 0.000 0.000 0.000 0.000 0.000 0.000 0.000 0.000 0.000 0.000 0.000 0.000 0.000 0.000 0.000 0.000 0.000 0.000 0.000 0.000 0.000 0.000 0.000 0.001 0.001 0.001 0.003 0.006 0.011 0.016 0.022 0.028 0.035 0.041 0.040 0.035 0.030 0.026 0.022 0.019 0.016 0.014 0.012 0.010 0.009 0.007
0.000 0.000 0.000 0.000 0.000 0.000 0.000 0.000 0.000 0.000 0.000 0.000 0.000 0.000 0.000 0.000 0.000 0.000 0.000 0.000 0.000 0.000 0.000 0.000 0.000 0.000 0.000 0.000 0.000 0.000 0.000 0.000 0.000 0.000 0.000 0.000 0.000 0.000 0.000 0.000 0.000 0.000 0.000 0.000 0.000 0.000 0.000 0.000 0.000 0.000 0.000 0.000 0.000 0.000 0.000 0.000 0.000 0.000 0.001 0.003 0.007 0.012 0.017 0.023 0.030 0.037 0.044 0.041 0.036 0.033 0.031 0.029 0.027 0.024 0.022 0.018 0.015
0.000 0.000 0.000 0.000 0.000 0.000 0.000 0.000 0.000 0.000 0.000 0.000 0.000 0.000 0.000 0.000 0.000 0.000 0.000 0.000 0.000 0.000 0.000 0.000 0.000 0.000 0.000 0.000 0.000 0.000 0.000 0.000 0.000 0.000 0.000 0.000 0.000 0.000 0.000 0.000 0.000 0.000 0.000 0.000 0.000 0.000 0.000 0.000 0.000 0.000 0.000 0.000 0.000 0.000 0.000 0.000 0.000 0.000 0.000 0.001 0.001 0.004 0.000 0.012 0.018 0.025 0.032 0.041 0.051 0.051 0.050 0.049 0.047 0.043 0.038 0.032 0.027
0.000 0.000 0.000 0.000 0.000 0.000 0.000 0.000 0.000 0.000 0.000 0.000 0.000 0.000 0.000 0.000 0.000 0.000 0.000 0.000 0.000 0.000 0.000 0.000 0.000 0.000 0.000 0.000 0.000 0.000 0.000 0.000 0.000 0.000 0.000 0.000 0.000 0.000 0.000 0.000 0.000 0.000 0.000 0.000 0.000 0.000 0.000 0.000 0.000 0.000 0.000 0.000 0.000 0.000 0.000 0.000 0.000 0.000 0.000 0.001 0.001 0.001 0.001 0.004 0.009 0.015 0.022 0.030 0.044 0.063 0.073 0.074 0.072 0.066 0.053 0.046 0.039
0.000 0.000 0.000 0.000 0.000 0.000 0.000 0.000 0.000 0.000 0.000 0.000 0.000 0.000 0.000 0.000 0.000 0.000 0.000 0.000 0.000 0.000 0.000 0.000 0.000 0.000 0.000 0.000 0.000 0.000 0.000 0.000 0.000 0.000 0.000 0.000 0.000 0.000 0.000 0.000 0.000 0.000 0.000 0.000 0.000 0.000 0.000 0.000 0.000 0.000 0.000 0.000 0.000 0.000 0.000 0.000 0.000 0.000 0.000 0.001 0.001 0.001 0.001 0.001 0.002 0.006 0.012 0.021 0.039 0.061 0.000 0.000 0.000 0.000 0.061 0.061 0.049
0.000 0.000 0.000 0.000 0.000 0.000 0.000 0.000 0.000 0.000 0.000 0.000 0.000 0.000 0.000 0.000 0.000 0.000 0.000 0.000 0.000 0.000 0.000 0.000 0.000 0.000 0.000 0.000 0.000 0.000 0.000 0.000 0.000 0.000 0.000 0.000 0.000 0.000 0.000 0.000 0.000 0.000 0.000 0.000 0.000 0.000 0.000 0.000 0.000 0.000 0.000 0.000 0.000 0.000 0.000 0.000 0.000 0.000 0.000 0.001 0.001 0.001 0.001 0.001 0.001 0.001 0.004 0.015 0.035 0.000 0.000 0.000 0.000 0.000 0.000 0.000 0.052
0.000 0.000 0.000 0.000 0.000 0.000 0.000 0.000 0.000 0.000 0.000 0.000 0.000 0.000 0.000 0.000 0.000 0.000 0.000 0.000 0.000 0.000 0.000 0.000 0.000 0.000 0.000 0.000 0.000 0.000 0.000 0.000 0.000 0.000 0.000 0.000 0.000 0.000 0.000 0.000 0.000 0.000 0.000 0.000 0.000 0.000 0.000 0.000 0.000 0.000 0.000 0.000 0.000 0.000 0.000 0.000 0.000 0.000 0.000 0.001 0.001 0.001 0.001 0.001 0.001 0.001 0.002 0.012 0.000 0.000 0.000 0.000 0.000 0.000 0.000 0.000 0.000
0.000 0.000 0.000 0.000 0.000 0.000 0.000 0.000 0.000 0.000 0.000 0.000 0.000 0.000 0.000 0.000 0.000 0.000 0.000 0.000 0.000 0.000 0.000 0.000 0.000 0.000 0.000 0.000 0.000 0.000 0.000 0.000 0.000 0.000 0.000 0.000 0.000 0.000 0.000 0.000 0.000 0.000 0.000 0.000 0.000 0.000 0.000 0.000 0.000 0.000 0.000 0.000 0.000 0.000 0.000 0.000 0.000 0.000 0.000 0.000 0.000 0.001 0.001 0.001 0.001 0.001 0.002 0.008 0.000 0.000 0.000 0.000 0.000 0.000 0.000 0.000 0.000
0.000 0.000 0.000 0.000 0.000 0.000 0.000 0.000 0.000 0.000 0.000 0.000 0.000 0.000 0.000 0.000 0.000 0.000 0.000 0.000 0.000 0.000 0.000 0.000 0.000 0.000 0.000 0.000 0.000 0.000 0.000 0.000 0.000 0.000 0.000 0.000 0.000 0.000 0.000 0.000 0.000 0.000 0.000 0.000 0.000 0.000 0.000 0.000 0.000 0.000 0.000 0.000 0.000 0.000 0.000 0.000 0.000 0.000 0.000 0.000 0.000 0.000 0.001 0.001 0.001 0.001 0.003 0.000 0.000 0.000 0.000 0.000 0.000 0.000 0.000 0.000 0.000
0.000 0.000 0.000 0.000 0.000 0.000 0.000 0.000 0.000 0.000 0.000 0.000 0.000 0.000 0.000 0.000 0.000 0.000 0.000 0.000 0.000 0.000 0.000 0.000 0.000 0.000 0.000 0.000 0.000 0.000 0.000 0.000 0.000 0.000 0.000 0.000 0.000 0.000 0.000 0.000 0.000 0.000 0.000 0.000 0.000 0.000 0.000 0.000 0.000 0.000 0.000 0.000 0.000 0.000 0.000 0.000 0.000 0.000 0.000 0.000 0.000 0.000 0.001 0.001 0.001 0.001 0.016 0.000 0.000 0.000 0.000 0.000 0.000 0.000 0.000 0.000 0.000
0.000 0.000 0.000 0.000 0.000 0.000 0.000 0.000 0.000 0.000 0.000 0.000 0.000 0.000 0.000 0.000 0.000 0.000 0.000 0.000 0.000 0.000 0.000 0.000 0.000 0.000 0.000 0.000 0.000 0.000 0.000 0.000 0.000 0.000 0.000 0.000 0.000 0.000 0.000 0.000 0.000 0.000 0.000 0.000 0.000 0.000 0.000 0.000 0.000 0.000 0.000 0.000 0.000 0.000 0.000 0.000 0.000 0.000 0.000 0.000 0.000 0.000 0.001 0.001 0.001 0.001 0.000 0.000 0.000 0.000 0.000 0.000 0.000 0.000 0.000 0.000 0.000
0.000 0.000 0.000 0.000 0.000 0.000 0.000 0.000 0.000 0.000 0.000 0.000 0.000 0.000 0.000 0.000 0.000 0.000 0.000 0.000 0.000 0.000 0.000 0.000 0.000 0.000 0.000 0.000 0.000 0.000 0.000 0.000 0.000 0.000 0.000 0.000 0.000 0.000 0.000 0.000 0.000 0.000 0.000 0.000 0.000 0.000 0.000 0.000 0.000 0.000 0.000 0.000 0.000 0.000 0.000 0.000 0.000 0.000 0.000 0.000 0.000 0.000 0.001 0.001 0.001 0.001 0.000 0.000 0.000 0.000 0.000 0.000 0.000 0.000 0.000 0.000 0.000
