数据/200y_1h/200y_1h_res/200y_1h_91-0001.wd
ncols         694
nrows         824
xllcorner     581104.939801
yllcorner     3495917.092414
cellsize      2.000000
NODATA_value  -9999.000000
[rows 408 to 441 of 824, columns 385 to 461 of 694]
0.000 0.000 0.000 0.000 0.000 0.000 0.000 0.000 0.000 0.000 0.000 0.000 0.000 0.000 0.000 0.000 0.000 0.000 0.000 0.000 0.000 0.000 0.000 0.000 0.000 0.000 0.000 0.000 0.000 0.000 0.000 0.000 0.076 0.084 0.093 0.102 0.109 0.108 0.103 0.110 0.110 0.111 0.111 0.000 0.000 0.000 0.000 0.000 0.000 0.000 0.048 0.048 0.047 0.048 0.048 0.045 0.041 0.036 0.031 0.027 0.022 0.017 0.012 0.008 0.002 0.000 0.000 0.000 0.000 0.000 0.000 0.000 0.000 0.000 0.000 0.000 0.000
0.000 0.000 0.000 0.000 0.000 0.000 0.000 0.000 0.000 0.000 0.000 0.000 0.000 0.000 0.000 0.000 0.000 0.000 0.000 0.000 0.000 0.000 0.000 0.000 0.000 0.000 0.000 0.000 0.000 0.000 0.000 0.070 0.079 0.086 0.094 0.103 0.109 0.108 0.109 0.111 0.111 0.111 0.111 0.000 0.000 0.000 0.000 0.000 0.000 0.047 0.048 0.048 0.048 0.048 0.048 0.048 0.047 0.044 0.039 0.034 0.029 0.024 0.020 0.015 0.010 0.005 0.000 0.000 0.000 0.000 0.000 0.000 0.000 0.000 0.000 0.000 0.000
0.000 0.000 0.000 0.000 0.000 0.000 0.000 0.000 0.000 0.000 0.000 0.000 0.000 0.000 0.000 0.000 0.000 0.000 0.000 0.000 0.000 0.000 0.000 0.000 0.000 0.000 0.000 0.000 0.000 0.000 0.000 0.070 0.079 0.088 0.095 0.104 0.109 0.109 0.110 0.111 0.109 0.111 0.112 0.000 0.000 0.000 0.000 0.000 0.000 0.048 0.048 0.048 0.048 0.048 0.048 0.048 0.047 0.047 0.046 0.041 0.037 0.032 0.027 0.022 0.017 0.012 0.007 0.000 0.000 0.000 0.000 0.000 0.000 0.000 0.000 0.000 0.000
0.000 0.000 0.000 0.000 0.000 0.000 0.000 0.000 0.000 0.000 0.000 0.000 0.000 0.000 0.000 0.000 0.000 0.000 0.000 0.000 0.000 0.000 0.000 0.000 0.000 0.000 0.000 0.000 0.000 0.000 0.000 0.072 0.082 0.088 0.097 0.106 0.110 0.109 0.111 0.110 0.111 0.110 0.112 0.000 0.000 0.000 0.000 0.000 0.000 0.048 0.048 0.048 0.048 0.048 0.048 0.047 0.047 0.047 0.047 0.047 0.044 0.039 0.034 0.029 0.024 0.019 0.014 0.009 0.004 0.000 0.000 0.000 0.000 0.000 0.000 0.000 0.000
0.000 0.000 0.000 0.000 0.000 0.000 0.000 0.000 0.000 0.000 0.000 0.000 0.000 0.000 0.000 0.000 0.000 0.000 0.000 0.000 0.000 0.000 0.000 0.000 0.000 0.000 0.000 0.000 0.000 0.000 0.000 0.074 0.082 0.091 0.099 0.108 0.110 0.110 0.110 0.110 0.108 0.109 0.000 0.000 0.000 0.000 0.000 0.000 0.000 0.048 0.048 0.048 0.048 0.048 0.048 0.048 0.047 0.047 0.047 0.047 0.046 0.046 0.041 0.036 0.031 0.026 0.021 0.016 0.011 0.006 0.000 0.000 0.000 0.000 0.000 0.000 0.000
0.000 0.000 0.000 0.000 0.000 0.000 0.000 0.000 0.000 0.000 0.000 0.000 0.000 0.000 0.000 0.000 0.000 0.000 0.000 0.000 0.000 0.000 0.000 0.000 0.000 0.000 0.000 0.000 0.000 0.000 0.070 0.077 0.084 0.090 0.100 0.108 0.111 0.110 0.111 0.110 0.112 0.111 0.000 0.000 0.000 0.000 0.000 0.000 0.048 0.048 0.048 0.048 0.048 0.048 0.048 0.048 0.047 0.047 0.047 0.046 0.046 0.046 0.045 0.043 0.038 0.033 0.028 0.023 0.018 0.013 0.008 0.001 0.000 0.000 0.000 0.000 0.000
0.000 0.000 0.000 0.000 0.000 0.000 0.000 0.000 0.000 0.000 0.000 0.000 0.000 0.000 0.000 0.000 0.000 0.000 0.000 0.000 0.000 0.000 0.000 0.000 0.000 0.000 0.000 0.000 0.000 0.000 0.070 0.076 0.085 0.091 0.100 0.107 0.110 0.110 0.111 0.110 0.110 0.110 0.000 0.000 0.000 0.000 0.000 0.000 0.049 0.048 0.049 0.048 0.048 0.048 0.048 0.048 0.047 0.047 0.047 0.046 0.046 0.045 0.045 0.044 0.044 0.040 0.035 0.030 0.025 0.020 0.014 0.009 0.004 0.000 0.000 0.000 0.000
0.000 0.000 0.000 0.000 0.000 0.000 0.000 0.000 0.000 0.000 0.000 0.000 0.000 0.000 0.000 0.000 0.000 0.000 0.000 0.000 0.000 0.000 0.000 0.000 0.000 0.000 0.000 0.000 0.000 0.000 0.070 0.076 0.085 0.094 0.102 0.108 0.109 0.111 0.112 0.111 0.110 0.000 0.000 0.000 0.000 0.000 0.000 0.000 0.049 0.049 0.049 0.049 0.048 0.048 0.048 0.048 0.047 0.047 0.047 0.046 0.046 0.045 0.045 0.044 0.044 0.043 0.042 0.037 0.032 0.026 0.021 0.016 0.010 0.005 0.000 0.000 0.000
0.000 0.000 0.000 0.000 0.000 0.000 0.000 0.000 0.000 0.000 0.000 0.000 0.000 0.000 0.000 0.000 0.000 0.000 0.000 0.000 0.000 0.000 0.000 0.000 0.000 0.000 0.000 0.000 0.000 0.000 0.071 0.079 0.087 0.096 0.104 0.109 0.110 0.111 0.111 0.110 0.108 0.000 0.000 0.000 0.000 0.000 0.000 0.050 0.049 0.049 0.049 0.049 0.049 0.048 0.048 0.048 0.047 0.047 0.047 0.046 0.046 0.045 0.044 0.044 0.043 0.043 0.042 0.041 0.039 0.033 0.028 0.022 0.017 0.012 0.006 0.000 0.000
0.000 0.000 0.000 0.000 0.000 0.000 0.000 0.000 0.000 0.000 0.000 0.000 0.000 0.000 0.000 0.000 0.000 0.000 0.000 0.000 0.000 0.000 0.000 0.000 0.000 0.000 0.000 0.000 0.056 0.066 0.074 0.083 0.091 0.099 0.107 0.109 0.110 0.111 0.110 0.108 0.108 0.000 0.000 0.000 0.000 0.000 0.000 0.050 0.050 0.050 0.050 0.049 0.049 0.049 0.048 0.048 0.047 0.047 0.046 0.046 0.045 0.045 0.044 0.044 0.043 0.042 0.041 0.041 0.040 0.039 0.035 0.029 0.024 0.018 0.012 0.007 0.000
0.000 0.000 0.000 0.000 0.000 0.000 0.000 0.000 0.000 0.000 0.000 0.000 0.000 0.000 0.000 0.000 0.000 0.000 0.000 0.000 0.000 0.000 0.000 0.000 0.000 0.000 0.000 0.000 0.060 0.067 0.076 0.084 0.093 0.101 0.109 0.110 0.109 0.109 0.109 0.108 0.111 0.000 0.000 0.000 0.000 0.000 0.000 0.050 0.050 0.050 0.050 0.050 0.049 0.049 0.048 0.048 0.048 0.047 0.046 0.046 0.045 0.045 0.044 0.043 0.042 0.042 0.041 0.040 0.039 0.038 0.037 0.036 0.030 0.024 0.019 0.013 0.007
0.000 0.000 0.000 0.000 0.000 0.000 0.000 0.000 0.000 0.000 0.000 0.000 0.000 0.000 0.000 0.000 0.000 0.000 0.000 0.000 0.000 0.000 0.000 0.000 0.000 0.000 0.000 0.000 0.063 0.068 0.077 0.085 0.094 0.104 0.110 0.111 0.111 0.109 0.109 0.109 0.110 0.000 0.000 0.000 0.000 0.000 0.000 0.051 0.051 0.050 0.050 0.050 0.050 0.049 0.049 0.048 0.048 0.047 0.046 0.046 0.045 0.044 0.044 0.043 0.042 0.041 0.040 0.039 0.038 0.037 0.036 0.035 0.034 0.031 0.025 0.019 0.013
0.000 0.000 0.000 0.000 0.000 0.000 0.000 0.000 0.000 0.000 0.000 0.000 0.000 0.000 0.000 0.000 0.000 0.000 0.000 0.000 0.000 0.000 0.000 0.000 0.000 0.000 0.000 0.000 0.061 0.072 0.078 0.088 0.096 0.104 0.110 0.110 0.110 0.109 0.109 0.110 0.108 0.000 0.000 0.000 0.000 0.000 0.052 0.051 0.051 0.051 0.051 0.050 0.050 0.049 0.049 0.048 0.048 0.047 0.046 0.045 0.045 0.044 0.043 0.042 0.041 0.041 0.040 0.039 0.038 0.037 0.036 0.034 0.033 0.032 0.030 0.025 0.019
0.000 0.000 0.000 0.000 0.000 0.000 0.000 0.000 0.000 0.000 0.000 0.000 0.000 0.000 0.000 0.000 0.000 0.000 0.000 0.000 0.000 0.000 0.000 0.000 0.000 0.000 0.000 0.000 0.061 0.073 0.081 0.090 0.099 0.105 0.110 0.108 0.107 0.108 0.106 0.108 0.107 0.000 0.000 0.000 0.000 0.000 0.052 0.052 0.052 0.052 0.051 0.051 0.050 0.050 0.049 0.048 0.048 0.047 0.046 0.045 0.044 0.044 0.043 0.042 0.041 0.040 0.039 0.038 0.037 0.036 0.035 0.033 0.032 0.031 0.029 0.027 0.025
0.000 0.000 0.000 0.000 0.000 0.000 0.000 0.000 0.000 0.000 0.000 0.000 0.000 0.000 0.000 0.000 0.000 0.000 0.000 0.000 0.000 0.000 0.000 0.000 0.000 0.000 0.000 0.055 0.064 0.073 0.084 0.092 0.101 0.108 0.108 0.108 0.108 0.108 0.108 0.108 0.107 0.000 0.000 0.000 0.000 0.000 0.052 0.052 0.053 0.053 0.052 0.052 0.051 0.050 0.049 0.049 0.048 0.047 0.046 0.045 0.044 0.043 0.042 0.041 0.040 0.039 0.038 0.037 0.036 0.035 0.034 0.032 0.031 0.029 0.028 0.026 0.024
0.000 0.000 0.000 0.000 0.000 0.000 0.000 0.000 0.000 0.000 0.000 0.000 0.000 0.000 0.000 0.000 0.000 0.000 0.000 0.000 0.000 0.000 0.000 0.000 0.000 0.000 0.000 0.056 0.065 0.074 0.084 0.094 0.102 0.109 0.109 0.108 0.109 0.109 0.108 0.109 0.107 0.104 0.103 0.000 0.000 0.000 0.000 0.000 0.055 0.054 0.053 0.052 0.051 0.050 0.050 0.049 0.048 0.047 0.046 0.045 0.044 0.043 0.042 0.041 0.040 0.039 0.037 0.036 0.035 0.034 0.032 0.031 0.030 0.028 0.026 0.024 0.022
0.000 0.000 0.000 0.000 0.000 0.000 0.000 0.000 0.000 0.000 0.000 0.000 0.000 0.000 0.000 0.000 0.000 0.000 0.000 0.000 0.000 0.000 0.000 0.000 0.000 0.000 0.000 0.058 0.068 0.075 0.086 0.094 0.103 0.110 0.110 0.111 0.109 0.110 0.109 0.108 0.107 0.104 0.101 0.096 0.091 0.089 0.000 0.062 0.059 0.056 0.055 0.053 0.052 0.051 0.050 0.049 0.048 0.047 0.046 0.045 0.043 0.042 0.041 0.040 0.039 0.038 0.037 0.035 0.034 0.033 0.031 0.030 0.028 0.026 0.024 0.022 0.020
0.000 0.000 0.000 0.000 0.000 0.000 0.000 0.000 0.000 0.000 0.000 0.000 0.000 0.000 0.000 0.000 0.000 0.000 0.000 0.000 0.000 0.000 0.000 0.000 0.000 0.000 0.000 0.061 0.070 0.079 0.087 0.096 0.105 0.111 0.111 0.110 0.110 0.110 0.109 0.109 0.106 0.102 0.099 0.095 0.090 0.085 0.076 0.067 0.061 0.058 0.056 0.054 0.052 0.051 0.050 0.049 0.048 0.047 0.045 0.044 0.043 0.042 0.041 0.039 0.038 0.037 0.035 0.034 0.033 0.031 0.030 0.028 0.026 0.024 0.022 0.019 0.016
0.000 0.000 0.000 0.000 0.000 0.000 0.000 0.000 0.000 0.000 0.000 0.000 0.000 0.000 0.000 0.000 0.000 0.000 0.000 0.000 0.000 0.000 0.000 0.000 0.000 0.000 0.000 0.062 0.072 0.079 0.090 0.098 0.108 0.116 0.110 0.109 0.109 0.111 0.109 0.111 0.000 0.100 0.098 0.094 0.087 0.082 0.074 0.067 0.062 0.059 0.056 0.054 0.053 0.051 0.050 0.049 0.048 0.046 0.045 0.044 0.042 0.041 0.040 0.038 0.037 0.036 0.034 0.033 0.031 0.029 0.028 0.026 0.024 0.021 0.018 0.014 0.014
0.000 0.000 0.000 0.000 0.000 0.000 0.000 0.000 0.000 0.000 0.000 0.000 0.000 0.000 0.000 0.000 0.000 0.000 0.000 0.000 0.000 0.000 0.000 0.000 0.000 0.000 0.000 0.063 0.073 0.082 0.090 0.099 0.109 0.110 0.109 0.109 0.109 0.109 0.110 0.000 0.000 0.000 0.000 0.000 0.083 0.080 0.071 0.065 0.061 0.059 0.056 0.055 0.053 0.052 0.050 0.049 0.047 0.046 0.044 0.043 0.042 0.040 0.039 0.037 0.036 0.034 0.033 0.031 0.029 0.027 0.025 0.023 0.020 0.016 0.015 0.015 0.014
0.000 0.000 0.000 0.000 0.000 0.000 0.000 0.000 0.000 0.000 0.000 0.000 0.000 0.000 0.000 0.000 0.000 0.000 0.000 0.000 0.000 0.000 0.000 0.000 0.000 0.000 0.056 0.064 0.075 0.082 0.092 0.100 0.109 0.109 0.108 0.109 0.107 0.110 0.000 0.000 0.000 0.000 0.000 0.000 0.000 0.000 0.064 0.062 0.060 0.058 0.056 0.055 0.053 0.051 0.050 0.049 0.047 0.045 0.044 0.042 0.041 0.039 0.038 0.036 0.034 0.033 0.031 0.029 0.027 0.024 0.021 0.018 0.016 0.016 0.015 0.015 0.015
0.000 0.000 0.000 0.000 0.000 0.000 0.000 0.000 0.000 0.000 0.000 0.000 0.000 0.000 0.000 0.000 0.000 0.000 0.000 0.000 0.000 0.000 0.000 0.000 0.000 0.000 0.057 0.065 0.076 0.084 0.093 0.100 0.108 0.107 0.108 0.107 0.108 0.107 0.000 0.000 0.000 0.000 0.000 0.000 0.000 0.000 0.061 0.060 0.059 0.057 0.056 0.054 0.053 0.051 0.050 0.048 0.046 0.045 0.043 0.041 0.040 0.038 0.036 0.034 0.032 0.030 0.028 0.026 0.023 0.020 0.017 0.017 0.017 0.016 0.016 0.016 0.017
0.000 0.000 0.000 0.000 0.000 0.000 0.000 0.000 0.000 0.000 0.000 0.000 0.000 0.000 0.000 0.000 0.000 0.000 0.000 0.000 0.000 0.000 0.000 0.000 0.000 0.000 0.059 0.067 0.077 0.085 0.094 0.102 0.108 0.108 0.109 0.109 0.108 0.000 0.000 0.000 0.000 0.000 0.059 0.059 0.059 0.059 0.059 0.059 0.058 0.057 0.056 0.054 0.053 0.051 0.049 0.048 0.046 0.044 0.042 0.040 0.038 0.036 0.034 0.032 0.030 0.028 0.025 0.021 0.018 0.018 0.018 0.017 0.017 0.016 0.016 0.017 0.020
0.000 0.000 0.000 0.000 0.000 0.000 0.000 0.000 0.000 0.000 0.000 0.000 0.000 0.000 0.000 0.000 0.000 0.000 0.000 0.000 0.000 0.000 0.000 0.000 0.000 0.000 0.060 0.068 0.079 0.086 0.096 0.102 0.107 0.106 0.108 0.106 0.107 0.000 0.000 0.000 0.000 0.000 0.000 0.060 0.059 0.060 0.059 0.058 0.058 0.056 0.055 0.054 0.052 0.050 0.049 0.047 0.045 0.043 0.041 0.039 0.036 0.034 0.032 0.029 0.027 0.023 0.019 0.019 0.019 0.018 0.018 0.017 0.017 0.017 0.017 0.019 0.024
0.000 0.000 0.000 0.000 0.000 0.000 0.000 0.000 0.000 0.000 0.000 0.000 0.000 0.000 0.000 0.000 0.000 0.000 0.000 0.000 0.000 0.000 0.000 0.000 0.000 0.000 0.060 0.070 0.079 0.088 0.096 0.104 0.107 0.106 0.109 0.106 0.108 0.000 0.000 0.000 0.000 0.000 0.000 0.000 0.000 0.000 0.058 0.058 0.057 0.056 0.055 0.053 0.052 0.050 0.048 0.046 0.044 0.041 0.039 0.037 0.034 0.031 0.029 0.025 0.021 0.020 0.020 0.019 0.019 0.018 0.018 0.018 0.017 0.018 0.019 0.022 0.026
0.000 0.000 0.000 0.000 0.000 0.000 0.000 0.000 0.000 0.000 0.000 0.000 0.000 0.000 0.000 0.000 0.000 0.000 0.000 0.000 0.000 0.000 0.000 0.000 0.000 0.052 0.061 0.071 0.079 0.089 0.096 0.105 0.105 0.106 0.106 0.107 0.000 0.000 0.000 0.000 0.000 0.000 0.000 0.000 0.000 0.000 0.000 0.000 0.056 0.056 0.055 0.053 0.051 0.049 0.047 0.045 0.042 0.039 0.037 0.034 0.031 0.027 0.023 0.022 0.021 0.021 0.020 0.020 0.019 0.019 0.018 0.018 0.018 0.019 0.022 0.027 0.026
0.000 0.000 0.000 0.000 0.000 0.000 0.000 0.000 0.000 0.000 0.000 0.000 0.000 0.000 0.000 0.000 0.000 0.000 0.000 0.000 0.000 0.000 0.000 0.000 0.000 0.054 0.061 0.071 0.080 0.089 0.098 0.105 0.105 0.106 0.105 0.105 0.000 0.000 0.000 0.000 0.000 0.000 0.000 0.000 0.000 0.000 0.000 0.000 0.000 0.000 0.000 0.052 0.051 0.049 0.046 0.043 0.040 0.037 0.033 0.030 0.025 0.023 0.023 0.022 0.021 0.021 0.020 0.020 0.020 0.019 0.019 0.019 0.020 0.022 0.027 0.031 0.027
0.000 0.000 0.000 0.000 0.000 0.000 0.000 0.000 0.000 0.000 0.000 0.000 0.000 0.000 0.000 0.000 0.000 0.000 0.003 0.000 0.000 0.000 0.000 0.000 0.000 0.054 0.062 0.071 0.080 0.089 0.099 0.104 0.105 0.105 0.105 0.105 0.000 0.000 0.000 0.000 0.000 0.000 0.000 0.000 0.000 0.000 0.000 0.000 0.000 0.000 0.000 0.000 0.000 0.000 0.044 0.042 0.036 0.032 0.028 0.025 0.024 0.023 0.023 0.022 0.022 0.021 0.021 0.020 0.020 0.020 0.020 0.021 0.024 0.028 0.034 0.033 0.029
0.000 0.000 0.000 0.000 0.000 0.000 0.000 0.000 0.000 0.000 0.000 0.000 0.000 0.000 0.000 0.000 0.000 0.001 0.002 0.003 0.007 0.000 0.000 0.000 0.000 0.054 0.063 0.072 0.081 0.090 0.100 0.104 0.104 0.104 0.104 0.104 0.000 0.000 0.000 0.000 0.000 0.000 0.000 0.000 0.000 0.000 0.000 0.000 0.000 0.000 0.000 0.000 0.000 0.000 0.000 0.000 0.027 0.025 0.025 0.024 0.024 0.023 0.023 0.022 0.022 0.022 0.021 0.021 0.021 0.022 0.023 0.026 0.031 0.037 0.042 0.037 0.032
0.000 0.000 0.000 0.000 0.000 0.000 0.000 0.000 0.000 0.000 0.000 0.000 0.000 0.000 0.000 0.000 0.000 0.001 0.002 0.003 0.008 0.016 0.000 0.000 0.000 0.054 0.063 0.073 0.082 0.091 0.100 0.103 0.103 0.103 0.103 0.000 0.000 0.000 0.000 0.000 0.000 0.000 0.000 0.000 0.000 0.000 0.000 0.000 0.000 0.000 0.000 0.000 0.000 0.000 0.000 0.000 0.022 0.023 0.024 0.024 0.023 0.023 0.023 0.023 0.022 0.022 0.022 0.022 0.023 0.025 0.029 0.035 0.041 0.048 0.048 0.043 0.038
0.013 0.007 0.000 0.000 0.000 0.000 0.000 0.000 0.000 0.000 0.000 0.000 0.000 0.000 0.001 0.001 0.001 0.001 0.002 0.004 0.009 0.017 0.026 0.034 0.043 0.054 0.064 0.073 0.083 0.092 0.100 0.102 0.102 0.102 0.103 0.000 0.000 0.000 0.000 0.000 0.000 0.000 0.000 0.000 0.000 0.000 0.000 0.000 0.000 0.000 0.000 0.000 0.000 0.000 0.000 0.000 0.019 0.021 0.022 0.023 0.023 0.023 0.023 0.023 0.023 0.023 0.024 0.025 0.028 0.033 0.039 0.046 0.053 0.059 0.054 0.049 0.044
0.023 0.018 0.013 0.008 0.003 0.000 0.000 0.000 0.000 0.000 0.000 0.000 0.001 0.001 0.001 0.001 0.001 0.001 0.002 0.004 0.010 0.018 0.027 0.035 0.045 0.054 0.064 0.074 0.083 0.092 0.100 0.101 0.102 0.102 0.102 0.000 0.000 0.000 0.000 0.000 0.000 0.000 0.000 0.000 0.000 0.000 0.000 0.000 0.000 0.000 0.000 0.000 0.000 0.000 0.000 0.004 0.016 0.019 0.021 0.022 0.022 0.023 0.023 0.023 0.024 0.025 0.028 0.032 0.037 0.044 0.051 0.058 0.065 0.066 0.061 0.056 0.051
0.034 0.029 0.024 0.019 0.015 0.010 0.005 0.002 0.000 0.000 0.000 0.002 0.002 0.002 0.002 0.002 0.002 0.002 0.002 0.004 0.010 0.019 0.028 0.036 0.046 0.055 0.064 0.074 0.083 0.092 0.100 0.100 0.100 0.102 0.102 0.000 0.000 0.000 0.000 0.000 0.000 0.000 0.000 0.000 0.000 0.000 0.000 0.000 0.000 0.000 0.000 0.000 0.000 0.000 0.000 0.005 0.014 0.018 0.020 0.021 0.022 0.023 0.024 0.025 0.028 0.031 0.035 0.041 0.048 0.055 0.063 0.000 0.000 0.073 0.068 0.063 0.057
0.000 0.000 0.035 0.031 0.026 0.021 0.017 0.012 0.008 0.004 0.003 0.003 0.003 0.003 0.003 0.003 0.003 0.003 0.003 0.003 0.010 0.019 0.028 0.037 0.046 0.056 0.065 0.074 0.083 0.092 0.098 0.098 0.098 0.099 0.000 0.000 0.000 0.000 0.000 0.000 0.000 0.000 0.000 0.000 0.000 0.000 0.000 0.000 0.000 0.000 0.000 0.000 0.000 0.000 0.000 0.005 0.013 0.017 0.019 0.021 0.023 0.025 0.027 0.030 0.035 0.040 0.046 0.052 0.059 0.066 0.000 0.000 0.000 0.000 0.000 0.069 0.065
