数据/200y_1h/200y_1h_res/200y_1h_87-0001.wd
ncols         694
nrows         824
xllcorner     581104.939801
yllcorner     3495917.092414
cellsize      2.000000
NODATA_value  -9999.000000
[rows 714 to 747 of 824, columns 154 to 230 of 694]
0.000 0.000 0.000 0.000 0.000 0.000 0.002 0.003 0.004 0.005 0.006 0.007 0.008 0.009 0.009 0.010 0.010 0.010 0.010 0.008 0.001 0.000 0.089 0.083 0.078 0.076 0.074 0.071 0.066 0.062 0.058 0.054 0.000 0.000 0.000 0.000 0.000 0.000 0.000 0.000 0.000 0.000 0.017 0.071 0.094 0.104 0.115 0.125 0.135 0.000 0.000 0.000 0.000 0.000 0.000 0.000 0.000 0.000 0.236 0.247 0.256 0.258 0.233 0.212 0.222 0.136 0.055 0.001 0.000 0.000 0.000 0.000 0.000 0.000 0.000 0.000 0.000
0.000 0.000 0.000 0.000 0.000 0.002 0.003 0.004 0.005 0.006 0.007 0.008 0.009 0.010 0.010 0.011 0.011 0.012 0.012 0.012 0.011 0.010 0.001 0.103 0.100 0.098 0.095 0.091 0.087 0.081 0.077 0.071 0.067 0.063 0.000 0.000 0.000 0.000 0.000 0.000 0.000 0.006 0.057 0.115 0.158 0.169 0.179 0.188 0.199 0.000 0.000 0.000 0.000 0.000 0.000 0.000 0.000 0.000 0.297 0.294 0.270 0.246 0.224 0.214 0.223 0.179 0.093 0.010 0.000 0.000 0.000 0.000 0.000 0.000 0.000 0.000 0.000
0.000 0.000 0.000 0.000 0.001 0.003 0.004 0.005 0.006 0.007 0.008 0.009 0.010 0.011 0.011 0.012 0.013 0.013 0.014 0.015 0.015 0.016 0.015 0.001 0.001 0.119 0.116 0.112 0.106 0.101 0.096 0.091 0.087 0.082 0.079 0.000 0.000 0.000 0.000 0.000 0.005 0.045 0.102 0.157 0.212 0.232 0.242 0.252 0.263 0.000 0.000 0.000 0.000 0.000 0.000 0.000 0.000 0.330 0.308 0.284 0.261 0.236 0.213 0.217 0.227 0.223 0.136 0.050 0.000 0.000 0.000 0.000 0.000 0.000 0.000 0.000 0.000
0.000 0.000 0.000 0.000 0.002 0.004 0.005 0.006 0.007 0.008 0.009 0.010 0.011 0.011 0.012 0.013 0.014 0.015 0.016 0.017 0.018 0.020 0.021 0.023 0.027 0.004 0.137 0.132 0.127 0.121 0.115 0.111 0.107 0.102 0.099 0.094 0.092 0.000 0.000 0.000 0.035 0.088 0.144 0.199 0.254 0.295 0.305 0.315 0.000 0.000 0.000 0.000 0.000 0.000 0.000 0.000 0.000 0.320 0.298 0.275 0.251 0.228 0.211 0.219 0.228 0.238 0.181 0.093 0.014 0.000 0.000 0.000 0.000 0.000 0.000 0.000 0.000
0.000 0.000 0.000 0.001 0.003 0.005 0.006 0.007 0.008 0.009 0.009 0.010 0.011 0.012 0.013 0.014 0.015 0.016 0.017 0.018 0.020 0.022 0.026 0.032 0.043 0.062 0.004 0.152 0.148 0.141 0.135 0.131 0.126 0.122 0.119 0.116 0.113 0.111 0.000 0.064 0.081 0.130 0.184 0.240 0.296 0.353 0.367 0.378 0.000 0.000 0.000 0.000 0.000 0.000 0.000 0.000 0.000 0.311 0.289 0.266 0.243 0.216 0.215 0.223 0.231 0.240 0.224 0.139 0.000 0.000 0.000 0.000 0.000 0.000 0.000 0.000 0.000
0.000 0.000 0.000 0.001 0.003 0.005 0.006 0.007 0.008 0.009 0.010 0.011 0.012 0.012 0.013 0.014 0.015 0.016 0.018 0.019 0.021 0.023 0.027 0.031 0.036 0.043 0.028 0.002 0.000 0.158 0.155 0.151 0.147 0.144 0.140 0.137 0.134 0.131 0.124 0.100 0.126 0.171 0.226 0.283 0.338 0.394 0.430 0.440 0.000 0.000 0.000 0.000 0.000 0.000 0.000 0.000 0.000 0.302 0.280 0.255 0.232 0.209 0.215 0.225 0.235 0.243 0.252 0.184 0.000 0.000 0.000 0.000 0.000 0.000 0.000 0.000 0.000
0.000 0.000 0.000 0.001 0.003 0.005 0.006 0.007 0.008 0.009 0.010 0.011 0.012 0.013 0.014 0.015 0.016 0.017 0.018 0.019 0.021 0.023 0.026 0.028 0.031 0.033 0.026 0.018 0.012 0.000 0.173 0.171 0.168 0.164 0.161 0.158 0.155 0.153 0.150 0.000 0.000 0.213 0.268 0.324 0.380 0.436 0.493 0.504 0.514 0.490 0.000 0.000 0.000 0.000 0.000 0.000 0.314 0.292 0.269 0.247 0.222 0.209 0.218 0.228 0.237 0.246 0.255 0.228 0.000 0.000 0.000 0.000 0.000 0.000 0.000 0.000 0.000
0.000 0.000 0.000 0.001 0.003 0.005 0.006 0.007 0.008 0.009 0.010 0.011 0.012 0.013 0.014 0.015 0.016 0.017 0.018 0.019 0.021 0.022 0.024 0.026 0.027 0.027 0.024 0.020 0.016 0.011 0.001 0.191 0.189 0.185 0.182 0.180 0.177 0.175 0.000 0.000 0.000 0.000 0.310 0.365 0.422 0.478 0.533 0.529 0.505 0.481 0.458 0.433 0.000 0.000 0.000 0.000 0.305 0.282 0.259 0.236 0.213 0.211 0.219 0.230 0.240 0.248 0.258 0.000 0.000 0.000 0.000 0.000 0.000 0.000 0.000 0.000 0.000
0.000 0.000 0.000 0.001 0.003 0.005 0.006 0.007 0.008 0.009 0.010 0.011 0.012 0.013 0.014 0.015 0.016 0.017 0.018 0.019 0.020 0.021 0.022 0.024 0.024 0.024 0.022 0.019 0.016 0.013 0.009 0.000 0.000 0.206 0.202 0.201 0.199 0.000 0.000 0.000 0.000 0.000 0.000 0.408 0.465 0.488 0.510 0.000 0.000 0.472 0.448 0.423 0.398 0.373 0.000 0.000 0.295 0.272 0.250 0.226 0.204 0.214 0.222 0.232 0.243 0.252 0.259 0.000 0.000 0.000 0.000 0.000 0.000 0.000 0.000 0.000 0.000
0.000 0.000 0.000 0.001 0.003 0.005 0.006 0.007 0.008 0.009 0.010 0.011 0.012 0.013 0.014 0.015 0.015 0.016 0.017 0.018 0.019 0.020 0.021 0.022 0.022 0.021 0.020 0.018 0.016 0.014 0.012 0.009 0.006 0.000 0.223 0.219 0.000 0.000 0.000 0.000 0.000 0.000 0.000 0.419 0.442 0.465 0.485 0.000 0.000 0.000 0.000 0.413 0.388 0.363 0.336 0.311 0.286 0.261 0.239 0.216 0.206 0.215 0.223 0.234 0.244 0.253 0.263 0.000 0.000 0.000 0.000 0.000 0.000 0.000 0.000 0.000 0.000
0.000 0.000 0.000 0.001 0.003 0.005 0.006 0.007 0.008 0.009 0.010 0.011 0.012 0.013 0.014 0.014 0.015 0.016 0.017 0.018 0.018 0.019 0.020 0.020 0.020 0.020 0.019 0.017 0.016 0.014 0.012 0.010 0.008 0.006 0.000 0.235 0.227 0.000 0.000 0.000 0.000 0.000 0.000 0.397 0.420 0.440 0.461 0.472 0.000 0.000 0.000 0.000 0.000 0.353 0.328 0.302 0.276 0.252 0.233 0.205 0.208 0.217 0.225 0.236 0.245 0.254 0.000 0.000 0.000 0.000 0.000 0.000 0.000 0.000 0.000 0.000 0.000
0.000 0.000 0.000 0.001 0.003 0.005 0.006 0.007 0.008 0.009 0.010 0.011 0.012 0.012 0.013 0.014 0.015 0.015 0.016 0.017 0.017 0.018 0.018 0.019 0.019 0.018 0.017 0.016 0.015 0.014 0.012 0.011 0.009 0.007 0.005 0.000 0.244 0.241 0.000 0.000 0.000 0.000 0.000 0.000 0.397 0.000 0.000 0.452 0.440 0.000 0.000 0.000 0.000 0.000 0.000 0.289 0.267 0.241 0.218 0.201 0.210 0.217 0.226 0.236 0.247 0.257 0.000 0.000 0.000 0.000 0.000 0.000 0.000 0.000 0.000 0.000 0.000
0.000 0.000 0.000 0.001 0.003 0.005 0.006 0.007 0.008 0.009 0.010 0.011 0.011 0.012 0.013 0.014 0.014 0.015 0.016 0.016 0.017 0.017 0.017 0.017 0.017 0.017 0.016 0.016 0.015 0.013 0.012 0.011 0.010 0.008 0.006 0.004 0.001 0.259 0.277 0.000 0.000 0.000 0.000 0.000 0.000 0.000 0.000 0.000 0.424 0.000 0.000 0.000 0.000 0.000 0.299 0.277 0.255 0.231 0.206 0.203 0.210 0.219 0.228 0.238 0.249 0.259 0.000 0.000 0.000 0.000 0.000 0.000 0.000 0.000 0.000 0.000 0.000
0.000 0.000 0.000 0.001 0.003 0.005 0.006 0.007 0.008 0.009 0.010 0.010 0.011 0.012 0.012 0.013 0.014 0.014 0.015 0.015 0.016 0.016 0.016 0.016 0.016 0.016 0.015 0.015 0.014 0.013 0.012 0.011 0.010 0.008 0.007 0.005 0.003 0.001 0.249 0.266 0.000 0.000 0.000 0.000 0.000 0.000 0.000 0.000 0.404 0.000 0.000 0.000 0.000 0.000 0.289 0.266 0.243 0.219 0.195 0.203 0.212 0.222 0.230 0.238 0.247 0.000 0.000 0.000 0.000 0.000 0.000 0.000 0.000 0.000 0.000 0.000 0.000
0.000 0.000 0.000 0.001 0.003 0.004 0.005 0.006 0.007 0.008 0.009 0.010 0.011 0.011 0.012 0.013 0.013 0.014 0.014 0.015 0.015 0.015 0.015 0.015 0.015 0.015 0.015 0.014 0.013 0.012 0.012 0.011 0.010 0.008 0.007 0.006 0.004 0.003 0.001 0.237 0.252 0.000 0.000 0.000 0.000 0.000 0.000 0.389 0.383 0.000 0.000 0.000 0.000 0.297 0.278 0.255 0.232 0.208 0.196 0.206 0.214 0.224 0.231 0.238 0.246 0.252 0.260 0.000 0.000 0.000 0.000 0.000 0.000 0.000 0.000 0.000 0.000
0.000 0.000 0.000 0.000 0.002 0.004 0.005 0.006 0.007 0.008 0.009 0.009 0.010 0.011 0.011 0.012 0.013 0.013 0.014 0.014 0.014 0.014 0.015 0.015 0.014 0.014 0.014 0.013 0.013 0.012 0.011 0.010 0.009 0.008 0.007 0.006 0.005 0.003 0.001 0.000 0.223 0.238 0.000 0.000 0.000 0.000 0.000 0.000 0.000 0.000 0.000 0.000 0.000 0.276 0.264 0.244 0.221 0.197 0.198 0.206 0.215 0.224 0.231 0.240 0.248 0.254 0.262 0.269 0.278 0.000 0.000 0.000 0.000 0.000 0.000 0.000 0.000
0.000 0.000 0.000 0.000 0.001 0.003 0.004 0.005 0.006 0.007 0.008 0.009 0.010 0.010 0.011 0.011 0.012 0.012 0.013 0.013 0.013 0.014 0.014 0.014 0.014 0.013 0.013 0.013 0.012 0.011 0.011 0.010 0.009 0.008 0.007 0.006 0.005 0.003 0.001 0.000 0.000 0.209 0.223 0.242 0.000 0.000 0.000 0.000 0.000 0.000 0.000 0.000 0.266 0.255 0.243 0.232 0.210 0.190 0.201 0.209 0.217 0.225 0.234 0.243 0.251 0.258 0.265 0.271 0.278 0.286 0.295 0.000 0.000 0.000 0.000 0.000 0.000
0.000 0.000 0.000 0.000 0.000 0.002 0.003 0.004 0.005 0.006 0.007 0.008 0.009 0.010 0.010 0.011 0.011 0.012 0.012 0.012 0.013 0.013 0.013 0.013 0.013 0.013 0.012 0.012 0.011 0.011 0.010 0.009 0.008 0.007 0.006 0.005 0.004 0.002 0.000 0.000 0.000 0.000 0.197 0.215 0.234 0.000 0.000 0.000 0.000 0.000 0.000 0.000 0.245 0.233 0.222 0.210 0.198 0.191 0.201 0.211 0.218 0.227 0.236 0.245 0.253 0.260 0.268 0.275 0.282 0.290 0.298 0.305 0.257 0.000 0.000 0.000 0.000
0.000 0.000 0.000 0.000 0.000 0.000 0.002 0.003 0.004 0.005 0.006 0.007 0.008 0.009 0.010 0.010 0.011 0.011 0.011 0.012 0.012 0.012 0.012 0.012 0.012 0.012 0.011 0.011 0.011 0.010 0.009 0.009 0.008 0.007 0.006 0.005 0.003 0.001 0.000 0.000 0.000 0.000 0.000 0.189 0.208 0.227 0.000 0.000 0.000 0.000 0.000 0.234 0.223 0.212 0.200 0.188 0.186 0.188 0.199 0.210 0.220 0.229 0.238 0.247 0.254 0.000 0.000 0.000 0.285 0.293 0.300 0.308 0.300 0.213 0.144 0.000 0.000
0.000 0.000 0.000 0.000 0.000 0.000 0.000 0.002 0.003 0.004 0.005 0.006 0.007 0.008 0.009 0.009 0.010 0.010 0.011 0.011 0.011 0.011 0.011 0.011 0.011 0.011 0.011 0.010 0.010 0.009 0.009 0.008 0.007 0.006 0.005 0.004 0.002 0.000 0.000 0.000 0.000 0.000 0.000 0.000 0.183 0.202 0.222 0.000 0.000 0.000 0.000 0.214 0.200 0.190 0.182 0.184 0.182 0.185 0.196 0.206 0.217 0.227 0.238 0.248 0.257 0.000 0.000 0.000 0.000 0.000 0.302 0.310 0.319 0.257 0.215 0.176 0.000
0.000 0.000 0.000 0.000 0.000 0.000 0.000 0.000 0.002 0.003 0.004 0.005 0.006 0.007 0.008 0.009 0.009 0.010 0.010 0.010 0.010 0.010 0.010 0.010 0.010 0.010 0.010 0.009 0.009 0.009 0.008 0.007 0.006 0.005 0.004 0.002 0.000 0.000 0.000 0.000 0.000 0.000 0.000 0.000 0.161 0.178 0.197 0.216 0.000 0.216 0.205 0.192 0.180 0.180 0.181 0.182 0.181 0.181 0.192 0.203 0.214 0.224 0.235 0.245 0.000 0.000 0.000 0.000 0.000 0.000 0.000 0.311 0.320 0.324 0.285 0.246 0.000
0.000 0.000 0.000 0.000 0.000 0.000 0.000 0.000 0.000 0.002 0.003 0.004 0.005 0.006 0.007 0.008 0.008 0.009 0.009 0.009 0.009 0.009 0.009 0.009 0.009 0.009 0.009 0.009 0.008 0.008 0.007 0.006 0.005 0.004 0.003 0.000 0.000 0.000 0.000 0.000 0.000 0.000 0.000 0.000 0.000 0.155 0.172 0.189 0.208 0.196 0.184 0.179 0.179 0.179 0.181 0.179 0.180 0.180 0.189 0.201 0.211 0.223 0.233 0.000 0.000 0.000 0.000 0.000 0.000 0.000 0.000 0.000 0.000 0.329 0.325 0.314 0.271
0.000 0.000 0.000 0.000 0.000 0.000 0.000 0.000 0.000 0.000 0.002 0.003 0.004 0.005 0.006 0.007 0.007 0.008 0.008 0.008 0.008 0.008 0.008 0.008 0.008 0.008 0.008 0.008 0.007 0.007 0.006 0.005 0.004 0.003 0.001 0.000 0.000 0.000 0.000 0.000 0.000 0.000 0.000 0.000 0.000 0.000 0.150 0.167 0.185 0.178 0.177 0.177 0.177 0.178 0.179 0.178 0.178 0.178 0.186 0.198 0.208 0.220 0.230 0.000 0.000 0.000 0.000 0.000 0.000 0.000 0.000 0.000 0.000 0.000 0.000 0.321 0.314
0.000 0.000 0.000 0.000 0.000 0.000 0.000 0.000 0.000 0.000 0.000 0.002 0.003 0.004 0.005 0.006 0.006 0.007 0.007 0.007 0.007 0.007 0.007 0.007 0.007 0.007 0.007 0.007 0.006 0.006 0.005 0.004 0.003 0.001 0.000 0.000 0.000 0.000 0.000 0.000 0.000 0.000 0.000 0.000 0.000 0.000 0.000 0.145 0.162 0.176 0.176 0.176 0.176 0.176 0.176 0.176 0.177 0.177 0.182 0.194 0.205 0.215 0.000 0.000 0.000 0.000 0.000 0.000 0.000 0.000 0.000 0.000 0.000 0.000 0.000 0.000 0.000
0.000 0.000 0.000 0.000 0.000 0.000 0.000 0.000 0.000 0.000 0.000 0.000 0.002 0.003 0.004 0.005 0.005 0.006 0.006 0.006 0.006 0.006 0.006 0.006 0.006 0.006 0.006 0.006 0.005 0.005 0.004 0.002 0.000 0.000 0.000 0.000 0.000 0.000 0.000 0.000 0.000 0.000 0.000 0.000 0.000 0.000 0.000 0.000 0.140 0.159 0.174 0.174 0.174 0.173 0.173 0.174 0.175 0.176 0.179 0.191 0.201 0.213 0.000 0.000 0.000 0.000 0.000 0.000 0.000 0.000 0.000 0.000 0.000 0.000 0.000 0.000 0.000
0.000 0.000 0.000 0.000 0.000 0.000 0.000 0.000 0.000 0.000 0.000 0.000 0.000 0.002 0.003 0.004 0.004 0.005 0.005 0.005 0.005 0.005 0.005 0.005 0.005 0.005 0.005 0.005 0.004 0.003 0.002 0.000 0.000 0.000 0.000 0.000 0.000 0.000 0.000 0.000 0.000 0.000 0.000 0.000 0.000 0.000 0.000 0.000 0.000 0.131 0.156 0.173 0.171 0.171 0.170 0.171 0.173 0.174 0.175 0.187 0.198 0.000 0.000 0.000 0.000 0.000 0.000 0.000 0.000 0.000 0.000 0.000 0.000 0.000 0.000 0.000 0.000
0.000 0.000 0.000 0.000 0.000 0.000 0.000 0.000 0.000 0.000 0.000 0.000 0.000 0.000 0.001 0.002 0.003 0.003 0.003 0.003 0.003 0.003 0.003 0.003 0.003 0.003 0.003 0.003 0.002 0.001 0.000 0.000 0.000 0.000 0.000 0.000 0.000 0.000 0.000 0.000 0.000 0.000 0.000 0.000 0.000 0.000 0.000 0.000 0.000 0.000 0.136 0.157 0.169 0.169 0.167 0.168 0.169 0.170 0.171 0.182 0.194 0.000 0.000 0.000 0.000 0.000 0.000 0.000 0.000 0.000 0.000 0.000 0.000 0.000 0.000 0.000 0.000
0.000 0.000 0.000 0.000 0.000 0.000 0.000 0.000 0.000 0.000 0.000 0.000 0.000 0.000 0.000 0.000 0.001 0.001 0.001 0.001 0.001 0.001 0.001 0.001 0.001 0.001 0.001 0.001 0.000 0.000 0.000 0.000 0.000 0.000 0.000 0.000 0.000 0.000 0.000 0.000 0.000 0.000 0.000 0.000 0.000 0.000 0.000 0.000 0.000 0.000 0.115 0.135 0.153 0.166 0.164 0.163 0.163 0.163 0.166 0.178 0.000 0.000 0.000 0.000 0.000 0.000 0.000 0.000 0.000 0.000 0.000 0.000 0.000 0.000 0.000 0.000 0.000
0.000 0.000 0.000 0.000 0.000 0.000 0.000 0.000 0.000 0.000 0.000 0.000 0.000 0.000 0.000 0.000 0.000 0.000 0.000 0.000 0.000 0.000 0.000 0.000 0.000 0.000 0.000 0.000 0.000 0.000 0.000 0.000 0.000 0.000 0.000 0.000 0.000 0.000 0.000 0.000 0.000 0.000 0.000 0.000 0.000 0.000 0.000 0.000 0.000 0.000 0.000 0.111 0.130 0.149 0.161 0.157 0.150 0.154 0.155 0.000 0.000 0.000 0.000 0.000 0.000 0.000 0.000 0.000 0.000 0.000 0.000 0.000 0.000 0.000 0.000 0.000 0.000
0.000 0.000 0.000 0.000 0.000 0.000 0.000 0.000 0.000 0.000 0.000 0.000 0.000 0.000 0.000 0.000 0.000 0.000 0.000 0.000 0.000 0.000 0.000 0.000 0.000 0.000 0.000 0.000 0.000 0.000 0.000 0.000 0.000 0.000 0.000 0.000 0.000 0.000 0.000 0.000 0.000 0.000 0.000 0.000 0.000 0.000 0.000 0.000 0.000 0.000 0.000 0.087 0.107 0.125 0.143 0.153 0.149 0.147 0.144 0.139 0.000 0.000 0.000 0.000 0.000 0.000 0.000 0.000 0.000 0.000 0.000 0.000 0.000 0.000 0.000 0.000 0.000
0.000 0.000 0.000 0.000 0.000 0.000 0.000 0.000 0.000 0.000 0.000 0.000 0.000 0.000 0.000 0.000 0.000 0.000 0.000 0.000 0.000 0.000 0.000 0.000 0.000 0.000 0.000 0.000 0.000 0.000 0.000 0.000 0.000 0.000 0.000 0.000 0.000 0.000 0.000 0.000 0.000 0.000 0.000 0.000 0.000 0.000 0.000 0.000 0.000 0.000 0.000 0.063 0.082 0.101 0.118 0.135 0.145 0.141 0.136 0.129 0.129 0.000 0.000 0.000 0.000 0.000 0.000 0.000 0.000 0.000 0.000 0.000 0.000 0.000 0.000 0.000 0.000
0.000 0.000 0.000 0.000 0.000 0.000 0.000 0.000 0.000 0.000 0.000 0.000 0.000 0.000 0.000 0.000 0.000 0.000 0.000 0.000 0.000 0.000 0.000 0.000 0.000 0.000 0.000 0.000 0.000 0.000 0.000 0.000 0.000 0.000 0.000 0.000 0.000 0.000 0.000 0.000 0.000 0.000 0.000 0.000 0.000 0.000 0.000 0.000 0.000 0.000 0.000 0.041 0.059 0.076 0.094 0.110 0.127 0.135 0.128 0.119 0.116 0.106 0.105 0.000 0.000 0.000 0.000 0.000 0.000 0.000 0.000 0.000 0.000 0.000 0.000 0.000 0.000
0.000 0.000 0.000 0.000 0.000 0.000 0.000 0.000 0.000 0.000 0.000 0.000 0.000 0.000 0.000 0.000 0.000 0.000 0.000 0.000 0.000 0.000 0.000 0.000 0.000 0.000 0.000 0.000 0.000 0.000 0.000 0.000 0.000 0.000 0.000 0.000 0.000 0.000 0.000 0.000 0.000 0.000 0.000 0.000 0.000 0.000 0.000 0.000 0.000 0.000 0.000 0.000 0.035 0.052 0.069 0.086 0.101 0.116 0.120 0.110 0.103 0.096 0.095 0.097 0.000 0.000 0.000 0.000 0.000 0.000 0.000 0.000 0.000 0.000 0.000 0.000 0.000
0.000 0.000 0.000 0.000 0.000 0.000 0.000 0.000 0.000 0.000 0.000 0.000 0.000 0.000 0.000 0.000 0.000 0.000 0.000 0.000 0.000 0.000 0.000 0.000 0.000 0.000 0.000 0.000 0.000 0.000 0.000 0.000 0.000 0.000 0.000 0.000 0.000 0.000 0.000 0.000 0.000 0.000 0.000 0.000 0.000 0.000 0.000 0.000 0.000 0.000 0.000 0.000 0.010 0.028 0.046 0.061 0.075 0.089 0.099 0.099 0.089 0.085 0.086 0.087 0.087 0.000 0.000 0.000 0.000 0.000 0.000 0.000 0.000 0.000 0.000 0.000 0.000
