数据/200y_1h/200y_1h_res/200y_1h_118-0001.wd
ncols         694
nrows         824
xllcorner     581104.939801
yllcorner     3495917.092414
cellsize      2.000000
NODATA_value  -9999.000000
[rows 306 to 339 of 824, columns 462 to 538 of 694]
0.035 0.037 0.036 0.036 0.035 0.035 0.035 0.034 0.030 0.024 0.018 0.014 0.010 0.007 0.004 0.003 0.002 0.000 0.001 0.001 0.001 0.001 0.001 0.001 0.002 0.003 0.006 0.009 0.012 0.013 0.013 0.013 0.011 0.009 0.007 0.006 0.005 0.004 0.004 0.000 0.000 0.000 0.000 0.000 0.000 0.000 0.000 0.000 0.000 0.000 0.000 0.000 0.000 0.000 0.013 0.013 0.013 0.016 0.000 0.001 0.001 0.001 0.001 0.001 0.004 0.034 0.000 0.000 0.000 0.000 0.001 0.004 0.012 0.024 0.033 0.033 0.028
0.048 0.041 0.039 0.038 0.037 0.037 0.037 0.037 0.037 0.034 0.027 0.022 0.016 0.012 0.009 0.006 0.003 0.003 0.002 0.002 0.001 0.001 0.001 0.001 0.002 0.003 0.006 0.009 0.012 0.013 0.013 0.012 0.011 0.010 0.008 0.007 0.006 0.006 0.015 0.000 0.000 0.000 0.000 0.000 0.000 0.000 0.000 0.000 0.000 0.000 0.000 0.000 0.000 0.000 0.000 0.000 0.000 0.013 0.013 0.010 0.008 0.008 0.007 0.006 0.011 0.000 0.000 0.000 0.000 0.000 0.009 0.020 0.030 0.030 0.027 0.025 0.023
0.040 0.039 0.039 0.039 0.039 0.040 0.040 0.041 0.041 0.040 0.038 0.032 0.026 0.021 0.016 0.011 0.008 0.006 0.005 0.003 0.003 0.002 0.002 0.001 0.002 0.002 0.006 0.009 0.011 0.013 0.013 0.012 0.011 0.010 0.009 0.007 0.006 0.007 0.000 0.000 0.000 0.000 0.000 0.000 0.000 0.000 0.000 0.000 0.000 0.000 0.000 0.000 0.000 0.000 0.000 0.000 0.000 0.000 0.000 0.007 0.009 0.010 0.008 0.008 0.014 0.000 0.000 0.000 0.000 0.015 0.026 0.029 0.026 0.023 0.021 0.019 0.018
0.036 0.038 0.039 0.041 0.042 0.044 0.045 0.046 0.045 0.044 0.043 0.044 0.039 0.033 0.027 0.020 0.015 0.012 0.009 0.007 0.005 0.004 0.003 0.002 0.002 0.002 0.006 0.009 0.011 0.012 0.013 0.012 0.012 0.010 0.009 0.008 0.007 0.007 0.004 0.002 0.002 0.000 0.000 0.000 0.000 0.000 0.000 0.000 0.000 0.000 0.000 0.000 0.000 0.000 0.000 0.000 0.000 0.000 0.000 0.000 0.000 0.000 0.006 0.009 0.012 0.016 0.000 0.000 0.000 0.025 0.024 0.022 0.020 0.018 0.016 0.015 0.014
0.035 0.039 0.042 0.045 0.047 0.050 0.052 0.053 0.051 0.047 0.047 0.051 0.053 0.048 0.039 0.031 0.024 0.019 0.015 0.011 0.008 0.006 0.004 0.003 0.003 0.003 0.006 0.008 0.011 0.012 0.012 0.012 0.012 0.011 0.010 0.008 0.008 0.007 0.005 0.003 0.002 0.001 0.001 0.000 0.000 0.000 0.000 0.000 0.000 0.000 0.000 0.000 0.000 0.000 0.000 0.000 0.000 0.000 0.000 0.000 0.000 0.000 0.000 0.000 0.010 0.016 0.019 0.030 0.031 0.025 0.021 0.019 0.016 0.015 0.013 0.012 0.013
0.038 0.043 0.047 0.052 0.055 0.059 0.061 0.062 0.059 0.039 0.054 0.060 0.063 0.062 0.052 0.041 0.033 0.026 0.020 0.016 0.012 0.009 0.007 0.005 0.004 0.004 0.006 0.008 0.010 0.012 0.012 0.012 0.012 0.011 0.010 0.009 0.008 0.007 0.005 0.004 0.003 0.002 0.001 0.001 0.001 0.002 0.000 0.000 0.000 0.000 0.000 0.000 0.000 0.000 0.000 0.000 0.000 0.000 0.000 0.000 0.000 0.000 0.000 0.000 0.000 0.000 0.000 0.018 0.020 0.019 0.017 0.015 0.013 0.012 0.011 0.010 0.009
0.044 0.050 0.056 0.061 0.066 0.069 0.072 0.074 0.073 0.069 0.070 0.073 0.067 0.055 0.053 0.047 0.038 0.030 0.024 0.019 0.015 0.012 0.009 0.007 0.005 0.005 0.006 0.008 0.010 0.011 0.012 0.012 0.012 0.011 0.010 0.009 0.008 0.007 0.006 0.004 0.003 0.002 0.002 0.001 0.001 0.001 0.001 0.002 0.000 0.000 0.000 0.001 0.001 0.002 0.000 0.000 0.000 0.000 0.000 0.000 0.000 0.000 0.000 0.000 0.000 0.000 0.021 0.019 0.017 0.016 0.014 0.013 0.011 0.010 0.009 0.010 0.000
0.054 0.061 0.067 0.072 0.077 0.081 0.084 0.080 0.072 0.062 0.054 0.046 0.037 0.025 0.036 0.048 0.041 0.034 0.028 0.023 0.018 0.015 0.011 0.009 0.007 0.006 0.006 0.008 0.010 0.011 0.012 0.012 0.012 0.011 0.010 0.010 0.009 0.007 0.006 0.005 0.004 0.003 0.002 0.001 0.001 0.001 0.001 0.002 0.002 0.002 0.002 0.002 0.002 0.002 0.002 0.003 0.021 0.000 0.000 0.000 0.000 0.000 0.000 0.000 0.000 0.000 0.017 0.017 0.016 0.014 0.013 0.011 0.009 0.008 0.008 0.007 0.000
0.065 0.072 0.074 0.070 0.066 0.061 0.056 0.050 0.044 0.037 0.030 0.023 0.014 0.016 0.000 0.040 0.042 0.037 0.031 0.026 0.022 0.018 0.014 0.011 0.009 0.007 0.007 0.008 0.010 0.011 0.012 0.012 0.012 0.011 0.011 0.010 0.009 0.008 0.007 0.006 0.005 0.004 0.003 0.002 0.001 0.001 0.001 0.001 0.002 0.002 0.002 0.002 0.002 0.003 0.005 0.014 0.031 0.054 0.081 0.000 0.000 0.000 0.000 0.000 0.000 0.022 0.020 0.017 0.015 0.013 0.011 0.009 0.008 0.007 0.008 0.000 0.000
0.046 0.044 0.041 0.038 0.035 0.031 0.027 0.023 0.019 0.015 0.011 0.006 0.005 0.009 0.011 0.029 0.044 0.040 0.035 0.030 0.026 0.022 0.019 0.015 0.013 0.011 0.011 0.011 0.011 0.012 0.013 0.013 0.013 0.012 0.012 0.011 0.010 0.009 0.008 0.007 0.006 0.005 0.004 0.003 0.002 0.002 0.001 0.002 0.002 0.002 0.002 0.003 0.004 0.010 0.019 0.030 0.046 0.066 0.081 0.085 0.090 0.098 0.000 0.000 0.000 0.019 0.018 0.016 0.014 0.011 0.010 0.008 0.007 0.006 0.005 0.000 0.000
0.015 0.014 0.013 0.011 0.010 0.008 0.007 0.006 0.005 0.003 0.003 0.001 0.002 0.005 0.008 0.021 0.041 0.044 0.039 0.035 0.032 0.029 0.026 0.024 0.023 0.021 0.020 0.020 0.020 0.020 0.019 0.019 0.018 0.017 0.015 0.014 0.013 0.012 0.010 0.009 0.008 0.007 0.006 0.005 0.005 0.004 0.004 0.003 0.003 0.004 0.006 0.011 0.018 0.027 0.037 0.048 0.054 0.055 0.058 0.061 0.065 0.068 0.070 0.078 0.000 0.022 0.019 0.015 0.012 0.010 0.008 0.006 0.005 0.005 0.000 0.000 0.000
0.002 0.002 0.002 0.002 0.002 0.002 0.002 0.001 0.001 0.001 0.001 0.001 0.001 0.003 0.006 0.015 0.031 0.049 0.046 0.044 0.043 0.043 0.043 0.043 0.042 0.042 0.041 0.040 0.039 0.037 0.036 0.033 0.031 0.029 0.026 0.024 0.022 0.020 0.018 0.016 0.015 0.014 0.013 0.013 0.013 0.012 0.012 0.010 0.010 0.015 0.021 0.028 0.036 0.045 0.049 0.045 0.041 0.039 0.038 0.039 0.038 0.020 0.040 0.047 0.042 0.029 0.020 0.014 0.010 0.007 0.006 0.004 0.004 0.003 0.000 0.000 0.000
0.001 0.001 0.001 0.001 0.001 0.001 0.001 0.001 0.001 0.001 0.001 0.001 0.001 0.002 0.004 0.010 0.023 0.050 0.060 0.061 0.063 0.065 0.067 0.069 0.069 0.069 0.068 0.067 0.065 0.063 0.059 0.055 0.052 0.048 0.045 0.042 0.039 0.037 0.035 0.033 0.033 0.032 0.033 0.033 0.034 0.035 0.035 0.033 0.029 0.033 0.039 0.046 0.051 0.045 0.039 0.034 0.030 0.026 0.024 0.022 0.020 0.016 0.017 0.019 0.018 0.016 0.012 0.008 0.005 0.004 0.003 0.003 0.003 0.000 0.000 0.000 0.000
0.001 0.001 0.001 0.001 0.001 0.001 0.000 0.000 0.000 0.000 0.001 0.001 0.001 0.001 0.002 0.006 0.017 0.046 0.082 0.085 0.089 0.093 0.096 0.097 0.098 0.097 0.097 0.095 0.093 0.090 0.086 0.080 0.075 0.072 0.069 0.065 0.062 0.060 0.058 0.058 0.058 0.059 0.060 0.062 0.063 0.063 0.063 0.062 0.059 0.051 0.056 0.048 0.040 0.034 0.028 0.024 0.020 0.016 0.014 0.011 0.010 0.008 0.007 0.006 0.006 0.005 0.004 0.003 0.002 0.002 0.002 0.002 0.002 0.014 0.000 0.000 0.000
0.000 0.000 0.000 0.000 0.000 0.000 0.000 0.000 0.000 0.000 0.001 0.001 0.001 0.001 0.001 0.004 0.014 0.046 0.096 0.113 0.118 0.123 0.126 0.127 0.127 0.127 0.126 0.125 0.122 0.119 0.113 0.103 0.100 0.097 0.094 0.090 0.087 0.086 0.085 0.085 0.086 0.088 0.089 0.091 0.093 0.094 0.094 0.094 0.084 0.063 0.061 0.054 0.046 0.038 0.031 0.025 0.020 0.016 0.012 0.010 0.007 0.005 0.004 0.003 0.002 0.002 0.002 0.001 0.001 0.001 0.001 0.001 0.001 0.000 0.000 0.000 0.000
0.000 0.000 0.000 0.000 0.000 0.000 0.000 0.000 0.000 0.000 0.000 0.001 0.001 0.001 0.001 0.002 0.018 0.000 0.099 0.143 0.148 0.153 0.158 0.000 0.000 0.000 0.000 0.000 0.000 0.000 0.000 0.124 0.126 0.125 0.122 0.114 0.113 0.113 0.112 0.113 0.115 0.117 0.119 0.121 0.123 0.117 0.106 0.093 0.078 0.058 0.057 0.061 0.065 0.057 0.049 0.042 0.036 0.030 0.025 0.020 0.016 0.013 0.010 0.008 0.006 0.004 0.004 0.003 0.002 0.002 0.001 0.001 0.001 0.001 0.001 0.001 0.000
0.000 0.000 0.000 0.000 0.000 0.000 0.000 0.000 0.000 0.000 0.000 0.000 0.001 0.006 0.000 0.000 0.022 0.000 0.000 0.159 0.000 0.000 0.000 0.000 0.000 0.000 0.000 0.000 0.000 0.000 0.000 0.000 0.000 0.000 0.000 0.137 0.140 0.141 0.139 0.141 0.144 0.146 0.140 0.131 0.121 0.110 0.099 0.087 0.072 0.052 0.053 0.054 0.058 0.063 0.066 0.058 0.051 0.044 0.038 0.032 0.027 0.022 0.018 0.014 0.011 0.009 0.007 0.005 0.004 0.003 0.002 0.002 0.002 0.001 0.001 0.001 0.001
0.000 0.000 0.000 0.000 0.000 0.000 0.000 0.000 0.000 0.000 0.000 0.000 0.000 0.000 0.000 0.000 0.000 0.000 0.000 0.000 0.000 0.000 0.000 0.000 0.000 0.000 0.000 0.000 0.000 0.000 0.000 0.000 0.000 0.000 0.000 0.000 0.000 0.000 0.166 0.162 0.153 0.143 0.133 0.123 0.114 0.103 0.092 0.080 0.065 0.048 0.048 0.049 0.051 0.055 0.060 0.066 0.066 0.059 0.052 0.045 0.039 0.033 0.028 0.023 0.019 0.015 0.012 0.009 0.007 0.005 0.004 0.003 0.003 0.002 0.002 0.001 0.001
0.000 0.000 0.000 0.000 0.000 0.000 0.000 0.000 0.000 0.000 0.000 0.000 0.000 0.000 0.000 0.000 0.000 0.000 0.000 0.000 0.000 0.000 0.000 0.000 0.000 0.000 0.000 0.000 0.000 0.000 0.000 0.000 0.000 0.000 0.000 0.000 0.000 0.000 0.000 0.000 0.000 0.000 0.124 0.116 0.106 0.095 0.085 0.073 0.057 0.043 0.042 0.042 0.044 0.046 0.050 0.056 0.062 0.069 0.065 0.058 0.051 0.045 0.039 0.033 0.028 0.023 0.019 0.015 0.012 0.009 0.007 0.006 0.005 0.004 0.003 0.002 0.002
0.000 0.000 0.000 0.000 0.000 0.000 0.000 0.000 0.000 0.000 0.000 0.000 0.000 0.000 0.000 0.000 0.000 0.000 0.000 0.000 0.000 0.000 0.000 0.000 0.000 0.000 0.000 0.000 0.000 0.000 0.000 0.000 0.000 0.000 0.000 0.000 0.000 0.000 0.000 0.000 0.000 0.000 0.000 0.000 0.000 0.086 0.077 0.065 0.048 0.036 0.035 0.035 0.036 0.038 0.041 0.046 0.051 0.057 0.064 0.071 0.065 0.057 0.051 0.044 0.038 0.033 0.027 0.023 0.019 0.015 0.012 0.010 0.008 0.006 0.005 0.004 0.003
0.000 0.000 0.000 0.000 0.000 0.000 0.000 0.000 0.000 0.000 0.000 0.000 0.000 0.000 0.000 0.000 0.000 0.000 0.000 0.000 0.000 0.000 0.000 0.000 0.000 0.000 0.000 0.000 0.000 0.000 0.000 0.000 0.000 0.000 0.000 0.000 0.000 0.000 0.000 0.000 0.000 0.000 0.000 0.000 0.000 0.000 0.000 0.000 0.032 0.027 0.026 0.027 0.028 0.030 0.032 0.036 0.041 0.046 0.052 0.059 0.066 0.070 0.063 0.056 0.049 0.043 0.037 0.032 0.027 0.023 0.020 0.017 0.014 0.012 0.010 0.008 0.006
0.000 0.000 0.000 0.000 0.000 0.000 0.000 0.000 0.000 0.000 0.000 0.000 0.000 0.000 0.000 0.000 0.000 0.000 0.000 0.000 0.000 0.000 0.000 0.000 0.000 0.000 0.000 0.000 0.000 0.000 0.000 0.000 0.000 0.000 0.000 0.000 0.000 0.000 0.000 0.000 0.000 0.000 0.000 0.000 0.000 0.000 0.000 0.000 0.000 0.000 0.013 0.017 0.020 0.022 0.023 0.026 0.031 0.036 0.041 0.047 0.053 0.060 0.067 0.067 0.060 0.054 0.048 0.043 0.038 0.034 0.030 0.027 0.024 0.022 0.019 0.016 0.013
0.000 0.000 0.000 0.000 0.000 0.000 0.000 0.000 0.000 0.000 0.000 0.000 0.000 0.000 0.000 0.000 0.000 0.000 0.000 0.000 0.000 0.000 0.000 0.000 0.000 0.000 0.000 0.000 0.000 0.000 0.000 0.000 0.000 0.000 0.000 0.000 0.000 0.000 0.000 0.000 0.000 0.000 0.000 0.000 0.000 0.000 0.000 0.000 0.000 0.000 0.000 0.000 0.000 0.000 0.011 0.017 0.022 0.027 0.030 0.035 0.041 0.048 0.053 0.060 0.067 0.066 0.060 0.055 0.051 0.049 0.046 0.044 0.041 0.037 0.034 0.029 0.025
0.000 0.000 0.000 0.000 0.000 0.000 0.000 0.000 0.000 0.000 0.000 0.000 0.000 0.000 0.000 0.000 0.000 0.000 0.000 0.000 0.000 0.000 0.000 0.000 0.000 0.000 0.000 0.000 0.000 0.000 0.000 0.000 0.000 0.000 0.000 0.000 0.000 0.000 0.000 0.000 0.000 0.000 0.000 0.000 0.000 0.000 0.000 0.000 0.000 0.000 0.000 0.000 0.000 0.000 0.000 0.000 0.000 0.000 0.018 0.023 0.029 0.035 0.037 0.045 0.053 0.062 0.072 0.071 0.069 0.068 0.067 0.065 0.062 0.058 0.052 0.046 0.040
0.000 0.000 0.000 0.000 0.000 0.000 0.000 0.000 0.000 0.000 0.000 0.000 0.000 0.000 0.000 0.000 0.000 0.000 0.000 0.000 0.000 0.000 0.000 0.000 0.000 0.000 0.000 0.000 0.000 0.000 0.000 0.000 0.000 0.000 0.000 0.000 0.000 0.000 0.000 0.000 0.000 0.000 0.000 0.000 0.000 0.000 0.000 0.000 0.000 0.000 0.000 0.000 0.000 0.000 0.000 0.000 0.000 0.000 0.000 0.012 0.018 0.021 0.000 0.030 0.040 0.049 0.060 0.074 0.090 0.092 0.091 0.089 0.086 0.080 0.072 0.063 0.055
0.000 0.000 0.000 0.000 0.000 0.000 0.000 0.000 0.000 0.000 0.000 0.000 0.000 0.000 0.000 0.000 0.000 0.000 0.000 0.000 0.000 0.000 0.000 0.000 0.000 0.000 0.000 0.000 0.000 0.000 0.000 0.000 0.000 0.000 0.000 0.000 0.000 0.000 0.000 0.000 0.000 0.000 0.000 0.000 0.000 0.000 0.000 0.000 0.000 0.000 0.000 0.000 0.000 0.000 0.000 0.000 0.000 0.000 0.000 0.004 0.008 0.011 0.011 0.020 0.029 0.038 0.050 0.066 0.086 0.106 0.116 0.115 0.111 0.104 0.088 0.079 0.069
0.000 0.000 0.000 0.000 0.000 0.000 0.000 0.000 0.000 0.000 0.000 0.000 0.000 0.000 0.000 0.000 0.000 0.000 0.000 0.000 0.000 0.000 0.000 0.000 0.000 0.000 0.000 0.000 0.000 0.000 0.000 0.000 0.000 0.000 0.000 0.000 0.000 0.000 0.000 0.000 0.000 0.000 0.000 0.000 0.000 0.000 0.000 0.000 0.000 0.000 0.000 0.000 0.000 0.000 0.000 0.000 0.000 0.000 0.000 0.001 0.002 0.004 0.006 0.011 0.019 0.028 0.041 0.060 0.082 0.105 0.000 0.000 0.000 0.000 0.096 0.095 0.080
0.000 0.000 0.000 0.000 0.000 0.000 0.000 0.000 0.000 0.000 0.000 0.000 0.000 0.000 0.000 0.000 0.000 0.000 0.000 0.000 0.000 0.000 0.000 0.000 0.000 0.000 0.000 0.000 0.000 0.000 0.000 0.000 0.000 0.000 0.000 0.000 0.000 0.000 0.000 0.000 0.000 0.000 0.000 0.000 0.000 0.000 0.000 0.000 0.000 0.000 0.000 0.000 0.000 0.000 0.000 0.000 0.000 0.000 0.000 0.001 0.001 0.001 0.002 0.005 0.010 0.019 0.033 0.056 0.080 0.000 0.000 0.000 0.000 0.000 0.000 0.000 0.082
0.000 0.000 0.000 0.000 0.000 0.000 0.000 0.000 0.000 0.000 0.000 0.000 0.000 0.000 0.000 0.000 0.000 0.000 0.000 0.000 0.000 0.000 0.000 0.000 0.000 0.000 0.000 0.000 0.000 0.000 0.000 0.000 0.000 0.000 0.000 0.000 0.000 0.000 0.000 0.000 0.000 0.000 0.000 0.000 0.000 0.000 0.000 0.000 0.000 0.000 0.000 0.000 0.000 0.000 0.000 0.000 0.000 0.000 0.000 0.001 0.001 0.001 0.001 0.001 0.003 0.011 0.027 0.053 0.000 0.000 0.000 0.000 0.000 0.000 0.000 0.000 0.000
0.000 0.000 0.000 0.000 0.000 0.000 0.000 0.000 0.000 0.000 0.000 0.000 0.000 0.000 0.000 0.000 0.000 0.000 0.000 0.000 0.000 0.000 0.000 0.000 0.000 0.000 0.000 0.000 0.000 0.000 0.000 0.000 0.000 0.000 0.000 0.000 0.000 0.000 0.000 0.000 0.000 0.000 0.000 0.000 0.000 0.000 0.000 0.000 0.000 0.000 0.000 0.000 0.000 0.000 0.000 0.000 0.000 0.000 0.000 0.000 0.000 0.001 0.001 0.001 0.001 0.004 0.022 0.048 0.000 0.000 0.000 0.000 0.000 0.000 0.000 0.000 0.000
0.000 0.000 0.000 0.000 0.000 0.000 0.000 0.000 0.000 0.000 0.000 0.000 0.000 0.000 0.000 0.000 0.000 0.000 0.000 0.000 0.000 0.000 0.000 0.000 0.000 0.000 0.000 0.000 0.000 0.000 0.000 0.000 0.000 0.000 0.000 0.000 0.000 0.000 0.000 0.000 0.000 0.000 0.000 0.000 0.000 0.000 0.000 0.000 0.000 0.000 0.000 0.000 0.000 0.000 0.000 0.000 0.000 0.000 0.000 0.000 0.000 0.000 0.001 0.001 0.001 0.001 0.018 0.000 0.000 0.000 0.000 0.000 0.000 0.000 0.000 0.000 0.000
0.000 0.000 0.000 0.000 0.000 0.000 0.000 0.000 0.000 0.000 0.000 0.000 0.000 0.000 0.000 0.000 0.000 0.000 0.000 0.000 0.000 0.000 0.000 0.000 0.000 0.000 0.000 0.000 0.000 0.000 0.000 0.000 0.000 0.000 0.000 0.000 0.000 0.000 0.000 0.000 0.000 0.000 0.000 0.000 0.000 0.000 0.000 0.000 0.000 0.000 0.000 0.000 0.000 0.000 0.000 0.000 0.000 0.000 0.000 0.000 0.000 0.000 0.001 0.001 0.001 0.003 0.031 0.000 0.000 0.000 0.000 0.000 0.000 0.000 0.000 0.000 0.000
0.000 0.000 0.000 0.000 0.000 0.000 0.000 0.000 0.000 0.000 0.000 0.000 0.000 0.000 0.000 0.000 0.000 0.000 0.000 0.000 0.000 0.000 0.000 0.000 0.000 0.000 0.000 0.000 0.000 0.000 0.000 0.000 0.000 0.000 0.000 0.000 0.000 0.000 0.000 0.000 0.000 0.000 0.000 0.000 0.000 0.000 0.000 0.000 0.000 0.000 0.000 0.000 0.000 0.000 0.000 0.000 0.000 0.000 0.000 0.000 0.000 0.000 0.001 0.001 0.001 0.003 0.000 0.000 0.000 0.000 0.000 0.000 0.000 0.000 0.000 0.000 0.000
0.000 0.000 0.000 0.000 0.000 0.000 0.000 0.000 0.000 0.000 0.000 0.000 0.000 0.000 0.000 0.000 0.000 0.000 0.000 0.000 0.000 0.000 0.000 0.000 0.000 0.000 0.000 0.000 0.000 0.000 0.000 0.000 0.000 0.000 0.000 0.000 0.000 0.000 0.000 0.000 0.000 0.000 0.000 0.000 0.000 0.000 0.000 0.000 0.000 0.000 0.000 0.000 0.000 0.000 0.000 0.000 0.000 0.000 0.000 0.000 0.000 0.000 0.001 0.001 0.001 0.003 0.000 0.000 0.000 0.000 0.000 0.000 0.000 0.000 0.000 0.000 0.000
