数据/200y_1h/200y_1h_res/200y_1h_113-0001.wd
ncols         694
nrows         824
xllcorner     581104.939801
yllcorner     3495917.092414
cellsize      2.000000
NODATA_value  -9999.000000
[rows 306 to 339 of 824, columns 462 to 538 of 694]
0.048 0.048 0.047 0.045 0.044 0.044 0.044 0.043 0.039 0.032 0.026 0.020 0.015 0.011 0.007 0.005 0.003 0.000 0.001 0.001 0.001 0.001 0.001 0.001 0.002 0.004 0.008 0.012 0.014 0.016 0.015 0.014 0.012 0.010 0.008 0.007 0.005 0.004 0.004 0.000 0.000 0.000 0.000 0.000 0.000 0.000 0.000 0.000 0.000 0.000 0.000 0.000 0.000 0.000 0.015 0.015 0.016 0.019 0.000 0.001 0.001 0.001 0.001 0.001 0.005 0.034 0.000 0.000 0.000 0.000 0.002 0.007 0.016 0.028 0.038 0.038 0.033
0.064 0.054 0.050 0.048 0.047 0.047 0.047 0.047 0.047 0.044 0.037 0.030 0.024 0.019 0.014 0.010 0.006 0.004 0.003 0.003 0.002 0.002 0.001 0.001 0.002 0.004 0.008 0.011 0.014 0.015 0.015 0.014 0.013 0.011 0.009 0.008 0.006 0.007 0.015 0.000 0.000 0.000 0.000 0.000 0.000 0.000 0.000 0.000 0.000 0.000 0.000 0.000 0.000 0.000 0.000 0.000 0.000 0.015 0.015 0.012 0.010 0.009 0.008 0.008 0.013 0.000 0.000 0.000 0.000 0.000 0.012 0.024 0.034 0.035 0.032 0.029 0.027
0.053 0.052 0.051 0.050 0.050 0.051 0.051 0.052 0.052 0.051 0.050 0.043 0.036 0.030 0.024 0.018 0.013 0.010 0.007 0.006 0.004 0.003 0.003 0.002 0.003 0.000 0.008 0.011 0.013 0.015 0.015 0.014 0.013 0.012 0.010 0.008 0.007 0.008 0.000 0.000 0.000 0.000 0.000 0.000 0.000 0.000 0.000 0.000 0.000 0.000 0.000 0.000 0.000 0.000 0.000 0.000 0.000 0.000 0.000 0.009 0.011 0.012 0.010 0.010 0.017 0.000 0.000 0.000 0.000 0.018 0.029 0.033 0.030 0.027 0.025 0.023 0.022
0.049 0.050 0.052 0.053 0.054 0.056 0.057 0.058 0.058 0.056 0.056 0.057 0.051 0.044 0.037 0.028 0.022 0.018 0.013 0.010 0.007 0.005 0.004 0.004 0.003 0.002 0.007 0.011 0.013 0.014 0.015 0.014 0.013 0.012 0.010 0.009 0.008 0.007 0.004 0.002 0.002 0.000 0.000 0.000 0.000 0.000 0.000 0.000 0.000 0.000 0.000 0.000 0.000 0.000 0.000 0.000 0.000 0.000 0.000 0.000 0.000 0.000 0.007 0.011 0.014 0.019 0.000 0.000 0.000 0.028 0.028 0.026 0.023 0.021 0.019 0.018 0.017
0.048 0.052 0.055 0.058 0.061 0.063 0.065 0.066 0.065 0.060 0.061 0.064 0.066 0.060 0.050 0.041 0.033 0.026 0.021 0.016 0.012 0.009 0.007 0.005 0.004 0.004 0.007 0.010 0.013 0.014 0.014 0.014 0.013 0.012 0.011 0.010 0.008 0.007 0.005 0.004 0.003 0.002 0.002 0.000 0.000 0.000 0.000 0.000 0.000 0.000 0.000 0.000 0.000 0.000 0.000 0.000 0.000 0.000 0.000 0.000 0.000 0.000 0.000 0.000 0.012 0.019 0.024 0.035 0.036 0.029 0.024 0.022 0.019 0.017 0.016 0.015 0.016
0.051 0.056 0.061 0.065 0.069 0.072 0.074 0.075 0.073 0.058 0.069 0.074 0.076 0.075 0.063 0.052 0.043 0.034 0.027 0.021 0.016 0.013 0.010 0.007 0.006 0.005 0.008 0.010 0.012 0.013 0.014 0.014 0.013 0.013 0.011 0.010 0.009 0.008 0.006 0.005 0.003 0.003 0.002 0.001 0.001 0.002 0.000 0.000 0.000 0.000 0.000 0.000 0.000 0.000 0.000 0.000 0.000 0.000 0.000 0.000 0.000 0.000 0.000 0.000 0.000 0.000 0.000 0.022 0.023 0.022 0.020 0.018 0.016 0.014 0.013 0.013 0.011
0.058 0.064 0.070 0.075 0.079 0.083 0.086 0.087 0.087 0.083 0.084 0.086 0.079 0.067 0.065 0.059 0.049 0.040 0.033 0.026 0.021 0.016 0.013 0.010 0.008 0.007 0.008 0.010 0.012 0.013 0.014 0.014 0.014 0.013 0.012 0.011 0.009 0.008 0.007 0.005 0.004 0.003 0.002 0.002 0.001 0.002 0.002 0.003 0.000 0.000 0.000 0.001 0.001 0.002 0.000 0.000 0.000 0.000 0.000 0.000 0.000 0.000 0.000 0.000 0.000 0.000 0.024 0.022 0.020 0.019 0.017 0.015 0.013 0.012 0.011 0.012 0.000
0.068 0.075 0.081 0.086 0.091 0.095 0.098 0.094 0.085 0.075 0.067 0.058 0.048 0.034 0.051 0.063 0.054 0.045 0.038 0.031 0.025 0.019 0.015 0.012 0.010 0.009 0.009 0.010 0.012 0.013 0.014 0.014 0.014 0.013 0.012 0.011 0.010 0.009 0.007 0.006 0.005 0.004 0.003 0.000 0.001 0.001 0.002 0.002 0.002 0.002 0.002 0.002 0.002 0.002 0.002 0.008 0.029 0.000 0.000 0.000 0.000 0.000 0.000 0.000 0.000 0.000 0.019 0.020 0.018 0.017 0.015 0.013 0.011 0.010 0.010 0.008 0.000
0.079 0.086 0.088 0.084 0.080 0.075 0.069 0.063 0.056 0.048 0.040 0.032 0.021 0.025 0.039 0.059 0.057 0.049 0.042 0.035 0.029 0.024 0.019 0.016 0.013 0.011 0.011 0.011 0.013 0.014 0.014 0.014 0.014 0.014 0.013 0.012 0.011 0.009 0.008 0.007 0.006 0.005 0.004 0.002 0.002 0.001 0.001 0.002 0.002 0.002 0.002 0.002 0.003 0.004 0.009 0.021 0.040 0.063 0.089 0.000 0.000 0.000 0.000 0.000 0.000 0.025 0.022 0.020 0.017 0.015 0.013 0.011 0.010 0.009 0.009 0.000 0.000
0.060 0.057 0.055 0.051 0.048 0.043 0.039 0.034 0.029 0.023 0.018 0.011 0.008 0.016 0.028 0.045 0.060 0.053 0.046 0.040 0.034 0.029 0.025 0.022 0.020 0.018 0.017 0.017 0.017 0.017 0.017 0.017 0.017 0.016 0.015 0.014 0.013 0.011 0.010 0.008 0.007 0.006 0.005 0.004 0.003 0.003 0.002 0.002 0.002 0.003 0.003 0.004 0.008 0.015 0.025 0.037 0.054 0.075 0.089 0.093 0.098 0.105 0.000 0.000 0.000 0.021 0.021 0.019 0.016 0.014 0.011 0.010 0.008 0.007 0.006 0.000 0.000
0.027 0.025 0.023 0.021 0.019 0.016 0.013 0.011 0.009 0.007 0.005 0.002 0.004 0.010 0.018 0.033 0.055 0.057 0.051 0.046 0.042 0.039 0.037 0.036 0.035 0.034 0.033 0.032 0.031 0.030 0.029 0.027 0.026 0.024 0.022 0.020 0.018 0.017 0.015 0.013 0.012 0.010 0.009 0.008 0.007 0.006 0.006 0.004 0.005 0.006 0.010 0.016 0.024 0.033 0.043 0.054 0.061 0.063 0.066 0.069 0.072 0.074 0.075 0.083 0.000 0.024 0.021 0.017 0.014 0.012 0.009 0.008 0.006 0.007 0.000 0.000 0.000
0.005 0.005 0.004 0.004 0.003 0.003 0.002 0.002 0.002 0.002 0.001 0.001 0.002 0.005 0.011 0.023 0.043 0.063 0.060 0.058 0.057 0.057 0.057 0.058 0.058 0.058 0.057 0.056 0.054 0.052 0.049 0.046 0.043 0.040 0.037 0.034 0.031 0.029 0.026 0.025 0.023 0.022 0.021 0.021 0.020 0.020 0.018 0.016 0.016 0.022 0.027 0.034 0.042 0.051 0.056 0.051 0.047 0.045 0.046 0.046 0.044 0.025 0.045 0.052 0.046 0.032 0.022 0.016 0.012 0.009 0.007 0.006 0.005 0.004 0.000 0.000 0.000
0.001 0.001 0.001 0.001 0.001 0.001 0.001 0.001 0.001 0.001 0.001 0.001 0.001 0.003 0.006 0.015 0.032 0.065 0.075 0.077 0.079 0.081 0.083 0.085 0.085 0.085 0.084 0.083 0.081 0.078 0.075 0.070 0.066 0.062 0.059 0.055 0.052 0.049 0.047 0.045 0.044 0.044 0.044 0.044 0.044 0.045 0.044 0.042 0.037 0.040 0.045 0.052 0.057 0.051 0.045 0.039 0.035 0.031 0.029 0.028 0.025 0.021 0.022 0.024 0.023 0.018 0.000 0.006 0.006 0.005 0.004 0.003 0.004 0.000 0.000 0.000 0.000
0.001 0.001 0.001 0.001 0.001 0.001 0.000 0.000 0.000 0.000 0.001 0.001 0.001 0.001 0.003 0.009 0.025 0.061 0.098 0.102 0.106 0.109 0.112 0.113 0.114 0.114 0.113 0.112 0.109 0.106 0.102 0.095 0.090 0.087 0.083 0.079 0.076 0.073 0.072 0.071 0.071 0.071 0.072 0.072 0.073 0.073 0.073 0.071 0.066 0.058 0.063 0.054 0.046 0.039 0.033 0.028 0.023 0.020 0.017 0.015 0.013 0.011 0.009 0.008 0.008 0.007 0.006 0.004 0.003 0.003 0.002 0.002 0.002 0.014 0.000 0.000 0.000
0.000 0.000 0.000 0.000 0.000 0.000 0.000 0.000 0.000 0.000 0.001 0.001 0.001 0.001 0.002 0.005 0.022 0.061 0.113 0.130 0.135 0.139 0.143 0.143 0.143 0.143 0.142 0.141 0.138 0.135 0.129 0.119 0.115 0.113 0.109 0.104 0.101 0.099 0.098 0.098 0.099 0.099 0.101 0.102 0.103 0.104 0.103 0.102 0.092 0.070 0.068 0.061 0.051 0.043 0.036 0.029 0.024 0.019 0.015 0.012 0.009 0.007 0.005 0.004 0.003 0.002 0.002 0.001 0.001 0.001 0.001 0.001 0.001 0.000 0.000 0.000 0.000
0.000 0.000 0.000 0.000 0.000 0.000 0.000 0.000 0.000 0.000 0.000 0.001 0.001 0.001 0.002 0.004 0.026 0.000 0.115 0.159 0.164 0.169 0.174 0.000 0.000 0.000 0.000 0.000 0.000 0.000 0.000 0.140 0.142 0.140 0.137 0.129 0.127 0.126 0.125 0.126 0.127 0.129 0.130 0.131 0.133 0.127 0.115 0.102 0.086 0.065 0.064 0.067 0.072 0.063 0.055 0.048 0.041 0.035 0.029 0.024 0.019 0.015 0.012 0.009 0.007 0.005 0.004 0.003 0.003 0.002 0.002 0.001 0.001 0.001 0.001 0.001 0.000
0.000 0.000 0.000 0.000 0.000 0.000 0.000 0.000 0.000 0.000 0.000 0.000 0.001 0.006 0.000 0.000 0.029 0.000 0.000 0.176 0.000 0.000 0.000 0.000 0.000 0.000 0.000 0.000 0.000 0.000 0.000 0.000 0.000 0.000 0.000 0.152 0.154 0.154 0.152 0.154 0.156 0.158 0.152 0.141 0.131 0.120 0.108 0.095 0.080 0.059 0.060 0.061 0.064 0.070 0.072 0.064 0.056 0.049 0.043 0.037 0.031 0.026 0.021 0.017 0.014 0.011 0.008 0.006 0.005 0.004 0.003 0.002 0.002 0.001 0.001 0.001 0.001
0.000 0.000 0.000 0.000 0.000 0.000 0.000 0.000 0.000 0.000 0.000 0.000 0.000 0.000 0.000 0.000 0.000 0.000 0.000 0.000 0.000 0.000 0.000 0.000 0.000 0.000 0.000 0.000 0.000 0.000 0.000 0.000 0.000 0.000 0.000 0.000 0.000 0.000 0.179 0.175 0.165 0.155 0.144 0.134 0.124 0.113 0.101 0.088 0.073 0.055 0.055 0.055 0.057 0.061 0.066 0.072 0.072 0.064 0.057 0.050 0.044 0.038 0.032 0.027 0.022 0.018 0.014 0.011 0.009 0.007 0.005 0.004 0.003 0.003 0.002 0.002 0.001
0.000 0.000 0.000 0.000 0.000 0.000 0.000 0.000 0.000 0.000 0.000 0.000 0.000 0.000 0.000 0.000 0.000 0.000 0.000 0.000 0.000 0.000 0.000 0.000 0.000 0.000 0.000 0.000 0.000 0.000 0.000 0.000 0.000 0.000 0.000 0.000 0.000 0.000 0.000 0.000 0.000 0.000 0.134 0.126 0.116 0.104 0.093 0.081 0.065 0.050 0.049 0.048 0.050 0.052 0.056 0.062 0.068 0.075 0.071 0.064 0.057 0.050 0.044 0.038 0.032 0.027 0.022 0.018 0.014 0.011 0.009 0.007 0.006 0.004 0.004 0.003 0.002
0.000 0.000 0.000 0.000 0.000 0.000 0.000 0.000 0.000 0.000 0.000 0.000 0.000 0.000 0.000 0.000 0.000 0.000 0.000 0.000 0.000 0.000 0.000 0.000 0.000 0.000 0.000 0.000 0.000 0.000 0.000 0.000 0.000 0.000 0.000 0.000 0.000 0.000 0.000 0.000 0.000 0.000 0.000 0.000 0.000 0.094 0.085 0.073 0.055 0.042 0.041 0.041 0.042 0.044 0.047 0.052 0.057 0.063 0.070 0.077 0.071 0.063 0.056 0.049 0.043 0.037 0.031 0.026 0.022 0.018 0.015 0.012 0.010 0.008 0.007 0.005 0.004
0.000 0.000 0.000 0.000 0.000 0.000 0.000 0.000 0.000 0.000 0.000 0.000 0.000 0.000 0.000 0.000 0.000 0.000 0.000 0.000 0.000 0.000 0.000 0.000 0.000 0.000 0.000 0.000 0.000 0.000 0.000 0.000 0.000 0.000 0.000 0.000 0.000 0.000 0.000 0.000 0.000 0.000 0.000 0.000 0.000 0.000 0.000 0.000 0.039 0.032 0.031 0.032 0.033 0.035 0.038 0.042 0.047 0.052 0.058 0.065 0.072 0.076 0.069 0.062 0.055 0.048 0.042 0.037 0.031 0.027 0.023 0.020 0.017 0.015 0.012 0.010 0.009
0.000 0.000 0.000 0.000 0.000 0.000 0.000 0.000 0.000 0.000 0.000 0.000 0.000 0.000 0.000 0.000 0.000 0.000 0.000 0.000 0.000 0.000 0.000 0.000 0.000 0.000 0.000 0.000 0.000 0.000 0.000 0.000 0.000 0.000 0.000 0.000 0.000 0.000 0.000 0.000 0.000 0.000 0.000 0.000 0.000 0.000 0.000 0.000 0.000 0.000 0.017 0.021 0.025 0.027 0.028 0.032 0.036 0.042 0.047 0.053 0.059 0.066 0.073 0.074 0.067 0.060 0.054 0.048 0.043 0.039 0.035 0.032 0.029 0.026 0.023 0.020 0.017
0.000 0.000 0.000 0.000 0.000 0.000 0.000 0.000 0.000 0.000 0.000 0.000 0.000 0.000 0.000 0.000 0.000 0.000 0.000 0.000 0.000 0.000 0.000 0.000 0.000 0.000 0.000 0.000 0.000 0.000 0.000 0.000 0.000 0.000 0.000 0.000 0.000 0.000 0.000 0.000 0.000 0.000 0.000 0.000 0.000 0.000 0.000 0.000 0.000 0.000 0.000 0.000 0.000 0.000 0.016 0.022 0.027 0.033 0.036 0.041 0.047 0.054 0.060 0.068 0.075 0.073 0.067 0.062 0.058 0.055 0.053 0.050 0.047 0.044 0.039 0.035 0.030
0.000 0.000 0.000 0.000 0.000 0.000 0.000 0.000 0.000 0.000 0.000 0.000 0.000 0.000 0.000 0.000 0.000 0.000 0.000 0.000 0.000 0.000 0.000 0.000 0.000 0.000 0.000 0.000 0.000 0.000 0.000 0.000 0.000 0.000 0.000 0.000 0.000 0.000 0.000 0.000 0.000 0.000 0.000 0.000 0.000 0.000 0.000 0.000 0.000 0.000 0.000 0.000 0.000 0.000 0.000 0.000 0.000 0.000 0.022 0.028 0.035 0.041 0.048 0.055 0.062 0.070 0.080 0.079 0.076 0.075 0.074 0.072 0.069 0.064 0.059 0.052 0.046
0.000 0.000 0.000 0.000 0.000 0.000 0.000 0.000 0.000 0.000 0.000 0.000 0.000 0.000 0.000 0.000 0.000 0.000 0.000 0.000 0.000 0.000 0.000 0.000 0.000 0.000 0.000 0.000 0.000 0.000 0.000 0.000 0.000 0.000 0.000 0.000 0.000 0.000 0.000 0.000 0.000 0.000 0.000 0.000 0.000 0.000 0.000 0.000 0.000 0.000 0.000 0.000 0.000 0.000 0.000 0.000 0.000 0.000 0.000 0.015 0.022 0.029 0.035 0.042 0.050 0.058 0.069 0.082 0.098 0.099 0.098 0.096 0.093 0.087 0.078 0.070 0.061
0.000 0.000 0.000 0.000 0.000 0.000 0.000 0.000 0.000 0.000 0.000 0.000 0.000 0.000 0.000 0.000 0.000 0.000 0.000 0.000 0.000 0.000 0.000 0.000 0.000 0.000 0.000 0.000 0.000 0.000 0.000 0.000 0.000 0.000 0.000 0.000 0.000 0.000 0.000 0.000 0.000 0.000 0.000 0.000 0.000 0.000 0.000 0.000 0.000 0.000 0.000 0.000 0.000 0.000 0.000 0.000 0.000 0.000 0.000 0.007 0.012 0.018 0.024 0.030 0.037 0.046 0.058 0.074 0.094 0.114 0.124 0.122 0.119 0.111 0.095 0.085 0.075
0.000 0.000 0.000 0.000 0.000 0.000 0.000 0.000 0.000 0.000 0.000 0.000 0.000 0.000 0.000 0.000 0.000 0.000 0.000 0.000 0.000 0.000 0.000 0.000 0.000 0.000 0.000 0.000 0.000 0.000 0.000 0.000 0.000 0.000 0.000 0.000 0.000 0.000 0.000 0.000 0.000 0.000 0.000 0.000 0.000 0.000 0.000 0.000 0.000 0.000 0.000 0.000 0.000 0.000 0.000 0.000 0.000 0.000 0.000 0.001 0.004 0.008 0.013 0.019 0.026 0.035 0.049 0.068 0.090 0.113 0.000 0.000 0.000 0.000 0.103 0.102 0.086
0.000 0.000 0.000 0.000 0.000 0.000 0.000 0.000 0.000 0.000 0.000 0.000 0.000 0.000 0.000 0.000 0.000 0.000 0.000 0.000 0.000 0.000 0.000 0.000 0.000 0.000 0.000 0.000 0.000 0.000 0.000 0.000 0.000 0.000 0.000 0.000 0.000 0.000 0.000 0.000 0.000 0.000 0.000 0.000 0.000 0.000 0.000 0.000 0.000 0.000 0.000 0.000 0.000 0.000 0.000 0.000 0.000 0.000 0.000 0.001 0.001 0.001 0.004 0.008 0.015 0.024 0.041 0.064 0.088 0.000 0.000 0.000 0.000 0.000 0.000 0.000 0.088
0.000 0.000 0.000 0.000 0.000 0.000 0.000 0.000 0.000 0.000 0.000 0.000 0.000 0.000 0.000 0.000 0.000 0.000 0.000 0.000 0.000 0.000 0.000 0.000 0.000 0.000 0.000 0.000 0.000 0.000 0.000 0.000 0.000 0.000 0.000 0.000 0.000 0.000 0.000 0.000 0.000 0.000 0.000 0.000 0.000 0.000 0.000 0.000 0.000 0.000 0.000 0.000 0.000 0.000 0.000 0.000 0.000 0.000 0.000 0.001 0.001 0.001 0.001 0.002 0.006 0.016 0.035 0.060 0.000 0.000 0.000 0.000 0.000 0.000 0.000 0.000 0.000
0.000 0.000 0.000 0.000 0.000 0.000 0.000 0.000 0.000 0.000 0.000 0.000 0.000 0.000 0.000 0.000 0.000 0.000 0.000 0.000 0.000 0.000 0.000 0.000 0.000 0.000 0.000 0.000 0.000 0.000 0.000 0.000 0.000 0.000 0.000 0.000 0.000 0.000 0.000 0.000 0.000 0.000 0.000 0.000 0.000 0.000 0.000 0.000 0.000 0.000 0.000 0.000 0.000 0.000 0.000 0.000 0.000 0.000 0.000 0.000 0.000 0.001 0.001 0.001 0.002 0.009 0.030 0.056 0.000 0.000 0.000 0.000 0.000 0.000 0.000 0.000 0.000
0.000 0.000 0.000 0.000 0.000 0.000 0.000 0.000 0.000 0.000 0.000 0.000 0.000 0.000 0.000 0.000 0.000 0.000 0.000 0.000 0.000 0.000 0.000 0.000 0.000 0.000 0.000 0.000 0.000 0.000 0.000 0.000 0.000 0.000 0.000 0.000 0.000 0.000 0.000 0.000 0.000 0.000 0.000 0.000 0.000 0.000 0.000 0.000 0.000 0.000 0.000 0.000 0.000 0.000 0.000 0.000 0.000 0.000 0.000 0.000 0.000 0.000 0.001 0.001 0.001 0.004 0.025 0.000 0.000 0.000 0.000 0.000 0.000 0.000 0.000 0.000 0.000
0.000 0.000 0.000 0.000 0.000 0.000 0.000 0.000 0.000 0.000 0.000 0.000 0.000 0.000 0.000 0.000 0.000 0.000 0.000 0.000 0.000 0.000 0.000 0.000 0.000 0.000 0.000 0.000 0.000 0.000 0.000 0.000 0.000 0.000 0.000 0.000 0.000 0.000 0.000 0.000 0.000 0.000 0.000 0.000 0.000 0.000 0.000 0.000 0.000 0.000 0.000 0.000 0.000 0.000 0.000 0.000 0.000 0.000 0.000 0.000 0.000 0.000 0.001 0.001 0.001 0.007 0.038 0.000 0.000 0.000 0.000 0.000 0.000 0.000 0.000 0.000 0.000
0.000 0.000 0.000 0.000 0.000 0.000 0.000 0.000 0.000 0.000 0.000 0.000 0.000 0.000 0.000 0.000 0.000 0.000 0.000 0.000 0.000 0.000 0.000 0.000 0.000 0.000 0.000 0.000 0.000 0.000 0.000 0.000 0.000 0.000 0.000 0.000 0.000 0.000 0.000 0.000 0.000 0.000 0.000 0.000 0.000 0.000 0.000 0.000 0.000 0.000 0.000 0.000 0.000 0.000 0.000 0.000 0.000 0.000 0.000 0.000 0.000 0.000 0.001 0.001 0.001 0.007 0.000 0.000 0.000 0.000 0.000 0.000 0.000 0.000 0.000 0.000 0.000
0.000 0.000 0.000 0.000 0.000 0.000 0.000 0.000 0.000 0.000 0.000 0.000 0.000 0.000 0.000 0.000 0.000 0.000 0.000 0.000 0.000 0.000 0.000 0.000 0.000 0.000 0.000 0.000 0.000 0.000 0.000 0.000 0.000 0.000 0.000 0.000 0.000 0.000 0.000 0.000 0.000 0.000 0.000 0.000 0.000 0.000 0.000 0.000 0.000 0.000 0.000 0.000 0.000 0.000 0.000 0.000 0.000 0.000 0.000 0.000 0.000 0.000 0.001 0.001 0.001 0.007 0.000 0.000 0.000 0.000 0.000 0.000 0.000 0.000 0.000 0.000 0.000
