数据/200y_1h/200y_1h_res/200y_1h_90-0001.wd
ncols         694
nrows         824
xllcorner     581104.939801
yllcorner     3495917.092414
cellsize      2.000000
NODATA_value  -9999.000000
[rows 306 to 339 of 824, columns 462 to 538 of 694]
0.091 0.090 0.087 0.086 0.086 0.086 0.087 0.088 0.083 0.076 0.069 0.062 0.054 0.047 0.040 0.033 0.025 0.019 0.014 0.011 0.009 0.008 0.010 0.014 0.019 0.023 0.027 0.030 0.032 0.032 0.031 0.029 0.026 0.023 0.019 0.016 0.013 0.011 0.012 0.000 0.000 0.000 0.000 0.000 0.000 0.000 0.000 0.000 0.000 0.000 0.000 0.000 0.000 0.000 0.038 0.038 0.040 0.045 0.000 0.006 0.007 0.007 0.007 0.008 0.020 0.049 0.000 0.000 0.000 0.000 0.014 0.027 0.039 0.052 0.065 0.065 0.061
0.117 0.100 0.094 0.092 0.092 0.092 0.094 0.095 0.096 0.093 0.085 0.078 0.070 0.062 0.054 0.045 0.036 0.029 0.023 0.018 0.014 0.012 0.012 0.015 0.019 0.023 0.027 0.030 0.031 0.032 0.031 0.029 0.027 0.024 0.021 0.018 0.016 0.018 0.027 0.000 0.000 0.000 0.000 0.000 0.000 0.000 0.000 0.000 0.000 0.000 0.000 0.000 0.000 0.000 0.000 0.000 0.000 0.037 0.035 0.027 0.023 0.021 0.019 0.019 0.030 0.000 0.000 0.000 0.000 0.000 0.031 0.045 0.058 0.060 0.057 0.055 0.053
0.101 0.098 0.097 0.097 0.098 0.100 0.101 0.102 0.103 0.104 0.103 0.095 0.087 0.078 0.069 0.059 0.048 0.041 0.034 0.027 0.022 0.018 0.017 0.017 0.020 0.023 0.027 0.029 0.031 0.031 0.031 0.029 0.027 0.025 0.022 0.020 0.018 0.020 0.000 0.000 0.000 0.000 0.000 0.000 0.000 0.000 0.000 0.000 0.000 0.000 0.000 0.000 0.000 0.000 0.000 0.000 0.000 0.000 0.000 0.021 0.025 0.025 0.022 0.023 0.035 0.000 0.000 0.000 0.000 0.039 0.052 0.056 0.053 0.050 0.048 0.046 0.046
0.096 0.099 0.101 0.103 0.106 0.108 0.109 0.111 0.111 0.111 0.112 0.113 0.104 0.095 0.084 0.072 0.062 0.053 0.045 0.037 0.031 0.026 0.022 0.021 0.022 0.024 0.026 0.029 0.030 0.031 0.030 0.029 0.028 0.026 0.023 0.021 0.020 0.018 0.011 0.007 0.006 0.000 0.000 0.000 0.000 0.000 0.000 0.000 0.000 0.000 0.000 0.000 0.000 0.000 0.000 0.000 0.000 0.000 0.000 0.000 0.000 0.000 0.018 0.025 0.031 0.040 0.000 0.000 0.000 0.051 0.050 0.048 0.046 0.043 0.041 0.040 0.039
0.099 0.104 0.108 0.111 0.114 0.117 0.119 0.120 0.120 0.118 0.120 0.121 0.121 0.112 0.098 0.085 0.074 0.064 0.055 0.046 0.039 0.033 0.029 0.026 0.025 0.026 0.027 0.029 0.030 0.031 0.031 0.030 0.028 0.027 0.025 0.023 0.021 0.018 0.014 0.010 0.008 0.005 0.004 0.000 0.000 0.000 0.000 0.000 0.000 0.000 0.000 0.000 0.000 0.000 0.000 0.000 0.000 0.000 0.000 0.000 0.000 0.000 0.000 0.000 0.029 0.042 0.050 0.063 0.063 0.053 0.047 0.043 0.040 0.037 0.036 0.035 0.037
0.105 0.111 0.116 0.120 0.124 0.127 0.130 0.131 0.130 0.122 0.129 0.130 0.129 0.125 0.111 0.096 0.084 0.073 0.063 0.054 0.047 0.041 0.036 0.032 0.030 0.029 0.030 0.030 0.031 0.032 0.032 0.031 0.030 0.028 0.026 0.024 0.022 0.020 0.016 0.013 0.010 0.008 0.006 0.003 0.003 0.004 0.000 0.000 0.000 0.000 0.000 0.000 0.000 0.000 0.000 0.000 0.000 0.000 0.000 0.000 0.000 0.000 0.000 0.000 0.000 0.000 0.000 0.045 0.048 0.045 0.042 0.038 0.035 0.033 0.031 0.030 0.028
0.114 0.121 0.126 0.131 0.135 0.139 0.141 0.143 0.143 0.141 0.142 0.142 0.132 0.115 0.111 0.103 0.090 0.079 0.070 0.061 0.054 0.048 0.044 0.040 0.038 0.036 0.036 0.036 0.036 0.036 0.035 0.035 0.033 0.032 0.030 0.028 0.026 0.023 0.020 0.017 0.014 0.011 0.009 0.006 0.004 0.004 0.004 0.006 0.000 0.000 0.000 0.001 0.004 0.021 0.000 0.000 0.000 0.000 0.000 0.000 0.000 0.000 0.000 0.000 0.000 0.000 0.047 0.044 0.042 0.039 0.036 0.033 0.031 0.029 0.028 0.029 0.000
0.125 0.132 0.137 0.142 0.147 0.150 0.153 0.149 0.140 0.130 0.121 0.111 0.097 0.077 0.091 0.104 0.094 0.085 0.076 0.069 0.063 0.058 0.054 0.051 0.049 0.048 0.048 0.047 0.047 0.046 0.045 0.043 0.042 0.040 0.038 0.036 0.033 0.030 0.027 0.024 0.021 0.018 0.015 0.011 0.008 0.005 0.005 0.007 0.007 0.007 0.009 0.012 0.019 0.030 0.046 0.067 0.092 0.000 0.000 0.000 0.000 0.000 0.000 0.000 0.000 0.000 0.042 0.041 0.039 0.036 0.032 0.030 0.027 0.026 0.025 0.022 0.000
0.136 0.143 0.144 0.140 0.135 0.130 0.124 0.117 0.109 0.100 0.091 0.079 0.061 0.062 0.057 0.096 0.098 0.091 0.085 0.080 0.075 0.072 0.069 0.068 0.067 0.066 0.065 0.064 0.064 0.063 0.061 0.059 0.056 0.054 0.051 0.048 0.045 0.042 0.039 0.036 0.032 0.029 0.026 0.022 0.018 0.014 0.012 0.013 0.015 0.018 0.023 0.028 0.035 0.045 0.060 0.079 0.102 0.124 0.150 0.000 0.000 0.000 0.000 0.000 0.000 0.053 0.048 0.043 0.038 0.034 0.030 0.026 0.024 0.023 0.024 0.000 0.000
0.117 0.114 0.111 0.107 0.102 0.097 0.091 0.085 0.079 0.070 0.060 0.048 0.038 0.046 0.053 0.082 0.105 0.101 0.097 0.094 0.092 0.091 0.090 0.090 0.089 0.089 0.088 0.087 0.085 0.083 0.081 0.078 0.075 0.072 0.069 0.065 0.062 0.059 0.055 0.052 0.049 0.046 0.043 0.040 0.036 0.032 0.026 0.027 0.030 0.034 0.039 0.045 0.052 0.062 0.075 0.092 0.113 0.135 0.149 0.151 0.155 0.161 0.000 0.000 0.000 0.049 0.047 0.043 0.038 0.032 0.027 0.023 0.021 0.020 0.018 0.000 0.000
0.083 0.081 0.078 0.074 0.070 0.065 0.060 0.054 0.048 0.041 0.033 0.020 0.026 0.034 0.044 0.070 0.106 0.114 0.113 0.113 0.113 0.114 0.114 0.115 0.115 0.115 0.114 0.113 0.111 0.108 0.105 0.102 0.098 0.093 0.089 0.085 0.082 0.078 0.075 0.072 0.070 0.067 0.064 0.062 0.059 0.055 0.049 0.042 0.047 0.051 0.056 0.062 0.069 0.079 0.091 0.107 0.118 0.121 0.124 0.126 0.129 0.131 0.130 0.136 0.000 0.055 0.050 0.043 0.037 0.030 0.025 0.020 0.018 0.018 0.000 0.000 0.000
0.050 0.048 0.045 0.042 0.039 0.035 0.031 0.026 0.022 0.017 0.010 0.011 0.017 0.023 0.035 0.059 0.098 0.133 0.134 0.136 0.138 0.140 0.141 0.142 0.142 0.142 0.141 0.140 0.138 0.135 0.131 0.127 0.123 0.118 0.114 0.109 0.105 0.101 0.097 0.094 0.092 0.090 0.088 0.086 0.083 0.080 0.075 0.068 0.065 0.069 0.074 0.080 0.087 0.096 0.102 0.099 0.098 0.099 0.100 0.102 0.101 0.094 0.101 0.104 0.092 0.069 0.054 0.043 0.035 0.027 0.021 0.016 0.014 0.012 0.000 0.000 0.000
0.019 0.017 0.016 0.014 0.012 0.010 0.008 0.007 0.005 0.003 0.002 0.006 0.010 0.015 0.026 0.051 0.093 0.144 0.158 0.161 0.165 0.167 0.169 0.170 0.171 0.170 0.170 0.168 0.166 0.162 0.158 0.153 0.148 0.144 0.139 0.135 0.130 0.126 0.123 0.120 0.117 0.115 0.113 0.111 0.109 0.106 0.102 0.096 0.086 0.087 0.091 0.097 0.102 0.094 0.087 0.082 0.078 0.077 0.077 0.077 0.076 0.073 0.075 0.074 0.068 0.057 0.046 0.037 0.029 0.022 0.016 0.012 0.011 0.000 0.000 0.000 0.000
0.003 0.003 0.003 0.002 0.002 0.001 0.000 0.000 0.000 0.000 0.001 0.003 0.006 0.010 0.019 0.044 0.091 0.144 0.185 0.189 0.193 0.196 0.199 0.200 0.200 0.199 0.198 0.197 0.194 0.191 0.185 0.179 0.174 0.170 0.165 0.160 0.156 0.152 0.149 0.146 0.144 0.143 0.141 0.139 0.137 0.134 0.130 0.124 0.116 0.105 0.108 0.097 0.086 0.078 0.070 0.063 0.058 0.055 0.052 0.050 0.049 0.047 0.046 0.044 0.040 0.035 0.029 0.024 0.018 0.013 0.009 0.006 0.006 0.017 0.000 0.000 0.000
0.000 0.000 0.000 0.000 0.000 0.000 0.000 0.000 0.000 0.000 0.001 0.002 0.003 0.006 0.014 0.041 0.093 0.146 0.201 0.217 0.222 0.226 0.229 0.229 0.229 0.229 0.228 0.226 0.223 0.219 0.213 0.203 0.200 0.196 0.192 0.186 0.182 0.179 0.176 0.174 0.172 0.171 0.169 0.168 0.166 0.163 0.160 0.155 0.141 0.116 0.113 0.104 0.092 0.081 0.072 0.064 0.056 0.051 0.046 0.042 0.038 0.034 0.031 0.028 0.023 0.018 0.013 0.009 0.007 0.004 0.003 0.002 0.001 0.000 0.000 0.000 0.000
0.000 0.000 0.000 0.000 0.000 0.000 0.000 0.000 0.000 0.000 0.000 0.001 0.002 0.004 0.012 0.043 0.096 0.000 0.203 0.247 0.251 0.256 0.261 0.000 0.000 0.000 0.000 0.000 0.000 0.000 0.000 0.225 0.226 0.224 0.220 0.211 0.208 0.206 0.203 0.201 0.200 0.199 0.198 0.197 0.195 0.186 0.171 0.155 0.135 0.111 0.109 0.111 0.115 0.105 0.094 0.085 0.077 0.069 0.063 0.057 0.051 0.046 0.041 0.036 0.031 0.026 0.021 0.016 0.013 0.009 0.007 0.005 0.004 0.003 0.002 0.001 0.000
0.000 0.000 0.000 0.000 0.000 0.000 0.000 0.000 0.000 0.000 0.000 0.000 0.001 0.008 0.000 0.000 0.099 0.000 0.000 0.264 0.000 0.000 0.000 0.000 0.000 0.000 0.000 0.000 0.000 0.000 0.000 0.000 0.000 0.000 0.000 0.233 0.235 0.233 0.229 0.228 0.229 0.228 0.219 0.206 0.193 0.179 0.164 0.148 0.129 0.105 0.104 0.105 0.108 0.112 0.114 0.104 0.095 0.087 0.080 0.073 0.066 0.060 0.054 0.047 0.041 0.035 0.030 0.025 0.020 0.016 0.013 0.010 0.007 0.006 0.004 0.003 0.002
0.000 0.000 0.000 0.000 0.000 0.000 0.000 0.000 0.000 0.000 0.000 0.000 0.000 0.000 0.000 0.000 0.000 0.000 0.000 0.000 0.000 0.000 0.000 0.000 0.000 0.000 0.000 0.000 0.000 0.000 0.000 0.000 0.000 0.000 0.000 0.000 0.000 0.000 0.254 0.249 0.238 0.225 0.210 0.198 0.185 0.171 0.156 0.140 0.121 0.099 0.098 0.098 0.100 0.103 0.108 0.114 0.113 0.104 0.096 0.089 0.081 0.074 0.067 0.060 0.053 0.047 0.040 0.035 0.029 0.024 0.020 0.016 0.013 0.010 0.008 0.006 0.005
0.000 0.000 0.000 0.000 0.000 0.000 0.000 0.000 0.000 0.000 0.000 0.000 0.000 0.000 0.000 0.000 0.000 0.000 0.000 0.000 0.000 0.000 0.000 0.000 0.000 0.000 0.000 0.000 0.000 0.000 0.000 0.000 0.000 0.000 0.000 0.000 0.000 0.000 0.000 0.000 0.000 0.000 0.199 0.190 0.177 0.161 0.148 0.132 0.111 0.092 0.091 0.090 0.091 0.094 0.098 0.103 0.109 0.116 0.113 0.104 0.096 0.088 0.081 0.073 0.066 0.058 0.052 0.045 0.040 0.034 0.030 0.026 0.022 0.018 0.015 0.012 0.010
0.000 0.000 0.000 0.000 0.000 0.000 0.000 0.000 0.000 0.000 0.000 0.000 0.000 0.000 0.000 0.000 0.000 0.000 0.000 0.000 0.000 0.000 0.000 0.000 0.000 0.000 0.000 0.000 0.000 0.000 0.000 0.000 0.000 0.000 0.000 0.000 0.000 0.000 0.000 0.000 0.000 0.000 0.000 0.000 0.000 0.149 0.139 0.123 0.099 0.083 0.081 0.081 0.082 0.084 0.088 0.092 0.098 0.105 0.112 0.119 0.111 0.103 0.094 0.086 0.078 0.071 0.064 0.057 0.051 0.046 0.042 0.038 0.034 0.030 0.026 0.022 0.019
0.000 0.000 0.000 0.000 0.000 0.000 0.000 0.000 0.000 0.000 0.000 0.000 0.000 0.000 0.000 0.000 0.000 0.000 0.000 0.000 0.000 0.000 0.000 0.000 0.000 0.000 0.000 0.000 0.000 0.000 0.000 0.000 0.000 0.000 0.000 0.000 0.000 0.000 0.000 0.000 0.000 0.000 0.000 0.000 0.000 0.000 0.000 0.000 0.080 0.072 0.069 0.070 0.072 0.075 0.077 0.082 0.087 0.094 0.100 0.106 0.113 0.116 0.107 0.098 0.090 0.083 0.076 0.070 0.065 0.061 0.057 0.053 0.050 0.046 0.042 0.037 0.032
0.000 0.000 0.000 0.000 0.000 0.000 0.000 0.000 0.000 0.000 0.000 0.000 0.000 0.000 0.000 0.000 0.000 0.000 0.000 0.000 0.000 0.000 0.000 0.000 0.000 0.000 0.000 0.000 0.000 0.000 0.000 0.000 0.000 0.000 0.000 0.000 0.000 0.000 0.000 0.000 0.000 0.000 0.000 0.000 0.000 0.000 0.000 0.000 0.000 0.000 0.050 0.059 0.064 0.067 0.066 0.071 0.077 0.083 0.088 0.093 0.099 0.105 0.110 0.110 0.102 0.095 0.089 0.085 0.081 0.078 0.075 0.072 0.069 0.065 0.060 0.055 0.049
0.000 0.000 0.000 0.000 0.000 0.000 0.000 0.000 0.000 0.000 0.000 0.000 0.000 0.000 0.000 0.000 0.000 0.000 0.000 0.000 0.000 0.000 0.000 0.000 0.000 0.000 0.000 0.000 0.000 0.000 0.000 0.000 0.000 0.000 0.000 0.000 0.000 0.000 0.000 0.000 0.000 0.000 0.000 0.000 0.000 0.000 0.000 0.000 0.000 0.000 0.000 0.000 0.000 0.000 0.049 0.060 0.068 0.074 0.075 0.079 0.084 0.089 0.093 0.100 0.108 0.109 0.104 0.102 0.100 0.099 0.097 0.094 0.091 0.086 0.080 0.074 0.066
0.000 0.000 0.000 0.000 0.000 0.000 0.000 0.000 0.000 0.000 0.000 0.000 0.000 0.000 0.000 0.000 0.000 0.000 0.000 0.000 0.000 0.000 0.000 0.000 0.000 0.000 0.000 0.000 0.000 0.000 0.000 0.000 0.000 0.000 0.000 0.000 0.000 0.000 0.000 0.000 0.000 0.000 0.000 0.000 0.000 0.000 0.000 0.000 0.000 0.000 0.000 0.000 0.000 0.000 0.000 0.000 0.000 0.000 0.057 0.063 0.068 0.073 0.071 0.081 0.092 0.105 0.119 0.121 0.122 0.122 0.121 0.118 0.114 0.108 0.101 0.092 0.084
0.000 0.000 0.000 0.000 0.000 0.000 0.000 0.000 0.000 0.000 0.000 0.000 0.000 0.000 0.000 0.000 0.000 0.000 0.000 0.000 0.000 0.000 0.000 0.000 0.000 0.000 0.000 0.000 0.000 0.000 0.000 0.000 0.000 0.000 0.000 0.000 0.000 0.000 0.000 0.000 0.000 0.000 0.000 0.000 0.000 0.000 0.000 0.000 0.000 0.000 0.000 0.000 0.000 0.000 0.000 0.000 0.000 0.000 0.000 0.042 0.051 0.051 0.000 0.061 0.077 0.092 0.109 0.127 0.146 0.148 0.146 0.143 0.139 0.132 0.121 0.110 0.100
0.000 0.000 0.000 0.000 0.000 0.000 0.000 0.000 0.000 0.000 0.000 0.000 0.000 0.000 0.000 0.000 0.000 0.000 0.000 0.000 0.000 0.000 0.000 0.000 0.000 0.000 0.000 0.000 0.000 0.000 0.000 0.000 0.000 0.000 0.000 0.000 0.000 0.000 0.000 0.000 0.000 0.000 0.000 0.000 0.000 0.000 0.000 0.000 0.000 0.000 0.000 0.000 0.000 0.000 0.000 0.000 0.000 0.000 0.000 0.027 0.035 0.037 0.032 0.050 0.065 0.082 0.100 0.121 0.142 0.163 0.172 0.170 0.165 0.156 0.137 0.126 0.114
0.000 0.000 0.000 0.000 0.000 0.000 0.000 0.000 0.000 0.000 0.000 0.000 0.000 0.000 0.000 0.000 0.000 0.000 0.000 0.000 0.000 0.000 0.000 0.000 0.000 0.000 0.000 0.000 0.000 0.000 0.000 0.000 0.000 0.000 0.000 0.000 0.000 0.000 0.000 0.000 0.000 0.000 0.000 0.000 0.000 0.000 0.000 0.000 0.000 0.000 0.000 0.000 0.000 0.000 0.000 0.000 0.000 0.000 0.000 0.016 0.023 0.026 0.028 0.040 0.055 0.072 0.092 0.116 0.139 0.162 0.000 0.000 0.000 0.000 0.145 0.143 0.124
0.000 0.000 0.000 0.000 0.000 0.000 0.000 0.000 0.000 0.000 0.000 0.000 0.000 0.000 0.000 0.000 0.000 0.000 0.000 0.000 0.000 0.000 0.000 0.000 0.000 0.000 0.000 0.000 0.000 0.000 0.000 0.000 0.000 0.000 0.000 0.000 0.000 0.000 0.000 0.000 0.000 0.000 0.000 0.000 0.000 0.000 0.000 0.000 0.000 0.000 0.000 0.000 0.000 0.000 0.000 0.000 0.000 0.000 0.000 0.007 0.012 0.016 0.021 0.031 0.045 0.064 0.086 0.111 0.137 0.000 0.000 0.000 0.000 0.000 0.000 0.000 0.124
0.000 0.000 0.000 0.000 0.000 0.000 0.000 0.000 0.000 0.000 0.000 0.000 0.000 0.000 0.000 0.000 0.000 0.000 0.000 0.000 0.000 0.000 0.000 0.000 0.000 0.000 0.000 0.000 0.000 0.000 0.000 0.000 0.000 0.000 0.000 0.000 0.000 0.000 0.000 0.000 0.000 0.000 0.000 0.000 0.000 0.000 0.000 0.000 0.000 0.000 0.000 0.000 0.000 0.000 0.000 0.000 0.000 0.000 0.000 0.001 0.005 0.009 0.014 0.022 0.036 0.056 0.081 0.108 0.000 0.000 0.000 0.000 0.000 0.000 0.000 0.000 0.000
0.000 0.000 0.000 0.000 0.000 0.000 0.000 0.000 0.000 0.000 0.000 0.000 0.000 0.000 0.000 0.000 0.000 0.000 0.000 0.000 0.000 0.000 0.000 0.000 0.000 0.000 0.000 0.000 0.000 0.000 0.000 0.000 0.000 0.000 0.000 0.000 0.000 0.000 0.000 0.000 0.000 0.000 0.000 0.000 0.000 0.000 0.000 0.000 0.000 0.000 0.000 0.000 0.000 0.000 0.000 0.000 0.000 0.000 0.000 0.000 0.000 0.003 0.007 0.015 0.028 0.049 0.075 0.103 0.000 0.000 0.000 0.000 0.000 0.000 0.000 0.000 0.000
0.000 0.000 0.000 0.000 0.000 0.000 0.000 0.000 0.000 0.000 0.000 0.000 0.000 0.000 0.000 0.000 0.000 0.000 0.000 0.000 0.000 0.000 0.000 0.000 0.000 0.000 0.000 0.000 0.000 0.000 0.000 0.000 0.000 0.000 0.000 0.000 0.000 0.000 0.000 0.000 0.000 0.000 0.000 0.000 0.000 0.000 0.000 0.000 0.000 0.000 0.000 0.000 0.000 0.000 0.000 0.000 0.000 0.000 0.000 0.000 0.000 0.000 0.001 0.007 0.018 0.040 0.069 0.000 0.000 0.000 0.000 0.000 0.000 0.000 0.000 0.000 0.000
0.000 0.000 0.000 0.000 0.000 0.000 0.000 0.000 0.000 0.000 0.000 0.000 0.000 0.000 0.000 0.000 0.000 0.000 0.000 0.000 0.000 0.000 0.000 0.000 0.000 0.000 0.000 0.000 0.000 0.000 0.000 0.000 0.000 0.000 0.000 0.000 0.000 0.000 0.000 0.000 0.000 0.000 0.000 0.000 0.000 0.000 0.000 0.000 0.000 0.000 0.000 0.000 0.000 0.000 0.000 0.000 0.000 0.000 0.000 0.000 0.000 0.000 0.001 0.005 0.014 0.041 0.078 0.000 0.000 0.000 0.000 0.000 0.000 0.000 0.000 0.000 0.000
0.000 0.000 0.000 0.000 0.000 0.000 0.000 0.000 0.000 0.000 0.000 0.000 0.000 0.000 0.000 0.000 0.000 0.000 0.000 0.000 0.000 0.000 0.000 0.000 0.000 0.000 0.000 0.000 0.000 0.000 0.000 0.000 0.000 0.000 0.000 0.000 0.000 0.000 0.000 0.000 0.000 0.000 0.000 0.000 0.000 0.000 0.000 0.000 0.000 0.000 0.000 0.000 0.000 0.000 0.000 0.000 0.000 0.000 0.000 0.000 0.000 0.000 0.001 0.004 0.014 0.042 0.000 0.000 0.000 0.000 0.000 0.000 0.000 0.000 0.000 0.000 0.000
0.000 0.000 0.000 0.000 0.000 0.000 0.000 0.000 0.000 0.000 0.000 0.000 0.000 0.000 0.000 0.000 0.000 0.000 0.000 0.000 0.000 0.000 0.000 0.000 0.000 0.000 0.000 0.000 0.000 0.000 0.000 0.000 0.000 0.000 0.000 0.000 0.000 0.000 0.000 0.000 0.000 0.000 0.000 0.000 0.000 0.000 0.000 0.000 0.000 0.000 0.000 0.000 0.000 0.000 0.000 0.000 0.000 0.000 0.000 0.000 0.000 0.000 0.001 0.004 0.014 0.044 0.000 0.000 0.000 0.000 0.000 0.000 0.000 0.000 0.000 0.000 0.000
