数据/200y_1h/200y_1h_res/200y_1h_144-0001.wd
ncols         694
nrows         824
xllcorner     581104.939801
yllcorner     3495917.092414
cellsize      2.000000
NODATA_value  -9999.000000
[rows 714 to 747 of 824, columns 154 to 230 of 694]
0.000 0.000 0.000 0.000 0.000 0.000 0.002 0.003 0.004 0.005 0.006 0.006 0.006 0.006 0.006 0.006 0.006 0.006 0.005 0.004 0.000 0.001 0.037 0.031 0.024 0.019 0.014 0.009 0.005 0.002 0.001 0.001 0.000 0.000 0.000 0.000 0.000 0.000 0.000 0.000 0.000 0.000 0.001 0.001 0.001 0.001 0.001 0.001 0.002 0.000 0.000 0.000 0.000 0.000 0.000 0.000 0.000 0.000 0.083 0.094 0.104 0.104 0.082 0.063 0.072 0.002 0.001 0.001 0.000 0.000 0.000 0.000 0.000 0.000 0.000 0.000 0.000
0.000 0.000 0.000 0.000 0.000 0.002 0.003 0.004 0.005 0.006 0.006 0.006 0.007 0.007 0.007 0.007 0.007 0.006 0.006 0.006 0.005 0.004 0.001 0.043 0.039 0.030 0.023 0.017 0.011 0.006 0.003 0.001 0.001 0.001 0.000 0.000 0.000 0.000 0.000 0.000 0.000 0.001 0.001 0.001 0.003 0.011 0.021 0.032 0.042 0.000 0.000 0.000 0.000 0.000 0.000 0.000 0.000 0.000 0.145 0.141 0.118 0.095 0.072 0.064 0.073 0.027 0.001 0.001 0.000 0.000 0.000 0.000 0.000 0.000 0.000 0.000 0.000
0.000 0.000 0.000 0.000 0.001 0.003 0.004 0.005 0.006 0.006 0.007 0.007 0.007 0.007 0.007 0.007 0.007 0.007 0.007 0.006 0.006 0.005 0.004 0.000 0.001 0.039 0.032 0.025 0.019 0.013 0.008 0.005 0.002 0.001 0.001 0.000 0.000 0.000 0.000 0.000 0.001 0.001 0.001 0.003 0.051 0.071 0.082 0.093 0.104 0.000 0.000 0.000 0.000 0.000 0.000 0.000 0.000 0.179 0.155 0.132 0.108 0.085 0.062 0.066 0.075 0.071 0.002 0.001 0.000 0.000 0.000 0.000 0.000 0.000 0.000 0.000 0.000
0.000 0.000 0.000 0.000 0.002 0.004 0.005 0.006 0.006 0.006 0.007 0.007 0.007 0.007 0.007 0.007 0.007 0.007 0.007 0.007 0.007 0.006 0.006 0.005 0.004 0.001 0.042 0.036 0.030 0.024 0.018 0.012 0.008 0.005 0.003 0.002 0.001 0.000 0.000 0.000 0.001 0.001 0.001 0.037 0.093 0.135 0.146 0.156 0.000 0.000 0.000 0.000 0.000 0.000 0.000 0.000 0.000 0.169 0.146 0.123 0.100 0.076 0.060 0.069 0.078 0.087 0.029 0.001 0.001 0.000 0.000 0.000 0.000 0.000 0.000 0.000 0.000
0.000 0.000 0.000 0.001 0.003 0.004 0.005 0.006 0.006 0.007 0.007 0.007 0.007 0.008 0.008 0.008 0.008 0.008 0.008 0.008 0.007 0.007 0.007 0.006 0.005 0.003 0.000 0.049 0.046 0.037 0.029 0.023 0.018 0.014 0.011 0.008 0.006 0.004 0.000 0.001 0.001 0.001 0.024 0.079 0.136 0.193 0.208 0.219 0.000 0.000 0.000 0.000 0.000 0.000 0.000 0.000 0.000 0.160 0.137 0.114 0.090 0.067 0.062 0.072 0.081 0.090 0.074 0.002 0.000 0.000 0.000 0.000 0.000 0.000 0.000 0.000 0.000
0.000 0.000 0.000 0.001 0.003 0.005 0.006 0.006 0.007 0.007 0.007 0.007 0.008 0.008 0.008 0.008 0.008 0.008 0.008 0.008 0.008 0.007 0.007 0.007 0.006 0.005 0.004 0.000 0.001 0.048 0.042 0.037 0.033 0.029 0.026 0.023 0.020 0.018 0.015 0.008 0.009 0.016 0.064 0.122 0.179 0.235 0.272 0.282 0.000 0.000 0.000 0.000 0.000 0.000 0.000 0.000 0.000 0.151 0.128 0.105 0.081 0.058 0.066 0.075 0.084 0.093 0.102 0.032 0.000 0.000 0.000 0.000 0.000 0.000 0.000 0.000 0.000
0.000 0.000 0.000 0.001 0.003 0.005 0.006 0.006 0.007 0.007 0.007 0.008 0.008 0.008 0.008 0.008 0.008 0.008 0.008 0.008 0.008 0.008 0.008 0.007 0.007 0.006 0.006 0.005 0.004 0.001 0.058 0.055 0.052 0.048 0.045 0.042 0.040 0.039 0.037 0.000 0.000 0.051 0.107 0.164 0.221 0.277 0.333 0.345 0.356 0.333 0.000 0.000 0.000 0.000 0.000 0.000 0.165 0.142 0.118 0.095 0.072 0.059 0.069 0.078 0.087 0.096 0.106 0.077 0.000 0.000 0.000 0.000 0.000 0.000 0.000 0.000 0.000
0.000 0.000 0.000 0.001 0.003 0.005 0.006 0.006 0.007 0.007 0.007 0.008 0.008 0.008 0.008 0.008 0.008 0.008 0.008 0.008 0.008 0.008 0.008 0.008 0.007 0.007 0.007 0.006 0.005 0.004 0.001 0.073 0.072 0.068 0.065 0.062 0.061 0.060 0.000 0.000 0.000 0.000 0.150 0.206 0.263 0.319 0.374 0.371 0.347 0.324 0.302 0.279 0.000 0.000 0.000 0.000 0.156 0.133 0.110 0.085 0.062 0.062 0.072 0.080 0.090 0.100 0.109 0.000 0.000 0.000 0.000 0.000 0.000 0.000 0.000 0.000 0.000
0.000 0.000 0.000 0.001 0.003 0.005 0.006 0.007 0.007 0.007 0.008 0.008 0.008 0.008 0.008 0.008 0.008 0.009 0.009 0.009 0.008 0.008 0.008 0.008 0.008 0.008 0.007 0.007 0.006 0.005 0.004 0.000 0.001 0.087 0.085 0.083 0.082 0.000 0.000 0.000 0.000 0.000 0.000 0.249 0.305 0.328 0.350 0.000 0.000 0.317 0.293 0.270 0.247 0.223 0.000 0.000 0.148 0.124 0.100 0.076 0.056 0.066 0.075 0.084 0.094 0.103 0.113 0.000 0.000 0.000 0.000 0.000 0.000 0.000 0.000 0.000 0.000
0.000 0.000 0.000 0.001 0.003 0.005 0.006 0.007 0.007 0.007 0.008 0.008 0.008 0.008 0.008 0.008 0.009 0.009 0.009 0.009 0.009 0.009 0.008 0.008 0.008 0.008 0.008 0.007 0.007 0.006 0.006 0.005 0.004 0.001 0.104 0.101 0.000 0.000 0.000 0.000 0.000 0.000 0.000 0.261 0.283 0.304 0.326 0.000 0.000 0.000 0.000 0.261 0.238 0.213 0.188 0.164 0.139 0.115 0.089 0.066 0.059 0.069 0.078 0.087 0.097 0.107 0.117 0.000 0.000 0.000 0.000 0.000 0.000 0.000 0.000 0.000 0.000
0.000 0.000 0.000 0.001 0.003 0.005 0.006 0.007 0.007 0.007 0.008 0.008 0.008 0.008 0.008 0.009 0.009 0.009 0.009 0.009 0.009 0.009 0.009 0.008 0.008 0.008 0.008 0.008 0.007 0.007 0.006 0.006 0.005 0.004 0.001 0.117 0.111 0.000 0.000 0.000 0.000 0.000 0.000 0.237 0.259 0.280 0.302 0.316 0.000 0.000 0.000 0.000 0.000 0.203 0.179 0.155 0.130 0.106 0.070 0.055 0.062 0.072 0.081 0.090 0.100 0.110 0.000 0.000 0.000 0.000 0.000 0.000 0.000 0.000 0.000 0.000 0.000
0.000 0.000 0.000 0.001 0.003 0.005 0.006 0.006 0.007 0.007 0.008 0.008 0.008 0.008 0.008 0.009 0.009 0.009 0.009 0.009 0.009 0.009 0.009 0.009 0.008 0.008 0.008 0.008 0.007 0.007 0.007 0.006 0.006 0.005 0.004 0.000 0.127 0.126 0.000 0.000 0.000 0.000 0.000 0.000 0.234 0.000 0.000 0.296 0.285 0.000 0.000 0.000 0.000 0.000 0.000 0.145 0.121 0.097 0.070 0.055 0.065 0.074 0.084 0.093 0.104 0.114 0.000 0.000 0.000 0.000 0.000 0.000 0.000 0.000 0.000 0.000 0.000
0.000 0.000 0.000 0.001 0.003 0.005 0.006 0.006 0.007 0.007 0.008 0.008 0.008 0.008 0.008 0.009 0.009 0.009 0.009 0.009 0.009 0.009 0.009 0.009 0.008 0.008 0.008 0.008 0.008 0.007 0.007 0.007 0.006 0.006 0.005 0.004 0.000 0.146 0.165 0.000 0.000 0.000 0.000 0.000 0.000 0.000 0.000 0.000 0.265 0.000 0.000 0.000 0.000 0.000 0.158 0.135 0.112 0.087 0.063 0.059 0.068 0.077 0.087 0.097 0.107 0.117 0.000 0.000 0.000 0.000 0.000 0.000 0.000 0.000 0.000 0.000 0.000
0.000 0.000 0.000 0.001 0.003 0.005 0.006 0.006 0.007 0.007 0.007 0.008 0.008 0.008 0.008 0.009 0.009 0.009 0.009 0.009 0.009 0.009 0.009 0.009 0.009 0.008 0.008 0.008 0.008 0.007 0.007 0.007 0.006 0.006 0.005 0.004 0.003 0.001 0.139 0.157 0.000 0.000 0.000 0.000 0.000 0.000 0.000 0.000 0.246 0.000 0.000 0.000 0.000 0.000 0.148 0.125 0.101 0.077 0.054 0.062 0.071 0.080 0.090 0.099 0.109 0.000 0.000 0.000 0.000 0.000 0.000 0.000 0.000 0.000 0.000 0.000 0.000
0.000 0.000 0.000 0.001 0.003 0.005 0.005 0.006 0.006 0.007 0.007 0.008 0.008 0.008 0.008 0.008 0.009 0.009 0.009 0.009 0.009 0.009 0.009 0.009 0.008 0.008 0.008 0.008 0.008 0.008 0.007 0.007 0.007 0.006 0.006 0.005 0.004 0.003 0.001 0.131 0.148 0.000 0.000 0.000 0.000 0.000 0.000 0.233 0.227 0.000 0.000 0.000 0.000 0.159 0.139 0.115 0.092 0.068 0.056 0.065 0.074 0.083 0.092 0.102 0.111 0.119 0.128 0.000 0.000 0.000 0.000 0.000 0.000 0.000 0.000 0.000 0.000
0.000 0.000 0.000 0.000 0.002 0.004 0.005 0.006 0.006 0.007 0.007 0.007 0.008 0.008 0.008 0.008 0.008 0.009 0.009 0.009 0.009 0.009 0.009 0.009 0.008 0.008 0.008 0.008 0.008 0.008 0.007 0.007 0.007 0.006 0.006 0.005 0.004 0.003 0.001 0.000 0.121 0.137 0.000 0.000 0.000 0.000 0.000 0.000 0.000 0.000 0.000 0.000 0.000 0.139 0.127 0.106 0.082 0.059 0.060 0.069 0.078 0.087 0.096 0.105 0.114 0.123 0.131 0.139 0.148 0.000 0.000 0.000 0.000 0.000 0.000 0.000 0.000
0.000 0.000 0.000 0.000 0.001 0.003 0.004 0.005 0.006 0.006 0.007 0.007 0.008 0.008 0.008 0.008 0.008 0.008 0.009 0.009 0.009 0.009 0.009 0.008 0.008 0.008 0.008 0.008 0.008 0.007 0.007 0.007 0.007 0.006 0.006 0.005 0.004 0.003 0.001 0.000 0.000 0.108 0.122 0.142 0.000 0.000 0.000 0.000 0.000 0.000 0.000 0.000 0.132 0.119 0.107 0.094 0.074 0.054 0.063 0.071 0.081 0.090 0.099 0.108 0.117 0.126 0.134 0.142 0.151 0.159 0.168 0.000 0.000 0.000 0.000 0.000 0.000
0.000 0.000 0.000 0.000 0.000 0.002 0.003 0.004 0.005 0.006 0.006 0.007 0.007 0.008 0.008 0.008 0.008 0.008 0.008 0.008 0.008 0.008 0.008 0.008 0.008 0.008 0.008 0.008 0.008 0.007 0.007 0.007 0.006 0.006 0.006 0.005 0.004 0.003 0.001 0.000 0.000 0.000 0.097 0.116 0.135 0.000 0.000 0.000 0.000 0.000 0.000 0.000 0.112 0.100 0.088 0.075 0.063 0.057 0.066 0.075 0.085 0.093 0.103 0.111 0.120 0.129 0.138 0.146 0.154 0.163 0.172 0.181 0.132 0.000 0.000 0.000 0.000
0.000 0.000 0.000 0.000 0.000 0.000 0.002 0.003 0.004 0.005 0.006 0.007 0.007 0.007 0.008 0.008 0.008 0.008 0.008 0.008 0.008 0.008 0.008 0.008 0.008 0.008 0.008 0.008 0.007 0.007 0.007 0.007 0.006 0.006 0.005 0.005 0.004 0.002 0.000 0.000 0.000 0.000 0.000 0.091 0.109 0.128 0.000 0.000 0.000 0.000 0.000 0.105 0.093 0.081 0.068 0.055 0.053 0.057 0.067 0.078 0.088 0.097 0.106 0.115 0.124 0.000 0.000 0.000 0.157 0.166 0.175 0.184 0.177 0.090 0.023 0.000 0.000
0.000 0.000 0.000 0.000 0.000 0.000 0.000 0.002 0.003 0.004 0.005 0.006 0.007 0.007 0.007 0.007 0.008 0.008 0.008 0.008 0.008 0.008 0.008 0.008 0.008 0.008 0.008 0.008 0.007 0.007 0.007 0.006 0.006 0.006 0.005 0.004 0.003 0.001 0.000 0.000 0.000 0.000 0.000 0.000 0.083 0.101 0.120 0.000 0.000 0.000 0.000 0.085 0.073 0.061 0.053 0.053 0.052 0.055 0.065 0.075 0.086 0.095 0.105 0.114 0.124 0.000 0.000 0.000 0.000 0.000 0.178 0.187 0.196 0.134 0.094 0.055 0.000
0.000 0.000 0.000 0.000 0.000 0.000 0.000 0.000 0.002 0.003 0.004 0.005 0.006 0.007 0.007 0.007 0.007 0.008 0.008 0.008 0.008 0.008 0.008 0.008 0.008 0.008 0.007 0.007 0.007 0.007 0.007 0.006 0.006 0.005 0.004 0.003 0.002 0.000 0.000 0.000 0.000 0.000 0.000 0.000 0.060 0.077 0.093 0.111 0.000 0.097 0.083 0.067 0.054 0.053 0.053 0.053 0.052 0.052 0.063 0.073 0.083 0.093 0.102 0.112 0.000 0.000 0.000 0.000 0.000 0.000 0.000 0.188 0.198 0.203 0.165 0.126 0.000
0.000 0.000 0.000 0.000 0.000 0.000 0.000 0.000 0.000 0.002 0.003 0.004 0.005 0.006 0.006 0.007 0.007 0.007 0.007 0.007 0.008 0.008 0.008 0.007 0.007 0.007 0.007 0.007 0.007 0.007 0.006 0.006 0.005 0.004 0.003 0.002 0.000 0.000 0.000 0.000 0.000 0.000 0.000 0.000 0.000 0.053 0.068 0.083 0.096 0.079 0.064 0.056 0.055 0.054 0.053 0.053 0.053 0.052 0.061 0.071 0.081 0.091 0.101 0.000 0.000 0.000 0.000 0.000 0.000 0.000 0.000 0.000 0.000 0.209 0.205 0.196 0.157
0.000 0.000 0.000 0.000 0.000 0.000 0.000 0.000 0.000 0.000 0.002 0.003 0.004 0.005 0.006 0.006 0.007 0.007 0.007 0.007 0.007 0.007 0.007 0.007 0.007 0.007 0.007 0.007 0.006 0.006 0.006 0.005 0.004 0.003 0.002 0.000 0.000 0.000 0.000 0.000 0.000 0.000 0.000 0.000 0.000 0.000 0.043 0.057 0.071 0.061 0.059 0.057 0.055 0.054 0.054 0.053 0.053 0.053 0.060 0.070 0.080 0.090 0.100 0.000 0.000 0.000 0.000 0.000 0.000 0.000 0.000 0.000 0.000 0.000 0.000 0.206 0.201
0.000 0.000 0.000 0.000 0.000 0.000 0.000 0.000 0.000 0.000 0.000 0.002 0.003 0.004 0.005 0.006 0.006 0.006 0.006 0.007 0.007 0.007 0.007 0.007 0.007 0.007 0.006 0.006 0.006 0.006 0.005 0.004 0.003 0.002 0.000 0.000 0.000 0.000 0.000 0.000 0.000 0.000 0.000 0.000 0.000 0.000 0.000 0.032 0.047 0.060 0.058 0.056 0.055 0.055 0.054 0.054 0.053 0.053 0.058 0.068 0.079 0.089 0.000 0.000 0.000 0.000 0.000 0.000 0.000 0.000 0.000 0.000 0.000 0.000 0.000 0.000 0.000
0.000 0.000 0.000 0.000 0.000 0.000 0.000 0.000 0.000 0.000 0.000 0.000 0.002 0.003 0.004 0.005 0.005 0.006 0.006 0.006 0.006 0.006 0.006 0.006 0.006 0.006 0.006 0.006 0.005 0.005 0.004 0.003 0.002 0.000 0.000 0.000 0.000 0.000 0.000 0.000 0.000 0.000 0.000 0.000 0.000 0.000 0.000 0.000 0.025 0.042 0.056 0.055 0.055 0.054 0.054 0.054 0.053 0.053 0.056 0.067 0.077 0.087 0.000 0.000 0.000 0.000 0.000 0.000 0.000 0.000 0.000 0.000 0.000 0.000 0.000 0.000 0.000
0.000 0.000 0.000 0.000 0.000 0.000 0.000 0.000 0.000 0.000 0.000 0.000 0.000 0.002 0.003 0.004 0.005 0.005 0.005 0.005 0.005 0.005 0.005 0.005 0.005 0.005 0.005 0.005 0.005 0.004 0.003 0.002 0.000 0.000 0.000 0.000 0.000 0.000 0.000 0.000 0.000 0.000 0.000 0.000 0.000 0.000 0.000 0.000 0.000 0.000 0.040 0.054 0.054 0.053 0.053 0.053 0.053 0.053 0.054 0.064 0.075 0.000 0.000 0.000 0.000 0.000 0.000 0.000 0.000 0.000 0.000 0.000 0.000 0.000 0.000 0.000 0.000
0.000 0.000 0.000 0.000 0.000 0.000 0.000 0.000 0.000 0.000 0.000 0.000 0.000 0.000 0.001 0.002 0.003 0.003 0.003 0.003 0.003 0.003 0.003 0.003 0.003 0.003 0.003 0.003 0.003 0.002 0.001 0.000 0.000 0.000 0.000 0.000 0.000 0.000 0.000 0.000 0.000 0.000 0.000 0.000 0.000 0.000 0.000 0.000 0.000 0.000 0.019 0.039 0.053 0.053 0.052 0.052 0.052 0.052 0.052 0.062 0.072 0.000 0.000 0.000 0.000 0.000 0.000 0.000 0.000 0.000 0.000 0.000 0.000 0.000 0.000 0.000 0.000
0.000 0.000 0.000 0.000 0.000 0.000 0.000 0.000 0.000 0.000 0.000 0.000 0.000 0.000 0.000 0.000 0.001 0.001 0.001 0.001 0.001 0.001 0.001 0.001 0.001 0.001 0.001 0.001 0.001 0.000 0.000 0.000 0.000 0.000 0.000 0.000 0.000 0.000 0.000 0.000 0.000 0.000 0.000 0.000 0.000 0.000 0.000 0.000 0.000 0.000 0.002 0.019 0.038 0.052 0.051 0.051 0.050 0.050 0.051 0.059 0.000 0.000 0.000 0.000 0.000 0.000 0.000 0.000 0.000 0.000 0.000 0.000 0.000 0.000 0.000 0.000 0.000
0.000 0.000 0.000 0.000 0.000 0.000 0.000 0.000 0.000 0.000 0.000 0.000 0.000 0.000 0.000 0.000 0.000 0.000 0.000 0.000 0.000 0.000 0.000 0.000 0.000 0.000 0.000 0.000 0.000 0.000 0.000 0.000 0.000 0.000 0.000 0.000 0.000 0.000 0.000 0.000 0.000 0.000 0.000 0.000 0.000 0.000 0.000 0.000 0.000 0.000 0.000 0.002 0.017 0.037 0.050 0.049 0.048 0.048 0.047 0.000 0.000 0.000 0.000 0.000 0.000 0.000 0.000 0.000 0.000 0.000 0.000 0.000 0.000 0.000 0.000 0.000 0.000
0.000 0.000 0.000 0.000 0.000 0.000 0.000 0.000 0.000 0.000 0.000 0.000 0.000 0.000 0.000 0.000 0.000 0.000 0.000 0.000 0.000 0.000 0.000 0.000 0.000 0.000 0.000 0.000 0.000 0.000 0.000 0.000 0.000 0.000 0.000 0.000 0.000 0.000 0.000 0.000 0.000 0.000 0.000 0.000 0.000 0.000 0.000 0.000 0.000 0.000 0.000 0.001 0.002 0.015 0.035 0.047 0.046 0.044 0.042 0.040 0.000 0.000 0.000 0.000 0.000 0.000 0.000 0.000 0.000 0.000 0.000 0.000 0.000 0.000 0.000 0.000 0.000
0.000 0.000 0.000 0.000 0.000 0.000 0.000 0.000 0.000 0.000 0.000 0.000 0.000 0.000 0.000 0.000 0.000 0.000 0.000 0.000 0.000 0.000 0.000 0.000 0.000 0.000 0.000 0.000 0.000 0.000 0.000 0.000 0.000 0.000 0.000 0.000 0.000 0.000 0.000 0.000 0.000 0.000 0.000 0.000 0.000 0.000 0.000 0.000 0.000 0.000 0.000 0.001 0.001 0.001 0.011 0.032 0.043 0.040 0.037 0.034 0.037 0.000 0.000 0.000 0.000 0.000 0.000 0.000 0.000 0.000 0.000 0.000 0.000 0.000 0.000 0.000 0.000
0.000 0.000 0.000 0.000 0.000 0.000 0.000 0.000 0.000 0.000 0.000 0.000 0.000 0.000 0.000 0.000 0.000 0.000 0.000 0.000 0.000 0.000 0.000 0.000 0.000 0.000 0.000 0.000 0.000 0.000 0.000 0.000 0.000 0.000 0.000 0.000 0.000 0.000 0.000 0.000 0.000 0.000 0.000 0.000 0.000 0.000 0.000 0.000 0.000 0.000 0.000 0.001 0.001 0.001 0.001 0.007 0.027 0.037 0.033 0.028 0.030 0.027 0.029 0.000 0.000 0.000 0.000 0.000 0.000 0.000 0.000 0.000 0.000 0.000 0.000 0.000 0.000
0.000 0.000 0.000 0.000 0.000 0.000 0.000 0.000 0.000 0.000 0.000 0.000 0.000 0.000 0.000 0.000 0.000 0.000 0.000 0.000 0.000 0.000 0.000 0.000 0.000 0.000 0.000 0.000 0.000 0.000 0.000 0.000 0.000 0.000 0.000 0.000 0.000 0.000 0.000 0.000 0.000 0.000 0.000 0.000 0.000 0.000 0.000 0.000 0.000 0.000 0.000 0.000 0.001 0.001 0.001 0.001 0.003 0.020 0.029 0.024 0.023 0.022 0.024 0.028 0.000 0.000 0.000 0.000 0.000 0.000 0.000 0.000 0.000 0.000 0.000 0.000 0.000
0.000 0.000 0.000 0.000 0.000 0.000 0.000 0.000 0.000 0.000 0.000 0.000 0.000 0.000 0.000 0.000 0.000 0.000 0.000 0.000 0.000 0.000 0.000 0.000 0.000 0.000 0.000 0.000 0.000 0.000 0.000 0.000 0.000 0.000 0.000 0.000 0.000 0.000 0.000 0.000 0.000 0.000 0.000 0.000 0.000 0.000 0.000 0.000 0.000 0.000 0.000 0.000 0.001 0.001 0.001 0.001 0.001 0.002 0.012 0.019 0.016 0.017 0.020 0.024 0.027 0.000 0.000 0.000 0.000 0.000 0.000 0.000 0.000 0.000 0.000 0.000 0.000
