数据/200y_1h/200y_1h_res/200y_1h_121-0001.wd
ncols         694
nrows         824
xllcorner     581104.939801
yllcorner     3495917.092414
cellsize      2.000000
NODATA_value  -9999.000000
[rows 714 to 747 of 824, columns 154 to 230 of 694]
0.000 0.000 0.000 0.000 0.000 0.000 0.002 0.003 0.004 0.005 0.006 0.007 0.008 0.008 0.009 0.009 0.009 0.009 0.009 0.008 0.001 0.001 0.072 0.069 0.066 0.063 0.058 0.052 0.046 0.041 0.035 0.031 0.000 0.000 0.000 0.000 0.000 0.000 0.000 0.000 0.000 0.000 0.001 0.002 0.015 0.024 0.034 0.043 0.054 0.000 0.000 0.000 0.000 0.000 0.000 0.000 0.000 0.000 0.151 0.162 0.172 0.172 0.149 0.129 0.138 0.054 0.001 0.001 0.000 0.000 0.000 0.000 0.000 0.000 0.000 0.000 0.000
0.000 0.000 0.000 0.000 0.000 0.002 0.003 0.004 0.005 0.006 0.007 0.008 0.009 0.009 0.010 0.010 0.011 0.011 0.011 0.011 0.011 0.010 0.000 0.089 0.086 0.082 0.078 0.072 0.066 0.059 0.053 0.047 0.041 0.037 0.000 0.000 0.000 0.000 0.000 0.000 0.000 0.001 0.001 0.033 0.076 0.086 0.096 0.107 0.117 0.000 0.000 0.000 0.000 0.000 0.000 0.000 0.000 0.000 0.214 0.209 0.186 0.163 0.140 0.131 0.141 0.096 0.011 0.001 0.000 0.000 0.000 0.000 0.000 0.000 0.000 0.000 0.000
0.000 0.000 0.000 0.000 0.001 0.003 0.004 0.005 0.006 0.007 0.008 0.009 0.009 0.010 0.011 0.011 0.012 0.012 0.013 0.014 0.014 0.015 0.014 0.001 0.001 0.102 0.098 0.092 0.085 0.078 0.072 0.065 0.060 0.055 0.051 0.000 0.000 0.000 0.000 0.000 0.001 0.001 0.019 0.074 0.130 0.149 0.159 0.169 0.180 0.000 0.000 0.000 0.000 0.000 0.000 0.000 0.000 0.248 0.224 0.201 0.177 0.154 0.130 0.134 0.144 0.140 0.055 0.001 0.000 0.000 0.000 0.000 0.000 0.000 0.000 0.000 0.000
0.000 0.000 0.000 0.000 0.002 0.004 0.005 0.006 0.007 0.008 0.009 0.009 0.010 0.011 0.011 0.012 0.013 0.014 0.015 0.016 0.017 0.018 0.020 0.022 0.025 0.003 0.118 0.111 0.105 0.097 0.090 0.084 0.078 0.073 0.069 0.065 0.062 0.000 0.000 0.000 0.001 0.009 0.060 0.115 0.172 0.212 0.222 0.233 0.000 0.000 0.000 0.000 0.000 0.000 0.000 0.000 0.000 0.239 0.215 0.192 0.168 0.145 0.128 0.137 0.147 0.156 0.098 0.013 0.001 0.000 0.000 0.000 0.000 0.000 0.000 0.000 0.000
0.000 0.000 0.000 0.001 0.003 0.005 0.006 0.007 0.008 0.008 0.009 0.010 0.011 0.011 0.012 0.013 0.014 0.015 0.016 0.017 0.019 0.021 0.024 0.030 0.040 0.058 0.003 0.130 0.124 0.115 0.108 0.102 0.097 0.093 0.089 0.086 0.083 0.080 0.000 0.028 0.028 0.052 0.102 0.158 0.214 0.270 0.285 0.295 0.000 0.000 0.000 0.000 0.000 0.000 0.000 0.000 0.000 0.230 0.206 0.183 0.159 0.136 0.131 0.140 0.149 0.159 0.143 0.057 0.000 0.000 0.000 0.000 0.000 0.000 0.000 0.000 0.000
0.000 0.000 0.000 0.001 0.003 0.005 0.006 0.007 0.008 0.009 0.009 0.010 0.011 0.012 0.012 0.013 0.014 0.015 0.016 0.018 0.020 0.022 0.025 0.029 0.034 0.040 0.026 0.001 0.001 0.130 0.125 0.121 0.117 0.113 0.109 0.106 0.103 0.100 0.093 0.067 0.073 0.094 0.145 0.200 0.257 0.312 0.348 0.358 0.000 0.000 0.000 0.000 0.000 0.000 0.000 0.000 0.000 0.221 0.197 0.173 0.150 0.126 0.134 0.144 0.153 0.162 0.172 0.102 0.000 0.000 0.000 0.000 0.000 0.000 0.000 0.000 0.000
0.000 0.000 0.000 0.001 0.003 0.005 0.006 0.007 0.008 0.009 0.010 0.010 0.011 0.012 0.013 0.014 0.014 0.015 0.017 0.018 0.020 0.021 0.024 0.026 0.029 0.030 0.024 0.017 0.011 0.001 0.143 0.140 0.136 0.133 0.130 0.127 0.124 0.122 0.119 0.000 0.000 0.132 0.187 0.242 0.298 0.354 0.410 0.421 0.432 0.409 0.000 0.000 0.000 0.000 0.000 0.000 0.236 0.212 0.188 0.164 0.141 0.128 0.137 0.146 0.156 0.165 0.175 0.146 0.000 0.000 0.000 0.000 0.000 0.000 0.000 0.000 0.000
0.000 0.000 0.000 0.001 0.003 0.005 0.006 0.007 0.008 0.009 0.010 0.011 0.011 0.012 0.013 0.014 0.015 0.016 0.017 0.018 0.019 0.021 0.022 0.024 0.025 0.025 0.022 0.018 0.014 0.010 0.001 0.159 0.157 0.153 0.150 0.147 0.145 0.143 0.000 0.000 0.000 0.000 0.229 0.284 0.340 0.396 0.451 0.447 0.423 0.399 0.375 0.351 0.000 0.000 0.000 0.000 0.227 0.203 0.179 0.155 0.131 0.131 0.140 0.150 0.159 0.168 0.178 0.000 0.000 0.000 0.000 0.000 0.000 0.000 0.000 0.000 0.000
0.000 0.000 0.000 0.001 0.003 0.005 0.006 0.007 0.008 0.009 0.010 0.011 0.011 0.012 0.013 0.014 0.014 0.015 0.016 0.017 0.019 0.020 0.021 0.022 0.022 0.022 0.020 0.018 0.015 0.012 0.009 0.001 0.000 0.173 0.170 0.168 0.167 0.000 0.000 0.000 0.000 0.000 0.000 0.327 0.382 0.406 0.427 0.000 0.000 0.390 0.367 0.342 0.318 0.294 0.000 0.000 0.217 0.194 0.170 0.146 0.125 0.134 0.143 0.153 0.162 0.171 0.181 0.000 0.000 0.000 0.000 0.000 0.000 0.000 0.000 0.000 0.000
0.000 0.000 0.000 0.001 0.003 0.005 0.006 0.007 0.008 0.009 0.010 0.011 0.011 0.012 0.013 0.014 0.014 0.015 0.016 0.017 0.018 0.019 0.019 0.020 0.020 0.020 0.018 0.017 0.015 0.013 0.011 0.008 0.006 0.001 0.190 0.186 0.000 0.000 0.000 0.000 0.000 0.000 0.000 0.340 0.361 0.383 0.404 0.000 0.000 0.000 0.000 0.333 0.309 0.284 0.258 0.233 0.208 0.184 0.160 0.136 0.128 0.137 0.146 0.156 0.165 0.174 0.183 0.000 0.000 0.000 0.000 0.000 0.000 0.000 0.000 0.000 0.000
0.000 0.000 0.000 0.001 0.003 0.005 0.006 0.007 0.008 0.009 0.010 0.011 0.011 0.012 0.013 0.013 0.014 0.015 0.015 0.016 0.017 0.018 0.018 0.018 0.018 0.018 0.017 0.016 0.014 0.013 0.011 0.009 0.008 0.005 0.000 0.201 0.193 0.000 0.000 0.000 0.000 0.000 0.000 0.316 0.338 0.359 0.382 0.394 0.000 0.000 0.000 0.000 0.000 0.274 0.249 0.223 0.198 0.174 0.151 0.127 0.131 0.139 0.149 0.158 0.167 0.177 0.000 0.000 0.000 0.000 0.000 0.000 0.000 0.000 0.000 0.000 0.000
0.000 0.000 0.000 0.001 0.003 0.005 0.006 0.007 0.008 0.009 0.010 0.010 0.011 0.012 0.012 0.013 0.014 0.014 0.015 0.016 0.016 0.017 0.017 0.017 0.017 0.017 0.016 0.015 0.014 0.013 0.011 0.010 0.009 0.007 0.005 0.000 0.209 0.206 0.000 0.000 0.000 0.000 0.000 0.000 0.315 0.000 0.000 0.373 0.360 0.000 0.000 0.000 0.000 0.000 0.000 0.211 0.188 0.164 0.141 0.124 0.132 0.142 0.151 0.160 0.170 0.179 0.000 0.000 0.000 0.000 0.000 0.000 0.000 0.000 0.000 0.000 0.000
0.000 0.000 0.000 0.001 0.003 0.005 0.006 0.007 0.008 0.009 0.010 0.010 0.011 0.011 0.012 0.013 0.013 0.014 0.014 0.015 0.015 0.016 0.016 0.016 0.016 0.016 0.015 0.014 0.013 0.012 0.011 0.010 0.009 0.008 0.006 0.004 0.001 0.223 0.240 0.000 0.000 0.000 0.000 0.000 0.000 0.000 0.000 0.000 0.341 0.000 0.000 0.000 0.000 0.000 0.223 0.200 0.177 0.153 0.130 0.126 0.135 0.144 0.153 0.162 0.171 0.182 0.000 0.000 0.000 0.000 0.000 0.000 0.000 0.000 0.000 0.000 0.000
0.000 0.000 0.000 0.001 0.003 0.005 0.006 0.007 0.008 0.009 0.009 0.010 0.011 0.011 0.012 0.012 0.013 0.013 0.014 0.014 0.015 0.015 0.015 0.015 0.015 0.015 0.014 0.014 0.013 0.012 0.011 0.010 0.009 0.008 0.007 0.005 0.003 0.001 0.212 0.228 0.000 0.000 0.000 0.000 0.000 0.000 0.000 0.000 0.321 0.000 0.000 0.000 0.000 0.000 0.213 0.190 0.167 0.143 0.119 0.127 0.136 0.146 0.154 0.163 0.172 0.000 0.000 0.000 0.000 0.000 0.000 0.000 0.000 0.000 0.000 0.000 0.000
0.000 0.000 0.000 0.001 0.003 0.005 0.006 0.007 0.008 0.008 0.009 0.010 0.010 0.011 0.011 0.012 0.012 0.013 0.013 0.014 0.014 0.014 0.014 0.014 0.014 0.014 0.013 0.013 0.012 0.012 0.011 0.010 0.009 0.008 0.007 0.006 0.004 0.003 0.001 0.199 0.214 0.000 0.000 0.000 0.000 0.000 0.000 0.307 0.301 0.000 0.000 0.000 0.000 0.222 0.202 0.180 0.156 0.132 0.120 0.129 0.138 0.147 0.156 0.164 0.172 0.179 0.187 0.000 0.000 0.000 0.000 0.000 0.000 0.000 0.000 0.000 0.000
0.000 0.000 0.000 0.000 0.002 0.004 0.005 0.006 0.007 0.008 0.009 0.009 0.010 0.010 0.011 0.011 0.012 0.012 0.013 0.013 0.013 0.013 0.013 0.013 0.013 0.013 0.013 0.012 0.012 0.011 0.010 0.010 0.009 0.008 0.007 0.006 0.005 0.003 0.001 0.000 0.184 0.198 0.000 0.000 0.000 0.000 0.000 0.000 0.000 0.000 0.000 0.000 0.000 0.202 0.190 0.169 0.146 0.122 0.122 0.131 0.140 0.148 0.158 0.166 0.174 0.182 0.190 0.197 0.206 0.000 0.000 0.000 0.000 0.000 0.000 0.000 0.000
0.000 0.000 0.000 0.000 0.001 0.003 0.004 0.005 0.006 0.007 0.008 0.009 0.009 0.010 0.010 0.011 0.011 0.012 0.012 0.012 0.012 0.013 0.013 0.013 0.013 0.012 0.012 0.012 0.011 0.011 0.010 0.009 0.009 0.008 0.007 0.006 0.005 0.003 0.001 0.000 0.000 0.166 0.177 0.196 0.000 0.000 0.000 0.000 0.000 0.000 0.000 0.000 0.192 0.181 0.169 0.157 0.136 0.116 0.124 0.133 0.142 0.151 0.160 0.169 0.177 0.185 0.193 0.201 0.209 0.216 0.225 0.000 0.000 0.000 0.000 0.000 0.000
0.000 0.000 0.000 0.000 0.000 0.002 0.003 0.004 0.005 0.006 0.007 0.008 0.009 0.009 0.010 0.010 0.011 0.011 0.011 0.012 0.012 0.012 0.012 0.012 0.012 0.012 0.011 0.011 0.011 0.010 0.010 0.009 0.008 0.008 0.007 0.006 0.005 0.003 0.001 0.000 0.000 0.000 0.151 0.169 0.187 0.000 0.000 0.000 0.000 0.000 0.000 0.000 0.172 0.160 0.148 0.136 0.123 0.118 0.127 0.136 0.145 0.154 0.163 0.172 0.180 0.188 0.196 0.204 0.211 0.219 0.228 0.236 0.187 0.000 0.000 0.000 0.000
0.000 0.000 0.000 0.000 0.000 0.000 0.002 0.003 0.004 0.005 0.006 0.007 0.008 0.009 0.009 0.010 0.010 0.011 0.011 0.011 0.011 0.011 0.011 0.011 0.011 0.011 0.011 0.011 0.010 0.010 0.009 0.009 0.008 0.007 0.006 0.005 0.004 0.002 0.000 0.000 0.000 0.000 0.000 0.143 0.160 0.178 0.000 0.000 0.000 0.000 0.000 0.164 0.152 0.140 0.127 0.116 0.112 0.117 0.127 0.137 0.147 0.157 0.166 0.175 0.185 0.000 0.000 0.000 0.214 0.223 0.230 0.239 0.231 0.144 0.076 0.000 0.000
0.000 0.000 0.000 0.000 0.000 0.000 0.000 0.002 0.003 0.004 0.005 0.006 0.007 0.008 0.009 0.009 0.010 0.010 0.010 0.010 0.011 0.011 0.011 0.011 0.011 0.010 0.010 0.010 0.010 0.009 0.009 0.008 0.007 0.006 0.005 0.004 0.003 0.001 0.000 0.000 0.000 0.000 0.000 0.000 0.132 0.150 0.169 0.000 0.000 0.000 0.000 0.144 0.131 0.119 0.112 0.112 0.112 0.114 0.125 0.135 0.145 0.155 0.165 0.175 0.185 0.000 0.000 0.000 0.000 0.000 0.233 0.242 0.250 0.188 0.147 0.107 0.000
0.000 0.000 0.000 0.000 0.000 0.000 0.000 0.000 0.002 0.003 0.004 0.005 0.006 0.007 0.008 0.009 0.009 0.009 0.010 0.010 0.010 0.010 0.010 0.010 0.010 0.010 0.010 0.009 0.009 0.009 0.008 0.007 0.006 0.005 0.004 0.003 0.002 0.000 0.000 0.000 0.000 0.000 0.000 0.000 0.109 0.125 0.141 0.159 0.000 0.149 0.136 0.124 0.111 0.111 0.111 0.111 0.111 0.112 0.122 0.133 0.143 0.153 0.163 0.173 0.000 0.000 0.000 0.000 0.000 0.000 0.000 0.242 0.252 0.256 0.217 0.178 0.000
0.000 0.000 0.000 0.000 0.000 0.000 0.000 0.000 0.000 0.002 0.003 0.004 0.005 0.006 0.007 0.008 0.008 0.009 0.009 0.009 0.009 0.009 0.009 0.009 0.009 0.009 0.009 0.009 0.008 0.008 0.007 0.006 0.005 0.004 0.003 0.002 0.000 0.000 0.000 0.000 0.000 0.000 0.000 0.000 0.000 0.101 0.116 0.131 0.146 0.130 0.117 0.111 0.110 0.110 0.110 0.110 0.110 0.111 0.120 0.130 0.140 0.150 0.161 0.000 0.000 0.000 0.000 0.000 0.000 0.000 0.000 0.000 0.000 0.262 0.257 0.246 0.205
0.000 0.000 0.000 0.000 0.000 0.000 0.000 0.000 0.000 0.000 0.002 0.003 0.004 0.005 0.006 0.007 0.008 0.008 0.008 0.008 0.008 0.008 0.008 0.008 0.008 0.008 0.008 0.008 0.008 0.007 0.006 0.005 0.004 0.003 0.002 0.000 0.000 0.000 0.000 0.000 0.000 0.000 0.000 0.000 0.000 0.000 0.091 0.105 0.121 0.112 0.111 0.110 0.109 0.109 0.109 0.109 0.109 0.110 0.116 0.127 0.138 0.148 0.158 0.000 0.000 0.000 0.000 0.000 0.000 0.000 0.000 0.000 0.000 0.000 0.000 0.254 0.249
0.000 0.000 0.000 0.000 0.000 0.000 0.000 0.000 0.000 0.000 0.000 0.002 0.003 0.004 0.005 0.006 0.007 0.007 0.007 0.007 0.007 0.007 0.007 0.007 0.007 0.007 0.007 0.007 0.007 0.006 0.005 0.004 0.003 0.002 0.000 0.000 0.000 0.000 0.000 0.000 0.000 0.000 0.000 0.000 0.000 0.000 0.000 0.081 0.097 0.111 0.109 0.108 0.108 0.107 0.108 0.108 0.108 0.108 0.113 0.124 0.135 0.145 0.000 0.000 0.000 0.000 0.000 0.000 0.000 0.000 0.000 0.000 0.000 0.000 0.000 0.000 0.000
0.000 0.000 0.000 0.000 0.000 0.000 0.000 0.000 0.000 0.000 0.000 0.000 0.002 0.003 0.004 0.005 0.006 0.006 0.006 0.006 0.006 0.006 0.006 0.006 0.006 0.006 0.006 0.006 0.006 0.005 0.004 0.003 0.002 0.000 0.000 0.000 0.000 0.000 0.000 0.000 0.000 0.000 0.000 0.000 0.000 0.000 0.000 0.000 0.075 0.092 0.107 0.106 0.106 0.106 0.106 0.106 0.106 0.106 0.110 0.121 0.132 0.143 0.000 0.000 0.000 0.000 0.000 0.000 0.000 0.000 0.000 0.000 0.000 0.000 0.000 0.000 0.000
0.000 0.000 0.000 0.000 0.000 0.000 0.000 0.000 0.000 0.000 0.000 0.000 0.000 0.002 0.003 0.004 0.005 0.005 0.005 0.005 0.005 0.005 0.005 0.005 0.005 0.005 0.005 0.005 0.005 0.004 0.003 0.002 0.000 0.000 0.000 0.000 0.000 0.000 0.000 0.000 0.000 0.000 0.000 0.000 0.000 0.000 0.000 0.000 0.000 0.053 0.088 0.104 0.104 0.104 0.103 0.103 0.103 0.104 0.106 0.117 0.128 0.000 0.000 0.000 0.000 0.000 0.000 0.000 0.000 0.000 0.000 0.000 0.000 0.000 0.000 0.000 0.000
0.000 0.000 0.000 0.000 0.000 0.000 0.000 0.000 0.000 0.000 0.000 0.000 0.000 0.000 0.001 0.002 0.003 0.003 0.003 0.003 0.003 0.003 0.003 0.003 0.003 0.003 0.003 0.003 0.003 0.002 0.001 0.000 0.000 0.000 0.000 0.000 0.000 0.000 0.000 0.000 0.000 0.000 0.000 0.000 0.000 0.000 0.000 0.000 0.000 0.000 0.067 0.088 0.102 0.101 0.100 0.100 0.099 0.100 0.102 0.113 0.126 0.000 0.000 0.000 0.000 0.000 0.000 0.000 0.000 0.000 0.000 0.000 0.000 0.000 0.000 0.000 0.000
0.000 0.000 0.000 0.000 0.000 0.000 0.000 0.000 0.000 0.000 0.000 0.000 0.000 0.000 0.000 0.000 0.001 0.001 0.001 0.001 0.001 0.001 0.001 0.001 0.001 0.001 0.001 0.001 0.001 0.000 0.000 0.000 0.000 0.000 0.000 0.000 0.000 0.000 0.000 0.000 0.000 0.000 0.000 0.000 0.000 0.000 0.000 0.000 0.000 0.000 0.046 0.066 0.086 0.099 0.097 0.095 0.092 0.094 0.097 0.109 0.000 0.000 0.000 0.000 0.000 0.000 0.000 0.000 0.000 0.000 0.000 0.000 0.000 0.000 0.000 0.000 0.000
0.000 0.000 0.000 0.000 0.000 0.000 0.000 0.000 0.000 0.000 0.000 0.000 0.000 0.000 0.000 0.000 0.000 0.000 0.000 0.000 0.000 0.000 0.000 0.000 0.000 0.000 0.000 0.000 0.000 0.000 0.000 0.000 0.000 0.000 0.000 0.000 0.000 0.000 0.000 0.000 0.000 0.000 0.000 0.000 0.000 0.000 0.000 0.000 0.000 0.000 0.000 0.044 0.063 0.081 0.092 0.087 0.074 0.083 0.086 0.000 0.000 0.000 0.000 0.000 0.000 0.000 0.000 0.000 0.000 0.000 0.000 0.000 0.000 0.000 0.000 0.000 0.000
0.000 0.000 0.000 0.000 0.000 0.000 0.000 0.000 0.000 0.000 0.000 0.000 0.000 0.000 0.000 0.000 0.000 0.000 0.000 0.000 0.000 0.000 0.000 0.000 0.000 0.000 0.000 0.000 0.000 0.000 0.000 0.000 0.000 0.000 0.000 0.000 0.000 0.000 0.000 0.000 0.000 0.000 0.000 0.000 0.000 0.000 0.000 0.000 0.000 0.000 0.000 0.022 0.040 0.058 0.074 0.083 0.077 0.078 0.076 0.075 0.000 0.000 0.000 0.000 0.000 0.000 0.000 0.000 0.000 0.000 0.000 0.000 0.000 0.000 0.000 0.000 0.000
0.000 0.000 0.000 0.000 0.000 0.000 0.000 0.000 0.000 0.000 0.000 0.000 0.000 0.000 0.000 0.000 0.000 0.000 0.000 0.000 0.000 0.000 0.000 0.000 0.000 0.000 0.000 0.000 0.000 0.000 0.000 0.000 0.000 0.000 0.000 0.000 0.000 0.000 0.000 0.000 0.000 0.000 0.000 0.000 0.000 0.000 0.000 0.000 0.000 0.000 0.000 0.003 0.017 0.034 0.050 0.067 0.076 0.074 0.071 0.067 0.070 0.000 0.000 0.000 0.000 0.000 0.000 0.000 0.000 0.000 0.000 0.000 0.000 0.000 0.000 0.000 0.000
0.000 0.000 0.000 0.000 0.000 0.000 0.000 0.000 0.000 0.000 0.000 0.000 0.000 0.000 0.000 0.000 0.000 0.000 0.000 0.000 0.000 0.000 0.000 0.000 0.000 0.000 0.000 0.000 0.000 0.000 0.000 0.000 0.000 0.000 0.000 0.000 0.000 0.000 0.000 0.000 0.000 0.000 0.000 0.000 0.000 0.000 0.000 0.000 0.000 0.000 0.000 0.001 0.002 0.010 0.026 0.043 0.061 0.070 0.066 0.060 0.061 0.056 0.057 0.000 0.000 0.000 0.000 0.000 0.000 0.000 0.000 0.000 0.000 0.000 0.000 0.000 0.000
0.000 0.000 0.000 0.000 0.000 0.000 0.000 0.000 0.000 0.000 0.000 0.000 0.000 0.000 0.000 0.000 0.000 0.000 0.000 0.000 0.000 0.000 0.000 0.000 0.000 0.000 0.000 0.000 0.000 0.000 0.000 0.000 0.000 0.000 0.000 0.000 0.000 0.000 0.000 0.000 0.000 0.000 0.000 0.000 0.000 0.000 0.000 0.000 0.000 0.000 0.000 0.000 0.001 0.001 0.005 0.020 0.037 0.054 0.062 0.055 0.052 0.049 0.050 0.053 0.000 0.000 0.000 0.000 0.000 0.000 0.000 0.000 0.000 0.000 0.000 0.000 0.000
0.000 0.000 0.000 0.000 0.000 0.000 0.000 0.000 0.000 0.000 0.000 0.000 0.000 0.000 0.000 0.000 0.000 0.000 0.000 0.000 0.000 0.000 0.000 0.000 0.000 0.000 0.000 0.000 0.000 0.000 0.000 0.000 0.000 0.000 0.000 0.000 0.000 0.000 0.000 0.000 0.000 0.000 0.000 0.000 0.000 0.000 0.000 0.000 0.000 0.000 0.000 0.000 0.001 0.001 0.001 0.002 0.014 0.030 0.044 0.048 0.042 0.041 0.044 0.046 0.048 0.000 0.000 0.000 0.000 0.000 0.000 0.000 0.000 0.000 0.000 0.000 0.000
