数据/200y_1h/200y_1h_res/200y_1h_126-0001.wd
ncols         694
nrows         824
xllcorner     581104.939801
yllcorner     3495917.092414
cellsize      2.000000
NODATA_value  -9999.000000
[rows 306 to 339 of 824, columns 462 to 538 of 694]
0.017 0.020 0.021 0.022 0.023 0.023 0.022 0.022 0.018 0.013 0.009 0.006 0.004 0.003 0.002 0.001 0.001 0.000 0.001 0.001 0.001 0.001 0.001 0.001 0.001 0.002 0.004 0.007 0.010 0.011 0.011 0.010 0.009 0.007 0.006 0.004 0.003 0.003 0.003 0.000 0.000 0.000 0.000 0.000 0.000 0.000 0.000 0.000 0.000 0.000 0.000 0.000 0.000 0.000 0.010 0.010 0.010 0.013 0.000 0.001 0.001 0.001 0.001 0.001 0.004 0.034 0.000 0.000 0.000 0.000 0.001 0.003 0.010 0.021 0.029 0.029 0.024
0.000 0.017 0.019 0.021 0.022 0.022 0.022 0.022 0.022 0.020 0.015 0.010 0.007 0.005 0.003 0.002 0.001 0.001 0.001 0.001 0.001 0.001 0.001 0.001 0.001 0.002 0.004 0.007 0.009 0.010 0.011 0.010 0.009 0.008 0.006 0.005 0.004 0.005 0.014 0.000 0.000 0.000 0.000 0.000 0.000 0.000 0.000 0.000 0.000 0.000 0.000 0.000 0.000 0.000 0.000 0.000 0.000 0.011 0.010 0.008 0.007 0.006 0.005 0.005 0.008 0.000 0.000 0.000 0.000 0.000 0.007 0.018 0.027 0.028 0.024 0.022 0.019
0.011 0.015 0.018 0.020 0.021 0.022 0.023 0.023 0.024 0.024 0.023 0.018 0.013 0.009 0.006 0.004 0.003 0.002 0.002 0.001 0.001 0.001 0.001 0.001 0.001 0.001 0.004 0.006 0.009 0.010 0.010 0.010 0.009 0.008 0.007 0.006 0.005 0.006 0.000 0.000 0.000 0.000 0.000 0.000 0.000 0.000 0.000 0.000 0.000 0.000 0.000 0.000 0.000 0.000 0.000 0.000 0.000 0.000 0.000 0.006 0.007 0.008 0.007 0.007 0.012 0.000 0.000 0.000 0.000 0.014 0.024 0.027 0.024 0.021 0.019 0.016 0.015
0.012 0.015 0.018 0.020 0.022 0.023 0.024 0.026 0.027 0.028 0.029 0.030 0.024 0.019 0.013 0.009 0.006 0.005 0.004 0.003 0.002 0.002 0.001 0.001 0.001 0.001 0.004 0.006 0.008 0.010 0.010 0.010 0.009 0.008 0.007 0.006 0.006 0.005 0.003 0.002 0.002 0.000 0.000 0.000 0.000 0.000 0.000 0.000 0.000 0.000 0.000 0.000 0.000 0.000 0.000 0.000 0.000 0.000 0.000 0.000 0.000 0.000 0.005 0.007 0.009 0.013 0.000 0.000 0.000 0.024 0.023 0.021 0.018 0.016 0.014 0.013 0.012
0.013 0.016 0.018 0.021 0.024 0.026 0.029 0.031 0.033 0.035 0.037 0.038 0.039 0.033 0.025 0.018 0.013 0.010 0.007 0.005 0.004 0.003 0.002 0.002 0.001 0.002 0.004 0.006 0.008 0.009 0.010 0.010 0.009 0.009 0.008 0.007 0.006 0.005 0.004 0.003 0.002 0.001 0.001 0.000 0.000 0.000 0.000 0.000 0.000 0.000 0.000 0.000 0.000 0.000 0.000 0.000 0.000 0.000 0.000 0.000 0.000 0.000 0.000 0.000 0.008 0.013 0.016 0.028 0.029 0.023 0.020 0.017 0.015 0.013 0.011 0.010 0.011
0.014 0.017 0.021 0.025 0.029 0.033 0.037 0.040 0.043 0.045 0.047 0.048 0.049 0.048 0.038 0.028 0.020 0.015 0.011 0.008 0.006 0.004 0.003 0.003 0.002 0.002 0.004 0.006 0.008 0.009 0.010 0.010 0.010 0.009 0.008 0.007 0.006 0.005 0.004 0.003 0.002 0.002 0.001 0.001 0.001 0.002 0.000 0.000 0.000 0.000 0.000 0.000 0.000 0.000 0.000 0.000 0.000 0.000 0.000 0.000 0.000 0.000 0.000 0.000 0.000 0.000 0.000 0.018 0.019 0.018 0.016 0.014 0.012 0.011 0.010 0.009 0.007
0.018 0.023 0.028 0.034 0.039 0.043 0.047 0.051 0.055 0.058 0.060 0.061 0.054 0.042 0.039 0.033 0.025 0.019 0.014 0.011 0.008 0.006 0.005 0.004 0.003 0.003 0.004 0.006 0.008 0.009 0.010 0.010 0.010 0.009 0.008 0.007 0.007 0.006 0.005 0.004 0.003 0.002 0.002 0.001 0.001 0.001 0.001 0.002 0.000 0.000 0.000 0.001 0.001 0.002 0.000 0.000 0.000 0.000 0.000 0.000 0.000 0.000 0.000 0.000 0.000 0.000 0.020 0.018 0.017 0.015 0.014 0.012 0.010 0.009 0.008 0.008 0.000
0.027 0.033 0.039 0.045 0.050 0.055 0.060 0.058 0.052 0.046 0.040 0.033 0.025 0.015 0.025 0.034 0.027 0.022 0.017 0.014 0.010 0.008 0.006 0.005 0.004 0.003 0.004 0.006 0.007 0.009 0.009 0.010 0.010 0.009 0.008 0.008 0.007 0.006 0.005 0.004 0.003 0.003 0.002 0.001 0.001 0.001 0.001 0.001 0.001 0.001 0.001 0.001 0.001 0.001 0.002 0.002 0.011 0.000 0.000 0.000 0.000 0.000 0.000 0.000 0.000 0.000 0.016 0.017 0.015 0.014 0.012 0.010 0.009 0.008 0.007 0.006 0.000
0.038 0.045 0.046 0.043 0.040 0.036 0.032 0.028 0.024 0.019 0.015 0.011 0.006 0.008 0.000 0.028 0.029 0.024 0.020 0.016 0.013 0.010 0.008 0.006 0.005 0.004 0.005 0.006 0.007 0.009 0.009 0.010 0.010 0.009 0.009 0.008 0.007 0.006 0.005 0.005 0.004 0.003 0.002 0.001 0.001 0.001 0.001 0.001 0.001 0.001 0.001 0.001 0.001 0.002 0.002 0.006 0.020 0.043 0.071 0.000 0.000 0.000 0.000 0.000 0.000 0.021 0.019 0.016 0.015 0.013 0.011 0.009 0.008 0.007 0.007 0.000 0.000
0.021 0.019 0.017 0.015 0.013 0.011 0.009 0.008 0.006 0.005 0.004 0.002 0.002 0.004 0.006 0.019 0.031 0.027 0.023 0.019 0.015 0.012 0.010 0.008 0.006 0.005 0.005 0.006 0.007 0.008 0.009 0.010 0.010 0.009 0.009 0.008 0.008 0.007 0.006 0.005 0.004 0.003 0.003 0.002 0.002 0.001 0.001 0.001 0.001 0.001 0.001 0.001 0.002 0.003 0.010 0.020 0.035 0.055 0.071 0.078 0.086 0.096 0.000 0.000 0.000 0.018 0.017 0.015 0.013 0.011 0.009 0.008 0.006 0.006 0.004 0.000 0.000
0.004 0.004 0.003 0.003 0.002 0.002 0.002 0.002 0.001 0.001 0.001 0.001 0.001 0.002 0.005 0.013 0.028 0.030 0.026 0.022 0.019 0.015 0.013 0.011 0.009 0.009 0.008 0.009 0.010 0.010 0.011 0.011 0.011 0.010 0.010 0.009 0.008 0.008 0.007 0.006 0.005 0.004 0.004 0.003 0.003 0.002 0.002 0.001 0.001 0.002 0.002 0.003 0.009 0.017 0.027 0.037 0.043 0.044 0.049 0.055 0.062 0.070 0.074 0.082 0.000 0.022 0.019 0.014 0.011 0.009 0.007 0.006 0.005 0.005 0.000 0.000 0.000
0.001 0.001 0.001 0.001 0.001 0.001 0.001 0.001 0.001 0.001 0.001 0.001 0.001 0.001 0.003 0.009 0.020 0.033 0.030 0.027 0.024 0.022 0.021 0.020 0.019 0.019 0.019 0.019 0.019 0.019 0.018 0.018 0.017 0.015 0.014 0.013 0.012 0.010 0.009 0.008 0.007 0.007 0.006 0.006 0.005 0.005 0.005 0.004 0.004 0.006 0.010 0.017 0.026 0.035 0.040 0.035 0.031 0.029 0.030 0.032 0.038 0.044 0.048 0.052 0.045 0.031 0.020 0.014 0.009 0.007 0.005 0.004 0.004 0.003 0.000 0.000 0.000
0.001 0.001 0.001 0.001 0.001 0.001 0.001 0.001 0.001 0.001 0.001 0.001 0.001 0.001 0.002 0.005 0.014 0.032 0.037 0.036 0.037 0.038 0.040 0.041 0.042 0.042 0.041 0.041 0.040 0.038 0.036 0.033 0.031 0.028 0.026 0.024 0.022 0.020 0.018 0.017 0.016 0.016 0.016 0.017 0.018 0.019 0.019 0.019 0.016 0.021 0.028 0.035 0.041 0.035 0.030 0.026 0.022 0.019 0.017 0.016 0.016 0.017 0.020 0.021 0.018 0.014 0.011 0.007 0.004 0.004 0.003 0.003 0.003 0.000 0.000 0.000 0.000
0.001 0.001 0.001 0.001 0.001 0.001 0.000 0.000 0.000 0.000 0.001 0.001 0.001 0.001 0.001 0.003 0.009 0.026 0.053 0.057 0.060 0.064 0.067 0.069 0.070 0.070 0.069 0.069 0.067 0.065 0.061 0.056 0.052 0.048 0.046 0.043 0.040 0.038 0.037 0.037 0.038 0.039 0.041 0.043 0.046 0.047 0.048 0.048 0.046 0.040 0.045 0.037 0.031 0.025 0.021 0.017 0.014 0.011 0.009 0.008 0.007 0.006 0.005 0.005 0.004 0.004 0.004 0.003 0.002 0.002 0.002 0.002 0.002 0.014 0.000 0.000 0.000
0.000 0.000 0.000 0.000 0.000 0.000 0.000 0.000 0.000 0.000 0.001 0.001 0.001 0.001 0.001 0.002 0.007 0.024 0.067 0.084 0.089 0.094 0.098 0.098 0.099 0.099 0.099 0.098 0.096 0.093 0.088 0.078 0.075 0.073 0.070 0.066 0.064 0.063 0.063 0.064 0.065 0.068 0.070 0.073 0.076 0.078 0.079 0.080 0.071 0.052 0.050 0.044 0.036 0.030 0.024 0.019 0.015 0.011 0.009 0.006 0.005 0.004 0.003 0.002 0.002 0.001 0.001 0.001 0.001 0.001 0.001 0.001 0.001 0.000 0.000 0.000 0.000
0.000 0.000 0.000 0.000 0.000 0.000 0.000 0.000 0.000 0.000 0.000 0.001 0.001 0.001 0.001 0.002 0.011 0.000 0.069 0.114 0.119 0.124 0.129 0.000 0.000 0.000 0.000 0.000 0.000 0.000 0.000 0.098 0.101 0.100 0.097 0.090 0.089 0.089 0.090 0.092 0.094 0.097 0.100 0.103 0.106 0.101 0.091 0.079 0.066 0.047 0.046 0.050 0.055 0.047 0.040 0.034 0.028 0.023 0.019 0.015 0.012 0.009 0.007 0.005 0.004 0.003 0.002 0.002 0.002 0.001 0.001 0.001 0.001 0.001 0.001 0.001 0.000
0.000 0.000 0.000 0.000 0.000 0.000 0.000 0.000 0.000 0.000 0.000 0.000 0.001 0.006 0.000 0.000 0.015 0.000 0.000 0.130 0.000 0.000 0.000 0.000 0.000 0.000 0.000 0.000 0.000 0.000 0.000 0.000 0.000 0.000 0.000 0.113 0.116 0.118 0.117 0.120 0.124 0.127 0.122 0.113 0.104 0.094 0.084 0.073 0.060 0.041 0.042 0.043 0.047 0.053 0.055 0.048 0.042 0.036 0.030 0.025 0.020 0.016 0.013 0.010 0.008 0.006 0.005 0.004 0.003 0.002 0.002 0.001 0.001 0.001 0.001 0.001 0.001
0.000 0.000 0.000 0.000 0.000 0.000 0.000 0.000 0.000 0.000 0.000 0.000 0.000 0.000 0.000 0.000 0.000 0.000 0.000 0.000 0.000 0.000 0.000 0.000 0.000 0.000 0.000 0.000 0.000 0.000 0.000 0.000 0.000 0.000 0.000 0.000 0.000 0.000 0.145 0.141 0.133 0.124 0.114 0.106 0.097 0.087 0.077 0.066 0.053 0.037 0.037 0.038 0.040 0.044 0.050 0.056 0.055 0.049 0.042 0.036 0.031 0.026 0.021 0.017 0.014 0.011 0.009 0.007 0.005 0.004 0.003 0.002 0.002 0.002 0.001 0.001 0.001
0.000 0.000 0.000 0.000 0.000 0.000 0.000 0.000 0.000 0.000 0.000 0.000 0.000 0.000 0.000 0.000 0.000 0.000 0.000 0.000 0.000 0.000 0.000 0.000 0.000 0.000 0.000 0.000 0.000 0.000 0.000 0.000 0.000 0.000 0.000 0.000 0.000 0.000 0.000 0.000 0.000 0.000 0.106 0.098 0.090 0.080 0.070 0.059 0.045 0.033 0.032 0.032 0.033 0.036 0.040 0.045 0.052 0.058 0.055 0.048 0.042 0.036 0.031 0.026 0.021 0.017 0.014 0.011 0.009 0.007 0.005 0.004 0.003 0.003 0.002 0.002 0.001
0.000 0.000 0.000 0.000 0.000 0.000 0.000 0.000 0.000 0.000 0.000 0.000 0.000 0.000 0.000 0.000 0.000 0.000 0.000 0.000 0.000 0.000 0.000 0.000 0.000 0.000 0.000 0.000 0.000 0.000 0.000 0.000 0.000 0.000 0.000 0.000 0.000 0.000 0.000 0.000 0.000 0.000 0.000 0.000 0.000 0.071 0.062 0.052 0.037 0.027 0.026 0.026 0.027 0.028 0.031 0.036 0.041 0.047 0.054 0.060 0.055 0.048 0.042 0.036 0.030 0.026 0.021 0.017 0.014 0.011 0.009 0.007 0.005 0.004 0.004 0.003 0.002
0.000 0.000 0.000 0.000 0.000 0.000 0.000 0.000 0.000 0.000 0.000 0.000 0.000 0.000 0.000 0.000 0.000 0.000 0.000 0.000 0.000 0.000 0.000 0.000 0.000 0.000 0.000 0.000 0.000 0.000 0.000 0.000 0.000 0.000 0.000 0.000 0.000 0.000 0.000 0.000 0.000 0.000 0.000 0.000 0.000 0.000 0.000 0.000 0.022 0.018 0.018 0.018 0.019 0.021 0.023 0.026 0.031 0.036 0.042 0.049 0.055 0.060 0.053 0.047 0.041 0.035 0.030 0.025 0.021 0.017 0.014 0.012 0.009 0.008 0.006 0.005 0.004
0.000 0.000 0.000 0.000 0.000 0.000 0.000 0.000 0.000 0.000 0.000 0.000 0.000 0.000 0.000 0.000 0.000 0.000 0.000 0.000 0.000 0.000 0.000 0.000 0.000 0.000 0.000 0.000 0.000 0.000 0.000 0.000 0.000 0.000 0.000 0.000 0.000 0.000 0.000 0.000 0.000 0.000 0.000 0.000 0.000 0.000 0.000 0.000 0.000 0.000 0.007 0.009 0.011 0.013 0.015 0.017 0.021 0.026 0.031 0.037 0.043 0.050 0.057 0.058 0.051 0.045 0.040 0.034 0.030 0.026 0.023 0.020 0.017 0.015 0.012 0.011 0.009
0.000 0.000 0.000 0.000 0.000 0.000 0.000 0.000 0.000 0.000 0.000 0.000 0.000 0.000 0.000 0.000 0.000 0.000 0.000 0.000 0.000 0.000 0.000 0.000 0.000 0.000 0.000 0.000 0.000 0.000 0.000 0.000 0.000 0.000 0.000 0.000 0.000 0.000 0.000 0.000 0.000 0.000 0.000 0.000 0.000 0.000 0.000 0.000 0.000 0.000 0.000 0.000 0.000 0.000 0.005 0.008 0.012 0.017 0.021 0.026 0.032 0.038 0.044 0.051 0.058 0.057 0.051 0.046 0.042 0.038 0.035 0.033 0.030 0.027 0.024 0.021 0.018
0.000 0.000 0.000 0.000 0.000 0.000 0.000 0.000 0.000 0.000 0.000 0.000 0.000 0.000 0.000 0.000 0.000 0.000 0.000 0.000 0.000 0.000 0.000 0.000 0.000 0.000 0.000 0.000 0.000 0.000 0.000 0.000 0.000 0.000 0.000 0.000 0.000 0.000 0.000 0.000 0.000 0.000 0.000 0.000 0.000 0.000 0.000 0.000 0.000 0.000 0.000 0.000 0.000 0.000 0.000 0.000 0.000 0.000 0.010 0.015 0.021 0.027 0.030 0.037 0.045 0.053 0.061 0.060 0.057 0.055 0.054 0.052 0.049 0.046 0.041 0.036 0.031
0.000 0.000 0.000 0.000 0.000 0.000 0.000 0.000 0.000 0.000 0.000 0.000 0.000 0.000 0.000 0.000 0.000 0.000 0.000 0.000 0.000 0.000 0.000 0.000 0.000 0.000 0.000 0.000 0.000 0.000 0.000 0.000 0.000 0.000 0.000 0.000 0.000 0.000 0.000 0.000 0.000 0.000 0.000 0.000 0.000 0.000 0.000 0.000 0.000 0.000 0.000 0.000 0.000 0.000 0.000 0.000 0.000 0.000 0.000 0.006 0.011 0.015 0.000 0.023 0.032 0.041 0.050 0.062 0.076 0.078 0.077 0.075 0.073 0.068 0.060 0.052 0.045
0.000 0.000 0.000 0.000 0.000 0.000 0.000 0.000 0.000 0.000 0.000 0.000 0.000 0.000 0.000 0.000 0.000 0.000 0.000 0.000 0.000 0.000 0.000 0.000 0.000 0.000 0.000 0.000 0.000 0.000 0.000 0.000 0.000 0.000 0.000 0.000 0.000 0.000 0.000 0.000 0.000 0.000 0.000 0.000 0.000 0.000 0.000 0.000 0.000 0.000 0.000 0.000 0.000 0.000 0.000 0.000 0.000 0.000 0.000 0.001 0.003 0.006 0.007 0.014 0.021 0.029 0.039 0.053 0.071 0.092 0.102 0.101 0.098 0.092 0.076 0.068 0.059
0.000 0.000 0.000 0.000 0.000 0.000 0.000 0.000 0.000 0.000 0.000 0.000 0.000 0.000 0.000 0.000 0.000 0.000 0.000 0.000 0.000 0.000 0.000 0.000 0.000 0.000 0.000 0.000 0.000 0.000 0.000 0.000 0.000 0.000 0.000 0.000 0.000 0.000 0.000 0.000 0.000 0.000 0.000 0.000 0.000 0.000 0.000 0.000 0.000 0.000 0.000 0.000 0.000 0.000 0.000 0.000 0.000 0.000 0.000 0.001 0.001 0.001 0.002 0.006 0.012 0.019 0.029 0.046 0.067 0.090 0.000 0.000 0.000 0.000 0.085 0.083 0.069
0.000 0.000 0.000 0.000 0.000 0.000 0.000 0.000 0.000 0.000 0.000 0.000 0.000 0.000 0.000 0.000 0.000 0.000 0.000 0.000 0.000 0.000 0.000 0.000 0.000 0.000 0.000 0.000 0.000 0.000 0.000 0.000 0.000 0.000 0.000 0.000 0.000 0.000 0.000 0.000 0.000 0.000 0.000 0.000 0.000 0.000 0.000 0.000 0.000 0.000 0.000 0.000 0.000 0.000 0.000 0.000 0.000 0.000 0.000 0.001 0.001 0.001 0.001 0.001 0.004 0.011 0.021 0.041 0.065 0.000 0.000 0.000 0.000 0.000 0.000 0.000 0.072
0.000 0.000 0.000 0.000 0.000 0.000 0.000 0.000 0.000 0.000 0.000 0.000 0.000 0.000 0.000 0.000 0.000 0.000 0.000 0.000 0.000 0.000 0.000 0.000 0.000 0.000 0.000 0.000 0.000 0.000 0.000 0.000 0.000 0.000 0.000 0.000 0.000 0.000 0.000 0.000 0.000 0.000 0.000 0.000 0.000 0.000 0.000 0.000 0.000 0.000 0.000 0.000 0.000 0.000 0.000 0.000 0.000 0.000 0.000 0.001 0.001 0.001 0.001 0.001 0.001 0.004 0.014 0.038 0.000 0.000 0.000 0.000 0.000 0.000 0.000 0.000 0.000
0.000 0.000 0.000 0.000 0.000 0.000 0.000 0.000 0.000 0.000 0.000 0.000 0.000 0.000 0.000 0.000 0.000 0.000 0.000 0.000 0.000 0.000 0.000 0.000 0.000 0.000 0.000 0.000 0.000 0.000 0.000 0.000 0.000 0.000 0.000 0.000 0.000 0.000 0.000 0.000 0.000 0.000 0.000 0.000 0.000 0.000 0.000 0.000 0.000 0.000 0.000 0.000 0.000 0.000 0.000 0.000 0.000 0.000 0.000 0.000 0.000 0.001 0.001 0.001 0.001 0.001 0.010 0.034 0.000 0.000 0.000 0.000 0.000 0.000 0.000 0.000 0.000
0.000 0.000 0.000 0.000 0.000 0.000 0.000 0.000 0.000 0.000 0.000 0.000 0.000 0.000 0.000 0.000 0.000 0.000 0.000 0.000 0.000 0.000 0.000 0.000 0.000 0.000 0.000 0.000 0.000 0.000 0.000 0.000 0.000 0.000 0.000 0.000 0.000 0.000 0.000 0.000 0.000 0.000 0.000 0.000 0.000 0.000 0.000 0.000 0.000 0.000 0.000 0.000 0.000 0.000 0.000 0.000 0.000 0.000 0.000 0.000 0.000 0.000 0.001 0.001 0.001 0.001 0.007 0.000 0.000 0.000 0.000 0.000 0.000 0.000 0.000 0.000 0.000
0.000 0.000 0.000 0.000 0.000 0.000 0.000 0.000 0.000 0.000 0.000 0.000 0.000 0.000 0.000 0.000 0.000 0.000 0.000 0.000 0.000 0.000 0.000 0.000 0.000 0.000 0.000 0.000 0.000 0.000 0.000 0.000 0.000 0.000 0.000 0.000 0.000 0.000 0.000 0.000 0.000 0.000 0.000 0.000 0.000 0.000 0.000 0.000 0.000 0.000 0.000 0.000 0.000 0.000 0.000 0.000 0.000 0.000 0.000 0.000 0.000 0.000 0.001 0.001 0.001 0.001 0.020 0.000 0.000 0.000 0.000 0.000 0.000 0.000 0.000 0.000 0.000
0.000 0.000 0.000 0.000 0.000 0.000 0.000 0.000 0.000 0.000 0.000 0.000 0.000 0.000 0.000 0.000 0.000 0.000 0.000 0.000 0.000 0.000 0.000 0.000 0.000 0.000 0.000 0.000 0.000 0.000 0.000 0.000 0.000 0.000 0.000 0.000 0.000 0.000 0.000 0.000 0.000 0.000 0.000 0.000 0.000 0.000 0.000 0.000 0.000 0.000 0.000 0.000 0.000 0.000 0.000 0.000 0.000 0.000 0.000 0.000 0.000 0.000 0.001 0.001 0.001 0.001 0.000 0.000 0.000 0.000 0.000 0.000 0.000 0.000 0.000 0.000 0.000
0.000 0.000 0.000 0.000 0.000 0.000 0.000 0.000 0.000 0.000 0.000 0.000 0.000 0.000 0.000 0.000 0.000 0.000 0.000 0.000 0.000 0.000 0.000 0.000 0.000 0.000 0.000 0.000 0.000 0.000 0.000 0.000 0.000 0.000 0.000 0.000 0.000 0.000 0.000 0.000 0.000 0.000 0.000 0.000 0.000 0.000 0.000 0.000 0.000 0.000 0.000 0.000 0.000 0.000 0.000 0.000 0.000 0.000 0.000 0.000 0.000 0.000 0.001 0.001 0.001 0.001 0.000 0.000 0.000 0.000 0.000 0.000 0.000 0.000 0.000 0.000 0.000
