数据/200y_1h/200y_1h_res/200y_1h_120-0001.wd
ncols         694
nrows         824
xllcorner     581104.939801
yllcorner     3495917.092414
cellsize      2.000000
NODATA_value  -9999.000000
[rows 306 to 339 of 824, columns 462 to 538 of 694]
0.030 0.032 0.032 0.032 0.032 0.031 0.031 0.031 0.027 0.021 0.016 0.011 0.008 0.005 0.003 0.002 0.001 0.000 0.001 0.001 0.001 0.001 0.001 0.001 0.002 0.003 0.005 0.009 0.011 0.013 0.013 0.012 0.010 0.008 0.007 0.005 0.004 0.003 0.004 0.000 0.000 0.000 0.000 0.000 0.000 0.000 0.000 0.000 0.000 0.000 0.000 0.000 0.000 0.000 0.012 0.012 0.012 0.015 0.000 0.001 0.001 0.001 0.001 0.001 0.004 0.034 0.000 0.000 0.000 0.000 0.001 0.003 0.011 0.022 0.032 0.031 0.027
0.040 0.035 0.033 0.033 0.033 0.033 0.033 0.033 0.033 0.030 0.024 0.018 0.014 0.010 0.007 0.004 0.003 0.002 0.002 0.001 0.001 0.001 0.001 0.001 0.002 0.003 0.005 0.008 0.011 0.012 0.012 0.012 0.011 0.009 0.008 0.006 0.005 0.006 0.015 0.000 0.000 0.000 0.000 0.000 0.000 0.000 0.000 0.000 0.000 0.000 0.000 0.000 0.000 0.000 0.000 0.000 0.000 0.012 0.012 0.010 0.008 0.007 0.006 0.006 0.010 0.000 0.000 0.000 0.000 0.000 0.008 0.019 0.028 0.029 0.026 0.023 0.021
0.034 0.033 0.033 0.034 0.034 0.035 0.036 0.036 0.036 0.036 0.034 0.028 0.022 0.017 0.013 0.009 0.006 0.005 0.004 0.003 0.002 0.002 0.001 0.001 0.002 0.002 0.005 0.008 0.011 0.012 0.012 0.012 0.011 0.009 0.008 0.007 0.006 0.007 0.000 0.000 0.000 0.000 0.000 0.000 0.000 0.000 0.000 0.000 0.000 0.000 0.000 0.000 0.000 0.000 0.000 0.000 0.000 0.000 0.000 0.007 0.009 0.009 0.008 0.008 0.013 0.000 0.000 0.000 0.000 0.014 0.024 0.027 0.025 0.022 0.020 0.018 0.017
0.031 0.032 0.034 0.035 0.037 0.038 0.040 0.041 0.040 0.039 0.038 0.039 0.034 0.028 0.023 0.017 0.013 0.010 0.007 0.005 0.004 0.003 0.002 0.002 0.002 0.002 0.005 0.008 0.010 0.012 0.012 0.012 0.011 0.010 0.009 0.007 0.007 0.006 0.004 0.002 0.002 0.000 0.000 0.000 0.000 0.000 0.000 0.000 0.000 0.000 0.000 0.000 0.000 0.000 0.000 0.000 0.000 0.000 0.000 0.000 0.000 0.000 0.006 0.009 0.011 0.015 0.000 0.000 0.000 0.024 0.023 0.021 0.019 0.017 0.015 0.014 0.013
0.030 0.033 0.036 0.039 0.042 0.044 0.046 0.047 0.046 0.041 0.042 0.045 0.048 0.043 0.035 0.027 0.021 0.016 0.012 0.009 0.007 0.005 0.004 0.003 0.003 0.003 0.005 0.008 0.010 0.011 0.012 0.012 0.011 0.010 0.009 0.008 0.007 0.006 0.005 0.003 0.002 0.001 0.001 0.000 0.000 0.000 0.000 0.000 0.000 0.000 0.000 0.000 0.000 0.000 0.000 0.000 0.000 0.000 0.000 0.000 0.000 0.000 0.000 0.000 0.009 0.015 0.018 0.028 0.030 0.024 0.020 0.017 0.015 0.014 0.012 0.011 0.012
0.032 0.037 0.041 0.046 0.049 0.053 0.055 0.056 0.053 0.030 0.048 0.055 0.057 0.057 0.047 0.037 0.029 0.023 0.018 0.014 0.010 0.008 0.006 0.004 0.004 0.004 0.006 0.008 0.010 0.011 0.012 0.012 0.011 0.010 0.009 0.008 0.008 0.007 0.005 0.004 0.003 0.002 0.001 0.001 0.001 0.002 0.000 0.000 0.000 0.000 0.000 0.000 0.000 0.000 0.000 0.000 0.000 0.000 0.000 0.000 0.000 0.000 0.000 0.000 0.000 0.000 0.000 0.017 0.019 0.018 0.016 0.014 0.013 0.011 0.010 0.009 0.008
0.038 0.044 0.050 0.055 0.060 0.063 0.066 0.068 0.068 0.063 0.064 0.067 0.062 0.050 0.049 0.043 0.034 0.027 0.022 0.017 0.013 0.010 0.008 0.006 0.005 0.004 0.006 0.008 0.009 0.011 0.011 0.011 0.011 0.010 0.010 0.009 0.008 0.007 0.006 0.004 0.003 0.002 0.002 0.001 0.001 0.001 0.001 0.002 0.000 0.000 0.000 0.001 0.001 0.002 0.000 0.000 0.000 0.000 0.000 0.000 0.000 0.000 0.000 0.000 0.000 0.000 0.020 0.018 0.016 0.015 0.014 0.012 0.011 0.009 0.009 0.009 0.000
0.048 0.054 0.061 0.066 0.071 0.075 0.079 0.075 0.066 0.057 0.048 0.041 0.033 0.022 0.033 0.044 0.037 0.031 0.025 0.020 0.016 0.013 0.010 0.008 0.006 0.005 0.006 0.008 0.009 0.010 0.011 0.011 0.011 0.011 0.010 0.009 0.008 0.007 0.006 0.005 0.004 0.003 0.002 0.001 0.001 0.001 0.001 0.001 0.001 0.002 0.002 0.002 0.002 0.002 0.002 0.003 0.018 0.000 0.000 0.000 0.000 0.000 0.000 0.000 0.000 0.000 0.016 0.016 0.015 0.013 0.012 0.010 0.009 0.008 0.007 0.006 0.000
0.059 0.066 0.068 0.064 0.060 0.056 0.050 0.045 0.039 0.032 0.025 0.019 0.011 0.014 0.000 0.037 0.039 0.034 0.028 0.024 0.020 0.016 0.012 0.010 0.008 0.007 0.007 0.008 0.009 0.010 0.011 0.011 0.011 0.011 0.010 0.010 0.009 0.008 0.007 0.005 0.004 0.003 0.003 0.002 0.001 0.001 0.001 0.001 0.001 0.002 0.002 0.002 0.002 0.003 0.004 0.012 0.029 0.052 0.079 0.000 0.000 0.000 0.000 0.000 0.000 0.022 0.019 0.016 0.014 0.012 0.010 0.009 0.008 0.007 0.007 0.000 0.000
0.040 0.038 0.035 0.033 0.029 0.026 0.022 0.019 0.015 0.012 0.009 0.005 0.004 0.007 0.010 0.027 0.041 0.036 0.032 0.027 0.023 0.019 0.016 0.013 0.011 0.009 0.009 0.009 0.010 0.011 0.011 0.012 0.012 0.012 0.011 0.010 0.009 0.008 0.007 0.006 0.005 0.004 0.003 0.003 0.002 0.002 0.001 0.001 0.002 0.002 0.002 0.003 0.004 0.008 0.017 0.028 0.043 0.064 0.079 0.085 0.091 0.100 0.000 0.000 0.000 0.019 0.018 0.015 0.013 0.011 0.009 0.007 0.006 0.006 0.005 0.000 0.000
0.011 0.010 0.009 0.009 0.008 0.006 0.005 0.004 0.003 0.003 0.002 0.001 0.002 0.004 0.007 0.019 0.038 0.040 0.036 0.032 0.028 0.025 0.022 0.020 0.018 0.017 0.016 0.016 0.016 0.016 0.016 0.016 0.015 0.015 0.014 0.013 0.011 0.010 0.009 0.008 0.007 0.006 0.005 0.005 0.004 0.003 0.003 0.002 0.003 0.003 0.004 0.008 0.016 0.024 0.034 0.045 0.051 0.052 0.056 0.061 0.067 0.073 0.076 0.084 0.000 0.023 0.019 0.015 0.011 0.009 0.007 0.006 0.005 0.005 0.000 0.000 0.000
0.002 0.002 0.002 0.002 0.002 0.001 0.001 0.001 0.001 0.001 0.001 0.001 0.001 0.002 0.005 0.013 0.028 0.045 0.042 0.039 0.038 0.037 0.037 0.036 0.036 0.035 0.035 0.034 0.033 0.032 0.031 0.029 0.027 0.025 0.023 0.021 0.019 0.017 0.015 0.014 0.012 0.012 0.011 0.011 0.010 0.010 0.010 0.008 0.008 0.012 0.018 0.025 0.033 0.042 0.047 0.042 0.038 0.036 0.037 0.039 0.041 0.042 0.049 0.053 0.046 0.031 0.021 0.014 0.009 0.007 0.005 0.004 0.004 0.003 0.000 0.000 0.000
0.001 0.001 0.001 0.001 0.001 0.001 0.001 0.001 0.001 0.001 0.001 0.001 0.001 0.001 0.003 0.009 0.021 0.045 0.054 0.054 0.056 0.058 0.060 0.061 0.062 0.062 0.061 0.060 0.059 0.056 0.053 0.050 0.046 0.043 0.040 0.037 0.034 0.032 0.030 0.029 0.028 0.028 0.028 0.029 0.030 0.031 0.031 0.030 0.026 0.030 0.036 0.043 0.049 0.043 0.037 0.032 0.028 0.024 0.022 0.021 0.020 0.020 0.022 0.023 0.020 0.016 0.011 0.007 0.005 0.004 0.003 0.003 0.003 0.000 0.000 0.000 0.000
0.001 0.001 0.001 0.001 0.001 0.001 0.000 0.000 0.000 0.000 0.001 0.001 0.001 0.001 0.002 0.006 0.015 0.040 0.075 0.078 0.082 0.086 0.089 0.090 0.090 0.090 0.090 0.089 0.087 0.084 0.079 0.074 0.069 0.066 0.063 0.059 0.056 0.054 0.053 0.053 0.053 0.054 0.055 0.057 0.058 0.059 0.060 0.059 0.055 0.048 0.053 0.045 0.038 0.032 0.026 0.022 0.018 0.015 0.012 0.010 0.009 0.008 0.006 0.006 0.005 0.005 0.004 0.003 0.002 0.002 0.002 0.002 0.002 0.014 0.000 0.000 0.000
0.000 0.000 0.000 0.000 0.000 0.000 0.000 0.000 0.000 0.000 0.001 0.001 0.001 0.001 0.001 0.003 0.012 0.040 0.089 0.106 0.111 0.115 0.119 0.120 0.120 0.120 0.119 0.118 0.116 0.112 0.107 0.097 0.094 0.091 0.088 0.084 0.081 0.080 0.079 0.080 0.081 0.083 0.085 0.086 0.088 0.090 0.090 0.090 0.081 0.060 0.058 0.052 0.043 0.036 0.029 0.024 0.019 0.015 0.011 0.009 0.007 0.005 0.004 0.003 0.002 0.002 0.001 0.001 0.001 0.001 0.001 0.001 0.001 0.000 0.000 0.000 0.000
0.000 0.000 0.000 0.000 0.000 0.000 0.000 0.000 0.000 0.000 0.000 0.001 0.001 0.001 0.001 0.002 0.016 0.000 0.091 0.135 0.140 0.145 0.151 0.000 0.000 0.000 0.000 0.000 0.000 0.000 0.000 0.118 0.120 0.119 0.115 0.108 0.107 0.107 0.106 0.108 0.110 0.112 0.114 0.116 0.118 0.113 0.102 0.090 0.075 0.055 0.055 0.058 0.063 0.055 0.047 0.040 0.034 0.028 0.023 0.019 0.015 0.012 0.009 0.007 0.005 0.004 0.003 0.002 0.002 0.002 0.001 0.001 0.001 0.001 0.001 0.001 0.000
0.000 0.000 0.000 0.000 0.000 0.000 0.000 0.000 0.000 0.000 0.000 0.000 0.001 0.006 0.000 0.000 0.019 0.000 0.000 0.152 0.000 0.000 0.000 0.000 0.000 0.000 0.000 0.000 0.000 0.000 0.000 0.000 0.000 0.000 0.000 0.131 0.134 0.135 0.134 0.136 0.139 0.141 0.136 0.126 0.116 0.106 0.095 0.083 0.069 0.050 0.050 0.052 0.055 0.061 0.063 0.056 0.049 0.042 0.036 0.030 0.025 0.021 0.017 0.013 0.010 0.008 0.006 0.005 0.004 0.003 0.002 0.002 0.001 0.001 0.001 0.001 0.001
0.000 0.000 0.000 0.000 0.000 0.000 0.000 0.000 0.000 0.000 0.000 0.000 0.000 0.000 0.000 0.000 0.000 0.000 0.000 0.000 0.000 0.000 0.000 0.000 0.000 0.000 0.000 0.000 0.000 0.000 0.000 0.000 0.000 0.000 0.000 0.000 0.000 0.000 0.161 0.157 0.148 0.139 0.128 0.119 0.109 0.099 0.088 0.077 0.062 0.046 0.045 0.046 0.048 0.052 0.057 0.063 0.063 0.056 0.049 0.043 0.037 0.031 0.026 0.021 0.017 0.014 0.011 0.009 0.007 0.005 0.004 0.003 0.002 0.002 0.002 0.001 0.001
0.000 0.000 0.000 0.000 0.000 0.000 0.000 0.000 0.000 0.000 0.000 0.000 0.000 0.000 0.000 0.000 0.000 0.000 0.000 0.000 0.000 0.000 0.000 0.000 0.000 0.000 0.000 0.000 0.000 0.000 0.000 0.000 0.000 0.000 0.000 0.000 0.000 0.000 0.000 0.000 0.000 0.000 0.119 0.111 0.102 0.091 0.081 0.069 0.054 0.041 0.040 0.040 0.041 0.044 0.048 0.053 0.059 0.066 0.063 0.056 0.049 0.043 0.037 0.031 0.026 0.022 0.018 0.014 0.011 0.009 0.007 0.005 0.004 0.003 0.003 0.002 0.002
0.000 0.000 0.000 0.000 0.000 0.000 0.000 0.000 0.000 0.000 0.000 0.000 0.000 0.000 0.000 0.000 0.000 0.000 0.000 0.000 0.000 0.000 0.000 0.000 0.000 0.000 0.000 0.000 0.000 0.000 0.000 0.000 0.000 0.000 0.000 0.000 0.000 0.000 0.000 0.000 0.000 0.000 0.000 0.000 0.000 0.082 0.073 0.062 0.045 0.034 0.033 0.033 0.034 0.036 0.039 0.043 0.049 0.055 0.061 0.068 0.062 0.055 0.048 0.042 0.036 0.031 0.026 0.021 0.017 0.014 0.011 0.009 0.007 0.006 0.005 0.004 0.003
0.000 0.000 0.000 0.000 0.000 0.000 0.000 0.000 0.000 0.000 0.000 0.000 0.000 0.000 0.000 0.000 0.000 0.000 0.000 0.000 0.000 0.000 0.000 0.000 0.000 0.000 0.000 0.000 0.000 0.000 0.000 0.000 0.000 0.000 0.000 0.000 0.000 0.000 0.000 0.000 0.000 0.000 0.000 0.000 0.000 0.000 0.000 0.000 0.030 0.024 0.024 0.024 0.026 0.028 0.030 0.034 0.038 0.044 0.050 0.056 0.063 0.067 0.061 0.053 0.047 0.041 0.035 0.030 0.026 0.022 0.018 0.015 0.013 0.010 0.009 0.007 0.006
0.000 0.000 0.000 0.000 0.000 0.000 0.000 0.000 0.000 0.000 0.000 0.000 0.000 0.000 0.000 0.000 0.000 0.000 0.000 0.000 0.000 0.000 0.000 0.000 0.000 0.000 0.000 0.000 0.000 0.000 0.000 0.000 0.000 0.000 0.000 0.000 0.000 0.000 0.000 0.000 0.000 0.000 0.000 0.000 0.000 0.000 0.000 0.000 0.000 0.000 0.011 0.015 0.017 0.020 0.021 0.024 0.028 0.033 0.039 0.045 0.051 0.058 0.064 0.065 0.058 0.052 0.046 0.040 0.036 0.032 0.028 0.025 0.022 0.020 0.017 0.014 0.012
0.000 0.000 0.000 0.000 0.000 0.000 0.000 0.000 0.000 0.000 0.000 0.000 0.000 0.000 0.000 0.000 0.000 0.000 0.000 0.000 0.000 0.000 0.000 0.000 0.000 0.000 0.000 0.000 0.000 0.000 0.000 0.000 0.000 0.000 0.000 0.000 0.000 0.000 0.000 0.000 0.000 0.000 0.000 0.000 0.000 0.000 0.000 0.000 0.000 0.000 0.000 0.000 0.000 0.000 0.010 0.014 0.019 0.024 0.028 0.033 0.039 0.045 0.051 0.057 0.064 0.063 0.058 0.053 0.049 0.046 0.043 0.041 0.038 0.035 0.031 0.027 0.023
0.000 0.000 0.000 0.000 0.000 0.000 0.000 0.000 0.000 0.000 0.000 0.000 0.000 0.000 0.000 0.000 0.000 0.000 0.000 0.000 0.000 0.000 0.000 0.000 0.000 0.000 0.000 0.000 0.000 0.000 0.000 0.000 0.000 0.000 0.000 0.000 0.000 0.000 0.000 0.000 0.000 0.000 0.000 0.000 0.000 0.000 0.000 0.000 0.000 0.000 0.000 0.000 0.000 0.000 0.000 0.000 0.000 0.000 0.016 0.021 0.027 0.033 0.036 0.043 0.051 0.060 0.069 0.068 0.066 0.065 0.064 0.062 0.059 0.055 0.050 0.044 0.038
0.000 0.000 0.000 0.000 0.000 0.000 0.000 0.000 0.000 0.000 0.000 0.000 0.000 0.000 0.000 0.000 0.000 0.000 0.000 0.000 0.000 0.000 0.000 0.000 0.000 0.000 0.000 0.000 0.000 0.000 0.000 0.000 0.000 0.000 0.000 0.000 0.000 0.000 0.000 0.000 0.000 0.000 0.000 0.000 0.000 0.000 0.000 0.000 0.000 0.000 0.000 0.000 0.000 0.000 0.000 0.000 0.000 0.000 0.000 0.010 0.016 0.020 0.000 0.028 0.038 0.047 0.058 0.071 0.087 0.088 0.087 0.086 0.083 0.077 0.069 0.061 0.053
0.000 0.000 0.000 0.000 0.000 0.000 0.000 0.000 0.000 0.000 0.000 0.000 0.000 0.000 0.000 0.000 0.000 0.000 0.000 0.000 0.000 0.000 0.000 0.000 0.000 0.000 0.000 0.000 0.000 0.000 0.000 0.000 0.000 0.000 0.000 0.000 0.000 0.000 0.000 0.000 0.000 0.000 0.000 0.000 0.000 0.000 0.000 0.000 0.000 0.000 0.000 0.000 0.000 0.000 0.000 0.000 0.000 0.000 0.000 0.003 0.007 0.010 0.010 0.018 0.027 0.036 0.047 0.063 0.082 0.103 0.113 0.112 0.108 0.101 0.085 0.076 0.067
0.000 0.000 0.000 0.000 0.000 0.000 0.000 0.000 0.000 0.000 0.000 0.000 0.000 0.000 0.000 0.000 0.000 0.000 0.000 0.000 0.000 0.000 0.000 0.000 0.000 0.000 0.000 0.000 0.000 0.000 0.000 0.000 0.000 0.000 0.000 0.000 0.000 0.000 0.000 0.000 0.000 0.000 0.000 0.000 0.000 0.000 0.000 0.000 0.000 0.000 0.000 0.000 0.000 0.000 0.000 0.000 0.000 0.000 0.000 0.001 0.001 0.003 0.005 0.010 0.017 0.026 0.038 0.057 0.079 0.101 0.000 0.000 0.000 0.000 0.094 0.092 0.077
0.000 0.000 0.000 0.000 0.000 0.000 0.000 0.000 0.000 0.000 0.000 0.000 0.000 0.000 0.000 0.000 0.000 0.000 0.000 0.000 0.000 0.000 0.000 0.000 0.000 0.000 0.000 0.000 0.000 0.000 0.000 0.000 0.000 0.000 0.000 0.000 0.000 0.000 0.000 0.000 0.000 0.000 0.000 0.000 0.000 0.000 0.000 0.000 0.000 0.000 0.000 0.000 0.000 0.000 0.000 0.000 0.000 0.000 0.000 0.001 0.001 0.001 0.001 0.003 0.009 0.017 0.030 0.052 0.076 0.000 0.000 0.000 0.000 0.000 0.000 0.000 0.079
0.000 0.000 0.000 0.000 0.000 0.000 0.000 0.000 0.000 0.000 0.000 0.000 0.000 0.000 0.000 0.000 0.000 0.000 0.000 0.000 0.000 0.000 0.000 0.000 0.000 0.000 0.000 0.000 0.000 0.000 0.000 0.000 0.000 0.000 0.000 0.000 0.000 0.000 0.000 0.000 0.000 0.000 0.000 0.000 0.000 0.000 0.000 0.000 0.000 0.000 0.000 0.000 0.000 0.000 0.000 0.000 0.000 0.000 0.000 0.001 0.001 0.001 0.001 0.001 0.002 0.009 0.024 0.049 0.000 0.000 0.000 0.000 0.000 0.000 0.000 0.000 0.000
0.000 0.000 0.000 0.000 0.000 0.000 0.000 0.000 0.000 0.000 0.000 0.000 0.000 0.000 0.000 0.000 0.000 0.000 0.000 0.000 0.000 0.000 0.000 0.000 0.000 0.000 0.000 0.000 0.000 0.000 0.000 0.000 0.000 0.000 0.000 0.000 0.000 0.000 0.000 0.000 0.000 0.000 0.000 0.000 0.000 0.000 0.000 0.000 0.000 0.000 0.000 0.000 0.000 0.000 0.000 0.000 0.000 0.000 0.000 0.000 0.000 0.001 0.001 0.001 0.001 0.003 0.019 0.045 0.000 0.000 0.000 0.000 0.000 0.000 0.000 0.000 0.000
0.000 0.000 0.000 0.000 0.000 0.000 0.000 0.000 0.000 0.000 0.000 0.000 0.000 0.000 0.000 0.000 0.000 0.000 0.000 0.000 0.000 0.000 0.000 0.000 0.000 0.000 0.000 0.000 0.000 0.000 0.000 0.000 0.000 0.000 0.000 0.000 0.000 0.000 0.000 0.000 0.000 0.000 0.000 0.000 0.000 0.000 0.000 0.000 0.000 0.000 0.000 0.000 0.000 0.000 0.000 0.000 0.000 0.000 0.000 0.000 0.000 0.000 0.001 0.001 0.001 0.001 0.015 0.000 0.000 0.000 0.000 0.000 0.000 0.000 0.000 0.000 0.000
0.000 0.000 0.000 0.000 0.000 0.000 0.000 0.000 0.000 0.000 0.000 0.000 0.000 0.000 0.000 0.000 0.000 0.000 0.000 0.000 0.000 0.000 0.000 0.000 0.000 0.000 0.000 0.000 0.000 0.000 0.000 0.000 0.000 0.000 0.000 0.000 0.000 0.000 0.000 0.000 0.000 0.000 0.000 0.000 0.000 0.000 0.000 0.000 0.000 0.000 0.000 0.000 0.000 0.000 0.000 0.000 0.000 0.000 0.000 0.000 0.000 0.000 0.001 0.001 0.001 0.001 0.028 0.000 0.000 0.000 0.000 0.000 0.000 0.000 0.000 0.000 0.000
0.000 0.000 0.000 0.000 0.000 0.000 0.000 0.000 0.000 0.000 0.000 0.000 0.000 0.000 0.000 0.000 0.000 0.000 0.000 0.000 0.000 0.000 0.000 0.000 0.000 0.000 0.000 0.000 0.000 0.000 0.000 0.000 0.000 0.000 0.000 0.000 0.000 0.000 0.000 0.000 0.000 0.000 0.000 0.000 0.000 0.000 0.000 0.000 0.000 0.000 0.000 0.000 0.000 0.000 0.000 0.000 0.000 0.000 0.000 0.000 0.000 0.000 0.001 0.001 0.001 0.002 0.000 0.000 0.000 0.000 0.000 0.000 0.000 0.000 0.000 0.000 0.000
0.000 0.000 0.000 0.000 0.000 0.000 0.000 0.000 0.000 0.000 0.000 0.000 0.000 0.000 0.000 0.000 0.000 0.000 0.000 0.000 0.000 0.000 0.000 0.000 0.000 0.000 0.000 0.000 0.000 0.000 0.000 0.000 0.000 0.000 0.000 0.000 0.000 0.000 0.000 0.000 0.000 0.000 0.000 0.000 0.000 0.000 0.000 0.000 0.000 0.000 0.000 0.000 0.000 0.000 0.000 0.000 0.000 0.000 0.000 0.000 0.000 0.000 0.001 0.001 0.001 0.002 0.000 0.000 0.000 0.000 0.000 0.000 0.000 0.000 0.000 0.000 0.000
