数据/200y_1h/200y_1h_res/200y_1h_131-0001.wd
ncols         694
nrows         824
xllcorner     581104.939801
yllcorner     3495917.092414
cellsize      2.000000
NODATA_value  -9999.000000
[rows 714 to 747 of 824, columns 154 to 230 of 694]
0.000 0.000 0.000 0.000 0.000 0.000 0.002 0.003 0.004 0.005 0.006 0.007 0.008 0.008 0.008 0.009 0.009 0.009 0.008 0.007 0.001 0.001 0.053 0.048 0.043 0.038 0.032 0.026 0.021 0.017 0.013 0.010 0.000 0.000 0.000 0.000 0.000 0.000 0.000 0.000 0.000 0.000 0.001 0.001 0.001 0.002 0.005 0.013 0.022 0.000 0.000 0.000 0.000 0.000 0.000 0.000 0.000 0.000 0.115 0.126 0.137 0.136 0.114 0.094 0.103 0.021 0.001 0.001 0.000 0.000 0.000 0.000 0.000 0.000 0.000 0.000 0.000
0.000 0.000 0.000 0.000 0.000 0.002 0.003 0.004 0.005 0.006 0.007 0.008 0.008 0.009 0.009 0.010 0.010 0.010 0.010 0.009 0.008 0.007 0.000 0.064 0.060 0.053 0.047 0.042 0.036 0.031 0.027 0.023 0.019 0.016 0.000 0.000 0.000 0.000 0.000 0.000 0.000 0.001 0.001 0.004 0.036 0.047 0.059 0.069 0.080 0.000 0.000 0.000 0.000 0.000 0.000 0.000 0.000 0.000 0.178 0.173 0.151 0.127 0.103 0.096 0.105 0.060 0.001 0.001 0.000 0.000 0.000 0.000 0.000 0.000 0.000 0.000 0.000
0.000 0.000 0.000 0.000 0.001 0.003 0.004 0.005 0.006 0.007 0.008 0.009 0.009 0.010 0.010 0.010 0.011 0.011 0.011 0.011 0.011 0.011 0.009 0.000 0.001 0.068 0.064 0.059 0.054 0.049 0.044 0.039 0.035 0.031 0.028 0.000 0.000 0.000 0.000 0.000 0.001 0.001 0.002 0.037 0.093 0.111 0.122 0.133 0.143 0.000 0.000 0.000 0.000 0.000 0.000 0.000 0.000 0.212 0.188 0.164 0.141 0.118 0.094 0.098 0.107 0.103 0.018 0.001 0.000 0.000 0.000 0.000 0.000 0.000 0.000 0.000 0.000
0.000 0.000 0.000 0.000 0.002 0.004 0.005 0.006 0.007 0.008 0.008 0.009 0.010 0.010 0.011 0.011 0.011 0.012 0.012 0.012 0.013 0.013 0.013 0.013 0.013 0.001 0.082 0.077 0.072 0.067 0.061 0.056 0.052 0.049 0.046 0.042 0.040 0.000 0.000 0.000 0.001 0.002 0.024 0.079 0.135 0.175 0.185 0.195 0.000 0.000 0.000 0.000 0.000 0.000 0.000 0.000 0.000 0.203 0.180 0.156 0.131 0.109 0.091 0.101 0.110 0.119 0.062 0.001 0.001 0.000 0.000 0.000 0.000 0.000 0.000 0.000 0.000
0.000 0.000 0.000 0.001 0.003 0.005 0.006 0.007 0.007 0.008 0.009 0.009 0.010 0.011 0.011 0.011 0.012 0.012 0.013 0.013 0.014 0.014 0.015 0.016 0.020 0.028 0.001 0.095 0.092 0.085 0.080 0.075 0.071 0.068 0.065 0.062 0.060 0.057 0.000 0.014 0.012 0.021 0.065 0.121 0.177 0.234 0.248 0.258 0.000 0.000 0.000 0.000 0.000 0.000 0.000 0.000 0.000 0.194 0.171 0.147 0.123 0.099 0.094 0.104 0.114 0.122 0.105 0.020 0.000 0.000 0.000 0.000 0.000 0.000 0.000 0.000 0.000
0.000 0.000 0.000 0.001 0.003 0.005 0.006 0.007 0.008 0.009 0.009 0.010 0.010 0.011 0.011 0.012 0.012 0.013 0.013 0.014 0.014 0.015 0.016 0.017 0.018 0.020 0.014 0.001 0.001 0.101 0.098 0.094 0.091 0.088 0.085 0.082 0.080 0.077 0.071 0.050 0.052 0.061 0.107 0.163 0.220 0.275 0.311 0.322 0.000 0.000 0.000 0.000 0.000 0.000 0.000 0.000 0.000 0.185 0.161 0.137 0.114 0.090 0.097 0.107 0.117 0.126 0.134 0.065 0.000 0.000 0.000 0.000 0.000 0.000 0.000 0.000 0.000
0.000 0.000 0.000 0.001 0.003 0.005 0.006 0.007 0.008 0.009 0.009 0.010 0.011 0.011 0.012 0.012 0.013 0.013 0.014 0.014 0.015 0.015 0.016 0.016 0.017 0.017 0.015 0.011 0.008 0.001 0.116 0.114 0.111 0.108 0.105 0.103 0.101 0.099 0.096 0.000 0.000 0.094 0.150 0.206 0.261 0.318 0.374 0.386 0.397 0.374 0.000 0.000 0.000 0.000 0.000 0.000 0.199 0.175 0.152 0.129 0.105 0.092 0.101 0.111 0.121 0.129 0.137 0.110 0.000 0.000 0.000 0.000 0.000 0.000 0.000 0.000 0.000
0.000 0.000 0.000 0.001 0.003 0.005 0.006 0.007 0.008 0.009 0.010 0.010 0.011 0.011 0.012 0.012 0.013 0.013 0.014 0.014 0.015 0.015 0.015 0.016 0.016 0.016 0.014 0.013 0.011 0.008 0.001 0.134 0.132 0.128 0.126 0.124 0.122 0.121 0.000 0.000 0.000 0.000 0.193 0.249 0.304 0.360 0.414 0.411 0.388 0.365 0.342 0.319 0.000 0.000 0.000 0.000 0.191 0.167 0.143 0.119 0.096 0.094 0.104 0.114 0.124 0.133 0.141 0.000 0.000 0.000 0.000 0.000 0.000 0.000 0.000 0.000 0.000
0.000 0.000 0.000 0.001 0.003 0.005 0.006 0.007 0.008 0.009 0.010 0.010 0.011 0.011 0.012 0.012 0.013 0.013 0.014 0.014 0.015 0.015 0.015 0.015 0.015 0.015 0.014 0.013 0.012 0.010 0.007 0.000 0.001 0.149 0.146 0.144 0.143 0.000 0.000 0.000 0.000 0.000 0.000 0.291 0.347 0.370 0.391 0.000 0.000 0.357 0.334 0.310 0.287 0.262 0.000 0.000 0.181 0.158 0.134 0.110 0.089 0.098 0.108 0.118 0.127 0.136 0.144 0.000 0.000 0.000 0.000 0.000 0.000 0.000 0.000 0.000 0.000
0.000 0.000 0.000 0.001 0.003 0.005 0.006 0.007 0.008 0.009 0.010 0.010 0.011 0.011 0.012 0.012 0.013 0.013 0.014 0.014 0.014 0.015 0.015 0.015 0.015 0.014 0.014 0.013 0.012 0.011 0.009 0.007 0.005 0.001 0.166 0.163 0.000 0.000 0.000 0.000 0.000 0.000 0.000 0.303 0.325 0.347 0.368 0.000 0.000 0.000 0.000 0.301 0.277 0.252 0.226 0.199 0.174 0.149 0.123 0.098 0.091 0.101 0.111 0.121 0.130 0.139 0.147 0.000 0.000 0.000 0.000 0.000 0.000 0.000 0.000 0.000 0.000
0.000 0.000 0.000 0.001 0.003 0.005 0.006 0.007 0.008 0.009 0.010 0.010 0.011 0.011 0.012 0.012 0.013 0.013 0.013 0.014 0.014 0.014 0.014 0.014 0.014 0.014 0.014 0.013 0.012 0.011 0.010 0.009 0.007 0.005 0.001 0.178 0.171 0.000 0.000 0.000 0.000 0.000 0.000 0.280 0.302 0.323 0.345 0.359 0.000 0.000 0.000 0.000 0.000 0.242 0.217 0.189 0.164 0.139 0.108 0.089 0.094 0.104 0.114 0.123 0.132 0.141 0.000 0.000 0.000 0.000 0.000 0.000 0.000 0.000 0.000 0.000 0.000
0.000 0.000 0.000 0.001 0.003 0.005 0.006 0.007 0.008 0.009 0.009 0.010 0.011 0.011 0.012 0.012 0.012 0.013 0.013 0.014 0.014 0.014 0.014 0.014 0.014 0.014 0.013 0.013 0.012 0.011 0.010 0.009 0.008 0.007 0.005 0.000 0.187 0.185 0.000 0.000 0.000 0.000 0.000 0.000 0.279 0.000 0.000 0.338 0.326 0.000 0.000 0.000 0.000 0.000 0.000 0.177 0.153 0.129 0.106 0.087 0.096 0.106 0.117 0.125 0.134 0.144 0.000 0.000 0.000 0.000 0.000 0.000 0.000 0.000 0.000 0.000 0.000
0.000 0.000 0.000 0.001 0.003 0.005 0.006 0.007 0.008 0.009 0.009 0.010 0.010 0.011 0.011 0.012 0.012 0.013 0.013 0.013 0.013 0.014 0.014 0.014 0.014 0.013 0.013 0.012 0.012 0.011 0.010 0.010 0.009 0.007 0.006 0.004 0.000 0.202 0.220 0.000 0.000 0.000 0.000 0.000 0.000 0.000 0.000 0.000 0.305 0.000 0.000 0.000 0.000 0.000 0.188 0.166 0.143 0.120 0.096 0.090 0.100 0.110 0.119 0.128 0.137 0.146 0.000 0.000 0.000 0.000 0.000 0.000 0.000 0.000 0.000 0.000 0.000
0.000 0.000 0.000 0.001 0.003 0.005 0.006 0.007 0.008 0.008 0.009 0.010 0.010 0.011 0.011 0.012 0.012 0.012 0.013 0.013 0.013 0.013 0.013 0.013 0.013 0.013 0.013 0.012 0.012 0.011 0.010 0.010 0.009 0.008 0.007 0.005 0.003 0.001 0.192 0.209 0.000 0.000 0.000 0.000 0.000 0.000 0.000 0.000 0.285 0.000 0.000 0.000 0.000 0.000 0.179 0.155 0.133 0.109 0.085 0.092 0.103 0.112 0.120 0.129 0.138 0.000 0.000 0.000 0.000 0.000 0.000 0.000 0.000 0.000 0.000 0.000 0.000
0.000 0.000 0.000 0.001 0.003 0.005 0.006 0.007 0.007 0.008 0.009 0.009 0.010 0.010 0.011 0.011 0.012 0.012 0.012 0.013 0.013 0.013 0.013 0.013 0.013 0.012 0.012 0.012 0.011 0.011 0.010 0.010 0.009 0.008 0.007 0.006 0.004 0.003 0.001 0.180 0.197 0.000 0.000 0.000 0.000 0.000 0.000 0.270 0.265 0.000 0.000 0.000 0.000 0.191 0.171 0.147 0.123 0.099 0.087 0.096 0.105 0.114 0.122 0.131 0.139 0.147 0.155 0.000 0.000 0.000 0.000 0.000 0.000 0.000 0.000 0.000 0.000
0.000 0.000 0.000 0.000 0.002 0.004 0.005 0.006 0.007 0.008 0.008 0.009 0.010 0.010 0.011 0.011 0.011 0.012 0.012 0.012 0.012 0.012 0.012 0.012 0.012 0.012 0.012 0.011 0.011 0.010 0.010 0.009 0.009 0.008 0.007 0.006 0.005 0.003 0.001 0.000 0.167 0.181 0.000 0.000 0.000 0.000 0.000 0.000 0.000 0.000 0.000 0.000 0.000 0.171 0.158 0.137 0.113 0.089 0.089 0.098 0.106 0.115 0.124 0.133 0.142 0.150 0.159 0.168 0.177 0.000 0.000 0.000 0.000 0.000 0.000 0.000 0.000
0.000 0.000 0.000 0.000 0.001 0.003 0.004 0.005 0.006 0.007 0.008 0.009 0.009 0.010 0.010 0.011 0.011 0.011 0.011 0.012 0.012 0.012 0.012 0.012 0.012 0.012 0.011 0.011 0.011 0.010 0.010 0.009 0.008 0.008 0.007 0.006 0.005 0.003 0.001 0.000 0.000 0.150 0.161 0.180 0.000 0.000 0.000 0.000 0.000 0.000 0.000 0.000 0.160 0.149 0.138 0.126 0.104 0.083 0.091 0.100 0.109 0.118 0.126 0.136 0.145 0.153 0.162 0.171 0.179 0.187 0.195 0.000 0.000 0.000 0.000 0.000 0.000
0.000 0.000 0.000 0.000 0.000 0.002 0.003 0.004 0.005 0.006 0.007 0.008 0.009 0.009 0.010 0.010 0.010 0.011 0.011 0.011 0.011 0.011 0.011 0.011 0.011 0.011 0.011 0.011 0.010 0.010 0.009 0.009 0.008 0.007 0.007 0.006 0.005 0.003 0.001 0.000 0.000 0.000 0.135 0.153 0.171 0.000 0.000 0.000 0.000 0.000 0.000 0.000 0.141 0.129 0.116 0.106 0.092 0.087 0.096 0.105 0.113 0.122 0.130 0.140 0.149 0.157 0.164 0.173 0.182 0.190 0.198 0.206 0.158 0.000 0.000 0.000 0.000
0.000 0.000 0.000 0.000 0.000 0.000 0.002 0.003 0.004 0.005 0.006 0.007 0.008 0.009 0.009 0.010 0.010 0.010 0.010 0.011 0.011 0.011 0.011 0.011 0.011 0.011 0.010 0.010 0.010 0.009 0.009 0.008 0.008 0.007 0.006 0.005 0.004 0.002 0.000 0.000 0.000 0.000 0.000 0.127 0.144 0.161 0.000 0.000 0.000 0.000 0.000 0.136 0.124 0.110 0.098 0.086 0.083 0.087 0.096 0.105 0.114 0.124 0.134 0.145 0.154 0.000 0.000 0.000 0.185 0.193 0.201 0.209 0.202 0.116 0.049 0.000 0.000
0.000 0.000 0.000 0.000 0.000 0.000 0.000 0.002 0.003 0.004 0.005 0.006 0.007 0.008 0.009 0.009 0.009 0.010 0.010 0.010 0.010 0.010 0.010 0.010 0.010 0.010 0.010 0.010 0.009 0.009 0.008 0.008 0.007 0.006 0.005 0.004 0.003 0.001 0.000 0.000 0.000 0.000 0.000 0.000 0.116 0.134 0.152 0.000 0.000 0.000 0.000 0.117 0.104 0.091 0.084 0.083 0.082 0.085 0.094 0.103 0.112 0.122 0.133 0.144 0.153 0.000 0.000 0.000 0.000 0.000 0.204 0.213 0.222 0.160 0.119 0.080 0.000
0.000 0.000 0.000 0.000 0.000 0.000 0.000 0.000 0.002 0.003 0.004 0.005 0.006 0.007 0.008 0.008 0.009 0.009 0.009 0.010 0.010 0.010 0.010 0.010 0.010 0.009 0.009 0.009 0.009 0.008 0.008 0.007 0.006 0.005 0.004 0.003 0.002 0.000 0.000 0.000 0.000 0.000 0.000 0.000 0.093 0.108 0.124 0.141 0.000 0.124 0.111 0.098 0.084 0.083 0.083 0.083 0.083 0.083 0.093 0.102 0.111 0.121 0.133 0.144 0.000 0.000 0.000 0.000 0.000 0.000 0.000 0.214 0.223 0.228 0.190 0.151 0.000
0.000 0.000 0.000 0.000 0.000 0.000 0.000 0.000 0.000 0.002 0.003 0.004 0.005 0.006 0.007 0.008 0.008 0.009 0.009 0.009 0.009 0.009 0.009 0.009 0.009 0.009 0.009 0.008 0.008 0.008 0.007 0.006 0.005 0.004 0.003 0.002 0.000 0.000 0.000 0.000 0.000 0.000 0.000 0.000 0.000 0.084 0.098 0.112 0.125 0.107 0.092 0.085 0.083 0.082 0.082 0.082 0.082 0.082 0.091 0.100 0.110 0.120 0.130 0.000 0.000 0.000 0.000 0.000 0.000 0.000 0.000 0.000 0.000 0.234 0.230 0.220 0.180
0.000 0.000 0.000 0.000 0.000 0.000 0.000 0.000 0.000 0.000 0.002 0.003 0.004 0.005 0.006 0.007 0.007 0.008 0.008 0.008 0.008 0.008 0.008 0.008 0.008 0.008 0.008 0.008 0.007 0.007 0.006 0.005 0.004 0.003 0.002 0.000 0.000 0.000 0.000 0.000 0.000 0.000 0.000 0.000 0.000 0.000 0.072 0.086 0.100 0.090 0.087 0.084 0.083 0.082 0.081 0.081 0.080 0.080 0.088 0.097 0.108 0.117 0.127 0.000 0.000 0.000 0.000 0.000 0.000 0.000 0.000 0.000 0.000 0.000 0.000 0.229 0.224
0.000 0.000 0.000 0.000 0.000 0.000 0.000 0.000 0.000 0.000 0.000 0.002 0.003 0.004 0.005 0.006 0.007 0.007 0.007 0.007 0.007 0.007 0.007 0.007 0.007 0.007 0.007 0.007 0.007 0.006 0.005 0.004 0.003 0.002 0.000 0.000 0.000 0.000 0.000 0.000 0.000 0.000 0.000 0.000 0.000 0.000 0.000 0.061 0.076 0.089 0.087 0.085 0.083 0.082 0.081 0.080 0.080 0.080 0.085 0.095 0.105 0.115 0.000 0.000 0.000 0.000 0.000 0.000 0.000 0.000 0.000 0.000 0.000 0.000 0.000 0.000 0.000
0.000 0.000 0.000 0.000 0.000 0.000 0.000 0.000 0.000 0.000 0.000 0.000 0.002 0.003 0.004 0.005 0.006 0.006 0.006 0.006 0.006 0.006 0.006 0.006 0.006 0.006 0.006 0.006 0.006 0.005 0.004 0.003 0.002 0.000 0.000 0.000 0.000 0.000 0.000 0.000 0.000 0.000 0.000 0.000 0.000 0.000 0.000 0.000 0.054 0.072 0.086 0.084 0.083 0.081 0.080 0.079 0.079 0.079 0.082 0.092 0.102 0.112 0.000 0.000 0.000 0.000 0.000 0.000 0.000 0.000 0.000 0.000 0.000 0.000 0.000 0.000 0.000
0.000 0.000 0.000 0.000 0.000 0.000 0.000 0.000 0.000 0.000 0.000 0.000 0.000 0.002 0.003 0.004 0.005 0.005 0.005 0.005 0.005 0.005 0.005 0.005 0.005 0.005 0.005 0.005 0.005 0.004 0.003 0.002 0.000 0.000 0.000 0.000 0.000 0.000 0.000 0.000 0.000 0.000 0.000 0.000 0.000 0.000 0.000 0.000 0.000 0.050 0.069 0.083 0.081 0.080 0.078 0.077 0.077 0.077 0.079 0.089 0.100 0.000 0.000 0.000 0.000 0.000 0.000 0.000 0.000 0.000 0.000 0.000 0.000 0.000 0.000 0.000 0.000
0.000 0.000 0.000 0.000 0.000 0.000 0.000 0.000 0.000 0.000 0.000 0.000 0.000 0.000 0.001 0.002 0.003 0.003 0.003 0.003 0.003 0.003 0.003 0.003 0.003 0.003 0.003 0.003 0.003 0.002 0.001 0.000 0.000 0.000 0.000 0.000 0.000 0.000 0.000 0.000 0.000 0.000 0.000 0.000 0.000 0.000 0.000 0.000 0.000 0.000 0.047 0.066 0.079 0.078 0.076 0.074 0.073 0.073 0.075 0.086 0.097 0.000 0.000 0.000 0.000 0.000 0.000 0.000 0.000 0.000 0.000 0.000 0.000 0.000 0.000 0.000 0.000
0.000 0.000 0.000 0.000 0.000 0.000 0.000 0.000 0.000 0.000 0.000 0.000 0.000 0.000 0.000 0.000 0.001 0.001 0.001 0.001 0.001 0.001 0.001 0.001 0.001 0.001 0.001 0.001 0.001 0.000 0.000 0.000 0.000 0.000 0.000 0.000 0.000 0.000 0.000 0.000 0.000 0.000 0.000 0.000 0.000 0.000 0.000 0.000 0.000 0.000 0.025 0.044 0.063 0.075 0.072 0.069 0.065 0.067 0.070 0.081 0.000 0.000 0.000 0.000 0.000 0.000 0.000 0.000 0.000 0.000 0.000 0.000 0.000 0.000 0.000 0.000 0.000
0.000 0.000 0.000 0.000 0.000 0.000 0.000 0.000 0.000 0.000 0.000 0.000 0.000 0.000 0.000 0.000 0.000 0.000 0.000 0.000 0.000 0.000 0.000 0.000 0.000 0.000 0.000 0.000 0.000 0.000 0.000 0.000 0.000 0.000 0.000 0.000 0.000 0.000 0.000 0.000 0.000 0.000 0.000 0.000 0.000 0.000 0.000 0.000 0.000 0.000 0.000 0.022 0.040 0.058 0.067 0.060 0.037 0.055 0.059 0.000 0.000 0.000 0.000 0.000 0.000 0.000 0.000 0.000 0.000 0.000 0.000 0.000 0.000 0.000 0.000 0.000 0.000
0.000 0.000 0.000 0.000 0.000 0.000 0.000 0.000 0.000 0.000 0.000 0.000 0.000 0.000 0.000 0.000 0.000 0.000 0.000 0.000 0.000 0.000 0.000 0.000 0.000 0.000 0.000 0.000 0.000 0.000 0.000 0.000 0.000 0.000 0.000 0.000 0.000 0.000 0.000 0.000 0.000 0.000 0.000 0.000 0.000 0.000 0.000 0.000 0.000 0.000 0.000 0.003 0.017 0.033 0.049 0.056 0.050 0.050 0.050 0.050 0.000 0.000 0.000 0.000 0.000 0.000 0.000 0.000 0.000 0.000 0.000 0.000 0.000 0.000 0.000 0.000 0.000
0.000 0.000 0.000 0.000 0.000 0.000 0.000 0.000 0.000 0.000 0.000 0.000 0.000 0.000 0.000 0.000 0.000 0.000 0.000 0.000 0.000 0.000 0.000 0.000 0.000 0.000 0.000 0.000 0.000 0.000 0.000 0.000 0.000 0.000 0.000 0.000 0.000 0.000 0.000 0.000 0.000 0.000 0.000 0.000 0.000 0.000 0.000 0.000 0.000 0.000 0.000 0.001 0.002 0.009 0.024 0.040 0.049 0.048 0.046 0.044 0.049 0.000 0.000 0.000 0.000 0.000 0.000 0.000 0.000 0.000 0.000 0.000 0.000 0.000 0.000 0.000 0.000
0.000 0.000 0.000 0.000 0.000 0.000 0.000 0.000 0.000 0.000 0.000 0.000 0.000 0.000 0.000 0.000 0.000 0.000 0.000 0.000 0.000 0.000 0.000 0.000 0.000 0.000 0.000 0.000 0.000 0.000 0.000 0.000 0.000 0.000 0.000 0.000 0.000 0.000 0.000 0.000 0.000 0.000 0.000 0.000 0.000 0.000 0.000 0.000 0.000 0.000 0.000 0.001 0.001 0.001 0.004 0.017 0.035 0.046 0.043 0.039 0.041 0.038 0.040 0.000 0.000 0.000 0.000 0.000 0.000 0.000 0.000 0.000 0.000 0.000 0.000 0.000 0.000
0.000 0.000 0.000 0.000 0.000 0.000 0.000 0.000 0.000 0.000 0.000 0.000 0.000 0.000 0.000 0.000 0.000 0.000 0.000 0.000 0.000 0.000 0.000 0.000 0.000 0.000 0.000 0.000 0.000 0.000 0.000 0.000 0.000 0.000 0.000 0.000 0.000 0.000 0.000 0.000 0.000 0.000 0.000 0.000 0.000 0.000 0.000 0.000 0.000 0.000 0.000 0.000 0.001 0.001 0.001 0.002 0.013 0.031 0.040 0.035 0.034 0.032 0.034 0.038 0.000 0.000 0.000 0.000 0.000 0.000 0.000 0.000 0.000 0.000 0.000 0.000 0.000
0.000 0.000 0.000 0.000 0.000 0.000 0.000 0.000 0.000 0.000 0.000 0.000 0.000 0.000 0.000 0.000 0.000 0.000 0.000 0.000 0.000 0.000 0.000 0.000 0.000 0.000 0.000 0.000 0.000 0.000 0.000 0.000 0.000 0.000 0.000 0.000 0.000 0.000 0.000 0.000 0.000 0.000 0.000 0.000 0.000 0.000 0.000 0.000 0.000 0.000 0.000 0.000 0.001 0.001 0.001 0.001 0.002 0.009 0.024 0.030 0.026 0.026 0.029 0.033 0.035 0.000 0.000 0.000 0.000 0.000 0.000 0.000 0.000 0.000 0.000 0.000 0.000
