数据/200y_1h/200y_1h_res/200y_1h_83-0001.wd
ncols         694
nrows         824
xllcorner     581104.939801
yllcorner     3495917.092414
cellsize      2.000000
NODATA_value  -9999.000000
[rows 306 to 339 of 824, columns 462 to 538 of 694]
0.112 0.110 0.107 0.106 0.105 0.105 0.106 0.107 0.102 0.094 0.086 0.078 0.070 0.062 0.053 0.044 0.032 0.000 0.012 0.012 0.012 0.013 0.017 0.024 0.030 0.034 0.039 0.042 0.043 0.043 0.042 0.039 0.035 0.030 0.026 0.022 0.018 0.015 0.016 0.000 0.000 0.000 0.000 0.000 0.000 0.000 0.000 0.000 0.000 0.000 0.000 0.000 0.000 0.000 0.038 0.038 0.040 0.044 0.000 0.006 0.007 0.007 0.007 0.007 0.013 0.039 0.000 0.000 0.000 0.000 0.014 0.026 0.039 0.052 0.065 0.065 0.060
0.144 0.123 0.115 0.112 0.111 0.112 0.113 0.113 0.114 0.111 0.103 0.095 0.086 0.077 0.068 0.058 0.045 0.035 0.028 0.023 0.020 0.018 0.020 0.024 0.028 0.030 0.036 0.040 0.042 0.042 0.041 0.038 0.035 0.031 0.028 0.024 0.021 0.023 0.032 0.000 0.000 0.000 0.000 0.000 0.000 0.000 0.000 0.000 0.000 0.000 0.000 0.000 0.000 0.000 0.000 0.000 0.000 0.037 0.035 0.027 0.023 0.021 0.019 0.018 0.026 0.000 0.000 0.000 0.000 0.000 0.031 0.045 0.058 0.060 0.057 0.055 0.053
0.123 0.119 0.118 0.117 0.118 0.119 0.120 0.121 0.122 0.122 0.120 0.112 0.103 0.094 0.083 0.072 0.060 0.050 0.042 0.035 0.029 0.026 0.025 0.025 0.024 0.000 0.031 0.038 0.040 0.041 0.040 0.038 0.035 0.032 0.029 0.026 0.024 0.025 0.000 0.000 0.000 0.000 0.000 0.000 0.000 0.000 0.000 0.000 0.000 0.000 0.000 0.000 0.000 0.000 0.000 0.000 0.000 0.000 0.000 0.021 0.024 0.025 0.021 0.022 0.032 0.000 0.000 0.000 0.000 0.040 0.052 0.057 0.053 0.050 0.048 0.046 0.046
0.117 0.120 0.121 0.123 0.125 0.127 0.129 0.130 0.130 0.129 0.130 0.130 0.121 0.110 0.098 0.085 0.074 0.064 0.054 0.046 0.039 0.034 0.031 0.028 0.026 0.022 0.031 0.036 0.039 0.040 0.039 0.038 0.036 0.033 0.030 0.027 0.025 0.023 0.015 0.010 0.007 0.000 0.000 0.000 0.000 0.000 0.000 0.000 0.000 0.000 0.000 0.000 0.000 0.000 0.000 0.000 0.000 0.000 0.000 0.000 0.000 0.000 0.017 0.024 0.029 0.038 0.000 0.000 0.000 0.052 0.052 0.049 0.046 0.043 0.041 0.040 0.039
0.119 0.123 0.127 0.131 0.134 0.136 0.138 0.139 0.139 0.137 0.138 0.138 0.137 0.127 0.113 0.098 0.087 0.076 0.065 0.056 0.049 0.042 0.038 0.034 0.031 0.030 0.033 0.036 0.039 0.040 0.040 0.038 0.037 0.034 0.032 0.029 0.027 0.023 0.018 0.013 0.010 0.006 0.005 0.000 0.000 0.000 0.000 0.000 0.000 0.000 0.000 0.000 0.000 0.000 0.000 0.000 0.000 0.000 0.000 0.000 0.000 0.000 0.000 0.000 0.027 0.039 0.049 0.064 0.064 0.054 0.049 0.044 0.041 0.038 0.036 0.035 0.036
0.125 0.130 0.136 0.140 0.143 0.146 0.148 0.150 0.149 0.141 0.147 0.148 0.146 0.140 0.125 0.110 0.097 0.085 0.075 0.065 0.057 0.051 0.046 0.041 0.038 0.037 0.038 0.040 0.041 0.042 0.041 0.040 0.039 0.037 0.034 0.032 0.029 0.025 0.021 0.017 0.013 0.010 0.007 0.004 0.003 0.005 0.000 0.000 0.000 0.000 0.000 0.000 0.000 0.000 0.000 0.000 0.000 0.000 0.000 0.000 0.000 0.000 0.000 0.000 0.000 0.000 0.000 0.047 0.049 0.047 0.044 0.040 0.037 0.034 0.032 0.030 0.028
0.134 0.140 0.145 0.150 0.154 0.157 0.160 0.161 0.160 0.159 0.159 0.159 0.148 0.130 0.125 0.117 0.104 0.092 0.082 0.074 0.066 0.060 0.055 0.051 0.049 0.048 0.047 0.048 0.048 0.048 0.047 0.046 0.044 0.042 0.039 0.037 0.034 0.030 0.026 0.022 0.018 0.015 0.012 0.008 0.004 0.005 0.005 0.007 0.000 0.000 0.000 0.002 0.007 0.026 0.000 0.000 0.000 0.000 0.000 0.000 0.000 0.000 0.000 0.000 0.000 0.000 0.047 0.045 0.043 0.041 0.039 0.036 0.033 0.030 0.029 0.030 0.000
0.145 0.150 0.156 0.161 0.165 0.169 0.172 0.166 0.158 0.148 0.138 0.127 0.112 0.090 0.106 0.120 0.109 0.099 0.090 0.083 0.076 0.071 0.068 0.065 0.063 0.062 0.062 0.062 0.061 0.060 0.059 0.057 0.054 0.052 0.049 0.046 0.042 0.039 0.035 0.031 0.027 0.023 0.018 0.000 0.006 0.006 0.007 0.009 0.009 0.010 0.012 0.016 0.023 0.036 0.052 0.073 0.098 0.000 0.000 0.000 0.000 0.000 0.000 0.000 0.000 0.000 0.041 0.041 0.039 0.037 0.035 0.032 0.029 0.027 0.026 0.022 0.000
0.155 0.162 0.163 0.158 0.153 0.148 0.141 0.135 0.127 0.116 0.106 0.094 0.074 0.075 0.075 0.112 0.114 0.107 0.101 0.095 0.091 0.088 0.085 0.083 0.082 0.081 0.081 0.080 0.079 0.078 0.076 0.073 0.070 0.067 0.063 0.060 0.056 0.052 0.049 0.045 0.041 0.037 0.032 0.028 0.023 0.018 0.016 0.018 0.020 0.024 0.028 0.033 0.040 0.051 0.065 0.085 0.107 0.130 0.156 0.000 0.000 0.000 0.000 0.000 0.000 0.051 0.046 0.041 0.038 0.034 0.031 0.029 0.026 0.024 0.025 0.000 0.000
0.135 0.133 0.129 0.125 0.121 0.115 0.109 0.102 0.094 0.086 0.076 0.061 0.050 0.059 0.069 0.099 0.123 0.118 0.114 0.111 0.109 0.108 0.107 0.106 0.106 0.105 0.104 0.103 0.101 0.099 0.096 0.093 0.090 0.086 0.082 0.078 0.074 0.070 0.066 0.063 0.059 0.055 0.052 0.048 0.044 0.039 0.032 0.033 0.036 0.040 0.045 0.050 0.057 0.067 0.081 0.098 0.119 0.141 0.154 0.156 0.159 0.166 0.000 0.000 0.000 0.046 0.044 0.040 0.036 0.032 0.028 0.025 0.023 0.022 0.019 0.000 0.000
0.101 0.098 0.095 0.091 0.087 0.083 0.077 0.071 0.064 0.055 0.045 0.029 0.037 0.045 0.059 0.086 0.124 0.132 0.131 0.131 0.131 0.131 0.132 0.132 0.132 0.132 0.131 0.129 0.127 0.124 0.121 0.117 0.112 0.108 0.103 0.098 0.094 0.090 0.087 0.083 0.080 0.077 0.074 0.070 0.067 0.063 0.057 0.049 0.053 0.057 0.062 0.068 0.075 0.084 0.097 0.112 0.123 0.126 0.129 0.131 0.134 0.135 0.134 0.140 0.000 0.052 0.046 0.039 0.033 0.028 0.025 0.022 0.020 0.020 0.000 0.000 0.000
0.068 0.065 0.062 0.059 0.055 0.050 0.045 0.040 0.035 0.028 0.018 0.018 0.025 0.033 0.047 0.075 0.116 0.151 0.153 0.154 0.156 0.158 0.159 0.160 0.160 0.159 0.158 0.156 0.154 0.151 0.147 0.142 0.137 0.133 0.128 0.123 0.118 0.113 0.109 0.105 0.102 0.100 0.097 0.095 0.092 0.088 0.083 0.075 0.071 0.075 0.080 0.085 0.092 0.101 0.108 0.104 0.103 0.104 0.105 0.106 0.106 0.099 0.105 0.107 0.093 0.067 0.048 0.036 0.029 0.023 0.020 0.017 0.016 0.014 0.000 0.000 0.000
0.035 0.033 0.030 0.027 0.024 0.020 0.017 0.014 0.010 0.006 0.005 0.010 0.015 0.023 0.037 0.066 0.111 0.163 0.177 0.180 0.183 0.185 0.187 0.188 0.188 0.187 0.186 0.184 0.182 0.178 0.173 0.168 0.163 0.158 0.153 0.148 0.143 0.139 0.134 0.131 0.128 0.125 0.122 0.119 0.117 0.114 0.110 0.103 0.093 0.093 0.097 0.103 0.107 0.099 0.092 0.086 0.083 0.082 0.081 0.081 0.080 0.077 0.078 0.077 0.069 0.052 0.000 0.018 0.018 0.016 0.014 0.012 0.013 0.000 0.000 0.000 0.000
0.005 0.005 0.005 0.004 0.003 0.001 0.000 0.000 0.000 0.000 0.002 0.005 0.009 0.015 0.029 0.060 0.109 0.163 0.204 0.207 0.211 0.214 0.217 0.217 0.217 0.216 0.215 0.213 0.210 0.206 0.201 0.194 0.189 0.184 0.179 0.174 0.169 0.164 0.161 0.158 0.155 0.153 0.150 0.148 0.145 0.142 0.137 0.131 0.123 0.111 0.114 0.102 0.092 0.082 0.074 0.068 0.063 0.059 0.056 0.054 0.052 0.050 0.050 0.047 0.042 0.035 0.024 0.016 0.012 0.010 0.009 0.007 0.007 0.017 0.000 0.000 0.000
0.000 0.000 0.000 0.000 0.000 0.000 0.000 0.000 0.000 0.000 0.001 0.002 0.005 0.010 0.022 0.057 0.111 0.164 0.219 0.236 0.240 0.244 0.247 0.247 0.246 0.246 0.244 0.242 0.239 0.235 0.229 0.218 0.214 0.211 0.206 0.199 0.195 0.191 0.187 0.184 0.182 0.181 0.179 0.176 0.174 0.171 0.167 0.162 0.148 0.122 0.119 0.109 0.097 0.086 0.076 0.068 0.061 0.055 0.050 0.045 0.041 0.038 0.034 0.030 0.025 0.019 0.014 0.010 0.007 0.005 0.003 0.002 0.001 0.000 0.000 0.000 0.000
0.000 0.000 0.000 0.000 0.000 0.000 0.000 0.000 0.000 0.000 0.000 0.001 0.002 0.006 0.019 0.058 0.114 0.000 0.221 0.265 0.270 0.274 0.279 0.000 0.000 0.000 0.000 0.000 0.000 0.000 0.000 0.240 0.241 0.239 0.233 0.224 0.220 0.218 0.214 0.212 0.210 0.209 0.207 0.205 0.204 0.194 0.178 0.161 0.142 0.117 0.115 0.117 0.120 0.109 0.099 0.090 0.081 0.074 0.067 0.061 0.055 0.050 0.045 0.039 0.033 0.028 0.022 0.018 0.014 0.011 0.008 0.006 0.004 0.003 0.002 0.001 0.000
0.000 0.000 0.000 0.000 0.000 0.000 0.000 0.000 0.000 0.000 0.000 0.000 0.001 0.010 0.000 0.000 0.116 0.000 0.000 0.282 0.000 0.000 0.000 0.000 0.000 0.000 0.000 0.000 0.000 0.000 0.000 0.000 0.000 0.000 0.000 0.246 0.247 0.245 0.240 0.239 0.239 0.238 0.228 0.215 0.201 0.187 0.171 0.154 0.135 0.110 0.110 0.110 0.113 0.117 0.119 0.109 0.100 0.092 0.084 0.077 0.070 0.063 0.057 0.051 0.044 0.038 0.032 0.027 0.022 0.018 0.014 0.011 0.008 0.006 0.004 0.003 0.002
0.000 0.000 0.000 0.000 0.000 0.000 0.000 0.000 0.000 0.000 0.000 0.000 0.000 0.000 0.000 0.000 0.000 0.000 0.000 0.000 0.000 0.000 0.000 0.000 0.000 0.000 0.000 0.000 0.000 0.000 0.000 0.000 0.000 0.000 0.000 0.000 0.000 0.000 0.264 0.259 0.248 0.235 0.219 0.207 0.193 0.178 0.163 0.147 0.127 0.105 0.103 0.103 0.105 0.108 0.113 0.118 0.117 0.109 0.101 0.093 0.085 0.078 0.071 0.064 0.057 0.050 0.043 0.037 0.032 0.026 0.022 0.018 0.014 0.011 0.009 0.007 0.005
0.000 0.000 0.000 0.000 0.000 0.000 0.000 0.000 0.000 0.000 0.000 0.000 0.000 0.000 0.000 0.000 0.000 0.000 0.000 0.000 0.000 0.000 0.000 0.000 0.000 0.000 0.000 0.000 0.000 0.000 0.000 0.000 0.000 0.000 0.000 0.000 0.000 0.000 0.000 0.000 0.000 0.000 0.208 0.198 0.185 0.169 0.155 0.138 0.117 0.098 0.096 0.095 0.096 0.099 0.103 0.108 0.114 0.121 0.117 0.109 0.101 0.093 0.085 0.077 0.070 0.063 0.056 0.049 0.043 0.037 0.032 0.027 0.023 0.019 0.016 0.013 0.010
0.000 0.000 0.000 0.000 0.000 0.000 0.000 0.000 0.000 0.000 0.000 0.000 0.000 0.000 0.000 0.000 0.000 0.000 0.000 0.000 0.000 0.000 0.000 0.000 0.000 0.000 0.000 0.000 0.000 0.000 0.000 0.000 0.000 0.000 0.000 0.000 0.000 0.000 0.000 0.000 0.000 0.000 0.000 0.000 0.000 0.157 0.146 0.130 0.105 0.088 0.086 0.086 0.087 0.089 0.092 0.097 0.103 0.109 0.116 0.123 0.116 0.107 0.099 0.091 0.083 0.076 0.069 0.062 0.056 0.050 0.045 0.040 0.035 0.031 0.027 0.023 0.019
0.000 0.000 0.000 0.000 0.000 0.000 0.000 0.000 0.000 0.000 0.000 0.000 0.000 0.000 0.000 0.000 0.000 0.000 0.000 0.000 0.000 0.000 0.000 0.000 0.000 0.000 0.000 0.000 0.000 0.000 0.000 0.000 0.000 0.000 0.000 0.000 0.000 0.000 0.000 0.000 0.000 0.000 0.000 0.000 0.000 0.000 0.000 0.000 0.086 0.077 0.074 0.075 0.077 0.080 0.082 0.086 0.092 0.098 0.104 0.110 0.117 0.121 0.113 0.105 0.097 0.090 0.083 0.076 0.070 0.065 0.061 0.056 0.052 0.047 0.042 0.038 0.033
0.000 0.000 0.000 0.000 0.000 0.000 0.000 0.000 0.000 0.000 0.000 0.000 0.000 0.000 0.000 0.000 0.000 0.000 0.000 0.000 0.000 0.000 0.000 0.000 0.000 0.000 0.000 0.000 0.000 0.000 0.000 0.000 0.000 0.000 0.000 0.000 0.000 0.000 0.000 0.000 0.000 0.000 0.000 0.000 0.000 0.000 0.000 0.000 0.000 0.000 0.055 0.064 0.069 0.072 0.070 0.075 0.081 0.088 0.092 0.097 0.104 0.110 0.117 0.119 0.111 0.104 0.098 0.092 0.087 0.083 0.079 0.076 0.071 0.066 0.061 0.055 0.049
0.000 0.000 0.000 0.000 0.000 0.000 0.000 0.000 0.000 0.000 0.000 0.000 0.000 0.000 0.000 0.000 0.000 0.000 0.000 0.000 0.000 0.000 0.000 0.000 0.000 0.000 0.000 0.000 0.000 0.000 0.000 0.000 0.000 0.000 0.000 0.000 0.000 0.000 0.000 0.000 0.000 0.000 0.000 0.000 0.000 0.000 0.000 0.000 0.000 0.000 0.000 0.000 0.000 0.000 0.053 0.065 0.073 0.079 0.079 0.083 0.089 0.096 0.103 0.111 0.120 0.119 0.114 0.110 0.107 0.104 0.101 0.098 0.093 0.088 0.081 0.074 0.067
0.000 0.000 0.000 0.000 0.000 0.000 0.000 0.000 0.000 0.000 0.000 0.000 0.000 0.000 0.000 0.000 0.000 0.000 0.000 0.000 0.000 0.000 0.000 0.000 0.000 0.000 0.000 0.000 0.000 0.000 0.000 0.000 0.000 0.000 0.000 0.000 0.000 0.000 0.000 0.000 0.000 0.000 0.000 0.000 0.000 0.000 0.000 0.000 0.000 0.000 0.000 0.000 0.000 0.000 0.000 0.000 0.000 0.000 0.061 0.067 0.074 0.081 0.089 0.097 0.106 0.117 0.129 0.129 0.128 0.127 0.125 0.122 0.117 0.110 0.102 0.093 0.084
0.000 0.000 0.000 0.000 0.000 0.000 0.000 0.000 0.000 0.000 0.000 0.000 0.000 0.000 0.000 0.000 0.000 0.000 0.000 0.000 0.000 0.000 0.000 0.000 0.000 0.000 0.000 0.000 0.000 0.000 0.000 0.000 0.000 0.000 0.000 0.000 0.000 0.000 0.000 0.000 0.000 0.000 0.000 0.000 0.000 0.000 0.000 0.000 0.000 0.000 0.000 0.000 0.000 0.000 0.000 0.000 0.000 0.000 0.000 0.047 0.057 0.066 0.075 0.084 0.093 0.105 0.118 0.135 0.152 0.153 0.150 0.147 0.142 0.134 0.122 0.111 0.100
0.000 0.000 0.000 0.000 0.000 0.000 0.000 0.000 0.000 0.000 0.000 0.000 0.000 0.000 0.000 0.000 0.000 0.000 0.000 0.000 0.000 0.000 0.000 0.000 0.000 0.000 0.000 0.000 0.000 0.000 0.000 0.000 0.000 0.000 0.000 0.000 0.000 0.000 0.000 0.000 0.000 0.000 0.000 0.000 0.000 0.000 0.000 0.000 0.000 0.000 0.000 0.000 0.000 0.000 0.000 0.000 0.000 0.000 0.000 0.031 0.043 0.052 0.061 0.070 0.080 0.093 0.109 0.128 0.149 0.169 0.177 0.173 0.168 0.158 0.138 0.127 0.114
0.000 0.000 0.000 0.000 0.000 0.000 0.000 0.000 0.000 0.000 0.000 0.000 0.000 0.000 0.000 0.000 0.000 0.000 0.000 0.000 0.000 0.000 0.000 0.000 0.000 0.000 0.000 0.000 0.000 0.000 0.000 0.000 0.000 0.000 0.000 0.000 0.000 0.000 0.000 0.000 0.000 0.000 0.000 0.000 0.000 0.000 0.000 0.000 0.000 0.000 0.000 0.000 0.000 0.000 0.000 0.000 0.000 0.000 0.000 0.019 0.029 0.038 0.047 0.057 0.068 0.082 0.100 0.122 0.145 0.168 0.000 0.000 0.000 0.000 0.146 0.143 0.124
0.000 0.000 0.000 0.000 0.000 0.000 0.000 0.000 0.000 0.000 0.000 0.000 0.000 0.000 0.000 0.000 0.000 0.000 0.000 0.000 0.000 0.000 0.000 0.000 0.000 0.000 0.000 0.000 0.000 0.000 0.000 0.000 0.000 0.000 0.000 0.000 0.000 0.000 0.000 0.000 0.000 0.000 0.000 0.000 0.000 0.000 0.000 0.000 0.000 0.000 0.000 0.000 0.000 0.000 0.000 0.000 0.000 0.000 0.000 0.009 0.017 0.025 0.034 0.044 0.056 0.072 0.093 0.117 0.143 0.000 0.000 0.000 0.000 0.000 0.000 0.000 0.125
0.000 0.000 0.000 0.000 0.000 0.000 0.000 0.000 0.000 0.000 0.000 0.000 0.000 0.000 0.000 0.000 0.000 0.000 0.000 0.000 0.000 0.000 0.000 0.000 0.000 0.000 0.000 0.000 0.000 0.000 0.000 0.000 0.000 0.000 0.000 0.000 0.000 0.000 0.000 0.000 0.000 0.000 0.000 0.000 0.000 0.000 0.000 0.000 0.000 0.000 0.000 0.000 0.000 0.000 0.000 0.000 0.000 0.000 0.000 0.001 0.006 0.013 0.021 0.031 0.044 0.063 0.087 0.113 0.000 0.000 0.000 0.000 0.000 0.000 0.000 0.000 0.000
0.000 0.000 0.000 0.000 0.000 0.000 0.000 0.000 0.000 0.000 0.000 0.000 0.000 0.000 0.000 0.000 0.000 0.000 0.000 0.000 0.000 0.000 0.000 0.000 0.000 0.000 0.000 0.000 0.000 0.000 0.000 0.000 0.000 0.000 0.000 0.000 0.000 0.000 0.000 0.000 0.000 0.000 0.000 0.000 0.000 0.000 0.000 0.000 0.000 0.000 0.000 0.000 0.000 0.000 0.000 0.000 0.000 0.000 0.000 0.000 0.000 0.003 0.010 0.019 0.033 0.054 0.081 0.109 0.000 0.000 0.000 0.000 0.000 0.000 0.000 0.000 0.000
0.000 0.000 0.000 0.000 0.000 0.000 0.000 0.000 0.000 0.000 0.000 0.000 0.000 0.000 0.000 0.000 0.000 0.000 0.000 0.000 0.000 0.000 0.000 0.000 0.000 0.000 0.000 0.000 0.000 0.000 0.000 0.000 0.000 0.000 0.000 0.000 0.000 0.000 0.000 0.000 0.000 0.000 0.000 0.000 0.000 0.000 0.000 0.000 0.000 0.000 0.000 0.000 0.000 0.000 0.000 0.000 0.000 0.000 0.000 0.000 0.000 0.000 0.001 0.007 0.019 0.043 0.072 0.000 0.000 0.000 0.000 0.000 0.000 0.000 0.000 0.000 0.000
0.000 0.000 0.000 0.000 0.000 0.000 0.000 0.000 0.000 0.000 0.000 0.000 0.000 0.000 0.000 0.000 0.000 0.000 0.000 0.000 0.000 0.000 0.000 0.000 0.000 0.000 0.000 0.000 0.000 0.000 0.000 0.000 0.000 0.000 0.000 0.000 0.000 0.000 0.000 0.000 0.000 0.000 0.000 0.000 0.000 0.000 0.000 0.000 0.000 0.000 0.000 0.000 0.000 0.000 0.000 0.000 0.000 0.000 0.000 0.000 0.000 0.000 0.001 0.005 0.013 0.042 0.080 0.000 0.000 0.000 0.000 0.000 0.000 0.000 0.000 0.000 0.000
0.000 0.000 0.000 0.000 0.000 0.000 0.000 0.000 0.000 0.000 0.000 0.000 0.000 0.000 0.000 0.000 0.000 0.000 0.000 0.000 0.000 0.000 0.000 0.000 0.000 0.000 0.000 0.000 0.000 0.000 0.000 0.000 0.000 0.000 0.000 0.000 0.000 0.000 0.000 0.000 0.000 0.000 0.000 0.000 0.000 0.000 0.000 0.000 0.000 0.000 0.000 0.000 0.000 0.000 0.000 0.000 0.000 0.000 0.000 0.000 0.000 0.000 0.001 0.005 0.013 0.042 0.000 0.000 0.000 0.000 0.000 0.000 0.000 0.000 0.000 0.000 0.000
0.000 0.000 0.000 0.000 0.000 0.000 0.000 0.000 0.000 0.000 0.000 0.000 0.000 0.000 0.000 0.000 0.000 0.000 0.000 0.000 0.000 0.000 0.000 0.000 0.000 0.000 0.000 0.000 0.000 0.000 0.000 0.000 0.000 0.000 0.000 0.000 0.000 0.000 0.000 0.000 0.000 0.000 0.000 0.000 0.000 0.000 0.000 0.000 0.000 0.000 0.000 0.000 0.000 0.000 0.000 0.000 0.000 0.000 0.000 0.000 0.000 0.000 0.001 0.005 0.014 0.042 0.000 0.000 0.000 0.000 0.000 0.000 0.000 0.000 0.000 0.000 0.000
