数据/100y_3h/100y_3h_res/100y_3h_200-0001.wd
ncols         694
nrows         824
xllcorner     581104.939801
yllcorner     3495917.092414
cellsize      2.000000
NODATA_value  -9999.000000
[rows 442 to 475 of 824, columns 385 to 461 of 694]
0.000 0.000 0.000 0.036 0.031 0.026 0.021 0.016 0.011 0.006 0.003 0.002 0.002 0.002 0.002 0.002 0.002 0.002 0.002 0.002 0.002 0.007 0.015 0.023 0.032 0.042 0.051 0.060 0.068 0.077 0.080 0.080 0.081 0.081 0.000 0.000 0.000 0.000 0.000 0.000 0.000 0.000 0.000 0.000 0.000 0.000 0.000 0.000 0.000 0.000 0.000 0.000 0.000 0.000 0.000 0.004 0.011 0.015 0.019 0.024 0.029 0.035 0.041 0.048 0.054 0.061 0.068 0.075 0.082 0.089 0.000 0.000 0.000 0.000 0.000 0.000 0.000
0.000 0.000 0.000 0.000 0.000 0.036 0.032 0.026 0.021 0.016 0.012 0.007 0.004 0.003 0.003 0.003 0.003 0.003 0.003 0.003 0.003 0.006 0.015 0.024 0.033 0.042 0.052 0.061 0.070 0.079 0.079 0.079 0.080 0.080 0.000 0.000 0.000 0.000 0.000 0.000 0.000 0.000 0.000 0.000 0.000 0.000 0.000 0.000 0.000 0.000 0.000 0.000 0.000 0.000 0.000 0.007 0.015 0.022 0.028 0.034 0.040 0.047 0.053 0.060 0.067 0.074 0.081 0.088 0.095 0.102 0.109 0.110 0.000 0.000 0.000 0.000 0.000
0.000 0.000 0.000 0.000 0.000 0.000 0.000 0.037 0.032 0.027 0.022 0.018 0.013 0.008 0.005 0.004 0.004 0.004 0.004 0.004 0.005 0.006 0.013 0.023 0.033 0.043 0.053 0.063 0.072 0.079 0.078 0.077 0.077 0.000 0.000 0.000 0.000 0.000 0.000 0.000 0.000 0.000 0.000 0.000 0.000 0.000 0.000 0.000 0.000 0.000 0.000 0.000 0.000 0.003 0.012 0.020 0.027 0.034 0.040 0.047 0.053 0.059 0.066 0.073 0.079 0.087 0.093 0.100 0.108 0.114 0.121 0.118 0.113 0.108 0.103 0.000 0.000
0.000 0.000 0.000 0.000 0.000 0.000 0.000 0.000 0.040 0.038 0.033 0.028 0.024 0.019 0.014 0.010 0.007 0.006 0.006 0.007 0.008 0.009 0.011 0.022 0.032 0.042 0.053 0.064 0.079 0.079 0.076 0.074 0.074 0.000 0.000 0.000 0.000 0.000 0.000 0.000 0.000 0.000 0.000 0.000 0.000 0.000 0.000 0.000 0.000 0.000 0.000 0.000 0.000 0.000 0.000 0.000 0.000 0.047 0.000 0.000 0.065 0.072 0.079 0.086 0.092 0.099 0.107 0.113 0.120 0.127 0.129 0.125 0.120 0.115 0.111 0.106 0.101
0.000 0.000 0.000 0.000 0.000 0.000 0.000 0.000 0.000 0.000 0.039 0.037 0.035 0.030 0.025 0.020 0.015 0.011 0.009 0.009 0.010 0.012 0.014 0.017 0.029 0.040 0.050 0.060 0.071 0.073 0.072 0.070 0.069 0.000 0.000 0.000 0.000 0.000 0.000 0.000 0.000 0.000 0.000 0.000 0.000 0.000 0.000 0.000 0.000 0.000 0.000 0.000 0.000 0.000 0.000 0.000 0.000 0.000 0.000 0.000 0.000 0.000 0.000 0.000 0.105 0.112 0.119 0.126 0.133 0.140 0.137 0.132 0.128 0.122 0.118 0.113 0.108
0.000 0.000 0.000 0.000 0.000 0.000 0.000 0.000 0.000 0.000 0.000 0.042 0.040 0.037 0.035 0.031 0.026 0.021 0.016 0.014 0.013 0.014 0.016 0.018 0.025 0.036 0.047 0.056 0.065 0.067 0.066 0.063 0.059 0.048 0.040 0.036 0.000 0.000 0.000 0.000 0.000 0.000 0.000 0.000 0.000 0.000 0.000 0.000 0.000 0.000 0.000 0.000 0.000 0.000 0.000 0.000 0.000 0.000 0.000 0.000 0.000 0.000 0.000 0.000 0.000 0.000 0.000 0.000 0.146 0.149 0.145 0.140 0.135 0.131 0.126 0.121 0.116
0.000 0.000 0.000 0.000 0.000 0.000 0.000 0.000 0.000 0.000 0.000 0.000 0.000 0.041 0.039 0.036 0.034 0.031 0.026 0.021 0.018 0.017 0.018 0.020 0.022 0.031 0.042 0.052 0.060 0.061 0.059 0.056 0.051 0.043 0.036 0.029 0.022 0.017 0.014 0.014 0.000 0.000 0.000 0.000 0.000 0.000 0.000 0.000 0.000 0.000 0.000 0.000 0.000 0.000 0.000 0.000 0.000 0.000 0.000 0.000 0.000 0.000 0.000 0.000 0.000 0.000 0.000 0.000 0.000 0.000 0.000 0.147 0.143 0.138 0.133 0.128 0.123
0.000 0.000 0.000 0.000 0.000 0.000 0.000 0.000 0.000 0.000 0.000 0.000 0.000 0.000 0.000 0.040 0.037 0.035 0.032 0.029 0.025 0.022 0.021 0.021 0.023 0.025 0.036 0.046 0.055 0.054 0.052 0.048 0.043 0.036 0.033 0.029 0.024 0.021 0.018 0.016 0.012 0.010 0.009 0.000 0.000 0.000 0.000 0.000 0.000 0.000 0.000 0.000 0.000 0.000 0.000 0.000 0.000 0.000 0.000 0.000 0.000 0.000 0.000 0.000 0.000 0.000 0.000 0.000 0.000 0.000 0.000 0.000 0.000 0.000 0.000 0.135 0.131
0.000 0.000 0.000 0.000 0.000 0.000 0.000 0.000 0.000 0.000 0.000 0.000 0.000 0.000 0.000 0.000 0.041 0.038 0.034 0.030 0.028 0.026 0.025 0.023 0.024 0.025 0.029 0.040 0.047 0.046 0.043 0.039 0.037 0.035 0.032 0.029 0.026 0.023 0.021 0.018 0.016 0.013 0.012 0.009 0.007 0.005 0.005 0.000 0.000 0.000 0.000 0.000 0.000 0.000 0.000 0.000 0.000 0.000 0.000 0.000 0.000 0.000 0.000 0.000 0.000 0.000 0.000 0.000 0.000 0.000 0.000 0.000 0.000 0.000 0.000 0.000 0.000
0.000 0.000 0.000 0.000 0.000 0.000 0.000 0.000 0.000 0.000 0.000 0.000 0.000 0.000 0.000 0.000 0.000 0.000 0.033 0.030 0.028 0.026 0.024 0.021 0.024 0.026 0.027 0.032 0.038 0.036 0.036 0.036 0.035 0.033 0.032 0.029 0.027 0.025 0.023 0.021 0.018 0.016 0.014 0.012 0.010 0.008 0.007 0.005 0.004 0.003 0.002 0.002 0.002 0.001 0.000 0.000 0.000 0.000 0.000 0.000 0.000 0.000 0.000 0.000 0.000 0.000 0.000 0.000 0.000 0.000 0.000 0.000 0.000 0.000 0.000 0.000 0.000
0.000 0.000 0.000 0.000 0.000 0.000 0.000 0.000 0.000 0.000 0.000 0.000 0.000 0.000 0.000 0.000 0.000 0.000 0.032 0.030 0.028 0.025 0.020 0.000 0.019 0.023 0.025 0.027 0.030 0.032 0.034 0.034 0.033 0.033 0.031 0.030 0.028 0.027 0.025 0.023 0.021 0.019 0.017 0.014 0.012 0.010 0.008 0.006 0.005 0.004 0.003 0.003 0.003 0.002 0.002 0.002 0.001 0.000 0.000 0.000 0.000 0.000 0.000 0.000 0.000 0.000 0.000 0.000 0.000 0.000 0.000 0.000 0.000 0.000 0.000 0.000 0.000
0.000 0.000 0.000 0.000 0.000 0.000 0.000 0.000 0.000 0.000 0.000 0.000 0.000 0.000 0.000 0.000 0.000 0.000 0.031 0.029 0.027 0.024 0.021 0.017 0.018 0.020 0.021 0.021 0.025 0.029 0.031 0.032 0.033 0.033 0.032 0.031 0.030 0.029 0.027 0.025 0.023 0.021 0.019 0.017 0.015 0.013 0.010 0.008 0.007 0.006 0.005 0.005 0.004 0.003 0.003 0.003 0.002 0.002 0.002 0.001 0.000 0.000 0.000 0.000 0.000 0.000 0.000 0.000 0.000 0.000 0.000 0.000 0.000 0.000 0.000 0.000 0.000
0.000 0.000 0.000 0.000 0.000 0.000 0.000 0.000 0.000 0.000 0.000 0.000 0.000 0.000 0.000 0.000 0.000 0.000 0.030 0.029 0.027 0.024 0.022 0.020 0.019 0.019 0.018 0.017 0.021 0.024 0.027 0.029 0.031 0.032 0.032 0.032 0.032 0.032 0.030 0.028 0.027 0.025 0.023 0.021 0.019 0.016 0.014 0.012 0.010 0.009 0.008 0.007 0.006 0.005 0.004 0.004 0.003 0.003 0.003 0.002 0.002 0.002 0.001 0.000 0.000 0.000 0.000 0.000 0.000 0.000 0.000 0.000 0.000 0.000 0.000 0.000 0.000
0.000 0.000 0.000 0.000 0.000 0.000 0.000 0.000 0.000 0.000 0.000 0.000 0.000 0.000 0.000 0.000 0.000 0.026 0.028 0.028 0.026 0.024 0.023 0.021 0.019 0.018 0.015 0.015 0.018 0.021 0.024 0.026 0.028 0.030 0.031 0.032 0.032 0.032 0.031 0.031 0.030 0.029 0.027 0.025 0.023 0.021 0.018 0.016 0.015 0.013 0.012 0.011 0.009 0.008 0.007 0.006 0.006 0.005 0.005 0.004 0.004 0.003 0.003 0.003 0.003 0.005 0.002 0.001 0.000 0.000 0.000 0.000 0.000 0.000 0.000 0.000 0.000
0.000 0.000 0.000 0.000 0.000 0.000 0.000 0.000 0.000 0.000 0.000 0.000 0.000 0.000 0.000 0.000 0.000 0.028 0.028 0.027 0.026 0.024 0.023 0.021 0.019 0.017 0.013 0.014 0.017 0.019 0.022 0.025 0.027 0.029 0.030 0.031 0.031 0.031 0.031 0.031 0.030 0.030 0.029 0.028 0.027 0.026 0.024 0.022 0.020 0.019 0.017 0.015 0.014 0.012 0.011 0.010 0.009 0.009 0.008 0.007 0.007 0.007 0.007 0.008 0.012 0.011 0.005 0.002 0.000 0.000 0.000 0.000 0.000 0.000 0.000 0.000 0.000
0.000 0.000 0.000 0.000 0.000 0.000 0.000 0.000 0.000 0.000 0.000 0.000 0.000 0.000 0.000 0.000 0.000 0.029 0.028 0.027 0.026 0.024 0.023 0.021 0.019 0.016 0.012 0.014 0.016 0.018 0.021 0.024 0.026 0.027 0.029 0.030 0.031 0.031 0.032 0.032 0.032 0.031 0.031 0.030 0.029 0.028 0.027 0.026 0.025 0.024 0.023 0.022 0.020 0.019 0.017 0.016 0.016 0.015 0.015 0.015 0.015 0.016 0.018 0.020 0.024 0.018 0.011 0.003 0.000 0.000 0.000 0.000 0.000 0.000 0.000 0.000 0.000
0.000 0.000 0.000 0.000 0.000 0.000 0.000 0.000 0.000 0.000 0.000 0.000 0.000 0.000 0.000 0.000 0.000 0.029 0.028 0.027 0.026 0.024 0.023 0.021 0.018 0.015 0.012 0.014 0.015 0.018 0.020 0.023 0.025 0.026 0.028 0.029 0.031 0.032 0.033 0.033 0.033 0.033 0.033 0.032 0.032 0.031 0.030 0.029 0.028 0.027 0.026 0.026 0.025 0.025 0.024 0.024 0.024 0.024 0.025 0.026 0.027 0.029 0.031 0.034 0.032 0.024 0.013 0.003 0.000 0.000 0.000 0.000 0.000 0.000 0.000 0.000 0.000
0.000 0.000 0.000 0.000 0.000 0.000 0.000 0.000 0.000 0.000 0.000 0.000 0.000 0.000 0.000 0.000 0.028 0.028 0.028 0.027 0.026 0.024 0.022 0.020 0.017 0.013 0.012 0.014 0.015 0.017 0.020 0.022 0.024 0.026 0.028 0.030 0.032 0.034 0.035 0.036 0.036 0.036 0.036 0.035 0.035 0.034 0.033 0.032 0.032 0.031 0.030 0.030 0.029 0.029 0.029 0.030 0.031 0.033 0.035 0.038 0.040 0.042 0.044 0.046 0.036 0.024 0.012 0.007 0.005 0.003 0.003 0.002 0.000 0.000 0.000 0.000 0.000
0.000 0.000 0.000 0.000 0.000 0.000 0.000 0.000 0.000 0.000 0.000 0.000 0.000 0.000 0.000 0.000 0.031 0.030 0.029 0.028 0.026 0.024 0.022 0.020 0.017 0.012 0.013 0.014 0.015 0.017 0.019 0.021 0.023 0.026 0.028 0.031 0.035 0.037 0.039 0.039 0.039 0.039 0.039 0.039 0.038 0.037 0.037 0.036 0.035 0.035 0.034 0.034 0.034 0.034 0.035 0.036 0.038 0.040 0.043 0.046 0.049 0.052 0.054 0.053 0.058 0.052 0.042 0.034 0.026 0.020 0.015 0.010 0.007 0.004 0.003 0.002 0.000
0.000 0.000 0.000 0.000 0.000 0.000 0.000 0.000 0.000 0.000 0.000 0.000 0.000 0.000 0.000 0.000 0.034 0.032 0.031 0.029 0.027 0.025 0.023 0.020 0.016 0.012 0.013 0.014 0.015 0.017 0.019 0.021 0.024 0.027 0.031 0.035 0.040 0.043 0.044 0.043 0.043 0.043 0.043 0.043 0.042 0.041 0.040 0.040 0.039 0.039 0.039 0.039 0.039 0.040 0.041 0.043 0.045 0.048 0.051 0.054 0.057 0.055 0.051 0.048 0.051 0.055 0.058 0.060 0.062 0.053 0.043 0.035 0.027 0.021 0.015 0.011 0.007
0.144 0.140 0.138 0.000 0.000 0.000 0.000 0.000 0.000 0.000 0.000 0.000 0.000 0.000 0.000 0.039 0.037 0.035 0.033 0.031 0.029 0.026 0.023 0.020 0.015 0.013 0.013 0.014 0.015 0.017 0.019 0.022 0.025 0.030 0.036 0.042 0.048 0.052 0.051 0.047 0.047 0.048 0.048 0.047 0.046 0.045 0.045 0.044 0.044 0.043 0.043 0.044 0.044 0.046 0.048 0.050 0.053 0.056 0.059 0.059 0.056 0.053 0.049 0.043 0.046 0.048 0.051 0.053 0.056 0.059 0.062 0.064 0.062 0.052 0.043 0.034 0.027
0.148 0.145 0.141 0.136 0.132 0.129 0.000 0.000 0.000 0.000 0.000 0.000 0.000 0.000 0.000 0.043 0.041 0.039 0.037 0.034 0.031 0.027 0.024 0.020 0.015 0.014 0.014 0.015 0.016 0.017 0.020 0.024 0.029 0.035 0.042 0.049 0.056 0.063 0.000 0.049 0.053 0.054 0.054 0.050 0.050 0.050 0.049 0.048 0.048 0.049 0.049 0.049 0.050 0.052 0.055 0.058 0.061 0.062 0.059 0.056 0.054 0.050 0.046 0.040 0.041 0.043 0.045 0.047 0.049 0.052 0.054 0.057 0.060 0.062 0.065 0.067 0.061
0.153 0.149 0.145 0.139 0.136 0.132 0.126 0.121 0.117 0.114 0.000 0.000 0.000 0.000 0.000 0.048 0.046 0.043 0.040 0.036 0.033 0.029 0.025 0.020 0.015 0.015 0.015 0.015 0.016 0.018 0.022 0.028 0.035 0.042 0.050 0.057 0.065 0.000 0.000 0.000 0.000 0.000 0.000 0.051 0.055 0.055 0.052 0.053 0.054 0.054 0.054 0.055 0.057 0.059 0.062 0.064 0.062 0.059 0.056 0.054 0.051 0.047 0.043 0.038 0.037 0.038 0.039 0.041 0.043 0.045 0.047 0.050 0.052 0.055 0.057 0.059 0.062
0.000 0.000 0.000 0.143 0.140 0.136 0.130 0.125 0.121 0.117 0.109 0.104 0.100 0.000 0.000 0.054 0.051 0.047 0.043 0.038 0.034 0.030 0.025 0.020 0.016 0.015 0.015 0.016 0.018 0.021 0.026 0.033 0.041 0.049 0.058 0.000 0.000 0.000 0.000 0.000 0.000 0.000 0.000 0.000 0.000 0.000 0.054 0.058 0.060 0.060 0.058 0.060 0.063 0.067 0.063 0.061 0.058 0.056 0.053 0.051 0.048 0.045 0.041 0.035 0.033 0.033 0.034 0.035 0.037 0.038 0.040 0.043 0.045 0.047 0.049 0.052 0.054
0.000 0.000 0.000 0.000 0.000 0.000 0.133 0.130 0.126 0.121 0.113 0.107 0.101 0.091 0.078 0.064 0.056 0.050 0.045 0.040 0.035 0.030 0.025 0.019 0.017 0.016 0.016 0.017 0.020 0.025 0.032 0.040 0.049 0.057 0.000 0.000 0.000 0.000 0.000 0.000 0.000 0.000 0.000 0.000 0.000 0.000 0.000 0.000 0.000 0.000 0.061 0.067 0.066 0.063 0.059 0.057 0.054 0.052 0.049 0.047 0.044 0.041 0.037 0.032 0.029 0.029 0.030 0.030 0.031 0.032 0.034 0.036 0.038 0.040 0.042 0.044 0.046
0.000 0.000 0.000 0.000 0.000 0.000 0.000 0.000 0.000 0.000 0.115 0.111 0.105 0.095 0.080 0.067 0.058 0.052 0.046 0.041 0.036 0.030 0.025 0.018 0.017 0.016 0.017 0.019 0.023 0.029 0.037 0.046 0.056 0.000 0.000 0.000 0.000 0.000 0.000 0.000 0.000 0.000 0.000 0.000 0.000 0.000 0.000 0.000 0.000 0.000 0.000 0.000 0.000 0.000 0.052 0.052 0.050 0.047 0.045 0.043 0.041 0.038 0.034 0.029 0.026 0.025 0.025 0.025 0.026 0.027 0.028 0.029 0.031 0.033 0.035 0.037 0.039
0.000 0.000 0.000 0.000 0.000 0.000 0.000 0.000 0.000 0.000 0.000 0.000 0.000 0.000 0.076 0.065 0.057 0.051 0.045 0.040 0.035 0.030 0.023 0.018 0.017 0.017 0.018 0.021 0.027 0.034 0.043 0.051 0.000 0.000 0.000 0.000 0.000 0.000 0.000 0.000 0.000 0.000 0.000 0.000 0.000 0.000 0.000 0.000 0.000 0.000 0.000 0.000 0.000 0.000 0.000 0.000 0.000 0.041 0.041 0.039 0.037 0.033 0.030 0.026 0.022 0.021 0.021 0.021 0.021 0.021 0.022 0.023 0.024 0.026 0.027 0.029 0.031
0.000 0.000 0.000 0.000 0.000 0.000 0.000 0.000 0.000 0.000 0.000 0.000 0.000 0.000 0.000 0.057 0.053 0.048 0.043 0.039 0.034 0.028 0.022 0.018 0.017 0.017 0.020 0.025 0.032 0.040 0.048 0.057 0.000 0.000 0.000 0.000 0.000 0.000 0.000 0.000 0.000 0.000 0.000 0.000 0.000 0.000 0.000 0.000 0.000 0.000 0.000 0.000 0.000 0.000 0.000 0.000 0.000 0.000 0.000 0.000 0.000 0.026 0.025 0.022 0.017 0.016 0.016 0.016 0.016 0.016 0.016 0.017 0.018 0.019 0.020 0.022 0.024
0.000 0.000 0.000 0.000 0.000 0.000 0.000 0.000 0.000 0.000 0.000 0.000 0.000 0.000 0.045 0.049 0.048 0.045 0.041 0.037 0.032 0.026 0.019 0.018 0.017 0.019 0.023 0.029 0.037 0.046 0.054 0.063 0.000 0.000 0.000 0.000 0.000 0.000 0.000 0.000 0.000 0.000 0.000 0.000 0.000 0.000 0.000 0.000 0.000 0.000 0.000 0.000 0.000 0.000 0.000 0.000 0.000 0.000 0.000 0.000 0.000 0.000 0.000 0.000 0.007 0.008 0.009 0.009 0.010 0.010 0.010 0.011 0.011 0.012 0.014 0.015 0.017
0.000 0.000 0.000 0.000 0.000 0.000 0.000 0.000 0.000 0.000 0.000 0.000 0.000 0.000 0.045 0.045 0.044 0.042 0.038 0.034 0.030 0.024 0.018 0.018 0.019 0.022 0.027 0.035 0.043 0.051 0.061 0.070 0.000 0.000 0.000 0.000 0.000 0.000 0.000 0.000 0.000 0.000 0.000 0.000 0.000 0.000 0.000 0.000 0.000 0.000 0.000 0.000 0.000 0.000 0.000 0.000 0.000 0.000 0.000 0.000 0.000 0.000 0.000 0.000 0.000 0.000 0.000 0.000 0.002 0.003 0.003 0.004 0.005 0.006 0.007 0.008 0.009
0.000 0.000 0.000 0.000 0.000 0.000 0.000 0.000 0.000 0.000 0.000 0.000 0.000 0.000 0.044 0.043 0.041 0.039 0.036 0.032 0.027 0.022 0.018 0.019 0.021 0.026 0.032 0.040 0.049 0.057 0.066 0.000 0.000 0.000 0.000 0.000 0.000 0.000 0.000 0.000 0.000 0.000 0.000 0.000 0.000 0.000 0.000 0.000 0.000 0.000 0.000 0.000 0.000 0.000 0.000 0.000 0.000 0.000 0.000 0.000 0.000 0.000 0.000 0.000 0.000 0.000 0.000 0.000 0.000 0.000 0.000 0.001 0.001 0.001 0.001 0.002 0.003
0.000 0.000 0.000 0.000 0.000 0.000 0.000 0.000 0.000 0.000 0.000 0.000 0.000 0.000 0.041 0.040 0.038 0.036 0.033 0.030 0.025 0.020 0.019 0.020 0.024 0.030 0.038 0.046 0.054 0.063 0.072 0.000 0.000 0.000 0.000 0.000 0.000 0.000 0.000 0.000 0.000 0.000 0.000 0.000 0.000 0.000 0.000 0.000 0.000 0.000 0.000 0.000 0.000 0.000 0.000 0.000 0.000 0.000 0.000 0.000 0.000 0.000 0.000 0.000 0.000 0.000 0.000 0.000 0.000 0.000 0.000 0.000 0.000 0.000 0.000 0.000 0.001
0.000 0.000 0.000 0.000 0.000 0.000 0.000 0.000 0.000 0.000 0.000 0.000 0.000 0.034 0.037 0.037 0.036 0.034 0.031 0.028 0.024 0.018 0.020 0.023 0.028 0.035 0.043 0.052 0.060 0.069 0.079 0.000 0.000 0.000 0.000 0.000 0.000 0.000 0.000 0.000 0.000 0.000 0.000 0.000 0.000 0.000 0.000 0.000 0.000 0.000 0.000 0.000 0.000 0.000 0.000 0.000 0.000 0.000 0.000 0.000 0.000 0.000 0.000 0.000 0.000 0.000 0.000 0.000 0.000 0.000 0.000 0.000 0.000 0.000 0.000 0.000 0.000
0.000 0.000 0.000 0.000 0.000 0.000 0.000 0.000 0.000 0.000 0.000 0.000 0.000 0.036 0.035 0.035 0.034 0.032 0.030 0.026 0.022 0.019 0.022 0.026 0.033 0.041 0.049 0.057 0.066 0.074 0.000 0.000 0.000 0.000 0.000 0.000 0.000 0.000 0.000 0.000 0.000 0.000 0.000 0.000 0.000 0.000 0.000 0.000 0.000 0.000 0.000 0.000 0.000 0.000 0.000 0.000 0.000 0.000 0.000 0.000 0.000 0.000 0.000 0.000 0.000 0.000 0.000 0.000 0.000 0.000 0.000 0.000 0.000 0.000 0.000 0.000 0.000
