数据/100y_3h/100y_3h_res/100y_3h_167-0001.wd
ncols         694
nrows         824
xllcorner     581104.939801
yllcorner     3495917.092414
cellsize      2.000000
NODATA_value  -9999.000000
[rows 714 to 747 of 824, columns 154 to 230 of 694]
0.000 0.000 0.000 0.000 0.000 0.000 0.000 0.002 0.004 0.005 0.006 0.007 0.008 0.009 0.009 0.010 0.010 0.010 0.010 0.009 0.001 0.001 0.099 0.094 0.089 0.086 0.083 0.079 0.074 0.070 0.065 0.060 0.000 0.000 0.000 0.000 0.000 0.000 0.000 0.000 0.000 0.000 0.023 0.074 0.100 0.110 0.120 0.130 0.141 0.000 0.000 0.000 0.000 0.000 0.000 0.000 0.000 0.000 0.249 0.261 0.272 0.267 0.252 0.227 0.235 0.149 0.068 0.004 0.000 0.000 0.000 0.000 0.000 0.000 0.000 0.000 0.000
0.000 0.000 0.000 0.000 0.000 0.000 0.002 0.003 0.005 0.006 0.007 0.008 0.009 0.010 0.010 0.011 0.012 0.012 0.013 0.013 0.012 0.011 0.001 0.113 0.110 0.108 0.104 0.099 0.094 0.089 0.083 0.077 0.071 0.067 0.000 0.000 0.000 0.000 0.000 0.000 0.000 0.004 0.059 0.120 0.164 0.173 0.184 0.193 0.204 0.000 0.000 0.000 0.000 0.000 0.000 0.000 0.000 0.000 0.313 0.305 0.286 0.260 0.237 0.230 0.239 0.197 0.107 0.024 0.000 0.000 0.000 0.000 0.000 0.000 0.000 0.000 0.000
0.000 0.000 0.000 0.000 0.000 0.001 0.003 0.004 0.006 0.007 0.008 0.009 0.010 0.011 0.011 0.012 0.013 0.014 0.015 0.016 0.017 0.017 0.016 0.001 0.001 0.129 0.125 0.120 0.114 0.108 0.102 0.096 0.091 0.086 0.083 0.000 0.000 0.000 0.000 0.000 0.000 0.048 0.106 0.162 0.217 0.235 0.246 0.256 0.266 0.000 0.000 0.000 0.000 0.000 0.000 0.000 0.000 0.341 0.322 0.297 0.275 0.252 0.227 0.231 0.238 0.231 0.147 0.064 0.000 0.000 0.000 0.000 0.000 0.000 0.000 0.000 0.000
0.000 0.000 0.000 0.000 0.000 0.002 0.004 0.005 0.006 0.008 0.009 0.010 0.011 0.011 0.012 0.013 0.014 0.016 0.017 0.018 0.020 0.021 0.023 0.026 0.030 0.005 0.146 0.140 0.134 0.128 0.121 0.115 0.111 0.106 0.102 0.097 0.095 0.000 0.000 0.000 0.039 0.091 0.147 0.203 0.256 0.298 0.308 0.319 0.000 0.000 0.000 0.000 0.000 0.000 0.000 0.000 0.000 0.335 0.313 0.288 0.266 0.240 0.229 0.234 0.242 0.252 0.192 0.107 0.026 0.000 0.000 0.000 0.000 0.000 0.000 0.000 0.000
0.000 0.000 0.000 0.000 0.001 0.003 0.005 0.006 0.007 0.008 0.009 0.010 0.011 0.012 0.013 0.014 0.015 0.017 0.018 0.020 0.022 0.025 0.029 0.035 0.047 0.069 0.005 0.160 0.155 0.147 0.140 0.135 0.131 0.126 0.122 0.119 0.116 0.113 0.000 0.067 0.084 0.132 0.188 0.242 0.300 0.356 0.372 0.382 0.000 0.000 0.000 0.000 0.000 0.000 0.000 0.000 0.000 0.323 0.303 0.278 0.259 0.231 0.225 0.237 0.244 0.255 0.240 0.150 0.000 0.000 0.000 0.000 0.000 0.000 0.000 0.000 0.000
0.000 0.000 0.000 0.000 0.001 0.003 0.005 0.006 0.007 0.009 0.010 0.011 0.012 0.013 0.014 0.015 0.016 0.017 0.019 0.021 0.023 0.026 0.029 0.034 0.040 0.047 0.031 0.001 0.001 0.163 0.159 0.155 0.151 0.147 0.143 0.139 0.136 0.133 0.126 0.102 0.127 0.174 0.230 0.285 0.341 0.396 0.434 0.445 0.000 0.000 0.000 0.000 0.000 0.000 0.000 0.000 0.000 0.314 0.293 0.271 0.245 0.223 0.229 0.236 0.248 0.254 0.262 0.197 0.000 0.000 0.000 0.000 0.000 0.000 0.000 0.000 0.000
0.000 0.000 0.000 0.000 0.002 0.004 0.005 0.007 0.008 0.009 0.010 0.011 0.012 0.013 0.014 0.015 0.016 0.018 0.019 0.021 0.023 0.025 0.028 0.031 0.034 0.036 0.029 0.020 0.014 0.001 0.178 0.175 0.172 0.168 0.164 0.161 0.158 0.155 0.152 0.000 0.000 0.217 0.270 0.326 0.383 0.440 0.498 0.508 0.517 0.492 0.000 0.000 0.000 0.000 0.000 0.000 0.325 0.306 0.282 0.259 0.236 0.222 0.232 0.240 0.251 0.261 0.269 0.239 0.000 0.000 0.000 0.000 0.000 0.000 0.000 0.000 0.000
0.000 0.000 0.000 0.000 0.002 0.004 0.005 0.007 0.008 0.009 0.010 0.011 0.012 0.013 0.014 0.015 0.017 0.018 0.019 0.021 0.022 0.024 0.026 0.028 0.030 0.030 0.026 0.021 0.017 0.012 0.001 0.195 0.193 0.189 0.185 0.182 0.180 0.177 0.000 0.000 0.000 0.000 0.312 0.367 0.425 0.482 0.537 0.530 0.508 0.487 0.464 0.438 0.000 0.000 0.000 0.000 0.315 0.293 0.270 0.249 0.225 0.226 0.231 0.239 0.251 0.264 0.270 0.000 0.000 0.000 0.000 0.000 0.000 0.000 0.000 0.000 0.000
0.000 0.000 0.000 0.000 0.002 0.004 0.005 0.007 0.008 0.009 0.010 0.011 0.012 0.013 0.014 0.015 0.016 0.018 0.019 0.020 0.022 0.023 0.024 0.026 0.026 0.026 0.024 0.021 0.018 0.014 0.010 0.000 0.000 0.208 0.206 0.203 0.202 0.000 0.000 0.000 0.000 0.000 0.000 0.409 0.467 0.490 0.513 0.000 0.000 0.478 0.452 0.428 0.404 0.378 0.000 0.000 0.306 0.284 0.263 0.241 0.217 0.225 0.235 0.246 0.257 0.266 0.271 0.000 0.000 0.000 0.000 0.000 0.000 0.000 0.000 0.000 0.000
0.000 0.000 0.000 0.000 0.002 0.004 0.005 0.007 0.008 0.009 0.010 0.011 0.012 0.013 0.014 0.015 0.016 0.017 0.018 0.020 0.021 0.022 0.023 0.024 0.024 0.023 0.022 0.020 0.018 0.015 0.012 0.009 0.006 0.000 0.225 0.222 0.000 0.000 0.000 0.000 0.000 0.000 0.000 0.422 0.446 0.466 0.488 0.000 0.000 0.000 0.000 0.417 0.390 0.370 0.343 0.317 0.295 0.275 0.247 0.231 0.218 0.227 0.235 0.245 0.256 0.265 0.274 0.000 0.000 0.000 0.000 0.000 0.000 0.000 0.000 0.000 0.000
0.000 0.000 0.000 0.000 0.001 0.003 0.005 0.006 0.008 0.009 0.010 0.011 0.012 0.013 0.014 0.015 0.016 0.017 0.018 0.019 0.020 0.021 0.021 0.022 0.022 0.021 0.020 0.019 0.017 0.015 0.013 0.011 0.009 0.006 0.001 0.237 0.229 0.000 0.000 0.000 0.000 0.000 0.000 0.399 0.423 0.443 0.463 0.475 0.000 0.000 0.000 0.000 0.000 0.360 0.337 0.311 0.284 0.263 0.247 0.219 0.219 0.229 0.240 0.248 0.257 0.268 0.000 0.000 0.000 0.000 0.000 0.000 0.000 0.000 0.000 0.000 0.000
0.000 0.000 0.000 0.000 0.001 0.003 0.005 0.006 0.007 0.008 0.010 0.011 0.012 0.012 0.013 0.014 0.015 0.016 0.017 0.018 0.019 0.019 0.020 0.020 0.020 0.020 0.019 0.018 0.016 0.015 0.013 0.011 0.010 0.008 0.005 0.000 0.245 0.243 0.000 0.000 0.000 0.000 0.000 0.000 0.404 0.000 0.000 0.457 0.448 0.000 0.000 0.000 0.000 0.000 0.000 0.297 0.275 0.252 0.231 0.213 0.221 0.229 0.238 0.248 0.259 0.268 0.000 0.000 0.000 0.000 0.000 0.000 0.000 0.000 0.000 0.000 0.000
0.000 0.000 0.000 0.000 0.000 0.002 0.004 0.006 0.007 0.008 0.009 0.010 0.011 0.012 0.013 0.014 0.015 0.015 0.016 0.017 0.018 0.018 0.019 0.019 0.019 0.018 0.017 0.017 0.015 0.014 0.013 0.011 0.010 0.008 0.006 0.004 0.001 0.260 0.278 0.000 0.000 0.000 0.000 0.000 0.000 0.000 0.000 0.000 0.434 0.000 0.000 0.000 0.000 0.000 0.306 0.285 0.265 0.240 0.216 0.214 0.222 0.228 0.239 0.249 0.259 0.271 0.000 0.000 0.000 0.000 0.000 0.000 0.000 0.000 0.000 0.000 0.000
0.000 0.000 0.000 0.000 0.000 0.002 0.003 0.005 0.006 0.008 0.009 0.010 0.011 0.012 0.012 0.013 0.014 0.015 0.015 0.016 0.017 0.017 0.017 0.017 0.017 0.017 0.016 0.016 0.015 0.013 0.012 0.011 0.010 0.008 0.007 0.005 0.003 0.001 0.250 0.267 0.000 0.000 0.000 0.000 0.000 0.000 0.000 0.000 0.417 0.000 0.000 0.000 0.000 0.000 0.297 0.274 0.251 0.228 0.204 0.213 0.219 0.230 0.241 0.249 0.257 0.000 0.000 0.000 0.000 0.000 0.000 0.000 0.000 0.000 0.000 0.000 0.000
0.000 0.000 0.000 0.000 0.000 0.000 0.002 0.004 0.006 0.007 0.008 0.009 0.010 0.011 0.012 0.013 0.013 0.014 0.015 0.015 0.016 0.016 0.016 0.016 0.016 0.016 0.015 0.015 0.014 0.013 0.012 0.011 0.009 0.008 0.007 0.006 0.004 0.002 0.000 0.237 0.253 0.000 0.000 0.000 0.000 0.000 0.000 0.399 0.396 0.000 0.000 0.000 0.000 0.304 0.284 0.262 0.241 0.215 0.203 0.214 0.224 0.235 0.243 0.247 0.253 0.261 0.269 0.000 0.000 0.000 0.000 0.000 0.000 0.000 0.000 0.000 0.000
0.000 0.000 0.000 0.000 0.000 0.000 0.001 0.003 0.005 0.006 0.007 0.008 0.009 0.010 0.011 0.012 0.013 0.013 0.014 0.014 0.015 0.015 0.015 0.015 0.015 0.015 0.014 0.014 0.013 0.012 0.011 0.010 0.009 0.008 0.007 0.005 0.004 0.002 0.000 0.000 0.223 0.239 0.000 0.000 0.000 0.000 0.000 0.000 0.000 0.000 0.000 0.000 0.000 0.284 0.272 0.252 0.230 0.206 0.206 0.216 0.224 0.234 0.239 0.246 0.256 0.263 0.269 0.276 0.286 0.000 0.000 0.000 0.000 0.000 0.000 0.000 0.000
0.000 0.000 0.000 0.000 0.000 0.000 0.000 0.002 0.004 0.005 0.006 0.007 0.008 0.009 0.010 0.011 0.012 0.012 0.013 0.013 0.014 0.014 0.014 0.014 0.014 0.014 0.013 0.013 0.012 0.011 0.010 0.009 0.008 0.007 0.006 0.005 0.003 0.002 0.000 0.000 0.000 0.209 0.223 0.242 0.000 0.000 0.000 0.000 0.000 0.000 0.000 0.000 0.274 0.264 0.251 0.240 0.217 0.197 0.209 0.218 0.224 0.232 0.241 0.252 0.262 0.267 0.272 0.278 0.285 0.289 0.302 0.000 0.000 0.000 0.000 0.000 0.000
0.000 0.000 0.000 0.000 0.000 0.000 0.000 0.000 0.002 0.004 0.005 0.006 0.008 0.008 0.009 0.010 0.011 0.011 0.012 0.012 0.013 0.013 0.013 0.013 0.013 0.013 0.012 0.012 0.011 0.010 0.010 0.009 0.008 0.007 0.005 0.004 0.003 0.000 0.000 0.000 0.000 0.000 0.198 0.216 0.234 0.000 0.000 0.000 0.000 0.000 0.000 0.000 0.253 0.241 0.229 0.217 0.204 0.198 0.209 0.220 0.226 0.234 0.244 0.255 0.261 0.268 0.272 0.280 0.289 0.296 0.305 0.311 0.261 0.000 0.000 0.000 0.000
0.000 0.000 0.000 0.000 0.000 0.000 0.000 0.000 0.001 0.003 0.004 0.005 0.007 0.008 0.008 0.009 0.010 0.011 0.011 0.011 0.012 0.012 0.012 0.012 0.012 0.012 0.011 0.011 0.010 0.010 0.009 0.008 0.007 0.006 0.004 0.003 0.001 0.000 0.000 0.000 0.000 0.000 0.000 0.190 0.209 0.228 0.000 0.000 0.000 0.000 0.000 0.238 0.230 0.217 0.209 0.194 0.193 0.193 0.207 0.219 0.227 0.236 0.244 0.254 0.260 0.000 0.000 0.000 0.292 0.300 0.305 0.312 0.304 0.217 0.147 0.000 0.000
0.000 0.000 0.000 0.000 0.000 0.000 0.000 0.000 0.000 0.001 0.003 0.004 0.005 0.006 0.007 0.008 0.009 0.010 0.010 0.010 0.011 0.011 0.011 0.011 0.011 0.011 0.010 0.010 0.009 0.009 0.008 0.007 0.006 0.005 0.003 0.002 0.000 0.000 0.000 0.000 0.000 0.000 0.000 0.000 0.184 0.203 0.224 0.000 0.000 0.000 0.000 0.218 0.204 0.196 0.188 0.190 0.190 0.190 0.204 0.214 0.225 0.235 0.246 0.256 0.261 0.000 0.000 0.000 0.000 0.000 0.306 0.314 0.323 0.261 0.219 0.180 0.000
0.000 0.000 0.000 0.000 0.000 0.000 0.000 0.000 0.000 0.000 0.001 0.003 0.004 0.005 0.006 0.007 0.008 0.008 0.009 0.009 0.010 0.010 0.010 0.010 0.010 0.010 0.009 0.009 0.008 0.008 0.007 0.006 0.005 0.004 0.002 0.000 0.000 0.000 0.000 0.000 0.000 0.000 0.000 0.000 0.163 0.180 0.199 0.219 0.000 0.220 0.209 0.196 0.184 0.186 0.185 0.188 0.185 0.186 0.197 0.209 0.220 0.231 0.242 0.252 0.000 0.000 0.000 0.000 0.000 0.000 0.000 0.315 0.325 0.329 0.289 0.250 0.000
0.000 0.000 0.000 0.000 0.000 0.000 0.000 0.000 0.000 0.000 0.000 0.001 0.003 0.004 0.005 0.006 0.007 0.007 0.008 0.008 0.009 0.009 0.009 0.009 0.009 0.009 0.008 0.008 0.007 0.007 0.006 0.005 0.004 0.002 0.000 0.000 0.000 0.000 0.000 0.000 0.000 0.000 0.000 0.000 0.000 0.158 0.175 0.193 0.213 0.200 0.189 0.182 0.183 0.184 0.185 0.185 0.184 0.185 0.194 0.207 0.217 0.228 0.238 0.000 0.000 0.000 0.000 0.000 0.000 0.000 0.000 0.000 0.000 0.333 0.328 0.317 0.274
0.000 0.000 0.000 0.000 0.000 0.000 0.000 0.000 0.000 0.000 0.000 0.000 0.000 0.002 0.004 0.005 0.005 0.006 0.007 0.007 0.007 0.008 0.008 0.008 0.008 0.007 0.007 0.007 0.006 0.005 0.004 0.003 0.002 0.000 0.000 0.000 0.000 0.000 0.000 0.000 0.000 0.000 0.000 0.000 0.000 0.000 0.153 0.171 0.189 0.182 0.181 0.181 0.181 0.182 0.184 0.183 0.183 0.183 0.192 0.205 0.214 0.225 0.235 0.000 0.000 0.000 0.000 0.000 0.000 0.000 0.000 0.000 0.000 0.000 0.000 0.324 0.317
0.000 0.000 0.000 0.000 0.000 0.000 0.000 0.000 0.000 0.000 0.000 0.000 0.000 0.000 0.002 0.003 0.004 0.005 0.005 0.006 0.006 0.006 0.006 0.006 0.006 0.006 0.006 0.005 0.005 0.004 0.003 0.002 0.000 0.000 0.000 0.000 0.000 0.000 0.000 0.000 0.000 0.000 0.000 0.000 0.000 0.000 0.000 0.148 0.167 0.181 0.180 0.179 0.180 0.180 0.181 0.180 0.181 0.180 0.187 0.199 0.210 0.222 0.000 0.000 0.000 0.000 0.000 0.000 0.000 0.000 0.000 0.000 0.000 0.000 0.000 0.000 0.000
0.000 0.000 0.000 0.000 0.000 0.000 0.000 0.000 0.000 0.000 0.000 0.000 0.000 0.000 0.000 0.000 0.002 0.003 0.004 0.004 0.004 0.005 0.005 0.005 0.005 0.005 0.004 0.004 0.003 0.002 0.001 0.000 0.000 0.000 0.000 0.000 0.000 0.000 0.000 0.000 0.000 0.000 0.000 0.000 0.000 0.000 0.000 0.000 0.144 0.164 0.178 0.178 0.178 0.177 0.177 0.178 0.180 0.180 0.183 0.195 0.207 0.218 0.000 0.000 0.000 0.000 0.000 0.000 0.000 0.000 0.000 0.000 0.000 0.000 0.000 0.000 0.000
0.000 0.000 0.000 0.000 0.000 0.000 0.000 0.000 0.000 0.000 0.000 0.000 0.000 0.000 0.000 0.000 0.000 0.000 0.002 0.002 0.003 0.003 0.003 0.003 0.003 0.003 0.002 0.002 0.001 0.000 0.000 0.000 0.000 0.000 0.000 0.000 0.000 0.000 0.000 0.000 0.000 0.000 0.000 0.000 0.000 0.000 0.000 0.000 0.000 0.136 0.161 0.176 0.175 0.174 0.174 0.175 0.177 0.179 0.180 0.192 0.202 0.000 0.000 0.000 0.000 0.000 0.000 0.000 0.000 0.000 0.000 0.000 0.000 0.000 0.000 0.000 0.000
0.000 0.000 0.000 0.000 0.000 0.000 0.000 0.000 0.000 0.000 0.000 0.000 0.000 0.000 0.000 0.000 0.000 0.000 0.000 0.000 0.000 0.001 0.001 0.001 0.001 0.000 0.000 0.000 0.000 0.000 0.000 0.000 0.000 0.000 0.000 0.000 0.000 0.000 0.000 0.000 0.000 0.000 0.000 0.000 0.000 0.000 0.000 0.000 0.000 0.000 0.141 0.161 0.172 0.171 0.170 0.171 0.173 0.174 0.176 0.186 0.199 0.000 0.000 0.000 0.000 0.000 0.000 0.000 0.000 0.000 0.000 0.000 0.000 0.000 0.000 0.000 0.000
0.000 0.000 0.000 0.000 0.000 0.000 0.000 0.000 0.000 0.000 0.000 0.000 0.000 0.000 0.000 0.000 0.000 0.000 0.000 0.000 0.000 0.000 0.000 0.000 0.000 0.000 0.000 0.000 0.000 0.000 0.000 0.000 0.000 0.000 0.000 0.000 0.000 0.000 0.000 0.000 0.000 0.000 0.000 0.000 0.000 0.000 0.000 0.000 0.000 0.000 0.121 0.139 0.157 0.169 0.167 0.167 0.166 0.167 0.170 0.182 0.000 0.000 0.000 0.000 0.000 0.000 0.000 0.000 0.000 0.000 0.000 0.000 0.000 0.000 0.000 0.000 0.000
0.000 0.000 0.000 0.000 0.000 0.000 0.000 0.000 0.000 0.000 0.000 0.000 0.000 0.000 0.000 0.000 0.000 0.000 0.000 0.000 0.000 0.000 0.000 0.000 0.000 0.000 0.000 0.000 0.000 0.000 0.000 0.000 0.000 0.000 0.000 0.000 0.000 0.000 0.000 0.000 0.000 0.000 0.000 0.000 0.000 0.000 0.000 0.000 0.000 0.000 0.000 0.115 0.134 0.153 0.164 0.160 0.154 0.157 0.158 0.000 0.000 0.000 0.000 0.000 0.000 0.000 0.000 0.000 0.000 0.000 0.000 0.000 0.000 0.000 0.000 0.000 0.000
0.000 0.000 0.000 0.000 0.000 0.000 0.000 0.000 0.000 0.000 0.000 0.000 0.000 0.000 0.000 0.000 0.000 0.000 0.000 0.000 0.000 0.000 0.000 0.000 0.000 0.000 0.000 0.000 0.000 0.000 0.000 0.000 0.000 0.000 0.000 0.000 0.000 0.000 0.000 0.000 0.000 0.000 0.000 0.000 0.000 0.000 0.000 0.000 0.000 0.000 0.000 0.090 0.109 0.128 0.146 0.155 0.152 0.150 0.146 0.140 0.000 0.000 0.000 0.000 0.000 0.000 0.000 0.000 0.000 0.000 0.000 0.000 0.000 0.000 0.000 0.000 0.000
0.000 0.000 0.000 0.000 0.000 0.000 0.000 0.000 0.000 0.000 0.000 0.000 0.000 0.000 0.000 0.000 0.000 0.000 0.000 0.000 0.000 0.000 0.000 0.000 0.000 0.000 0.000 0.000 0.000 0.000 0.000 0.000 0.000 0.000 0.000 0.000 0.000 0.000 0.000 0.000 0.000 0.000 0.000 0.000 0.000 0.000 0.000 0.000 0.000 0.000 0.000 0.064 0.084 0.102 0.120 0.137 0.146 0.142 0.137 0.130 0.129 0.000 0.000 0.000 0.000 0.000 0.000 0.000 0.000 0.000 0.000 0.000 0.000 0.000 0.000 0.000 0.000
0.000 0.000 0.000 0.000 0.000 0.000 0.000 0.000 0.000 0.000 0.000 0.000 0.000 0.000 0.000 0.000 0.000 0.000 0.000 0.000 0.000 0.000 0.000 0.000 0.000 0.000 0.000 0.000 0.000 0.000 0.000 0.000 0.000 0.000 0.000 0.000 0.000 0.000 0.000 0.000 0.000 0.000 0.000 0.000 0.000 0.000 0.000 0.000 0.000 0.000 0.000 0.041 0.059 0.077 0.095 0.111 0.128 0.135 0.128 0.119 0.116 0.105 0.104 0.000 0.000 0.000 0.000 0.000 0.000 0.000 0.000 0.000 0.000 0.000 0.000 0.000 0.000
0.000 0.000 0.000 0.000 0.000 0.000 0.000 0.000 0.000 0.000 0.000 0.000 0.000 0.000 0.000 0.000 0.000 0.000 0.000 0.000 0.000 0.000 0.000 0.000 0.000 0.000 0.000 0.000 0.000 0.000 0.000 0.000 0.000 0.000 0.000 0.000 0.000 0.000 0.000 0.000 0.000 0.000 0.000 0.000 0.000 0.000 0.000 0.000 0.000 0.000 0.000 0.000 0.035 0.052 0.069 0.086 0.101 0.116 0.120 0.109 0.103 0.095 0.094 0.096 0.000 0.000 0.000 0.000 0.000 0.000 0.000 0.000 0.000 0.000 0.000 0.000 0.000
0.000 0.000 0.000 0.000 0.000 0.000 0.000 0.000 0.000 0.000 0.000 0.000 0.000 0.000 0.000 0.000 0.000 0.000 0.000 0.000 0.000 0.000 0.000 0.000 0.000 0.000 0.000 0.000 0.000 0.000 0.000 0.000 0.000 0.000 0.000 0.000 0.000 0.000 0.000 0.000 0.000 0.000 0.000 0.000 0.000 0.000 0.000 0.000 0.000 0.000 0.000 0.000 0.009 0.027 0.045 0.060 0.075 0.088 0.099 0.098 0.088 0.084 0.085 0.086 0.085 0.000 0.000 0.000 0.000 0.000 0.000 0.000 0.000 0.000 0.000 0.000 0.000
