数据/100y_3h/100y_3h_res/100y_3h_341-0001.wd
ncols         694
nrows         824
xllcorner     581104.939801
yllcorner     3495917.092414
cellsize      2.000000
NODATA_value  -9999.000000
[rows 102 to 135 of 824, columns 616 to 692 of 694]
0.000 0.000 0.000 0.000 0.000 0.000 0.000 0.000 0.000 0.000 0.000 0.000 0.000 0.000 0.000 0.000 0.000 0.000 0.246 0.259 0.269 0.279 0.311 0.348 0.385 0.423 0.462 0.500 0.539 0.577 0.615 0.655 0.693 0.731 0.769 0.809 0.804 0.768 0.732 0.696 0.659 0.622 0.000 0.000 0.000 0.000 0.000 0.000 0.000 0.000 0.000 0.000 0.000 0.000 0.034 0.032 0.000 0.000 0.000 0.000 0.000 0.000 0.000 0.000 0.000 0.000 0.000 0.000 0.000 0.000 0.000 0.000 0.000 0.000 0.000 0.000 0.000
0.000 0.000 0.000 0.000 0.000 0.000 0.000 0.000 0.000 0.000 0.000 0.000 0.000 0.000 0.000 0.000 0.000 0.000 0.254 0.267 0.285 0.321 0.358 0.396 0.433 0.471 0.510 0.549 0.588 0.626 0.665 0.705 0.744 0.783 0.822 0.862 0.847 0.811 0.774 0.737 0.701 0.000 0.000 0.000 0.000 0.000 0.000 0.000 0.000 0.000 0.000 0.000 0.000 0.000 0.000 0.088 0.000 0.018 0.000 0.000 0.000 0.000 0.000 0.000 0.000 0.000 0.000 0.000 0.000 0.000 0.000 0.000 0.000 0.000 0.000 0.000 0.000
0.000 0.000 0.000 0.000 0.000 0.000 0.000 0.000 0.000 0.000 0.000 0.000 0.000 0.000 0.000 0.000 0.000 0.000 0.264 0.293 0.332 0.370 0.407 0.444 0.482 0.521 0.559 0.598 0.637 0.676 0.715 0.755 0.794 0.834 0.873 0.913 0.891 0.000 0.816 0.000 0.000 0.000 0.000 0.000 0.000 0.000 0.000 0.000 0.000 0.000 0.000 0.000 0.000 0.000 0.166 0.131 0.101 0.069 0.037 0.000 0.000 0.000 0.000 0.000 0.000 0.000 0.000 0.000 0.000 0.000 0.000 0.000 0.000 0.000 0.000 0.000 0.000
0.000 0.000 0.000 0.000 0.000 0.000 0.000 0.000 0.000 0.000 0.000 0.000 0.000 0.000 0.000 0.000 0.000 0.000 0.304 0.343 0.382 0.420 0.456 0.494 0.532 0.571 0.609 0.647 0.687 0.727 0.765 0.804 0.844 0.884 0.924 0.963 0.000 0.000 0.000 0.000 0.000 0.000 0.000 0.000 0.000 0.000 0.000 0.000 0.000 0.000 0.359 0.321 0.283 0.246 0.209 0.173 0.144 0.113 0.080 0.045 0.006 0.000 0.000 0.000 0.000 0.000 0.000 0.000 0.000 0.000 0.000 0.000 0.000 0.000 0.000 0.000 0.000
0.000 0.000 0.000 0.000 0.000 0.000 0.000 0.000 0.000 0.000 0.000 0.000 0.000 0.000 0.269 0.000 0.000 0.000 0.356 0.394 0.432 0.469 0.505 0.543 0.581 0.620 0.659 0.697 0.737 0.777 0.815 0.855 0.894 0.934 0.974 0.000 0.000 0.000 0.000 0.000 0.000 0.000 0.000 0.000 0.000 0.000 0.000 0.000 0.000 0.440 0.402 0.364 0.327 0.000 0.252 0.000 0.192 0.155 0.121 0.086 0.052 0.019 0.000 0.000 0.000 0.000 0.000 0.000 0.000 0.000 0.000 0.000 0.000 0.000 0.000 0.000 0.000
0.000 0.000 0.000 0.000 0.000 0.000 0.000 0.000 0.000 0.000 0.000 0.000 0.014 0.137 0.255 0.317 0.351 0.381 0.411 0.447 0.484 0.520 0.554 0.591 0.631 0.670 0.709 0.748 0.787 0.826 0.866 0.905 0.945 0.985 1.025 0.000 0.000 0.000 0.000 0.000 0.000 0.000 0.000 0.000 0.000 0.000 0.000 0.000 0.000 0.000 0.446 0.000 0.000 0.000 0.000 0.000 0.237 0.199 0.161 0.126 0.091 0.060 0.029 0.000 0.000 0.000 0.000 0.000 0.000 0.000 0.000 0.000 0.000 0.000 0.000 0.000 0.000
0.000 0.000 0.000 0.000 0.000 0.000 0.000 0.000 0.000 0.000 0.000 0.000 0.000 0.000 0.000 0.000 0.000 0.000 0.000 0.000 0.000 0.000 0.601 0.641 0.681 0.721 0.760 0.798 0.837 0.876 0.915 0.955 0.995 1.035 1.074 1.091 0.000 0.000 0.000 0.000 0.000 0.000 0.000 0.000 0.744 0.706 0.000 0.000 0.000 0.000 0.000 0.000 0.000 0.000 0.000 0.000 0.280 0.242 0.205 0.167 0.130 0.098 0.061 0.018 0.000 0.000 0.000 0.000 0.000 0.000 0.000 0.000 0.000 0.000 0.000 0.000 0.000
0.000 0.000 0.000 0.000 0.000 0.000 0.000 0.000 0.000 0.000 0.000 0.000 0.000 0.000 0.000 0.000 0.000 0.000 0.000 0.000 0.000 0.000 0.651 0.691 0.732 0.772 0.810 0.850 0.889 0.928 0.966 1.006 1.046 1.085 1.124 1.133 0.000 0.000 0.000 0.000 0.942 0.904 0.867 0.828 0.789 0.750 0.000 0.000 0.000 0.000 0.000 0.000 0.000 0.000 0.000 0.000 0.324 0.286 0.248 0.198 0.147 0.123 0.084 0.044 0.000 0.000 0.000 0.000 0.000 0.000 0.000 0.000 0.000 0.000 0.000 0.000 0.000
0.000 0.000 0.000 0.000 0.000 0.000 0.000 0.000 0.000 0.000 0.000 0.000 0.000 0.000 0.000 0.000 0.000 0.000 0.000 0.000 0.000 0.000 0.704 0.743 0.781 0.822 0.861 0.901 0.939 0.979 1.017 1.057 1.096 1.136 1.176 1.175 0.000 0.000 0.000 1.021 0.984 0.947 0.910 0.872 0.834 0.000 0.000 0.000 0.000 0.000 0.000 0.000 0.000 0.485 0.431 0.376 0.320 0.266 0.212 0.174 0.164 0.140 0.102 0.062 0.019 0.000 0.000 0.000 0.000 0.000 0.000 0.000 0.000 0.000 0.000 0.000 0.000
0.000 0.000 0.000 0.000 0.000 0.000 0.000 0.000 0.000 0.000 0.000 0.000 0.000 0.000 0.000 0.000 0.000 0.000 0.000 0.000 0.000 0.000 0.761 0.799 0.837 0.875 0.913 0.951 0.990 1.030 1.068 1.107 1.147 1.187 1.226 1.217 1.179 1.141 1.103 1.065 1.027 0.990 0.952 0.915 0.877 0.000 0.000 0.000 0.000 0.000 0.612 0.558 0.503 0.447 0.392 0.337 0.282 0.227 0.200 0.190 0.181 0.156 0.118 0.078 0.037 0.000 0.000 0.000 0.000 0.000 0.000 0.000 0.000 0.000 0.000 0.000 0.000
0.000 0.000 0.000 0.000 0.000 0.000 0.000 0.000 0.000 0.000 0.000 0.000 0.000 0.000 0.000 0.000 0.000 0.000 0.000 0.703 0.000 0.781 0.819 0.857 0.894 0.932 0.969 1.007 1.045 1.081 1.119 1.159 1.198 1.238 1.278 1.259 1.222 1.184 1.146 1.108 1.070 1.032 0.996 0.953 0.899 0.000 0.000 0.000 0.683 0.629 0.574 0.519 0.464 0.409 0.354 0.299 0.243 0.226 0.216 0.207 0.197 0.173 0.134 0.000 0.000 0.000 0.000 0.000 0.000 0.000 0.000 0.000 0.000 0.000 0.000 0.000 0.000
0.000 0.000 0.000 0.000 0.000 0.000 0.000 0.000 0.000 0.000 0.000 0.000 0.000 0.000 0.000 0.000 0.000 0.000 0.683 0.743 0.800 0.839 0.877 0.915 0.953 0.990 1.027 1.065 1.102 1.140 1.176 1.213 1.250 1.290 1.329 1.302 1.265 1.227 1.182 1.127 1.074 1.020 0.967 0.913 0.859 0.806 0.751 0.697 0.643 0.589 0.535 0.480 0.425 0.371 0.316 0.267 0.255 0.244 0.233 0.000 0.000 0.000 0.000 0.000 0.000 0.000 0.000 0.000 0.000 0.000 0.000 0.000 0.000 0.000 0.000 0.000 0.000
0.000 0.000 0.000 0.000 0.000 0.000 0.000 0.000 0.000 0.000 0.000 0.000 0.000 0.000 0.000 0.000 0.000 0.000 0.722 0.781 0.841 0.897 0.936 0.974 1.012 1.048 1.086 1.122 1.159 1.197 1.234 1.271 1.309 1.345 1.356 1.303 1.249 1.196 1.142 1.089 1.035 0.980 0.927 0.874 0.819 0.765 0.712 0.658 0.604 0.550 0.496 0.442 0.386 0.332 0.297 0.286 0.000 0.000 0.000 0.000 0.000 0.000 0.000 0.000 0.000 0.000 0.000 0.000 0.000 0.000 0.000 0.000 0.000 0.000 0.000 0.000 0.000
0.000 0.000 0.000 0.000 0.000 0.000 0.000 0.000 0.000 0.000 0.000 0.000 0.000 0.000 0.000 0.000 0.000 0.000 0.000 0.000 0.000 0.942 0.993 1.031 1.069 1.105 1.143 1.181 1.218 1.255 1.292 1.329 1.367 1.363 1.314 1.264 1.211 1.157 1.104 1.049 0.995 0.941 0.888 0.834 0.780 0.727 0.673 0.619 0.565 0.511 0.457 0.402 0.347 0.324 0.314 0.000 0.000 0.000 0.000 0.000 0.000 0.000 0.000 0.000 0.000 0.000 0.000 0.000 0.000 0.000 0.000 0.000 0.000 0.000 0.000 0.000 0.000
0.000 0.000 0.000 0.000 0.000 0.000 0.000 0.000 0.000 0.000 0.000 0.000 0.000 0.000 0.000 0.000 0.000 0.000 0.000 0.000 0.000 0.981 1.041 1.089 1.126 1.164 1.201 1.239 1.276 1.313 1.350 1.387 1.370 1.321 1.273 1.224 1.172 1.118 1.064 1.010 0.956 0.902 0.849 0.795 0.741 0.688 0.634 0.580 0.526 0.472 0.418 0.363 0.350 0.000 0.000 0.000 0.000 0.000 0.000 0.000 0.000 0.000 0.000 0.000 0.067 0.000 0.000 0.000 0.000 0.000 0.000 0.000 0.000 0.000 0.000 0.000 0.000
0.000 0.000 0.000 0.000 0.000 0.000 0.000 0.000 0.000 0.000 0.000 0.000 0.000 0.000 0.000 0.000 0.000 0.000 0.000 0.000 0.000 1.021 1.080 1.139 1.185 1.222 1.259 1.297 1.334 1.371 1.408 1.377 1.328 1.281 1.233 1.185 1.133 1.079 1.025 0.970 0.917 0.864 0.810 0.756 0.703 0.649 0.595 0.541 0.488 0.433 0.388 0.000 0.000 0.000 0.000 0.000 0.000 0.000 0.000 0.000 0.000 0.195 0.158 0.122 0.084 0.041 0.000 0.000 0.000 0.000 0.000 0.000 0.000 0.000 0.000 0.000 0.000
0.000 0.000 0.000 0.000 0.000 0.000 0.000 0.000 0.000 0.000 0.000 0.000 0.000 0.000 0.000 0.000 0.000 0.000 0.000 0.000 0.000 1.060 1.119 1.178 1.237 1.280 1.317 1.355 1.392 1.429 1.384 1.336 1.288 1.240 1.192 1.145 1.093 1.040 0.985 0.931 0.878 0.825 0.771 0.717 0.664 0.610 0.556 0.501 0.000 0.000 0.000 0.000 0.000 0.000 0.000 0.000 0.000 0.000 0.252 0.244 0.235 0.210 0.174 0.138 0.101 0.061 0.000 0.000 0.000 0.000 0.000 0.000 0.000 0.000 0.000 0.000 0.000
0.000 0.000 0.000 0.000 0.000 0.000 0.000 0.000 0.000 0.000 0.000 0.000 0.000 0.000 0.000 0.000 0.000 0.000 0.000 0.000 0.000 0.000 0.000 0.000 1.276 1.335 1.376 1.412 1.440 1.391 1.343 1.295 1.247 1.199 1.151 1.103 1.054 1.000 0.945 0.892 0.839 0.786 0.731 0.678 0.624 0.570 0.000 0.000 0.000 0.000 0.000 0.000 0.000 0.000 0.000 0.000 0.288 0.278 0.269 0.260 0.252 0.226 0.189 0.153 0.116 0.077 0.032 0.000 0.000 0.000 0.000 0.000 0.000 0.000 0.000 0.000 0.000
0.000 0.000 0.000 0.000 0.000 0.000 0.000 0.000 0.000 0.000 0.000 0.000 0.000 0.000 0.000 0.000 0.000 0.000 0.000 0.000 0.000 0.000 0.000 0.000 1.315 1.375 1.432 1.447 1.398 1.350 1.303 1.254 1.206 1.158 1.110 1.062 1.014 0.960 0.907 0.853 0.800 0.745 0.691 0.638 0.584 0.530 0.000 0.000 0.000 0.000 0.000 0.000 0.000 0.332 0.323 0.314 0.304 0.295 0.285 0.276 0.268 0.242 0.205 0.168 0.131 0.093 0.052 0.001 0.000 0.000 0.000 0.000 0.000 0.000 0.000 0.000 0.000
0.479 0.538 0.000 0.000 0.000 0.000 0.000 0.000 0.000 0.000 0.000 0.000 0.000 0.000 0.000 0.000 0.000 0.000 0.000 0.000 0.000 0.000 0.000 0.000 1.328 1.372 1.416 1.400 1.358 1.309 1.262 1.214 1.166 1.118 1.069 1.021 0.973 0.921 0.868 0.814 0.760 0.705 0.652 0.599 0.544 0.502 0.000 0.000 0.000 0.000 0.000 0.000 0.000 0.000 0.340 0.330 0.321 0.312 0.302 0.293 0.284 0.257 0.220 0.183 0.147 0.109 0.069 0.021 0.000 0.000 0.000 0.000 0.000 0.000 0.000 0.000 0.000
0.301 0.359 0.418 0.476 0.534 0.422 0.201 0.336 0.445 0.505 0.565 0.624 0.683 0.742 0.000 0.000 0.920 0.966 1.011 1.054 1.098 0.000 0.000 1.231 1.274 1.318 1.361 1.341 1.301 1.262 1.221 1.173 1.125 1.077 1.028 0.980 0.932 0.882 0.829 0.774 0.720 0.666 0.613 0.558 0.528 0.518 0.509 0.000 0.000 0.000 0.000 0.000 0.000 0.000 0.357 0.347 0.338 0.328 0.318 0.310 0.300 0.272 0.236 0.198 0.162 0.124 0.086 0.044 0.000 0.000 0.000 0.000 0.000 0.000 0.000 0.000 0.000
0.122 0.181 0.239 0.297 0.355 0.413 0.472 0.408 0.484 0.544 0.603 0.648 0.692 0.736 0.780 0.000 0.869 0.913 0.956 1.000 1.044 1.088 1.132 1.176 1.219 1.263 1.307 1.283 1.244 1.205 1.166 1.126 1.084 1.035 0.987 0.939 0.891 0.842 0.790 0.735 0.682 0.627 0.573 0.554 0.545 0.535 0.526 0.000 0.000 0.000 0.000 0.000 0.000 0.000 0.374 0.364 0.355 0.345 0.335 0.326 0.317 0.289 0.251 0.214 0.177 0.140 0.101 0.061 0.008 0.000 0.000 0.000 0.000 0.000 0.000 0.000 0.000
0.000 0.000 0.062 0.118 0.176 0.235 0.315 0.431 0.460 0.506 0.550 0.594 0.638 0.681 0.726 0.770 0.814 0.858 0.902 0.946 0.990 1.033 1.077 1.122 1.166 1.209 1.253 1.224 1.185 1.146 1.108 1.068 1.029 0.989 0.946 0.898 0.850 0.802 0.750 0.697 0.643 0.593 0.582 0.572 0.562 0.552 0.542 0.532 0.000 0.000 0.000 0.000 0.415 0.404 0.392 0.382 0.372 0.362 0.352 0.343 0.333 0.305 0.267 0.230 0.192 0.155 0.117 0.078 0.035 0.000 0.000 0.000 0.000 0.000 0.000 0.000 0.000
0.000 0.000 0.000 0.000 0.055 0.000 0.000 0.000 0.000 0.452 0.496 0.540 0.584 0.628 0.672 0.716 0.760 0.804 0.847 0.000 0.000 0.978 1.023 1.068 1.111 1.155 1.199 1.166 1.127 1.087 1.049 1.009 0.970 0.931 0.892 0.853 0.809 0.760 0.712 0.658 0.619 0.609 0.598 0.589 0.579 0.569 0.558 0.548 0.000 0.484 0.469 0.451 0.434 0.421 0.409 0.399 0.389 0.378 0.369 0.359 0.349 0.321 0.283 0.245 0.208 0.171 0.133 0.095 0.055 0.000 0.000 0.000 0.000 0.000 0.000 0.000 0.000
0.000 0.000 0.000 0.000 0.054 0.000 0.000 0.000 0.000 0.000 0.443 0.486 0.000 0.000 0.000 0.000 0.000 0.000 0.793 0.000 0.000 0.000 0.000 0.000 0.000 0.000 1.144 1.108 1.068 1.029 0.990 0.952 0.912 0.873 0.834 0.795 0.755 0.715 0.673 0.646 0.636 0.626 0.616 0.606 0.596 0.585 0.574 0.563 0.546 0.510 0.488 0.466 0.451 0.438 0.426 0.415 0.405 0.395 0.386 0.376 0.367 0.338 0.299 0.262 0.224 0.187 0.149 0.111 0.067 0.000 0.000 0.000 0.000 0.000 0.000 0.000 0.000
0.000 0.000 0.000 0.000 0.000 0.000 0.000 0.000 0.000 0.000 0.394 0.432 0.000 0.000 0.000 0.000 0.000 0.000 0.000 0.000 0.000 0.000 0.000 0.000 0.000 0.000 1.088 1.049 1.010 0.971 0.931 0.893 0.854 0.815 0.776 0.737 0.698 0.657 0.636 0.637 0.642 0.643 0.634 0.623 0.612 0.601 0.590 0.580 0.569 0.000 0.000 0.477 0.467 0.455 0.441 0.432 0.422 0.412 0.402 0.393 0.384 0.354 0.316 0.278 0.240 0.202 0.164 0.120 0.069 0.000 0.000 0.000 0.000 0.000 0.000 0.000 0.000
0.000 0.000 0.000 0.000 0.000 0.000 0.000 0.000 0.000 0.000 0.000 0.000 0.000 0.000 0.000 0.000 0.000 0.000 0.000 0.000 0.000 0.000 0.000 0.000 0.000 0.000 1.030 0.990 0.951 0.913 0.874 0.835 0.797 0.757 0.718 0.678 0.639 0.607 0.606 0.604 0.609 0.614 0.618 0.622 0.626 0.618 0.607 0.597 0.587 0.000 0.000 0.493 0.483 0.000 0.457 0.447 0.438 0.428 0.419 0.409 0.400 0.371 0.332 0.294 0.256 0.218 0.172 0.122 0.072 0.005 0.000 0.000 0.000 0.000 0.000 0.000 0.000
0.000 0.000 0.000 0.000 0.000 0.000 0.000 0.000 0.000 0.000 0.000 0.000 0.000 0.000 0.000 0.000 0.000 0.000 0.000 0.000 0.000 0.000 0.000 0.000 0.000 0.000 0.971 0.932 0.893 0.854 0.815 0.776 0.737 0.698 0.659 0.619 0.580 0.578 0.576 0.575 0.576 0.580 0.584 0.588 0.592 0.596 0.600 0.604 0.604 0.000 0.574 0.000 0.000 0.000 0.474 0.464 0.454 0.445 0.435 0.426 0.417 0.386 0.348 0.310 0.272 0.225 0.175 0.125 0.075 0.000 0.000 0.000 0.000 0.000 0.000 0.000 0.000
0.000 0.000 0.000 0.000 0.000 0.000 0.278 0.000 0.000 0.304 0.314 0.000 0.000 0.000 0.000 0.000 0.000 0.000 0.000 0.000 0.000 0.000 0.000 0.000 0.000 0.000 0.911 0.872 0.834 0.795 0.756 0.717 0.679 0.639 0.599 0.561 0.549 0.548 0.546 0.545 0.543 0.546 0.551 0.555 0.560 0.564 0.566 0.569 0.572 0.573 0.574 0.000 0.000 0.000 0.000 0.479 0.470 0.461 0.452 0.442 0.433 0.402 0.364 0.326 0.278 0.228 0.178 0.128 0.078 0.000 0.000 0.000 0.000 0.000 0.000 0.000 0.000
0.000 0.000 0.000 0.000 0.049 0.179 0.255 0.263 0.272 0.280 0.290 0.299 0.308 0.317 0.334 0.378 0.422 0.465 0.510 0.555 0.600 0.645 0.689 0.000 0.000 0.825 0.852 0.813 0.774 0.736 0.698 0.659 0.620 0.581 0.542 0.521 0.519 0.518 0.515 0.514 0.512 0.512 0.518 0.523 0.527 0.000 0.000 0.533 0.000 0.000 0.536 0.000 0.000 0.000 0.000 0.496 0.487 0.478 0.468 0.459 0.450 0.419 0.381 0.330 0.281 0.231 0.181 0.131 0.081 0.000 0.000 0.000 0.000 0.000 0.000 0.000 0.000
0.000 0.000 0.000 0.000 0.046 0.178 0.231 0.240 0.248 0.258 0.267 0.275 0.284 0.293 0.303 0.323 0.367 0.411 0.456 0.501 0.546 0.591 0.635 0.680 0.725 0.770 0.792 0.754 0.715 0.677 0.639 0.601 0.562 0.523 0.492 0.490 0.489 0.488 0.485 0.000 0.000 0.000 0.000 0.000 0.000 0.000 0.000 0.498 0.000 0.000 0.498 0.501 0.000 0.000 0.000 0.000 0.472 0.477 0.482 0.475 0.466 0.434 0.383 0.333 0.283 0.234 0.184 0.133 0.083 0.000 0.000 0.000 0.000 0.000 0.000 0.000 0.000
0.000 0.000 0.000 0.000 0.037 0.000 0.000 0.216 0.225 0.234 0.243 0.252 0.261 0.270 0.279 0.288 0.313 0.357 0.401 0.447 0.491 0.536 0.581 0.625 0.670 0.715 0.733 0.695 0.657 0.619 0.581 0.542 0.000 0.000 0.000 0.000 0.000 0.000 0.000 0.000 0.000 0.000 0.000 0.000 0.000 0.000 0.000 0.000 0.000 0.000 0.000 0.464 0.000 0.000 0.000 0.000 0.438 0.443 0.448 0.453 0.459 0.429 0.379 0.328 0.278 0.228 0.178 0.128 0.076 0.009 0.000 0.000 0.000 0.000 0.000 0.000 0.000
0.000 0.000 0.000 0.000 0.029 0.000 0.000 0.193 0.201 0.210 0.220 0.229 0.237 0.247 0.256 0.265 0.274 0.303 0.347 0.392 0.437 0.482 0.526 0.571 0.616 0.661 0.674 0.636 0.598 0.560 0.521 0.000 0.000 0.000 0.000 0.000 0.000 0.000 0.000 0.000 0.000 0.000 0.000 0.000 0.000 0.000 0.000 0.000 0.000 0.000 0.420 0.427 0.000 0.000 0.000 0.000 0.000 0.409 0.414 0.421 0.431 0.414 0.364 0.313 0.263 0.213 0.163 0.112 0.060 0.000 0.000 0.000 0.000 0.000 0.000 0.000 0.000
0.000 0.000 0.000 0.000 0.023 0.000 0.000 0.169 0.178 0.187 0.196 0.206 0.214 0.224 0.233 0.242 0.251 0.261 0.293 0.337 0.382 0.427 0.472 0.516 0.561 0.605 0.615 0.577 0.539 0.500 0.461 0.000 0.000 0.000 0.000 0.000 0.000 0.000 0.000 0.000 0.000 0.000 0.000 0.000 0.000 0.000 0.000 0.000 0.000 0.379 0.385 0.000 0.000 0.000 0.000 0.000 0.000 0.375 0.384 0.392 0.402 0.398 0.348 0.298 0.247 0.198 0.147 0.096 0.042 0.000 0.000 0.000 0.000 0.000 0.000 0.000 0.000
