数据/100y_3h/100y_3h_res/100y_3h_283-0001.wd
ncols         694
nrows         824
xllcorner     581104.939801
yllcorner     3495917.092414
cellsize      2.000000
NODATA_value  -9999.000000
[rows 408 to 441 of 824, columns 385 to 461 of 694]
0.000 0.000 0.000 0.000 0.000 0.000 0.000 0.000 0.000 0.000 0.000 0.000 0.000 0.000 0.000 0.000 0.000 0.000 0.000 0.000 0.000 0.000 0.000 0.000 0.000 0.000 0.000 0.000 0.000 0.000 0.000 0.000 0.002 0.003 0.004 0.010 0.018 0.018 0.019 0.019 0.019 0.019 0.019 0.000 0.000 0.000 0.000 0.000 0.000 0.000 0.016 0.016 0.016 0.016 0.016 0.014 0.009 0.005 0.002 0.001 0.001 0.001 0.001 0.001 0.000 0.000 0.000 0.000 0.000 0.000 0.000 0.000 0.000 0.000 0.000 0.000 0.000
0.000 0.000 0.000 0.000 0.000 0.000 0.000 0.000 0.000 0.000 0.000 0.000 0.000 0.000 0.000 0.000 0.000 0.000 0.000 0.000 0.000 0.000 0.000 0.000 0.000 0.000 0.000 0.000 0.000 0.000 0.000 0.001 0.002 0.003 0.005 0.012 0.018 0.018 0.018 0.018 0.018 0.018 0.018 0.000 0.000 0.000 0.000 0.000 0.000 0.016 0.016 0.016 0.016 0.016 0.016 0.016 0.016 0.012 0.008 0.004 0.002 0.001 0.001 0.001 0.001 0.000 0.000 0.000 0.000 0.000 0.000 0.000 0.000 0.000 0.000 0.000 0.000
0.000 0.000 0.000 0.000 0.000 0.000 0.000 0.000 0.000 0.000 0.000 0.000 0.000 0.000 0.000 0.000 0.000 0.000 0.000 0.000 0.000 0.000 0.000 0.000 0.000 0.000 0.000 0.000 0.000 0.000 0.000 0.001 0.002 0.003 0.005 0.013 0.018 0.018 0.018 0.018 0.018 0.018 0.018 0.000 0.000 0.000 0.000 0.000 0.000 0.016 0.016 0.016 0.016 0.016 0.016 0.016 0.016 0.016 0.015 0.011 0.006 0.002 0.001 0.001 0.001 0.001 0.001 0.000 0.000 0.000 0.000 0.000 0.000 0.000 0.000 0.000 0.000
0.000 0.000 0.000 0.000 0.000 0.000 0.000 0.000 0.000 0.000 0.000 0.000 0.000 0.000 0.000 0.000 0.000 0.000 0.000 0.000 0.000 0.000 0.000 0.000 0.000 0.000 0.000 0.000 0.000 0.000 0.000 0.001 0.002 0.003 0.006 0.015 0.017 0.018 0.018 0.018 0.018 0.018 0.018 0.000 0.000 0.000 0.000 0.000 0.000 0.016 0.016 0.016 0.016 0.016 0.016 0.016 0.016 0.016 0.016 0.016 0.014 0.009 0.004 0.002 0.001 0.001 0.001 0.001 0.000 0.000 0.000 0.000 0.000 0.000 0.000 0.000 0.000
0.000 0.000 0.000 0.000 0.000 0.000 0.000 0.000 0.000 0.000 0.000 0.000 0.000 0.000 0.000 0.000 0.000 0.000 0.000 0.000 0.000 0.000 0.000 0.000 0.000 0.000 0.000 0.000 0.000 0.000 0.000 0.001 0.002 0.003 0.007 0.016 0.017 0.017 0.017 0.017 0.017 0.017 0.000 0.000 0.000 0.000 0.000 0.000 0.000 0.016 0.016 0.016 0.016 0.016 0.016 0.016 0.016 0.016 0.016 0.016 0.016 0.016 0.012 0.007 0.003 0.002 0.001 0.001 0.001 0.001 0.000 0.000 0.000 0.000 0.000 0.000 0.000
0.000 0.000 0.000 0.000 0.000 0.000 0.000 0.000 0.000 0.000 0.000 0.000 0.000 0.000 0.000 0.000 0.000 0.000 0.000 0.000 0.000 0.000 0.000 0.000 0.000 0.000 0.000 0.000 0.000 0.000 0.001 0.001 0.002 0.003 0.009 0.017 0.017 0.017 0.017 0.017 0.017 0.017 0.000 0.000 0.000 0.000 0.000 0.000 0.015 0.016 0.016 0.016 0.016 0.016 0.016 0.016 0.016 0.016 0.016 0.016 0.016 0.016 0.016 0.015 0.010 0.005 0.002 0.001 0.001 0.001 0.001 0.000 0.000 0.000 0.000 0.000 0.000
0.000 0.000 0.000 0.000 0.000 0.000 0.000 0.000 0.000 0.000 0.000 0.000 0.000 0.000 0.000 0.000 0.000 0.000 0.000 0.000 0.000 0.000 0.000 0.000 0.000 0.000 0.000 0.000 0.000 0.000 0.001 0.001 0.002 0.004 0.011 0.017 0.017 0.017 0.017 0.017 0.017 0.017 0.000 0.000 0.000 0.000 0.000 0.000 0.015 0.016 0.016 0.016 0.016 0.016 0.016 0.016 0.016 0.016 0.016 0.016 0.016 0.016 0.016 0.016 0.016 0.013 0.008 0.004 0.002 0.001 0.001 0.001 0.000 0.000 0.000 0.000 0.000
0.000 0.000 0.000 0.000 0.000 0.000 0.000 0.000 0.000 0.000 0.000 0.000 0.000 0.000 0.000 0.000 0.000 0.000 0.000 0.000 0.000 0.000 0.000 0.000 0.000 0.000 0.000 0.000 0.000 0.000 0.001 0.001 0.002 0.004 0.012 0.017 0.017 0.017 0.017 0.017 0.017 0.000 0.000 0.000 0.000 0.000 0.000 0.000 0.015 0.015 0.016 0.016 0.016 0.016 0.016 0.016 0.016 0.016 0.016 0.016 0.016 0.016 0.016 0.016 0.016 0.015 0.015 0.011 0.006 0.002 0.001 0.001 0.001 0.001 0.000 0.000 0.000
0.000 0.000 0.000 0.000 0.000 0.000 0.000 0.000 0.000 0.000 0.000 0.000 0.000 0.000 0.000 0.000 0.000 0.000 0.000 0.000 0.000 0.000 0.000 0.000 0.000 0.000 0.000 0.000 0.000 0.000 0.001 0.001 0.002 0.005 0.014 0.017 0.017 0.017 0.017 0.017 0.017 0.000 0.000 0.000 0.000 0.000 0.000 0.015 0.015 0.015 0.016 0.016 0.016 0.016 0.016 0.016 0.016 0.016 0.016 0.016 0.016 0.016 0.016 0.015 0.015 0.015 0.015 0.015 0.013 0.009 0.004 0.002 0.001 0.001 0.001 0.000 0.000
0.000 0.000 0.000 0.000 0.000 0.000 0.000 0.000 0.000 0.000 0.000 0.000 0.000 0.000 0.000 0.000 0.000 0.000 0.000 0.000 0.000 0.000 0.000 0.000 0.000 0.000 0.000 0.000 0.001 0.001 0.001 0.001 0.002 0.007 0.015 0.017 0.017 0.017 0.017 0.017 0.017 0.000 0.000 0.000 0.000 0.000 0.000 0.015 0.015 0.015 0.015 0.016 0.015 0.016 0.016 0.016 0.016 0.016 0.016 0.016 0.016 0.016 0.015 0.015 0.015 0.015 0.015 0.015 0.015 0.014 0.011 0.006 0.003 0.001 0.001 0.001 0.000
0.000 0.000 0.000 0.000 0.000 0.000 0.000 0.000 0.000 0.000 0.000 0.000 0.000 0.000 0.000 0.000 0.000 0.000 0.000 0.000 0.000 0.000 0.000 0.000 0.000 0.000 0.000 0.000 0.001 0.001 0.001 0.001 0.002 0.008 0.016 0.017 0.017 0.017 0.017 0.017 0.017 0.000 0.000 0.000 0.000 0.000 0.000 0.015 0.015 0.015 0.016 0.015 0.016 0.015 0.016 0.016 0.016 0.016 0.016 0.015 0.015 0.015 0.015 0.015 0.015 0.015 0.015 0.015 0.014 0.014 0.014 0.013 0.009 0.004 0.002 0.001 0.001
0.000 0.000 0.000 0.000 0.000 0.000 0.000 0.000 0.000 0.000 0.000 0.000 0.000 0.000 0.000 0.000 0.000 0.000 0.000 0.000 0.000 0.000 0.000 0.000 0.000 0.000 0.000 0.000 0.001 0.001 0.001 0.001 0.003 0.010 0.016 0.016 0.016 0.017 0.017 0.017 0.017 0.000 0.000 0.000 0.000 0.000 0.000 0.015 0.015 0.015 0.015 0.015 0.015 0.015 0.015 0.015 0.015 0.015 0.015 0.015 0.015 0.015 0.015 0.015 0.015 0.015 0.015 0.014 0.014 0.014 0.014 0.013 0.013 0.011 0.006 0.002 0.001
0.000 0.000 0.000 0.000 0.000 0.000 0.000 0.000 0.000 0.000 0.000 0.000 0.000 0.000 0.000 0.000 0.000 0.000 0.000 0.000 0.000 0.000 0.000 0.000 0.000 0.000 0.000 0.000 0.001 0.001 0.001 0.002 0.004 0.011 0.016 0.016 0.016 0.016 0.016 0.017 0.017 0.000 0.000 0.000 0.000 0.000 0.015 0.015 0.015 0.015 0.015 0.015 0.015 0.015 0.015 0.015 0.015 0.015 0.015 0.015 0.015 0.015 0.015 0.015 0.015 0.014 0.014 0.014 0.014 0.014 0.013 0.013 0.013 0.012 0.012 0.008 0.004
0.000 0.000 0.000 0.000 0.000 0.000 0.000 0.000 0.000 0.000 0.000 0.000 0.000 0.000 0.000 0.000 0.000 0.000 0.000 0.000 0.000 0.000 0.000 0.000 0.000 0.000 0.000 0.000 0.001 0.001 0.001 0.002 0.005 0.013 0.016 0.016 0.016 0.016 0.016 0.016 0.016 0.000 0.000 0.000 0.000 0.000 0.015 0.015 0.015 0.015 0.015 0.015 0.015 0.015 0.015 0.015 0.015 0.015 0.015 0.015 0.015 0.015 0.015 0.015 0.014 0.014 0.014 0.014 0.014 0.013 0.013 0.013 0.012 0.012 0.011 0.011 0.010
0.000 0.000 0.000 0.000 0.000 0.000 0.000 0.000 0.000 0.000 0.000 0.000 0.000 0.000 0.000 0.000 0.000 0.000 0.000 0.000 0.000 0.000 0.000 0.000 0.000 0.000 0.000 0.001 0.001 0.001 0.001 0.002 0.006 0.014 0.016 0.016 0.016 0.016 0.016 0.016 0.016 0.000 0.000 0.000 0.000 0.000 0.015 0.015 0.015 0.015 0.015 0.015 0.015 0.015 0.015 0.015 0.015 0.015 0.015 0.015 0.015 0.015 0.014 0.014 0.014 0.014 0.014 0.013 0.013 0.013 0.013 0.012 0.012 0.011 0.011 0.010 0.010
0.000 0.000 0.000 0.000 0.000 0.000 0.000 0.000 0.000 0.000 0.000 0.000 0.000 0.000 0.000 0.000 0.000 0.000 0.000 0.000 0.000 0.000 0.000 0.000 0.000 0.000 0.000 0.001 0.001 0.001 0.001 0.002 0.007 0.015 0.015 0.015 0.016 0.016 0.016 0.016 0.016 0.016 0.016 0.000 0.000 0.000 0.000 0.000 0.015 0.015 0.015 0.015 0.015 0.015 0.015 0.015 0.015 0.015 0.015 0.015 0.015 0.014 0.014 0.014 0.014 0.014 0.013 0.013 0.013 0.012 0.012 0.012 0.011 0.011 0.010 0.010 0.009
0.000 0.000 0.000 0.000 0.000 0.000 0.000 0.000 0.000 0.000 0.000 0.000 0.000 0.000 0.000 0.000 0.000 0.000 0.000 0.000 0.000 0.000 0.000 0.000 0.000 0.000 0.000 0.001 0.001 0.001 0.001 0.002 0.007 0.014 0.015 0.015 0.015 0.016 0.016 0.016 0.016 0.016 0.016 0.016 0.016 0.016 0.000 0.015 0.015 0.015 0.015 0.015 0.015 0.015 0.015 0.015 0.015 0.015 0.015 0.014 0.014 0.014 0.014 0.014 0.013 0.013 0.013 0.013 0.012 0.012 0.012 0.011 0.011 0.010 0.009 0.009 0.008
0.000 0.000 0.000 0.000 0.000 0.000 0.000 0.000 0.000 0.000 0.000 0.000 0.000 0.000 0.000 0.000 0.000 0.000 0.000 0.000 0.000 0.000 0.000 0.000 0.000 0.000 0.000 0.001 0.001 0.001 0.001 0.002 0.008 0.012 0.014 0.015 0.015 0.015 0.016 0.016 0.016 0.016 0.016 0.016 0.016 0.015 0.015 0.015 0.015 0.015 0.015 0.015 0.015 0.015 0.015 0.015 0.015 0.014 0.014 0.014 0.014 0.014 0.014 0.013 0.013 0.013 0.012 0.012 0.012 0.011 0.011 0.010 0.010 0.009 0.008 0.007 0.006
0.000 0.000 0.000 0.000 0.000 0.000 0.000 0.000 0.000 0.000 0.000 0.000 0.000 0.000 0.000 0.000 0.000 0.000 0.000 0.000 0.000 0.000 0.000 0.000 0.000 0.000 0.000 0.001 0.001 0.001 0.001 0.003 0.008 0.000 0.013 0.014 0.015 0.015 0.016 0.016 0.000 0.016 0.016 0.016 0.015 0.015 0.015 0.015 0.015 0.015 0.015 0.015 0.015 0.015 0.015 0.015 0.014 0.014 0.014 0.014 0.014 0.013 0.013 0.013 0.013 0.012 0.012 0.012 0.011 0.011 0.010 0.009 0.009 0.008 0.006 0.005 0.005
0.000 0.000 0.000 0.000 0.000 0.000 0.000 0.000 0.000 0.000 0.000 0.000 0.000 0.000 0.000 0.000 0.000 0.000 0.000 0.000 0.000 0.000 0.000 0.000 0.000 0.000 0.000 0.001 0.001 0.001 0.002 0.004 0.011 0.012 0.014 0.015 0.015 0.015 0.015 0.000 0.000 0.000 0.000 0.000 0.015 0.015 0.015 0.015 0.015 0.015 0.015 0.015 0.015 0.015 0.014 0.014 0.014 0.014 0.014 0.014 0.013 0.013 0.013 0.012 0.012 0.012 0.011 0.011 0.010 0.010 0.009 0.008 0.007 0.005 0.005 0.005 0.005
0.000 0.000 0.000 0.000 0.000 0.000 0.000 0.000 0.000 0.000 0.000 0.000 0.000 0.000 0.000 0.000 0.000 0.000 0.000 0.000 0.000 0.000 0.000 0.000 0.000 0.000 0.001 0.001 0.001 0.001 0.002 0.006 0.014 0.014 0.015 0.015 0.015 0.015 0.000 0.000 0.000 0.000 0.000 0.000 0.000 0.000 0.015 0.015 0.015 0.015 0.015 0.015 0.015 0.014 0.014 0.014 0.014 0.014 0.014 0.013 0.013 0.013 0.012 0.012 0.011 0.011 0.010 0.010 0.009 0.008 0.007 0.005 0.005 0.005 0.005 0.005 0.006
0.000 0.000 0.000 0.000 0.000 0.000 0.000 0.000 0.000 0.000 0.000 0.000 0.000 0.000 0.000 0.000 0.000 0.000 0.000 0.000 0.000 0.000 0.000 0.000 0.000 0.000 0.001 0.001 0.001 0.001 0.002 0.008 0.015 0.015 0.015 0.015 0.015 0.015 0.000 0.000 0.000 0.000 0.000 0.000 0.000 0.000 0.015 0.015 0.015 0.015 0.015 0.015 0.014 0.014 0.014 0.014 0.014 0.013 0.013 0.013 0.012 0.012 0.012 0.011 0.011 0.010 0.009 0.008 0.007 0.006 0.005 0.005 0.005 0.005 0.006 0.007 0.012
0.000 0.000 0.000 0.000 0.000 0.000 0.000 0.000 0.000 0.000 0.000 0.000 0.000 0.000 0.000 0.000 0.000 0.000 0.000 0.000 0.000 0.000 0.000 0.000 0.000 0.000 0.001 0.001 0.001 0.001 0.003 0.010 0.015 0.015 0.015 0.015 0.015 0.000 0.000 0.000 0.000 0.000 0.015 0.015 0.015 0.015 0.015 0.015 0.015 0.015 0.015 0.015 0.014 0.014 0.014 0.014 0.013 0.013 0.013 0.012 0.012 0.011 0.011 0.010 0.010 0.009 0.008 0.006 0.005 0.005 0.005 0.005 0.005 0.007 0.010 0.017 0.024
0.000 0.000 0.000 0.000 0.000 0.000 0.000 0.000 0.000 0.000 0.000 0.000 0.000 0.000 0.000 0.000 0.000 0.000 0.000 0.000 0.000 0.000 0.000 0.000 0.000 0.000 0.001 0.001 0.001 0.002 0.004 0.011 0.015 0.015 0.015 0.015 0.015 0.000 0.000 0.000 0.000 0.000 0.000 0.015 0.015 0.015 0.015 0.015 0.015 0.015 0.015 0.014 0.014 0.014 0.014 0.013 0.013 0.013 0.012 0.012 0.011 0.011 0.010 0.009 0.008 0.007 0.005 0.005 0.005 0.005 0.005 0.006 0.009 0.015 0.022 0.029 0.036
0.000 0.000 0.000 0.000 0.000 0.000 0.000 0.000 0.000 0.000 0.000 0.000 0.000 0.000 0.000 0.000 0.000 0.000 0.000 0.000 0.000 0.000 0.000 0.000 0.000 0.000 0.001 0.001 0.001 0.002 0.005 0.013 0.015 0.015 0.015 0.016 0.016 0.000 0.000 0.000 0.000 0.000 0.000 0.000 0.000 0.000 0.015 0.015 0.015 0.015 0.014 0.014 0.014 0.014 0.013 0.013 0.013 0.012 0.012 0.011 0.010 0.009 0.008 0.007 0.005 0.005 0.005 0.005 0.005 0.006 0.008 0.014 0.021 0.028 0.035 0.042 0.046
0.000 0.000 0.000 0.000 0.000 0.000 0.000 0.000 0.000 0.000 0.000 0.000 0.000 0.000 0.000 0.000 0.000 0.000 0.000 0.000 0.000 0.000 0.000 0.000 0.000 0.001 0.001 0.001 0.001 0.002 0.007 0.015 0.016 0.016 0.016 0.016 0.000 0.000 0.000 0.000 0.000 0.000 0.000 0.000 0.000 0.000 0.000 0.000 0.015 0.015 0.014 0.014 0.014 0.014 0.013 0.013 0.012 0.011 0.011 0.010 0.009 0.007 0.006 0.005 0.005 0.005 0.005 0.006 0.008 0.013 0.019 0.027 0.034 0.041 0.048 0.055 0.054
0.000 0.000 0.000 0.000 0.000 0.000 0.000 0.000 0.000 0.000 0.000 0.000 0.000 0.000 0.000 0.000 0.000 0.000 0.000 0.000 0.000 0.000 0.000 0.000 0.000 0.001 0.001 0.001 0.002 0.003 0.008 0.016 0.016 0.016 0.016 0.016 0.000 0.000 0.000 0.000 0.000 0.000 0.000 0.000 0.000 0.000 0.000 0.000 0.000 0.000 0.000 0.014 0.014 0.014 0.013 0.012 0.011 0.010 0.009 0.008 0.006 0.005 0.006 0.006 0.006 0.006 0.007 0.011 0.018 0.025 0.032 0.039 0.046 0.054 0.061 0.066 0.061
0.000 0.000 0.000 0.000 0.000 0.000 0.000 0.000 0.000 0.000 0.000 0.000 0.000 0.000 0.000 0.000 0.000 0.000 0.003 0.000 0.000 0.000 0.000 0.000 0.000 0.001 0.001 0.002 0.002 0.004 0.010 0.016 0.016 0.016 0.016 0.016 0.000 0.000 0.000 0.000 0.000 0.000 0.000 0.000 0.000 0.000 0.000 0.000 0.000 0.000 0.000 0.000 0.000 0.000 0.012 0.012 0.010 0.008 0.007 0.006 0.006 0.006 0.006 0.006 0.007 0.011 0.017 0.023 0.030 0.038 0.045 0.052 0.060 0.066 0.074 0.073 0.069
0.000 0.000 0.000 0.000 0.000 0.000 0.000 0.000 0.000 0.000 0.000 0.000 0.000 0.000 0.000 0.000 0.000 0.001 0.002 0.002 0.004 0.000 0.000 0.000 0.000 0.001 0.002 0.002 0.003 0.005 0.011 0.016 0.016 0.016 0.016 0.016 0.000 0.000 0.000 0.000 0.000 0.000 0.000 0.000 0.000 0.000 0.000 0.000 0.000 0.000 0.000 0.000 0.000 0.000 0.000 0.000 0.007 0.006 0.006 0.006 0.006 0.006 0.007 0.010 0.015 0.022 0.029 0.036 0.044 0.051 0.058 0.066 0.072 0.080 0.086 0.081 0.076
0.001 0.000 0.000 0.000 0.000 0.000 0.000 0.000 0.000 0.000 0.000 0.000 0.000 0.000 0.000 0.000 0.000 0.001 0.002 0.002 0.003 0.005 0.000 0.000 0.000 0.002 0.003 0.003 0.004 0.006 0.013 0.016 0.016 0.016 0.016 0.000 0.000 0.000 0.000 0.000 0.000 0.000 0.000 0.000 0.000 0.000 0.000 0.000 0.000 0.000 0.000 0.000 0.000 0.000 0.000 0.000 0.005 0.005 0.006 0.006 0.007 0.009 0.014 0.021 0.028 0.035 0.042 0.049 0.056 0.064 0.071 0.078 0.086 0.093 0.092 0.089 0.084
0.001 0.001 0.001 0.000 0.000 0.000 0.000 0.000 0.000 0.000 0.000 0.000 0.000 0.000 0.000 0.000 0.000 0.001 0.002 0.002 0.003 0.004 0.004 0.004 0.004 0.004 0.004 0.004 0.004 0.007 0.015 0.016 0.016 0.016 0.016 0.000 0.000 0.000 0.000 0.000 0.000 0.000 0.000 0.000 0.000 0.000 0.000 0.000 0.000 0.000 0.000 0.000 0.000 0.000 0.000 0.000 0.004 0.005 0.006 0.008 0.013 0.020 0.026 0.033 0.041 0.048 0.055 0.062 0.070 0.077 0.085 0.091 0.099 0.105 0.101 0.096 0.092
0.005 0.002 0.001 0.001 0.000 0.000 0.000 0.000 0.000 0.000 0.000 0.000 0.000 0.001 0.001 0.001 0.001 0.001 0.001 0.002 0.003 0.003 0.003 0.004 0.004 0.004 0.004 0.004 0.005 0.008 0.015 0.016 0.016 0.016 0.016 0.000 0.000 0.000 0.000 0.000 0.000 0.000 0.000 0.000 0.000 0.000 0.000 0.000 0.000 0.000 0.000 0.000 0.000 0.000 0.000 0.001 0.004 0.006 0.011 0.018 0.025 0.032 0.039 0.046 0.053 0.061 0.068 0.075 0.082 0.089 0.098 0.104 0.111 0.112 0.108 0.103 0.099
0.016 0.011 0.006 0.002 0.001 0.001 0.001 0.000 0.000 0.000 0.000 0.000 0.001 0.001 0.001 0.001 0.001 0.001 0.001 0.002 0.002 0.003 0.003 0.003 0.004 0.004 0.004 0.004 0.005 0.009 0.015 0.015 0.015 0.016 0.016 0.000 0.000 0.000 0.000 0.000 0.000 0.000 0.000 0.000 0.000 0.000 0.000 0.000 0.000 0.000 0.000 0.000 0.000 0.000 0.000 0.002 0.009 0.016 0.024 0.031 0.038 0.045 0.053 0.059 0.067 0.074 0.081 0.089 0.096 0.103 0.110 0.000 0.000 0.120 0.116 0.111 0.107
0.000 0.000 0.015 0.010 0.005 0.002 0.001 0.001 0.001 0.001 0.001 0.001 0.001 0.001 0.001 0.001 0.001 0.001 0.001 0.001 0.002 0.002 0.003 0.003 0.003 0.004 0.004 0.004 0.005 0.011 0.015 0.015 0.015 0.015 0.000 0.000 0.000 0.000 0.000 0.000 0.000 0.000 0.000 0.000 0.000 0.000 0.000 0.000 0.000 0.000 0.000 0.000 0.000 0.000 0.000 0.015 0.022 0.029 0.036 0.044 0.051 0.058 0.065 0.072 0.080 0.087 0.095 0.101 0.109 0.116 0.000 0.000 0.000 0.000 0.000 0.118 0.114
