数据/100y_3h/100y_3h_res/100y_3h_232-0001.wd
ncols         694
nrows         824
xllcorner     581104.939801
yllcorner     3495917.092414
cellsize      2.000000
NODATA_value  -9999.000000
[rows 442 to 475 of 824, columns 385 to 461 of 694]
0.000 0.000 0.000 0.026 0.021 0.016 0.011 0.006 0.002 0.001 0.001 0.001 0.001 0.001 0.001 0.001 0.001 0.001 0.001 0.001 0.001 0.002 0.002 0.003 0.003 0.004 0.005 0.008 0.015 0.023 0.026 0.027 0.027 0.027 0.000 0.000 0.000 0.000 0.000 0.000 0.000 0.000 0.000 0.000 0.000 0.000 0.000 0.000 0.000 0.000 0.000 0.000 0.000 0.000 0.009 0.017 0.024 0.032 0.039 0.046 0.053 0.060 0.068 0.075 0.082 0.090 0.096 0.104 0.111 0.118 0.000 0.000 0.000 0.000 0.000 0.000 0.000
0.000 0.000 0.000 0.000 0.000 0.026 0.022 0.016 0.011 0.006 0.002 0.001 0.001 0.001 0.001 0.001 0.001 0.001 0.001 0.001 0.001 0.001 0.002 0.002 0.003 0.003 0.004 0.008 0.014 0.023 0.025 0.025 0.026 0.027 0.000 0.000 0.000 0.000 0.000 0.000 0.000 0.000 0.000 0.000 0.000 0.000 0.000 0.000 0.000 0.000 0.000 0.000 0.006 0.014 0.022 0.030 0.037 0.045 0.052 0.059 0.066 0.073 0.081 0.088 0.095 0.102 0.110 0.117 0.124 0.131 0.138 0.140 0.000 0.000 0.000 0.000 0.000
0.000 0.000 0.000 0.000 0.000 0.000 0.000 0.026 0.021 0.016 0.011 0.006 0.002 0.001 0.001 0.001 0.001 0.001 0.001 0.001 0.001 0.001 0.002 0.002 0.003 0.003 0.004 0.007 0.012 0.023 0.023 0.024 0.024 0.000 0.000 0.000 0.000 0.000 0.000 0.000 0.000 0.000 0.000 0.000 0.000 0.000 0.000 0.000 0.000 0.000 0.000 0.007 0.016 0.027 0.035 0.043 0.050 0.058 0.065 0.072 0.079 0.086 0.094 0.101 0.108 0.116 0.123 0.130 0.137 0.144 0.151 0.147 0.142 0.139 0.134 0.000 0.000
0.000 0.000 0.000 0.000 0.000 0.000 0.000 0.000 0.028 0.026 0.021 0.016 0.011 0.006 0.003 0.001 0.001 0.001 0.001 0.001 0.001 0.001 0.001 0.002 0.002 0.003 0.004 0.006 0.000 0.020 0.021 0.022 0.022 0.000 0.000 0.000 0.000 0.000 0.000 0.000 0.000 0.000 0.000 0.000 0.000 0.000 0.000 0.000 0.000 0.000 0.010 0.018 0.025 0.000 0.000 0.000 0.000 0.071 0.000 0.000 0.092 0.099 0.107 0.114 0.121 0.128 0.136 0.143 0.150 0.157 0.159 0.155 0.151 0.146 0.141 0.137 0.132
0.000 0.000 0.000 0.000 0.000 0.000 0.000 0.000 0.000 0.000 0.027 0.024 0.022 0.017 0.012 0.007 0.003 0.002 0.001 0.001 0.001 0.001 0.001 0.001 0.002 0.002 0.004 0.006 0.011 0.018 0.019 0.020 0.020 0.000 0.000 0.000 0.000 0.000 0.000 0.000 0.000 0.000 0.000 0.000 0.000 0.000 0.000 0.000 0.000 0.016 0.023 0.031 0.038 0.000 0.000 0.000 0.000 0.000 0.000 0.000 0.000 0.000 0.000 0.000 0.135 0.142 0.149 0.156 0.163 0.170 0.167 0.163 0.158 0.153 0.149 0.144 0.140
0.000 0.000 0.000 0.000 0.000 0.000 0.000 0.000 0.000 0.000 0.000 0.029 0.026 0.024 0.021 0.016 0.011 0.006 0.003 0.002 0.001 0.001 0.001 0.001 0.001 0.002 0.003 0.006 0.013 0.017 0.017 0.017 0.016 0.013 0.010 0.009 0.000 0.000 0.000 0.000 0.000 0.000 0.000 0.000 0.000 0.000 0.000 0.000 0.000 0.000 0.000 0.000 0.000 0.000 0.000 0.000 0.000 0.000 0.000 0.000 0.000 0.000 0.000 0.000 0.000 0.000 0.000 0.000 0.177 0.179 0.174 0.170 0.165 0.161 0.156 0.151 0.147
0.000 0.000 0.000 0.000 0.000 0.000 0.000 0.000 0.000 0.000 0.000 0.000 0.000 0.027 0.025 0.021 0.018 0.015 0.010 0.005 0.002 0.001 0.001 0.001 0.001 0.002 0.003 0.006 0.013 0.015 0.015 0.015 0.014 0.011 0.008 0.006 0.004 0.003 0.002 0.003 0.000 0.000 0.000 0.000 0.000 0.000 0.000 0.000 0.000 0.000 0.000 0.000 0.000 0.000 0.000 0.000 0.000 0.000 0.000 0.000 0.000 0.000 0.000 0.000 0.000 0.000 0.000 0.000 0.000 0.000 0.000 0.177 0.173 0.169 0.164 0.160 0.154
0.000 0.000 0.000 0.000 0.000 0.000 0.000 0.000 0.000 0.000 0.000 0.000 0.000 0.000 0.000 0.025 0.022 0.019 0.015 0.011 0.007 0.003 0.002 0.001 0.001 0.001 0.002 0.005 0.011 0.012 0.012 0.012 0.010 0.008 0.007 0.006 0.005 0.004 0.004 0.003 0.003 0.002 0.002 0.000 0.000 0.000 0.000 0.000 0.000 0.000 0.000 0.000 0.000 0.000 0.000 0.000 0.000 0.000 0.000 0.000 0.000 0.000 0.000 0.000 0.000 0.000 0.000 0.000 0.000 0.000 0.000 0.000 0.000 0.000 0.000 0.166 0.162
0.000 0.000 0.000 0.000 0.000 0.000 0.000 0.000 0.000 0.000 0.000 0.000 0.000 0.000 0.000 0.000 0.025 0.022 0.017 0.013 0.009 0.006 0.004 0.002 0.002 0.002 0.002 0.004 0.009 0.009 0.009 0.008 0.008 0.008 0.007 0.007 0.006 0.005 0.005 0.004 0.004 0.003 0.003 0.002 0.002 0.002 0.002 0.000 0.000 0.000 0.000 0.000 0.000 0.000 0.000 0.000 0.000 0.000 0.000 0.000 0.000 0.000 0.000 0.000 0.000 0.000 0.000 0.000 0.000 0.000 0.000 0.000 0.000 0.000 0.000 0.000 0.000
0.000 0.000 0.000 0.000 0.000 0.000 0.000 0.000 0.000 0.000 0.000 0.000 0.000 0.000 0.000 0.000 0.000 0.000 0.016 0.013 0.010 0.008 0.005 0.003 0.003 0.003 0.002 0.003 0.006 0.005 0.006 0.007 0.008 0.008 0.008 0.007 0.007 0.006 0.005 0.005 0.004 0.004 0.003 0.003 0.003 0.002 0.002 0.002 0.002 0.002 0.002 0.002 0.002 0.001 0.000 0.000 0.000 0.000 0.000 0.000 0.000 0.000 0.000 0.000 0.000 0.000 0.000 0.000 0.000 0.000 0.000 0.000 0.000 0.000 0.000 0.000 0.000
0.000 0.000 0.000 0.000 0.000 0.000 0.000 0.000 0.000 0.000 0.000 0.000 0.000 0.000 0.000 0.000 0.000 0.000 0.016 0.013 0.011 0.008 0.006 0.000 0.003 0.003 0.003 0.003 0.004 0.005 0.006 0.007 0.008 0.008 0.008 0.008 0.007 0.007 0.006 0.006 0.005 0.004 0.004 0.004 0.003 0.003 0.003 0.002 0.002 0.002 0.002 0.002 0.002 0.002 0.002 0.002 0.001 0.000 0.000 0.000 0.000 0.000 0.000 0.000 0.000 0.000 0.000 0.000 0.000 0.000 0.000 0.000 0.000 0.000 0.000 0.000 0.000
0.000 0.000 0.000 0.000 0.000 0.000 0.000 0.000 0.000 0.000 0.000 0.000 0.000 0.000 0.000 0.000 0.000 0.000 0.015 0.013 0.011 0.009 0.006 0.004 0.003 0.003 0.003 0.002 0.002 0.004 0.006 0.007 0.008 0.009 0.009 0.008 0.008 0.008 0.007 0.007 0.006 0.005 0.005 0.005 0.004 0.003 0.003 0.003 0.003 0.003 0.003 0.003 0.003 0.002 0.002 0.002 0.002 0.002 0.002 0.001 0.000 0.000 0.000 0.000 0.000 0.000 0.000 0.000 0.000 0.000 0.000 0.000 0.000 0.000 0.000 0.000 0.000
0.000 0.000 0.000 0.000 0.000 0.000 0.000 0.000 0.000 0.000 0.000 0.000 0.000 0.000 0.000 0.000 0.000 0.000 0.015 0.013 0.011 0.009 0.007 0.005 0.004 0.003 0.003 0.002 0.002 0.004 0.005 0.007 0.008 0.009 0.009 0.009 0.010 0.009 0.009 0.008 0.007 0.007 0.006 0.006 0.005 0.004 0.004 0.004 0.003 0.003 0.003 0.003 0.003 0.003 0.003 0.003 0.002 0.002 0.002 0.002 0.002 0.002 0.001 0.000 0.000 0.000 0.000 0.000 0.000 0.000 0.000 0.000 0.000 0.000 0.000 0.000 0.000
0.000 0.000 0.000 0.000 0.000 0.000 0.000 0.000 0.000 0.000 0.000 0.000 0.000 0.000 0.000 0.000 0.000 0.012 0.013 0.012 0.011 0.009 0.007 0.006 0.005 0.004 0.003 0.002 0.003 0.004 0.005 0.006 0.007 0.008 0.009 0.009 0.009 0.010 0.010 0.009 0.009 0.009 0.008 0.008 0.007 0.006 0.006 0.005 0.005 0.004 0.004 0.004 0.004 0.003 0.003 0.003 0.003 0.003 0.003 0.002 0.002 0.002 0.002 0.002 0.002 0.003 0.001 0.001 0.000 0.000 0.000 0.000 0.000 0.000 0.000 0.000 0.000
0.000 0.000 0.000 0.000 0.000 0.000 0.000 0.000 0.000 0.000 0.000 0.000 0.000 0.000 0.000 0.000 0.000 0.013 0.013 0.012 0.011 0.009 0.008 0.006 0.005 0.004 0.002 0.002 0.003 0.004 0.005 0.006 0.007 0.008 0.009 0.009 0.009 0.010 0.010 0.010 0.010 0.010 0.009 0.009 0.009 0.009 0.008 0.008 0.007 0.006 0.006 0.005 0.005 0.004 0.004 0.004 0.004 0.003 0.003 0.003 0.003 0.003 0.003 0.003 0.004 0.004 0.002 0.001 0.000 0.000 0.000 0.000 0.000 0.000 0.000 0.000 0.000
0.000 0.000 0.000 0.000 0.000 0.000 0.000 0.000 0.000 0.000 0.000 0.000 0.000 0.000 0.000 0.000 0.000 0.014 0.013 0.012 0.011 0.009 0.008 0.007 0.005 0.004 0.002 0.003 0.003 0.004 0.005 0.006 0.007 0.007 0.008 0.009 0.009 0.010 0.010 0.010 0.010 0.010 0.010 0.010 0.010 0.010 0.010 0.009 0.009 0.008 0.008 0.008 0.007 0.006 0.006 0.005 0.005 0.005 0.005 0.004 0.005 0.005 0.005 0.007 0.010 0.005 0.003 0.002 0.000 0.000 0.000 0.000 0.000 0.000 0.000 0.000 0.000
0.000 0.000 0.000 0.000 0.000 0.000 0.000 0.000 0.000 0.000 0.000 0.000 0.000 0.000 0.000 0.000 0.000 0.014 0.013 0.012 0.011 0.010 0.008 0.007 0.006 0.004 0.003 0.003 0.003 0.004 0.005 0.005 0.006 0.007 0.008 0.009 0.009 0.010 0.010 0.011 0.011 0.011 0.011 0.011 0.011 0.011 0.011 0.011 0.010 0.010 0.010 0.009 0.009 0.009 0.008 0.008 0.008 0.008 0.008 0.008 0.009 0.011 0.013 0.017 0.016 0.010 0.002 0.001 0.000 0.000 0.000 0.000 0.000 0.000 0.000 0.000 0.000
0.000 0.000 0.000 0.000 0.000 0.000 0.000 0.000 0.000 0.000 0.000 0.000 0.000 0.000 0.000 0.000 0.013 0.013 0.013 0.012 0.011 0.010 0.009 0.007 0.006 0.003 0.003 0.003 0.003 0.004 0.005 0.005 0.006 0.007 0.008 0.009 0.009 0.010 0.011 0.012 0.012 0.013 0.013 0.013 0.013 0.013 0.013 0.012 0.012 0.012 0.011 0.011 0.011 0.011 0.010 0.011 0.011 0.012 0.014 0.017 0.021 0.023 0.026 0.029 0.020 0.010 0.003 0.003 0.002 0.002 0.001 0.001 0.000 0.000 0.000 0.000 0.000
0.000 0.000 0.000 0.000 0.000 0.000 0.000 0.000 0.000 0.000 0.000 0.000 0.000 0.000 0.000 0.000 0.015 0.014 0.014 0.013 0.011 0.010 0.009 0.008 0.006 0.003 0.003 0.003 0.004 0.004 0.005 0.005 0.006 0.007 0.008 0.009 0.010 0.012 0.013 0.014 0.015 0.015 0.015 0.015 0.015 0.015 0.015 0.014 0.014 0.014 0.014 0.013 0.013 0.013 0.014 0.014 0.016 0.018 0.022 0.025 0.029 0.033 0.036 0.036 0.040 0.035 0.027 0.020 0.015 0.011 0.007 0.005 0.003 0.002 0.002 0.001 0.000
0.000 0.000 0.000 0.000 0.000 0.000 0.000 0.000 0.000 0.000 0.000 0.000 0.000 0.000 0.000 0.000 0.018 0.016 0.015 0.014 0.012 0.011 0.009 0.008 0.005 0.003 0.003 0.004 0.004 0.004 0.005 0.006 0.006 0.007 0.008 0.011 0.014 0.017 0.018 0.018 0.018 0.018 0.018 0.018 0.018 0.018 0.017 0.017 0.017 0.017 0.016 0.016 0.016 0.017 0.018 0.020 0.023 0.026 0.030 0.034 0.038 0.037 0.034 0.031 0.034 0.038 0.041 0.043 0.045 0.037 0.029 0.022 0.016 0.012 0.008 0.005 0.003
0.096 0.094 0.092 0.000 0.000 0.000 0.000 0.000 0.000 0.000 0.000 0.000 0.000 0.000 0.000 0.021 0.020 0.019 0.017 0.015 0.014 0.012 0.010 0.008 0.005 0.004 0.004 0.004 0.004 0.005 0.005 0.006 0.006 0.008 0.011 0.016 0.021 0.026 0.025 0.022 0.022 0.022 0.022 0.022 0.021 0.021 0.021 0.020 0.020 0.020 0.020 0.020 0.021 0.022 0.024 0.027 0.030 0.035 0.039 0.039 0.037 0.035 0.032 0.027 0.029 0.031 0.034 0.036 0.040 0.043 0.045 0.048 0.046 0.037 0.029 0.022 0.016
0.101 0.098 0.095 0.091 0.088 0.086 0.000 0.000 0.000 0.000 0.000 0.000 0.000 0.000 0.000 0.026 0.024 0.022 0.020 0.018 0.016 0.013 0.011 0.008 0.005 0.004 0.005 0.005 0.005 0.005 0.005 0.006 0.007 0.011 0.017 0.023 0.030 0.037 0.000 0.023 0.026 0.028 0.028 0.025 0.025 0.025 0.024 0.024 0.024 0.024 0.024 0.025 0.026 0.028 0.031 0.035 0.039 0.041 0.039 0.037 0.035 0.033 0.029 0.025 0.025 0.026 0.028 0.030 0.033 0.035 0.038 0.040 0.044 0.046 0.048 0.051 0.045
0.105 0.103 0.100 0.096 0.093 0.090 0.085 0.082 0.079 0.077 0.000 0.000 0.000 0.000 0.000 0.031 0.029 0.026 0.023 0.021 0.018 0.015 0.012 0.009 0.005 0.005 0.005 0.005 0.005 0.005 0.006 0.007 0.011 0.017 0.025 0.031 0.039 0.000 0.000 0.000 0.000 0.000 0.000 0.026 0.029 0.030 0.027 0.028 0.028 0.029 0.029 0.030 0.032 0.035 0.039 0.041 0.040 0.038 0.036 0.034 0.033 0.030 0.027 0.023 0.022 0.022 0.023 0.025 0.027 0.029 0.031 0.033 0.036 0.039 0.041 0.043 0.047
0.000 0.000 0.000 0.099 0.097 0.094 0.090 0.087 0.083 0.080 0.075 0.070 0.067 0.000 0.000 0.036 0.033 0.030 0.026 0.023 0.020 0.016 0.013 0.009 0.007 0.006 0.006 0.006 0.006 0.006 0.007 0.010 0.017 0.025 0.033 0.000 0.000 0.000 0.000 0.000 0.000 0.000 0.000 0.000 0.000 0.000 0.029 0.032 0.034 0.035 0.033 0.035 0.039 0.042 0.040 0.038 0.037 0.035 0.033 0.032 0.030 0.028 0.025 0.021 0.019 0.019 0.020 0.020 0.021 0.023 0.025 0.027 0.029 0.031 0.033 0.036 0.039
0.000 0.000 0.000 0.000 0.000 0.000 0.093 0.091 0.088 0.084 0.078 0.074 0.070 0.062 0.053 0.044 0.038 0.033 0.029 0.025 0.021 0.017 0.013 0.009 0.007 0.007 0.007 0.006 0.006 0.007 0.010 0.016 0.024 0.033 0.000 0.000 0.000 0.000 0.000 0.000 0.000 0.000 0.000 0.000 0.000 0.000 0.000 0.000 0.000 0.000 0.036 0.041 0.041 0.039 0.036 0.035 0.033 0.032 0.030 0.029 0.027 0.025 0.023 0.019 0.017 0.016 0.016 0.017 0.017 0.018 0.019 0.020 0.022 0.024 0.026 0.029 0.031
0.000 0.000 0.000 0.000 0.000 0.000 0.000 0.000 0.000 0.000 0.081 0.078 0.074 0.067 0.056 0.047 0.040 0.035 0.030 0.026 0.022 0.018 0.014 0.008 0.008 0.007 0.007 0.007 0.007 0.009 0.015 0.023 0.032 0.000 0.000 0.000 0.000 0.000 0.000 0.000 0.000 0.000 0.000 0.000 0.000 0.000 0.000 0.000 0.000 0.000 0.000 0.000 0.000 0.000 0.030 0.031 0.030 0.028 0.026 0.025 0.024 0.022 0.020 0.016 0.014 0.014 0.013 0.013 0.014 0.014 0.014 0.015 0.016 0.018 0.020 0.021 0.024
0.000 0.000 0.000 0.000 0.000 0.000 0.000 0.000 0.000 0.000 0.000 0.000 0.000 0.000 0.054 0.046 0.040 0.035 0.030 0.026 0.022 0.018 0.013 0.009 0.008 0.007 0.007 0.007 0.009 0.013 0.020 0.029 0.000 0.000 0.000 0.000 0.000 0.000 0.000 0.000 0.000 0.000 0.000 0.000 0.000 0.000 0.000 0.000 0.000 0.000 0.000 0.000 0.000 0.000 0.000 0.000 0.000 0.022 0.022 0.022 0.020 0.018 0.016 0.014 0.011 0.011 0.011 0.010 0.010 0.010 0.010 0.011 0.011 0.012 0.013 0.015 0.017
0.000 0.000 0.000 0.000 0.000 0.000 0.000 0.000 0.000 0.000 0.000 0.000 0.000 0.000 0.000 0.041 0.037 0.033 0.029 0.025 0.021 0.017 0.012 0.009 0.008 0.008 0.008 0.009 0.012 0.019 0.027 0.035 0.000 0.000 0.000 0.000 0.000 0.000 0.000 0.000 0.000 0.000 0.000 0.000 0.000 0.000 0.000 0.000 0.000 0.000 0.000 0.000 0.000 0.000 0.000 0.000 0.000 0.000 0.000 0.000 0.000 0.012 0.012 0.011 0.008 0.008 0.007 0.007 0.007 0.007 0.007 0.007 0.007 0.008 0.008 0.009 0.010
0.000 0.000 0.000 0.000 0.000 0.000 0.000 0.000 0.000 0.000 0.000 0.000 0.000 0.000 0.031 0.035 0.034 0.031 0.028 0.024 0.020 0.016 0.010 0.009 0.009 0.009 0.009 0.012 0.017 0.025 0.034 0.042 0.000 0.000 0.000 0.000 0.000 0.000 0.000 0.000 0.000 0.000 0.000 0.000 0.000 0.000 0.000 0.000 0.000 0.000 0.000 0.000 0.000 0.000 0.000 0.000 0.000 0.000 0.000 0.000 0.000 0.000 0.000 0.000 0.002 0.002 0.003 0.003 0.003 0.003 0.003 0.003 0.003 0.003 0.004 0.004 0.004
0.000 0.000 0.000 0.000 0.000 0.000 0.000 0.000 0.000 0.000 0.000 0.000 0.000 0.000 0.032 0.032 0.031 0.029 0.026 0.023 0.019 0.014 0.010 0.010 0.010 0.010 0.012 0.016 0.024 0.032 0.041 0.049 0.000 0.000 0.000 0.000 0.000 0.000 0.000 0.000 0.000 0.000 0.000 0.000 0.000 0.000 0.000 0.000 0.000 0.000 0.000 0.000 0.000 0.000 0.000 0.000 0.000 0.000 0.000 0.000 0.000 0.000 0.000 0.000 0.000 0.000 0.000 0.000 0.001 0.001 0.001 0.001 0.001 0.001 0.001 0.001 0.001
0.000 0.000 0.000 0.000 0.000 0.000 0.000 0.000 0.000 0.000 0.000 0.000 0.000 0.000 0.032 0.031 0.029 0.027 0.025 0.021 0.018 0.013 0.011 0.011 0.011 0.012 0.015 0.022 0.030 0.038 0.047 0.000 0.000 0.000 0.000 0.000 0.000 0.000 0.000 0.000 0.000 0.000 0.000 0.000 0.000 0.000 0.000 0.000 0.000 0.000 0.000 0.000 0.000 0.000 0.000 0.000 0.000 0.000 0.000 0.000 0.000 0.000 0.000 0.000 0.000 0.000 0.000 0.000 0.000 0.000 0.000 0.001 0.001 0.001 0.001 0.001 0.001
0.000 0.000 0.000 0.000 0.000 0.000 0.000 0.000 0.000 0.000 0.000 0.000 0.000 0.000 0.030 0.029 0.028 0.026 0.023 0.020 0.017 0.012 0.011 0.011 0.012 0.015 0.021 0.028 0.037 0.045 0.054 0.000 0.000 0.000 0.000 0.000 0.000 0.000 0.000 0.000 0.000 0.000 0.000 0.000 0.000 0.000 0.000 0.000 0.000 0.000 0.000 0.000 0.000 0.000 0.000 0.000 0.000 0.000 0.000 0.000 0.000 0.000 0.000 0.000 0.000 0.000 0.000 0.000 0.000 0.000 0.000 0.000 0.000 0.000 0.000 0.000 0.001
0.000 0.000 0.000 0.000 0.000 0.000 0.000 0.000 0.000 0.000 0.000 0.000 0.000 0.026 0.027 0.027 0.026 0.025 0.022 0.019 0.016 0.011 0.011 0.012 0.014 0.019 0.027 0.035 0.043 0.052 0.061 0.000 0.000 0.000 0.000 0.000 0.000 0.000 0.000 0.000 0.000 0.000 0.000 0.000 0.000 0.000 0.000 0.000 0.000 0.000 0.000 0.000 0.000 0.000 0.000 0.000 0.000 0.000 0.000 0.000 0.000 0.000 0.000 0.000 0.000 0.000 0.000 0.000 0.000 0.000 0.000 0.000 0.000 0.000 0.000 0.000 0.000
0.000 0.000 0.000 0.000 0.000 0.000 0.000 0.000 0.000 0.000 0.000 0.000 0.000 0.027 0.027 0.026 0.025 0.024 0.021 0.018 0.015 0.012 0.012 0.014 0.018 0.025 0.033 0.041 0.050 0.058 0.000 0.000 0.000 0.000 0.000 0.000 0.000 0.000 0.000 0.000 0.000 0.000 0.000 0.000 0.000 0.000 0.000 0.000 0.000 0.000 0.000 0.000 0.000 0.000 0.000 0.000 0.000 0.000 0.000 0.000 0.000 0.000 0.000 0.000 0.000 0.000 0.000 0.000 0.000 0.000 0.000 0.000 0.000 0.000 0.000 0.000 0.000
