数据/100y_3h/100y_3h_res/100y_3h_229-0001.wd
ncols         694
nrows         824
xllcorner     581104.939801
yllcorner     3495917.092414
cellsize      2.000000
NODATA_value  -9999.000000
[rows 714 to 747 of 824, columns 154 to 230 of 694]
0.000 0.000 0.000 0.000 0.000 0.000 0.002 0.003 0.004 0.005 0.006 0.007 0.008 0.008 0.009 0.009 0.009 0.009 0.009 0.007 0.001 0.001 0.059 0.057 0.054 0.051 0.046 0.041 0.036 0.030 0.026 0.022 0.000 0.000 0.000 0.000 0.000 0.000 0.000 0.000 0.000 0.000 0.001 0.001 0.001 0.001 0.002 0.005 0.014 0.000 0.000 0.000 0.000 0.000 0.000 0.000 0.000 0.000 0.103 0.114 0.125 0.125 0.103 0.083 0.091 0.011 0.001 0.001 0.000 0.000 0.000 0.000 0.000 0.000 0.000 0.000 0.000
0.000 0.000 0.000 0.000 0.000 0.002 0.003 0.004 0.005 0.006 0.007 0.008 0.009 0.009 0.010 0.010 0.010 0.011 0.011 0.011 0.010 0.009 0.001 0.076 0.074 0.071 0.066 0.061 0.055 0.049 0.043 0.037 0.032 0.028 0.000 0.000 0.000 0.000 0.000 0.000 0.000 0.001 0.001 0.002 0.028 0.039 0.049 0.060 0.070 0.000 0.000 0.000 0.000 0.000 0.000 0.000 0.000 0.000 0.168 0.163 0.140 0.115 0.093 0.085 0.094 0.047 0.001 0.001 0.000 0.000 0.000 0.000 0.000 0.000 0.000 0.000 0.000
0.000 0.000 0.000 0.000 0.001 0.003 0.004 0.005 0.006 0.007 0.008 0.009 0.009 0.010 0.010 0.011 0.011 0.012 0.012 0.013 0.013 0.013 0.012 0.001 0.001 0.091 0.086 0.080 0.074 0.067 0.061 0.055 0.049 0.045 0.041 0.000 0.000 0.000 0.000 0.000 0.001 0.001 0.001 0.028 0.084 0.102 0.112 0.123 0.133 0.000 0.000 0.000 0.000 0.000 0.000 0.000 0.000 0.200 0.177 0.153 0.131 0.106 0.083 0.087 0.096 0.092 0.009 0.001 0.000 0.000 0.000 0.000 0.000 0.000 0.000 0.000 0.000
0.000 0.000 0.000 0.000 0.002 0.004 0.005 0.006 0.007 0.008 0.009 0.009 0.010 0.010 0.011 0.012 0.012 0.013 0.014 0.015 0.016 0.017 0.018 0.020 0.023 0.002 0.106 0.099 0.093 0.086 0.079 0.073 0.067 0.063 0.059 0.055 0.053 0.000 0.000 0.000 0.001 0.001 0.016 0.070 0.126 0.166 0.176 0.186 0.000 0.000 0.000 0.000 0.000 0.000 0.000 0.000 0.000 0.192 0.168 0.144 0.121 0.097 0.081 0.090 0.098 0.107 0.050 0.001 0.001 0.000 0.000 0.000 0.000 0.000 0.000 0.000 0.000
0.000 0.000 0.000 0.001 0.003 0.005 0.006 0.007 0.008 0.008 0.009 0.010 0.010 0.011 0.012 0.012 0.013 0.014 0.015 0.016 0.017 0.019 0.022 0.027 0.036 0.052 0.002 0.118 0.112 0.103 0.096 0.091 0.086 0.082 0.079 0.075 0.072 0.070 0.000 0.020 0.017 0.022 0.057 0.112 0.169 0.225 0.239 0.249 0.000 0.000 0.000 0.000 0.000 0.000 0.000 0.000 0.000 0.183 0.159 0.136 0.112 0.088 0.084 0.093 0.102 0.110 0.095 0.011 0.000 0.000 0.000 0.000 0.000 0.000 0.000 0.000 0.000
0.000 0.000 0.000 0.001 0.003 0.005 0.006 0.007 0.008 0.009 0.009 0.010 0.011 0.011 0.012 0.013 0.013 0.014 0.015 0.017 0.018 0.020 0.022 0.026 0.030 0.036 0.023 0.000 0.001 0.118 0.114 0.109 0.105 0.102 0.099 0.095 0.093 0.089 0.082 0.059 0.059 0.060 0.099 0.155 0.211 0.267 0.302 0.313 0.000 0.000 0.000 0.000 0.000 0.000 0.000 0.000 0.000 0.174 0.150 0.126 0.103 0.079 0.086 0.097 0.105 0.114 0.123 0.053 0.000 0.000 0.000 0.000 0.000 0.000 0.000 0.000 0.000
0.000 0.000 0.000 0.001 0.003 0.005 0.006 0.007 0.008 0.009 0.010 0.010 0.011 0.012 0.012 0.013 0.014 0.015 0.016 0.017 0.018 0.020 0.022 0.024 0.026 0.027 0.022 0.016 0.011 0.000 0.132 0.129 0.125 0.122 0.119 0.116 0.114 0.111 0.109 0.000 0.000 0.087 0.141 0.197 0.253 0.309 0.365 0.376 0.387 0.365 0.000 0.000 0.000 0.000 0.000 0.000 0.190 0.166 0.142 0.118 0.094 0.081 0.090 0.099 0.109 0.117 0.126 0.098 0.000 0.000 0.000 0.000 0.000 0.000 0.000 0.000 0.000
0.000 0.000 0.000 0.001 0.003 0.005 0.006 0.007 0.008 0.009 0.010 0.010 0.011 0.012 0.012 0.013 0.014 0.015 0.016 0.017 0.018 0.019 0.020 0.022 0.023 0.023 0.020 0.017 0.013 0.009 0.000 0.147 0.146 0.142 0.139 0.137 0.135 0.133 0.000 0.000 0.000 0.000 0.184 0.239 0.295 0.351 0.405 0.402 0.379 0.357 0.333 0.310 0.000 0.000 0.000 0.000 0.180 0.156 0.132 0.110 0.084 0.083 0.093 0.103 0.113 0.122 0.130 0.000 0.000 0.000 0.000 0.000 0.000 0.000 0.000 0.000 0.000
0.000 0.000 0.000 0.001 0.003 0.005 0.006 0.007 0.008 0.009 0.010 0.010 0.011 0.012 0.012 0.013 0.014 0.015 0.015 0.016 0.017 0.018 0.019 0.020 0.021 0.020 0.018 0.016 0.014 0.011 0.008 0.001 0.000 0.162 0.159 0.157 0.156 0.000 0.000 0.000 0.000 0.000 0.000 0.282 0.338 0.360 0.382 0.000 0.000 0.348 0.324 0.300 0.276 0.252 0.000 0.000 0.171 0.148 0.123 0.099 0.077 0.086 0.096 0.106 0.116 0.125 0.134 0.000 0.000 0.000 0.000 0.000 0.000 0.000 0.000 0.000 0.000
0.000 0.000 0.000 0.001 0.003 0.005 0.006 0.007 0.008 0.009 0.010 0.010 0.011 0.012 0.012 0.013 0.014 0.014 0.015 0.016 0.017 0.017 0.018 0.019 0.019 0.018 0.017 0.016 0.014 0.012 0.010 0.008 0.006 0.000 0.180 0.175 0.000 0.000 0.000 0.000 0.000 0.000 0.000 0.294 0.315 0.337 0.359 0.000 0.000 0.000 0.000 0.291 0.267 0.242 0.216 0.189 0.164 0.138 0.112 0.089 0.080 0.089 0.100 0.110 0.119 0.128 0.137 0.000 0.000 0.000 0.000 0.000 0.000 0.000 0.000 0.000 0.000
0.000 0.000 0.000 0.001 0.003 0.005 0.006 0.007 0.008 0.009 0.010 0.010 0.011 0.012 0.012 0.013 0.013 0.014 0.015 0.015 0.016 0.017 0.017 0.017 0.017 0.017 0.016 0.015 0.014 0.012 0.011 0.009 0.007 0.005 0.000 0.191 0.182 0.000 0.000 0.000 0.000 0.000 0.000 0.271 0.291 0.314 0.336 0.349 0.000 0.000 0.000 0.000 0.000 0.232 0.206 0.179 0.154 0.129 0.098 0.079 0.083 0.093 0.103 0.112 0.122 0.131 0.000 0.000 0.000 0.000 0.000 0.000 0.000 0.000 0.000 0.000 0.000
0.000 0.000 0.000 0.001 0.003 0.005 0.006 0.007 0.008 0.009 0.010 0.010 0.011 0.011 0.012 0.013 0.013 0.014 0.014 0.015 0.015 0.016 0.016 0.016 0.016 0.016 0.015 0.014 0.013 0.012 0.011 0.010 0.008 0.007 0.005 0.000 0.198 0.195 0.000 0.000 0.000 0.000 0.000 0.000 0.269 0.000 0.000 0.329 0.316 0.000 0.000 0.000 0.000 0.000 0.000 0.168 0.144 0.120 0.095 0.076 0.086 0.097 0.107 0.115 0.124 0.133 0.000 0.000 0.000 0.000 0.000 0.000 0.000 0.000 0.000 0.000 0.000
0.000 0.000 0.000 0.001 0.003 0.005 0.006 0.007 0.008 0.009 0.009 0.010 0.011 0.011 0.012 0.012 0.013 0.013 0.014 0.014 0.015 0.015 0.015 0.015 0.015 0.015 0.014 0.014 0.013 0.012 0.011 0.010 0.009 0.008 0.006 0.004 0.001 0.212 0.229 0.000 0.000 0.000 0.000 0.000 0.000 0.000 0.000 0.000 0.295 0.000 0.000 0.000 0.000 0.000 0.179 0.156 0.133 0.110 0.085 0.080 0.090 0.099 0.108 0.117 0.127 0.136 0.000 0.000 0.000 0.000 0.000 0.000 0.000 0.000 0.000 0.000 0.000
0.000 0.000 0.000 0.001 0.003 0.005 0.006 0.007 0.008 0.008 0.009 0.010 0.010 0.011 0.011 0.012 0.012 0.013 0.013 0.014 0.014 0.014 0.015 0.015 0.014 0.014 0.014 0.013 0.012 0.012 0.011 0.010 0.009 0.008 0.007 0.006 0.004 0.000 0.201 0.217 0.000 0.000 0.000 0.000 0.000 0.000 0.000 0.000 0.276 0.000 0.000 0.000 0.000 0.000 0.169 0.146 0.123 0.101 0.075 0.083 0.092 0.101 0.110 0.119 0.129 0.000 0.000 0.000 0.000 0.000 0.000 0.000 0.000 0.000 0.000 0.000 0.000
0.000 0.000 0.000 0.001 0.003 0.005 0.006 0.007 0.007 0.008 0.009 0.009 0.010 0.011 0.011 0.012 0.012 0.012 0.013 0.013 0.013 0.014 0.014 0.014 0.014 0.013 0.013 0.013 0.012 0.011 0.011 0.010 0.009 0.008 0.007 0.006 0.005 0.003 0.001 0.188 0.203 0.000 0.000 0.000 0.000 0.000 0.000 0.261 0.256 0.000 0.000 0.000 0.000 0.181 0.161 0.137 0.113 0.090 0.078 0.086 0.094 0.103 0.112 0.121 0.130 0.137 0.146 0.000 0.000 0.000 0.000 0.000 0.000 0.000 0.000 0.000 0.000
0.000 0.000 0.000 0.000 0.002 0.004 0.005 0.006 0.007 0.008 0.008 0.009 0.010 0.010 0.011 0.011 0.012 0.012 0.012 0.013 0.013 0.013 0.013 0.013 0.013 0.013 0.012 0.012 0.011 0.011 0.010 0.010 0.009 0.008 0.007 0.006 0.005 0.003 0.001 0.000 0.173 0.187 0.000 0.000 0.000 0.000 0.000 0.000 0.000 0.000 0.000 0.000 0.000 0.161 0.148 0.128 0.103 0.080 0.079 0.088 0.096 0.106 0.114 0.123 0.133 0.141 0.149 0.157 0.166 0.000 0.000 0.000 0.000 0.000 0.000 0.000 0.000
0.000 0.000 0.000 0.000 0.001 0.003 0.004 0.005 0.006 0.007 0.008 0.009 0.009 0.010 0.010 0.011 0.011 0.011 0.012 0.012 0.012 0.012 0.012 0.012 0.012 0.012 0.012 0.011 0.011 0.010 0.010 0.009 0.008 0.008 0.007 0.006 0.005 0.003 0.001 0.000 0.000 0.154 0.164 0.183 0.000 0.000 0.000 0.000 0.000 0.000 0.000 0.000 0.151 0.140 0.127 0.117 0.093 0.074 0.083 0.091 0.100 0.109 0.118 0.127 0.136 0.144 0.153 0.161 0.169 0.176 0.185 0.000 0.000 0.000 0.000 0.000 0.000
0.000 0.000 0.000 0.000 0.000 0.002 0.003 0.004 0.005 0.006 0.007 0.008 0.009 0.009 0.010 0.010 0.011 0.011 0.011 0.011 0.012 0.012 0.012 0.012 0.012 0.012 0.011 0.011 0.010 0.010 0.009 0.009 0.008 0.007 0.007 0.006 0.005 0.003 0.001 0.000 0.000 0.000 0.138 0.155 0.173 0.000 0.000 0.000 0.000 0.000 0.000 0.000 0.133 0.120 0.108 0.095 0.083 0.078 0.086 0.095 0.103 0.111 0.120 0.130 0.139 0.147 0.156 0.165 0.172 0.180 0.188 0.197 0.148 0.000 0.000 0.000 0.000
0.000 0.000 0.000 0.000 0.000 0.000 0.002 0.003 0.004 0.005 0.006 0.007 0.008 0.009 0.009 0.010 0.010 0.010 0.011 0.011 0.011 0.011 0.011 0.011 0.011 0.011 0.011 0.010 0.010 0.009 0.009 0.008 0.008 0.007 0.006 0.005 0.004 0.002 0.000 0.000 0.000 0.000 0.000 0.129 0.145 0.162 0.000 0.000 0.000 0.000 0.000 0.127 0.114 0.101 0.089 0.076 0.073 0.077 0.086 0.095 0.105 0.114 0.124 0.134 0.143 0.000 0.000 0.000 0.174 0.183 0.191 0.200 0.193 0.106 0.039 0.000 0.000
0.000 0.000 0.000 0.000 0.000 0.000 0.000 0.002 0.003 0.004 0.005 0.006 0.007 0.008 0.009 0.009 0.009 0.010 0.010 0.010 0.010 0.011 0.011 0.011 0.010 0.010 0.010 0.010 0.009 0.009 0.008 0.008 0.007 0.006 0.005 0.004 0.003 0.001 0.000 0.000 0.000 0.000 0.000 0.000 0.117 0.134 0.152 0.000 0.000 0.000 0.000 0.108 0.094 0.082 0.074 0.074 0.074 0.075 0.085 0.094 0.103 0.113 0.124 0.135 0.146 0.000 0.000 0.000 0.000 0.000 0.194 0.203 0.212 0.150 0.109 0.071 0.000
0.000 0.000 0.000 0.000 0.000 0.000 0.000 0.000 0.002 0.003 0.004 0.005 0.006 0.007 0.008 0.008 0.009 0.009 0.009 0.010 0.010 0.010 0.010 0.010 0.010 0.010 0.009 0.009 0.009 0.008 0.008 0.007 0.006 0.005 0.004 0.003 0.002 0.000 0.000 0.000 0.000 0.000 0.000 0.000 0.093 0.108 0.124 0.140 0.000 0.118 0.105 0.089 0.075 0.074 0.074 0.073 0.073 0.073 0.084 0.093 0.102 0.112 0.123 0.134 0.000 0.000 0.000 0.000 0.000 0.000 0.000 0.204 0.214 0.219 0.180 0.141 0.000
0.000 0.000 0.000 0.000 0.000 0.000 0.000 0.000 0.000 0.002 0.003 0.004 0.005 0.006 0.007 0.008 0.008 0.008 0.009 0.009 0.009 0.009 0.009 0.009 0.009 0.009 0.009 0.008 0.008 0.008 0.007 0.006 0.005 0.004 0.003 0.002 0.000 0.000 0.000 0.000 0.000 0.000 0.000 0.000 0.000 0.083 0.097 0.110 0.121 0.101 0.085 0.077 0.075 0.073 0.072 0.072 0.072 0.072 0.080 0.090 0.100 0.110 0.120 0.000 0.000 0.000 0.000 0.000 0.000 0.000 0.000 0.000 0.000 0.224 0.220 0.210 0.170
0.000 0.000 0.000 0.000 0.000 0.000 0.000 0.000 0.000 0.000 0.002 0.003 0.004 0.005 0.006 0.007 0.007 0.008 0.008 0.008 0.008 0.008 0.008 0.008 0.008 0.008 0.008 0.008 0.007 0.007 0.006 0.005 0.004 0.003 0.002 0.000 0.000 0.000 0.000 0.000 0.000 0.000 0.000 0.000 0.000 0.000 0.070 0.083 0.095 0.084 0.080 0.078 0.075 0.073 0.072 0.072 0.072 0.071 0.078 0.088 0.097 0.108 0.117 0.000 0.000 0.000 0.000 0.000 0.000 0.000 0.000 0.000 0.000 0.000 0.000 0.219 0.214
0.000 0.000 0.000 0.000 0.000 0.000 0.000 0.000 0.000 0.000 0.000 0.002 0.003 0.004 0.005 0.006 0.007 0.007 0.007 0.007 0.007 0.007 0.007 0.007 0.007 0.007 0.007 0.007 0.007 0.006 0.005 0.004 0.003 0.002 0.000 0.000 0.000 0.000 0.000 0.000 0.000 0.000 0.000 0.000 0.000 0.000 0.000 0.057 0.071 0.083 0.080 0.077 0.076 0.074 0.072 0.071 0.071 0.071 0.076 0.086 0.096 0.106 0.000 0.000 0.000 0.000 0.000 0.000 0.000 0.000 0.000 0.000 0.000 0.000 0.000 0.000 0.000
0.000 0.000 0.000 0.000 0.000 0.000 0.000 0.000 0.000 0.000 0.000 0.000 0.002 0.003 0.004 0.005 0.006 0.006 0.006 0.006 0.006 0.006 0.006 0.006 0.006 0.006 0.006 0.006 0.006 0.005 0.004 0.003 0.002 0.000 0.000 0.000 0.000 0.000 0.000 0.000 0.000 0.000 0.000 0.000 0.000 0.000 0.000 0.000 0.048 0.065 0.078 0.076 0.075 0.073 0.072 0.071 0.070 0.070 0.073 0.083 0.094 0.104 0.000 0.000 0.000 0.000 0.000 0.000 0.000 0.000 0.000 0.000 0.000 0.000 0.000 0.000 0.000
0.000 0.000 0.000 0.000 0.000 0.000 0.000 0.000 0.000 0.000 0.000 0.000 0.000 0.002 0.003 0.004 0.005 0.005 0.005 0.005 0.005 0.005 0.005 0.005 0.005 0.005 0.005 0.005 0.005 0.004 0.003 0.002 0.000 0.000 0.000 0.000 0.000 0.000 0.000 0.000 0.000 0.000 0.000 0.000 0.000 0.000 0.000 0.000 0.000 0.043 0.062 0.075 0.073 0.071 0.070 0.069 0.068 0.068 0.070 0.080 0.091 0.000 0.000 0.000 0.000 0.000 0.000 0.000 0.000 0.000 0.000 0.000 0.000 0.000 0.000 0.000 0.000
0.000 0.000 0.000 0.000 0.000 0.000 0.000 0.000 0.000 0.000 0.000 0.000 0.000 0.000 0.001 0.002 0.003 0.003 0.003 0.003 0.003 0.003 0.003 0.003 0.003 0.003 0.003 0.003 0.003 0.002 0.001 0.000 0.000 0.000 0.000 0.000 0.000 0.000 0.000 0.000 0.000 0.000 0.000 0.000 0.000 0.000 0.000 0.000 0.000 0.000 0.039 0.058 0.071 0.070 0.068 0.066 0.064 0.064 0.066 0.077 0.088 0.000 0.000 0.000 0.000 0.000 0.000 0.000 0.000 0.000 0.000 0.000 0.000 0.000 0.000 0.000 0.000
0.000 0.000 0.000 0.000 0.000 0.000 0.000 0.000 0.000 0.000 0.000 0.000 0.000 0.000 0.000 0.000 0.001 0.001 0.001 0.001 0.001 0.001 0.001 0.001 0.001 0.001 0.001 0.001 0.001 0.000 0.000 0.000 0.000 0.000 0.000 0.000 0.000 0.000 0.000 0.000 0.000 0.000 0.000 0.000 0.000 0.000 0.000 0.000 0.000 0.000 0.018 0.036 0.055 0.067 0.064 0.060 0.056 0.058 0.061 0.072 0.000 0.000 0.000 0.000 0.000 0.000 0.000 0.000 0.000 0.000 0.000 0.000 0.000 0.000 0.000 0.000 0.000
0.000 0.000 0.000 0.000 0.000 0.000 0.000 0.000 0.000 0.000 0.000 0.000 0.000 0.000 0.000 0.000 0.000 0.000 0.000 0.000 0.000 0.000 0.000 0.000 0.000 0.000 0.000 0.000 0.000 0.000 0.000 0.000 0.000 0.000 0.000 0.000 0.000 0.000 0.000 0.000 0.000 0.000 0.000 0.000 0.000 0.000 0.000 0.000 0.000 0.000 0.000 0.014 0.032 0.049 0.059 0.051 0.023 0.046 0.051 0.000 0.000 0.000 0.000 0.000 0.000 0.000 0.000 0.000 0.000 0.000 0.000 0.000 0.000 0.000 0.000 0.000 0.000
0.000 0.000 0.000 0.000 0.000 0.000 0.000 0.000 0.000 0.000 0.000 0.000 0.000 0.000 0.000 0.000 0.000 0.000 0.000 0.000 0.000 0.000 0.000 0.000 0.000 0.000 0.000 0.000 0.000 0.000 0.000 0.000 0.000 0.000 0.000 0.000 0.000 0.000 0.000 0.000 0.000 0.000 0.000 0.000 0.000 0.000 0.000 0.000 0.000 0.000 0.000 0.001 0.009 0.025 0.041 0.047 0.041 0.042 0.043 0.042 0.000 0.000 0.000 0.000 0.000 0.000 0.000 0.000 0.000 0.000 0.000 0.000 0.000 0.000 0.000 0.000 0.000
0.000 0.000 0.000 0.000 0.000 0.000 0.000 0.000 0.000 0.000 0.000 0.000 0.000 0.000 0.000 0.000 0.000 0.000 0.000 0.000 0.000 0.000 0.000 0.000 0.000 0.000 0.000 0.000 0.000 0.000 0.000 0.000 0.000 0.000 0.000 0.000 0.000 0.000 0.000 0.000 0.000 0.000 0.000 0.000 0.000 0.000 0.000 0.000 0.000 0.000 0.000 0.001 0.001 0.004 0.016 0.031 0.041 0.040 0.039 0.037 0.042 0.000 0.000 0.000 0.000 0.000 0.000 0.000 0.000 0.000 0.000 0.000 0.000 0.000 0.000 0.000 0.000
0.000 0.000 0.000 0.000 0.000 0.000 0.000 0.000 0.000 0.000 0.000 0.000 0.000 0.000 0.000 0.000 0.000 0.000 0.000 0.000 0.000 0.000 0.000 0.000 0.000 0.000 0.000 0.000 0.000 0.000 0.000 0.000 0.000 0.000 0.000 0.000 0.000 0.000 0.000 0.000 0.000 0.000 0.000 0.000 0.000 0.000 0.000 0.000 0.000 0.000 0.000 0.001 0.001 0.001 0.002 0.009 0.027 0.038 0.036 0.032 0.035 0.032 0.034 0.000 0.000 0.000 0.000 0.000 0.000 0.000 0.000 0.000 0.000 0.000 0.000 0.000 0.000
0.000 0.000 0.000 0.000 0.000 0.000 0.000 0.000 0.000 0.000 0.000 0.000 0.000 0.000 0.000 0.000 0.000 0.000 0.000 0.000 0.000 0.000 0.000 0.000 0.000 0.000 0.000 0.000 0.000 0.000 0.000 0.000 0.000 0.000 0.000 0.000 0.000 0.000 0.000 0.000 0.000 0.000 0.000 0.000 0.000 0.000 0.000 0.000 0.000 0.000 0.000 0.000 0.001 0.001 0.001 0.001 0.007 0.024 0.033 0.029 0.028 0.027 0.029 0.032 0.000 0.000 0.000 0.000 0.000 0.000 0.000 0.000 0.000 0.000 0.000 0.000 0.000
0.000 0.000 0.000 0.000 0.000 0.000 0.000 0.000 0.000 0.000 0.000 0.000 0.000 0.000 0.000 0.000 0.000 0.000 0.000 0.000 0.000 0.000 0.000 0.000 0.000 0.000 0.000 0.000 0.000 0.000 0.000 0.000 0.000 0.000 0.000 0.000 0.000 0.000 0.000 0.000 0.000 0.000 0.000 0.000 0.000 0.000 0.000 0.000 0.000 0.000 0.000 0.000 0.001 0.001 0.001 0.001 0.001 0.004 0.018 0.024 0.021 0.021 0.024 0.027 0.030 0.000 0.000 0.000 0.000 0.000 0.000 0.000 0.000 0.000 0.000 0.000 0.000
