数据/100y_3h/100y_3h_res/100y_3h_176-0001.wd
ncols         694
nrows         824
xllcorner     581104.939801
yllcorner     3495917.092414
cellsize      2.000000
NODATA_value  -9999.000000
[rows 306 to 339 of 824, columns 462 to 538 of 694]
0.113 0.110 0.107 0.106 0.105 0.105 0.105 0.106 0.101 0.093 0.085 0.077 0.069 0.061 0.053 0.044 0.035 0.026 0.020 0.015 0.011 0.010 0.014 0.021 0.028 0.033 0.037 0.040 0.042 0.042 0.040 0.037 0.033 0.029 0.025 0.020 0.016 0.014 0.015 0.000 0.000 0.000 0.000 0.000 0.000 0.000 0.000 0.000 0.000 0.000 0.000 0.000 0.000 0.000 0.032 0.033 0.034 0.038 0.000 0.002 0.000 0.000 0.000 0.000 0.000 0.000 0.000 0.000 0.000 0.000 0.010 0.021 0.033 0.046 0.059 0.059 0.054
0.146 0.124 0.115 0.112 0.111 0.112 0.112 0.113 0.114 0.110 0.102 0.094 0.085 0.076 0.067 0.058 0.046 0.038 0.031 0.024 0.019 0.016 0.017 0.022 0.027 0.032 0.036 0.039 0.040 0.040 0.039 0.037 0.034 0.030 0.026 0.022 0.020 0.021 0.031 0.000 0.000 0.000 0.000 0.000 0.000 0.000 0.000 0.000 0.000 0.000 0.000 0.000 0.000 0.000 0.000 0.000 0.000 0.031 0.029 0.023 0.019 0.016 0.012 0.008 0.003 0.000 0.000 0.000 0.000 0.000 0.026 0.040 0.052 0.054 0.051 0.049 0.047
0.124 0.120 0.118 0.117 0.117 0.118 0.119 0.121 0.121 0.121 0.120 0.111 0.102 0.093 0.083 0.071 0.060 0.051 0.042 0.035 0.028 0.024 0.022 0.024 0.027 0.032 0.035 0.038 0.039 0.039 0.038 0.036 0.034 0.031 0.027 0.024 0.022 0.023 0.000 0.000 0.000 0.000 0.000 0.000 0.000 0.000 0.000 0.000 0.000 0.000 0.000 0.000 0.000 0.000 0.000 0.000 0.000 0.000 0.000 0.017 0.019 0.018 0.013 0.007 0.002 0.000 0.000 0.000 0.000 0.034 0.047 0.051 0.048 0.045 0.043 0.041 0.040
0.117 0.120 0.121 0.123 0.125 0.127 0.128 0.129 0.129 0.129 0.129 0.129 0.120 0.109 0.098 0.084 0.074 0.064 0.054 0.045 0.038 0.032 0.029 0.028 0.029 0.032 0.035 0.037 0.038 0.038 0.038 0.036 0.034 0.031 0.028 0.026 0.024 0.021 0.013 0.009 0.007 0.000 0.000 0.000 0.000 0.000 0.000 0.000 0.000 0.000 0.000 0.000 0.000 0.000 0.000 0.000 0.000 0.000 0.000 0.000 0.000 0.000 0.004 0.001 0.000 0.000 0.000 0.000 0.000 0.046 0.046 0.043 0.041 0.038 0.036 0.035 0.034
0.119 0.123 0.127 0.131 0.133 0.136 0.137 0.138 0.138 0.136 0.137 0.137 0.136 0.126 0.112 0.098 0.086 0.075 0.065 0.055 0.047 0.041 0.036 0.033 0.033 0.034 0.035 0.037 0.038 0.038 0.038 0.036 0.035 0.032 0.030 0.027 0.025 0.022 0.016 0.012 0.009 0.006 0.004 0.000 0.000 0.000 0.000 0.000 0.000 0.000 0.000 0.000 0.000 0.000 0.000 0.000 0.000 0.000 0.000 0.000 0.000 0.000 0.000 0.000 0.000 0.000 0.026 0.050 0.054 0.047 0.043 0.039 0.036 0.034 0.032 0.031 0.032
0.125 0.130 0.135 0.139 0.143 0.145 0.147 0.149 0.148 0.140 0.146 0.147 0.145 0.139 0.124 0.109 0.096 0.084 0.073 0.064 0.056 0.049 0.044 0.040 0.038 0.038 0.038 0.039 0.039 0.039 0.039 0.038 0.036 0.034 0.032 0.029 0.027 0.023 0.019 0.015 0.012 0.009 0.006 0.004 0.003 0.004 0.000 0.000 0.000 0.000 0.000 0.000 0.000 0.000 0.000 0.000 0.000 0.000 0.000 0.000 0.000 0.000 0.000 0.000 0.000 0.000 0.000 0.040 0.042 0.041 0.039 0.036 0.033 0.030 0.028 0.027 0.024
0.134 0.139 0.145 0.150 0.153 0.157 0.159 0.160 0.160 0.158 0.158 0.158 0.147 0.129 0.124 0.116 0.102 0.091 0.081 0.072 0.064 0.058 0.053 0.049 0.047 0.046 0.045 0.045 0.045 0.044 0.043 0.042 0.040 0.038 0.036 0.033 0.031 0.027 0.024 0.020 0.016 0.013 0.010 0.006 0.004 0.004 0.004 0.006 0.000 0.000 0.000 0.000 0.004 0.021 0.000 0.000 0.000 0.000 0.000 0.000 0.000 0.000 0.000 0.000 0.000 0.000 0.045 0.042 0.040 0.038 0.035 0.033 0.030 0.027 0.026 0.027 0.000
0.144 0.149 0.156 0.161 0.164 0.168 0.171 0.166 0.157 0.147 0.137 0.126 0.111 0.089 0.105 0.118 0.107 0.097 0.088 0.080 0.074 0.068 0.064 0.062 0.060 0.059 0.058 0.058 0.057 0.056 0.054 0.052 0.050 0.047 0.045 0.042 0.039 0.035 0.032 0.028 0.024 0.020 0.015 0.000 0.005 0.005 0.006 0.007 0.007 0.007 0.009 0.013 0.020 0.031 0.047 0.068 0.094 0.000 0.000 0.000 0.000 0.000 0.000 0.000 0.000 0.000 0.039 0.039 0.038 0.035 0.033 0.030 0.027 0.025 0.023 0.020 0.000
0.155 0.161 0.163 0.157 0.153 0.148 0.140 0.134 0.126 0.116 0.105 0.093 0.073 0.074 0.074 0.110 0.112 0.105 0.098 0.092 0.087 0.084 0.081 0.079 0.078 0.077 0.076 0.075 0.074 0.073 0.071 0.068 0.065 0.062 0.058 0.055 0.052 0.048 0.044 0.041 0.037 0.033 0.029 0.024 0.020 0.016 0.014 0.015 0.017 0.020 0.024 0.029 0.036 0.047 0.061 0.080 0.103 0.125 0.152 0.000 0.000 0.000 0.000 0.000 0.000 0.049 0.044 0.040 0.036 0.033 0.030 0.027 0.025 0.023 0.023 0.000 0.000
0.135 0.132 0.129 0.124 0.120 0.114 0.108 0.101 0.093 0.085 0.075 0.060 0.049 0.058 0.068 0.097 0.120 0.115 0.111 0.107 0.105 0.103 0.102 0.102 0.101 0.101 0.099 0.098 0.096 0.094 0.091 0.088 0.084 0.081 0.077 0.073 0.069 0.065 0.061 0.058 0.054 0.051 0.047 0.043 0.040 0.035 0.028 0.029 0.032 0.036 0.041 0.046 0.054 0.063 0.076 0.094 0.114 0.136 0.150 0.152 0.155 0.162 0.000 0.000 0.000 0.045 0.043 0.039 0.034 0.030 0.027 0.024 0.022 0.020 0.017 0.000 0.000
0.100 0.098 0.094 0.091 0.086 0.082 0.077 0.070 0.063 0.055 0.045 0.029 0.036 0.044 0.057 0.084 0.121 0.129 0.127 0.126 0.126 0.127 0.127 0.127 0.127 0.126 0.125 0.124 0.122 0.119 0.115 0.111 0.107 0.102 0.097 0.093 0.089 0.085 0.081 0.078 0.075 0.072 0.069 0.066 0.063 0.058 0.053 0.045 0.049 0.054 0.058 0.064 0.071 0.081 0.093 0.108 0.119 0.122 0.125 0.127 0.130 0.131 0.130 0.136 0.000 0.051 0.044 0.037 0.032 0.027 0.024 0.021 0.019 0.019 0.000 0.000 0.000
0.067 0.065 0.061 0.058 0.054 0.049 0.045 0.040 0.034 0.027 0.017 0.018 0.024 0.032 0.046 0.072 0.112 0.147 0.148 0.149 0.151 0.153 0.154 0.154 0.154 0.154 0.153 0.151 0.148 0.145 0.141 0.137 0.132 0.127 0.122 0.117 0.112 0.108 0.104 0.100 0.097 0.095 0.093 0.090 0.087 0.084 0.079 0.071 0.067 0.072 0.076 0.082 0.089 0.098 0.104 0.101 0.099 0.100 0.101 0.102 0.102 0.095 0.102 0.104 0.090 0.065 0.047 0.035 0.027 0.023 0.019 0.016 0.015 0.013 0.000 0.000 0.000
0.034 0.032 0.029 0.026 0.023 0.019 0.016 0.013 0.010 0.006 0.004 0.009 0.015 0.022 0.035 0.063 0.107 0.158 0.172 0.175 0.178 0.180 0.182 0.183 0.183 0.182 0.181 0.179 0.176 0.173 0.168 0.162 0.157 0.152 0.147 0.142 0.138 0.133 0.129 0.126 0.123 0.120 0.118 0.115 0.113 0.110 0.106 0.099 0.089 0.090 0.094 0.099 0.104 0.095 0.088 0.083 0.080 0.078 0.078 0.077 0.076 0.074 0.075 0.074 0.066 0.050 0.000 0.017 0.017 0.015 0.013 0.012 0.012 0.000 0.000 0.000 0.000
0.005 0.004 0.002 0.000 0.000 0.000 0.000 0.000 0.000 0.000 0.002 0.005 0.008 0.014 0.027 0.056 0.105 0.158 0.199 0.202 0.206 0.209 0.211 0.212 0.212 0.211 0.210 0.207 0.205 0.201 0.195 0.188 0.183 0.178 0.174 0.168 0.163 0.159 0.155 0.152 0.150 0.148 0.146 0.143 0.141 0.138 0.133 0.127 0.119 0.107 0.110 0.099 0.088 0.079 0.071 0.065 0.059 0.056 0.053 0.051 0.049 0.047 0.046 0.044 0.039 0.033 0.022 0.015 0.012 0.010 0.008 0.007 0.005 0.013 0.000 0.000 0.000
0.000 0.000 0.000 0.000 0.000 0.000 0.000 0.000 0.000 0.000 0.000 0.002 0.004 0.009 0.020 0.053 0.106 0.159 0.214 0.231 0.235 0.239 0.242 0.242 0.241 0.240 0.239 0.237 0.234 0.229 0.223 0.212 0.209 0.205 0.200 0.194 0.189 0.185 0.182 0.179 0.177 0.176 0.174 0.172 0.170 0.167 0.164 0.158 0.144 0.119 0.115 0.106 0.094 0.083 0.073 0.065 0.058 0.052 0.047 0.042 0.039 0.035 0.032 0.028 0.023 0.017 0.012 0.009 0.006 0.004 0.003 0.002 0.001 0.000 0.000 0.000 0.000
0.000 0.000 0.000 0.000 0.000 0.000 0.000 0.000 0.000 0.000 0.000 0.001 0.002 0.006 0.017 0.054 0.109 0.000 0.216 0.260 0.264 0.269 0.273 0.000 0.000 0.000 0.000 0.000 0.000 0.000 0.000 0.234 0.235 0.233 0.228 0.218 0.215 0.212 0.209 0.207 0.205 0.204 0.202 0.201 0.199 0.190 0.175 0.158 0.138 0.114 0.112 0.114 0.117 0.106 0.096 0.087 0.078 0.071 0.064 0.058 0.052 0.047 0.042 0.037 0.031 0.025 0.020 0.016 0.013 0.010 0.007 0.005 0.004 0.002 0.001 0.000 0.000
0.000 0.000 0.000 0.000 0.000 0.000 0.000 0.000 0.000 0.000 0.000 0.000 0.000 0.009 0.000 0.000 0.111 0.000 0.000 0.277 0.000 0.000 0.000 0.000 0.000 0.000 0.000 0.000 0.000 0.000 0.000 0.000 0.000 0.000 0.000 0.240 0.242 0.240 0.235 0.234 0.234 0.233 0.224 0.210 0.197 0.183 0.167 0.151 0.132 0.107 0.106 0.107 0.110 0.114 0.115 0.106 0.097 0.088 0.081 0.074 0.067 0.060 0.054 0.048 0.042 0.036 0.030 0.025 0.020 0.016 0.013 0.010 0.007 0.005 0.004 0.003 0.001
0.000 0.000 0.000 0.000 0.000 0.000 0.000 0.000 0.000 0.000 0.000 0.000 0.000 0.000 0.000 0.000 0.000 0.000 0.000 0.000 0.000 0.000 0.000 0.000 0.000 0.000 0.000 0.000 0.000 0.000 0.000 0.000 0.000 0.000 0.000 0.000 0.000 0.000 0.259 0.254 0.243 0.230 0.215 0.202 0.189 0.174 0.159 0.143 0.123 0.102 0.100 0.100 0.102 0.105 0.110 0.115 0.114 0.106 0.097 0.090 0.082 0.075 0.068 0.060 0.054 0.047 0.041 0.035 0.029 0.025 0.020 0.016 0.013 0.010 0.008 0.006 0.004
0.000 0.000 0.000 0.000 0.000 0.000 0.000 0.000 0.000 0.000 0.000 0.000 0.000 0.000 0.000 0.000 0.000 0.000 0.000 0.000 0.000 0.000 0.000 0.000 0.000 0.000 0.000 0.000 0.000 0.000 0.000 0.000 0.000 0.000 0.000 0.000 0.000 0.000 0.000 0.000 0.000 0.000 0.204 0.194 0.181 0.165 0.151 0.135 0.114 0.095 0.093 0.092 0.093 0.096 0.100 0.105 0.111 0.118 0.114 0.105 0.097 0.089 0.081 0.074 0.066 0.059 0.052 0.046 0.040 0.035 0.030 0.026 0.022 0.018 0.015 0.012 0.009
0.000 0.000 0.000 0.000 0.000 0.000 0.000 0.000 0.000 0.000 0.000 0.000 0.000 0.000 0.000 0.000 0.000 0.000 0.000 0.000 0.000 0.000 0.000 0.000 0.000 0.000 0.000 0.000 0.000 0.000 0.000 0.000 0.000 0.000 0.000 0.000 0.000 0.000 0.000 0.000 0.000 0.000 0.000 0.000 0.000 0.153 0.142 0.126 0.102 0.085 0.083 0.083 0.084 0.086 0.089 0.094 0.100 0.106 0.113 0.120 0.112 0.103 0.095 0.087 0.079 0.071 0.064 0.057 0.052 0.046 0.042 0.038 0.034 0.030 0.026 0.022 0.018
0.000 0.000 0.000 0.000 0.000 0.000 0.000 0.000 0.000 0.000 0.000 0.000 0.000 0.000 0.000 0.000 0.000 0.000 0.000 0.000 0.000 0.000 0.000 0.000 0.000 0.000 0.000 0.000 0.000 0.000 0.000 0.000 0.000 0.000 0.000 0.000 0.000 0.000 0.000 0.000 0.000 0.000 0.000 0.000 0.000 0.000 0.000 0.000 0.083 0.074 0.071 0.072 0.074 0.077 0.079 0.083 0.089 0.095 0.101 0.107 0.113 0.117 0.108 0.099 0.091 0.083 0.076 0.070 0.065 0.061 0.057 0.053 0.049 0.045 0.041 0.037 0.032
0.000 0.000 0.000 0.000 0.000 0.000 0.000 0.000 0.000 0.000 0.000 0.000 0.000 0.000 0.000 0.000 0.000 0.000 0.000 0.000 0.000 0.000 0.000 0.000 0.000 0.000 0.000 0.000 0.000 0.000 0.000 0.000 0.000 0.000 0.000 0.000 0.000 0.000 0.000 0.000 0.000 0.000 0.000 0.000 0.000 0.000 0.000 0.000 0.000 0.000 0.052 0.061 0.066 0.068 0.067 0.072 0.078 0.084 0.089 0.094 0.100 0.106 0.111 0.111 0.103 0.096 0.090 0.085 0.081 0.078 0.075 0.072 0.069 0.065 0.060 0.054 0.048
0.000 0.000 0.000 0.000 0.000 0.000 0.000 0.000 0.000 0.000 0.000 0.000 0.000 0.000 0.000 0.000 0.000 0.000 0.000 0.000 0.000 0.000 0.000 0.000 0.000 0.000 0.000 0.000 0.000 0.000 0.000 0.000 0.000 0.000 0.000 0.000 0.000 0.000 0.000 0.000 0.000 0.000 0.000 0.000 0.000 0.000 0.000 0.000 0.000 0.000 0.000 0.000 0.000 0.000 0.050 0.062 0.070 0.076 0.076 0.080 0.085 0.090 0.094 0.100 0.108 0.109 0.105 0.102 0.100 0.098 0.097 0.094 0.090 0.086 0.080 0.073 0.066
0.000 0.000 0.000 0.000 0.000 0.000 0.000 0.000 0.000 0.000 0.000 0.000 0.000 0.000 0.000 0.000 0.000 0.000 0.000 0.000 0.000 0.000 0.000 0.000 0.000 0.000 0.000 0.000 0.000 0.000 0.000 0.000 0.000 0.000 0.000 0.000 0.000 0.000 0.000 0.000 0.000 0.000 0.000 0.000 0.000 0.000 0.000 0.000 0.000 0.000 0.000 0.000 0.000 0.000 0.000 0.000 0.000 0.000 0.058 0.063 0.069 0.073 0.072 0.081 0.093 0.105 0.119 0.121 0.122 0.122 0.120 0.118 0.114 0.108 0.100 0.092 0.083
0.000 0.000 0.000 0.000 0.000 0.000 0.000 0.000 0.000 0.000 0.000 0.000 0.000 0.000 0.000 0.000 0.000 0.000 0.000 0.000 0.000 0.000 0.000 0.000 0.000 0.000 0.000 0.000 0.000 0.000 0.000 0.000 0.000 0.000 0.000 0.000 0.000 0.000 0.000 0.000 0.000 0.000 0.000 0.000 0.000 0.000 0.000 0.000 0.000 0.000 0.000 0.000 0.000 0.000 0.000 0.000 0.000 0.000 0.000 0.043 0.051 0.052 0.000 0.061 0.077 0.092 0.109 0.127 0.146 0.147 0.146 0.143 0.138 0.131 0.120 0.110 0.099
0.000 0.000 0.000 0.000 0.000 0.000 0.000 0.000 0.000 0.000 0.000 0.000 0.000 0.000 0.000 0.000 0.000 0.000 0.000 0.000 0.000 0.000 0.000 0.000 0.000 0.000 0.000 0.000 0.000 0.000 0.000 0.000 0.000 0.000 0.000 0.000 0.000 0.000 0.000 0.000 0.000 0.000 0.000 0.000 0.000 0.000 0.000 0.000 0.000 0.000 0.000 0.000 0.000 0.000 0.000 0.000 0.000 0.000 0.000 0.028 0.036 0.038 0.032 0.050 0.065 0.082 0.100 0.121 0.142 0.163 0.172 0.169 0.164 0.155 0.137 0.126 0.113
0.000 0.000 0.000 0.000 0.000 0.000 0.000 0.000 0.000 0.000 0.000 0.000 0.000 0.000 0.000 0.000 0.000 0.000 0.000 0.000 0.000 0.000 0.000 0.000 0.000 0.000 0.000 0.000 0.000 0.000 0.000 0.000 0.000 0.000 0.000 0.000 0.000 0.000 0.000 0.000 0.000 0.000 0.000 0.000 0.000 0.000 0.000 0.000 0.000 0.000 0.000 0.000 0.000 0.000 0.000 0.000 0.000 0.000 0.000 0.016 0.023 0.026 0.028 0.040 0.055 0.072 0.092 0.115 0.139 0.162 0.000 0.000 0.000 0.000 0.145 0.142 0.123
0.000 0.000 0.000 0.000 0.000 0.000 0.000 0.000 0.000 0.000 0.000 0.000 0.000 0.000 0.000 0.000 0.000 0.000 0.000 0.000 0.000 0.000 0.000 0.000 0.000 0.000 0.000 0.000 0.000 0.000 0.000 0.000 0.000 0.000 0.000 0.000 0.000 0.000 0.000 0.000 0.000 0.000 0.000 0.000 0.000 0.000 0.000 0.000 0.000 0.000 0.000 0.000 0.000 0.000 0.000 0.000 0.000 0.000 0.000 0.007 0.012 0.016 0.021 0.031 0.045 0.063 0.086 0.111 0.136 0.000 0.000 0.000 0.000 0.000 0.000 0.000 0.124
0.000 0.000 0.000 0.000 0.000 0.000 0.000 0.000 0.000 0.000 0.000 0.000 0.000 0.000 0.000 0.000 0.000 0.000 0.000 0.000 0.000 0.000 0.000 0.000 0.000 0.000 0.000 0.000 0.000 0.000 0.000 0.000 0.000 0.000 0.000 0.000 0.000 0.000 0.000 0.000 0.000 0.000 0.000 0.000 0.000 0.000 0.000 0.000 0.000 0.000 0.000 0.000 0.000 0.000 0.000 0.000 0.000 0.000 0.000 0.000 0.005 0.009 0.013 0.022 0.036 0.056 0.081 0.107 0.000 0.000 0.000 0.000 0.000 0.000 0.000 0.000 0.000
0.000 0.000 0.000 0.000 0.000 0.000 0.000 0.000 0.000 0.000 0.000 0.000 0.000 0.000 0.000 0.000 0.000 0.000 0.000 0.000 0.000 0.000 0.000 0.000 0.000 0.000 0.000 0.000 0.000 0.000 0.000 0.000 0.000 0.000 0.000 0.000 0.000 0.000 0.000 0.000 0.000 0.000 0.000 0.000 0.000 0.000 0.000 0.000 0.000 0.000 0.000 0.000 0.000 0.000 0.000 0.000 0.000 0.000 0.000 0.000 0.000 0.003 0.007 0.015 0.028 0.049 0.075 0.103 0.000 0.000 0.000 0.000 0.000 0.000 0.000 0.000 0.000
0.000 0.000 0.000 0.000 0.000 0.000 0.000 0.000 0.000 0.000 0.000 0.000 0.000 0.000 0.000 0.000 0.000 0.000 0.000 0.000 0.000 0.000 0.000 0.000 0.000 0.000 0.000 0.000 0.000 0.000 0.000 0.000 0.000 0.000 0.000 0.000 0.000 0.000 0.000 0.000 0.000 0.000 0.000 0.000 0.000 0.000 0.000 0.000 0.000 0.000 0.000 0.000 0.000 0.000 0.000 0.000 0.000 0.000 0.000 0.000 0.000 0.000 0.001 0.007 0.018 0.039 0.068 0.000 0.000 0.000 0.000 0.000 0.000 0.000 0.000 0.000 0.000
0.000 0.000 0.000 0.000 0.000 0.000 0.000 0.000 0.000 0.000 0.000 0.000 0.000 0.000 0.000 0.000 0.000 0.000 0.000 0.000 0.000 0.000 0.000 0.000 0.000 0.000 0.000 0.000 0.000 0.000 0.000 0.000 0.000 0.000 0.000 0.000 0.000 0.000 0.000 0.000 0.000 0.000 0.000 0.000 0.000 0.000 0.000 0.000 0.000 0.000 0.000 0.000 0.000 0.000 0.000 0.000 0.000 0.000 0.000 0.000 0.000 0.000 0.000 0.005 0.013 0.041 0.078 0.000 0.000 0.000 0.000 0.000 0.000 0.000 0.000 0.000 0.000
0.000 0.000 0.000 0.000 0.000 0.000 0.000 0.000 0.000 0.000 0.000 0.000 0.000 0.000 0.000 0.000 0.000 0.000 0.000 0.000 0.000 0.000 0.000 0.000 0.000 0.000 0.000 0.000 0.000 0.000 0.000 0.000 0.000 0.000 0.000 0.000 0.000 0.000 0.000 0.000 0.000 0.000 0.000 0.000 0.000 0.000 0.000 0.000 0.000 0.000 0.000 0.000 0.000 0.000 0.000 0.000 0.000 0.000 0.000 0.000 0.000 0.000 0.000 0.004 0.014 0.042 0.000 0.000 0.000 0.000 0.000 0.000 0.000 0.000 0.000 0.000 0.000
0.000 0.000 0.000 0.000 0.000 0.000 0.000 0.000 0.000 0.000 0.000 0.000 0.000 0.000 0.000 0.000 0.000 0.000 0.000 0.000 0.000 0.000 0.000 0.000 0.000 0.000 0.000 0.000 0.000 0.000 0.000 0.000 0.000 0.000 0.000 0.000 0.000 0.000 0.000 0.000 0.000 0.000 0.000 0.000 0.000 0.000 0.000 0.000 0.000 0.000 0.000 0.000 0.000 0.000 0.000 0.000 0.000 0.000 0.000 0.000 0.000 0.000 0.000 0.004 0.014 0.043 0.000 0.000 0.000 0.000 0.000 0.000 0.000 0.000 0.000 0.000 0.000
