数据/100y_3h/100y_3h_res/100y_3h_258-0001.wd
ncols         694
nrows         824
xllcorner     581104.939801
yllcorner     3495917.092414
cellsize      2.000000
NODATA_value  -9999.000000
[rows 408 to 441 of 824, columns 385 to 461 of 694]
0.000 0.000 0.000 0.000 0.000 0.000 0.000 0.000 0.000 0.000 0.000 0.000 0.000 0.000 0.000 0.000 0.000 0.000 0.000 0.000 0.000 0.000 0.000 0.000 0.000 0.000 0.000 0.000 0.000 0.000 0.000 0.000 0.002 0.003 0.006 0.013 0.020 0.018 0.000 0.019 0.021 0.022 0.022 0.000 0.000 0.000 0.000 0.000 0.000 0.000 0.020 0.020 0.020 0.020 0.020 0.018 0.013 0.009 0.005 0.002 0.001 0.001 0.001 0.001 0.000 0.000 0.000 0.000 0.000 0.000 0.000 0.000 0.000 0.000 0.000 0.000 0.000
0.000 0.000 0.000 0.000 0.000 0.000 0.000 0.000 0.000 0.000 0.000 0.000 0.000 0.000 0.000 0.000 0.000 0.000 0.000 0.000 0.000 0.000 0.000 0.000 0.000 0.000 0.000 0.000 0.000 0.000 0.000 0.001 0.002 0.003 0.007 0.015 0.020 0.019 0.018 0.020 0.021 0.022 0.022 0.000 0.000 0.000 0.000 0.000 0.000 0.020 0.020 0.020 0.020 0.020 0.020 0.020 0.020 0.016 0.012 0.007 0.003 0.002 0.001 0.001 0.001 0.000 0.000 0.000 0.000 0.000 0.000 0.000 0.000 0.000 0.000 0.000 0.000
0.000 0.000 0.000 0.000 0.000 0.000 0.000 0.000 0.000 0.000 0.000 0.000 0.000 0.000 0.000 0.000 0.000 0.000 0.000 0.000 0.000 0.000 0.000 0.000 0.000 0.000 0.000 0.000 0.000 0.000 0.000 0.001 0.002 0.003 0.008 0.016 0.020 0.020 0.020 0.021 0.021 0.021 0.022 0.000 0.000 0.000 0.000 0.000 0.000 0.020 0.020 0.020 0.020 0.020 0.020 0.020 0.020 0.020 0.019 0.015 0.010 0.006 0.002 0.001 0.001 0.001 0.001 0.000 0.000 0.000 0.000 0.000 0.000 0.000 0.000 0.000 0.000
0.000 0.000 0.000 0.000 0.000 0.000 0.000 0.000 0.000 0.000 0.000 0.000 0.000 0.000 0.000 0.000 0.000 0.000 0.000 0.000 0.000 0.000 0.000 0.000 0.000 0.000 0.000 0.000 0.000 0.000 0.000 0.001 0.002 0.003 0.010 0.018 0.021 0.021 0.021 0.021 0.021 0.021 0.021 0.000 0.000 0.000 0.000 0.000 0.000 0.020 0.020 0.020 0.020 0.020 0.020 0.020 0.020 0.020 0.020 0.020 0.018 0.013 0.008 0.004 0.002 0.001 0.001 0.001 0.000 0.000 0.000 0.000 0.000 0.000 0.000 0.000 0.000
0.000 0.000 0.000 0.000 0.000 0.000 0.000 0.000 0.000 0.000 0.000 0.000 0.000 0.000 0.000 0.000 0.000 0.000 0.000 0.000 0.000 0.000 0.000 0.000 0.000 0.000 0.000 0.000 0.000 0.000 0.000 0.001 0.002 0.004 0.011 0.020 0.021 0.021 0.021 0.021 0.021 0.021 0.000 0.000 0.000 0.000 0.000 0.000 0.000 0.020 0.020 0.020 0.020 0.020 0.020 0.020 0.020 0.020 0.020 0.020 0.020 0.020 0.016 0.011 0.007 0.003 0.001 0.001 0.001 0.001 0.000 0.000 0.000 0.000 0.000 0.000 0.000
0.000 0.000 0.000 0.000 0.000 0.000 0.000 0.000 0.000 0.000 0.000 0.000 0.000 0.000 0.000 0.000 0.000 0.000 0.000 0.000 0.000 0.000 0.000 0.000 0.000 0.000 0.000 0.000 0.000 0.000 0.001 0.001 0.002 0.005 0.013 0.021 0.021 0.021 0.021 0.021 0.021 0.021 0.000 0.000 0.000 0.000 0.000 0.000 0.019 0.020 0.020 0.020 0.020 0.020 0.020 0.020 0.020 0.020 0.020 0.020 0.020 0.020 0.020 0.018 0.014 0.009 0.005 0.002 0.001 0.001 0.001 0.000 0.000 0.000 0.000 0.000 0.000
0.000 0.000 0.000 0.000 0.000 0.000 0.000 0.000 0.000 0.000 0.000 0.000 0.000 0.000 0.000 0.000 0.000 0.000 0.000 0.000 0.000 0.000 0.000 0.000 0.000 0.000 0.000 0.000 0.000 0.000 0.001 0.001 0.002 0.006 0.015 0.021 0.021 0.021 0.021 0.021 0.022 0.022 0.000 0.000 0.000 0.000 0.000 0.000 0.019 0.019 0.019 0.020 0.020 0.020 0.020 0.020 0.020 0.020 0.020 0.020 0.020 0.020 0.020 0.020 0.020 0.016 0.012 0.007 0.003 0.001 0.001 0.001 0.000 0.000 0.000 0.000 0.000
0.000 0.000 0.000 0.000 0.000 0.000 0.000 0.000 0.000 0.000 0.000 0.000 0.000 0.000 0.000 0.000 0.000 0.000 0.000 0.000 0.000 0.000 0.000 0.000 0.000 0.000 0.000 0.000 0.000 0.000 0.001 0.001 0.002 0.008 0.016 0.021 0.021 0.021 0.021 0.021 0.021 0.000 0.000 0.000 0.000 0.000 0.000 0.000 0.019 0.019 0.019 0.019 0.020 0.020 0.020 0.020 0.020 0.020 0.020 0.020 0.020 0.020 0.020 0.019 0.019 0.019 0.019 0.014 0.010 0.005 0.002 0.001 0.001 0.001 0.000 0.000 0.000
0.000 0.000 0.000 0.000 0.000 0.000 0.000 0.000 0.000 0.000 0.000 0.000 0.000 0.000 0.000 0.000 0.000 0.000 0.000 0.000 0.000 0.000 0.000 0.000 0.000 0.000 0.000 0.000 0.000 0.000 0.001 0.001 0.003 0.009 0.018 0.021 0.021 0.021 0.021 0.021 0.021 0.000 0.000 0.000 0.000 0.000 0.000 0.019 0.019 0.019 0.019 0.019 0.020 0.020 0.020 0.020 0.020 0.020 0.020 0.020 0.020 0.019 0.019 0.019 0.019 0.019 0.019 0.019 0.017 0.012 0.007 0.003 0.001 0.001 0.001 0.000 0.000
0.000 0.000 0.000 0.000 0.000 0.000 0.000 0.000 0.000 0.000 0.000 0.000 0.000 0.000 0.000 0.000 0.000 0.000 0.000 0.000 0.000 0.000 0.000 0.000 0.000 0.000 0.000 0.000 0.001 0.001 0.001 0.002 0.004 0.011 0.019 0.021 0.021 0.021 0.021 0.021 0.021 0.000 0.000 0.000 0.000 0.000 0.000 0.019 0.019 0.019 0.019 0.019 0.019 0.020 0.019 0.020 0.020 0.020 0.019 0.019 0.019 0.019 0.019 0.019 0.019 0.019 0.019 0.018 0.018 0.018 0.014 0.010 0.005 0.002 0.001 0.001 0.000
0.000 0.000 0.000 0.000 0.000 0.000 0.000 0.000 0.000 0.000 0.000 0.000 0.000 0.000 0.000 0.000 0.000 0.000 0.000 0.000 0.000 0.000 0.000 0.000 0.000 0.000 0.000 0.000 0.001 0.001 0.001 0.002 0.004 0.012 0.020 0.020 0.021 0.021 0.021 0.021 0.021 0.000 0.000 0.000 0.000 0.000 0.000 0.019 0.019 0.019 0.019 0.019 0.019 0.019 0.019 0.019 0.019 0.019 0.019 0.019 0.019 0.019 0.019 0.019 0.019 0.019 0.018 0.018 0.018 0.018 0.017 0.017 0.012 0.007 0.003 0.001 0.001
0.000 0.000 0.000 0.000 0.000 0.000 0.000 0.000 0.000 0.000 0.000 0.000 0.000 0.000 0.000 0.000 0.000 0.000 0.000 0.000 0.000 0.000 0.000 0.000 0.000 0.000 0.000 0.000 0.001 0.001 0.001 0.002 0.005 0.014 0.020 0.020 0.020 0.021 0.021 0.021 0.021 0.000 0.000 0.000 0.000 0.000 0.000 0.019 0.019 0.019 0.019 0.019 0.019 0.019 0.019 0.019 0.019 0.019 0.019 0.019 0.019 0.019 0.019 0.019 0.019 0.018 0.018 0.018 0.018 0.017 0.017 0.017 0.016 0.014 0.009 0.004 0.002
0.000 0.000 0.000 0.000 0.000 0.000 0.000 0.000 0.000 0.000 0.000 0.000 0.000 0.000 0.000 0.000 0.000 0.000 0.000 0.000 0.000 0.000 0.000 0.000 0.000 0.000 0.000 0.000 0.001 0.001 0.001 0.002 0.007 0.015 0.020 0.020 0.020 0.020 0.020 0.021 0.021 0.000 0.000 0.000 0.000 0.000 0.019 0.019 0.019 0.019 0.019 0.019 0.019 0.019 0.019 0.019 0.019 0.019 0.019 0.019 0.019 0.019 0.019 0.018 0.018 0.018 0.018 0.018 0.017 0.017 0.017 0.016 0.016 0.015 0.015 0.011 0.006
0.000 0.000 0.000 0.000 0.000 0.000 0.000 0.000 0.000 0.000 0.000 0.000 0.000 0.000 0.000 0.000 0.000 0.000 0.000 0.000 0.000 0.000 0.000 0.000 0.000 0.000 0.000 0.000 0.001 0.001 0.001 0.002 0.008 0.016 0.020 0.020 0.020 0.020 0.020 0.020 0.020 0.000 0.000 0.000 0.000 0.000 0.019 0.019 0.019 0.019 0.019 0.019 0.019 0.019 0.019 0.019 0.019 0.019 0.019 0.019 0.019 0.019 0.018 0.018 0.018 0.018 0.017 0.017 0.017 0.017 0.016 0.016 0.015 0.015 0.014 0.013 0.012
0.000 0.000 0.000 0.000 0.000 0.000 0.000 0.000 0.000 0.000 0.000 0.000 0.000 0.000 0.000 0.000 0.000 0.000 0.000 0.000 0.000 0.000 0.000 0.000 0.000 0.000 0.000 0.001 0.001 0.001 0.001 0.003 0.009 0.018 0.020 0.020 0.020 0.020 0.020 0.020 0.020 0.000 0.000 0.000 0.000 0.000 0.019 0.019 0.019 0.019 0.019 0.019 0.019 0.019 0.019 0.019 0.019 0.019 0.019 0.019 0.018 0.018 0.018 0.018 0.018 0.017 0.017 0.017 0.016 0.016 0.016 0.015 0.015 0.014 0.014 0.013 0.012
0.000 0.000 0.000 0.000 0.000 0.000 0.000 0.000 0.000 0.000 0.000 0.000 0.000 0.000 0.000 0.000 0.000 0.000 0.000 0.000 0.000 0.000 0.000 0.000 0.000 0.000 0.000 0.001 0.001 0.001 0.002 0.004 0.010 0.019 0.019 0.019 0.020 0.020 0.020 0.020 0.020 0.020 0.020 0.000 0.000 0.000 0.000 0.000 0.019 0.019 0.019 0.019 0.019 0.019 0.019 0.019 0.019 0.019 0.019 0.018 0.018 0.018 0.018 0.018 0.017 0.017 0.017 0.016 0.016 0.016 0.015 0.015 0.014 0.013 0.013 0.012 0.011
0.000 0.000 0.000 0.000 0.000 0.000 0.000 0.000 0.000 0.000 0.000 0.000 0.000 0.000 0.000 0.000 0.000 0.000 0.000 0.000 0.000 0.000 0.000 0.000 0.000 0.000 0.000 0.001 0.001 0.001 0.002 0.004 0.012 0.019 0.019 0.019 0.019 0.019 0.020 0.020 0.020 0.020 0.020 0.020 0.020 0.020 0.000 0.019 0.019 0.019 0.019 0.019 0.019 0.019 0.019 0.019 0.019 0.018 0.018 0.018 0.018 0.018 0.017 0.017 0.017 0.017 0.016 0.016 0.015 0.015 0.014 0.014 0.013 0.013 0.012 0.011 0.010
0.000 0.000 0.000 0.000 0.000 0.000 0.000 0.000 0.000 0.000 0.000 0.000 0.000 0.000 0.000 0.000 0.000 0.000 0.000 0.000 0.000 0.000 0.000 0.000 0.000 0.000 0.000 0.001 0.001 0.001 0.002 0.005 0.014 0.019 0.019 0.019 0.019 0.019 0.019 0.020 0.020 0.020 0.020 0.020 0.020 0.019 0.019 0.019 0.019 0.019 0.019 0.019 0.019 0.019 0.019 0.018 0.018 0.018 0.018 0.018 0.018 0.017 0.017 0.017 0.016 0.016 0.016 0.015 0.015 0.014 0.014 0.013 0.012 0.011 0.010 0.009 0.007
0.000 0.000 0.000 0.000 0.000 0.000 0.000 0.000 0.000 0.000 0.000 0.000 0.000 0.000 0.000 0.000 0.000 0.000 0.000 0.000 0.000 0.000 0.000 0.000 0.000 0.000 0.000 0.001 0.001 0.001 0.002 0.006 0.015 0.019 0.019 0.019 0.019 0.019 0.019 0.020 0.000 0.020 0.020 0.020 0.019 0.019 0.019 0.019 0.019 0.019 0.019 0.019 0.019 0.019 0.018 0.018 0.018 0.018 0.018 0.017 0.017 0.017 0.017 0.016 0.016 0.015 0.015 0.014 0.014 0.013 0.013 0.012 0.011 0.010 0.008 0.006 0.006
0.000 0.000 0.000 0.000 0.000 0.000 0.000 0.000 0.000 0.000 0.000 0.000 0.000 0.000 0.000 0.000 0.000 0.000 0.000 0.000 0.000 0.000 0.000 0.000 0.000 0.000 0.000 0.001 0.001 0.001 0.002 0.007 0.017 0.019 0.019 0.019 0.019 0.019 0.019 0.000 0.000 0.000 0.000 0.000 0.019 0.019 0.019 0.019 0.019 0.019 0.019 0.019 0.018 0.018 0.018 0.018 0.018 0.018 0.017 0.017 0.017 0.016 0.016 0.016 0.015 0.015 0.014 0.014 0.013 0.012 0.011 0.010 0.009 0.007 0.006 0.006 0.006
0.000 0.000 0.000 0.000 0.000 0.000 0.000 0.000 0.000 0.000 0.000 0.000 0.000 0.000 0.000 0.000 0.000 0.000 0.000 0.000 0.000 0.000 0.000 0.000 0.000 0.000 0.001 0.001 0.001 0.001 0.003 0.009 0.018 0.019 0.019 0.019 0.019 0.019 0.000 0.000 0.000 0.000 0.000 0.000 0.000 0.000 0.019 0.019 0.019 0.019 0.019 0.018 0.018 0.018 0.018 0.018 0.018 0.017 0.017 0.017 0.016 0.016 0.015 0.015 0.014 0.014 0.013 0.012 0.012 0.010 0.009 0.007 0.007 0.007 0.007 0.007 0.007
0.000 0.000 0.000 0.000 0.000 0.000 0.000 0.000 0.000 0.000 0.000 0.000 0.000 0.000 0.000 0.000 0.000 0.000 0.000 0.000 0.000 0.000 0.000 0.000 0.000 0.000 0.001 0.001 0.001 0.002 0.004 0.011 0.018 0.019 0.019 0.019 0.019 0.019 0.000 0.000 0.000 0.000 0.000 0.000 0.000 0.000 0.019 0.019 0.019 0.019 0.018 0.018 0.018 0.018 0.018 0.018 0.017 0.017 0.017 0.016 0.016 0.015 0.015 0.014 0.013 0.013 0.012 0.011 0.010 0.008 0.007 0.007 0.007 0.007 0.007 0.008 0.011
0.000 0.000 0.000 0.000 0.000 0.000 0.000 0.000 0.000 0.000 0.000 0.000 0.000 0.000 0.000 0.000 0.000 0.000 0.000 0.000 0.000 0.000 0.000 0.000 0.000 0.000 0.001 0.001 0.001 0.002 0.005 0.013 0.018 0.019 0.019 0.019 0.019 0.000 0.000 0.000 0.000 0.000 0.018 0.018 0.018 0.018 0.019 0.019 0.019 0.019 0.018 0.018 0.018 0.018 0.018 0.017 0.017 0.016 0.016 0.016 0.015 0.014 0.014 0.013 0.012 0.011 0.010 0.008 0.007 0.007 0.007 0.007 0.007 0.008 0.010 0.015 0.021
0.000 0.000 0.000 0.000 0.000 0.000 0.000 0.000 0.000 0.000 0.000 0.000 0.000 0.000 0.000 0.000 0.000 0.000 0.000 0.000 0.000 0.000 0.000 0.000 0.000 0.000 0.001 0.001 0.001 0.002 0.006 0.015 0.019 0.019 0.019 0.019 0.019 0.000 0.000 0.000 0.000 0.000 0.000 0.018 0.018 0.019 0.019 0.018 0.018 0.018 0.018 0.018 0.018 0.018 0.017 0.017 0.016 0.016 0.015 0.015 0.014 0.013 0.013 0.012 0.010 0.009 0.007 0.007 0.007 0.007 0.007 0.008 0.010 0.014 0.020 0.027 0.034
0.000 0.000 0.000 0.000 0.000 0.000 0.000 0.000 0.000 0.000 0.000 0.000 0.000 0.000 0.000 0.000 0.000 0.000 0.000 0.000 0.000 0.000 0.000 0.000 0.000 0.000 0.001 0.001 0.001 0.002 0.008 0.016 0.019 0.019 0.019 0.019 0.019 0.000 0.000 0.000 0.000 0.000 0.000 0.000 0.000 0.000 0.018 0.018 0.018 0.018 0.018 0.018 0.018 0.017 0.017 0.017 0.016 0.015 0.015 0.014 0.013 0.012 0.011 0.009 0.007 0.007 0.007 0.007 0.007 0.008 0.009 0.013 0.019 0.025 0.032 0.039 0.044
0.000 0.000 0.000 0.000 0.000 0.000 0.000 0.000 0.000 0.000 0.000 0.000 0.000 0.000 0.000 0.000 0.000 0.000 0.000 0.000 0.000 0.000 0.000 0.000 0.000 0.001 0.001 0.001 0.001 0.003 0.009 0.018 0.019 0.019 0.019 0.019 0.000 0.000 0.000 0.000 0.000 0.000 0.000 0.000 0.000 0.000 0.000 0.000 0.018 0.018 0.018 0.018 0.017 0.017 0.017 0.016 0.015 0.014 0.013 0.012 0.011 0.010 0.007 0.007 0.007 0.007 0.007 0.008 0.009 0.012 0.017 0.024 0.031 0.038 0.045 0.053 0.051
0.000 0.000 0.000 0.000 0.000 0.000 0.000 0.000 0.000 0.000 0.000 0.000 0.000 0.000 0.000 0.000 0.000 0.000 0.000 0.000 0.000 0.000 0.000 0.000 0.000 0.001 0.001 0.001 0.002 0.004 0.011 0.019 0.019 0.019 0.019 0.019 0.000 0.000 0.000 0.000 0.000 0.000 0.000 0.000 0.000 0.000 0.000 0.000 0.000 0.000 0.000 0.018 0.017 0.017 0.016 0.015 0.014 0.013 0.012 0.010 0.008 0.007 0.007 0.007 0.007 0.007 0.008 0.011 0.016 0.023 0.029 0.037 0.044 0.051 0.058 0.063 0.059
0.000 0.000 0.000 0.000 0.000 0.000 0.000 0.000 0.000 0.000 0.000 0.000 0.000 0.000 0.000 0.000 0.000 0.000 0.003 0.000 0.000 0.000 0.000 0.000 0.000 0.001 0.001 0.002 0.002 0.005 0.013 0.019 0.019 0.019 0.019 0.019 0.000 0.000 0.000 0.000 0.000 0.000 0.000 0.000 0.000 0.000 0.000 0.000 0.000 0.000 0.000 0.000 0.000 0.000 0.015 0.015 0.013 0.011 0.009 0.008 0.008 0.007 0.007 0.008 0.008 0.010 0.015 0.021 0.028 0.035 0.042 0.050 0.057 0.064 0.071 0.071 0.066
0.000 0.000 0.000 0.000 0.000 0.000 0.000 0.000 0.000 0.000 0.000 0.000 0.000 0.000 0.000 0.000 0.000 0.001 0.002 0.002 0.004 0.000 0.000 0.000 0.000 0.001 0.002 0.002 0.003 0.006 0.014 0.019 0.019 0.019 0.019 0.019 0.000 0.000 0.000 0.000 0.000 0.000 0.000 0.000 0.000 0.000 0.000 0.000 0.000 0.000 0.000 0.000 0.000 0.000 0.000 0.000 0.009 0.007 0.008 0.008 0.008 0.008 0.008 0.010 0.014 0.020 0.027 0.034 0.041 0.048 0.056 0.063 0.070 0.077 0.083 0.078 0.074
0.001 0.000 0.000 0.000 0.000 0.000 0.000 0.000 0.000 0.000 0.000 0.000 0.000 0.000 0.000 0.000 0.000 0.001 0.002 0.002 0.003 0.005 0.000 0.000 0.000 0.002 0.003 0.003 0.004 0.008 0.016 0.019 0.019 0.019 0.019 0.000 0.000 0.000 0.000 0.000 0.000 0.000 0.000 0.000 0.000 0.000 0.000 0.000 0.000 0.000 0.000 0.000 0.000 0.000 0.000 0.000 0.006 0.007 0.007 0.008 0.008 0.010 0.013 0.019 0.025 0.032 0.040 0.047 0.054 0.061 0.068 0.075 0.083 0.090 0.090 0.086 0.082
0.001 0.001 0.001 0.000 0.000 0.000 0.000 0.000 0.000 0.000 0.000 0.000 0.000 0.000 0.000 0.000 0.000 0.001 0.002 0.002 0.003 0.004 0.004 0.004 0.004 0.004 0.004 0.004 0.005 0.009 0.018 0.019 0.018 0.019 0.019 0.000 0.000 0.000 0.000 0.000 0.000 0.000 0.000 0.000 0.000 0.000 0.000 0.000 0.000 0.000 0.000 0.000 0.000 0.000 0.000 0.000 0.005 0.007 0.008 0.009 0.012 0.017 0.024 0.031 0.038 0.045 0.053 0.059 0.068 0.074 0.081 0.089 0.096 0.102 0.098 0.093 0.089
0.006 0.002 0.001 0.001 0.000 0.000 0.000 0.000 0.000 0.000 0.000 0.000 0.000 0.001 0.001 0.001 0.001 0.001 0.001 0.002 0.003 0.003 0.003 0.004 0.004 0.004 0.004 0.004 0.005 0.011 0.018 0.018 0.018 0.019 0.019 0.000 0.000 0.000 0.000 0.000 0.000 0.000 0.000 0.000 0.000 0.000 0.000 0.000 0.000 0.000 0.000 0.000 0.000 0.000 0.000 0.001 0.005 0.007 0.011 0.016 0.023 0.029 0.037 0.044 0.051 0.058 0.065 0.073 0.080 0.088 0.094 0.101 0.109 0.110 0.105 0.101 0.096
0.017 0.012 0.006 0.002 0.001 0.001 0.001 0.000 0.000 0.000 0.000 0.000 0.001 0.001 0.001 0.001 0.001 0.001 0.001 0.002 0.002 0.003 0.003 0.003 0.004 0.004 0.004 0.004 0.006 0.012 0.018 0.018 0.018 0.018 0.019 0.000 0.000 0.000 0.000 0.000 0.000 0.000 0.000 0.000 0.000 0.000 0.000 0.000 0.000 0.000 0.000 0.000 0.000 0.000 0.000 0.002 0.008 0.014 0.021 0.028 0.035 0.043 0.050 0.057 0.064 0.072 0.079 0.086 0.093 0.101 0.108 0.000 0.000 0.117 0.113 0.109 0.104
0.000 0.000 0.015 0.010 0.005 0.002 0.001 0.001 0.001 0.001 0.001 0.001 0.001 0.001 0.001 0.001 0.001 0.001 0.001 0.001 0.002 0.002 0.003 0.003 0.003 0.004 0.004 0.004 0.006 0.013 0.018 0.018 0.018 0.018 0.000 0.000 0.000 0.000 0.000 0.000 0.000 0.000 0.000 0.000 0.000 0.000 0.000 0.000 0.000 0.000 0.000 0.000 0.000 0.000 0.000 0.012 0.020 0.026 0.034 0.041 0.048 0.055 0.063 0.070 0.077 0.084 0.092 0.099 0.106 0.113 0.000 0.000 0.000 0.000 0.000 0.116 0.112
