数据/100y_3h/100y_3h_res/100y_3h_202-0001.wd
ncols         694
nrows         824
xllcorner     581104.939801
yllcorner     3495917.092414
cellsize      2.000000
NODATA_value  -9999.000000
[rows 306 to 339 of 824, columns 462 to 538 of 694]
0.061 0.060 0.058 0.056 0.055 0.055 0.055 0.055 0.050 0.043 0.036 0.030 0.024 0.019 0.014 0.010 0.007 0.003 0.002 0.002 0.002 0.001 0.001 0.002 0.003 0.006 0.011 0.015 0.018 0.019 0.018 0.017 0.015 0.013 0.010 0.008 0.006 0.005 0.005 0.000 0.000 0.000 0.000 0.000 0.000 0.000 0.000 0.000 0.000 0.000 0.000 0.000 0.000 0.000 0.018 0.019 0.020 0.023 0.000 0.001 0.001 0.001 0.001 0.002 0.008 0.038 0.000 0.000 0.000 0.000 0.004 0.013 0.024 0.036 0.048 0.048 0.043
0.081 0.068 0.063 0.060 0.059 0.059 0.059 0.060 0.060 0.057 0.050 0.043 0.036 0.030 0.024 0.018 0.013 0.009 0.007 0.005 0.004 0.003 0.003 0.003 0.004 0.007 0.011 0.015 0.017 0.018 0.018 0.017 0.015 0.013 0.011 0.009 0.007 0.008 0.017 0.000 0.000 0.000 0.000 0.000 0.000 0.000 0.000 0.000 0.000 0.000 0.000 0.000 0.000 0.000 0.000 0.000 0.000 0.019 0.018 0.015 0.013 0.011 0.010 0.010 0.016 0.000 0.000 0.000 0.000 0.000 0.018 0.031 0.042 0.044 0.041 0.038 0.036
0.068 0.065 0.064 0.063 0.064 0.064 0.065 0.066 0.066 0.066 0.065 0.058 0.051 0.044 0.037 0.029 0.022 0.017 0.013 0.010 0.007 0.006 0.004 0.004 0.004 0.006 0.011 0.014 0.016 0.017 0.018 0.017 0.015 0.014 0.012 0.010 0.009 0.010 0.000 0.000 0.000 0.000 0.000 0.000 0.000 0.000 0.000 0.000 0.000 0.000 0.000 0.000 0.000 0.000 0.000 0.000 0.000 0.000 0.000 0.011 0.013 0.014 0.012 0.013 0.021 0.000 0.000 0.000 0.000 0.025 0.037 0.041 0.038 0.035 0.033 0.031 0.030
0.063 0.065 0.066 0.068 0.069 0.071 0.072 0.073 0.073 0.072 0.073 0.074 0.067 0.059 0.051 0.041 0.033 0.027 0.021 0.016 0.012 0.009 0.007 0.006 0.005 0.005 0.010 0.014 0.016 0.017 0.017 0.017 0.016 0.014 0.012 0.011 0.010 0.009 0.005 0.003 0.002 0.000 0.000 0.000 0.000 0.000 0.000 0.000 0.000 0.000 0.000 0.000 0.000 0.000 0.000 0.000 0.000 0.000 0.000 0.000 0.000 0.000 0.009 0.014 0.018 0.024 0.000 0.000 0.000 0.036 0.035 0.033 0.031 0.029 0.027 0.025 0.025
0.063 0.067 0.071 0.074 0.077 0.079 0.081 0.082 0.081 0.078 0.079 0.082 0.083 0.076 0.065 0.053 0.045 0.037 0.029 0.023 0.018 0.014 0.011 0.008 0.007 0.006 0.010 0.013 0.015 0.017 0.017 0.017 0.016 0.014 0.013 0.012 0.010 0.009 0.006 0.004 0.003 0.002 0.002 0.000 0.000 0.000 0.000 0.000 0.000 0.000 0.000 0.000 0.000 0.000 0.000 0.000 0.000 0.000 0.000 0.000 0.000 0.000 0.000 0.000 0.016 0.025 0.031 0.044 0.045 0.037 0.032 0.029 0.026 0.024 0.022 0.021 0.023
0.067 0.073 0.078 0.082 0.086 0.089 0.091 0.092 0.090 0.078 0.088 0.092 0.093 0.090 0.078 0.065 0.054 0.045 0.037 0.030 0.024 0.019 0.015 0.011 0.009 0.008 0.011 0.013 0.015 0.016 0.017 0.017 0.016 0.015 0.014 0.012 0.011 0.009 0.007 0.005 0.004 0.003 0.002 0.001 0.001 0.002 0.000 0.000 0.000 0.000 0.000 0.000 0.000 0.000 0.000 0.000 0.000 0.000 0.000 0.000 0.000 0.000 0.000 0.000 0.000 0.000 0.000 0.029 0.032 0.030 0.027 0.025 0.022 0.020 0.019 0.018 0.016
0.075 0.082 0.087 0.092 0.097 0.100 0.103 0.104 0.104 0.101 0.102 0.104 0.096 0.082 0.078 0.071 0.060 0.050 0.042 0.035 0.028 0.023 0.019 0.015 0.012 0.011 0.011 0.013 0.015 0.016 0.017 0.017 0.016 0.015 0.014 0.013 0.011 0.010 0.008 0.006 0.005 0.004 0.003 0.002 0.001 0.002 0.002 0.003 0.000 0.000 0.000 0.000 0.001 0.002 0.000 0.000 0.000 0.000 0.000 0.000 0.000 0.000 0.000 0.000 0.000 0.000 0.031 0.029 0.027 0.026 0.023 0.021 0.019 0.017 0.017 0.017 0.000
0.086 0.092 0.098 0.104 0.108 0.112 0.115 0.111 0.102 0.092 0.083 0.075 0.063 0.046 0.061 0.072 0.063 0.054 0.046 0.039 0.033 0.027 0.022 0.019 0.016 0.014 0.014 0.014 0.016 0.016 0.017 0.017 0.017 0.016 0.015 0.014 0.012 0.011 0.009 0.007 0.006 0.005 0.003 0.000 0.001 0.001 0.002 0.002 0.002 0.002 0.002 0.002 0.002 0.003 0.007 0.023 0.048 0.000 0.000 0.000 0.000 0.000 0.000 0.000 0.000 0.000 0.026 0.026 0.025 0.023 0.021 0.019 0.017 0.015 0.014 0.012 0.000
0.097 0.104 0.105 0.102 0.097 0.092 0.086 0.079 0.072 0.064 0.055 0.046 0.033 0.035 0.033 0.064 0.065 0.058 0.051 0.044 0.038 0.033 0.028 0.024 0.021 0.019 0.018 0.018 0.019 0.019 0.019 0.019 0.019 0.018 0.017 0.016 0.014 0.013 0.011 0.009 0.008 0.006 0.005 0.003 0.003 0.002 0.002 0.003 0.003 0.003 0.003 0.003 0.005 0.011 0.021 0.036 0.058 0.081 0.108 0.000 0.000 0.000 0.000 0.000 0.000 0.033 0.029 0.026 0.024 0.021 0.019 0.016 0.014 0.013 0.014 0.000 0.000
0.077 0.075 0.072 0.069 0.065 0.060 0.055 0.049 0.043 0.037 0.029 0.020 0.015 0.022 0.028 0.050 0.068 0.062 0.056 0.050 0.045 0.041 0.038 0.035 0.033 0.031 0.030 0.029 0.029 0.028 0.027 0.026 0.025 0.024 0.023 0.021 0.019 0.017 0.016 0.014 0.012 0.010 0.009 0.007 0.006 0.005 0.004 0.004 0.005 0.005 0.007 0.012 0.019 0.027 0.038 0.052 0.071 0.093 0.107 0.110 0.115 0.122 0.000 0.000 0.000 0.028 0.028 0.025 0.022 0.019 0.017 0.014 0.012 0.011 0.010 0.000 0.000
0.044 0.042 0.040 0.037 0.033 0.030 0.026 0.022 0.018 0.014 0.010 0.005 0.008 0.014 0.021 0.038 0.064 0.067 0.063 0.059 0.057 0.055 0.054 0.054 0.053 0.052 0.051 0.050 0.049 0.047 0.045 0.042 0.040 0.037 0.035 0.032 0.030 0.028 0.026 0.024 0.022 0.020 0.018 0.017 0.016 0.014 0.013 0.010 0.012 0.017 0.022 0.028 0.036 0.045 0.055 0.068 0.077 0.080 0.083 0.086 0.089 0.091 0.091 0.098 0.000 0.032 0.028 0.024 0.020 0.017 0.014 0.012 0.010 0.010 0.000 0.000 0.000
0.014 0.013 0.012 0.010 0.009 0.008 0.007 0.005 0.004 0.003 0.002 0.002 0.004 0.008 0.014 0.028 0.052 0.076 0.075 0.075 0.075 0.076 0.077 0.078 0.078 0.078 0.077 0.076 0.074 0.072 0.069 0.065 0.061 0.058 0.054 0.051 0.048 0.045 0.043 0.040 0.039 0.038 0.037 0.037 0.036 0.035 0.033 0.029 0.028 0.034 0.039 0.046 0.054 0.063 0.068 0.064 0.061 0.060 0.061 0.062 0.061 0.048 0.061 0.067 0.059 0.042 0.029 0.021 0.017 0.013 0.011 0.009 0.008 0.006 0.000 0.000 0.000
0.002 0.002 0.002 0.002 0.002 0.002 0.001 0.001 0.001 0.001 0.001 0.001 0.002 0.004 0.009 0.020 0.042 0.082 0.094 0.097 0.099 0.102 0.104 0.106 0.106 0.106 0.105 0.104 0.102 0.099 0.095 0.090 0.086 0.082 0.078 0.074 0.071 0.068 0.066 0.064 0.063 0.062 0.062 0.061 0.061 0.061 0.059 0.056 0.050 0.052 0.057 0.064 0.069 0.062 0.055 0.050 0.046 0.043 0.042 0.041 0.039 0.035 0.037 0.039 0.036 0.027 0.000 0.009 0.009 0.008 0.007 0.006 0.006 0.000 0.000 0.000 0.000
0.001 0.001 0.001 0.000 0.000 0.000 0.000 0.000 0.000 0.000 0.001 0.001 0.001 0.002 0.005 0.013 0.036 0.079 0.119 0.123 0.127 0.130 0.133 0.134 0.135 0.135 0.134 0.132 0.130 0.127 0.122 0.116 0.111 0.107 0.103 0.099 0.096 0.093 0.091 0.090 0.090 0.090 0.090 0.090 0.090 0.089 0.088 0.085 0.079 0.070 0.074 0.065 0.056 0.048 0.042 0.036 0.031 0.028 0.025 0.023 0.021 0.018 0.017 0.017 0.016 0.014 0.010 0.007 0.006 0.005 0.004 0.003 0.003 0.015 0.000 0.000 0.000
0.000 0.000 0.000 0.000 0.000 0.000 0.000 0.000 0.000 0.000 0.000 0.001 0.001 0.001 0.003 0.008 0.035 0.081 0.134 0.151 0.156 0.160 0.164 0.164 0.164 0.164 0.163 0.162 0.159 0.155 0.150 0.140 0.136 0.133 0.130 0.125 0.122 0.120 0.118 0.118 0.118 0.118 0.118 0.119 0.119 0.119 0.118 0.116 0.105 0.082 0.079 0.072 0.061 0.053 0.045 0.038 0.032 0.026 0.022 0.018 0.014 0.011 0.009 0.007 0.005 0.004 0.003 0.003 0.002 0.002 0.001 0.001 0.001 0.000 0.000 0.000 0.000
0.000 0.000 0.000 0.000 0.000 0.000 0.000 0.000 0.000 0.000 0.000 0.001 0.001 0.001 0.002 0.006 0.039 0.000 0.136 0.181 0.185 0.190 0.195 0.000 0.000 0.000 0.000 0.000 0.000 0.000 0.000 0.161 0.163 0.161 0.157 0.150 0.148 0.147 0.145 0.145 0.146 0.147 0.148 0.149 0.149 0.142 0.130 0.115 0.099 0.077 0.076 0.079 0.083 0.074 0.065 0.057 0.050 0.043 0.037 0.032 0.026 0.022 0.018 0.014 0.011 0.009 0.007 0.005 0.004 0.003 0.002 0.002 0.002 0.001 0.001 0.000 0.000
0.000 0.000 0.000 0.000 0.000 0.000 0.000 0.000 0.000 0.000 0.000 0.000 0.000 0.006 0.000 0.000 0.042 0.000 0.000 0.197 0.000 0.000 0.000 0.000 0.000 0.000 0.000 0.000 0.000 0.000 0.000 0.000 0.000 0.000 0.000 0.173 0.175 0.175 0.172 0.173 0.175 0.176 0.169 0.158 0.147 0.135 0.123 0.109 0.093 0.071 0.071 0.073 0.076 0.081 0.083 0.075 0.067 0.059 0.052 0.046 0.040 0.034 0.029 0.024 0.020 0.016 0.013 0.010 0.008 0.006 0.005 0.004 0.003 0.002 0.002 0.001 0.001
0.000 0.000 0.000 0.000 0.000 0.000 0.000 0.000 0.000 0.000 0.000 0.000 0.000 0.000 0.000 0.000 0.000 0.000 0.000 0.000 0.000 0.000 0.000 0.000 0.000 0.000 0.000 0.000 0.000 0.000 0.000 0.000 0.000 0.000 0.000 0.000 0.000 0.000 0.198 0.194 0.184 0.173 0.161 0.151 0.140 0.128 0.116 0.102 0.085 0.066 0.066 0.066 0.068 0.072 0.077 0.083 0.083 0.075 0.067 0.060 0.053 0.047 0.041 0.035 0.029 0.025 0.020 0.016 0.013 0.010 0.008 0.006 0.005 0.004 0.003 0.003 0.002
0.000 0.000 0.000 0.000 0.000 0.000 0.000 0.000 0.000 0.000 0.000 0.000 0.000 0.000 0.000 0.000 0.000 0.000 0.000 0.000 0.000 0.000 0.000 0.000 0.000 0.000 0.000 0.000 0.000 0.000 0.000 0.000 0.000 0.000 0.000 0.000 0.000 0.000 0.000 0.000 0.000 0.000 0.151 0.143 0.132 0.119 0.108 0.094 0.077 0.061 0.059 0.059 0.060 0.063 0.067 0.073 0.079 0.086 0.083 0.075 0.068 0.060 0.053 0.047 0.041 0.035 0.030 0.025 0.021 0.017 0.014 0.011 0.009 0.007 0.006 0.005 0.004
0.000 0.000 0.000 0.000 0.000 0.000 0.000 0.000 0.000 0.000 0.000 0.000 0.000 0.000 0.000 0.000 0.000 0.000 0.000 0.000 0.000 0.000 0.000 0.000 0.000 0.000 0.000 0.000 0.000 0.000 0.000 0.000 0.000 0.000 0.000 0.000 0.000 0.000 0.000 0.000 0.000 0.000 0.000 0.000 0.000 0.109 0.099 0.086 0.066 0.053 0.051 0.051 0.052 0.054 0.058 0.063 0.068 0.075 0.082 0.088 0.082 0.074 0.066 0.059 0.052 0.046 0.040 0.034 0.030 0.025 0.022 0.018 0.015 0.013 0.011 0.009 0.007
0.000 0.000 0.000 0.000 0.000 0.000 0.000 0.000 0.000 0.000 0.000 0.000 0.000 0.000 0.000 0.000 0.000 0.000 0.000 0.000 0.000 0.000 0.000 0.000 0.000 0.000 0.000 0.000 0.000 0.000 0.000 0.000 0.000 0.000 0.000 0.000 0.000 0.000 0.000 0.000 0.000 0.000 0.000 0.000 0.000 0.000 0.000 0.000 0.049 0.042 0.041 0.041 0.043 0.046 0.048 0.052 0.058 0.064 0.070 0.076 0.083 0.087 0.080 0.071 0.064 0.057 0.051 0.046 0.041 0.036 0.033 0.029 0.026 0.023 0.020 0.017 0.014
0.000 0.000 0.000 0.000 0.000 0.000 0.000 0.000 0.000 0.000 0.000 0.000 0.000 0.000 0.000 0.000 0.000 0.000 0.000 0.000 0.000 0.000 0.000 0.000 0.000 0.000 0.000 0.000 0.000 0.000 0.000 0.000 0.000 0.000 0.000 0.000 0.000 0.000 0.000 0.000 0.000 0.000 0.000 0.000 0.000 0.000 0.000 0.000 0.000 0.000 0.024 0.030 0.034 0.038 0.038 0.042 0.048 0.053 0.059 0.064 0.070 0.077 0.083 0.083 0.076 0.069 0.063 0.058 0.054 0.051 0.048 0.045 0.042 0.038 0.035 0.031 0.026
0.000 0.000 0.000 0.000 0.000 0.000 0.000 0.000 0.000 0.000 0.000 0.000 0.000 0.000 0.000 0.000 0.000 0.000 0.000 0.000 0.000 0.000 0.000 0.000 0.000 0.000 0.000 0.000 0.000 0.000 0.000 0.000 0.000 0.000 0.000 0.000 0.000 0.000 0.000 0.000 0.000 0.000 0.000 0.000 0.000 0.000 0.000 0.000 0.000 0.000 0.000 0.000 0.000 0.000 0.024 0.032 0.039 0.045 0.047 0.052 0.057 0.063 0.068 0.075 0.082 0.082 0.077 0.073 0.071 0.069 0.067 0.065 0.062 0.058 0.053 0.048 0.042
0.000 0.000 0.000 0.000 0.000 0.000 0.000 0.000 0.000 0.000 0.000 0.000 0.000 0.000 0.000 0.000 0.000 0.000 0.000 0.000 0.000 0.000 0.000 0.000 0.000 0.000 0.000 0.000 0.000 0.000 0.000 0.000 0.000 0.000 0.000 0.000 0.000 0.000 0.000 0.000 0.000 0.000 0.000 0.000 0.000 0.000 0.000 0.000 0.000 0.000 0.000 0.000 0.000 0.000 0.000 0.000 0.000 0.000 0.032 0.038 0.044 0.049 0.050 0.059 0.068 0.079 0.090 0.091 0.091 0.091 0.090 0.088 0.084 0.080 0.073 0.066 0.059
0.000 0.000 0.000 0.000 0.000 0.000 0.000 0.000 0.000 0.000 0.000 0.000 0.000 0.000 0.000 0.000 0.000 0.000 0.000 0.000 0.000 0.000 0.000 0.000 0.000 0.000 0.000 0.000 0.000 0.000 0.000 0.000 0.000 0.000 0.000 0.000 0.000 0.000 0.000 0.000 0.000 0.000 0.000 0.000 0.000 0.000 0.000 0.000 0.000 0.000 0.000 0.000 0.000 0.000 0.000 0.000 0.000 0.000 0.000 0.023 0.030 0.033 0.000 0.042 0.054 0.066 0.080 0.097 0.114 0.116 0.115 0.113 0.109 0.103 0.093 0.084 0.074
0.000 0.000 0.000 0.000 0.000 0.000 0.000 0.000 0.000 0.000 0.000 0.000 0.000 0.000 0.000 0.000 0.000 0.000 0.000 0.000 0.000 0.000 0.000 0.000 0.000 0.000 0.000 0.000 0.000 0.000 0.000 0.000 0.000 0.000 0.000 0.000 0.000 0.000 0.000 0.000 0.000 0.000 0.000 0.000 0.000 0.000 0.000 0.000 0.000 0.000 0.000 0.000 0.000 0.000 0.000 0.000 0.000 0.000 0.000 0.012 0.018 0.021 0.019 0.031 0.042 0.055 0.071 0.090 0.111 0.131 0.141 0.139 0.135 0.127 0.110 0.100 0.089
0.000 0.000 0.000 0.000 0.000 0.000 0.000 0.000 0.000 0.000 0.000 0.000 0.000 0.000 0.000 0.000 0.000 0.000 0.000 0.000 0.000 0.000 0.000 0.000 0.000 0.000 0.000 0.000 0.000 0.000 0.000 0.000 0.000 0.000 0.000 0.000 0.000 0.000 0.000 0.000 0.000 0.000 0.000 0.000 0.000 0.000 0.000 0.000 0.000 0.000 0.000 0.000 0.000 0.000 0.000 0.000 0.000 0.000 0.000 0.004 0.009 0.012 0.014 0.022 0.032 0.045 0.063 0.084 0.107 0.130 0.000 0.000 0.000 0.000 0.118 0.116 0.099
0.000 0.000 0.000 0.000 0.000 0.000 0.000 0.000 0.000 0.000 0.000 0.000 0.000 0.000 0.000 0.000 0.000 0.000 0.000 0.000 0.000 0.000 0.000 0.000 0.000 0.000 0.000 0.000 0.000 0.000 0.000 0.000 0.000 0.000 0.000 0.000 0.000 0.000 0.000 0.000 0.000 0.000 0.000 0.000 0.000 0.000 0.000 0.000 0.000 0.000 0.000 0.000 0.000 0.000 0.000 0.000 0.000 0.000 0.000 0.001 0.002 0.005 0.008 0.014 0.023 0.037 0.056 0.081 0.105 0.000 0.000 0.000 0.000 0.000 0.000 0.000 0.100
0.000 0.000 0.000 0.000 0.000 0.000 0.000 0.000 0.000 0.000 0.000 0.000 0.000 0.000 0.000 0.000 0.000 0.000 0.000 0.000 0.000 0.000 0.000 0.000 0.000 0.000 0.000 0.000 0.000 0.000 0.000 0.000 0.000 0.000 0.000 0.000 0.000 0.000 0.000 0.000 0.000 0.000 0.000 0.000 0.000 0.000 0.000 0.000 0.000 0.000 0.000 0.000 0.000 0.000 0.000 0.000 0.000 0.000 0.000 0.000 0.001 0.001 0.003 0.007 0.015 0.029 0.051 0.077 0.000 0.000 0.000 0.000 0.000 0.000 0.000 0.000 0.000
0.000 0.000 0.000 0.000 0.000 0.000 0.000 0.000 0.000 0.000 0.000 0.000 0.000 0.000 0.000 0.000 0.000 0.000 0.000 0.000 0.000 0.000 0.000 0.000 0.000 0.000 0.000 0.000 0.000 0.000 0.000 0.000 0.000 0.000 0.000 0.000 0.000 0.000 0.000 0.000 0.000 0.000 0.000 0.000 0.000 0.000 0.000 0.000 0.000 0.000 0.000 0.000 0.000 0.000 0.000 0.000 0.000 0.000 0.000 0.000 0.000 0.001 0.001 0.002 0.009 0.022 0.046 0.073 0.000 0.000 0.000 0.000 0.000 0.000 0.000 0.000 0.000
0.000 0.000 0.000 0.000 0.000 0.000 0.000 0.000 0.000 0.000 0.000 0.000 0.000 0.000 0.000 0.000 0.000 0.000 0.000 0.000 0.000 0.000 0.000 0.000 0.000 0.000 0.000 0.000 0.000 0.000 0.000 0.000 0.000 0.000 0.000 0.000 0.000 0.000 0.000 0.000 0.000 0.000 0.000 0.000 0.000 0.000 0.000 0.000 0.000 0.000 0.000 0.000 0.000 0.000 0.000 0.000 0.000 0.000 0.000 0.000 0.000 0.000 0.001 0.001 0.002 0.015 0.041 0.000 0.000 0.000 0.000 0.000 0.000 0.000 0.000 0.000 0.000
0.000 0.000 0.000 0.000 0.000 0.000 0.000 0.000 0.000 0.000 0.000 0.000 0.000 0.000 0.000 0.000 0.000 0.000 0.000 0.000 0.000 0.000 0.000 0.000 0.000 0.000 0.000 0.000 0.000 0.000 0.000 0.000 0.000 0.000 0.000 0.000 0.000 0.000 0.000 0.000 0.000 0.000 0.000 0.000 0.000 0.000 0.000 0.000 0.000 0.000 0.000 0.000 0.000 0.000 0.000 0.000 0.000 0.000 0.000 0.000 0.000 0.000 0.000 0.001 0.002 0.018 0.053 0.000 0.000 0.000 0.000 0.000 0.000 0.000 0.000 0.000 0.000
0.000 0.000 0.000 0.000 0.000 0.000 0.000 0.000 0.000 0.000 0.000 0.000 0.000 0.000 0.000 0.000 0.000 0.000 0.000 0.000 0.000 0.000 0.000 0.000 0.000 0.000 0.000 0.000 0.000 0.000 0.000 0.000 0.000 0.000 0.000 0.000 0.000 0.000 0.000 0.000 0.000 0.000 0.000 0.000 0.000 0.000 0.000 0.000 0.000 0.000 0.000 0.000 0.000 0.000 0.000 0.000 0.000 0.000 0.000 0.000 0.000 0.000 0.000 0.001 0.002 0.018 0.000 0.000 0.000 0.000 0.000 0.000 0.000 0.000 0.000 0.000 0.000
0.000 0.000 0.000 0.000 0.000 0.000 0.000 0.000 0.000 0.000 0.000 0.000 0.000 0.000 0.000 0.000 0.000 0.000 0.000 0.000 0.000 0.000 0.000 0.000 0.000 0.000 0.000 0.000 0.000 0.000 0.000 0.000 0.000 0.000 0.000 0.000 0.000 0.000 0.000 0.000 0.000 0.000 0.000 0.000 0.000 0.000 0.000 0.000 0.000 0.000 0.000 0.000 0.000 0.000 0.000 0.000 0.000 0.000 0.000 0.000 0.000 0.000 0.000 0.001 0.003 0.018 0.000 0.000 0.000 0.000 0.000 0.000 0.000 0.000 0.000 0.000 0.000
