数据/100y_3h/100y_3h_res/100y_3h_163-0001.wd
ncols         694
nrows         824
xllcorner     581104.939801
yllcorner     3495917.092414
cellsize      2.000000
NODATA_value  -9999.000000
[rows 544 to 577 of 824, columns 308 to 384 of 694]
0.000 0.000 0.000 0.000 0.000 0.000 0.000 0.000 0.000 0.001 0.001 0.001 0.001 0.001 0.001 0.001 0.001 0.001 0.001 0.001 0.001 0.001 0.001 0.001 0.001 0.001 0.001 0.003 0.034 0.054 0.056 0.053 0.051 0.049 0.047 0.046 0.049 0.063 0.068 0.067 0.066 0.066 0.070 0.082 0.107 0.144 0.186 0.000 0.000 0.000 0.000 0.000 0.000 0.000 0.000 0.000 0.000 0.000 0.000 0.000 0.000 0.000 0.000 0.000 0.000 0.000 0.000 0.000 0.000 0.000 0.000 0.000 0.000 0.000 0.001 0.002 0.003
0.000 0.000 0.000 0.000 0.000 0.000 0.000 0.000 0.001 0.001 0.001 0.001 0.001 0.001 0.001 0.001 0.001 0.001 0.001 0.001 0.001 0.001 0.001 0.001 0.001 0.001 0.001 0.001 0.007 0.021 0.041 0.044 0.044 0.045 0.045 0.047 0.060 0.065 0.064 0.063 0.062 0.063 0.065 0.075 0.098 0.134 0.177 0.000 0.000 0.000 0.000 0.000 0.000 0.000 0.000 0.000 0.000 0.000 0.000 0.000 0.000 0.000 0.000 0.000 0.000 0.000 0.000 0.000 0.000 0.000 0.000 0.000 0.000 0.003 0.004 0.006 0.007
0.001 0.000 0.000 0.000 0.000 0.000 0.000 0.000 0.001 0.001 0.001 0.001 0.001 0.001 0.001 0.001 0.001 0.001 0.001 0.001 0.001 0.001 0.001 0.001 0.001 0.001 0.001 0.001 0.001 0.003 0.026 0.033 0.036 0.039 0.042 0.054 0.060 0.060 0.059 0.058 0.058 0.058 0.060 0.068 0.088 0.124 0.166 0.000 0.000 0.000 0.000 0.000 0.000 0.000 0.000 0.000 0.000 0.000 0.000 0.000 0.000 0.000 0.000 0.000 0.000 0.000 0.000 0.000 0.000 0.000 0.000 0.000 0.000 0.006 0.008 0.010 0.012
0.002 0.001 0.001 0.001 0.001 0.001 0.001 0.000 0.001 0.001 0.001 0.001 0.001 0.001 0.001 0.001 0.001 0.001 0.001 0.001 0.001 0.001 0.001 0.001 0.001 0.001 0.001 0.001 0.001 0.001 0.006 0.023 0.028 0.033 0.044 0.053 0.053 0.053 0.053 0.053 0.053 0.053 0.054 0.060 0.077 0.113 0.000 0.000 0.000 0.000 0.000 0.000 0.000 0.000 0.000 0.000 0.000 0.000 0.000 0.000 0.000 0.000 0.000 0.000 0.000 0.000 0.000 0.000 0.000 0.000 0.000 0.000 0.007 0.010 0.012 0.014 0.016
0.005 0.005 0.004 0.004 0.003 0.002 0.002 0.002 0.001 0.001 0.001 0.001 0.001 0.001 0.001 0.001 0.001 0.001 0.001 0.001 0.001 0.000 0.001 0.001 0.001 0.001 0.001 0.001 0.001 0.001 0.001 0.014 0.021 0.033 0.044 0.045 0.046 0.047 0.047 0.047 0.047 0.047 0.048 0.051 0.062 0.097 0.000 0.000 0.000 0.000 0.000 0.000 0.000 0.000 0.000 0.000 0.000 0.000 0.000 0.000 0.000 0.000 0.000 0.000 0.000 0.000 0.000 0.000 0.000 0.000 0.000 0.000 0.011 0.014 0.016 0.018 0.020
0.021 0.021 0.014 0.009 0.006 0.006 0.000 0.000 0.001 0.001 0.001 0.001 0.001 0.001 0.001 0.001 0.001 0.001 0.001 0.001 0.001 0.001 0.001 0.001 0.001 0.001 0.001 0.001 0.001 0.001 0.001 0.001 0.021 0.037 0.039 0.040 0.041 0.042 0.042 0.042 0.042 0.042 0.042 0.041 0.021 0.066 0.073 0.098 0.000 0.000 0.000 0.000 0.000 0.000 0.000 0.000 0.000 0.000 0.000 0.000 0.000 0.000 0.000 0.000 0.000 0.000 0.000 0.000 0.000 0.000 0.000 0.000 0.016 0.019 0.020 0.022 0.024
0.000 0.000 0.010 0.009 0.007 0.012 0.000 0.000 0.000 0.000 0.001 0.001 0.001 0.001 0.001 0.001 0.001 0.001 0.001 0.001 0.001 0.001 0.001 0.001 0.001 0.001 0.001 0.001 0.001 0.001 0.004 0.045 0.051 0.044 0.039 0.038 0.038 0.038 0.038 0.038 0.038 0.037 0.037 0.037 0.034 0.047 0.057 0.072 0.070 0.071 0.079 0.104 0.000 0.000 0.000 0.000 0.000 0.000 0.000 0.000 0.000 0.000 0.000 0.000 0.000 0.000 0.000 0.000 0.000 0.000 0.023 0.026 0.025 0.025 0.025 0.026 0.028
0.000 0.000 0.008 0.009 0.014 0.115 0.000 0.000 0.000 0.000 0.000 0.000 0.000 0.001 0.002 0.002 0.003 0.002 0.002 0.002 0.002 0.002 0.001 0.001 0.001 0.001 0.001 0.001 0.001 0.002 0.048 0.098 0.077 0.065 0.055 0.047 0.039 0.034 0.033 0.033 0.033 0.033 0.032 0.032 0.031 0.035 0.041 0.050 0.052 0.055 0.063 0.078 0.077 0.085 0.110 0.000 0.000 0.000 0.000 0.000 0.000 0.000 0.000 0.000 0.000 0.000 0.000 0.000 0.027 0.031 0.029 0.030 0.029 0.029 0.029 0.030 0.032
0.000 0.000 0.006 0.008 0.015 0.000 0.000 0.000 0.000 0.000 0.000 0.000 0.000 0.000 0.000 0.000 0.000 0.003 0.004 0.004 0.003 0.003 0.003 0.003 0.003 0.002 0.002 0.002 0.005 0.010 0.043 0.072 0.068 0.063 0.058 0.053 0.047 0.043 0.038 0.032 0.028 0.027 0.027 0.027 0.027 0.027 0.029 0.032 0.035 0.039 0.045 0.055 0.059 0.068 0.082 0.078 0.075 0.072 0.092 0.000 0.000 0.000 0.000 0.000 0.000 0.000 0.032 0.036 0.034 0.034 0.033 0.033 0.032 0.032 0.032 0.032 0.034
0.000 0.000 0.005 0.008 0.023 0.000 0.000 0.000 0.000 0.000 0.000 0.000 0.000 0.000 0.000 0.000 0.000 0.000 0.000 0.000 0.004 0.005 0.006 0.007 0.005 0.005 0.005 0.007 0.008 0.015 0.037 0.056 0.058 0.058 0.056 0.054 0.051 0.047 0.044 0.040 0.037 0.033 0.028 0.024 0.022 0.022 0.022 0.022 0.023 0.025 0.029 0.036 0.041 0.049 0.058 0.060 0.057 0.033 0.063 0.069 0.089 0.116 0.000 0.000 0.041 0.044 0.040 0.039 0.038 0.037 0.036 0.035 0.035 0.034 0.034 0.034 0.036
0.000 0.000 0.005 0.019 0.127 0.000 0.000 0.000 0.000 0.000 0.000 0.000 0.000 0.000 0.000 0.000 0.000 0.000 0.000 0.000 0.000 0.000 0.000 0.000 0.006 0.012 0.010 0.010 0.011 0.018 0.034 0.046 0.051 0.053 0.053 0.053 0.052 0.049 0.047 0.045 0.042 0.039 0.036 0.032 0.029 0.024 0.020 0.018 0.017 0.018 0.019 0.022 0.026 0.032 0.038 0.042 0.042 0.039 0.046 0.054 0.074 0.097 0.083 0.065 0.051 0.047 0.044 0.042 0.040 0.039 0.038 0.037 0.036 0.035 0.034 0.035 0.037
0.000 0.000 0.005 0.020 0.000 0.000 0.000 0.000 0.000 0.000 0.000 0.000 0.000 0.000 0.000 0.000 0.000 0.000 0.000 0.000 0.000 0.000 0.000 0.000 0.000 0.000 0.009 0.012 0.016 0.023 0.036 0.042 0.046 0.048 0.050 0.051 0.051 0.050 0.049 0.047 0.045 0.043 0.041 0.038 0.035 0.032 0.028 0.025 0.020 0.016 0.015 0.016 0.018 0.020 0.023 0.026 0.028 0.029 0.032 0.040 0.059 0.079 0.067 0.054 0.050 0.047 0.045 0.043 0.041 0.040 0.038 0.037 0.036 0.035 0.034 0.035 0.036
0.000 0.000 0.005 0.020 0.000 0.000 0.000 0.000 0.000 0.000 0.000 0.000 0.000 0.000 0.000 0.000 0.000 0.000 0.000 0.000 0.000 0.000 0.000 0.000 0.000 0.000 0.000 0.000 0.000 0.000 0.000 0.037 0.041 0.045 0.048 0.049 0.050 0.050 0.050 0.049 0.048 0.046 0.044 0.042 0.039 0.037 0.034 0.031 0.028 0.025 0.022 0.019 0.016 0.015 0.016 0.018 0.019 0.020 0.022 0.027 0.043 0.062 0.049 0.047 0.046 0.044 0.042 0.041 0.040 0.039 0.038 0.036 0.035 0.033 0.032 0.033 0.034
0.000 0.000 0.004 0.020 0.000 0.000 0.000 0.000 0.000 0.000 0.000 0.000 0.000 0.000 0.000 0.000 0.000 0.000 0.000 0.000 0.000 0.000 0.000 0.000 0.000 0.000 0.000 0.000 0.000 0.000 0.000 0.000 0.037 0.047 0.046 0.046 0.048 0.050 0.050 0.050 0.049 0.048 0.046 0.044 0.042 0.040 0.038 0.035 0.033 0.030 0.028 0.026 0.024 0.022 0.019 0.016 0.015 0.015 0.016 0.018 0.029 0.044 0.038 0.040 0.040 0.039 0.039 0.038 0.037 0.037 0.036 0.035 0.032 0.027 0.027 0.031 0.032
0.000 0.000 0.004 0.015 0.009 0.008 0.000 0.000 0.000 0.000 0.000 0.000 0.000 0.000 0.000 0.000 0.000 0.000 0.000 0.000 0.000 0.000 0.000 0.000 0.000 0.000 0.000 0.000 0.000 0.000 0.000 0.000 0.000 0.000 0.040 0.042 0.046 0.050 0.051 0.051 0.049 0.048 0.047 0.045 0.044 0.042 0.040 0.038 0.036 0.034 0.032 0.031 0.029 0.027 0.025 0.023 0.021 0.018 0.015 0.014 0.018 0.026 0.030 0.032 0.033 0.034 0.034 0.034 0.034 0.033 0.033 0.032 0.028 0.000 0.021 0.028 0.029
0.000 0.000 0.004 0.012 0.009 0.009 0.007 0.006 0.007 0.000 0.000 0.000 0.000 0.000 0.000 0.000 0.000 0.000 0.000 0.000 0.000 0.000 0.000 0.000 0.000 0.000 0.000 0.000 0.000 0.000 0.000 0.000 0.000 0.000 0.000 0.038 0.049 0.055 0.051 0.050 0.049 0.047 0.046 0.045 0.044 0.043 0.041 0.040 0.038 0.037 0.035 0.034 0.033 0.031 0.030 0.028 0.026 0.024 0.022 0.019 0.019 0.021 0.022 0.025 0.027 0.028 0.029 0.029 0.029 0.029 0.029 0.029 0.027 0.021 0.022 0.027 0.027
0.000 0.000 0.004 0.009 0.012 0.015 0.016 0.012 0.010 0.008 0.009 0.000 0.000 0.000 0.000 0.000 0.000 0.000 0.000 0.000 0.000 0.000 0.000 0.000 0.000 0.000 0.000 0.000 0.000 0.000 0.000 0.000 0.000 0.000 0.000 0.000 0.000 0.000 0.043 0.044 0.045 0.045 0.045 0.044 0.043 0.043 0.042 0.041 0.040 0.038 0.037 0.036 0.035 0.034 0.033 0.031 0.030 0.028 0.026 0.024 0.025 0.027 0.025 0.023 0.020 0.021 0.022 0.024 0.024 0.025 0.025 0.025 0.024 0.023 0.023 0.025 0.024
0.000 0.000 0.003 0.009 0.000 0.000 0.000 0.012 0.015 0.017 0.013 0.009 0.007 0.010 0.000 0.000 0.000 0.000 0.000 0.000 0.000 0.000 0.000 0.000 0.000 0.000 0.000 0.000 0.000 0.000 0.000 0.000 0.000 0.000 0.000 0.000 0.000 0.000 0.000 0.038 0.039 0.041 0.041 0.041 0.042 0.041 0.041 0.041 0.040 0.039 0.039 0.038 0.037 0.036 0.035 0.034 0.032 0.031 0.029 0.028 0.029 0.033 0.029 0.027 0.024 0.024 0.021 0.018 0.019 0.019 0.020 0.020 0.020 0.020 0.021 0.022 0.021
0.000 0.000 0.003 0.009 0.000 0.000 0.000 0.000 0.000 0.000 0.013 0.016 0.017 0.018 0.019 0.000 0.000 0.000 0.000 0.000 0.000 0.000 0.000 0.000 0.000 0.000 0.000 0.000 0.000 0.000 0.000 0.000 0.000 0.000 0.000 0.000 0.000 0.000 0.000 0.000 0.028 0.033 0.036 0.038 0.039 0.039 0.040 0.040 0.040 0.039 0.039 0.039 0.038 0.037 0.036 0.035 0.034 0.033 0.032 0.032 0.034 0.038 0.035 0.032 0.031 0.036 0.029 0.024 0.020 0.017 0.015 0.014 0.015 0.016 0.018 0.017 0.015
0.000 0.000 0.003 0.007 0.004 0.004 0.004 0.000 0.000 0.000 0.000 0.000 0.014 0.017 0.018 0.009 0.002 0.000 0.000 0.000 0.000 0.000 0.000 0.000 0.000 0.000 0.000 0.000 0.000 0.000 0.000 0.000 0.000 0.000 0.000 0.000 0.000 0.000 0.000 0.000 0.020 0.027 0.031 0.034 0.036 0.037 0.038 0.038 0.039 0.039 0.039 0.039 0.038 0.038 0.038 0.037 0.037 0.036 0.035 0.035 0.038 0.043 0.040 0.037 0.036 0.036 0.032 0.028 0.024 0.021 0.018 0.015 0.012 0.011 0.013 0.011 0.000
0.000 0.000 0.002 0.005 0.006 0.000 0.004 0.002 0.001 0.000 0.000 0.000 0.000 0.000 0.000 0.001 0.000 0.000 0.000 0.000 0.000 0.000 0.000 0.000 0.000 0.000 0.000 0.000 0.000 0.000 0.000 0.000 0.000 0.000 0.000 0.000 0.000 0.000 0.000 0.000 0.015 0.021 0.026 0.030 0.032 0.034 0.036 0.037 0.037 0.038 0.038 0.039 0.039 0.040 0.040 0.040 0.040 0.039 0.039 0.039 0.042 0.049 0.045 0.043 0.041 0.038 0.035 0.032 0.028 0.025 0.021 0.018 0.016 0.014 0.012 0.009 0.007
0.000 0.000 0.002 0.004 0.038 0.000 0.000 0.001 0.000 0.000 0.000 0.000 0.000 0.000 0.000 0.000 0.000 0.000 0.000 0.000 0.000 0.000 0.000 0.000 0.000 0.000 0.000 0.000 0.000 0.000 0.000 0.000 0.000 0.000 0.000 0.000 0.000 0.000 0.000 0.000 0.011 0.017 0.021 0.025 0.029 0.031 0.033 0.035 0.036 0.037 0.038 0.040 0.041 0.043 0.043 0.043 0.043 0.043 0.043 0.044 0.048 0.055 0.051 0.048 0.045 0.043 0.039 0.036 0.032 0.028 0.025 0.022 0.020 0.018 0.014 0.010 0.007
0.000 0.000 0.001 0.016 0.000 0.000 0.000 0.000 0.000 0.000 0.000 0.000 0.000 0.000 0.000 0.000 0.000 0.000 0.000 0.000 0.000 0.000 0.000 0.000 0.000 0.000 0.000 0.000 0.000 0.000 0.000 0.000 0.000 0.000 0.000 0.000 0.000 0.000 0.000 0.000 0.008 0.013 0.017 0.022 0.026 0.030 0.032 0.033 0.035 0.037 0.041 0.044 0.047 0.049 0.049 0.049 0.049 0.048 0.048 0.049 0.053 0.062 0.058 0.054 0.051 0.047 0.044 0.040 0.036 0.032 0.028 0.026 0.027 0.017 0.014 0.000 0.007
0.000 0.000 0.000 0.000 0.000 0.000 0.000 0.000 0.000 0.000 0.000 0.000 0.000 0.000 0.000 0.000 0.000 0.000 0.000 0.000 0.000 0.000 0.000 0.000 0.000 0.000 0.000 0.000 0.000 0.000 0.000 0.000 0.000 0.000 0.000 0.000 0.000 0.000 0.000 0.000 0.006 0.011 0.015 0.019 0.024 0.028 0.032 0.033 0.035 0.040 0.050 0.055 0.058 0.059 0.057 0.056 0.055 0.055 0.055 0.056 0.060 0.069 0.065 0.061 0.056 0.052 0.048 0.044 0.039 0.032 0.030 0.032 0.025 0.019 0.016 0.012 0.010
0.000 0.000 0.000 0.000 0.000 0.000 0.000 0.000 0.000 0.000 0.000 0.000 0.000 0.000 0.000 0.000 0.000 0.000 0.000 0.000 0.000 0.000 0.000 0.000 0.000 0.000 0.000 0.000 0.000 0.000 0.000 0.000 0.000 0.000 0.000 0.000 0.000 0.000 0.000 0.000 0.004 0.007 0.011 0.015 0.023 0.021 0.027 0.033 0.037 0.052 0.073 0.074 0.075 0.074 0.064 0.062 0.063 0.064 0.062 0.063 0.067 0.076 0.072 0.067 0.062 0.057 0.053 0.047 0.039 0.000 0.032 0.032 0.022 0.020 0.018 0.016 0.013
0.000 0.000 0.000 0.000 0.000 0.000 0.000 0.000 0.000 0.000 0.000 0.000 0.000 0.000 0.000 0.000 0.000 0.000 0.000 0.000 0.000 0.000 0.000 0.000 0.000 0.000 0.000 0.000 0.000 0.000 0.000 0.000 0.000 0.000 0.000 0.000 0.000 0.000 0.000 0.000 0.003 0.005 0.008 0.015 0.012 0.015 0.019 0.027 0.044 0.072 0.105 0.000 0.000 0.000 0.059 0.069 0.075 0.076 0.068 0.069 0.076 0.084 0.078 0.072 0.067 0.061 0.056 0.051 0.046 0.042 0.041 0.032 0.024 0.023 0.021 0.018 0.016
0.000 0.000 0.000 0.000 0.000 0.000 0.000 0.000 0.000 0.000 0.000 0.000 0.000 0.000 0.000 0.000 0.000 0.000 0.000 0.000 0.000 0.000 0.000 0.000 0.000 0.000 0.000 0.000 0.000 0.000 0.000 0.000 0.000 0.000 0.000 0.000 0.000 0.000 0.000 0.000 0.002 0.003 0.008 0.007 0.006 0.009 0.013 0.020 0.043 0.089 0.127 0.000 0.000 0.000 0.000 0.000 0.000 0.000 0.064 0.078 0.087 0.091 0.082 0.075 0.070 0.064 0.060 0.056 0.054 0.053 0.043 0.032 0.027 0.025 0.023 0.021 0.018
0.000 0.000 0.000 0.000 0.000 0.000 0.000 0.000 0.000 0.000 0.000 0.000 0.000 0.000 0.000 0.000 0.000 0.000 0.000 0.000 0.000 0.000 0.000 0.000 0.000 0.000 0.000 0.000 0.000 0.000 0.000 0.000 0.000 0.000 0.000 0.000 0.000 0.000 0.000 0.000 0.001 0.003 0.004 0.003 0.004 0.006 0.009 0.015 0.044 0.092 0.140 0.000 0.000 0.000 0.000 0.000 0.000 0.000 0.000 0.000 0.000 0.092 0.082 0.075 0.070 0.066 0.063 0.062 0.064 0.054 0.043 0.032 0.030 0.028 0.025 0.023 0.020
0.000 0.000 0.000 0.000 0.000 0.000 0.000 0.000 0.000 0.000 0.000 0.000 0.000 0.000 0.000 0.000 0.000 0.000 0.000 0.000 0.000 0.000 0.000 0.000 0.000 0.000 0.000 0.000 0.000 0.000 0.000 0.000 0.000 0.000 0.000 0.000 0.000 0.000 0.000 0.000 0.000 0.000 0.000 0.000 0.002 0.003 0.005 0.012 0.047 0.095 0.000 0.000 0.000 0.000 0.000 0.000 0.000 0.000 0.000 0.000 0.000 0.000 0.071 0.070 0.069 0.067 0.067 0.069 0.063 0.053 0.041 0.034 0.032 0.029 0.027 0.024 0.021
0.000 0.000 0.000 0.000 0.000 0.000 0.000 0.000 0.000 0.000 0.000 0.000 0.000 0.000 0.000 0.000 0.000 0.000 0.000 0.000 0.000 0.000 0.000 0.000 0.000 0.000 0.000 0.000 0.000 0.000 0.000 0.000 0.000 0.000 0.000 0.000 0.000 0.000 0.000 0.000 0.000 0.000 0.000 0.000 0.000 0.001 0.003 0.009 0.050 0.098 0.000 0.000 0.000 0.000 0.000 0.000 0.000 0.000 0.000 0.000 0.000 0.037 0.060 0.066 0.067 0.069 0.071 0.068 0.059 0.049 0.038 0.034 0.032 0.030 0.028 0.025 0.022
0.000 0.000 0.000 0.000 0.000 0.000 0.000 0.000 0.000 0.000 0.000 0.000 0.000 0.000 0.000 0.000 0.000 0.000 0.000 0.000 0.000 0.000 0.000 0.000 0.000 0.000 0.000 0.000 0.000 0.000 0.000 0.000 0.000 0.000 0.000 0.000 0.000 0.000 0.000 0.000 0.000 0.000 0.000 0.000 0.000 0.000 0.002 0.009 0.052 0.000 0.000 0.000 0.000 0.000 0.000 0.000 0.000 0.000 0.000 0.000 0.000 0.041 0.057 0.063 0.067 0.070 0.070 0.056 0.051 0.043 0.035 0.034 0.032 0.030 0.028 0.025 0.023
0.000 0.000 0.000 0.000 0.000 0.000 0.000 0.000 0.000 0.000 0.000 0.000 0.000 0.000 0.000 0.000 0.000 0.000 0.000 0.000 0.000 0.000 0.000 0.000 0.000 0.000 0.000 0.000 0.000 0.000 0.000 0.000 0.000 0.000 0.000 0.000 0.000 0.000 0.000 0.000 0.000 0.000 0.000 0.000 0.000 0.000 0.000 0.010 0.055 0.000 0.000 0.000 0.000 0.000 0.000 0.000 0.000 0.000 0.000 0.000 0.000 0.043 0.056 0.063 0.068 0.072 0.057 0.000 0.038 0.036 0.033 0.032 0.028 0.028 0.027 0.025 0.023
0.000 0.000 0.000 0.000 0.000 0.000 0.000 0.000 0.000 0.000 0.000 0.000 0.000 0.000 0.000 0.000 0.000 0.000 0.000 0.000 0.000 0.000 0.000 0.000 0.000 0.000 0.000 0.000 0.000 0.000 0.000 0.000 0.000 0.000 0.000 0.000 0.000 0.000 0.000 0.000 0.000 0.000 0.000 0.000 0.000 0.000 0.000 0.012 0.000 0.000 0.000 0.000 0.000 0.000 0.000 0.000 0.000 0.000 0.000 0.000 0.003 0.045 0.058 0.066 0.073 0.067 0.054 0.039 0.034 0.030 0.031 0.027 0.000 0.023 0.025 0.024 0.023
0.000 0.000 0.000 0.000 0.000 0.000 0.000 0.000 0.000 0.000 0.000 0.000 0.000 0.000 0.000 0.000 0.000 0.000 0.000 0.000 0.000 0.000 0.000 0.000 0.000 0.000 0.000 0.000 0.000 0.000 0.000 0.000 0.000 0.000 0.000 0.000 0.000 0.000 0.000 0.000 0.000 0.000 0.000 0.000 0.000 0.000 0.000 0.015 0.000 0.000 0.000 0.000 0.000 0.000 0.000 0.000 0.000 0.000 0.000 0.000 0.007 0.048 0.063 0.072 0.071 0.063 0.053 0.043 0.034 0.030 0.030 0.028 0.023 0.025 0.025 0.024 0.023
