数据/100y_3h/100y_3h_res/100y_3h_179-0001.wd
ncols         694
nrows         824
xllcorner     581104.939801
yllcorner     3495917.092414
cellsize      2.000000
NODATA_value  -9999.000000
[rows 714 to 747 of 824, columns 154 to 230 of 694]
0.000 0.000 0.000 0.000 0.000 0.000 0.002 0.003 0.004 0.005 0.006 0.007 0.008 0.009 0.009 0.010 0.010 0.010 0.010 0.008 0.000 0.000 0.094 0.089 0.084 0.082 0.079 0.075 0.071 0.067 0.063 0.059 0.000 0.000 0.000 0.000 0.000 0.000 0.000 0.000 0.000 0.000 0.024 0.077 0.100 0.110 0.120 0.132 0.142 0.000 0.000 0.000 0.000 0.000 0.000 0.000 0.000 0.000 0.243 0.255 0.264 0.263 0.243 0.219 0.229 0.143 0.061 0.001 0.000 0.000 0.000 0.000 0.000 0.000 0.000 0.000 0.000
0.000 0.000 0.000 0.000 0.000 0.002 0.003 0.004 0.005 0.006 0.007 0.008 0.009 0.010 0.011 0.011 0.012 0.012 0.012 0.012 0.012 0.011 0.000 0.108 0.105 0.103 0.100 0.096 0.092 0.087 0.082 0.077 0.071 0.067 0.000 0.000 0.000 0.000 0.000 0.000 0.000 0.011 0.063 0.121 0.165 0.175 0.185 0.195 0.205 0.000 0.000 0.000 0.000 0.000 0.000 0.000 0.000 0.000 0.305 0.299 0.278 0.253 0.231 0.222 0.231 0.188 0.100 0.017 0.000 0.000 0.000 0.000 0.000 0.000 0.000 0.000 0.000
0.000 0.000 0.000 0.000 0.001 0.003 0.004 0.005 0.006 0.007 0.008 0.009 0.010 0.011 0.011 0.012 0.013 0.014 0.014 0.015 0.016 0.016 0.015 0.001 0.001 0.124 0.121 0.117 0.112 0.106 0.101 0.095 0.091 0.087 0.083 0.000 0.000 0.000 0.000 0.000 0.008 0.050 0.108 0.163 0.218 0.237 0.248 0.258 0.268 0.000 0.000 0.000 0.000 0.000 0.000 0.000 0.000 0.336 0.316 0.292 0.269 0.244 0.220 0.225 0.233 0.228 0.142 0.058 0.000 0.000 0.000 0.000 0.000 0.000 0.000 0.000 0.000
0.000 0.000 0.000 0.000 0.002 0.004 0.005 0.006 0.007 0.008 0.009 0.010 0.011 0.012 0.012 0.013 0.014 0.015 0.016 0.017 0.018 0.020 0.022 0.024 0.028 0.004 0.142 0.137 0.132 0.126 0.120 0.115 0.112 0.107 0.103 0.099 0.097 0.000 0.000 0.000 0.041 0.093 0.149 0.204 0.259 0.300 0.310 0.321 0.000 0.000 0.000 0.000 0.000 0.000 0.000 0.000 0.000 0.328 0.306 0.282 0.258 0.235 0.220 0.227 0.236 0.246 0.187 0.101 0.020 0.000 0.000 0.000 0.000 0.000 0.000 0.000 0.000
0.000 0.000 0.000 0.001 0.003 0.005 0.006 0.007 0.008 0.009 0.009 0.010 0.011 0.012 0.013 0.014 0.015 0.016 0.017 0.019 0.021 0.023 0.027 0.033 0.044 0.064 0.004 0.157 0.152 0.146 0.140 0.136 0.131 0.127 0.124 0.120 0.118 0.115 0.000 0.069 0.087 0.136 0.191 0.245 0.302 0.359 0.373 0.384 0.000 0.000 0.000 0.000 0.000 0.000 0.000 0.000 0.000 0.318 0.297 0.272 0.251 0.224 0.221 0.230 0.238 0.247 0.233 0.145 0.000 0.000 0.000 0.000 0.000 0.000 0.000 0.000 0.000
0.000 0.000 0.000 0.001 0.003 0.005 0.006 0.007 0.008 0.009 0.010 0.011 0.012 0.013 0.013 0.014 0.015 0.017 0.018 0.020 0.022 0.024 0.027 0.032 0.037 0.044 0.029 0.002 0.001 0.163 0.159 0.156 0.152 0.148 0.145 0.141 0.138 0.135 0.128 0.104 0.131 0.178 0.233 0.288 0.345 0.400 0.436 0.447 0.000 0.000 0.000 0.000 0.000 0.000 0.000 0.000 0.000 0.308 0.287 0.263 0.239 0.217 0.222 0.231 0.242 0.249 0.258 0.191 0.000 0.000 0.000 0.000 0.000 0.000 0.000 0.000 0.000
0.000 0.000 0.000 0.001 0.003 0.005 0.006 0.007 0.008 0.009 0.010 0.011 0.012 0.013 0.014 0.015 0.016 0.017 0.018 0.020 0.022 0.024 0.026 0.029 0.032 0.033 0.027 0.019 0.013 0.001 0.178 0.176 0.173 0.170 0.165 0.163 0.160 0.157 0.154 0.000 0.000 0.219 0.274 0.330 0.387 0.444 0.501 0.510 0.518 0.495 0.000 0.000 0.000 0.000 0.000 0.000 0.320 0.299 0.276 0.253 0.229 0.216 0.226 0.235 0.244 0.254 0.263 0.234 0.000 0.000 0.000 0.000 0.000 0.000 0.000 0.000 0.000
0.000 0.000 0.000 0.001 0.003 0.005 0.006 0.007 0.008 0.009 0.010 0.011 0.012 0.013 0.014 0.015 0.016 0.017 0.018 0.020 0.021 0.023 0.025 0.026 0.028 0.028 0.024 0.020 0.016 0.011 0.000 0.196 0.194 0.190 0.187 0.184 0.182 0.179 0.000 0.000 0.000 0.000 0.315 0.371 0.428 0.484 0.539 0.534 0.511 0.488 0.465 0.439 0.000 0.000 0.000 0.000 0.311 0.288 0.265 0.243 0.220 0.219 0.225 0.236 0.246 0.257 0.265 0.000 0.000 0.000 0.000 0.000 0.000 0.000 0.000 0.000 0.000
0.000 0.000 0.000 0.001 0.003 0.005 0.006 0.007 0.008 0.009 0.010 0.011 0.012 0.013 0.014 0.015 0.016 0.017 0.018 0.019 0.020 0.022 0.023 0.024 0.025 0.024 0.022 0.020 0.017 0.014 0.010 0.001 0.001 0.210 0.207 0.205 0.204 0.000 0.000 0.000 0.000 0.000 0.000 0.414 0.472 0.494 0.515 0.000 0.000 0.479 0.453 0.429 0.404 0.378 0.000 0.000 0.302 0.279 0.257 0.234 0.211 0.220 0.229 0.239 0.251 0.259 0.265 0.000 0.000 0.000 0.000 0.000 0.000 0.000 0.000 0.000 0.000
0.000 0.000 0.000 0.001 0.003 0.005 0.006 0.007 0.008 0.009 0.010 0.011 0.012 0.013 0.014 0.015 0.016 0.017 0.018 0.019 0.020 0.021 0.021 0.022 0.022 0.022 0.020 0.019 0.017 0.014 0.012 0.009 0.006 0.000 0.227 0.224 0.000 0.000 0.000 0.000 0.000 0.000 0.000 0.423 0.448 0.470 0.492 0.000 0.000 0.000 0.000 0.418 0.392 0.369 0.343 0.317 0.292 0.270 0.244 0.224 0.212 0.222 0.230 0.240 0.250 0.260 0.270 0.000 0.000 0.000 0.000 0.000 0.000 0.000 0.000 0.000 0.000
0.000 0.000 0.000 0.001 0.003 0.005 0.006 0.007 0.008 0.009 0.010 0.011 0.012 0.013 0.014 0.014 0.015 0.016 0.017 0.018 0.019 0.019 0.020 0.020 0.021 0.020 0.019 0.018 0.016 0.014 0.013 0.011 0.009 0.006 0.001 0.239 0.232 0.000 0.000 0.000 0.000 0.000 0.000 0.402 0.425 0.446 0.467 0.477 0.000 0.000 0.000 0.000 0.000 0.359 0.335 0.310 0.283 0.259 0.240 0.212 0.214 0.223 0.233 0.243 0.252 0.262 0.000 0.000 0.000 0.000 0.000 0.000 0.000 0.000 0.000 0.000 0.000
0.000 0.000 0.000 0.001 0.003 0.005 0.006 0.007 0.008 0.009 0.010 0.011 0.012 0.013 0.013 0.014 0.015 0.016 0.016 0.017 0.018 0.018 0.019 0.019 0.019 0.019 0.018 0.017 0.015 0.014 0.013 0.011 0.010 0.008 0.005 0.000 0.248 0.246 0.000 0.000 0.000 0.000 0.000 0.000 0.403 0.000 0.000 0.459 0.447 0.000 0.000 0.000 0.000 0.000 0.000 0.296 0.273 0.248 0.226 0.208 0.216 0.225 0.233 0.243 0.254 0.263 0.000 0.000 0.000 0.000 0.000 0.000 0.000 0.000 0.000 0.000 0.000
0.000 0.000 0.000 0.001 0.003 0.005 0.006 0.007 0.008 0.009 0.010 0.011 0.012 0.012 0.013 0.014 0.014 0.015 0.016 0.016 0.017 0.017 0.018 0.018 0.018 0.017 0.017 0.016 0.015 0.014 0.012 0.011 0.010 0.008 0.007 0.005 0.000 0.264 0.281 0.000 0.000 0.000 0.000 0.000 0.000 0.000 0.000 0.000 0.430 0.000 0.000 0.000 0.000 0.000 0.305 0.283 0.262 0.237 0.213 0.210 0.218 0.225 0.236 0.245 0.255 0.266 0.000 0.000 0.000 0.000 0.000 0.000 0.000 0.000 0.000 0.000 0.000
0.000 0.000 0.000 0.001 0.003 0.005 0.006 0.007 0.008 0.009 0.010 0.010 0.011 0.012 0.013 0.013 0.014 0.015 0.015 0.016 0.016 0.016 0.017 0.017 0.017 0.016 0.016 0.015 0.014 0.013 0.012 0.011 0.010 0.009 0.007 0.006 0.004 0.000 0.253 0.270 0.000 0.000 0.000 0.000 0.000 0.000 0.000 0.000 0.412 0.000 0.000 0.000 0.000 0.000 0.295 0.272 0.249 0.225 0.201 0.210 0.217 0.227 0.237 0.245 0.254 0.000 0.000 0.000 0.000 0.000 0.000 0.000 0.000 0.000 0.000 0.000 0.000
0.000 0.000 0.000 0.001 0.003 0.004 0.006 0.007 0.008 0.008 0.009 0.010 0.011 0.011 0.012 0.013 0.013 0.014 0.014 0.015 0.015 0.016 0.016 0.016 0.016 0.015 0.015 0.014 0.013 0.013 0.012 0.011 0.010 0.009 0.007 0.006 0.005 0.003 0.001 0.241 0.257 0.000 0.000 0.000 0.000 0.000 0.000 0.397 0.391 0.000 0.000 0.000 0.000 0.302 0.283 0.261 0.239 0.214 0.202 0.211 0.221 0.231 0.239 0.244 0.252 0.259 0.267 0.000 0.000 0.000 0.000 0.000 0.000 0.000 0.000 0.000 0.000
0.000 0.000 0.000 0.000 0.002 0.004 0.005 0.006 0.007 0.008 0.009 0.010 0.010 0.011 0.012 0.012 0.013 0.013 0.014 0.014 0.014 0.015 0.015 0.015 0.015 0.014 0.014 0.013 0.013 0.012 0.011 0.010 0.009 0.008 0.007 0.006 0.005 0.003 0.001 0.000 0.227 0.243 0.000 0.000 0.000 0.000 0.000 0.000 0.000 0.000 0.000 0.000 0.000 0.282 0.271 0.250 0.228 0.204 0.205 0.213 0.221 0.231 0.237 0.245 0.254 0.261 0.268 0.275 0.284 0.000 0.000 0.000 0.000 0.000 0.000 0.000 0.000
0.000 0.000 0.000 0.000 0.001 0.003 0.004 0.005 0.006 0.007 0.008 0.009 0.010 0.010 0.011 0.012 0.012 0.013 0.013 0.013 0.014 0.014 0.014 0.014 0.014 0.014 0.013 0.013 0.012 0.011 0.011 0.010 0.009 0.008 0.007 0.006 0.005 0.003 0.001 0.000 0.000 0.213 0.226 0.246 0.000 0.000 0.000 0.000 0.000 0.000 0.000 0.000 0.272 0.262 0.249 0.238 0.216 0.195 0.206 0.216 0.222 0.230 0.239 0.250 0.258 0.264 0.270 0.277 0.284 0.290 0.301 0.000 0.000 0.000 0.000 0.000 0.000
0.000 0.000 0.000 0.000 0.000 0.002 0.003 0.004 0.005 0.006 0.007 0.008 0.009 0.010 0.010 0.011 0.011 0.012 0.012 0.013 0.013 0.013 0.013 0.013 0.013 0.013 0.012 0.012 0.011 0.011 0.010 0.009 0.008 0.007 0.006 0.005 0.004 0.002 0.000 0.000 0.000 0.000 0.201 0.219 0.238 0.000 0.000 0.000 0.000 0.000 0.000 0.000 0.251 0.240 0.228 0.216 0.203 0.197 0.207 0.217 0.224 0.232 0.242 0.252 0.259 0.266 0.272 0.280 0.288 0.295 0.304 0.311 0.262 0.000 0.000 0.000 0.000
0.000 0.000 0.000 0.000 0.000 0.000 0.002 0.003 0.004 0.005 0.006 0.007 0.008 0.009 0.010 0.010 0.011 0.011 0.012 0.012 0.012 0.012 0.012 0.012 0.012 0.012 0.012 0.011 0.011 0.010 0.009 0.009 0.008 0.007 0.005 0.004 0.003 0.001 0.000 0.000 0.000 0.000 0.000 0.194 0.212 0.232 0.000 0.000 0.000 0.000 0.000 0.239 0.229 0.217 0.207 0.193 0.192 0.193 0.205 0.217 0.226 0.235 0.243 0.253 0.260 0.000 0.000 0.000 0.291 0.298 0.305 0.313 0.305 0.218 0.149 0.000 0.000
0.000 0.000 0.000 0.000 0.000 0.000 0.000 0.002 0.003 0.004 0.005 0.006 0.007 0.008 0.009 0.010 0.010 0.010 0.011 0.011 0.011 0.011 0.011 0.011 0.011 0.011 0.011 0.010 0.010 0.009 0.009 0.008 0.007 0.006 0.005 0.003 0.002 0.000 0.000 0.000 0.000 0.000 0.000 0.000 0.187 0.206 0.226 0.000 0.000 0.000 0.000 0.219 0.206 0.195 0.188 0.189 0.189 0.190 0.202 0.213 0.224 0.233 0.243 0.255 0.261 0.000 0.000 0.000 0.000 0.000 0.307 0.315 0.324 0.262 0.220 0.182 0.000
0.000 0.000 0.000 0.000 0.000 0.000 0.000 0.000 0.002 0.003 0.004 0.005 0.006 0.007 0.008 0.009 0.009 0.010 0.010 0.010 0.010 0.010 0.010 0.010 0.010 0.010 0.010 0.009 0.009 0.008 0.008 0.007 0.006 0.005 0.003 0.002 0.000 0.000 0.000 0.000 0.000 0.000 0.000 0.000 0.166 0.183 0.201 0.220 0.000 0.221 0.210 0.198 0.185 0.186 0.186 0.188 0.186 0.186 0.197 0.209 0.219 0.231 0.241 0.251 0.000 0.000 0.000 0.000 0.000 0.000 0.000 0.316 0.326 0.330 0.290 0.252 0.000
0.000 0.000 0.000 0.000 0.000 0.000 0.000 0.000 0.000 0.002 0.003 0.004 0.005 0.006 0.007 0.008 0.008 0.009 0.009 0.009 0.009 0.009 0.009 0.009 0.009 0.009 0.009 0.009 0.008 0.008 0.007 0.006 0.005 0.004 0.002 0.000 0.000 0.000 0.000 0.000 0.000 0.000 0.000 0.000 0.000 0.160 0.177 0.194 0.214 0.201 0.189 0.184 0.184 0.185 0.186 0.185 0.184 0.185 0.195 0.207 0.217 0.229 0.238 0.000 0.000 0.000 0.000 0.000 0.000 0.000 0.000 0.000 0.000 0.334 0.329 0.319 0.276
0.000 0.000 0.000 0.000 0.000 0.000 0.000 0.000 0.000 0.000 0.002 0.003 0.004 0.005 0.006 0.007 0.008 0.008 0.008 0.008 0.008 0.008 0.008 0.008 0.008 0.008 0.008 0.008 0.007 0.007 0.006 0.005 0.004 0.002 0.000 0.000 0.000 0.000 0.000 0.000 0.000 0.000 0.000 0.000 0.000 0.000 0.155 0.172 0.190 0.183 0.183 0.182 0.182 0.183 0.185 0.184 0.183 0.184 0.192 0.204 0.214 0.225 0.235 0.000 0.000 0.000 0.000 0.000 0.000 0.000 0.000 0.000 0.000 0.000 0.000 0.326 0.319
0.000 0.000 0.000 0.000 0.000 0.000 0.000 0.000 0.000 0.000 0.000 0.002 0.003 0.004 0.005 0.006 0.007 0.007 0.007 0.007 0.007 0.007 0.007 0.007 0.007 0.007 0.007 0.007 0.006 0.005 0.005 0.003 0.002 0.000 0.000 0.000 0.000 0.000 0.000 0.000 0.000 0.000 0.000 0.000 0.000 0.000 0.000 0.150 0.168 0.181 0.181 0.180 0.181 0.181 0.182 0.181 0.182 0.181 0.188 0.200 0.210 0.221 0.000 0.000 0.000 0.000 0.000 0.000 0.000 0.000 0.000 0.000 0.000 0.000 0.000 0.000 0.000
0.000 0.000 0.000 0.000 0.000 0.000 0.000 0.000 0.000 0.000 0.000 0.000 0.002 0.003 0.004 0.005 0.006 0.006 0.006 0.006 0.006 0.006 0.006 0.006 0.006 0.006 0.006 0.006 0.005 0.004 0.003 0.002 0.000 0.000 0.000 0.000 0.000 0.000 0.000 0.000 0.000 0.000 0.000 0.000 0.000 0.000 0.000 0.000 0.145 0.164 0.179 0.179 0.179 0.179 0.179 0.179 0.180 0.181 0.184 0.196 0.207 0.218 0.000 0.000 0.000 0.000 0.000 0.000 0.000 0.000 0.000 0.000 0.000 0.000 0.000 0.000 0.000
0.000 0.000 0.000 0.000 0.000 0.000 0.000 0.000 0.000 0.000 0.000 0.000 0.000 0.002 0.003 0.004 0.004 0.005 0.005 0.005 0.005 0.005 0.005 0.005 0.005 0.005 0.005 0.005 0.004 0.003 0.002 0.000 0.000 0.000 0.000 0.000 0.000 0.000 0.000 0.000 0.000 0.000 0.000 0.000 0.000 0.000 0.000 0.000 0.000 0.137 0.161 0.178 0.177 0.176 0.175 0.177 0.178 0.179 0.181 0.192 0.203 0.000 0.000 0.000 0.000 0.000 0.000 0.000 0.000 0.000 0.000 0.000 0.000 0.000 0.000 0.000 0.000
0.000 0.000 0.000 0.000 0.000 0.000 0.000 0.000 0.000 0.000 0.000 0.000 0.000 0.000 0.001 0.002 0.003 0.003 0.003 0.003 0.003 0.003 0.003 0.003 0.003 0.003 0.003 0.003 0.002 0.001 0.000 0.000 0.000 0.000 0.000 0.000 0.000 0.000 0.000 0.000 0.000 0.000 0.000 0.000 0.000 0.000 0.000 0.000 0.000 0.000 0.142 0.162 0.174 0.173 0.172 0.172 0.174 0.175 0.176 0.187 0.200 0.000 0.000 0.000 0.000 0.000 0.000 0.000 0.000 0.000 0.000 0.000 0.000 0.000 0.000 0.000 0.000
0.000 0.000 0.000 0.000 0.000 0.000 0.000 0.000 0.000 0.000 0.000 0.000 0.000 0.000 0.000 0.000 0.001 0.001 0.001 0.001 0.001 0.001 0.001 0.001 0.001 0.001 0.001 0.001 0.000 0.000 0.000 0.000 0.000 0.000 0.000 0.000 0.000 0.000 0.000 0.000 0.000 0.000 0.000 0.000 0.000 0.000 0.000 0.000 0.000 0.000 0.121 0.140 0.158 0.171 0.169 0.168 0.168 0.169 0.171 0.183 0.000 0.000 0.000 0.000 0.000 0.000 0.000 0.000 0.000 0.000 0.000 0.000 0.000 0.000 0.000 0.000 0.000
0.000 0.000 0.000 0.000 0.000 0.000 0.000 0.000 0.000 0.000 0.000 0.000 0.000 0.000 0.000 0.000 0.000 0.000 0.000 0.000 0.000 0.000 0.000 0.000 0.000 0.000 0.000 0.000 0.000 0.000 0.000 0.000 0.000 0.000 0.000 0.000 0.000 0.000 0.000 0.000 0.000 0.000 0.000 0.000 0.000 0.000 0.000 0.000 0.000 0.000 0.000 0.116 0.136 0.154 0.166 0.162 0.156 0.159 0.160 0.000 0.000 0.000 0.000 0.000 0.000 0.000 0.000 0.000 0.000 0.000 0.000 0.000 0.000 0.000 0.000 0.000 0.000
0.000 0.000 0.000 0.000 0.000 0.000 0.000 0.000 0.000 0.000 0.000 0.000 0.000 0.000 0.000 0.000 0.000 0.000 0.000 0.000 0.000 0.000 0.000 0.000 0.000 0.000 0.000 0.000 0.000 0.000 0.000 0.000 0.000 0.000 0.000 0.000 0.000 0.000 0.000 0.000 0.000 0.000 0.000 0.000 0.000 0.000 0.000 0.000 0.000 0.000 0.000 0.093 0.112 0.130 0.148 0.158 0.154 0.152 0.149 0.143 0.000 0.000 0.000 0.000 0.000 0.000 0.000 0.000 0.000 0.000 0.000 0.000 0.000 0.000 0.000 0.000 0.000
0.000 0.000 0.000 0.000 0.000 0.000 0.000 0.000 0.000 0.000 0.000 0.000 0.000 0.000 0.000 0.000 0.000 0.000 0.000 0.000 0.000 0.000 0.000 0.000 0.000 0.000 0.000 0.000 0.000 0.000 0.000 0.000 0.000 0.000 0.000 0.000 0.000 0.000 0.000 0.000 0.000 0.000 0.000 0.000 0.000 0.000 0.000 0.000 0.000 0.000 0.000 0.068 0.087 0.105 0.123 0.140 0.149 0.145 0.140 0.133 0.133 0.000 0.000 0.000 0.000 0.000 0.000 0.000 0.000 0.000 0.000 0.000 0.000 0.000 0.000 0.000 0.000
0.000 0.000 0.000 0.000 0.000 0.000 0.000 0.000 0.000 0.000 0.000 0.000 0.000 0.000 0.000 0.000 0.000 0.000 0.000 0.000 0.000 0.000 0.000 0.000 0.000 0.000 0.000 0.000 0.000 0.000 0.000 0.000 0.000 0.000 0.000 0.000 0.000 0.000 0.000 0.000 0.000 0.000 0.000 0.000 0.000 0.000 0.000 0.000 0.000 0.000 0.000 0.045 0.063 0.081 0.098 0.114 0.131 0.139 0.132 0.122 0.119 0.109 0.108 0.000 0.000 0.000 0.000 0.000 0.000 0.000 0.000 0.000 0.000 0.000 0.000 0.000 0.000
0.000 0.000 0.000 0.000 0.000 0.000 0.000 0.000 0.000 0.000 0.000 0.000 0.000 0.000 0.000 0.000 0.000 0.000 0.000 0.000 0.000 0.000 0.000 0.000 0.000 0.000 0.000 0.000 0.000 0.000 0.000 0.000 0.000 0.000 0.000 0.000 0.000 0.000 0.000 0.000 0.000 0.000 0.000 0.000 0.000 0.000 0.000 0.000 0.000 0.000 0.000 0.000 0.039 0.056 0.074 0.090 0.105 0.119 0.124 0.113 0.107 0.099 0.098 0.099 0.000 0.000 0.000 0.000 0.000 0.000 0.000 0.000 0.000 0.000 0.000 0.000 0.000
0.000 0.000 0.000 0.000 0.000 0.000 0.000 0.000 0.000 0.000 0.000 0.000 0.000 0.000 0.000 0.000 0.000 0.000 0.000 0.000 0.000 0.000 0.000 0.000 0.000 0.000 0.000 0.000 0.000 0.000 0.000 0.000 0.000 0.000 0.000 0.000 0.000 0.000 0.000 0.000 0.000 0.000 0.000 0.000 0.000 0.000 0.000 0.000 0.000 0.000 0.000 0.000 0.014 0.032 0.050 0.065 0.079 0.092 0.103 0.102 0.092 0.087 0.088 0.089 0.089 0.000 0.000 0.000 0.000 0.000 0.000 0.000 0.000 0.000 0.000 0.000 0.000
