数据/100y_3h/100y_3h_res/100y_3h_215-0001.wd
ncols         694
nrows         824
xllcorner     581104.939801
yllcorner     3495917.092414
cellsize      2.000000
NODATA_value  -9999.000000
[rows 306 to 339 of 824, columns 462 to 538 of 694]
0.028 0.030 0.030 0.031 0.031 0.031 0.031 0.031 0.026 0.021 0.015 0.011 0.008 0.005 0.003 0.002 0.001 0.000 0.001 0.001 0.001 0.001 0.001 0.001 0.002 0.003 0.005 0.009 0.011 0.013 0.013 0.012 0.010 0.008 0.007 0.005 0.004 0.003 0.004 0.000 0.000 0.000 0.000 0.000 0.000 0.000 0.000 0.000 0.000 0.000 0.000 0.000 0.000 0.000 0.012 0.012 0.012 0.015 0.000 0.001 0.001 0.001 0.001 0.001 0.004 0.033 0.000 0.000 0.000 0.000 0.001 0.004 0.011 0.023 0.032 0.032 0.028
0.033 0.031 0.031 0.031 0.032 0.032 0.032 0.032 0.032 0.029 0.023 0.018 0.013 0.009 0.006 0.004 0.002 0.002 0.002 0.001 0.001 0.001 0.001 0.001 0.002 0.003 0.005 0.008 0.011 0.012 0.012 0.012 0.011 0.009 0.008 0.006 0.005 0.006 0.015 0.000 0.000 0.000 0.000 0.000 0.000 0.000 0.000 0.000 0.000 0.000 0.000 0.000 0.000 0.000 0.000 0.000 0.000 0.012 0.012 0.010 0.008 0.007 0.006 0.006 0.010 0.000 0.000 0.000 0.000 0.000 0.008 0.019 0.029 0.030 0.027 0.024 0.022
0.029 0.030 0.031 0.032 0.033 0.034 0.034 0.035 0.035 0.035 0.033 0.027 0.021 0.017 0.012 0.009 0.006 0.005 0.004 0.003 0.002 0.002 0.001 0.001 0.002 0.000 0.005 0.008 0.011 0.012 0.012 0.012 0.011 0.009 0.008 0.007 0.006 0.007 0.000 0.000 0.000 0.000 0.000 0.000 0.000 0.000 0.000 0.000 0.000 0.000 0.000 0.000 0.000 0.000 0.000 0.000 0.000 0.000 0.000 0.007 0.009 0.009 0.008 0.008 0.013 0.000 0.000 0.000 0.000 0.014 0.025 0.028 0.025 0.023 0.020 0.018 0.017
0.027 0.029 0.031 0.033 0.035 0.037 0.038 0.039 0.039 0.038 0.037 0.038 0.033 0.028 0.022 0.016 0.012 0.009 0.007 0.005 0.004 0.003 0.002 0.002 0.002 0.002 0.005 0.008 0.010 0.012 0.012 0.012 0.011 0.010 0.009 0.007 0.007 0.006 0.004 0.002 0.002 0.000 0.000 0.000 0.000 0.000 0.000 0.000 0.000 0.000 0.000 0.000 0.000 0.000 0.000 0.000 0.000 0.000 0.000 0.000 0.000 0.000 0.006 0.009 0.011 0.015 0.000 0.000 0.000 0.024 0.023 0.021 0.019 0.017 0.016 0.014 0.014
0.027 0.030 0.034 0.037 0.040 0.043 0.045 0.046 0.045 0.040 0.041 0.044 0.047 0.042 0.034 0.026 0.021 0.016 0.012 0.009 0.007 0.005 0.004 0.003 0.003 0.003 0.005 0.008 0.010 0.011 0.012 0.012 0.011 0.010 0.009 0.008 0.007 0.006 0.005 0.003 0.002 0.001 0.001 0.000 0.000 0.000 0.000 0.000 0.000 0.000 0.000 0.000 0.000 0.000 0.000 0.000 0.000 0.000 0.000 0.000 0.000 0.000 0.000 0.000 0.009 0.015 0.018 0.029 0.030 0.024 0.020 0.018 0.016 0.014 0.013 0.012 0.012
0.029 0.034 0.039 0.043 0.047 0.051 0.053 0.054 0.051 0.028 0.047 0.053 0.056 0.056 0.046 0.037 0.029 0.022 0.017 0.013 0.010 0.007 0.005 0.004 0.004 0.003 0.006 0.008 0.010 0.011 0.012 0.012 0.011 0.010 0.009 0.008 0.008 0.007 0.005 0.004 0.003 0.002 0.001 0.001 0.001 0.002 0.000 0.000 0.000 0.000 0.000 0.000 0.000 0.000 0.000 0.000 0.000 0.000 0.000 0.000 0.000 0.000 0.000 0.000 0.000 0.000 0.000 0.018 0.019 0.018 0.017 0.015 0.013 0.012 0.011 0.010 0.008
0.036 0.042 0.048 0.053 0.058 0.061 0.064 0.066 0.066 0.062 0.063 0.066 0.060 0.049 0.048 0.042 0.034 0.027 0.021 0.017 0.013 0.010 0.008 0.006 0.005 0.004 0.006 0.008 0.009 0.011 0.011 0.012 0.011 0.011 0.010 0.009 0.008 0.007 0.006 0.004 0.003 0.002 0.002 0.001 0.001 0.001 0.001 0.002 0.000 0.000 0.000 0.000 0.001 0.002 0.000 0.000 0.000 0.000 0.000 0.000 0.000 0.000 0.000 0.000 0.000 0.000 0.020 0.018 0.017 0.015 0.014 0.012 0.011 0.010 0.009 0.009 0.000
0.046 0.052 0.059 0.064 0.069 0.073 0.077 0.073 0.065 0.056 0.047 0.040 0.031 0.021 0.032 0.043 0.036 0.030 0.025 0.020 0.016 0.012 0.010 0.007 0.006 0.005 0.006 0.008 0.009 0.011 0.011 0.012 0.011 0.011 0.010 0.009 0.008 0.007 0.006 0.005 0.004 0.003 0.002 0.001 0.001 0.001 0.001 0.001 0.002 0.002 0.002 0.002 0.002 0.002 0.002 0.003 0.019 0.000 0.000 0.000 0.000 0.000 0.000 0.000 0.000 0.000 0.017 0.017 0.015 0.014 0.012 0.011 0.009 0.008 0.008 0.006 0.000
0.057 0.064 0.066 0.062 0.058 0.054 0.049 0.043 0.037 0.031 0.024 0.018 0.011 0.013 0.000 0.036 0.038 0.033 0.028 0.023 0.019 0.015 0.012 0.009 0.008 0.006 0.007 0.008 0.009 0.010 0.011 0.012 0.012 0.011 0.010 0.010 0.009 0.008 0.007 0.005 0.004 0.003 0.003 0.002 0.001 0.001 0.001 0.001 0.002 0.002 0.002 0.002 0.002 0.003 0.004 0.012 0.029 0.052 0.079 0.000 0.000 0.000 0.000 0.000 0.000 0.022 0.019 0.017 0.015 0.013 0.011 0.009 0.008 0.007 0.007 0.000 0.000
0.038 0.036 0.034 0.031 0.028 0.025 0.021 0.018 0.014 0.011 0.008 0.005 0.003 0.007 0.009 0.026 0.040 0.036 0.031 0.027 0.023 0.019 0.016 0.013 0.011 0.009 0.009 0.009 0.010 0.011 0.012 0.012 0.012 0.012 0.011 0.010 0.009 0.008 0.007 0.006 0.005 0.004 0.003 0.003 0.002 0.002 0.001 0.001 0.002 0.002 0.002 0.003 0.004 0.008 0.017 0.028 0.044 0.064 0.078 0.083 0.088 0.096 0.000 0.000 0.000 0.018 0.018 0.016 0.013 0.011 0.009 0.008 0.007 0.006 0.005 0.000 0.000
0.011 0.010 0.009 0.008 0.007 0.006 0.005 0.004 0.003 0.003 0.002 0.001 0.002 0.004 0.007 0.018 0.037 0.039 0.035 0.031 0.028 0.025 0.022 0.020 0.018 0.017 0.016 0.016 0.016 0.017 0.017 0.016 0.016 0.015 0.014 0.013 0.012 0.010 0.009 0.008 0.007 0.006 0.005 0.005 0.004 0.003 0.003 0.002 0.003 0.003 0.004 0.009 0.016 0.025 0.035 0.046 0.052 0.053 0.056 0.059 0.063 0.066 0.068 0.076 0.000 0.021 0.018 0.015 0.012 0.009 0.008 0.006 0.005 0.005 0.000 0.000 0.000
0.002 0.002 0.002 0.002 0.001 0.001 0.001 0.001 0.001 0.001 0.001 0.001 0.001 0.002 0.005 0.013 0.028 0.044 0.041 0.039 0.037 0.036 0.036 0.036 0.036 0.035 0.035 0.034 0.033 0.032 0.031 0.029 0.027 0.025 0.023 0.021 0.019 0.017 0.015 0.014 0.013 0.012 0.011 0.011 0.011 0.010 0.010 0.008 0.008 0.013 0.019 0.026 0.034 0.043 0.047 0.043 0.039 0.037 0.036 0.037 0.035 0.014 0.038 0.045 0.040 0.028 0.019 0.014 0.010 0.007 0.005 0.004 0.004 0.003 0.000 0.000 0.000
0.001 0.001 0.001 0.001 0.001 0.001 0.001 0.001 0.001 0.001 0.001 0.001 0.001 0.001 0.003 0.009 0.020 0.045 0.053 0.054 0.055 0.058 0.060 0.061 0.062 0.061 0.061 0.060 0.058 0.056 0.053 0.050 0.046 0.043 0.040 0.037 0.035 0.032 0.031 0.029 0.029 0.029 0.029 0.029 0.030 0.031 0.031 0.030 0.026 0.030 0.036 0.044 0.049 0.043 0.037 0.032 0.028 0.025 0.022 0.021 0.019 0.015 0.015 0.018 0.017 0.015 0.011 0.008 0.005 0.004 0.003 0.003 0.003 0.000 0.000 0.000 0.000
0.001 0.001 0.001 0.000 0.000 0.000 0.000 0.000 0.000 0.000 0.001 0.001 0.001 0.001 0.002 0.005 0.015 0.040 0.074 0.078 0.081 0.085 0.088 0.090 0.090 0.090 0.090 0.088 0.087 0.084 0.080 0.074 0.069 0.066 0.063 0.060 0.057 0.055 0.054 0.053 0.054 0.055 0.056 0.058 0.059 0.060 0.060 0.059 0.056 0.049 0.053 0.045 0.038 0.032 0.027 0.022 0.018 0.015 0.013 0.011 0.009 0.008 0.006 0.006 0.005 0.005 0.004 0.003 0.002 0.002 0.002 0.002 0.002 0.014 0.000 0.000 0.000
0.000 0.000 0.000 0.000 0.000 0.000 0.000 0.000 0.000 0.000 0.000 0.001 0.001 0.001 0.001 0.003 0.012 0.039 0.088 0.105 0.110 0.115 0.119 0.119 0.119 0.119 0.119 0.118 0.116 0.112 0.107 0.097 0.094 0.091 0.088 0.084 0.082 0.080 0.080 0.080 0.081 0.083 0.085 0.087 0.089 0.090 0.091 0.091 0.081 0.061 0.059 0.052 0.044 0.036 0.030 0.024 0.019 0.015 0.012 0.009 0.007 0.005 0.004 0.003 0.002 0.002 0.001 0.001 0.001 0.001 0.001 0.001 0.001 0.000 0.000 0.000 0.000
0.000 0.000 0.000 0.000 0.000 0.000 0.000 0.000 0.000 0.000 0.000 0.001 0.001 0.001 0.001 0.002 0.016 0.000 0.091 0.135 0.140 0.145 0.150 0.000 0.000 0.000 0.000 0.000 0.000 0.000 0.000 0.118 0.120 0.119 0.116 0.109 0.108 0.107 0.107 0.108 0.110 0.112 0.115 0.117 0.119 0.114 0.102 0.090 0.076 0.056 0.055 0.058 0.063 0.055 0.048 0.041 0.034 0.029 0.024 0.019 0.015 0.012 0.009 0.007 0.005 0.004 0.003 0.003 0.002 0.002 0.001 0.001 0.001 0.001 0.001 0.000 0.000
0.000 0.000 0.000 0.000 0.000 0.000 0.000 0.000 0.000 0.000 0.000 0.000 0.000 0.006 0.000 0.000 0.019 0.000 0.000 0.151 0.000 0.000 0.000 0.000 0.000 0.000 0.000 0.000 0.000 0.000 0.000 0.000 0.000 0.000 0.000 0.132 0.135 0.135 0.134 0.137 0.139 0.142 0.136 0.127 0.117 0.107 0.096 0.084 0.070 0.050 0.050 0.052 0.056 0.061 0.064 0.056 0.049 0.043 0.037 0.031 0.026 0.021 0.017 0.014 0.011 0.008 0.006 0.005 0.004 0.003 0.002 0.002 0.001 0.001 0.001 0.001 0.001
0.000 0.000 0.000 0.000 0.000 0.000 0.000 0.000 0.000 0.000 0.000 0.000 0.000 0.000 0.000 0.000 0.000 0.000 0.000 0.000 0.000 0.000 0.000 0.000 0.000 0.000 0.000 0.000 0.000 0.000 0.000 0.000 0.000 0.000 0.000 0.000 0.000 0.000 0.161 0.157 0.149 0.139 0.129 0.119 0.110 0.100 0.089 0.077 0.063 0.046 0.046 0.046 0.049 0.052 0.058 0.064 0.064 0.057 0.050 0.043 0.037 0.032 0.027 0.022 0.018 0.014 0.011 0.009 0.007 0.005 0.004 0.003 0.003 0.002 0.002 0.001 0.001
0.000 0.000 0.000 0.000 0.000 0.000 0.000 0.000 0.000 0.000 0.000 0.000 0.000 0.000 0.000 0.000 0.000 0.000 0.000 0.000 0.000 0.000 0.000 0.000 0.000 0.000 0.000 0.000 0.000 0.000 0.000 0.000 0.000 0.000 0.000 0.000 0.000 0.000 0.000 0.000 0.000 0.000 0.120 0.112 0.103 0.092 0.081 0.070 0.055 0.041 0.040 0.040 0.041 0.044 0.048 0.054 0.060 0.067 0.064 0.056 0.050 0.043 0.037 0.032 0.027 0.022 0.018 0.015 0.011 0.009 0.007 0.005 0.004 0.003 0.003 0.002 0.002
0.000 0.000 0.000 0.000 0.000 0.000 0.000 0.000 0.000 0.000 0.000 0.000 0.000 0.000 0.000 0.000 0.000 0.000 0.000 0.000 0.000 0.000 0.000 0.000 0.000 0.000 0.000 0.000 0.000 0.000 0.000 0.000 0.000 0.000 0.000 0.000 0.000 0.000 0.000 0.000 0.000 0.000 0.000 0.000 0.000 0.082 0.074 0.062 0.045 0.034 0.033 0.033 0.034 0.036 0.039 0.044 0.049 0.055 0.062 0.069 0.063 0.056 0.049 0.043 0.037 0.031 0.026 0.022 0.018 0.014 0.012 0.009 0.008 0.006 0.005 0.004 0.003
0.000 0.000 0.000 0.000 0.000 0.000 0.000 0.000 0.000 0.000 0.000 0.000 0.000 0.000 0.000 0.000 0.000 0.000 0.000 0.000 0.000 0.000 0.000 0.000 0.000 0.000 0.000 0.000 0.000 0.000 0.000 0.000 0.000 0.000 0.000 0.000 0.000 0.000 0.000 0.000 0.000 0.000 0.000 0.000 0.000 0.000 0.000 0.000 0.030 0.025 0.024 0.025 0.026 0.028 0.031 0.034 0.039 0.044 0.051 0.057 0.064 0.068 0.062 0.055 0.048 0.042 0.036 0.031 0.026 0.022 0.019 0.016 0.013 0.011 0.009 0.008 0.006
0.000 0.000 0.000 0.000 0.000 0.000 0.000 0.000 0.000 0.000 0.000 0.000 0.000 0.000 0.000 0.000 0.000 0.000 0.000 0.000 0.000 0.000 0.000 0.000 0.000 0.000 0.000 0.000 0.000 0.000 0.000 0.000 0.000 0.000 0.000 0.000 0.000 0.000 0.000 0.000 0.000 0.000 0.000 0.000 0.000 0.000 0.000 0.000 0.000 0.000 0.011 0.015 0.018 0.020 0.022 0.025 0.029 0.034 0.039 0.045 0.052 0.059 0.066 0.067 0.060 0.054 0.047 0.042 0.037 0.033 0.029 0.026 0.023 0.020 0.018 0.015 0.013
0.000 0.000 0.000 0.000 0.000 0.000 0.000 0.000 0.000 0.000 0.000 0.000 0.000 0.000 0.000 0.000 0.000 0.000 0.000 0.000 0.000 0.000 0.000 0.000 0.000 0.000 0.000 0.000 0.000 0.000 0.000 0.000 0.000 0.000 0.000 0.000 0.000 0.000 0.000 0.000 0.000 0.000 0.000 0.000 0.000 0.000 0.000 0.000 0.000 0.000 0.000 0.000 0.000 0.000 0.010 0.015 0.020 0.025 0.029 0.034 0.040 0.046 0.053 0.060 0.067 0.066 0.060 0.055 0.050 0.047 0.044 0.042 0.039 0.036 0.032 0.028 0.024
0.000 0.000 0.000 0.000 0.000 0.000 0.000 0.000 0.000 0.000 0.000 0.000 0.000 0.000 0.000 0.000 0.000 0.000 0.000 0.000 0.000 0.000 0.000 0.000 0.000 0.000 0.000 0.000 0.000 0.000 0.000 0.000 0.000 0.000 0.000 0.000 0.000 0.000 0.000 0.000 0.000 0.000 0.000 0.000 0.000 0.000 0.000 0.000 0.000 0.000 0.000 0.000 0.000 0.000 0.000 0.000 0.000 0.000 0.016 0.022 0.028 0.034 0.041 0.048 0.055 0.063 0.071 0.070 0.067 0.066 0.065 0.063 0.060 0.056 0.051 0.045 0.039
0.000 0.000 0.000 0.000 0.000 0.000 0.000 0.000 0.000 0.000 0.000 0.000 0.000 0.000 0.000 0.000 0.000 0.000 0.000 0.000 0.000 0.000 0.000 0.000 0.000 0.000 0.000 0.000 0.000 0.000 0.000 0.000 0.000 0.000 0.000 0.000 0.000 0.000 0.000 0.000 0.000 0.000 0.000 0.000 0.000 0.000 0.000 0.000 0.000 0.000 0.000 0.000 0.000 0.000 0.000 0.000 0.000 0.000 0.000 0.011 0.017 0.023 0.029 0.036 0.042 0.050 0.060 0.073 0.088 0.089 0.088 0.087 0.084 0.078 0.070 0.062 0.054
0.000 0.000 0.000 0.000 0.000 0.000 0.000 0.000 0.000 0.000 0.000 0.000 0.000 0.000 0.000 0.000 0.000 0.000 0.000 0.000 0.000 0.000 0.000 0.000 0.000 0.000 0.000 0.000 0.000 0.000 0.000 0.000 0.000 0.000 0.000 0.000 0.000 0.000 0.000 0.000 0.000 0.000 0.000 0.000 0.000 0.000 0.000 0.000 0.000 0.000 0.000 0.000 0.000 0.000 0.000 0.000 0.000 0.000 0.000 0.003 0.008 0.013 0.018 0.024 0.031 0.039 0.049 0.065 0.084 0.104 0.114 0.113 0.109 0.102 0.086 0.077 0.068
0.000 0.000 0.000 0.000 0.000 0.000 0.000 0.000 0.000 0.000 0.000 0.000 0.000 0.000 0.000 0.000 0.000 0.000 0.000 0.000 0.000 0.000 0.000 0.000 0.000 0.000 0.000 0.000 0.000 0.000 0.000 0.000 0.000 0.000 0.000 0.000 0.000 0.000 0.000 0.000 0.000 0.000 0.000 0.000 0.000 0.000 0.000 0.000 0.000 0.000 0.000 0.000 0.000 0.000 0.000 0.000 0.000 0.000 0.000 0.001 0.001 0.004 0.008 0.013 0.019 0.027 0.039 0.058 0.080 0.103 0.000 0.000 0.000 0.000 0.095 0.093 0.078
0.000 0.000 0.000 0.000 0.000 0.000 0.000 0.000 0.000 0.000 0.000 0.000 0.000 0.000 0.000 0.000 0.000 0.000 0.000 0.000 0.000 0.000 0.000 0.000 0.000 0.000 0.000 0.000 0.000 0.000 0.000 0.000 0.000 0.000 0.000 0.000 0.000 0.000 0.000 0.000 0.000 0.000 0.000 0.000 0.000 0.000 0.000 0.000 0.000 0.000 0.000 0.000 0.000 0.000 0.000 0.000 0.000 0.000 0.000 0.001 0.001 0.001 0.001 0.004 0.009 0.017 0.031 0.054 0.077 0.000 0.000 0.000 0.000 0.000 0.000 0.000 0.080
0.000 0.000 0.000 0.000 0.000 0.000 0.000 0.000 0.000 0.000 0.000 0.000 0.000 0.000 0.000 0.000 0.000 0.000 0.000 0.000 0.000 0.000 0.000 0.000 0.000 0.000 0.000 0.000 0.000 0.000 0.000 0.000 0.000 0.000 0.000 0.000 0.000 0.000 0.000 0.000 0.000 0.000 0.000 0.000 0.000 0.000 0.000 0.000 0.000 0.000 0.000 0.000 0.000 0.000 0.000 0.000 0.000 0.000 0.000 0.000 0.001 0.001 0.001 0.001 0.002 0.009 0.025 0.050 0.000 0.000 0.000 0.000 0.000 0.000 0.000 0.000 0.000
0.000 0.000 0.000 0.000 0.000 0.000 0.000 0.000 0.000 0.000 0.000 0.000 0.000 0.000 0.000 0.000 0.000 0.000 0.000 0.000 0.000 0.000 0.000 0.000 0.000 0.000 0.000 0.000 0.000 0.000 0.000 0.000 0.000 0.000 0.000 0.000 0.000 0.000 0.000 0.000 0.000 0.000 0.000 0.000 0.000 0.000 0.000 0.000 0.000 0.000 0.000 0.000 0.000 0.000 0.000 0.000 0.000 0.000 0.000 0.000 0.000 0.001 0.001 0.001 0.001 0.003 0.020 0.046 0.000 0.000 0.000 0.000 0.000 0.000 0.000 0.000 0.000
0.000 0.000 0.000 0.000 0.000 0.000 0.000 0.000 0.000 0.000 0.000 0.000 0.000 0.000 0.000 0.000 0.000 0.000 0.000 0.000 0.000 0.000 0.000 0.000 0.000 0.000 0.000 0.000 0.000 0.000 0.000 0.000 0.000 0.000 0.000 0.000 0.000 0.000 0.000 0.000 0.000 0.000 0.000 0.000 0.000 0.000 0.000 0.000 0.000 0.000 0.000 0.000 0.000 0.000 0.000 0.000 0.000 0.000 0.000 0.000 0.000 0.000 0.001 0.001 0.001 0.001 0.017 0.000 0.000 0.000 0.000 0.000 0.000 0.000 0.000 0.000 0.000
0.000 0.000 0.000 0.000 0.000 0.000 0.000 0.000 0.000 0.000 0.000 0.000 0.000 0.000 0.000 0.000 0.000 0.000 0.000 0.000 0.000 0.000 0.000 0.000 0.000 0.000 0.000 0.000 0.000 0.000 0.000 0.000 0.000 0.000 0.000 0.000 0.000 0.000 0.000 0.000 0.000 0.000 0.000 0.000 0.000 0.000 0.000 0.000 0.000 0.000 0.000 0.000 0.000 0.000 0.000 0.000 0.000 0.000 0.000 0.000 0.000 0.000 0.000 0.001 0.001 0.002 0.030 0.000 0.000 0.000 0.000 0.000 0.000 0.000 0.000 0.000 0.000
0.000 0.000 0.000 0.000 0.000 0.000 0.000 0.000 0.000 0.000 0.000 0.000 0.000 0.000 0.000 0.000 0.000 0.000 0.000 0.000 0.000 0.000 0.000 0.000 0.000 0.000 0.000 0.000 0.000 0.000 0.000 0.000 0.000 0.000 0.000 0.000 0.000 0.000 0.000 0.000 0.000 0.000 0.000 0.000 0.000 0.000 0.000 0.000 0.000 0.000 0.000 0.000 0.000 0.000 0.000 0.000 0.000 0.000 0.000 0.000 0.000 0.000 0.000 0.001 0.001 0.003 0.000 0.000 0.000 0.000 0.000 0.000 0.000 0.000 0.000 0.000 0.000
0.000 0.000 0.000 0.000 0.000 0.000 0.000 0.000 0.000 0.000 0.000 0.000 0.000 0.000 0.000 0.000 0.000 0.000 0.000 0.000 0.000 0.000 0.000 0.000 0.000 0.000 0.000 0.000 0.000 0.000 0.000 0.000 0.000 0.000 0.000 0.000 0.000 0.000 0.000 0.000 0.000 0.000 0.000 0.000 0.000 0.000 0.000 0.000 0.000 0.000 0.000 0.000 0.000 0.000 0.000 0.000 0.000 0.000 0.000 0.000 0.000 0.000 0.000 0.001 0.001 0.003 0.000 0.000 0.000 0.000 0.000 0.000 0.000 0.000 0.000 0.000 0.000
