数据/100y_3h/100y_3h_res/100y_3h_210-0001.wd
ncols         694
nrows         824
xllcorner     581104.939801
yllcorner     3495917.092414
cellsize      2.000000
NODATA_value  -9999.000000
[rows 408 to 441 of 824, columns 385 to 461 of 694]
0.000 0.000 0.000 0.000 0.000 0.000 0.000 0.000 0.000 0.000 0.000 0.000 0.000 0.000 0.000 0.000 0.000 0.000 0.000 0.000 0.000 0.000 0.000 0.000 0.000 0.000 0.000 0.000 0.000 0.000 0.000 0.000 0.026 0.035 0.043 0.052 0.059 0.056 0.043 0.056 0.059 0.060 0.061 0.000 0.000 0.000 0.000 0.000 0.000 0.000 0.038 0.038 0.038 0.038 0.038 0.036 0.031 0.026 0.022 0.017 0.013 0.008 0.004 0.002 0.000 0.000 0.000 0.000 0.000 0.000 0.000 0.000 0.000 0.000 0.000 0.000 0.000
0.000 0.000 0.000 0.000 0.000 0.000 0.000 0.000 0.000 0.000 0.000 0.000 0.000 0.000 0.000 0.000 0.000 0.000 0.000 0.000 0.000 0.000 0.000 0.000 0.000 0.000 0.000 0.000 0.000 0.000 0.000 0.018 0.027 0.036 0.045 0.053 0.059 0.058 0.056 0.058 0.059 0.060 0.060 0.000 0.000 0.000 0.000 0.000 0.000 0.038 0.038 0.038 0.038 0.038 0.038 0.038 0.038 0.034 0.029 0.025 0.020 0.015 0.011 0.006 0.003 0.000 0.000 0.000 0.000 0.000 0.000 0.000 0.000 0.000 0.000 0.000 0.000
0.000 0.000 0.000 0.000 0.000 0.000 0.000 0.000 0.000 0.000 0.000 0.000 0.000 0.000 0.000 0.000 0.000 0.000 0.000 0.000 0.000 0.000 0.000 0.000 0.000 0.000 0.000 0.000 0.000 0.000 0.000 0.019 0.029 0.037 0.046 0.055 0.059 0.058 0.058 0.059 0.059 0.059 0.060 0.000 0.000 0.000 0.000 0.000 0.000 0.038 0.038 0.038 0.038 0.038 0.038 0.038 0.038 0.038 0.037 0.032 0.027 0.023 0.018 0.013 0.009 0.004 0.002 0.000 0.000 0.000 0.000 0.000 0.000 0.000 0.000 0.000 0.000
0.000 0.000 0.000 0.000 0.000 0.000 0.000 0.000 0.000 0.000 0.000 0.000 0.000 0.000 0.000 0.000 0.000 0.000 0.000 0.000 0.000 0.000 0.000 0.000 0.000 0.000 0.000 0.000 0.000 0.000 0.000 0.021 0.030 0.039 0.048 0.056 0.059 0.058 0.059 0.059 0.059 0.060 0.060 0.000 0.000 0.000 0.000 0.000 0.000 0.038 0.038 0.038 0.038 0.038 0.038 0.038 0.038 0.038 0.038 0.037 0.035 0.030 0.025 0.021 0.016 0.011 0.007 0.003 0.000 0.000 0.000 0.000 0.000 0.000 0.000 0.000 0.000
0.000 0.000 0.000 0.000 0.000 0.000 0.000 0.000 0.000 0.000 0.000 0.000 0.000 0.000 0.000 0.000 0.000 0.000 0.000 0.000 0.000 0.000 0.000 0.000 0.000 0.000 0.000 0.000 0.000 0.000 0.000 0.023 0.032 0.040 0.049 0.058 0.059 0.058 0.058 0.059 0.059 0.060 0.000 0.000 0.000 0.000 0.000 0.000 0.000 0.037 0.038 0.038 0.038 0.038 0.038 0.038 0.038 0.038 0.038 0.037 0.037 0.037 0.032 0.028 0.023 0.018 0.013 0.009 0.004 0.002 0.000 0.000 0.000 0.000 0.000 0.000 0.000
0.000 0.000 0.000 0.000 0.000 0.000 0.000 0.000 0.000 0.000 0.000 0.000 0.000 0.000 0.000 0.000 0.000 0.000 0.000 0.000 0.000 0.000 0.000 0.000 0.000 0.000 0.000 0.000 0.000 0.000 0.016 0.024 0.033 0.042 0.051 0.059 0.058 0.058 0.058 0.059 0.059 0.060 0.000 0.000 0.000 0.000 0.000 0.000 0.038 0.037 0.038 0.038 0.038 0.038 0.038 0.038 0.038 0.037 0.037 0.037 0.037 0.037 0.037 0.035 0.030 0.025 0.020 0.016 0.011 0.006 0.002 0.000 0.000 0.000 0.000 0.000 0.000
0.000 0.000 0.000 0.000 0.000 0.000 0.000 0.000 0.000 0.000 0.000 0.000 0.000 0.000 0.000 0.000 0.000 0.000 0.000 0.000 0.000 0.000 0.000 0.000 0.000 0.000 0.000 0.000 0.000 0.000 0.018 0.026 0.035 0.044 0.052 0.058 0.058 0.058 0.058 0.059 0.059 0.059 0.000 0.000 0.000 0.000 0.000 0.000 0.038 0.038 0.038 0.038 0.038 0.038 0.038 0.038 0.037 0.037 0.037 0.037 0.037 0.037 0.036 0.036 0.036 0.032 0.027 0.023 0.018 0.013 0.008 0.003 0.000 0.000 0.000 0.000 0.000
0.000 0.000 0.000 0.000 0.000 0.000 0.000 0.000 0.000 0.000 0.000 0.000 0.000 0.000 0.000 0.000 0.000 0.000 0.000 0.000 0.000 0.000 0.000 0.000 0.000 0.000 0.000 0.000 0.000 0.000 0.020 0.028 0.036 0.045 0.053 0.058 0.058 0.058 0.058 0.058 0.059 0.000 0.000 0.000 0.000 0.000 0.000 0.000 0.038 0.038 0.038 0.038 0.038 0.038 0.038 0.038 0.037 0.037 0.037 0.037 0.037 0.036 0.036 0.036 0.035 0.035 0.035 0.030 0.025 0.020 0.015 0.010 0.005 0.002 0.000 0.000 0.000
0.000 0.000 0.000 0.000 0.000 0.000 0.000 0.000 0.000 0.000 0.000 0.000 0.000 0.000 0.000 0.000 0.000 0.000 0.000 0.000 0.000 0.000 0.000 0.000 0.000 0.000 0.000 0.000 0.000 0.000 0.021 0.029 0.037 0.046 0.055 0.058 0.058 0.058 0.057 0.058 0.058 0.000 0.000 0.000 0.000 0.000 0.000 0.038 0.038 0.038 0.038 0.038 0.038 0.038 0.037 0.037 0.037 0.037 0.037 0.037 0.036 0.036 0.036 0.035 0.035 0.035 0.034 0.034 0.032 0.026 0.021 0.016 0.011 0.007 0.003 0.000 0.000
0.000 0.000 0.000 0.000 0.000 0.000 0.000 0.000 0.000 0.000 0.000 0.000 0.000 0.000 0.000 0.000 0.000 0.000 0.000 0.000 0.000 0.000 0.000 0.000 0.000 0.000 0.000 0.000 0.006 0.014 0.022 0.031 0.039 0.047 0.056 0.057 0.057 0.057 0.057 0.056 0.057 0.000 0.000 0.000 0.000 0.000 0.000 0.038 0.038 0.038 0.038 0.038 0.038 0.038 0.038 0.037 0.037 0.037 0.037 0.036 0.036 0.036 0.035 0.035 0.035 0.034 0.034 0.033 0.033 0.032 0.028 0.023 0.018 0.013 0.008 0.003 0.000
0.000 0.000 0.000 0.000 0.000 0.000 0.000 0.000 0.000 0.000 0.000 0.000 0.000 0.000 0.000 0.000 0.000 0.000 0.000 0.000 0.000 0.000 0.000 0.000 0.000 0.000 0.000 0.000 0.008 0.016 0.024 0.032 0.041 0.049 0.058 0.057 0.057 0.057 0.057 0.057 0.057 0.000 0.000 0.000 0.000 0.000 0.000 0.038 0.038 0.038 0.038 0.038 0.038 0.038 0.037 0.037 0.037 0.037 0.037 0.036 0.036 0.036 0.035 0.035 0.034 0.034 0.033 0.033 0.032 0.032 0.031 0.030 0.025 0.019 0.014 0.009 0.004
0.000 0.000 0.000 0.000 0.000 0.000 0.000 0.000 0.000 0.000 0.000 0.000 0.000 0.000 0.000 0.000 0.000 0.000 0.000 0.000 0.000 0.000 0.000 0.000 0.000 0.000 0.000 0.000 0.009 0.017 0.025 0.034 0.042 0.051 0.057 0.058 0.057 0.057 0.057 0.057 0.057 0.000 0.000 0.000 0.000 0.000 0.000 0.038 0.038 0.038 0.038 0.038 0.038 0.038 0.037 0.037 0.037 0.037 0.036 0.036 0.036 0.035 0.035 0.034 0.034 0.033 0.033 0.032 0.032 0.031 0.030 0.030 0.029 0.026 0.020 0.015 0.009
0.000 0.000 0.000 0.000 0.000 0.000 0.000 0.000 0.000 0.000 0.000 0.000 0.000 0.000 0.000 0.000 0.000 0.000 0.000 0.000 0.000 0.000 0.000 0.000 0.000 0.000 0.000 0.000 0.010 0.018 0.026 0.035 0.044 0.053 0.057 0.057 0.057 0.057 0.057 0.057 0.057 0.000 0.000 0.000 0.000 0.000 0.038 0.038 0.038 0.038 0.038 0.038 0.038 0.038 0.037 0.037 0.037 0.036 0.036 0.036 0.035 0.035 0.034 0.034 0.034 0.033 0.032 0.032 0.031 0.030 0.030 0.029 0.028 0.027 0.026 0.021 0.015
0.000 0.000 0.000 0.000 0.000 0.000 0.000 0.000 0.000 0.000 0.000 0.000 0.000 0.000 0.000 0.000 0.000 0.000 0.000 0.000 0.000 0.000 0.000 0.000 0.000 0.000 0.000 0.000 0.012 0.019 0.028 0.036 0.045 0.054 0.057 0.057 0.057 0.057 0.057 0.057 0.057 0.000 0.000 0.000 0.000 0.000 0.038 0.038 0.038 0.038 0.038 0.038 0.038 0.037 0.037 0.037 0.037 0.036 0.036 0.035 0.035 0.035 0.034 0.034 0.033 0.032 0.032 0.031 0.030 0.030 0.029 0.028 0.027 0.026 0.025 0.024 0.021
0.000 0.000 0.000 0.000 0.000 0.000 0.000 0.000 0.000 0.000 0.000 0.000 0.000 0.000 0.000 0.000 0.000 0.000 0.000 0.000 0.000 0.000 0.000 0.000 0.000 0.000 0.000 0.006 0.013 0.021 0.029 0.038 0.046 0.055 0.057 0.057 0.057 0.057 0.057 0.057 0.057 0.000 0.000 0.000 0.000 0.000 0.038 0.038 0.038 0.038 0.038 0.038 0.038 0.037 0.037 0.037 0.036 0.036 0.036 0.035 0.035 0.034 0.034 0.033 0.032 0.032 0.031 0.030 0.030 0.029 0.028 0.027 0.026 0.025 0.024 0.022 0.021
0.000 0.000 0.000 0.000 0.000 0.000 0.000 0.000 0.000 0.000 0.000 0.000 0.000 0.000 0.000 0.000 0.000 0.000 0.000 0.000 0.000 0.000 0.000 0.000 0.000 0.000 0.000 0.007 0.014 0.022 0.030 0.039 0.047 0.056 0.056 0.056 0.056 0.056 0.056 0.056 0.055 0.054 0.053 0.000 0.000 0.000 0.000 0.000 0.038 0.038 0.038 0.038 0.038 0.037 0.037 0.037 0.036 0.036 0.035 0.035 0.034 0.034 0.033 0.032 0.032 0.031 0.030 0.030 0.029 0.028 0.027 0.026 0.025 0.024 0.022 0.021 0.019
0.000 0.000 0.000 0.000 0.000 0.000 0.000 0.000 0.000 0.000 0.000 0.000 0.000 0.000 0.000 0.000 0.000 0.000 0.000 0.000 0.000 0.000 0.000 0.000 0.000 0.000 0.000 0.008 0.016 0.024 0.032 0.040 0.048 0.055 0.055 0.056 0.056 0.056 0.056 0.056 0.055 0.054 0.053 0.051 0.050 0.049 0.000 0.040 0.039 0.039 0.038 0.038 0.038 0.037 0.037 0.036 0.036 0.036 0.035 0.034 0.034 0.033 0.033 0.032 0.031 0.030 0.030 0.029 0.028 0.027 0.026 0.025 0.024 0.022 0.021 0.019 0.017
0.000 0.000 0.000 0.000 0.000 0.000 0.000 0.000 0.000 0.000 0.000 0.000 0.000 0.000 0.000 0.000 0.000 0.000 0.000 0.000 0.000 0.000 0.000 0.000 0.000 0.000 0.000 0.010 0.017 0.025 0.033 0.041 0.049 0.052 0.054 0.055 0.056 0.056 0.056 0.056 0.055 0.053 0.052 0.051 0.049 0.048 0.045 0.042 0.040 0.039 0.038 0.038 0.038 0.037 0.037 0.036 0.036 0.035 0.035 0.034 0.033 0.033 0.032 0.031 0.030 0.030 0.029 0.028 0.027 0.026 0.025 0.023 0.022 0.020 0.019 0.016 0.014
0.000 0.000 0.000 0.000 0.000 0.000 0.000 0.000 0.000 0.000 0.000 0.000 0.000 0.000 0.000 0.000 0.000 0.000 0.000 0.000 0.000 0.000 0.000 0.000 0.000 0.000 0.000 0.012 0.019 0.027 0.035 0.043 0.048 0.036 0.052 0.055 0.056 0.056 0.056 0.056 0.000 0.052 0.052 0.051 0.048 0.047 0.044 0.042 0.040 0.039 0.039 0.038 0.038 0.037 0.037 0.036 0.035 0.035 0.034 0.033 0.033 0.032 0.031 0.030 0.029 0.029 0.028 0.027 0.025 0.024 0.023 0.021 0.020 0.018 0.015 0.012 0.012
0.000 0.000 0.000 0.000 0.000 0.000 0.000 0.000 0.000 0.000 0.000 0.000 0.000 0.000 0.000 0.000 0.000 0.000 0.000 0.000 0.000 0.000 0.000 0.000 0.000 0.000 0.000 0.014 0.021 0.030 0.038 0.045 0.052 0.052 0.054 0.055 0.056 0.056 0.056 0.000 0.000 0.000 0.000 0.000 0.047 0.046 0.043 0.041 0.040 0.039 0.039 0.038 0.038 0.037 0.036 0.036 0.035 0.034 0.034 0.033 0.032 0.031 0.030 0.029 0.028 0.027 0.026 0.025 0.024 0.022 0.021 0.019 0.016 0.013 0.013 0.012 0.012
0.000 0.000 0.000 0.000 0.000 0.000 0.000 0.000 0.000 0.000 0.000 0.000 0.000 0.000 0.000 0.000 0.000 0.000 0.000 0.000 0.000 0.000 0.000 0.000 0.000 0.000 0.008 0.016 0.024 0.032 0.040 0.048 0.056 0.055 0.056 0.056 0.056 0.056 0.000 0.000 0.000 0.000 0.000 0.000 0.000 0.000 0.041 0.040 0.040 0.039 0.039 0.038 0.037 0.037 0.036 0.035 0.035 0.034 0.033 0.032 0.031 0.030 0.029 0.028 0.027 0.026 0.025 0.023 0.022 0.020 0.017 0.014 0.013 0.013 0.013 0.013 0.013
0.000 0.000 0.000 0.000 0.000 0.000 0.000 0.000 0.000 0.000 0.000 0.000 0.000 0.000 0.000 0.000 0.000 0.000 0.000 0.000 0.000 0.000 0.000 0.000 0.000 0.000 0.010 0.018 0.026 0.034 0.042 0.050 0.057 0.057 0.057 0.057 0.057 0.056 0.000 0.000 0.000 0.000 0.000 0.000 0.000 0.000 0.040 0.040 0.039 0.039 0.038 0.038 0.037 0.036 0.036 0.035 0.034 0.033 0.032 0.031 0.030 0.029 0.028 0.027 0.025 0.024 0.022 0.021 0.018 0.016 0.014 0.014 0.013 0.013 0.013 0.013 0.015
0.000 0.000 0.000 0.000 0.000 0.000 0.000 0.000 0.000 0.000 0.000 0.000 0.000 0.000 0.000 0.000 0.000 0.000 0.000 0.000 0.000 0.000 0.000 0.000 0.000 0.000 0.012 0.020 0.028 0.036 0.045 0.053 0.058 0.058 0.058 0.058 0.058 0.000 0.000 0.000 0.000 0.000 0.039 0.039 0.040 0.040 0.040 0.039 0.039 0.039 0.038 0.037 0.037 0.036 0.035 0.034 0.033 0.032 0.031 0.030 0.029 0.028 0.026 0.025 0.023 0.022 0.019 0.017 0.014 0.014 0.014 0.014 0.014 0.014 0.014 0.015 0.018
0.000 0.000 0.000 0.000 0.000 0.000 0.000 0.000 0.000 0.000 0.000 0.000 0.000 0.000 0.000 0.000 0.000 0.000 0.000 0.000 0.000 0.000 0.000 0.000 0.000 0.000 0.014 0.022 0.030 0.038 0.047 0.055 0.059 0.059 0.058 0.059 0.059 0.000 0.000 0.000 0.000 0.000 0.000 0.039 0.039 0.039 0.039 0.039 0.039 0.038 0.038 0.037 0.037 0.036 0.035 0.034 0.033 0.032 0.030 0.029 0.028 0.026 0.024 0.023 0.020 0.018 0.015 0.015 0.014 0.014 0.014 0.014 0.014 0.014 0.015 0.018 0.024
0.000 0.000 0.000 0.000 0.000 0.000 0.000 0.000 0.000 0.000 0.000 0.000 0.000 0.000 0.000 0.000 0.000 0.000 0.000 0.000 0.000 0.000 0.000 0.000 0.000 0.000 0.016 0.024 0.032 0.041 0.049 0.058 0.059 0.059 0.059 0.059 0.059 0.000 0.000 0.000 0.000 0.000 0.000 0.000 0.000 0.000 0.039 0.039 0.038 0.038 0.038 0.037 0.036 0.035 0.034 0.033 0.032 0.030 0.029 0.027 0.026 0.024 0.021 0.019 0.016 0.015 0.015 0.015 0.015 0.015 0.014 0.015 0.015 0.016 0.019 0.024 0.028
0.000 0.000 0.000 0.000 0.000 0.000 0.000 0.000 0.000 0.000 0.000 0.000 0.000 0.000 0.000 0.000 0.000 0.000 0.000 0.000 0.000 0.000 0.000 0.000 0.000 0.010 0.018 0.026 0.034 0.043 0.051 0.060 0.060 0.060 0.060 0.060 0.000 0.000 0.000 0.000 0.000 0.000 0.000 0.000 0.000 0.000 0.000 0.000 0.038 0.038 0.038 0.037 0.036 0.035 0.034 0.032 0.031 0.029 0.027 0.025 0.023 0.020 0.017 0.016 0.016 0.015 0.015 0.015 0.015 0.015 0.015 0.016 0.018 0.021 0.027 0.033 0.032
0.000 0.000 0.000 0.000 0.000 0.000 0.000 0.000 0.000 0.000 0.000 0.000 0.000 0.000 0.000 0.000 0.000 0.000 0.000 0.000 0.000 0.000 0.000 0.000 0.000 0.011 0.020 0.028 0.036 0.045 0.053 0.061 0.061 0.060 0.060 0.061 0.000 0.000 0.000 0.000 0.000 0.000 0.000 0.000 0.000 0.000 0.000 0.000 0.000 0.000 0.000 0.036 0.035 0.035 0.033 0.031 0.029 0.027 0.024 0.021 0.018 0.017 0.016 0.016 0.016 0.016 0.015 0.015 0.016 0.016 0.018 0.020 0.025 0.030 0.037 0.042 0.038
0.000 0.000 0.000 0.000 0.000 0.000 0.000 0.000 0.000 0.000 0.000 0.000 0.000 0.000 0.000 0.000 0.000 0.000 0.003 0.000 0.000 0.000 0.000 0.000 0.000 0.013 0.022 0.030 0.038 0.047 0.056 0.061 0.061 0.061 0.061 0.061 0.000 0.000 0.000 0.000 0.000 0.000 0.000 0.000 0.000 0.000 0.000 0.000 0.000 0.000 0.000 0.000 0.000 0.000 0.031 0.030 0.026 0.023 0.020 0.017 0.017 0.017 0.016 0.016 0.016 0.016 0.016 0.017 0.018 0.020 0.024 0.029 0.035 0.042 0.049 0.048 0.044
0.000 0.000 0.000 0.000 0.000 0.000 0.000 0.000 0.000 0.000 0.000 0.000 0.000 0.000 0.000 0.000 0.000 0.001 0.002 0.002 0.004 0.000 0.000 0.000 0.000 0.015 0.024 0.032 0.040 0.048 0.057 0.061 0.062 0.061 0.062 0.061 0.000 0.000 0.000 0.000 0.000 0.000 0.000 0.000 0.000 0.000 0.000 0.000 0.000 0.000 0.000 0.000 0.000 0.000 0.000 0.000 0.019 0.017 0.017 0.017 0.017 0.017 0.017 0.017 0.017 0.017 0.018 0.020 0.023 0.028 0.034 0.041 0.048 0.054 0.060 0.055 0.051
0.003 0.000 0.000 0.000 0.000 0.000 0.000 0.000 0.000 0.000 0.000 0.000 0.000 0.000 0.000 0.000 0.000 0.001 0.002 0.002 0.003 0.005 0.000 0.000 0.000 0.017 0.025 0.033 0.041 0.050 0.058 0.061 0.061 0.062 0.062 0.000 0.000 0.000 0.000 0.000 0.000 0.000 0.000 0.000 0.000 0.000 0.000 0.000 0.000 0.000 0.000 0.000 0.000 0.000 0.000 0.000 0.015 0.016 0.016 0.017 0.017 0.017 0.017 0.017 0.018 0.020 0.022 0.027 0.033 0.039 0.046 0.053 0.060 0.067 0.067 0.063 0.058
0.011 0.007 0.003 0.000 0.000 0.000 0.000 0.000 0.000 0.000 0.000 0.000 0.000 0.000 0.000 0.000 0.000 0.001 0.002 0.002 0.003 0.004 0.004 0.006 0.011 0.019 0.027 0.034 0.043 0.052 0.060 0.062 0.062 0.062 0.062 0.000 0.000 0.000 0.000 0.000 0.000 0.000 0.000 0.000 0.000 0.000 0.000 0.000 0.000 0.000 0.000 0.000 0.000 0.000 0.000 0.000 0.013 0.015 0.016 0.016 0.017 0.017 0.018 0.019 0.022 0.026 0.032 0.038 0.044 0.051 0.058 0.066 0.073 0.079 0.075 0.070 0.065
0.021 0.016 0.011 0.006 0.000 0.000 0.000 0.000 0.000 0.000 0.000 0.000 0.000 0.001 0.001 0.001 0.001 0.001 0.001 0.002 0.003 0.003 0.004 0.007 0.013 0.020 0.028 0.036 0.045 0.054 0.062 0.062 0.062 0.063 0.061 0.000 0.000 0.000 0.000 0.000 0.000 0.000 0.000 0.000 0.000 0.000 0.000 0.000 0.000 0.000 0.000 0.000 0.000 0.000 0.000 0.002 0.011 0.014 0.015 0.016 0.017 0.019 0.021 0.025 0.030 0.036 0.043 0.050 0.057 0.064 0.071 0.079 0.086 0.086 0.082 0.077 0.073
0.032 0.027 0.021 0.015 0.010 0.005 0.002 0.000 0.000 0.000 0.000 0.000 0.001 0.001 0.001 0.001 0.001 0.001 0.001 0.002 0.002 0.003 0.004 0.008 0.015 0.021 0.030 0.039 0.047 0.056 0.062 0.061 0.061 0.063 0.061 0.000 0.000 0.000 0.000 0.000 0.000 0.000 0.000 0.000 0.000 0.000 0.000 0.000 0.000 0.000 0.000 0.000 0.000 0.000 0.000 0.002 0.010 0.013 0.015 0.017 0.020 0.024 0.029 0.035 0.042 0.049 0.055 0.063 0.070 0.077 0.084 0.000 0.000 0.094 0.089 0.085 0.080
0.000 0.000 0.030 0.025 0.020 0.015 0.010 0.005 0.002 0.001 0.001 0.001 0.001 0.001 0.001 0.001 0.001 0.001 0.001 0.001 0.002 0.003 0.004 0.009 0.016 0.024 0.032 0.041 0.049 0.057 0.062 0.062 0.062 0.062 0.000 0.000 0.000 0.000 0.000 0.000 0.000 0.000 0.000 0.000 0.000 0.000 0.000 0.000 0.000 0.000 0.000 0.000 0.000 0.000 0.000 0.003 0.010 0.014 0.017 0.022 0.028 0.034 0.041 0.047 0.054 0.061 0.068 0.075 0.083 0.090 0.000 0.000 0.000 0.000 0.000 0.092 0.088
