数据/100y_3h/100y_3h_res/100y_3h_178-0001.wd
ncols         694
nrows         824
xllcorner     581104.939801
yllcorner     3495917.092414
cellsize      2.000000
NODATA_value  -9999.000000
[rows 544 to 577 of 824, columns 308 to 384 of 694]
0.000 0.000 0.000 0.000 0.000 0.000 0.000 0.000 0.000 0.001 0.001 0.001 0.001 0.001 0.001 0.001 0.001 0.001 0.001 0.001 0.001 0.001 0.001 0.001 0.001 0.001 0.001 0.001 0.019 0.036 0.038 0.037 0.035 0.033 0.032 0.031 0.032 0.041 0.044 0.043 0.042 0.040 0.040 0.042 0.054 0.084 0.125 0.000 0.000 0.000 0.000 0.000 0.000 0.000 0.000 0.000 0.000 0.000 0.000 0.000 0.000 0.000 0.000 0.000 0.000 0.000 0.000 0.000 0.000 0.000 0.000 0.000 0.000 0.001 0.002 0.003 0.004
0.000 0.000 0.000 0.000 0.000 0.000 0.000 0.000 0.001 0.001 0.001 0.001 0.001 0.001 0.001 0.001 0.001 0.001 0.001 0.001 0.001 0.001 0.001 0.001 0.001 0.001 0.001 0.001 0.001 0.009 0.026 0.029 0.030 0.030 0.030 0.031 0.039 0.043 0.042 0.040 0.039 0.038 0.037 0.038 0.048 0.076 0.116 0.000 0.000 0.000 0.000 0.000 0.000 0.000 0.000 0.000 0.000 0.000 0.000 0.000 0.000 0.000 0.000 0.000 0.000 0.000 0.000 0.000 0.000 0.000 0.000 0.000 0.000 0.001 0.002 0.003 0.005
0.001 0.000 0.000 0.000 0.000 0.000 0.000 0.000 0.001 0.001 0.001 0.001 0.001 0.001 0.001 0.001 0.001 0.001 0.001 0.001 0.001 0.001 0.001 0.001 0.001 0.001 0.001 0.001 0.001 0.002 0.016 0.021 0.024 0.025 0.027 0.035 0.040 0.038 0.037 0.036 0.035 0.033 0.033 0.033 0.040 0.067 0.106 0.000 0.000 0.000 0.000 0.000 0.000 0.000 0.000 0.000 0.000 0.000 0.000 0.000 0.000 0.000 0.000 0.000 0.000 0.000 0.000 0.000 0.000 0.000 0.000 0.000 0.000 0.002 0.003 0.005 0.006
0.001 0.001 0.001 0.001 0.001 0.001 0.001 0.000 0.001 0.001 0.001 0.001 0.001 0.001 0.001 0.001 0.001 0.001 0.001 0.001 0.001 0.001 0.001 0.001 0.001 0.001 0.001 0.001 0.001 0.001 0.002 0.014 0.018 0.021 0.028 0.033 0.032 0.031 0.030 0.029 0.029 0.028 0.027 0.027 0.033 0.058 0.000 0.000 0.000 0.000 0.000 0.000 0.000 0.000 0.000 0.000 0.000 0.000 0.000 0.000 0.000 0.000 0.000 0.000 0.000 0.000 0.000 0.000 0.000 0.000 0.000 0.000 0.003 0.004 0.005 0.006 0.008
0.002 0.002 0.002 0.002 0.001 0.001 0.001 0.001 0.001 0.001 0.001 0.001 0.001 0.001 0.001 0.001 0.001 0.001 0.001 0.001 0.001 0.000 0.001 0.001 0.001 0.001 0.001 0.001 0.001 0.001 0.001 0.009 0.013 0.018 0.024 0.024 0.023 0.023 0.022 0.022 0.021 0.021 0.020 0.020 0.023 0.047 0.000 0.000 0.000 0.000 0.000 0.000 0.000 0.000 0.000 0.000 0.000 0.000 0.000 0.000 0.000 0.000 0.000 0.000 0.000 0.000 0.000 0.000 0.000 0.000 0.000 0.000 0.004 0.006 0.007 0.008 0.010
0.009 0.009 0.006 0.004 0.003 0.003 0.000 0.000 0.001 0.001 0.001 0.001 0.001 0.001 0.001 0.001 0.001 0.001 0.001 0.001 0.001 0.001 0.001 0.001 0.001 0.001 0.001 0.001 0.001 0.001 0.001 0.001 0.008 0.014 0.014 0.014 0.014 0.013 0.013 0.013 0.013 0.013 0.012 0.011 0.000 0.024 0.028 0.049 0.000 0.000 0.000 0.000 0.000 0.000 0.000 0.000 0.000 0.000 0.000 0.000 0.000 0.000 0.000 0.000 0.000 0.000 0.000 0.000 0.000 0.000 0.000 0.000 0.007 0.008 0.010 0.011 0.013
0.000 0.000 0.004 0.004 0.003 0.005 0.000 0.000 0.000 0.000 0.001 0.001 0.001 0.001 0.001 0.001 0.001 0.001 0.001 0.001 0.001 0.001 0.001 0.001 0.001 0.001 0.001 0.001 0.001 0.001 0.001 0.001 0.005 0.004 0.004 0.004 0.004 0.004 0.004 0.004 0.004 0.005 0.005 0.005 0.005 0.008 0.013 0.027 0.027 0.027 0.032 0.054 0.000 0.000 0.000 0.000 0.000 0.000 0.000 0.000 0.000 0.000 0.000 0.000 0.000 0.000 0.000 0.000 0.000 0.000 0.009 0.012 0.011 0.012 0.012 0.013 0.015
0.000 0.000 0.004 0.004 0.006 0.104 0.000 0.000 0.000 0.000 0.000 0.000 0.000 0.001 0.001 0.001 0.001 0.001 0.001 0.001 0.001 0.001 0.001 0.001 0.001 0.001 0.001 0.001 0.001 0.001 0.001 0.000 0.003 0.004 0.003 0.003 0.002 0.002 0.002 0.002 0.002 0.002 0.003 0.003 0.003 0.004 0.004 0.008 0.010 0.012 0.017 0.031 0.031 0.036 0.057 0.000 0.000 0.000 0.000 0.000 0.000 0.000 0.000 0.000 0.000 0.000 0.000 0.000 0.011 0.014 0.014 0.014 0.014 0.015 0.015 0.016 0.018
0.000 0.000 0.003 0.004 0.007 0.000 0.000 0.000 0.000 0.000 0.000 0.000 0.000 0.000 0.000 0.000 0.000 0.001 0.001 0.001 0.001 0.001 0.001 0.001 0.001 0.001 0.001 0.001 0.001 0.001 0.001 0.001 0.002 0.003 0.003 0.003 0.003 0.003 0.002 0.002 0.002 0.002 0.002 0.002 0.002 0.003 0.003 0.003 0.004 0.005 0.006 0.011 0.013 0.019 0.033 0.032 0.032 0.034 0.053 0.000 0.000 0.000 0.000 0.000 0.000 0.000 0.014 0.016 0.016 0.016 0.016 0.016 0.016 0.017 0.017 0.017 0.020
0.000 0.000 0.002 0.004 0.011 0.000 0.000 0.000 0.000 0.000 0.000 0.000 0.000 0.000 0.000 0.000 0.000 0.000 0.000 0.000 0.001 0.001 0.001 0.001 0.001 0.001 0.001 0.001 0.001 0.001 0.001 0.001 0.002 0.002 0.003 0.003 0.003 0.003 0.003 0.003 0.002 0.002 0.002 0.002 0.002 0.002 0.002 0.002 0.003 0.003 0.004 0.004 0.005 0.006 0.013 0.015 0.015 0.000 0.028 0.031 0.046 0.073 0.000 0.000 0.019 0.021 0.019 0.019 0.019 0.018 0.018 0.018 0.018 0.018 0.018 0.019 0.021
0.000 0.000 0.002 0.009 0.111 0.000 0.000 0.000 0.000 0.000 0.000 0.000 0.000 0.000 0.000 0.000 0.000 0.000 0.000 0.000 0.000 0.000 0.000 0.000 0.001 0.002 0.002 0.002 0.002 0.002 0.002 0.002 0.002 0.002 0.003 0.003 0.003 0.003 0.003 0.003 0.003 0.003 0.000 0.001 0.002 0.002 0.002 0.002 0.002 0.002 0.003 0.003 0.003 0.004 0.004 0.005 0.006 0.006 0.010 0.015 0.031 0.057 0.048 0.035 0.026 0.024 0.022 0.021 0.020 0.020 0.019 0.019 0.019 0.019 0.019 0.019 0.022
0.000 0.000 0.002 0.009 0.000 0.000 0.000 0.000 0.000 0.000 0.000 0.000 0.000 0.000 0.000 0.000 0.000 0.000 0.000 0.000 0.000 0.000 0.000 0.000 0.000 0.000 0.002 0.002 0.003 0.003 0.003 0.003 0.003 0.003 0.003 0.003 0.003 0.003 0.003 0.003 0.004 0.004 0.003 0.003 0.003 0.003 0.003 0.003 0.003 0.002 0.002 0.003 0.003 0.003 0.003 0.004 0.004 0.004 0.005 0.006 0.018 0.041 0.033 0.025 0.024 0.022 0.021 0.021 0.020 0.020 0.019 0.019 0.019 0.019 0.019 0.019 0.021
0.000 0.000 0.002 0.009 0.000 0.000 0.000 0.000 0.000 0.000 0.000 0.000 0.000 0.000 0.000 0.000 0.000 0.000 0.000 0.000 0.000 0.000 0.000 0.000 0.000 0.000 0.000 0.000 0.000 0.000 0.000 0.002 0.002 0.002 0.003 0.003 0.003 0.003 0.004 0.004 0.004 0.004 0.004 0.004 0.004 0.004 0.004 0.004 0.004 0.004 0.004 0.003 0.003 0.003 0.003 0.003 0.003 0.003 0.004 0.004 0.008 0.026 0.018 0.019 0.019 0.019 0.019 0.019 0.019 0.018 0.018 0.018 0.018 0.018 0.018 0.019 0.020
0.000 0.000 0.002 0.010 0.000 0.000 0.000 0.000 0.000 0.000 0.000 0.000 0.000 0.000 0.000 0.000 0.000 0.000 0.000 0.000 0.000 0.000 0.000 0.000 0.000 0.000 0.000 0.000 0.000 0.000 0.000 0.000 0.002 0.003 0.003 0.003 0.003 0.003 0.004 0.004 0.005 0.005 0.005 0.005 0.005 0.005 0.005 0.005 0.005 0.005 0.005 0.005 0.005 0.004 0.004 0.003 0.003 0.003 0.003 0.003 0.004 0.012 0.010 0.013 0.014 0.015 0.016 0.016 0.016 0.016 0.017 0.017 0.017 0.016 0.016 0.017 0.018
0.000 0.000 0.002 0.007 0.004 0.004 0.000 0.000 0.000 0.000 0.000 0.000 0.000 0.000 0.000 0.000 0.000 0.000 0.000 0.000 0.000 0.000 0.000 0.000 0.000 0.000 0.000 0.000 0.000 0.000 0.000 0.000 0.000 0.000 0.002 0.002 0.003 0.004 0.004 0.005 0.005 0.005 0.005 0.006 0.006 0.006 0.006 0.006 0.006 0.006 0.006 0.006 0.006 0.006 0.005 0.005 0.005 0.004 0.003 0.003 0.003 0.004 0.006 0.008 0.010 0.011 0.012 0.013 0.013 0.014 0.014 0.014 0.014 0.014 0.014 0.016 0.016
0.000 0.000 0.002 0.006 0.004 0.005 0.004 0.003 0.003 0.000 0.000 0.000 0.000 0.000 0.000 0.000 0.000 0.000 0.000 0.000 0.000 0.000 0.000 0.000 0.000 0.000 0.000 0.000 0.000 0.000 0.000 0.000 0.000 0.000 0.000 0.002 0.004 0.005 0.005 0.005 0.005 0.005 0.006 0.006 0.006 0.006 0.007 0.007 0.007 0.007 0.007 0.007 0.007 0.007 0.007 0.007 0.006 0.006 0.005 0.005 0.004 0.004 0.004 0.005 0.006 0.008 0.009 0.010 0.010 0.011 0.011 0.012 0.012 0.012 0.012 0.014 0.014
0.000 0.000 0.002 0.004 0.006 0.008 0.008 0.006 0.005 0.004 0.004 0.000 0.000 0.000 0.000 0.000 0.000 0.000 0.000 0.000 0.000 0.000 0.000 0.000 0.000 0.000 0.000 0.000 0.000 0.000 0.000 0.000 0.000 0.000 0.000 0.000 0.000 0.000 0.004 0.005 0.005 0.005 0.006 0.006 0.006 0.007 0.007 0.007 0.007 0.008 0.008 0.008 0.008 0.008 0.008 0.008 0.007 0.007 0.007 0.006 0.006 0.007 0.005 0.005 0.004 0.004 0.005 0.006 0.007 0.008 0.008 0.009 0.009 0.010 0.010 0.012 0.012
0.000 0.000 0.002 0.005 0.000 0.000 0.000 0.006 0.008 0.009 0.007 0.005 0.004 0.005 0.000 0.000 0.000 0.000 0.000 0.000 0.000 0.000 0.000 0.000 0.000 0.000 0.000 0.000 0.000 0.000 0.000 0.000 0.000 0.000 0.000 0.000 0.000 0.000 0.000 0.004 0.005 0.005 0.006 0.006 0.007 0.007 0.007 0.008 0.008 0.008 0.008 0.008 0.009 0.009 0.009 0.009 0.008 0.008 0.008 0.008 0.008 0.009 0.007 0.006 0.005 0.004 0.004 0.003 0.003 0.004 0.005 0.006 0.007 0.007 0.008 0.010 0.010
0.000 0.000 0.002 0.005 0.000 0.000 0.000 0.000 0.000 0.000 0.007 0.008 0.009 0.010 0.014 0.000 0.000 0.000 0.000 0.000 0.000 0.000 0.000 0.000 0.000 0.000 0.000 0.000 0.000 0.000 0.000 0.000 0.000 0.000 0.000 0.000 0.000 0.000 0.000 0.000 0.003 0.004 0.005 0.006 0.006 0.007 0.007 0.008 0.008 0.008 0.009 0.009 0.009 0.009 0.009 0.009 0.009 0.009 0.009 0.009 0.009 0.011 0.009 0.008 0.007 0.005 0.004 0.003 0.003 0.003 0.002 0.003 0.003 0.005 0.006 0.007 0.007
0.000 0.000 0.002 0.003 0.002 0.002 0.002 0.000 0.000 0.000 0.000 0.000 0.008 0.011 0.015 0.012 0.010 0.008 0.011 0.000 0.000 0.000 0.000 0.000 0.000 0.000 0.000 0.000 0.000 0.000 0.000 0.000 0.000 0.000 0.000 0.000 0.000 0.000 0.000 0.000 0.002 0.003 0.004 0.005 0.006 0.007 0.007 0.008 0.008 0.008 0.009 0.009 0.009 0.009 0.009 0.010 0.010 0.010 0.010 0.010 0.011 0.013 0.011 0.010 0.008 0.006 0.005 0.005 0.004 0.004 0.003 0.003 0.002 0.002 0.003 0.003 0.002
0.000 0.000 0.001 0.003 0.005 0.000 0.002 0.001 0.001 0.003 0.000 0.000 0.000 0.000 0.000 0.009 0.009 0.009 0.010 0.008 0.007 0.006 0.010 0.046 0.000 0.000 0.000 0.000 0.000 0.000 0.000 0.000 0.000 0.000 0.000 0.000 0.000 0.000 0.000 0.000 0.002 0.003 0.004 0.005 0.006 0.006 0.007 0.007 0.008 0.008 0.009 0.009 0.009 0.010 0.010 0.010 0.010 0.010 0.011 0.011 0.012 0.015 0.013 0.011 0.010 0.008 0.007 0.006 0.005 0.005 0.004 0.004 0.003 0.003 0.003 0.002 0.002
0.000 0.000 0.001 0.007 0.139 0.000 0.000 0.002 0.003 0.004 0.003 0.003 0.004 0.000 0.000 0.000 0.007 0.009 0.009 0.008 0.008 0.008 0.014 0.000 0.000 0.000 0.000 0.000 0.000 0.000 0.000 0.000 0.000 0.000 0.000 0.000 0.000 0.000 0.000 0.000 0.001 0.002 0.003 0.004 0.005 0.006 0.007 0.007 0.008 0.008 0.009 0.009 0.010 0.010 0.010 0.011 0.011 0.011 0.012 0.012 0.013 0.017 0.015 0.013 0.012 0.010 0.009 0.008 0.007 0.006 0.005 0.005 0.005 0.005 0.003 0.003 0.002
0.000 0.000 0.001 0.134 0.000 0.000 0.000 0.000 0.000 0.000 0.003 0.003 0.004 0.003 0.015 0.000 0.000 0.000 0.006 0.007 0.007 0.008 0.017 0.000 0.000 0.000 0.000 0.000 0.000 0.000 0.000 0.000 0.000 0.000 0.000 0.000 0.000 0.000 0.000 0.000 0.001 0.002 0.003 0.004 0.005 0.006 0.006 0.007 0.008 0.008 0.009 0.010 0.011 0.011 0.012 0.012 0.013 0.013 0.013 0.013 0.015 0.019 0.017 0.015 0.014 0.012 0.011 0.009 0.008 0.007 0.007 0.006 0.008 0.004 0.004 0.002 0.003
0.000 0.000 0.001 0.000 0.000 0.000 0.000 0.000 0.000 0.000 0.000 0.009 0.000 0.007 0.000 0.000 0.000 0.000 0.005 0.006 0.006 0.009 0.020 0.000 0.000 0.000 0.000 0.000 0.000 0.000 0.000 0.000 0.000 0.000 0.000 0.000 0.000 0.000 0.000 0.000 0.001 0.002 0.002 0.003 0.004 0.006 0.007 0.008 0.008 0.009 0.011 0.013 0.014 0.015 0.016 0.016 0.015 0.015 0.016 0.016 0.017 0.022 0.020 0.018 0.016 0.014 0.013 0.011 0.010 0.009 0.008 0.011 0.008 0.005 0.004 0.003 0.003
0.000 0.000 0.002 0.000 0.000 0.000 0.000 0.000 0.000 0.000 0.000 0.000 0.000 0.000 0.000 0.000 0.000 0.000 0.000 0.005 0.006 0.009 0.022 0.000 0.000 0.000 0.000 0.000 0.000 0.000 0.000 0.000 0.000 0.000 0.000 0.000 0.000 0.000 0.000 0.000 0.001 0.001 0.002 0.003 0.005 0.004 0.006 0.008 0.008 0.010 0.025 0.026 0.026 0.027 0.022 0.020 0.020 0.020 0.020 0.019 0.021 0.026 0.024 0.021 0.019 0.017 0.015 0.013 0.012 0.011 0.013 0.012 0.006 0.005 0.005 0.005 0.004
0.000 0.000 0.002 0.002 0.000 0.000 0.000 0.000 0.000 0.000 0.000 0.000 0.000 0.000 0.000 0.000 0.000 0.000 0.000 0.000 0.004 0.009 0.016 0.020 0.000 0.000 0.000 0.000 0.000 0.000 0.000 0.000 0.000 0.000 0.000 0.000 0.000 0.000 0.000 0.000 0.001 0.001 0.001 0.003 0.003 0.003 0.004 0.006 0.009 0.021 0.053 0.000 0.000 0.000 0.018 0.024 0.027 0.028 0.024 0.023 0.025 0.031 0.028 0.025 0.022 0.020 0.018 0.016 0.015 0.016 0.016 0.011 0.006 0.006 0.006 0.006 0.005
0.000 0.000 0.001 0.001 0.000 0.000 0.000 0.000 0.000 0.000 0.000 0.000 0.000 0.000 0.000 0.000 0.000 0.000 0.000 0.000 0.000 0.000 0.010 0.014 0.012 0.017 0.000 0.000 0.000 0.000 0.000 0.000 0.000 0.000 0.000 0.000 0.000 0.000 0.000 0.000 0.001 0.001 0.002 0.002 0.002 0.002 0.002 0.004 0.006 0.035 0.074 0.000 0.000 0.000 0.000 0.000 0.000 0.000 0.021 0.027 0.033 0.036 0.032 0.028 0.025 0.023 0.020 0.019 0.019 0.022 0.016 0.009 0.007 0.007 0.007 0.006 0.006
0.000 0.000 0.000 0.000 0.000 0.000 0.000 0.000 0.000 0.000 0.000 0.000 0.000 0.000 0.000 0.000 0.000 0.000 0.000 0.000 0.000 0.000 0.006 0.009 0.010 0.014 0.014 0.022 0.000 0.000 0.000 0.000 0.000 0.000 0.000 0.000 0.000 0.000 0.000 0.000 0.001 0.001 0.001 0.001 0.001 0.001 0.001 0.002 0.005 0.038 0.087 0.000 0.000 0.000 0.000 0.000 0.000 0.000 0.000 0.000 0.000 0.039 0.034 0.030 0.027 0.025 0.023 0.024 0.028 0.022 0.016 0.008 0.008 0.008 0.008 0.007 0.007
0.000 0.000 0.000 0.000 0.000 0.000 0.000 0.000 0.000 0.000 0.000 0.000 0.000 0.000 0.000 0.000 0.000 0.000 0.000 0.000 0.000 0.000 0.004 0.007 0.010 0.013 0.015 0.022 0.028 0.000 0.000 0.000 0.000 0.000 0.000 0.000 0.000 0.000 0.000 0.000 0.000 0.000 0.000 0.000 0.001 0.001 0.001 0.001 0.005 0.041 0.000 0.000 0.000 0.000 0.000 0.000 0.000 0.000 0.000 0.000 0.000 0.000 0.029 0.028 0.027 0.026 0.027 0.032 0.029 0.022 0.014 0.010 0.010 0.009 0.009 0.008 0.008
0.000 0.000 0.000 0.000 0.000 0.000 0.000 0.000 0.000 0.000 0.000 0.000 0.000 0.000 0.000 0.000 0.000 0.000 0.000 0.000 0.000 0.000 0.010 0.000 0.000 0.000 0.000 0.000 0.021 0.018 0.023 0.000 0.000 0.000 0.000 0.000 0.000 0.000 0.000 0.000 0.000 0.000 0.000 0.000 0.000 0.001 0.001 0.001 0.007 0.045 0.000 0.000 0.000 0.000 0.000 0.000 0.000 0.000 0.000 0.000 0.000 0.007 0.025 0.027 0.028 0.029 0.034 0.034 0.028 0.021 0.012 0.011 0.011 0.010 0.010 0.009 0.009
0.000 0.000 0.000 0.000 0.000 0.000 0.000 0.000 0.000 0.000 0.000 0.000 0.000 0.000 0.000 0.000 0.000 0.000 0.000 0.000 0.000 0.000 0.000 0.000 0.000 0.000 0.000 0.000 0.000 0.013 0.016 0.013 0.011 0.010 0.008 0.006 0.003 0.001 0.000 0.000 0.000 0.000 0.000 0.000 0.000 0.000 0.001 0.001 0.012 0.000 0.000 0.000 0.000 0.000 0.000 0.000 0.000 0.000 0.000 0.000 0.000 0.008 0.023 0.026 0.029 0.034 0.038 0.032 0.026 0.019 0.012 0.012 0.011 0.011 0.011 0.010 0.010
0.000 0.000 0.000 0.000 0.000 0.000 0.000 0.000 0.000 0.000 0.000 0.000 0.000 0.000 0.000 0.000 0.000 0.000 0.000 0.000 0.000 0.000 0.000 0.000 0.000 0.000 0.000 0.000 0.000 0.000 0.009 0.010 0.009 0.009 0.008 0.005 0.002 0.000 0.000 0.000 0.000 0.000 0.000 0.000 0.000 0.000 0.000 0.002 0.016 0.000 0.000 0.000 0.000 0.000 0.000 0.000 0.000 0.000 0.000 0.000 0.000 0.009 0.022 0.027 0.033 0.041 0.036 0.031 0.025 0.016 0.013 0.012 0.012 0.011 0.011 0.011 0.010
0.000 0.000 0.000 0.000 0.000 0.000 0.000 0.000 0.000 0.000 0.000 0.000 0.000 0.000 0.000 0.000 0.000 0.000 0.000 0.000 0.000 0.000 0.000 0.000 0.000 0.000 0.000 0.000 0.000 0.000 0.005 0.006 0.007 0.010 0.000 0.000 0.000 0.000 0.000 0.000 0.000 0.000 0.000 0.000 0.000 0.000 0.000 0.007 0.000 0.000 0.000 0.000 0.000 0.000 0.000 0.000 0.000 0.000 0.000 0.000 0.001 0.010 0.023 0.031 0.041 0.038 0.034 0.028 0.022 0.013 0.013 0.012 0.012 0.011 0.011 0.011 0.011
0.000 0.000 0.000 0.000 0.000 0.000 0.000 0.000 0.000 0.000 0.000 0.000 0.000 0.000 0.000 0.000 0.000 0.000 0.000 0.000 0.000 0.000 0.000 0.000 0.000 0.000 0.000 0.000 0.000 0.000 0.003 0.003 0.003 0.000 0.000 0.000 0.000 0.000 0.000 0.000 0.000 0.000 0.000 0.000 0.000 0.000 0.000 0.010 0.000 0.000 0.000 0.000 0.000 0.000 0.000 0.000 0.000 0.000 0.000 0.000 0.001 0.012 0.027 0.038 0.039 0.036 0.031 0.026 0.018 0.013 0.013 0.012 0.012 0.011 0.011 0.011 0.011
