数据/LID_S2_50y/LID_S2_res/LID_S2_192-0001.wd
ncols         694
nrows         824
xllcorner     581104.939801
yllcorner     3495917.092414
cellsize      2.000000
NODATA_value  -9999.000000
[rows 442 to 475 of 824, columns 385 to 461 of 694]
0.000 0.000 0.000 0.011 0.007 0.003 0.000 0.000 0.000 0.000 0.000 0.000 0.000 0.000 0.000 0.001 0.001 0.001 0.001 0.001 0.001 0.002 0.002 0.003 0.003 0.003 0.003 0.004 0.007 0.014 0.017 0.017 0.017 0.017 0.000 0.000 0.000 0.000 0.000 0.000 0.000 0.000 0.000 0.000 0.000 0.000 0.000 0.000 0.000 0.000 0.000 0.000 0.000 0.000 0.000 0.000 0.003 0.004 0.005 0.006 0.008 0.013 0.019 0.026 0.033 0.040 0.047 0.054 0.062 0.069 0.000 0.000 0.000 0.000 0.000 0.000 0.000
0.000 0.000 0.000 0.000 0.000 0.014 0.010 0.005 0.002 0.001 0.000 0.000 0.000 0.001 0.001 0.001 0.001 0.001 0.001 0.001 0.001 0.001 0.002 0.002 0.003 0.003 0.003 0.004 0.007 0.015 0.016 0.016 0.017 0.017 0.000 0.000 0.000 0.000 0.000 0.000 0.000 0.000 0.000 0.000 0.000 0.000 0.000 0.000 0.000 0.000 0.000 0.000 0.000 0.000 0.000 0.000 0.003 0.004 0.007 0.011 0.018 0.025 0.032 0.039 0.046 0.053 0.060 0.067 0.075 0.082 0.089 0.091 0.000 0.000 0.000 0.000 0.000
0.000 0.000 0.000 0.000 0.000 0.000 0.000 0.014 0.009 0.004 0.002 0.001 0.001 0.001 0.001 0.001 0.001 0.001 0.001 0.001 0.001 0.001 0.002 0.002 0.003 0.003 0.003 0.004 0.006 0.015 0.015 0.015 0.016 0.000 0.000 0.000 0.000 0.000 0.000 0.000 0.000 0.000 0.000 0.000 0.000 0.000 0.000 0.000 0.000 0.000 0.000 0.000 0.000 0.000 0.000 0.002 0.006 0.010 0.017 0.023 0.030 0.037 0.045 0.052 0.059 0.066 0.073 0.080 0.088 0.095 0.102 0.098 0.094 0.089 0.085 0.000 0.000
0.000 0.000 0.000 0.000 0.000 0.000 0.000 0.000 0.016 0.014 0.010 0.005 0.002 0.001 0.001 0.001 0.001 0.001 0.001 0.001 0.001 0.001 0.001 0.002 0.002 0.003 0.003 0.003 0.000 0.014 0.014 0.014 0.014 0.000 0.000 0.000 0.000 0.000 0.000 0.000 0.000 0.000 0.000 0.000 0.000 0.000 0.000 0.000 0.000 0.000 0.000 0.000 0.000 0.000 0.000 0.000 0.000 0.023 0.000 0.000 0.043 0.050 0.058 0.065 0.072 0.079 0.086 0.094 0.101 0.108 0.110 0.106 0.101 0.097 0.092 0.088 0.083
0.000 0.000 0.000 0.000 0.000 0.000 0.000 0.000 0.000 0.000 0.015 0.013 0.010 0.006 0.002 0.001 0.001 0.001 0.001 0.001 0.001 0.001 0.001 0.001 0.002 0.002 0.003 0.003 0.006 0.012 0.013 0.013 0.013 0.000 0.000 0.000 0.000 0.000 0.000 0.000 0.000 0.000 0.000 0.000 0.000 0.000 0.000 0.000 0.000 0.000 0.000 0.000 0.000 0.000 0.000 0.000 0.000 0.000 0.000 0.000 0.000 0.000 0.000 0.000 0.085 0.092 0.100 0.106 0.113 0.121 0.118 0.113 0.109 0.104 0.100 0.095 0.090
0.000 0.000 0.000 0.000 0.000 0.000 0.000 0.000 0.000 0.000 0.000 0.017 0.015 0.013 0.011 0.007 0.003 0.002 0.001 0.001 0.001 0.001 0.001 0.001 0.001 0.002 0.003 0.004 0.008 0.011 0.011 0.011 0.011 0.008 0.007 0.006 0.000 0.000 0.000 0.000 0.000 0.000 0.000 0.000 0.000 0.000 0.000 0.000 0.000 0.000 0.000 0.000 0.000 0.000 0.000 0.000 0.000 0.000 0.000 0.000 0.000 0.000 0.000 0.000 0.000 0.000 0.000 0.000 0.127 0.129 0.125 0.121 0.116 0.113 0.107 0.103 0.098
0.000 0.000 0.000 0.000 0.000 0.000 0.000 0.000 0.000 0.000 0.000 0.000 0.000 0.017 0.015 0.012 0.009 0.007 0.003 0.002 0.001 0.001 0.001 0.001 0.001 0.002 0.002 0.004 0.007 0.010 0.010 0.010 0.009 0.007 0.005 0.004 0.003 0.002 0.002 0.002 0.000 0.000 0.000 0.000 0.000 0.000 0.000 0.000 0.000 0.000 0.000 0.000 0.000 0.000 0.000 0.000 0.000 0.000 0.000 0.000 0.000 0.000 0.000 0.000 0.000 0.000 0.000 0.000 0.000 0.000 0.000 0.128 0.124 0.119 0.114 0.110 0.106
0.000 0.000 0.000 0.000 0.000 0.000 0.000 0.000 0.000 0.000 0.000 0.000 0.000 0.000 0.000 0.015 0.013 0.010 0.007 0.005 0.002 0.002 0.001 0.001 0.001 0.001 0.002 0.003 0.006 0.007 0.008 0.008 0.006 0.004 0.004 0.004 0.003 0.003 0.002 0.002 0.002 0.002 0.002 0.000 0.000 0.000 0.000 0.000 0.000 0.000 0.000 0.000 0.000 0.000 0.000 0.000 0.000 0.000 0.000 0.000 0.000 0.000 0.000 0.000 0.000 0.000 0.000 0.000 0.000 0.000 0.000 0.000 0.000 0.000 0.000 0.118 0.113
0.000 0.000 0.000 0.000 0.000 0.000 0.000 0.000 0.000 0.000 0.000 0.000 0.000 0.000 0.000 0.000 0.016 0.014 0.010 0.007 0.004 0.003 0.002 0.002 0.001 0.001 0.001 0.002 0.004 0.005 0.006 0.005 0.005 0.005 0.004 0.004 0.004 0.003 0.003 0.003 0.002 0.002 0.002 0.002 0.002 0.002 0.002 0.000 0.000 0.000 0.000 0.000 0.000 0.000 0.000 0.000 0.000 0.000 0.000 0.000 0.000 0.000 0.000 0.000 0.000 0.000 0.000 0.000 0.000 0.000 0.000 0.000 0.000 0.000 0.000 0.000 0.000
0.000 0.000 0.000 0.000 0.000 0.000 0.000 0.000 0.000 0.000 0.000 0.000 0.000 0.000 0.000 0.000 0.000 0.000 0.010 0.007 0.005 0.004 0.003 0.002 0.002 0.002 0.001 0.002 0.003 0.003 0.004 0.004 0.005 0.005 0.005 0.004 0.004 0.004 0.003 0.003 0.003 0.003 0.003 0.002 0.002 0.002 0.002 0.002 0.002 0.002 0.002 0.001 0.000 0.000 0.000 0.000 0.000 0.000 0.000 0.000 0.000 0.000 0.000 0.000 0.000 0.000 0.000 0.000 0.000 0.000 0.000 0.000 0.000 0.000 0.000 0.000 0.000
0.000 0.000 0.000 0.000 0.000 0.000 0.000 0.000 0.000 0.000 0.000 0.000 0.000 0.000 0.000 0.000 0.000 0.000 0.010 0.008 0.006 0.004 0.003 0.000 0.002 0.002 0.002 0.002 0.002 0.003 0.004 0.004 0.005 0.005 0.005 0.005 0.004 0.004 0.004 0.003 0.003 0.003 0.003 0.003 0.003 0.002 0.002 0.002 0.002 0.002 0.002 0.002 0.002 0.001 0.000 0.000 0.000 0.000 0.000 0.000 0.000 0.000 0.000 0.000 0.000 0.000 0.000 0.000 0.000 0.000 0.000 0.000 0.000 0.000 0.000 0.000 0.000
0.000 0.000 0.000 0.000 0.000 0.000 0.000 0.000 0.000 0.000 0.000 0.000 0.000 0.000 0.000 0.000 0.000 0.000 0.010 0.008 0.006 0.005 0.004 0.003 0.003 0.003 0.002 0.002 0.001 0.003 0.004 0.005 0.005 0.005 0.005 0.005 0.005 0.005 0.004 0.004 0.004 0.004 0.003 0.003 0.003 0.001 0.002 0.002 0.002 0.002 0.002 0.002 0.002 0.002 0.002 0.001 0.000 0.000 0.000 0.000 0.000 0.000 0.000 0.000 0.000 0.000 0.000 0.000 0.000 0.000 0.000 0.000 0.000 0.000 0.000 0.000 0.000
0.000 0.000 0.000 0.000 0.000 0.000 0.000 0.000 0.000 0.000 0.000 0.000 0.000 0.000 0.000 0.000 0.000 0.000 0.009 0.008 0.006 0.005 0.004 0.003 0.003 0.003 0.002 0.002 0.002 0.003 0.004 0.004 0.005 0.005 0.005 0.006 0.006 0.006 0.005 0.005 0.005 0.004 0.004 0.004 0.003 0.002 0.002 0.002 0.002 0.002 0.002 0.002 0.002 0.002 0.002 0.002 0.002 0.001 0.000 0.000 0.000 0.000 0.000 0.000 0.000 0.000 0.000 0.000 0.000 0.000 0.000 0.000 0.000 0.000 0.000 0.000 0.000
0.000 0.000 0.000 0.000 0.000 0.000 0.000 0.000 0.000 0.000 0.000 0.000 0.000 0.000 0.000 0.000 0.000 0.007 0.008 0.007 0.006 0.005 0.004 0.004 0.003 0.003 0.002 0.002 0.002 0.003 0.003 0.004 0.005 0.005 0.005 0.006 0.006 0.006 0.006 0.006 0.006 0.006 0.005 0.005 0.004 0.003 0.003 0.003 0.003 0.003 0.003 0.003 0.003 0.003 0.003 0.002 0.002 0.002 0.002 0.002 0.001 0.000 0.000 0.000 0.000 0.000 0.000 0.000 0.000 0.000 0.000 0.000 0.000 0.000 0.000 0.000 0.000
0.000 0.000 0.000 0.000 0.000 0.000 0.000 0.000 0.000 0.000 0.000 0.000 0.000 0.000 0.000 0.000 0.000 0.008 0.008 0.007 0.006 0.005 0.004 0.004 0.003 0.003 0.002 0.002 0.002 0.003 0.003 0.004 0.004 0.005 0.005 0.006 0.006 0.006 0.006 0.006 0.006 0.006 0.006 0.005 0.005 0.005 0.004 0.004 0.004 0.004 0.004 0.003 0.003 0.003 0.003 0.003 0.003 0.002 0.002 0.002 0.002 0.002 0.002 0.002 0.002 0.002 0.001 0.000 0.000 0.000 0.000 0.000 0.000 0.000 0.000 0.000 0.000
0.000 0.000 0.000 0.000 0.000 0.000 0.000 0.000 0.000 0.000 0.000 0.000 0.000 0.000 0.000 0.000 0.000 0.009 0.008 0.007 0.006 0.005 0.004 0.004 0.003 0.003 0.002 0.002 0.002 0.003 0.003 0.004 0.004 0.005 0.005 0.005 0.006 0.006 0.006 0.006 0.006 0.006 0.006 0.006 0.005 0.005 0.005 0.005 0.005 0.005 0.005 0.004 0.004 0.004 0.004 0.004 0.003 0.003 0.003 0.003 0.003 0.003 0.003 0.003 0.004 0.002 0.002 0.000 0.000 0.000 0.000 0.000 0.000 0.000 0.000 0.000 0.000
0.000 0.000 0.000 0.000 0.000 0.000 0.000 0.000 0.000 0.000 0.000 0.000 0.000 0.000 0.000 0.000 0.000 0.009 0.008 0.007 0.006 0.005 0.004 0.004 0.003 0.003 0.002 0.002 0.002 0.003 0.003 0.004 0.004 0.004 0.005 0.005 0.005 0.006 0.006 0.006 0.006 0.006 0.006 0.006 0.006 0.005 0.005 0.005 0.005 0.005 0.005 0.005 0.005 0.005 0.005 0.005 0.004 0.004 0.004 0.004 0.004 0.004 0.005 0.007 0.007 0.000 0.002 0.000 0.000 0.000 0.000 0.000 0.000 0.000 0.000 0.000 0.000
0.000 0.000 0.000 0.000 0.000 0.000 0.000 0.000 0.000 0.000 0.000 0.000 0.000 0.000 0.000 0.000 0.007 0.008 0.008 0.007 0.006 0.005 0.004 0.004 0.003 0.002 0.002 0.002 0.002 0.003 0.003 0.004 0.004 0.004 0.005 0.005 0.005 0.006 0.006 0.006 0.006 0.006 0.006 0.006 0.006 0.006 0.006 0.006 0.005 0.005 0.005 0.005 0.005 0.005 0.005 0.005 0.005 0.005 0.005 0.006 0.007 0.009 0.012 0.016 0.009 0.003 0.002 0.002 0.001 0.001 0.000 0.000 0.000 0.000 0.000 0.000 0.000
0.000 0.000 0.000 0.000 0.000 0.000 0.000 0.000 0.000 0.000 0.000 0.000 0.000 0.000 0.000 0.000 0.008 0.008 0.008 0.007 0.006 0.005 0.004 0.004 0.003 0.002 0.002 0.002 0.002 0.003 0.003 0.004 0.004 0.004 0.005 0.005 0.005 0.006 0.006 0.007 0.007 0.007 0.007 0.007 0.007 0.007 0.006 0.006 0.006 0.006 0.006 0.006 0.006 0.006 0.006 0.006 0.006 0.006 0.007 0.010 0.014 0.018 0.021 0.021 0.025 0.021 0.015 0.010 0.007 0.005 0.003 0.002 0.002 0.001 0.000 0.000 0.000
0.000 0.000 0.000 0.000 0.000 0.000 0.000 0.000 0.000 0.000 0.000 0.000 0.000 0.000 0.000 0.000 0.009 0.008 0.008 0.007 0.006 0.005 0.004 0.004 0.003 0.002 0.002 0.002 0.002 0.003 0.003 0.004 0.004 0.004 0.005 0.005 0.006 0.007 0.008 0.008 0.008 0.008 0.008 0.008 0.008 0.008 0.007 0.007 0.007 0.007 0.007 0.007 0.007 0.007 0.007 0.007 0.008 0.010 0.014 0.018 0.023 0.022 0.019 0.017 0.019 0.023 0.025 0.027 0.029 0.022 0.016 0.011 0.008 0.005 0.003 0.002 0.002
0.056 0.054 0.052 0.000 0.000 0.000 0.000 0.000 0.000 0.000 0.000 0.000 0.000 0.000 0.000 0.009 0.009 0.008 0.008 0.007 0.006 0.005 0.004 0.004 0.002 0.002 0.002 0.002 0.002 0.003 0.003 0.004 0.004 0.004 0.005 0.006 0.009 0.014 0.013 0.011 0.010 0.010 0.011 0.010 0.010 0.009 0.009 0.009 0.008 0.008 0.008 0.008 0.008 0.008 0.009 0.010 0.013 0.018 0.022 0.023 0.022 0.020 0.018 0.014 0.015 0.017 0.019 0.021 0.024 0.027 0.029 0.031 0.030 0.023 0.017 0.012 0.008
0.061 0.058 0.056 0.054 0.051 0.049 0.000 0.000 0.000 0.000 0.000 0.000 0.000 0.000 0.000 0.012 0.011 0.009 0.008 0.007 0.006 0.005 0.004 0.004 0.002 0.002 0.002 0.002 0.002 0.003 0.003 0.004 0.004 0.004 0.006 0.010 0.017 0.024 0.000 0.011 0.013 0.015 0.015 0.013 0.012 0.012 0.011 0.011 0.010 0.010 0.010 0.010 0.010 0.011 0.013 0.017 0.021 0.024 0.022 0.021 0.020 0.018 0.016 0.013 0.012 0.013 0.014 0.015 0.017 0.020 0.022 0.024 0.028 0.030 0.032 0.034 0.030
0.065 0.063 0.061 0.058 0.056 0.053 0.050 0.048 0.045 0.043 0.000 0.000 0.000 0.000 0.000 0.015 0.014 0.012 0.010 0.008 0.007 0.006 0.005 0.004 0.002 0.002 0.002 0.002 0.002 0.003 0.003 0.004 0.004 0.006 0.012 0.018 0.026 0.000 0.000 0.000 0.000 0.000 0.000 0.013 0.015 0.016 0.013 0.013 0.013 0.013 0.013 0.013 0.014 0.016 0.020 0.024 0.022 0.021 0.020 0.019 0.018 0.016 0.015 0.011 0.011 0.011 0.011 0.011 0.012 0.014 0.015 0.018 0.020 0.022 0.025 0.027 0.030
0.000 0.000 0.000 0.062 0.060 0.058 0.055 0.052 0.050 0.047 0.044 0.040 0.038 0.000 0.000 0.020 0.018 0.015 0.012 0.010 0.008 0.006 0.005 0.003 0.002 0.002 0.002 0.002 0.002 0.003 0.003 0.004 0.006 0.012 0.020 0.000 0.000 0.000 0.000 0.000 0.000 0.000 0.000 0.000 0.000 0.000 0.014 0.016 0.018 0.018 0.016 0.017 0.020 0.024 0.022 0.021 0.020 0.019 0.018 0.017 0.016 0.014 0.013 0.010 0.009 0.009 0.009 0.009 0.009 0.010 0.011 0.012 0.013 0.015 0.017 0.020 0.022
0.000 0.000 0.000 0.000 0.000 0.000 0.059 0.057 0.055 0.052 0.048 0.045 0.042 0.037 0.031 0.025 0.021 0.018 0.014 0.011 0.009 0.007 0.005 0.003 0.002 0.002 0.002 0.002 0.002 0.003 0.003 0.005 0.012 0.020 0.000 0.000 0.000 0.000 0.000 0.000 0.000 0.000 0.000 0.000 0.000 0.000 0.000 0.000 0.000 0.000 0.018 0.022 0.022 0.021 0.019 0.018 0.017 0.016 0.015 0.014 0.013 0.012 0.011 0.008 0.007 0.007 0.007 0.007 0.007 0.007 0.008 0.008 0.009 0.010 0.011 0.013 0.015
0.000 0.000 0.000 0.000 0.000 0.000 0.000 0.000 0.000 0.000 0.052 0.049 0.046 0.041 0.034 0.028 0.023 0.019 0.016 0.012 0.010 0.007 0.005 0.002 0.002 0.002 0.002 0.003 0.003 0.003 0.004 0.009 0.019 0.000 0.000 0.000 0.000 0.000 0.000 0.000 0.000 0.000 0.000 0.000 0.000 0.000 0.000 0.000 0.000 0.000 0.000 0.000 0.000 0.000 0.013 0.014 0.013 0.012 0.012 0.011 0.010 0.010 0.009 0.007 0.006 0.006 0.005 0.005 0.006 0.006 0.006 0.006 0.006 0.006 0.007 0.007 0.009
0.000 0.000 0.000 0.000 0.000 0.000 0.000 0.000 0.000 0.000 0.000 0.000 0.000 0.000 0.035 0.029 0.024 0.020 0.016 0.013 0.010 0.007 0.005 0.003 0.001 0.002 0.003 0.003 0.003 0.003 0.005 0.011 0.000 0.000 0.000 0.000 0.000 0.000 0.000 0.000 0.000 0.000 0.000 0.000 0.000 0.000 0.000 0.000 0.000 0.000 0.000 0.000 0.000 0.000 0.000 0.000 0.000 0.007 0.008 0.008 0.007 0.007 0.006 0.005 0.004 0.004 0.004 0.004 0.004 0.004 0.004 0.004 0.005 0.005 0.005 0.005 0.005
0.000 0.000 0.000 0.000 0.000 0.000 0.000 0.000 0.000 0.000 0.000 0.000 0.000 0.000 0.000 0.025 0.022 0.019 0.016 0.012 0.009 0.007 0.004 0.003 0.003 0.003 0.003 0.003 0.003 0.004 0.007 0.015 0.000 0.000 0.000 0.000 0.000 0.000 0.000 0.000 0.000 0.000 0.000 0.000 0.000 0.000 0.000 0.000 0.000 0.000 0.000 0.000 0.000 0.000 0.000 0.000 0.000 0.000 0.000 0.000 0.000 0.003 0.003 0.003 0.002 0.002 0.003 0.003 0.003 0.003 0.003 0.003 0.003 0.003 0.003 0.003 0.003
0.000 0.000 0.000 0.000 0.000 0.000 0.000 0.000 0.000 0.000 0.000 0.000 0.000 0.000 0.019 0.021 0.020 0.018 0.015 0.012 0.009 0.007 0.004 0.003 0.003 0.003 0.003 0.004 0.004 0.006 0.013 0.022 0.000 0.000 0.000 0.000 0.000 0.000 0.000 0.000 0.000 0.000 0.000 0.000 0.000 0.000 0.000 0.000 0.000 0.000 0.000 0.000 0.000 0.000 0.000 0.000 0.000 0.000 0.000 0.000 0.000 0.000 0.000 0.000 0.001 0.001 0.001 0.001 0.001 0.001 0.001 0.001 0.001 0.001 0.001 0.001 0.001
0.000 0.000 0.000 0.000 0.000 0.000 0.000 0.000 0.000 0.000 0.000 0.000 0.000 0.000 0.020 0.020 0.019 0.017 0.014 0.011 0.009 0.006 0.004 0.004 0.004 0.004 0.004 0.004 0.005 0.011 0.020 0.029 0.000 0.000 0.000 0.000 0.000 0.000 0.000 0.000 0.000 0.000 0.000 0.000 0.000 0.000 0.000 0.000 0.000 0.000 0.000 0.000 0.000 0.000 0.000 0.000 0.000 0.000 0.000 0.000 0.000 0.000 0.000 0.000 0.000 0.000 0.000 0.000 0.000 0.000 0.000 0.000 0.000 0.001 0.001 0.001 0.001
0.000 0.000 0.000 0.000 0.000 0.000 0.000 0.000 0.000 0.000 0.000 0.000 0.000 0.000 0.020 0.019 0.018 0.016 0.014 0.011 0.009 0.006 0.004 0.004 0.004 0.004 0.004 0.005 0.010 0.018 0.026 0.000 0.000 0.000 0.000 0.000 0.000 0.000 0.000 0.000 0.000 0.000 0.000 0.000 0.000 0.000 0.000 0.000 0.000 0.000 0.000 0.000 0.000 0.000 0.000 0.000 0.000 0.000 0.000 0.000 0.000 0.000 0.000 0.000 0.000 0.000 0.000 0.000 0.000 0.000 0.000 0.000 0.000 0.000 0.000 0.000 0.000
0.000 0.000 0.000 0.000 0.000 0.000 0.000 0.000 0.000 0.000 0.000 0.000 0.000 0.000 0.020 0.019 0.017 0.016 0.014 0.011 0.009 0.005 0.005 0.004 0.005 0.005 0.005 0.009 0.016 0.025 0.033 0.000 0.000 0.000 0.000 0.000 0.000 0.000 0.000 0.000 0.000 0.000 0.000 0.000 0.000 0.000 0.000 0.000 0.000 0.000 0.000 0.000 0.000 0.000 0.000 0.000 0.000 0.000 0.000 0.000 0.000 0.000 0.000 0.000 0.000 0.000 0.000 0.000 0.000 0.000 0.000 0.000 0.000 0.000 0.000 0.000 0.000
0.000 0.000 0.000 0.000 0.000 0.000 0.000 0.000 0.000 0.000 0.000 0.000 0.000 0.016 0.018 0.018 0.017 0.015 0.013 0.011 0.008 0.005 0.005 0.005 0.005 0.005 0.008 0.015 0.023 0.032 0.041 0.000 0.000 0.000 0.000 0.000 0.000 0.000 0.000 0.000 0.000 0.000 0.000 0.000 0.000 0.000 0.000 0.000 0.000 0.000 0.000 0.000 0.000 0.000 0.000 0.000 0.000 0.000 0.000 0.000 0.000 0.000 0.000 0.000 0.000 0.000 0.000 0.000 0.000 0.000 0.000 0.000 0.000 0.000 0.000 0.000 0.000
0.000 0.000 0.000 0.000 0.000 0.000 0.000 0.000 0.000 0.000 0.000 0.000 0.000 0.018 0.017 0.017 0.016 0.015 0.013 0.011 0.008 0.005 0.005 0.005 0.006 0.008 0.014 0.022 0.030 0.039 0.000 0.000 0.000 0.000 0.000 0.000 0.000 0.000 0.000 0.000 0.000 0.000 0.000 0.000 0.000 0.000 0.000 0.000 0.000 0.000 0.000 0.000 0.000 0.000 0.000 0.000 0.000 0.000 0.000 0.000 0.000 0.000 0.000 0.000 0.000 0.000 0.000 0.000 0.000 0.000 0.000 0.000 0.000 0.000 0.000 0.000 0.000
