数据/LID_S2_50y/LID_S2_res/LID_S2_149-0001.wd
ncols         694
nrows         824
xllcorner     581104.939801
yllcorner     3495917.092414
cellsize      2.000000
NODATA_value  -9999.000000
[rows 714 to 747 of 824, columns 154 to 230 of 694]
0.000 0.000 0.000 0.000 0.000 0.000 0.000 0.002 0.003 0.004 0.005 0.006 0.007 0.008 0.008 0.009 0.009 0.009 0.009 0.008 0.000 0.001 0.063 0.060 0.056 0.054 0.052 0.049 0.045 0.041 0.037 0.033 0.000 0.000 0.000 0.000 0.000 0.000 0.000 0.000 0.000 0.000 0.000 0.002 0.015 0.024 0.033 0.043 0.053 0.000 0.000 0.000 0.000 0.000 0.000 0.000 0.000 0.000 0.151 0.162 0.173 0.172 0.150 0.130 0.139 0.055 0.001 0.000 0.000 0.000 0.000 0.000 0.000 0.000 0.000 0.000 0.000
0.000 0.000 0.000 0.000 0.000 0.000 0.002 0.003 0.004 0.005 0.006 0.007 0.008 0.009 0.009 0.010 0.011 0.011 0.011 0.011 0.011 0.010 0.000 0.080 0.078 0.076 0.073 0.069 0.065 0.060 0.055 0.050 0.044 0.041 0.000 0.000 0.000 0.000 0.000 0.000 0.000 0.000 0.000 0.032 0.075 0.086 0.096 0.107 0.117 0.000 0.000 0.000 0.000 0.000 0.000 0.000 0.000 0.000 0.214 0.209 0.186 0.163 0.140 0.132 0.142 0.097 0.012 0.000 0.000 0.000 0.000 0.000 0.000 0.000 0.000 0.000 0.000
0.000 0.000 0.000 0.000 0.000 0.001 0.003 0.004 0.005 0.006 0.007 0.008 0.009 0.010 0.010 0.011 0.012 0.012 0.013 0.014 0.014 0.015 0.014 0.001 0.001 0.098 0.094 0.090 0.085 0.079 0.073 0.067 0.062 0.058 0.054 0.000 0.000 0.000 0.000 0.000 0.000 0.000 0.019 0.074 0.129 0.148 0.159 0.169 0.180 0.000 0.000 0.000 0.000 0.000 0.000 0.000 0.000 0.248 0.224 0.201 0.177 0.154 0.131 0.134 0.144 0.140 0.054 0.000 0.000 0.000 0.000 0.000 0.000 0.000 0.000 0.000 0.000
0.000 0.000 0.000 0.000 0.000 0.002 0.004 0.005 0.006 0.007 0.008 0.009 0.010 0.010 0.011 0.012 0.013 0.014 0.014 0.016 0.017 0.018 0.020 0.022 0.025 0.001 0.116 0.110 0.105 0.098 0.092 0.086 0.081 0.077 0.073 0.069 0.066 0.000 0.000 0.000 0.000 0.008 0.059 0.115 0.171 0.211 0.222 0.232 0.000 0.000 0.000 0.000 0.000 0.000 0.000 0.000 0.000 0.239 0.215 0.191 0.168 0.145 0.128 0.137 0.147 0.156 0.099 0.013 0.000 0.000 0.000 0.000 0.000 0.000 0.000 0.000 0.000
0.000 0.000 0.000 0.000 0.001 0.003 0.005 0.006 0.007 0.008 0.008 0.009 0.010 0.011 0.012 0.013 0.013 0.014 0.016 0.017 0.019 0.021 0.024 0.030 0.040 0.059 0.001 0.130 0.124 0.116 0.110 0.104 0.100 0.096 0.093 0.089 0.086 0.083 0.000 0.029 0.029 0.053 0.101 0.158 0.214 0.270 0.285 0.295 0.000 0.000 0.000 0.000 0.000 0.000 0.000 0.000 0.000 0.230 0.206 0.182 0.159 0.136 0.131 0.140 0.150 0.159 0.143 0.057 0.000 0.000 0.000 0.000 0.000 0.000 0.000 0.000 0.000
0.000 0.000 0.000 0.000 0.001 0.003 0.005 0.006 0.007 0.008 0.009 0.010 0.011 0.011 0.012 0.013 0.014 0.015 0.016 0.018 0.020 0.022 0.025 0.029 0.034 0.040 0.026 0.000 0.000 0.132 0.128 0.124 0.120 0.116 0.113 0.110 0.106 0.103 0.096 0.070 0.075 0.094 0.144 0.200 0.256 0.312 0.348 0.358 0.000 0.000 0.000 0.000 0.000 0.000 0.000 0.000 0.000 0.220 0.197 0.174 0.150 0.126 0.134 0.143 0.153 0.162 0.171 0.102 0.000 0.000 0.000 0.000 0.000 0.000 0.000 0.000 0.000
0.000 0.000 0.000 0.000 0.001 0.003 0.005 0.006 0.007 0.008 0.009 0.010 0.011 0.012 0.012 0.013 0.014 0.015 0.017 0.018 0.020 0.022 0.024 0.026 0.029 0.030 0.024 0.017 0.012 0.001 0.146 0.143 0.140 0.136 0.133 0.130 0.128 0.125 0.122 0.000 0.000 0.131 0.187 0.242 0.298 0.354 0.409 0.421 0.432 0.409 0.000 0.000 0.000 0.000 0.000 0.000 0.235 0.211 0.188 0.164 0.141 0.128 0.137 0.146 0.156 0.165 0.175 0.146 0.000 0.000 0.000 0.000 0.000 0.000 0.000 0.000 0.000
0.000 0.000 0.000 0.000 0.001 0.003 0.005 0.006 0.007 0.008 0.009 0.010 0.011 0.012 0.013 0.013 0.014 0.015 0.017 0.018 0.019 0.021 0.022 0.024 0.025 0.025 0.022 0.018 0.014 0.010 0.000 0.162 0.160 0.157 0.153 0.151 0.149 0.147 0.000 0.000 0.000 0.000 0.228 0.284 0.340 0.396 0.451 0.447 0.423 0.398 0.376 0.351 0.000 0.000 0.000 0.000 0.226 0.203 0.179 0.155 0.132 0.131 0.140 0.149 0.159 0.168 0.177 0.000 0.000 0.000 0.000 0.000 0.000 0.000 0.000 0.000 0.000
0.000 0.000 0.000 0.000 0.001 0.003 0.005 0.006 0.007 0.008 0.009 0.010 0.011 0.012 0.013 0.013 0.014 0.015 0.016 0.017 0.019 0.020 0.021 0.022 0.022 0.022 0.020 0.018 0.015 0.012 0.009 0.001 0.000 0.177 0.174 0.171 0.170 0.000 0.000 0.000 0.000 0.000 0.000 0.326 0.382 0.406 0.427 0.000 0.000 0.391 0.366 0.342 0.318 0.294 0.000 0.000 0.217 0.193 0.170 0.146 0.125 0.134 0.143 0.153 0.162 0.171 0.180 0.000 0.000 0.000 0.000 0.000 0.000 0.000 0.000 0.000 0.000
0.000 0.000 0.000 0.000 0.001 0.003 0.005 0.006 0.007 0.008 0.009 0.010 0.011 0.012 0.013 0.013 0.014 0.015 0.016 0.017 0.018 0.019 0.019 0.020 0.020 0.020 0.018 0.017 0.015 0.013 0.011 0.008 0.006 0.001 0.194 0.190 0.000 0.000 0.000 0.000 0.000 0.000 0.000 0.339 0.360 0.382 0.404 0.000 0.000 0.000 0.000 0.333 0.308 0.284 0.258 0.232 0.208 0.184 0.160 0.136 0.128 0.137 0.146 0.155 0.165 0.174 0.183 0.000 0.000 0.000 0.000 0.000 0.000 0.000 0.000 0.000 0.000
0.000 0.000 0.000 0.000 0.001 0.003 0.005 0.006 0.007 0.008 0.009 0.010 0.011 0.012 0.012 0.013 0.014 0.015 0.015 0.016 0.017 0.018 0.018 0.019 0.019 0.018 0.017 0.016 0.014 0.013 0.011 0.009 0.008 0.005 0.000 0.205 0.196 0.000 0.000 0.000 0.000 0.000 0.000 0.315 0.338 0.359 0.381 0.394 0.000 0.000 0.000 0.000 0.000 0.273 0.249 0.223 0.198 0.174 0.151 0.126 0.130 0.139 0.148 0.158 0.167 0.176 0.000 0.000 0.000 0.000 0.000 0.000 0.000 0.000 0.000 0.000 0.000
0.000 0.000 0.000 0.000 0.001 0.003 0.005 0.006 0.007 0.008 0.009 0.010 0.011 0.011 0.012 0.013 0.013 0.014 0.015 0.015 0.016 0.017 0.017 0.017 0.017 0.017 0.016 0.015 0.014 0.013 0.011 0.010 0.009 0.007 0.005 0.000 0.212 0.208 0.000 0.000 0.000 0.000 0.000 0.000 0.314 0.000 0.000 0.374 0.361 0.000 0.000 0.000 0.000 0.000 0.000 0.211 0.187 0.164 0.140 0.124 0.132 0.141 0.151 0.160 0.169 0.179 0.000 0.000 0.000 0.000 0.000 0.000 0.000 0.000 0.000 0.000 0.000
0.000 0.000 0.000 0.000 0.001 0.003 0.005 0.006 0.007 0.008 0.009 0.010 0.010 0.011 0.012 0.012 0.013 0.014 0.014 0.015 0.015 0.016 0.016 0.016 0.016 0.016 0.015 0.014 0.013 0.012 0.011 0.010 0.009 0.008 0.006 0.004 0.000 0.226 0.242 0.000 0.000 0.000 0.000 0.000 0.000 0.000 0.000 0.000 0.340 0.000 0.000 0.000 0.000 0.000 0.222 0.200 0.177 0.153 0.130 0.125 0.134 0.143 0.152 0.161 0.171 0.181 0.000 0.000 0.000 0.000 0.000 0.000 0.000 0.000 0.000 0.000 0.000
0.000 0.000 0.000 0.000 0.001 0.003 0.005 0.006 0.007 0.008 0.008 0.009 0.010 0.011 0.011 0.012 0.012 0.013 0.014 0.014 0.014 0.015 0.015 0.015 0.015 0.015 0.014 0.013 0.013 0.012 0.011 0.010 0.009 0.008 0.006 0.005 0.003 0.001 0.214 0.230 0.000 0.000 0.000 0.000 0.000 0.000 0.000 0.000 0.321 0.000 0.000 0.000 0.000 0.000 0.212 0.189 0.166 0.143 0.119 0.127 0.136 0.145 0.154 0.162 0.171 0.000 0.000 0.000 0.000 0.000 0.000 0.000 0.000 0.000 0.000 0.000 0.000
0.000 0.000 0.000 0.000 0.000 0.002 0.004 0.005 0.006 0.007 0.008 0.009 0.010 0.010 0.011 0.011 0.012 0.012 0.013 0.013 0.014 0.014 0.014 0.014 0.014 0.014 0.013 0.013 0.012 0.011 0.011 0.010 0.009 0.008 0.006 0.005 0.003 0.001 0.000 0.201 0.216 0.000 0.000 0.000 0.000 0.000 0.000 0.307 0.301 0.000 0.000 0.000 0.000 0.221 0.202 0.179 0.156 0.132 0.120 0.128 0.137 0.146 0.155 0.163 0.171 0.177 0.186 0.000 0.000 0.000 0.000 0.000 0.000 0.000 0.000 0.000 0.000
0.000 0.000 0.000 0.000 0.000 0.001 0.003 0.004 0.005 0.006 0.007 0.008 0.009 0.010 0.010 0.011 0.011 0.012 0.012 0.013 0.013 0.013 0.013 0.013 0.013 0.013 0.012 0.012 0.011 0.011 0.010 0.009 0.008 0.007 0.006 0.005 0.003 0.001 0.000 0.000 0.185 0.199 0.000 0.000 0.000 0.000 0.000 0.000 0.000 0.000 0.000 0.000 0.000 0.201 0.189 0.169 0.145 0.121 0.121 0.130 0.139 0.148 0.157 0.165 0.173 0.181 0.188 0.196 0.204 0.000 0.000 0.000 0.000 0.000 0.000 0.000 0.000
0.000 0.000 0.000 0.000 0.000 0.000 0.002 0.003 0.004 0.005 0.006 0.007 0.008 0.009 0.010 0.010 0.011 0.011 0.012 0.012 0.012 0.012 0.012 0.012 0.012 0.012 0.012 0.011 0.011 0.010 0.010 0.009 0.008 0.007 0.006 0.005 0.003 0.001 0.000 0.000 0.000 0.167 0.178 0.197 0.000 0.000 0.000 0.000 0.000 0.000 0.000 0.000 0.191 0.180 0.168 0.156 0.135 0.115 0.123 0.132 0.141 0.150 0.159 0.168 0.176 0.184 0.191 0.199 0.206 0.214 0.222 0.000 0.000 0.000 0.000 0.000 0.000
0.000 0.000 0.000 0.000 0.000 0.000 0.000 0.002 0.003 0.004 0.005 0.006 0.007 0.008 0.009 0.010 0.010 0.011 0.011 0.011 0.011 0.012 0.012 0.012 0.012 0.011 0.011 0.011 0.010 0.010 0.009 0.008 0.007 0.006 0.005 0.004 0.002 0.000 0.000 0.000 0.000 0.000 0.152 0.170 0.188 0.000 0.000 0.000 0.000 0.000 0.000 0.000 0.171 0.159 0.147 0.135 0.122 0.117 0.126 0.135 0.144 0.153 0.162 0.170 0.179 0.187 0.195 0.202 0.209 0.217 0.225 0.233 0.184 0.000 0.000 0.000 0.000
0.000 0.000 0.000 0.000 0.000 0.000 0.000 0.000 0.002 0.003 0.004 0.005 0.006 0.007 0.008 0.009 0.010 0.010 0.010 0.011 0.011 0.011 0.011 0.011 0.011 0.011 0.010 0.010 0.009 0.009 0.008 0.007 0.006 0.005 0.004 0.003 0.001 0.000 0.000 0.000 0.000 0.000 0.000 0.143 0.160 0.178 0.000 0.000 0.000 0.000 0.000 0.163 0.151 0.139 0.127 0.114 0.111 0.116 0.126 0.136 0.146 0.156 0.165 0.174 0.183 0.000 0.000 0.000 0.211 0.220 0.228 0.236 0.228 0.141 0.073 0.000 0.000
0.000 0.000 0.000 0.000 0.000 0.000 0.000 0.000 0.000 0.002 0.003 0.004 0.005 0.006 0.007 0.008 0.009 0.009 0.010 0.010 0.010 0.010 0.010 0.010 0.010 0.010 0.010 0.009 0.009 0.008 0.007 0.006 0.005 0.004 0.003 0.002 0.000 0.000 0.000 0.000 0.000 0.000 0.000 0.000 0.133 0.151 0.169 0.000 0.000 0.000 0.000 0.143 0.130 0.118 0.111 0.111 0.111 0.113 0.123 0.134 0.144 0.154 0.164 0.174 0.184 0.000 0.000 0.000 0.000 0.000 0.230 0.239 0.247 0.185 0.143 0.103 0.000
0.000 0.000 0.000 0.000 0.000 0.000 0.000 0.000 0.000 0.000 0.002 0.003 0.004 0.005 0.006 0.007 0.008 0.008 0.009 0.009 0.009 0.009 0.009 0.009 0.009 0.009 0.009 0.008 0.008 0.007 0.006 0.005 0.004 0.003 0.002 0.000 0.000 0.000 0.000 0.000 0.000 0.000 0.000 0.000 0.109 0.125 0.142 0.159 0.000 0.149 0.136 0.123 0.110 0.110 0.110 0.110 0.110 0.111 0.121 0.132 0.142 0.151 0.162 0.172 0.000 0.000 0.000 0.000 0.000 0.000 0.000 0.239 0.248 0.253 0.213 0.174 0.000
0.000 0.000 0.000 0.000 0.000 0.000 0.000 0.000 0.000 0.000 0.000 0.002 0.003 0.004 0.005 0.006 0.007 0.008 0.008 0.008 0.008 0.008 0.008 0.008 0.008 0.008 0.008 0.008 0.007 0.006 0.005 0.004 0.003 0.002 0.000 0.000 0.000 0.000 0.000 0.000 0.000 0.000 0.000 0.000 0.000 0.101 0.115 0.130 0.145 0.130 0.116 0.110 0.109 0.109 0.109 0.109 0.109 0.110 0.119 0.129 0.139 0.149 0.159 0.000 0.000 0.000 0.000 0.000 0.000 0.000 0.000 0.000 0.000 0.258 0.253 0.242 0.200
0.000 0.000 0.000 0.000 0.000 0.000 0.000 0.000 0.000 0.000 0.000 0.000 0.002 0.003 0.004 0.005 0.006 0.007 0.007 0.007 0.007 0.007 0.007 0.007 0.007 0.007 0.007 0.007 0.006 0.005 0.004 0.003 0.002 0.000 0.000 0.000 0.000 0.000 0.000 0.000 0.000 0.000 0.000 0.000 0.000 0.000 0.091 0.105 0.120 0.112 0.110 0.109 0.108 0.108 0.108 0.108 0.108 0.108 0.115 0.126 0.137 0.147 0.157 0.000 0.000 0.000 0.000 0.000 0.000 0.000 0.000 0.000 0.000 0.000 0.000 0.250 0.244
0.000 0.000 0.000 0.000 0.000 0.000 0.000 0.000 0.000 0.000 0.000 0.000 0.000 0.002 0.003 0.004 0.005 0.006 0.006 0.006 0.006 0.006 0.006 0.006 0.006 0.006 0.006 0.006 0.005 0.004 0.003 0.002 0.000 0.000 0.000 0.000 0.000 0.000 0.000 0.000 0.000 0.000 0.000 0.000 0.000 0.000 0.000 0.081 0.097 0.110 0.108 0.107 0.107 0.107 0.106 0.107 0.107 0.107 0.112 0.123 0.134 0.144 0.000 0.000 0.000 0.000 0.000 0.000 0.000 0.000 0.000 0.000 0.000 0.000 0.000 0.000 0.000
0.000 0.000 0.000 0.000 0.000 0.000 0.000 0.000 0.000 0.000 0.000 0.000 0.000 0.000 0.002 0.003 0.004 0.005 0.005 0.005 0.005 0.005 0.005 0.005 0.005 0.005 0.005 0.005 0.004 0.003 0.002 0.000 0.000 0.000 0.000 0.000 0.000 0.000 0.000 0.000 0.000 0.000 0.000 0.000 0.000 0.000 0.000 0.000 0.074 0.091 0.106 0.105 0.105 0.105 0.105 0.105 0.105 0.105 0.109 0.120 0.131 0.142 0.000 0.000 0.000 0.000 0.000 0.000 0.000 0.000 0.000 0.000 0.000 0.000 0.000 0.000 0.000
0.000 0.000 0.000 0.000 0.000 0.000 0.000 0.000 0.000 0.000 0.000 0.000 0.000 0.000 0.000 0.001 0.002 0.003 0.003 0.003 0.003 0.003 0.003 0.003 0.003 0.003 0.003 0.003 0.002 0.001 0.000 0.000 0.000 0.000 0.000 0.000 0.000 0.000 0.000 0.000 0.000 0.000 0.000 0.000 0.000 0.000 0.000 0.000 0.000 0.053 0.087 0.103 0.103 0.103 0.102 0.102 0.102 0.103 0.105 0.116 0.127 0.000 0.000 0.000 0.000 0.000 0.000 0.000 0.000 0.000 0.000 0.000 0.000 0.000 0.000 0.000 0.000
0.000 0.000 0.000 0.000 0.000 0.000 0.000 0.000 0.000 0.000 0.000 0.000 0.000 0.000 0.000 0.000 0.000 0.001 0.001 0.001 0.001 0.001 0.001 0.001 0.001 0.001 0.001 0.001 0.000 0.000 0.000 0.000 0.000 0.000 0.000 0.000 0.000 0.000 0.000 0.000 0.000 0.000 0.000 0.000 0.000 0.000 0.000 0.000 0.000 0.000 0.067 0.087 0.101 0.100 0.099 0.098 0.098 0.099 0.101 0.112 0.124 0.000 0.000 0.000 0.000 0.000 0.000 0.000 0.000 0.000 0.000 0.000 0.000 0.000 0.000 0.000 0.000
0.000 0.000 0.000 0.000 0.000 0.000 0.000 0.000 0.000 0.000 0.000 0.000 0.000 0.000 0.000 0.000 0.000 0.000 0.000 0.000 0.000 0.000 0.000 0.000 0.000 0.000 0.000 0.000 0.000 0.000 0.000 0.000 0.000 0.000 0.000 0.000 0.000 0.000 0.000 0.000 0.000 0.000 0.000 0.000 0.000 0.000 0.000 0.000 0.000 0.000 0.045 0.065 0.085 0.098 0.096 0.093 0.091 0.093 0.096 0.108 0.000 0.000 0.000 0.000 0.000 0.000 0.000 0.000 0.000 0.000 0.000 0.000 0.000 0.000 0.000 0.000 0.000
0.000 0.000 0.000 0.000 0.000 0.000 0.000 0.000 0.000 0.000 0.000 0.000 0.000 0.000 0.000 0.000 0.000 0.000 0.000 0.000 0.000 0.000 0.000 0.000 0.000 0.000 0.000 0.000 0.000 0.000 0.000 0.000 0.000 0.000 0.000 0.000 0.000 0.000 0.000 0.000 0.000 0.000 0.000 0.000 0.000 0.000 0.000 0.000 0.000 0.000 0.000 0.043 0.062 0.080 0.091 0.086 0.072 0.082 0.085 0.000 0.000 0.000 0.000 0.000 0.000 0.000 0.000 0.000 0.000 0.000 0.000 0.000 0.000 0.000 0.000 0.000 0.000
0.000 0.000 0.000 0.000 0.000 0.000 0.000 0.000 0.000 0.000 0.000 0.000 0.000 0.000 0.000 0.000 0.000 0.000 0.000 0.000 0.000 0.000 0.000 0.000 0.000 0.000 0.000 0.000 0.000 0.000 0.000 0.000 0.000 0.000 0.000 0.000 0.000 0.000 0.000 0.000 0.000 0.000 0.000 0.000 0.000 0.000 0.000 0.000 0.000 0.000 0.000 0.021 0.039 0.057 0.073 0.082 0.076 0.076 0.075 0.073 0.000 0.000 0.000 0.000 0.000 0.000 0.000 0.000 0.000 0.000 0.000 0.000 0.000 0.000 0.000 0.000 0.000
0.000 0.000 0.000 0.000 0.000 0.000 0.000 0.000 0.000 0.000 0.000 0.000 0.000 0.000 0.000 0.000 0.000 0.000 0.000 0.000 0.000 0.000 0.000 0.000 0.000 0.000 0.000 0.000 0.000 0.000 0.000 0.000 0.000 0.000 0.000 0.000 0.000 0.000 0.000 0.000 0.000 0.000 0.000 0.000 0.000 0.000 0.000 0.000 0.000 0.000 0.000 0.002 0.015 0.033 0.049 0.065 0.075 0.073 0.070 0.066 0.069 0.000 0.000 0.000 0.000 0.000 0.000 0.000 0.000 0.000 0.000 0.000 0.000 0.000 0.000 0.000 0.000
0.000 0.000 0.000 0.000 0.000 0.000 0.000 0.000 0.000 0.000 0.000 0.000 0.000 0.000 0.000 0.000 0.000 0.000 0.000 0.000 0.000 0.000 0.000 0.000 0.000 0.000 0.000 0.000 0.000 0.000 0.000 0.000 0.000 0.000 0.000 0.000 0.000 0.000 0.000 0.000 0.000 0.000 0.000 0.000 0.000 0.000 0.000 0.000 0.000 0.000 0.000 0.000 0.002 0.009 0.025 0.042 0.059 0.069 0.065 0.059 0.060 0.055 0.056 0.000 0.000 0.000 0.000 0.000 0.000 0.000 0.000 0.000 0.000 0.000 0.000 0.000 0.000
0.000 0.000 0.000 0.000 0.000 0.000 0.000 0.000 0.000 0.000 0.000 0.000 0.000 0.000 0.000 0.000 0.000 0.000 0.000 0.000 0.000 0.000 0.000 0.000 0.000 0.000 0.000 0.000 0.000 0.000 0.000 0.000 0.000 0.000 0.000 0.000 0.000 0.000 0.000 0.000 0.000 0.000 0.000 0.000 0.000 0.000 0.000 0.000 0.000 0.000 0.000 0.000 0.000 0.001 0.004 0.019 0.036 0.053 0.060 0.053 0.051 0.047 0.049 0.052 0.000 0.000 0.000 0.000 0.000 0.000 0.000 0.000 0.000 0.000 0.000 0.000 0.000
0.000 0.000 0.000 0.000 0.000 0.000 0.000 0.000 0.000 0.000 0.000 0.000 0.000 0.000 0.000 0.000 0.000 0.000 0.000 0.000 0.000 0.000 0.000 0.000 0.000 0.000 0.000 0.000 0.000 0.000 0.000 0.000 0.000 0.000 0.000 0.000 0.000 0.000 0.000 0.000 0.000 0.000 0.000 0.000 0.000 0.000 0.000 0.000 0.000 0.000 0.000 0.000 0.000 0.000 0.000 0.002 0.012 0.029 0.043 0.047 0.041 0.040 0.042 0.045 0.047 0.000 0.000 0.000 0.000 0.000 0.000 0.000 0.000 0.000 0.000 0.000 0.000
