数据/LID_PP_50y/LID_PP_res2/LID_PP_136-0001.wd
ncols         694
nrows         824
xllcorner     581104.939801
yllcorner     3495917.092414
cellsize      2.000000
NODATA_value  -9999.000000
[rows 408 to 441 of 824, columns 385 to 461 of 694]
0.000 0.000 0.000 0.000 0.000 0.000 0.000 0.000 0.000 0.000 0.000 0.000 0.000 0.000 0.000 0.000 0.000 0.000 0.000 0.000 0.000 0.000 0.000 0.000 0.000 0.000 0.000 0.000 0.000 0.000 0.000 0.000 0.054 0.063 0.070 0.079 0.086 0.085 0.079 0.087 0.088 0.089 0.088 0.000 0.000 0.000 0.000 0.000 0.000 0.000 0.034 0.033 0.033 0.033 0.033 0.031 0.026 0.022 0.017 0.012 0.007 0.001 0.000 0.000 0.000 0.000 0.000 0.000 0.000 0.000 0.000 0.000 0.000 0.000 0.000 0.000 0.000
0.000 0.000 0.000 0.000 0.000 0.000 0.000 0.000 0.000 0.000 0.000 0.000 0.000 0.000 0.000 0.000 0.000 0.000 0.000 0.000 0.000 0.000 0.000 0.000 0.000 0.000 0.000 0.000 0.000 0.000 0.000 0.048 0.056 0.065 0.073 0.081 0.086 0.086 0.086 0.086 0.088 0.088 0.088 0.000 0.000 0.000 0.000 0.000 0.000 0.033 0.034 0.033 0.033 0.033 0.033 0.033 0.033 0.029 0.024 0.020 0.015 0.010 0.004 0.000 0.000 0.000 0.000 0.000 0.000 0.000 0.000 0.000 0.000 0.000 0.000 0.000 0.000
0.000 0.000 0.000 0.000 0.000 0.000 0.000 0.000 0.000 0.000 0.000 0.000 0.000 0.000 0.000 0.000 0.000 0.000 0.000 0.000 0.000 0.000 0.000 0.000 0.000 0.000 0.000 0.000 0.000 0.000 0.000 0.050 0.058 0.067 0.074 0.083 0.087 0.087 0.087 0.087 0.088 0.089 0.088 0.000 0.000 0.000 0.000 0.000 0.000 0.034 0.034 0.034 0.034 0.034 0.033 0.033 0.033 0.033 0.032 0.027 0.022 0.017 0.012 0.007 0.001 0.000 0.000 0.000 0.000 0.000 0.000 0.000 0.000 0.000 0.000 0.000 0.000
0.000 0.000 0.000 0.000 0.000 0.000 0.000 0.000 0.000 0.000 0.000 0.000 0.000 0.000 0.000 0.000 0.000 0.000 0.000 0.000 0.000 0.000 0.000 0.000 0.000 0.000 0.000 0.000 0.000 0.000 0.000 0.052 0.060 0.068 0.076 0.085 0.088 0.088 0.088 0.088 0.088 0.088 0.088 0.000 0.000 0.000 0.000 0.000 0.000 0.034 0.034 0.034 0.034 0.034 0.034 0.033 0.033 0.033 0.033 0.033 0.030 0.025 0.020 0.015 0.010 0.004 0.000 0.000 0.000 0.000 0.000 0.000 0.000 0.000 0.000 0.000 0.000
0.000 0.000 0.000 0.000 0.000 0.000 0.000 0.000 0.000 0.000 0.000 0.000 0.000 0.000 0.000 0.000 0.000 0.000 0.000 0.000 0.000 0.000 0.000 0.000 0.000 0.000 0.000 0.000 0.000 0.000 0.000 0.054 0.062 0.071 0.079 0.087 0.088 0.089 0.089 0.089 0.089 0.089 0.000 0.000 0.000 0.000 0.000 0.000 0.000 0.034 0.034 0.034 0.034 0.034 0.034 0.034 0.033 0.033 0.033 0.033 0.032 0.032 0.027 0.022 0.017 0.012 0.007 0.000 0.000 0.000 0.000 0.000 0.000 0.000 0.000 0.000 0.000
0.000 0.000 0.000 0.000 0.000 0.000 0.000 0.000 0.000 0.000 0.000 0.000 0.000 0.000 0.000 0.000 0.000 0.000 0.000 0.000 0.000 0.000 0.000 0.000 0.000 0.000 0.000 0.000 0.000 0.000 0.046 0.056 0.064 0.073 0.081 0.089 0.089 0.090 0.090 0.090 0.089 0.089 0.000 0.000 0.000 0.000 0.000 0.000 0.035 0.035 0.035 0.035 0.034 0.034 0.034 0.034 0.033 0.033 0.033 0.033 0.032 0.032 0.031 0.029 0.024 0.019 0.014 0.009 0.002 0.000 0.000 0.000 0.000 0.000 0.000 0.000 0.000
0.000 0.000 0.000 0.000 0.000 0.000 0.000 0.000 0.000 0.000 0.000 0.000 0.000 0.000 0.000 0.000 0.000 0.000 0.000 0.000 0.000 0.000 0.000 0.000 0.000 0.000 0.000 0.000 0.000 0.000 0.049 0.058 0.066 0.075 0.083 0.089 0.090 0.090 0.090 0.091 0.091 0.091 0.000 0.000 0.000 0.000 0.000 0.000 0.035 0.035 0.035 0.035 0.035 0.035 0.034 0.034 0.034 0.033 0.033 0.033 0.032 0.032 0.031 0.031 0.030 0.026 0.021 0.016 0.010 0.004 0.000 0.000 0.000 0.000 0.000 0.000 0.000
0.000 0.000 0.000 0.000 0.000 0.000 0.000 0.000 0.000 0.000 0.000 0.000 0.000 0.000 0.000 0.000 0.000 0.000 0.000 0.000 0.000 0.000 0.000 0.000 0.000 0.000 0.000 0.000 0.000 0.000 0.052 0.060 0.069 0.077 0.085 0.090 0.089 0.089 0.091 0.091 0.092 0.000 0.000 0.000 0.000 0.000 0.000 0.000 0.036 0.036 0.036 0.035 0.035 0.035 0.035 0.034 0.034 0.033 0.033 0.033 0.032 0.032 0.031 0.030 0.030 0.029 0.028 0.023 0.017 0.012 0.006 0.000 0.000 0.000 0.000 0.000 0.000
0.000 0.000 0.000 0.000 0.000 0.000 0.000 0.000 0.000 0.000 0.000 0.000 0.000 0.000 0.000 0.000 0.000 0.000 0.000 0.000 0.000 0.000 0.000 0.000 0.000 0.000 0.000 0.000 0.000 0.000 0.053 0.062 0.070 0.079 0.087 0.089 0.089 0.089 0.091 0.091 0.092 0.000 0.000 0.000 0.000 0.000 0.000 0.037 0.037 0.036 0.036 0.036 0.036 0.035 0.035 0.034 0.034 0.034 0.033 0.033 0.032 0.031 0.031 0.030 0.029 0.029 0.028 0.027 0.024 0.019 0.013 0.008 0.000 0.000 0.000 0.000 0.000
0.000 0.000 0.000 0.000 0.000 0.000 0.000 0.000 0.000 0.000 0.000 0.000 0.000 0.000 0.000 0.000 0.000 0.000 0.000 0.000 0.000 0.000 0.000 0.000 0.000 0.000 0.000 0.000 0.043 0.049 0.056 0.064 0.073 0.081 0.089 0.091 0.090 0.091 0.091 0.092 0.091 0.000 0.000 0.000 0.000 0.000 0.000 0.037 0.037 0.037 0.037 0.036 0.036 0.036 0.035 0.035 0.034 0.034 0.033 0.033 0.032 0.031 0.031 0.030 0.029 0.028 0.028 0.027 0.026 0.025 0.020 0.015 0.009 0.001 0.000 0.000 0.000
0.000 0.000 0.000 0.000 0.000 0.000 0.000 0.000 0.000 0.000 0.000 0.000 0.000 0.000 0.000 0.000 0.000 0.000 0.000 0.000 0.000 0.000 0.000 0.000 0.000 0.000 0.000 0.000 0.043 0.051 0.058 0.066 0.074 0.083 0.091 0.091 0.091 0.092 0.092 0.091 0.090 0.000 0.000 0.000 0.000 0.000 0.000 0.038 0.038 0.038 0.037 0.037 0.037 0.036 0.036 0.035 0.035 0.034 0.033 0.033 0.032 0.031 0.031 0.030 0.029 0.028 0.027 0.026 0.025 0.024 0.023 0.021 0.015 0.009 0.001 0.000 0.000
0.000 0.000 0.000 0.000 0.000 0.000 0.000 0.000 0.000 0.000 0.000 0.000 0.000 0.000 0.000 0.000 0.000 0.000 0.000 0.000 0.000 0.000 0.000 0.000 0.000 0.000 0.000 0.000 0.043 0.053 0.060 0.068 0.076 0.084 0.091 0.091 0.091 0.092 0.091 0.091 0.091 0.000 0.000 0.000 0.000 0.000 0.000 0.039 0.038 0.038 0.038 0.038 0.037 0.037 0.036 0.036 0.035 0.034 0.033 0.033 0.032 0.031 0.030 0.030 0.029 0.028 0.027 0.026 0.025 0.023 0.022 0.021 0.019 0.016 0.010 0.001 0.000
0.000 0.000 0.000 0.000 0.000 0.000 0.000 0.000 0.000 0.000 0.000 0.000 0.000 0.000 0.000 0.000 0.000 0.000 0.000 0.000 0.000 0.000 0.000 0.000 0.000 0.000 0.000 0.000 0.046 0.053 0.062 0.070 0.079 0.087 0.092 0.093 0.091 0.092 0.091 0.090 0.093 0.000 0.000 0.000 0.000 0.000 0.040 0.039 0.039 0.039 0.039 0.038 0.038 0.037 0.037 0.036 0.035 0.034 0.034 0.033 0.032 0.031 0.030 0.029 0.028 0.027 0.026 0.025 0.024 0.023 0.022 0.020 0.019 0.017 0.015 0.009 0.001
0.000 0.000 0.000 0.000 0.000 0.000 0.000 0.000 0.000 0.000 0.000 0.000 0.000 0.000 0.000 0.000 0.000 0.000 0.000 0.000 0.000 0.000 0.000 0.000 0.000 0.000 0.000 0.000 0.048 0.055 0.065 0.073 0.081 0.091 0.092 0.093 0.093 0.092 0.092 0.091 0.091 0.000 0.000 0.000 0.000 0.000 0.040 0.040 0.040 0.040 0.040 0.039 0.039 0.038 0.037 0.036 0.036 0.035 0.034 0.033 0.032 0.031 0.030 0.029 0.028 0.027 0.026 0.025 0.024 0.022 0.021 0.019 0.018 0.016 0.014 0.011 0.008
0.000 0.000 0.000 0.000 0.000 0.000 0.000 0.000 0.000 0.000 0.000 0.000 0.000 0.000 0.000 0.000 0.000 0.000 0.000 0.000 0.000 0.000 0.000 0.000 0.000 0.000 0.000 0.040 0.048 0.059 0.066 0.076 0.083 0.092 0.094 0.092 0.093 0.092 0.091 0.092 0.092 0.000 0.000 0.000 0.000 0.000 0.040 0.040 0.041 0.041 0.041 0.040 0.039 0.038 0.038 0.037 0.036 0.035 0.034 0.033 0.032 0.031 0.030 0.029 0.028 0.027 0.026 0.024 0.023 0.022 0.020 0.019 0.017 0.015 0.013 0.010 0.007
0.000 0.000 0.000 0.000 0.000 0.000 0.000 0.000 0.000 0.000 0.000 0.000 0.000 0.000 0.000 0.000 0.000 0.000 0.000 0.000 0.000 0.000 0.000 0.000 0.000 0.000 0.000 0.042 0.050 0.060 0.069 0.078 0.086 0.094 0.093 0.093 0.093 0.093 0.092 0.091 0.091 0.088 0.087 0.000 0.000 0.000 0.000 0.000 0.044 0.043 0.042 0.041 0.040 0.039 0.038 0.037 0.036 0.035 0.034 0.033 0.032 0.031 0.030 0.029 0.027 0.026 0.025 0.024 0.022 0.021 0.019 0.018 0.016 0.014 0.012 0.009 0.006
0.000 0.000 0.000 0.000 0.000 0.000 0.000 0.000 0.000 0.000 0.000 0.000 0.000 0.000 0.000 0.000 0.000 0.000 0.000 0.000 0.000 0.000 0.000 0.000 0.000 0.000 0.000 0.044 0.052 0.063 0.070 0.080 0.088 0.094 0.094 0.093 0.093 0.093 0.093 0.092 0.090 0.088 0.085 0.081 0.077 0.075 0.000 0.052 0.048 0.045 0.044 0.042 0.041 0.040 0.039 0.038 0.036 0.035 0.034 0.033 0.032 0.031 0.030 0.028 0.027 0.026 0.025 0.023 0.022 0.020 0.019 0.017 0.015 0.013 0.011 0.008 0.005
0.000 0.000 0.000 0.000 0.000 0.000 0.000 0.000 0.000 0.000 0.000 0.000 0.000 0.000 0.000 0.000 0.000 0.000 0.000 0.000 0.000 0.000 0.000 0.000 0.000 0.000 0.000 0.045 0.054 0.062 0.073 0.081 0.090 0.095 0.094 0.094 0.094 0.093 0.093 0.092 0.090 0.087 0.084 0.080 0.076 0.072 0.063 0.055 0.050 0.047 0.045 0.043 0.042 0.040 0.039 0.038 0.037 0.035 0.034 0.033 0.032 0.030 0.029 0.028 0.027 0.025 0.024 0.022 0.021 0.019 0.018 0.016 0.014 0.012 0.009 0.007 0.003
0.000 0.000 0.000 0.000 0.000 0.000 0.000 0.000 0.000 0.000 0.000 0.000 0.000 0.000 0.000 0.000 0.000 0.000 0.000 0.000 0.000 0.000 0.000 0.000 0.000 0.000 0.000 0.047 0.054 0.066 0.074 0.083 0.092 0.099 0.096 0.095 0.094 0.093 0.094 0.093 0.000 0.085 0.083 0.079 0.074 0.069 0.062 0.056 0.051 0.048 0.046 0.044 0.042 0.041 0.039 0.038 0.037 0.035 0.034 0.033 0.031 0.030 0.029 0.027 0.026 0.025 0.023 0.022 0.020 0.018 0.016 0.014 0.012 0.010 0.007 0.004 0.002
0.000 0.000 0.000 0.000 0.000 0.000 0.000 0.000 0.000 0.000 0.000 0.000 0.000 0.000 0.000 0.000 0.000 0.000 0.000 0.000 0.000 0.000 0.000 0.000 0.000 0.000 0.000 0.049 0.058 0.066 0.076 0.084 0.094 0.096 0.095 0.094 0.093 0.094 0.095 0.000 0.000 0.000 0.000 0.000 0.070 0.067 0.059 0.054 0.051 0.048 0.046 0.044 0.042 0.041 0.040 0.038 0.037 0.035 0.034 0.032 0.031 0.030 0.028 0.027 0.025 0.024 0.022 0.020 0.019 0.017 0.015 0.012 0.010 0.007 0.005 0.004 0.003
0.000 0.000 0.000 0.000 0.000 0.000 0.000 0.000 0.000 0.000 0.000 0.000 0.000 0.000 0.000 0.000 0.000 0.000 0.000 0.000 0.000 0.000 0.000 0.000 0.000 0.000 0.041 0.051 0.059 0.069 0.077 0.086 0.094 0.093 0.094 0.093 0.094 0.092 0.000 0.000 0.000 0.000 0.000 0.000 0.000 0.000 0.053 0.051 0.049 0.048 0.046 0.044 0.043 0.041 0.040 0.038 0.036 0.035 0.033 0.032 0.030 0.029 0.027 0.026 0.024 0.023 0.021 0.019 0.017 0.015 0.012 0.009 0.008 0.007 0.006 0.004 0.003
0.000 0.000 0.000 0.000 0.000 0.000 0.000 0.000 0.000 0.000 0.000 0.000 0.000 0.000 0.000 0.000 0.000 0.000 0.000 0.000 0.000 0.000 0.000 0.000 0.000 0.000 0.043 0.053 0.061 0.070 0.079 0.087 0.094 0.094 0.094 0.094 0.094 0.094 0.000 0.000 0.000 0.000 0.000 0.000 0.000 0.000 0.050 0.050 0.048 0.047 0.046 0.044 0.042 0.041 0.039 0.038 0.036 0.035 0.033 0.031 0.030 0.028 0.026 0.025 0.023 0.021 0.019 0.017 0.014 0.011 0.009 0.009 0.008 0.007 0.006 0.004 0.003
0.000 0.000 0.000 0.000 0.000 0.000 0.000 0.000 0.000 0.000 0.000 0.000 0.000 0.000 0.000 0.000 0.000 0.000 0.000 0.000 0.000 0.000 0.000 0.000 0.000 0.000 0.045 0.054 0.063 0.072 0.080 0.088 0.094 0.092 0.093 0.093 0.094 0.000 0.000 0.000 0.000 0.000 0.049 0.049 0.049 0.049 0.049 0.048 0.048 0.047 0.045 0.044 0.042 0.041 0.039 0.037 0.036 0.034 0.032 0.031 0.029 0.027 0.025 0.023 0.021 0.019 0.016 0.013 0.011 0.010 0.010 0.009 0.008 0.007 0.006 0.005 0.003
0.000 0.000 0.000 0.000 0.000 0.000 0.000 0.000 0.000 0.000 0.000 0.000 0.000 0.000 0.000 0.000 0.000 0.000 0.000 0.000 0.000 0.000 0.000 0.000 0.000 0.000 0.046 0.056 0.064 0.074 0.081 0.090 0.092 0.094 0.094 0.094 0.093 0.000 0.000 0.000 0.000 0.000 0.000 0.049 0.049 0.049 0.048 0.048 0.047 0.046 0.045 0.043 0.042 0.040 0.039 0.037 0.035 0.033 0.031 0.029 0.027 0.025 0.023 0.021 0.019 0.016 0.012 0.012 0.011 0.010 0.010 0.009 0.008 0.007 0.006 0.005 0.004
0.000 0.000 0.000 0.000 0.000 0.000 0.000 0.000 0.000 0.000 0.000 0.000 0.000 0.000 0.000 0.000 0.000 0.000 0.000 0.000 0.000 0.000 0.000 0.000 0.000 0.000 0.047 0.057 0.065 0.074 0.083 0.091 0.092 0.093 0.092 0.094 0.093 0.000 0.000 0.000 0.000 0.000 0.000 0.000 0.000 0.000 0.048 0.048 0.047 0.046 0.045 0.043 0.041 0.040 0.038 0.036 0.034 0.032 0.030 0.028 0.026 0.023 0.021 0.018 0.014 0.013 0.013 0.012 0.011 0.011 0.010 0.009 0.009 0.008 0.007 0.005 0.004
0.000 0.000 0.000 0.000 0.000 0.000 0.000 0.000 0.000 0.000 0.000 0.000 0.000 0.000 0.000 0.000 0.000 0.000 0.000 0.000 0.000 0.000 0.000 0.000 0.000 0.040 0.048 0.057 0.067 0.075 0.084 0.093 0.093 0.093 0.093 0.092 0.000 0.000 0.000 0.000 0.000 0.000 0.000 0.000 0.000 0.000 0.000 0.000 0.046 0.045 0.044 0.042 0.041 0.039 0.037 0.035 0.033 0.031 0.028 0.026 0.023 0.020 0.016 0.015 0.014 0.014 0.013 0.012 0.012 0.011 0.010 0.010 0.009 0.008 0.007 0.007 0.003
0.000 0.000 0.000 0.000 0.000 0.000 0.000 0.000 0.000 0.000 0.000 0.000 0.000 0.000 0.000 0.000 0.000 0.000 0.000 0.000 0.000 0.000 0.000 0.000 0.000 0.041 0.050 0.058 0.067 0.076 0.086 0.093 0.093 0.093 0.094 0.093 0.000 0.000 0.000 0.000 0.000 0.000 0.000 0.000 0.000 0.000 0.000 0.000 0.000 0.000 0.000 0.041 0.041 0.039 0.036 0.034 0.031 0.028 0.025 0.022 0.018 0.017 0.016 0.015 0.015 0.014 0.013 0.013 0.012 0.011 0.011 0.010 0.009 0.008 0.008 0.008 0.001
0.000 0.000 0.000 0.000 0.000 0.000 0.000 0.000 0.000 0.000 0.000 0.000 0.000 0.000 0.000 0.000 0.000 0.000 0.000 0.000 0.000 0.000 0.000 0.000 0.000 0.042 0.051 0.059 0.068 0.077 0.086 0.093 0.093 0.093 0.093 0.093 0.000 0.000 0.000 0.000 0.000 0.000 0.000 0.000 0.000 0.000 0.000 0.000 0.000 0.000 0.000 0.000 0.000 0.000 0.035 0.033 0.028 0.025 0.021 0.018 0.017 0.017 0.016 0.016 0.015 0.014 0.014 0.013 0.012 0.012 0.011 0.010 0.010 0.009 0.010 0.008 0.000
0.000 0.000 0.000 0.000 0.000 0.000 0.000 0.000 0.000 0.000 0.000 0.000 0.000 0.000 0.000 0.000 0.000 0.000 0.000 0.002 0.004 0.000 0.000 0.000 0.000 0.042 0.051 0.060 0.069 0.078 0.087 0.092 0.092 0.092 0.092 0.092 0.000 0.000 0.000 0.000 0.000 0.000 0.000 0.000 0.000 0.000 0.000 0.000 0.000 0.000 0.000 0.000 0.000 0.000 0.000 0.000 0.021 0.018 0.018 0.018 0.017 0.017 0.016 0.016 0.015 0.015 0.014 0.013 0.013 0.012 0.012 0.011 0.010 0.011 0.013 0.008 0.000
0.000 0.000 0.000 0.000 0.000 0.000 0.000 0.000 0.000 0.000 0.000 0.000 0.000 0.000 0.000 0.000 0.000 0.000 0.000 0.002 0.004 0.008 0.000 0.000 0.000 0.042 0.052 0.061 0.070 0.080 0.089 0.092 0.092 0.092 0.091 0.000 0.000 0.000 0.000 0.000 0.000 0.000 0.000 0.000 0.000 0.000 0.000 0.000 0.000 0.000 0.000 0.000 0.000 0.000 0.000 0.000 0.016 0.017 0.017 0.017 0.017 0.017 0.016 0.016 0.015 0.015 0.014 0.014 0.013 0.013 0.012 0.012 0.013 0.016 0.015 0.009 0.000
0.000 0.000 0.000 0.000 0.000 0.000 0.000 0.000 0.000 0.000 0.000 0.000 0.000 0.000 0.000 0.000 0.000 0.000 0.001 0.002 0.004 0.009 0.017 0.026 0.034 0.043 0.053 0.062 0.071 0.081 0.090 0.091 0.091 0.091 0.092 0.000 0.000 0.000 0.000 0.000 0.000 0.000 0.000 0.000 0.000 0.000 0.000 0.000 0.000 0.000 0.000 0.000 0.000 0.000 0.000 0.000 0.014 0.016 0.017 0.017 0.017 0.017 0.016 0.016 0.016 0.015 0.015 0.014 0.014 0.013 0.014 0.016 0.019 0.024 0.018 0.012 0.003
0.000 0.000 0.000 0.000 0.000 0.000 0.000 0.000 0.000 0.000 0.000 0.000 0.000 0.000 0.000 0.000 0.000 0.000 0.001 0.002 0.004 0.010 0.019 0.027 0.035 0.045 0.054 0.063 0.072 0.081 0.089 0.090 0.090 0.090 0.091 0.000 0.000 0.000 0.000 0.000 0.000 0.000 0.000 0.000 0.000 0.000 0.000 0.000 0.000 0.000 0.000 0.000 0.000 0.000 0.000 0.001 0.012 0.014 0.016 0.016 0.016 0.017 0.016 0.016 0.016 0.015 0.015 0.015 0.015 0.015 0.019 0.025 0.031 0.030 0.024 0.017 0.010
0.000 0.000 0.000 0.000 0.000 0.000 0.000 0.000 0.000 0.000 0.000 0.000 0.000 0.000 0.000 0.000 0.001 0.001 0.001 0.002 0.004 0.011 0.020 0.028 0.037 0.045 0.055 0.064 0.073 0.082 0.088 0.089 0.090 0.089 0.090 0.000 0.000 0.000 0.000 0.000 0.000 0.000 0.000 0.000 0.000 0.000 0.000 0.000 0.000 0.000 0.000 0.000 0.000 0.000 0.000 0.001 0.011 0.013 0.015 0.016 0.016 0.016 0.016 0.016 0.016 0.016 0.016 0.016 0.017 0.021 0.030 0.000 0.000 0.036 0.030 0.022 0.015
0.000 0.000 0.010 0.008 0.004 0.000 0.000 0.000 0.000 0.000 0.000 0.000 0.000 0.000 0.002 0.002 0.002 0.002 0.002 0.001 0.004 0.011 0.020 0.028 0.037 0.046 0.056 0.065 0.073 0.082 0.088 0.088 0.088 0.088 0.000 0.000 0.000 0.000 0.000 0.000 0.000 0.000 0.000 0.000 0.000 0.000 0.000 0.000 0.000 0.000 0.000 0.000 0.000 0.000 0.000 0.000 0.009 0.012 0.014 0.015 0.016 0.016 0.016 0.017 0.017 0.017 0.017 0.017 0.020 0.025 0.000 0.000 0.000 0.000 0.000 0.027 0.021
