数据/LID_PP_50y/LID_PP_res2/LID_PP_183-0001.wd
ncols         694
nrows         824
xllcorner     581104.939801
yllcorner     3495917.092414
cellsize      2.000000
NODATA_value  -9999.000000
[rows 714 to 747 of 824, columns 154 to 230 of 694]
0.000 0.000 0.000 0.000 0.000 0.000 0.000 0.002 0.003 0.004 0.005 0.006 0.007 0.007 0.008 0.008 0.008 0.008 0.007 0.006 0.000 0.001 0.042 0.038 0.035 0.032 0.028 0.024 0.020 0.016 0.012 0.009 0.000 0.000 0.000 0.000 0.000 0.000 0.000 0.000 0.000 0.000 0.000 0.001 0.001 0.001 0.001 0.001 0.002 0.000 0.000 0.000 0.000 0.000 0.000 0.000 0.000 0.000 0.083 0.093 0.103 0.103 0.080 0.060 0.069 0.002 0.001 0.000 0.000 0.000 0.000 0.000 0.000 0.000 0.000 0.000 0.000
0.000 0.000 0.000 0.000 0.000 0.000 0.002 0.003 0.004 0.005 0.006 0.007 0.008 0.008 0.008 0.009 0.009 0.009 0.009 0.009 0.008 0.007 0.000 0.057 0.055 0.051 0.047 0.042 0.037 0.032 0.027 0.022 0.017 0.013 0.000 0.000 0.000 0.000 0.000 0.000 0.000 0.000 0.001 0.001 0.007 0.017 0.028 0.038 0.048 0.000 0.000 0.000 0.000 0.000 0.000 0.000 0.000 0.000 0.144 0.140 0.116 0.094 0.070 0.062 0.071 0.026 0.001 0.000 0.000 0.000 0.000 0.000 0.000 0.000 0.000 0.000 0.000
0.000 0.000 0.000 0.000 0.000 0.001 0.003 0.004 0.005 0.006 0.007 0.008 0.008 0.009 0.009 0.010 0.010 0.010 0.011 0.011 0.011 0.011 0.010 0.001 0.000 0.071 0.066 0.061 0.056 0.050 0.043 0.037 0.032 0.028 0.024 0.000 0.000 0.000 0.000 0.000 0.000 0.001 0.001 0.006 0.059 0.079 0.089 0.100 0.111 0.000 0.000 0.000 0.000 0.000 0.000 0.000 0.000 0.178 0.154 0.131 0.108 0.084 0.061 0.065 0.073 0.069 0.002 0.001 0.000 0.000 0.000 0.000 0.000 0.000 0.000 0.000 0.000
0.000 0.000 0.000 0.000 0.000 0.002 0.004 0.005 0.006 0.007 0.008 0.008 0.009 0.009 0.010 0.010 0.011 0.011 0.012 0.012 0.013 0.014 0.015 0.016 0.018 0.001 0.085 0.080 0.075 0.067 0.061 0.054 0.049 0.044 0.040 0.037 0.034 0.000 0.000 0.000 0.001 0.001 0.002 0.044 0.100 0.141 0.152 0.162 0.000 0.000 0.000 0.000 0.000 0.000 0.000 0.000 0.000 0.169 0.145 0.122 0.099 0.075 0.059 0.068 0.077 0.085 0.028 0.001 0.000 0.000 0.000 0.000 0.000 0.000 0.000 0.000 0.000
0.000 0.000 0.000 0.000 0.001 0.003 0.005 0.006 0.007 0.007 0.008 0.009 0.009 0.010 0.010 0.011 0.011 0.012 0.012 0.013 0.014 0.016 0.018 0.021 0.028 0.041 0.001 0.100 0.094 0.084 0.077 0.072 0.067 0.063 0.059 0.056 0.053 0.051 0.000 0.009 0.007 0.009 0.032 0.086 0.142 0.199 0.215 0.225 0.000 0.000 0.000 0.000 0.000 0.000 0.000 0.000 0.000 0.160 0.137 0.113 0.090 0.066 0.061 0.071 0.080 0.089 0.073 0.002 0.000 0.000 0.000 0.000 0.000 0.000 0.000 0.000 0.000
0.000 0.000 0.000 0.000 0.001 0.003 0.005 0.006 0.007 0.008 0.008 0.009 0.009 0.010 0.011 0.011 0.012 0.012 0.013 0.014 0.015 0.016 0.018 0.021 0.024 0.028 0.019 0.001 0.000 0.100 0.094 0.090 0.086 0.082 0.079 0.076 0.073 0.070 0.064 0.045 0.044 0.042 0.073 0.128 0.184 0.242 0.278 0.288 0.000 0.000 0.000 0.000 0.000 0.000 0.000 0.000 0.000 0.151 0.128 0.104 0.081 0.057 0.065 0.074 0.083 0.092 0.101 0.031 0.000 0.000 0.000 0.000 0.000 0.000 0.000 0.000 0.000
0.000 0.000 0.000 0.000 0.001 0.003 0.005 0.006 0.007 0.008 0.009 0.009 0.010 0.010 0.011 0.011 0.012 0.013 0.013 0.014 0.015 0.016 0.018 0.019 0.021 0.022 0.018 0.013 0.009 0.000 0.112 0.109 0.106 0.102 0.099 0.096 0.094 0.092 0.089 0.000 0.000 0.063 0.113 0.170 0.227 0.283 0.340 0.351 0.362 0.338 0.000 0.000 0.000 0.000 0.000 0.000 0.166 0.142 0.118 0.095 0.071 0.059 0.068 0.077 0.086 0.095 0.105 0.076 0.000 0.000 0.000 0.000 0.000 0.000 0.000 0.000 0.000
0.000 0.000 0.000 0.000 0.001 0.003 0.005 0.006 0.007 0.008 0.009 0.009 0.010 0.010 0.011 0.011 0.012 0.013 0.013 0.014 0.015 0.016 0.017 0.018 0.019 0.018 0.016 0.014 0.011 0.008 0.001 0.129 0.126 0.122 0.120 0.117 0.115 0.114 0.000 0.000 0.000 0.000 0.156 0.212 0.270 0.325 0.380 0.377 0.353 0.330 0.307 0.285 0.000 0.000 0.000 0.000 0.158 0.134 0.111 0.085 0.062 0.062 0.071 0.080 0.089 0.099 0.109 0.000 0.000 0.000 0.000 0.000 0.000 0.000 0.000 0.000 0.000
0.000 0.000 0.000 0.000 0.001 0.003 0.005 0.006 0.007 0.008 0.009 0.009 0.010 0.010 0.011 0.012 0.012 0.013 0.013 0.014 0.015 0.015 0.016 0.017 0.017 0.016 0.015 0.014 0.012 0.010 0.007 0.000 0.001 0.142 0.139 0.137 0.136 0.000 0.000 0.000 0.000 0.000 0.000 0.255 0.312 0.334 0.356 0.000 0.000 0.321 0.298 0.276 0.252 0.228 0.000 0.000 0.149 0.125 0.100 0.077 0.055 0.065 0.074 0.083 0.093 0.102 0.112 0.000 0.000 0.000 0.000 0.000 0.000 0.000 0.000 0.000 0.000
0.000 0.000 0.000 0.000 0.001 0.003 0.005 0.006 0.007 0.008 0.009 0.009 0.010 0.010 0.011 0.011 0.012 0.013 0.013 0.014 0.014 0.015 0.015 0.015 0.016 0.015 0.014 0.013 0.012 0.010 0.009 0.007 0.005 0.001 0.159 0.155 0.000 0.000 0.000 0.000 0.000 0.000 0.000 0.267 0.289 0.310 0.332 0.000 0.000 0.000 0.000 0.266 0.242 0.217 0.192 0.166 0.140 0.116 0.091 0.067 0.058 0.068 0.077 0.087 0.096 0.106 0.116 0.000 0.000 0.000 0.000 0.000 0.000 0.000 0.000 0.000 0.000
0.000 0.000 0.000 0.000 0.001 0.003 0.005 0.006 0.007 0.008 0.009 0.009 0.010 0.010 0.011 0.011 0.012 0.012 0.013 0.013 0.014 0.014 0.014 0.015 0.015 0.014 0.014 0.013 0.012 0.011 0.009 0.008 0.007 0.005 0.000 0.170 0.163 0.000 0.000 0.000 0.000 0.000 0.000 0.243 0.265 0.287 0.310 0.324 0.000 0.000 0.000 0.000 0.000 0.207 0.182 0.157 0.132 0.107 0.071 0.056 0.062 0.071 0.081 0.090 0.100 0.109 0.000 0.000 0.000 0.000 0.000 0.000 0.000 0.000 0.000 0.000 0.000
0.000 0.000 0.000 0.000 0.001 0.003 0.005 0.006 0.007 0.008 0.009 0.009 0.010 0.010 0.011 0.011 0.012 0.012 0.012 0.013 0.013 0.013 0.014 0.014 0.014 0.013 0.013 0.012 0.012 0.011 0.010 0.009 0.008 0.006 0.004 0.001 0.179 0.176 0.000 0.000 0.000 0.000 0.000 0.000 0.240 0.000 0.000 0.305 0.292 0.000 0.000 0.000 0.000 0.000 0.000 0.147 0.123 0.098 0.071 0.056 0.065 0.074 0.083 0.093 0.103 0.113 0.000 0.000 0.000 0.000 0.000 0.000 0.000 0.000 0.000 0.000 0.000
0.000 0.000 0.000 0.000 0.001 0.003 0.005 0.006 0.007 0.008 0.008 0.009 0.009 0.010 0.010 0.011 0.011 0.012 0.012 0.012 0.013 0.013 0.013 0.013 0.013 0.013 0.012 0.012 0.011 0.011 0.010 0.009 0.008 0.007 0.006 0.004 0.000 0.193 0.211 0.000 0.000 0.000 0.000 0.000 0.000 0.000 0.000 0.000 0.272 0.000 0.000 0.000 0.000 0.000 0.160 0.137 0.113 0.089 0.063 0.059 0.068 0.077 0.086 0.096 0.106 0.116 0.000 0.000 0.000 0.000 0.000 0.000 0.000 0.000 0.000 0.000 0.000
0.000 0.000 0.000 0.000 0.001 0.003 0.005 0.006 0.007 0.007 0.008 0.009 0.009 0.010 0.010 0.011 0.011 0.011 0.012 0.012 0.012 0.012 0.013 0.013 0.012 0.012 0.012 0.011 0.011 0.010 0.010 0.009 0.008 0.007 0.006 0.005 0.003 0.001 0.183 0.200 0.000 0.000 0.000 0.000 0.000 0.000 0.000 0.000 0.252 0.000 0.000 0.000 0.000 0.000 0.150 0.127 0.103 0.079 0.055 0.062 0.071 0.080 0.090 0.099 0.108 0.000 0.000 0.000 0.000 0.000 0.000 0.000 0.000 0.000 0.000 0.000 0.000
0.000 0.000 0.000 0.000 0.000 0.002 0.004 0.005 0.006 0.007 0.008 0.008 0.009 0.009 0.010 0.010 0.011 0.011 0.011 0.012 0.012 0.012 0.012 0.012 0.012 0.012 0.011 0.011 0.011 0.010 0.009 0.009 0.008 0.007 0.006 0.005 0.003 0.001 0.000 0.172 0.188 0.000 0.000 0.000 0.000 0.000 0.000 0.239 0.234 0.000 0.000 0.000 0.000 0.161 0.141 0.117 0.094 0.070 0.057 0.066 0.075 0.084 0.093 0.102 0.110 0.119 0.127 0.000 0.000 0.000 0.000 0.000 0.000 0.000 0.000 0.000 0.000
0.000 0.000 0.000 0.000 0.000 0.001 0.003 0.004 0.005 0.006 0.007 0.008 0.008 0.009 0.010 0.010 0.010 0.011 0.011 0.011 0.011 0.011 0.012 0.012 0.011 0.011 0.011 0.011 0.010 0.010 0.009 0.008 0.008 0.007 0.006 0.005 0.003 0.001 0.000 0.000 0.158 0.172 0.000 0.000 0.000 0.000 0.000 0.000 0.000 0.000 0.000 0.000 0.000 0.141 0.129 0.108 0.084 0.060 0.061 0.070 0.078 0.087 0.096 0.105 0.114 0.121 0.130 0.137 0.145 0.000 0.000 0.000 0.000 0.000 0.000 0.000 0.000
0.000 0.000 0.000 0.000 0.000 0.000 0.002 0.003 0.004 0.005 0.006 0.007 0.008 0.009 0.009 0.010 0.010 0.010 0.010 0.011 0.011 0.011 0.011 0.011 0.011 0.011 0.010 0.010 0.010 0.009 0.009 0.008 0.007 0.007 0.006 0.005 0.003 0.001 0.000 0.000 0.000 0.140 0.151 0.170 0.000 0.000 0.000 0.000 0.000 0.000 0.000 0.000 0.134 0.121 0.109 0.096 0.075 0.055 0.064 0.072 0.081 0.090 0.099 0.108 0.117 0.125 0.133 0.140 0.148 0.156 0.164 0.000 0.000 0.000 0.000 0.000 0.000
0.000 0.000 0.000 0.000 0.000 0.000 0.000 0.002 0.003 0.004 0.005 0.006 0.007 0.008 0.009 0.009 0.009 0.010 0.010 0.010 0.010 0.010 0.011 0.010 0.010 0.010 0.010 0.010 0.009 0.009 0.008 0.008 0.007 0.006 0.005 0.004 0.002 0.000 0.000 0.000 0.000 0.000 0.125 0.143 0.161 0.000 0.000 0.000 0.000 0.000 0.000 0.000 0.114 0.102 0.090 0.077 0.064 0.058 0.066 0.076 0.085 0.094 0.103 0.112 0.120 0.128 0.136 0.143 0.151 0.159 0.167 0.176 0.127 0.000 0.000 0.000 0.000
0.000 0.000 0.000 0.000 0.000 0.000 0.000 0.000 0.002 0.003 0.004 0.005 0.006 0.007 0.008 0.008 0.009 0.009 0.009 0.010 0.010 0.010 0.010 0.010 0.010 0.010 0.009 0.009 0.009 0.008 0.008 0.007 0.006 0.005 0.004 0.003 0.001 0.000 0.000 0.000 0.000 0.000 0.000 0.117 0.133 0.151 0.000 0.000 0.000 0.000 0.000 0.108 0.095 0.083 0.070 0.057 0.054 0.058 0.068 0.078 0.088 0.097 0.106 0.115 0.124 0.000 0.000 0.000 0.153 0.162 0.170 0.179 0.171 0.085 0.017 0.000 0.000
0.000 0.000 0.000 0.000 0.000 0.000 0.000 0.000 0.000 0.002 0.003 0.004 0.005 0.006 0.007 0.008 0.008 0.009 0.009 0.009 0.009 0.009 0.009 0.009 0.009 0.009 0.009 0.009 0.008 0.008 0.007 0.006 0.005 0.004 0.003 0.002 0.000 0.000 0.000 0.000 0.000 0.000 0.000 0.000 0.105 0.123 0.140 0.000 0.000 0.000 0.000 0.089 0.076 0.064 0.055 0.054 0.053 0.055 0.065 0.075 0.085 0.095 0.104 0.114 0.124 0.000 0.000 0.000 0.000 0.000 0.173 0.182 0.191 0.129 0.087 0.048 0.000
0.000 0.000 0.000 0.000 0.000 0.000 0.000 0.000 0.000 0.000 0.002 0.003 0.004 0.005 0.006 0.007 0.008 0.008 0.008 0.009 0.009 0.009 0.009 0.009 0.009 0.009 0.008 0.008 0.008 0.007 0.006 0.005 0.004 0.003 0.002 0.000 0.000 0.000 0.000 0.000 0.000 0.000 0.000 0.000 0.082 0.097 0.112 0.129 0.000 0.105 0.091 0.073 0.058 0.057 0.055 0.054 0.053 0.053 0.062 0.072 0.083 0.092 0.102 0.111 0.000 0.000 0.000 0.000 0.000 0.000 0.000 0.182 0.192 0.197 0.158 0.119 0.000
0.000 0.000 0.000 0.000 0.000 0.000 0.000 0.000 0.000 0.000 0.000 0.002 0.003 0.004 0.005 0.006 0.007 0.007 0.008 0.008 0.008 0.008 0.008 0.008 0.008 0.008 0.008 0.007 0.007 0.006 0.005 0.004 0.003 0.002 0.000 0.000 0.000 0.000 0.000 0.000 0.000 0.000 0.000 0.000 0.000 0.072 0.085 0.098 0.108 0.089 0.072 0.063 0.060 0.058 0.056 0.055 0.054 0.053 0.061 0.070 0.080 0.090 0.100 0.000 0.000 0.000 0.000 0.000 0.000 0.000 0.000 0.000 0.000 0.202 0.198 0.188 0.148
0.000 0.000 0.000 0.000 0.000 0.000 0.000 0.000 0.000 0.000 0.000 0.000 0.002 0.003 0.004 0.005 0.006 0.007 0.007 0.007 0.007 0.007 0.007 0.007 0.007 0.007 0.007 0.007 0.006 0.005 0.004 0.003 0.002 0.000 0.000 0.000 0.000 0.000 0.000 0.000 0.000 0.000 0.000 0.000 0.000 0.000 0.059 0.071 0.083 0.071 0.067 0.063 0.060 0.058 0.057 0.055 0.054 0.053 0.059 0.069 0.079 0.089 0.099 0.000 0.000 0.000 0.000 0.000 0.000 0.000 0.000 0.000 0.000 0.000 0.000 0.197 0.192
0.000 0.000 0.000 0.000 0.000 0.000 0.000 0.000 0.000 0.000 0.000 0.000 0.000 0.002 0.003 0.004 0.005 0.006 0.006 0.006 0.006 0.006 0.006 0.006 0.006 0.006 0.006 0.006 0.005 0.004 0.003 0.002 0.000 0.000 0.000 0.000 0.000 0.000 0.000 0.000 0.000 0.000 0.000 0.000 0.000 0.000 0.000 0.045 0.058 0.069 0.065 0.062 0.060 0.058 0.056 0.055 0.054 0.053 0.057 0.068 0.078 0.088 0.000 0.000 0.000 0.000 0.000 0.000 0.000 0.000 0.000 0.000 0.000 0.000 0.000 0.000 0.000
0.000 0.000 0.000 0.000 0.000 0.000 0.000 0.000 0.000 0.000 0.000 0.000 0.000 0.000 0.002 0.003 0.004 0.005 0.005 0.005 0.005 0.005 0.005 0.005 0.005 0.005 0.005 0.005 0.004 0.003 0.002 0.000 0.000 0.000 0.000 0.000 0.000 0.000 0.000 0.000 0.000 0.000 0.000 0.000 0.000 0.000 0.000 0.000 0.034 0.051 0.064 0.061 0.059 0.057 0.056 0.054 0.053 0.052 0.055 0.065 0.076 0.086 0.000 0.000 0.000 0.000 0.000 0.000 0.000 0.000 0.000 0.000 0.000 0.000 0.000 0.000 0.000
0.000 0.000 0.000 0.000 0.000 0.000 0.000 0.000 0.000 0.000 0.000 0.000 0.000 0.000 0.000 0.001 0.002 0.003 0.003 0.003 0.003 0.003 0.003 0.003 0.003 0.003 0.003 0.003 0.002 0.001 0.000 0.000 0.000 0.000 0.000 0.000 0.000 0.000 0.000 0.000 0.000 0.000 0.000 0.000 0.000 0.000 0.000 0.000 0.000 0.028 0.047 0.060 0.058 0.056 0.054 0.053 0.051 0.051 0.052 0.063 0.073 0.000 0.000 0.000 0.000 0.000 0.000 0.000 0.000 0.000 0.000 0.000 0.000 0.000 0.000 0.000 0.000
0.000 0.000 0.000 0.000 0.000 0.000 0.000 0.000 0.000 0.000 0.000 0.000 0.000 0.000 0.000 0.000 0.000 0.001 0.001 0.001 0.001 0.001 0.001 0.001 0.001 0.001 0.001 0.001 0.000 0.000 0.000 0.000 0.000 0.000 0.000 0.000 0.000 0.000 0.000 0.000 0.000 0.000 0.000 0.000 0.000 0.000 0.000 0.000 0.000 0.000 0.025 0.043 0.056 0.054 0.052 0.050 0.048 0.048 0.049 0.060 0.070 0.000 0.000 0.000 0.000 0.000 0.000 0.000 0.000 0.000 0.000 0.000 0.000 0.000 0.000 0.000 0.000
0.000 0.000 0.000 0.000 0.000 0.000 0.000 0.000 0.000 0.000 0.000 0.000 0.000 0.000 0.000 0.000 0.000 0.000 0.000 0.000 0.000 0.000 0.000 0.000 0.000 0.000 0.000 0.000 0.000 0.000 0.000 0.000 0.000 0.000 0.000 0.000 0.000 0.000 0.000 0.000 0.000 0.000 0.000 0.000 0.000 0.000 0.000 0.000 0.000 0.000 0.004 0.022 0.040 0.052 0.049 0.046 0.041 0.043 0.046 0.056 0.000 0.000 0.000 0.000 0.000 0.000 0.000 0.000 0.000 0.000 0.000 0.000 0.000 0.000 0.000 0.000 0.000
0.000 0.000 0.000 0.000 0.000 0.000 0.000 0.000 0.000 0.000 0.000 0.000 0.000 0.000 0.000 0.000 0.000 0.000 0.000 0.000 0.000 0.000 0.000 0.000 0.000 0.000 0.000 0.000 0.000 0.000 0.000 0.000 0.000 0.000 0.000 0.000 0.000 0.000 0.000 0.000 0.000 0.000 0.000 0.000 0.000 0.000 0.000 0.000 0.000 0.000 0.000 0.003 0.018 0.035 0.045 0.038 0.000 0.034 0.038 0.000 0.000 0.000 0.000 0.000 0.000 0.000 0.000 0.000 0.000 0.000 0.000 0.000 0.000 0.000 0.000 0.000 0.000
0.000 0.000 0.000 0.000 0.000 0.000 0.000 0.000 0.000 0.000 0.000 0.000 0.000 0.000 0.000 0.000 0.000 0.000 0.000 0.000 0.000 0.000 0.000 0.000 0.000 0.000 0.000 0.000 0.000 0.000 0.000 0.000 0.000 0.000 0.000 0.000 0.000 0.000 0.000 0.000 0.000 0.000 0.000 0.000 0.000 0.000 0.000 0.000 0.000 0.000 0.000 0.001 0.002 0.012 0.028 0.036 0.030 0.032 0.033 0.035 0.000 0.000 0.000 0.000 0.000 0.000 0.000 0.000 0.000 0.000 0.000 0.000 0.000 0.000 0.000 0.000 0.000
0.000 0.000 0.000 0.000 0.000 0.000 0.000 0.000 0.000 0.000 0.000 0.000 0.000 0.000 0.000 0.000 0.000 0.000 0.000 0.000 0.000 0.000 0.000 0.000 0.000 0.000 0.000 0.000 0.000 0.000 0.000 0.000 0.000 0.000 0.000 0.000 0.000 0.000 0.000 0.000 0.000 0.000 0.000 0.000 0.000 0.000 0.000 0.000 0.000 0.000 0.000 0.001 0.001 0.002 0.008 0.021 0.031 0.031 0.031 0.031 0.036 0.000 0.000 0.000 0.000 0.000 0.000 0.000 0.000 0.000 0.000 0.000 0.000 0.000 0.000 0.000 0.000
0.000 0.000 0.000 0.000 0.000 0.000 0.000 0.000 0.000 0.000 0.000 0.000 0.000 0.000 0.000 0.000 0.000 0.000 0.000 0.000 0.000 0.000 0.000 0.000 0.000 0.000 0.000 0.000 0.000 0.000 0.000 0.000 0.000 0.000 0.000 0.000 0.000 0.000 0.000 0.000 0.000 0.000 0.000 0.000 0.000 0.000 0.000 0.000 0.000 0.000 0.000 0.001 0.001 0.001 0.001 0.006 0.019 0.031 0.030 0.027 0.030 0.029 0.031 0.000 0.000 0.000 0.000 0.000 0.000 0.000 0.000 0.000 0.000 0.000 0.000 0.000 0.000
0.000 0.000 0.000 0.000 0.000 0.000 0.000 0.000 0.000 0.000 0.000 0.000 0.000 0.000 0.000 0.000 0.000 0.000 0.000 0.000 0.000 0.000 0.000 0.000 0.000 0.000 0.000 0.000 0.000 0.000 0.000 0.000 0.000 0.000 0.000 0.000 0.000 0.000 0.000 0.000 0.000 0.000 0.000 0.000 0.000 0.000 0.000 0.000 0.000 0.000 0.000 0.000 0.001 0.001 0.001 0.001 0.004 0.018 0.028 0.024 0.025 0.023 0.025 0.028 0.000 0.000 0.000 0.000 0.000 0.000 0.000 0.000 0.000 0.000 0.000 0.000 0.000
0.000 0.000 0.000 0.000 0.000 0.000 0.000 0.000 0.000 0.000 0.000 0.000 0.000 0.000 0.000 0.000 0.000 0.000 0.000 0.000 0.000 0.000 0.000 0.000 0.000 0.000 0.000 0.000 0.000 0.000 0.000 0.000 0.000 0.000 0.000 0.000 0.000 0.000 0.000 0.000 0.000 0.000 0.000 0.000 0.000 0.000 0.000 0.000 0.000 0.000 0.000 0.000 0.000 0.001 0.001 0.001 0.001 0.002 0.014 0.021 0.018 0.018 0.021 0.024 0.026 0.000 0.000 0.000 0.000 0.000 0.000 0.000 0.000 0.000 0.000 0.000 0.000
