数据/LID_PP_50y/LID_PP_res2/LID_PP_137-0001.wd
ncols         694
nrows         824
xllcorner     581104.939801
yllcorner     3495917.092414
cellsize      2.000000
NODATA_value  -9999.000000
[rows 714 to 747 of 824, columns 154 to 230 of 694]
0.000 0.000 0.000 0.000 0.000 0.000 0.000 0.002 0.003 0.004 0.005 0.006 0.007 0.008 0.009 0.009 0.009 0.009 0.009 0.008 0.001 0.001 0.075 0.071 0.066 0.065 0.063 0.060 0.056 0.053 0.049 0.045 0.000 0.000 0.000 0.000 0.000 0.000 0.000 0.000 0.000 0.000 0.000 0.030 0.053 0.064 0.076 0.085 0.096 0.000 0.000 0.000 0.000 0.000 0.000 0.000 0.000 0.000 0.194 0.205 0.215 0.215 0.194 0.173 0.182 0.097 0.021 0.000 0.000 0.000 0.000 0.000 0.000 0.000 0.000 0.000 0.000
0.000 0.000 0.000 0.000 0.000 0.000 0.002 0.003 0.004 0.005 0.006 0.007 0.008 0.009 0.010 0.010 0.011 0.011 0.012 0.012 0.011 0.010 0.000 0.090 0.088 0.087 0.085 0.081 0.076 0.072 0.067 0.062 0.057 0.054 0.000 0.000 0.000 0.000 0.000 0.000 0.000 0.000 0.018 0.071 0.116 0.126 0.137 0.147 0.158 0.000 0.000 0.000 0.000 0.000 0.000 0.000 0.000 0.000 0.257 0.252 0.230 0.205 0.183 0.175 0.184 0.140 0.054 0.000 0.000 0.000 0.000 0.000 0.000 0.000 0.000 0.000 0.000
0.000 0.000 0.000 0.000 0.000 0.001 0.003 0.004 0.005 0.006 0.007 0.008 0.009 0.010 0.011 0.011 0.012 0.013 0.013 0.014 0.015 0.015 0.014 0.001 0.000 0.108 0.106 0.102 0.097 0.092 0.086 0.081 0.077 0.072 0.069 0.000 0.000 0.000 0.000 0.000 0.000 0.007 0.059 0.114 0.170 0.189 0.199 0.210 0.220 0.000 0.000 0.000 0.000 0.000 0.000 0.000 0.000 0.290 0.267 0.242 0.220 0.196 0.172 0.177 0.186 0.182 0.096 0.012 0.000 0.000 0.000 0.000 0.000 0.000 0.000 0.000 0.000
0.000 0.000 0.000 0.000 0.000 0.002 0.004 0.005 0.006 0.007 0.008 0.009 0.010 0.011 0.011 0.012 0.013 0.014 0.015 0.016 0.017 0.019 0.021 0.023 0.026 0.001 0.127 0.122 0.118 0.111 0.106 0.101 0.096 0.092 0.088 0.084 0.082 0.000 0.000 0.000 0.005 0.048 0.101 0.157 0.213 0.253 0.263 0.273 0.000 0.000 0.000 0.000 0.000 0.000 0.000 0.000 0.000 0.282 0.258 0.233 0.210 0.187 0.170 0.179 0.189 0.198 0.142 0.055 0.000 0.000 0.000 0.000 0.000 0.000 0.000 0.000 0.000
0.000 0.000 0.000 0.000 0.001 0.003 0.005 0.006 0.007 0.008 0.009 0.009 0.010 0.011 0.012 0.013 0.014 0.015 0.016 0.017 0.019 0.022 0.025 0.031 0.041 0.061 0.001 0.142 0.138 0.130 0.125 0.120 0.116 0.112 0.109 0.105 0.103 0.100 0.000 0.045 0.053 0.091 0.144 0.200 0.255 0.311 0.326 0.337 0.000 0.000 0.000 0.000 0.000 0.000 0.000 0.000 0.000 0.272 0.248 0.224 0.202 0.177 0.173 0.182 0.192 0.201 0.185 0.099 0.000 0.000 0.000 0.000 0.000 0.000 0.000 0.000 0.000
0.000 0.000 0.000 0.000 0.001 0.003 0.005 0.006 0.007 0.008 0.009 0.010 0.011 0.012 0.013 0.013 0.014 0.016 0.017 0.018 0.020 0.023 0.026 0.030 0.035 0.042 0.027 0.001 0.001 0.147 0.144 0.140 0.136 0.133 0.129 0.126 0.123 0.120 0.112 0.085 0.099 0.133 0.186 0.242 0.297 0.354 0.390 0.400 0.000 0.000 0.000 0.000 0.000 0.000 0.000 0.000 0.000 0.263 0.239 0.215 0.191 0.168 0.176 0.184 0.194 0.204 0.213 0.144 0.000 0.000 0.000 0.000 0.000 0.000 0.000 0.000 0.000
0.000 0.000 0.000 0.000 0.001 0.003 0.005 0.006 0.007 0.008 0.009 0.010 0.011 0.012 0.013 0.014 0.015 0.016 0.017 0.019 0.020 0.022 0.025 0.027 0.030 0.032 0.025 0.018 0.012 0.001 0.162 0.160 0.157 0.153 0.150 0.147 0.144 0.142 0.139 0.000 0.000 0.172 0.228 0.283 0.339 0.395 0.452 0.463 0.473 0.450 0.000 0.000 0.000 0.000 0.000 0.000 0.277 0.253 0.229 0.206 0.181 0.169 0.179 0.188 0.197 0.207 0.216 0.188 0.000 0.000 0.000 0.000 0.000 0.000 0.000 0.000 0.000
0.000 0.000 0.000 0.000 0.001 0.003 0.005 0.006 0.007 0.008 0.009 0.010 0.011 0.012 0.013 0.014 0.015 0.016 0.017 0.018 0.020 0.021 0.023 0.025 0.026 0.026 0.023 0.019 0.015 0.010 0.001 0.180 0.177 0.174 0.171 0.168 0.166 0.164 0.000 0.000 0.000 0.000 0.270 0.326 0.382 0.437 0.492 0.489 0.465 0.442 0.417 0.392 0.000 0.000 0.000 0.000 0.267 0.244 0.220 0.196 0.173 0.173 0.182 0.190 0.199 0.210 0.219 0.000 0.000 0.000 0.000 0.000 0.000 0.000 0.000 0.000 0.000
0.000 0.000 0.000 0.000 0.001 0.003 0.005 0.006 0.007 0.008 0.009 0.010 0.011 0.012 0.013 0.014 0.015 0.016 0.017 0.018 0.019 0.020 0.022 0.023 0.023 0.023 0.021 0.018 0.016 0.013 0.009 0.000 0.000 0.194 0.191 0.189 0.188 0.000 0.000 0.000 0.000 0.000 0.000 0.368 0.424 0.446 0.468 0.000 0.000 0.431 0.407 0.383 0.358 0.334 0.000 0.000 0.257 0.234 0.210 0.188 0.166 0.175 0.184 0.193 0.203 0.212 0.222 0.000 0.000 0.000 0.000 0.000 0.000 0.000 0.000 0.000 0.000
0.000 0.000 0.000 0.000 0.001 0.003 0.005 0.006 0.007 0.008 0.009 0.010 0.011 0.012 0.013 0.014 0.015 0.015 0.016 0.017 0.018 0.019 0.020 0.021 0.021 0.021 0.019 0.017 0.016 0.013 0.011 0.008 0.006 0.001 0.210 0.207 0.000 0.000 0.000 0.000 0.000 0.000 0.000 0.382 0.402 0.424 0.444 0.000 0.000 0.000 0.000 0.374 0.349 0.324 0.298 0.272 0.248 0.224 0.199 0.177 0.169 0.177 0.186 0.195 0.204 0.215 0.225 0.000 0.000 0.000 0.000 0.000 0.000 0.000 0.000 0.000 0.000
0.000 0.000 0.000 0.000 0.001 0.003 0.005 0.006 0.007 0.008 0.009 0.010 0.011 0.012 0.013 0.013 0.014 0.015 0.016 0.017 0.017 0.018 0.019 0.019 0.019 0.019 0.018 0.017 0.015 0.013 0.012 0.010 0.008 0.006 0.000 0.222 0.214 0.000 0.000 0.000 0.000 0.000 0.000 0.358 0.378 0.400 0.421 0.433 0.000 0.000 0.000 0.000 0.000 0.313 0.288 0.262 0.237 0.214 0.191 0.167 0.170 0.179 0.189 0.198 0.207 0.217 0.000 0.000 0.000 0.000 0.000 0.000 0.000 0.000 0.000 0.000 0.000
0.000 0.000 0.000 0.000 0.001 0.003 0.005 0.006 0.007 0.008 0.009 0.010 0.011 0.012 0.012 0.013 0.014 0.015 0.015 0.016 0.017 0.017 0.018 0.018 0.018 0.017 0.017 0.016 0.014 0.013 0.012 0.010 0.009 0.007 0.005 0.000 0.230 0.226 0.000 0.000 0.000 0.000 0.000 0.000 0.355 0.000 0.000 0.414 0.402 0.000 0.000 0.000 0.000 0.000 0.000 0.250 0.226 0.202 0.179 0.162 0.172 0.180 0.190 0.199 0.208 0.218 0.000 0.000 0.000 0.000 0.000 0.000 0.000 0.000 0.000 0.000 0.000
0.000 0.000 0.000 0.000 0.001 0.003 0.005 0.006 0.007 0.008 0.009 0.010 0.010 0.011 0.012 0.013 0.013 0.014 0.015 0.015 0.016 0.016 0.017 0.017 0.017 0.016 0.016 0.015 0.014 0.013 0.012 0.010 0.009 0.008 0.006 0.004 0.000 0.244 0.261 0.000 0.000 0.000 0.000 0.000 0.000 0.000 0.000 0.000 0.383 0.000 0.000 0.000 0.000 0.000 0.260 0.238 0.215 0.191 0.167 0.164 0.173 0.182 0.191 0.201 0.210 0.221 0.000 0.000 0.000 0.000 0.000 0.000 0.000 0.000 0.000 0.000 0.000
0.000 0.000 0.000 0.000 0.001 0.003 0.005 0.006 0.007 0.008 0.008 0.009 0.010 0.011 0.012 0.012 0.013 0.014 0.014 0.015 0.015 0.015 0.016 0.016 0.016 0.015 0.015 0.014 0.013 0.012 0.011 0.010 0.009 0.008 0.006 0.005 0.003 0.001 0.233 0.249 0.000 0.000 0.000 0.000 0.000 0.000 0.000 0.000 0.363 0.000 0.000 0.000 0.000 0.000 0.251 0.228 0.204 0.181 0.157 0.166 0.174 0.182 0.192 0.201 0.210 0.000 0.000 0.000 0.000 0.000 0.000 0.000 0.000 0.000 0.000 0.000 0.000
0.000 0.000 0.000 0.000 0.000 0.002 0.004 0.005 0.006 0.007 0.008 0.009 0.010 0.010 0.011 0.012 0.012 0.013 0.013 0.014 0.014 0.014 0.015 0.015 0.015 0.014 0.014 0.013 0.013 0.012 0.011 0.010 0.009 0.008 0.006 0.005 0.003 0.001 0.000 0.219 0.234 0.000 0.000 0.000 0.000 0.000 0.000 0.347 0.342 0.000 0.000 0.000 0.000 0.260 0.241 0.217 0.194 0.170 0.158 0.167 0.175 0.184 0.193 0.201 0.209 0.214 0.222 0.000 0.000 0.000 0.000 0.000 0.000 0.000 0.000 0.000 0.000
0.000 0.000 0.000 0.000 0.000 0.001 0.003 0.004 0.005 0.006 0.007 0.008 0.009 0.010 0.010 0.011 0.012 0.012 0.013 0.013 0.013 0.014 0.014 0.014 0.014 0.013 0.013 0.013 0.012 0.011 0.010 0.009 0.008 0.007 0.006 0.005 0.003 0.001 0.000 0.000 0.203 0.217 0.000 0.000 0.000 0.000 0.000 0.000 0.000 0.000 0.000 0.000 0.000 0.239 0.227 0.207 0.183 0.159 0.160 0.169 0.178 0.186 0.194 0.202 0.210 0.218 0.225 0.232 0.239 0.000 0.000 0.000 0.000 0.000 0.000 0.000 0.000
0.000 0.000 0.000 0.000 0.000 0.000 0.002 0.003 0.004 0.005 0.006 0.007 0.008 0.009 0.010 0.010 0.011 0.012 0.012 0.012 0.013 0.013 0.013 0.013 0.013 0.013 0.012 0.012 0.011 0.010 0.010 0.009 0.008 0.007 0.006 0.005 0.003 0.001 0.000 0.000 0.000 0.186 0.199 0.218 0.000 0.000 0.000 0.000 0.000 0.000 0.000 0.000 0.228 0.217 0.205 0.194 0.172 0.153 0.162 0.171 0.179 0.189 0.197 0.204 0.213 0.221 0.229 0.236 0.243 0.250 0.259 0.000 0.000 0.000 0.000 0.000 0.000
0.000 0.000 0.000 0.000 0.000 0.000 0.000 0.002 0.003 0.004 0.005 0.006 0.007 0.008 0.009 0.010 0.010 0.011 0.011 0.012 0.012 0.012 0.012 0.012 0.012 0.012 0.011 0.011 0.010 0.010 0.009 0.008 0.007 0.006 0.005 0.004 0.002 0.000 0.000 0.000 0.000 0.000 0.173 0.191 0.209 0.000 0.000 0.000 0.000 0.000 0.000 0.000 0.207 0.195 0.183 0.172 0.160 0.155 0.163 0.173 0.181 0.191 0.200 0.208 0.216 0.224 0.231 0.239 0.246 0.253 0.261 0.269 0.219 0.000 0.000 0.000 0.000
0.000 0.000 0.000 0.000 0.000 0.000 0.000 0.000 0.002 0.003 0.004 0.005 0.006 0.007 0.008 0.009 0.010 0.010 0.010 0.011 0.011 0.011 0.011 0.011 0.011 0.011 0.011 0.010 0.010 0.009 0.008 0.007 0.006 0.005 0.004 0.003 0.001 0.000 0.000 0.000 0.000 0.000 0.000 0.165 0.182 0.200 0.000 0.000 0.000 0.000 0.000 0.197 0.186 0.173 0.163 0.150 0.149 0.153 0.163 0.172 0.183 0.193 0.202 0.211 0.220 0.000 0.000 0.000 0.247 0.256 0.264 0.272 0.264 0.177 0.109 0.000 0.000
0.000 0.000 0.000 0.000 0.000 0.000 0.000 0.000 0.000 0.002 0.003 0.004 0.005 0.006 0.007 0.008 0.009 0.009 0.010 0.010 0.010 0.010 0.010 0.010 0.010 0.010 0.010 0.009 0.009 0.008 0.007 0.006 0.005 0.004 0.003 0.002 0.000 0.000 0.000 0.000 0.000 0.000 0.000 0.000 0.155 0.174 0.193 0.000 0.000 0.000 0.000 0.177 0.165 0.153 0.147 0.146 0.147 0.150 0.160 0.169 0.180 0.190 0.200 0.211 0.221 0.000 0.000 0.000 0.000 0.000 0.266 0.274 0.283 0.220 0.179 0.139 0.000
0.000 0.000 0.000 0.000 0.000 0.000 0.000 0.000 0.000 0.000 0.002 0.003 0.004 0.005 0.006 0.007 0.008 0.008 0.009 0.009 0.009 0.009 0.009 0.009 0.009 0.009 0.009 0.008 0.008 0.007 0.006 0.005 0.004 0.003 0.002 0.000 0.000 0.000 0.000 0.000 0.000 0.000 0.000 0.000 0.133 0.149 0.167 0.186 0.000 0.181 0.168 0.156 0.145 0.145 0.145 0.145 0.146 0.147 0.157 0.167 0.177 0.188 0.198 0.208 0.000 0.000 0.000 0.000 0.000 0.000 0.000 0.274 0.284 0.288 0.249 0.209 0.000
0.000 0.000 0.000 0.000 0.000 0.000 0.000 0.000 0.000 0.000 0.000 0.002 0.003 0.004 0.005 0.006 0.007 0.008 0.008 0.008 0.008 0.008 0.008 0.008 0.008 0.008 0.008 0.008 0.007 0.006 0.005 0.004 0.003 0.002 0.000 0.000 0.000 0.000 0.000 0.000 0.000 0.000 0.000 0.000 0.000 0.126 0.142 0.159 0.176 0.161 0.148 0.143 0.144 0.143 0.143 0.144 0.144 0.145 0.154 0.163 0.174 0.185 0.195 0.000 0.000 0.000 0.000 0.000 0.000 0.000 0.000 0.000 0.000 0.294 0.288 0.277 0.235
0.000 0.000 0.000 0.000 0.000 0.000 0.000 0.000 0.000 0.000 0.000 0.000 0.002 0.003 0.004 0.005 0.006 0.007 0.007 0.007 0.007 0.007 0.007 0.007 0.007 0.007 0.007 0.007 0.006 0.005 0.004 0.003 0.002 0.000 0.000 0.000 0.000 0.000 0.000 0.000 0.000 0.000 0.000 0.000 0.000 0.000 0.119 0.134 0.151 0.143 0.143 0.143 0.142 0.142 0.142 0.143 0.143 0.144 0.151 0.161 0.172 0.183 0.194 0.000 0.000 0.000 0.000 0.000 0.000 0.000 0.000 0.000 0.000 0.000 0.000 0.284 0.278
0.000 0.000 0.000 0.000 0.000 0.000 0.000 0.000 0.000 0.000 0.000 0.000 0.000 0.002 0.003 0.004 0.005 0.006 0.006 0.006 0.006 0.006 0.006 0.006 0.006 0.006 0.006 0.006 0.005 0.004 0.003 0.002 0.000 0.000 0.000 0.000 0.000 0.000 0.000 0.000 0.000 0.000 0.000 0.000 0.000 0.000 0.000 0.111 0.128 0.143 0.142 0.141 0.141 0.140 0.140 0.141 0.141 0.142 0.148 0.158 0.169 0.180 0.000 0.000 0.000 0.000 0.000 0.000 0.000 0.000 0.000 0.000 0.000 0.000 0.000 0.000 0.000
0.000 0.000 0.000 0.000 0.000 0.000 0.000 0.000 0.000 0.000 0.000 0.000 0.000 0.000 0.002 0.003 0.004 0.005 0.005 0.005 0.005 0.005 0.005 0.005 0.005 0.005 0.005 0.005 0.004 0.003 0.002 0.000 0.000 0.000 0.000 0.000 0.000 0.000 0.000 0.000 0.000 0.000 0.000 0.000 0.000 0.000 0.000 0.000 0.106 0.124 0.140 0.139 0.139 0.138 0.138 0.139 0.139 0.140 0.144 0.155 0.166 0.178 0.000 0.000 0.000 0.000 0.000 0.000 0.000 0.000 0.000 0.000 0.000 0.000 0.000 0.000 0.000
0.000 0.000 0.000 0.000 0.000 0.000 0.000 0.000 0.000 0.000 0.000 0.000 0.000 0.000 0.000 0.001 0.002 0.003 0.003 0.003 0.003 0.003 0.003 0.003 0.003 0.003 0.003 0.003 0.002 0.001 0.000 0.000 0.000 0.000 0.000 0.000 0.000 0.000 0.000 0.000 0.000 0.000 0.000 0.000 0.000 0.000 0.000 0.000 0.000 0.093 0.121 0.137 0.137 0.137 0.136 0.137 0.137 0.137 0.140 0.151 0.162 0.000 0.000 0.000 0.000 0.000 0.000 0.000 0.000 0.000 0.000 0.000 0.000 0.000 0.000 0.000 0.000
0.000 0.000 0.000 0.000 0.000 0.000 0.000 0.000 0.000 0.000 0.000 0.000 0.000 0.000 0.000 0.000 0.000 0.001 0.001 0.001 0.001 0.001 0.001 0.001 0.001 0.001 0.001 0.001 0.000 0.000 0.000 0.000 0.000 0.000 0.000 0.000 0.000 0.000 0.000 0.000 0.000 0.000 0.000 0.000 0.000 0.000 0.000 0.000 0.000 0.000 0.099 0.121 0.135 0.134 0.133 0.133 0.133 0.134 0.136 0.148 0.160 0.000 0.000 0.000 0.000 0.000 0.000 0.000 0.000 0.000 0.000 0.000 0.000 0.000 0.000 0.000 0.000
0.000 0.000 0.000 0.000 0.000 0.000 0.000 0.000 0.000 0.000 0.000 0.000 0.000 0.000 0.000 0.000 0.000 0.000 0.000 0.000 0.000 0.000 0.000 0.000 0.000 0.000 0.000 0.000 0.000 0.000 0.000 0.000 0.000 0.000 0.000 0.000 0.000 0.000 0.000 0.000 0.000 0.000 0.000 0.000 0.000 0.000 0.000 0.000 0.000 0.000 0.079 0.099 0.118 0.132 0.130 0.128 0.127 0.128 0.131 0.143 0.000 0.000 0.000 0.000 0.000 0.000 0.000 0.000 0.000 0.000 0.000 0.000 0.000 0.000 0.000 0.000 0.000
0.000 0.000 0.000 0.000 0.000 0.000 0.000 0.000 0.000 0.000 0.000 0.000 0.000 0.000 0.000 0.000 0.000 0.000 0.000 0.000 0.000 0.000 0.000 0.000 0.000 0.000 0.000 0.000 0.000 0.000 0.000 0.000 0.000 0.000 0.000 0.000 0.000 0.000 0.000 0.000 0.000 0.000 0.000 0.000 0.000 0.000 0.000 0.000 0.000 0.000 0.000 0.075 0.095 0.114 0.125 0.121 0.113 0.118 0.120 0.000 0.000 0.000 0.000 0.000 0.000 0.000 0.000 0.000 0.000 0.000 0.000 0.000 0.000 0.000 0.000 0.000 0.000
0.000 0.000 0.000 0.000 0.000 0.000 0.000 0.000 0.000 0.000 0.000 0.000 0.000 0.000 0.000 0.000 0.000 0.000 0.000 0.000 0.000 0.000 0.000 0.000 0.000 0.000 0.000 0.000 0.000 0.000 0.000 0.000 0.000 0.000 0.000 0.000 0.000 0.000 0.000 0.000 0.000 0.000 0.000 0.000 0.000 0.000 0.000 0.000 0.000 0.000 0.000 0.053 0.072 0.090 0.107 0.117 0.112 0.112 0.109 0.106 0.000 0.000 0.000 0.000 0.000 0.000 0.000 0.000 0.000 0.000 0.000 0.000 0.000 0.000 0.000 0.000 0.000
0.000 0.000 0.000 0.000 0.000 0.000 0.000 0.000 0.000 0.000 0.000 0.000 0.000 0.000 0.000 0.000 0.000 0.000 0.000 0.000 0.000 0.000 0.000 0.000 0.000 0.000 0.000 0.000 0.000 0.000 0.000 0.000 0.000 0.000 0.000 0.000 0.000 0.000 0.000 0.000 0.000 0.000 0.000 0.000 0.000 0.000 0.000 0.000 0.000 0.000 0.000 0.030 0.048 0.066 0.084 0.100 0.110 0.107 0.103 0.098 0.099 0.000 0.000 0.000 0.000 0.000 0.000 0.000 0.000 0.000 0.000 0.000 0.000 0.000 0.000 0.000 0.000
0.000 0.000 0.000 0.000 0.000 0.000 0.000 0.000 0.000 0.000 0.000 0.000 0.000 0.000 0.000 0.000 0.000 0.000 0.000 0.000 0.000 0.000 0.000 0.000 0.000 0.000 0.000 0.000 0.000 0.000 0.000 0.000 0.000 0.000 0.000 0.000 0.000 0.000 0.000 0.000 0.000 0.000 0.000 0.000 0.000 0.000 0.000 0.000 0.000 0.000 0.000 0.007 0.025 0.042 0.060 0.076 0.093 0.102 0.096 0.089 0.087 0.080 0.080 0.000 0.000 0.000 0.000 0.000 0.000 0.000 0.000 0.000 0.000 0.000 0.000 0.000 0.000
0.000 0.000 0.000 0.000 0.000 0.000 0.000 0.000 0.000 0.000 0.000 0.000 0.000 0.000 0.000 0.000 0.000 0.000 0.000 0.000 0.000 0.000 0.000 0.000 0.000 0.000 0.000 0.000 0.000 0.000 0.000 0.000 0.000 0.000 0.000 0.000 0.000 0.000 0.000 0.000 0.000 0.000 0.000 0.000 0.000 0.000 0.000 0.000 0.000 0.000 0.000 0.000 0.004 0.018 0.035 0.052 0.069 0.084 0.090 0.081 0.077 0.071 0.072 0.074 0.000 0.000 0.000 0.000 0.000 0.000 0.000 0.000 0.000 0.000 0.000 0.000 0.000
0.000 0.000 0.000 0.000 0.000 0.000 0.000 0.000 0.000 0.000 0.000 0.000 0.000 0.000 0.000 0.000 0.000 0.000 0.000 0.000 0.000 0.000 0.000 0.000 0.000 0.000 0.000 0.000 0.000 0.000 0.000 0.000 0.000 0.000 0.000 0.000 0.000 0.000 0.000 0.000 0.000 0.000 0.000 0.000 0.000 0.000 0.000 0.000 0.000 0.000 0.000 0.000 0.000 0.002 0.011 0.028 0.044 0.058 0.071 0.072 0.064 0.062 0.064 0.066 0.067 0.000 0.000 0.000 0.000 0.000 0.000 0.000 0.000 0.000 0.000 0.000 0.000
