数据/LID_PP_50y/LID_PP_res2/LID_PP_150-0001.wd
ncols         694
nrows         824
xllcorner     581104.939801
yllcorner     3495917.092414
cellsize      2.000000
NODATA_value  -9999.000000
[rows 408 to 441 of 824, columns 385 to 461 of 694]
0.000 0.000 0.000 0.000 0.000 0.000 0.000 0.000 0.000 0.000 0.000 0.000 0.000 0.000 0.000 0.000 0.000 0.000 0.000 0.000 0.000 0.000 0.000 0.000 0.000 0.000 0.000 0.000 0.000 0.000 0.000 0.000 0.029 0.038 0.047 0.055 0.062 0.060 0.047 0.060 0.062 0.063 0.064 0.000 0.000 0.000 0.000 0.000 0.000 0.000 0.033 0.033 0.034 0.034 0.034 0.031 0.027 0.022 0.017 0.013 0.008 0.004 0.000 0.000 0.000 0.000 0.000 0.000 0.000 0.000 0.000 0.000 0.000 0.000 0.000 0.000 0.000
0.000 0.000 0.000 0.000 0.000 0.000 0.000 0.000 0.000 0.000 0.000 0.000 0.000 0.000 0.000 0.000 0.000 0.000 0.000 0.000 0.000 0.000 0.000 0.000 0.000 0.000 0.000 0.000 0.000 0.000 0.000 0.021 0.031 0.040 0.048 0.057 0.062 0.061 0.059 0.062 0.063 0.063 0.064 0.000 0.000 0.000 0.000 0.000 0.000 0.034 0.034 0.034 0.034 0.034 0.034 0.034 0.034 0.029 0.025 0.020 0.016 0.011 0.006 0.000 0.000 0.000 0.000 0.000 0.000 0.000 0.000 0.000 0.000 0.000 0.000 0.000 0.000
0.000 0.000 0.000 0.000 0.000 0.000 0.000 0.000 0.000 0.000 0.000 0.000 0.000 0.000 0.000 0.000 0.000 0.000 0.000 0.000 0.000 0.000 0.000 0.000 0.000 0.000 0.000 0.000 0.000 0.000 0.000 0.023 0.032 0.041 0.050 0.059 0.062 0.062 0.062 0.062 0.063 0.063 0.063 0.000 0.000 0.000 0.000 0.000 0.000 0.034 0.033 0.034 0.034 0.034 0.034 0.034 0.034 0.033 0.032 0.028 0.023 0.018 0.014 0.009 0.004 0.000 0.000 0.000 0.000 0.000 0.000 0.000 0.000 0.000 0.000 0.000 0.000
0.000 0.000 0.000 0.000 0.000 0.000 0.000 0.000 0.000 0.000 0.000 0.000 0.000 0.000 0.000 0.000 0.000 0.000 0.000 0.000 0.000 0.000 0.000 0.000 0.000 0.000 0.000 0.000 0.000 0.000 0.000 0.025 0.034 0.043 0.052 0.060 0.063 0.062 0.062 0.063 0.063 0.063 0.063 0.000 0.000 0.000 0.000 0.000 0.000 0.033 0.033 0.034 0.034 0.034 0.034 0.034 0.033 0.033 0.033 0.033 0.030 0.025 0.021 0.016 0.011 0.006 0.000 0.000 0.000 0.000 0.000 0.000 0.000 0.000 0.000 0.000 0.000
0.000 0.000 0.000 0.000 0.000 0.000 0.000 0.000 0.000 0.000 0.000 0.000 0.000 0.000 0.000 0.000 0.000 0.000 0.000 0.000 0.000 0.000 0.000 0.000 0.000 0.000 0.000 0.000 0.000 0.000 0.000 0.027 0.036 0.045 0.054 0.062 0.063 0.062 0.063 0.063 0.063 0.063 0.000 0.000 0.000 0.000 0.000 0.000 0.000 0.033 0.034 0.034 0.034 0.034 0.034 0.034 0.033 0.033 0.033 0.033 0.033 0.033 0.028 0.023 0.018 0.014 0.009 0.004 0.000 0.000 0.000 0.000 0.000 0.000 0.000 0.000 0.000
0.000 0.000 0.000 0.000 0.000 0.000 0.000 0.000 0.000 0.000 0.000 0.000 0.000 0.000 0.000 0.000 0.000 0.000 0.000 0.000 0.000 0.000 0.000 0.000 0.000 0.000 0.000 0.000 0.000 0.000 0.021 0.029 0.038 0.047 0.055 0.063 0.063 0.062 0.063 0.063 0.063 0.064 0.000 0.000 0.000 0.000 0.000 0.000 0.034 0.034 0.034 0.034 0.034 0.034 0.034 0.034 0.033 0.033 0.033 0.033 0.033 0.032 0.032 0.030 0.026 0.021 0.016 0.011 0.006 0.000 0.000 0.000 0.000 0.000 0.000 0.000 0.000
0.000 0.000 0.000 0.000 0.000 0.000 0.000 0.000 0.000 0.000 0.000 0.000 0.000 0.000 0.000 0.000 0.000 0.000 0.000 0.000 0.000 0.000 0.000 0.000 0.000 0.000 0.000 0.000 0.000 0.000 0.022 0.031 0.039 0.048 0.057 0.063 0.063 0.062 0.063 0.063 0.063 0.063 0.000 0.000 0.000 0.000 0.000 0.000 0.034 0.034 0.034 0.034 0.034 0.034 0.034 0.033 0.033 0.033 0.033 0.033 0.032 0.032 0.032 0.032 0.031 0.028 0.023 0.018 0.013 0.008 0.003 0.000 0.000 0.000 0.000 0.000 0.000
0.000 0.000 0.000 0.000 0.000 0.000 0.000 0.000 0.000 0.000 0.000 0.000 0.000 0.000 0.000 0.000 0.000 0.000 0.000 0.000 0.000 0.000 0.000 0.000 0.000 0.000 0.000 0.000 0.000 0.000 0.024 0.032 0.041 0.050 0.058 0.063 0.062 0.062 0.062 0.062 0.063 0.000 0.000 0.000 0.000 0.000 0.000 0.000 0.034 0.034 0.034 0.034 0.034 0.034 0.034 0.033 0.033 0.033 0.033 0.033 0.032 0.032 0.032 0.031 0.031 0.030 0.030 0.025 0.020 0.015 0.010 0.005 0.000 0.000 0.000 0.000 0.000
0.000 0.000 0.000 0.000 0.000 0.000 0.000 0.000 0.000 0.000 0.000 0.000 0.000 0.000 0.000 0.000 0.000 0.000 0.000 0.000 0.000 0.000 0.000 0.000 0.000 0.000 0.000 0.000 0.000 0.000 0.025 0.034 0.042 0.050 0.059 0.062 0.062 0.062 0.062 0.062 0.062 0.000 0.000 0.000 0.000 0.000 0.000 0.034 0.034 0.034 0.034 0.034 0.034 0.034 0.034 0.034 0.033 0.033 0.033 0.033 0.032 0.032 0.031 0.031 0.031 0.030 0.030 0.029 0.027 0.022 0.017 0.012 0.007 0.000 0.000 0.000 0.000
0.000 0.000 0.000 0.000 0.000 0.000 0.000 0.000 0.000 0.000 0.000 0.000 0.000 0.000 0.000 0.000 0.000 0.000 0.000 0.000 0.000 0.000 0.000 0.000 0.000 0.000 0.000 0.000 0.011 0.019 0.027 0.035 0.044 0.052 0.061 0.062 0.062 0.062 0.062 0.062 0.061 0.000 0.000 0.000 0.000 0.000 0.000 0.034 0.034 0.034 0.034 0.034 0.034 0.034 0.034 0.033 0.033 0.033 0.033 0.032 0.032 0.032 0.031 0.031 0.030 0.030 0.029 0.029 0.028 0.028 0.024 0.018 0.013 0.008 0.002 0.000 0.000
0.000 0.000 0.000 0.000 0.000 0.000 0.000 0.000 0.000 0.000 0.000 0.000 0.000 0.000 0.000 0.000 0.000 0.000 0.000 0.000 0.000 0.000 0.000 0.000 0.000 0.000 0.000 0.000 0.013 0.021 0.029 0.037 0.046 0.054 0.062 0.062 0.062 0.062 0.062 0.061 0.061 0.000 0.000 0.000 0.000 0.000 0.000 0.035 0.035 0.034 0.034 0.034 0.034 0.034 0.034 0.033 0.033 0.033 0.033 0.032 0.032 0.031 0.031 0.030 0.030 0.030 0.029 0.028 0.028 0.027 0.026 0.025 0.020 0.015 0.009 0.004 0.000
0.000 0.000 0.000 0.000 0.000 0.000 0.000 0.000 0.000 0.000 0.000 0.000 0.000 0.000 0.000 0.000 0.000 0.000 0.000 0.000 0.000 0.000 0.000 0.000 0.000 0.000 0.000 0.000 0.014 0.022 0.030 0.039 0.048 0.056 0.063 0.062 0.062 0.062 0.062 0.062 0.061 0.000 0.000 0.000 0.000 0.000 0.000 0.035 0.035 0.035 0.035 0.034 0.034 0.034 0.034 0.034 0.033 0.033 0.032 0.032 0.032 0.031 0.031 0.030 0.030 0.029 0.029 0.028 0.027 0.027 0.026 0.025 0.024 0.021 0.016 0.011 0.005
0.000 0.000 0.000 0.000 0.000 0.000 0.000 0.000 0.000 0.000 0.000 0.000 0.000 0.000 0.000 0.000 0.000 0.000 0.000 0.000 0.000 0.000 0.000 0.000 0.000 0.000 0.000 0.000 0.015 0.024 0.032 0.041 0.049 0.058 0.062 0.063 0.063 0.062 0.062 0.062 0.062 0.000 0.000 0.000 0.000 0.000 0.035 0.035 0.035 0.035 0.035 0.035 0.034 0.034 0.034 0.034 0.033 0.033 0.032 0.032 0.031 0.031 0.030 0.030 0.029 0.029 0.028 0.027 0.027 0.026 0.025 0.024 0.024 0.023 0.022 0.017 0.011
0.000 0.000 0.000 0.000 0.000 0.000 0.000 0.000 0.000 0.000 0.000 0.000 0.000 0.000 0.000 0.000 0.000 0.000 0.000 0.000 0.000 0.000 0.000 0.000 0.000 0.000 0.000 0.000 0.017 0.025 0.034 0.042 0.051 0.060 0.063 0.063 0.062 0.063 0.062 0.062 0.063 0.000 0.000 0.000 0.000 0.000 0.035 0.035 0.035 0.035 0.035 0.035 0.035 0.034 0.034 0.034 0.033 0.033 0.032 0.032 0.031 0.031 0.030 0.029 0.029 0.028 0.028 0.027 0.026 0.025 0.025 0.024 0.023 0.022 0.021 0.019 0.017
0.000 0.000 0.000 0.000 0.000 0.000 0.000 0.000 0.000 0.000 0.000 0.000 0.000 0.000 0.000 0.000 0.000 0.000 0.000 0.000 0.000 0.000 0.000 0.000 0.000 0.000 0.000 0.011 0.019 0.027 0.035 0.044 0.053 0.061 0.063 0.063 0.062 0.062 0.062 0.062 0.062 0.000 0.000 0.000 0.000 0.000 0.035 0.035 0.036 0.036 0.035 0.035 0.035 0.034 0.034 0.034 0.033 0.033 0.032 0.031 0.031 0.030 0.030 0.029 0.028 0.028 0.027 0.026 0.025 0.025 0.024 0.023 0.022 0.021 0.020 0.018 0.017
0.000 0.000 0.000 0.000 0.000 0.000 0.000 0.000 0.000 0.000 0.000 0.000 0.000 0.000 0.000 0.000 0.000 0.000 0.000 0.000 0.000 0.000 0.000 0.000 0.000 0.000 0.000 0.012 0.020 0.029 0.037 0.045 0.054 0.062 0.062 0.062 0.062 0.062 0.062 0.062 0.061 0.060 0.059 0.000 0.000 0.000 0.000 0.000 0.037 0.036 0.036 0.036 0.035 0.035 0.034 0.034 0.033 0.032 0.032 0.031 0.031 0.030 0.029 0.029 0.028 0.027 0.026 0.026 0.025 0.024 0.023 0.022 0.021 0.020 0.019 0.017 0.015
0.000 0.000 0.000 0.000 0.000 0.000 0.000 0.000 0.000 0.000 0.000 0.000 0.000 0.000 0.000 0.000 0.000 0.000 0.000 0.000 0.000 0.000 0.000 0.000 0.000 0.000 0.000 0.014 0.022 0.030 0.039 0.047 0.055 0.062 0.062 0.062 0.062 0.062 0.062 0.062 0.061 0.059 0.058 0.055 0.054 0.053 0.000 0.040 0.039 0.037 0.037 0.036 0.035 0.035 0.034 0.034 0.033 0.032 0.032 0.031 0.030 0.030 0.029 0.028 0.027 0.027 0.026 0.025 0.024 0.023 0.022 0.021 0.020 0.018 0.017 0.015 0.014
0.000 0.000 0.000 0.000 0.000 0.000 0.000 0.000 0.000 0.000 0.000 0.000 0.000 0.000 0.000 0.000 0.000 0.000 0.000 0.000 0.000 0.000 0.000 0.000 0.000 0.000 0.000 0.015 0.024 0.032 0.040 0.048 0.056 0.059 0.061 0.062 0.062 0.062 0.063 0.062 0.061 0.059 0.057 0.055 0.053 0.051 0.047 0.042 0.040 0.038 0.037 0.036 0.036 0.035 0.034 0.033 0.033 0.032 0.031 0.031 0.030 0.029 0.028 0.027 0.027 0.026 0.025 0.024 0.023 0.022 0.021 0.020 0.018 0.017 0.015 0.013 0.011
0.000 0.000 0.000 0.000 0.000 0.000 0.000 0.000 0.000 0.000 0.000 0.000 0.000 0.000 0.000 0.000 0.000 0.000 0.000 0.000 0.000 0.000 0.000 0.000 0.000 0.000 0.000 0.017 0.026 0.034 0.042 0.050 0.056 0.048 0.060 0.062 0.062 0.063 0.062 0.063 0.000 0.057 0.056 0.055 0.052 0.049 0.046 0.043 0.040 0.039 0.037 0.036 0.036 0.035 0.034 0.033 0.033 0.032 0.031 0.030 0.029 0.029 0.028 0.027 0.026 0.025 0.024 0.023 0.022 0.021 0.019 0.018 0.016 0.014 0.012 0.009 0.009
0.000 0.000 0.000 0.000 0.000 0.000 0.000 0.000 0.000 0.000 0.000 0.000 0.000 0.000 0.000 0.000 0.000 0.000 0.000 0.000 0.000 0.000 0.000 0.000 0.000 0.000 0.000 0.019 0.028 0.036 0.044 0.052 0.059 0.060 0.061 0.063 0.063 0.062 0.063 0.000 0.000 0.000 0.000 0.000 0.050 0.048 0.044 0.042 0.040 0.039 0.037 0.037 0.036 0.035 0.034 0.033 0.032 0.031 0.031 0.030 0.029 0.028 0.027 0.026 0.025 0.024 0.023 0.022 0.020 0.019 0.017 0.016 0.013 0.011 0.010 0.009 0.009
0.000 0.000 0.000 0.000 0.000 0.000 0.000 0.000 0.000 0.000 0.000 0.000 0.000 0.000 0.000 0.000 0.000 0.000 0.000 0.000 0.000 0.000 0.000 0.000 0.000 0.000 0.014 0.022 0.030 0.038 0.047 0.055 0.063 0.062 0.063 0.063 0.063 0.063 0.000 0.000 0.000 0.000 0.000 0.000 0.000 0.000 0.041 0.040 0.039 0.038 0.037 0.037 0.036 0.035 0.034 0.033 0.032 0.031 0.030 0.029 0.028 0.027 0.026 0.025 0.024 0.023 0.021 0.020 0.018 0.017 0.014 0.012 0.011 0.010 0.010 0.010 0.010
0.000 0.000 0.000 0.000 0.000 0.000 0.000 0.000 0.000 0.000 0.000 0.000 0.000 0.000 0.000 0.000 0.000 0.000 0.000 0.000 0.000 0.000 0.000 0.000 0.000 0.000 0.016 0.024 0.032 0.041 0.049 0.057 0.064 0.064 0.064 0.064 0.064 0.063 0.000 0.000 0.000 0.000 0.000 0.000 0.000 0.000 0.040 0.039 0.039 0.038 0.037 0.036 0.035 0.035 0.034 0.033 0.032 0.031 0.029 0.028 0.027 0.026 0.025 0.024 0.022 0.021 0.019 0.018 0.016 0.013 0.011 0.011 0.011 0.010 0.010 0.010 0.011
0.000 0.000 0.000 0.000 0.000 0.000 0.000 0.000 0.000 0.000 0.000 0.000 0.000 0.000 0.000 0.000 0.000 0.000 0.000 0.000 0.000 0.000 0.000 0.000 0.000 0.000 0.018 0.026 0.034 0.043 0.051 0.059 0.064 0.064 0.064 0.065 0.065 0.000 0.000 0.000 0.000 0.000 0.039 0.039 0.039 0.039 0.039 0.039 0.038 0.038 0.037 0.036 0.035 0.034 0.033 0.032 0.031 0.030 0.029 0.028 0.026 0.025 0.024 0.022 0.021 0.019 0.017 0.014 0.012 0.012 0.011 0.011 0.011 0.010 0.010 0.010 0.012
0.000 0.000 0.000 0.000 0.000 0.000 0.000 0.000 0.000 0.000 0.000 0.000 0.000 0.000 0.000 0.000 0.000 0.000 0.000 0.000 0.000 0.000 0.000 0.000 0.000 0.000 0.020 0.028 0.036 0.045 0.053 0.062 0.065 0.065 0.065 0.065 0.065 0.000 0.000 0.000 0.000 0.000 0.000 0.039 0.039 0.039 0.039 0.038 0.038 0.037 0.037 0.036 0.035 0.034 0.033 0.032 0.030 0.029 0.028 0.026 0.025 0.023 0.022 0.020 0.018 0.015 0.012 0.012 0.012 0.012 0.011 0.011 0.011 0.011 0.011 0.012 0.015
0.000 0.000 0.000 0.000 0.000 0.000 0.000 0.000 0.000 0.000 0.000 0.000 0.000 0.000 0.000 0.000 0.000 0.000 0.000 0.000 0.000 0.000 0.000 0.000 0.000 0.000 0.021 0.030 0.038 0.047 0.055 0.064 0.066 0.066 0.066 0.066 0.065 0.000 0.000 0.000 0.000 0.000 0.000 0.000 0.000 0.000 0.039 0.038 0.038 0.037 0.037 0.036 0.035 0.034 0.032 0.031 0.030 0.028 0.027 0.025 0.023 0.021 0.019 0.016 0.013 0.013 0.013 0.012 0.012 0.012 0.012 0.011 0.011 0.011 0.011 0.014 0.017
0.000 0.000 0.000 0.000 0.000 0.000 0.000 0.000 0.000 0.000 0.000 0.000 0.000 0.000 0.000 0.000 0.000 0.000 0.000 0.000 0.000 0.000 0.000 0.000 0.000 0.015 0.023 0.032 0.040 0.049 0.058 0.066 0.066 0.066 0.066 0.066 0.000 0.000 0.000 0.000 0.000 0.000 0.000 0.000 0.000 0.000 0.000 0.000 0.037 0.037 0.036 0.035 0.034 0.033 0.032 0.030 0.029 0.027 0.025 0.023 0.021 0.018 0.015 0.014 0.013 0.013 0.013 0.013 0.012 0.012 0.012 0.012 0.011 0.011 0.013 0.017 0.016
0.000 0.000 0.000 0.000 0.000 0.000 0.000 0.000 0.000 0.000 0.000 0.000 0.000 0.000 0.000 0.000 0.000 0.000 0.000 0.000 0.000 0.000 0.000 0.000 0.000 0.017 0.026 0.034 0.042 0.051 0.060 0.067 0.067 0.067 0.067 0.067 0.000 0.000 0.000 0.000 0.000 0.000 0.000 0.000 0.000 0.000 0.000 0.000 0.000 0.000 0.000 0.034 0.034 0.033 0.031 0.029 0.027 0.025 0.022 0.019 0.016 0.015 0.014 0.014 0.014 0.013 0.013 0.013 0.012 0.012 0.012 0.012 0.012 0.013 0.015 0.019 0.016
0.000 0.000 0.000 0.000 0.000 0.000 0.000 0.000 0.000 0.000 0.000 0.000 0.000 0.000 0.000 0.000 0.000 0.000 0.000 0.000 0.000 0.000 0.000 0.000 0.000 0.019 0.028 0.036 0.044 0.053 0.061 0.067 0.067 0.067 0.068 0.067 0.000 0.000 0.000 0.000 0.000 0.000 0.000 0.000 0.000 0.000 0.000 0.000 0.000 0.000 0.000 0.000 0.000 0.000 0.029 0.028 0.024 0.021 0.018 0.015 0.015 0.015 0.014 0.014 0.014 0.013 0.013 0.013 0.013 0.012 0.012 0.012 0.013 0.015 0.020 0.020 0.016
0.000 0.000 0.000 0.000 0.000 0.000 0.000 0.000 0.000 0.000 0.000 0.000 0.000 0.000 0.000 0.000 0.000 0.000 0.000 0.002 0.004 0.000 0.000 0.000 0.000 0.021 0.030 0.038 0.046 0.054 0.063 0.067 0.067 0.068 0.068 0.067 0.000 0.000 0.000 0.000 0.000 0.000 0.000 0.000 0.000 0.000 0.000 0.000 0.000 0.000 0.000 0.000 0.000 0.000 0.000 0.000 0.018 0.016 0.016 0.015 0.015 0.015 0.015 0.014 0.014 0.014 0.013 0.013 0.013 0.013 0.013 0.014 0.016 0.021 0.026 0.021 0.017
0.000 0.000 0.000 0.000 0.000 0.000 0.000 0.000 0.000 0.000 0.000 0.000 0.000 0.000 0.000 0.000 0.000 0.000 0.000 0.002 0.003 0.005 0.000 0.000 0.000 0.023 0.031 0.039 0.047 0.055 0.065 0.067 0.067 0.068 0.067 0.000 0.000 0.000 0.000 0.000 0.000 0.000 0.000 0.000 0.000 0.000 0.000 0.000 0.000 0.000 0.000 0.000 0.000 0.000 0.000 0.000 0.013 0.014 0.015 0.015 0.015 0.015 0.015 0.014 0.014 0.014 0.014 0.013 0.013 0.014 0.015 0.018 0.023 0.030 0.030 0.025 0.020
0.000 0.000 0.000 0.000 0.000 0.000 0.000 0.000 0.000 0.000 0.000 0.000 0.000 0.000 0.000 0.000 0.000 0.000 0.001 0.002 0.003 0.004 0.005 0.009 0.017 0.024 0.032 0.040 0.049 0.058 0.067 0.068 0.068 0.068 0.067 0.000 0.000 0.000 0.000 0.000 0.000 0.000 0.000 0.000 0.000 0.000 0.000 0.000 0.000 0.000 0.000 0.000 0.000 0.000 0.000 0.000 0.012 0.013 0.014 0.015 0.015 0.015 0.015 0.015 0.014 0.014 0.014 0.014 0.014 0.016 0.021 0.027 0.034 0.040 0.036 0.031 0.026
0.000 0.000 0.000 0.000 0.000 0.000 0.000 0.000 0.000 0.000 0.000 0.000 0.000 0.000 0.000 0.000 0.000 0.000 0.001 0.002 0.003 0.003 0.005 0.011 0.018 0.025 0.034 0.043 0.051 0.060 0.068 0.068 0.068 0.069 0.067 0.000 0.000 0.000 0.000 0.000 0.000 0.000 0.000 0.000 0.000 0.000 0.000 0.000 0.000 0.000 0.000 0.000 0.000 0.000 0.000 0.001 0.010 0.012 0.013 0.014 0.014 0.015 0.015 0.015 0.015 0.014 0.015 0.015 0.018 0.023 0.031 0.039 0.047 0.047 0.043 0.038 0.033
0.000 0.000 0.002 0.000 0.000 0.000 0.000 0.000 0.000 0.000 0.000 0.000 0.000 0.000 0.000 0.000 0.001 0.001 0.001 0.002 0.002 0.003 0.006 0.012 0.019 0.027 0.036 0.045 0.053 0.061 0.068 0.067 0.067 0.068 0.068 0.000 0.000 0.000 0.000 0.000 0.000 0.000 0.000 0.000 0.000 0.000 0.000 0.000 0.000 0.000 0.000 0.000 0.000 0.000 0.000 0.001 0.009 0.011 0.012 0.013 0.014 0.014 0.015 0.015 0.015 0.015 0.016 0.019 0.024 0.032 0.042 0.000 0.000 0.054 0.050 0.045 0.040
0.000 0.000 0.014 0.010 0.005 0.002 0.000 0.000 0.000 0.000 0.000 0.000 0.000 0.000 0.001 0.001 0.001 0.001 0.001 0.001 0.002 0.003 0.006 0.013 0.021 0.029 0.037 0.046 0.055 0.064 0.067 0.068 0.069 0.068 0.000 0.000 0.000 0.000 0.000 0.000 0.000 0.000 0.000 0.000 0.000 0.000 0.000 0.000 0.000 0.000 0.000 0.000 0.000 0.000 0.000 0.000 0.008 0.010 0.012 0.013 0.014 0.014 0.015 0.015 0.016 0.018 0.021 0.026 0.033 0.040 0.000 0.000 0.000 0.000 0.000 0.052 0.047
