数据/LID_PP_50y/LID_PP_res2/LID_PP_170-0001.wd
ncols         694
nrows         824
xllcorner     581104.939801
yllcorner     3495917.092414
cellsize      2.000000
NODATA_value  -9999.000000
[rows 714 to 747 of 824, columns 154 to 230 of 694]
0.000 0.000 0.000 0.000 0.000 0.000 0.000 0.002 0.003 0.004 0.005 0.006 0.007 0.008 0.008 0.009 0.009 0.009 0.009 0.007 0.000 0.001 0.062 0.060 0.058 0.054 0.050 0.044 0.039 0.034 0.029 0.025 0.000 0.000 0.000 0.000 0.000 0.000 0.000 0.000 0.000 0.000 0.000 0.001 0.001 0.001 0.003 0.008 0.018 0.000 0.000 0.000 0.000 0.000 0.000 0.000 0.000 0.000 0.107 0.118 0.129 0.129 0.107 0.087 0.095 0.015 0.001 0.000 0.000 0.000 0.000 0.000 0.000 0.000 0.000 0.000 0.000
0.000 0.000 0.000 0.000 0.000 0.000 0.002 0.003 0.004 0.005 0.006 0.007 0.008 0.009 0.009 0.010 0.010 0.011 0.011 0.011 0.010 0.009 0.000 0.080 0.078 0.074 0.070 0.064 0.058 0.052 0.046 0.040 0.035 0.031 0.000 0.000 0.000 0.000 0.000 0.000 0.000 0.000 0.001 0.002 0.032 0.043 0.054 0.065 0.075 0.000 0.000 0.000 0.000 0.000 0.000 0.000 0.000 0.000 0.171 0.167 0.143 0.119 0.097 0.089 0.098 0.051 0.001 0.000 0.000 0.000 0.000 0.000 0.000 0.000 0.000 0.000 0.000
0.000 0.000 0.000 0.000 0.000 0.001 0.003 0.004 0.005 0.006 0.007 0.008 0.009 0.009 0.010 0.011 0.011 0.012 0.013 0.013 0.014 0.014 0.013 0.001 0.000 0.095 0.090 0.084 0.078 0.071 0.064 0.058 0.053 0.048 0.044 0.000 0.000 0.000 0.000 0.000 0.000 0.001 0.002 0.033 0.088 0.107 0.117 0.127 0.139 0.000 0.000 0.000 0.000 0.000 0.000 0.000 0.000 0.204 0.181 0.157 0.134 0.110 0.087 0.091 0.100 0.096 0.012 0.001 0.000 0.000 0.000 0.000 0.000 0.000 0.000 0.000 0.000
0.000 0.000 0.000 0.000 0.000 0.002 0.004 0.005 0.006 0.007 0.008 0.009 0.009 0.010 0.011 0.012 0.012 0.013 0.014 0.015 0.016 0.017 0.019 0.020 0.024 0.001 0.110 0.103 0.097 0.089 0.082 0.076 0.071 0.066 0.062 0.058 0.056 0.000 0.000 0.000 0.001 0.001 0.020 0.074 0.131 0.170 0.180 0.191 0.000 0.000 0.000 0.000 0.000 0.000 0.000 0.000 0.000 0.196 0.172 0.148 0.125 0.101 0.085 0.094 0.102 0.111 0.055 0.001 0.000 0.000 0.000 0.000 0.000 0.000 0.000 0.000 0.000
0.000 0.000 0.000 0.000 0.001 0.003 0.005 0.006 0.007 0.008 0.008 0.009 0.010 0.011 0.011 0.012 0.013 0.014 0.015 0.016 0.018 0.020 0.023 0.028 0.037 0.055 0.001 0.123 0.116 0.107 0.100 0.095 0.090 0.085 0.082 0.079 0.076 0.073 0.000 0.021 0.018 0.024 0.061 0.116 0.173 0.229 0.243 0.254 0.000 0.000 0.000 0.000 0.000 0.000 0.000 0.000 0.000 0.187 0.163 0.140 0.116 0.092 0.088 0.097 0.106 0.114 0.098 0.014 0.000 0.000 0.000 0.000 0.000 0.000 0.000 0.000 0.000
0.000 0.000 0.000 0.000 0.001 0.003 0.005 0.006 0.007 0.008 0.009 0.010 0.010 0.011 0.012 0.013 0.013 0.014 0.016 0.017 0.019 0.021 0.023 0.027 0.032 0.037 0.024 0.000 0.000 0.123 0.118 0.113 0.109 0.105 0.102 0.099 0.096 0.093 0.085 0.061 0.061 0.064 0.103 0.159 0.215 0.271 0.307 0.317 0.000 0.000 0.000 0.000 0.000 0.000 0.000 0.000 0.000 0.178 0.154 0.131 0.107 0.083 0.090 0.100 0.110 0.118 0.127 0.057 0.000 0.000 0.000 0.000 0.000 0.000 0.000 0.000 0.000
0.000 0.000 0.000 0.000 0.001 0.003 0.005 0.006 0.007 0.008 0.009 0.010 0.011 0.011 0.012 0.013 0.014 0.015 0.016 0.017 0.019 0.020 0.022 0.025 0.027 0.029 0.023 0.016 0.011 0.000 0.136 0.132 0.129 0.125 0.122 0.119 0.117 0.115 0.112 0.000 0.000 0.092 0.145 0.202 0.258 0.313 0.370 0.381 0.392 0.369 0.000 0.000 0.000 0.000 0.000 0.000 0.193 0.169 0.146 0.122 0.097 0.085 0.094 0.104 0.113 0.122 0.130 0.102 0.000 0.000 0.000 0.000 0.000 0.000 0.000 0.000 0.000
0.000 0.000 0.000 0.000 0.001 0.003 0.005 0.006 0.007 0.008 0.009 0.010 0.011 0.011 0.012 0.013 0.014 0.015 0.016 0.017 0.018 0.020 0.021 0.023 0.024 0.024 0.021 0.017 0.014 0.010 0.000 0.152 0.150 0.146 0.142 0.140 0.138 0.136 0.000 0.000 0.000 0.000 0.188 0.245 0.300 0.356 0.410 0.407 0.383 0.361 0.338 0.314 0.000 0.000 0.000 0.000 0.184 0.161 0.136 0.113 0.089 0.087 0.097 0.108 0.117 0.125 0.134 0.000 0.000 0.000 0.000 0.000 0.000 0.000 0.000 0.000 0.000
0.000 0.000 0.000 0.000 0.001 0.003 0.005 0.006 0.007 0.008 0.009 0.010 0.011 0.011 0.012 0.013 0.014 0.015 0.016 0.017 0.018 0.019 0.020 0.021 0.021 0.021 0.019 0.017 0.014 0.012 0.008 0.000 0.000 0.166 0.163 0.160 0.159 0.000 0.000 0.000 0.000 0.000 0.000 0.286 0.342 0.365 0.387 0.000 0.000 0.352 0.329 0.305 0.280 0.256 0.000 0.000 0.175 0.152 0.128 0.103 0.082 0.090 0.100 0.110 0.121 0.129 0.138 0.000 0.000 0.000 0.000 0.000 0.000 0.000 0.000 0.000 0.000
0.000 0.000 0.000 0.000 0.001 0.003 0.005 0.006 0.007 0.008 0.009 0.010 0.011 0.011 0.012 0.013 0.014 0.014 0.015 0.016 0.017 0.018 0.019 0.019 0.019 0.019 0.018 0.016 0.014 0.012 0.010 0.008 0.006 0.000 0.182 0.179 0.000 0.000 0.000 0.000 0.000 0.000 0.000 0.299 0.320 0.342 0.363 0.000 0.000 0.000 0.000 0.296 0.272 0.246 0.220 0.193 0.167 0.143 0.116 0.093 0.084 0.093 0.104 0.114 0.124 0.132 0.141 0.000 0.000 0.000 0.000 0.000 0.000 0.000 0.000 0.000 0.000
0.000 0.000 0.000 0.000 0.001 0.003 0.005 0.006 0.007 0.008 0.009 0.010 0.011 0.011 0.012 0.013 0.013 0.014 0.015 0.016 0.016 0.017 0.017 0.018 0.018 0.017 0.016 0.015 0.014 0.013 0.011 0.009 0.007 0.005 0.001 0.193 0.186 0.000 0.000 0.000 0.000 0.000 0.000 0.275 0.297 0.318 0.341 0.354 0.000 0.000 0.000 0.000 0.000 0.236 0.210 0.183 0.158 0.133 0.102 0.082 0.087 0.097 0.107 0.117 0.126 0.135 0.000 0.000 0.000 0.000 0.000 0.000 0.000 0.000 0.000 0.000 0.000
0.000 0.000 0.000 0.000 0.001 0.003 0.005 0.006 0.007 0.008 0.009 0.010 0.010 0.011 0.012 0.012 0.013 0.014 0.014 0.015 0.015 0.016 0.016 0.017 0.016 0.016 0.015 0.015 0.013 0.012 0.011 0.010 0.008 0.007 0.005 0.000 0.200 0.198 0.000 0.000 0.000 0.000 0.000 0.000 0.273 0.000 0.000 0.335 0.321 0.000 0.000 0.000 0.000 0.000 0.000 0.172 0.148 0.124 0.099 0.080 0.090 0.101 0.111 0.119 0.128 0.137 0.000 0.000 0.000 0.000 0.000 0.000 0.000 0.000 0.000 0.000 0.000
0.000 0.000 0.000 0.000 0.001 0.003 0.005 0.006 0.007 0.008 0.009 0.009 0.010 0.011 0.011 0.012 0.013 0.013 0.014 0.014 0.015 0.015 0.015 0.016 0.015 0.015 0.015 0.014 0.013 0.012 0.011 0.010 0.009 0.007 0.006 0.004 0.000 0.215 0.232 0.000 0.000 0.000 0.000 0.000 0.000 0.000 0.000 0.000 0.301 0.000 0.000 0.000 0.000 0.000 0.182 0.160 0.137 0.114 0.089 0.084 0.094 0.104 0.112 0.121 0.130 0.140 0.000 0.000 0.000 0.000 0.000 0.000 0.000 0.000 0.000 0.000 0.000
0.000 0.000 0.000 0.000 0.001 0.003 0.005 0.006 0.007 0.008 0.008 0.009 0.010 0.010 0.011 0.012 0.012 0.013 0.013 0.014 0.014 0.014 0.015 0.015 0.014 0.014 0.014 0.013 0.012 0.012 0.011 0.010 0.009 0.008 0.006 0.005 0.003 0.001 0.204 0.220 0.000 0.000 0.000 0.000 0.000 0.000 0.000 0.000 0.280 0.000 0.000 0.000 0.000 0.000 0.173 0.149 0.127 0.104 0.079 0.087 0.096 0.105 0.114 0.123 0.132 0.000 0.000 0.000 0.000 0.000 0.000 0.000 0.000 0.000 0.000 0.000 0.000
0.000 0.000 0.000 0.000 0.000 0.002 0.004 0.005 0.006 0.007 0.008 0.009 0.009 0.010 0.011 0.011 0.012 0.012 0.013 0.013 0.013 0.014 0.014 0.014 0.014 0.013 0.013 0.012 0.012 0.011 0.010 0.010 0.009 0.008 0.006 0.005 0.003 0.001 0.000 0.190 0.206 0.000 0.000 0.000 0.000 0.000 0.000 0.265 0.261 0.000 0.000 0.000 0.000 0.184 0.164 0.140 0.117 0.093 0.081 0.091 0.099 0.107 0.116 0.125 0.133 0.141 0.149 0.000 0.000 0.000 0.000 0.000 0.000 0.000 0.000 0.000 0.000
0.000 0.000 0.000 0.000 0.000 0.001 0.003 0.004 0.005 0.006 0.007 0.008 0.009 0.010 0.010 0.011 0.011 0.012 0.012 0.012 0.013 0.013 0.013 0.013 0.013 0.013 0.012 0.012 0.011 0.011 0.010 0.009 0.008 0.007 0.006 0.005 0.003 0.001 0.000 0.000 0.175 0.189 0.000 0.000 0.000 0.000 0.000 0.000 0.000 0.000 0.000 0.000 0.000 0.163 0.151 0.131 0.106 0.083 0.083 0.091 0.100 0.109 0.118 0.127 0.136 0.144 0.152 0.160 0.169 0.000 0.000 0.000 0.000 0.000 0.000 0.000 0.000
0.000 0.000 0.000 0.000 0.000 0.000 0.002 0.003 0.004 0.005 0.006 0.007 0.008 0.009 0.010 0.010 0.011 0.011 0.011 0.012 0.012 0.012 0.012 0.012 0.012 0.012 0.012 0.011 0.011 0.010 0.009 0.009 0.008 0.007 0.006 0.005 0.003 0.001 0.000 0.000 0.000 0.156 0.167 0.185 0.000 0.000 0.000 0.000 0.000 0.000 0.000 0.000 0.153 0.142 0.130 0.119 0.097 0.077 0.086 0.095 0.104 0.113 0.121 0.130 0.140 0.148 0.156 0.164 0.171 0.178 0.186 0.000 0.000 0.000 0.000 0.000 0.000
0.000 0.000 0.000 0.000 0.000 0.000 0.000 0.002 0.003 0.004 0.005 0.006 0.007 0.008 0.009 0.010 0.010 0.010 0.011 0.011 0.011 0.011 0.012 0.012 0.011 0.011 0.011 0.011 0.010 0.010 0.009 0.008 0.007 0.006 0.005 0.004 0.002 0.000 0.000 0.000 0.000 0.000 0.140 0.157 0.175 0.000 0.000 0.000 0.000 0.000 0.000 0.000 0.135 0.122 0.110 0.098 0.086 0.080 0.089 0.098 0.107 0.115 0.124 0.134 0.143 0.150 0.159 0.167 0.174 0.181 0.189 0.198 0.149 0.000 0.000 0.000 0.000
0.000 0.000 0.000 0.000 0.000 0.000 0.000 0.000 0.002 0.003 0.004 0.005 0.006 0.007 0.008 0.009 0.009 0.010 0.010 0.010 0.011 0.011 0.011 0.011 0.011 0.011 0.010 0.010 0.009 0.009 0.008 0.007 0.006 0.005 0.004 0.003 0.001 0.000 0.000 0.000 0.000 0.000 0.000 0.131 0.147 0.164 0.000 0.000 0.000 0.000 0.000 0.129 0.116 0.103 0.092 0.079 0.076 0.080 0.089 0.098 0.108 0.118 0.128 0.138 0.147 0.000 0.000 0.000 0.176 0.184 0.192 0.201 0.194 0.107 0.039 0.000 0.000
0.000 0.000 0.000 0.000 0.000 0.000 0.000 0.000 0.000 0.002 0.003 0.004 0.005 0.006 0.007 0.008 0.009 0.009 0.009 0.010 0.010 0.010 0.010 0.010 0.010 0.010 0.010 0.009 0.009 0.008 0.007 0.006 0.005 0.004 0.003 0.002 0.000 0.000 0.000 0.000 0.000 0.000 0.000 0.000 0.119 0.136 0.154 0.000 0.000 0.000 0.000 0.110 0.096 0.084 0.076 0.076 0.076 0.078 0.088 0.097 0.107 0.117 0.127 0.139 0.150 0.000 0.000 0.000 0.000 0.000 0.195 0.204 0.213 0.151 0.109 0.070 0.000
0.000 0.000 0.000 0.000 0.000 0.000 0.000 0.000 0.000 0.000 0.002 0.003 0.004 0.005 0.006 0.007 0.008 0.008 0.009 0.009 0.009 0.009 0.009 0.009 0.009 0.009 0.009 0.008 0.008 0.007 0.006 0.005 0.004 0.003 0.002 0.000 0.000 0.000 0.000 0.000 0.000 0.000 0.000 0.000 0.095 0.110 0.125 0.141 0.000 0.119 0.105 0.090 0.077 0.076 0.075 0.075 0.075 0.076 0.086 0.096 0.106 0.116 0.126 0.138 0.000 0.000 0.000 0.000 0.000 0.000 0.000 0.205 0.214 0.219 0.180 0.140 0.000
0.000 0.000 0.000 0.000 0.000 0.000 0.000 0.000 0.000 0.000 0.000 0.002 0.003 0.004 0.005 0.006 0.007 0.008 0.008 0.008 0.008 0.008 0.008 0.008 0.008 0.008 0.008 0.008 0.007 0.006 0.005 0.004 0.003 0.002 0.000 0.000 0.000 0.000 0.000 0.000 0.000 0.000 0.000 0.000 0.000 0.085 0.098 0.111 0.121 0.102 0.085 0.077 0.076 0.075 0.074 0.074 0.074 0.074 0.084 0.094 0.104 0.114 0.124 0.000 0.000 0.000 0.000 0.000 0.000 0.000 0.000 0.000 0.000 0.224 0.219 0.209 0.169
0.000 0.000 0.000 0.000 0.000 0.000 0.000 0.000 0.000 0.000 0.000 0.000 0.002 0.003 0.004 0.005 0.006 0.007 0.007 0.007 0.007 0.007 0.007 0.007 0.007 0.007 0.007 0.007 0.006 0.005 0.004 0.003 0.002 0.000 0.000 0.000 0.000 0.000 0.000 0.000 0.000 0.000 0.000 0.000 0.000 0.000 0.071 0.084 0.095 0.084 0.080 0.077 0.075 0.074 0.074 0.073 0.073 0.074 0.081 0.091 0.101 0.111 0.121 0.000 0.000 0.000 0.000 0.000 0.000 0.000 0.000 0.000 0.000 0.000 0.000 0.218 0.212
0.000 0.000 0.000 0.000 0.000 0.000 0.000 0.000 0.000 0.000 0.000 0.000 0.000 0.002 0.003 0.004 0.005 0.006 0.006 0.006 0.006 0.006 0.006 0.006 0.006 0.006 0.006 0.006 0.005 0.004 0.003 0.002 0.000 0.000 0.000 0.000 0.000 0.000 0.000 0.000 0.000 0.000 0.000 0.000 0.000 0.000 0.000 0.058 0.071 0.081 0.079 0.077 0.075 0.074 0.073 0.073 0.073 0.073 0.079 0.089 0.099 0.109 0.000 0.000 0.000 0.000 0.000 0.000 0.000 0.000 0.000 0.000 0.000 0.000 0.000 0.000 0.000
0.000 0.000 0.000 0.000 0.000 0.000 0.000 0.000 0.000 0.000 0.000 0.000 0.000 0.000 0.002 0.003 0.004 0.005 0.005 0.005 0.005 0.005 0.005 0.005 0.005 0.005 0.005 0.005 0.004 0.003 0.002 0.000 0.000 0.000 0.000 0.000 0.000 0.000 0.000 0.000 0.000 0.000 0.000 0.000 0.000 0.000 0.000 0.000 0.046 0.061 0.076 0.075 0.074 0.073 0.073 0.072 0.072 0.072 0.076 0.086 0.097 0.107 0.000 0.000 0.000 0.000 0.000 0.000 0.000 0.000 0.000 0.000 0.000 0.000 0.000 0.000 0.000
0.000 0.000 0.000 0.000 0.000 0.000 0.000 0.000 0.000 0.000 0.000 0.000 0.000 0.000 0.000 0.001 0.002 0.003 0.003 0.003 0.003 0.003 0.003 0.003 0.003 0.003 0.003 0.003 0.002 0.001 0.000 0.000 0.000 0.000 0.000 0.000 0.000 0.000 0.000 0.000 0.000 0.000 0.000 0.000 0.000 0.000 0.000 0.000 0.000 0.000 0.057 0.073 0.072 0.072 0.071 0.071 0.070 0.071 0.073 0.084 0.094 0.000 0.000 0.000 0.000 0.000 0.000 0.000 0.000 0.000 0.000 0.000 0.000 0.000 0.000 0.000 0.000
0.000 0.000 0.000 0.000 0.000 0.000 0.000 0.000 0.000 0.000 0.000 0.000 0.000 0.000 0.000 0.000 0.000 0.001 0.001 0.001 0.001 0.001 0.001 0.001 0.001 0.001 0.001 0.001 0.000 0.000 0.000 0.000 0.000 0.000 0.000 0.000 0.000 0.000 0.000 0.000 0.000 0.000 0.000 0.000 0.000 0.000 0.000 0.000 0.000 0.000 0.037 0.057 0.071 0.070 0.069 0.067 0.067 0.068 0.069 0.080 0.092 0.000 0.000 0.000 0.000 0.000 0.000 0.000 0.000 0.000 0.000 0.000 0.000 0.000 0.000 0.000 0.000
0.000 0.000 0.000 0.000 0.000 0.000 0.000 0.000 0.000 0.000 0.000 0.000 0.000 0.000 0.000 0.000 0.000 0.000 0.000 0.000 0.000 0.000 0.000 0.000 0.000 0.000 0.000 0.000 0.000 0.000 0.000 0.000 0.000 0.000 0.000 0.000 0.000 0.000 0.000 0.000 0.000 0.000 0.000 0.000 0.000 0.000 0.000 0.000 0.000 0.000 0.016 0.036 0.055 0.068 0.066 0.063 0.059 0.061 0.064 0.076 0.000 0.000 0.000 0.000 0.000 0.000 0.000 0.000 0.000 0.000 0.000 0.000 0.000 0.000 0.000 0.000 0.000
0.000 0.000 0.000 0.000 0.000 0.000 0.000 0.000 0.000 0.000 0.000 0.000 0.000 0.000 0.000 0.000 0.000 0.000 0.000 0.000 0.000 0.000 0.000 0.000 0.000 0.000 0.000 0.000 0.000 0.000 0.000 0.000 0.000 0.000 0.000 0.000 0.000 0.000 0.000 0.000 0.000 0.000 0.000 0.000 0.000 0.000 0.000 0.000 0.000 0.000 0.000 0.015 0.033 0.051 0.061 0.055 0.032 0.050 0.054 0.000 0.000 0.000 0.000 0.000 0.000 0.000 0.000 0.000 0.000 0.000 0.000 0.000 0.000 0.000 0.000 0.000 0.000
0.000 0.000 0.000 0.000 0.000 0.000 0.000 0.000 0.000 0.000 0.000 0.000 0.000 0.000 0.000 0.000 0.000 0.000 0.000 0.000 0.000 0.000 0.000 0.000 0.000 0.000 0.000 0.000 0.000 0.000 0.000 0.000 0.000 0.000 0.000 0.000 0.000 0.000 0.000 0.000 0.000 0.000 0.000 0.000 0.000 0.000 0.000 0.000 0.000 0.000 0.000 0.002 0.011 0.028 0.044 0.051 0.045 0.046 0.046 0.046 0.000 0.000 0.000 0.000 0.000 0.000 0.000 0.000 0.000 0.000 0.000 0.000 0.000 0.000 0.000 0.000 0.000
0.000 0.000 0.000 0.000 0.000 0.000 0.000 0.000 0.000 0.000 0.000 0.000 0.000 0.000 0.000 0.000 0.000 0.000 0.000 0.000 0.000 0.000 0.000 0.000 0.000 0.000 0.000 0.000 0.000 0.000 0.000 0.000 0.000 0.000 0.000 0.000 0.000 0.000 0.000 0.000 0.000 0.000 0.000 0.000 0.000 0.000 0.000 0.000 0.000 0.000 0.000 0.001 0.001 0.005 0.019 0.035 0.045 0.044 0.042 0.040 0.044 0.000 0.000 0.000 0.000 0.000 0.000 0.000 0.000 0.000 0.000 0.000 0.000 0.000 0.000 0.000 0.000
0.000 0.000 0.000 0.000 0.000 0.000 0.000 0.000 0.000 0.000 0.000 0.000 0.000 0.000 0.000 0.000 0.000 0.000 0.000 0.000 0.000 0.000 0.000 0.000 0.000 0.000 0.000 0.000 0.000 0.000 0.000 0.000 0.000 0.000 0.000 0.000 0.000 0.000 0.000 0.000 0.000 0.000 0.000 0.000 0.000 0.000 0.000 0.000 0.000 0.000 0.000 0.001 0.001 0.001 0.002 0.012 0.031 0.042 0.039 0.035 0.037 0.034 0.036 0.000 0.000 0.000 0.000 0.000 0.000 0.000 0.000 0.000 0.000 0.000 0.000 0.000 0.000
0.000 0.000 0.000 0.000 0.000 0.000 0.000 0.000 0.000 0.000 0.000 0.000 0.000 0.000 0.000 0.000 0.000 0.000 0.000 0.000 0.000 0.000 0.000 0.000 0.000 0.000 0.000 0.000 0.000 0.000 0.000 0.000 0.000 0.000 0.000 0.000 0.000 0.000 0.000 0.000 0.000 0.000 0.000 0.000 0.000 0.000 0.000 0.000 0.000 0.000 0.000 0.000 0.001 0.001 0.001 0.001 0.009 0.027 0.036 0.031 0.030 0.028 0.030 0.034 0.000 0.000 0.000 0.000 0.000 0.000 0.000 0.000 0.000 0.000 0.000 0.000 0.000
0.000 0.000 0.000 0.000 0.000 0.000 0.000 0.000 0.000 0.000 0.000 0.000 0.000 0.000 0.000 0.000 0.000 0.000 0.000 0.000 0.000 0.000 0.000 0.000 0.000 0.000 0.000 0.000 0.000 0.000 0.000 0.000 0.000 0.000 0.000 0.000 0.000 0.000 0.000 0.000 0.000 0.000 0.000 0.000 0.000 0.000 0.000 0.000 0.000 0.000 0.000 0.000 0.000 0.001 0.001 0.001 0.001 0.005 0.020 0.026 0.022 0.022 0.026 0.029 0.032 0.000 0.000 0.000 0.000 0.000 0.000 0.000 0.000 0.000 0.000 0.000 0.000
