数据/LID_PP_50y/LID_PP_res2/LID_PP_165-0001.wd
ncols         694
nrows         824
xllcorner     581104.939801
yllcorner     3495917.092414
cellsize      2.000000
NODATA_value  -9999.000000
[rows 306 to 339 of 824, columns 462 to 538 of 694]
0.016 0.018 0.020 0.020 0.021 0.021 0.020 0.020 0.016 0.012 0.008 0.005 0.003 0.002 0.001 0.001 0.001 0.000 0.001 0.001 0.001 0.001 0.001 0.001 0.001 0.001 0.003 0.006 0.009 0.010 0.010 0.010 0.008 0.007 0.005 0.004 0.003 0.003 0.003 0.000 0.000 0.000 0.000 0.000 0.000 0.000 0.000 0.000 0.000 0.000 0.000 0.000 0.000 0.000 0.010 0.010 0.010 0.013 0.000 0.000 0.000 0.000 0.000 0.000 0.001 0.000 0.000 0.000 0.000 0.000 0.001 0.003 0.009 0.020 0.029 0.029 0.024
0.000 0.015 0.018 0.019 0.020 0.020 0.020 0.020 0.020 0.017 0.013 0.009 0.006 0.003 0.002 0.001 0.001 0.001 0.001 0.001 0.001 0.001 0.001 0.001 0.001 0.001 0.003 0.006 0.008 0.010 0.010 0.010 0.009 0.007 0.006 0.005 0.004 0.005 0.013 0.000 0.000 0.000 0.000 0.000 0.000 0.000 0.000 0.000 0.000 0.000 0.000 0.000 0.000 0.000 0.000 0.000 0.000 0.010 0.010 0.008 0.007 0.006 0.005 0.005 0.007 0.000 0.000 0.000 0.000 0.000 0.007 0.017 0.026 0.027 0.024 0.021 0.019
0.009 0.014 0.017 0.018 0.019 0.020 0.020 0.021 0.021 0.020 0.019 0.014 0.010 0.007 0.005 0.003 0.002 0.002 0.001 0.001 0.001 0.001 0.001 0.001 0.001 0.001 0.003 0.006 0.008 0.009 0.010 0.010 0.009 0.008 0.006 0.005 0.005 0.005 0.000 0.000 0.000 0.000 0.000 0.000 0.000 0.000 0.000 0.000 0.000 0.000 0.000 0.000 0.000 0.000 0.000 0.000 0.000 0.000 0.000 0.006 0.007 0.008 0.007 0.006 0.010 0.000 0.000 0.000 0.000 0.013 0.023 0.026 0.023 0.021 0.018 0.016 0.015
0.011 0.014 0.016 0.018 0.019 0.020 0.021 0.022 0.022 0.022 0.022 0.023 0.018 0.015 0.011 0.007 0.005 0.004 0.003 0.002 0.002 0.001 0.001 0.001 0.001 0.001 0.004 0.006 0.008 0.009 0.010 0.010 0.009 0.008 0.007 0.006 0.005 0.005 0.003 0.002 0.002 0.000 0.000 0.000 0.000 0.000 0.000 0.000 0.000 0.000 0.000 0.000 0.000 0.000 0.000 0.000 0.000 0.000 0.000 0.000 0.000 0.000 0.005 0.007 0.009 0.011 0.000 0.000 0.000 0.022 0.022 0.020 0.018 0.016 0.014 0.013 0.012
0.011 0.014 0.016 0.018 0.020 0.022 0.024 0.026 0.026 0.022 0.023 0.027 0.031 0.027 0.022 0.016 0.012 0.008 0.006 0.004 0.003 0.002 0.002 0.001 0.001 0.001 0.004 0.006 0.008 0.009 0.009 0.009 0.009 0.008 0.007 0.006 0.005 0.005 0.003 0.002 0.002 0.001 0.001 0.000 0.000 0.000 0.000 0.000 0.000 0.000 0.000 0.000 0.000 0.000 0.000 0.000 0.000 0.000 0.000 0.000 0.000 0.000 0.000 0.000 0.007 0.011 0.014 0.026 0.028 0.022 0.019 0.016 0.014 0.013 0.011 0.010 0.011
0.012 0.014 0.017 0.021 0.024 0.028 0.030 0.032 0.029 0.000 0.029 0.036 0.040 0.041 0.033 0.025 0.019 0.014 0.010 0.007 0.005 0.003 0.003 0.002 0.002 0.002 0.004 0.006 0.007 0.009 0.009 0.009 0.009 0.008 0.007 0.007 0.006 0.005 0.004 0.003 0.002 0.002 0.001 0.001 0.001 0.002 0.000 0.000 0.000 0.000 0.000 0.000 0.000 0.000 0.000 0.000 0.000 0.000 0.000 0.000 0.000 0.000 0.000 0.000 0.000 0.000 0.000 0.017 0.018 0.017 0.015 0.014 0.012 0.011 0.010 0.009 0.007
0.014 0.018 0.023 0.028 0.033 0.037 0.040 0.043 0.044 0.042 0.044 0.048 0.044 0.035 0.035 0.031 0.024 0.018 0.013 0.009 0.007 0.005 0.004 0.003 0.002 0.002 0.004 0.006 0.007 0.008 0.009 0.009 0.009 0.008 0.008 0.007 0.006 0.005 0.004 0.003 0.003 0.002 0.002 0.001 0.001 0.001 0.001 0.002 0.000 0.000 0.000 0.000 0.000 0.001 0.000 0.000 0.000 0.000 0.000 0.000 0.000 0.000 0.000 0.000 0.000 0.000 0.020 0.018 0.016 0.015 0.013 0.011 0.010 0.009 0.008 0.009 0.000
0.021 0.027 0.033 0.039 0.044 0.049 0.053 0.050 0.043 0.036 0.029 0.024 0.018 0.012 0.024 0.033 0.027 0.021 0.016 0.012 0.008 0.006 0.005 0.004 0.003 0.003 0.004 0.006 0.007 0.008 0.009 0.009 0.009 0.008 0.008 0.007 0.006 0.006 0.005 0.004 0.003 0.003 0.002 0.001 0.001 0.001 0.001 0.001 0.001 0.001 0.001 0.001 0.001 0.001 0.001 0.001 0.007 0.000 0.000 0.000 0.000 0.000 0.000 0.000 0.000 0.000 0.016 0.016 0.015 0.013 0.012 0.010 0.009 0.008 0.007 0.006 0.000
0.032 0.038 0.040 0.037 0.033 0.030 0.026 0.022 0.018 0.015 0.011 0.008 0.004 0.007 0.016 0.030 0.029 0.024 0.018 0.014 0.010 0.008 0.006 0.005 0.004 0.003 0.004 0.005 0.007 0.008 0.009 0.009 0.009 0.009 0.008 0.007 0.007 0.006 0.005 0.004 0.004 0.003 0.002 0.001 0.001 0.001 0.001 0.001 0.001 0.001 0.001 0.001 0.001 0.001 0.001 0.003 0.016 0.038 0.066 0.000 0.000 0.000 0.000 0.000 0.000 0.020 0.018 0.016 0.014 0.012 0.010 0.009 0.007 0.007 0.007 0.000 0.000
0.016 0.014 0.012 0.011 0.009 0.008 0.007 0.005 0.004 0.003 0.003 0.002 0.001 0.004 0.010 0.020 0.031 0.025 0.020 0.016 0.013 0.010 0.008 0.006 0.005 0.004 0.004 0.005 0.007 0.008 0.008 0.009 0.009 0.009 0.008 0.008 0.007 0.006 0.005 0.005 0.004 0.003 0.003 0.002 0.001 0.001 0.001 0.001 0.001 0.001 0.001 0.001 0.001 0.002 0.007 0.017 0.031 0.051 0.066 0.074 0.082 0.092 0.000 0.000 0.000 0.017 0.017 0.015 0.013 0.011 0.009 0.007 0.006 0.005 0.005 0.000 0.000
0.003 0.002 0.002 0.002 0.002 0.002 0.001 0.001 0.001 0.001 0.001 0.001 0.001 0.002 0.005 0.013 0.027 0.027 0.022 0.018 0.015 0.012 0.010 0.008 0.007 0.006 0.006 0.007 0.008 0.008 0.009 0.009 0.009 0.009 0.009 0.008 0.007 0.007 0.006 0.005 0.004 0.004 0.003 0.002 0.002 0.002 0.001 0.001 0.001 0.002 0.002 0.003 0.006 0.014 0.024 0.034 0.039 0.040 0.044 0.050 0.058 0.066 0.071 0.079 0.000 0.021 0.017 0.014 0.011 0.009 0.007 0.006 0.005 0.005 0.000 0.000 0.000
0.001 0.001 0.001 0.001 0.001 0.001 0.001 0.001 0.001 0.001 0.001 0.001 0.001 0.001 0.003 0.007 0.018 0.029 0.025 0.022 0.019 0.017 0.015 0.014 0.014 0.013 0.013 0.013 0.014 0.014 0.014 0.014 0.013 0.012 0.011 0.010 0.009 0.008 0.008 0.007 0.006 0.005 0.005 0.004 0.004 0.004 0.004 0.003 0.003 0.004 0.008 0.014 0.023 0.032 0.037 0.032 0.029 0.026 0.026 0.029 0.034 0.040 0.045 0.049 0.042 0.028 0.019 0.013 0.009 0.007 0.005 0.004 0.004 0.003 0.000 0.000 0.000
0.001 0.001 0.001 0.001 0.001 0.001 0.001 0.001 0.001 0.001 0.001 0.001 0.001 0.001 0.002 0.004 0.012 0.027 0.030 0.029 0.029 0.030 0.031 0.032 0.032 0.032 0.032 0.032 0.031 0.030 0.029 0.027 0.025 0.022 0.020 0.019 0.017 0.015 0.014 0.013 0.012 0.012 0.012 0.013 0.013 0.014 0.015 0.015 0.013 0.018 0.024 0.032 0.038 0.033 0.028 0.024 0.020 0.017 0.015 0.014 0.013 0.014 0.016 0.018 0.016 0.012 0.000 0.004 0.004 0.004 0.003 0.003 0.003 0.000 0.000 0.000 0.000
0.000 0.000 0.000 0.000 0.000 0.000 0.000 0.000 0.000 0.000 0.001 0.001 0.001 0.001 0.001 0.003 0.007 0.020 0.044 0.047 0.051 0.054 0.057 0.059 0.060 0.060 0.060 0.059 0.058 0.056 0.053 0.048 0.044 0.041 0.038 0.036 0.033 0.032 0.031 0.031 0.032 0.033 0.035 0.038 0.040 0.042 0.043 0.044 0.042 0.036 0.041 0.034 0.028 0.023 0.019 0.015 0.013 0.010 0.008 0.007 0.006 0.005 0.004 0.004 0.004 0.004 0.003 0.002 0.002 0.002 0.002 0.002 0.002 0.012 0.000 0.000 0.000
0.000 0.000 0.000 0.000 0.000 0.000 0.000 0.000 0.000 0.000 0.000 0.001 0.001 0.001 0.001 0.001 0.005 0.018 0.057 0.074 0.079 0.084 0.088 0.088 0.089 0.089 0.089 0.088 0.087 0.084 0.079 0.070 0.066 0.064 0.062 0.058 0.056 0.055 0.055 0.057 0.059 0.061 0.064 0.067 0.070 0.073 0.074 0.075 0.067 0.048 0.047 0.041 0.033 0.027 0.022 0.017 0.013 0.010 0.008 0.006 0.004 0.003 0.002 0.002 0.002 0.001 0.001 0.001 0.001 0.001 0.001 0.001 0.000 0.000 0.000 0.000 0.000
0.000 0.000 0.000 0.000 0.000 0.000 0.000 0.000 0.000 0.000 0.000 0.000 0.001 0.001 0.001 0.001 0.009 0.000 0.059 0.103 0.108 0.114 0.119 0.000 0.000 0.000 0.000 0.000 0.000 0.000 0.000 0.090 0.092 0.092 0.089 0.082 0.081 0.082 0.083 0.085 0.088 0.091 0.094 0.097 0.100 0.096 0.086 0.075 0.062 0.043 0.043 0.046 0.051 0.044 0.037 0.031 0.026 0.021 0.017 0.013 0.010 0.008 0.006 0.005 0.004 0.003 0.002 0.002 0.001 0.001 0.001 0.001 0.001 0.001 0.000 0.000 0.000
0.000 0.000 0.000 0.000 0.000 0.000 0.000 0.000 0.000 0.000 0.000 0.000 0.000 0.004 0.000 0.000 0.013 0.000 0.000 0.121 0.000 0.000 0.000 0.000 0.000 0.000 0.000 0.000 0.000 0.000 0.000 0.000 0.000 0.000 0.000 0.105 0.109 0.110 0.110 0.113 0.117 0.120 0.116 0.107 0.098 0.089 0.079 0.068 0.056 0.038 0.038 0.040 0.044 0.049 0.052 0.045 0.039 0.033 0.028 0.023 0.019 0.015 0.012 0.009 0.007 0.005 0.004 0.003 0.002 0.002 0.002 0.001 0.001 0.001 0.001 0.001 0.000
0.000 0.000 0.000 0.000 0.000 0.000 0.000 0.000 0.000 0.000 0.000 0.000 0.000 0.000 0.000 0.000 0.000 0.000 0.000 0.000 0.000 0.000 0.000 0.000 0.000 0.000 0.000 0.000 0.000 0.000 0.000 0.000 0.000 0.000 0.000 0.000 0.000 0.000 0.138 0.134 0.126 0.118 0.108 0.100 0.091 0.082 0.073 0.062 0.049 0.034 0.034 0.035 0.037 0.041 0.046 0.052 0.052 0.046 0.040 0.034 0.028 0.024 0.019 0.016 0.012 0.010 0.008 0.006 0.004 0.004 0.003 0.002 0.002 0.001 0.001 0.001 0.001
0.000 0.000 0.000 0.000 0.000 0.000 0.000 0.000 0.000 0.000 0.000 0.000 0.000 0.000 0.000 0.000 0.000 0.000 0.000 0.000 0.000 0.000 0.000 0.000 0.000 0.000 0.000 0.000 0.000 0.000 0.000 0.000 0.000 0.000 0.000 0.000 0.000 0.000 0.000 0.000 0.000 0.000 0.100 0.093 0.084 0.075 0.065 0.055 0.042 0.030 0.029 0.029 0.030 0.033 0.037 0.042 0.049 0.055 0.052 0.046 0.040 0.034 0.029 0.024 0.020 0.016 0.013 0.010 0.008 0.006 0.005 0.004 0.003 0.002 0.002 0.001 0.001
0.000 0.000 0.000 0.000 0.000 0.000 0.000 0.000 0.000 0.000 0.000 0.000 0.000 0.000 0.000 0.000 0.000 0.000 0.000 0.000 0.000 0.000 0.000 0.000 0.000 0.000 0.000 0.000 0.000 0.000 0.000 0.000 0.000 0.000 0.000 0.000 0.000 0.000 0.000 0.000 0.000 0.000 0.000 0.000 0.000 0.066 0.058 0.048 0.033 0.024 0.023 0.023 0.024 0.026 0.029 0.033 0.038 0.044 0.050 0.057 0.052 0.045 0.039 0.033 0.028 0.024 0.019 0.016 0.012 0.010 0.008 0.006 0.005 0.004 0.003 0.003 0.002
0.000 0.000 0.000 0.000 0.000 0.000 0.000 0.000 0.000 0.000 0.000 0.000 0.000 0.000 0.000 0.000 0.000 0.000 0.000 0.000 0.000 0.000 0.000 0.000 0.000 0.000 0.000 0.000 0.000 0.000 0.000 0.000 0.000 0.000 0.000 0.000 0.000 0.000 0.000 0.000 0.000 0.000 0.000 0.000 0.000 0.000 0.000 0.000 0.019 0.015 0.016 0.016 0.017 0.018 0.020 0.024 0.028 0.033 0.039 0.045 0.052 0.057 0.051 0.044 0.038 0.033 0.028 0.023 0.019 0.016 0.013 0.010 0.008 0.007 0.006 0.005 0.004
0.000 0.000 0.000 0.000 0.000 0.000 0.000 0.000 0.000 0.000 0.000 0.000 0.000 0.000 0.000 0.000 0.000 0.000 0.000 0.000 0.000 0.000 0.000 0.000 0.000 0.000 0.000 0.000 0.000 0.000 0.000 0.000 0.000 0.000 0.000 0.000 0.000 0.000 0.000 0.000 0.000 0.000 0.000 0.000 0.000 0.000 0.000 0.000 0.000 0.000 0.005 0.007 0.009 0.011 0.012 0.015 0.018 0.023 0.028 0.034 0.041 0.047 0.054 0.056 0.049 0.043 0.037 0.032 0.028 0.024 0.020 0.018 0.015 0.013 0.011 0.009 0.008
0.000 0.000 0.000 0.000 0.000 0.000 0.000 0.000 0.000 0.000 0.000 0.000 0.000 0.000 0.000 0.000 0.000 0.000 0.000 0.000 0.000 0.000 0.000 0.000 0.000 0.000 0.000 0.000 0.000 0.000 0.000 0.000 0.000 0.000 0.000 0.000 0.000 0.000 0.000 0.000 0.000 0.000 0.000 0.000 0.000 0.000 0.000 0.000 0.000 0.000 0.000 0.000 0.000 0.000 0.004 0.006 0.010 0.014 0.018 0.023 0.029 0.036 0.042 0.049 0.056 0.055 0.049 0.043 0.039 0.035 0.032 0.030 0.027 0.025 0.022 0.019 0.016
0.000 0.000 0.000 0.000 0.000 0.000 0.000 0.000 0.000 0.000 0.000 0.000 0.000 0.000 0.000 0.000 0.000 0.000 0.000 0.000 0.000 0.000 0.000 0.000 0.000 0.000 0.000 0.000 0.000 0.000 0.000 0.000 0.000 0.000 0.000 0.000 0.000 0.000 0.000 0.000 0.000 0.000 0.000 0.000 0.000 0.000 0.000 0.000 0.000 0.000 0.000 0.000 0.000 0.000 0.000 0.000 0.000 0.000 0.008 0.013 0.019 0.024 0.031 0.037 0.044 0.051 0.059 0.056 0.053 0.051 0.050 0.048 0.046 0.042 0.038 0.033 0.028
0.000 0.000 0.000 0.000 0.000 0.000 0.000 0.000 0.000 0.000 0.000 0.000 0.000 0.000 0.000 0.000 0.000 0.000 0.000 0.000 0.000 0.000 0.000 0.000 0.000 0.000 0.000 0.000 0.000 0.000 0.000 0.000 0.000 0.000 0.000 0.000 0.000 0.000 0.000 0.000 0.000 0.000 0.000 0.000 0.000 0.000 0.000 0.000 0.000 0.000 0.000 0.000 0.000 0.000 0.000 0.000 0.000 0.000 0.000 0.004 0.009 0.014 0.020 0.025 0.032 0.039 0.047 0.058 0.072 0.073 0.072 0.071 0.068 0.064 0.057 0.049 0.042
0.000 0.000 0.000 0.000 0.000 0.000 0.000 0.000 0.000 0.000 0.000 0.000 0.000 0.000 0.000 0.000 0.000 0.000 0.000 0.000 0.000 0.000 0.000 0.000 0.000 0.000 0.000 0.000 0.000 0.000 0.000 0.000 0.000 0.000 0.000 0.000 0.000 0.000 0.000 0.000 0.000 0.000 0.000 0.000 0.000 0.000 0.000 0.000 0.000 0.000 0.000 0.000 0.000 0.000 0.000 0.000 0.000 0.000 0.000 0.001 0.002 0.005 0.009 0.014 0.020 0.027 0.036 0.049 0.067 0.087 0.097 0.097 0.094 0.088 0.073 0.064 0.056
0.000 0.000 0.000 0.000 0.000 0.000 0.000 0.000 0.000 0.000 0.000 0.000 0.000 0.000 0.000 0.000 0.000 0.000 0.000 0.000 0.000 0.000 0.000 0.000 0.000 0.000 0.000 0.000 0.000 0.000 0.000 0.000 0.000 0.000 0.000 0.000 0.000 0.000 0.000 0.000 0.000 0.000 0.000 0.000 0.000 0.000 0.000 0.000 0.000 0.000 0.000 0.000 0.000 0.000 0.000 0.000 0.000 0.000 0.000 0.001 0.001 0.001 0.002 0.005 0.010 0.017 0.026 0.042 0.063 0.085 0.000 0.000 0.000 0.000 0.081 0.080 0.066
0.000 0.000 0.000 0.000 0.000 0.000 0.000 0.000 0.000 0.000 0.000 0.000 0.000 0.000 0.000 0.000 0.000 0.000 0.000 0.000 0.000 0.000 0.000 0.000 0.000 0.000 0.000 0.000 0.000 0.000 0.000 0.000 0.000 0.000 0.000 0.000 0.000 0.000 0.000 0.000 0.000 0.000 0.000 0.000 0.000 0.000 0.000 0.000 0.000 0.000 0.000 0.000 0.000 0.000 0.000 0.000 0.000 0.000 0.000 0.001 0.001 0.001 0.001 0.001 0.003 0.008 0.017 0.036 0.060 0.000 0.000 0.000 0.000 0.000 0.000 0.000 0.069
0.000 0.000 0.000 0.000 0.000 0.000 0.000 0.000 0.000 0.000 0.000 0.000 0.000 0.000 0.000 0.000 0.000 0.000 0.000 0.000 0.000 0.000 0.000 0.000 0.000 0.000 0.000 0.000 0.000 0.000 0.000 0.000 0.000 0.000 0.000 0.000 0.000 0.000 0.000 0.000 0.000 0.000 0.000 0.000 0.000 0.000 0.000 0.000 0.000 0.000 0.000 0.000 0.000 0.000 0.000 0.000 0.000 0.000 0.000 0.000 0.001 0.001 0.001 0.001 0.001 0.002 0.011 0.033 0.000 0.000 0.000 0.000 0.000 0.000 0.000 0.000 0.000
0.000 0.000 0.000 0.000 0.000 0.000 0.000 0.000 0.000 0.000 0.000 0.000 0.000 0.000 0.000 0.000 0.000 0.000 0.000 0.000 0.000 0.000 0.000 0.000 0.000 0.000 0.000 0.000 0.000 0.000 0.000 0.000 0.000 0.000 0.000 0.000 0.000 0.000 0.000 0.000 0.000 0.000 0.000 0.000 0.000 0.000 0.000 0.000 0.000 0.000 0.000 0.000 0.000 0.000 0.000 0.000 0.000 0.000 0.000 0.000 0.000 0.000 0.001 0.001 0.001 0.001 0.007 0.029 0.000 0.000 0.000 0.000 0.000 0.000 0.000 0.000 0.000
0.000 0.000 0.000 0.000 0.000 0.000 0.000 0.000 0.000 0.000 0.000 0.000 0.000 0.000 0.000 0.000 0.000 0.000 0.000 0.000 0.000 0.000 0.000 0.000 0.000 0.000 0.000 0.000 0.000 0.000 0.000 0.000 0.000 0.000 0.000 0.000 0.000 0.000 0.000 0.000 0.000 0.000 0.000 0.000 0.000 0.000 0.000 0.000 0.000 0.000 0.000 0.000 0.000 0.000 0.000 0.000 0.000 0.000 0.000 0.000 0.000 0.000 0.000 0.001 0.001 0.001 0.005 0.000 0.000 0.000 0.000 0.000 0.000 0.000 0.000 0.000 0.000
0.000 0.000 0.000 0.000 0.000 0.000 0.000 0.000 0.000 0.000 0.000 0.000 0.000 0.000 0.000 0.000 0.000 0.000 0.000 0.000 0.000 0.000 0.000 0.000 0.000 0.000 0.000 0.000 0.000 0.000 0.000 0.000 0.000 0.000 0.000 0.000 0.000 0.000 0.000 0.000 0.000 0.000 0.000 0.000 0.000 0.000 0.000 0.000 0.000 0.000 0.000 0.000 0.000 0.000 0.000 0.000 0.000 0.000 0.000 0.000 0.000 0.000 0.000 0.000 0.001 0.001 0.018 0.000 0.000 0.000 0.000 0.000 0.000 0.000 0.000 0.000 0.000
0.000 0.000 0.000 0.000 0.000 0.000 0.000 0.000 0.000 0.000 0.000 0.000 0.000 0.000 0.000 0.000 0.000 0.000 0.000 0.000 0.000 0.000 0.000 0.000 0.000 0.000 0.000 0.000 0.000 0.000 0.000 0.000 0.000 0.000 0.000 0.000 0.000 0.000 0.000 0.000 0.000 0.000 0.000 0.000 0.000 0.000 0.000 0.000 0.000 0.000 0.000 0.000 0.000 0.000 0.000 0.000 0.000 0.000 0.000 0.000 0.000 0.000 0.000 0.000 0.001 0.001 0.000 0.000 0.000 0.000 0.000 0.000 0.000 0.000 0.000 0.000 0.000
0.000 0.000 0.000 0.000 0.000 0.000 0.000 0.000 0.000 0.000 0.000 0.000 0.000 0.000 0.000 0.000 0.000 0.000 0.000 0.000 0.000 0.000 0.000 0.000 0.000 0.000 0.000 0.000 0.000 0.000 0.000 0.000 0.000 0.000 0.000 0.000 0.000 0.000 0.000 0.000 0.000 0.000 0.000 0.000 0.000 0.000 0.000 0.000 0.000 0.000 0.000 0.000 0.000 0.000 0.000 0.000 0.000 0.000 0.000 0.000 0.000 0.000 0.000 0.000 0.001 0.001 0.000 0.000 0.000 0.000 0.000 0.000 0.000 0.000 0.000 0.000 0.000
