数据/LID_PP_50y/LID_PP_res2/LID_PP_134-0001.wd
ncols         694
nrows         824
xllcorner     581104.939801
yllcorner     3495917.092414
cellsize      2.000000
NODATA_value  -9999.000000
[rows 714 to 747 of 824, columns 154 to 230 of 694]
0.000 0.000 0.000 0.000 0.000 0.000 0.000 0.002 0.003 0.004 0.005 0.006 0.007 0.008 0.009 0.009 0.009 0.010 0.009 0.008 0.000 0.000 0.094 0.091 0.088 0.084 0.078 0.072 0.066 0.061 0.056 0.051 0.000 0.000 0.000 0.000 0.000 0.000 0.000 0.000 0.000 0.000 0.000 0.036 0.058 0.069 0.080 0.090 0.100 0.000 0.000 0.000 0.000 0.000 0.000 0.000 0.000 0.000 0.199 0.210 0.221 0.220 0.199 0.178 0.187 0.102 0.025 0.000 0.000 0.000 0.000 0.000 0.000 0.000 0.000 0.000 0.000
0.000 0.000 0.000 0.000 0.000 0.000 0.002 0.003 0.004 0.005 0.006 0.007 0.008 0.009 0.010 0.010 0.011 0.011 0.012 0.012 0.011 0.010 0.000 0.110 0.107 0.103 0.098 0.092 0.086 0.079 0.073 0.067 0.060 0.056 0.000 0.000 0.000 0.000 0.000 0.000 0.000 0.000 0.023 0.076 0.120 0.131 0.142 0.153 0.163 0.000 0.000 0.000 0.000 0.000 0.000 0.000 0.000 0.000 0.262 0.257 0.235 0.211 0.188 0.180 0.189 0.145 0.059 0.000 0.000 0.000 0.000 0.000 0.000 0.000 0.000 0.000 0.000
0.000 0.000 0.000 0.000 0.000 0.001 0.003 0.004 0.005 0.006 0.007 0.008 0.009 0.010 0.011 0.011 0.012 0.013 0.014 0.014 0.015 0.015 0.014 0.000 0.001 0.122 0.117 0.111 0.105 0.098 0.091 0.085 0.079 0.074 0.070 0.000 0.000 0.000 0.000 0.000 0.000 0.011 0.064 0.118 0.175 0.194 0.205 0.215 0.226 0.000 0.000 0.000 0.000 0.000 0.000 0.000 0.000 0.295 0.272 0.247 0.225 0.202 0.178 0.182 0.191 0.186 0.101 0.017 0.000 0.000 0.000 0.000 0.000 0.000 0.000 0.000 0.000
0.000 0.000 0.000 0.000 0.000 0.002 0.004 0.005 0.006 0.007 0.008 0.009 0.010 0.011 0.011 0.012 0.013 0.014 0.015 0.016 0.018 0.019 0.021 0.023 0.027 0.001 0.137 0.130 0.124 0.117 0.110 0.104 0.098 0.094 0.090 0.085 0.082 0.000 0.000 0.000 0.007 0.052 0.105 0.162 0.218 0.257 0.268 0.278 0.000 0.000 0.000 0.000 0.000 0.000 0.000 0.000 0.000 0.287 0.263 0.239 0.214 0.192 0.175 0.185 0.195 0.203 0.146 0.060 0.000 0.000 0.000 0.000 0.000 0.000 0.000 0.000 0.000
0.000 0.000 0.000 0.000 0.001 0.003 0.005 0.006 0.007 0.008 0.009 0.009 0.010 0.011 0.012 0.013 0.014 0.015 0.016 0.018 0.020 0.022 0.025 0.031 0.042 0.061 0.001 0.149 0.144 0.135 0.128 0.123 0.118 0.114 0.110 0.106 0.103 0.100 0.000 0.047 0.056 0.095 0.149 0.204 0.260 0.315 0.330 0.342 0.000 0.000 0.000 0.000 0.000 0.000 0.000 0.000 0.000 0.277 0.253 0.229 0.206 0.182 0.178 0.187 0.197 0.206 0.190 0.104 0.000 0.000 0.000 0.000 0.000 0.000 0.000 0.000 0.000
0.000 0.000 0.000 0.000 0.001 0.003 0.005 0.006 0.007 0.008 0.009 0.010 0.011 0.012 0.013 0.014 0.015 0.016 0.017 0.019 0.020 0.023 0.026 0.030 0.036 0.042 0.027 0.001 0.001 0.151 0.147 0.142 0.138 0.134 0.130 0.127 0.123 0.120 0.112 0.086 0.101 0.137 0.191 0.246 0.301 0.358 0.394 0.405 0.000 0.000 0.000 0.000 0.000 0.000 0.000 0.000 0.000 0.268 0.244 0.221 0.196 0.174 0.181 0.190 0.200 0.208 0.218 0.149 0.000 0.000 0.000 0.000 0.000 0.000 0.000 0.000 0.000
0.000 0.000 0.000 0.000 0.001 0.003 0.005 0.006 0.007 0.008 0.009 0.010 0.011 0.012 0.013 0.014 0.015 0.016 0.017 0.019 0.021 0.023 0.025 0.028 0.030 0.032 0.025 0.018 0.012 0.000 0.165 0.162 0.159 0.155 0.151 0.147 0.144 0.142 0.139 0.000 0.000 0.177 0.232 0.288 0.344 0.400 0.456 0.467 0.478 0.454 0.000 0.000 0.000 0.000 0.000 0.000 0.282 0.259 0.234 0.212 0.186 0.174 0.184 0.193 0.203 0.212 0.221 0.193 0.000 0.000 0.000 0.000 0.000 0.000 0.000 0.000 0.000
0.000 0.000 0.000 0.000 0.001 0.003 0.005 0.006 0.007 0.008 0.009 0.010 0.011 0.012 0.013 0.014 0.015 0.016 0.017 0.019 0.020 0.022 0.023 0.025 0.027 0.026 0.023 0.019 0.015 0.011 0.000 0.182 0.180 0.175 0.172 0.169 0.166 0.164 0.000 0.000 0.000 0.000 0.275 0.331 0.387 0.442 0.498 0.494 0.470 0.447 0.421 0.396 0.000 0.000 0.000 0.000 0.272 0.249 0.225 0.200 0.177 0.178 0.187 0.196 0.204 0.214 0.224 0.000 0.000 0.000 0.000 0.000 0.000 0.000 0.000 0.000 0.000
0.000 0.000 0.000 0.000 0.001 0.003 0.005 0.006 0.007 0.008 0.009 0.010 0.011 0.012 0.013 0.014 0.015 0.016 0.017 0.018 0.019 0.021 0.022 0.023 0.024 0.023 0.021 0.019 0.016 0.013 0.009 0.001 0.000 0.195 0.192 0.190 0.188 0.000 0.000 0.000 0.000 0.000 0.000 0.372 0.429 0.451 0.473 0.000 0.000 0.436 0.411 0.387 0.363 0.338 0.000 0.000 0.262 0.239 0.215 0.192 0.171 0.180 0.189 0.198 0.207 0.217 0.227 0.000 0.000 0.000 0.000 0.000 0.000 0.000 0.000 0.000 0.000
0.000 0.000 0.000 0.000 0.001 0.003 0.005 0.006 0.007 0.008 0.009 0.010 0.011 0.012 0.013 0.014 0.015 0.016 0.017 0.018 0.019 0.020 0.020 0.021 0.021 0.021 0.019 0.018 0.016 0.014 0.011 0.008 0.006 0.001 0.211 0.207 0.000 0.000 0.000 0.000 0.000 0.000 0.000 0.387 0.407 0.428 0.449 0.000 0.000 0.000 0.000 0.378 0.354 0.328 0.302 0.277 0.253 0.229 0.203 0.182 0.174 0.182 0.191 0.200 0.209 0.219 0.230 0.000 0.000 0.000 0.000 0.000 0.000 0.000 0.000 0.000 0.000
0.000 0.000 0.000 0.000 0.001 0.003 0.005 0.006 0.007 0.008 0.009 0.010 0.011 0.012 0.013 0.014 0.014 0.015 0.016 0.017 0.018 0.018 0.019 0.019 0.020 0.019 0.018 0.017 0.015 0.014 0.012 0.010 0.008 0.006 0.000 0.222 0.215 0.000 0.000 0.000 0.000 0.000 0.000 0.363 0.383 0.404 0.425 0.438 0.000 0.000 0.000 0.000 0.000 0.318 0.292 0.267 0.242 0.218 0.196 0.171 0.175 0.184 0.193 0.202 0.211 0.221 0.000 0.000 0.000 0.000 0.000 0.000 0.000 0.000 0.000 0.000 0.000
0.000 0.000 0.000 0.000 0.001 0.003 0.005 0.006 0.007 0.008 0.009 0.010 0.011 0.012 0.012 0.013 0.014 0.015 0.015 0.016 0.017 0.017 0.018 0.018 0.018 0.018 0.017 0.016 0.015 0.013 0.012 0.010 0.009 0.007 0.005 0.000 0.231 0.228 0.000 0.000 0.000 0.000 0.000 0.000 0.361 0.000 0.000 0.418 0.408 0.000 0.000 0.000 0.000 0.000 0.000 0.255 0.231 0.207 0.184 0.166 0.176 0.185 0.194 0.203 0.213 0.223 0.000 0.000 0.000 0.000 0.000 0.000 0.000 0.000 0.000 0.000 0.000
0.000 0.000 0.000 0.000 0.001 0.003 0.005 0.006 0.007 0.008 0.009 0.010 0.010 0.011 0.012 0.013 0.014 0.014 0.015 0.015 0.016 0.016 0.017 0.017 0.017 0.016 0.016 0.015 0.014 0.013 0.012 0.010 0.009 0.008 0.006 0.004 0.000 0.246 0.263 0.000 0.000 0.000 0.000 0.000 0.000 0.000 0.000 0.000 0.388 0.000 0.000 0.000 0.000 0.000 0.265 0.242 0.219 0.196 0.172 0.168 0.178 0.186 0.195 0.205 0.215 0.226 0.000 0.000 0.000 0.000 0.000 0.000 0.000 0.000 0.000 0.000 0.000
0.000 0.000 0.000 0.000 0.001 0.003 0.005 0.006 0.007 0.008 0.008 0.009 0.010 0.011 0.012 0.012 0.013 0.014 0.014 0.015 0.015 0.015 0.016 0.016 0.016 0.015 0.015 0.014 0.013 0.012 0.011 0.010 0.009 0.008 0.006 0.005 0.003 0.001 0.235 0.251 0.000 0.000 0.000 0.000 0.000 0.000 0.000 0.000 0.368 0.000 0.000 0.000 0.000 0.000 0.256 0.233 0.209 0.185 0.162 0.170 0.179 0.186 0.196 0.205 0.214 0.000 0.000 0.000 0.000 0.000 0.000 0.000 0.000 0.000 0.000 0.000 0.000
0.000 0.000 0.000 0.000 0.000 0.002 0.004 0.005 0.006 0.007 0.008 0.009 0.010 0.010 0.011 0.012 0.012 0.013 0.013 0.014 0.014 0.015 0.015 0.015 0.015 0.014 0.014 0.013 0.013 0.012 0.011 0.010 0.009 0.008 0.006 0.005 0.003 0.001 0.000 0.221 0.236 0.000 0.000 0.000 0.000 0.000 0.000 0.352 0.348 0.000 0.000 0.000 0.000 0.265 0.245 0.222 0.198 0.175 0.163 0.172 0.180 0.188 0.197 0.206 0.213 0.219 0.226 0.000 0.000 0.000 0.000 0.000 0.000 0.000 0.000 0.000 0.000
0.000 0.000 0.000 0.000 0.000 0.001 0.003 0.004 0.005 0.006 0.007 0.008 0.009 0.010 0.010 0.011 0.012 0.012 0.013 0.013 0.014 0.014 0.014 0.014 0.014 0.014 0.013 0.013 0.012 0.011 0.010 0.009 0.008 0.007 0.006 0.005 0.003 0.001 0.000 0.000 0.206 0.220 0.000 0.000 0.000 0.000 0.000 0.000 0.000 0.000 0.000 0.000 0.000 0.243 0.232 0.211 0.188 0.164 0.164 0.173 0.182 0.191 0.199 0.207 0.214 0.222 0.229 0.236 0.243 0.000 0.000 0.000 0.000 0.000 0.000 0.000 0.000
0.000 0.000 0.000 0.000 0.000 0.000 0.002 0.003 0.004 0.005 0.006 0.007 0.008 0.009 0.010 0.010 0.011 0.012 0.012 0.012 0.013 0.013 0.013 0.013 0.013 0.013 0.012 0.012 0.011 0.011 0.010 0.009 0.008 0.007 0.006 0.005 0.003 0.001 0.000 0.000 0.000 0.189 0.202 0.221 0.000 0.000 0.000 0.000 0.000 0.000 0.000 0.000 0.232 0.221 0.210 0.198 0.177 0.157 0.165 0.175 0.184 0.194 0.201 0.208 0.217 0.225 0.233 0.240 0.247 0.255 0.263 0.000 0.000 0.000 0.000 0.000 0.000
0.000 0.000 0.000 0.000 0.000 0.000 0.000 0.002 0.003 0.004 0.005 0.006 0.007 0.008 0.009 0.010 0.010 0.011 0.011 0.012 0.012 0.012 0.012 0.012 0.012 0.012 0.011 0.011 0.010 0.010 0.009 0.008 0.007 0.006 0.005 0.004 0.002 0.000 0.000 0.000 0.000 0.000 0.176 0.194 0.212 0.000 0.000 0.000 0.000 0.000 0.000 0.000 0.211 0.199 0.188 0.176 0.164 0.160 0.168 0.177 0.186 0.196 0.204 0.212 0.220 0.228 0.235 0.244 0.250 0.257 0.265 0.272 0.224 0.000 0.000 0.000 0.000
0.000 0.000 0.000 0.000 0.000 0.000 0.000 0.000 0.002 0.003 0.004 0.005 0.006 0.007 0.008 0.009 0.010 0.010 0.010 0.011 0.011 0.011 0.011 0.011 0.011 0.011 0.011 0.010 0.010 0.009 0.008 0.007 0.006 0.005 0.004 0.003 0.001 0.000 0.000 0.000 0.000 0.000 0.000 0.168 0.185 0.204 0.000 0.000 0.000 0.000 0.000 0.201 0.190 0.177 0.167 0.154 0.153 0.158 0.167 0.177 0.187 0.197 0.206 0.215 0.225 0.000 0.000 0.000 0.251 0.260 0.267 0.276 0.268 0.180 0.113 0.000 0.000
0.000 0.000 0.000 0.000 0.000 0.000 0.000 0.000 0.000 0.002 0.003 0.004 0.005 0.006 0.007 0.008 0.009 0.009 0.010 0.010 0.010 0.010 0.010 0.010 0.010 0.010 0.010 0.009 0.009 0.008 0.007 0.006 0.005 0.004 0.003 0.002 0.000 0.000 0.000 0.000 0.000 0.000 0.000 0.000 0.159 0.177 0.197 0.000 0.000 0.000 0.000 0.181 0.169 0.157 0.151 0.150 0.152 0.154 0.164 0.173 0.184 0.195 0.205 0.215 0.225 0.000 0.000 0.000 0.000 0.000 0.270 0.278 0.287 0.224 0.183 0.143 0.000
0.000 0.000 0.000 0.000 0.000 0.000 0.000 0.000 0.000 0.000 0.002 0.003 0.004 0.005 0.006 0.007 0.008 0.008 0.009 0.009 0.009 0.009 0.009 0.009 0.009 0.009 0.009 0.008 0.008 0.007 0.006 0.005 0.004 0.003 0.002 0.000 0.000 0.000 0.000 0.000 0.000 0.000 0.000 0.000 0.136 0.153 0.171 0.189 0.000 0.185 0.172 0.161 0.149 0.149 0.149 0.149 0.150 0.151 0.161 0.171 0.181 0.192 0.202 0.212 0.000 0.000 0.000 0.000 0.000 0.000 0.000 0.278 0.288 0.292 0.253 0.213 0.000
0.000 0.000 0.000 0.000 0.000 0.000 0.000 0.000 0.000 0.000 0.000 0.002 0.003 0.004 0.005 0.006 0.007 0.008 0.008 0.008 0.008 0.008 0.008 0.008 0.008 0.008 0.008 0.008 0.007 0.006 0.005 0.004 0.003 0.002 0.000 0.000 0.000 0.000 0.000 0.000 0.000 0.000 0.000 0.000 0.000 0.130 0.146 0.163 0.180 0.165 0.152 0.148 0.148 0.148 0.147 0.148 0.148 0.149 0.158 0.168 0.178 0.189 0.200 0.000 0.000 0.000 0.000 0.000 0.000 0.000 0.000 0.000 0.000 0.298 0.292 0.281 0.239
0.000 0.000 0.000 0.000 0.000 0.000 0.000 0.000 0.000 0.000 0.000 0.000 0.002 0.003 0.004 0.005 0.006 0.007 0.007 0.007 0.007 0.007 0.007 0.007 0.007 0.007 0.007 0.007 0.006 0.005 0.004 0.003 0.002 0.000 0.000 0.000 0.000 0.000 0.000 0.000 0.000 0.000 0.000 0.000 0.000 0.000 0.122 0.138 0.155 0.147 0.147 0.147 0.147 0.146 0.146 0.147 0.147 0.148 0.155 0.165 0.176 0.187 0.198 0.000 0.000 0.000 0.000 0.000 0.000 0.000 0.000 0.000 0.000 0.000 0.000 0.288 0.282
0.000 0.000 0.000 0.000 0.000 0.000 0.000 0.000 0.000 0.000 0.000 0.000 0.000 0.002 0.003 0.004 0.005 0.006 0.006 0.006 0.006 0.006 0.006 0.006 0.006 0.006 0.006 0.006 0.005 0.004 0.003 0.002 0.000 0.000 0.000 0.000 0.000 0.000 0.000 0.000 0.000 0.000 0.000 0.000 0.000 0.000 0.000 0.115 0.132 0.146 0.146 0.145 0.145 0.144 0.144 0.145 0.145 0.146 0.152 0.162 0.173 0.184 0.000 0.000 0.000 0.000 0.000 0.000 0.000 0.000 0.000 0.000 0.000 0.000 0.000 0.000 0.000
0.000 0.000 0.000 0.000 0.000 0.000 0.000 0.000 0.000 0.000 0.000 0.000 0.000 0.000 0.002 0.003 0.004 0.005 0.005 0.005 0.005 0.005 0.005 0.005 0.005 0.005 0.005 0.005 0.004 0.003 0.002 0.000 0.000 0.000 0.000 0.000 0.000 0.000 0.000 0.000 0.000 0.000 0.000 0.000 0.000 0.000 0.000 0.000 0.110 0.128 0.143 0.143 0.143 0.143 0.142 0.143 0.143 0.144 0.148 0.159 0.170 0.182 0.000 0.000 0.000 0.000 0.000 0.000 0.000 0.000 0.000 0.000 0.000 0.000 0.000 0.000 0.000
0.000 0.000 0.000 0.000 0.000 0.000 0.000 0.000 0.000 0.000 0.000 0.000 0.000 0.000 0.000 0.001 0.002 0.003 0.003 0.003 0.003 0.003 0.003 0.003 0.003 0.003 0.003 0.003 0.002 0.001 0.000 0.000 0.000 0.000 0.000 0.000 0.000 0.000 0.000 0.000 0.000 0.000 0.000 0.000 0.000 0.000 0.000 0.000 0.000 0.098 0.125 0.141 0.140 0.141 0.140 0.141 0.140 0.142 0.144 0.155 0.166 0.000 0.000 0.000 0.000 0.000 0.000 0.000 0.000 0.000 0.000 0.000 0.000 0.000 0.000 0.000 0.000
0.000 0.000 0.000 0.000 0.000 0.000 0.000 0.000 0.000 0.000 0.000 0.000 0.000 0.000 0.000 0.000 0.000 0.001 0.001 0.001 0.001 0.001 0.001 0.001 0.001 0.001 0.001 0.001 0.000 0.000 0.000 0.000 0.000 0.000 0.000 0.000 0.000 0.000 0.000 0.000 0.000 0.000 0.000 0.000 0.000 0.000 0.000 0.000 0.000 0.000 0.104 0.124 0.139 0.138 0.138 0.137 0.137 0.138 0.140 0.152 0.164 0.000 0.000 0.000 0.000 0.000 0.000 0.000 0.000 0.000 0.000 0.000 0.000 0.000 0.000 0.000 0.000
0.000 0.000 0.000 0.000 0.000 0.000 0.000 0.000 0.000 0.000 0.000 0.000 0.000 0.000 0.000 0.000 0.000 0.000 0.000 0.000 0.000 0.000 0.000 0.000 0.000 0.000 0.000 0.000 0.000 0.000 0.000 0.000 0.000 0.000 0.000 0.000 0.000 0.000 0.000 0.000 0.000 0.000 0.000 0.000 0.000 0.000 0.000 0.000 0.000 0.000 0.083 0.103 0.122 0.135 0.134 0.132 0.131 0.132 0.135 0.147 0.000 0.000 0.000 0.000 0.000 0.000 0.000 0.000 0.000 0.000 0.000 0.000 0.000 0.000 0.000 0.000 0.000
0.000 0.000 0.000 0.000 0.000 0.000 0.000 0.000 0.000 0.000 0.000 0.000 0.000 0.000 0.000 0.000 0.000 0.000 0.000 0.000 0.000 0.000 0.000 0.000 0.000 0.000 0.000 0.000 0.000 0.000 0.000 0.000 0.000 0.000 0.000 0.000 0.000 0.000 0.000 0.000 0.000 0.000 0.000 0.000 0.000 0.000 0.000 0.000 0.000 0.000 0.000 0.079 0.099 0.118 0.129 0.125 0.117 0.122 0.124 0.000 0.000 0.000 0.000 0.000 0.000 0.000 0.000 0.000 0.000 0.000 0.000 0.000 0.000 0.000 0.000 0.000 0.000
0.000 0.000 0.000 0.000 0.000 0.000 0.000 0.000 0.000 0.000 0.000 0.000 0.000 0.000 0.000 0.000 0.000 0.000 0.000 0.000 0.000 0.000 0.000 0.000 0.000 0.000 0.000 0.000 0.000 0.000 0.000 0.000 0.000 0.000 0.000 0.000 0.000 0.000 0.000 0.000 0.000 0.000 0.000 0.000 0.000 0.000 0.000 0.000 0.000 0.000 0.000 0.056 0.076 0.094 0.111 0.121 0.116 0.116 0.113 0.110 0.000 0.000 0.000 0.000 0.000 0.000 0.000 0.000 0.000 0.000 0.000 0.000 0.000 0.000 0.000 0.000 0.000
0.000 0.000 0.000 0.000 0.000 0.000 0.000 0.000 0.000 0.000 0.000 0.000 0.000 0.000 0.000 0.000 0.000 0.000 0.000 0.000 0.000 0.000 0.000 0.000 0.000 0.000 0.000 0.000 0.000 0.000 0.000 0.000 0.000 0.000 0.000 0.000 0.000 0.000 0.000 0.000 0.000 0.000 0.000 0.000 0.000 0.000 0.000 0.000 0.000 0.000 0.000 0.034 0.052 0.070 0.087 0.104 0.114 0.110 0.106 0.101 0.102 0.000 0.000 0.000 0.000 0.000 0.000 0.000 0.000 0.000 0.000 0.000 0.000 0.000 0.000 0.000 0.000
0.000 0.000 0.000 0.000 0.000 0.000 0.000 0.000 0.000 0.000 0.000 0.000 0.000 0.000 0.000 0.000 0.000 0.000 0.000 0.000 0.000 0.000 0.000 0.000 0.000 0.000 0.000 0.000 0.000 0.000 0.000 0.000 0.000 0.000 0.000 0.000 0.000 0.000 0.000 0.000 0.000 0.000 0.000 0.000 0.000 0.000 0.000 0.000 0.000 0.000 0.000 0.010 0.029 0.046 0.063 0.080 0.097 0.105 0.100 0.092 0.090 0.083 0.083 0.000 0.000 0.000 0.000 0.000 0.000 0.000 0.000 0.000 0.000 0.000 0.000 0.000 0.000
0.000 0.000 0.000 0.000 0.000 0.000 0.000 0.000 0.000 0.000 0.000 0.000 0.000 0.000 0.000 0.000 0.000 0.000 0.000 0.000 0.000 0.000 0.000 0.000 0.000 0.000 0.000 0.000 0.000 0.000 0.000 0.000 0.000 0.000 0.000 0.000 0.000 0.000 0.000 0.000 0.000 0.000 0.000 0.000 0.000 0.000 0.000 0.000 0.000 0.000 0.000 0.000 0.006 0.022 0.039 0.056 0.072 0.088 0.093 0.084 0.079 0.074 0.074 0.077 0.000 0.000 0.000 0.000 0.000 0.000 0.000 0.000 0.000 0.000 0.000 0.000 0.000
0.000 0.000 0.000 0.000 0.000 0.000 0.000 0.000 0.000 0.000 0.000 0.000 0.000 0.000 0.000 0.000 0.000 0.000 0.000 0.000 0.000 0.000 0.000 0.000 0.000 0.000 0.000 0.000 0.000 0.000 0.000 0.000 0.000 0.000 0.000 0.000 0.000 0.000 0.000 0.000 0.000 0.000 0.000 0.000 0.000 0.000 0.000 0.000 0.000 0.000 0.000 0.000 0.000 0.003 0.015 0.031 0.047 0.062 0.074 0.075 0.067 0.064 0.066 0.068 0.069 0.000 0.000 0.000 0.000 0.000 0.000 0.000 0.000 0.000 0.000 0.000 0.000
