数据/LID_PP_50y/LID_PP_res2/LID_PP_142-0001.wd
ncols         694
nrows         824
xllcorner     581104.939801
yllcorner     3495917.092414
cellsize      2.000000
NODATA_value  -9999.000000
[rows 306 to 339 of 824, columns 462 to 538 of 694]
0.066 0.064 0.062 0.060 0.059 0.059 0.059 0.059 0.054 0.047 0.040 0.033 0.027 0.021 0.016 0.012 0.008 0.004 0.003 0.002 0.002 0.002 0.002 0.003 0.004 0.006 0.010 0.014 0.016 0.017 0.017 0.016 0.014 0.012 0.009 0.007 0.006 0.004 0.005 0.000 0.000 0.000 0.000 0.000 0.000 0.000 0.000 0.000 0.000 0.000 0.000 0.000 0.000 0.000 0.017 0.018 0.019 0.023 0.000 0.000 0.000 0.000 0.000 0.000 0.001 0.000 0.000 0.000 0.000 0.000 0.003 0.012 0.023 0.035 0.046 0.046 0.041
0.088 0.074 0.067 0.065 0.064 0.064 0.064 0.064 0.065 0.062 0.054 0.047 0.040 0.034 0.027 0.021 0.015 0.011 0.008 0.006 0.004 0.003 0.003 0.003 0.004 0.006 0.010 0.013 0.016 0.017 0.017 0.016 0.014 0.012 0.010 0.008 0.007 0.007 0.016 0.000 0.000 0.000 0.000 0.000 0.000 0.000 0.000 0.000 0.000 0.000 0.000 0.000 0.000 0.000 0.000 0.000 0.000 0.018 0.018 0.014 0.012 0.011 0.010 0.009 0.014 0.000 0.000 0.000 0.000 0.000 0.017 0.030 0.041 0.042 0.039 0.036 0.034
0.074 0.071 0.069 0.068 0.068 0.069 0.070 0.071 0.071 0.071 0.070 0.062 0.055 0.048 0.040 0.032 0.025 0.019 0.015 0.011 0.008 0.006 0.005 0.004 0.004 0.000 0.009 0.013 0.015 0.016 0.016 0.016 0.014 0.013 0.011 0.009 0.008 0.009 0.000 0.000 0.000 0.000 0.000 0.000 0.000 0.000 0.000 0.000 0.000 0.000 0.000 0.000 0.000 0.000 0.000 0.000 0.000 0.000 0.000 0.010 0.013 0.014 0.012 0.012 0.019 0.000 0.000 0.000 0.000 0.024 0.036 0.039 0.037 0.034 0.031 0.029 0.028
0.068 0.070 0.071 0.073 0.074 0.076 0.077 0.078 0.078 0.078 0.078 0.079 0.072 0.064 0.055 0.044 0.036 0.030 0.023 0.018 0.014 0.011 0.008 0.006 0.005 0.004 0.009 0.012 0.015 0.016 0.016 0.016 0.015 0.013 0.011 0.010 0.009 0.008 0.005 0.003 0.002 0.000 0.000 0.000 0.000 0.000 0.000 0.000 0.000 0.000 0.000 0.000 0.000 0.000 0.000 0.000 0.000 0.000 0.000 0.000 0.000 0.000 0.009 0.013 0.016 0.022 0.000 0.000 0.000 0.035 0.034 0.032 0.030 0.027 0.025 0.024 0.023
0.068 0.072 0.076 0.079 0.082 0.084 0.086 0.087 0.086 0.083 0.085 0.087 0.088 0.081 0.069 0.057 0.048 0.039 0.032 0.025 0.020 0.015 0.012 0.009 0.007 0.007 0.009 0.012 0.014 0.015 0.016 0.015 0.015 0.013 0.012 0.011 0.009 0.008 0.006 0.004 0.003 0.002 0.002 0.000 0.000 0.000 0.000 0.000 0.000 0.000 0.000 0.000 0.000 0.000 0.000 0.000 0.000 0.000 0.000 0.000 0.000 0.000 0.000 0.000 0.014 0.022 0.028 0.042 0.043 0.035 0.031 0.028 0.025 0.023 0.021 0.020 0.021
0.073 0.078 0.083 0.088 0.091 0.094 0.096 0.097 0.095 0.084 0.094 0.097 0.097 0.095 0.081 0.068 0.057 0.047 0.039 0.032 0.026 0.020 0.016 0.013 0.010 0.009 0.010 0.012 0.014 0.015 0.016 0.015 0.015 0.014 0.012 0.011 0.010 0.009 0.007 0.005 0.004 0.003 0.002 0.001 0.001 0.002 0.000 0.000 0.000 0.000 0.000 0.000 0.000 0.000 0.000 0.000 0.000 0.000 0.000 0.000 0.000 0.000 0.000 0.000 0.000 0.000 0.000 0.028 0.030 0.029 0.026 0.024 0.021 0.020 0.018 0.017 0.015
0.081 0.087 0.093 0.098 0.102 0.105 0.108 0.109 0.109 0.106 0.108 0.109 0.101 0.086 0.082 0.074 0.062 0.052 0.044 0.037 0.030 0.025 0.020 0.016 0.013 0.011 0.011 0.012 0.014 0.015 0.015 0.015 0.015 0.014 0.013 0.012 0.010 0.009 0.007 0.006 0.005 0.004 0.003 0.002 0.001 0.002 0.002 0.003 0.000 0.000 0.000 0.000 0.000 0.001 0.000 0.000 0.000 0.000 0.000 0.000 0.000 0.000 0.000 0.000 0.000 0.000 0.030 0.028 0.026 0.024 0.022 0.020 0.018 0.017 0.016 0.017 0.000
0.091 0.098 0.104 0.109 0.114 0.117 0.120 0.116 0.107 0.098 0.088 0.079 0.067 0.050 0.062 0.074 0.065 0.056 0.048 0.041 0.035 0.029 0.024 0.020 0.017 0.015 0.014 0.014 0.015 0.016 0.016 0.016 0.015 0.015 0.014 0.013 0.011 0.010 0.008 0.007 0.006 0.004 0.003 0.000 0.001 0.001 0.002 0.002 0.002 0.002 0.002 0.002 0.002 0.003 0.007 0.022 0.047 0.000 0.000 0.000 0.000 0.000 0.000 0.000 0.000 0.000 0.025 0.025 0.024 0.022 0.020 0.018 0.016 0.015 0.014 0.012 0.000
0.103 0.109 0.111 0.107 0.102 0.097 0.091 0.085 0.077 0.069 0.060 0.050 0.036 0.036 0.021 0.064 0.066 0.059 0.052 0.046 0.040 0.035 0.030 0.027 0.023 0.021 0.019 0.019 0.019 0.019 0.019 0.019 0.018 0.017 0.016 0.015 0.013 0.012 0.010 0.009 0.007 0.006 0.005 0.003 0.003 0.002 0.002 0.003 0.003 0.003 0.003 0.003 0.005 0.011 0.021 0.036 0.057 0.080 0.107 0.000 0.000 0.000 0.000 0.000 0.000 0.033 0.029 0.026 0.023 0.020 0.018 0.016 0.014 0.013 0.013 0.000 0.000
0.083 0.080 0.077 0.074 0.070 0.065 0.060 0.054 0.048 0.041 0.033 0.023 0.017 0.023 0.026 0.050 0.069 0.063 0.057 0.052 0.048 0.044 0.041 0.038 0.036 0.034 0.033 0.031 0.030 0.029 0.028 0.027 0.025 0.024 0.022 0.021 0.019 0.017 0.015 0.013 0.012 0.010 0.009 0.007 0.006 0.005 0.004 0.004 0.005 0.005 0.007 0.012 0.018 0.027 0.037 0.051 0.070 0.092 0.106 0.109 0.114 0.121 0.000 0.000 0.000 0.029 0.028 0.025 0.021 0.018 0.015 0.013 0.012 0.011 0.009 0.000 0.000
0.049 0.047 0.045 0.042 0.038 0.034 0.030 0.026 0.021 0.017 0.012 0.006 0.010 0.014 0.020 0.038 0.065 0.069 0.065 0.062 0.060 0.058 0.058 0.057 0.057 0.056 0.055 0.053 0.051 0.049 0.047 0.044 0.041 0.038 0.035 0.033 0.030 0.028 0.026 0.024 0.022 0.020 0.018 0.017 0.016 0.015 0.013 0.010 0.012 0.017 0.022 0.028 0.036 0.044 0.055 0.068 0.077 0.079 0.082 0.085 0.088 0.090 0.090 0.097 0.000 0.033 0.029 0.025 0.020 0.016 0.013 0.011 0.010 0.010 0.000 0.000 0.000
0.018 0.017 0.015 0.013 0.012 0.010 0.008 0.007 0.005 0.004 0.002 0.003 0.005 0.009 0.014 0.028 0.053 0.079 0.078 0.078 0.079 0.080 0.081 0.082 0.082 0.082 0.081 0.079 0.077 0.074 0.071 0.067 0.063 0.059 0.056 0.052 0.049 0.046 0.043 0.041 0.039 0.038 0.038 0.037 0.036 0.035 0.033 0.029 0.028 0.034 0.039 0.046 0.054 0.063 0.068 0.063 0.060 0.060 0.061 0.062 0.061 0.047 0.060 0.066 0.059 0.042 0.032 0.024 0.018 0.013 0.010 0.008 0.007 0.006 0.000 0.000 0.000
0.003 0.003 0.002 0.002 0.002 0.002 0.002 0.001 0.001 0.001 0.001 0.001 0.003 0.005 0.009 0.021 0.044 0.085 0.098 0.101 0.103 0.106 0.108 0.110 0.110 0.110 0.109 0.107 0.105 0.102 0.097 0.092 0.088 0.083 0.080 0.076 0.072 0.069 0.067 0.065 0.063 0.063 0.062 0.062 0.062 0.061 0.060 0.056 0.050 0.052 0.057 0.064 0.069 0.062 0.055 0.050 0.045 0.043 0.041 0.040 0.039 0.034 0.036 0.039 0.036 0.030 0.024 0.018 0.013 0.009 0.007 0.005 0.006 0.000 0.000 0.000 0.000
0.000 0.000 0.000 0.000 0.000 0.000 0.000 0.000 0.000 0.000 0.001 0.001 0.001 0.003 0.006 0.015 0.039 0.084 0.123 0.127 0.131 0.135 0.137 0.139 0.139 0.138 0.137 0.136 0.133 0.130 0.125 0.118 0.113 0.109 0.105 0.101 0.097 0.094 0.092 0.091 0.091 0.090 0.090 0.090 0.090 0.090 0.088 0.085 0.080 0.070 0.074 0.065 0.056 0.048 0.042 0.036 0.031 0.027 0.024 0.022 0.020 0.018 0.017 0.016 0.015 0.013 0.011 0.009 0.006 0.004 0.003 0.003 0.003 0.012 0.000 0.000 0.000
0.000 0.000 0.000 0.000 0.000 0.000 0.000 0.000 0.000 0.000 0.000 0.001 0.001 0.002 0.004 0.010 0.038 0.085 0.138 0.155 0.160 0.164 0.168 0.168 0.168 0.168 0.167 0.165 0.162 0.158 0.152 0.142 0.138 0.135 0.132 0.126 0.123 0.121 0.119 0.118 0.118 0.119 0.119 0.119 0.120 0.120 0.119 0.116 0.105 0.082 0.080 0.072 0.061 0.053 0.045 0.038 0.031 0.026 0.022 0.018 0.014 0.011 0.009 0.007 0.005 0.004 0.003 0.002 0.002 0.001 0.001 0.001 0.000 0.000 0.000 0.000 0.000
0.000 0.000 0.000 0.000 0.000 0.000 0.000 0.000 0.000 0.000 0.000 0.000 0.001 0.001 0.002 0.007 0.042 0.000 0.141 0.185 0.190 0.194 0.199 0.000 0.000 0.000 0.000 0.000 0.000 0.000 0.000 0.163 0.165 0.163 0.159 0.151 0.149 0.148 0.146 0.146 0.147 0.148 0.148 0.149 0.150 0.143 0.130 0.116 0.099 0.077 0.076 0.079 0.083 0.074 0.065 0.057 0.050 0.043 0.037 0.031 0.026 0.021 0.017 0.014 0.011 0.009 0.007 0.005 0.004 0.003 0.002 0.002 0.002 0.001 0.000 0.000 0.000
0.000 0.000 0.000 0.000 0.000 0.000 0.000 0.000 0.000 0.000 0.000 0.000 0.000 0.004 0.000 0.000 0.045 0.000 0.000 0.202 0.000 0.000 0.000 0.000 0.000 0.000 0.000 0.000 0.000 0.000 0.000 0.000 0.000 0.000 0.000 0.174 0.176 0.176 0.173 0.174 0.176 0.177 0.170 0.159 0.148 0.136 0.123 0.109 0.093 0.071 0.071 0.073 0.076 0.081 0.083 0.075 0.067 0.059 0.052 0.045 0.039 0.034 0.028 0.023 0.019 0.015 0.012 0.010 0.008 0.006 0.004 0.003 0.003 0.002 0.002 0.001 0.000
0.000 0.000 0.000 0.000 0.000 0.000 0.000 0.000 0.000 0.000 0.000 0.000 0.000 0.000 0.000 0.000 0.000 0.000 0.000 0.000 0.000 0.000 0.000 0.000 0.000 0.000 0.000 0.000 0.000 0.000 0.000 0.000 0.000 0.000 0.000 0.000 0.000 0.000 0.199 0.195 0.185 0.174 0.162 0.151 0.140 0.128 0.116 0.102 0.086 0.067 0.066 0.066 0.068 0.072 0.077 0.083 0.083 0.075 0.067 0.060 0.053 0.047 0.040 0.034 0.029 0.024 0.020 0.016 0.013 0.010 0.008 0.006 0.005 0.004 0.003 0.002 0.002
0.000 0.000 0.000 0.000 0.000 0.000 0.000 0.000 0.000 0.000 0.000 0.000 0.000 0.000 0.000 0.000 0.000 0.000 0.000 0.000 0.000 0.000 0.000 0.000 0.000 0.000 0.000 0.000 0.000 0.000 0.000 0.000 0.000 0.000 0.000 0.000 0.000 0.000 0.000 0.000 0.000 0.000 0.152 0.143 0.133 0.120 0.108 0.095 0.077 0.061 0.060 0.059 0.060 0.063 0.067 0.073 0.079 0.086 0.082 0.075 0.067 0.060 0.053 0.046 0.040 0.034 0.029 0.024 0.020 0.016 0.013 0.011 0.009 0.007 0.005 0.004 0.003
0.000 0.000 0.000 0.000 0.000 0.000 0.000 0.000 0.000 0.000 0.000 0.000 0.000 0.000 0.000 0.000 0.000 0.000 0.000 0.000 0.000 0.000 0.000 0.000 0.000 0.000 0.000 0.000 0.000 0.000 0.000 0.000 0.000 0.000 0.000 0.000 0.000 0.000 0.000 0.000 0.000 0.000 0.000 0.000 0.000 0.109 0.100 0.087 0.066 0.053 0.051 0.051 0.052 0.054 0.058 0.062 0.068 0.074 0.081 0.088 0.081 0.073 0.066 0.059 0.052 0.045 0.039 0.034 0.029 0.025 0.021 0.018 0.015 0.012 0.010 0.008 0.007
0.000 0.000 0.000 0.000 0.000 0.000 0.000 0.000 0.000 0.000 0.000 0.000 0.000 0.000 0.000 0.000 0.000 0.000 0.000 0.000 0.000 0.000 0.000 0.000 0.000 0.000 0.000 0.000 0.000 0.000 0.000 0.000 0.000 0.000 0.000 0.000 0.000 0.000 0.000 0.000 0.000 0.000 0.000 0.000 0.000 0.000 0.000 0.000 0.049 0.043 0.041 0.041 0.043 0.046 0.048 0.052 0.057 0.063 0.070 0.076 0.083 0.087 0.079 0.071 0.064 0.057 0.051 0.045 0.040 0.036 0.032 0.029 0.025 0.022 0.019 0.016 0.014
0.000 0.000 0.000 0.000 0.000 0.000 0.000 0.000 0.000 0.000 0.000 0.000 0.000 0.000 0.000 0.000 0.000 0.000 0.000 0.000 0.000 0.000 0.000 0.000 0.000 0.000 0.000 0.000 0.000 0.000 0.000 0.000 0.000 0.000 0.000 0.000 0.000 0.000 0.000 0.000 0.000 0.000 0.000 0.000 0.000 0.000 0.000 0.000 0.000 0.000 0.024 0.030 0.034 0.038 0.038 0.042 0.047 0.053 0.058 0.064 0.070 0.076 0.082 0.083 0.076 0.069 0.063 0.058 0.053 0.050 0.047 0.044 0.041 0.037 0.034 0.030 0.025
0.000 0.000 0.000 0.000 0.000 0.000 0.000 0.000 0.000 0.000 0.000 0.000 0.000 0.000 0.000 0.000 0.000 0.000 0.000 0.000 0.000 0.000 0.000 0.000 0.000 0.000 0.000 0.000 0.000 0.000 0.000 0.000 0.000 0.000 0.000 0.000 0.000 0.000 0.000 0.000 0.000 0.000 0.000 0.000 0.000 0.000 0.000 0.000 0.000 0.000 0.000 0.000 0.000 0.000 0.024 0.032 0.039 0.044 0.047 0.051 0.057 0.063 0.068 0.074 0.082 0.081 0.076 0.072 0.070 0.068 0.066 0.064 0.061 0.057 0.052 0.047 0.041
0.000 0.000 0.000 0.000 0.000 0.000 0.000 0.000 0.000 0.000 0.000 0.000 0.000 0.000 0.000 0.000 0.000 0.000 0.000 0.000 0.000 0.000 0.000 0.000 0.000 0.000 0.000 0.000 0.000 0.000 0.000 0.000 0.000 0.000 0.000 0.000 0.000 0.000 0.000 0.000 0.000 0.000 0.000 0.000 0.000 0.000 0.000 0.000 0.000 0.000 0.000 0.000 0.000 0.000 0.000 0.000 0.000 0.000 0.031 0.037 0.044 0.049 0.050 0.058 0.067 0.078 0.090 0.090 0.090 0.090 0.089 0.086 0.083 0.078 0.072 0.065 0.057
0.000 0.000 0.000 0.000 0.000 0.000 0.000 0.000 0.000 0.000 0.000 0.000 0.000 0.000 0.000 0.000 0.000 0.000 0.000 0.000 0.000 0.000 0.000 0.000 0.000 0.000 0.000 0.000 0.000 0.000 0.000 0.000 0.000 0.000 0.000 0.000 0.000 0.000 0.000 0.000 0.000 0.000 0.000 0.000 0.000 0.000 0.000 0.000 0.000 0.000 0.000 0.000 0.000 0.000 0.000 0.000 0.000 0.000 0.000 0.022 0.030 0.032 0.000 0.041 0.054 0.065 0.079 0.096 0.113 0.115 0.113 0.111 0.108 0.101 0.092 0.082 0.073
0.000 0.000 0.000 0.000 0.000 0.000 0.000 0.000 0.000 0.000 0.000 0.000 0.000 0.000 0.000 0.000 0.000 0.000 0.000 0.000 0.000 0.000 0.000 0.000 0.000 0.000 0.000 0.000 0.000 0.000 0.000 0.000 0.000 0.000 0.000 0.000 0.000 0.000 0.000 0.000 0.000 0.000 0.000 0.000 0.000 0.000 0.000 0.000 0.000 0.000 0.000 0.000 0.000 0.000 0.000 0.000 0.000 0.000 0.000 0.012 0.018 0.021 0.019 0.031 0.042 0.054 0.070 0.089 0.109 0.130 0.140 0.138 0.133 0.125 0.108 0.098 0.087
0.000 0.000 0.000 0.000 0.000 0.000 0.000 0.000 0.000 0.000 0.000 0.000 0.000 0.000 0.000 0.000 0.000 0.000 0.000 0.000 0.000 0.000 0.000 0.000 0.000 0.000 0.000 0.000 0.000 0.000 0.000 0.000 0.000 0.000 0.000 0.000 0.000 0.000 0.000 0.000 0.000 0.000 0.000 0.000 0.000 0.000 0.000 0.000 0.000 0.000 0.000 0.000 0.000 0.000 0.000 0.000 0.000 0.000 0.000 0.004 0.008 0.012 0.014 0.021 0.031 0.044 0.062 0.083 0.106 0.129 0.000 0.000 0.000 0.000 0.117 0.115 0.098
0.000 0.000 0.000 0.000 0.000 0.000 0.000 0.000 0.000 0.000 0.000 0.000 0.000 0.000 0.000 0.000 0.000 0.000 0.000 0.000 0.000 0.000 0.000 0.000 0.000 0.000 0.000 0.000 0.000 0.000 0.000 0.000 0.000 0.000 0.000 0.000 0.000 0.000 0.000 0.000 0.000 0.000 0.000 0.000 0.000 0.000 0.000 0.000 0.000 0.000 0.000 0.000 0.000 0.000 0.000 0.000 0.000 0.000 0.000 0.001 0.002 0.004 0.007 0.013 0.022 0.036 0.055 0.079 0.104 0.000 0.000 0.000 0.000 0.000 0.000 0.000 0.099
0.000 0.000 0.000 0.000 0.000 0.000 0.000 0.000 0.000 0.000 0.000 0.000 0.000 0.000 0.000 0.000 0.000 0.000 0.000 0.000 0.000 0.000 0.000 0.000 0.000 0.000 0.000 0.000 0.000 0.000 0.000 0.000 0.000 0.000 0.000 0.000 0.000 0.000 0.000 0.000 0.000 0.000 0.000 0.000 0.000 0.000 0.000 0.000 0.000 0.000 0.000 0.000 0.000 0.000 0.000 0.000 0.000 0.000 0.000 0.000 0.001 0.001 0.002 0.006 0.014 0.028 0.050 0.076 0.000 0.000 0.000 0.000 0.000 0.000 0.000 0.000 0.000
0.000 0.000 0.000 0.000 0.000 0.000 0.000 0.000 0.000 0.000 0.000 0.000 0.000 0.000 0.000 0.000 0.000 0.000 0.000 0.000 0.000 0.000 0.000 0.000 0.000 0.000 0.000 0.000 0.000 0.000 0.000 0.000 0.000 0.000 0.000 0.000 0.000 0.000 0.000 0.000 0.000 0.000 0.000 0.000 0.000 0.000 0.000 0.000 0.000 0.000 0.000 0.000 0.000 0.000 0.000 0.000 0.000 0.000 0.000 0.000 0.000 0.000 0.001 0.002 0.008 0.021 0.045 0.072 0.000 0.000 0.000 0.000 0.000 0.000 0.000 0.000 0.000
0.000 0.000 0.000 0.000 0.000 0.000 0.000 0.000 0.000 0.000 0.000 0.000 0.000 0.000 0.000 0.000 0.000 0.000 0.000 0.000 0.000 0.000 0.000 0.000 0.000 0.000 0.000 0.000 0.000 0.000 0.000 0.000 0.000 0.000 0.000 0.000 0.000 0.000 0.000 0.000 0.000 0.000 0.000 0.000 0.000 0.000 0.000 0.000 0.000 0.000 0.000 0.000 0.000 0.000 0.000 0.000 0.000 0.000 0.000 0.000 0.000 0.000 0.000 0.001 0.002 0.014 0.040 0.000 0.000 0.000 0.000 0.000 0.000 0.000 0.000 0.000 0.000
0.000 0.000 0.000 0.000 0.000 0.000 0.000 0.000 0.000 0.000 0.000 0.000 0.000 0.000 0.000 0.000 0.000 0.000 0.000 0.000 0.000 0.000 0.000 0.000 0.000 0.000 0.000 0.000 0.000 0.000 0.000 0.000 0.000 0.000 0.000 0.000 0.000 0.000 0.000 0.000 0.000 0.000 0.000 0.000 0.000 0.000 0.000 0.000 0.000 0.000 0.000 0.000 0.000 0.000 0.000 0.000 0.000 0.000 0.000 0.000 0.000 0.000 0.000 0.000 0.001 0.017 0.051 0.000 0.000 0.000 0.000 0.000 0.000 0.000 0.000 0.000 0.000
0.000 0.000 0.000 0.000 0.000 0.000 0.000 0.000 0.000 0.000 0.000 0.000 0.000 0.000 0.000 0.000 0.000 0.000 0.000 0.000 0.000 0.000 0.000 0.000 0.000 0.000 0.000 0.000 0.000 0.000 0.000 0.000 0.000 0.000 0.000 0.000 0.000 0.000 0.000 0.000 0.000 0.000 0.000 0.000 0.000 0.000 0.000 0.000 0.000 0.000 0.000 0.000 0.000 0.000 0.000 0.000 0.000 0.000 0.000 0.000 0.000 0.000 0.000 0.000 0.002 0.017 0.000 0.000 0.000 0.000 0.000 0.000 0.000 0.000 0.000 0.000 0.000
0.000 0.000 0.000 0.000 0.000 0.000 0.000 0.000 0.000 0.000 0.000 0.000 0.000 0.000 0.000 0.000 0.000 0.000 0.000 0.000 0.000 0.000 0.000 0.000 0.000 0.000 0.000 0.000 0.000 0.000 0.000 0.000 0.000 0.000 0.000 0.000 0.000 0.000 0.000 0.000 0.000 0.000 0.000 0.000 0.000 0.000 0.000 0.000 0.000 0.000 0.000 0.000 0.000 0.000 0.000 0.000 0.000 0.000 0.000 0.000 0.000 0.000 0.000 0.000 0.002 0.016 0.000 0.000 0.000 0.000 0.000 0.000 0.000 0.000 0.000 0.000 0.000
