数据/LID_PP_50y/LID_PP_res2/LID_PP_178-0001.wd
ncols         694
nrows         824
xllcorner     581104.939801
yllcorner     3495917.092414
cellsize      2.000000
NODATA_value  -9999.000000
[rows 442 to 475 of 824, columns 385 to 461 of 694]
0.000 0.000 0.000 0.017 0.013 0.008 0.004 0.002 0.001 0.000 0.000 0.000 0.001 0.001 0.001 0.001 0.001 0.001 0.001 0.001 0.001 0.002 0.002 0.003 0.003 0.003 0.004 0.006 0.013 0.021 0.024 0.025 0.025 0.025 0.000 0.000 0.000 0.000 0.000 0.000 0.000 0.000 0.000 0.000 0.000 0.000 0.000 0.000 0.000 0.000 0.000 0.000 0.000 0.000 0.000 0.000 0.004 0.006 0.009 0.013 0.019 0.025 0.032 0.039 0.046 0.054 0.060 0.068 0.075 0.082 0.000 0.000 0.000 0.000 0.000 0.000 0.000
0.000 0.000 0.000 0.000 0.000 0.018 0.014 0.008 0.004 0.002 0.001 0.001 0.001 0.001 0.001 0.001 0.001 0.001 0.001 0.001 0.001 0.001 0.002 0.002 0.003 0.003 0.004 0.007 0.013 0.022 0.023 0.024 0.024 0.025 0.000 0.000 0.000 0.000 0.000 0.000 0.000 0.000 0.000 0.000 0.000 0.000 0.000 0.000 0.000 0.000 0.000 0.000 0.000 0.000 0.000 0.000 0.005 0.010 0.017 0.024 0.031 0.038 0.045 0.052 0.059 0.066 0.074 0.081 0.088 0.095 0.102 0.103 0.000 0.000 0.000 0.000 0.000
0.000 0.000 0.000 0.000 0.000 0.000 0.000 0.018 0.013 0.008 0.004 0.002 0.001 0.001 0.001 0.001 0.001 0.001 0.001 0.001 0.001 0.001 0.002 0.002 0.003 0.003 0.004 0.006 0.013 0.022 0.022 0.022 0.022 0.000 0.000 0.000 0.000 0.000 0.000 0.000 0.000 0.000 0.000 0.000 0.000 0.000 0.000 0.000 0.000 0.000 0.000 0.000 0.000 0.000 0.000 0.008 0.015 0.023 0.030 0.037 0.044 0.051 0.058 0.065 0.072 0.079 0.086 0.093 0.101 0.108 0.115 0.112 0.107 0.102 0.098 0.000 0.000
0.000 0.000 0.000 0.000 0.000 0.000 0.000 0.000 0.020 0.018 0.014 0.009 0.004 0.002 0.001 0.001 0.001 0.001 0.001 0.001 0.001 0.001 0.001 0.002 0.002 0.003 0.004 0.006 0.013 0.020 0.020 0.020 0.021 0.000 0.000 0.000 0.000 0.000 0.000 0.000 0.000 0.000 0.000 0.000 0.000 0.000 0.000 0.000 0.000 0.000 0.000 0.000 0.000 0.000 0.000 0.000 0.000 0.036 0.000 0.000 0.057 0.064 0.071 0.078 0.085 0.092 0.100 0.107 0.114 0.121 0.124 0.119 0.115 0.109 0.105 0.101 0.096
0.000 0.000 0.000 0.000 0.000 0.000 0.000 0.000 0.000 0.000 0.019 0.017 0.014 0.010 0.005 0.002 0.001 0.001 0.001 0.001 0.001 0.001 0.001 0.001 0.002 0.002 0.003 0.005 0.012 0.018 0.018 0.018 0.018 0.000 0.000 0.000 0.000 0.000 0.000 0.000 0.000 0.000 0.000 0.000 0.000 0.000 0.000 0.000 0.000 0.000 0.000 0.000 0.000 0.000 0.000 0.000 0.000 0.000 0.000 0.000 0.000 0.000 0.000 0.000 0.098 0.105 0.112 0.119 0.127 0.133 0.131 0.127 0.122 0.117 0.113 0.108 0.104
0.000 0.000 0.000 0.000 0.000 0.000 0.000 0.000 0.000 0.000 0.000 0.021 0.019 0.017 0.014 0.010 0.006 0.002 0.002 0.001 0.001 0.001 0.001 0.001 0.001 0.002 0.003 0.005 0.012 0.016 0.016 0.016 0.015 0.012 0.010 0.008 0.000 0.000 0.000 0.000 0.000 0.000 0.000 0.000 0.000 0.000 0.000 0.000 0.000 0.000 0.000 0.000 0.000 0.000 0.000 0.000 0.000 0.000 0.000 0.000 0.000 0.000 0.000 0.000 0.000 0.000 0.000 0.000 0.140 0.143 0.138 0.134 0.129 0.125 0.120 0.116 0.111
0.000 0.000 0.000 0.000 0.000 0.000 0.000 0.000 0.000 0.000 0.000 0.000 0.000 0.021 0.019 0.015 0.013 0.010 0.005 0.002 0.001 0.001 0.001 0.001 0.001 0.002 0.003 0.005 0.011 0.013 0.014 0.013 0.012 0.010 0.008 0.005 0.004 0.003 0.002 0.002 0.000 0.000 0.000 0.000 0.000 0.000 0.000 0.000 0.000 0.000 0.000 0.000 0.000 0.000 0.000 0.000 0.000 0.000 0.000 0.000 0.000 0.000 0.000 0.000 0.000 0.000 0.000 0.000 0.000 0.000 0.000 0.142 0.137 0.132 0.127 0.123 0.118
0.000 0.000 0.000 0.000 0.000 0.000 0.000 0.000 0.000 0.000 0.000 0.000 0.000 0.000 0.000 0.019 0.016 0.013 0.010 0.007 0.003 0.002 0.001 0.001 0.001 0.001 0.002 0.004 0.010 0.011 0.011 0.011 0.009 0.007 0.007 0.006 0.005 0.004 0.003 0.003 0.002 0.002 0.002 0.000 0.000 0.000 0.000 0.000 0.000 0.000 0.000 0.000 0.000 0.000 0.000 0.000 0.000 0.000 0.000 0.000 0.000 0.000 0.000 0.000 0.000 0.000 0.000 0.000 0.000 0.000 0.000 0.000 0.000 0.000 0.000 0.131 0.126
0.000 0.000 0.000 0.000 0.000 0.000 0.000 0.000 0.000 0.000 0.000 0.000 0.000 0.000 0.000 0.000 0.020 0.017 0.013 0.009 0.006 0.004 0.003 0.002 0.002 0.001 0.001 0.003 0.007 0.008 0.008 0.007 0.007 0.007 0.007 0.006 0.005 0.005 0.004 0.003 0.003 0.003 0.002 0.002 0.002 0.002 0.002 0.000 0.000 0.000 0.000 0.000 0.000 0.000 0.000 0.000 0.000 0.000 0.000 0.000 0.000 0.000 0.000 0.000 0.000 0.000 0.000 0.000 0.000 0.000 0.000 0.000 0.000 0.000 0.000 0.000 0.000
0.000 0.000 0.000 0.000 0.000 0.000 0.000 0.000 0.000 0.000 0.000 0.000 0.000 0.000 0.000 0.000 0.000 0.000 0.012 0.009 0.007 0.005 0.004 0.003 0.003 0.002 0.002 0.002 0.005 0.005 0.006 0.006 0.007 0.007 0.007 0.006 0.006 0.005 0.005 0.004 0.004 0.003 0.003 0.003 0.002 0.002 0.002 0.002 0.002 0.002 0.002 0.002 0.001 0.000 0.000 0.000 0.000 0.000 0.000 0.000 0.000 0.000 0.000 0.000 0.000 0.000 0.000 0.000 0.000 0.000 0.000 0.000 0.000 0.000 0.000 0.000 0.000
0.000 0.000 0.000 0.000 0.000 0.000 0.000 0.000 0.000 0.000 0.000 0.000 0.000 0.000 0.000 0.000 0.000 0.000 0.012 0.010 0.008 0.006 0.004 0.001 0.003 0.003 0.003 0.003 0.003 0.004 0.006 0.006 0.007 0.007 0.007 0.007 0.006 0.006 0.005 0.005 0.004 0.004 0.004 0.003 0.003 0.003 0.002 0.002 0.002 0.002 0.002 0.002 0.002 0.002 0.001 0.000 0.000 0.000 0.000 0.000 0.000 0.000 0.000 0.000 0.000 0.000 0.000 0.000 0.000 0.000 0.000 0.000 0.000 0.000 0.000 0.000 0.000
0.000 0.000 0.000 0.000 0.000 0.000 0.000 0.000 0.000 0.000 0.000 0.000 0.000 0.000 0.000 0.000 0.000 0.000 0.012 0.010 0.008 0.006 0.004 0.003 0.003 0.003 0.003 0.002 0.000 0.004 0.006 0.007 0.007 0.008 0.008 0.007 0.007 0.007 0.006 0.006 0.005 0.005 0.004 0.004 0.003 0.002 0.002 0.002 0.003 0.003 0.003 0.002 0.002 0.002 0.002 0.002 0.001 0.000 0.000 0.000 0.000 0.000 0.000 0.000 0.000 0.000 0.000 0.000 0.000 0.000 0.000 0.000 0.000 0.000 0.000 0.000 0.000
0.000 0.000 0.000 0.000 0.000 0.000 0.000 0.000 0.000 0.000 0.000 0.000 0.000 0.000 0.000 0.000 0.000 0.000 0.011 0.010 0.008 0.006 0.005 0.004 0.003 0.003 0.003 0.002 0.002 0.004 0.005 0.006 0.007 0.008 0.008 0.008 0.008 0.008 0.008 0.007 0.006 0.006 0.005 0.005 0.004 0.003 0.003 0.003 0.003 0.003 0.003 0.003 0.003 0.003 0.002 0.002 0.002 0.002 0.002 0.001 0.000 0.000 0.000 0.000 0.000 0.000 0.000 0.000 0.000 0.000 0.000 0.000 0.000 0.000 0.000 0.000 0.000
0.000 0.000 0.000 0.000 0.000 0.000 0.000 0.000 0.000 0.000 0.000 0.000 0.000 0.000 0.000 0.000 0.000 0.009 0.010 0.009 0.008 0.007 0.005 0.004 0.004 0.003 0.002 0.002 0.002 0.003 0.005 0.006 0.006 0.007 0.008 0.008 0.008 0.008 0.008 0.008 0.008 0.008 0.007 0.006 0.006 0.005 0.005 0.004 0.004 0.004 0.004 0.003 0.003 0.003 0.003 0.003 0.003 0.002 0.002 0.002 0.002 0.002 0.001 0.000 0.000 0.002 0.000 0.000 0.000 0.000 0.000 0.000 0.000 0.000 0.000 0.000 0.000
0.000 0.000 0.000 0.000 0.000 0.000 0.000 0.000 0.000 0.000 0.000 0.000 0.000 0.000 0.000 0.000 0.000 0.010 0.010 0.009 0.008 0.007 0.006 0.005 0.004 0.003 0.002 0.002 0.002 0.003 0.004 0.005 0.006 0.007 0.007 0.008 0.008 0.008 0.009 0.009 0.008 0.008 0.008 0.008 0.007 0.007 0.007 0.006 0.006 0.005 0.005 0.005 0.004 0.004 0.004 0.003 0.003 0.003 0.003 0.003 0.003 0.003 0.002 0.002 0.003 0.003 0.001 0.000 0.000 0.000 0.000 0.000 0.000 0.000 0.000 0.000 0.000
0.000 0.000 0.000 0.000 0.000 0.000 0.000 0.000 0.000 0.000 0.000 0.000 0.000 0.000 0.000 0.000 0.000 0.011 0.010 0.009 0.008 0.007 0.006 0.005 0.004 0.003 0.002 0.002 0.002 0.003 0.004 0.005 0.006 0.006 0.007 0.008 0.008 0.008 0.009 0.009 0.009 0.009 0.009 0.008 0.008 0.008 0.008 0.007 0.007 0.007 0.007 0.007 0.006 0.005 0.005 0.005 0.004 0.004 0.004 0.004 0.004 0.004 0.004 0.005 0.008 0.004 0.002 0.001 0.000 0.000 0.000 0.000 0.000 0.000 0.000 0.000 0.000
0.000 0.000 0.000 0.000 0.000 0.000 0.000 0.000 0.000 0.000 0.000 0.000 0.000 0.000 0.000 0.000 0.000 0.011 0.010 0.009 0.009 0.007 0.006 0.005 0.004 0.003 0.002 0.002 0.003 0.004 0.004 0.005 0.005 0.006 0.007 0.007 0.008 0.008 0.009 0.009 0.009 0.009 0.009 0.009 0.009 0.009 0.009 0.009 0.008 0.008 0.008 0.008 0.008 0.007 0.007 0.007 0.007 0.006 0.006 0.007 0.007 0.009 0.011 0.014 0.013 0.000 0.002 0.001 0.000 0.000 0.000 0.000 0.000 0.000 0.000 0.000 0.000
0.000 0.000 0.000 0.000 0.000 0.000 0.000 0.000 0.000 0.000 0.000 0.000 0.000 0.000 0.000 0.000 0.010 0.011 0.010 0.010 0.009 0.008 0.007 0.006 0.005 0.003 0.002 0.002 0.003 0.004 0.004 0.005 0.005 0.006 0.007 0.007 0.008 0.009 0.009 0.010 0.010 0.010 0.010 0.011 0.011 0.010 0.010 0.010 0.010 0.010 0.009 0.009 0.009 0.009 0.009 0.009 0.009 0.010 0.012 0.014 0.018 0.020 0.023 0.026 0.018 0.007 0.002 0.002 0.002 0.002 0.000 0.000 0.000 0.000 0.000 0.000 0.000
0.000 0.000 0.000 0.000 0.000 0.000 0.000 0.000 0.000 0.000 0.000 0.000 0.000 0.000 0.000 0.000 0.012 0.011 0.011 0.010 0.009 0.008 0.007 0.006 0.005 0.002 0.002 0.003 0.003 0.004 0.004 0.005 0.005 0.006 0.006 0.007 0.008 0.010 0.011 0.011 0.012 0.012 0.012 0.012 0.012 0.012 0.012 0.012 0.012 0.011 0.011 0.011 0.011 0.011 0.011 0.012 0.013 0.015 0.019 0.022 0.026 0.030 0.033 0.033 0.038 0.032 0.025 0.018 0.013 0.010 0.007 0.004 0.003 0.002 0.001 0.000 0.000
0.000 0.000 0.000 0.000 0.000 0.000 0.000 0.000 0.000 0.000 0.000 0.000 0.000 0.000 0.000 0.000 0.014 0.012 0.011 0.010 0.009 0.008 0.007 0.006 0.004 0.003 0.003 0.003 0.003 0.004 0.004 0.005 0.005 0.006 0.007 0.008 0.011 0.014 0.015 0.015 0.015 0.015 0.015 0.015 0.015 0.015 0.014 0.014 0.014 0.014 0.014 0.014 0.014 0.014 0.015 0.017 0.019 0.023 0.027 0.031 0.035 0.034 0.031 0.028 0.031 0.035 0.038 0.040 0.042 0.034 0.027 0.020 0.015 0.010 0.007 0.004 0.003
0.084 0.082 0.079 0.000 0.000 0.000 0.000 0.000 0.000 0.000 0.000 0.000 0.000 0.000 0.000 0.017 0.016 0.014 0.013 0.012 0.010 0.009 0.007 0.006 0.004 0.003 0.003 0.003 0.003 0.004 0.004 0.005 0.005 0.006 0.008 0.012 0.018 0.022 0.021 0.018 0.018 0.019 0.019 0.018 0.018 0.018 0.017 0.017 0.017 0.017 0.017 0.017 0.017 0.018 0.020 0.023 0.027 0.031 0.036 0.036 0.034 0.032 0.029 0.025 0.026 0.029 0.031 0.034 0.037 0.040 0.043 0.045 0.043 0.035 0.027 0.020 0.015
0.089 0.086 0.083 0.080 0.077 0.075 0.000 0.000 0.000 0.000 0.000 0.000 0.000 0.000 0.000 0.021 0.019 0.018 0.016 0.014 0.012 0.010 0.008 0.006 0.003 0.003 0.003 0.003 0.004 0.004 0.004 0.005 0.006 0.008 0.013 0.019 0.026 0.033 0.000 0.019 0.022 0.024 0.024 0.021 0.021 0.021 0.021 0.020 0.020 0.020 0.020 0.021 0.022 0.024 0.027 0.031 0.035 0.037 0.036 0.034 0.032 0.030 0.027 0.022 0.023 0.024 0.026 0.028 0.030 0.033 0.035 0.038 0.041 0.044 0.046 0.048 0.043
0.093 0.091 0.088 0.084 0.081 0.078 0.075 0.071 0.068 0.066 0.000 0.000 0.000 0.000 0.000 0.026 0.024 0.021 0.019 0.016 0.014 0.011 0.009 0.006 0.004 0.004 0.004 0.004 0.004 0.004 0.005 0.005 0.007 0.013 0.020 0.027 0.035 0.000 0.000 0.000 0.000 0.000 0.000 0.022 0.025 0.026 0.024 0.024 0.025 0.025 0.025 0.026 0.028 0.031 0.035 0.038 0.036 0.035 0.033 0.032 0.030 0.028 0.025 0.021 0.020 0.020 0.021 0.022 0.024 0.026 0.028 0.031 0.033 0.036 0.038 0.041 0.044
0.000 0.000 0.000 0.088 0.086 0.083 0.079 0.076 0.073 0.070 0.065 0.061 0.058 0.000 0.000 0.031 0.028 0.025 0.022 0.018 0.015 0.013 0.010 0.006 0.005 0.005 0.004 0.004 0.005 0.005 0.005 0.007 0.013 0.020 0.029 0.000 0.000 0.000 0.000 0.000 0.000 0.000 0.000 0.000 0.000 0.000 0.025 0.028 0.030 0.031 0.029 0.031 0.035 0.038 0.037 0.035 0.033 0.032 0.030 0.029 0.027 0.025 0.023 0.019 0.017 0.017 0.018 0.018 0.019 0.020 0.022 0.024 0.026 0.029 0.031 0.033 0.036
0.000 0.000 0.000 0.000 0.000 0.000 0.083 0.080 0.078 0.074 0.069 0.065 0.061 0.054 0.046 0.038 0.032 0.028 0.024 0.020 0.017 0.014 0.010 0.006 0.005 0.005 0.005 0.005 0.005 0.005 0.006 0.012 0.020 0.028 0.000 0.000 0.000 0.000 0.000 0.000 0.000 0.000 0.000 0.000 0.000 0.000 0.000 0.000 0.000 0.000 0.032 0.037 0.037 0.035 0.033 0.031 0.030 0.029 0.027 0.026 0.024 0.023 0.020 0.017 0.015 0.015 0.015 0.015 0.015 0.016 0.017 0.018 0.020 0.022 0.024 0.026 0.028
0.000 0.000 0.000 0.000 0.000 0.000 0.000 0.000 0.000 0.000 0.072 0.069 0.065 0.059 0.049 0.041 0.035 0.029 0.024 0.021 0.017 0.014 0.011 0.006 0.006 0.005 0.005 0.005 0.005 0.006 0.010 0.018 0.027 0.000 0.000 0.000 0.000 0.000 0.000 0.000 0.000 0.000 0.000 0.000 0.000 0.000 0.000 0.000 0.000 0.000 0.000 0.000 0.000 0.000 0.027 0.027 0.026 0.025 0.024 0.023 0.021 0.020 0.018 0.015 0.012 0.012 0.012 0.012 0.012 0.012 0.013 0.013 0.014 0.016 0.017 0.019 0.021
0.000 0.000 0.000 0.000 0.000 0.000 0.000 0.000 0.000 0.000 0.000 0.000 0.000 0.000 0.048 0.040 0.034 0.028 0.022 0.019 0.017 0.014 0.010 0.007 0.005 0.005 0.005 0.005 0.006 0.008 0.014 0.022 0.000 0.000 0.000 0.000 0.000 0.000 0.000 0.000 0.000 0.000 0.000 0.000 0.000 0.000 0.000 0.000 0.000 0.000 0.000 0.000 0.000 0.000 0.000 0.000 0.000 0.019 0.020 0.019 0.018 0.016 0.014 0.012 0.010 0.009 0.009 0.009 0.009 0.009 0.009 0.010 0.010 0.010 0.011 0.013 0.014
0.000 0.000 0.000 0.000 0.000 0.000 0.000 0.000 0.000 0.000 0.000 0.000 0.000 0.000 0.000 0.035 0.031 0.024 0.000 0.015 0.015 0.013 0.009 0.007 0.006 0.006 0.006 0.006 0.007 0.012 0.020 0.028 0.000 0.000 0.000 0.000 0.000 0.000 0.000 0.000 0.000 0.000 0.000 0.000 0.000 0.000 0.000 0.000 0.000 0.000 0.000 0.000 0.000 0.000 0.000 0.000 0.000 0.000 0.000 0.000 0.000 0.011 0.010 0.009 0.007 0.007 0.006 0.006 0.006 0.006 0.006 0.007 0.007 0.007 0.007 0.007 0.008
0.000 0.000 0.000 0.000 0.000 0.000 0.000 0.000 0.000 0.000 0.000 0.000 0.000 0.000 0.027 0.030 0.027 0.023 0.017 0.016 0.015 0.012 0.008 0.007 0.007 0.007 0.007 0.007 0.011 0.018 0.027 0.035 0.000 0.000 0.000 0.000 0.000 0.000 0.000 0.000 0.000 0.000 0.000 0.000 0.000 0.000 0.000 0.000 0.000 0.000 0.000 0.000 0.000 0.000 0.000 0.000 0.000 0.000 0.000 0.000 0.000 0.000 0.000 0.000 0.001 0.001 0.002 0.002 0.003 0.003 0.003 0.003 0.003 0.003 0.003 0.003 0.003
0.000 0.000 0.000 0.000 0.000 0.000 0.000 0.000 0.000 0.000 0.000 0.000 0.000 0.000 0.028 0.028 0.026 0.023 0.019 0.017 0.015 0.012 0.008 0.008 0.007 0.007 0.008 0.010 0.017 0.025 0.034 0.043 0.000 0.000 0.000 0.000 0.000 0.000 0.000 0.000 0.000 0.000 0.000 0.000 0.000 0.000 0.000 0.000 0.000 0.000 0.000 0.000 0.000 0.000 0.000 0.000 0.000 0.000 0.000 0.000 0.000 0.000 0.000 0.000 0.000 0.000 0.000 0.000 0.001 0.001 0.001 0.001 0.001 0.001 0.001 0.001 0.001
0.000 0.000 0.000 0.000 0.000 0.000 0.000 0.000 0.000 0.000 0.000 0.000 0.000 0.000 0.028 0.027 0.025 0.023 0.020 0.018 0.015 0.011 0.009 0.008 0.008 0.008 0.010 0.015 0.023 0.031 0.040 0.000 0.000 0.000 0.000 0.000 0.000 0.000 0.000 0.000 0.000 0.000 0.000 0.000 0.000 0.000 0.000 0.000 0.000 0.000 0.000 0.000 0.000 0.000 0.000 0.000 0.000 0.000 0.000 0.000 0.000 0.000 0.000 0.000 0.000 0.000 0.000 0.000 0.000 0.000 0.000 0.000 0.000 0.000 0.000 0.000 0.000
0.000 0.000 0.000 0.000 0.000 0.000 0.000 0.000 0.000 0.000 0.000 0.000 0.000 0.000 0.027 0.026 0.024 0.022 0.020 0.017 0.014 0.010 0.009 0.009 0.009 0.010 0.014 0.021 0.030 0.038 0.047 0.000 0.000 0.000 0.000 0.000 0.000 0.000 0.000 0.000 0.000 0.000 0.000 0.000 0.000 0.000 0.000 0.000 0.000 0.000 0.000 0.000 0.000 0.000 0.000 0.000 0.000 0.000 0.000 0.000 0.000 0.000 0.000 0.000 0.000 0.000 0.000 0.000 0.000 0.000 0.000 0.000 0.000 0.000 0.000 0.000 0.000
0.000 0.000 0.000 0.000 0.000 0.000 0.000 0.000 0.000 0.000 0.000 0.000 0.000 0.023 0.025 0.025 0.023 0.022 0.019 0.017 0.014 0.009 0.009 0.009 0.010 0.013 0.020 0.028 0.036 0.045 0.054 0.000 0.000 0.000 0.000 0.000 0.000 0.000 0.000 0.000 0.000 0.000 0.000 0.000 0.000 0.000 0.000 0.000 0.000 0.000 0.000 0.000 0.000 0.000 0.000 0.000 0.000 0.000 0.000 0.000 0.000 0.000 0.000 0.000 0.000 0.000 0.000 0.000 0.000 0.000 0.000 0.000 0.000 0.000 0.000 0.000 0.000
0.000 0.000 0.000 0.000 0.000 0.000 0.000 0.000 0.000 0.000 0.000 0.000 0.000 0.024 0.024 0.023 0.022 0.021 0.019 0.016 0.012 0.009 0.009 0.010 0.013 0.019 0.026 0.035 0.043 0.051 0.000 0.000 0.000 0.000 0.000 0.000 0.000 0.000 0.000 0.000 0.000 0.000 0.000 0.000 0.000 0.000 0.000 0.000 0.000 0.000 0.000 0.000 0.000 0.000 0.000 0.000 0.000 0.000 0.000 0.000 0.000 0.000 0.000 0.000 0.000 0.000 0.000 0.000 0.000 0.000 0.000 0.000 0.000 0.000 0.000 0.000 0.000
