数据/LID_PP_50y/LID_PP_res2/LID_PP_161-0001.wd
ncols         694
nrows         824
xllcorner     581104.939801
yllcorner     3495917.092414
cellsize      2.000000
NODATA_value  -9999.000000
[rows 408 to 441 of 824, columns 385 to 461 of 694]
0.000 0.000 0.000 0.000 0.000 0.000 0.000 0.000 0.000 0.000 0.000 0.000 0.000 0.000 0.000 0.000 0.000 0.000 0.000 0.000 0.000 0.000 0.000 0.000 0.000 0.000 0.000 0.000 0.000 0.000 0.000 0.000 0.009 0.016 0.025 0.033 0.040 0.037 0.021 0.038 0.041 0.041 0.042 0.000 0.000 0.000 0.000 0.000 0.000 0.000 0.030 0.030 0.030 0.031 0.030 0.028 0.023 0.019 0.015 0.010 0.006 0.002 0.000 0.000 0.000 0.000 0.000 0.000 0.000 0.000 0.000 0.000 0.000 0.000 0.000 0.000 0.000
0.000 0.000 0.000 0.000 0.000 0.000 0.000 0.000 0.000 0.000 0.000 0.000 0.000 0.000 0.000 0.000 0.000 0.000 0.000 0.000 0.000 0.000 0.000 0.000 0.000 0.000 0.000 0.000 0.000 0.000 0.000 0.003 0.010 0.018 0.026 0.035 0.040 0.039 0.037 0.039 0.040 0.041 0.041 0.000 0.000 0.000 0.000 0.000 0.000 0.030 0.030 0.030 0.030 0.030 0.030 0.030 0.030 0.026 0.022 0.017 0.013 0.008 0.004 0.000 0.000 0.000 0.000 0.000 0.000 0.000 0.000 0.000 0.000 0.000 0.000 0.000 0.000
0.000 0.000 0.000 0.000 0.000 0.000 0.000 0.000 0.000 0.000 0.000 0.000 0.000 0.000 0.000 0.000 0.000 0.000 0.000 0.000 0.000 0.000 0.000 0.000 0.000 0.000 0.000 0.000 0.000 0.000 0.000 0.004 0.011 0.019 0.028 0.036 0.040 0.040 0.040 0.040 0.041 0.041 0.042 0.000 0.000 0.000 0.000 0.000 0.000 0.030 0.030 0.030 0.030 0.031 0.030 0.030 0.030 0.030 0.029 0.024 0.020 0.015 0.011 0.006 0.003 0.000 0.000 0.000 0.000 0.000 0.000 0.000 0.000 0.000 0.000 0.000 0.000
0.000 0.000 0.000 0.000 0.000 0.000 0.000 0.000 0.000 0.000 0.000 0.000 0.000 0.000 0.000 0.000 0.000 0.000 0.000 0.000 0.000 0.000 0.000 0.000 0.000 0.000 0.000 0.000 0.000 0.000 0.000 0.005 0.013 0.021 0.030 0.038 0.041 0.041 0.041 0.041 0.041 0.041 0.041 0.000 0.000 0.000 0.000 0.000 0.000 0.030 0.030 0.030 0.030 0.030 0.030 0.030 0.030 0.030 0.030 0.030 0.027 0.023 0.018 0.013 0.009 0.004 0.000 0.000 0.000 0.000 0.000 0.000 0.000 0.000 0.000 0.000 0.000
0.000 0.000 0.000 0.000 0.000 0.000 0.000 0.000 0.000 0.000 0.000 0.000 0.000 0.000 0.000 0.000 0.000 0.000 0.000 0.000 0.000 0.000 0.000 0.000 0.000 0.000 0.000 0.000 0.000 0.000 0.000 0.006 0.014 0.023 0.031 0.040 0.041 0.041 0.041 0.041 0.041 0.041 0.000 0.000 0.000 0.000 0.000 0.000 0.000 0.030 0.030 0.030 0.030 0.030 0.030 0.030 0.030 0.030 0.030 0.030 0.030 0.030 0.025 0.021 0.016 0.011 0.007 0.003 0.000 0.000 0.000 0.000 0.000 0.000 0.000 0.000 0.000
0.000 0.000 0.000 0.000 0.000 0.000 0.000 0.000 0.000 0.000 0.000 0.000 0.000 0.000 0.000 0.000 0.000 0.000 0.000 0.000 0.000 0.000 0.000 0.000 0.000 0.000 0.000 0.000 0.000 0.000 0.002 0.008 0.016 0.025 0.033 0.041 0.041 0.041 0.041 0.041 0.041 0.041 0.000 0.000 0.000 0.000 0.000 0.000 0.030 0.030 0.030 0.030 0.030 0.030 0.030 0.030 0.030 0.030 0.030 0.030 0.030 0.030 0.029 0.028 0.023 0.018 0.014 0.009 0.004 0.000 0.000 0.000 0.000 0.000 0.000 0.000 0.000
0.000 0.000 0.000 0.000 0.000 0.000 0.000 0.000 0.000 0.000 0.000 0.000 0.000 0.000 0.000 0.000 0.000 0.000 0.000 0.000 0.000 0.000 0.000 0.000 0.000 0.000 0.000 0.000 0.000 0.000 0.003 0.010 0.018 0.026 0.035 0.041 0.042 0.042 0.042 0.041 0.041 0.042 0.000 0.000 0.000 0.000 0.000 0.000 0.030 0.030 0.030 0.030 0.030 0.030 0.030 0.030 0.030 0.030 0.030 0.030 0.029 0.029 0.029 0.029 0.029 0.025 0.021 0.016 0.011 0.006 0.002 0.000 0.000 0.000 0.000 0.000 0.000
0.000 0.000 0.000 0.000 0.000 0.000 0.000 0.000 0.000 0.000 0.000 0.000 0.000 0.000 0.000 0.000 0.000 0.000 0.000 0.000 0.000 0.000 0.000 0.000 0.000 0.000 0.000 0.000 0.000 0.000 0.004 0.012 0.020 0.028 0.037 0.042 0.042 0.042 0.042 0.041 0.042 0.000 0.000 0.000 0.000 0.000 0.000 0.000 0.030 0.030 0.030 0.030 0.030 0.030 0.030 0.030 0.030 0.030 0.030 0.029 0.029 0.029 0.029 0.029 0.028 0.028 0.028 0.023 0.018 0.013 0.008 0.004 0.000 0.000 0.000 0.000 0.000
0.000 0.000 0.000 0.000 0.000 0.000 0.000 0.000 0.000 0.000 0.000 0.000 0.000 0.000 0.000 0.000 0.000 0.000 0.000 0.000 0.000 0.000 0.000 0.000 0.000 0.000 0.000 0.000 0.000 0.000 0.005 0.013 0.021 0.030 0.038 0.042 0.042 0.042 0.042 0.041 0.042 0.000 0.000 0.000 0.000 0.000 0.000 0.030 0.030 0.030 0.030 0.030 0.030 0.030 0.030 0.030 0.030 0.030 0.029 0.029 0.029 0.029 0.029 0.028 0.028 0.028 0.027 0.027 0.025 0.020 0.015 0.010 0.005 0.000 0.000 0.000 0.000
0.000 0.000 0.000 0.000 0.000 0.000 0.000 0.000 0.000 0.000 0.000 0.000 0.000 0.000 0.000 0.000 0.000 0.000 0.000 0.000 0.000 0.000 0.000 0.000 0.000 0.000 0.000 0.000 0.001 0.002 0.007 0.015 0.023 0.031 0.040 0.041 0.041 0.041 0.042 0.042 0.042 0.000 0.000 0.000 0.000 0.000 0.000 0.030 0.030 0.030 0.030 0.030 0.030 0.030 0.030 0.030 0.030 0.029 0.029 0.029 0.029 0.029 0.028 0.028 0.028 0.028 0.027 0.027 0.026 0.026 0.022 0.017 0.012 0.007 0.002 0.000 0.000
0.000 0.000 0.000 0.000 0.000 0.000 0.000 0.000 0.000 0.000 0.000 0.000 0.000 0.000 0.000 0.000 0.000 0.000 0.000 0.000 0.000 0.000 0.000 0.000 0.000 0.000 0.000 0.000 0.001 0.003 0.008 0.016 0.024 0.033 0.041 0.041 0.041 0.041 0.042 0.042 0.042 0.000 0.000 0.000 0.000 0.000 0.000 0.030 0.030 0.030 0.030 0.030 0.030 0.030 0.030 0.030 0.029 0.029 0.029 0.029 0.029 0.028 0.028 0.028 0.027 0.027 0.027 0.026 0.026 0.025 0.025 0.024 0.019 0.014 0.009 0.004 0.000
0.000 0.000 0.000 0.000 0.000 0.000 0.000 0.000 0.000 0.000 0.000 0.000 0.000 0.000 0.000 0.000 0.000 0.000 0.000 0.000 0.000 0.000 0.000 0.000 0.000 0.000 0.000 0.000 0.002 0.004 0.010 0.017 0.026 0.034 0.041 0.041 0.041 0.041 0.041 0.042 0.042 0.000 0.000 0.000 0.000 0.000 0.000 0.030 0.030 0.030 0.030 0.030 0.030 0.030 0.030 0.030 0.029 0.029 0.029 0.029 0.029 0.028 0.028 0.028 0.027 0.027 0.026 0.026 0.025 0.025 0.024 0.024 0.023 0.020 0.015 0.010 0.005
0.000 0.000 0.000 0.000 0.000 0.000 0.000 0.000 0.000 0.000 0.000 0.000 0.000 0.000 0.000 0.000 0.000 0.000 0.000 0.000 0.000 0.000 0.000 0.000 0.000 0.000 0.000 0.000 0.002 0.004 0.011 0.019 0.027 0.036 0.041 0.041 0.041 0.041 0.041 0.041 0.042 0.000 0.000 0.000 0.000 0.000 0.030 0.030 0.030 0.030 0.030 0.030 0.030 0.030 0.030 0.029 0.029 0.029 0.029 0.029 0.028 0.028 0.028 0.027 0.027 0.026 0.026 0.025 0.025 0.024 0.024 0.023 0.022 0.022 0.021 0.016 0.011
0.000 0.000 0.000 0.000 0.000 0.000 0.000 0.000 0.000 0.000 0.000 0.000 0.000 0.000 0.000 0.000 0.000 0.000 0.000 0.000 0.000 0.000 0.000 0.000 0.000 0.000 0.000 0.000 0.002 0.006 0.012 0.020 0.028 0.037 0.041 0.041 0.041 0.041 0.041 0.041 0.041 0.000 0.000 0.000 0.000 0.000 0.030 0.030 0.030 0.030 0.030 0.030 0.030 0.030 0.029 0.029 0.029 0.029 0.029 0.028 0.028 0.028 0.027 0.027 0.026 0.026 0.025 0.025 0.024 0.024 0.023 0.022 0.022 0.021 0.020 0.019 0.017
0.000 0.000 0.000 0.000 0.000 0.000 0.000 0.000 0.000 0.000 0.000 0.000 0.000 0.000 0.000 0.000 0.000 0.000 0.000 0.000 0.000 0.000 0.000 0.000 0.000 0.000 0.000 0.001 0.002 0.007 0.014 0.021 0.030 0.038 0.040 0.041 0.041 0.041 0.041 0.041 0.041 0.000 0.000 0.000 0.000 0.000 0.030 0.030 0.030 0.030 0.030 0.030 0.030 0.030 0.029 0.029 0.029 0.029 0.028 0.028 0.028 0.027 0.027 0.026 0.026 0.025 0.025 0.024 0.024 0.023 0.022 0.022 0.021 0.020 0.019 0.018 0.017
0.000 0.000 0.000 0.000 0.000 0.000 0.000 0.000 0.000 0.000 0.000 0.000 0.000 0.000 0.000 0.000 0.000 0.000 0.000 0.000 0.000 0.000 0.000 0.000 0.000 0.000 0.000 0.001 0.003 0.008 0.015 0.022 0.031 0.039 0.040 0.040 0.041 0.041 0.041 0.041 0.040 0.040 0.040 0.000 0.000 0.000 0.000 0.000 0.030 0.030 0.030 0.030 0.030 0.029 0.029 0.029 0.029 0.028 0.028 0.028 0.027 0.027 0.026 0.026 0.025 0.025 0.024 0.024 0.023 0.022 0.022 0.021 0.020 0.019 0.018 0.017 0.015
0.000 0.000 0.000 0.000 0.000 0.000 0.000 0.000 0.000 0.000 0.000 0.000 0.000 0.000 0.000 0.000 0.000 0.000 0.000 0.000 0.000 0.000 0.000 0.000 0.000 0.000 0.000 0.002 0.004 0.010 0.016 0.024 0.031 0.038 0.039 0.040 0.040 0.040 0.040 0.040 0.040 0.040 0.039 0.038 0.037 0.037 0.000 0.031 0.031 0.030 0.030 0.030 0.030 0.029 0.029 0.029 0.028 0.028 0.028 0.027 0.027 0.026 0.026 0.025 0.025 0.024 0.024 0.023 0.022 0.022 0.021 0.020 0.019 0.018 0.017 0.015 0.013
0.000 0.000 0.000 0.000 0.000 0.000 0.000 0.000 0.000 0.000 0.000 0.000 0.000 0.000 0.000 0.000 0.000 0.000 0.000 0.000 0.000 0.000 0.000 0.000 0.000 0.000 0.000 0.002 0.005 0.011 0.018 0.025 0.031 0.033 0.037 0.039 0.040 0.040 0.040 0.040 0.040 0.039 0.039 0.038 0.037 0.036 0.034 0.032 0.031 0.030 0.030 0.030 0.029 0.029 0.029 0.029 0.028 0.028 0.027 0.027 0.026 0.026 0.025 0.025 0.024 0.024 0.023 0.022 0.021 0.021 0.020 0.019 0.017 0.016 0.015 0.013 0.011
0.000 0.000 0.000 0.000 0.000 0.000 0.000 0.000 0.000 0.000 0.000 0.000 0.000 0.000 0.000 0.000 0.000 0.000 0.000 0.000 0.000 0.000 0.000 0.000 0.000 0.000 0.000 0.002 0.007 0.013 0.020 0.026 0.030 0.000 0.034 0.039 0.039 0.040 0.040 0.040 0.000 0.039 0.039 0.038 0.036 0.035 0.033 0.032 0.031 0.030 0.030 0.030 0.029 0.029 0.029 0.028 0.028 0.027 0.027 0.027 0.026 0.025 0.025 0.024 0.023 0.023 0.022 0.021 0.020 0.019 0.018 0.017 0.016 0.014 0.012 0.009 0.009
0.000 0.000 0.000 0.000 0.000 0.000 0.000 0.000 0.000 0.000 0.000 0.000 0.000 0.000 0.000 0.000 0.000 0.000 0.000 0.000 0.000 0.000 0.000 0.000 0.000 0.000 0.000 0.003 0.008 0.015 0.023 0.030 0.036 0.034 0.038 0.040 0.040 0.040 0.040 0.000 0.000 0.000 0.000 0.000 0.035 0.034 0.033 0.031 0.031 0.030 0.030 0.030 0.029 0.029 0.029 0.028 0.028 0.027 0.027 0.026 0.025 0.025 0.024 0.023 0.023 0.022 0.021 0.020 0.019 0.018 0.016 0.015 0.013 0.010 0.010 0.009 0.009
0.000 0.000 0.000 0.000 0.000 0.000 0.000 0.000 0.000 0.000 0.000 0.000 0.000 0.000 0.000 0.000 0.000 0.000 0.000 0.000 0.000 0.000 0.000 0.000 0.000 0.000 0.002 0.004 0.010 0.018 0.025 0.033 0.041 0.040 0.041 0.041 0.041 0.041 0.000 0.000 0.000 0.000 0.000 0.000 0.000 0.000 0.031 0.031 0.031 0.030 0.030 0.029 0.029 0.029 0.028 0.028 0.027 0.027 0.026 0.025 0.025 0.024 0.023 0.022 0.022 0.021 0.020 0.018 0.017 0.016 0.014 0.011 0.010 0.010 0.010 0.010 0.010
0.000 0.000 0.000 0.000 0.000 0.000 0.000 0.000 0.000 0.000 0.000 0.000 0.000 0.000 0.000 0.000 0.000 0.000 0.000 0.000 0.000 0.000 0.000 0.000 0.000 0.000 0.002 0.006 0.013 0.020 0.028 0.036 0.043 0.042 0.042 0.042 0.042 0.042 0.000 0.000 0.000 0.000 0.000 0.000 0.000 0.000 0.031 0.031 0.030 0.030 0.030 0.029 0.029 0.029 0.028 0.027 0.027 0.026 0.025 0.025 0.024 0.023 0.022 0.021 0.020 0.019 0.018 0.016 0.014 0.012 0.010 0.010 0.010 0.010 0.010 0.010 0.011
0.000 0.000 0.000 0.000 0.000 0.000 0.000 0.000 0.000 0.000 0.000 0.000 0.000 0.000 0.000 0.000 0.000 0.000 0.000 0.000 0.000 0.000 0.000 0.000 0.000 0.000 0.002 0.007 0.015 0.023 0.031 0.039 0.044 0.044 0.044 0.043 0.043 0.000 0.000 0.000 0.000 0.000 0.030 0.030 0.030 0.030 0.031 0.030 0.030 0.030 0.030 0.029 0.029 0.028 0.028 0.027 0.026 0.026 0.025 0.024 0.023 0.022 0.021 0.020 0.018 0.017 0.015 0.013 0.011 0.011 0.011 0.010 0.010 0.010 0.010 0.011 0.013
0.000 0.000 0.000 0.000 0.000 0.000 0.000 0.000 0.000 0.000 0.000 0.000 0.000 0.000 0.000 0.000 0.000 0.000 0.000 0.000 0.000 0.000 0.000 0.000 0.000 0.000 0.003 0.009 0.017 0.025 0.033 0.042 0.045 0.045 0.045 0.044 0.044 0.000 0.000 0.000 0.000 0.000 0.000 0.030 0.030 0.030 0.030 0.030 0.030 0.030 0.029 0.029 0.028 0.028 0.027 0.027 0.026 0.025 0.024 0.023 0.022 0.020 0.019 0.018 0.016 0.014 0.011 0.011 0.011 0.011 0.011 0.011 0.010 0.010 0.011 0.012 0.017
0.000 0.000 0.000 0.000 0.000 0.000 0.000 0.000 0.000 0.000 0.000 0.000 0.000 0.000 0.000 0.000 0.000 0.000 0.000 0.000 0.000 0.000 0.000 0.000 0.000 0.000 0.004 0.011 0.019 0.027 0.035 0.044 0.046 0.046 0.045 0.045 0.045 0.000 0.000 0.000 0.000 0.000 0.000 0.000 0.000 0.000 0.030 0.030 0.030 0.030 0.029 0.029 0.028 0.028 0.027 0.026 0.025 0.024 0.023 0.021 0.020 0.018 0.017 0.014 0.012 0.011 0.011 0.011 0.011 0.011 0.011 0.011 0.011 0.011 0.012 0.015 0.019
0.000 0.000 0.000 0.000 0.000 0.000 0.000 0.000 0.000 0.000 0.000 0.000 0.000 0.000 0.000 0.000 0.000 0.000 0.000 0.000 0.000 0.000 0.000 0.000 0.000 0.002 0.006 0.013 0.021 0.029 0.037 0.046 0.047 0.046 0.046 0.046 0.000 0.000 0.000 0.000 0.000 0.000 0.000 0.000 0.000 0.000 0.000 0.000 0.030 0.030 0.029 0.028 0.028 0.027 0.026 0.025 0.024 0.023 0.021 0.019 0.018 0.015 0.013 0.012 0.012 0.012 0.011 0.011 0.011 0.011 0.011 0.011 0.011 0.012 0.014 0.019 0.019
0.000 0.000 0.000 0.000 0.000 0.000 0.000 0.000 0.000 0.000 0.000 0.000 0.000 0.000 0.000 0.000 0.000 0.000 0.000 0.000 0.000 0.000 0.000 0.000 0.000 0.002 0.007 0.015 0.023 0.031 0.040 0.047 0.047 0.047 0.047 0.047 0.000 0.000 0.000 0.000 0.000 0.000 0.000 0.000 0.000 0.000 0.000 0.000 0.000 0.000 0.000 0.028 0.028 0.027 0.026 0.024 0.023 0.021 0.019 0.016 0.014 0.012 0.012 0.012 0.012 0.012 0.012 0.011 0.011 0.011 0.011 0.011 0.012 0.014 0.018 0.023 0.019
0.000 0.000 0.000 0.000 0.000 0.000 0.000 0.000 0.000 0.000 0.000 0.000 0.000 0.000 0.000 0.000 0.000 0.000 0.000 0.000 0.000 0.000 0.000 0.000 0.000 0.003 0.009 0.016 0.025 0.033 0.042 0.047 0.048 0.047 0.047 0.048 0.000 0.000 0.000 0.000 0.000 0.000 0.000 0.000 0.000 0.000 0.000 0.000 0.000 0.000 0.000 0.000 0.000 0.000 0.024 0.024 0.020 0.018 0.015 0.013 0.013 0.013 0.012 0.012 0.012 0.012 0.012 0.012 0.012 0.011 0.012 0.012 0.014 0.019 0.025 0.025 0.021
0.000 0.000 0.000 0.000 0.000 0.000 0.000 0.000 0.000 0.000 0.000 0.000 0.000 0.000 0.000 0.000 0.000 0.000 0.000 0.002 0.004 0.000 0.000 0.000 0.000 0.004 0.010 0.018 0.027 0.035 0.044 0.048 0.048 0.048 0.048 0.048 0.000 0.000 0.000 0.000 0.000 0.000 0.000 0.000 0.000 0.000 0.000 0.000 0.000 0.000 0.000 0.000 0.000 0.000 0.000 0.000 0.014 0.013 0.013 0.013 0.013 0.013 0.013 0.012 0.012 0.012 0.012 0.012 0.012 0.012 0.013 0.016 0.021 0.027 0.033 0.029 0.024
0.000 0.000 0.000 0.000 0.000 0.000 0.000 0.000 0.000 0.000 0.000 0.000 0.000 0.000 0.000 0.000 0.000 0.000 0.000 0.002 0.003 0.005 0.000 0.000 0.000 0.005 0.012 0.020 0.028 0.037 0.045 0.048 0.048 0.048 0.048 0.000 0.000 0.000 0.000 0.000 0.000 0.000 0.000 0.000 0.000 0.000 0.000 0.000 0.000 0.000 0.000 0.000 0.000 0.000 0.000 0.000 0.011 0.012 0.012 0.013 0.013 0.013 0.013 0.013 0.012 0.012 0.012 0.012 0.013 0.015 0.019 0.025 0.032 0.039 0.039 0.035 0.030
0.000 0.000 0.000 0.000 0.000 0.000 0.000 0.000 0.000 0.000 0.000 0.000 0.000 0.000 0.000 0.000 0.000 0.000 0.001 0.002 0.003 0.004 0.004 0.004 0.004 0.007 0.014 0.022 0.030 0.038 0.047 0.048 0.048 0.049 0.049 0.000 0.000 0.000 0.000 0.000 0.000 0.000 0.000 0.000 0.000 0.000 0.000 0.000 0.000 0.000 0.000 0.000 0.000 0.000 0.000 0.000 0.009 0.011 0.012 0.012 0.012 0.013 0.013 0.013 0.013 0.013 0.013 0.014 0.017 0.022 0.029 0.037 0.044 0.050 0.046 0.041 0.037
0.000 0.000 0.000 0.000 0.000 0.000 0.000 0.000 0.000 0.000 0.000 0.000 0.000 0.000 0.000 0.000 0.000 0.000 0.001 0.002 0.002 0.003 0.003 0.004 0.005 0.009 0.016 0.023 0.031 0.040 0.048 0.048 0.048 0.048 0.049 0.000 0.000 0.000 0.000 0.000 0.000 0.000 0.000 0.000 0.000 0.000 0.000 0.000 0.000 0.000 0.000 0.000 0.000 0.000 0.000 0.001 0.008 0.010 0.011 0.012 0.012 0.012 0.013 0.013 0.013 0.014 0.015 0.019 0.025 0.033 0.041 0.049 0.057 0.057 0.053 0.048 0.044
0.000 0.000 0.002 0.000 0.000 0.000 0.000 0.000 0.000 0.000 0.000 0.000 0.000 0.000 0.000 0.000 0.001 0.001 0.001 0.002 0.002 0.003 0.003 0.004 0.005 0.010 0.017 0.025 0.033 0.042 0.048 0.049 0.048 0.048 0.049 0.000 0.000 0.000 0.000 0.000 0.000 0.000 0.000 0.000 0.000 0.000 0.000 0.000 0.000 0.000 0.000 0.000 0.000 0.000 0.000 0.001 0.007 0.009 0.010 0.011 0.012 0.012 0.013 0.014 0.015 0.018 0.022 0.029 0.036 0.044 0.052 0.000 0.000 0.065 0.060 0.056 0.051
0.000 0.000 0.012 0.008 0.004 0.002 0.000 0.000 0.000 0.000 0.000 0.000 0.000 0.000 0.001 0.001 0.001 0.001 0.001 0.001 0.002 0.002 0.003 0.004 0.006 0.011 0.019 0.027 0.035 0.044 0.048 0.048 0.048 0.048 0.000 0.000 0.000 0.000 0.000 0.000 0.000 0.000 0.000 0.000 0.000 0.000 0.000 0.000 0.000 0.000 0.000 0.000 0.000 0.000 0.000 0.000 0.006 0.008 0.010 0.011 0.012 0.013 0.014 0.017 0.021 0.026 0.033 0.040 0.047 0.054 0.000 0.000 0.000 0.000 0.000 0.063 0.058
