数据/LID_PP_50y/LID_PP_res2/LID_PP_151-0001.wd
ncols         694
nrows         824
xllcorner     581104.939801
yllcorner     3495917.092414
cellsize      2.000000
NODATA_value  -9999.000000
[rows 442 to 475 of 824, columns 385 to 461 of 694]
0.000 0.000 0.000 0.021 0.017 0.012 0.008 0.004 0.002 0.000 0.000 0.000 0.001 0.002 0.002 0.002 0.001 0.001 0.001 0.001 0.001 0.002 0.006 0.013 0.020 0.028 0.037 0.046 0.055 0.063 0.065 0.065 0.065 0.066 0.000 0.000 0.000 0.000 0.000 0.000 0.000 0.000 0.000 0.000 0.000 0.000 0.000 0.000 0.000 0.000 0.000 0.000 0.000 0.000 0.000 0.000 0.007 0.009 0.011 0.013 0.014 0.015 0.016 0.018 0.021 0.026 0.031 0.038 0.045 0.052 0.000 0.000 0.000 0.000 0.000 0.000 0.000
0.000 0.000 0.000 0.000 0.000 0.023 0.019 0.014 0.009 0.005 0.002 0.002 0.002 0.002 0.002 0.002 0.002 0.002 0.002 0.001 0.001 0.002 0.006 0.014 0.021 0.030 0.039 0.048 0.056 0.065 0.065 0.065 0.065 0.065 0.000 0.000 0.000 0.000 0.000 0.000 0.000 0.000 0.000 0.000 0.000 0.000 0.000 0.000 0.000 0.000 0.000 0.000 0.000 0.000 0.000 0.000 0.007 0.010 0.013 0.015 0.017 0.019 0.022 0.026 0.031 0.037 0.043 0.050 0.056 0.063 0.070 0.072 0.000 0.000 0.000 0.000 0.000
0.000 0.000 0.000 0.000 0.000 0.000 0.000 0.025 0.020 0.016 0.011 0.007 0.004 0.003 0.003 0.003 0.003 0.003 0.003 0.002 0.002 0.002 0.006 0.014 0.022 0.031 0.041 0.050 0.060 0.066 0.065 0.064 0.064 0.000 0.000 0.000 0.000 0.000 0.000 0.000 0.000 0.000 0.000 0.000 0.000 0.000 0.000 0.000 0.000 0.000 0.000 0.000 0.000 0.000 0.000 0.005 0.012 0.017 0.021 0.023 0.024 0.027 0.032 0.037 0.043 0.049 0.055 0.062 0.069 0.076 0.083 0.079 0.074 0.069 0.065 0.000 0.000
0.000 0.000 0.000 0.000 0.000 0.000 0.000 0.000 0.028 0.027 0.022 0.018 0.013 0.009 0.005 0.004 0.003 0.003 0.003 0.004 0.004 0.004 0.005 0.013 0.022 0.032 0.041 0.052 0.068 0.066 0.063 0.062 0.061 0.000 0.000 0.000 0.000 0.000 0.000 0.000 0.000 0.000 0.000 0.000 0.000 0.000 0.000 0.000 0.000 0.000 0.000 0.000 0.000 0.000 0.000 0.000 0.000 0.030 0.000 0.000 0.033 0.039 0.044 0.050 0.055 0.061 0.068 0.075 0.082 0.088 0.091 0.086 0.082 0.077 0.072 0.067 0.062
0.000 0.000 0.000 0.000 0.000 0.000 0.000 0.000 0.000 0.000 0.029 0.027 0.024 0.019 0.015 0.010 0.007 0.005 0.005 0.005 0.005 0.006 0.008 0.010 0.021 0.030 0.039 0.049 0.059 0.061 0.059 0.058 0.057 0.000 0.000 0.000 0.000 0.000 0.000 0.000 0.000 0.000 0.000 0.000 0.000 0.000 0.000 0.000 0.000 0.000 0.000 0.000 0.000 0.000 0.000 0.000 0.000 0.000 0.000 0.000 0.000 0.000 0.000 0.000 0.067 0.074 0.081 0.088 0.094 0.101 0.098 0.093 0.089 0.084 0.079 0.074 0.070
0.000 0.000 0.000 0.000 0.000 0.000 0.000 0.000 0.000 0.000 0.000 0.031 0.029 0.027 0.025 0.021 0.016 0.011 0.008 0.007 0.007 0.008 0.010 0.012 0.017 0.027 0.036 0.044 0.052 0.054 0.053 0.051 0.048 0.039 0.034 0.030 0.000 0.000 0.000 0.000 0.000 0.000 0.000 0.000 0.000 0.000 0.000 0.000 0.000 0.000 0.000 0.000 0.000 0.000 0.000 0.000 0.000 0.000 0.000 0.000 0.000 0.000 0.000 0.000 0.000 0.000 0.000 0.000 0.107 0.110 0.106 0.101 0.096 0.092 0.087 0.082 0.077
0.000 0.000 0.000 0.000 0.000 0.000 0.000 0.000 0.000 0.000 0.000 0.000 0.000 0.031 0.029 0.026 0.024 0.021 0.016 0.012 0.011 0.011 0.012 0.013 0.015 0.023 0.031 0.037 0.041 0.046 0.046 0.044 0.041 0.035 0.030 0.024 0.018 0.014 0.011 0.011 0.000 0.000 0.000 0.000 0.000 0.000 0.000 0.000 0.000 0.000 0.000 0.000 0.000 0.000 0.000 0.000 0.000 0.000 0.000 0.000 0.000 0.000 0.000 0.000 0.000 0.000 0.000 0.000 0.000 0.000 0.000 0.108 0.104 0.099 0.094 0.089 0.084
0.000 0.000 0.000 0.000 0.000 0.000 0.000 0.000 0.000 0.000 0.000 0.000 0.000 0.000 0.000 0.030 0.028 0.025 0.022 0.020 0.017 0.015 0.014 0.015 0.016 0.017 0.025 0.027 0.000 0.033 0.038 0.037 0.034 0.029 0.027 0.025 0.021 0.018 0.015 0.013 0.010 0.008 0.008 0.000 0.000 0.000 0.000 0.000 0.000 0.000 0.000 0.000 0.000 0.000 0.000 0.000 0.000 0.000 0.000 0.000 0.000 0.000 0.000 0.000 0.000 0.000 0.000 0.000 0.000 0.000 0.000 0.000 0.000 0.000 0.000 0.096 0.092
0.000 0.000 0.000 0.000 0.000 0.000 0.000 0.000 0.000 0.000 0.000 0.000 0.000 0.000 0.000 0.000 0.031 0.029 0.025 0.022 0.020 0.018 0.018 0.017 0.017 0.017 0.018 0.021 0.022 0.027 0.030 0.029 0.029 0.028 0.027 0.025 0.023 0.020 0.017 0.015 0.013 0.011 0.009 0.007 0.005 0.004 0.004 0.000 0.000 0.000 0.000 0.000 0.000 0.000 0.000 0.000 0.000 0.000 0.000 0.000 0.000 0.000 0.000 0.000 0.000 0.000 0.000 0.000 0.000 0.000 0.000 0.000 0.000 0.000 0.000 0.000 0.000
0.000 0.000 0.000 0.000 0.000 0.000 0.000 0.000 0.000 0.000 0.000 0.000 0.000 0.000 0.000 0.000 0.000 0.000 0.024 0.022 0.020 0.019 0.017 0.017 0.019 0.019 0.017 0.018 0.021 0.021 0.025 0.027 0.028 0.028 0.027 0.026 0.024 0.022 0.019 0.017 0.015 0.013 0.012 0.010 0.008 0.006 0.005 0.004 0.003 0.002 0.002 0.002 0.001 0.000 0.000 0.000 0.000 0.000 0.000 0.000 0.000 0.000 0.000 0.000 0.000 0.000 0.000 0.000 0.000 0.000 0.000 0.000 0.000 0.000 0.000 0.000 0.000
0.000 0.000 0.000 0.000 0.000 0.000 0.000 0.000 0.000 0.000 0.000 0.000 0.000 0.000 0.000 0.000 0.000 0.000 0.024 0.022 0.020 0.018 0.015 0.000 0.016 0.018 0.018 0.017 0.018 0.022 0.025 0.027 0.028 0.028 0.028 0.027 0.025 0.023 0.021 0.019 0.017 0.016 0.014 0.012 0.010 0.008 0.006 0.005 0.004 0.003 0.003 0.003 0.002 0.002 0.001 0.000 0.000 0.000 0.000 0.000 0.000 0.000 0.000 0.000 0.000 0.000 0.000 0.000 0.000 0.000 0.000 0.000 0.000 0.000 0.000 0.000 0.000
0.000 0.000 0.000 0.000 0.000 0.000 0.000 0.000 0.000 0.000 0.000 0.000 0.000 0.000 0.000 0.000 0.000 0.000 0.024 0.022 0.020 0.018 0.016 0.014 0.015 0.017 0.017 0.015 0.018 0.022 0.025 0.027 0.029 0.029 0.029 0.028 0.027 0.025 0.023 0.022 0.020 0.018 0.016 0.014 0.012 0.000 0.006 0.006 0.006 0.005 0.004 0.004 0.003 0.003 0.002 0.002 0.001 0.000 0.000 0.000 0.000 0.000 0.000 0.000 0.000 0.000 0.000 0.000 0.000 0.000 0.000 0.000 0.000 0.000 0.000 0.000 0.000
0.000 0.000 0.000 0.000 0.000 0.000 0.000 0.000 0.000 0.000 0.000 0.000 0.000 0.000 0.000 0.000 0.000 0.000 0.023 0.022 0.020 0.019 0.017 0.016 0.015 0.016 0.015 0.013 0.017 0.020 0.023 0.026 0.027 0.028 0.029 0.029 0.029 0.028 0.026 0.025 0.023 0.021 0.019 0.017 0.015 0.012 0.011 0.009 0.008 0.007 0.006 0.005 0.005 0.004 0.003 0.003 0.003 0.002 0.002 0.001 0.000 0.000 0.000 0.000 0.000 0.000 0.000 0.000 0.000 0.000 0.000 0.000 0.000 0.000 0.000 0.000 0.000
0.000 0.000 0.000 0.000 0.000 0.000 0.000 0.000 0.000 0.000 0.000 0.000 0.000 0.000 0.000 0.000 0.000 0.020 0.021 0.021 0.020 0.019 0.017 0.016 0.015 0.015 0.013 0.012 0.015 0.018 0.021 0.024 0.026 0.027 0.028 0.028 0.028 0.028 0.027 0.026 0.026 0.025 0.023 0.021 0.019 0.017 0.015 0.013 0.012 0.010 0.009 0.008 0.007 0.006 0.005 0.005 0.004 0.004 0.003 0.003 0.002 0.002 0.001 0.000 0.000 0.002 0.000 0.000 0.000 0.000 0.000 0.000 0.000 0.000 0.000 0.000 0.000
0.000 0.000 0.000 0.000 0.000 0.000 0.000 0.000 0.000 0.000 0.000 0.000 0.000 0.000 0.000 0.000 0.000 0.022 0.021 0.021 0.020 0.019 0.017 0.016 0.015 0.013 0.010 0.011 0.014 0.017 0.020 0.022 0.024 0.025 0.026 0.027 0.027 0.027 0.027 0.027 0.026 0.026 0.025 0.024 0.023 0.021 0.020 0.018 0.017 0.015 0.013 0.012 0.011 0.010 0.009 0.008 0.007 0.006 0.005 0.005 0.005 0.005 0.005 0.005 0.008 0.007 0.002 0.000 0.000 0.000 0.000 0.000 0.000 0.000 0.000 0.000 0.000
0.000 0.000 0.000 0.000 0.000 0.000 0.000 0.000 0.000 0.000 0.000 0.000 0.000 0.000 0.000 0.000 0.000 0.022 0.021 0.020 0.020 0.018 0.017 0.016 0.014 0.012 0.009 0.010 0.013 0.015 0.018 0.020 0.022 0.024 0.025 0.026 0.026 0.027 0.027 0.027 0.027 0.027 0.026 0.025 0.025 0.024 0.023 0.022 0.021 0.020 0.019 0.017 0.016 0.015 0.013 0.012 0.012 0.011 0.010 0.010 0.011 0.011 0.013 0.015 0.019 0.013 0.006 0.001 0.000 0.000 0.000 0.000 0.000 0.000 0.000 0.000 0.000
0.000 0.000 0.000 0.000 0.000 0.000 0.000 0.000 0.000 0.000 0.000 0.000 0.000 0.000 0.000 0.000 0.000 0.022 0.021 0.020 0.019 0.018 0.017 0.016 0.014 0.011 0.009 0.010 0.012 0.015 0.017 0.019 0.021 0.023 0.024 0.025 0.026 0.027 0.028 0.028 0.028 0.028 0.028 0.027 0.027 0.026 0.025 0.024 0.023 0.023 0.022 0.021 0.020 0.020 0.019 0.019 0.019 0.019 0.019 0.020 0.022 0.023 0.025 0.029 0.027 0.020 0.008 0.001 0.000 0.000 0.000 0.000 0.000 0.000 0.000 0.000 0.000
0.000 0.000 0.000 0.000 0.000 0.000 0.000 0.000 0.000 0.000 0.000 0.000 0.000 0.000 0.000 0.000 0.020 0.021 0.021 0.020 0.019 0.018 0.017 0.015 0.013 0.009 0.009 0.010 0.012 0.014 0.016 0.018 0.020 0.022 0.023 0.025 0.026 0.028 0.029 0.030 0.030 0.030 0.030 0.030 0.029 0.029 0.028 0.027 0.026 0.026 0.025 0.024 0.024 0.024 0.024 0.024 0.025 0.027 0.029 0.032 0.035 0.037 0.039 0.041 0.031 0.020 0.008 0.005 0.004 0.003 0.000 0.000 0.000 0.000 0.000 0.000 0.000
0.000 0.000 0.000 0.000 0.000 0.000 0.000 0.000 0.000 0.000 0.000 0.000 0.000 0.000 0.000 0.000 0.022 0.021 0.021 0.020 0.019 0.018 0.016 0.014 0.012 0.008 0.009 0.010 0.011 0.013 0.015 0.017 0.019 0.021 0.023 0.026 0.028 0.031 0.032 0.033 0.033 0.033 0.033 0.033 0.032 0.032 0.031 0.030 0.030 0.029 0.029 0.028 0.028 0.028 0.029 0.030 0.032 0.034 0.037 0.040 0.043 0.046 0.049 0.048 0.053 0.047 0.038 0.030 0.023 0.017 0.012 0.008 0.006 0.004 0.002 0.000 0.000
0.000 0.000 0.000 0.000 0.000 0.000 0.000 0.000 0.000 0.000 0.000 0.000 0.000 0.000 0.000 0.000 0.023 0.022 0.021 0.020 0.019 0.018 0.016 0.014 0.011 0.008 0.009 0.010 0.011 0.013 0.015 0.017 0.019 0.021 0.025 0.028 0.033 0.036 0.037 0.037 0.037 0.037 0.037 0.036 0.036 0.035 0.035 0.034 0.033 0.033 0.033 0.033 0.033 0.034 0.035 0.037 0.039 0.042 0.045 0.049 0.052 0.050 0.046 0.043 0.046 0.050 0.053 0.055 0.057 0.048 0.039 0.031 0.024 0.018 0.013 0.009 0.006
0.105 0.102 0.100 0.000 0.000 0.000 0.000 0.000 0.000 0.000 0.000 0.000 0.000 0.000 0.000 0.025 0.025 0.024 0.022 0.021 0.019 0.018 0.016 0.013 0.010 0.008 0.009 0.010 0.011 0.012 0.014 0.016 0.019 0.023 0.028 0.034 0.040 0.044 0.044 0.041 0.041 0.042 0.042 0.040 0.040 0.039 0.038 0.038 0.037 0.037 0.037 0.037 0.038 0.039 0.041 0.044 0.047 0.050 0.054 0.054 0.051 0.048 0.044 0.039 0.041 0.044 0.046 0.049 0.052 0.055 0.057 0.060 0.057 0.048 0.039 0.031 0.024
0.110 0.107 0.103 0.099 0.095 0.092 0.000 0.000 0.000 0.000 0.000 0.000 0.000 0.000 0.000 0.029 0.028 0.026 0.024 0.022 0.020 0.018 0.016 0.013 0.009 0.008 0.009 0.010 0.011 0.012 0.014 0.017 0.021 0.027 0.034 0.041 0.048 0.055 0.000 0.042 0.046 0.047 0.047 0.044 0.043 0.043 0.042 0.042 0.042 0.042 0.042 0.043 0.044 0.046 0.048 0.052 0.055 0.056 0.054 0.051 0.048 0.045 0.041 0.036 0.036 0.038 0.040 0.042 0.045 0.047 0.050 0.052 0.055 0.058 0.060 0.063 0.057
0.114 0.111 0.107 0.103 0.099 0.096 0.091 0.087 0.084 0.081 0.000 0.000 0.000 0.000 0.000 0.034 0.032 0.029 0.027 0.024 0.021 0.019 0.016 0.012 0.008 0.009 0.009 0.010 0.011 0.012 0.015 0.020 0.026 0.033 0.041 0.049 0.057 0.000 0.000 0.000 0.000 0.000 0.000 0.045 0.048 0.049 0.046 0.046 0.047 0.048 0.047 0.048 0.050 0.053 0.056 0.058 0.056 0.053 0.051 0.048 0.046 0.043 0.039 0.033 0.033 0.033 0.035 0.036 0.038 0.040 0.043 0.045 0.048 0.050 0.053 0.055 0.058
0.000 0.000 0.000 0.106 0.103 0.100 0.095 0.091 0.088 0.084 0.078 0.074 0.070 0.000 0.000 0.039 0.036 0.033 0.029 0.026 0.023 0.019 0.016 0.012 0.009 0.009 0.009 0.010 0.011 0.013 0.018 0.024 0.032 0.041 0.049 0.000 0.000 0.000 0.000 0.000 0.000 0.000 0.000 0.000 0.000 0.000 0.047 0.052 0.053 0.054 0.052 0.054 0.057 0.060 0.057 0.055 0.052 0.050 0.048 0.045 0.043 0.040 0.036 0.031 0.029 0.029 0.030 0.031 0.032 0.034 0.036 0.038 0.040 0.043 0.045 0.047 0.050
0.000 0.000 0.000 0.000 0.000 0.000 0.098 0.096 0.092 0.088 0.082 0.078 0.073 0.065 0.056 0.046 0.040 0.035 0.031 0.027 0.023 0.020 0.016 0.011 0.009 0.009 0.009 0.010 0.011 0.015 0.022 0.030 0.039 0.048 0.000 0.000 0.000 0.000 0.000 0.000 0.000 0.000 0.000 0.000 0.000 0.000 0.000 0.000 0.000 0.000 0.055 0.060 0.060 0.057 0.053 0.051 0.049 0.046 0.044 0.042 0.040 0.037 0.033 0.029 0.026 0.026 0.026 0.026 0.027 0.028 0.030 0.032 0.033 0.036 0.038 0.040 0.042
0.000 0.000 0.000 0.000 0.000 0.000 0.000 0.000 0.000 0.000 0.085 0.081 0.077 0.069 0.058 0.049 0.042 0.037 0.032 0.028 0.024 0.020 0.015 0.010 0.009 0.009 0.009 0.010 0.013 0.018 0.026 0.035 0.046 0.000 0.000 0.000 0.000 0.000 0.000 0.000 0.000 0.000 0.000 0.000 0.000 0.000 0.000 0.000 0.000 0.000 0.000 0.000 0.000 0.000 0.047 0.046 0.045 0.042 0.040 0.038 0.036 0.033 0.030 0.026 0.022 0.022 0.022 0.022 0.022 0.023 0.024 0.025 0.027 0.029 0.030 0.032 0.035
0.000 0.000 0.000 0.000 0.000 0.000 0.000 0.000 0.000 0.000 0.000 0.000 0.000 0.000 0.056 0.048 0.042 0.036 0.032 0.027 0.023 0.019 0.014 0.009 0.000 0.007 0.009 0.011 0.015 0.021 0.030 0.038 0.000 0.000 0.000 0.000 0.000 0.000 0.000 0.000 0.000 0.000 0.000 0.000 0.000 0.000 0.000 0.000 0.000 0.000 0.000 0.000 0.000 0.000 0.000 0.000 0.000 0.036 0.036 0.035 0.032 0.029 0.026 0.022 0.019 0.018 0.018 0.018 0.018 0.018 0.018 0.019 0.020 0.022 0.023 0.025 0.027
0.000 0.000 0.000 0.000 0.000 0.000 0.000 0.000 0.000 0.000 0.000 0.000 0.000 0.000 0.000 0.042 0.038 0.034 0.030 0.026 0.022 0.018 0.012 0.010 0.008 0.008 0.009 0.012 0.018 0.026 0.034 0.043 0.000 0.000 0.000 0.000 0.000 0.000 0.000 0.000 0.000 0.000 0.000 0.000 0.000 0.000 0.000 0.000 0.000 0.000 0.000 0.000 0.000 0.000 0.000 0.000 0.000 0.000 0.000 0.000 0.000 0.022 0.021 0.019 0.014 0.014 0.013 0.013 0.013 0.013 0.013 0.014 0.014 0.015 0.017 0.018 0.020
0.000 0.000 0.000 0.000 0.000 0.000 0.000 0.000 0.000 0.000 0.000 0.000 0.000 0.000 0.032 0.035 0.035 0.032 0.029 0.025 0.021 0.016 0.011 0.010 0.009 0.009 0.011 0.015 0.022 0.031 0.040 0.048 0.000 0.000 0.000 0.000 0.000 0.000 0.000 0.000 0.000 0.000 0.000 0.000 0.000 0.000 0.000 0.000 0.000 0.000 0.000 0.000 0.000 0.000 0.000 0.000 0.000 0.000 0.000 0.000 0.000 0.000 0.000 0.000 0.005 0.006 0.006 0.007 0.007 0.007 0.008 0.008 0.009 0.009 0.010 0.012 0.013
0.000 0.000 0.000 0.000 0.000 0.000 0.000 0.000 0.000 0.000 0.000 0.000 0.000 0.000 0.033 0.033 0.032 0.029 0.026 0.023 0.019 0.014 0.010 0.010 0.010 0.010 0.013 0.019 0.027 0.036 0.045 0.055 0.000 0.000 0.000 0.000 0.000 0.000 0.000 0.000 0.000 0.000 0.000 0.000 0.000 0.000 0.000 0.000 0.000 0.000 0.000 0.000 0.000 0.000 0.000 0.000 0.000 0.000 0.000 0.000 0.000 0.000 0.000 0.000 0.000 0.000 0.000 0.000 0.001 0.002 0.003 0.003 0.003 0.004 0.004 0.005 0.006
0.000 0.000 0.000 0.000 0.000 0.000 0.000 0.000 0.000 0.000 0.000 0.000 0.000 0.000 0.032 0.031 0.029 0.027 0.025 0.021 0.017 0.013 0.010 0.010 0.010 0.012 0.016 0.024 0.032 0.041 0.050 0.000 0.000 0.000 0.000 0.000 0.000 0.000 0.000 0.000 0.000 0.000 0.000 0.000 0.000 0.000 0.000 0.000 0.000 0.000 0.000 0.000 0.000 0.000 0.000 0.000 0.000 0.000 0.000 0.000 0.000 0.000 0.000 0.000 0.000 0.000 0.000 0.000 0.000 0.000 0.000 0.000 0.000 0.000 0.000 0.000 0.000
0.000 0.000 0.000 0.000 0.000 0.000 0.000 0.000 0.000 0.000 0.000 0.000 0.000 0.000 0.030 0.029 0.027 0.025 0.023 0.020 0.016 0.011 0.010 0.010 0.011 0.014 0.021 0.029 0.038 0.047 0.056 0.000 0.000 0.000 0.000 0.000 0.000 0.000 0.000 0.000 0.000 0.000 0.000 0.000 0.000 0.000 0.000 0.000 0.000 0.000 0.000 0.000 0.000 0.000 0.000 0.000 0.000 0.000 0.000 0.000 0.000 0.000 0.000 0.000 0.000 0.000 0.000 0.000 0.000 0.000 0.000 0.000 0.000 0.000 0.000 0.000 0.000
0.000 0.000 0.000 0.000 0.000 0.000 0.000 0.000 0.000 0.000 0.000 0.000 0.000 0.024 0.027 0.027 0.026 0.024 0.022 0.019 0.015 0.010 0.010 0.011 0.013 0.018 0.026 0.035 0.044 0.053 0.062 0.000 0.000 0.000 0.000 0.000 0.000 0.000 0.000 0.000 0.000 0.000 0.000 0.000 0.000 0.000 0.000 0.000 0.000 0.000 0.000 0.000 0.000 0.000 0.000 0.000 0.000 0.000 0.000 0.000 0.000 0.000 0.000 0.000 0.000 0.000 0.000 0.000 0.000 0.000 0.000 0.000 0.000 0.000 0.000 0.000 0.000
0.000 0.000 0.000 0.000 0.000 0.000 0.000 0.000 0.000 0.000 0.000 0.000 0.000 0.026 0.026 0.025 0.024 0.023 0.020 0.017 0.013 0.010 0.011 0.012 0.017 0.024 0.032 0.041 0.049 0.058 0.000 0.000 0.000 0.000 0.000 0.000 0.000 0.000 0.000 0.000 0.000 0.000 0.000 0.000 0.000 0.000 0.000 0.000 0.000 0.000 0.000 0.000 0.000 0.000 0.000 0.000 0.000 0.000 0.000 0.000 0.000 0.000 0.000 0.000 0.000 0.000 0.000 0.000 0.000 0.000 0.000 0.000 0.000 0.000 0.000 0.000 0.000
