数据/LID_BC_50y/LID_BC_res2/LID_BC_146-0001.wd
ncols         694
nrows         824
xllcorner     581104.939801
yllcorner     3495917.092414
cellsize      2.000000
NODATA_value  -9999.000000
[rows 408 to 441 of 824, columns 385 to 461 of 694]
0.000 0.000 0.000 0.000 0.000 0.000 0.000 0.000 0.000 0.000 0.000 0.000 0.000 0.000 0.000 0.000 0.000 0.000 0.000 0.000 0.000 0.000 0.000 0.000 0.000 0.000 0.000 0.000 0.000 0.000 0.000 0.000 0.030 0.039 0.048 0.056 0.063 0.061 0.048 0.061 0.063 0.064 0.065 0.000 0.000 0.000 0.000 0.000 0.000 0.000 0.032 0.032 0.032 0.032 0.032 0.030 0.025 0.020 0.016 0.011 0.007 0.000 0.000 0.000 0.000 0.000 0.000 0.000 0.000 0.000 0.000 0.000 0.000 0.000 0.000 0.000 0.000
0.000 0.000 0.000 0.000 0.000 0.000 0.000 0.000 0.000 0.000 0.000 0.000 0.000 0.000 0.000 0.000 0.000 0.000 0.000 0.000 0.000 0.000 0.000 0.000 0.000 0.000 0.000 0.000 0.000 0.000 0.000 0.022 0.031 0.040 0.049 0.058 0.063 0.062 0.060 0.063 0.063 0.064 0.065 0.000 0.000 0.000 0.000 0.000 0.000 0.032 0.032 0.032 0.032 0.032 0.032 0.032 0.032 0.028 0.023 0.019 0.014 0.009 0.005 0.000 0.000 0.000 0.000 0.000 0.000 0.000 0.000 0.000 0.000 0.000 0.000 0.000 0.000
0.000 0.000 0.000 0.000 0.000 0.000 0.000 0.000 0.000 0.000 0.000 0.000 0.000 0.000 0.000 0.000 0.000 0.000 0.000 0.000 0.000 0.000 0.000 0.000 0.000 0.000 0.000 0.000 0.000 0.000 0.000 0.024 0.033 0.042 0.051 0.060 0.063 0.063 0.063 0.063 0.064 0.064 0.064 0.000 0.000 0.000 0.000 0.000 0.000 0.032 0.032 0.032 0.032 0.032 0.032 0.032 0.032 0.032 0.031 0.026 0.021 0.017 0.012 0.007 0.001 0.000 0.000 0.000 0.000 0.000 0.000 0.000 0.000 0.000 0.000 0.000 0.000
0.000 0.000 0.000 0.000 0.000 0.000 0.000 0.000 0.000 0.000 0.000 0.000 0.000 0.000 0.000 0.000 0.000 0.000 0.000 0.000 0.000 0.000 0.000 0.000 0.000 0.000 0.000 0.000 0.000 0.000 0.000 0.026 0.035 0.044 0.053 0.061 0.063 0.063 0.063 0.064 0.064 0.064 0.064 0.000 0.000 0.000 0.000 0.000 0.000 0.032 0.032 0.032 0.032 0.032 0.032 0.032 0.032 0.032 0.032 0.032 0.029 0.024 0.019 0.014 0.010 0.005 0.000 0.000 0.000 0.000 0.000 0.000 0.000 0.000 0.000 0.000 0.000
0.000 0.000 0.000 0.000 0.000 0.000 0.000 0.000 0.000 0.000 0.000 0.000 0.000 0.000 0.000 0.000 0.000 0.000 0.000 0.000 0.000 0.000 0.000 0.000 0.000 0.000 0.000 0.000 0.000 0.000 0.000 0.028 0.037 0.046 0.055 0.063 0.064 0.063 0.064 0.064 0.064 0.064 0.000 0.000 0.000 0.000 0.000 0.000 0.000 0.032 0.032 0.032 0.032 0.032 0.032 0.032 0.032 0.032 0.032 0.032 0.031 0.031 0.026 0.022 0.017 0.012 0.007 0.000 0.000 0.000 0.000 0.000 0.000 0.000 0.000 0.000 0.000
0.000 0.000 0.000 0.000 0.000 0.000 0.000 0.000 0.000 0.000 0.000 0.000 0.000 0.000 0.000 0.000 0.000 0.000 0.000 0.000 0.000 0.000 0.000 0.000 0.000 0.000 0.000 0.000 0.000 0.000 0.022 0.030 0.039 0.048 0.056 0.064 0.064 0.063 0.064 0.064 0.064 0.065 0.000 0.000 0.000 0.000 0.000 0.000 0.032 0.032 0.032 0.032 0.032 0.032 0.032 0.032 0.032 0.032 0.031 0.031 0.031 0.031 0.031 0.029 0.024 0.019 0.014 0.009 0.004 0.000 0.000 0.000 0.000 0.000 0.000 0.000 0.000
0.000 0.000 0.000 0.000 0.000 0.000 0.000 0.000 0.000 0.000 0.000 0.000 0.000 0.000 0.000 0.000 0.000 0.000 0.000 0.000 0.000 0.000 0.000 0.000 0.000 0.000 0.000 0.000 0.000 0.000 0.023 0.031 0.040 0.049 0.057 0.063 0.063 0.063 0.063 0.064 0.064 0.064 0.000 0.000 0.000 0.000 0.000 0.000 0.033 0.033 0.033 0.032 0.032 0.032 0.032 0.032 0.032 0.032 0.031 0.031 0.031 0.031 0.030 0.030 0.030 0.026 0.021 0.016 0.011 0.006 0.000 0.000 0.000 0.000 0.000 0.000 0.000
0.000 0.000 0.000 0.000 0.000 0.000 0.000 0.000 0.000 0.000 0.000 0.000 0.000 0.000 0.000 0.000 0.000 0.000 0.000 0.000 0.000 0.000 0.000 0.000 0.000 0.000 0.000 0.000 0.000 0.000 0.025 0.033 0.042 0.050 0.059 0.063 0.063 0.063 0.063 0.064 0.064 0.000 0.000 0.000 0.000 0.000 0.000 0.000 0.033 0.033 0.033 0.033 0.032 0.032 0.032 0.032 0.032 0.032 0.031 0.031 0.031 0.031 0.030 0.030 0.029 0.029 0.028 0.023 0.018 0.013 0.008 0.002 0.000 0.000 0.000 0.000 0.000
0.000 0.000 0.000 0.000 0.000 0.000 0.000 0.000 0.000 0.000 0.000 0.000 0.000 0.000 0.000 0.000 0.000 0.000 0.000 0.000 0.000 0.000 0.000 0.000 0.000 0.000 0.000 0.000 0.000 0.000 0.026 0.035 0.043 0.051 0.060 0.063 0.063 0.063 0.063 0.063 0.063 0.000 0.000 0.000 0.000 0.000 0.000 0.033 0.033 0.033 0.033 0.033 0.033 0.032 0.032 0.032 0.032 0.032 0.031 0.031 0.031 0.030 0.030 0.030 0.029 0.029 0.028 0.028 0.025 0.020 0.015 0.010 0.005 0.000 0.000 0.000 0.000
0.000 0.000 0.000 0.000 0.000 0.000 0.000 0.000 0.000 0.000 0.000 0.000 0.000 0.000 0.000 0.000 0.000 0.000 0.000 0.000 0.000 0.000 0.000 0.000 0.000 0.000 0.000 0.000 0.012 0.020 0.028 0.036 0.045 0.053 0.062 0.063 0.063 0.063 0.063 0.062 0.062 0.000 0.000 0.000 0.000 0.000 0.000 0.033 0.033 0.033 0.033 0.033 0.033 0.033 0.032 0.032 0.032 0.032 0.031 0.031 0.031 0.030 0.030 0.029 0.029 0.028 0.028 0.027 0.026 0.026 0.022 0.017 0.011 0.006 0.000 0.000 0.000
0.000 0.000 0.000 0.000 0.000 0.000 0.000 0.000 0.000 0.000 0.000 0.000 0.000 0.000 0.000 0.000 0.000 0.000 0.000 0.000 0.000 0.000 0.000 0.000 0.000 0.000 0.000 0.000 0.014 0.021 0.029 0.038 0.046 0.055 0.063 0.063 0.063 0.063 0.063 0.062 0.062 0.000 0.000 0.000 0.000 0.000 0.000 0.033 0.033 0.033 0.033 0.033 0.033 0.033 0.033 0.032 0.032 0.032 0.031 0.031 0.030 0.030 0.030 0.029 0.028 0.028 0.027 0.027 0.026 0.025 0.025 0.023 0.018 0.013 0.007 0.000 0.000
0.000 0.000 0.000 0.000 0.000 0.000 0.000 0.000 0.000 0.000 0.000 0.000 0.000 0.000 0.000 0.000 0.000 0.000 0.000 0.000 0.000 0.000 0.000 0.000 0.000 0.000 0.000 0.000 0.015 0.023 0.031 0.040 0.049 0.057 0.063 0.063 0.063 0.063 0.063 0.063 0.062 0.000 0.000 0.000 0.000 0.000 0.000 0.034 0.034 0.034 0.034 0.033 0.033 0.033 0.033 0.032 0.032 0.032 0.031 0.031 0.030 0.030 0.029 0.029 0.028 0.028 0.027 0.026 0.026 0.025 0.024 0.023 0.022 0.019 0.014 0.008 0.003
0.000 0.000 0.000 0.000 0.000 0.000 0.000 0.000 0.000 0.000 0.000 0.000 0.000 0.000 0.000 0.000 0.000 0.000 0.000 0.000 0.000 0.000 0.000 0.000 0.000 0.000 0.000 0.000 0.016 0.024 0.033 0.042 0.050 0.059 0.063 0.063 0.063 0.063 0.063 0.063 0.063 0.000 0.000 0.000 0.000 0.000 0.034 0.034 0.034 0.034 0.034 0.034 0.033 0.033 0.033 0.032 0.032 0.032 0.031 0.031 0.030 0.030 0.029 0.028 0.028 0.027 0.027 0.026 0.025 0.024 0.023 0.023 0.022 0.021 0.020 0.015 0.009
0.000 0.000 0.000 0.000 0.000 0.000 0.000 0.000 0.000 0.000 0.000 0.000 0.000 0.000 0.000 0.000 0.000 0.000 0.000 0.000 0.000 0.000 0.000 0.000 0.000 0.000 0.000 0.000 0.018 0.026 0.035 0.043 0.052 0.060 0.064 0.064 0.063 0.063 0.063 0.063 0.064 0.000 0.000 0.000 0.000 0.000 0.034 0.034 0.034 0.034 0.034 0.034 0.034 0.033 0.033 0.033 0.032 0.032 0.031 0.030 0.030 0.029 0.029 0.028 0.027 0.027 0.026 0.025 0.025 0.024 0.023 0.022 0.021 0.020 0.019 0.017 0.015
0.000 0.000 0.000 0.000 0.000 0.000 0.000 0.000 0.000 0.000 0.000 0.000 0.000 0.000 0.000 0.000 0.000 0.000 0.000 0.000 0.000 0.000 0.000 0.000 0.000 0.000 0.000 0.011 0.019 0.028 0.036 0.045 0.053 0.062 0.063 0.063 0.063 0.063 0.063 0.063 0.063 0.000 0.000 0.000 0.000 0.000 0.035 0.035 0.035 0.035 0.035 0.034 0.034 0.034 0.033 0.033 0.032 0.031 0.031 0.030 0.030 0.029 0.028 0.028 0.027 0.026 0.026 0.025 0.024 0.023 0.022 0.021 0.020 0.019 0.018 0.016 0.015
0.000 0.000 0.000 0.000 0.000 0.000 0.000 0.000 0.000 0.000 0.000 0.000 0.000 0.000 0.000 0.000 0.000 0.000 0.000 0.000 0.000 0.000 0.000 0.000 0.000 0.000 0.000 0.013 0.021 0.029 0.038 0.046 0.055 0.063 0.063 0.063 0.063 0.063 0.063 0.062 0.062 0.060 0.059 0.000 0.000 0.000 0.000 0.000 0.036 0.036 0.035 0.035 0.034 0.034 0.033 0.033 0.032 0.031 0.031 0.030 0.029 0.029 0.028 0.027 0.027 0.026 0.025 0.024 0.023 0.022 0.021 0.020 0.019 0.018 0.017 0.015 0.014
0.000 0.000 0.000 0.000 0.000 0.000 0.000 0.000 0.000 0.000 0.000 0.000 0.000 0.000 0.000 0.000 0.000 0.000 0.000 0.000 0.000 0.000 0.000 0.000 0.000 0.000 0.000 0.014 0.023 0.031 0.039 0.048 0.056 0.062 0.062 0.063 0.063 0.063 0.063 0.063 0.062 0.060 0.058 0.056 0.054 0.053 0.000 0.040 0.038 0.037 0.036 0.035 0.035 0.034 0.033 0.033 0.032 0.031 0.031 0.030 0.029 0.028 0.028 0.027 0.026 0.025 0.024 0.023 0.022 0.021 0.020 0.019 0.018 0.017 0.015 0.014 0.012
0.000 0.000 0.000 0.000 0.000 0.000 0.000 0.000 0.000 0.000 0.000 0.000 0.000 0.000 0.000 0.000 0.000 0.000 0.000 0.000 0.000 0.000 0.000 0.000 0.000 0.000 0.000 0.016 0.025 0.033 0.041 0.049 0.056 0.060 0.062 0.063 0.063 0.063 0.063 0.063 0.062 0.059 0.058 0.056 0.054 0.051 0.047 0.042 0.040 0.038 0.037 0.036 0.035 0.034 0.034 0.033 0.032 0.031 0.030 0.030 0.029 0.028 0.027 0.026 0.025 0.025 0.024 0.023 0.022 0.020 0.019 0.018 0.017 0.015 0.013 0.012 0.009
0.000 0.000 0.000 0.000 0.000 0.000 0.000 0.000 0.000 0.000 0.000 0.000 0.000 0.000 0.000 0.000 0.000 0.000 0.000 0.000 0.000 0.000 0.000 0.000 0.000 0.000 0.000 0.018 0.026 0.035 0.043 0.050 0.056 0.049 0.060 0.063 0.064 0.064 0.063 0.063 0.000 0.058 0.057 0.055 0.052 0.050 0.046 0.043 0.040 0.038 0.037 0.036 0.035 0.034 0.033 0.033 0.032 0.031 0.030 0.029 0.028 0.028 0.027 0.026 0.025 0.024 0.023 0.022 0.020 0.019 0.018 0.016 0.015 0.013 0.011 0.008 0.007
0.000 0.000 0.000 0.000 0.000 0.000 0.000 0.000 0.000 0.000 0.000 0.000 0.000 0.000 0.000 0.000 0.000 0.000 0.000 0.000 0.000 0.000 0.000 0.000 0.000 0.000 0.000 0.020 0.029 0.037 0.045 0.053 0.060 0.060 0.062 0.063 0.063 0.063 0.063 0.000 0.000 0.000 0.000 0.000 0.051 0.049 0.045 0.042 0.040 0.038 0.037 0.036 0.035 0.034 0.034 0.033 0.032 0.031 0.030 0.029 0.028 0.027 0.026 0.025 0.024 0.023 0.022 0.020 0.019 0.018 0.016 0.014 0.012 0.009 0.009 0.008 0.007
0.000 0.000 0.000 0.000 0.000 0.000 0.000 0.000 0.000 0.000 0.000 0.000 0.000 0.000 0.000 0.000 0.000 0.000 0.000 0.000 0.000 0.000 0.000 0.000 0.000 0.000 0.015 0.022 0.031 0.039 0.047 0.055 0.063 0.063 0.064 0.064 0.064 0.064 0.000 0.000 0.000 0.000 0.000 0.000 0.000 0.000 0.041 0.040 0.039 0.038 0.037 0.036 0.035 0.034 0.033 0.032 0.031 0.030 0.029 0.028 0.027 0.026 0.025 0.024 0.023 0.022 0.020 0.019 0.017 0.015 0.013 0.010 0.009 0.009 0.009 0.008 0.008
0.000 0.000 0.000 0.000 0.000 0.000 0.000 0.000 0.000 0.000 0.000 0.000 0.000 0.000 0.000 0.000 0.000 0.000 0.000 0.000 0.000 0.000 0.000 0.000 0.000 0.000 0.016 0.025 0.033 0.041 0.050 0.058 0.065 0.064 0.065 0.064 0.064 0.064 0.000 0.000 0.000 0.000 0.000 0.000 0.000 0.000 0.040 0.039 0.039 0.038 0.037 0.036 0.035 0.034 0.033 0.032 0.031 0.030 0.029 0.028 0.026 0.025 0.024 0.023 0.021 0.020 0.018 0.017 0.015 0.012 0.010 0.010 0.009 0.009 0.009 0.008 0.008
0.000 0.000 0.000 0.000 0.000 0.000 0.000 0.000 0.000 0.000 0.000 0.000 0.000 0.000 0.000 0.000 0.000 0.000 0.000 0.000 0.000 0.000 0.000 0.000 0.000 0.000 0.018 0.027 0.035 0.044 0.052 0.060 0.065 0.065 0.065 0.066 0.065 0.000 0.000 0.000 0.000 0.000 0.039 0.039 0.039 0.039 0.039 0.039 0.038 0.038 0.037 0.036 0.035 0.034 0.033 0.032 0.030 0.029 0.028 0.027 0.026 0.024 0.023 0.021 0.020 0.018 0.016 0.013 0.011 0.011 0.010 0.010 0.010 0.009 0.009 0.008 0.009
0.000 0.000 0.000 0.000 0.000 0.000 0.000 0.000 0.000 0.000 0.000 0.000 0.000 0.000 0.000 0.000 0.000 0.000 0.000 0.000 0.000 0.000 0.000 0.000 0.000 0.000 0.020 0.028 0.037 0.046 0.054 0.062 0.066 0.066 0.066 0.066 0.066 0.000 0.000 0.000 0.000 0.000 0.000 0.039 0.039 0.039 0.039 0.039 0.038 0.037 0.037 0.036 0.035 0.034 0.032 0.031 0.030 0.029 0.027 0.026 0.024 0.023 0.021 0.019 0.017 0.014 0.011 0.011 0.011 0.011 0.010 0.010 0.010 0.009 0.009 0.009 0.011
0.000 0.000 0.000 0.000 0.000 0.000 0.000 0.000 0.000 0.000 0.000 0.000 0.000 0.000 0.000 0.000 0.000 0.000 0.000 0.000 0.000 0.000 0.000 0.000 0.000 0.000 0.022 0.031 0.039 0.048 0.056 0.064 0.067 0.067 0.066 0.066 0.066 0.000 0.000 0.000 0.000 0.000 0.000 0.000 0.000 0.000 0.039 0.038 0.038 0.037 0.036 0.035 0.034 0.033 0.032 0.031 0.029 0.028 0.026 0.024 0.022 0.021 0.018 0.016 0.013 0.012 0.012 0.012 0.011 0.011 0.011 0.010 0.010 0.009 0.009 0.010 0.012
0.000 0.000 0.000 0.000 0.000 0.000 0.000 0.000 0.000 0.000 0.000 0.000 0.000 0.000 0.000 0.000 0.000 0.000 0.000 0.000 0.000 0.000 0.000 0.000 0.000 0.016 0.024 0.033 0.041 0.050 0.059 0.067 0.067 0.067 0.067 0.067 0.000 0.000 0.000 0.000 0.000 0.000 0.000 0.000 0.000 0.000 0.000 0.000 0.037 0.037 0.036 0.035 0.034 0.033 0.031 0.030 0.028 0.026 0.024 0.022 0.020 0.017 0.014 0.013 0.013 0.012 0.012 0.012 0.011 0.011 0.011 0.010 0.010 0.010 0.010 0.013 0.012
0.000 0.000 0.000 0.000 0.000 0.000 0.000 0.000 0.000 0.000 0.000 0.000 0.000 0.000 0.000 0.000 0.000 0.000 0.000 0.000 0.000 0.000 0.000 0.000 0.000 0.018 0.027 0.035 0.043 0.052 0.061 0.068 0.068 0.068 0.068 0.068 0.000 0.000 0.000 0.000 0.000 0.000 0.000 0.000 0.000 0.000 0.000 0.000 0.000 0.000 0.000 0.034 0.034 0.032 0.030 0.029 0.027 0.024 0.022 0.019 0.016 0.014 0.014 0.013 0.013 0.013 0.012 0.012 0.012 0.011 0.011 0.011 0.010 0.010 0.012 0.015 0.011
0.000 0.000 0.000 0.000 0.000 0.000 0.000 0.000 0.000 0.000 0.000 0.000 0.000 0.000 0.000 0.000 0.000 0.000 0.000 0.000 0.000 0.000 0.000 0.000 0.000 0.020 0.029 0.037 0.045 0.054 0.062 0.068 0.068 0.068 0.069 0.068 0.000 0.000 0.000 0.000 0.000 0.000 0.000 0.000 0.000 0.000 0.000 0.000 0.000 0.000 0.000 0.000 0.000 0.000 0.029 0.028 0.024 0.021 0.017 0.015 0.015 0.014 0.014 0.014 0.013 0.013 0.013 0.012 0.012 0.011 0.011 0.011 0.011 0.012 0.015 0.014 0.010
0.000 0.000 0.000 0.000 0.000 0.000 0.000 0.000 0.000 0.000 0.000 0.000 0.000 0.000 0.000 0.000 0.000 0.000 0.000 0.002 0.004 0.000 0.000 0.000 0.000 0.022 0.031 0.039 0.046 0.055 0.063 0.068 0.068 0.068 0.069 0.068 0.000 0.000 0.000 0.000 0.000 0.000 0.000 0.000 0.000 0.000 0.000 0.000 0.000 0.000 0.000 0.000 0.000 0.000 0.000 0.000 0.017 0.015 0.015 0.015 0.015 0.014 0.014 0.014 0.013 0.013 0.013 0.012 0.012 0.012 0.011 0.011 0.012 0.015 0.019 0.015 0.010
0.000 0.000 0.000 0.000 0.000 0.000 0.000 0.000 0.000 0.000 0.000 0.000 0.000 0.000 0.000 0.000 0.000 0.000 0.000 0.002 0.003 0.005 0.000 0.000 0.000 0.024 0.032 0.040 0.048 0.056 0.065 0.068 0.068 0.069 0.068 0.000 0.000 0.000 0.000 0.000 0.000 0.000 0.000 0.000 0.000 0.000 0.000 0.000 0.000 0.000 0.000 0.000 0.000 0.000 0.000 0.000 0.013 0.014 0.015 0.015 0.015 0.014 0.014 0.014 0.014 0.013 0.013 0.013 0.012 0.012 0.012 0.014 0.017 0.022 0.022 0.017 0.012
0.000 0.000 0.000 0.000 0.000 0.000 0.000 0.000 0.000 0.000 0.000 0.000 0.000 0.000 0.000 0.000 0.000 0.000 0.000 0.002 0.003 0.004 0.005 0.010 0.018 0.025 0.033 0.041 0.050 0.059 0.068 0.068 0.069 0.069 0.068 0.000 0.000 0.000 0.000 0.000 0.000 0.000 0.000 0.000 0.000 0.000 0.000 0.000 0.000 0.000 0.000 0.000 0.000 0.000 0.000 0.000 0.011 0.013 0.014 0.014 0.014 0.014 0.014 0.014 0.014 0.013 0.013 0.013 0.013 0.013 0.015 0.020 0.026 0.032 0.027 0.022 0.017
0.000 0.000 0.000 0.000 0.000 0.000 0.000 0.000 0.000 0.000 0.000 0.000 0.000 0.000 0.000 0.000 0.000 0.000 0.000 0.002 0.003 0.003 0.005 0.011 0.019 0.026 0.035 0.044 0.052 0.061 0.069 0.068 0.068 0.069 0.068 0.000 0.000 0.000 0.000 0.000 0.000 0.000 0.000 0.000 0.000 0.000 0.000 0.000 0.000 0.000 0.000 0.000 0.000 0.000 0.000 0.001 0.010 0.012 0.013 0.014 0.014 0.014 0.014 0.014 0.014 0.014 0.014 0.014 0.014 0.017 0.024 0.032 0.039 0.039 0.034 0.029 0.023
0.000 0.000 0.000 0.000 0.000 0.000 0.000 0.000 0.000 0.000 0.000 0.000 0.000 0.000 0.000 0.000 0.000 0.001 0.001 0.002 0.002 0.003 0.006 0.013 0.020 0.028 0.036 0.045 0.054 0.062 0.068 0.068 0.068 0.068 0.068 0.000 0.000 0.000 0.000 0.000 0.000 0.000 0.000 0.000 0.000 0.000 0.000 0.000 0.000 0.000 0.000 0.000 0.000 0.000 0.000 0.000 0.009 0.011 0.012 0.013 0.014 0.014 0.014 0.014 0.014 0.014 0.014 0.015 0.018 0.025 0.034 0.000 0.000 0.046 0.041 0.036 0.030
0.000 0.000 0.012 0.008 0.003 0.000 0.000 0.000 0.000 0.000 0.000 0.000 0.000 0.000 0.000 0.001 0.001 0.001 0.001 0.001 0.002 0.003 0.007 0.014 0.021 0.030 0.038 0.047 0.056 0.064 0.068 0.069 0.069 0.069 0.000 0.000 0.000 0.000 0.000 0.000 0.000 0.000 0.000 0.000 0.000 0.000 0.000 0.000 0.000 0.000 0.000 0.000 0.000 0.000 0.000 0.000 0.008 0.010 0.011 0.013 0.013 0.014 0.014 0.014 0.015 0.015 0.016 0.018 0.023 0.030 0.000 0.000 0.000 0.000 0.000 0.042 0.037
