数据/LID_BC_50y/LID_BC_res2/LID_BC_133-0001.wd
ncols         694
nrows         824
xllcorner     581104.939801
yllcorner     3495917.092414
cellsize      2.000000
NODATA_value  -9999.000000
[rows 306 to 339 of 824, columns 462 to 538 of 694]
0.090 0.087 0.084 0.082 0.081 0.081 0.081 0.082 0.077 0.070 0.062 0.055 0.048 0.040 0.033 0.026 0.018 0.000 0.006 0.006 0.005 0.004 0.005 0.008 0.012 0.017 0.021 0.024 0.026 0.027 0.026 0.024 0.022 0.019 0.016 0.013 0.010 0.008 0.009 0.000 0.000 0.000 0.000 0.000 0.000 0.000 0.000 0.000 0.000 0.000 0.000 0.000 0.000 0.000 0.027 0.027 0.028 0.033 0.000 0.002 0.002 0.001 0.000 0.000 0.001 0.000 0.000 0.000 0.000 0.000 0.006 0.017 0.028 0.041 0.052 0.053 0.048
0.119 0.100 0.092 0.088 0.087 0.087 0.088 0.088 0.089 0.086 0.078 0.071 0.063 0.055 0.047 0.038 0.029 0.022 0.017 0.013 0.010 0.008 0.007 0.009 0.012 0.015 0.020 0.024 0.026 0.026 0.026 0.024 0.022 0.020 0.017 0.014 0.012 0.014 0.023 0.000 0.000 0.000 0.000 0.000 0.000 0.000 0.000 0.000 0.000 0.000 0.000 0.000 0.000 0.000 0.000 0.000 0.000 0.027 0.026 0.020 0.017 0.015 0.014 0.013 0.017 0.000 0.000 0.000 0.000 0.000 0.021 0.035 0.046 0.048 0.045 0.043 0.041
0.100 0.096 0.094 0.093 0.093 0.094 0.095 0.096 0.096 0.097 0.095 0.087 0.080 0.071 0.062 0.051 0.041 0.034 0.027 0.022 0.017 0.013 0.011 0.011 0.011 0.000 0.019 0.023 0.025 0.026 0.025 0.024 0.023 0.020 0.018 0.016 0.014 0.016 0.000 0.000 0.000 0.000 0.000 0.000 0.000 0.000 0.000 0.000 0.000 0.000 0.000 0.000 0.000 0.000 0.000 0.000 0.000 0.000 0.000 0.015 0.018 0.019 0.016 0.015 0.022 0.000 0.000 0.000 0.000 0.028 0.041 0.045 0.042 0.039 0.037 0.035 0.035
0.094 0.096 0.097 0.099 0.100 0.102 0.103 0.104 0.105 0.104 0.105 0.105 0.097 0.088 0.077 0.065 0.055 0.046 0.038 0.031 0.025 0.020 0.016 0.014 0.013 0.010 0.018 0.022 0.024 0.025 0.025 0.024 0.023 0.021 0.019 0.017 0.016 0.014 0.009 0.006 0.004 0.000 0.000 0.000 0.000 0.000 0.000 0.000 0.000 0.000 0.000 0.000 0.000 0.000 0.000 0.000 0.000 0.000 0.000 0.000 0.000 0.000 0.012 0.016 0.018 0.019 0.000 0.000 0.000 0.040 0.040 0.037 0.035 0.033 0.031 0.030 0.029
0.095 0.099 0.103 0.106 0.109 0.111 0.113 0.114 0.113 0.111 0.112 0.114 0.114 0.105 0.091 0.078 0.067 0.057 0.048 0.040 0.033 0.027 0.022 0.019 0.016 0.015 0.019 0.022 0.024 0.025 0.025 0.025 0.023 0.022 0.020 0.018 0.016 0.014 0.011 0.008 0.006 0.004 0.003 0.000 0.000 0.000 0.000 0.000 0.000 0.000 0.000 0.000 0.000 0.000 0.000 0.000 0.000 0.000 0.000 0.000 0.000 0.000 0.000 0.000 0.013 0.017 0.024 0.045 0.048 0.041 0.037 0.033 0.031 0.028 0.027 0.026 0.027
0.100 0.106 0.111 0.115 0.118 0.121 0.123 0.124 0.123 0.114 0.122 0.123 0.122 0.118 0.104 0.089 0.077 0.066 0.056 0.047 0.040 0.033 0.028 0.024 0.021 0.019 0.021 0.023 0.024 0.025 0.025 0.025 0.024 0.023 0.021 0.019 0.017 0.015 0.012 0.010 0.007 0.005 0.004 0.002 0.002 0.003 0.000 0.000 0.000 0.000 0.000 0.000 0.000 0.000 0.000 0.000 0.000 0.000 0.000 0.000 0.000 0.000 0.000 0.000 0.000 0.000 0.000 0.034 0.037 0.035 0.033 0.030 0.027 0.025 0.024 0.023 0.020
0.109 0.115 0.120 0.125 0.129 0.132 0.135 0.136 0.136 0.134 0.135 0.135 0.125 0.109 0.104 0.096 0.083 0.072 0.062 0.054 0.046 0.040 0.034 0.030 0.027 0.025 0.025 0.025 0.026 0.027 0.027 0.026 0.025 0.024 0.023 0.021 0.019 0.017 0.014 0.012 0.009 0.007 0.006 0.004 0.002 0.003 0.002 0.003 0.000 0.000 0.000 0.000 0.000 0.005 0.000 0.000 0.000 0.000 0.000 0.000 0.000 0.000 0.000 0.000 0.000 0.000 0.039 0.036 0.034 0.032 0.030 0.027 0.025 0.022 0.021 0.022 0.000
0.119 0.126 0.131 0.136 0.141 0.144 0.147 0.143 0.134 0.124 0.114 0.104 0.090 0.070 0.084 0.097 0.086 0.076 0.068 0.060 0.053 0.047 0.042 0.038 0.035 0.033 0.032 0.032 0.032 0.032 0.031 0.031 0.030 0.028 0.027 0.025 0.023 0.020 0.018 0.015 0.013 0.010 0.008 0.000 0.003 0.003 0.003 0.004 0.003 0.003 0.003 0.003 0.006 0.013 0.027 0.048 0.074 0.000 0.000 0.000 0.000 0.000 0.000 0.000 0.000 0.000 0.034 0.034 0.032 0.030 0.027 0.025 0.022 0.020 0.019 0.016 0.000
0.131 0.137 0.138 0.134 0.129 0.124 0.118 0.110 0.102 0.094 0.084 0.072 0.055 0.056 0.050 0.087 0.089 0.081 0.074 0.068 0.062 0.057 0.054 0.051 0.049 0.047 0.046 0.046 0.045 0.044 0.042 0.041 0.039 0.037 0.035 0.033 0.030 0.028 0.025 0.022 0.020 0.017 0.014 0.011 0.009 0.007 0.006 0.006 0.007 0.007 0.010 0.014 0.021 0.030 0.042 0.061 0.083 0.106 0.133 0.000 0.000 0.000 0.000 0.000 0.000 0.042 0.038 0.034 0.031 0.028 0.025 0.022 0.020 0.018 0.019 0.000 0.000
0.110 0.107 0.104 0.100 0.096 0.091 0.085 0.079 0.072 0.064 0.054 0.042 0.033 0.040 0.046 0.073 0.094 0.088 0.083 0.079 0.075 0.073 0.071 0.070 0.069 0.069 0.067 0.066 0.065 0.062 0.060 0.058 0.055 0.052 0.049 0.046 0.044 0.041 0.038 0.035 0.032 0.029 0.027 0.024 0.021 0.018 0.014 0.014 0.017 0.021 0.025 0.031 0.038 0.047 0.059 0.075 0.095 0.118 0.131 0.134 0.138 0.145 0.000 0.000 0.000 0.038 0.036 0.033 0.029 0.026 0.023 0.020 0.017 0.016 0.013 0.000 0.000
0.077 0.075 0.071 0.068 0.064 0.059 0.054 0.048 0.042 0.036 0.028 0.016 0.022 0.028 0.037 0.060 0.092 0.099 0.096 0.095 0.094 0.094 0.094 0.094 0.094 0.094 0.093 0.091 0.089 0.087 0.084 0.080 0.076 0.072 0.068 0.065 0.061 0.058 0.055 0.053 0.050 0.048 0.046 0.044 0.041 0.038 0.034 0.028 0.032 0.037 0.042 0.048 0.055 0.064 0.076 0.090 0.101 0.104 0.107 0.110 0.112 0.114 0.114 0.120 0.000 0.043 0.037 0.032 0.027 0.023 0.020 0.017 0.015 0.015 0.000 0.000 0.000
0.044 0.041 0.039 0.036 0.033 0.029 0.025 0.021 0.016 0.012 0.007 0.008 0.013 0.019 0.028 0.049 0.082 0.114 0.115 0.116 0.117 0.118 0.120 0.121 0.121 0.121 0.120 0.118 0.116 0.113 0.109 0.105 0.100 0.096 0.092 0.087 0.083 0.080 0.076 0.074 0.072 0.070 0.068 0.067 0.065 0.063 0.059 0.053 0.050 0.055 0.060 0.066 0.073 0.082 0.088 0.084 0.082 0.083 0.084 0.085 0.085 0.076 0.085 0.088 0.077 0.056 0.040 0.029 0.023 0.019 0.016 0.013 0.011 0.010 0.000 0.000 0.000
0.013 0.012 0.010 0.009 0.008 0.007 0.005 0.004 0.003 0.002 0.002 0.004 0.007 0.012 0.020 0.039 0.075 0.123 0.138 0.140 0.143 0.146 0.148 0.149 0.149 0.149 0.148 0.146 0.144 0.140 0.136 0.131 0.126 0.121 0.117 0.112 0.108 0.105 0.102 0.099 0.097 0.095 0.094 0.092 0.091 0.089 0.086 0.081 0.072 0.073 0.078 0.084 0.088 0.080 0.073 0.068 0.064 0.062 0.062 0.062 0.060 0.057 0.059 0.060 0.053 0.040 0.000 0.013 0.014 0.012 0.011 0.009 0.009 0.000 0.000 0.000 0.000
0.000 0.000 0.000 0.000 0.000 0.000 0.000 0.000 0.000 0.000 0.001 0.002 0.004 0.007 0.014 0.031 0.072 0.123 0.164 0.167 0.171 0.175 0.177 0.178 0.178 0.178 0.177 0.175 0.172 0.168 0.163 0.156 0.151 0.147 0.143 0.138 0.134 0.131 0.128 0.126 0.124 0.123 0.121 0.120 0.119 0.117 0.114 0.109 0.102 0.091 0.094 0.084 0.074 0.065 0.058 0.051 0.046 0.042 0.040 0.038 0.036 0.033 0.033 0.032 0.029 0.024 0.017 0.012 0.009 0.008 0.006 0.005 0.004 0.011 0.000 0.000 0.000
0.000 0.000 0.000 0.000 0.000 0.000 0.000 0.000 0.000 0.000 0.000 0.001 0.002 0.004 0.009 0.026 0.073 0.125 0.179 0.196 0.200 0.204 0.208 0.208 0.207 0.207 0.206 0.204 0.201 0.197 0.191 0.181 0.177 0.174 0.170 0.164 0.160 0.157 0.154 0.153 0.152 0.151 0.150 0.149 0.148 0.147 0.144 0.140 0.127 0.103 0.100 0.091 0.079 0.069 0.060 0.052 0.045 0.039 0.035 0.030 0.026 0.023 0.020 0.017 0.013 0.010 0.007 0.005 0.004 0.003 0.002 0.001 0.000 0.000 0.000 0.000 0.000
0.000 0.000 0.000 0.000 0.000 0.000 0.000 0.000 0.000 0.000 0.000 0.000 0.001 0.002 0.006 0.026 0.077 0.000 0.181 0.225 0.230 0.234 0.239 0.000 0.000 0.000 0.000 0.000 0.000 0.000 0.000 0.202 0.204 0.202 0.197 0.189 0.186 0.184 0.181 0.180 0.180 0.180 0.179 0.178 0.178 0.169 0.155 0.140 0.121 0.098 0.096 0.098 0.102 0.092 0.082 0.073 0.065 0.058 0.051 0.045 0.040 0.035 0.030 0.025 0.021 0.017 0.013 0.010 0.008 0.006 0.004 0.003 0.002 0.001 0.000 0.000 0.000
0.000 0.000 0.000 0.000 0.000 0.000 0.000 0.000 0.000 0.000 0.000 0.000 0.000 0.006 0.000 0.000 0.079 0.000 0.000 0.242 0.000 0.000 0.000 0.000 0.000 0.000 0.000 0.000 0.000 0.000 0.000 0.000 0.000 0.000 0.000 0.211 0.213 0.212 0.208 0.208 0.209 0.209 0.200 0.188 0.175 0.162 0.148 0.133 0.115 0.091 0.091 0.092 0.095 0.099 0.101 0.092 0.083 0.075 0.068 0.061 0.054 0.048 0.042 0.036 0.031 0.026 0.021 0.017 0.014 0.011 0.008 0.006 0.005 0.003 0.002 0.001 0.000
0.000 0.000 0.000 0.000 0.000 0.000 0.000 0.000 0.000 0.000 0.000 0.000 0.000 0.000 0.000 0.000 0.000 0.000 0.000 0.000 0.000 0.000 0.000 0.000 0.000 0.000 0.000 0.000 0.000 0.000 0.000 0.000 0.000 0.000 0.000 0.000 0.000 0.000 0.233 0.228 0.218 0.206 0.192 0.180 0.168 0.154 0.141 0.125 0.107 0.086 0.085 0.085 0.087 0.090 0.095 0.101 0.100 0.092 0.084 0.076 0.069 0.062 0.055 0.049 0.042 0.037 0.031 0.026 0.021 0.017 0.014 0.011 0.008 0.006 0.005 0.004 0.003
0.000 0.000 0.000 0.000 0.000 0.000 0.000 0.000 0.000 0.000 0.000 0.000 0.000 0.000 0.000 0.000 0.000 0.000 0.000 0.000 0.000 0.000 0.000 0.000 0.000 0.000 0.000 0.000 0.000 0.000 0.000 0.000 0.000 0.000 0.000 0.000 0.000 0.000 0.000 0.000 0.000 0.000 0.181 0.172 0.160 0.145 0.132 0.117 0.098 0.080 0.078 0.078 0.079 0.081 0.085 0.091 0.097 0.104 0.100 0.092 0.084 0.076 0.069 0.062 0.055 0.048 0.042 0.036 0.031 0.026 0.022 0.018 0.015 0.012 0.009 0.008 0.006
0.000 0.000 0.000 0.000 0.000 0.000 0.000 0.000 0.000 0.000 0.000 0.000 0.000 0.000 0.000 0.000 0.000 0.000 0.000 0.000 0.000 0.000 0.000 0.000 0.000 0.000 0.000 0.000 0.000 0.000 0.000 0.000 0.000 0.000 0.000 0.000 0.000 0.000 0.000 0.000 0.000 0.000 0.000 0.000 0.000 0.134 0.124 0.109 0.086 0.071 0.069 0.069 0.070 0.072 0.075 0.080 0.086 0.092 0.099 0.106 0.099 0.091 0.083 0.075 0.068 0.061 0.054 0.048 0.042 0.037 0.032 0.028 0.024 0.021 0.017 0.015 0.012
0.000 0.000 0.000 0.000 0.000 0.000 0.000 0.000 0.000 0.000 0.000 0.000 0.000 0.000 0.000 0.000 0.000 0.000 0.000 0.000 0.000 0.000 0.000 0.000 0.000 0.000 0.000 0.000 0.000 0.000 0.000 0.000 0.000 0.000 0.000 0.000 0.000 0.000 0.000 0.000 0.000 0.000 0.000 0.000 0.000 0.000 0.000 0.000 0.068 0.060 0.057 0.058 0.060 0.063 0.065 0.069 0.075 0.081 0.087 0.094 0.101 0.105 0.097 0.089 0.081 0.074 0.067 0.061 0.055 0.050 0.046 0.042 0.038 0.034 0.030 0.026 0.022
0.000 0.000 0.000 0.000 0.000 0.000 0.000 0.000 0.000 0.000 0.000 0.000 0.000 0.000 0.000 0.000 0.000 0.000 0.000 0.000 0.000 0.000 0.000 0.000 0.000 0.000 0.000 0.000 0.000 0.000 0.000 0.000 0.000 0.000 0.000 0.000 0.000 0.000 0.000 0.000 0.000 0.000 0.000 0.000 0.000 0.000 0.000 0.000 0.000 0.000 0.039 0.047 0.051 0.055 0.054 0.059 0.065 0.071 0.076 0.081 0.087 0.094 0.101 0.103 0.095 0.088 0.081 0.076 0.071 0.067 0.063 0.060 0.056 0.052 0.047 0.042 0.037
0.000 0.000 0.000 0.000 0.000 0.000 0.000 0.000 0.000 0.000 0.000 0.000 0.000 0.000 0.000 0.000 0.000 0.000 0.000 0.000 0.000 0.000 0.000 0.000 0.000 0.000 0.000 0.000 0.000 0.000 0.000 0.000 0.000 0.000 0.000 0.000 0.000 0.000 0.000 0.000 0.000 0.000 0.000 0.000 0.000 0.000 0.000 0.000 0.000 0.000 0.000 0.000 0.000 0.000 0.038 0.049 0.056 0.062 0.063 0.068 0.074 0.081 0.088 0.095 0.103 0.103 0.097 0.093 0.089 0.087 0.084 0.081 0.077 0.073 0.067 0.061 0.054
0.000 0.000 0.000 0.000 0.000 0.000 0.000 0.000 0.000 0.000 0.000 0.000 0.000 0.000 0.000 0.000 0.000 0.000 0.000 0.000 0.000 0.000 0.000 0.000 0.000 0.000 0.000 0.000 0.000 0.000 0.000 0.000 0.000 0.000 0.000 0.000 0.000 0.000 0.000 0.000 0.000 0.000 0.000 0.000 0.000 0.000 0.000 0.000 0.000 0.000 0.000 0.000 0.000 0.000 0.000 0.000 0.000 0.000 0.047 0.053 0.059 0.067 0.074 0.082 0.090 0.100 0.111 0.112 0.110 0.110 0.108 0.105 0.101 0.095 0.087 0.079 0.071
0.000 0.000 0.000 0.000 0.000 0.000 0.000 0.000 0.000 0.000 0.000 0.000 0.000 0.000 0.000 0.000 0.000 0.000 0.000 0.000 0.000 0.000 0.000 0.000 0.000 0.000 0.000 0.000 0.000 0.000 0.000 0.000 0.000 0.000 0.000 0.000 0.000 0.000 0.000 0.000 0.000 0.000 0.000 0.000 0.000 0.000 0.000 0.000 0.000 0.000 0.000 0.000 0.000 0.000 0.000 0.000 0.000 0.000 0.000 0.035 0.044 0.052 0.060 0.068 0.077 0.088 0.101 0.117 0.134 0.135 0.133 0.130 0.125 0.118 0.107 0.097 0.087
0.000 0.000 0.000 0.000 0.000 0.000 0.000 0.000 0.000 0.000 0.000 0.000 0.000 0.000 0.000 0.000 0.000 0.000 0.000 0.000 0.000 0.000 0.000 0.000 0.000 0.000 0.000 0.000 0.000 0.000 0.000 0.000 0.000 0.000 0.000 0.000 0.000 0.000 0.000 0.000 0.000 0.000 0.000 0.000 0.000 0.000 0.000 0.000 0.000 0.000 0.000 0.000 0.000 0.000 0.000 0.000 0.000 0.000 0.000 0.021 0.031 0.039 0.047 0.055 0.065 0.076 0.091 0.110 0.130 0.150 0.159 0.156 0.151 0.142 0.124 0.113 0.101
0.000 0.000 0.000 0.000 0.000 0.000 0.000 0.000 0.000 0.000 0.000 0.000 0.000 0.000 0.000 0.000 0.000 0.000 0.000 0.000 0.000 0.000 0.000 0.000 0.000 0.000 0.000 0.000 0.000 0.000 0.000 0.000 0.000 0.000 0.000 0.000 0.000 0.000 0.000 0.000 0.000 0.000 0.000 0.000 0.000 0.000 0.000 0.000 0.000 0.000 0.000 0.000 0.000 0.000 0.000 0.000 0.000 0.000 0.000 0.011 0.019 0.027 0.034 0.042 0.052 0.065 0.082 0.104 0.127 0.150 0.000 0.000 0.000 0.000 0.132 0.129 0.111
0.000 0.000 0.000 0.000 0.000 0.000 0.000 0.000 0.000 0.000 0.000 0.000 0.000 0.000 0.000 0.000 0.000 0.000 0.000 0.000 0.000 0.000 0.000 0.000 0.000 0.000 0.000 0.000 0.000 0.000 0.000 0.000 0.000 0.000 0.000 0.000 0.000 0.000 0.000 0.000 0.000 0.000 0.000 0.000 0.000 0.000 0.000 0.000 0.000 0.000 0.000 0.000 0.000 0.000 0.000 0.000 0.000 0.000 0.000 0.003 0.009 0.015 0.022 0.030 0.040 0.055 0.075 0.099 0.124 0.000 0.000 0.000 0.000 0.000 0.000 0.000 0.112
0.000 0.000 0.000 0.000 0.000 0.000 0.000 0.000 0.000 0.000 0.000 0.000 0.000 0.000 0.000 0.000 0.000 0.000 0.000 0.000 0.000 0.000 0.000 0.000 0.000 0.000 0.000 0.000 0.000 0.000 0.000 0.000 0.000 0.000 0.000 0.000 0.000 0.000 0.000 0.000 0.000 0.000 0.000 0.000 0.000 0.000 0.000 0.000 0.000 0.000 0.000 0.000 0.000 0.000 0.000 0.000 0.000 0.000 0.000 0.000 0.002 0.005 0.010 0.018 0.029 0.046 0.069 0.096 0.000 0.000 0.000 0.000 0.000 0.000 0.000 0.000 0.000
0.000 0.000 0.000 0.000 0.000 0.000 0.000 0.000 0.000 0.000 0.000 0.000 0.000 0.000 0.000 0.000 0.000 0.000 0.000 0.000 0.000 0.000 0.000 0.000 0.000 0.000 0.000 0.000 0.000 0.000 0.000 0.000 0.000 0.000 0.000 0.000 0.000 0.000 0.000 0.000 0.000 0.000 0.000 0.000 0.000 0.000 0.000 0.000 0.000 0.000 0.000 0.000 0.000 0.000 0.000 0.000 0.000 0.000 0.000 0.000 0.000 0.000 0.002 0.008 0.019 0.037 0.063 0.091 0.000 0.000 0.000 0.000 0.000 0.000 0.000 0.000 0.000
0.000 0.000 0.000 0.000 0.000 0.000 0.000 0.000 0.000 0.000 0.000 0.000 0.000 0.000 0.000 0.000 0.000 0.000 0.000 0.000 0.000 0.000 0.000 0.000 0.000 0.000 0.000 0.000 0.000 0.000 0.000 0.000 0.000 0.000 0.000 0.000 0.000 0.000 0.000 0.000 0.000 0.000 0.000 0.000 0.000 0.000 0.000 0.000 0.000 0.000 0.000 0.000 0.000 0.000 0.000 0.000 0.000 0.000 0.000 0.000 0.000 0.000 0.000 0.001 0.009 0.027 0.056 0.000 0.000 0.000 0.000 0.000 0.000 0.000 0.000 0.000 0.000
0.000 0.000 0.000 0.000 0.000 0.000 0.000 0.000 0.000 0.000 0.000 0.000 0.000 0.000 0.000 0.000 0.000 0.000 0.000 0.000 0.000 0.000 0.000 0.000 0.000 0.000 0.000 0.000 0.000 0.000 0.000 0.000 0.000 0.000 0.000 0.000 0.000 0.000 0.000 0.000 0.000 0.000 0.000 0.000 0.000 0.000 0.000 0.000 0.000 0.000 0.000 0.000 0.000 0.000 0.000 0.000 0.000 0.000 0.000 0.000 0.000 0.000 0.000 0.001 0.006 0.029 0.065 0.000 0.000 0.000 0.000 0.000 0.000 0.000 0.000 0.000 0.000
0.000 0.000 0.000 0.000 0.000 0.000 0.000 0.000 0.000 0.000 0.000 0.000 0.000 0.000 0.000 0.000 0.000 0.000 0.000 0.000 0.000 0.000 0.000 0.000 0.000 0.000 0.000 0.000 0.000 0.000 0.000 0.000 0.000 0.000 0.000 0.000 0.000 0.000 0.000 0.000 0.000 0.000 0.000 0.000 0.000 0.000 0.000 0.000 0.000 0.000 0.000 0.000 0.000 0.000 0.000 0.000 0.000 0.000 0.000 0.000 0.000 0.000 0.000 0.002 0.006 0.029 0.000 0.000 0.000 0.000 0.000 0.000 0.000 0.000 0.000 0.000 0.000
0.000 0.000 0.000 0.000 0.000 0.000 0.000 0.000 0.000 0.000 0.000 0.000 0.000 0.000 0.000 0.000 0.000 0.000 0.000 0.000 0.000 0.000 0.000 0.000 0.000 0.000 0.000 0.000 0.000 0.000 0.000 0.000 0.000 0.000 0.000 0.000 0.000 0.000 0.000 0.000 0.000 0.000 0.000 0.000 0.000 0.000 0.000 0.000 0.000 0.000 0.000 0.000 0.000 0.000 0.000 0.000 0.000 0.000 0.000 0.000 0.000 0.000 0.000 0.002 0.007 0.029 0.000 0.000 0.000 0.000 0.000 0.000 0.000 0.000 0.000 0.000 0.000
