数据/LID_BC_50y/LID_BC_res2/LID_BC_176-0001.wd
ncols         694
nrows         824
xllcorner     581104.939801
yllcorner     3495917.092414
cellsize      2.000000
NODATA_value  -9999.000000
[rows 714 to 747 of 824, columns 154 to 230 of 694]
0.000 0.000 0.000 0.000 0.000 0.000 0.000 0.002 0.003 0.004 0.005 0.006 0.007 0.007 0.008 0.008 0.008 0.008 0.008 0.006 0.001 0.001 0.047 0.044 0.040 0.036 0.031 0.026 0.021 0.016 0.013 0.009 0.000 0.000 0.000 0.000 0.000 0.000 0.000 0.000 0.000 0.000 0.000 0.001 0.001 0.001 0.001 0.001 0.003 0.000 0.000 0.000 0.000 0.000 0.000 0.000 0.000 0.000 0.091 0.102 0.113 0.112 0.090 0.070 0.078 0.004 0.001 0.000 0.000 0.000 0.000 0.000 0.000 0.000 0.000 0.000 0.000
0.000 0.000 0.000 0.000 0.000 0.000 0.002 0.003 0.004 0.005 0.006 0.007 0.008 0.008 0.009 0.009 0.009 0.009 0.009 0.009 0.008 0.007 0.001 0.061 0.059 0.054 0.049 0.043 0.038 0.032 0.027 0.022 0.018 0.014 0.000 0.000 0.000 0.000 0.000 0.000 0.000 0.000 0.001 0.001 0.017 0.026 0.036 0.047 0.057 0.000 0.000 0.000 0.000 0.000 0.000 0.000 0.000 0.000 0.154 0.150 0.126 0.103 0.081 0.072 0.081 0.035 0.001 0.000 0.000 0.000 0.000 0.000 0.000 0.000 0.000 0.000 0.000
0.000 0.000 0.000 0.000 0.000 0.001 0.003 0.004 0.005 0.006 0.007 0.008 0.008 0.009 0.009 0.010 0.010 0.010 0.011 0.011 0.011 0.011 0.010 0.000 0.000 0.073 0.067 0.062 0.056 0.050 0.044 0.038 0.033 0.029 0.025 0.000 0.000 0.000 0.000 0.000 0.000 0.001 0.001 0.014 0.068 0.088 0.099 0.109 0.119 0.000 0.000 0.000 0.000 0.000 0.000 0.000 0.000 0.188 0.164 0.141 0.117 0.094 0.071 0.074 0.083 0.079 0.003 0.001 0.000 0.000 0.000 0.000 0.000 0.000 0.000 0.000 0.000
0.000 0.000 0.000 0.000 0.000 0.002 0.004 0.005 0.006 0.007 0.008 0.008 0.009 0.009 0.010 0.010 0.011 0.011 0.012 0.012 0.013 0.014 0.015 0.016 0.018 0.001 0.086 0.081 0.075 0.068 0.061 0.055 0.050 0.046 0.042 0.038 0.036 0.000 0.000 0.000 0.001 0.001 0.005 0.054 0.111 0.151 0.162 0.172 0.000 0.000 0.000 0.000 0.000 0.000 0.000 0.000 0.000 0.179 0.155 0.131 0.109 0.085 0.068 0.077 0.086 0.095 0.036 0.001 0.000 0.000 0.000 0.000 0.000 0.000 0.000 0.000 0.000
0.000 0.000 0.000 0.000 0.001 0.003 0.005 0.006 0.007 0.007 0.008 0.009 0.009 0.010 0.010 0.011 0.011 0.012 0.013 0.013 0.014 0.016 0.018 0.021 0.028 0.041 0.001 0.100 0.095 0.085 0.078 0.073 0.068 0.064 0.061 0.058 0.055 0.053 0.000 0.010 0.008 0.011 0.041 0.096 0.153 0.209 0.225 0.235 0.000 0.000 0.000 0.000 0.000 0.000 0.000 0.000 0.000 0.170 0.146 0.122 0.100 0.076 0.071 0.080 0.089 0.098 0.082 0.003 0.000 0.000 0.000 0.000 0.000 0.000 0.000 0.000 0.000
0.000 0.000 0.000 0.000 0.001 0.003 0.005 0.006 0.007 0.008 0.008 0.009 0.010 0.010 0.011 0.011 0.012 0.012 0.013 0.014 0.015 0.016 0.018 0.021 0.024 0.028 0.019 0.001 0.000 0.101 0.096 0.091 0.088 0.084 0.081 0.078 0.075 0.072 0.066 0.046 0.046 0.046 0.083 0.139 0.195 0.251 0.288 0.298 0.000 0.000 0.000 0.000 0.000 0.000 0.000 0.000 0.000 0.161 0.137 0.114 0.091 0.066 0.075 0.083 0.092 0.101 0.111 0.040 0.000 0.000 0.000 0.000 0.000 0.000 0.000 0.000 0.000
0.000 0.000 0.000 0.000 0.001 0.003 0.005 0.006 0.007 0.008 0.009 0.009 0.010 0.010 0.011 0.011 0.012 0.013 0.013 0.014 0.015 0.016 0.018 0.019 0.021 0.022 0.017 0.013 0.009 0.000 0.114 0.110 0.107 0.104 0.101 0.098 0.096 0.094 0.091 0.000 0.000 0.071 0.124 0.181 0.237 0.294 0.350 0.361 0.371 0.348 0.000 0.000 0.000 0.000 0.000 0.000 0.177 0.152 0.129 0.104 0.081 0.068 0.077 0.087 0.095 0.105 0.114 0.085 0.000 0.000 0.000 0.000 0.000 0.000 0.000 0.000 0.000
0.000 0.000 0.000 0.000 0.001 0.003 0.005 0.006 0.007 0.008 0.009 0.009 0.010 0.011 0.011 0.012 0.012 0.013 0.013 0.014 0.015 0.016 0.017 0.018 0.018 0.018 0.016 0.014 0.011 0.008 0.001 0.130 0.128 0.124 0.121 0.119 0.117 0.116 0.000 0.000 0.000 0.000 0.166 0.222 0.279 0.335 0.390 0.386 0.363 0.340 0.318 0.294 0.000 0.000 0.000 0.000 0.167 0.143 0.120 0.095 0.071 0.071 0.081 0.090 0.099 0.108 0.118 0.000 0.000 0.000 0.000 0.000 0.000 0.000 0.000 0.000 0.000
0.000 0.000 0.000 0.000 0.001 0.003 0.005 0.006 0.007 0.008 0.009 0.009 0.010 0.011 0.011 0.012 0.012 0.013 0.013 0.014 0.015 0.015 0.016 0.016 0.017 0.016 0.015 0.014 0.012 0.010 0.007 0.000 0.001 0.144 0.141 0.139 0.138 0.000 0.000 0.000 0.000 0.000 0.000 0.264 0.321 0.345 0.366 0.000 0.000 0.331 0.308 0.285 0.261 0.237 0.000 0.000 0.159 0.135 0.110 0.086 0.065 0.074 0.083 0.093 0.103 0.112 0.122 0.000 0.000 0.000 0.000 0.000 0.000 0.000 0.000 0.000 0.000
0.000 0.000 0.000 0.000 0.001 0.003 0.005 0.006 0.007 0.008 0.009 0.009 0.010 0.011 0.011 0.012 0.012 0.013 0.013 0.014 0.014 0.015 0.015 0.015 0.015 0.015 0.014 0.013 0.012 0.010 0.009 0.007 0.005 0.001 0.161 0.158 0.000 0.000 0.000 0.000 0.000 0.000 0.000 0.277 0.299 0.321 0.342 0.000 0.000 0.000 0.000 0.276 0.252 0.227 0.201 0.175 0.150 0.125 0.100 0.076 0.067 0.077 0.087 0.096 0.106 0.116 0.125 0.000 0.000 0.000 0.000 0.000 0.000 0.000 0.000 0.000 0.000
0.000 0.000 0.000 0.000 0.001 0.003 0.005 0.006 0.007 0.008 0.009 0.009 0.010 0.010 0.011 0.011 0.012 0.012 0.013 0.013 0.014 0.014 0.014 0.015 0.015 0.014 0.014 0.013 0.012 0.011 0.010 0.008 0.007 0.005 0.000 0.173 0.165 0.000 0.000 0.000 0.000 0.000 0.000 0.254 0.275 0.297 0.319 0.333 0.000 0.000 0.000 0.000 0.000 0.217 0.191 0.166 0.141 0.117 0.083 0.065 0.071 0.081 0.090 0.100 0.109 0.118 0.000 0.000 0.000 0.000 0.000 0.000 0.000 0.000 0.000 0.000 0.000
0.000 0.000 0.000 0.000 0.001 0.003 0.005 0.006 0.007 0.008 0.009 0.009 0.010 0.010 0.011 0.011 0.012 0.012 0.013 0.013 0.013 0.014 0.014 0.014 0.014 0.013 0.013 0.012 0.012 0.011 0.010 0.009 0.008 0.006 0.004 0.000 0.181 0.179 0.000 0.000 0.000 0.000 0.000 0.000 0.252 0.000 0.000 0.313 0.302 0.000 0.000 0.000 0.000 0.000 0.000 0.156 0.132 0.108 0.080 0.065 0.075 0.084 0.093 0.102 0.112 0.121 0.000 0.000 0.000 0.000 0.000 0.000 0.000 0.000 0.000 0.000 0.000
0.000 0.000 0.000 0.000 0.001 0.003 0.005 0.006 0.007 0.008 0.008 0.009 0.010 0.010 0.011 0.011 0.011 0.012 0.012 0.013 0.013 0.013 0.013 0.013 0.013 0.013 0.012 0.012 0.011 0.011 0.010 0.009 0.008 0.007 0.006 0.004 0.000 0.196 0.213 0.000 0.000 0.000 0.000 0.000 0.000 0.000 0.000 0.000 0.282 0.000 0.000 0.000 0.000 0.000 0.168 0.145 0.121 0.098 0.072 0.068 0.077 0.086 0.095 0.105 0.115 0.125 0.000 0.000 0.000 0.000 0.000 0.000 0.000 0.000 0.000 0.000 0.000
0.000 0.000 0.000 0.000 0.001 0.003 0.005 0.006 0.007 0.007 0.008 0.009 0.009 0.010 0.010 0.011 0.011 0.012 0.012 0.012 0.012 0.013 0.013 0.013 0.013 0.012 0.012 0.011 0.011 0.010 0.010 0.009 0.008 0.007 0.006 0.005 0.003 0.001 0.186 0.203 0.000 0.000 0.000 0.000 0.000 0.000 0.000 0.000 0.262 0.000 0.000 0.000 0.000 0.000 0.158 0.135 0.112 0.088 0.063 0.071 0.080 0.089 0.098 0.107 0.117 0.000 0.000 0.000 0.000 0.000 0.000 0.000 0.000 0.000 0.000 0.000 0.000
0.000 0.000 0.000 0.000 0.000 0.002 0.004 0.005 0.006 0.007 0.008 0.008 0.009 0.010 0.010 0.010 0.011 0.011 0.011 0.012 0.012 0.012 0.012 0.012 0.012 0.012 0.011 0.011 0.011 0.010 0.009 0.009 0.008 0.007 0.006 0.005 0.003 0.001 0.000 0.174 0.190 0.000 0.000 0.000 0.000 0.000 0.000 0.248 0.243 0.000 0.000 0.000 0.000 0.169 0.148 0.126 0.101 0.078 0.065 0.073 0.082 0.091 0.100 0.110 0.118 0.126 0.135 0.000 0.000 0.000 0.000 0.000 0.000 0.000 0.000 0.000 0.000
0.000 0.000 0.000 0.000 0.000 0.001 0.003 0.004 0.005 0.006 0.007 0.008 0.009 0.009 0.010 0.010 0.010 0.011 0.011 0.011 0.011 0.012 0.012 0.012 0.011 0.011 0.011 0.011 0.010 0.010 0.009 0.008 0.008 0.007 0.006 0.005 0.003 0.001 0.000 0.000 0.160 0.175 0.000 0.000 0.000 0.000 0.000 0.000 0.000 0.000 0.000 0.000 0.000 0.148 0.136 0.116 0.092 0.068 0.068 0.077 0.086 0.095 0.104 0.112 0.121 0.130 0.138 0.145 0.153 0.000 0.000 0.000 0.000 0.000 0.000 0.000 0.000
0.000 0.000 0.000 0.000 0.000 0.000 0.002 0.003 0.004 0.005 0.006 0.007 0.008 0.009 0.009 0.010 0.010 0.010 0.011 0.011 0.011 0.011 0.011 0.011 0.011 0.011 0.011 0.010 0.010 0.009 0.009 0.008 0.007 0.007 0.006 0.005 0.003 0.001 0.000 0.000 0.000 0.143 0.154 0.172 0.000 0.000 0.000 0.000 0.000 0.000 0.000 0.000 0.141 0.128 0.116 0.103 0.082 0.062 0.071 0.081 0.089 0.098 0.106 0.116 0.124 0.133 0.141 0.148 0.156 0.164 0.172 0.000 0.000 0.000 0.000 0.000 0.000
0.000 0.000 0.000 0.000 0.000 0.000 0.000 0.002 0.003 0.004 0.005 0.006 0.007 0.008 0.009 0.009 0.010 0.010 0.010 0.010 0.010 0.011 0.011 0.011 0.010 0.010 0.010 0.010 0.009 0.009 0.008 0.008 0.007 0.006 0.005 0.004 0.002 0.000 0.000 0.000 0.000 0.000 0.127 0.145 0.163 0.000 0.000 0.000 0.000 0.000 0.000 0.000 0.121 0.108 0.097 0.084 0.072 0.066 0.074 0.083 0.092 0.101 0.109 0.119 0.128 0.136 0.145 0.152 0.159 0.167 0.175 0.184 0.135 0.000 0.000 0.000 0.000
0.000 0.000 0.000 0.000 0.000 0.000 0.000 0.000 0.002 0.003 0.004 0.005 0.006 0.007 0.008 0.009 0.009 0.009 0.010 0.010 0.010 0.010 0.010 0.010 0.010 0.010 0.010 0.009 0.009 0.008 0.008 0.007 0.006 0.005 0.004 0.003 0.001 0.000 0.000 0.000 0.000 0.000 0.000 0.119 0.136 0.153 0.000 0.000 0.000 0.000 0.000 0.115 0.102 0.089 0.077 0.064 0.062 0.066 0.076 0.085 0.095 0.105 0.114 0.123 0.132 0.000 0.000 0.000 0.161 0.170 0.178 0.187 0.180 0.093 0.025 0.000 0.000
0.000 0.000 0.000 0.000 0.000 0.000 0.000 0.000 0.000 0.002 0.003 0.004 0.005 0.006 0.007 0.008 0.008 0.009 0.009 0.009 0.009 0.009 0.010 0.009 0.009 0.009 0.009 0.009 0.008 0.008 0.007 0.006 0.005 0.004 0.003 0.002 0.000 0.000 0.000 0.000 0.000 0.000 0.000 0.000 0.108 0.125 0.143 0.000 0.000 0.000 0.000 0.095 0.083 0.070 0.062 0.062 0.062 0.064 0.074 0.084 0.094 0.104 0.113 0.123 0.133 0.000 0.000 0.000 0.000 0.000 0.181 0.190 0.199 0.137 0.095 0.056 0.000
0.000 0.000 0.000 0.000 0.000 0.000 0.000 0.000 0.000 0.000 0.002 0.003 0.004 0.005 0.006 0.007 0.008 0.008 0.008 0.009 0.009 0.009 0.009 0.009 0.009 0.009 0.008 0.008 0.008 0.007 0.006 0.005 0.004 0.003 0.002 0.000 0.000 0.000 0.000 0.000 0.000 0.000 0.000 0.000 0.084 0.100 0.115 0.131 0.000 0.108 0.094 0.078 0.063 0.063 0.062 0.061 0.061 0.061 0.071 0.081 0.092 0.101 0.111 0.121 0.000 0.000 0.000 0.000 0.000 0.000 0.000 0.190 0.200 0.205 0.166 0.127 0.000
0.000 0.000 0.000 0.000 0.000 0.000 0.000 0.000 0.000 0.000 0.000 0.002 0.003 0.004 0.005 0.006 0.007 0.007 0.008 0.008 0.008 0.008 0.008 0.008 0.008 0.008 0.008 0.007 0.007 0.006 0.005 0.004 0.003 0.002 0.000 0.000 0.000 0.000 0.000 0.000 0.000 0.000 0.000 0.000 0.000 0.074 0.088 0.101 0.111 0.092 0.075 0.066 0.064 0.063 0.062 0.061 0.061 0.060 0.069 0.079 0.089 0.099 0.109 0.000 0.000 0.000 0.000 0.000 0.000 0.000 0.000 0.000 0.000 0.211 0.206 0.196 0.156
0.000 0.000 0.000 0.000 0.000 0.000 0.000 0.000 0.000 0.000 0.000 0.000 0.002 0.003 0.004 0.005 0.006 0.007 0.007 0.007 0.007 0.007 0.007 0.007 0.007 0.007 0.007 0.007 0.006 0.005 0.004 0.003 0.002 0.000 0.000 0.000 0.000 0.000 0.000 0.000 0.000 0.000 0.000 0.000 0.000 0.000 0.062 0.074 0.085 0.074 0.070 0.066 0.064 0.063 0.062 0.062 0.061 0.061 0.067 0.078 0.088 0.098 0.107 0.000 0.000 0.000 0.000 0.000 0.000 0.000 0.000 0.000 0.000 0.000 0.000 0.205 0.200
0.000 0.000 0.000 0.000 0.000 0.000 0.000 0.000 0.000 0.000 0.000 0.000 0.000 0.002 0.003 0.004 0.005 0.006 0.006 0.006 0.006 0.006 0.006 0.006 0.006 0.006 0.006 0.006 0.005 0.004 0.003 0.002 0.000 0.000 0.000 0.000 0.000 0.000 0.000 0.000 0.000 0.000 0.000 0.000 0.000 0.000 0.000 0.048 0.061 0.071 0.068 0.066 0.064 0.063 0.062 0.062 0.062 0.062 0.066 0.076 0.087 0.096 0.000 0.000 0.000 0.000 0.000 0.000 0.000 0.000 0.000 0.000 0.000 0.000 0.000 0.000 0.000
0.000 0.000 0.000 0.000 0.000 0.000 0.000 0.000 0.000 0.000 0.000 0.000 0.000 0.000 0.002 0.003 0.004 0.005 0.005 0.005 0.005 0.005 0.005 0.005 0.005 0.005 0.005 0.005 0.004 0.003 0.002 0.000 0.000 0.000 0.000 0.000 0.000 0.000 0.000 0.000 0.000 0.000 0.000 0.000 0.000 0.000 0.000 0.000 0.036 0.052 0.066 0.064 0.063 0.063 0.062 0.061 0.061 0.061 0.064 0.075 0.085 0.095 0.000 0.000 0.000 0.000 0.000 0.000 0.000 0.000 0.000 0.000 0.000 0.000 0.000 0.000 0.000
0.000 0.000 0.000 0.000 0.000 0.000 0.000 0.000 0.000 0.000 0.000 0.000 0.000 0.000 0.000 0.001 0.002 0.003 0.003 0.003 0.003 0.003 0.003 0.003 0.003 0.003 0.003 0.003 0.002 0.001 0.000 0.000 0.000 0.000 0.000 0.000 0.000 0.000 0.000 0.000 0.000 0.000 0.000 0.000 0.000 0.000 0.000 0.000 0.000 0.000 0.048 0.063 0.062 0.062 0.061 0.061 0.061 0.061 0.062 0.072 0.083 0.000 0.000 0.000 0.000 0.000 0.000 0.000 0.000 0.000 0.000 0.000 0.000 0.000 0.000 0.000 0.000
0.000 0.000 0.000 0.000 0.000 0.000 0.000 0.000 0.000 0.000 0.000 0.000 0.000 0.000 0.000 0.000 0.000 0.001 0.001 0.001 0.001 0.001 0.001 0.001 0.001 0.001 0.001 0.001 0.000 0.000 0.000 0.000 0.000 0.000 0.000 0.000 0.000 0.000 0.000 0.000 0.000 0.000 0.000 0.000 0.000 0.000 0.000 0.000 0.000 0.000 0.027 0.048 0.062 0.061 0.060 0.060 0.060 0.059 0.060 0.070 0.080 0.000 0.000 0.000 0.000 0.000 0.000 0.000 0.000 0.000 0.000 0.000 0.000 0.000 0.000 0.000 0.000
0.000 0.000 0.000 0.000 0.000 0.000 0.000 0.000 0.000 0.000 0.000 0.000 0.000 0.000 0.000 0.000 0.000 0.000 0.000 0.000 0.000 0.000 0.000 0.000 0.000 0.000 0.000 0.000 0.000 0.000 0.000 0.000 0.000 0.000 0.000 0.000 0.000 0.000 0.000 0.000 0.000 0.000 0.000 0.000 0.000 0.000 0.000 0.000 0.000 0.000 0.007 0.027 0.047 0.060 0.059 0.058 0.058 0.058 0.058 0.067 0.000 0.000 0.000 0.000 0.000 0.000 0.000 0.000 0.000 0.000 0.000 0.000 0.000 0.000 0.000 0.000 0.000
0.000 0.000 0.000 0.000 0.000 0.000 0.000 0.000 0.000 0.000 0.000 0.000 0.000 0.000 0.000 0.000 0.000 0.000 0.000 0.000 0.000 0.000 0.000 0.000 0.000 0.000 0.000 0.000 0.000 0.000 0.000 0.000 0.000 0.000 0.000 0.000 0.000 0.000 0.000 0.000 0.000 0.000 0.000 0.000 0.000 0.000 0.000 0.000 0.000 0.000 0.000 0.006 0.025 0.045 0.058 0.056 0.055 0.055 0.054 0.000 0.000 0.000 0.000 0.000 0.000 0.000 0.000 0.000 0.000 0.000 0.000 0.000 0.000 0.000 0.000 0.000 0.000
0.000 0.000 0.000 0.000 0.000 0.000 0.000 0.000 0.000 0.000 0.000 0.000 0.000 0.000 0.000 0.000 0.000 0.000 0.000 0.000 0.000 0.000 0.000 0.000 0.000 0.000 0.000 0.000 0.000 0.000 0.000 0.000 0.000 0.000 0.000 0.000 0.000 0.000 0.000 0.000 0.000 0.000 0.000 0.000 0.000 0.000 0.000 0.000 0.000 0.000 0.000 0.001 0.004 0.023 0.042 0.054 0.052 0.050 0.048 0.046 0.000 0.000 0.000 0.000 0.000 0.000 0.000 0.000 0.000 0.000 0.000 0.000 0.000 0.000 0.000 0.000 0.000
0.000 0.000 0.000 0.000 0.000 0.000 0.000 0.000 0.000 0.000 0.000 0.000 0.000 0.000 0.000 0.000 0.000 0.000 0.000 0.000 0.000 0.000 0.000 0.000 0.000 0.000 0.000 0.000 0.000 0.000 0.000 0.000 0.000 0.000 0.000 0.000 0.000 0.000 0.000 0.000 0.000 0.000 0.000 0.000 0.000 0.000 0.000 0.000 0.000 0.000 0.000 0.001 0.001 0.002 0.019 0.038 0.049 0.046 0.042 0.038 0.040 0.000 0.000 0.000 0.000 0.000 0.000 0.000 0.000 0.000 0.000 0.000 0.000 0.000 0.000 0.000 0.000
0.000 0.000 0.000 0.000 0.000 0.000 0.000 0.000 0.000 0.000 0.000 0.000 0.000 0.000 0.000 0.000 0.000 0.000 0.000 0.000 0.000 0.000 0.000 0.000 0.000 0.000 0.000 0.000 0.000 0.000 0.000 0.000 0.000 0.000 0.000 0.000 0.000 0.000 0.000 0.000 0.000 0.000 0.000 0.000 0.000 0.000 0.000 0.000 0.000 0.000 0.000 0.001 0.001 0.001 0.001 0.012 0.032 0.042 0.037 0.032 0.032 0.029 0.030 0.000 0.000 0.000 0.000 0.000 0.000 0.000 0.000 0.000 0.000 0.000 0.000 0.000 0.000
0.000 0.000 0.000 0.000 0.000 0.000 0.000 0.000 0.000 0.000 0.000 0.000 0.000 0.000 0.000 0.000 0.000 0.000 0.000 0.000 0.000 0.000 0.000 0.000 0.000 0.000 0.000 0.000 0.000 0.000 0.000 0.000 0.000 0.000 0.000 0.000 0.000 0.000 0.000 0.000 0.000 0.000 0.000 0.000 0.000 0.000 0.000 0.000 0.000 0.000 0.000 0.000 0.001 0.001 0.001 0.001 0.005 0.024 0.032 0.026 0.025 0.022 0.024 0.028 0.000 0.000 0.000 0.000 0.000 0.000 0.000 0.000 0.000 0.000 0.000 0.000 0.000
0.000 0.000 0.000 0.000 0.000 0.000 0.000 0.000 0.000 0.000 0.000 0.000 0.000 0.000 0.000 0.000 0.000 0.000 0.000 0.000 0.000 0.000 0.000 0.000 0.000 0.000 0.000 0.000 0.000 0.000 0.000 0.000 0.000 0.000 0.000 0.000 0.000 0.000 0.000 0.000 0.000 0.000 0.000 0.000 0.000 0.000 0.000 0.000 0.000 0.000 0.000 0.000 0.000 0.001 0.001 0.001 0.001 0.002 0.014 0.021 0.017 0.017 0.020 0.023 0.026 0.000 0.000 0.000 0.000 0.000 0.000 0.000 0.000 0.000 0.000 0.000 0.000
