数据/LID_BC_50y/LID_BC_res2/LID_BC_158-0001.wd
ncols         694
nrows         824
xllcorner     581104.939801
yllcorner     3495917.092414
cellsize      2.000000
NODATA_value  -9999.000000
[rows 714 to 747 of 824, columns 154 to 230 of 694]
0.000 0.000 0.000 0.000 0.000 0.000 0.000 0.002 0.003 0.004 0.005 0.006 0.007 0.008 0.008 0.009 0.009 0.009 0.009 0.007 0.000 0.001 0.071 0.069 0.066 0.062 0.057 0.052 0.046 0.041 0.035 0.031 0.000 0.000 0.000 0.000 0.000 0.000 0.000 0.000 0.000 0.000 0.000 0.002 0.014 0.022 0.030 0.039 0.049 0.000 0.000 0.000 0.000 0.000 0.000 0.000 0.000 0.000 0.146 0.156 0.167 0.167 0.143 0.123 0.132 0.048 0.001 0.000 0.000 0.000 0.000 0.000 0.000 0.000 0.000 0.000 0.000
0.000 0.000 0.000 0.000 0.000 0.000 0.002 0.003 0.004 0.005 0.006 0.007 0.008 0.009 0.009 0.010 0.010 0.011 0.011 0.011 0.010 0.009 0.001 0.088 0.086 0.082 0.078 0.072 0.066 0.059 0.053 0.047 0.041 0.037 0.000 0.000 0.000 0.000 0.000 0.000 0.000 0.000 0.001 0.027 0.072 0.083 0.093 0.103 0.114 0.000 0.000 0.000 0.000 0.000 0.000 0.000 0.000 0.000 0.208 0.204 0.179 0.156 0.134 0.125 0.135 0.088 0.008 0.000 0.000 0.000 0.000 0.000 0.000 0.000 0.000 0.000 0.000
0.000 0.000 0.000 0.000 0.000 0.001 0.003 0.004 0.005 0.006 0.007 0.008 0.009 0.009 0.010 0.011 0.011 0.012 0.013 0.013 0.014 0.014 0.013 0.001 0.000 0.102 0.097 0.091 0.085 0.078 0.072 0.065 0.060 0.055 0.051 0.000 0.000 0.000 0.000 0.000 0.000 0.001 0.016 0.071 0.127 0.146 0.155 0.166 0.177 0.000 0.000 0.000 0.000 0.000 0.000 0.000 0.000 0.242 0.217 0.194 0.171 0.146 0.124 0.127 0.137 0.134 0.047 0.001 0.000 0.000 0.000 0.000 0.000 0.000 0.000 0.000 0.000
0.000 0.000 0.000 0.000 0.000 0.002 0.004 0.005 0.006 0.007 0.008 0.009 0.009 0.010 0.011 0.012 0.012 0.013 0.014 0.015 0.016 0.018 0.019 0.021 0.025 0.001 0.117 0.111 0.104 0.097 0.090 0.083 0.078 0.074 0.069 0.065 0.062 0.000 0.000 0.000 0.001 0.008 0.056 0.113 0.168 0.208 0.218 0.229 0.000 0.000 0.000 0.000 0.000 0.000 0.000 0.000 0.000 0.232 0.208 0.184 0.163 0.137 0.121 0.130 0.139 0.149 0.090 0.009 0.000 0.000 0.000 0.000 0.000 0.000 0.000 0.000 0.000
0.000 0.000 0.000 0.000 0.001 0.003 0.005 0.006 0.007 0.008 0.008 0.009 0.010 0.011 0.011 0.012 0.013 0.014 0.015 0.016 0.018 0.020 0.024 0.029 0.039 0.057 0.001 0.129 0.124 0.115 0.107 0.102 0.097 0.093 0.089 0.086 0.083 0.080 0.000 0.028 0.027 0.049 0.099 0.155 0.210 0.266 0.281 0.291 0.000 0.000 0.000 0.000 0.000 0.000 0.000 0.000 0.000 0.224 0.200 0.176 0.152 0.128 0.124 0.134 0.142 0.152 0.137 0.051 0.000 0.000 0.000 0.000 0.000 0.000 0.000 0.000 0.000
0.000 0.000 0.000 0.000 0.001 0.003 0.005 0.006 0.007 0.008 0.009 0.010 0.010 0.011 0.012 0.013 0.014 0.015 0.016 0.017 0.019 0.021 0.024 0.028 0.033 0.039 0.026 0.001 0.000 0.130 0.125 0.121 0.117 0.113 0.110 0.106 0.103 0.100 0.093 0.067 0.072 0.091 0.142 0.197 0.253 0.309 0.345 0.355 0.000 0.000 0.000 0.000 0.000 0.000 0.000 0.000 0.000 0.214 0.191 0.167 0.143 0.119 0.128 0.138 0.146 0.156 0.166 0.094 0.000 0.000 0.000 0.000 0.000 0.000 0.000 0.000 0.000
0.000 0.000 0.000 0.000 0.001 0.003 0.005 0.006 0.007 0.008 0.009 0.010 0.011 0.011 0.012 0.013 0.014 0.015 0.016 0.017 0.019 0.021 0.023 0.026 0.028 0.030 0.024 0.017 0.011 0.001 0.143 0.140 0.137 0.133 0.130 0.127 0.124 0.122 0.119 0.000 0.000 0.129 0.184 0.239 0.295 0.351 0.408 0.419 0.430 0.407 0.000 0.000 0.000 0.000 0.000 0.000 0.228 0.205 0.182 0.156 0.133 0.123 0.132 0.140 0.148 0.158 0.168 0.139 0.000 0.000 0.000 0.000 0.000 0.000 0.000 0.000 0.000
0.000 0.000 0.000 0.000 0.001 0.003 0.005 0.006 0.007 0.008 0.009 0.010 0.011 0.011 0.012 0.013 0.014 0.015 0.016 0.017 0.019 0.020 0.022 0.023 0.025 0.025 0.021 0.018 0.014 0.010 0.000 0.160 0.157 0.153 0.150 0.148 0.145 0.144 0.000 0.000 0.000 0.000 0.226 0.281 0.337 0.393 0.448 0.445 0.421 0.398 0.373 0.350 0.000 0.000 0.000 0.000 0.219 0.195 0.172 0.148 0.125 0.126 0.135 0.143 0.152 0.161 0.171 0.000 0.000 0.000 0.000 0.000 0.000 0.000 0.000 0.000 0.000
0.000 0.000 0.000 0.000 0.001 0.003 0.005 0.006 0.007 0.008 0.009 0.010 0.011 0.011 0.012 0.013 0.014 0.015 0.016 0.017 0.018 0.019 0.020 0.021 0.022 0.021 0.020 0.017 0.015 0.012 0.008 0.000 0.000 0.173 0.170 0.168 0.167 0.000 0.000 0.000 0.000 0.000 0.000 0.324 0.380 0.403 0.424 0.000 0.000 0.388 0.365 0.341 0.317 0.293 0.000 0.000 0.211 0.187 0.163 0.138 0.119 0.129 0.137 0.144 0.154 0.164 0.174 0.000 0.000 0.000 0.000 0.000 0.000 0.000 0.000 0.000 0.000
0.000 0.000 0.000 0.000 0.001 0.003 0.005 0.006 0.007 0.008 0.009 0.010 0.011 0.011 0.012 0.013 0.014 0.015 0.015 0.016 0.017 0.018 0.019 0.020 0.020 0.019 0.018 0.016 0.015 0.013 0.010 0.008 0.006 0.001 0.191 0.186 0.000 0.000 0.000 0.000 0.000 0.000 0.000 0.337 0.358 0.380 0.402 0.000 0.000 0.000 0.000 0.332 0.309 0.283 0.256 0.229 0.203 0.177 0.154 0.130 0.121 0.131 0.140 0.148 0.157 0.167 0.177 0.000 0.000 0.000 0.000 0.000 0.000 0.000 0.000 0.000 0.000
0.000 0.000 0.000 0.000 0.001 0.003 0.005 0.006 0.007 0.008 0.009 0.010 0.011 0.011 0.012 0.013 0.013 0.014 0.015 0.016 0.016 0.017 0.018 0.018 0.018 0.018 0.017 0.016 0.014 0.013 0.011 0.009 0.008 0.005 0.000 0.202 0.194 0.000 0.000 0.000 0.000 0.000 0.000 0.313 0.335 0.357 0.378 0.391 0.000 0.000 0.000 0.000 0.000 0.273 0.247 0.219 0.193 0.168 0.139 0.119 0.122 0.133 0.142 0.150 0.160 0.170 0.000 0.000 0.000 0.000 0.000 0.000 0.000 0.000 0.000 0.000 0.000
0.000 0.000 0.000 0.000 0.001 0.003 0.005 0.006 0.007 0.008 0.009 0.010 0.010 0.011 0.012 0.012 0.013 0.014 0.014 0.015 0.016 0.016 0.017 0.017 0.017 0.016 0.016 0.015 0.014 0.012 0.011 0.010 0.008 0.007 0.005 0.000 0.209 0.206 0.000 0.000 0.000 0.000 0.000 0.000 0.314 0.000 0.000 0.370 0.357 0.000 0.000 0.000 0.000 0.000 0.000 0.205 0.180 0.156 0.131 0.117 0.126 0.135 0.144 0.154 0.163 0.172 0.000 0.000 0.000 0.000 0.000 0.000 0.000 0.000 0.000 0.000 0.000
0.000 0.000 0.000 0.000 0.001 0.003 0.005 0.006 0.007 0.008 0.009 0.009 0.010 0.011 0.011 0.012 0.013 0.013 0.014 0.014 0.015 0.015 0.016 0.016 0.016 0.015 0.015 0.014 0.013 0.012 0.011 0.010 0.009 0.008 0.006 0.004 0.000 0.224 0.240 0.000 0.000 0.000 0.000 0.000 0.000 0.000 0.000 0.000 0.336 0.000 0.000 0.000 0.000 0.000 0.217 0.193 0.170 0.145 0.122 0.121 0.127 0.135 0.145 0.155 0.165 0.176 0.000 0.000 0.000 0.000 0.000 0.000 0.000 0.000 0.000 0.000 0.000
0.000 0.000 0.000 0.000 0.001 0.003 0.005 0.006 0.007 0.008 0.008 0.009 0.010 0.010 0.011 0.012 0.012 0.013 0.013 0.014 0.014 0.014 0.015 0.015 0.015 0.014 0.014 0.013 0.013 0.012 0.011 0.010 0.009 0.008 0.006 0.005 0.003 0.001 0.213 0.229 0.000 0.000 0.000 0.000 0.000 0.000 0.000 0.000 0.315 0.000 0.000 0.000 0.000 0.000 0.208 0.183 0.160 0.136 0.112 0.121 0.129 0.139 0.148 0.157 0.166 0.000 0.000 0.000 0.000 0.000 0.000 0.000 0.000 0.000 0.000 0.000 0.000
0.000 0.000 0.000 0.000 0.000 0.002 0.004 0.005 0.006 0.007 0.008 0.009 0.009 0.010 0.011 0.011 0.012 0.012 0.013 0.013 0.013 0.014 0.014 0.014 0.014 0.014 0.013 0.013 0.012 0.011 0.010 0.010 0.009 0.008 0.006 0.005 0.003 0.001 0.000 0.199 0.214 0.000 0.000 0.000 0.000 0.000 0.000 0.301 0.295 0.000 0.000 0.000 0.000 0.216 0.196 0.173 0.150 0.126 0.114 0.122 0.131 0.142 0.150 0.157 0.165 0.172 0.182 0.000 0.000 0.000 0.000 0.000 0.000 0.000 0.000 0.000 0.000
0.000 0.000 0.000 0.000 0.000 0.001 0.003 0.004 0.005 0.006 0.007 0.008 0.009 0.010 0.010 0.011 0.011 0.012 0.012 0.012 0.013 0.013 0.013 0.013 0.013 0.013 0.012 0.012 0.011 0.011 0.010 0.009 0.008 0.007 0.006 0.005 0.003 0.001 0.000 0.000 0.184 0.198 0.000 0.000 0.000 0.000 0.000 0.000 0.000 0.000 0.000 0.000 0.000 0.196 0.184 0.164 0.140 0.116 0.115 0.123 0.134 0.144 0.152 0.160 0.168 0.176 0.184 0.191 0.200 0.000 0.000 0.000 0.000 0.000 0.000 0.000 0.000
0.000 0.000 0.000 0.000 0.000 0.000 0.002 0.003 0.004 0.005 0.006 0.007 0.008 0.009 0.010 0.010 0.011 0.011 0.011 0.012 0.012 0.012 0.012 0.012 0.012 0.012 0.012 0.011 0.011 0.010 0.009 0.009 0.008 0.007 0.006 0.005 0.003 0.001 0.000 0.000 0.000 0.166 0.177 0.196 0.000 0.000 0.000 0.000 0.000 0.000 0.000 0.000 0.187 0.174 0.163 0.150 0.130 0.110 0.119 0.127 0.137 0.146 0.155 0.164 0.171 0.179 0.187 0.195 0.203 0.212 0.221 0.000 0.000 0.000 0.000 0.000 0.000
0.000 0.000 0.000 0.000 0.000 0.000 0.000 0.002 0.003 0.004 0.005 0.006 0.007 0.008 0.009 0.010 0.010 0.010 0.011 0.011 0.011 0.011 0.012 0.012 0.011 0.011 0.011 0.011 0.010 0.010 0.009 0.008 0.007 0.006 0.005 0.004 0.002 0.000 0.000 0.000 0.000 0.000 0.151 0.169 0.187 0.000 0.000 0.000 0.000 0.000 0.000 0.000 0.167 0.155 0.144 0.129 0.118 0.112 0.120 0.129 0.138 0.148 0.158 0.167 0.174 0.182 0.192 0.199 0.206 0.214 0.223 0.230 0.181 0.000 0.000 0.000 0.000
0.000 0.000 0.000 0.000 0.000 0.000 0.000 0.000 0.002 0.003 0.004 0.005 0.006 0.007 0.008 0.009 0.009 0.010 0.010 0.010 0.011 0.011 0.011 0.011 0.011 0.011 0.010 0.010 0.009 0.009 0.008 0.007 0.006 0.005 0.004 0.003 0.001 0.000 0.000 0.000 0.000 0.000 0.000 0.143 0.159 0.177 0.000 0.000 0.000 0.000 0.000 0.160 0.146 0.135 0.122 0.110 0.107 0.111 0.121 0.131 0.141 0.152 0.162 0.169 0.178 0.000 0.000 0.000 0.208 0.218 0.226 0.233 0.225 0.138 0.071 0.000 0.000
0.000 0.000 0.000 0.000 0.000 0.000 0.000 0.000 0.000 0.002 0.003 0.004 0.005 0.006 0.007 0.008 0.009 0.009 0.009 0.010 0.010 0.010 0.010 0.010 0.010 0.010 0.010 0.009 0.009 0.008 0.007 0.006 0.005 0.004 0.003 0.002 0.000 0.000 0.000 0.000 0.000 0.000 0.000 0.000 0.132 0.150 0.168 0.000 0.000 0.000 0.000 0.140 0.126 0.115 0.106 0.107 0.107 0.109 0.120 0.130 0.140 0.150 0.159 0.168 0.180 0.000 0.000 0.000 0.000 0.000 0.228 0.236 0.245 0.182 0.142 0.102 0.000
0.000 0.000 0.000 0.000 0.000 0.000 0.000 0.000 0.000 0.000 0.002 0.003 0.004 0.005 0.006 0.007 0.008 0.008 0.009 0.009 0.009 0.009 0.009 0.009 0.009 0.009 0.009 0.008 0.008 0.007 0.006 0.005 0.004 0.003 0.002 0.000 0.000 0.000 0.000 0.000 0.000 0.000 0.000 0.000 0.108 0.124 0.140 0.157 0.000 0.144 0.132 0.119 0.107 0.106 0.106 0.106 0.106 0.106 0.116 0.126 0.137 0.148 0.157 0.165 0.000 0.000 0.000 0.000 0.000 0.000 0.000 0.236 0.246 0.250 0.212 0.173 0.000
0.000 0.000 0.000 0.000 0.000 0.000 0.000 0.000 0.000 0.000 0.000 0.002 0.003 0.004 0.005 0.006 0.007 0.008 0.008 0.008 0.008 0.008 0.008 0.008 0.008 0.008 0.008 0.008 0.007 0.006 0.005 0.004 0.003 0.002 0.000 0.000 0.000 0.000 0.000 0.000 0.000 0.000 0.000 0.000 0.000 0.099 0.114 0.129 0.142 0.126 0.112 0.107 0.106 0.106 0.106 0.106 0.106 0.106 0.114 0.124 0.134 0.145 0.156 0.000 0.000 0.000 0.000 0.000 0.000 0.000 0.000 0.000 0.000 0.256 0.252 0.242 0.200
0.000 0.000 0.000 0.000 0.000 0.000 0.000 0.000 0.000 0.000 0.000 0.000 0.002 0.003 0.004 0.005 0.006 0.007 0.007 0.007 0.007 0.007 0.007 0.007 0.007 0.007 0.007 0.007 0.006 0.005 0.004 0.003 0.002 0.000 0.000 0.000 0.000 0.000 0.000 0.000 0.000 0.000 0.000 0.000 0.000 0.000 0.089 0.103 0.117 0.107 0.106 0.105 0.105 0.104 0.104 0.105 0.105 0.105 0.112 0.122 0.133 0.143 0.155 0.000 0.000 0.000 0.000 0.000 0.000 0.000 0.000 0.000 0.000 0.000 0.000 0.249 0.243
0.000 0.000 0.000 0.000 0.000 0.000 0.000 0.000 0.000 0.000 0.000 0.000 0.000 0.002 0.003 0.004 0.005 0.006 0.006 0.006 0.006 0.006 0.006 0.006 0.006 0.006 0.006 0.006 0.005 0.004 0.003 0.002 0.000 0.000 0.000 0.000 0.000 0.000 0.000 0.000 0.000 0.000 0.000 0.000 0.000 0.000 0.000 0.079 0.094 0.106 0.104 0.103 0.103 0.103 0.102 0.103 0.103 0.104 0.109 0.119 0.130 0.140 0.000 0.000 0.000 0.000 0.000 0.000 0.000 0.000 0.000 0.000 0.000 0.000 0.000 0.000 0.000
0.000 0.000 0.000 0.000 0.000 0.000 0.000 0.000 0.000 0.000 0.000 0.000 0.000 0.000 0.002 0.003 0.004 0.005 0.005 0.005 0.005 0.005 0.005 0.005 0.005 0.005 0.005 0.005 0.004 0.003 0.002 0.000 0.000 0.000 0.000 0.000 0.000 0.000 0.000 0.000 0.000 0.000 0.000 0.000 0.000 0.000 0.000 0.000 0.072 0.087 0.102 0.102 0.101 0.101 0.101 0.101 0.101 0.102 0.105 0.116 0.127 0.137 0.000 0.000 0.000 0.000 0.000 0.000 0.000 0.000 0.000 0.000 0.000 0.000 0.000 0.000 0.000
0.000 0.000 0.000 0.000 0.000 0.000 0.000 0.000 0.000 0.000 0.000 0.000 0.000 0.000 0.000 0.001 0.002 0.003 0.003 0.003 0.003 0.003 0.003 0.003 0.003 0.003 0.003 0.003 0.002 0.001 0.000 0.000 0.000 0.000 0.000 0.000 0.000 0.000 0.000 0.000 0.000 0.000 0.000 0.000 0.000 0.000 0.000 0.000 0.000 0.041 0.084 0.100 0.100 0.100 0.099 0.099 0.099 0.099 0.101 0.113 0.124 0.000 0.000 0.000 0.000 0.000 0.000 0.000 0.000 0.000 0.000 0.000 0.000 0.000 0.000 0.000 0.000
0.000 0.000 0.000 0.000 0.000 0.000 0.000 0.000 0.000 0.000 0.000 0.000 0.000 0.000 0.000 0.000 0.000 0.001 0.001 0.001 0.001 0.001 0.001 0.001 0.001 0.001 0.001 0.001 0.000 0.000 0.000 0.000 0.000 0.000 0.000 0.000 0.000 0.000 0.000 0.000 0.000 0.000 0.000 0.000 0.000 0.000 0.000 0.000 0.000 0.000 0.064 0.085 0.099 0.098 0.097 0.096 0.096 0.096 0.098 0.109 0.121 0.000 0.000 0.000 0.000 0.000 0.000 0.000 0.000 0.000 0.000 0.000 0.000 0.000 0.000 0.000 0.000
0.000 0.000 0.000 0.000 0.000 0.000 0.000 0.000 0.000 0.000 0.000 0.000 0.000 0.000 0.000 0.000 0.000 0.000 0.000 0.000 0.000 0.000 0.000 0.000 0.000 0.000 0.000 0.000 0.000 0.000 0.000 0.000 0.000 0.000 0.000 0.000 0.000 0.000 0.000 0.000 0.000 0.000 0.000 0.000 0.000 0.000 0.000 0.000 0.000 0.000 0.043 0.063 0.083 0.096 0.094 0.092 0.089 0.091 0.093 0.105 0.000 0.000 0.000 0.000 0.000 0.000 0.000 0.000 0.000 0.000 0.000 0.000 0.000 0.000 0.000 0.000 0.000
0.000 0.000 0.000 0.000 0.000 0.000 0.000 0.000 0.000 0.000 0.000 0.000 0.000 0.000 0.000 0.000 0.000 0.000 0.000 0.000 0.000 0.000 0.000 0.000 0.000 0.000 0.000 0.000 0.000 0.000 0.000 0.000 0.000 0.000 0.000 0.000 0.000 0.000 0.000 0.000 0.000 0.000 0.000 0.000 0.000 0.000 0.000 0.000 0.000 0.000 0.000 0.041 0.060 0.079 0.089 0.084 0.070 0.080 0.083 0.000 0.000 0.000 0.000 0.000 0.000 0.000 0.000 0.000 0.000 0.000 0.000 0.000 0.000 0.000 0.000 0.000 0.000
0.000 0.000 0.000 0.000 0.000 0.000 0.000 0.000 0.000 0.000 0.000 0.000 0.000 0.000 0.000 0.000 0.000 0.000 0.000 0.000 0.000 0.000 0.000 0.000 0.000 0.000 0.000 0.000 0.000 0.000 0.000 0.000 0.000 0.000 0.000 0.000 0.000 0.000 0.000 0.000 0.000 0.000 0.000 0.000 0.000 0.000 0.000 0.000 0.000 0.000 0.000 0.020 0.038 0.055 0.072 0.080 0.075 0.075 0.074 0.073 0.000 0.000 0.000 0.000 0.000 0.000 0.000 0.000 0.000 0.000 0.000 0.000 0.000 0.000 0.000 0.000 0.000
0.000 0.000 0.000 0.000 0.000 0.000 0.000 0.000 0.000 0.000 0.000 0.000 0.000 0.000 0.000 0.000 0.000 0.000 0.000 0.000 0.000 0.000 0.000 0.000 0.000 0.000 0.000 0.000 0.000 0.000 0.000 0.000 0.000 0.000 0.000 0.000 0.000 0.000 0.000 0.000 0.000 0.000 0.000 0.000 0.000 0.000 0.000 0.000 0.000 0.000 0.000 0.003 0.015 0.032 0.048 0.064 0.074 0.072 0.070 0.066 0.069 0.000 0.000 0.000 0.000 0.000 0.000 0.000 0.000 0.000 0.000 0.000 0.000 0.000 0.000 0.000 0.000
0.000 0.000 0.000 0.000 0.000 0.000 0.000 0.000 0.000 0.000 0.000 0.000 0.000 0.000 0.000 0.000 0.000 0.000 0.000 0.000 0.000 0.000 0.000 0.000 0.000 0.000 0.000 0.000 0.000 0.000 0.000 0.000 0.000 0.000 0.000 0.000 0.000 0.000 0.000 0.000 0.000 0.000 0.000 0.000 0.000 0.000 0.000 0.000 0.000 0.000 0.000 0.001 0.002 0.009 0.025 0.042 0.059 0.069 0.065 0.059 0.060 0.056 0.057 0.000 0.000 0.000 0.000 0.000 0.000 0.000 0.000 0.000 0.000 0.000 0.000 0.000 0.000
0.000 0.000 0.000 0.000 0.000 0.000 0.000 0.000 0.000 0.000 0.000 0.000 0.000 0.000 0.000 0.000 0.000 0.000 0.000 0.000 0.000 0.000 0.000 0.000 0.000 0.000 0.000 0.000 0.000 0.000 0.000 0.000 0.000 0.000 0.000 0.000 0.000 0.000 0.000 0.000 0.000 0.000 0.000 0.000 0.000 0.000 0.000 0.000 0.000 0.000 0.000 0.000 0.001 0.001 0.005 0.019 0.036 0.053 0.061 0.054 0.052 0.049 0.050 0.053 0.000 0.000 0.000 0.000 0.000 0.000 0.000 0.000 0.000 0.000 0.000 0.000 0.000
0.000 0.000 0.000 0.000 0.000 0.000 0.000 0.000 0.000 0.000 0.000 0.000 0.000 0.000 0.000 0.000 0.000 0.000 0.000 0.000 0.000 0.000 0.000 0.000 0.000 0.000 0.000 0.000 0.000 0.000 0.000 0.000 0.000 0.000 0.000 0.000 0.000 0.000 0.000 0.000 0.000 0.000 0.000 0.000 0.000 0.000 0.000 0.000 0.000 0.000 0.000 0.000 0.000 0.001 0.001 0.003 0.013 0.029 0.044 0.048 0.042 0.041 0.044 0.047 0.049 0.000 0.000 0.000 0.000 0.000 0.000 0.000 0.000 0.000 0.000 0.000 0.000
