数据/LID_BC_50y/LID_BC_res2/LID_BC_185-0001.wd
ncols         694
nrows         824
xllcorner     581104.939801
yllcorner     3495917.092414
cellsize      2.000000
NODATA_value  -9999.000000
[rows 714 to 747 of 824, columns 154 to 230 of 694]
0.000 0.000 0.000 0.000 0.000 0.000 0.000 0.002 0.003 0.004 0.005 0.006 0.006 0.007 0.007 0.007 0.007 0.007 0.007 0.005 0.000 0.000 0.037 0.031 0.027 0.023 0.018 0.014 0.010 0.007 0.004 0.002 0.000 0.000 0.000 0.000 0.000 0.000 0.000 0.000 0.000 0.000 0.000 0.001 0.001 0.001 0.001 0.001 0.001 0.000 0.000 0.000 0.000 0.000 0.000 0.000 0.000 0.000 0.075 0.086 0.096 0.095 0.073 0.054 0.063 0.001 0.001 0.000 0.000 0.000 0.000 0.000 0.000 0.000 0.000 0.000 0.000
0.000 0.000 0.000 0.000 0.000 0.000 0.002 0.003 0.004 0.005 0.006 0.007 0.007 0.007 0.008 0.008 0.008 0.008 0.008 0.008 0.007 0.006 0.000 0.048 0.044 0.038 0.033 0.027 0.022 0.017 0.013 0.009 0.006 0.003 0.000 0.000 0.000 0.000 0.000 0.000 0.000 0.000 0.001 0.001 0.002 0.007 0.018 0.028 0.038 0.000 0.000 0.000 0.000 0.000 0.000 0.000 0.000 0.000 0.137 0.132 0.109 0.086 0.063 0.055 0.065 0.020 0.001 0.000 0.000 0.000 0.000 0.000 0.000 0.000 0.000 0.000 0.000
0.000 0.000 0.000 0.000 0.000 0.001 0.003 0.004 0.005 0.006 0.007 0.007 0.008 0.008 0.008 0.009 0.009 0.009 0.009 0.009 0.009 0.009 0.008 0.000 0.000 0.054 0.048 0.043 0.037 0.032 0.026 0.021 0.016 0.012 0.009 0.000 0.000 0.000 0.000 0.000 0.000 0.001 0.001 0.002 0.047 0.067 0.078 0.090 0.101 0.000 0.000 0.000 0.000 0.000 0.000 0.000 0.000 0.170 0.147 0.124 0.100 0.077 0.054 0.057 0.067 0.062 0.001 0.001 0.000 0.000 0.000 0.000 0.000 0.000 0.000 0.000 0.000
0.000 0.000 0.000 0.000 0.000 0.002 0.004 0.005 0.006 0.007 0.007 0.008 0.008 0.008 0.009 0.009 0.009 0.010 0.010 0.010 0.011 0.011 0.011 0.011 0.012 0.001 0.065 0.060 0.055 0.048 0.041 0.035 0.030 0.026 0.022 0.018 0.015 0.000 0.000 0.000 0.001 0.001 0.001 0.034 0.090 0.129 0.141 0.152 0.000 0.000 0.000 0.000 0.000 0.000 0.000 0.000 0.000 0.161 0.138 0.115 0.091 0.068 0.051 0.060 0.069 0.078 0.021 0.001 0.000 0.000 0.000 0.000 0.000 0.000 0.000 0.000 0.000
0.000 0.000 0.000 0.000 0.001 0.003 0.005 0.006 0.006 0.007 0.007 0.008 0.008 0.009 0.009 0.009 0.010 0.010 0.011 0.011 0.011 0.012 0.013 0.015 0.019 0.027 0.001 0.077 0.073 0.064 0.057 0.052 0.047 0.043 0.039 0.036 0.033 0.031 0.000 0.002 0.002 0.002 0.022 0.075 0.131 0.189 0.204 0.214 0.000 0.000 0.000 0.000 0.000 0.000 0.000 0.000 0.000 0.152 0.129 0.106 0.082 0.059 0.055 0.063 0.073 0.082 0.065 0.001 0.000 0.000 0.000 0.000 0.000 0.000 0.000 0.000 0.000
0.000 0.000 0.000 0.000 0.001 0.003 0.005 0.006 0.007 0.007 0.008 0.008 0.009 0.009 0.009 0.010 0.010 0.011 0.011 0.011 0.012 0.013 0.014 0.015 0.017 0.019 0.013 0.001 0.000 0.079 0.074 0.069 0.065 0.062 0.058 0.055 0.053 0.051 0.046 0.030 0.030 0.029 0.062 0.118 0.174 0.231 0.267 0.278 0.000 0.000 0.000 0.000 0.000 0.000 0.000 0.000 0.000 0.144 0.121 0.097 0.073 0.050 0.058 0.067 0.076 0.085 0.094 0.025 0.000 0.000 0.000 0.000 0.000 0.000 0.000 0.000 0.000
0.000 0.000 0.000 0.000 0.001 0.003 0.005 0.006 0.007 0.007 0.008 0.008 0.009 0.009 0.010 0.010 0.010 0.011 0.011 0.012 0.012 0.013 0.014 0.014 0.015 0.015 0.013 0.010 0.007 0.000 0.091 0.088 0.085 0.081 0.078 0.076 0.073 0.072 0.070 0.000 0.000 0.051 0.103 0.160 0.217 0.274 0.330 0.341 0.351 0.329 0.000 0.000 0.000 0.000 0.000 0.000 0.158 0.135 0.111 0.088 0.064 0.052 0.061 0.070 0.079 0.088 0.098 0.069 0.000 0.000 0.000 0.000 0.000 0.000 0.000 0.000 0.000
0.000 0.000 0.000 0.000 0.001 0.003 0.005 0.006 0.007 0.008 0.008 0.009 0.009 0.009 0.010 0.010 0.011 0.011 0.011 0.012 0.012 0.013 0.013 0.014 0.014 0.014 0.012 0.011 0.009 0.006 0.001 0.107 0.106 0.102 0.099 0.096 0.095 0.093 0.000 0.000 0.000 0.000 0.145 0.202 0.259 0.315 0.370 0.367 0.343 0.320 0.297 0.274 0.000 0.000 0.000 0.000 0.150 0.126 0.102 0.078 0.055 0.055 0.064 0.073 0.082 0.091 0.101 0.000 0.000 0.000 0.000 0.000 0.000 0.000 0.000 0.000 0.000
0.000 0.000 0.000 0.000 0.001 0.003 0.005 0.006 0.007 0.008 0.008 0.009 0.009 0.009 0.010 0.010 0.011 0.011 0.011 0.012 0.012 0.012 0.013 0.013 0.013 0.013 0.012 0.011 0.010 0.008 0.006 0.000 0.000 0.122 0.119 0.117 0.116 0.000 0.000 0.000 0.000 0.000 0.000 0.244 0.301 0.324 0.346 0.000 0.000 0.312 0.288 0.266 0.242 0.218 0.000 0.000 0.141 0.117 0.093 0.069 0.048 0.058 0.067 0.076 0.086 0.095 0.105 0.000 0.000 0.000 0.000 0.000 0.000 0.000 0.000 0.000 0.000
0.000 0.000 0.000 0.000 0.001 0.003 0.005 0.006 0.007 0.008 0.008 0.009 0.009 0.009 0.010 0.010 0.011 0.011 0.011 0.012 0.012 0.012 0.012 0.012 0.012 0.012 0.012 0.011 0.010 0.009 0.007 0.006 0.004 0.001 0.139 0.135 0.000 0.000 0.000 0.000 0.000 0.000 0.000 0.257 0.279 0.301 0.323 0.000 0.000 0.000 0.000 0.257 0.233 0.208 0.182 0.157 0.133 0.108 0.083 0.059 0.051 0.061 0.070 0.079 0.089 0.099 0.109 0.000 0.000 0.000 0.000 0.000 0.000 0.000 0.000 0.000 0.000
0.000 0.000 0.000 0.000 0.001 0.003 0.005 0.006 0.007 0.008 0.008 0.009 0.009 0.009 0.010 0.010 0.010 0.011 0.011 0.011 0.012 0.012 0.012 0.012 0.012 0.012 0.011 0.011 0.010 0.009 0.008 0.007 0.006 0.004 0.001 0.150 0.144 0.000 0.000 0.000 0.000 0.000 0.000 0.233 0.255 0.277 0.299 0.313 0.000 0.000 0.000 0.000 0.000 0.198 0.173 0.149 0.124 0.099 0.060 0.048 0.055 0.064 0.073 0.082 0.092 0.102 0.000 0.000 0.000 0.000 0.000 0.000 0.000 0.000 0.000 0.000 0.000
0.000 0.000 0.000 0.000 0.001 0.003 0.005 0.006 0.007 0.007 0.008 0.008 0.009 0.009 0.010 0.010 0.010 0.011 0.011 0.011 0.011 0.011 0.012 0.012 0.011 0.011 0.011 0.010 0.010 0.009 0.008 0.008 0.007 0.006 0.004 0.001 0.159 0.157 0.000 0.000 0.000 0.000 0.000 0.000 0.229 0.000 0.000 0.294 0.281 0.000 0.000 0.000 0.000 0.000 0.000 0.138 0.115 0.090 0.062 0.048 0.057 0.067 0.076 0.086 0.096 0.106 0.000 0.000 0.000 0.000 0.000 0.000 0.000 0.000 0.000 0.000 0.000
0.000 0.000 0.000 0.000 0.001 0.003 0.005 0.006 0.007 0.007 0.008 0.008 0.009 0.009 0.009 0.010 0.010 0.010 0.011 0.011 0.011 0.011 0.011 0.011 0.011 0.011 0.011 0.010 0.010 0.009 0.008 0.008 0.007 0.006 0.005 0.004 0.000 0.175 0.194 0.000 0.000 0.000 0.000 0.000 0.000 0.000 0.000 0.000 0.261 0.000 0.000 0.000 0.000 0.000 0.153 0.129 0.106 0.081 0.056 0.052 0.061 0.070 0.079 0.089 0.099 0.108 0.000 0.000 0.000 0.000 0.000 0.000 0.000 0.000 0.000 0.000 0.000
0.000 0.000 0.000 0.000 0.001 0.003 0.005 0.006 0.006 0.007 0.008 0.008 0.008 0.009 0.009 0.010 0.010 0.010 0.010 0.011 0.011 0.011 0.011 0.011 0.011 0.011 0.010 0.010 0.009 0.009 0.008 0.008 0.007 0.007 0.006 0.005 0.003 0.001 0.167 0.184 0.000 0.000 0.000 0.000 0.000 0.000 0.000 0.000 0.242 0.000 0.000 0.000 0.000 0.000 0.143 0.120 0.096 0.071 0.047 0.055 0.064 0.073 0.083 0.092 0.101 0.000 0.000 0.000 0.000 0.000 0.000 0.000 0.000 0.000 0.000 0.000 0.000
0.000 0.000 0.000 0.000 0.000 0.002 0.004 0.005 0.006 0.007 0.007 0.008 0.008 0.009 0.009 0.009 0.010 0.010 0.010 0.010 0.010 0.011 0.011 0.010 0.010 0.010 0.010 0.010 0.009 0.009 0.008 0.008 0.007 0.007 0.006 0.005 0.003 0.001 0.000 0.156 0.173 0.000 0.000 0.000 0.000 0.000 0.000 0.229 0.223 0.000 0.000 0.000 0.000 0.153 0.133 0.110 0.086 0.062 0.050 0.059 0.068 0.077 0.086 0.095 0.104 0.112 0.121 0.000 0.000 0.000 0.000 0.000 0.000 0.000 0.000 0.000 0.000
0.000 0.000 0.000 0.000 0.000 0.001 0.003 0.004 0.005 0.006 0.007 0.007 0.008 0.008 0.009 0.009 0.009 0.010 0.010 0.010 0.010 0.010 0.010 0.010 0.010 0.010 0.010 0.009 0.009 0.009 0.008 0.008 0.007 0.007 0.006 0.005 0.003 0.001 0.000 0.000 0.144 0.159 0.000 0.000 0.000 0.000 0.000 0.000 0.000 0.000 0.000 0.000 0.000 0.134 0.122 0.100 0.077 0.053 0.054 0.063 0.071 0.080 0.090 0.098 0.106 0.115 0.123 0.131 0.139 0.000 0.000 0.000 0.000 0.000 0.000 0.000 0.000
0.000 0.000 0.000 0.000 0.000 0.000 0.002 0.003 0.004 0.005 0.006 0.007 0.007 0.008 0.008 0.009 0.009 0.009 0.009 0.010 0.010 0.010 0.010 0.010 0.010 0.010 0.009 0.009 0.009 0.008 0.008 0.007 0.007 0.006 0.006 0.005 0.003 0.001 0.000 0.000 0.000 0.127 0.140 0.159 0.000 0.000 0.000 0.000 0.000 0.000 0.000 0.000 0.128 0.114 0.102 0.089 0.069 0.048 0.057 0.066 0.074 0.084 0.093 0.102 0.110 0.118 0.126 0.134 0.142 0.150 0.159 0.000 0.000 0.000 0.000 0.000 0.000
0.000 0.000 0.000 0.000 0.000 0.000 0.000 0.002 0.003 0.004 0.005 0.006 0.007 0.008 0.008 0.008 0.009 0.009 0.009 0.009 0.009 0.009 0.009 0.009 0.009 0.009 0.009 0.009 0.008 0.008 0.008 0.007 0.007 0.006 0.005 0.004 0.002 0.000 0.000 0.000 0.000 0.000 0.114 0.132 0.150 0.000 0.000 0.000 0.000 0.000 0.000 0.000 0.107 0.096 0.083 0.070 0.057 0.051 0.060 0.069 0.079 0.088 0.097 0.105 0.114 0.122 0.129 0.137 0.145 0.153 0.162 0.170 0.121 0.000 0.000 0.000 0.000
0.000 0.000 0.000 0.000 0.000 0.000 0.000 0.000 0.002 0.003 0.004 0.005 0.006 0.007 0.007 0.008 0.008 0.008 0.009 0.009 0.009 0.009 0.009 0.009 0.009 0.009 0.009 0.008 0.008 0.008 0.007 0.007 0.006 0.005 0.004 0.003 0.001 0.000 0.000 0.000 0.000 0.000 0.000 0.106 0.123 0.141 0.000 0.000 0.000 0.000 0.000 0.102 0.089 0.076 0.063 0.050 0.047 0.051 0.061 0.071 0.081 0.091 0.100 0.109 0.118 0.000 0.000 0.000 0.148 0.156 0.165 0.173 0.166 0.079 0.012 0.000 0.000
0.000 0.000 0.000 0.000 0.000 0.000 0.000 0.000 0.000 0.002 0.003 0.004 0.005 0.006 0.007 0.007 0.008 0.008 0.008 0.008 0.009 0.009 0.009 0.009 0.009 0.008 0.008 0.008 0.008 0.007 0.007 0.006 0.005 0.004 0.003 0.002 0.000 0.000 0.000 0.000 0.000 0.000 0.000 0.000 0.096 0.114 0.131 0.000 0.000 0.000 0.000 0.082 0.070 0.057 0.049 0.048 0.047 0.049 0.059 0.068 0.078 0.088 0.098 0.108 0.118 0.000 0.000 0.000 0.000 0.000 0.168 0.177 0.185 0.123 0.082 0.043 0.000
0.000 0.000 0.000 0.000 0.000 0.000 0.000 0.000 0.000 0.000 0.002 0.003 0.004 0.005 0.006 0.007 0.007 0.008 0.008 0.008 0.008 0.008 0.008 0.008 0.008 0.008 0.008 0.007 0.007 0.007 0.006 0.005 0.004 0.003 0.002 0.000 0.000 0.000 0.000 0.000 0.000 0.000 0.000 0.000 0.073 0.088 0.104 0.120 0.000 0.099 0.084 0.067 0.052 0.050 0.049 0.048 0.047 0.047 0.056 0.066 0.076 0.086 0.096 0.105 0.000 0.000 0.000 0.000 0.000 0.000 0.000 0.177 0.186 0.191 0.153 0.113 0.000
0.000 0.000 0.000 0.000 0.000 0.000 0.000 0.000 0.000 0.000 0.000 0.002 0.003 0.004 0.005 0.006 0.007 0.007 0.007 0.007 0.008 0.008 0.008 0.008 0.008 0.007 0.007 0.007 0.007 0.006 0.005 0.004 0.003 0.002 0.000 0.000 0.000 0.000 0.000 0.000 0.000 0.000 0.000 0.000 0.000 0.063 0.077 0.091 0.101 0.082 0.065 0.056 0.053 0.051 0.050 0.049 0.048 0.047 0.055 0.064 0.074 0.084 0.094 0.000 0.000 0.000 0.000 0.000 0.000 0.000 0.000 0.000 0.000 0.197 0.193 0.183 0.143
0.000 0.000 0.000 0.000 0.000 0.000 0.000 0.000 0.000 0.000 0.000 0.000 0.002 0.003 0.004 0.005 0.006 0.006 0.007 0.007 0.007 0.007 0.007 0.007 0.007 0.007 0.007 0.006 0.006 0.005 0.004 0.003 0.002 0.000 0.000 0.000 0.000 0.000 0.000 0.000 0.000 0.000 0.000 0.000 0.000 0.000 0.051 0.063 0.076 0.064 0.060 0.057 0.054 0.052 0.050 0.049 0.048 0.047 0.053 0.063 0.073 0.083 0.092 0.000 0.000 0.000 0.000 0.000 0.000 0.000 0.000 0.000 0.000 0.000 0.000 0.192 0.187
0.000 0.000 0.000 0.000 0.000 0.000 0.000 0.000 0.000 0.000 0.000 0.000 0.000 0.002 0.003 0.004 0.005 0.006 0.006 0.006 0.006 0.006 0.006 0.006 0.006 0.006 0.006 0.006 0.005 0.004 0.003 0.002 0.000 0.000 0.000 0.000 0.000 0.000 0.000 0.000 0.000 0.000 0.000 0.000 0.000 0.000 0.000 0.038 0.051 0.062 0.059 0.056 0.054 0.052 0.050 0.049 0.048 0.047 0.051 0.061 0.071 0.081 0.000 0.000 0.000 0.000 0.000 0.000 0.000 0.000 0.000 0.000 0.000 0.000 0.000 0.000 0.000
0.000 0.000 0.000 0.000 0.000 0.000 0.000 0.000 0.000 0.000 0.000 0.000 0.000 0.000 0.002 0.003 0.004 0.005 0.005 0.005 0.005 0.005 0.005 0.005 0.005 0.005 0.005 0.005 0.004 0.003 0.002 0.000 0.000 0.000 0.000 0.000 0.000 0.000 0.000 0.000 0.000 0.000 0.000 0.000 0.000 0.000 0.000 0.000 0.027 0.045 0.057 0.055 0.053 0.051 0.049 0.048 0.047 0.046 0.049 0.059 0.069 0.080 0.000 0.000 0.000 0.000 0.000 0.000 0.000 0.000 0.000 0.000 0.000 0.000 0.000 0.000 0.000
0.000 0.000 0.000 0.000 0.000 0.000 0.000 0.000 0.000 0.000 0.000 0.000 0.000 0.000 0.000 0.001 0.002 0.003 0.003 0.003 0.003 0.003 0.003 0.003 0.003 0.003 0.003 0.003 0.002 0.001 0.000 0.000 0.000 0.000 0.000 0.000 0.000 0.000 0.000 0.000 0.000 0.000 0.000 0.000 0.000 0.000 0.000 0.000 0.000 0.022 0.041 0.053 0.052 0.050 0.048 0.047 0.045 0.045 0.046 0.056 0.067 0.000 0.000 0.000 0.000 0.000 0.000 0.000 0.000 0.000 0.000 0.000 0.000 0.000 0.000 0.000 0.000
0.000 0.000 0.000 0.000 0.000 0.000 0.000 0.000 0.000 0.000 0.000 0.000 0.000 0.000 0.000 0.000 0.000 0.001 0.001 0.001 0.001 0.001 0.001 0.001 0.001 0.001 0.001 0.001 0.000 0.000 0.000 0.000 0.000 0.000 0.000 0.000 0.000 0.000 0.000 0.000 0.000 0.000 0.000 0.000 0.000 0.000 0.000 0.000 0.000 0.000 0.019 0.037 0.050 0.048 0.046 0.045 0.043 0.043 0.043 0.054 0.064 0.000 0.000 0.000 0.000 0.000 0.000 0.000 0.000 0.000 0.000 0.000 0.000 0.000 0.000 0.000 0.000
0.000 0.000 0.000 0.000 0.000 0.000 0.000 0.000 0.000 0.000 0.000 0.000 0.000 0.000 0.000 0.000 0.000 0.000 0.000 0.000 0.000 0.000 0.000 0.000 0.000 0.000 0.000 0.000 0.000 0.000 0.000 0.000 0.000 0.000 0.000 0.000 0.000 0.000 0.000 0.000 0.000 0.000 0.000 0.000 0.000 0.000 0.000 0.000 0.000 0.000 0.002 0.016 0.034 0.047 0.044 0.041 0.036 0.038 0.041 0.051 0.000 0.000 0.000 0.000 0.000 0.000 0.000 0.000 0.000 0.000 0.000 0.000 0.000 0.000 0.000 0.000 0.000
0.000 0.000 0.000 0.000 0.000 0.000 0.000 0.000 0.000 0.000 0.000 0.000 0.000 0.000 0.000 0.000 0.000 0.000 0.000 0.000 0.000 0.000 0.000 0.000 0.000 0.000 0.000 0.000 0.000 0.000 0.000 0.000 0.000 0.000 0.000 0.000 0.000 0.000 0.000 0.000 0.000 0.000 0.000 0.000 0.000 0.000 0.000 0.000 0.000 0.000 0.000 0.002 0.013 0.030 0.040 0.034 0.000 0.030 0.034 0.000 0.000 0.000 0.000 0.000 0.000 0.000 0.000 0.000 0.000 0.000 0.000 0.000 0.000 0.000 0.000 0.000 0.000
0.000 0.000 0.000 0.000 0.000 0.000 0.000 0.000 0.000 0.000 0.000 0.000 0.000 0.000 0.000 0.000 0.000 0.000 0.000 0.000 0.000 0.000 0.000 0.000 0.000 0.000 0.000 0.000 0.000 0.000 0.000 0.000 0.000 0.000 0.000 0.000 0.000 0.000 0.000 0.000 0.000 0.000 0.000 0.000 0.000 0.000 0.000 0.000 0.000 0.000 0.000 0.001 0.001 0.009 0.023 0.032 0.027 0.028 0.029 0.031 0.000 0.000 0.000 0.000 0.000 0.000 0.000 0.000 0.000 0.000 0.000 0.000 0.000 0.000 0.000 0.000 0.000
0.000 0.000 0.000 0.000 0.000 0.000 0.000 0.000 0.000 0.000 0.000 0.000 0.000 0.000 0.000 0.000 0.000 0.000 0.000 0.000 0.000 0.000 0.000 0.000 0.000 0.000 0.000 0.000 0.000 0.000 0.000 0.000 0.000 0.000 0.000 0.000 0.000 0.000 0.000 0.000 0.000 0.000 0.000 0.000 0.000 0.000 0.000 0.000 0.000 0.000 0.000 0.001 0.001 0.001 0.006 0.017 0.028 0.028 0.028 0.027 0.033 0.000 0.000 0.000 0.000 0.000 0.000 0.000 0.000 0.000 0.000 0.000 0.000 0.000 0.000 0.000 0.000
0.000 0.000 0.000 0.000 0.000 0.000 0.000 0.000 0.000 0.000 0.000 0.000 0.000 0.000 0.000 0.000 0.000 0.000 0.000 0.000 0.000 0.000 0.000 0.000 0.000 0.000 0.000 0.000 0.000 0.000 0.000 0.000 0.000 0.000 0.000 0.000 0.000 0.000 0.000 0.000 0.000 0.000 0.000 0.000 0.000 0.000 0.000 0.000 0.000 0.000 0.000 0.001 0.001 0.001 0.001 0.003 0.015 0.028 0.026 0.024 0.027 0.026 0.028 0.000 0.000 0.000 0.000 0.000 0.000 0.000 0.000 0.000 0.000 0.000 0.000 0.000 0.000
0.000 0.000 0.000 0.000 0.000 0.000 0.000 0.000 0.000 0.000 0.000 0.000 0.000 0.000 0.000 0.000 0.000 0.000 0.000 0.000 0.000 0.000 0.000 0.000 0.000 0.000 0.000 0.000 0.000 0.000 0.000 0.000 0.000 0.000 0.000 0.000 0.000 0.000 0.000 0.000 0.000 0.000 0.000 0.000 0.000 0.000 0.000 0.000 0.000 0.000 0.000 0.000 0.001 0.001 0.001 0.001 0.002 0.015 0.025 0.021 0.022 0.020 0.022 0.025 0.000 0.000 0.000 0.000 0.000 0.000 0.000 0.000 0.000 0.000 0.000 0.000 0.000
0.000 0.000 0.000 0.000 0.000 0.000 0.000 0.000 0.000 0.000 0.000 0.000 0.000 0.000 0.000 0.000 0.000 0.000 0.000 0.000 0.000 0.000 0.000 0.000 0.000 0.000 0.000 0.000 0.000 0.000 0.000 0.000 0.000 0.000 0.000 0.000 0.000 0.000 0.000 0.000 0.000 0.000 0.000 0.000 0.000 0.000 0.000 0.000 0.000 0.000 0.000 0.000 0.000 0.001 0.001 0.001 0.001 0.002 0.011 0.018 0.016 0.016 0.018 0.021 0.024 0.000 0.000 0.000 0.000 0.000 0.000 0.000 0.000 0.000 0.000 0.000 0.000
