数据/LID_BC_50y/LID_BC_res2/LID_BC_135-0001.wd
ncols         694
nrows         824
xllcorner     581104.939801
yllcorner     3495917.092414
cellsize      2.000000
NODATA_value  -9999.000000
[rows 714 to 747 of 824, columns 154 to 230 of 694]
0.000 0.000 0.000 0.000 0.000 0.000 0.000 0.002 0.003 0.004 0.005 0.006 0.007 0.008 0.008 0.009 0.009 0.009 0.009 0.008 0.000 0.001 0.077 0.071 0.065 0.064 0.062 0.059 0.055 0.051 0.047 0.044 0.000 0.000 0.000 0.000 0.000 0.000 0.000 0.000 0.000 0.000 0.000 0.043 0.065 0.076 0.087 0.097 0.108 0.000 0.000 0.000 0.000 0.000 0.000 0.000 0.000 0.000 0.207 0.218 0.230 0.228 0.206 0.186 0.195 0.111 0.031 0.000 0.000 0.000 0.000 0.000 0.000 0.000 0.000 0.000 0.000
0.000 0.000 0.000 0.000 0.000 0.000 0.002 0.003 0.004 0.005 0.006 0.007 0.008 0.009 0.009 0.010 0.011 0.011 0.011 0.011 0.011 0.010 0.001 0.090 0.088 0.086 0.084 0.080 0.075 0.070 0.066 0.060 0.055 0.052 0.000 0.000 0.000 0.000 0.000 0.000 0.000 0.000 0.030 0.084 0.128 0.139 0.150 0.161 0.171 0.000 0.000 0.000 0.000 0.000 0.000 0.000 0.000 0.000 0.271 0.265 0.242 0.220 0.196 0.188 0.197 0.153 0.066 0.000 0.000 0.000 0.000 0.000 0.000 0.000 0.000 0.000 0.000
0.000 0.000 0.000 0.000 0.000 0.001 0.003 0.004 0.005 0.006 0.007 0.008 0.009 0.010 0.010 0.011 0.012 0.012 0.013 0.014 0.014 0.015 0.014 0.001 0.001 0.107 0.104 0.100 0.095 0.090 0.084 0.079 0.074 0.070 0.067 0.000 0.000 0.000 0.000 0.000 0.000 0.017 0.070 0.126 0.182 0.201 0.212 0.223 0.234 0.000 0.000 0.000 0.000 0.000 0.000 0.000 0.000 0.303 0.280 0.257 0.232 0.211 0.186 0.189 0.199 0.195 0.110 0.025 0.000 0.000 0.000 0.000 0.000 0.000 0.000 0.000 0.000
0.000 0.000 0.000 0.000 0.000 0.002 0.004 0.005 0.006 0.007 0.008 0.009 0.010 0.010 0.011 0.012 0.013 0.014 0.015 0.016 0.017 0.019 0.020 0.022 0.026 0.001 0.126 0.120 0.116 0.109 0.104 0.099 0.094 0.090 0.086 0.082 0.079 0.000 0.000 0.000 0.010 0.058 0.112 0.168 0.225 0.264 0.275 0.286 0.000 0.000 0.000 0.000 0.000 0.000 0.000 0.000 0.000 0.295 0.271 0.247 0.223 0.199 0.183 0.193 0.203 0.211 0.153 0.068 0.000 0.000 0.000 0.000 0.000 0.000 0.000 0.000 0.000
0.000 0.000 0.000 0.000 0.001 0.003 0.004 0.006 0.007 0.008 0.008 0.009 0.010 0.011 0.012 0.013 0.014 0.015 0.016 0.017 0.019 0.021 0.025 0.030 0.041 0.060 0.001 0.140 0.136 0.128 0.123 0.118 0.114 0.110 0.106 0.103 0.100 0.098 0.000 0.047 0.059 0.101 0.155 0.211 0.266 0.322 0.338 0.349 0.000 0.000 0.000 0.000 0.000 0.000 0.000 0.000 0.000 0.285 0.261 0.237 0.214 0.191 0.185 0.195 0.204 0.214 0.198 0.112 0.000 0.000 0.000 0.000 0.000 0.000 0.000 0.000 0.000
0.000 0.000 0.000 0.000 0.001 0.003 0.005 0.006 0.007 0.008 0.009 0.010 0.011 0.011 0.012 0.013 0.014 0.015 0.017 0.018 0.020 0.022 0.025 0.029 0.035 0.041 0.027 0.001 0.001 0.145 0.142 0.137 0.134 0.130 0.127 0.124 0.121 0.118 0.110 0.085 0.104 0.143 0.197 0.253 0.309 0.365 0.401 0.412 0.000 0.000 0.000 0.000 0.000 0.000 0.000 0.000 0.000 0.276 0.251 0.229 0.203 0.181 0.189 0.198 0.207 0.217 0.225 0.157 0.000 0.000 0.000 0.000 0.000 0.000 0.000 0.000 0.000
0.000 0.000 0.000 0.000 0.001 0.003 0.005 0.006 0.007 0.008 0.009 0.010 0.011 0.012 0.013 0.014 0.015 0.016 0.017 0.018 0.020 0.022 0.024 0.027 0.030 0.031 0.025 0.017 0.012 0.000 0.160 0.157 0.155 0.151 0.148 0.145 0.142 0.140 0.137 0.000 0.000 0.183 0.239 0.295 0.351 0.407 0.463 0.474 0.485 0.463 0.000 0.000 0.000 0.000 0.000 0.000 0.289 0.266 0.242 0.219 0.196 0.182 0.191 0.201 0.210 0.219 0.229 0.202 0.000 0.000 0.000 0.000 0.000 0.000 0.000 0.000 0.000
0.000 0.000 0.000 0.000 0.001 0.003 0.005 0.006 0.007 0.008 0.009 0.010 0.011 0.012 0.013 0.014 0.015 0.016 0.017 0.018 0.020 0.021 0.023 0.024 0.026 0.026 0.022 0.019 0.015 0.010 0.001 0.177 0.175 0.172 0.169 0.166 0.164 0.161 0.000 0.000 0.000 0.000 0.282 0.338 0.393 0.449 0.504 0.500 0.477 0.453 0.428 0.404 0.000 0.000 0.000 0.000 0.279 0.256 0.232 0.209 0.185 0.185 0.194 0.203 0.213 0.222 0.232 0.000 0.000 0.000 0.000 0.000 0.000 0.000 0.000 0.000 0.000
0.000 0.000 0.000 0.000 0.001 0.003 0.005 0.006 0.007 0.008 0.009 0.010 0.011 0.012 0.013 0.014 0.015 0.016 0.017 0.018 0.019 0.020 0.021 0.022 0.023 0.022 0.021 0.018 0.015 0.013 0.009 0.000 0.000 0.191 0.189 0.186 0.185 0.000 0.000 0.000 0.000 0.000 0.000 0.380 0.436 0.459 0.479 0.000 0.000 0.443 0.419 0.395 0.370 0.345 0.000 0.000 0.269 0.246 0.223 0.199 0.179 0.187 0.196 0.206 0.215 0.225 0.235 0.000 0.000 0.000 0.000 0.000 0.000 0.000 0.000 0.000 0.000
0.000 0.000 0.000 0.000 0.001 0.003 0.005 0.006 0.007 0.008 0.009 0.010 0.011 0.012 0.013 0.014 0.014 0.015 0.016 0.017 0.018 0.019 0.020 0.020 0.021 0.020 0.019 0.017 0.015 0.013 0.011 0.008 0.006 0.001 0.209 0.205 0.000 0.000 0.000 0.000 0.000 0.000 0.000 0.393 0.414 0.434 0.455 0.000 0.000 0.000 0.000 0.385 0.361 0.335 0.310 0.284 0.259 0.237 0.211 0.189 0.181 0.190 0.199 0.208 0.217 0.227 0.239 0.000 0.000 0.000 0.000 0.000 0.000 0.000 0.000 0.000 0.000
0.000 0.000 0.000 0.000 0.001 0.003 0.005 0.006 0.007 0.008 0.009 0.010 0.011 0.012 0.013 0.013 0.014 0.015 0.016 0.016 0.017 0.018 0.018 0.019 0.019 0.018 0.018 0.016 0.015 0.013 0.011 0.010 0.008 0.005 0.000 0.221 0.213 0.000 0.000 0.000 0.000 0.000 0.000 0.370 0.392 0.411 0.432 0.446 0.000 0.000 0.000 0.000 0.000 0.325 0.300 0.275 0.249 0.225 0.204 0.179 0.183 0.191 0.200 0.209 0.219 0.229 0.000 0.000 0.000 0.000 0.000 0.000 0.000 0.000 0.000 0.000 0.000
0.000 0.000 0.000 0.000 0.001 0.003 0.005 0.006 0.007 0.008 0.009 0.010 0.011 0.011 0.012 0.013 0.014 0.014 0.015 0.016 0.016 0.017 0.017 0.018 0.017 0.017 0.016 0.015 0.014 0.013 0.012 0.010 0.009 0.007 0.005 0.000 0.229 0.226 0.000 0.000 0.000 0.000 0.000 0.000 0.369 0.000 0.000 0.426 0.414 0.000 0.000 0.000 0.000 0.000 0.000 0.263 0.238 0.215 0.192 0.174 0.183 0.193 0.201 0.211 0.221 0.231 0.000 0.000 0.000 0.000 0.000 0.000 0.000 0.000 0.000 0.000 0.000
0.000 0.000 0.000 0.000 0.001 0.003 0.005 0.006 0.007 0.008 0.009 0.010 0.010 0.011 0.012 0.013 0.013 0.014 0.014 0.015 0.015 0.016 0.016 0.016 0.016 0.016 0.015 0.014 0.014 0.013 0.011 0.010 0.009 0.008 0.006 0.004 0.000 0.244 0.261 0.000 0.000 0.000 0.000 0.000 0.000 0.000 0.000 0.000 0.396 0.000 0.000 0.000 0.000 0.000 0.273 0.250 0.227 0.203 0.180 0.175 0.185 0.194 0.202 0.212 0.222 0.234 0.000 0.000 0.000 0.000 0.000 0.000 0.000 0.000 0.000 0.000 0.000
0.000 0.000 0.000 0.000 0.001 0.003 0.005 0.006 0.007 0.008 0.008 0.009 0.010 0.011 0.011 0.012 0.013 0.013 0.014 0.014 0.015 0.015 0.015 0.015 0.015 0.015 0.014 0.014 0.013 0.012 0.011 0.010 0.009 0.008 0.006 0.005 0.003 0.001 0.233 0.249 0.000 0.000 0.000 0.000 0.000 0.000 0.000 0.000 0.375 0.000 0.000 0.000 0.000 0.000 0.263 0.240 0.216 0.193 0.170 0.178 0.187 0.194 0.203 0.213 0.222 0.000 0.000 0.000 0.000 0.000 0.000 0.000 0.000 0.000 0.000 0.000 0.000
0.000 0.000 0.000 0.000 0.000 0.002 0.004 0.005 0.006 0.007 0.008 0.009 0.010 0.010 0.011 0.012 0.012 0.013 0.013 0.013 0.014 0.014 0.014 0.014 0.014 0.014 0.014 0.013 0.012 0.012 0.011 0.010 0.009 0.008 0.006 0.005 0.003 0.001 0.000 0.220 0.235 0.000 0.000 0.000 0.000 0.000 0.000 0.359 0.355 0.000 0.000 0.000 0.000 0.272 0.252 0.230 0.206 0.182 0.171 0.179 0.187 0.195 0.204 0.214 0.221 0.226 0.234 0.000 0.000 0.000 0.000 0.000 0.000 0.000 0.000 0.000 0.000
0.000 0.000 0.000 0.000 0.000 0.001 0.003 0.004 0.005 0.006 0.007 0.008 0.009 0.010 0.010 0.011 0.012 0.012 0.012 0.013 0.013 0.013 0.013 0.013 0.013 0.013 0.013 0.012 0.012 0.011 0.010 0.009 0.008 0.007 0.006 0.005 0.003 0.001 0.000 0.000 0.205 0.220 0.000 0.000 0.000 0.000 0.000 0.000 0.000 0.000 0.000 0.000 0.000 0.251 0.239 0.218 0.195 0.172 0.171 0.181 0.190 0.198 0.207 0.215 0.222 0.229 0.237 0.243 0.251 0.000 0.000 0.000 0.000 0.000 0.000 0.000 0.000
0.000 0.000 0.000 0.000 0.000 0.000 0.002 0.003 0.004 0.005 0.006 0.007 0.008 0.009 0.010 0.010 0.011 0.011 0.012 0.012 0.012 0.013 0.013 0.013 0.013 0.012 0.012 0.012 0.011 0.010 0.010 0.009 0.008 0.007 0.006 0.004 0.003 0.001 0.000 0.000 0.000 0.190 0.204 0.223 0.000 0.000 0.000 0.000 0.000 0.000 0.000 0.000 0.239 0.228 0.217 0.205 0.185 0.165 0.173 0.182 0.192 0.201 0.209 0.216 0.224 0.232 0.240 0.248 0.255 0.262 0.270 0.000 0.000 0.000 0.000 0.000 0.000
0.000 0.000 0.000 0.000 0.000 0.000 0.000 0.002 0.003 0.004 0.005 0.006 0.007 0.008 0.009 0.010 0.010 0.011 0.011 0.011 0.012 0.012 0.012 0.012 0.012 0.012 0.011 0.011 0.010 0.010 0.009 0.008 0.007 0.006 0.005 0.004 0.002 0.000 0.000 0.000 0.000 0.000 0.178 0.196 0.215 0.000 0.000 0.000 0.000 0.000 0.000 0.000 0.218 0.207 0.195 0.184 0.171 0.167 0.175 0.184 0.195 0.204 0.212 0.219 0.227 0.236 0.244 0.250 0.257 0.265 0.273 0.280 0.231 0.000 0.000 0.000 0.000
0.000 0.000 0.000 0.000 0.000 0.000 0.000 0.000 0.002 0.003 0.004 0.005 0.006 0.007 0.008 0.009 0.009 0.010 0.010 0.011 0.011 0.011 0.011 0.011 0.011 0.011 0.010 0.010 0.010 0.009 0.008 0.007 0.006 0.005 0.004 0.003 0.000 0.000 0.000 0.000 0.000 0.000 0.000 0.170 0.188 0.206 0.000 0.000 0.000 0.000 0.000 0.208 0.198 0.185 0.174 0.162 0.160 0.165 0.174 0.184 0.194 0.205 0.214 0.222 0.232 0.000 0.000 0.000 0.259 0.268 0.275 0.283 0.275 0.188 0.120 0.000 0.000
0.000 0.000 0.000 0.000 0.000 0.000 0.000 0.000 0.000 0.002 0.003 0.004 0.005 0.006 0.007 0.008 0.009 0.009 0.010 0.010 0.010 0.010 0.010 0.010 0.010 0.010 0.010 0.009 0.009 0.008 0.007 0.006 0.005 0.004 0.003 0.001 0.000 0.000 0.000 0.000 0.000 0.000 0.000 0.000 0.162 0.181 0.200 0.000 0.000 0.000 0.000 0.188 0.177 0.164 0.158 0.158 0.159 0.160 0.171 0.181 0.191 0.202 0.212 0.222 0.232 0.000 0.000 0.000 0.000 0.000 0.278 0.286 0.294 0.232 0.191 0.151 0.000
0.000 0.000 0.000 0.000 0.000 0.000 0.000 0.000 0.000 0.000 0.002 0.003 0.004 0.005 0.006 0.007 0.008 0.008 0.009 0.009 0.009 0.009 0.009 0.009 0.009 0.009 0.009 0.008 0.008 0.007 0.006 0.005 0.004 0.003 0.002 0.000 0.000 0.000 0.000 0.000 0.000 0.000 0.000 0.000 0.140 0.157 0.175 0.194 0.000 0.192 0.178 0.167 0.155 0.156 0.156 0.157 0.157 0.158 0.168 0.178 0.188 0.199 0.210 0.220 0.000 0.000 0.000 0.000 0.000 0.000 0.000 0.286 0.295 0.300 0.261 0.221 0.000
0.000 0.000 0.000 0.000 0.000 0.000 0.000 0.000 0.000 0.000 0.000 0.002 0.003 0.004 0.005 0.006 0.007 0.007 0.008 0.008 0.008 0.008 0.008 0.008 0.008 0.008 0.008 0.007 0.007 0.006 0.005 0.004 0.003 0.002 0.000 0.000 0.000 0.000 0.000 0.000 0.000 0.000 0.000 0.000 0.000 0.134 0.151 0.168 0.186 0.172 0.159 0.155 0.154 0.155 0.154 0.155 0.155 0.156 0.165 0.175 0.186 0.196 0.208 0.000 0.000 0.000 0.000 0.000 0.000 0.000 0.000 0.000 0.000 0.305 0.300 0.289 0.246
0.000 0.000 0.000 0.000 0.000 0.000 0.000 0.000 0.000 0.000 0.000 0.000 0.002 0.003 0.004 0.005 0.006 0.007 0.007 0.007 0.007 0.007 0.007 0.007 0.007 0.007 0.007 0.006 0.006 0.005 0.004 0.003 0.002 0.000 0.000 0.000 0.000 0.000 0.000 0.000 0.000 0.000 0.000 0.000 0.000 0.000 0.127 0.144 0.160 0.153 0.154 0.154 0.154 0.153 0.153 0.153 0.154 0.155 0.162 0.172 0.183 0.194 0.205 0.000 0.000 0.000 0.000 0.000 0.000 0.000 0.000 0.000 0.000 0.000 0.000 0.296 0.290
0.000 0.000 0.000 0.000 0.000 0.000 0.000 0.000 0.000 0.000 0.000 0.000 0.000 0.002 0.003 0.004 0.005 0.005 0.006 0.006 0.006 0.006 0.006 0.006 0.006 0.006 0.006 0.005 0.005 0.004 0.003 0.001 0.000 0.000 0.000 0.000 0.000 0.000 0.000 0.000 0.000 0.000 0.000 0.000 0.000 0.000 0.000 0.121 0.138 0.153 0.152 0.152 0.152 0.151 0.151 0.152 0.152 0.154 0.160 0.169 0.181 0.191 0.000 0.000 0.000 0.000 0.000 0.000 0.000 0.000 0.000 0.000 0.000 0.000 0.000 0.000 0.000
0.000 0.000 0.000 0.000 0.000 0.000 0.000 0.000 0.000 0.000 0.000 0.000 0.000 0.000 0.002 0.003 0.004 0.004 0.005 0.005 0.005 0.005 0.005 0.005 0.005 0.005 0.005 0.004 0.003 0.002 0.001 0.000 0.000 0.000 0.000 0.000 0.000 0.000 0.000 0.000 0.000 0.000 0.000 0.000 0.000 0.000 0.000 0.000 0.117 0.135 0.150 0.150 0.149 0.149 0.149 0.150 0.150 0.152 0.156 0.166 0.177 0.189 0.000 0.000 0.000 0.000 0.000 0.000 0.000 0.000 0.000 0.000 0.000 0.000 0.000 0.000 0.000
0.000 0.000 0.000 0.000 0.000 0.000 0.000 0.000 0.000 0.000 0.000 0.000 0.000 0.000 0.000 0.001 0.002 0.003 0.003 0.003 0.003 0.003 0.003 0.003 0.003 0.003 0.003 0.003 0.002 0.000 0.000 0.000 0.000 0.000 0.000 0.000 0.000 0.000 0.000 0.000 0.000 0.000 0.000 0.000 0.000 0.000 0.000 0.000 0.000 0.105 0.132 0.147 0.147 0.147 0.147 0.147 0.148 0.149 0.152 0.162 0.173 0.000 0.000 0.000 0.000 0.000 0.000 0.000 0.000 0.000 0.000 0.000 0.000 0.000 0.000 0.000 0.000
0.000 0.000 0.000 0.000 0.000 0.000 0.000 0.000 0.000 0.000 0.000 0.000 0.000 0.000 0.000 0.000 0.000 0.001 0.001 0.001 0.001 0.001 0.001 0.001 0.001 0.001 0.001 0.000 0.000 0.000 0.000 0.000 0.000 0.000 0.000 0.000 0.000 0.000 0.000 0.000 0.000 0.000 0.000 0.000 0.000 0.000 0.000 0.000 0.000 0.000 0.111 0.131 0.146 0.145 0.145 0.144 0.144 0.145 0.147 0.158 0.170 0.000 0.000 0.000 0.000 0.000 0.000 0.000 0.000 0.000 0.000 0.000 0.000 0.000 0.000 0.000 0.000
0.000 0.000 0.000 0.000 0.000 0.000 0.000 0.000 0.000 0.000 0.000 0.000 0.000 0.000 0.000 0.000 0.000 0.000 0.000 0.000 0.000 0.000 0.000 0.000 0.000 0.000 0.000 0.000 0.000 0.000 0.000 0.000 0.000 0.000 0.000 0.000 0.000 0.000 0.000 0.000 0.000 0.000 0.000 0.000 0.000 0.000 0.000 0.000 0.000 0.000 0.090 0.110 0.129 0.142 0.141 0.139 0.138 0.139 0.142 0.154 0.000 0.000 0.000 0.000 0.000 0.000 0.000 0.000 0.000 0.000 0.000 0.000 0.000 0.000 0.000 0.000 0.000
0.000 0.000 0.000 0.000 0.000 0.000 0.000 0.000 0.000 0.000 0.000 0.000 0.000 0.000 0.000 0.000 0.000 0.000 0.000 0.000 0.000 0.000 0.000 0.000 0.000 0.000 0.000 0.000 0.000 0.000 0.000 0.000 0.000 0.000 0.000 0.000 0.000 0.000 0.000 0.000 0.000 0.000 0.000 0.000 0.000 0.000 0.000 0.000 0.000 0.000 0.000 0.086 0.106 0.125 0.136 0.132 0.124 0.129 0.131 0.000 0.000 0.000 0.000 0.000 0.000 0.000 0.000 0.000 0.000 0.000 0.000 0.000 0.000 0.000 0.000 0.000 0.000
0.000 0.000 0.000 0.000 0.000 0.000 0.000 0.000 0.000 0.000 0.000 0.000 0.000 0.000 0.000 0.000 0.000 0.000 0.000 0.000 0.000 0.000 0.000 0.000 0.000 0.000 0.000 0.000 0.000 0.000 0.000 0.000 0.000 0.000 0.000 0.000 0.000 0.000 0.000 0.000 0.000 0.000 0.000 0.000 0.000 0.000 0.000 0.000 0.000 0.000 0.000 0.062 0.082 0.101 0.118 0.128 0.123 0.123 0.120 0.117 0.000 0.000 0.000 0.000 0.000 0.000 0.000 0.000 0.000 0.000 0.000 0.000 0.000 0.000 0.000 0.000 0.000
0.000 0.000 0.000 0.000 0.000 0.000 0.000 0.000 0.000 0.000 0.000 0.000 0.000 0.000 0.000 0.000 0.000 0.000 0.000 0.000 0.000 0.000 0.000 0.000 0.000 0.000 0.000 0.000 0.000 0.000 0.000 0.000 0.000 0.000 0.000 0.000 0.000 0.000 0.000 0.000 0.000 0.000 0.000 0.000 0.000 0.000 0.000 0.000 0.000 0.000 0.000 0.040 0.059 0.077 0.094 0.111 0.121 0.118 0.113 0.108 0.108 0.000 0.000 0.000 0.000 0.000 0.000 0.000 0.000 0.000 0.000 0.000 0.000 0.000 0.000 0.000 0.000
0.000 0.000 0.000 0.000 0.000 0.000 0.000 0.000 0.000 0.000 0.000 0.000 0.000 0.000 0.000 0.000 0.000 0.000 0.000 0.000 0.000 0.000 0.000 0.000 0.000 0.000 0.000 0.000 0.000 0.000 0.000 0.000 0.000 0.000 0.000 0.000 0.000 0.000 0.000 0.000 0.000 0.000 0.000 0.000 0.000 0.000 0.000 0.000 0.000 0.000 0.000 0.017 0.036 0.053 0.070 0.087 0.104 0.112 0.106 0.098 0.096 0.088 0.088 0.000 0.000 0.000 0.000 0.000 0.000 0.000 0.000 0.000 0.000 0.000 0.000 0.000 0.000
0.000 0.000 0.000 0.000 0.000 0.000 0.000 0.000 0.000 0.000 0.000 0.000 0.000 0.000 0.000 0.000 0.000 0.000 0.000 0.000 0.000 0.000 0.000 0.000 0.000 0.000 0.000 0.000 0.000 0.000 0.000 0.000 0.000 0.000 0.000 0.000 0.000 0.000 0.000 0.000 0.000 0.000 0.000 0.000 0.000 0.000 0.000 0.000 0.000 0.000 0.000 0.000 0.011 0.029 0.046 0.063 0.079 0.094 0.099 0.090 0.085 0.079 0.079 0.081 0.000 0.000 0.000 0.000 0.000 0.000 0.000 0.000 0.000 0.000 0.000 0.000 0.000
0.000 0.000 0.000 0.000 0.000 0.000 0.000 0.000 0.000 0.000 0.000 0.000 0.000 0.000 0.000 0.000 0.000 0.000 0.000 0.000 0.000 0.000 0.000 0.000 0.000 0.000 0.000 0.000 0.000 0.000 0.000 0.000 0.000 0.000 0.000 0.000 0.000 0.000 0.000 0.000 0.000 0.000 0.000 0.000 0.000 0.000 0.000 0.000 0.000 0.000 0.000 0.000 0.000 0.007 0.022 0.038 0.054 0.068 0.080 0.081 0.072 0.069 0.071 0.073 0.073 0.000 0.000 0.000 0.000 0.000 0.000 0.000 0.000 0.000 0.000 0.000 0.000
