数据/LID_BC_50y/LID_BC_res2/LID_BC_190-0001.wd
ncols         694
nrows         824
xllcorner     581104.939801
yllcorner     3495917.092414
cellsize      2.000000
NODATA_value  -9999.000000
[rows 714 to 747 of 824, columns 154 to 230 of 694]
0.000 0.000 0.000 0.000 0.000 0.000 0.000 0.002 0.003 0.004 0.005 0.006 0.006 0.006 0.007 0.007 0.007 0.006 0.006 0.005 0.001 0.001 0.033 0.028 0.023 0.018 0.012 0.007 0.004 0.002 0.001 0.001 0.000 0.000 0.000 0.000 0.000 0.000 0.000 0.000 0.000 0.000 0.000 0.001 0.001 0.001 0.001 0.001 0.001 0.000 0.000 0.000 0.000 0.000 0.000 0.000 0.000 0.000 0.067 0.077 0.088 0.087 0.065 0.046 0.055 0.001 0.001 0.000 0.000 0.000 0.000 0.000 0.000 0.000 0.000 0.000 0.000
0.000 0.000 0.000 0.000 0.000 0.000 0.002 0.003 0.004 0.005 0.006 0.006 0.007 0.007 0.007 0.007 0.007 0.007 0.007 0.007 0.006 0.005 0.000 0.040 0.037 0.028 0.022 0.015 0.011 0.007 0.005 0.003 0.002 0.001 0.000 0.000 0.000 0.000 0.000 0.000 0.000 0.000 0.001 0.001 0.001 0.002 0.008 0.019 0.029 0.000 0.000 0.000 0.000 0.000 0.000 0.000 0.000 0.000 0.129 0.124 0.101 0.078 0.055 0.047 0.057 0.012 0.001 0.000 0.000 0.000 0.000 0.000 0.000 0.000 0.000 0.000 0.000
0.000 0.000 0.000 0.000 0.000 0.001 0.003 0.004 0.005 0.006 0.006 0.007 0.007 0.007 0.008 0.008 0.008 0.008 0.008 0.008 0.008 0.007 0.006 0.001 0.000 0.037 0.031 0.026 0.021 0.016 0.012 0.009 0.006 0.004 0.002 0.000 0.000 0.000 0.000 0.000 0.000 0.001 0.001 0.001 0.038 0.057 0.068 0.079 0.090 0.000 0.000 0.000 0.000 0.000 0.000 0.000 0.000 0.162 0.139 0.115 0.092 0.069 0.046 0.049 0.059 0.055 0.001 0.001 0.000 0.000 0.000 0.000 0.000 0.000 0.000 0.000 0.000
0.000 0.000 0.000 0.000 0.000 0.002 0.004 0.005 0.006 0.006 0.007 0.007 0.007 0.008 0.008 0.008 0.008 0.009 0.009 0.009 0.009 0.008 0.008 0.007 0.005 0.000 0.043 0.039 0.035 0.029 0.024 0.020 0.015 0.012 0.009 0.007 0.005 0.000 0.000 0.000 0.001 0.001 0.001 0.025 0.080 0.120 0.131 0.142 0.000 0.000 0.000 0.000 0.000 0.000 0.000 0.000 0.000 0.154 0.130 0.107 0.083 0.060 0.043 0.052 0.062 0.071 0.014 0.001 0.000 0.000 0.000 0.000 0.000 0.000 0.000 0.000 0.000
0.000 0.000 0.000 0.000 0.001 0.003 0.005 0.005 0.006 0.007 0.007 0.007 0.008 0.008 0.008 0.009 0.009 0.009 0.009 0.009 0.009 0.009 0.009 0.008 0.007 0.000 0.000 0.054 0.052 0.045 0.039 0.034 0.030 0.026 0.023 0.020 0.017 0.015 0.000 0.001 0.001 0.001 0.013 0.066 0.122 0.179 0.194 0.204 0.000 0.000 0.000 0.000 0.000 0.000 0.000 0.000 0.000 0.145 0.121 0.098 0.074 0.051 0.047 0.056 0.065 0.074 0.058 0.001 0.000 0.000 0.000 0.000 0.000 0.000 0.000 0.000 0.000
0.000 0.000 0.000 0.000 0.001 0.003 0.005 0.006 0.006 0.007 0.007 0.008 0.008 0.008 0.009 0.009 0.009 0.009 0.009 0.009 0.010 0.010 0.009 0.009 0.009 0.007 0.006 0.001 0.001 0.059 0.055 0.051 0.047 0.044 0.041 0.038 0.036 0.034 0.030 0.018 0.018 0.018 0.052 0.108 0.165 0.221 0.257 0.268 0.000 0.000 0.000 0.000 0.000 0.000 0.000 0.000 0.000 0.136 0.113 0.089 0.065 0.042 0.050 0.059 0.068 0.077 0.086 0.017 0.000 0.000 0.000 0.000 0.000 0.000 0.000 0.000 0.000
0.000 0.000 0.000 0.000 0.001 0.003 0.005 0.006 0.007 0.007 0.007 0.008 0.008 0.008 0.009 0.009 0.009 0.009 0.010 0.010 0.010 0.010 0.010 0.010 0.009 0.009 0.008 0.007 0.005 0.000 0.073 0.070 0.067 0.064 0.061 0.059 0.057 0.055 0.054 0.000 0.000 0.041 0.093 0.150 0.207 0.264 0.319 0.332 0.342 0.319 0.000 0.000 0.000 0.000 0.000 0.000 0.150 0.126 0.103 0.080 0.056 0.044 0.053 0.062 0.071 0.081 0.090 0.062 0.000 0.000 0.000 0.000 0.000 0.000 0.000 0.000 0.000
0.000 0.000 0.000 0.000 0.001 0.003 0.005 0.006 0.007 0.007 0.008 0.008 0.008 0.009 0.009 0.009 0.009 0.010 0.010 0.010 0.010 0.010 0.010 0.010 0.010 0.009 0.009 0.008 0.007 0.005 0.000 0.090 0.088 0.084 0.081 0.079 0.077 0.076 0.000 0.000 0.000 0.000 0.135 0.192 0.249 0.307 0.360 0.357 0.334 0.310 0.287 0.264 0.000 0.000 0.000 0.000 0.142 0.118 0.094 0.070 0.047 0.047 0.056 0.065 0.074 0.084 0.093 0.000 0.000 0.000 0.000 0.000 0.000 0.000 0.000 0.000 0.000
0.000 0.000 0.000 0.000 0.001 0.003 0.005 0.006 0.007 0.007 0.008 0.008 0.008 0.009 0.009 0.009 0.009 0.010 0.010 0.010 0.010 0.010 0.010 0.010 0.010 0.010 0.009 0.009 0.008 0.007 0.005 0.000 0.001 0.104 0.101 0.099 0.098 0.000 0.000 0.000 0.000 0.000 0.000 0.234 0.291 0.315 0.336 0.000 0.000 0.302 0.279 0.255 0.232 0.208 0.000 0.000 0.133 0.109 0.085 0.061 0.041 0.050 0.059 0.068 0.078 0.087 0.097 0.000 0.000 0.000 0.000 0.000 0.000 0.000 0.000 0.000 0.000
0.000 0.000 0.000 0.000 0.001 0.003 0.005 0.006 0.007 0.007 0.008 0.008 0.008 0.009 0.009 0.009 0.009 0.010 0.010 0.010 0.010 0.010 0.010 0.010 0.010 0.010 0.009 0.009 0.008 0.008 0.007 0.005 0.004 0.001 0.121 0.118 0.000 0.000 0.000 0.000 0.000 0.000 0.000 0.247 0.268 0.291 0.313 0.000 0.000 0.000 0.000 0.247 0.223 0.198 0.174 0.149 0.125 0.101 0.073 0.051 0.044 0.053 0.062 0.072 0.081 0.091 0.100 0.000 0.000 0.000 0.000 0.000 0.000 0.000 0.000 0.000 0.000
0.000 0.000 0.000 0.000 0.001 0.003 0.005 0.006 0.007 0.007 0.008 0.008 0.008 0.009 0.009 0.009 0.009 0.010 0.010 0.010 0.010 0.010 0.010 0.010 0.010 0.010 0.009 0.009 0.009 0.008 0.007 0.006 0.005 0.004 0.001 0.133 0.127 0.000 0.000 0.000 0.000 0.000 0.000 0.223 0.245 0.267 0.289 0.303 0.000 0.000 0.000 0.000 0.000 0.188 0.164 0.140 0.116 0.090 0.048 0.039 0.046 0.056 0.065 0.075 0.084 0.094 0.000 0.000 0.000 0.000 0.000 0.000 0.000 0.000 0.000 0.000 0.000
0.000 0.000 0.000 0.000 0.001 0.003 0.005 0.006 0.007 0.007 0.008 0.008 0.008 0.009 0.009 0.009 0.009 0.010 0.010 0.010 0.010 0.010 0.010 0.010 0.010 0.010 0.009 0.009 0.009 0.008 0.008 0.007 0.006 0.005 0.004 0.000 0.143 0.142 0.000 0.000 0.000 0.000 0.000 0.000 0.220 0.000 0.000 0.284 0.271 0.000 0.000 0.000 0.000 0.000 0.000 0.130 0.106 0.081 0.054 0.040 0.050 0.059 0.068 0.078 0.087 0.097 0.000 0.000 0.000 0.000 0.000 0.000 0.000 0.000 0.000 0.000 0.000
0.000 0.000 0.000 0.000 0.001 0.003 0.005 0.006 0.006 0.007 0.007 0.008 0.008 0.008 0.009 0.009 0.009 0.009 0.010 0.010 0.010 0.010 0.010 0.010 0.010 0.009 0.009 0.009 0.009 0.008 0.008 0.007 0.006 0.006 0.005 0.003 0.000 0.161 0.179 0.000 0.000 0.000 0.000 0.000 0.000 0.000 0.000 0.000 0.251 0.000 0.000 0.000 0.000 0.000 0.144 0.121 0.097 0.072 0.048 0.043 0.053 0.062 0.072 0.081 0.090 0.100 0.000 0.000 0.000 0.000 0.000 0.000 0.000 0.000 0.000 0.000 0.000
0.000 0.000 0.000 0.000 0.001 0.003 0.005 0.005 0.006 0.007 0.007 0.008 0.008 0.008 0.009 0.009 0.009 0.009 0.009 0.010 0.010 0.010 0.010 0.010 0.009 0.009 0.009 0.009 0.009 0.008 0.008 0.007 0.007 0.006 0.005 0.004 0.003 0.001 0.153 0.171 0.000 0.000 0.000 0.000 0.000 0.000 0.000 0.000 0.232 0.000 0.000 0.000 0.000 0.000 0.135 0.111 0.088 0.063 0.039 0.047 0.056 0.066 0.075 0.084 0.093 0.000 0.000 0.000 0.000 0.000 0.000 0.000 0.000 0.000 0.000 0.000 0.000
0.000 0.000 0.000 0.000 0.000 0.002 0.004 0.005 0.006 0.006 0.007 0.007 0.008 0.008 0.008 0.009 0.009 0.009 0.009 0.009 0.009 0.009 0.009 0.009 0.009 0.009 0.009 0.009 0.008 0.008 0.008 0.007 0.007 0.006 0.005 0.005 0.003 0.001 0.000 0.143 0.160 0.000 0.000 0.000 0.000 0.000 0.000 0.219 0.213 0.000 0.000 0.000 0.000 0.146 0.125 0.102 0.078 0.054 0.042 0.051 0.060 0.069 0.078 0.087 0.096 0.104 0.113 0.000 0.000 0.000 0.000 0.000 0.000 0.000 0.000 0.000 0.000
0.000 0.000 0.000 0.000 0.000 0.001 0.003 0.004 0.005 0.006 0.007 0.007 0.008 0.008 0.008 0.008 0.009 0.009 0.009 0.009 0.009 0.009 0.009 0.009 0.009 0.009 0.009 0.009 0.008 0.008 0.008 0.007 0.007 0.006 0.005 0.005 0.003 0.001 0.000 0.000 0.132 0.148 0.000 0.000 0.000 0.000 0.000 0.000 0.000 0.000 0.000 0.000 0.000 0.126 0.114 0.093 0.069 0.046 0.046 0.054 0.063 0.073 0.082 0.091 0.099 0.107 0.116 0.123 0.132 0.000 0.000 0.000 0.000 0.000 0.000 0.000 0.000
0.000 0.000 0.000 0.000 0.000 0.000 0.002 0.003 0.004 0.005 0.006 0.007 0.007 0.008 0.008 0.008 0.008 0.009 0.009 0.009 0.009 0.009 0.009 0.009 0.009 0.009 0.009 0.008 0.008 0.008 0.007 0.007 0.006 0.006 0.005 0.004 0.003 0.001 0.000 0.000 0.000 0.117 0.130 0.150 0.000 0.000 0.000 0.000 0.000 0.000 0.000 0.000 0.120 0.107 0.094 0.082 0.061 0.040 0.049 0.058 0.067 0.076 0.085 0.094 0.102 0.111 0.119 0.127 0.135 0.143 0.152 0.000 0.000 0.000 0.000 0.000 0.000
0.000 0.000 0.000 0.000 0.000 0.000 0.000 0.002 0.003 0.004 0.005 0.006 0.007 0.007 0.008 0.008 0.008 0.008 0.009 0.009 0.009 0.009 0.009 0.009 0.009 0.008 0.008 0.008 0.008 0.007 0.007 0.007 0.006 0.006 0.005 0.004 0.002 0.000 0.000 0.000 0.000 0.000 0.105 0.123 0.142 0.000 0.000 0.000 0.000 0.000 0.000 0.000 0.100 0.088 0.075 0.063 0.050 0.044 0.053 0.062 0.071 0.080 0.088 0.097 0.106 0.114 0.122 0.130 0.138 0.146 0.155 0.163 0.114 0.000 0.000 0.000 0.000
0.000 0.000 0.000 0.000 0.000 0.000 0.000 0.000 0.002 0.003 0.004 0.005 0.006 0.007 0.007 0.008 0.008 0.008 0.008 0.008 0.008 0.008 0.008 0.008 0.008 0.008 0.008 0.008 0.008 0.007 0.007 0.006 0.006 0.005 0.004 0.003 0.001 0.000 0.000 0.000 0.000 0.000 0.000 0.098 0.115 0.133 0.000 0.000 0.000 0.000 0.000 0.095 0.082 0.069 0.056 0.043 0.040 0.044 0.053 0.063 0.073 0.083 0.092 0.101 0.110 0.000 0.000 0.000 0.141 0.150 0.158 0.167 0.159 0.072 0.007 0.000 0.000
0.000 0.000 0.000 0.000 0.000 0.000 0.000 0.000 0.000 0.002 0.003 0.004 0.005 0.006 0.007 0.007 0.007 0.008 0.008 0.008 0.008 0.008 0.008 0.008 0.008 0.008 0.008 0.007 0.007 0.007 0.006 0.006 0.005 0.004 0.003 0.002 0.000 0.000 0.000 0.000 0.000 0.000 0.000 0.000 0.088 0.106 0.124 0.000 0.000 0.000 0.000 0.076 0.063 0.050 0.042 0.041 0.040 0.042 0.051 0.061 0.071 0.081 0.091 0.100 0.110 0.000 0.000 0.000 0.000 0.000 0.161 0.170 0.179 0.117 0.076 0.037 0.000
0.000 0.000 0.000 0.000 0.000 0.000 0.000 0.000 0.000 0.000 0.002 0.003 0.004 0.005 0.006 0.007 0.007 0.007 0.007 0.008 0.008 0.008 0.008 0.008 0.008 0.007 0.007 0.007 0.007 0.006 0.006 0.005 0.004 0.003 0.002 0.000 0.000 0.000 0.000 0.000 0.000 0.000 0.000 0.000 0.065 0.081 0.097 0.114 0.000 0.092 0.078 0.061 0.046 0.044 0.043 0.042 0.041 0.041 0.050 0.059 0.069 0.079 0.089 0.099 0.000 0.000 0.000 0.000 0.000 0.000 0.000 0.170 0.180 0.185 0.147 0.107 0.000
0.000 0.000 0.000 0.000 0.000 0.000 0.000 0.000 0.000 0.000 0.000 0.002 0.003 0.004 0.005 0.006 0.006 0.007 0.007 0.007 0.007 0.007 0.007 0.007 0.007 0.007 0.007 0.007 0.006 0.006 0.005 0.004 0.003 0.002 0.000 0.000 0.000 0.000 0.000 0.000 0.000 0.000 0.000 0.000 0.000 0.056 0.071 0.084 0.095 0.076 0.059 0.050 0.047 0.045 0.044 0.043 0.042 0.041 0.048 0.058 0.068 0.078 0.088 0.000 0.000 0.000 0.000 0.000 0.000 0.000 0.000 0.000 0.000 0.191 0.186 0.177 0.138
0.000 0.000 0.000 0.000 0.000 0.000 0.000 0.000 0.000 0.000 0.000 0.000 0.002 0.003 0.004 0.005 0.006 0.006 0.006 0.007 0.007 0.007 0.007 0.007 0.007 0.007 0.006 0.006 0.006 0.005 0.004 0.003 0.002 0.000 0.000 0.000 0.000 0.000 0.000 0.000 0.000 0.000 0.000 0.000 0.000 0.000 0.045 0.057 0.069 0.058 0.054 0.050 0.048 0.046 0.044 0.043 0.042 0.041 0.047 0.056 0.066 0.076 0.086 0.000 0.000 0.000 0.000 0.000 0.000 0.000 0.000 0.000 0.000 0.000 0.000 0.186 0.181
0.000 0.000 0.000 0.000 0.000 0.000 0.000 0.000 0.000 0.000 0.000 0.000 0.000 0.002 0.003 0.004 0.005 0.005 0.006 0.006 0.006 0.006 0.006 0.006 0.006 0.006 0.006 0.005 0.005 0.004 0.003 0.002 0.000 0.000 0.000 0.000 0.000 0.000 0.000 0.000 0.000 0.000 0.000 0.000 0.000 0.000 0.000 0.032 0.045 0.056 0.052 0.050 0.047 0.045 0.044 0.043 0.042 0.041 0.045 0.055 0.065 0.075 0.000 0.000 0.000 0.000 0.000 0.000 0.000 0.000 0.000 0.000 0.000 0.000 0.000 0.000 0.000
0.000 0.000 0.000 0.000 0.000 0.000 0.000 0.000 0.000 0.000 0.000 0.000 0.000 0.000 0.002 0.003 0.004 0.005 0.005 0.005 0.005 0.005 0.005 0.005 0.005 0.005 0.005 0.005 0.004 0.003 0.002 0.000 0.000 0.000 0.000 0.000 0.000 0.000 0.000 0.000 0.000 0.000 0.000 0.000 0.000 0.000 0.000 0.000 0.021 0.037 0.050 0.048 0.046 0.045 0.043 0.042 0.041 0.040 0.043 0.053 0.063 0.073 0.000 0.000 0.000 0.000 0.000 0.000 0.000 0.000 0.000 0.000 0.000 0.000 0.000 0.000 0.000
0.000 0.000 0.000 0.000 0.000 0.000 0.000 0.000 0.000 0.000 0.000 0.000 0.000 0.000 0.000 0.001 0.002 0.003 0.003 0.003 0.003 0.003 0.003 0.003 0.003 0.003 0.003 0.003 0.002 0.001 0.000 0.000 0.000 0.000 0.000 0.000 0.000 0.000 0.000 0.000 0.000 0.000 0.000 0.000 0.000 0.000 0.000 0.000 0.000 0.000 0.033 0.047 0.045 0.044 0.043 0.042 0.041 0.040 0.041 0.051 0.061 0.000 0.000 0.000 0.000 0.000 0.000 0.000 0.000 0.000 0.000 0.000 0.000 0.000 0.000 0.000 0.000
0.000 0.000 0.000 0.000 0.000 0.000 0.000 0.000 0.000 0.000 0.000 0.000 0.000 0.000 0.000 0.000 0.000 0.001 0.001 0.001 0.001 0.001 0.001 0.001 0.001 0.001 0.001 0.001 0.000 0.000 0.000 0.000 0.000 0.000 0.000 0.000 0.000 0.000 0.000 0.000 0.000 0.000 0.000 0.000 0.000 0.000 0.000 0.000 0.000 0.000 0.012 0.031 0.044 0.043 0.042 0.041 0.040 0.040 0.040 0.049 0.059 0.000 0.000 0.000 0.000 0.000 0.000 0.000 0.000 0.000 0.000 0.000 0.000 0.000 0.000 0.000 0.000
0.000 0.000 0.000 0.000 0.000 0.000 0.000 0.000 0.000 0.000 0.000 0.000 0.000 0.000 0.000 0.000 0.000 0.000 0.000 0.000 0.000 0.000 0.000 0.000 0.000 0.000 0.000 0.000 0.000 0.000 0.000 0.000 0.000 0.000 0.000 0.000 0.000 0.000 0.000 0.000 0.000 0.000 0.000 0.000 0.000 0.000 0.000 0.000 0.000 0.000 0.001 0.010 0.029 0.042 0.041 0.040 0.039 0.039 0.039 0.047 0.000 0.000 0.000 0.000 0.000 0.000 0.000 0.000 0.000 0.000 0.000 0.000 0.000 0.000 0.000 0.000 0.000
0.000 0.000 0.000 0.000 0.000 0.000 0.000 0.000 0.000 0.000 0.000 0.000 0.000 0.000 0.000 0.000 0.000 0.000 0.000 0.000 0.000 0.000 0.000 0.000 0.000 0.000 0.000 0.000 0.000 0.000 0.000 0.000 0.000 0.000 0.000 0.000 0.000 0.000 0.000 0.000 0.000 0.000 0.000 0.000 0.000 0.000 0.000 0.000 0.000 0.000 0.000 0.001 0.008 0.027 0.040 0.039 0.038 0.037 0.036 0.000 0.000 0.000 0.000 0.000 0.000 0.000 0.000 0.000 0.000 0.000 0.000 0.000 0.000 0.000 0.000 0.000 0.000
0.000 0.000 0.000 0.000 0.000 0.000 0.000 0.000 0.000 0.000 0.000 0.000 0.000 0.000 0.000 0.000 0.000 0.000 0.000 0.000 0.000 0.000 0.000 0.000 0.000 0.000 0.000 0.000 0.000 0.000 0.000 0.000 0.000 0.000 0.000 0.000 0.000 0.000 0.000 0.000 0.000 0.000 0.000 0.000 0.000 0.000 0.000 0.000 0.000 0.000 0.000 0.001 0.001 0.005 0.025 0.037 0.035 0.034 0.031 0.031 0.000 0.000 0.000 0.000 0.000 0.000 0.000 0.000 0.000 0.000 0.000 0.000 0.000 0.000 0.000 0.000 0.000
0.000 0.000 0.000 0.000 0.000 0.000 0.000 0.000 0.000 0.000 0.000 0.000 0.000 0.000 0.000 0.000 0.000 0.000 0.000 0.000 0.000 0.000 0.000 0.000 0.000 0.000 0.000 0.000 0.000 0.000 0.000 0.000 0.000 0.000 0.000 0.000 0.000 0.000 0.000 0.000 0.000 0.000 0.000 0.000 0.000 0.000 0.000 0.000 0.000 0.000 0.000 0.001 0.001 0.001 0.003 0.022 0.033 0.030 0.028 0.025 0.029 0.000 0.000 0.000 0.000 0.000 0.000 0.000 0.000 0.000 0.000 0.000 0.000 0.000 0.000 0.000 0.000
0.000 0.000 0.000 0.000 0.000 0.000 0.000 0.000 0.000 0.000 0.000 0.000 0.000 0.000 0.000 0.000 0.000 0.000 0.000 0.000 0.000 0.000 0.000 0.000 0.000 0.000 0.000 0.000 0.000 0.000 0.000 0.000 0.000 0.000 0.000 0.000 0.000 0.000 0.000 0.000 0.000 0.000 0.000 0.000 0.000 0.000 0.000 0.000 0.000 0.000 0.000 0.001 0.001 0.001 0.001 0.002 0.017 0.027 0.024 0.020 0.023 0.022 0.024 0.000 0.000 0.000 0.000 0.000 0.000 0.000 0.000 0.000 0.000 0.000 0.000 0.000 0.000
0.000 0.000 0.000 0.000 0.000 0.000 0.000 0.000 0.000 0.000 0.000 0.000 0.000 0.000 0.000 0.000 0.000 0.000 0.000 0.000 0.000 0.000 0.000 0.000 0.000 0.000 0.000 0.000 0.000 0.000 0.000 0.000 0.000 0.000 0.000 0.000 0.000 0.000 0.000 0.000 0.000 0.000 0.000 0.000 0.000 0.000 0.000 0.000 0.000 0.000 0.000 0.000 0.001 0.001 0.001 0.001 0.001 0.011 0.021 0.017 0.017 0.017 0.019 0.022 0.000 0.000 0.000 0.000 0.000 0.000 0.000 0.000 0.000 0.000 0.000 0.000 0.000
0.000 0.000 0.000 0.000 0.000 0.000 0.000 0.000 0.000 0.000 0.000 0.000 0.000 0.000 0.000 0.000 0.000 0.000 0.000 0.000 0.000 0.000 0.000 0.000 0.000 0.000 0.000 0.000 0.000 0.000 0.000 0.000 0.000 0.000 0.000 0.000 0.000 0.000 0.000 0.000 0.000 0.000 0.000 0.000 0.000 0.000 0.000 0.000 0.000 0.000 0.000 0.000 0.000 0.001 0.001 0.001 0.001 0.001 0.006 0.014 0.012 0.013 0.016 0.019 0.021 0.000 0.000 0.000 0.000 0.000 0.000 0.000 0.000 0.000 0.000 0.000 0.000
