数据/LID_BC_50y/LID_BC_res2/LID_BC_144-0001.wd
ncols         694
nrows         824
xllcorner     581104.939801
yllcorner     3495917.092414
cellsize      2.000000
NODATA_value  -9999.000000
[rows 714 to 747 of 824, columns 154 to 230 of 694]
0.000 0.000 0.000 0.000 0.000 0.000 0.000 0.002 0.003 0.004 0.005 0.006 0.007 0.008 0.008 0.009 0.009 0.009 0.009 0.008 0.000 0.001 0.085 0.082 0.079 0.075 0.069 0.064 0.058 0.052 0.046 0.042 0.000 0.000 0.000 0.000 0.000 0.000 0.000 0.000 0.000 0.000 0.000 0.024 0.047 0.057 0.068 0.079 0.090 0.000 0.000 0.000 0.000 0.000 0.000 0.000 0.000 0.000 0.188 0.198 0.209 0.209 0.187 0.166 0.175 0.091 0.015 0.000 0.000 0.000 0.000 0.000 0.000 0.000 0.000 0.000 0.000
0.000 0.000 0.000 0.000 0.000 0.000 0.002 0.003 0.004 0.005 0.006 0.007 0.008 0.009 0.009 0.010 0.011 0.011 0.011 0.011 0.011 0.010 0.000 0.101 0.099 0.094 0.089 0.083 0.077 0.070 0.064 0.058 0.052 0.048 0.000 0.000 0.000 0.000 0.000 0.000 0.000 0.000 0.013 0.066 0.109 0.120 0.131 0.141 0.151 0.000 0.000 0.000 0.000 0.000 0.000 0.000 0.000 0.000 0.250 0.246 0.223 0.199 0.177 0.168 0.178 0.133 0.047 0.000 0.000 0.000 0.000 0.000 0.000 0.000 0.000 0.000 0.000
0.000 0.000 0.000 0.000 0.000 0.001 0.003 0.004 0.005 0.006 0.007 0.008 0.009 0.010 0.010 0.011 0.012 0.012 0.013 0.014 0.014 0.015 0.014 0.001 0.001 0.114 0.108 0.103 0.096 0.089 0.083 0.077 0.070 0.066 0.062 0.000 0.000 0.000 0.000 0.000 0.000 0.004 0.054 0.109 0.164 0.183 0.193 0.204 0.214 0.000 0.000 0.000 0.000 0.000 0.000 0.000 0.000 0.283 0.260 0.236 0.213 0.190 0.166 0.170 0.179 0.176 0.089 0.007 0.000 0.000 0.000 0.000 0.000 0.000 0.000 0.000 0.000
0.000 0.000 0.000 0.000 0.000 0.002 0.004 0.005 0.006 0.007 0.008 0.009 0.010 0.010 0.011 0.012 0.013 0.014 0.014 0.016 0.017 0.018 0.020 0.022 0.025 0.001 0.128 0.121 0.116 0.108 0.101 0.095 0.090 0.085 0.081 0.076 0.073 0.000 0.000 0.000 0.003 0.042 0.096 0.151 0.207 0.246 0.257 0.267 0.000 0.000 0.000 0.000 0.000 0.000 0.000 0.000 0.000 0.275 0.251 0.227 0.204 0.180 0.164 0.173 0.182 0.191 0.135 0.048 0.000 0.000 0.000 0.000 0.000 0.000 0.000 0.000 0.000
0.000 0.000 0.000 0.000 0.001 0.003 0.005 0.006 0.007 0.008 0.008 0.009 0.010 0.011 0.012 0.013 0.013 0.014 0.016 0.017 0.019 0.021 0.024 0.030 0.040 0.059 0.001 0.141 0.135 0.126 0.119 0.114 0.109 0.105 0.101 0.097 0.094 0.092 0.000 0.039 0.047 0.084 0.138 0.194 0.249 0.305 0.320 0.331 0.000 0.000 0.000 0.000 0.000 0.000 0.000 0.000 0.000 0.265 0.242 0.218 0.194 0.171 0.167 0.176 0.185 0.194 0.178 0.093 0.000 0.000 0.000 0.000 0.000 0.000 0.000 0.000 0.000
0.000 0.000 0.000 0.000 0.001 0.003 0.005 0.006 0.007 0.008 0.009 0.010 0.011 0.011 0.012 0.013 0.014 0.015 0.016 0.018 0.020 0.022 0.025 0.029 0.034 0.040 0.026 0.000 0.000 0.142 0.137 0.133 0.129 0.125 0.121 0.118 0.115 0.112 0.104 0.079 0.092 0.126 0.180 0.236 0.291 0.347 0.383 0.394 0.000 0.000 0.000 0.000 0.000 0.000 0.000 0.000 0.000 0.257 0.233 0.208 0.185 0.161 0.169 0.179 0.188 0.197 0.207 0.137 0.000 0.000 0.000 0.000 0.000 0.000 0.000 0.000 0.000
0.000 0.000 0.000 0.000 0.001 0.003 0.005 0.006 0.007 0.008 0.009 0.010 0.011 0.012 0.012 0.013 0.014 0.015 0.017 0.018 0.020 0.022 0.024 0.026 0.029 0.030 0.024 0.017 0.011 0.001 0.155 0.153 0.149 0.146 0.142 0.139 0.136 0.133 0.131 0.000 0.000 0.166 0.222 0.278 0.333 0.390 0.445 0.457 0.467 0.444 0.000 0.000 0.000 0.000 0.000 0.000 0.271 0.247 0.223 0.200 0.175 0.163 0.173 0.182 0.191 0.200 0.210 0.182 0.000 0.000 0.000 0.000 0.000 0.000 0.000 0.000 0.000
0.000 0.000 0.000 0.000 0.001 0.003 0.005 0.006 0.007 0.008 0.009 0.010 0.011 0.012 0.013 0.013 0.014 0.015 0.017 0.018 0.019 0.021 0.022 0.024 0.025 0.025 0.022 0.018 0.014 0.010 0.001 0.171 0.170 0.166 0.163 0.160 0.157 0.155 0.000 0.000 0.000 0.000 0.263 0.320 0.375 0.431 0.486 0.482 0.459 0.435 0.410 0.386 0.000 0.000 0.000 0.000 0.261 0.238 0.213 0.190 0.167 0.166 0.175 0.184 0.193 0.204 0.213 0.000 0.000 0.000 0.000 0.000 0.000 0.000 0.000 0.000 0.000
0.000 0.000 0.000 0.000 0.001 0.003 0.005 0.006 0.007 0.008 0.009 0.010 0.011 0.012 0.013 0.013 0.014 0.015 0.016 0.017 0.018 0.020 0.021 0.022 0.022 0.022 0.020 0.018 0.015 0.012 0.009 0.001 0.000 0.186 0.183 0.180 0.179 0.000 0.000 0.000 0.000 0.000 0.000 0.362 0.418 0.441 0.462 0.000 0.000 0.425 0.401 0.377 0.352 0.328 0.000 0.000 0.252 0.228 0.204 0.181 0.159 0.169 0.178 0.187 0.197 0.206 0.216 0.000 0.000 0.000 0.000 0.000 0.000 0.000 0.000 0.000 0.000
0.000 0.000 0.000 0.000 0.001 0.003 0.005 0.006 0.007 0.008 0.009 0.010 0.011 0.012 0.013 0.013 0.014 0.015 0.016 0.017 0.018 0.019 0.019 0.020 0.020 0.020 0.018 0.017 0.015 0.013 0.011 0.008 0.006 0.001 0.203 0.199 0.000 0.000 0.000 0.000 0.000 0.000 0.000 0.375 0.396 0.417 0.439 0.000 0.000 0.000 0.000 0.368 0.343 0.318 0.291 0.266 0.242 0.218 0.194 0.171 0.162 0.171 0.180 0.189 0.199 0.209 0.219 0.000 0.000 0.000 0.000 0.000 0.000 0.000 0.000 0.000 0.000
0.000 0.000 0.000 0.000 0.001 0.003 0.005 0.006 0.007 0.008 0.009 0.010 0.011 0.012 0.012 0.013 0.014 0.015 0.015 0.016 0.017 0.018 0.018 0.018 0.019 0.018 0.017 0.016 0.014 0.013 0.011 0.009 0.008 0.005 0.000 0.214 0.206 0.000 0.000 0.000 0.000 0.000 0.000 0.351 0.372 0.394 0.415 0.427 0.000 0.000 0.000 0.000 0.000 0.307 0.283 0.257 0.231 0.207 0.185 0.160 0.164 0.173 0.183 0.192 0.201 0.210 0.000 0.000 0.000 0.000 0.000 0.000 0.000 0.000 0.000 0.000 0.000
0.000 0.000 0.000 0.000 0.001 0.003 0.005 0.006 0.007 0.008 0.009 0.010 0.011 0.011 0.012 0.013 0.013 0.014 0.015 0.015 0.016 0.017 0.017 0.017 0.017 0.017 0.016 0.015 0.014 0.013 0.011 0.010 0.009 0.007 0.005 0.000 0.222 0.219 0.000 0.000 0.000 0.000 0.000 0.000 0.349 0.000 0.000 0.408 0.396 0.000 0.000 0.000 0.000 0.000 0.000 0.244 0.220 0.196 0.173 0.157 0.166 0.175 0.184 0.193 0.203 0.213 0.000 0.000 0.000 0.000 0.000 0.000 0.000 0.000 0.000 0.000 0.000
0.000 0.000 0.000 0.000 0.001 0.003 0.005 0.006 0.007 0.008 0.009 0.010 0.010 0.011 0.012 0.012 0.013 0.014 0.014 0.015 0.015 0.016 0.016 0.016 0.016 0.016 0.015 0.014 0.013 0.012 0.011 0.010 0.009 0.008 0.006 0.004 0.000 0.237 0.254 0.000 0.000 0.000 0.000 0.000 0.000 0.000 0.000 0.000 0.377 0.000 0.000 0.000 0.000 0.000 0.255 0.232 0.209 0.186 0.162 0.158 0.167 0.176 0.185 0.195 0.205 0.215 0.000 0.000 0.000 0.000 0.000 0.000 0.000 0.000 0.000 0.000 0.000
0.000 0.000 0.000 0.000 0.001 0.003 0.005 0.006 0.007 0.008 0.008 0.009 0.010 0.011 0.011 0.012 0.012 0.013 0.014 0.014 0.014 0.015 0.015 0.015 0.015 0.015 0.014 0.013 0.013 0.012 0.011 0.010 0.009 0.008 0.006 0.005 0.003 0.001 0.226 0.243 0.000 0.000 0.000 0.000 0.000 0.000 0.000 0.000 0.356 0.000 0.000 0.000 0.000 0.000 0.246 0.222 0.198 0.175 0.151 0.160 0.168 0.176 0.186 0.195 0.204 0.000 0.000 0.000 0.000 0.000 0.000 0.000 0.000 0.000 0.000 0.000 0.000
0.000 0.000 0.000 0.000 0.000 0.002 0.004 0.005 0.006 0.007 0.008 0.009 0.010 0.010 0.011 0.011 0.012 0.012 0.013 0.013 0.014 0.014 0.014 0.014 0.014 0.014 0.013 0.013 0.012 0.011 0.010 0.010 0.009 0.008 0.006 0.005 0.003 0.001 0.000 0.213 0.228 0.000 0.000 0.000 0.000 0.000 0.000 0.341 0.336 0.000 0.000 0.000 0.000 0.255 0.236 0.212 0.188 0.165 0.152 0.161 0.170 0.179 0.188 0.195 0.203 0.209 0.218 0.000 0.000 0.000 0.000 0.000 0.000 0.000 0.000 0.000 0.000
0.000 0.000 0.000 0.000 0.000 0.001 0.003 0.004 0.005 0.006 0.007 0.008 0.009 0.010 0.010 0.011 0.011 0.012 0.012 0.013 0.013 0.013 0.013 0.013 0.013 0.013 0.012 0.012 0.011 0.011 0.010 0.009 0.008 0.007 0.006 0.005 0.003 0.001 0.000 0.000 0.198 0.213 0.000 0.000 0.000 0.000 0.000 0.000 0.000 0.000 0.000 0.000 0.000 0.234 0.222 0.201 0.178 0.154 0.154 0.163 0.172 0.181 0.189 0.196 0.205 0.212 0.220 0.227 0.235 0.000 0.000 0.000 0.000 0.000 0.000 0.000 0.000
0.000 0.000 0.000 0.000 0.000 0.000 0.002 0.003 0.004 0.005 0.006 0.007 0.008 0.009 0.010 0.010 0.011 0.011 0.012 0.012 0.012 0.012 0.012 0.012 0.012 0.012 0.012 0.011 0.011 0.010 0.010 0.009 0.008 0.007 0.006 0.005 0.003 0.001 0.000 0.000 0.000 0.182 0.194 0.214 0.000 0.000 0.000 0.000 0.000 0.000 0.000 0.000 0.223 0.212 0.200 0.188 0.167 0.147 0.156 0.165 0.174 0.183 0.191 0.199 0.208 0.216 0.223 0.231 0.238 0.245 0.253 0.000 0.000 0.000 0.000 0.000 0.000
0.000 0.000 0.000 0.000 0.000 0.000 0.000 0.002 0.003 0.004 0.005 0.006 0.007 0.008 0.009 0.010 0.010 0.011 0.011 0.011 0.011 0.012 0.012 0.012 0.012 0.011 0.011 0.011 0.010 0.010 0.009 0.008 0.007 0.006 0.005 0.004 0.002 0.000 0.000 0.000 0.000 0.000 0.169 0.187 0.205 0.000 0.000 0.000 0.000 0.000 0.000 0.000 0.202 0.189 0.178 0.166 0.155 0.149 0.158 0.167 0.176 0.186 0.194 0.203 0.211 0.219 0.226 0.234 0.240 0.248 0.256 0.264 0.215 0.000 0.000 0.000 0.000
0.000 0.000 0.000 0.000 0.000 0.000 0.000 0.000 0.002 0.003 0.004 0.005 0.006 0.007 0.008 0.009 0.009 0.010 0.010 0.011 0.011 0.011 0.011 0.011 0.011 0.011 0.010 0.010 0.009 0.009 0.008 0.007 0.006 0.005 0.004 0.003 0.001 0.000 0.000 0.000 0.000 0.000 0.000 0.161 0.178 0.196 0.000 0.000 0.000 0.000 0.000 0.192 0.181 0.169 0.157 0.144 0.144 0.148 0.158 0.167 0.178 0.188 0.197 0.206 0.215 0.000 0.000 0.000 0.242 0.251 0.259 0.267 0.259 0.172 0.104 0.000 0.000
0.000 0.000 0.000 0.000 0.000 0.000 0.000 0.000 0.000 0.002 0.003 0.004 0.005 0.006 0.007 0.008 0.009 0.009 0.010 0.010 0.010 0.010 0.010 0.010 0.010 0.010 0.010 0.009 0.009 0.008 0.007 0.006 0.005 0.004 0.003 0.002 0.000 0.000 0.000 0.000 0.000 0.000 0.000 0.000 0.151 0.170 0.189 0.000 0.000 0.000 0.000 0.173 0.160 0.148 0.141 0.142 0.142 0.145 0.155 0.165 0.175 0.185 0.195 0.206 0.216 0.000 0.000 0.000 0.000 0.000 0.261 0.270 0.278 0.216 0.174 0.134 0.000
0.000 0.000 0.000 0.000 0.000 0.000 0.000 0.000 0.000 0.000 0.002 0.003 0.004 0.005 0.006 0.007 0.008 0.008 0.009 0.009 0.009 0.009 0.009 0.009 0.009 0.009 0.009 0.008 0.008 0.007 0.006 0.005 0.004 0.003 0.002 0.000 0.000 0.000 0.000 0.000 0.000 0.000 0.000 0.000 0.129 0.145 0.163 0.181 0.000 0.176 0.163 0.152 0.140 0.140 0.140 0.140 0.141 0.142 0.152 0.161 0.172 0.183 0.193 0.203 0.000 0.000 0.000 0.000 0.000 0.000 0.000 0.270 0.280 0.284 0.245 0.205 0.000
0.000 0.000 0.000 0.000 0.000 0.000 0.000 0.000 0.000 0.000 0.000 0.002 0.003 0.004 0.005 0.006 0.007 0.008 0.008 0.008 0.008 0.008 0.008 0.008 0.008 0.008 0.008 0.008 0.007 0.006 0.005 0.004 0.003 0.002 0.000 0.000 0.000 0.000 0.000 0.000 0.000 0.000 0.000 0.000 0.000 0.122 0.138 0.154 0.171 0.156 0.143 0.139 0.139 0.138 0.139 0.139 0.140 0.140 0.149 0.159 0.169 0.180 0.190 0.000 0.000 0.000 0.000 0.000 0.000 0.000 0.000 0.000 0.000 0.289 0.284 0.273 0.231
0.000 0.000 0.000 0.000 0.000 0.000 0.000 0.000 0.000 0.000 0.000 0.000 0.002 0.003 0.004 0.005 0.006 0.007 0.007 0.007 0.007 0.007 0.007 0.007 0.007 0.007 0.007 0.007 0.006 0.005 0.004 0.003 0.002 0.000 0.000 0.000 0.000 0.000 0.000 0.000 0.000 0.000 0.000 0.000 0.000 0.000 0.114 0.130 0.147 0.139 0.139 0.138 0.137 0.137 0.137 0.138 0.138 0.139 0.146 0.156 0.167 0.178 0.188 0.000 0.000 0.000 0.000 0.000 0.000 0.000 0.000 0.000 0.000 0.000 0.000 0.280 0.274
0.000 0.000 0.000 0.000 0.000 0.000 0.000 0.000 0.000 0.000 0.000 0.000 0.000 0.002 0.003 0.004 0.005 0.006 0.006 0.006 0.006 0.006 0.006 0.006 0.006 0.006 0.006 0.006 0.005 0.004 0.003 0.002 0.000 0.000 0.000 0.000 0.000 0.000 0.000 0.000 0.000 0.000 0.000 0.000 0.000 0.000 0.000 0.107 0.124 0.138 0.137 0.136 0.136 0.136 0.136 0.137 0.136 0.137 0.143 0.153 0.164 0.176 0.000 0.000 0.000 0.000 0.000 0.000 0.000 0.000 0.000 0.000 0.000 0.000 0.000 0.000 0.000
0.000 0.000 0.000 0.000 0.000 0.000 0.000 0.000 0.000 0.000 0.000 0.000 0.000 0.000 0.002 0.003 0.004 0.005 0.005 0.005 0.005 0.005 0.005 0.005 0.005 0.005 0.005 0.005 0.004 0.003 0.002 0.000 0.000 0.000 0.000 0.000 0.000 0.000 0.000 0.000 0.000 0.000 0.000 0.000 0.000 0.000 0.000 0.000 0.101 0.120 0.135 0.134 0.134 0.134 0.134 0.134 0.135 0.135 0.139 0.150 0.161 0.173 0.000 0.000 0.000 0.000 0.000 0.000 0.000 0.000 0.000 0.000 0.000 0.000 0.000 0.000 0.000
0.000 0.000 0.000 0.000 0.000 0.000 0.000 0.000 0.000 0.000 0.000 0.000 0.000 0.000 0.000 0.001 0.002 0.003 0.003 0.003 0.003 0.003 0.003 0.003 0.003 0.003 0.003 0.003 0.002 0.001 0.000 0.000 0.000 0.000 0.000 0.000 0.000 0.000 0.000 0.000 0.000 0.000 0.000 0.000 0.000 0.000 0.000 0.000 0.000 0.087 0.116 0.132 0.132 0.132 0.132 0.132 0.132 0.133 0.135 0.147 0.157 0.000 0.000 0.000 0.000 0.000 0.000 0.000 0.000 0.000 0.000 0.000 0.000 0.000 0.000 0.000 0.000
0.000 0.000 0.000 0.000 0.000 0.000 0.000 0.000 0.000 0.000 0.000 0.000 0.000 0.000 0.000 0.000 0.000 0.001 0.001 0.001 0.001 0.001 0.001 0.001 0.001 0.001 0.001 0.001 0.000 0.000 0.000 0.000 0.000 0.000 0.000 0.000 0.000 0.000 0.000 0.000 0.000 0.000 0.000 0.000 0.000 0.000 0.000 0.000 0.000 0.000 0.095 0.116 0.130 0.130 0.129 0.128 0.128 0.129 0.131 0.143 0.155 0.000 0.000 0.000 0.000 0.000 0.000 0.000 0.000 0.000 0.000 0.000 0.000 0.000 0.000 0.000 0.000
0.000 0.000 0.000 0.000 0.000 0.000 0.000 0.000 0.000 0.000 0.000 0.000 0.000 0.000 0.000 0.000 0.000 0.000 0.000 0.000 0.000 0.000 0.000 0.000 0.000 0.000 0.000 0.000 0.000 0.000 0.000 0.000 0.000 0.000 0.000 0.000 0.000 0.000 0.000 0.000 0.000 0.000 0.000 0.000 0.000 0.000 0.000 0.000 0.000 0.000 0.074 0.094 0.113 0.127 0.125 0.124 0.122 0.123 0.126 0.138 0.000 0.000 0.000 0.000 0.000 0.000 0.000 0.000 0.000 0.000 0.000 0.000 0.000 0.000 0.000 0.000 0.000
0.000 0.000 0.000 0.000 0.000 0.000 0.000 0.000 0.000 0.000 0.000 0.000 0.000 0.000 0.000 0.000 0.000 0.000 0.000 0.000 0.000 0.000 0.000 0.000 0.000 0.000 0.000 0.000 0.000 0.000 0.000 0.000 0.000 0.000 0.000 0.000 0.000 0.000 0.000 0.000 0.000 0.000 0.000 0.000 0.000 0.000 0.000 0.000 0.000 0.000 0.000 0.070 0.090 0.109 0.120 0.117 0.108 0.113 0.115 0.000 0.000 0.000 0.000 0.000 0.000 0.000 0.000 0.000 0.000 0.000 0.000 0.000 0.000 0.000 0.000 0.000 0.000
0.000 0.000 0.000 0.000 0.000 0.000 0.000 0.000 0.000 0.000 0.000 0.000 0.000 0.000 0.000 0.000 0.000 0.000 0.000 0.000 0.000 0.000 0.000 0.000 0.000 0.000 0.000 0.000 0.000 0.000 0.000 0.000 0.000 0.000 0.000 0.000 0.000 0.000 0.000 0.000 0.000 0.000 0.000 0.000 0.000 0.000 0.000 0.000 0.000 0.000 0.000 0.048 0.067 0.085 0.103 0.112 0.108 0.107 0.105 0.102 0.000 0.000 0.000 0.000 0.000 0.000 0.000 0.000 0.000 0.000 0.000 0.000 0.000 0.000 0.000 0.000 0.000
0.000 0.000 0.000 0.000 0.000 0.000 0.000 0.000 0.000 0.000 0.000 0.000 0.000 0.000 0.000 0.000 0.000 0.000 0.000 0.000 0.000 0.000 0.000 0.000 0.000 0.000 0.000 0.000 0.000 0.000 0.000 0.000 0.000 0.000 0.000 0.000 0.000 0.000 0.000 0.000 0.000 0.000 0.000 0.000 0.000 0.000 0.000 0.000 0.000 0.000 0.000 0.026 0.044 0.062 0.079 0.096 0.105 0.102 0.099 0.094 0.095 0.000 0.000 0.000 0.000 0.000 0.000 0.000 0.000 0.000 0.000 0.000 0.000 0.000 0.000 0.000 0.000
0.000 0.000 0.000 0.000 0.000 0.000 0.000 0.000 0.000 0.000 0.000 0.000 0.000 0.000 0.000 0.000 0.000 0.000 0.000 0.000 0.000 0.000 0.000 0.000 0.000 0.000 0.000 0.000 0.000 0.000 0.000 0.000 0.000 0.000 0.000 0.000 0.000 0.000 0.000 0.000 0.000 0.000 0.000 0.000 0.000 0.000 0.000 0.000 0.000 0.000 0.000 0.005 0.020 0.038 0.055 0.072 0.089 0.098 0.092 0.085 0.084 0.077 0.077 0.000 0.000 0.000 0.000 0.000 0.000 0.000 0.000 0.000 0.000 0.000 0.000 0.000 0.000
0.000 0.000 0.000 0.000 0.000 0.000 0.000 0.000 0.000 0.000 0.000 0.000 0.000 0.000 0.000 0.000 0.000 0.000 0.000 0.000 0.000 0.000 0.000 0.000 0.000 0.000 0.000 0.000 0.000 0.000 0.000 0.000 0.000 0.000 0.000 0.000 0.000 0.000 0.000 0.000 0.000 0.000 0.000 0.000 0.000 0.000 0.000 0.000 0.000 0.000 0.000 0.000 0.002 0.014 0.031 0.048 0.064 0.080 0.086 0.078 0.073 0.068 0.069 0.072 0.000 0.000 0.000 0.000 0.000 0.000 0.000 0.000 0.000 0.000 0.000 0.000 0.000
0.000 0.000 0.000 0.000 0.000 0.000 0.000 0.000 0.000 0.000 0.000 0.000 0.000 0.000 0.000 0.000 0.000 0.000 0.000 0.000 0.000 0.000 0.000 0.000 0.000 0.000 0.000 0.000 0.000 0.000 0.000 0.000 0.000 0.000 0.000 0.000 0.000 0.000 0.000 0.000 0.000 0.000 0.000 0.000 0.000 0.000 0.000 0.000 0.000 0.000 0.000 0.000 0.000 0.002 0.008 0.024 0.040 0.055 0.067 0.069 0.061 0.059 0.061 0.063 0.064 0.000 0.000 0.000 0.000 0.000 0.000 0.000 0.000 0.000 0.000 0.000 0.000
