数据/LID_BC_50y/LID_BC_res2/LID_BC_134-0001.wd
ncols         694
nrows         824
xllcorner     581104.939801
yllcorner     3495917.092414
cellsize      2.000000
NODATA_value  -9999.000000
[rows 306 to 339 of 824, columns 462 to 538 of 694]
0.088 0.085 0.082 0.080 0.079 0.079 0.079 0.080 0.075 0.068 0.060 0.053 0.046 0.039 0.032 0.025 0.018 0.013 0.009 0.006 0.005 0.004 0.004 0.007 0.011 0.015 0.020 0.023 0.025 0.026 0.025 0.023 0.021 0.018 0.015 0.012 0.009 0.008 0.008 0.000 0.000 0.000 0.000 0.000 0.000 0.000 0.000 0.000 0.000 0.000 0.000 0.000 0.000 0.000 0.026 0.027 0.028 0.032 0.000 0.002 0.002 0.002 0.000 0.000 0.002 0.001 0.000 0.000 0.000 0.000 0.006 0.017 0.028 0.040 0.052 0.052 0.047
0.117 0.098 0.090 0.086 0.085 0.085 0.086 0.086 0.087 0.084 0.076 0.069 0.061 0.054 0.045 0.037 0.028 0.022 0.017 0.013 0.009 0.007 0.007 0.008 0.011 0.015 0.019 0.022 0.024 0.025 0.025 0.023 0.021 0.019 0.016 0.013 0.012 0.013 0.022 0.000 0.000 0.000 0.000 0.000 0.000 0.000 0.000 0.000 0.000 0.000 0.000 0.000 0.000 0.000 0.000 0.000 0.000 0.027 0.025 0.020 0.017 0.015 0.014 0.013 0.018 0.000 0.000 0.000 0.000 0.000 0.022 0.035 0.046 0.048 0.045 0.043 0.041
0.098 0.094 0.092 0.091 0.091 0.092 0.093 0.094 0.094 0.095 0.093 0.086 0.078 0.069 0.060 0.050 0.040 0.033 0.027 0.021 0.016 0.013 0.010 0.010 0.012 0.015 0.019 0.022 0.024 0.024 0.024 0.023 0.021 0.019 0.017 0.015 0.014 0.015 0.000 0.000 0.000 0.000 0.000 0.000 0.000 0.000 0.000 0.000 0.000 0.000 0.000 0.000 0.000 0.000 0.000 0.000 0.000 0.000 0.000 0.015 0.018 0.019 0.016 0.016 0.024 0.000 0.000 0.000 0.000 0.029 0.041 0.045 0.042 0.039 0.037 0.035 0.034
0.092 0.094 0.095 0.097 0.098 0.100 0.101 0.102 0.102 0.102 0.102 0.103 0.095 0.086 0.075 0.063 0.054 0.045 0.037 0.030 0.024 0.019 0.015 0.013 0.013 0.015 0.018 0.021 0.023 0.024 0.024 0.023 0.022 0.020 0.018 0.016 0.015 0.014 0.008 0.005 0.004 0.000 0.000 0.000 0.000 0.000 0.000 0.000 0.000 0.000 0.000 0.000 0.000 0.000 0.000 0.000 0.000 0.000 0.000 0.000 0.000 0.000 0.012 0.017 0.020 0.025 0.000 0.000 0.000 0.040 0.040 0.038 0.035 0.033 0.031 0.030 0.029
0.092 0.097 0.100 0.104 0.107 0.109 0.111 0.112 0.111 0.109 0.110 0.112 0.112 0.103 0.090 0.076 0.066 0.056 0.047 0.039 0.032 0.026 0.021 0.018 0.016 0.016 0.018 0.021 0.023 0.024 0.024 0.023 0.022 0.021 0.019 0.017 0.016 0.014 0.010 0.007 0.005 0.003 0.003 0.000 0.000 0.000 0.000 0.000 0.000 0.000 0.000 0.000 0.000 0.000 0.000 0.000 0.000 0.000 0.000 0.000 0.000 0.000 0.000 0.000 0.017 0.025 0.032 0.048 0.050 0.042 0.037 0.033 0.031 0.028 0.027 0.026 0.027
0.098 0.104 0.108 0.113 0.116 0.119 0.121 0.122 0.121 0.112 0.119 0.121 0.121 0.117 0.102 0.088 0.075 0.064 0.055 0.046 0.039 0.032 0.027 0.023 0.020 0.019 0.020 0.021 0.023 0.024 0.024 0.024 0.023 0.021 0.020 0.018 0.016 0.014 0.012 0.009 0.007 0.005 0.004 0.002 0.002 0.003 0.000 0.000 0.000 0.000 0.000 0.000 0.000 0.000 0.000 0.000 0.000 0.000 0.000 0.000 0.000 0.000 0.000 0.000 0.000 0.000 0.000 0.035 0.037 0.035 0.032 0.030 0.027 0.025 0.024 0.023 0.020
0.106 0.113 0.118 0.123 0.127 0.130 0.133 0.134 0.134 0.131 0.133 0.133 0.123 0.107 0.102 0.094 0.081 0.070 0.061 0.052 0.045 0.038 0.033 0.029 0.025 0.023 0.023 0.023 0.024 0.025 0.025 0.025 0.024 0.023 0.021 0.020 0.018 0.016 0.013 0.011 0.009 0.007 0.005 0.003 0.002 0.003 0.002 0.003 0.000 0.000 0.000 0.000 0.000 0.005 0.000 0.000 0.000 0.000 0.000 0.000 0.000 0.000 0.000 0.000 0.000 0.000 0.039 0.036 0.033 0.031 0.029 0.026 0.024 0.022 0.021 0.022 0.000
0.117 0.123 0.129 0.134 0.139 0.142 0.145 0.140 0.131 0.122 0.112 0.102 0.089 0.069 0.082 0.095 0.084 0.075 0.066 0.058 0.051 0.045 0.040 0.036 0.033 0.031 0.030 0.030 0.030 0.030 0.029 0.029 0.028 0.027 0.025 0.023 0.021 0.019 0.017 0.014 0.012 0.010 0.008 0.005 0.003 0.003 0.003 0.003 0.003 0.003 0.003 0.003 0.005 0.012 0.026 0.046 0.072 0.000 0.000 0.000 0.000 0.000 0.000 0.000 0.000 0.000 0.034 0.034 0.031 0.029 0.026 0.024 0.021 0.020 0.019 0.016 0.000
0.128 0.135 0.136 0.132 0.127 0.122 0.115 0.108 0.100 0.092 0.082 0.071 0.054 0.054 0.047 0.085 0.087 0.079 0.072 0.066 0.060 0.055 0.052 0.049 0.046 0.045 0.044 0.043 0.042 0.041 0.040 0.038 0.037 0.035 0.033 0.031 0.029 0.026 0.023 0.021 0.018 0.016 0.013 0.011 0.008 0.006 0.005 0.006 0.006 0.007 0.009 0.013 0.019 0.028 0.041 0.059 0.082 0.105 0.131 0.000 0.000 0.000 0.000 0.000 0.000 0.044 0.039 0.035 0.031 0.027 0.024 0.021 0.019 0.018 0.019 0.000 0.000
0.108 0.105 0.102 0.098 0.094 0.089 0.083 0.077 0.070 0.062 0.053 0.041 0.032 0.039 0.044 0.071 0.092 0.086 0.081 0.077 0.073 0.070 0.069 0.068 0.067 0.066 0.065 0.063 0.062 0.060 0.057 0.055 0.052 0.050 0.047 0.044 0.041 0.039 0.036 0.033 0.030 0.028 0.025 0.022 0.020 0.017 0.013 0.013 0.016 0.019 0.024 0.029 0.036 0.046 0.057 0.073 0.094 0.116 0.130 0.132 0.136 0.143 0.000 0.000 0.000 0.040 0.039 0.035 0.030 0.026 0.022 0.018 0.016 0.015 0.013 0.000 0.000
0.075 0.072 0.069 0.066 0.062 0.057 0.052 0.047 0.041 0.034 0.026 0.015 0.020 0.027 0.036 0.058 0.090 0.096 0.094 0.092 0.091 0.091 0.091 0.091 0.091 0.091 0.090 0.088 0.086 0.084 0.081 0.077 0.073 0.069 0.065 0.062 0.059 0.056 0.053 0.050 0.048 0.046 0.044 0.041 0.039 0.036 0.032 0.027 0.031 0.036 0.041 0.047 0.054 0.063 0.074 0.089 0.099 0.102 0.106 0.108 0.111 0.113 0.112 0.119 0.000 0.045 0.041 0.035 0.029 0.023 0.019 0.015 0.014 0.014 0.000 0.000 0.000
0.042 0.039 0.037 0.034 0.031 0.027 0.023 0.019 0.015 0.011 0.006 0.008 0.012 0.018 0.027 0.047 0.080 0.111 0.112 0.113 0.114 0.116 0.117 0.118 0.118 0.118 0.117 0.115 0.113 0.110 0.106 0.102 0.098 0.093 0.089 0.085 0.081 0.077 0.074 0.071 0.069 0.068 0.066 0.065 0.063 0.061 0.057 0.051 0.049 0.054 0.059 0.065 0.072 0.081 0.086 0.083 0.081 0.081 0.083 0.084 0.083 0.074 0.083 0.087 0.077 0.057 0.044 0.035 0.027 0.021 0.015 0.012 0.010 0.009 0.000 0.000 0.000
0.011 0.010 0.009 0.008 0.007 0.006 0.005 0.004 0.003 0.002 0.002 0.004 0.007 0.011 0.019 0.037 0.072 0.121 0.135 0.137 0.140 0.143 0.145 0.146 0.146 0.146 0.145 0.143 0.141 0.138 0.133 0.128 0.123 0.118 0.114 0.110 0.106 0.102 0.099 0.097 0.094 0.093 0.091 0.090 0.089 0.087 0.084 0.079 0.070 0.072 0.076 0.082 0.087 0.079 0.072 0.067 0.063 0.061 0.060 0.060 0.059 0.056 0.058 0.059 0.054 0.045 0.036 0.028 0.021 0.016 0.011 0.008 0.008 0.000 0.000 0.000 0.000
0.000 0.000 0.000 0.000 0.000 0.000 0.000 0.000 0.000 0.000 0.001 0.002 0.004 0.007 0.013 0.030 0.069 0.120 0.161 0.164 0.168 0.172 0.174 0.175 0.175 0.175 0.174 0.172 0.169 0.166 0.160 0.154 0.149 0.144 0.140 0.135 0.131 0.128 0.125 0.123 0.122 0.120 0.119 0.118 0.117 0.115 0.112 0.108 0.100 0.090 0.093 0.083 0.073 0.064 0.057 0.050 0.045 0.041 0.039 0.036 0.034 0.032 0.032 0.031 0.028 0.025 0.021 0.017 0.012 0.008 0.006 0.004 0.004 0.012 0.000 0.000 0.000
0.000 0.000 0.000 0.000 0.000 0.000 0.000 0.000 0.000 0.000 0.000 0.001 0.002 0.004 0.009 0.025 0.070 0.121 0.176 0.193 0.197 0.201 0.205 0.205 0.205 0.204 0.203 0.201 0.198 0.194 0.188 0.178 0.174 0.171 0.167 0.161 0.157 0.154 0.152 0.150 0.149 0.149 0.148 0.147 0.146 0.145 0.142 0.138 0.126 0.102 0.098 0.089 0.078 0.068 0.059 0.051 0.044 0.038 0.034 0.029 0.025 0.022 0.019 0.016 0.013 0.010 0.007 0.005 0.004 0.003 0.002 0.001 0.000 0.000 0.000 0.000 0.000
0.000 0.000 0.000 0.000 0.000 0.000 0.000 0.000 0.000 0.000 0.000 0.000 0.001 0.002 0.006 0.025 0.074 0.000 0.178 0.222 0.227 0.231 0.236 0.000 0.000 0.000 0.000 0.000 0.000 0.000 0.000 0.199 0.201 0.199 0.194 0.186 0.183 0.181 0.179 0.178 0.178 0.177 0.177 0.176 0.176 0.168 0.153 0.138 0.120 0.096 0.095 0.097 0.101 0.091 0.081 0.072 0.064 0.057 0.050 0.044 0.039 0.034 0.029 0.024 0.020 0.016 0.013 0.010 0.008 0.006 0.004 0.003 0.002 0.001 0.000 0.000 0.000
0.000 0.000 0.000 0.000 0.000 0.000 0.000 0.000 0.000 0.000 0.000 0.000 0.000 0.006 0.000 0.000 0.077 0.000 0.000 0.239 0.000 0.000 0.000 0.000 0.000 0.000 0.000 0.000 0.000 0.000 0.000 0.000 0.000 0.000 0.000 0.208 0.210 0.209 0.205 0.206 0.206 0.206 0.198 0.186 0.173 0.160 0.147 0.131 0.113 0.090 0.090 0.091 0.094 0.098 0.100 0.091 0.082 0.074 0.067 0.060 0.053 0.047 0.041 0.035 0.030 0.025 0.021 0.017 0.013 0.010 0.008 0.006 0.004 0.003 0.002 0.001 0.000
0.000 0.000 0.000 0.000 0.000 0.000 0.000 0.000 0.000 0.000 0.000 0.000 0.000 0.000 0.000 0.000 0.000 0.000 0.000 0.000 0.000 0.000 0.000 0.000 0.000 0.000 0.000 0.000 0.000 0.000 0.000 0.000 0.000 0.000 0.000 0.000 0.000 0.000 0.231 0.226 0.215 0.203 0.190 0.178 0.166 0.153 0.139 0.124 0.105 0.085 0.084 0.084 0.086 0.089 0.094 0.100 0.099 0.091 0.083 0.075 0.068 0.061 0.054 0.048 0.041 0.035 0.030 0.025 0.021 0.017 0.014 0.011 0.008 0.006 0.005 0.004 0.003
0.000 0.000 0.000 0.000 0.000 0.000 0.000 0.000 0.000 0.000 0.000 0.000 0.000 0.000 0.000 0.000 0.000 0.000 0.000 0.000 0.000 0.000 0.000 0.000 0.000 0.000 0.000 0.000 0.000 0.000 0.000 0.000 0.000 0.000 0.000 0.000 0.000 0.000 0.000 0.000 0.000 0.000 0.179 0.170 0.158 0.144 0.131 0.116 0.096 0.078 0.077 0.076 0.077 0.080 0.084 0.089 0.096 0.102 0.099 0.091 0.083 0.075 0.068 0.060 0.053 0.047 0.041 0.035 0.030 0.025 0.021 0.018 0.014 0.012 0.009 0.007 0.006
0.000 0.000 0.000 0.000 0.000 0.000 0.000 0.000 0.000 0.000 0.000 0.000 0.000 0.000 0.000 0.000 0.000 0.000 0.000 0.000 0.000 0.000 0.000 0.000 0.000 0.000 0.000 0.000 0.000 0.000 0.000 0.000 0.000 0.000 0.000 0.000 0.000 0.000 0.000 0.000 0.000 0.000 0.000 0.000 0.000 0.132 0.122 0.107 0.085 0.070 0.068 0.067 0.069 0.071 0.074 0.079 0.085 0.091 0.098 0.105 0.098 0.089 0.081 0.073 0.066 0.059 0.052 0.046 0.041 0.036 0.031 0.028 0.024 0.021 0.017 0.014 0.012
0.000 0.000 0.000 0.000 0.000 0.000 0.000 0.000 0.000 0.000 0.000 0.000 0.000 0.000 0.000 0.000 0.000 0.000 0.000 0.000 0.000 0.000 0.000 0.000 0.000 0.000 0.000 0.000 0.000 0.000 0.000 0.000 0.000 0.000 0.000 0.000 0.000 0.000 0.000 0.000 0.000 0.000 0.000 0.000 0.000 0.000 0.000 0.000 0.067 0.059 0.056 0.057 0.059 0.062 0.064 0.068 0.074 0.080 0.086 0.092 0.099 0.103 0.094 0.086 0.078 0.071 0.064 0.058 0.053 0.049 0.045 0.041 0.038 0.034 0.030 0.026 0.022
0.000 0.000 0.000 0.000 0.000 0.000 0.000 0.000 0.000 0.000 0.000 0.000 0.000 0.000 0.000 0.000 0.000 0.000 0.000 0.000 0.000 0.000 0.000 0.000 0.000 0.000 0.000 0.000 0.000 0.000 0.000 0.000 0.000 0.000 0.000 0.000 0.000 0.000 0.000 0.000 0.000 0.000 0.000 0.000 0.000 0.000 0.000 0.000 0.000 0.000 0.038 0.046 0.050 0.053 0.053 0.058 0.064 0.070 0.075 0.080 0.086 0.092 0.098 0.098 0.090 0.083 0.077 0.072 0.068 0.065 0.062 0.059 0.056 0.052 0.048 0.043 0.037
0.000 0.000 0.000 0.000 0.000 0.000 0.000 0.000 0.000 0.000 0.000 0.000 0.000 0.000 0.000 0.000 0.000 0.000 0.000 0.000 0.000 0.000 0.000 0.000 0.000 0.000 0.000 0.000 0.000 0.000 0.000 0.000 0.000 0.000 0.000 0.000 0.000 0.000 0.000 0.000 0.000 0.000 0.000 0.000 0.000 0.000 0.000 0.000 0.000 0.000 0.000 0.000 0.000 0.000 0.037 0.047 0.055 0.061 0.062 0.066 0.072 0.077 0.082 0.088 0.096 0.096 0.091 0.088 0.086 0.084 0.083 0.080 0.077 0.073 0.067 0.061 0.054
0.000 0.000 0.000 0.000 0.000 0.000 0.000 0.000 0.000 0.000 0.000 0.000 0.000 0.000 0.000 0.000 0.000 0.000 0.000 0.000 0.000 0.000 0.000 0.000 0.000 0.000 0.000 0.000 0.000 0.000 0.000 0.000 0.000 0.000 0.000 0.000 0.000 0.000 0.000 0.000 0.000 0.000 0.000 0.000 0.000 0.000 0.000 0.000 0.000 0.000 0.000 0.000 0.000 0.000 0.000 0.000 0.000 0.000 0.045 0.051 0.057 0.062 0.061 0.070 0.081 0.092 0.106 0.107 0.107 0.107 0.106 0.104 0.100 0.095 0.088 0.080 0.071
0.000 0.000 0.000 0.000 0.000 0.000 0.000 0.000 0.000 0.000 0.000 0.000 0.000 0.000 0.000 0.000 0.000 0.000 0.000 0.000 0.000 0.000 0.000 0.000 0.000 0.000 0.000 0.000 0.000 0.000 0.000 0.000 0.000 0.000 0.000 0.000 0.000 0.000 0.000 0.000 0.000 0.000 0.000 0.000 0.000 0.000 0.000 0.000 0.000 0.000 0.000 0.000 0.000 0.000 0.000 0.000 0.000 0.000 0.000 0.033 0.041 0.043 0.000 0.052 0.066 0.080 0.095 0.113 0.131 0.133 0.131 0.129 0.125 0.118 0.107 0.097 0.087
0.000 0.000 0.000 0.000 0.000 0.000 0.000 0.000 0.000 0.000 0.000 0.000 0.000 0.000 0.000 0.000 0.000 0.000 0.000 0.000 0.000 0.000 0.000 0.000 0.000 0.000 0.000 0.000 0.000 0.000 0.000 0.000 0.000 0.000 0.000 0.000 0.000 0.000 0.000 0.000 0.000 0.000 0.000 0.000 0.000 0.000 0.000 0.000 0.000 0.000 0.000 0.000 0.000 0.000 0.000 0.000 0.000 0.000 0.000 0.020 0.027 0.030 0.026 0.041 0.054 0.069 0.086 0.106 0.128 0.148 0.158 0.155 0.151 0.142 0.124 0.113 0.101
0.000 0.000 0.000 0.000 0.000 0.000 0.000 0.000 0.000 0.000 0.000 0.000 0.000 0.000 0.000 0.000 0.000 0.000 0.000 0.000 0.000 0.000 0.000 0.000 0.000 0.000 0.000 0.000 0.000 0.000 0.000 0.000 0.000 0.000 0.000 0.000 0.000 0.000 0.000 0.000 0.000 0.000 0.000 0.000 0.000 0.000 0.000 0.000 0.000 0.000 0.000 0.000 0.000 0.000 0.000 0.000 0.000 0.000 0.000 0.010 0.016 0.019 0.021 0.031 0.044 0.059 0.079 0.101 0.124 0.147 0.000 0.000 0.000 0.000 0.132 0.130 0.112
0.000 0.000 0.000 0.000 0.000 0.000 0.000 0.000 0.000 0.000 0.000 0.000 0.000 0.000 0.000 0.000 0.000 0.000 0.000 0.000 0.000 0.000 0.000 0.000 0.000 0.000 0.000 0.000 0.000 0.000 0.000 0.000 0.000 0.000 0.000 0.000 0.000 0.000 0.000 0.000 0.000 0.000 0.000 0.000 0.000 0.000 0.000 0.000 0.000 0.000 0.000 0.000 0.000 0.000 0.000 0.000 0.000 0.000 0.000 0.003 0.007 0.011 0.014 0.022 0.034 0.051 0.072 0.097 0.122 0.000 0.000 0.000 0.000 0.000 0.000 0.000 0.113
0.000 0.000 0.000 0.000 0.000 0.000 0.000 0.000 0.000 0.000 0.000 0.000 0.000 0.000 0.000 0.000 0.000 0.000 0.000 0.000 0.000 0.000 0.000 0.000 0.000 0.000 0.000 0.000 0.000 0.000 0.000 0.000 0.000 0.000 0.000 0.000 0.000 0.000 0.000 0.000 0.000 0.000 0.000 0.000 0.000 0.000 0.000 0.000 0.000 0.000 0.000 0.000 0.000 0.000 0.000 0.000 0.000 0.000 0.000 0.000 0.002 0.004 0.008 0.015 0.026 0.043 0.067 0.094 0.000 0.000 0.000 0.000 0.000 0.000 0.000 0.000 0.000
0.000 0.000 0.000 0.000 0.000 0.000 0.000 0.000 0.000 0.000 0.000 0.000 0.000 0.000 0.000 0.000 0.000 0.000 0.000 0.000 0.000 0.000 0.000 0.000 0.000 0.000 0.000 0.000 0.000 0.000 0.000 0.000 0.000 0.000 0.000 0.000 0.000 0.000 0.000 0.000 0.000 0.000 0.000 0.000 0.000 0.000 0.000 0.000 0.000 0.000 0.000 0.000 0.000 0.000 0.000 0.000 0.000 0.000 0.000 0.000 0.000 0.000 0.002 0.008 0.018 0.036 0.062 0.089 0.000 0.000 0.000 0.000 0.000 0.000 0.000 0.000 0.000
0.000 0.000 0.000 0.000 0.000 0.000 0.000 0.000 0.000 0.000 0.000 0.000 0.000 0.000 0.000 0.000 0.000 0.000 0.000 0.000 0.000 0.000 0.000 0.000 0.000 0.000 0.000 0.000 0.000 0.000 0.000 0.000 0.000 0.000 0.000 0.000 0.000 0.000 0.000 0.000 0.000 0.000 0.000 0.000 0.000 0.000 0.000 0.000 0.000 0.000 0.000 0.000 0.000 0.000 0.000 0.000 0.000 0.000 0.000 0.000 0.000 0.000 0.000 0.001 0.009 0.028 0.056 0.000 0.000 0.000 0.000 0.000 0.000 0.000 0.000 0.000 0.000
0.000 0.000 0.000 0.000 0.000 0.000 0.000 0.000 0.000 0.000 0.000 0.000 0.000 0.000 0.000 0.000 0.000 0.000 0.000 0.000 0.000 0.000 0.000 0.000 0.000 0.000 0.000 0.000 0.000 0.000 0.000 0.000 0.000 0.000 0.000 0.000 0.000 0.000 0.000 0.000 0.000 0.000 0.000 0.000 0.000 0.000 0.000 0.000 0.000 0.000 0.000 0.000 0.000 0.000 0.000 0.000 0.000 0.000 0.000 0.000 0.000 0.000 0.000 0.001 0.006 0.030 0.066 0.000 0.000 0.000 0.000 0.000 0.000 0.000 0.000 0.000 0.000
0.000 0.000 0.000 0.000 0.000 0.000 0.000 0.000 0.000 0.000 0.000 0.000 0.000 0.000 0.000 0.000 0.000 0.000 0.000 0.000 0.000 0.000 0.000 0.000 0.000 0.000 0.000 0.000 0.000 0.000 0.000 0.000 0.000 0.000 0.000 0.000 0.000 0.000 0.000 0.000 0.000 0.000 0.000 0.000 0.000 0.000 0.000 0.000 0.000 0.000 0.000 0.000 0.000 0.000 0.000 0.000 0.000 0.000 0.000 0.000 0.000 0.000 0.000 0.001 0.006 0.031 0.000 0.000 0.000 0.000 0.000 0.000 0.000 0.000 0.000 0.000 0.000
0.000 0.000 0.000 0.000 0.000 0.000 0.000 0.000 0.000 0.000 0.000 0.000 0.000 0.000 0.000 0.000 0.000 0.000 0.000 0.000 0.000 0.000 0.000 0.000 0.000 0.000 0.000 0.000 0.000 0.000 0.000 0.000 0.000 0.000 0.000 0.000 0.000 0.000 0.000 0.000 0.000 0.000 0.000 0.000 0.000 0.000 0.000 0.000 0.000 0.000 0.000 0.000 0.000 0.000 0.000 0.000 0.000 0.000 0.000 0.000 0.000 0.000 0.000 0.002 0.006 0.031 0.000 0.000 0.000 0.000 0.000 0.000 0.000 0.000 0.000 0.000 0.000
