数据/LID_BC_50y/LID_BC_res2/LID_BC_173-0001.wd
ncols         694
nrows         824
xllcorner     581104.939801
yllcorner     3495917.092414
cellsize      2.000000
NODATA_value  -9999.000000
[rows 714 to 747 of 824, columns 154 to 230 of 694]
0.000 0.000 0.000 0.000 0.000 0.000 0.000 0.002 0.003 0.004 0.005 0.006 0.007 0.008 0.008 0.008 0.008 0.008 0.008 0.007 0.000 0.000 0.047 0.043 0.039 0.037 0.033 0.029 0.025 0.021 0.018 0.014 0.000 0.000 0.000 0.000 0.000 0.000 0.000 0.000 0.000 0.000 0.000 0.001 0.001 0.001 0.001 0.002 0.007 0.000 0.000 0.000 0.000 0.000 0.000 0.000 0.000 0.000 0.097 0.108 0.119 0.119 0.097 0.077 0.085 0.008 0.001 0.000 0.000 0.000 0.000 0.000 0.000 0.000 0.000 0.000 0.000
0.000 0.000 0.000 0.000 0.000 0.000 0.002 0.003 0.004 0.005 0.006 0.007 0.008 0.008 0.009 0.009 0.009 0.010 0.010 0.010 0.009 0.008 0.000 0.063 0.060 0.056 0.053 0.048 0.043 0.038 0.033 0.028 0.023 0.020 0.000 0.000 0.000 0.000 0.000 0.000 0.000 0.000 0.001 0.001 0.023 0.033 0.043 0.053 0.063 0.000 0.000 0.000 0.000 0.000 0.000 0.000 0.000 0.000 0.161 0.157 0.133 0.110 0.087 0.079 0.087 0.041 0.001 0.000 0.000 0.000 0.000 0.000 0.000 0.000 0.000 0.000 0.000
0.000 0.000 0.000 0.000 0.000 0.001 0.003 0.004 0.005 0.006 0.007 0.008 0.009 0.009 0.010 0.010 0.010 0.011 0.011 0.012 0.012 0.012 0.011 0.000 0.000 0.077 0.072 0.068 0.062 0.056 0.051 0.045 0.040 0.036 0.032 0.000 0.000 0.000 0.000 0.000 0.000 0.001 0.001 0.021 0.075 0.096 0.106 0.116 0.126 0.000 0.000 0.000 0.000 0.000 0.000 0.000 0.000 0.194 0.171 0.147 0.125 0.100 0.078 0.081 0.090 0.086 0.005 0.001 0.000 0.000 0.000 0.000 0.000 0.000 0.000 0.000 0.000
0.000 0.000 0.000 0.000 0.000 0.002 0.004 0.005 0.006 0.007 0.008 0.008 0.009 0.010 0.010 0.011 0.011 0.012 0.012 0.013 0.014 0.015 0.016 0.017 0.019 0.001 0.091 0.087 0.082 0.075 0.068 0.062 0.057 0.053 0.049 0.045 0.043 0.000 0.000 0.000 0.001 0.001 0.010 0.062 0.119 0.159 0.169 0.179 0.000 0.000 0.000 0.000 0.000 0.000 0.000 0.000 0.000 0.186 0.162 0.137 0.115 0.091 0.075 0.084 0.092 0.102 0.043 0.001 0.000 0.000 0.000 0.000 0.000 0.000 0.000 0.000 0.000
0.000 0.000 0.000 0.000 0.001 0.003 0.005 0.006 0.007 0.008 0.008 0.009 0.010 0.010 0.011 0.011 0.012 0.013 0.013 0.014 0.015 0.017 0.019 0.023 0.030 0.044 0.001 0.106 0.101 0.092 0.086 0.080 0.076 0.072 0.068 0.065 0.063 0.060 0.000 0.014 0.012 0.015 0.049 0.104 0.162 0.218 0.232 0.243 0.000 0.000 0.000 0.000 0.000 0.000 0.000 0.000 0.000 0.177 0.153 0.129 0.106 0.083 0.078 0.087 0.095 0.104 0.089 0.006 0.000 0.000 0.000 0.000 0.000 0.000 0.000 0.000 0.000
0.000 0.000 0.000 0.000 0.001 0.003 0.005 0.006 0.007 0.008 0.009 0.009 0.010 0.010 0.011 0.012 0.012 0.013 0.014 0.015 0.016 0.017 0.019 0.022 0.026 0.030 0.020 0.001 0.001 0.107 0.103 0.099 0.095 0.091 0.088 0.085 0.083 0.080 0.073 0.051 0.051 0.053 0.091 0.147 0.203 0.260 0.295 0.306 0.000 0.000 0.000 0.000 0.000 0.000 0.000 0.000 0.000 0.167 0.143 0.120 0.097 0.073 0.081 0.090 0.099 0.107 0.117 0.047 0.000 0.000 0.000 0.000 0.000 0.000 0.000 0.000 0.000
0.000 0.000 0.000 0.000 0.001 0.003 0.005 0.006 0.007 0.008 0.009 0.009 0.010 0.011 0.011 0.012 0.013 0.013 0.014 0.015 0.016 0.017 0.019 0.020 0.022 0.023 0.019 0.013 0.009 0.001 0.121 0.119 0.115 0.111 0.109 0.106 0.103 0.101 0.099 0.000 0.000 0.079 0.132 0.189 0.245 0.302 0.357 0.369 0.380 0.357 0.000 0.000 0.000 0.000 0.000 0.000 0.184 0.160 0.136 0.111 0.088 0.075 0.084 0.093 0.102 0.111 0.120 0.092 0.000 0.000 0.000 0.000 0.000 0.000 0.000 0.000 0.000
0.000 0.000 0.000 0.000 0.001 0.003 0.005 0.006 0.007 0.008 0.009 0.010 0.010 0.011 0.011 0.012 0.013 0.013 0.014 0.015 0.016 0.017 0.018 0.019 0.020 0.020 0.017 0.015 0.012 0.008 0.001 0.137 0.136 0.132 0.129 0.126 0.125 0.123 0.000 0.000 0.000 0.000 0.175 0.231 0.287 0.343 0.398 0.395 0.371 0.348 0.325 0.302 0.000 0.000 0.000 0.000 0.174 0.150 0.126 0.103 0.078 0.077 0.087 0.097 0.106 0.115 0.124 0.000 0.000 0.000 0.000 0.000 0.000 0.000 0.000 0.000 0.000
0.000 0.000 0.000 0.000 0.001 0.003 0.005 0.006 0.007 0.008 0.009 0.010 0.010 0.011 0.012 0.012 0.013 0.013 0.014 0.015 0.015 0.016 0.017 0.018 0.018 0.017 0.016 0.014 0.013 0.010 0.007 0.001 0.001 0.152 0.149 0.147 0.145 0.000 0.000 0.000 0.000 0.000 0.000 0.273 0.329 0.352 0.374 0.000 0.000 0.339 0.316 0.292 0.268 0.244 0.000 0.000 0.166 0.141 0.117 0.092 0.071 0.080 0.090 0.100 0.110 0.119 0.128 0.000 0.000 0.000 0.000 0.000 0.000 0.000 0.000 0.000 0.000
0.000 0.000 0.000 0.000 0.001 0.003 0.005 0.006 0.007 0.008 0.009 0.010 0.010 0.011 0.011 0.012 0.013 0.013 0.014 0.014 0.015 0.016 0.016 0.016 0.017 0.016 0.015 0.014 0.013 0.011 0.009 0.007 0.005 0.001 0.169 0.165 0.000 0.000 0.000 0.000 0.000 0.000 0.000 0.285 0.308 0.329 0.350 0.000 0.000 0.000 0.000 0.284 0.260 0.235 0.208 0.182 0.157 0.131 0.106 0.083 0.074 0.083 0.093 0.103 0.113 0.122 0.131 0.000 0.000 0.000 0.000 0.000 0.000 0.000 0.000 0.000 0.000
0.000 0.000 0.000 0.000 0.001 0.003 0.005 0.006 0.007 0.008 0.009 0.010 0.010 0.011 0.011 0.012 0.012 0.013 0.014 0.014 0.014 0.015 0.015 0.015 0.015 0.015 0.014 0.014 0.012 0.011 0.010 0.008 0.007 0.005 0.000 0.180 0.173 0.000 0.000 0.000 0.000 0.000 0.000 0.262 0.283 0.306 0.327 0.341 0.000 0.000 0.000 0.000 0.000 0.224 0.199 0.172 0.147 0.123 0.090 0.072 0.077 0.087 0.097 0.106 0.116 0.125 0.000 0.000 0.000 0.000 0.000 0.000 0.000 0.000 0.000 0.000 0.000
0.000 0.000 0.000 0.000 0.001 0.003 0.005 0.006 0.007 0.008 0.009 0.009 0.010 0.011 0.011 0.012 0.012 0.013 0.013 0.014 0.014 0.014 0.015 0.015 0.015 0.014 0.014 0.013 0.012 0.011 0.010 0.009 0.008 0.006 0.004 0.001 0.188 0.185 0.000 0.000 0.000 0.000 0.000 0.000 0.260 0.000 0.000 0.321 0.309 0.000 0.000 0.000 0.000 0.000 0.000 0.162 0.138 0.114 0.087 0.071 0.081 0.091 0.100 0.109 0.118 0.127 0.000 0.000 0.000 0.000 0.000 0.000 0.000 0.000 0.000 0.000 0.000
0.000 0.000 0.000 0.000 0.001 0.003 0.005 0.006 0.007 0.008 0.009 0.009 0.010 0.010 0.011 0.011 0.012 0.012 0.013 0.013 0.013 0.014 0.014 0.014 0.014 0.014 0.013 0.013 0.012 0.011 0.010 0.009 0.008 0.007 0.006 0.004 0.000 0.203 0.220 0.000 0.000 0.000 0.000 0.000 0.000 0.000 0.000 0.000 0.289 0.000 0.000 0.000 0.000 0.000 0.173 0.151 0.127 0.104 0.078 0.074 0.084 0.093 0.102 0.111 0.120 0.130 0.000 0.000 0.000 0.000 0.000 0.000 0.000 0.000 0.000 0.000 0.000
0.000 0.000 0.000 0.000 0.001 0.003 0.005 0.006 0.007 0.007 0.008 0.009 0.010 0.010 0.011 0.011 0.012 0.012 0.012 0.013 0.013 0.013 0.013 0.013 0.013 0.013 0.013 0.012 0.011 0.011 0.010 0.009 0.008 0.007 0.006 0.005 0.003 0.001 0.192 0.209 0.000 0.000 0.000 0.000 0.000 0.000 0.000 0.000 0.269 0.000 0.000 0.000 0.000 0.000 0.164 0.141 0.118 0.094 0.068 0.077 0.086 0.095 0.104 0.113 0.123 0.000 0.000 0.000 0.000 0.000 0.000 0.000 0.000 0.000 0.000 0.000 0.000
0.000 0.000 0.000 0.000 0.000 0.002 0.004 0.005 0.006 0.007 0.008 0.008 0.009 0.010 0.010 0.011 0.011 0.012 0.012 0.012 0.012 0.013 0.013 0.013 0.013 0.012 0.012 0.012 0.011 0.010 0.010 0.009 0.008 0.007 0.006 0.005 0.003 0.001 0.000 0.180 0.196 0.000 0.000 0.000 0.000 0.000 0.000 0.255 0.249 0.000 0.000 0.000 0.000 0.175 0.155 0.132 0.107 0.083 0.072 0.080 0.088 0.097 0.106 0.115 0.124 0.132 0.140 0.000 0.000 0.000 0.000 0.000 0.000 0.000 0.000 0.000 0.000
0.000 0.000 0.000 0.000 0.000 0.001 0.003 0.004 0.005 0.006 0.007 0.008 0.009 0.009 0.010 0.010 0.011 0.011 0.011 0.012 0.012 0.012 0.012 0.012 0.012 0.012 0.011 0.011 0.011 0.010 0.009 0.009 0.008 0.007 0.006 0.005 0.003 0.001 0.000 0.000 0.166 0.180 0.000 0.000 0.000 0.000 0.000 0.000 0.000 0.000 0.000 0.000 0.000 0.155 0.142 0.123 0.097 0.074 0.074 0.082 0.091 0.100 0.109 0.118 0.127 0.135 0.143 0.151 0.159 0.000 0.000 0.000 0.000 0.000 0.000 0.000 0.000
0.000 0.000 0.000 0.000 0.000 0.000 0.002 0.003 0.004 0.005 0.006 0.007 0.008 0.009 0.009 0.010 0.010 0.011 0.011 0.011 0.011 0.011 0.012 0.011 0.011 0.011 0.011 0.011 0.010 0.010 0.009 0.008 0.008 0.007 0.006 0.005 0.003 0.001 0.000 0.000 0.000 0.148 0.158 0.177 0.000 0.000 0.000 0.000 0.000 0.000 0.000 0.000 0.146 0.134 0.121 0.110 0.088 0.068 0.077 0.086 0.095 0.103 0.112 0.121 0.130 0.138 0.147 0.154 0.162 0.169 0.178 0.000 0.000 0.000 0.000 0.000 0.000
0.000 0.000 0.000 0.000 0.000 0.000 0.000 0.002 0.003 0.004 0.005 0.006 0.007 0.008 0.009 0.009 0.010 0.010 0.010 0.011 0.011 0.011 0.011 0.011 0.011 0.011 0.010 0.010 0.010 0.009 0.009 0.008 0.007 0.006 0.005 0.004 0.002 0.000 0.000 0.000 0.000 0.000 0.132 0.150 0.168 0.000 0.000 0.000 0.000 0.000 0.000 0.000 0.127 0.115 0.103 0.090 0.077 0.071 0.080 0.089 0.097 0.106 0.115 0.124 0.133 0.142 0.150 0.158 0.165 0.172 0.181 0.190 0.141 0.000 0.000 0.000 0.000
0.000 0.000 0.000 0.000 0.000 0.000 0.000 0.000 0.002 0.003 0.004 0.005 0.006 0.007 0.008 0.009 0.009 0.010 0.010 0.010 0.010 0.010 0.010 0.010 0.010 0.010 0.010 0.009 0.009 0.009 0.008 0.007 0.006 0.005 0.004 0.003 0.001 0.000 0.000 0.000 0.000 0.000 0.000 0.123 0.140 0.157 0.000 0.000 0.000 0.000 0.000 0.121 0.108 0.095 0.083 0.070 0.068 0.071 0.080 0.090 0.099 0.109 0.118 0.128 0.137 0.000 0.000 0.000 0.167 0.175 0.184 0.193 0.185 0.099 0.031 0.000 0.000
0.000 0.000 0.000 0.000 0.000 0.000 0.000 0.000 0.000 0.002 0.003 0.004 0.005 0.006 0.007 0.008 0.008 0.009 0.009 0.009 0.010 0.010 0.010 0.010 0.010 0.009 0.009 0.009 0.008 0.008 0.007 0.006 0.005 0.004 0.003 0.002 0.000 0.000 0.000 0.000 0.000 0.000 0.000 0.000 0.112 0.129 0.147 0.000 0.000 0.000 0.000 0.102 0.089 0.076 0.069 0.068 0.068 0.070 0.080 0.089 0.098 0.108 0.118 0.129 0.140 0.000 0.000 0.000 0.000 0.000 0.187 0.196 0.205 0.142 0.101 0.062 0.000
0.000 0.000 0.000 0.000 0.000 0.000 0.000 0.000 0.000 0.000 0.002 0.003 0.004 0.005 0.006 0.007 0.008 0.008 0.009 0.009 0.009 0.009 0.009 0.009 0.009 0.009 0.009 0.008 0.008 0.007 0.006 0.005 0.004 0.003 0.002 0.000 0.000 0.000 0.000 0.000 0.000 0.000 0.000 0.000 0.088 0.104 0.119 0.135 0.000 0.114 0.100 0.084 0.070 0.069 0.068 0.067 0.067 0.067 0.077 0.087 0.097 0.107 0.116 0.127 0.000 0.000 0.000 0.000 0.000 0.000 0.000 0.196 0.206 0.210 0.172 0.133 0.000
0.000 0.000 0.000 0.000 0.000 0.000 0.000 0.000 0.000 0.000 0.000 0.002 0.003 0.004 0.005 0.006 0.007 0.007 0.008 0.008 0.008 0.008 0.008 0.008 0.008 0.008 0.008 0.007 0.007 0.006 0.005 0.004 0.003 0.002 0.000 0.000 0.000 0.000 0.000 0.000 0.000 0.000 0.000 0.000 0.000 0.078 0.092 0.105 0.116 0.097 0.081 0.072 0.070 0.068 0.067 0.066 0.066 0.066 0.074 0.084 0.094 0.104 0.114 0.000 0.000 0.000 0.000 0.000 0.000 0.000 0.000 0.000 0.000 0.216 0.211 0.202 0.161
0.000 0.000 0.000 0.000 0.000 0.000 0.000 0.000 0.000 0.000 0.000 0.000 0.002 0.003 0.004 0.005 0.006 0.007 0.007 0.007 0.007 0.007 0.007 0.007 0.007 0.007 0.007 0.007 0.006 0.005 0.004 0.003 0.002 0.000 0.000 0.000 0.000 0.000 0.000 0.000 0.000 0.000 0.000 0.000 0.000 0.000 0.066 0.078 0.091 0.080 0.076 0.073 0.070 0.069 0.067 0.067 0.066 0.065 0.072 0.082 0.092 0.102 0.111 0.000 0.000 0.000 0.000 0.000 0.000 0.000 0.000 0.000 0.000 0.000 0.000 0.210 0.205
0.000 0.000 0.000 0.000 0.000 0.000 0.000 0.000 0.000 0.000 0.000 0.000 0.000 0.002 0.003 0.004 0.005 0.006 0.006 0.006 0.006 0.006 0.006 0.006 0.006 0.006 0.006 0.006 0.005 0.004 0.003 0.002 0.000 0.000 0.000 0.000 0.000 0.000 0.000 0.000 0.000 0.000 0.000 0.000 0.000 0.000 0.000 0.053 0.066 0.078 0.075 0.072 0.070 0.069 0.068 0.067 0.066 0.066 0.070 0.080 0.090 0.100 0.000 0.000 0.000 0.000 0.000 0.000 0.000 0.000 0.000 0.000 0.000 0.000 0.000 0.000 0.000
0.000 0.000 0.000 0.000 0.000 0.000 0.000 0.000 0.000 0.000 0.000 0.000 0.000 0.000 0.002 0.003 0.004 0.005 0.005 0.005 0.005 0.005 0.005 0.005 0.005 0.005 0.005 0.005 0.004 0.003 0.002 0.000 0.000 0.000 0.000 0.000 0.000 0.000 0.000 0.000 0.000 0.000 0.000 0.000 0.000 0.000 0.000 0.000 0.043 0.061 0.073 0.071 0.070 0.068 0.067 0.066 0.065 0.065 0.068 0.078 0.088 0.099 0.000 0.000 0.000 0.000 0.000 0.000 0.000 0.000 0.000 0.000 0.000 0.000 0.000 0.000 0.000
0.000 0.000 0.000 0.000 0.000 0.000 0.000 0.000 0.000 0.000 0.000 0.000 0.000 0.000 0.000 0.001 0.002 0.003 0.003 0.003 0.003 0.003 0.003 0.003 0.003 0.003 0.003 0.003 0.002 0.001 0.000 0.000 0.000 0.000 0.000 0.000 0.000 0.000 0.000 0.000 0.000 0.000 0.000 0.000 0.000 0.000 0.000 0.000 0.000 0.038 0.057 0.070 0.068 0.067 0.065 0.064 0.063 0.063 0.064 0.075 0.086 0.000 0.000 0.000 0.000 0.000 0.000 0.000 0.000 0.000 0.000 0.000 0.000 0.000 0.000 0.000 0.000
0.000 0.000 0.000 0.000 0.000 0.000 0.000 0.000 0.000 0.000 0.000 0.000 0.000 0.000 0.000 0.000 0.000 0.001 0.001 0.001 0.001 0.001 0.001 0.001 0.001 0.001 0.001 0.001 0.000 0.000 0.000 0.000 0.000 0.000 0.000 0.000 0.000 0.000 0.000 0.000 0.000 0.000 0.000 0.000 0.000 0.000 0.000 0.000 0.000 0.000 0.034 0.053 0.066 0.064 0.063 0.060 0.059 0.059 0.060 0.071 0.083 0.000 0.000 0.000 0.000 0.000 0.000 0.000 0.000 0.000 0.000 0.000 0.000 0.000 0.000 0.000 0.000
0.000 0.000 0.000 0.000 0.000 0.000 0.000 0.000 0.000 0.000 0.000 0.000 0.000 0.000 0.000 0.000 0.000 0.000 0.000 0.000 0.000 0.000 0.000 0.000 0.000 0.000 0.000 0.000 0.000 0.000 0.000 0.000 0.000 0.000 0.000 0.000 0.000 0.000 0.000 0.000 0.000 0.000 0.000 0.000 0.000 0.000 0.000 0.000 0.000 0.000 0.013 0.032 0.050 0.062 0.059 0.055 0.050 0.053 0.056 0.067 0.000 0.000 0.000 0.000 0.000 0.000 0.000 0.000 0.000 0.000 0.000 0.000 0.000 0.000 0.000 0.000 0.000
0.000 0.000 0.000 0.000 0.000 0.000 0.000 0.000 0.000 0.000 0.000 0.000 0.000 0.000 0.000 0.000 0.000 0.000 0.000 0.000 0.000 0.000 0.000 0.000 0.000 0.000 0.000 0.000 0.000 0.000 0.000 0.000 0.000 0.000 0.000 0.000 0.000 0.000 0.000 0.000 0.000 0.000 0.000 0.000 0.000 0.000 0.000 0.000 0.000 0.000 0.000 0.009 0.027 0.044 0.054 0.046 0.008 0.041 0.046 0.000 0.000 0.000 0.000 0.000 0.000 0.000 0.000 0.000 0.000 0.000 0.000 0.000 0.000 0.000 0.000 0.000 0.000
0.000 0.000 0.000 0.000 0.000 0.000 0.000 0.000 0.000 0.000 0.000 0.000 0.000 0.000 0.000 0.000 0.000 0.000 0.000 0.000 0.000 0.000 0.000 0.000 0.000 0.000 0.000 0.000 0.000 0.000 0.000 0.000 0.000 0.000 0.000 0.000 0.000 0.000 0.000 0.000 0.000 0.000 0.000 0.000 0.000 0.000 0.000 0.000 0.000 0.000 0.000 0.001 0.005 0.020 0.035 0.042 0.035 0.037 0.038 0.038 0.000 0.000 0.000 0.000 0.000 0.000 0.000 0.000 0.000 0.000 0.000 0.000 0.000 0.000 0.000 0.000 0.000
0.000 0.000 0.000 0.000 0.000 0.000 0.000 0.000 0.000 0.000 0.000 0.000 0.000 0.000 0.000 0.000 0.000 0.000 0.000 0.000 0.000 0.000 0.000 0.000 0.000 0.000 0.000 0.000 0.000 0.000 0.000 0.000 0.000 0.000 0.000 0.000 0.000 0.000 0.000 0.000 0.000 0.000 0.000 0.000 0.000 0.000 0.000 0.000 0.000 0.000 0.000 0.001 0.001 0.002 0.011 0.026 0.036 0.035 0.035 0.033 0.038 0.000 0.000 0.000 0.000 0.000 0.000 0.000 0.000 0.000 0.000 0.000 0.000 0.000 0.000 0.000 0.000
0.000 0.000 0.000 0.000 0.000 0.000 0.000 0.000 0.000 0.000 0.000 0.000 0.000 0.000 0.000 0.000 0.000 0.000 0.000 0.000 0.000 0.000 0.000 0.000 0.000 0.000 0.000 0.000 0.000 0.000 0.000 0.000 0.000 0.000 0.000 0.000 0.000 0.000 0.000 0.000 0.000 0.000 0.000 0.000 0.000 0.000 0.000 0.000 0.000 0.000 0.000 0.001 0.001 0.001 0.001 0.006 0.022 0.034 0.032 0.029 0.031 0.030 0.032 0.000 0.000 0.000 0.000 0.000 0.000 0.000 0.000 0.000 0.000 0.000 0.000 0.000 0.000
0.000 0.000 0.000 0.000 0.000 0.000 0.000 0.000 0.000 0.000 0.000 0.000 0.000 0.000 0.000 0.000 0.000 0.000 0.000 0.000 0.000 0.000 0.000 0.000 0.000 0.000 0.000 0.000 0.000 0.000 0.000 0.000 0.000 0.000 0.000 0.000 0.000 0.000 0.000 0.000 0.000 0.000 0.000 0.000 0.000 0.000 0.000 0.000 0.000 0.000 0.000 0.000 0.001 0.001 0.001 0.001 0.004 0.020 0.030 0.025 0.025 0.024 0.026 0.030 0.000 0.000 0.000 0.000 0.000 0.000 0.000 0.000 0.000 0.000 0.000 0.000 0.000
0.000 0.000 0.000 0.000 0.000 0.000 0.000 0.000 0.000 0.000 0.000 0.000 0.000 0.000 0.000 0.000 0.000 0.000 0.000 0.000 0.000 0.000 0.000 0.000 0.000 0.000 0.000 0.000 0.000 0.000 0.000 0.000 0.000 0.000 0.000 0.000 0.000 0.000 0.000 0.000 0.000 0.000 0.000 0.000 0.000 0.000 0.000 0.000 0.000 0.000 0.000 0.000 0.000 0.001 0.001 0.001 0.001 0.003 0.015 0.022 0.019 0.019 0.022 0.025 0.028 0.000 0.000 0.000 0.000 0.000 0.000 0.000 0.000 0.000 0.000 0.000 0.000
