数据/LID_BC_50y/LID_BC_res2/LID_BC_156-0001.wd
ncols         694
nrows         824
xllcorner     581104.939801
yllcorner     3495917.092414
cellsize      2.000000
NODATA_value  -9999.000000
[rows 714 to 747 of 824, columns 154 to 230 of 694]
0.000 0.000 0.000 0.000 0.000 0.000 0.000 0.002 0.003 0.004 0.005 0.006 0.007 0.008 0.008 0.009 0.009 0.009 0.009 0.007 0.000 0.001 0.073 0.070 0.068 0.064 0.059 0.053 0.048 0.042 0.037 0.032 0.000 0.000 0.000 0.000 0.000 0.000 0.000 0.000 0.000 0.000 0.000 0.004 0.020 0.029 0.039 0.049 0.059 0.000 0.000 0.000 0.000 0.000 0.000 0.000 0.000 0.000 0.155 0.166 0.176 0.176 0.153 0.133 0.142 0.057 0.001 0.000 0.000 0.000 0.000 0.000 0.000 0.000 0.000 0.000 0.000
0.000 0.000 0.000 0.000 0.000 0.000 0.002 0.003 0.004 0.005 0.006 0.007 0.008 0.009 0.009 0.010 0.010 0.011 0.011 0.011 0.010 0.009 0.001 0.089 0.088 0.084 0.079 0.073 0.067 0.061 0.055 0.049 0.042 0.038 0.000 0.000 0.000 0.000 0.000 0.000 0.000 0.000 0.002 0.038 0.081 0.091 0.102 0.113 0.123 0.000 0.000 0.000 0.000 0.000 0.000 0.000 0.000 0.000 0.218 0.214 0.189 0.165 0.143 0.135 0.144 0.098 0.015 0.000 0.000 0.000 0.000 0.000 0.000 0.000 0.000 0.000 0.000
0.000 0.000 0.000 0.000 0.000 0.001 0.003 0.004 0.005 0.006 0.007 0.008 0.009 0.009 0.010 0.011 0.011 0.012 0.013 0.013 0.014 0.014 0.013 0.001 0.001 0.104 0.099 0.093 0.086 0.080 0.073 0.066 0.061 0.056 0.052 0.000 0.000 0.000 0.000 0.000 0.000 0.001 0.024 0.081 0.136 0.155 0.165 0.175 0.186 0.000 0.000 0.000 0.000 0.000 0.000 0.000 0.000 0.251 0.227 0.203 0.181 0.156 0.133 0.137 0.146 0.144 0.056 0.001 0.000 0.000 0.000 0.000 0.000 0.000 0.000 0.000 0.000
0.000 0.000 0.000 0.000 0.000 0.002 0.004 0.005 0.006 0.007 0.008 0.009 0.009 0.010 0.011 0.012 0.012 0.013 0.014 0.015 0.016 0.018 0.019 0.021 0.025 0.001 0.119 0.112 0.106 0.098 0.091 0.085 0.080 0.075 0.071 0.067 0.064 0.000 0.000 0.000 0.001 0.014 0.066 0.122 0.177 0.217 0.227 0.238 0.000 0.000 0.000 0.000 0.000 0.000 0.000 0.000 0.000 0.242 0.218 0.194 0.171 0.147 0.130 0.140 0.148 0.158 0.102 0.016 0.000 0.000 0.000 0.000 0.000 0.000 0.000 0.000 0.000
0.000 0.000 0.000 0.000 0.001 0.003 0.005 0.006 0.007 0.008 0.008 0.009 0.010 0.011 0.011 0.012 0.013 0.014 0.015 0.016 0.018 0.020 0.024 0.029 0.039 0.057 0.001 0.130 0.125 0.116 0.109 0.104 0.099 0.095 0.091 0.087 0.084 0.082 0.000 0.029 0.031 0.056 0.108 0.163 0.219 0.275 0.290 0.301 0.000 0.000 0.000 0.000 0.000 0.000 0.000 0.000 0.000 0.233 0.209 0.186 0.162 0.138 0.134 0.144 0.153 0.162 0.146 0.060 0.000 0.000 0.000 0.000 0.000 0.000 0.000 0.000 0.000
0.000 0.000 0.000 0.000 0.001 0.003 0.005 0.006 0.007 0.008 0.009 0.010 0.010 0.011 0.012 0.013 0.014 0.015 0.016 0.017 0.019 0.021 0.024 0.028 0.033 0.039 0.026 0.001 0.001 0.131 0.127 0.123 0.118 0.115 0.111 0.108 0.105 0.102 0.094 0.069 0.076 0.099 0.151 0.206 0.262 0.318 0.354 0.365 0.000 0.000 0.000 0.000 0.000 0.000 0.000 0.000 0.000 0.223 0.200 0.175 0.153 0.129 0.137 0.146 0.156 0.165 0.175 0.104 0.000 0.000 0.000 0.000 0.000 0.000 0.000 0.000 0.000
0.000 0.000 0.000 0.000 0.001 0.003 0.005 0.006 0.007 0.008 0.009 0.010 0.011 0.011 0.012 0.013 0.014 0.015 0.016 0.017 0.019 0.021 0.023 0.026 0.028 0.030 0.024 0.017 0.011 0.001 0.144 0.142 0.138 0.135 0.131 0.128 0.126 0.124 0.121 0.000 0.000 0.138 0.193 0.248 0.304 0.360 0.417 0.428 0.438 0.415 0.000 0.000 0.000 0.000 0.000 0.000 0.238 0.214 0.191 0.166 0.142 0.132 0.141 0.150 0.158 0.167 0.177 0.149 0.000 0.000 0.000 0.000 0.000 0.000 0.000 0.000 0.000
0.000 0.000 0.000 0.000 0.001 0.003 0.005 0.006 0.007 0.008 0.009 0.010 0.011 0.011 0.012 0.013 0.014 0.015 0.016 0.017 0.019 0.020 0.022 0.023 0.025 0.025 0.022 0.018 0.014 0.010 0.001 0.160 0.159 0.155 0.152 0.149 0.147 0.145 0.000 0.000 0.000 0.000 0.235 0.290 0.346 0.403 0.457 0.454 0.430 0.407 0.383 0.358 0.000 0.000 0.000 0.000 0.228 0.205 0.181 0.159 0.134 0.135 0.144 0.152 0.161 0.171 0.180 0.000 0.000 0.000 0.000 0.000 0.000 0.000 0.000 0.000 0.000
0.000 0.000 0.000 0.000 0.001 0.003 0.005 0.006 0.007 0.008 0.009 0.010 0.011 0.011 0.012 0.013 0.014 0.015 0.016 0.017 0.018 0.019 0.020 0.021 0.022 0.021 0.020 0.017 0.015 0.012 0.009 0.001 0.000 0.175 0.172 0.169 0.169 0.000 0.000 0.000 0.000 0.000 0.000 0.333 0.389 0.412 0.433 0.000 0.000 0.397 0.373 0.349 0.324 0.301 0.000 0.000 0.220 0.197 0.173 0.149 0.128 0.138 0.147 0.154 0.163 0.174 0.184 0.000 0.000 0.000 0.000 0.000 0.000 0.000 0.000 0.000 0.000
0.000 0.000 0.000 0.000 0.001 0.003 0.005 0.006 0.007 0.008 0.009 0.010 0.011 0.011 0.012 0.013 0.014 0.015 0.015 0.016 0.017 0.018 0.019 0.020 0.020 0.019 0.018 0.016 0.015 0.013 0.011 0.008 0.006 0.001 0.192 0.188 0.000 0.000 0.000 0.000 0.000 0.000 0.000 0.346 0.368 0.389 0.411 0.000 0.000 0.000 0.000 0.340 0.317 0.291 0.263 0.237 0.212 0.186 0.162 0.140 0.130 0.139 0.148 0.157 0.167 0.177 0.187 0.000 0.000 0.000 0.000 0.000 0.000 0.000 0.000 0.000 0.000
0.000 0.000 0.000 0.000 0.001 0.003 0.005 0.006 0.007 0.008 0.009 0.010 0.011 0.011 0.012 0.013 0.013 0.014 0.015 0.016 0.016 0.017 0.018 0.018 0.018 0.018 0.017 0.016 0.014 0.013 0.011 0.009 0.008 0.005 0.000 0.203 0.195 0.000 0.000 0.000 0.000 0.000 0.000 0.322 0.345 0.366 0.387 0.400 0.000 0.000 0.000 0.000 0.000 0.280 0.255 0.227 0.201 0.176 0.150 0.128 0.132 0.141 0.151 0.159 0.169 0.179 0.000 0.000 0.000 0.000 0.000 0.000 0.000 0.000 0.000 0.000 0.000
0.000 0.000 0.000 0.000 0.001 0.003 0.005 0.006 0.007 0.008 0.009 0.010 0.010 0.011 0.012 0.012 0.013 0.014 0.014 0.015 0.016 0.016 0.017 0.017 0.017 0.016 0.016 0.015 0.014 0.013 0.011 0.010 0.009 0.007 0.005 0.000 0.211 0.208 0.000 0.000 0.000 0.000 0.000 0.000 0.323 0.000 0.000 0.379 0.366 0.000 0.000 0.000 0.000 0.000 0.000 0.214 0.189 0.165 0.140 0.125 0.135 0.143 0.153 0.162 0.172 0.182 0.000 0.000 0.000 0.000 0.000 0.000 0.000 0.000 0.000 0.000 0.000
0.000 0.000 0.000 0.000 0.001 0.003 0.005 0.006 0.007 0.008 0.009 0.009 0.010 0.011 0.011 0.012 0.013 0.013 0.014 0.014 0.015 0.015 0.016 0.016 0.016 0.015 0.015 0.014 0.013 0.012 0.011 0.010 0.009 0.008 0.006 0.004 0.000 0.226 0.243 0.000 0.000 0.000 0.000 0.000 0.000 0.000 0.000 0.000 0.346 0.000 0.000 0.000 0.000 0.000 0.225 0.202 0.178 0.154 0.130 0.129 0.137 0.144 0.154 0.164 0.175 0.185 0.000 0.000 0.000 0.000 0.000 0.000 0.000 0.000 0.000 0.000 0.000
0.000 0.000 0.000 0.000 0.001 0.003 0.005 0.006 0.007 0.008 0.008 0.009 0.010 0.010 0.011 0.012 0.012 0.013 0.013 0.014 0.014 0.014 0.015 0.015 0.015 0.014 0.014 0.013 0.013 0.012 0.011 0.010 0.009 0.008 0.006 0.005 0.003 0.001 0.215 0.231 0.000 0.000 0.000 0.000 0.000 0.000 0.000 0.000 0.325 0.000 0.000 0.000 0.000 0.000 0.217 0.191 0.168 0.146 0.121 0.130 0.137 0.146 0.157 0.166 0.176 0.000 0.000 0.000 0.000 0.000 0.000 0.000 0.000 0.000 0.000 0.000 0.000
0.000 0.000 0.000 0.000 0.000 0.002 0.004 0.005 0.006 0.007 0.008 0.009 0.009 0.010 0.011 0.011 0.012 0.012 0.013 0.013 0.013 0.014 0.014 0.014 0.014 0.014 0.013 0.013 0.012 0.011 0.010 0.010 0.009 0.008 0.006 0.005 0.003 0.001 0.000 0.201 0.217 0.000 0.000 0.000 0.000 0.000 0.000 0.310 0.305 0.000 0.000 0.000 0.000 0.224 0.206 0.182 0.158 0.135 0.122 0.132 0.140 0.150 0.159 0.167 0.175 0.181 0.189 0.000 0.000 0.000 0.000 0.000 0.000 0.000 0.000 0.000 0.000
0.000 0.000 0.000 0.000 0.000 0.001 0.003 0.004 0.005 0.006 0.007 0.008 0.009 0.010 0.010 0.011 0.011 0.012 0.012 0.012 0.013 0.013 0.013 0.013 0.013 0.013 0.012 0.012 0.011 0.011 0.010 0.009 0.008 0.007 0.006 0.005 0.003 0.001 0.000 0.000 0.187 0.201 0.000 0.000 0.000 0.000 0.000 0.000 0.000 0.000 0.000 0.000 0.000 0.205 0.192 0.172 0.148 0.125 0.124 0.133 0.142 0.153 0.160 0.168 0.176 0.184 0.192 0.199 0.208 0.000 0.000 0.000 0.000 0.000 0.000 0.000 0.000
0.000 0.000 0.000 0.000 0.000 0.000 0.002 0.003 0.004 0.005 0.006 0.007 0.008 0.009 0.010 0.010 0.011 0.011 0.011 0.012 0.012 0.012 0.012 0.012 0.012 0.012 0.012 0.011 0.011 0.010 0.009 0.009 0.008 0.007 0.006 0.005 0.003 0.001 0.000 0.000 0.000 0.169 0.181 0.199 0.000 0.000 0.000 0.000 0.000 0.000 0.000 0.000 0.196 0.184 0.172 0.161 0.138 0.119 0.127 0.136 0.145 0.156 0.163 0.172 0.181 0.188 0.196 0.204 0.211 0.220 0.229 0.000 0.000 0.000 0.000 0.000 0.000
0.000 0.000 0.000 0.000 0.000 0.000 0.000 0.002 0.003 0.004 0.005 0.006 0.007 0.008 0.009 0.010 0.010 0.010 0.011 0.011 0.011 0.011 0.012 0.012 0.011 0.011 0.011 0.011 0.010 0.010 0.009 0.008 0.007 0.006 0.005 0.004 0.002 0.000 0.000 0.000 0.000 0.000 0.154 0.172 0.190 0.000 0.000 0.000 0.000 0.000 0.000 0.000 0.177 0.163 0.153 0.138 0.127 0.121 0.130 0.138 0.148 0.158 0.166 0.176 0.183 0.190 0.199 0.208 0.215 0.223 0.231 0.239 0.189 0.000 0.000 0.000 0.000
0.000 0.000 0.000 0.000 0.000 0.000 0.000 0.000 0.002 0.003 0.004 0.005 0.006 0.007 0.008 0.009 0.009 0.010 0.010 0.010 0.011 0.011 0.011 0.011 0.011 0.011 0.010 0.010 0.009 0.009 0.008 0.007 0.006 0.005 0.004 0.003 0.001 0.000 0.000 0.000 0.000 0.000 0.000 0.146 0.163 0.181 0.000 0.000 0.000 0.000 0.000 0.167 0.155 0.143 0.132 0.118 0.116 0.119 0.129 0.139 0.150 0.160 0.169 0.177 0.186 0.000 0.000 0.000 0.217 0.226 0.234 0.242 0.234 0.147 0.080 0.000 0.000
0.000 0.000 0.000 0.000 0.000 0.000 0.000 0.000 0.000 0.002 0.003 0.004 0.005 0.006 0.007 0.008 0.009 0.009 0.009 0.010 0.010 0.010 0.010 0.010 0.010 0.010 0.010 0.009 0.009 0.008 0.007 0.006 0.005 0.004 0.003 0.002 0.000 0.000 0.000 0.000 0.000 0.000 0.000 0.000 0.136 0.154 0.172 0.000 0.000 0.000 0.000 0.149 0.134 0.124 0.115 0.115 0.116 0.118 0.128 0.139 0.149 0.159 0.168 0.178 0.189 0.000 0.000 0.000 0.000 0.000 0.237 0.245 0.253 0.191 0.150 0.111 0.000
0.000 0.000 0.000 0.000 0.000 0.000 0.000 0.000 0.000 0.000 0.002 0.003 0.004 0.005 0.006 0.007 0.008 0.008 0.009 0.009 0.009 0.009 0.009 0.009 0.009 0.009 0.009 0.008 0.008 0.007 0.006 0.005 0.004 0.003 0.002 0.000 0.000 0.000 0.000 0.000 0.000 0.000 0.000 0.000 0.113 0.129 0.145 0.163 0.000 0.152 0.140 0.128 0.115 0.116 0.115 0.115 0.115 0.115 0.125 0.135 0.146 0.156 0.165 0.173 0.000 0.000 0.000 0.000 0.000 0.000 0.000 0.244 0.254 0.259 0.221 0.181 0.000
0.000 0.000 0.000 0.000 0.000 0.000 0.000 0.000 0.000 0.000 0.000 0.002 0.003 0.004 0.005 0.006 0.007 0.008 0.008 0.008 0.008 0.008 0.008 0.008 0.008 0.008 0.008 0.008 0.007 0.006 0.005 0.004 0.003 0.002 0.000 0.000 0.000 0.000 0.000 0.000 0.000 0.000 0.000 0.000 0.000 0.104 0.119 0.134 0.149 0.133 0.120 0.115 0.115 0.115 0.114 0.114 0.114 0.114 0.122 0.132 0.143 0.153 0.164 0.000 0.000 0.000 0.000 0.000 0.000 0.000 0.000 0.000 0.000 0.264 0.260 0.250 0.209
0.000 0.000 0.000 0.000 0.000 0.000 0.000 0.000 0.000 0.000 0.000 0.000 0.002 0.003 0.004 0.005 0.006 0.007 0.007 0.007 0.007 0.007 0.007 0.007 0.007 0.007 0.007 0.007 0.006 0.005 0.004 0.003 0.002 0.000 0.000 0.000 0.000 0.000 0.000 0.000 0.000 0.000 0.000 0.000 0.000 0.000 0.095 0.109 0.124 0.116 0.114 0.113 0.113 0.113 0.113 0.113 0.114 0.113 0.120 0.130 0.141 0.151 0.163 0.000 0.000 0.000 0.000 0.000 0.000 0.000 0.000 0.000 0.000 0.000 0.000 0.257 0.252
0.000 0.000 0.000 0.000 0.000 0.000 0.000 0.000 0.000 0.000 0.000 0.000 0.000 0.002 0.003 0.004 0.005 0.006 0.006 0.006 0.006 0.006 0.006 0.006 0.006 0.006 0.006 0.006 0.005 0.004 0.003 0.002 0.000 0.000 0.000 0.000 0.000 0.000 0.000 0.000 0.000 0.000 0.000 0.000 0.000 0.000 0.000 0.086 0.101 0.114 0.112 0.111 0.111 0.111 0.111 0.111 0.112 0.112 0.117 0.128 0.138 0.149 0.000 0.000 0.000 0.000 0.000 0.000 0.000 0.000 0.000 0.000 0.000 0.000 0.000 0.000 0.000
0.000 0.000 0.000 0.000 0.000 0.000 0.000 0.000 0.000 0.000 0.000 0.000 0.000 0.000 0.002 0.003 0.004 0.005 0.005 0.005 0.005 0.005 0.005 0.005 0.005 0.005 0.005 0.005 0.004 0.003 0.002 0.000 0.000 0.000 0.000 0.000 0.000 0.000 0.000 0.000 0.000 0.000 0.000 0.000 0.000 0.000 0.000 0.000 0.079 0.096 0.110 0.110 0.109 0.109 0.109 0.109 0.110 0.110 0.113 0.124 0.135 0.146 0.000 0.000 0.000 0.000 0.000 0.000 0.000 0.000 0.000 0.000 0.000 0.000 0.000 0.000 0.000
0.000 0.000 0.000 0.000 0.000 0.000 0.000 0.000 0.000 0.000 0.000 0.000 0.000 0.000 0.000 0.001 0.002 0.003 0.003 0.003 0.003 0.003 0.003 0.003 0.003 0.003 0.003 0.003 0.002 0.001 0.000 0.000 0.000 0.000 0.000 0.000 0.000 0.000 0.000 0.000 0.000 0.000 0.000 0.000 0.000 0.000 0.000 0.000 0.000 0.056 0.093 0.108 0.108 0.108 0.107 0.107 0.107 0.108 0.110 0.121 0.132 0.000 0.000 0.000 0.000 0.000 0.000 0.000 0.000 0.000 0.000 0.000 0.000 0.000 0.000 0.000 0.000
0.000 0.000 0.000 0.000 0.000 0.000 0.000 0.000 0.000 0.000 0.000 0.000 0.000 0.000 0.000 0.000 0.000 0.001 0.001 0.001 0.001 0.001 0.001 0.001 0.001 0.001 0.001 0.001 0.000 0.000 0.000 0.000 0.000 0.000 0.000 0.000 0.000 0.000 0.000 0.000 0.000 0.000 0.000 0.000 0.000 0.000 0.000 0.000 0.000 0.000 0.072 0.093 0.107 0.106 0.105 0.104 0.104 0.105 0.106 0.118 0.129 0.000 0.000 0.000 0.000 0.000 0.000 0.000 0.000 0.000 0.000 0.000 0.000 0.000 0.000 0.000 0.000
0.000 0.000 0.000 0.000 0.000 0.000 0.000 0.000 0.000 0.000 0.000 0.000 0.000 0.000 0.000 0.000 0.000 0.000 0.000 0.000 0.000 0.000 0.000 0.000 0.000 0.000 0.000 0.000 0.000 0.000 0.000 0.000 0.000 0.000 0.000 0.000 0.000 0.000 0.000 0.000 0.000 0.000 0.000 0.000 0.000 0.000 0.000 0.000 0.000 0.000 0.051 0.071 0.091 0.104 0.102 0.100 0.098 0.099 0.102 0.114 0.000 0.000 0.000 0.000 0.000 0.000 0.000 0.000 0.000 0.000 0.000 0.000 0.000 0.000 0.000 0.000 0.000
0.000 0.000 0.000 0.000 0.000 0.000 0.000 0.000 0.000 0.000 0.000 0.000 0.000 0.000 0.000 0.000 0.000 0.000 0.000 0.000 0.000 0.000 0.000 0.000 0.000 0.000 0.000 0.000 0.000 0.000 0.000 0.000 0.000 0.000 0.000 0.000 0.000 0.000 0.000 0.000 0.000 0.000 0.000 0.000 0.000 0.000 0.000 0.000 0.000 0.000 0.000 0.050 0.069 0.087 0.098 0.093 0.081 0.089 0.091 0.000 0.000 0.000 0.000 0.000 0.000 0.000 0.000 0.000 0.000 0.000 0.000 0.000 0.000 0.000 0.000 0.000 0.000
0.000 0.000 0.000 0.000 0.000 0.000 0.000 0.000 0.000 0.000 0.000 0.000 0.000 0.000 0.000 0.000 0.000 0.000 0.000 0.000 0.000 0.000 0.000 0.000 0.000 0.000 0.000 0.000 0.000 0.000 0.000 0.000 0.000 0.000 0.000 0.000 0.000 0.000 0.000 0.000 0.000 0.000 0.000 0.000 0.000 0.000 0.000 0.000 0.000 0.000 0.000 0.028 0.046 0.064 0.080 0.089 0.084 0.084 0.082 0.080 0.000 0.000 0.000 0.000 0.000 0.000 0.000 0.000 0.000 0.000 0.000 0.000 0.000 0.000 0.000 0.000 0.000
0.000 0.000 0.000 0.000 0.000 0.000 0.000 0.000 0.000 0.000 0.000 0.000 0.000 0.000 0.000 0.000 0.000 0.000 0.000 0.000 0.000 0.000 0.000 0.000 0.000 0.000 0.000 0.000 0.000 0.000 0.000 0.000 0.000 0.000 0.000 0.000 0.000 0.000 0.000 0.000 0.000 0.000 0.000 0.000 0.000 0.000 0.000 0.000 0.000 0.000 0.000 0.006 0.022 0.040 0.056 0.073 0.082 0.080 0.077 0.073 0.076 0.000 0.000 0.000 0.000 0.000 0.000 0.000 0.000 0.000 0.000 0.000 0.000 0.000 0.000 0.000 0.000
0.000 0.000 0.000 0.000 0.000 0.000 0.000 0.000 0.000 0.000 0.000 0.000 0.000 0.000 0.000 0.000 0.000 0.000 0.000 0.000 0.000 0.000 0.000 0.000 0.000 0.000 0.000 0.000 0.000 0.000 0.000 0.000 0.000 0.000 0.000 0.000 0.000 0.000 0.000 0.000 0.000 0.000 0.000 0.000 0.000 0.000 0.000 0.000 0.000 0.000 0.000 0.001 0.003 0.016 0.033 0.050 0.067 0.076 0.072 0.066 0.066 0.061 0.062 0.000 0.000 0.000 0.000 0.000 0.000 0.000 0.000 0.000 0.000 0.000 0.000 0.000 0.000
0.000 0.000 0.000 0.000 0.000 0.000 0.000 0.000 0.000 0.000 0.000 0.000 0.000 0.000 0.000 0.000 0.000 0.000 0.000 0.000 0.000 0.000 0.000 0.000 0.000 0.000 0.000 0.000 0.000 0.000 0.000 0.000 0.000 0.000 0.000 0.000 0.000 0.000 0.000 0.000 0.000 0.000 0.000 0.000 0.000 0.000 0.000 0.000 0.000 0.000 0.000 0.000 0.001 0.002 0.010 0.026 0.043 0.060 0.067 0.060 0.057 0.053 0.054 0.057 0.000 0.000 0.000 0.000 0.000 0.000 0.000 0.000 0.000 0.000 0.000 0.000 0.000
0.000 0.000 0.000 0.000 0.000 0.000 0.000 0.000 0.000 0.000 0.000 0.000 0.000 0.000 0.000 0.000 0.000 0.000 0.000 0.000 0.000 0.000 0.000 0.000 0.000 0.000 0.000 0.000 0.000 0.000 0.000 0.000 0.000 0.000 0.000 0.000 0.000 0.000 0.000 0.000 0.000 0.000 0.000 0.000 0.000 0.000 0.000 0.000 0.000 0.000 0.000 0.000 0.000 0.001 0.001 0.005 0.020 0.036 0.050 0.053 0.046 0.045 0.048 0.050 0.052 0.000 0.000 0.000 0.000 0.000 0.000 0.000 0.000 0.000 0.000 0.000 0.000
