数据/LID_BC_30y/LID_BC_res2/LID_BC_131-0001.wd
ncols         694
nrows         824
xllcorner     581104.939801
yllcorner     3495917.092414
cellsize      2.000000
NODATA_value  -9999.000000
[rows 306 to 339 of 824, columns 462 to 538 of 694]
0.069 0.067 0.065 0.063 0.062 0.061 0.061 0.061 0.057 0.049 0.042 0.036 0.029 0.023 0.018 0.013 0.009 0.005 0.003 0.003 0.002 0.002 0.002 0.003 0.004 0.006 0.009 0.012 0.015 0.016 0.016 0.015 0.013 0.011 0.009 0.007 0.005 0.004 0.005 0.000 0.000 0.000 0.000 0.000 0.000 0.000 0.000 0.000 0.000 0.000 0.000 0.000 0.000 0.000 0.018 0.019 0.020 0.023 0.000 0.000 0.000 0.000 0.000 0.000 0.001 0.000 0.000 0.000 0.000 0.000 0.004 0.013 0.024 0.036 0.047 0.047 0.042
0.092 0.077 0.071 0.068 0.067 0.066 0.066 0.067 0.067 0.064 0.057 0.050 0.043 0.036 0.029 0.023 0.016 0.012 0.009 0.006 0.005 0.004 0.003 0.003 0.004 0.006 0.009 0.012 0.014 0.015 0.015 0.015 0.013 0.011 0.010 0.008 0.007 0.007 0.016 0.000 0.000 0.000 0.000 0.000 0.000 0.000 0.000 0.000 0.000 0.000 0.000 0.000 0.000 0.000 0.000 0.000 0.000 0.019 0.018 0.015 0.013 0.011 0.010 0.010 0.015 0.000 0.000 0.000 0.000 0.000 0.018 0.031 0.042 0.043 0.040 0.037 0.035
0.077 0.074 0.072 0.071 0.071 0.072 0.073 0.074 0.074 0.074 0.073 0.065 0.058 0.051 0.043 0.034 0.026 0.021 0.016 0.012 0.009 0.007 0.005 0.005 0.005 0.005 0.009 0.012 0.014 0.015 0.015 0.015 0.013 0.012 0.010 0.009 0.008 0.008 0.000 0.000 0.000 0.000 0.000 0.000 0.000 0.000 0.000 0.000 0.000 0.000 0.000 0.000 0.000 0.000 0.000 0.000 0.000 0.000 0.000 0.011 0.013 0.014 0.012 0.012 0.020 0.000 0.000 0.000 0.000 0.025 0.037 0.040 0.038 0.035 0.032 0.030 0.029
0.071 0.073 0.074 0.076 0.077 0.079 0.080 0.081 0.081 0.081 0.081 0.082 0.075 0.067 0.057 0.046 0.038 0.031 0.025 0.019 0.015 0.011 0.009 0.007 0.006 0.005 0.009 0.011 0.013 0.015 0.015 0.015 0.014 0.012 0.011 0.009 0.008 0.008 0.004 0.003 0.002 0.000 0.000 0.000 0.000 0.000 0.000 0.000 0.000 0.000 0.000 0.000 0.000 0.000 0.000 0.000 0.000 0.000 0.000 0.000 0.000 0.000 0.009 0.014 0.017 0.023 0.000 0.000 0.000 0.036 0.035 0.033 0.031 0.028 0.026 0.025 0.024
0.071 0.076 0.079 0.082 0.085 0.088 0.089 0.090 0.090 0.086 0.088 0.090 0.091 0.083 0.071 0.059 0.050 0.041 0.034 0.027 0.021 0.016 0.013 0.010 0.008 0.007 0.009 0.011 0.013 0.014 0.015 0.015 0.014 0.013 0.011 0.010 0.009 0.008 0.006 0.004 0.003 0.002 0.002 0.000 0.000 0.000 0.000 0.000 0.000 0.000 0.000 0.000 0.000 0.000 0.000 0.000 0.000 0.000 0.000 0.000 0.000 0.000 0.000 0.000 0.015 0.023 0.029 0.043 0.044 0.037 0.032 0.029 0.026 0.024 0.022 0.021 0.022
0.076 0.082 0.087 0.091 0.095 0.098 0.100 0.101 0.099 0.088 0.097 0.100 0.100 0.097 0.084 0.071 0.059 0.050 0.041 0.033 0.027 0.022 0.017 0.013 0.011 0.009 0.010 0.011 0.013 0.014 0.015 0.015 0.014 0.013 0.012 0.011 0.010 0.008 0.007 0.005 0.004 0.003 0.002 0.001 0.001 0.002 0.000 0.000 0.000 0.000 0.000 0.000 0.000 0.000 0.000 0.000 0.000 0.000 0.000 0.000 0.000 0.000 0.000 0.000 0.000 0.000 0.000 0.029 0.032 0.030 0.028 0.025 0.022 0.020 0.019 0.018 0.016
0.084 0.091 0.096 0.101 0.105 0.109 0.111 0.113 0.112 0.110 0.111 0.112 0.104 0.089 0.084 0.077 0.065 0.055 0.046 0.039 0.032 0.026 0.021 0.017 0.014 0.012 0.011 0.012 0.013 0.014 0.015 0.015 0.014 0.013 0.012 0.011 0.010 0.009 0.007 0.006 0.005 0.004 0.003 0.002 0.001 0.002 0.002 0.003 0.000 0.000 0.000 0.000 0.000 0.001 0.000 0.000 0.000 0.000 0.000 0.000 0.000 0.000 0.000 0.000 0.000 0.000 0.032 0.029 0.028 0.026 0.024 0.021 0.019 0.018 0.017 0.017 0.000
0.095 0.101 0.107 0.112 0.117 0.121 0.123 0.119 0.111 0.101 0.092 0.082 0.070 0.052 0.065 0.077 0.067 0.058 0.050 0.043 0.036 0.030 0.026 0.022 0.018 0.016 0.014 0.014 0.015 0.015 0.016 0.015 0.015 0.014 0.013 0.012 0.011 0.010 0.008 0.007 0.006 0.005 0.003 0.000 0.001 0.001 0.002 0.002 0.002 0.002 0.002 0.002 0.003 0.003 0.008 0.024 0.050 0.000 0.000 0.000 0.000 0.000 0.000 0.000 0.000 0.000 0.027 0.027 0.025 0.024 0.021 0.019 0.017 0.015 0.014 0.012 0.000
0.106 0.113 0.114 0.110 0.106 0.100 0.094 0.088 0.080 0.072 0.063 0.053 0.038 0.039 0.027 0.066 0.068 0.062 0.055 0.048 0.042 0.037 0.032 0.028 0.025 0.022 0.021 0.020 0.019 0.019 0.019 0.019 0.018 0.017 0.016 0.015 0.013 0.012 0.010 0.009 0.008 0.006 0.005 0.004 0.003 0.002 0.002 0.003 0.003 0.003 0.003 0.004 0.006 0.012 0.023 0.038 0.060 0.083 0.110 0.000 0.000 0.000 0.000 0.000 0.000 0.033 0.030 0.027 0.024 0.022 0.019 0.017 0.015 0.013 0.014 0.000 0.000
0.086 0.084 0.081 0.077 0.073 0.068 0.063 0.057 0.050 0.043 0.036 0.025 0.019 0.025 0.028 0.053 0.071 0.066 0.060 0.055 0.050 0.046 0.043 0.041 0.039 0.037 0.035 0.033 0.032 0.031 0.029 0.028 0.027 0.025 0.023 0.022 0.020 0.018 0.016 0.014 0.012 0.011 0.009 0.008 0.007 0.006 0.004 0.005 0.005 0.006 0.008 0.013 0.020 0.029 0.039 0.054 0.073 0.095 0.109 0.112 0.116 0.123 0.000 0.000 0.000 0.029 0.028 0.025 0.023 0.020 0.017 0.014 0.012 0.011 0.010 0.000 0.000
0.053 0.050 0.048 0.045 0.041 0.037 0.033 0.028 0.024 0.019 0.014 0.007 0.011 0.016 0.022 0.041 0.068 0.072 0.068 0.065 0.063 0.061 0.061 0.060 0.060 0.059 0.058 0.056 0.054 0.052 0.049 0.046 0.043 0.040 0.037 0.034 0.032 0.030 0.027 0.025 0.023 0.022 0.020 0.019 0.017 0.016 0.014 0.011 0.014 0.018 0.024 0.030 0.037 0.046 0.057 0.070 0.079 0.081 0.085 0.088 0.091 0.093 0.092 0.099 0.000 0.033 0.029 0.024 0.020 0.017 0.014 0.012 0.010 0.010 0.000 0.000 0.000
0.021 0.020 0.018 0.016 0.014 0.012 0.010 0.008 0.006 0.005 0.002 0.003 0.006 0.010 0.015 0.030 0.056 0.082 0.082 0.081 0.082 0.083 0.085 0.085 0.085 0.085 0.084 0.082 0.080 0.077 0.074 0.070 0.066 0.062 0.058 0.054 0.051 0.048 0.045 0.043 0.042 0.041 0.040 0.039 0.038 0.037 0.035 0.031 0.030 0.036 0.041 0.048 0.055 0.064 0.069 0.065 0.062 0.062 0.063 0.064 0.063 0.050 0.062 0.068 0.060 0.043 0.030 0.022 0.017 0.014 0.011 0.009 0.008 0.007 0.000 0.000 0.000
0.003 0.003 0.003 0.003 0.002 0.002 0.002 0.002 0.001 0.001 0.001 0.002 0.003 0.005 0.010 0.022 0.047 0.089 0.102 0.104 0.107 0.110 0.112 0.113 0.113 0.113 0.112 0.110 0.108 0.105 0.100 0.095 0.090 0.086 0.082 0.078 0.075 0.072 0.069 0.067 0.066 0.065 0.064 0.064 0.064 0.063 0.062 0.058 0.051 0.054 0.059 0.066 0.070 0.063 0.057 0.051 0.047 0.044 0.043 0.042 0.041 0.037 0.039 0.041 0.037 0.028 0.000 0.009 0.010 0.009 0.007 0.006 0.006 0.000 0.000 0.000 0.000
0.000 0.000 0.000 0.000 0.000 0.000 0.000 0.000 0.000 0.000 0.001 0.001 0.002 0.003 0.006 0.016 0.042 0.087 0.127 0.131 0.135 0.138 0.141 0.142 0.142 0.142 0.141 0.139 0.136 0.133 0.127 0.121 0.116 0.112 0.108 0.104 0.100 0.097 0.095 0.094 0.093 0.093 0.093 0.093 0.092 0.092 0.090 0.087 0.081 0.072 0.076 0.066 0.057 0.050 0.043 0.037 0.033 0.029 0.026 0.024 0.021 0.019 0.018 0.018 0.016 0.014 0.011 0.007 0.006 0.005 0.004 0.003 0.003 0.011 0.000 0.000 0.000
0.000 0.000 0.000 0.000 0.000 0.000 0.000 0.000 0.000 0.000 0.000 0.001 0.001 0.002 0.004 0.010 0.041 0.088 0.142 0.159 0.164 0.168 0.171 0.171 0.171 0.171 0.170 0.168 0.165 0.161 0.155 0.145 0.141 0.138 0.134 0.129 0.126 0.124 0.122 0.121 0.121 0.121 0.121 0.122 0.122 0.122 0.121 0.118 0.107 0.084 0.081 0.073 0.063 0.054 0.046 0.039 0.033 0.027 0.023 0.019 0.015 0.012 0.009 0.007 0.006 0.004 0.003 0.003 0.002 0.002 0.001 0.001 0.000 0.000 0.000 0.000 0.000
0.000 0.000 0.000 0.000 0.000 0.000 0.000 0.000 0.000 0.000 0.000 0.000 0.001 0.001 0.002 0.008 0.045 0.000 0.144 0.188 0.193 0.198 0.203 0.000 0.000 0.000 0.000 0.000 0.000 0.000 0.000 0.166 0.168 0.166 0.162 0.154 0.152 0.151 0.149 0.149 0.149 0.150 0.151 0.151 0.152 0.145 0.132 0.118 0.101 0.079 0.078 0.080 0.085 0.076 0.067 0.058 0.051 0.044 0.038 0.032 0.027 0.023 0.018 0.015 0.012 0.009 0.007 0.006 0.004 0.003 0.003 0.002 0.002 0.001 0.000 0.000 0.000
0.000 0.000 0.000 0.000 0.000 0.000 0.000 0.000 0.000 0.000 0.000 0.000 0.000 0.004 0.000 0.000 0.048 0.000 0.000 0.205 0.000 0.000 0.000 0.000 0.000 0.000 0.000 0.000 0.000 0.000 0.000 0.000 0.000 0.000 0.000 0.177 0.179 0.179 0.176 0.177 0.178 0.179 0.172 0.161 0.150 0.138 0.125 0.111 0.095 0.073 0.073 0.074 0.077 0.082 0.084 0.076 0.068 0.061 0.053 0.047 0.041 0.035 0.030 0.025 0.020 0.016 0.013 0.010 0.008 0.006 0.005 0.004 0.003 0.002 0.002 0.001 0.000
0.000 0.000 0.000 0.000 0.000 0.000 0.000 0.000 0.000 0.000 0.000 0.000 0.000 0.000 0.000 0.000 0.000 0.000 0.000 0.000 0.000 0.000 0.000 0.000 0.000 0.000 0.000 0.000 0.000 0.000 0.000 0.000 0.000 0.000 0.000 0.000 0.000 0.000 0.202 0.197 0.187 0.177 0.164 0.153 0.142 0.130 0.118 0.104 0.087 0.068 0.067 0.068 0.070 0.074 0.079 0.085 0.084 0.076 0.069 0.062 0.055 0.048 0.042 0.036 0.030 0.025 0.021 0.017 0.014 0.011 0.009 0.007 0.005 0.004 0.003 0.003 0.002
0.000 0.000 0.000 0.000 0.000 0.000 0.000 0.000 0.000 0.000 0.000 0.000 0.000 0.000 0.000 0.000 0.000 0.000 0.000 0.000 0.000 0.000 0.000 0.000 0.000 0.000 0.000 0.000 0.000 0.000 0.000 0.000 0.000 0.000 0.000 0.000 0.000 0.000 0.000 0.000 0.000 0.000 0.154 0.146 0.135 0.122 0.110 0.096 0.079 0.062 0.061 0.061 0.062 0.065 0.069 0.074 0.081 0.087 0.084 0.076 0.069 0.062 0.055 0.048 0.042 0.036 0.030 0.026 0.021 0.018 0.014 0.012 0.009 0.007 0.006 0.005 0.004
0.000 0.000 0.000 0.000 0.000 0.000 0.000 0.000 0.000 0.000 0.000 0.000 0.000 0.000 0.000 0.000 0.000 0.000 0.000 0.000 0.000 0.000 0.000 0.000 0.000 0.000 0.000 0.000 0.000 0.000 0.000 0.000 0.000 0.000 0.000 0.000 0.000 0.000 0.000 0.000 0.000 0.000 0.000 0.000 0.000 0.111 0.102 0.088 0.068 0.054 0.053 0.052 0.053 0.056 0.059 0.064 0.070 0.076 0.083 0.090 0.083 0.075 0.068 0.060 0.053 0.047 0.041 0.035 0.030 0.026 0.022 0.019 0.016 0.013 0.011 0.009 0.007
0.000 0.000 0.000 0.000 0.000 0.000 0.000 0.000 0.000 0.000 0.000 0.000 0.000 0.000 0.000 0.000 0.000 0.000 0.000 0.000 0.000 0.000 0.000 0.000 0.000 0.000 0.000 0.000 0.000 0.000 0.000 0.000 0.000 0.000 0.000 0.000 0.000 0.000 0.000 0.000 0.000 0.000 0.000 0.000 0.000 0.000 0.000 0.000 0.051 0.044 0.042 0.042 0.044 0.047 0.050 0.054 0.059 0.065 0.071 0.078 0.084 0.089 0.081 0.073 0.065 0.058 0.052 0.047 0.042 0.037 0.034 0.030 0.027 0.024 0.021 0.018 0.015
0.000 0.000 0.000 0.000 0.000 0.000 0.000 0.000 0.000 0.000 0.000 0.000 0.000 0.000 0.000 0.000 0.000 0.000 0.000 0.000 0.000 0.000 0.000 0.000 0.000 0.000 0.000 0.000 0.000 0.000 0.000 0.000 0.000 0.000 0.000 0.000 0.000 0.000 0.000 0.000 0.000 0.000 0.000 0.000 0.000 0.000 0.000 0.000 0.000 0.000 0.026 0.032 0.036 0.039 0.039 0.043 0.049 0.055 0.060 0.066 0.072 0.078 0.084 0.085 0.077 0.070 0.064 0.059 0.055 0.052 0.049 0.046 0.043 0.039 0.036 0.031 0.027
0.000 0.000 0.000 0.000 0.000 0.000 0.000 0.000 0.000 0.000 0.000 0.000 0.000 0.000 0.000 0.000 0.000 0.000 0.000 0.000 0.000 0.000 0.000 0.000 0.000 0.000 0.000 0.000 0.000 0.000 0.000 0.000 0.000 0.000 0.000 0.000 0.000 0.000 0.000 0.000 0.000 0.000 0.000 0.000 0.000 0.000 0.000 0.000 0.000 0.000 0.000 0.000 0.000 0.000 0.025 0.033 0.040 0.046 0.048 0.053 0.059 0.064 0.069 0.076 0.084 0.083 0.078 0.074 0.072 0.070 0.068 0.066 0.063 0.059 0.054 0.049 0.043
0.000 0.000 0.000 0.000 0.000 0.000 0.000 0.000 0.000 0.000 0.000 0.000 0.000 0.000 0.000 0.000 0.000 0.000 0.000 0.000 0.000 0.000 0.000 0.000 0.000 0.000 0.000 0.000 0.000 0.000 0.000 0.000 0.000 0.000 0.000 0.000 0.000 0.000 0.000 0.000 0.000 0.000 0.000 0.000 0.000 0.000 0.000 0.000 0.000 0.000 0.000 0.000 0.000 0.000 0.000 0.000 0.000 0.000 0.033 0.039 0.045 0.050 0.051 0.059 0.069 0.080 0.092 0.093 0.092 0.092 0.091 0.089 0.086 0.081 0.074 0.067 0.059
0.000 0.000 0.000 0.000 0.000 0.000 0.000 0.000 0.000 0.000 0.000 0.000 0.000 0.000 0.000 0.000 0.000 0.000 0.000 0.000 0.000 0.000 0.000 0.000 0.000 0.000 0.000 0.000 0.000 0.000 0.000 0.000 0.000 0.000 0.000 0.000 0.000 0.000 0.000 0.000 0.000 0.000 0.000 0.000 0.000 0.000 0.000 0.000 0.000 0.000 0.000 0.000 0.000 0.000 0.000 0.000 0.000 0.000 0.000 0.024 0.031 0.033 0.000 0.042 0.055 0.067 0.081 0.098 0.116 0.117 0.116 0.114 0.110 0.104 0.094 0.085 0.075
0.000 0.000 0.000 0.000 0.000 0.000 0.000 0.000 0.000 0.000 0.000 0.000 0.000 0.000 0.000 0.000 0.000 0.000 0.000 0.000 0.000 0.000 0.000 0.000 0.000 0.000 0.000 0.000 0.000 0.000 0.000 0.000 0.000 0.000 0.000 0.000 0.000 0.000 0.000 0.000 0.000 0.000 0.000 0.000 0.000 0.000 0.000 0.000 0.000 0.000 0.000 0.000 0.000 0.000 0.000 0.000 0.000 0.000 0.000 0.013 0.019 0.022 0.019 0.032 0.043 0.056 0.072 0.091 0.112 0.132 0.142 0.140 0.136 0.128 0.111 0.101 0.089
0.000 0.000 0.000 0.000 0.000 0.000 0.000 0.000 0.000 0.000 0.000 0.000 0.000 0.000 0.000 0.000 0.000 0.000 0.000 0.000 0.000 0.000 0.000 0.000 0.000 0.000 0.000 0.000 0.000 0.000 0.000 0.000 0.000 0.000 0.000 0.000 0.000 0.000 0.000 0.000 0.000 0.000 0.000 0.000 0.000 0.000 0.000 0.000 0.000 0.000 0.000 0.000 0.000 0.000 0.000 0.000 0.000 0.000 0.000 0.005 0.009 0.012 0.015 0.023 0.033 0.046 0.064 0.086 0.109 0.132 0.000 0.000 0.000 0.000 0.119 0.117 0.100
0.000 0.000 0.000 0.000 0.000 0.000 0.000 0.000 0.000 0.000 0.000 0.000 0.000 0.000 0.000 0.000 0.000 0.000 0.000 0.000 0.000 0.000 0.000 0.000 0.000 0.000 0.000 0.000 0.000 0.000 0.000 0.000 0.000 0.000 0.000 0.000 0.000 0.000 0.000 0.000 0.000 0.000 0.000 0.000 0.000 0.000 0.000 0.000 0.000 0.000 0.000 0.000 0.000 0.000 0.000 0.000 0.000 0.000 0.000 0.001 0.002 0.005 0.008 0.014 0.024 0.038 0.058 0.082 0.106 0.000 0.000 0.000 0.000 0.000 0.000 0.000 0.101
0.000 0.000 0.000 0.000 0.000 0.000 0.000 0.000 0.000 0.000 0.000 0.000 0.000 0.000 0.000 0.000 0.000 0.000 0.000 0.000 0.000 0.000 0.000 0.000 0.000 0.000 0.000 0.000 0.000 0.000 0.000 0.000 0.000 0.000 0.000 0.000 0.000 0.000 0.000 0.000 0.000 0.000 0.000 0.000 0.000 0.000 0.000 0.000 0.000 0.000 0.000 0.000 0.000 0.000 0.000 0.000 0.000 0.000 0.000 0.000 0.001 0.001 0.003 0.008 0.016 0.030 0.052 0.079 0.000 0.000 0.000 0.000 0.000 0.000 0.000 0.000 0.000
0.000 0.000 0.000 0.000 0.000 0.000 0.000 0.000 0.000 0.000 0.000 0.000 0.000 0.000 0.000 0.000 0.000 0.000 0.000 0.000 0.000 0.000 0.000 0.000 0.000 0.000 0.000 0.000 0.000 0.000 0.000 0.000 0.000 0.000 0.000 0.000 0.000 0.000 0.000 0.000 0.000 0.000 0.000 0.000 0.000 0.000 0.000 0.000 0.000 0.000 0.000 0.000 0.000 0.000 0.000 0.000 0.000 0.000 0.000 0.000 0.000 0.000 0.001 0.002 0.009 0.023 0.047 0.074 0.000 0.000 0.000 0.000 0.000 0.000 0.000 0.000 0.000
0.000 0.000 0.000 0.000 0.000 0.000 0.000 0.000 0.000 0.000 0.000 0.000 0.000 0.000 0.000 0.000 0.000 0.000 0.000 0.000 0.000 0.000 0.000 0.000 0.000 0.000 0.000 0.000 0.000 0.000 0.000 0.000 0.000 0.000 0.000 0.000 0.000 0.000 0.000 0.000 0.000 0.000 0.000 0.000 0.000 0.000 0.000 0.000 0.000 0.000 0.000 0.000 0.000 0.000 0.000 0.000 0.000 0.000 0.000 0.000 0.000 0.000 0.000 0.001 0.003 0.016 0.042 0.000 0.000 0.000 0.000 0.000 0.000 0.000 0.000 0.000 0.000
0.000 0.000 0.000 0.000 0.000 0.000 0.000 0.000 0.000 0.000 0.000 0.000 0.000 0.000 0.000 0.000 0.000 0.000 0.000 0.000 0.000 0.000 0.000 0.000 0.000 0.000 0.000 0.000 0.000 0.000 0.000 0.000 0.000 0.000 0.000 0.000 0.000 0.000 0.000 0.000 0.000 0.000 0.000 0.000 0.000 0.000 0.000 0.000 0.000 0.000 0.000 0.000 0.000 0.000 0.000 0.000 0.000 0.000 0.000 0.000 0.000 0.000 0.000 0.000 0.002 0.019 0.054 0.000 0.000 0.000 0.000 0.000 0.000 0.000 0.000 0.000 0.000
0.000 0.000 0.000 0.000 0.000 0.000 0.000 0.000 0.000 0.000 0.000 0.000 0.000 0.000 0.000 0.000 0.000 0.000 0.000 0.000 0.000 0.000 0.000 0.000 0.000 0.000 0.000 0.000 0.000 0.000 0.000 0.000 0.000 0.000 0.000 0.000 0.000 0.000 0.000 0.000 0.000 0.000 0.000 0.000 0.000 0.000 0.000 0.000 0.000 0.000 0.000 0.000 0.000 0.000 0.000 0.000 0.000 0.000 0.000 0.000 0.000 0.000 0.000 0.000 0.002 0.019 0.000 0.000 0.000 0.000 0.000 0.000 0.000 0.000 0.000 0.000 0.000
0.000 0.000 0.000 0.000 0.000 0.000 0.000 0.000 0.000 0.000 0.000 0.000 0.000 0.000 0.000 0.000 0.000 0.000 0.000 0.000 0.000 0.000 0.000 0.000 0.000 0.000 0.000 0.000 0.000 0.000 0.000 0.000 0.000 0.000 0.000 0.000 0.000 0.000 0.000 0.000 0.000 0.000 0.000 0.000 0.000 0.000 0.000 0.000 0.000 0.000 0.000 0.000 0.000 0.000 0.000 0.000 0.000 0.000 0.000 0.000 0.000 0.000 0.000 0.000 0.003 0.018 0.000 0.000 0.000 0.000 0.000 0.000 0.000 0.000 0.000 0.000 0.000
