数据/LID_BC_30y/LID_BC_res2/LID_BC_125-0001.wd
ncols         694
nrows         824
xllcorner     581104.939801
yllcorner     3495917.092414
cellsize      2.000000
NODATA_value  -9999.000000
[rows 306 to 339 of 824, columns 462 to 538 of 694]
0.082 0.079 0.076 0.074 0.072 0.072 0.072 0.072 0.068 0.060 0.053 0.046 0.039 0.032 0.025 0.019 0.014 0.009 0.006 0.004 0.003 0.003 0.003 0.005 0.007 0.011 0.014 0.018 0.020 0.021 0.020 0.019 0.017 0.014 0.012 0.009 0.007 0.006 0.006 0.000 0.000 0.000 0.000 0.000 0.000 0.000 0.000 0.000 0.000 0.000 0.000 0.000 0.000 0.000 0.023 0.023 0.024 0.029 0.000 0.000 0.000 0.000 0.000 0.000 0.000 0.000 0.000 0.000 0.000 0.000 0.005 0.015 0.026 0.038 0.050 0.050 0.045
0.110 0.092 0.083 0.080 0.078 0.078 0.078 0.079 0.079 0.076 0.068 0.061 0.054 0.046 0.039 0.031 0.023 0.017 0.013 0.009 0.007 0.006 0.005 0.005 0.008 0.011 0.014 0.017 0.019 0.020 0.020 0.019 0.017 0.015 0.013 0.011 0.009 0.010 0.019 0.000 0.000 0.000 0.000 0.000 0.000 0.000 0.000 0.000 0.000 0.000 0.000 0.000 0.000 0.000 0.000 0.000 0.000 0.023 0.022 0.018 0.015 0.013 0.011 0.009 0.008 0.000 0.000 0.000 0.000 0.000 0.019 0.033 0.044 0.045 0.043 0.040 0.038
0.092 0.088 0.085 0.084 0.084 0.085 0.085 0.086 0.086 0.087 0.085 0.077 0.070 0.062 0.053 0.043 0.034 0.028 0.022 0.017 0.013 0.010 0.008 0.007 0.008 0.010 0.014 0.017 0.019 0.020 0.020 0.019 0.018 0.016 0.014 0.012 0.011 0.012 0.000 0.000 0.000 0.000 0.000 0.000 0.000 0.000 0.000 0.000 0.000 0.000 0.000 0.000 0.000 0.000 0.000 0.000 0.000 0.000 0.000 0.013 0.015 0.016 0.013 0.010 0.009 0.000 0.000 0.000 0.000 0.026 0.038 0.042 0.040 0.037 0.035 0.033 0.032
0.085 0.087 0.088 0.089 0.091 0.092 0.093 0.094 0.094 0.094 0.094 0.095 0.087 0.078 0.068 0.056 0.047 0.039 0.032 0.025 0.020 0.015 0.012 0.010 0.009 0.010 0.014 0.017 0.019 0.020 0.020 0.019 0.018 0.016 0.015 0.013 0.012 0.011 0.007 0.004 0.003 0.000 0.000 0.000 0.000 0.000 0.000 0.000 0.000 0.000 0.000 0.000 0.000 0.000 0.000 0.000 0.000 0.000 0.000 0.000 0.000 0.000 0.008 0.007 0.003 0.000 0.000 0.000 0.000 0.037 0.037 0.035 0.033 0.031 0.029 0.027 0.027
0.085 0.090 0.093 0.096 0.099 0.101 0.103 0.103 0.103 0.100 0.102 0.103 0.104 0.095 0.082 0.069 0.059 0.050 0.041 0.033 0.027 0.021 0.017 0.014 0.012 0.011 0.014 0.016 0.018 0.019 0.020 0.019 0.018 0.017 0.015 0.014 0.013 0.011 0.008 0.006 0.004 0.003 0.002 0.000 0.000 0.000 0.000 0.000 0.000 0.000 0.000 0.000 0.000 0.000 0.000 0.000 0.000 0.000 0.000 0.000 0.000 0.000 0.000 0.000 0.000 0.000 0.016 0.041 0.044 0.038 0.034 0.031 0.028 0.026 0.025 0.024 0.025
0.090 0.096 0.101 0.105 0.108 0.111 0.113 0.114 0.112 0.103 0.111 0.113 0.113 0.109 0.095 0.081 0.069 0.058 0.049 0.041 0.033 0.027 0.022 0.018 0.015 0.014 0.015 0.017 0.018 0.019 0.020 0.019 0.019 0.018 0.016 0.015 0.014 0.012 0.009 0.007 0.006 0.004 0.003 0.002 0.001 0.002 0.000 0.000 0.000 0.000 0.000 0.000 0.000 0.000 0.000 0.000 0.000 0.000 0.000 0.000 0.000 0.000 0.000 0.000 0.000 0.000 0.000 0.032 0.034 0.033 0.030 0.028 0.025 0.023 0.022 0.021 0.018
0.099 0.105 0.110 0.115 0.119 0.122 0.125 0.126 0.125 0.123 0.124 0.125 0.115 0.100 0.095 0.087 0.074 0.063 0.054 0.046 0.039 0.033 0.028 0.023 0.020 0.018 0.017 0.018 0.019 0.020 0.020 0.020 0.020 0.019 0.017 0.016 0.015 0.013 0.011 0.009 0.007 0.005 0.004 0.003 0.002 0.002 0.002 0.003 0.000 0.000 0.000 0.000 0.000 0.001 0.000 0.000 0.000 0.000 0.000 0.000 0.000 0.000 0.000 0.000 0.000 0.000 0.037 0.034 0.032 0.030 0.027 0.025 0.022 0.021 0.019 0.020 0.000
0.109 0.115 0.121 0.126 0.130 0.134 0.137 0.132 0.123 0.114 0.104 0.094 0.081 0.062 0.075 0.087 0.077 0.068 0.059 0.051 0.044 0.038 0.033 0.029 0.026 0.024 0.023 0.022 0.023 0.023 0.023 0.023 0.022 0.021 0.020 0.018 0.017 0.015 0.013 0.011 0.009 0.007 0.005 0.000 0.002 0.002 0.002 0.003 0.003 0.003 0.003 0.003 0.003 0.008 0.020 0.039 0.065 0.000 0.000 0.000 0.000 0.000 0.000 0.000 0.000 0.000 0.032 0.032 0.030 0.028 0.025 0.023 0.020 0.018 0.017 0.015 0.000
0.120 0.127 0.128 0.124 0.119 0.114 0.107 0.100 0.093 0.084 0.075 0.064 0.048 0.048 0.038 0.077 0.079 0.072 0.065 0.058 0.052 0.047 0.043 0.039 0.037 0.034 0.033 0.032 0.032 0.031 0.030 0.029 0.028 0.027 0.025 0.024 0.022 0.020 0.018 0.015 0.013 0.011 0.009 0.007 0.006 0.004 0.004 0.004 0.005 0.005 0.006 0.009 0.014 0.023 0.035 0.052 0.075 0.098 0.125 0.000 0.000 0.000 0.000 0.000 0.000 0.039 0.035 0.032 0.029 0.026 0.023 0.020 0.018 0.016 0.017 0.000 0.000
0.100 0.097 0.094 0.090 0.086 0.081 0.076 0.070 0.062 0.055 0.046 0.035 0.026 0.033 0.037 0.063 0.083 0.077 0.072 0.067 0.063 0.060 0.058 0.056 0.055 0.054 0.052 0.051 0.049 0.047 0.045 0.043 0.041 0.039 0.037 0.035 0.032 0.030 0.027 0.025 0.023 0.020 0.018 0.016 0.014 0.012 0.009 0.009 0.011 0.014 0.018 0.024 0.031 0.040 0.052 0.067 0.087 0.110 0.124 0.126 0.131 0.138 0.000 0.000 0.000 0.035 0.034 0.030 0.027 0.024 0.021 0.018 0.016 0.014 0.012 0.000 0.000
0.067 0.064 0.061 0.058 0.054 0.049 0.045 0.040 0.034 0.028 0.021 0.011 0.016 0.022 0.029 0.050 0.080 0.086 0.083 0.080 0.079 0.078 0.078 0.079 0.078 0.078 0.077 0.075 0.073 0.071 0.068 0.065 0.061 0.058 0.054 0.051 0.048 0.046 0.043 0.041 0.039 0.037 0.035 0.033 0.031 0.029 0.025 0.021 0.025 0.030 0.035 0.041 0.049 0.058 0.069 0.083 0.093 0.096 0.100 0.102 0.105 0.107 0.107 0.113 0.000 0.040 0.035 0.029 0.025 0.021 0.018 0.015 0.013 0.013 0.000 0.000 0.000
0.034 0.032 0.030 0.027 0.024 0.020 0.017 0.014 0.011 0.008 0.004 0.006 0.009 0.014 0.022 0.039 0.069 0.099 0.099 0.100 0.101 0.102 0.104 0.105 0.105 0.105 0.104 0.102 0.100 0.097 0.094 0.089 0.085 0.081 0.077 0.073 0.069 0.066 0.063 0.061 0.059 0.058 0.057 0.056 0.054 0.053 0.049 0.044 0.042 0.047 0.053 0.059 0.066 0.075 0.081 0.077 0.075 0.075 0.077 0.078 0.078 0.067 0.077 0.082 0.072 0.051 0.037 0.027 0.021 0.017 0.014 0.012 0.010 0.008 0.000 0.000 0.000
0.007 0.006 0.006 0.005 0.004 0.004 0.003 0.003 0.002 0.001 0.001 0.003 0.005 0.008 0.015 0.030 0.061 0.108 0.121 0.124 0.127 0.129 0.132 0.133 0.133 0.133 0.132 0.130 0.128 0.125 0.120 0.115 0.110 0.106 0.102 0.098 0.094 0.091 0.088 0.086 0.084 0.083 0.082 0.081 0.080 0.079 0.076 0.072 0.064 0.066 0.070 0.077 0.081 0.074 0.067 0.062 0.058 0.056 0.055 0.055 0.054 0.050 0.053 0.054 0.048 0.037 0.000 0.012 0.012 0.011 0.010 0.008 0.008 0.000 0.000 0.000 0.000
0.000 0.000 0.000 0.000 0.000 0.000 0.000 0.000 0.000 0.000 0.001 0.001 0.002 0.005 0.010 0.023 0.057 0.107 0.147 0.151 0.154 0.158 0.161 0.162 0.162 0.162 0.161 0.159 0.156 0.153 0.147 0.141 0.136 0.132 0.128 0.123 0.120 0.117 0.114 0.112 0.111 0.110 0.110 0.109 0.108 0.107 0.104 0.100 0.094 0.084 0.087 0.077 0.067 0.059 0.052 0.046 0.041 0.037 0.034 0.032 0.030 0.028 0.027 0.027 0.024 0.021 0.015 0.010 0.008 0.007 0.005 0.004 0.003 0.009 0.000 0.000 0.000
0.000 0.000 0.000 0.000 0.000 0.000 0.000 0.000 0.000 0.000 0.000 0.001 0.001 0.003 0.006 0.017 0.058 0.108 0.162 0.179 0.184 0.188 0.191 0.191 0.191 0.191 0.190 0.188 0.185 0.181 0.175 0.165 0.161 0.158 0.154 0.149 0.145 0.143 0.141 0.140 0.139 0.139 0.139 0.138 0.138 0.137 0.135 0.131 0.119 0.095 0.092 0.084 0.073 0.063 0.055 0.047 0.040 0.035 0.030 0.026 0.022 0.018 0.016 0.013 0.010 0.008 0.006 0.004 0.003 0.002 0.002 0.001 0.000 0.000 0.000 0.000 0.000
0.000 0.000 0.000 0.000 0.000 0.000 0.000 0.000 0.000 0.000 0.000 0.000 0.001 0.002 0.004 0.016 0.062 0.000 0.164 0.209 0.213 0.218 0.222 0.000 0.000 0.000 0.000 0.000 0.000 0.000 0.000 0.187 0.188 0.186 0.182 0.174 0.172 0.170 0.168 0.167 0.167 0.168 0.168 0.167 0.167 0.159 0.146 0.131 0.113 0.090 0.089 0.091 0.095 0.086 0.076 0.068 0.060 0.053 0.046 0.040 0.035 0.030 0.025 0.021 0.017 0.014 0.011 0.009 0.007 0.005 0.004 0.003 0.002 0.001 0.000 0.000 0.000
0.000 0.000 0.000 0.000 0.000 0.000 0.000 0.000 0.000 0.000 0.000 0.000 0.000 0.004 0.000 0.000 0.065 0.000 0.000 0.226 0.000 0.000 0.000 0.000 0.000 0.000 0.000 0.000 0.000 0.000 0.000 0.000 0.000 0.000 0.000 0.196 0.199 0.198 0.194 0.195 0.196 0.197 0.189 0.177 0.165 0.152 0.139 0.124 0.107 0.084 0.084 0.085 0.088 0.093 0.095 0.086 0.078 0.070 0.063 0.056 0.049 0.043 0.037 0.032 0.027 0.022 0.018 0.015 0.012 0.009 0.007 0.005 0.004 0.003 0.002 0.001 0.000
0.000 0.000 0.000 0.000 0.000 0.000 0.000 0.000 0.000 0.000 0.000 0.000 0.000 0.000 0.000 0.000 0.000 0.000 0.000 0.000 0.000 0.000 0.000 0.000 0.000 0.000 0.000 0.000 0.000 0.000 0.000 0.000 0.000 0.000 0.000 0.000 0.000 0.000 0.220 0.215 0.205 0.194 0.180 0.169 0.158 0.145 0.131 0.117 0.099 0.079 0.078 0.078 0.080 0.084 0.089 0.095 0.094 0.086 0.078 0.071 0.064 0.057 0.050 0.044 0.038 0.032 0.027 0.023 0.019 0.015 0.012 0.009 0.007 0.006 0.004 0.003 0.002
0.000 0.000 0.000 0.000 0.000 0.000 0.000 0.000 0.000 0.000 0.000 0.000 0.000 0.000 0.000 0.000 0.000 0.000 0.000 0.000 0.000 0.000 0.000 0.000 0.000 0.000 0.000 0.000 0.000 0.000 0.000 0.000 0.000 0.000 0.000 0.000 0.000 0.000 0.000 0.000 0.000 0.000 0.170 0.161 0.150 0.136 0.123 0.109 0.090 0.073 0.071 0.071 0.072 0.075 0.079 0.084 0.091 0.098 0.094 0.086 0.078 0.071 0.064 0.057 0.050 0.043 0.037 0.032 0.027 0.023 0.019 0.016 0.013 0.010 0.008 0.006 0.005
0.000 0.000 0.000 0.000 0.000 0.000 0.000 0.000 0.000 0.000 0.000 0.000 0.000 0.000 0.000 0.000 0.000 0.000 0.000 0.000 0.000 0.000 0.000 0.000 0.000 0.000 0.000 0.000 0.000 0.000 0.000 0.000 0.000 0.000 0.000 0.000 0.000 0.000 0.000 0.000 0.000 0.000 0.000 0.000 0.000 0.125 0.115 0.101 0.079 0.064 0.063 0.062 0.063 0.066 0.069 0.074 0.080 0.086 0.093 0.100 0.093 0.085 0.077 0.069 0.062 0.055 0.049 0.043 0.037 0.033 0.029 0.025 0.022 0.018 0.015 0.013 0.010
0.000 0.000 0.000 0.000 0.000 0.000 0.000 0.000 0.000 0.000 0.000 0.000 0.000 0.000 0.000 0.000 0.000 0.000 0.000 0.000 0.000 0.000 0.000 0.000 0.000 0.000 0.000 0.000 0.000 0.000 0.000 0.000 0.000 0.000 0.000 0.000 0.000 0.000 0.000 0.000 0.000 0.000 0.000 0.000 0.000 0.000 0.000 0.000 0.061 0.054 0.051 0.052 0.054 0.057 0.059 0.064 0.069 0.075 0.081 0.088 0.095 0.099 0.090 0.082 0.074 0.067 0.060 0.055 0.050 0.045 0.042 0.038 0.035 0.031 0.027 0.024 0.020
0.000 0.000 0.000 0.000 0.000 0.000 0.000 0.000 0.000 0.000 0.000 0.000 0.000 0.000 0.000 0.000 0.000 0.000 0.000 0.000 0.000 0.000 0.000 0.000 0.000 0.000 0.000 0.000 0.000 0.000 0.000 0.000 0.000 0.000 0.000 0.000 0.000 0.000 0.000 0.000 0.000 0.000 0.000 0.000 0.000 0.000 0.000 0.000 0.000 0.000 0.034 0.041 0.045 0.049 0.049 0.053 0.059 0.065 0.070 0.075 0.081 0.088 0.093 0.094 0.086 0.079 0.073 0.068 0.064 0.061 0.058 0.055 0.052 0.048 0.044 0.039 0.034
0.000 0.000 0.000 0.000 0.000 0.000 0.000 0.000 0.000 0.000 0.000 0.000 0.000 0.000 0.000 0.000 0.000 0.000 0.000 0.000 0.000 0.000 0.000 0.000 0.000 0.000 0.000 0.000 0.000 0.000 0.000 0.000 0.000 0.000 0.000 0.000 0.000 0.000 0.000 0.000 0.000 0.000 0.000 0.000 0.000 0.000 0.000 0.000 0.000 0.000 0.000 0.000 0.000 0.000 0.033 0.043 0.050 0.056 0.058 0.062 0.068 0.073 0.078 0.085 0.092 0.092 0.088 0.084 0.082 0.080 0.079 0.076 0.073 0.069 0.064 0.058 0.051
0.000 0.000 0.000 0.000 0.000 0.000 0.000 0.000 0.000 0.000 0.000 0.000 0.000 0.000 0.000 0.000 0.000 0.000 0.000 0.000 0.000 0.000 0.000 0.000 0.000 0.000 0.000 0.000 0.000 0.000 0.000 0.000 0.000 0.000 0.000 0.000 0.000 0.000 0.000 0.000 0.000 0.000 0.000 0.000 0.000 0.000 0.000 0.000 0.000 0.000 0.000 0.000 0.000 0.000 0.000 0.000 0.000 0.000 0.042 0.047 0.053 0.058 0.058 0.067 0.077 0.089 0.102 0.103 0.103 0.103 0.102 0.100 0.096 0.091 0.084 0.076 0.068
0.000 0.000 0.000 0.000 0.000 0.000 0.000 0.000 0.000 0.000 0.000 0.000 0.000 0.000 0.000 0.000 0.000 0.000 0.000 0.000 0.000 0.000 0.000 0.000 0.000 0.000 0.000 0.000 0.000 0.000 0.000 0.000 0.000 0.000 0.000 0.000 0.000 0.000 0.000 0.000 0.000 0.000 0.000 0.000 0.000 0.000 0.000 0.000 0.000 0.000 0.000 0.000 0.000 0.000 0.000 0.000 0.000 0.000 0.000 0.030 0.038 0.040 0.000 0.049 0.063 0.076 0.091 0.109 0.127 0.128 0.127 0.125 0.121 0.114 0.104 0.094 0.084
0.000 0.000 0.000 0.000 0.000 0.000 0.000 0.000 0.000 0.000 0.000 0.000 0.000 0.000 0.000 0.000 0.000 0.000 0.000 0.000 0.000 0.000 0.000 0.000 0.000 0.000 0.000 0.000 0.000 0.000 0.000 0.000 0.000 0.000 0.000 0.000 0.000 0.000 0.000 0.000 0.000 0.000 0.000 0.000 0.000 0.000 0.000 0.000 0.000 0.000 0.000 0.000 0.000 0.000 0.000 0.000 0.000 0.000 0.000 0.018 0.025 0.027 0.024 0.038 0.051 0.065 0.082 0.102 0.123 0.144 0.153 0.151 0.147 0.138 0.120 0.110 0.098
0.000 0.000 0.000 0.000 0.000 0.000 0.000 0.000 0.000 0.000 0.000 0.000 0.000 0.000 0.000 0.000 0.000 0.000 0.000 0.000 0.000 0.000 0.000 0.000 0.000 0.000 0.000 0.000 0.000 0.000 0.000 0.000 0.000 0.000 0.000 0.000 0.000 0.000 0.000 0.000 0.000 0.000 0.000 0.000 0.000 0.000 0.000 0.000 0.000 0.000 0.000 0.000 0.000 0.000 0.000 0.000 0.000 0.000 0.000 0.008 0.014 0.017 0.019 0.029 0.041 0.056 0.074 0.097 0.120 0.143 0.000 0.000 0.000 0.000 0.128 0.126 0.108
0.000 0.000 0.000 0.000 0.000 0.000 0.000 0.000 0.000 0.000 0.000 0.000 0.000 0.000 0.000 0.000 0.000 0.000 0.000 0.000 0.000 0.000 0.000 0.000 0.000 0.000 0.000 0.000 0.000 0.000 0.000 0.000 0.000 0.000 0.000 0.000 0.000 0.000 0.000 0.000 0.000 0.000 0.000 0.000 0.000 0.000 0.000 0.000 0.000 0.000 0.000 0.000 0.000 0.000 0.000 0.000 0.000 0.000 0.000 0.002 0.005 0.009 0.012 0.020 0.031 0.047 0.068 0.093 0.118 0.000 0.000 0.000 0.000 0.000 0.000 0.000 0.109
0.000 0.000 0.000 0.000 0.000 0.000 0.000 0.000 0.000 0.000 0.000 0.000 0.000 0.000 0.000 0.000 0.000 0.000 0.000 0.000 0.000 0.000 0.000 0.000 0.000 0.000 0.000 0.000 0.000 0.000 0.000 0.000 0.000 0.000 0.000 0.000 0.000 0.000 0.000 0.000 0.000 0.000 0.000 0.000 0.000 0.000 0.000 0.000 0.000 0.000 0.000 0.000 0.000 0.000 0.000 0.000 0.000 0.000 0.000 0.000 0.001 0.003 0.006 0.012 0.023 0.039 0.063 0.090 0.000 0.000 0.000 0.000 0.000 0.000 0.000 0.000 0.000
0.000 0.000 0.000 0.000 0.000 0.000 0.000 0.000 0.000 0.000 0.000 0.000 0.000 0.000 0.000 0.000 0.000 0.000 0.000 0.000 0.000 0.000 0.000 0.000 0.000 0.000 0.000 0.000 0.000 0.000 0.000 0.000 0.000 0.000 0.000 0.000 0.000 0.000 0.000 0.000 0.000 0.000 0.000 0.000 0.000 0.000 0.000 0.000 0.000 0.000 0.000 0.000 0.000 0.000 0.000 0.000 0.000 0.000 0.000 0.000 0.000 0.000 0.001 0.006 0.015 0.033 0.058 0.085 0.000 0.000 0.000 0.000 0.000 0.000 0.000 0.000 0.000
0.000 0.000 0.000 0.000 0.000 0.000 0.000 0.000 0.000 0.000 0.000 0.000 0.000 0.000 0.000 0.000 0.000 0.000 0.000 0.000 0.000 0.000 0.000 0.000 0.000 0.000 0.000 0.000 0.000 0.000 0.000 0.000 0.000 0.000 0.000 0.000 0.000 0.000 0.000 0.000 0.000 0.000 0.000 0.000 0.000 0.000 0.000 0.000 0.000 0.000 0.000 0.000 0.000 0.000 0.000 0.000 0.000 0.000 0.000 0.000 0.000 0.000 0.000 0.001 0.007 0.024 0.052 0.000 0.000 0.000 0.000 0.000 0.000 0.000 0.000 0.000 0.000
0.000 0.000 0.000 0.000 0.000 0.000 0.000 0.000 0.000 0.000 0.000 0.000 0.000 0.000 0.000 0.000 0.000 0.000 0.000 0.000 0.000 0.000 0.000 0.000 0.000 0.000 0.000 0.000 0.000 0.000 0.000 0.000 0.000 0.000 0.000 0.000 0.000 0.000 0.000 0.000 0.000 0.000 0.000 0.000 0.000 0.000 0.000 0.000 0.000 0.000 0.000 0.000 0.000 0.000 0.000 0.000 0.000 0.000 0.000 0.000 0.000 0.000 0.000 0.000 0.005 0.027 0.063 0.000 0.000 0.000 0.000 0.000 0.000 0.000 0.000 0.000 0.000
0.000 0.000 0.000 0.000 0.000 0.000 0.000 0.000 0.000 0.000 0.000 0.000 0.000 0.000 0.000 0.000 0.000 0.000 0.000 0.000 0.000 0.000 0.000 0.000 0.000 0.000 0.000 0.000 0.000 0.000 0.000 0.000 0.000 0.000 0.000 0.000 0.000 0.000 0.000 0.000 0.000 0.000 0.000 0.000 0.000 0.000 0.000 0.000 0.000 0.000 0.000 0.000 0.000 0.000 0.000 0.000 0.000 0.000 0.000 0.000 0.000 0.000 0.000 0.000 0.005 0.027 0.000 0.000 0.000 0.000 0.000 0.000 0.000 0.000 0.000 0.000 0.000
0.000 0.000 0.000 0.000 0.000 0.000 0.000 0.000 0.000 0.000 0.000 0.000 0.000 0.000 0.000 0.000 0.000 0.000 0.000 0.000 0.000 0.000 0.000 0.000 0.000 0.000 0.000 0.000 0.000 0.000 0.000 0.000 0.000 0.000 0.000 0.000 0.000 0.000 0.000 0.000 0.000 0.000 0.000 0.000 0.000 0.000 0.000 0.000 0.000 0.000 0.000 0.000 0.000 0.000 0.000 0.000 0.000 0.000 0.000 0.000 0.000 0.000 0.000 0.000 0.005 0.027 0.000 0.000 0.000 0.000 0.000 0.000 0.000 0.000 0.000 0.000 0.000
