数据/LID_BC_30y/LID_BC_res2/LID_BC_136-0001.wd
ncols         694
nrows         824
xllcorner     581104.939801
yllcorner     3495917.092414
cellsize      2.000000
NODATA_value  -9999.000000
[rows 306 to 339 of 824, columns 462 to 538 of 694]
0.056 0.056 0.054 0.052 0.051 0.051 0.051 0.051 0.046 0.039 0.032 0.026 0.021 0.016 0.011 0.008 0.005 0.000 0.002 0.002 0.002 0.001 0.001 0.002 0.003 0.004 0.006 0.010 0.013 0.014 0.014 0.013 0.011 0.009 0.008 0.006 0.005 0.004 0.004 0.000 0.000 0.000 0.000 0.000 0.000 0.000 0.000 0.000 0.000 0.000 0.000 0.000 0.000 0.000 0.014 0.014 0.015 0.019 0.000 0.000 0.000 0.000 0.000 0.000 0.001 0.000 0.000 0.000 0.000 0.000 0.002 0.009 0.019 0.031 0.041 0.041 0.037
0.075 0.063 0.058 0.056 0.055 0.055 0.055 0.055 0.056 0.053 0.045 0.039 0.032 0.026 0.020 0.015 0.010 0.007 0.005 0.004 0.003 0.003 0.002 0.002 0.003 0.004 0.006 0.010 0.012 0.013 0.014 0.013 0.012 0.010 0.008 0.007 0.006 0.006 0.015 0.000 0.000 0.000 0.000 0.000 0.000 0.000 0.000 0.000 0.000 0.000 0.000 0.000 0.000 0.000 0.000 0.000 0.000 0.015 0.015 0.012 0.010 0.009 0.009 0.008 0.013 0.000 0.000 0.000 0.000 0.000 0.014 0.026 0.037 0.038 0.035 0.032 0.031
0.063 0.061 0.059 0.059 0.059 0.060 0.060 0.061 0.061 0.061 0.060 0.053 0.046 0.039 0.032 0.025 0.019 0.015 0.011 0.008 0.006 0.005 0.004 0.003 0.003 0.000 0.006 0.009 0.012 0.013 0.013 0.013 0.012 0.010 0.009 0.007 0.006 0.007 0.000 0.000 0.000 0.000 0.000 0.000 0.000 0.000 0.000 0.000 0.000 0.000 0.000 0.000 0.000 0.000 0.000 0.000 0.000 0.000 0.000 0.009 0.011 0.012 0.010 0.011 0.017 0.000 0.000 0.000 0.000 0.020 0.032 0.036 0.033 0.030 0.028 0.026 0.025
0.058 0.060 0.061 0.063 0.064 0.066 0.067 0.068 0.068 0.067 0.067 0.069 0.062 0.054 0.046 0.036 0.030 0.024 0.019 0.014 0.011 0.008 0.006 0.005 0.004 0.003 0.006 0.009 0.011 0.013 0.013 0.013 0.012 0.011 0.009 0.008 0.007 0.007 0.004 0.002 0.002 0.000 0.000 0.000 0.000 0.000 0.000 0.000 0.000 0.000 0.000 0.000 0.000 0.000 0.000 0.000 0.000 0.000 0.000 0.000 0.000 0.000 0.008 0.011 0.014 0.019 0.000 0.000 0.000 0.031 0.031 0.028 0.026 0.024 0.022 0.021 0.020
0.058 0.062 0.065 0.068 0.071 0.074 0.076 0.077 0.076 0.072 0.074 0.076 0.078 0.071 0.060 0.049 0.041 0.033 0.026 0.021 0.016 0.012 0.009 0.007 0.006 0.005 0.007 0.009 0.011 0.012 0.013 0.013 0.012 0.011 0.010 0.009 0.008 0.007 0.005 0.003 0.002 0.002 0.002 0.000 0.000 0.000 0.000 0.000 0.000 0.000 0.000 0.000 0.000 0.000 0.000 0.000 0.000 0.000 0.000 0.000 0.000 0.000 0.000 0.000 0.012 0.019 0.024 0.037 0.038 0.031 0.027 0.024 0.022 0.020 0.018 0.017 0.018
0.062 0.067 0.072 0.077 0.080 0.084 0.086 0.087 0.084 0.072 0.082 0.086 0.087 0.085 0.072 0.060 0.050 0.041 0.033 0.027 0.021 0.017 0.013 0.010 0.008 0.007 0.007 0.009 0.011 0.012 0.013 0.013 0.012 0.011 0.010 0.009 0.008 0.007 0.005 0.004 0.003 0.002 0.002 0.001 0.001 0.002 0.000 0.000 0.000 0.000 0.000 0.000 0.000 0.000 0.000 0.000 0.000 0.000 0.000 0.000 0.000 0.000 0.000 0.000 0.000 0.000 0.000 0.024 0.026 0.025 0.023 0.021 0.018 0.017 0.015 0.015 0.013
0.070 0.076 0.082 0.087 0.091 0.095 0.097 0.099 0.098 0.095 0.096 0.098 0.091 0.077 0.073 0.066 0.055 0.046 0.038 0.031 0.026 0.021 0.017 0.013 0.011 0.009 0.008 0.009 0.011 0.012 0.012 0.012 0.012 0.011 0.010 0.009 0.008 0.007 0.006 0.005 0.004 0.003 0.002 0.002 0.001 0.001 0.001 0.003 0.000 0.000 0.000 0.000 0.000 0.001 0.000 0.000 0.000 0.000 0.000 0.000 0.000 0.000 0.000 0.000 0.000 0.000 0.026 0.024 0.023 0.021 0.019 0.017 0.016 0.014 0.013 0.014 0.000
0.080 0.087 0.093 0.098 0.103 0.107 0.110 0.105 0.097 0.087 0.078 0.069 0.058 0.042 0.053 0.065 0.057 0.049 0.042 0.035 0.030 0.025 0.020 0.017 0.014 0.011 0.010 0.010 0.011 0.012 0.013 0.013 0.012 0.012 0.011 0.010 0.009 0.008 0.007 0.005 0.004 0.003 0.003 0.001 0.001 0.001 0.001 0.002 0.002 0.002 0.002 0.002 0.002 0.002 0.003 0.014 0.037 0.000 0.000 0.000 0.000 0.000 0.000 0.000 0.000 0.000 0.022 0.022 0.021 0.019 0.017 0.015 0.014 0.012 0.012 0.010 0.000
0.092 0.098 0.100 0.096 0.091 0.086 0.081 0.074 0.067 0.059 0.050 0.041 0.029 0.029 0.000 0.056 0.058 0.052 0.046 0.040 0.035 0.030 0.026 0.022 0.018 0.016 0.014 0.013 0.013 0.014 0.014 0.014 0.014 0.013 0.012 0.011 0.010 0.009 0.008 0.006 0.005 0.004 0.004 0.002 0.002 0.002 0.002 0.002 0.002 0.002 0.002 0.002 0.003 0.006 0.014 0.027 0.048 0.071 0.098 0.000 0.000 0.000 0.000 0.000 0.000 0.029 0.025 0.022 0.020 0.017 0.015 0.013 0.012 0.011 0.011 0.000 0.000
0.072 0.069 0.067 0.063 0.059 0.055 0.050 0.044 0.038 0.032 0.025 0.017 0.012 0.018 0.019 0.043 0.061 0.056 0.050 0.046 0.041 0.037 0.034 0.031 0.028 0.026 0.024 0.022 0.021 0.020 0.020 0.019 0.018 0.017 0.016 0.015 0.013 0.012 0.011 0.009 0.008 0.007 0.006 0.005 0.004 0.003 0.003 0.003 0.003 0.003 0.004 0.007 0.012 0.021 0.031 0.044 0.061 0.083 0.097 0.100 0.105 0.112 0.000 0.000 0.000 0.025 0.024 0.021 0.018 0.016 0.013 0.011 0.010 0.009 0.008 0.000 0.000
0.039 0.037 0.034 0.032 0.029 0.025 0.022 0.018 0.015 0.011 0.008 0.004 0.007 0.010 0.015 0.032 0.057 0.061 0.057 0.054 0.051 0.050 0.048 0.047 0.046 0.045 0.043 0.042 0.040 0.038 0.035 0.033 0.031 0.028 0.026 0.024 0.022 0.020 0.018 0.016 0.015 0.013 0.012 0.011 0.010 0.009 0.008 0.006 0.007 0.010 0.015 0.022 0.029 0.038 0.048 0.060 0.068 0.070 0.074 0.077 0.080 0.082 0.082 0.089 0.000 0.028 0.025 0.021 0.017 0.013 0.011 0.009 0.008 0.008 0.000 0.000 0.000
0.010 0.010 0.009 0.008 0.007 0.006 0.005 0.004 0.003 0.003 0.001 0.002 0.003 0.006 0.011 0.024 0.046 0.070 0.069 0.068 0.069 0.069 0.070 0.071 0.071 0.070 0.069 0.067 0.065 0.062 0.059 0.055 0.051 0.047 0.044 0.041 0.038 0.035 0.033 0.031 0.029 0.028 0.028 0.027 0.027 0.026 0.024 0.021 0.021 0.027 0.033 0.039 0.047 0.056 0.061 0.056 0.053 0.052 0.052 0.053 0.052 0.035 0.051 0.058 0.052 0.037 0.027 0.020 0.015 0.011 0.008 0.007 0.006 0.005 0.000 0.000 0.000
0.002 0.002 0.002 0.002 0.001 0.001 0.001 0.001 0.001 0.001 0.001 0.001 0.002 0.004 0.008 0.017 0.038 0.075 0.087 0.090 0.092 0.095 0.097 0.098 0.098 0.098 0.097 0.095 0.092 0.089 0.085 0.080 0.075 0.071 0.067 0.063 0.060 0.057 0.055 0.053 0.052 0.052 0.051 0.051 0.052 0.052 0.051 0.048 0.042 0.045 0.050 0.057 0.062 0.056 0.049 0.044 0.040 0.036 0.034 0.033 0.031 0.027 0.028 0.031 0.029 0.024 0.019 0.014 0.010 0.007 0.005 0.004 0.004 0.000 0.000 0.000 0.000
0.000 0.000 0.000 0.000 0.000 0.000 0.000 0.000 0.000 0.000 0.001 0.001 0.001 0.002 0.005 0.012 0.032 0.073 0.112 0.116 0.120 0.123 0.126 0.127 0.127 0.127 0.126 0.124 0.121 0.117 0.112 0.105 0.100 0.096 0.092 0.088 0.085 0.082 0.080 0.079 0.079 0.079 0.080 0.080 0.080 0.080 0.079 0.077 0.072 0.064 0.068 0.059 0.050 0.043 0.037 0.031 0.027 0.023 0.020 0.018 0.016 0.014 0.012 0.012 0.011 0.010 0.008 0.006 0.005 0.004 0.003 0.002 0.002 0.011 0.000 0.000 0.000
0.000 0.000 0.000 0.000 0.000 0.000 0.000 0.000 0.000 0.000 0.000 0.001 0.001 0.001 0.003 0.008 0.030 0.074 0.127 0.144 0.149 0.153 0.157 0.157 0.157 0.156 0.155 0.153 0.150 0.146 0.140 0.129 0.125 0.122 0.119 0.114 0.110 0.108 0.107 0.107 0.107 0.108 0.108 0.109 0.110 0.111 0.110 0.108 0.097 0.075 0.073 0.065 0.056 0.047 0.040 0.033 0.027 0.022 0.018 0.014 0.011 0.009 0.007 0.005 0.004 0.003 0.002 0.002 0.001 0.001 0.001 0.001 0.000 0.000 0.000 0.000 0.000
0.000 0.000 0.000 0.000 0.000 0.000 0.000 0.000 0.000 0.000 0.000 0.000 0.001 0.001 0.002 0.006 0.035 0.000 0.129 0.173 0.178 0.183 0.188 0.000 0.000 0.000 0.000 0.000 0.000 0.000 0.000 0.150 0.152 0.150 0.146 0.138 0.136 0.135 0.134 0.134 0.136 0.137 0.138 0.139 0.140 0.134 0.121 0.108 0.092 0.070 0.069 0.072 0.077 0.068 0.059 0.052 0.045 0.038 0.032 0.027 0.022 0.018 0.014 0.011 0.009 0.007 0.005 0.004 0.003 0.002 0.002 0.002 0.001 0.001 0.000 0.000 0.000
0.000 0.000 0.000 0.000 0.000 0.000 0.000 0.000 0.000 0.000 0.000 0.000 0.000 0.004 0.000 0.000 0.038 0.000 0.000 0.190 0.000 0.000 0.000 0.000 0.000 0.000 0.000 0.000 0.000 0.000 0.000 0.000 0.000 0.000 0.000 0.161 0.164 0.164 0.161 0.163 0.165 0.166 0.159 0.149 0.138 0.127 0.115 0.101 0.086 0.064 0.065 0.066 0.069 0.075 0.077 0.069 0.061 0.054 0.047 0.041 0.035 0.029 0.024 0.020 0.016 0.013 0.010 0.008 0.006 0.005 0.004 0.003 0.002 0.002 0.001 0.001 0.000
0.000 0.000 0.000 0.000 0.000 0.000 0.000 0.000 0.000 0.000 0.000 0.000 0.000 0.000 0.000 0.000 0.000 0.000 0.000 0.000 0.000 0.000 0.000 0.000 0.000 0.000 0.000 0.000 0.000 0.000 0.000 0.000 0.000 0.000 0.000 0.000 0.000 0.000 0.187 0.183 0.174 0.163 0.151 0.141 0.131 0.119 0.107 0.094 0.078 0.060 0.059 0.060 0.062 0.066 0.071 0.077 0.077 0.069 0.062 0.055 0.048 0.042 0.036 0.030 0.025 0.021 0.017 0.013 0.011 0.008 0.007 0.005 0.004 0.003 0.002 0.002 0.002
0.000 0.000 0.000 0.000 0.000 0.000 0.000 0.000 0.000 0.000 0.000 0.000 0.000 0.000 0.000 0.000 0.000 0.000 0.000 0.000 0.000 0.000 0.000 0.000 0.000 0.000 0.000 0.000 0.000 0.000 0.000 0.000 0.000 0.000 0.000 0.000 0.000 0.000 0.000 0.000 0.000 0.000 0.142 0.134 0.123 0.111 0.100 0.087 0.070 0.054 0.053 0.053 0.054 0.057 0.061 0.067 0.073 0.080 0.076 0.069 0.062 0.055 0.048 0.042 0.036 0.030 0.025 0.021 0.017 0.014 0.011 0.009 0.007 0.005 0.004 0.004 0.003
0.000 0.000 0.000 0.000 0.000 0.000 0.000 0.000 0.000 0.000 0.000 0.000 0.000 0.000 0.000 0.000 0.000 0.000 0.000 0.000 0.000 0.000 0.000 0.000 0.000 0.000 0.000 0.000 0.000 0.000 0.000 0.000 0.000 0.000 0.000 0.000 0.000 0.000 0.000 0.000 0.000 0.000 0.000 0.000 0.000 0.101 0.092 0.079 0.060 0.047 0.046 0.045 0.046 0.048 0.052 0.057 0.062 0.068 0.075 0.082 0.076 0.068 0.061 0.054 0.047 0.041 0.035 0.030 0.025 0.021 0.018 0.015 0.012 0.010 0.008 0.007 0.006
0.000 0.000 0.000 0.000 0.000 0.000 0.000 0.000 0.000 0.000 0.000 0.000 0.000 0.000 0.000 0.000 0.000 0.000 0.000 0.000 0.000 0.000 0.000 0.000 0.000 0.000 0.000 0.000 0.000 0.000 0.000 0.000 0.000 0.000 0.000 0.000 0.000 0.000 0.000 0.000 0.000 0.000 0.000 0.000 0.000 0.000 0.000 0.000 0.043 0.037 0.035 0.036 0.037 0.040 0.043 0.046 0.052 0.057 0.064 0.070 0.077 0.081 0.074 0.067 0.060 0.053 0.047 0.041 0.036 0.031 0.027 0.024 0.021 0.018 0.015 0.013 0.011
0.000 0.000 0.000 0.000 0.000 0.000 0.000 0.000 0.000 0.000 0.000 0.000 0.000 0.000 0.000 0.000 0.000 0.000 0.000 0.000 0.000 0.000 0.000 0.000 0.000 0.000 0.000 0.000 0.000 0.000 0.000 0.000 0.000 0.000 0.000 0.000 0.000 0.000 0.000 0.000 0.000 0.000 0.000 0.000 0.000 0.000 0.000 0.000 0.000 0.000 0.020 0.025 0.029 0.032 0.033 0.036 0.041 0.047 0.052 0.058 0.064 0.071 0.078 0.080 0.072 0.066 0.059 0.053 0.049 0.044 0.041 0.038 0.034 0.031 0.028 0.024 0.021
0.000 0.000 0.000 0.000 0.000 0.000 0.000 0.000 0.000 0.000 0.000 0.000 0.000 0.000 0.000 0.000 0.000 0.000 0.000 0.000 0.000 0.000 0.000 0.000 0.000 0.000 0.000 0.000 0.000 0.000 0.000 0.000 0.000 0.000 0.000 0.000 0.000 0.000 0.000 0.000 0.000 0.000 0.000 0.000 0.000 0.000 0.000 0.000 0.000 0.000 0.000 0.000 0.000 0.000 0.019 0.026 0.033 0.038 0.041 0.046 0.052 0.059 0.065 0.073 0.080 0.079 0.073 0.068 0.064 0.062 0.059 0.056 0.053 0.050 0.045 0.040 0.035
0.000 0.000 0.000 0.000 0.000 0.000 0.000 0.000 0.000 0.000 0.000 0.000 0.000 0.000 0.000 0.000 0.000 0.000 0.000 0.000 0.000 0.000 0.000 0.000 0.000 0.000 0.000 0.000 0.000 0.000 0.000 0.000 0.000 0.000 0.000 0.000 0.000 0.000 0.000 0.000 0.000 0.000 0.000 0.000 0.000 0.000 0.000 0.000 0.000 0.000 0.000 0.000 0.000 0.000 0.000 0.000 0.000 0.000 0.027 0.033 0.039 0.046 0.053 0.060 0.067 0.076 0.086 0.085 0.083 0.083 0.081 0.079 0.075 0.071 0.065 0.058 0.051
0.000 0.000 0.000 0.000 0.000 0.000 0.000 0.000 0.000 0.000 0.000 0.000 0.000 0.000 0.000 0.000 0.000 0.000 0.000 0.000 0.000 0.000 0.000 0.000 0.000 0.000 0.000 0.000 0.000 0.000 0.000 0.000 0.000 0.000 0.000 0.000 0.000 0.000 0.000 0.000 0.000 0.000 0.000 0.000 0.000 0.000 0.000 0.000 0.000 0.000 0.000 0.000 0.000 0.000 0.000 0.000 0.000 0.000 0.000 0.019 0.026 0.033 0.040 0.047 0.055 0.064 0.075 0.090 0.106 0.107 0.106 0.103 0.100 0.094 0.085 0.076 0.067
0.000 0.000 0.000 0.000 0.000 0.000 0.000 0.000 0.000 0.000 0.000 0.000 0.000 0.000 0.000 0.000 0.000 0.000 0.000 0.000 0.000 0.000 0.000 0.000 0.000 0.000 0.000 0.000 0.000 0.000 0.000 0.000 0.000 0.000 0.000 0.000 0.000 0.000 0.000 0.000 0.000 0.000 0.000 0.000 0.000 0.000 0.000 0.000 0.000 0.000 0.000 0.000 0.000 0.000 0.000 0.000 0.000 0.000 0.000 0.009 0.016 0.022 0.028 0.035 0.043 0.052 0.065 0.082 0.102 0.122 0.132 0.130 0.126 0.118 0.101 0.091 0.081
0.000 0.000 0.000 0.000 0.000 0.000 0.000 0.000 0.000 0.000 0.000 0.000 0.000 0.000 0.000 0.000 0.000 0.000 0.000 0.000 0.000 0.000 0.000 0.000 0.000 0.000 0.000 0.000 0.000 0.000 0.000 0.000 0.000 0.000 0.000 0.000 0.000 0.000 0.000 0.000 0.000 0.000 0.000 0.000 0.000 0.000 0.000 0.000 0.000 0.000 0.000 0.000 0.000 0.000 0.000 0.000 0.000 0.000 0.000 0.002 0.006 0.011 0.017 0.023 0.031 0.041 0.055 0.076 0.098 0.121 0.000 0.000 0.000 0.000 0.109 0.108 0.091
0.000 0.000 0.000 0.000 0.000 0.000 0.000 0.000 0.000 0.000 0.000 0.000 0.000 0.000 0.000 0.000 0.000 0.000 0.000 0.000 0.000 0.000 0.000 0.000 0.000 0.000 0.000 0.000 0.000 0.000 0.000 0.000 0.000 0.000 0.000 0.000 0.000 0.000 0.000 0.000 0.000 0.000 0.000 0.000 0.000 0.000 0.000 0.000 0.000 0.000 0.000 0.000 0.000 0.000 0.000 0.000 0.000 0.000 0.000 0.001 0.001 0.003 0.006 0.012 0.019 0.030 0.048 0.071 0.096 0.000 0.000 0.000 0.000 0.000 0.000 0.000 0.093
0.000 0.000 0.000 0.000 0.000 0.000 0.000 0.000 0.000 0.000 0.000 0.000 0.000 0.000 0.000 0.000 0.000 0.000 0.000 0.000 0.000 0.000 0.000 0.000 0.000 0.000 0.000 0.000 0.000 0.000 0.000 0.000 0.000 0.000 0.000 0.000 0.000 0.000 0.000 0.000 0.000 0.000 0.000 0.000 0.000 0.000 0.000 0.000 0.000 0.000 0.000 0.000 0.000 0.000 0.000 0.000 0.000 0.000 0.000 0.000 0.001 0.001 0.001 0.003 0.010 0.021 0.042 0.068 0.000 0.000 0.000 0.000 0.000 0.000 0.000 0.000 0.000
0.000 0.000 0.000 0.000 0.000 0.000 0.000 0.000 0.000 0.000 0.000 0.000 0.000 0.000 0.000 0.000 0.000 0.000 0.000 0.000 0.000 0.000 0.000 0.000 0.000 0.000 0.000 0.000 0.000 0.000 0.000 0.000 0.000 0.000 0.000 0.000 0.000 0.000 0.000 0.000 0.000 0.000 0.000 0.000 0.000 0.000 0.000 0.000 0.000 0.000 0.000 0.000 0.000 0.000 0.000 0.000 0.000 0.000 0.000 0.000 0.000 0.000 0.001 0.001 0.004 0.014 0.036 0.063 0.000 0.000 0.000 0.000 0.000 0.000 0.000 0.000 0.000
0.000 0.000 0.000 0.000 0.000 0.000 0.000 0.000 0.000 0.000 0.000 0.000 0.000 0.000 0.000 0.000 0.000 0.000 0.000 0.000 0.000 0.000 0.000 0.000 0.000 0.000 0.000 0.000 0.000 0.000 0.000 0.000 0.000 0.000 0.000 0.000 0.000 0.000 0.000 0.000 0.000 0.000 0.000 0.000 0.000 0.000 0.000 0.000 0.000 0.000 0.000 0.000 0.000 0.000 0.000 0.000 0.000 0.000 0.000 0.000 0.000 0.000 0.000 0.001 0.001 0.007 0.032 0.000 0.000 0.000 0.000 0.000 0.000 0.000 0.000 0.000 0.000
0.000 0.000 0.000 0.000 0.000 0.000 0.000 0.000 0.000 0.000 0.000 0.000 0.000 0.000 0.000 0.000 0.000 0.000 0.000 0.000 0.000 0.000 0.000 0.000 0.000 0.000 0.000 0.000 0.000 0.000 0.000 0.000 0.000 0.000 0.000 0.000 0.000 0.000 0.000 0.000 0.000 0.000 0.000 0.000 0.000 0.000 0.000 0.000 0.000 0.000 0.000 0.000 0.000 0.000 0.000 0.000 0.000 0.000 0.000 0.000 0.000 0.000 0.000 0.000 0.001 0.011 0.044 0.000 0.000 0.000 0.000 0.000 0.000 0.000 0.000 0.000 0.000
0.000 0.000 0.000 0.000 0.000 0.000 0.000 0.000 0.000 0.000 0.000 0.000 0.000 0.000 0.000 0.000 0.000 0.000 0.000 0.000 0.000 0.000 0.000 0.000 0.000 0.000 0.000 0.000 0.000 0.000 0.000 0.000 0.000 0.000 0.000 0.000 0.000 0.000 0.000 0.000 0.000 0.000 0.000 0.000 0.000 0.000 0.000 0.000 0.000 0.000 0.000 0.000 0.000 0.000 0.000 0.000 0.000 0.000 0.000 0.000 0.000 0.000 0.000 0.000 0.001 0.011 0.000 0.000 0.000 0.000 0.000 0.000 0.000 0.000 0.000 0.000 0.000
0.000 0.000 0.000 0.000 0.000 0.000 0.000 0.000 0.000 0.000 0.000 0.000 0.000 0.000 0.000 0.000 0.000 0.000 0.000 0.000 0.000 0.000 0.000 0.000 0.000 0.000 0.000 0.000 0.000 0.000 0.000 0.000 0.000 0.000 0.000 0.000 0.000 0.000 0.000 0.000 0.000 0.000 0.000 0.000 0.000 0.000 0.000 0.000 0.000 0.000 0.000 0.000 0.000 0.000 0.000 0.000 0.000 0.000 0.000 0.000 0.000 0.000 0.000 0.000 0.001 0.012 0.000 0.000 0.000 0.000 0.000 0.000 0.000 0.000 0.000 0.000 0.000
