数据/LID_BC_30y/LID_BC_res2/LID_BC_148-0001.wd
ncols         694
nrows         824
xllcorner     581104.939801
yllcorner     3495917.092414
cellsize      2.000000
NODATA_value  -9999.000000
[rows 306 to 339 of 824, columns 462 to 538 of 694]
0.021 0.023 0.025 0.026 0.027 0.027 0.027 0.027 0.023 0.018 0.013 0.009 0.006 0.004 0.002 0.002 0.001 0.000 0.001 0.001 0.001 0.001 0.001 0.001 0.001 0.001 0.003 0.007 0.010 0.011 0.011 0.011 0.009 0.007 0.006 0.005 0.004 0.003 0.003 0.000 0.000 0.000 0.000 0.000 0.000 0.000 0.000 0.000 0.000 0.000 0.000 0.000 0.000 0.000 0.010 0.010 0.010 0.013 0.000 0.000 0.000 0.000 0.000 0.000 0.001 0.000 0.000 0.000 0.000 0.000 0.001 0.003 0.010 0.021 0.030 0.029 0.025
0.000 0.020 0.023 0.025 0.027 0.028 0.028 0.028 0.028 0.026 0.020 0.015 0.011 0.008 0.005 0.003 0.002 0.002 0.001 0.001 0.001 0.001 0.001 0.001 0.001 0.002 0.004 0.007 0.009 0.011 0.011 0.011 0.009 0.008 0.007 0.005 0.004 0.005 0.013 0.000 0.000 0.000 0.000 0.000 0.000 0.000 0.000 0.000 0.000 0.000 0.000 0.000 0.000 0.000 0.000 0.000 0.000 0.010 0.010 0.008 0.007 0.006 0.005 0.005 0.007 0.000 0.000 0.000 0.000 0.000 0.007 0.017 0.027 0.027 0.024 0.022 0.020
0.014 0.019 0.023 0.025 0.027 0.029 0.030 0.030 0.031 0.030 0.029 0.023 0.018 0.014 0.010 0.007 0.005 0.004 0.003 0.002 0.002 0.001 0.001 0.001 0.001 0.000 0.004 0.007 0.009 0.010 0.011 0.011 0.010 0.008 0.007 0.006 0.005 0.006 0.000 0.000 0.000 0.000 0.000 0.000 0.000 0.000 0.000 0.000 0.000 0.000 0.000 0.000 0.000 0.000 0.000 0.000 0.000 0.000 0.000 0.006 0.007 0.008 0.007 0.006 0.010 0.000 0.000 0.000 0.000 0.013 0.023 0.026 0.023 0.021 0.018 0.017 0.016
0.016 0.020 0.023 0.026 0.029 0.031 0.033 0.034 0.034 0.033 0.033 0.034 0.029 0.024 0.019 0.013 0.010 0.008 0.006 0.005 0.003 0.003 0.002 0.002 0.001 0.001 0.004 0.006 0.009 0.010 0.011 0.010 0.010 0.009 0.008 0.006 0.006 0.005 0.003 0.002 0.002 0.000 0.000 0.000 0.000 0.000 0.000 0.000 0.000 0.000 0.000 0.000 0.000 0.000 0.000 0.000 0.000 0.000 0.000 0.000 0.000 0.000 0.005 0.007 0.009 0.012 0.000 0.000 0.000 0.023 0.022 0.020 0.018 0.016 0.014 0.013 0.012
0.018 0.022 0.026 0.030 0.033 0.036 0.039 0.040 0.039 0.034 0.036 0.039 0.042 0.038 0.030 0.023 0.018 0.014 0.010 0.008 0.006 0.004 0.003 0.002 0.002 0.002 0.004 0.006 0.008 0.010 0.010 0.010 0.010 0.009 0.008 0.007 0.006 0.005 0.004 0.003 0.002 0.001 0.001 0.000 0.000 0.000 0.000 0.000 0.000 0.000 0.000 0.000 0.000 0.000 0.000 0.000 0.000 0.000 0.000 0.000 0.000 0.000 0.000 0.000 0.007 0.012 0.015 0.026 0.028 0.022 0.019 0.016 0.014 0.013 0.011 0.011 0.011
0.022 0.027 0.032 0.036 0.041 0.044 0.047 0.048 0.045 0.020 0.041 0.048 0.051 0.052 0.042 0.033 0.026 0.020 0.015 0.011 0.009 0.006 0.005 0.004 0.003 0.003 0.004 0.006 0.008 0.009 0.010 0.010 0.010 0.009 0.008 0.007 0.006 0.005 0.004 0.003 0.003 0.002 0.001 0.001 0.001 0.002 0.000 0.000 0.000 0.000 0.000 0.000 0.000 0.000 0.000 0.000 0.000 0.000 0.000 0.000 0.000 0.000 0.000 0.000 0.000 0.000 0.000 0.017 0.018 0.017 0.015 0.014 0.012 0.011 0.010 0.009 0.007
0.029 0.035 0.041 0.046 0.051 0.055 0.058 0.060 0.060 0.056 0.058 0.061 0.056 0.045 0.044 0.039 0.031 0.024 0.019 0.015 0.011 0.009 0.006 0.005 0.004 0.003 0.004 0.006 0.008 0.009 0.010 0.010 0.010 0.009 0.008 0.007 0.007 0.006 0.005 0.004 0.003 0.002 0.002 0.001 0.001 0.001 0.001 0.002 0.000 0.000 0.000 0.000 0.000 0.001 0.000 0.000 0.000 0.000 0.000 0.000 0.000 0.000 0.000 0.000 0.000 0.000 0.021 0.019 0.017 0.015 0.013 0.011 0.010 0.009 0.008 0.009 0.000
0.039 0.046 0.052 0.058 0.063 0.067 0.071 0.067 0.059 0.050 0.042 0.035 0.028 0.018 0.029 0.040 0.033 0.027 0.022 0.018 0.014 0.011 0.008 0.006 0.005 0.004 0.005 0.006 0.008 0.009 0.010 0.010 0.010 0.009 0.008 0.008 0.007 0.006 0.005 0.004 0.003 0.003 0.002 0.001 0.001 0.001 0.001 0.001 0.001 0.001 0.001 0.001 0.001 0.002 0.002 0.003 0.017 0.000 0.000 0.000 0.000 0.000 0.000 0.000 0.000 0.000 0.018 0.018 0.016 0.014 0.012 0.010 0.009 0.008 0.007 0.006 0.000
0.051 0.058 0.059 0.056 0.052 0.048 0.043 0.038 0.032 0.026 0.021 0.015 0.009 0.011 0.000 0.034 0.035 0.030 0.025 0.021 0.017 0.014 0.011 0.008 0.006 0.005 0.005 0.006 0.007 0.009 0.009 0.010 0.010 0.009 0.009 0.008 0.007 0.006 0.005 0.005 0.004 0.003 0.002 0.001 0.001 0.001 0.001 0.001 0.001 0.001 0.001 0.001 0.002 0.002 0.003 0.010 0.027 0.050 0.076 0.000 0.000 0.000 0.000 0.000 0.000 0.024 0.021 0.019 0.016 0.013 0.010 0.009 0.007 0.006 0.007 0.000 0.000
0.032 0.030 0.028 0.025 0.023 0.020 0.017 0.014 0.011 0.009 0.006 0.004 0.003 0.006 0.008 0.024 0.037 0.033 0.029 0.024 0.020 0.017 0.014 0.011 0.009 0.008 0.007 0.007 0.008 0.009 0.010 0.010 0.010 0.010 0.009 0.009 0.008 0.007 0.006 0.005 0.004 0.004 0.003 0.002 0.002 0.001 0.001 0.001 0.001 0.001 0.001 0.002 0.003 0.007 0.015 0.026 0.042 0.062 0.076 0.081 0.086 0.094 0.000 0.000 0.000 0.020 0.020 0.018 0.015 0.012 0.009 0.007 0.006 0.005 0.004 0.000 0.000
0.008 0.007 0.007 0.006 0.005 0.004 0.004 0.003 0.002 0.002 0.002 0.001 0.001 0.003 0.006 0.017 0.035 0.036 0.032 0.028 0.025 0.022 0.019 0.017 0.015 0.014 0.013 0.013 0.013 0.014 0.014 0.013 0.013 0.012 0.011 0.010 0.009 0.009 0.008 0.007 0.006 0.005 0.004 0.004 0.003 0.003 0.002 0.002 0.002 0.002 0.003 0.007 0.014 0.023 0.032 0.043 0.050 0.050 0.054 0.057 0.061 0.063 0.066 0.074 0.000 0.023 0.020 0.017 0.013 0.010 0.008 0.006 0.005 0.005 0.000 0.000 0.000
0.002 0.001 0.001 0.001 0.001 0.001 0.001 0.001 0.001 0.001 0.001 0.001 0.001 0.002 0.004 0.011 0.025 0.041 0.038 0.035 0.033 0.032 0.031 0.031 0.031 0.030 0.030 0.029 0.028 0.027 0.026 0.025 0.023 0.021 0.019 0.017 0.016 0.014 0.013 0.011 0.010 0.009 0.009 0.009 0.008 0.008 0.008 0.007 0.006 0.010 0.016 0.023 0.031 0.040 0.045 0.041 0.037 0.035 0.035 0.035 0.032 0.000 0.036 0.044 0.040 0.029 0.021 0.016 0.011 0.008 0.006 0.004 0.004 0.003 0.000 0.000 0.000
0.001 0.001 0.001 0.001 0.001 0.001 0.001 0.001 0.001 0.001 0.001 0.001 0.001 0.001 0.003 0.008 0.018 0.041 0.048 0.049 0.050 0.052 0.054 0.056 0.056 0.056 0.056 0.055 0.053 0.051 0.048 0.045 0.041 0.038 0.035 0.033 0.030 0.028 0.026 0.025 0.024 0.024 0.024 0.025 0.026 0.027 0.028 0.027 0.023 0.028 0.034 0.041 0.046 0.041 0.035 0.030 0.026 0.023 0.021 0.019 0.018 0.013 0.014 0.018 0.019 0.017 0.014 0.010 0.006 0.004 0.003 0.003 0.003 0.000 0.000 0.000 0.000
0.000 0.000 0.000 0.000 0.000 0.000 0.000 0.000 0.000 0.000 0.001 0.001 0.001 0.001 0.002 0.005 0.013 0.035 0.068 0.072 0.076 0.080 0.083 0.084 0.085 0.085 0.084 0.083 0.081 0.078 0.074 0.069 0.064 0.061 0.058 0.054 0.052 0.050 0.048 0.048 0.049 0.050 0.052 0.053 0.055 0.056 0.057 0.056 0.053 0.046 0.051 0.043 0.036 0.030 0.025 0.021 0.017 0.014 0.012 0.010 0.008 0.007 0.006 0.006 0.006 0.005 0.004 0.003 0.002 0.002 0.002 0.002 0.002 0.011 0.000 0.000 0.000
0.000 0.000 0.000 0.000 0.000 0.000 0.000 0.000 0.000 0.000 0.000 0.001 0.001 0.001 0.001 0.003 0.010 0.034 0.083 0.100 0.105 0.109 0.113 0.114 0.114 0.114 0.113 0.112 0.110 0.107 0.102 0.092 0.088 0.086 0.083 0.079 0.076 0.075 0.075 0.075 0.077 0.079 0.081 0.083 0.085 0.087 0.087 0.087 0.078 0.058 0.056 0.050 0.041 0.034 0.028 0.022 0.018 0.014 0.011 0.008 0.006 0.005 0.003 0.003 0.002 0.002 0.001 0.001 0.001 0.001 0.001 0.001 0.000 0.000 0.000 0.000 0.000
0.000 0.000 0.000 0.000 0.000 0.000 0.000 0.000 0.000 0.000 0.000 0.000 0.001 0.001 0.001 0.002 0.014 0.000 0.085 0.129 0.134 0.139 0.144 0.000 0.000 0.000 0.000 0.000 0.000 0.000 0.000 0.112 0.114 0.114 0.110 0.103 0.102 0.102 0.102 0.103 0.105 0.108 0.110 0.113 0.115 0.110 0.099 0.087 0.073 0.053 0.052 0.056 0.061 0.053 0.045 0.039 0.033 0.027 0.022 0.018 0.014 0.011 0.009 0.007 0.005 0.004 0.003 0.002 0.002 0.002 0.001 0.001 0.001 0.001 0.000 0.000 0.000
0.000 0.000 0.000 0.000 0.000 0.000 0.000 0.000 0.000 0.000 0.000 0.000 0.000 0.004 0.000 0.000 0.017 0.000 0.000 0.146 0.000 0.000 0.000 0.000 0.000 0.000 0.000 0.000 0.000 0.000 0.000 0.000 0.000 0.000 0.000 0.126 0.129 0.130 0.129 0.132 0.135 0.137 0.132 0.123 0.113 0.103 0.092 0.081 0.066 0.047 0.048 0.050 0.053 0.059 0.061 0.054 0.047 0.040 0.035 0.029 0.024 0.020 0.016 0.013 0.010 0.008 0.006 0.004 0.003 0.003 0.002 0.002 0.001 0.001 0.001 0.001 0.000
0.000 0.000 0.000 0.000 0.000 0.000 0.000 0.000 0.000 0.000 0.000 0.000 0.000 0.000 0.000 0.000 0.000 0.000 0.000 0.000 0.000 0.000 0.000 0.000 0.000 0.000 0.000 0.000 0.000 0.000 0.000 0.000 0.000 0.000 0.000 0.000 0.000 0.000 0.156 0.152 0.144 0.135 0.124 0.115 0.106 0.096 0.085 0.074 0.060 0.043 0.043 0.044 0.046 0.050 0.055 0.061 0.061 0.054 0.048 0.041 0.035 0.030 0.025 0.020 0.017 0.013 0.010 0.008 0.006 0.005 0.004 0.003 0.002 0.002 0.001 0.001 0.001
0.000 0.000 0.000 0.000 0.000 0.000 0.000 0.000 0.000 0.000 0.000 0.000 0.000 0.000 0.000 0.000 0.000 0.000 0.000 0.000 0.000 0.000 0.000 0.000 0.000 0.000 0.000 0.000 0.000 0.000 0.000 0.000 0.000 0.000 0.000 0.000 0.000 0.000 0.000 0.000 0.000 0.000 0.116 0.108 0.099 0.088 0.078 0.067 0.052 0.039 0.038 0.038 0.039 0.042 0.046 0.051 0.058 0.064 0.061 0.054 0.048 0.041 0.035 0.030 0.025 0.021 0.017 0.013 0.011 0.008 0.006 0.005 0.004 0.003 0.003 0.002 0.002
0.000 0.000 0.000 0.000 0.000 0.000 0.000 0.000 0.000 0.000 0.000 0.000 0.000 0.000 0.000 0.000 0.000 0.000 0.000 0.000 0.000 0.000 0.000 0.000 0.000 0.000 0.000 0.000 0.000 0.000 0.000 0.000 0.000 0.000 0.000 0.000 0.000 0.000 0.000 0.000 0.000 0.000 0.000 0.000 0.000 0.079 0.070 0.059 0.043 0.032 0.031 0.031 0.032 0.034 0.037 0.041 0.047 0.053 0.060 0.066 0.060 0.053 0.047 0.041 0.035 0.030 0.025 0.020 0.017 0.013 0.011 0.008 0.007 0.005 0.004 0.004 0.003
0.000 0.000 0.000 0.000 0.000 0.000 0.000 0.000 0.000 0.000 0.000 0.000 0.000 0.000 0.000 0.000 0.000 0.000 0.000 0.000 0.000 0.000 0.000 0.000 0.000 0.000 0.000 0.000 0.000 0.000 0.000 0.000 0.000 0.000 0.000 0.000 0.000 0.000 0.000 0.000 0.000 0.000 0.000 0.000 0.000 0.000 0.000 0.000 0.028 0.023 0.022 0.023 0.024 0.026 0.028 0.032 0.036 0.042 0.048 0.054 0.061 0.066 0.059 0.052 0.046 0.040 0.034 0.029 0.025 0.021 0.017 0.014 0.012 0.010 0.008 0.007 0.006
0.000 0.000 0.000 0.000 0.000 0.000 0.000 0.000 0.000 0.000 0.000 0.000 0.000 0.000 0.000 0.000 0.000 0.000 0.000 0.000 0.000 0.000 0.000 0.000 0.000 0.000 0.000 0.000 0.000 0.000 0.000 0.000 0.000 0.000 0.000 0.000 0.000 0.000 0.000 0.000 0.000 0.000 0.000 0.000 0.000 0.000 0.000 0.000 0.000 0.000 0.010 0.013 0.016 0.018 0.020 0.022 0.027 0.032 0.037 0.043 0.049 0.056 0.063 0.064 0.058 0.051 0.045 0.040 0.035 0.030 0.027 0.024 0.021 0.018 0.016 0.014 0.011
0.000 0.000 0.000 0.000 0.000 0.000 0.000 0.000 0.000 0.000 0.000 0.000 0.000 0.000 0.000 0.000 0.000 0.000 0.000 0.000 0.000 0.000 0.000 0.000 0.000 0.000 0.000 0.000 0.000 0.000 0.000 0.000 0.000 0.000 0.000 0.000 0.000 0.000 0.000 0.000 0.000 0.000 0.000 0.000 0.000 0.000 0.000 0.000 0.000 0.000 0.000 0.000 0.000 0.000 0.008 0.013 0.017 0.023 0.026 0.031 0.037 0.044 0.051 0.058 0.065 0.063 0.057 0.052 0.047 0.044 0.041 0.039 0.036 0.033 0.029 0.026 0.022
0.000 0.000 0.000 0.000 0.000 0.000 0.000 0.000 0.000 0.000 0.000 0.000 0.000 0.000 0.000 0.000 0.000 0.000 0.000 0.000 0.000 0.000 0.000 0.000 0.000 0.000 0.000 0.000 0.000 0.000 0.000 0.000 0.000 0.000 0.000 0.000 0.000 0.000 0.000 0.000 0.000 0.000 0.000 0.000 0.000 0.000 0.000 0.000 0.000 0.000 0.000 0.000 0.000 0.000 0.000 0.000 0.000 0.000 0.014 0.020 0.026 0.032 0.039 0.045 0.052 0.060 0.069 0.067 0.064 0.063 0.061 0.059 0.056 0.053 0.047 0.042 0.036
0.000 0.000 0.000 0.000 0.000 0.000 0.000 0.000 0.000 0.000 0.000 0.000 0.000 0.000 0.000 0.000 0.000 0.000 0.000 0.000 0.000 0.000 0.000 0.000 0.000 0.000 0.000 0.000 0.000 0.000 0.000 0.000 0.000 0.000 0.000 0.000 0.000 0.000 0.000 0.000 0.000 0.000 0.000 0.000 0.000 0.000 0.000 0.000 0.000 0.000 0.000 0.000 0.000 0.000 0.000 0.000 0.000 0.000 0.000 0.009 0.015 0.021 0.027 0.033 0.040 0.048 0.057 0.070 0.084 0.085 0.084 0.083 0.080 0.075 0.067 0.059 0.051
0.000 0.000 0.000 0.000 0.000 0.000 0.000 0.000 0.000 0.000 0.000 0.000 0.000 0.000 0.000 0.000 0.000 0.000 0.000 0.000 0.000 0.000 0.000 0.000 0.000 0.000 0.000 0.000 0.000 0.000 0.000 0.000 0.000 0.000 0.000 0.000 0.000 0.000 0.000 0.000 0.000 0.000 0.000 0.000 0.000 0.000 0.000 0.000 0.000 0.000 0.000 0.000 0.000 0.000 0.000 0.000 0.000 0.000 0.000 0.002 0.006 0.011 0.016 0.022 0.028 0.036 0.046 0.061 0.080 0.100 0.110 0.109 0.106 0.099 0.083 0.074 0.065
0.000 0.000 0.000 0.000 0.000 0.000 0.000 0.000 0.000 0.000 0.000 0.000 0.000 0.000 0.000 0.000 0.000 0.000 0.000 0.000 0.000 0.000 0.000 0.000 0.000 0.000 0.000 0.000 0.000 0.000 0.000 0.000 0.000 0.000 0.000 0.000 0.000 0.000 0.000 0.000 0.000 0.000 0.000 0.000 0.000 0.000 0.000 0.000 0.000 0.000 0.000 0.000 0.000 0.000 0.000 0.000 0.000 0.000 0.000 0.001 0.001 0.003 0.006 0.011 0.017 0.025 0.036 0.054 0.076 0.099 0.000 0.000 0.000 0.000 0.091 0.090 0.075
0.000 0.000 0.000 0.000 0.000 0.000 0.000 0.000 0.000 0.000 0.000 0.000 0.000 0.000 0.000 0.000 0.000 0.000 0.000 0.000 0.000 0.000 0.000 0.000 0.000 0.000 0.000 0.000 0.000 0.000 0.000 0.000 0.000 0.000 0.000 0.000 0.000 0.000 0.000 0.000 0.000 0.000 0.000 0.000 0.000 0.000 0.000 0.000 0.000 0.000 0.000 0.000 0.000 0.000 0.000 0.000 0.000 0.000 0.000 0.001 0.001 0.001 0.001 0.003 0.007 0.015 0.028 0.049 0.073 0.000 0.000 0.000 0.000 0.000 0.000 0.000 0.077
0.000 0.000 0.000 0.000 0.000 0.000 0.000 0.000 0.000 0.000 0.000 0.000 0.000 0.000 0.000 0.000 0.000 0.000 0.000 0.000 0.000 0.000 0.000 0.000 0.000 0.000 0.000 0.000 0.000 0.000 0.000 0.000 0.000 0.000 0.000 0.000 0.000 0.000 0.000 0.000 0.000 0.000 0.000 0.000 0.000 0.000 0.000 0.000 0.000 0.000 0.000 0.000 0.000 0.000 0.000 0.000 0.000 0.000 0.000 0.000 0.001 0.001 0.001 0.001 0.002 0.007 0.022 0.046 0.000 0.000 0.000 0.000 0.000 0.000 0.000 0.000 0.000
0.000 0.000 0.000 0.000 0.000 0.000 0.000 0.000 0.000 0.000 0.000 0.000 0.000 0.000 0.000 0.000 0.000 0.000 0.000 0.000 0.000 0.000 0.000 0.000 0.000 0.000 0.000 0.000 0.000 0.000 0.000 0.000 0.000 0.000 0.000 0.000 0.000 0.000 0.000 0.000 0.000 0.000 0.000 0.000 0.000 0.000 0.000 0.000 0.000 0.000 0.000 0.000 0.000 0.000 0.000 0.000 0.000 0.000 0.000 0.000 0.000 0.000 0.001 0.001 0.001 0.002 0.017 0.042 0.000 0.000 0.000 0.000 0.000 0.000 0.000 0.000 0.000
0.000 0.000 0.000 0.000 0.000 0.000 0.000 0.000 0.000 0.000 0.000 0.000 0.000 0.000 0.000 0.000 0.000 0.000 0.000 0.000 0.000 0.000 0.000 0.000 0.000 0.000 0.000 0.000 0.000 0.000 0.000 0.000 0.000 0.000 0.000 0.000 0.000 0.000 0.000 0.000 0.000 0.000 0.000 0.000 0.000 0.000 0.000 0.000 0.000 0.000 0.000 0.000 0.000 0.000 0.000 0.000 0.000 0.000 0.000 0.000 0.000 0.000 0.000 0.001 0.001 0.001 0.014 0.000 0.000 0.000 0.000 0.000 0.000 0.000 0.000 0.000 0.000
0.000 0.000 0.000 0.000 0.000 0.000 0.000 0.000 0.000 0.000 0.000 0.000 0.000 0.000 0.000 0.000 0.000 0.000 0.000 0.000 0.000 0.000 0.000 0.000 0.000 0.000 0.000 0.000 0.000 0.000 0.000 0.000 0.000 0.000 0.000 0.000 0.000 0.000 0.000 0.000 0.000 0.000 0.000 0.000 0.000 0.000 0.000 0.000 0.000 0.000 0.000 0.000 0.000 0.000 0.000 0.000 0.000 0.000 0.000 0.000 0.000 0.000 0.000 0.000 0.001 0.001 0.026 0.000 0.000 0.000 0.000 0.000 0.000 0.000 0.000 0.000 0.000
0.000 0.000 0.000 0.000 0.000 0.000 0.000 0.000 0.000 0.000 0.000 0.000 0.000 0.000 0.000 0.000 0.000 0.000 0.000 0.000 0.000 0.000 0.000 0.000 0.000 0.000 0.000 0.000 0.000 0.000 0.000 0.000 0.000 0.000 0.000 0.000 0.000 0.000 0.000 0.000 0.000 0.000 0.000 0.000 0.000 0.000 0.000 0.000 0.000 0.000 0.000 0.000 0.000 0.000 0.000 0.000 0.000 0.000 0.000 0.000 0.000 0.000 0.000 0.000 0.001 0.001 0.000 0.000 0.000 0.000 0.000 0.000 0.000 0.000 0.000 0.000 0.000
0.000 0.000 0.000 0.000 0.000 0.000 0.000 0.000 0.000 0.000 0.000 0.000 0.000 0.000 0.000 0.000 0.000 0.000 0.000 0.000 0.000 0.000 0.000 0.000 0.000 0.000 0.000 0.000 0.000 0.000 0.000 0.000 0.000 0.000 0.000 0.000 0.000 0.000 0.000 0.000 0.000 0.000 0.000 0.000 0.000 0.000 0.000 0.000 0.000 0.000 0.000 0.000 0.000 0.000 0.000 0.000 0.000 0.000 0.000 0.000 0.000 0.000 0.000 0.000 0.001 0.002 0.000 0.000 0.000 0.000 0.000 0.000 0.000 0.000 0.000 0.000 0.000
